0,0,812,1,0,300,0.5,1700,0.5,1
0,1,599,1,0,500,0.6,1000,0.2,1400,0.2,1
0,2,658,0,0,300,0.5,1700,0.5,1
0,3,599,1,0,666,0.42,420,0.58,1
0,4,562,2,10,5,0,500,0.6,1000,0.2,1400,0.2,1
0,5,266,1,0,300,0.5,572,0.32,486,0.18,1
0,6,14,1,0,300,0.5,1700,0.5,1
0,7,773,1,0,500,0.6,1000,0.2,1400,0.2,1
0,8,704,0,0,666,0.42,420,0.58,1
0,9,979,1,0,300,0.5,572,0.32,486,0.18,1
0,10,821,1,0,500,0.6,1000,0.2,1400,0.2,1
0,11,420,1,0,666,0.42,420,0.58,1
1,0,533,2,10,5,0,666,0.42,420,0.58,0
1,1,781,2,10,5,0,500,0.6,1000,0.2,1400,0.2,0
1,2,743,2,10,5,0,500,0.6,1000,0.2,1400,0.2,0
1,3,747,2,10,5,0,300,0.5,572,0.32,486,0.18,0
1,4,204,2,10,5,0,666,0.42,420,0.58,0
1,5,689,1,0,300,0.5,572,0.32,486,0.18,0
1,6,919,1,0,666,0.42,420,0.58,0
1,7,256,2,10,5,0,300,0.5,572,0.32,486,0.18,0
1,8,129,2,10,5,0,300,0.5,1700,0.5,0
1,9,479,0,0,300,0.5,1700,0.5,0
1,10,641,0,0,300,0.5,1700,0.5,0
1,11,65,0,0,666,0.42,420,0.58,0
2,0,164,1,0,666,0.42,420,0.58,1
2,1,509,2,10,5,0,666,0.42,420,0.58,1
2,2,291,0,0,666,0.42,420,0.58,1
2,3,176,0,0,300,0.5,572,0.32,486,0.18,1
2,4,430,0,0,666,0.42,420,0.58,1
2,5,940,1,0,666,0.42,420,0.58,1
2,6,113,1,0,666,0.42,420,0.58,1
2,7,531,0,0,300,0.5,1700,0.5,1
2,8,243,0,0,300,0.5,572,0.32,486,0.18,1
2,9,612,1,0,300,0.5,572,0.32,486,0.18,1
2,10,342,2,10,5,0,300,0.5,1700,0.5,1
2,11,886,1,0,300,0.5,572,0.32,486,0.18,1
3,0,407,1,0,300,0.5,572,0.32,486,0.18,1
3,1,239,1,0,300,0.5,572,0.32,486,0.18,1
3,2,208,2,10,5,0,666,0.42,420,0.58,1
3,3,412,0,0,300,0.5,572,0.32,486,0.18,1
3,4,315,2,10,5,0,300,0.5,572,0.32,486,0.18,1
3,5,398,0,0,666,0.42,420,0.58,1
3,6,344,1,0,300,0.5,572,0.32,486,0.18,1
3,7,214,0,0,300,0.5,1700,0.5,1
3,8,557,1,0,666,0.42,420,0.58,1
3,9,531,1,0,500,0.6,1000,0.2,1400,0.2,1
3,10,684,1,0,500,0.6,1000,0.2,1400,0.2,1
3,11,14,1,0,500,0.6,1000,0.2,1400,0.2,1
4,0,375,1,0,300,0.5,572,0.32,486,0.18,1
4,1,850,1,0,300,0.5,572,0.32,486,0.18,1
4,2,666,1,0,300,0.5,1700,0.5,1
4,3,546,1,0,500,0.6,1000,0.2,1400,0.2,1
4,4,799,1,0,300,0.5,572,0.32,486,0.18,1
4,5,160,1,0,666,0.42,420,0.58,1
4,6,404,1,0,300,0.5,1700,0.5,1
4,7,639,1,0,666,0.42,420,0.58,1
4,8,472,1,0,666,0.42,420,0.58,1
4,9,543,0,0,300,0.5,572,0.32,486,0.18,1
4,10,303,2,10,5,0,300,0.5,1700,0.5,1
4,11,958,2,10,5,0,300,0.5,1700,0.5,1
5,0,636,0,0,500,0.6,1000,0.2,1400,0.2,1
5,1,140,0,0,500,0.6,1000,0.2,1400,0.2,1
5,2,66,0,0,300,0.5,1700,0.5,1
5,3,684,1,0,666,0.42,420,0.58,1
5,4,929,2,10,5,0,300,0.5,572,0.32,486,0.18,1
5,5,705,0,0,300,0.5,1700,0.5,1
5,6,974,1,0,300,0.5,1700,0.5,1
5,7,484,1,0,300,0.5,572,0.32,486,0.18,1
5,8,320,0,0,300,0.5,572,0.32,486,0.18,1
5,9,161,0,0,300,0.5,1700,0.5,1
5,10,658,1,0,300,0.5,1700,0.5,1
5,11,505,0,0,666,0.42,420,0.58,1
6,0,411,0,0,300,0.5,1700,0.5,1
6,1,421,1,0,666,0.42,420,0.58,1
6,2,399,1,0,666,0.42,420,0.58,1
6,3,443,2,10,5,0,500,0.6,1000,0.2,1400,0.2,1
6,4,330,2,10,5,0,500,0.6,1000,0.2,1400,0.2,1
6,5,979,2,10,5,0,500,0.6,1000,0.2,1400,0.2,1
6,6,742,2,10,5,0,500,0.6,1000,0.2,1400,0.2,1
6,7,980,2,10,5,0,300,0.5,1700,0.5,1
6,8,108,0,0,300,0.5,1700,0.5,1
6,9,660,0,0,300,0.5,572,0.32,486,0.18,1
6,10,569,0,0,666,0.42,420,0.58,1
6,11,765,1,0,500,0.6,1000,0.2,1400,0.2,1
7,0,395,1,0,666,0.42,420,0.58,1
7,1,561,1,0,300,0.5,1700,0.5,1
7,2,756,1,0,300,0.5,572,0.32,486,0.18,1
7,3,325,0,0,500,0.6,1000,0.2,1400,0.2,1
7,4,843,2,10,5,0,300,0.5,572,0.32,486,0.18,1
7,5,471,2,10,5,0,300,0.5,1700,0.5,1
7,6,661,2,10,5,0,500,0.6,1000,0.2,1400,0.2,1
7,7,78,0,0,300,0.5,572,0.32,486,0.18,1
7,8,818,1,0,300,0.5,572,0.32,486,0.18,1
7,9,422,2,10,5,0,300,0.5,572,0.32,486,0.18,1
7,10,925,0,0,300,0.5,1700,0.5,1
7,11,164,2,10,5,0,300,0.5,1700,0.5,1
8,0,91,2,10,5,0,666,0.42,420,0.58,1
8,1,221,1,0,666,0.42,420,0.58,1
8,2,96,0,0,300,0.5,1700,0.5,1
8,3,656,2,10,5,0,500,0.6,1000,0.2,1400,0.2,1
8,4,788,2,10,5,0,666,0.42,420,0.58,1
8,5,885,2,10,5,0,500,0.6,1000,0.2,1400,0.2,1
8,6,244,2,10,5,0,500,0.6,1000,0.2,1400,0.2,1
8,7,803,0,0,500,0.6,1000,0.2,1400,0.2,1
8,8,717,2,10,5,0,300,0.5,1700,0.5,1
8,9,196,0,0,666,0.42,420,0.58,1
8,10,197,2,10,5,0,666,0.42,420,0.58,1
8,11,307,0,0,300,0.5,1700,0.5,1
9,0,539,2,10,5,0,300,0.5,572,0.32,486,0.18,1
9,1,620,2,10,5,0,300,0.5,1700,0.5,1
9,2,701,1,0,300,0.5,572,0.32,486,0.18,1
9,3,345,1,0,300,0.5,572,0.32,486,0.18,1
9,4,967,2,10,5,0,500,0.6,1000,0.2,1400,0.2,1
9,5,553,2,10,5,0,300,0.5,572,0.32,486,0.18,1
9,6,867,0,0,666,0.42,420,0.58,1
9,7,728,2,10,5,0,500,0.6,1000,0.2,1400,0.2,1
9,8,940,0,0,500,0.6,1000,0.2,1400,0.2,1
9,9,649,0,0,300,0.5,1700,0.5,1
9,10,582,2,10,5,0,300,0.5,1700,0.5,1
9,11,254,1,0,300,0.5,572,0.32,486,0.18,1
10,0,744,2,10,5,0,500,0.6,1000,0.2,1400,0.2,1
10,1,996,1,0,300,0.5,1700,0.5,1
10,2,606,0,0,500,0.6,1000,0.2,1400,0.2,1
10,3,634,0,0,300,0.5,572,0.32,486,0.18,1
10,4,45,0,0,300,0.5,1700,0.5,1
10,5,905,1,0,666,0.42,420,0.58,1
10,6,310,2,10,5,0,300,0.5,572,0.32,486,0.18,1
10,7,809,2,10,5,0,666,0.42,420,0.58,1
10,8,509,2,10,5,0,300,0.5,572,0.32,486,0.18,1
10,9,818,1,0,300,0.5,1700,0.5,1
10,10,132,1,0,300,0.5,1700,0.5,1
10,11,21,0,0,500,0.6,1000,0.2,1400,0.2,1
11,0,276,2,10,5,0,666,0.42,420,0.58,1
11,1,928,0,0,666,0.42,420,0.58,1
11,2,187,2,10,5,0,300,0.5,1700,0.5,1
11,3,269,2,10,5,0,300,0.5,572,0.32,486,0.18,1
11,4,419,2,10,5,0,500,0.6,1000,0.2,1400,0.2,1
11,5,821,1,0,300,0.5,572,0.32,486,0.18,1
11,6,35,0,0,666,0.42,420,0.58,1
11,7,166,2,10,5,0,666,0.42,420,0.58,1
11,8,962,2,10,5,0,300,0.5,572,0.32,486,0.18,1
11,9,735,0,0,300,0.5,572,0.32,486,0.18,1
11,10,459,2,10,5,0,666,0.42,420,0.58,1
11,11,338,2,10,5,0,500,0.6,1000,0.2,1400,0.2,1
