0,0,763,2,10,5,0,300,0.5,572,0.32,486,0.18,1
0,1,465,1,0,500,0.6,1000,0.2,1400,0.2,1
0,2,630,2,10,5,0,500,0.6,1000,0.2,1400,0.2,1
0,3,479,1,0,500,0.6,1000,0.2,1400,0.2,1
0,4,727,0,0,500,0.6,1000,0.2,1400,0.2,1
0,5,108,0,0,300,0.5,572,0.32,486,0.18,1
0,6,584,0,0,500,0.6,1000,0.2,1400,0.2,1
0,7,57,0,0,300,0.5,1700,0.5,1
0,8,759,2,10,5,0,666,0.42,420,0.58,1
0,9,30,0,0,300,0.5,572,0.32,486,0.18,1
0,10,999,0,0,500,0.6,1000,0.2,1400,0.2,1
0,11,622,1,0,666,0.42,420,0.58,1
1,0,172,2,10,5,0,500,0.6,1000,0.2,1400,0.2,0
1,1,145,2,10,5,0,300,0.5,572,0.32,486,0.18,0
1,2,790,0,0,300,0.5,572,0.32,486,0.18,0
1,3,784,1,0,500,0.6,1000,0.2,1400,0.2,0
1,4,866,2,10,5,0,300,0.5,572,0.32,486,0.18,0
1,5,796,0,0,500,0.6,1000,0.2,1400,0.2,0
1,6,903,2,10,5,0,666,0.42,420,0.58,0
1,7,795,1,0,300,0.5,572,0.32,486,0.18,0
1,8,213,0,0,666,0.42,420,0.58,0
1,9,13,2,10,5,0,500,0.6,1000,0.2,1400,0.2,0
1,10,822,0,0,300,0.5,572,0.32,486,0.18,0
1,11,244,2,10,5,0,500,0.6,1000,0.2,1400,0.2,0
2,0,614,2,10,5,0,500,0.6,1000,0.2,1400,0.2,1
2,1,255,2,10,5,0,300,0.5,1700,0.5,1
2,2,931,0,0,300,0.5,572,0.32,486,0.18,1
2,3,669,2,10,5,0,666,0.42,420,0.58,1
2,4,128,2,10,5,0,666,0.42,420,0.58,1
2,5,290,2,10,5,0,666,0.42,420,0.58,1
2,6,386,2,10,5,0,500,0.6,1000,0.2,1400,0.2,1
2,7,187,0,0,500,0.6,1000,0.2,1400,0.2,1
2,8,103,1,0,666,0.42,420,0.58,1
2,9,428,0,0,300,0.5,572,0.32,486,0.18,1
2,10,536,1,0,300,0.5,1700,0.5,1
2,11,365,2,10,5,0,666,0.42,420,0.58,1
3,0,733,1,0,300,0.5,1700,0.5,1
3,1,523,1,0,300,0.5,1700,0.5,1
3,2,688,1,0,300,0.5,1700,0.5,1
3,3,758,1,0,300,0.5,1700,0.5,1
3,4,298,1,0,500,0.6,1000,0.2,1400,0.2,1
3,5,522,1,0,666,0.42,420,0.58,1
3,6,364,2,10,5,0,666,0.42,420,0.58,1
3,7,593,1,0,666,0.42,420,0.58,1
3,8,794,1,0,500,0.6,1000,0.2,1400,0.2,1
3,9,128,2,10,5,0,300,0.5,1700,0.5,1
3,10,874,2,10,5,0,500,0.6,1000,0.2,1400,0.2,1
3,11,385,0,0,300,0.5,1700,0.5,1
4,0,238,0,0,300,0.5,1700,0.5,1
4,1,362,2,10,5,0,500,0.6,1000,0.2,1400,0.2,1
4,2,688,0,0,500,0.6,1000,0.2,1400,0.2,1
4,3,475,2,10,5,0,300,0.5,572,0.32,486,0.18,1
4,4,500,0,0,300,0.5,572,0.32,486,0.18,1
4,5,655,1,0,300,0.5,572,0.32,486,0.18,1
4,6,194,2,10,5,0,300,0.5,1700,0.5,1
4,7,492,2,10,5,0,300,0.5,572,0.32,486,0.18,1
4,8,571,0,0,300,0.5,572,0.32,486,0.18,1
4,9,516,0,0,666,0.42,420,0.58,1
4,10,74,1,0,666,0.42,420,0.58,1
4,11,787,1,0,300,0.5,1700,0.5,1
5,0,937,1,0,300,0.5,1700,0.5,1
5,1,863,0,0,500,0.6,1000,0.2,1400,0.2,1
5,2,620,1,0,300,0.5,1700,0.5,1
5,3,546,2,10,5,0,300,0.5,1700,0.5,1
5,4,812,0,0,666,0.42,420,0.58,1
5,5,569,2,10,5,0,300,0.5,1700,0.5,1
5,6,635,1,0,500,0.6,1000,0.2,1400,0.2,1
5,7,647,2,10,5,0,500,0.6,1000,0.2,1400,0.2,1
5,8,129,2,10,5,0,300,0.5,1700,0.5,1
5,9,174,0,0,300,0.5,1700,0.5,1
5,10,835,0,0,300,0.5,1700,0.5,1
5,11,282,0,0,300,0.5,1700,0.5,1
6,0,842,1,0,500,0.6,1000,0.2,1400,0.2,1
6,1,217,2,10,5,0,666,0.42,420,0.58,1
6,2,254,0,0,300,0.5,572,0.32,486,0.18,1
6,3,933,1,0,300,0.5,572,0.32,486,0.18,1
6,4,113,1,0,300,0.5,572,0.32,486,0.18,1
6,5,140,2,10,5,0,300,0.5,572,0.32,486,0.18,1
6,6,776,2,10,5,0,300,0.5,572,0.32,486,0.18,1
6,7,208,2,10,5,0,300,0.5,1700,0.5,1
6,8,974,2,10,5,0,300,0.5,1700,0.5,1
6,9,142,1,0,300,0.5,572,0.32,486,0.18,1
6,10,240,0,0,500,0.6,1000,0.2,1400,0.2,1
6,11,869,0,0,666,0.42,420,0.58,1
7,0,582,0,0,300,0.5,572,0.32,486,0.18,1
7,1,33,1,0,300,0.5,1700,0.5,1
7,2,353,2,10,5,0,500,0.6,1000,0.2,1400,0.2,1
7,3,56,2,10,5,0,500,0.6,1000,0.2,1400,0.2,1
7,4,966,1,0,300,0.5,1700,0.5,1
7,5,265,0,0,300,0.5,1700,0.5,1
7,6,936,0,0,300,0.5,572,0.32,486,0.18,1
7,7,582,0,0,300,0.5,572,0.32,486,0.18,1
7,8,772,2,10,5,0,500,0.6,1000,0.2,1400,0.2,1
7,9,799,2,10,5,0,666,0.42,420,0.58,1
7,10,42,0,0,300,0.5,1700,0.5,1
7,11,404,0,0,300,0.5,1700,0.5,1
8,0,835,1,0,666,0.42,420,0.58,1
8,1,437,2,10,5,0,300,0.5,1700,0.5,1
8,2,268,2,10,5,0,666,0.42,420,0.58,1
8,3,941,2,10,5,0,500,0.6,1000,0.2,1400,0.2,1
8,4,540,0,0,300,0.5,572,0.32,486,0.18,1
8,5,916,2,10,5,0,300,0.5,572,0.32,486,0.18,1
8,6,141,0,0,666,0.42,420,0.58,1
8,7,642,0,0,666,0.42,420,0.58,1
8,8,201,0,0,666,0.42,420,0.58,1
8,9,484,0,0,500,0.6,1000,0.2,1400,0.2,1
8,10,290,2,10,5,0,300,0.5,1700,0.5,1
8,11,464,1,0,300,0.5,572,0.32,486,0.18,1
9,0,425,2,10,5,0,300,0.5,572,0.32,486,0.18,1
9,1,915,0,0,500,0.6,1000,0.2,1400,0.2,1
9,2,913,2,10,5,0,300,0.5,1700,0.5,1
9,3,932,1,0,666,0.42,420,0.58,1
9,4,330,0,0,300,0.5,572,0.32,486,0.18,1
9,5,31,0,0,300,0.5,1700,0.5,1
9,6,981,2,10,5,0,300,0.5,1700,0.5,1
9,7,891,1,0,666,0.42,420,0.58,1
9,8,521,0,0,300,0.5,572,0.32,486,0.18,1
9,9,852,2,10,5,0,500,0.6,1000,0.2,1400,0.2,1
9,10,683,1,0,300,0.5,572,0.32,486,0.18,1
9,11,377,1,0,300,0.5,572,0.32,486,0.18,1
10,0,84,1,0,666,0.42,420,0.58,1
10,1,702,0,0,500,0.6,1000,0.2,1400,0.2,1
10,2,354,2,10,5,0,666,0.42,420,0.58,1
10,3,86,1,0,500,0.6,1000,0.2,1400,0.2,1
10,4,54,0,0,300,0.5,572,0.32,486,0.18,1
10,5,890,0,0,300,0.5,1700,0.5,1
10,6,595,0,0,500,0.6,1000,0.2,1400,0.2,1
10,7,259,2,10,5,0,300,0.5,572,0.32,486,0.18,1
10,8,102,0,0,300,0.5,1700,0.5,1
10,9,575,0,0,666,0.42,420,0.58,1
10,10,453,0,0,300,0.5,572,0.32,486,0.18,1
10,11,545,2,10,5,0,300,0.5,572,0.32,486,0.18,1
11,0,918,1,0,300,0.5,572,0.32,486,0.18,1
11,1,354,1,0,300,0.5,1700,0.5,1
11,2,853,0,0,500,0.6,1000,0.2,1400,0.2,1
11,3,48,1,0,300,0.5,572,0.32,486,0.18,1
11,4,55,1,0,300,0.5,1700,0.5,1
11,5,796,0,0,666,0.42,420,0.58,1
11,6,649,2,10,5,0,666,0.42,420,0.58,1
11,7,409,2,10,5,0,500,0.6,1000,0.2,1400,0.2,1
11,8,334,2,10,5,0,300,0.5,1700,0.5,1
11,9,894,2,10,5,0,500,0.6,1000,0.2,1400,0.2,1
11,10,720,1,0,500,0.6,1000,0.2,1400,0.2,1
11,11,652,1,0,300,0.5,572,0.32,486,0.18,1
