0,0,521,0,0,500,0.6,1000,0.2,1400,0.2,1
0,1,349,2,10,5,0,300,0.5,1700,0.5,1
0,2,329,0,0,300,0.5,1700,0.5,1
0,3,66,2,10,5,0,666,0.42,420,0.58,1
0,4,173,0,0,300,0.5,572,0.32,486,0.18,1
0,5,220,2,10,5,0,666,0.42,420,0.58,1
0,6,419,0,0,300,0.5,1700,0.5,1
0,7,18,2,10,5,0,666,0.42,420,0.58,1
0,8,95,1,0,300,0.5,1700,0.5,1
0,9,315,2,10,5,0,500,0.6,1000,0.2,1400,0.2,1
0,10,918,0,0,666,0.42,420,0.58,1
0,11,23,0,0,300,0.5,1700,0.5,1
1,0,363,2,10,5,0,666,0.42,420,0.58,0
1,1,199,0,0,666,0.42,420,0.58,0
1,2,845,1,0,500,0.6,1000,0.2,1400,0.2,0
1,3,114,2,10,5,0,500,0.6,1000,0.2,1400,0.2,0
1,4,329,1,0,300,0.5,572,0.32,486,0.18,0
1,5,367,1,0,300,0.5,1700,0.5,0
1,6,839,2,10,5,0,666,0.42,420,0.58,0
1,7,662,1,0,300,0.5,572,0.32,486,0.18,0
1,8,823,0,0,500,0.6,1000,0.2,1400,0.2,0
1,9,464,1,0,300,0.5,1700,0.5,0
1,10,277,0,0,666,0.42,420,0.58,0
1,11,726,1,0,300,0.5,1700,0.5,0
2,0,131,0,0,666,0.42,420,0.58,1
2,1,456,1,0,300,0.5,572,0.32,486,0.18,1
2,2,837,1,0,300,0.5,572,0.32,486,0.18,1
2,3,721,1,0,500,0.6,1000,0.2,1400,0.2,1
2,4,43,2,10,5,0,666,0.42,420,0.58,1
2,5,324,0,0,666,0.42,420,0.58,1
2,6,443,1,0,300,0.5,572,0.32,486,0.18,1
2,7,947,1,0,500,0.6,1000,0.2,1400,0.2,1
2,8,378,2,10,5,0,300,0.5,572,0.32,486,0.18,1
2,9,97,1,0,666,0.42,420,0.58,1
2,10,127,1,0,500,0.6,1000,0.2,1400,0.2,1
2,11,689,0,0,500,0.6,1000,0.2,1400,0.2,1
3,0,381,0,0,300,0.5,1700,0.5,1
3,1,672,0,0,300,0.5,1700,0.5,1
3,2,133,1,0,666,0.42,420,0.58,1
3,3,502,0,0,300,0.5,1700,0.5,1
3,4,733,0,0,500,0.6,1000,0.2,1400,0.2,1
3,5,369,0,0,500,0.6,1000,0.2,1400,0.2,1
3,6,909,0,0,300,0.5,572,0.32,486,0.18,1
3,7,844,0,0,500,0.6,1000,0.2,1400,0.2,1
3,8,986,0,0,300,0.5,572,0.32,486,0.18,1
3,9,906,1,0,666,0.42,420,0.58,1
3,10,880,2,10,5,0,300,0.5,1700,0.5,1
3,11,610,1,0,300,0.5,572,0.32,486,0.18,1
4,0,611,1,0,500,0.6,1000,0.2,1400,0.2,1
4,1,472,1,0,300,0.5,1700,0.5,1
4,2,143,0,0,300,0.5,572,0.32,486,0.18,1
4,3,469,1,0,666,0.42,420,0.58,1
4,4,313,2,10,5,0,500,0.6,1000,0.2,1400,0.2,1
4,5,959,0,0,666,0.42,420,0.58,1
4,6,442,2,10,5,0,300,0.5,572,0.32,486,0.18,1
4,7,224,2,10,5,0,666,0.42,420,0.58,1
4,8,428,2,10,5,0,500,0.6,1000,0.2,1400,0.2,1
4,9,522,2,10,5,0,300,0.5,572,0.32,486,0.18,1
4,10,515,1,0,300,0.5,572,0.32,486,0.18,1
4,11,997,1,0,500,0.6,1000,0.2,1400,0.2,1
5,0,945,0,0,300,0.5,572,0.32,486,0.18,1
5,1,898,2,10,5,0,500,0.6,1000,0.2,1400,0.2,1
5,2,645,2,10,5,0,666,0.42,420,0.58,1
5,3,569,0,0,300,0.5,572,0.32,486,0.18,1
5,4,724,0,0,300,0.5,1700,0.5,1
5,5,390,0,0,666,0.42,420,0.58,1
5,6,401,2,10,5,0,300,0.5,572,0.32,486,0.18,1
5,7,918,2,10,5,0,666,0.42,420,0.58,1
5,8,266,2,10,5,0,300,0.5,1700,0.5,1
5,9,461,2,10,5,0,500,0.6,1000,0.2,1400,0.2,1
5,10,463,0,0,300,0.5,572,0.32,486,0.18,1
5,11,69,0,0,666,0.42,420,0.58,1
6,0,963,2,10,5,0,500,0.6,1000,0.2,1400,0.2,1
6,1,654,2,10,5,0,500,0.6,1000,0.2,1400,0.2,1
6,2,997,2,10,5,0,500,0.6,1000,0.2,1400,0.2,1
6,3,536,1,0,500,0.6,1000,0.2,1400,0.2,1
6,4,904,1,0,500,0.6,1000,0.2,1400,0.2,1
6,5,874,0,0,666,0.42,420,0.58,1
6,6,52,1,0,666,0.42,420,0.58,1
6,7,804,2,10,5,0,666,0.42,420,0.58,1
6,8,430,1,0,300,0.5,572,0.32,486,0.18,1
6,9,74,2,10,5,0,500,0.6,1000,0.2,1400,0.2,1
6,10,139,2,10,5,0,300,0.5,572,0.32,486,0.18,1
6,11,760,0,0,300,0.5,572,0.32,486,0.18,1
7,0,778,2,10,5,0,500,0.6,1000,0.2,1400,0.2,1
7,1,353,2,10,5,0,300,0.5,572,0.32,486,0.18,1
7,2,141,2,10,5,0,300,0.5,1700,0.5,1
7,3,620,1,0,666,0.42,420,0.58,1
7,4,153,2,10,5,0,300,0.5,572,0.32,486,0.18,1
7,5,106,1,0,300,0.5,572,0.32,486,0.18,1
7,6,10,1,0,300,0.5,572,0.32,486,0.18,1
7,7,913,1,0,300,0.5,572,0.32,486,0.18,1
7,8,371,1,0,300,0.5,1700,0.5,1
7,9,416,0,0,666,0.42,420,0.58,1
7,10,816,2,10,5,0,500,0.6,1000,0.2,1400,0.2,1
7,11,632,2,10,5,0,666,0.42,420,0.58,1
8,0,227,1,0,666,0.42,420,0.58,1
8,1,918,1,0,300,0.5,1700,0.5,1
8,2,154,1,0,300,0.5,572,0.32,486,0.18,1
8,3,386,1,0,300,0.5,572,0.32,486,0.18,1
8,4,263,1,0,300,0.5,1700,0.5,1
8,5,504,1,0,500,0.6,1000,0.2,1400,0.2,1
8,6,931,0,0,300,0.5,572,0.32,486,0.18,1
8,7,634,1,0,300,0.5,572,0.32,486,0.18,1
8,8,979,1,0,300,0.5,572,0.32,486,0.18,1
8,9,782,0,0,300,0.5,1700,0.5,1
8,10,261,2,10,5,0,300,0.5,572,0.32,486,0.18,1
8,11,923,1,0,500,0.6,1000,0.2,1400,0.2,1
9,0,377,1,0,300,0.5,1700,0.5,1
9,1,353,0,0,300,0.5,1700,0.5,1
9,2,170,2,10,5,0,666,0.42,420,0.58,1
9,3,970,0,0,300,0.5,572,0.32,486,0.18,1
9,4,559,1,0,300,0.5,572,0.32,486,0.18,1
9,5,750,1,0,500,0.6,1000,0.2,1400,0.2,1
9,6,777,1,0,500,0.6,1000,0.2,1400,0.2,1
9,7,240,2,10,5,0,300,0.5,1700,0.5,1
9,8,508,2,10,5,0,666,0.42,420,0.58,1
9,9,50,2,10,5,0,666,0.42,420,0.58,1
9,10,278,1,0,500,0.6,1000,0.2,1400,0.2,1
9,11,315,1,0,300,0.5,1700,0.5,1
10,0,787,0,0,500,0.6,1000,0.2,1400,0.2,1
10,1,698,1,0,666,0.42,420,0.58,1
10,2,73,0,0,300,0.5,1700,0.5,1
10,3,597,2,10,5,0,500,0.6,1000,0.2,1400,0.2,1
10,4,831,1,0,300,0.5,572,0.32,486,0.18,1
10,5,811,0,0,300,0.5,1700,0.5,1
10,6,435,2,10,5,0,300,0.5,1700,0.5,1
10,7,611,1,0,300,0.5,1700,0.5,1
10,8,815,0,0,666,0.42,420,0.58,1
10,9,259,2,10,5,0,500,0.6,1000,0.2,1400,0.2,1
10,10,788,2,10,5,0,666,0.42,420,0.58,1
10,11,875,1,0,666,0.42,420,0.58,1
11,0,188,2,10,5,0,666,0.42,420,0.58,1
11,1,926,1,0,666,0.42,420,0.58,1
11,2,834,2,10,5,0,300,0.5,1700,0.5,1
11,3,808,2,10,5,0,500,0.6,1000,0.2,1400,0.2,1
11,4,213,0,0,666,0.42,420,0.58,1
11,5,518,0,0,666,0.42,420,0.58,1
11,6,249,1,0,666,0.42,420,0.58,1
11,7,75,0,0,300,0.5,572,0.32,486,0.18,1
11,8,869,0,0,500,0.6,1000,0.2,1400,0.2,1
11,9,577,2,10,5,0,300,0.5,572,0.32,486,0.18,1
11,10,206,1,0,300,0.5,1700,0.5,1
11,11,240,0,0,300,0.5,572,0.32,486,0.18,1
