0,0,297,1,0,500,0.6,1000,0.2,1400,0.2,1
0,1,216,1,0,500,0.6,1000,0.2,1400,0.2,1
0,2,693,0,0,300,0.5,1700,0.5,1
0,3,847,1,0,500,0.6,1000,0.2,1400,0.2,1
0,4,29,1,0,500,0.6,1000,0.2,1400,0.2,1
0,5,601,1,0,300,0.5,1700,0.5,1
0,6,528,2,10,5,0,300,0.5,572,0.32,486,0.18,1
0,7,536,1,0,666,0.42,420,0.58,1
0,8,722,1,0,300,0.5,572,0.32,486,0.18,1
0,9,325,2,10,5,0,500,0.6,1000,0.2,1400,0.2,1
0,10,566,0,0,300,0.5,1700,0.5,1
0,11,956,1,0,300,0.5,1700,0.5,1
1,0,951,0,0,666,0.42,420,0.58,0
1,1,734,2,10,5,0,300,0.5,1700,0.5,0
1,2,29,0,0,500,0.6,1000,0.2,1400,0.2,0
1,3,57,0,0,300,0.5,572,0.32,486,0.18,0
1,4,35,1,0,300,0.5,572,0.32,486,0.18,0
1,5,893,0,0,500,0.6,1000,0.2,1400,0.2,0
1,6,502,0,0,500,0.6,1000,0.2,1400,0.2,0
1,7,629,0,0,666,0.42,420,0.58,0
1,8,594,2,10,5,0,300,0.5,572,0.32,486,0.18,0
1,9,571,1,0,666,0.42,420,0.58,0
1,10,328,2,10,5,0,666,0.42,420,0.58,0
1,11,142,1,0,300,0.5,1700,0.5,0
2,0,898,1,0,666,0.42,420,0.58,1
2,1,240,0,0,300,0.5,1700,0.5,1
2,2,847,2,10,5,0,666,0.42,420,0.58,1
2,3,851,0,0,666,0.42,420,0.58,1
2,4,133,1,0,500,0.6,1000,0.2,1400,0.2,1
2,5,124,0,0,300,0.5,572,0.32,486,0.18,1
2,6,912,0,0,300,0.5,1700,0.5,1
2,7,448,2,10,5,0,300,0.5,1700,0.5,1
2,8,254,0,0,300,0.5,1700,0.5,1
2,9,851,0,0,500,0.6,1000,0.2,1400,0.2,1
2,10,890,1,0,300,0.5,1700,0.5,1
2,11,938,1,0,300,0.5,572,0.32,486,0.18,1
3,0,791,2,10,5,0,300,0.5,572,0.32,486,0.18,1
3,1,187,1,0,500,0.6,1000,0.2,1400,0.2,1
3,2,181,0,0,500,0.6,1000,0.2,1400,0.2,1
3,3,360,2,10,5,0,300,0.5,1700,0.5,1
3,4,259,0,0,300,0.5,572,0.32,486,0.18,1
3,5,592,0,0,666,0.42,420,0.58,1
3,6,828,1,0,300,0.5,1700,0.5,1
3,7,378,1,0,666,0.42,420,0.58,1
3,8,419,0,0,666,0.42,420,0.58,1
3,9,13,1,0,300,0.5,1700,0.5,1
3,10,355,2,10,5,0,666,0.42,420,0.58,1
3,11,67,2,10,5,0,300,0.5,572,0.32,486,0.18,1
4,0,744,1,0,666,0.42,420,0.58,1
4,1,765,0,0,500,0.6,1000,0.2,1400,0.2,1
4,2,655,2,10,5,0,300,0.5,572,0.32,486,0.18,1
4,3,488,0,0,300,0.5,572,0.32,486,0.18,1
4,4,545,1,0,666,0.42,420,0.58,1
4,5,371,1,0,666,0.42,420,0.58,1
4,6,854,1,0,300,0.5,1700,0.5,1
4,7,646,2,10,5,0,666,0.42,420,0.58,1
4,8,658,2,10,5,0,500,0.6,1000,0.2,1400,0.2,1
4,9,328,1,0,666,0.42,420,0.58,1
4,10,927,0,0,666,0.42,420,0.58,1
4,11,983,0,0,300,0.5,572,0.32,486,0.18,1
5,0,818,0,0,300,0.5,1700,0.5,1
5,1,350,0,0,500,0.6,1000,0.2,1400,0.2,1
5,2,290,0,0,300,0.5,1700,0.5,1
5,3,238,0,0,666,0.42,420,0.58,1
5,4,709,2,10,5,0,500,0.6,1000,0.2,1400,0.2,1
5,5,811,1,0,300,0.5,1700,0.5,1
5,6,462,0,0,300,0.5,572,0.32,486,0.18,1
5,7,879,0,0,666,0.42,420,0.58,1
5,8,216,1,0,666,0.42,420,0.58,1
5,9,828,1,0,666,0.42,420,0.58,1
5,10,488,1,0,300,0.5,1700,0.5,1
5,11,402,0,0,300,0.5,572,0.32,486,0.18,1
6,0,913,0,0,500,0.6,1000,0.2,1400,0.2,1
6,1,580,1,0,666,0.42,420,0.58,1
6,2,806,0,0,500,0.6,1000,0.2,1400,0.2,1
6,3,408,0,0,300,0.5,1700,0.5,1
6,4,912,1,0,500,0.6,1000,0.2,1400,0.2,1
6,5,451,1,0,300,0.5,572,0.32,486,0.18,1
6,6,204,1,0,300,0.5,1700,0.5,1
6,7,903,1,0,300,0.5,1700,0.5,1
6,8,152,0,0,300,0.5,1700,0.5,1
6,9,213,2,10,5,0,300,0.5,572,0.32,486,0.18,1
6,10,840,2,10,5,0,300,0.5,1700,0.5,1
6,11,538,1,0,300,0.5,1700,0.5,1
7,0,650,0,0,300,0.5,572,0.32,486,0.18,1
7,1,237,2,10,5,0,500,0.6,1000,0.2,1400,0.2,1
7,2,906,2,10,5,0,500,0.6,1000,0.2,1400,0.2,1
7,3,511,2,10,5,0,500,0.6,1000,0.2,1400,0.2,1
7,4,223,2,10,5,0,500,0.6,1000,0.2,1400,0.2,1
7,5,661,2,10,5,0,666,0.42,420,0.58,1
7,6,818,2,10,5,0,666,0.42,420,0.58,1
7,7,739,0,0,666,0.42,420,0.58,1
7,8,519,0,0,300,0.5,1700,0.5,1
7,9,291,1,0,500,0.6,1000,0.2,1400,0.2,1
7,10,328,0,0,300,0.5,1700,0.5,1
7,11,809,1,0,666,0.42,420,0.58,1
8,0,258,0,0,300,0.5,1700,0.5,1
8,1,503,0,0,300,0.5,1700,0.5,1
8,2,320,2,10,5,0,666,0.42,420,0.58,1
8,3,530,2,10,5,0,300,0.5,1700,0.5,1
8,4,671,2,10,5,0,300,0.5,572,0.32,486,0.18,1
8,5,802,1,0,500,0.6,1000,0.2,1400,0.2,1
8,6,717,1,0,300,0.5,1700,0.5,1
8,7,543,2,10,5,0,300,0.5,572,0.32,486,0.18,1
8,8,140,1,0,300,0.5,572,0.32,486,0.18,1
8,9,327,1,0,666,0.42,420,0.58,1
8,10,754,0,0,300,0.5,1700,0.5,1
8,11,721,0,0,666,0.42,420,0.58,1
9,0,324,0,0,300,0.5,1700,0.5,1
9,1,131,2,10,5,0,500,0.6,1000,0.2,1400,0.2,1
9,2,125,1,0,300,0.5,1700,0.5,1
9,3,806,1,0,300,0.5,572,0.32,486,0.18,1
9,4,261,2,10,5,0,500,0.6,1000,0.2,1400,0.2,1
9,5,176,1,0,666,0.42,420,0.58,1
9,6,315,1,0,500,0.6,1000,0.2,1400,0.2,1
9,7,24,0,0,500,0.6,1000,0.2,1400,0.2,1
9,8,842,2,10,5,0,500,0.6,1000,0.2,1400,0.2,1
9,9,376,1,0,300,0.5,1700,0.5,1
9,10,885,1,0,300,0.5,572,0.32,486,0.18,1
9,11,716,0,0,300,0.5,1700,0.5,1
10,0,846,0,0,300,0.5,572,0.32,486,0.18,1
10,1,490,2,10,5,0,500,0.6,1000,0.2,1400,0.2,1
10,2,885,1,0,300,0.5,1700,0.5,1
10,3,506,0,0,300,0.5,572,0.32,486,0.18,1
10,4,785,1,0,300,0.5,572,0.32,486,0.18,1
10,5,193,0,0,500,0.6,1000,0.2,1400,0.2,1
10,6,426,0,0,300,0.5,572,0.32,486,0.18,1
10,7,864,0,0,500,0.6,1000,0.2,1400,0.2,1
10,8,973,1,0,300,0.5,1700,0.5,1
10,9,601,1,0,666,0.42,420,0.58,1
10,10,483,2,10,5,0,300,0.5,572,0.32,486,0.18,1
10,11,96,2,10,5,0,666,0.42,420,0.58,1
11,0,237,2,10,5,0,500,0.6,1000,0.2,1400,0.2,1
11,1,308,2,10,5,0,500,0.6,1000,0.2,1400,0.2,1
11,2,466,1,0,666,0.42,420,0.58,1
11,3,671,1,0,300,0.5,572,0.32,486,0.18,1
11,4,702,2,10,5,0,300,0.5,1700,0.5,1
11,5,988,0,0,666,0.42,420,0.58,1
11,6,711,0,0,300,0.5,1700,0.5,1
11,7,763,1,0,300,0.5,572,0.32,486,0.18,1
11,8,457,1,0,500,0.6,1000,0.2,1400,0.2,1
11,9,300,2,10,5,0,300,0.5,572,0.32,486,0.18,1
11,10,990,1,0,300,0.5,572,0.32,486,0.18,1
11,11,588,0,0,500,0.6,1000,0.2,1400,0.2,1
