0,0,78,1,0,300,0.5,1700,0.5,1
0,1,36,0,0,500,0.6,1000,0.2,1400,0.2,1
0,2,127,1,0,300,0.5,1700,0.5,1
0,3,123,2,10,5,0,300,0.5,1700,0.5,1
0,4,981,0,0,666,0.42,420,0.58,1
0,5,179,2,10,5,0,666,0.42,420,0.58,1
0,6,636,1,0,300,0.5,572,0.32,486,0.18,1
0,7,958,2,10,5,0,666,0.42,420,0.58,1
0,8,441,2,10,5,0,300,0.5,572,0.32,486,0.18,1
0,9,68,1,0,500,0.6,1000,0.2,1400,0.2,1
0,10,68,2,10,5,0,300,0.5,1700,0.5,1
0,11,649,0,0,300,0.5,572,0.32,486,0.18,1
1,0,342,2,10,5,0,300,0.5,572,0.32,486,0.18,0
1,1,148,1,0,666,0.42,420,0.58,0
1,2,573,1,0,300,0.5,1700,0.5,0
1,3,186,1,0,300,0.5,1700,0.5,0
1,4,493,1,0,666,0.42,420,0.58,0
1,5,203,0,0,300,0.5,572,0.32,486,0.18,0
1,6,20,1,0,500,0.6,1000,0.2,1400,0.2,0
1,7,925,0,0,300,0.5,572,0.32,486,0.18,0
1,8,406,2,10,5,0,666,0.42,420,0.58,0
1,9,337,0,0,500,0.6,1000,0.2,1400,0.2,0
1,10,375,2,10,5,0,300,0.5,1700,0.5,0
1,11,221,0,0,666,0.42,420,0.58,0
2,0,382,2,10,5,0,300,0.5,1700,0.5,1
2,1,140,2,10,5,0,300,0.5,1700,0.5,1
2,2,904,2,10,5,0,300,0.5,1700,0.5,1
2,3,903,2,10,5,0,300,0.5,1700,0.5,1
2,4,82,1,0,300,0.5,1700,0.5,1
2,5,133,2,10,5,0,300,0.5,1700,0.5,1
2,6,143,0,0,300,0.5,1700,0.5,1
2,7,92,2,10,5,0,300,0.5,572,0.32,486,0.18,1
2,8,893,0,0,300,0.5,572,0.32,486,0.18,1
2,9,745,0,0,666,0.42,420,0.58,1
2,10,917,2,10,5,0,300,0.5,1700,0.5,1
2,11,268,2,10,5,0,300,0.5,572,0.32,486,0.18,1
3,0,919,0,0,300,0.5,572,0.32,486,0.18,1
3,1,539,2,10,5,0,500,0.6,1000,0.2,1400,0.2,1
3,2,472,1,0,300,0.5,1700,0.5,1
3,3,94,0,0,666,0.42,420,0.58,1
3,4,531,1,0,666,0.42,420,0.58,1
3,5,851,2,10,5,0,666,0.42,420,0.58,1
3,6,487,2,10,5,0,666,0.42,420,0.58,1
3,7,501,2,10,5,0,300,0.5,572,0.32,486,0.18,1
3,8,85,1,0,300,0.5,1700,0.5,1
3,9,629,2,10,5,0,500,0.6,1000,0.2,1400,0.2,1
3,10,568,1,0,500,0.6,1000,0.2,1400,0.2,1
3,11,254,2,10,5,0,500,0.6,1000,0.2,1400,0.2,1
4,0,279,1,0,666,0.42,420,0.58,1
4,1,134,2,10,5,0,500,0.6,1000,0.2,1400,0.2,1
4,2,453,2,10,5,0,300,0.5,1700,0.5,1
4,3,567,2,10,5,0,300,0.5,1700,0.5,1
4,4,20,2,10,5,0,500,0.6,1000,0.2,1400,0.2,1
4,5,860,1,0,500,0.6,1000,0.2,1400,0.2,1
4,6,344,2,10,5,0,666,0.42,420,0.58,1
4,7,125,2,10,5,0,300,0.5,1700,0.5,1
4,8,70,1,0,300,0.5,1700,0.5,1
4,9,371,1,0,666,0.42,420,0.58,1
4,10,590,2,10,5,0,500,0.6,1000,0.2,1400,0.2,1
4,11,986,1,0,500,0.6,1000,0.2,1400,0.2,1
5,0,858,2,10,5,0,300,0.5,1700,0.5,1
5,1,722,1,0,500,0.6,1000,0.2,1400,0.2,1
5,2,308,0,0,300,0.5,1700,0.5,1
5,3,804,1,0,300,0.5,572,0.32,486,0.18,1
5,4,108,1,0,300,0.5,1700,0.5,1
5,5,597,2,10,5,0,666,0.42,420,0.58,1
5,6,556,1,0,300,0.5,572,0.32,486,0.18,1
5,7,700,0,0,666,0.42,420,0.58,1
5,8,860,2,10,5,0,666,0.42,420,0.58,1
5,9,703,2,10,5,0,666,0.42,420,0.58,1
5,10,714,1,0,300,0.5,572,0.32,486,0.18,1
5,11,244,2,10,5,0,300,0.5,1700,0.5,1
6,0,68,1,0,500,0.6,1000,0.2,1400,0.2,1
6,1,316,2,10,5,0,500,0.6,1000,0.2,1400,0.2,1
6,2,783,1,0,300,0.5,1700,0.5,1
6,3,163,1,0,666,0.42,420,0.58,1
6,4,307,0,0,666,0.42,420,0.58,1
6,5,870,2,10,5,0,500,0.6,1000,0.2,1400,0.2,1
6,6,534,1,0,300,0.5,1700,0.5,1
6,7,166,2,10,5,0,666,0.42,420,0.58,1
6,8,397,2,10,5,0,300,0.5,1700,0.5,1
6,9,924,2,10,5,0,300,0.5,1700,0.5,1
6,10,436,1,0,666,0.42,420,0.58,1
6,11,298,0,0,300,0.5,572,0.32,486,0.18,1
7,0,44,1,0,500,0.6,1000,0.2,1400,0.2,1
7,1,127,0,0,300,0.5,572,0.32,486,0.18,1
7,2,264,0,0,500,0.6,1000,0.2,1400,0.2,1
7,3,126,1,0,300,0.5,1700,0.5,1
7,4,729,1,0,500,0.6,1000,0.2,1400,0.2,1
7,5,442,1,0,500,0.6,1000,0.2,1400,0.2,1
7,6,121,0,0,300,0.5,1700,0.5,1
7,7,79,2,10,5,0,500,0.6,1000,0.2,1400,0.2,1
7,8,184,2,10,5,0,500,0.6,1000,0.2,1400,0.2,1
7,9,577,2,10,5,0,300,0.5,1700,0.5,1
7,10,280,2,10,5,0,300,0.5,1700,0.5,1
7,11,776,2,10,5,0,666,0.42,420,0.58,1
8,0,687,2,10,5,0,300,0.5,572,0.32,486,0.18,1
8,1,151,2,10,5,0,300,0.5,1700,0.5,1
8,2,227,0,0,300,0.5,1700,0.5,1
8,3,174,1,0,300,0.5,572,0.32,486,0.18,1
8,4,841,1,0,300,0.5,572,0.32,486,0.18,1
8,5,772,2,10,5,0,500,0.6,1000,0.2,1400,0.2,1
8,6,569,1,0,300,0.5,1700,0.5,1
8,7,149,2,10,5,0,300,0.5,572,0.32,486,0.18,1
8,8,631,1,0,500,0.6,1000,0.2,1400,0.2,1
8,9,163,1,0,300,0.5,1700,0.5,1
8,10,348,1,0,666,0.42,420,0.58,1
8,11,694,2,10,5,0,666,0.42,420,0.58,1
9,0,382,0,0,300,0.5,1700,0.5,1
9,1,272,2,10,5,0,300,0.5,1700,0.5,1
9,2,410,2,10,5,0,500,0.6,1000,0.2,1400,0.2,1
9,3,922,1,0,300,0.5,1700,0.5,1
9,4,669,0,0,300,0.5,1700,0.5,1
9,5,955,0,0,666,0.42,420,0.58,1
9,6,762,0,0,300,0.5,1700,0.5,1
9,7,48,1,0,500,0.6,1000,0.2,1400,0.2,1
9,8,297,2,10,5,0,500,0.6,1000,0.2,1400,0.2,1
9,9,494,1,0,666,0.42,420,0.58,1
9,10,103,2,10,5,0,666,0.42,420,0.58,1
9,11,836,2,10,5,0,300,0.5,1700,0.5,1
10,0,974,1,0,300,0.5,572,0.32,486,0.18,1
10,1,199,2,10,5,0,500,0.6,1000,0.2,1400,0.2,1
10,2,302,0,0,666,0.42,420,0.58,1
10,3,801,2,10,5,0,666,0.42,420,0.58,1
10,4,923,2,10,5,0,666,0.42,420,0.58,1
10,5,729,1,0,500,0.6,1000,0.2,1400,0.2,1
10,6,686,2,10,5,0,500,0.6,1000,0.2,1400,0.2,1
10,7,856,1,0,300,0.5,1700,0.5,1
10,8,685,2,10,5,0,500,0.6,1000,0.2,1400,0.2,1
10,9,566,2,10,5,0,300,0.5,572,0.32,486,0.18,1
10,10,524,0,0,300,0.5,572,0.32,486,0.18,1
10,11,643,1,0,300,0.5,1700,0.5,1
11,0,598,0,0,300,0.5,1700,0.5,1
11,1,855,1,0,300,0.5,1700,0.5,1
11,2,360,1,0,300,0.5,572,0.32,486,0.18,1
11,3,191,1,0,300,0.5,572,0.32,486,0.18,1
11,4,585,1,0,300,0.5,572,0.32,486,0.18,1
11,5,836,1,0,666,0.42,420,0.58,1
11,6,866,0,0,500,0.6,1000,0.2,1400,0.2,1
11,7,48,0,0,666,0.42,420,0.58,1
11,8,374,0,0,666,0.42,420,0.58,1
11,9,994,1,0,666,0.42,420,0.58,1
11,10,269,1,0,300,0.5,572,0.32,486,0.18,1
11,11,983,0,0,300,0.5,572,0.32,486,0.18,1
