0,0,144,0,0,300,0.5,572,0.32,486,0.18,1
0,1,410,1,0,300,0.5,1700,0.5,1
0,2,824,2,10,5,0,666,0.42,420,0.58,1
0,3,454,1,0,666,0.42,420,0.58,1
0,4,163,2,10,5,0,300,0.5,1700,0.5,1
0,5,579,0,0,300,0.5,572,0.32,486,0.18,1
0,6,178,2,10,5,0,300,0.5,1700,0.5,1
0,7,766,2,10,5,0,666,0.42,420,0.58,1
0,8,686,1,0,300,0.5,572,0.32,486,0.18,1
0,9,527,1,0,300,0.5,572,0.32,486,0.18,1
0,10,613,1,0,300,0.5,572,0.32,486,0.18,1
0,11,919,2,10,5,0,300,0.5,1700,0.5,1
1,0,792,1,0,500,0.6,1000,0.2,1400,0.2,0
1,1,111,0,0,666,0.42,420,0.58,0
1,2,247,2,10,5,0,300,0.5,1700,0.5,0
1,3,850,1,0,666,0.42,420,0.58,0
1,4,579,2,10,5,0,300,0.5,1700,0.5,0
1,5,107,1,0,300,0.5,1700,0.5,0
1,6,291,0,0,500,0.6,1000,0.2,1400,0.2,0
1,7,899,0,0,666,0.42,420,0.58,0
1,8,501,2,10,5,0,300,0.5,1700,0.5,0
1,9,374,1,0,300,0.5,572,0.32,486,0.18,0
1,10,347,0,0,300,0.5,1700,0.5,0
1,11,360,2,10,5,0,500,0.6,1000,0.2,1400,0.2,0
2,0,56,2,10,5,0,300,0.5,1700,0.5,1
2,1,147,0,0,300,0.5,572,0.32,486,0.18,1
2,2,190,0,0,300,0.5,572,0.32,486,0.18,1
2,3,722,2,10,5,0,300,0.5,572,0.32,486,0.18,1
2,4,79,2,10,5,0,300,0.5,572,0.32,486,0.18,1
2,5,372,1,0,500,0.6,1000,0.2,1400,0.2,1
2,6,833,1,0,500,0.6,1000,0.2,1400,0.2,1
2,7,983,0,0,300,0.5,1700,0.5,1
2,8,652,0,0,300,0.5,572,0.32,486,0.18,1
2,9,138,1,0,300,0.5,572,0.32,486,0.18,1
2,10,888,1,0,500,0.6,1000,0.2,1400,0.2,1
2,11,616,2,10,5,0,666,0.42,420,0.58,1
3,0,480,1,0,500,0.6,1000,0.2,1400,0.2,1
3,1,475,2,10,5,0,666,0.42,420,0.58,1
3,2,358,1,0,300,0.5,572,0.32,486,0.18,1
3,3,55,0,0,300,0.5,572,0.32,486,0.18,1
3,4,160,1,0,300,0.5,572,0.32,486,0.18,1
3,5,832,2,10,5,0,666,0.42,420,0.58,1
3,6,166,1,0,666,0.42,420,0.58,1
3,7,339,1,0,500,0.6,1000,0.2,1400,0.2,1
3,8,756,0,0,300,0.5,572,0.32,486,0.18,1
3,9,510,0,0,300,0.5,1700,0.5,1
3,10,386,0,0,300,0.5,572,0.32,486,0.18,1
3,11,428,2,10,5,0,300,0.5,572,0.32,486,0.18,1
4,0,377,2,10,5,0,666,0.42,420,0.58,1
4,1,829,1,0,300,0.5,1700,0.5,1
4,2,747,0,0,500,0.6,1000,0.2,1400,0.2,1
4,3,349,0,0,500,0.6,1000,0.2,1400,0.2,1
4,4,850,0,0,666,0.42,420,0.58,1
4,5,93,0,0,666,0.42,420,0.58,1
4,6,164,1,0,300,0.5,1700,0.5,1
4,7,874,0,0,300,0.5,1700,0.5,1
4,8,449,1,0,666,0.42,420,0.58,1
4,9,846,0,0,500,0.6,1000,0.2,1400,0.2,1
4,10,69,0,0,500,0.6,1000,0.2,1400,0.2,1
4,11,715,1,0,666,0.42,420,0.58,1
5,0,186,1,0,300,0.5,572,0.32,486,0.18,1
5,1,535,2,10,5,0,500,0.6,1000,0.2,1400,0.2,1
5,2,891,0,0,666,0.42,420,0.58,1
5,3,640,2,10,5,0,500,0.6,1000,0.2,1400,0.2,1
5,4,325,1,0,500,0.6,1000,0.2,1400,0.2,1
5,5,501,1,0,500,0.6,1000,0.2,1400,0.2,1
5,6,439,2,10,5,0,300,0.5,572,0.32,486,0.18,1
5,7,892,0,0,300,0.5,1700,0.5,1
5,8,51,1,0,300,0.5,572,0.32,486,0.18,1
5,9,512,2,10,5,0,300,0.5,572,0.32,486,0.18,1
5,10,297,1,0,300,0.5,572,0.32,486,0.18,1
5,11,257,2,10,5,0,500,0.6,1000,0.2,1400,0.2,1
6,0,26,1,0,500,0.6,1000,0.2,1400,0.2,1
6,1,687,1,0,300,0.5,1700,0.5,1
6,2,87,0,0,300,0.5,1700,0.5,1
6,3,878,2,10,5,0,300,0.5,572,0.32,486,0.18,1
6,4,347,2,10,5,0,300,0.5,1700,0.5,1
6,5,271,1,0,500,0.6,1000,0.2,1400,0.2,1
6,6,898,1,0,500,0.6,1000,0.2,1400,0.2,1
6,7,652,1,0,300,0.5,1700,0.5,1
6,8,820,0,0,300,0.5,1700,0.5,1
6,9,204,1,0,500,0.6,1000,0.2,1400,0.2,1
6,10,672,1,0,300,0.5,1700,0.5,1
6,11,141,0,0,500,0.6,1000,0.2,1400,0.2,1
7,0,674,1,0,300,0.5,572,0.32,486,0.18,1
7,1,819,2,10,5,0,500,0.6,1000,0.2,1400,0.2,1
7,2,786,1,0,300,0.5,1700,0.5,1
7,3,300,1,0,300,0.5,1700,0.5,1
7,4,615,2,10,5,0,300,0.5,572,0.32,486,0.18,1
7,5,824,1,0,666,0.42,420,0.58,1
7,6,475,2,10,5,0,500,0.6,1000,0.2,1400,0.2,1
7,7,446,1,0,500,0.6,1000,0.2,1400,0.2,1
7,8,679,2,10,5,0,300,0.5,572,0.32,486,0.18,1
7,9,70,1,0,300,0.5,572,0.32,486,0.18,1
7,10,579,1,0,666,0.42,420,0.58,1
7,11,508,1,0,300,0.5,1700,0.5,1
8,0,643,1,0,300,0.5,1700,0.5,1
8,1,545,0,0,300,0.5,1700,0.5,1
8,2,260,2,10,5,0,500,0.6,1000,0.2,1400,0.2,1
8,3,654,1,0,300,0.5,1700,0.5,1
8,4,796,2,10,5,0,300,0.5,572,0.32,486,0.18,1
8,5,561,1,0,300,0.5,572,0.32,486,0.18,1
8,6,968,1,0,300,0.5,1700,0.5,1
8,7,427,2,10,5,0,666,0.42,420,0.58,1
8,8,295,1,0,500,0.6,1000,0.2,1400,0.2,1
8,9,373,0,0,500,0.6,1000,0.2,1400,0.2,1
8,10,142,0,0,500,0.6,1000,0.2,1400,0.2,1
8,11,179,1,0,666,0.42,420,0.58,1
9,0,170,1,0,300,0.5,1700,0.5,1
9,1,503,0,0,666,0.42,420,0.58,1
9,2,282,0,0,500,0.6,1000,0.2,1400,0.2,1
9,3,597,2,10,5,0,300,0.5,1700,0.5,1
9,4,171,1,0,666,0.42,420,0.58,1
9,5,692,1,0,666,0.42,420,0.58,1
9,6,89,2,10,5,0,300,0.5,1700,0.5,1
9,7,235,2,10,5,0,500,0.6,1000,0.2,1400,0.2,1
9,8,116,0,0,500,0.6,1000,0.2,1400,0.2,1
9,9,579,1,0,500,0.6,1000,0.2,1400,0.2,1
9,10,941,2,10,5,0,666,0.42,420,0.58,1
9,11,542,2,10,5,0,666,0.42,420,0.58,1
10,0,254,1,0,300,0.5,572,0.32,486,0.18,1
10,1,757,0,0,500,0.6,1000,0.2,1400,0.2,1
10,2,989,0,0,666,0.42,420,0.58,1
10,3,479,1,0,500,0.6,1000,0.2,1400,0.2,1
10,4,657,1,0,300,0.5,572,0.32,486,0.18,1
10,5,965,2,10,5,0,300,0.5,1700,0.5,1
10,6,671,2,10,5,0,666,0.42,420,0.58,1
10,7,265,2,10,5,0,300,0.5,572,0.32,486,0.18,1
10,8,799,2,10,5,0,300,0.5,572,0.32,486,0.18,1
10,9,995,1,0,300,0.5,572,0.32,486,0.18,1
10,10,558,0,0,300,0.5,1700,0.5,1
10,11,633,1,0,300,0.5,572,0.32,486,0.18,1
11,0,945,0,0,500,0.6,1000,0.2,1400,0.2,1
11,1,439,2,10,5,0,666,0.42,420,0.58,1
11,2,895,2,10,5,0,500,0.6,1000,0.2,1400,0.2,1
11,3,710,0,0,500,0.6,1000,0.2,1400,0.2,1
11,4,85,1,0,500,0.6,1000,0.2,1400,0.2,1
11,5,262,2,10,5,0,300,0.5,1700,0.5,1
11,6,492,2,10,5,0,300,0.5,1700,0.5,1
11,7,315,0,0,666,0.42,420,0.58,1
11,8,616,1,0,300,0.5,572,0.32,486,0.18,1
11,9,820,2,10,5,0,300,0.5,572,0.32,486,0.18,1
11,10,862,1,0,666,0.42,420,0.58,1
11,11,677,0,0,300,0.5,572,0.32,486,0.18,1
