0,0,178,2,10,5,0,666,0.42,420,0.58,1
0,1,799,0,0,300,0.5,1700,0.5,1
0,2,499,2,10,5,0,300,0.5,572,0.32,486,0.18,1
0,3,750,1,0,300,0.5,572,0.32,486,0.18,1
0,4,422,2,10,5,0,500,0.6,1000,0.2,1400,0.2,1
0,5,479,0,0,500,0.6,1000,0.2,1400,0.2,1
0,6,527,1,0,300,0.5,1700,0.5,1
0,7,823,0,0,300,0.5,572,0.32,486,0.18,1
0,8,30,0,0,300,0.5,1700,0.5,1
0,9,934,1,0,300,0.5,572,0.32,486,0.18,1
0,10,746,2,10,5,0,666,0.42,420,0.58,1
0,11,366,0,0,300,0.5,1700,0.5,1
1,0,468,0,0,300,0.5,572,0.32,486,0.18,0
1,1,138,2,10,5,0,500,0.6,1000,0.2,1400,0.2,0
1,2,610,2,10,5,0,666,0.42,420,0.58,0
1,3,174,1,0,300,0.5,572,0.32,486,0.18,0
1,4,415,0,0,666,0.42,420,0.58,0
1,5,905,1,0,300,0.5,1700,0.5,0
1,6,240,0,0,666,0.42,420,0.58,0
1,7,345,1,0,666,0.42,420,0.58,0
1,8,948,2,10,5,0,300,0.5,1700,0.5,0
1,9,298,2,10,5,0,666,0.42,420,0.58,0
1,10,336,0,0,300,0.5,1700,0.5,0
1,11,347,0,0,500,0.6,1000,0.2,1400,0.2,0
2,0,619,1,0,300,0.5,572,0.32,486,0.18,1
2,1,661,2,10,5,0,300,0.5,572,0.32,486,0.18,1
2,2,711,2,10,5,0,300,0.5,1700,0.5,1
2,3,205,1,0,300,0.5,572,0.32,486,0.18,1
2,4,424,1,0,500,0.6,1000,0.2,1400,0.2,1
2,5,783,0,0,300,0.5,572,0.32,486,0.18,1
2,6,996,1,0,500,0.6,1000,0.2,1400,0.2,1
2,7,983,0,0,500,0.6,1000,0.2,1400,0.2,1
2,8,89,2,10,5,0,666,0.42,420,0.58,1
2,9,695,0,0,300,0.5,1700,0.5,1
2,10,481,2,10,5,0,666,0.42,420,0.58,1
2,11,223,1,0,500,0.6,1000,0.2,1400,0.2,1
3,0,845,2,10,5,0,500,0.6,1000,0.2,1400,0.2,1
3,1,91,0,0,500,0.6,1000,0.2,1400,0.2,1
3,2,476,0,0,500,0.6,1000,0.2,1400,0.2,1
3,3,805,2,10,5,0,666,0.42,420,0.58,1
3,4,577,0,0,500,0.6,1000,0.2,1400,0.2,1
3,5,279,0,0,666,0.42,420,0.58,1
3,6,665,2,10,5,0,300,0.5,572,0.32,486,0.18,1
3,7,308,0,0,500,0.6,1000,0.2,1400,0.2,1
3,8,751,0,0,300,0.5,1700,0.5,1
3,9,886,1,0,666,0.42,420,0.58,1
3,10,761,2,10,5,0,666,0.42,420,0.58,1
3,11,791,1,0,500,0.6,1000,0.2,1400,0.2,1
4,0,905,2,10,5,0,300,0.5,1700,0.5,1
4,1,404,2,10,5,0,300,0.5,572,0.32,486,0.18,1
4,2,487,2,10,5,0,300,0.5,1700,0.5,1
4,3,878,1,0,300,0.5,572,0.32,486,0.18,1
4,4,847,2,10,5,0,300,0.5,1700,0.5,1
4,5,764,2,10,5,0,300,0.5,572,0.32,486,0.18,1
4,6,571,2,10,5,0,300,0.5,572,0.32,486,0.18,1
4,7,49,0,0,500,0.6,1000,0.2,1400,0.2,1
4,8,263,2,10,5,0,666,0.42,420,0.58,1
4,9,41,1,0,300,0.5,572,0.32,486,0.18,1
4,10,162,2,10,5,0,666,0.42,420,0.58,1
4,11,180,1,0,300,0.5,1700,0.5,1
5,0,645,0,0,300,0.5,572,0.32,486,0.18,1
5,1,811,1,0,300,0.5,1700,0.5,1
5,2,807,0,0,300,0.5,1700,0.5,1
5,3,696,0,0,500,0.6,1000,0.2,1400,0.2,1
5,4,269,2,10,5,0,500,0.6,1000,0.2,1400,0.2,1
5,5,156,2,10,5,0,500,0.6,1000,0.2,1400,0.2,1
5,6,479,1,0,300,0.5,1700,0.5,1
5,7,357,0,0,500,0.6,1000,0.2,1400,0.2,1
5,8,212,1,0,666,0.42,420,0.58,1
5,9,928,1,0,500,0.6,1000,0.2,1400,0.2,1
5,10,684,1,0,500,0.6,1000,0.2,1400,0.2,1
5,11,164,2,10,5,0,666,0.42,420,0.58,1
6,0,970,0,0,500,0.6,1000,0.2,1400,0.2,1
6,1,138,1,0,666,0.42,420,0.58,1
6,2,274,2,10,5,0,500,0.6,1000,0.2,1400,0.2,1
6,3,580,2,10,5,0,666,0.42,420,0.58,1
6,4,350,2,10,5,0,500,0.6,1000,0.2,1400,0.2,1
6,5,635,1,0,500,0.6,1000,0.2,1400,0.2,1
6,6,446,1,0,300,0.5,1700,0.5,1
6,7,658,1,0,300,0.5,572,0.32,486,0.18,1
6,8,721,1,0,300,0.5,1700,0.5,1
6,9,27,1,0,300,0.5,1700,0.5,1
6,10,821,1,0,300,0.5,1700,0.5,1
6,11,158,0,0,500,0.6,1000,0.2,1400,0.2,1
7,0,42,0,0,666,0.42,420,0.58,1
7,1,187,1,0,666,0.42,420,0.58,1
7,2,902,1,0,500,0.6,1000,0.2,1400,0.2,1
7,3,650,2,10,5,0,666,0.42,420,0.58,1
7,4,371,2,10,5,0,666,0.42,420,0.58,1
7,5,606,2,10,5,0,666,0.42,420,0.58,1
7,6,628,0,0,666,0.42,420,0.58,1
7,7,619,1,0,666,0.42,420,0.58,1
7,8,621,2,10,5,0,500,0.6,1000,0.2,1400,0.2,1
7,9,619,1,0,500,0.6,1000,0.2,1400,0.2,1
7,10,19,1,0,666,0.42,420,0.58,1
7,11,960,1,0,300,0.5,572,0.32,486,0.18,1
8,0,880,1,0,300,0.5,572,0.32,486,0.18,1
8,1,568,0,0,300,0.5,1700,0.5,1
8,2,616,0,0,300,0.5,572,0.32,486,0.18,1
8,3,906,2,10,5,0,500,0.6,1000,0.2,1400,0.2,1
8,4,925,2,10,5,0,666,0.42,420,0.58,1
8,5,446,0,0,666,0.42,420,0.58,1
8,6,830,2,10,5,0,500,0.6,1000,0.2,1400,0.2,1
8,7,137,0,0,300,0.5,572,0.32,486,0.18,1
8,8,31,0,0,300,0.5,572,0.32,486,0.18,1
8,9,743,0,0,300,0.5,1700,0.5,1
8,10,522,1,0,666,0.42,420,0.58,1
8,11,376,0,0,300,0.5,572,0.32,486,0.18,1
9,0,881,1,0,666,0.42,420,0.58,1
9,1,540,1,0,666,0.42,420,0.58,1
9,2,150,2,10,5,0,666,0.42,420,0.58,1
9,3,148,0,0,500,0.6,1000,0.2,1400,0.2,1
9,4,650,0,0,500,0.6,1000,0.2,1400,0.2,1
9,5,778,1,0,500,0.6,1000,0.2,1400,0.2,1
9,6,524,2,10,5,0,500,0.6,1000,0.2,1400,0.2,1
9,7,270,2,10,5,0,500,0.6,1000,0.2,1400,0.2,1
9,8,563,1,0,300,0.5,572,0.32,486,0.18,1
9,9,902,0,0,300,0.5,572,0.32,486,0.18,1
9,10,610,2,10,5,0,500,0.6,1000,0.2,1400,0.2,1
9,11,314,2,10,5,0,500,0.6,1000,0.2,1400,0.2,1
10,0,39,2,10,5,0,500,0.6,1000,0.2,1400,0.2,1
10,1,929,0,0,300,0.5,572,0.32,486,0.18,1
10,2,122,0,0,500,0.6,1000,0.2,1400,0.2,1
10,3,18,0,0,500,0.6,1000,0.2,1400,0.2,1
10,4,479,2,10,5,0,300,0.5,572,0.32,486,0.18,1
10,5,914,0,0,300,0.5,572,0.32,486,0.18,1
10,6,724,0,0,500,0.6,1000,0.2,1400,0.2,1
10,7,975,0,0,500,0.6,1000,0.2,1400,0.2,1
10,8,651,1,0,300,0.5,1700,0.5,1
10,9,462,2,10,5,0,666,0.42,420,0.58,1
10,10,843,1,0,666,0.42,420,0.58,1
10,11,313,0,0,666,0.42,420,0.58,1
11,0,470,1,0,300,0.5,1700,0.5,1
11,1,358,1,0,300,0.5,1700,0.5,1
11,2,56,1,0,300,0.5,1700,0.5,1
11,3,844,0,0,300,0.5,1700,0.5,1
11,4,190,1,0,300,0.5,1700,0.5,1
11,5,260,1,0,500,0.6,1000,0.2,1400,0.2,1
11,6,978,2,10,5,0,300,0.5,572,0.32,486,0.18,1
11,7,292,0,0,300,0.5,1700,0.5,1
11,8,989,2,10,5,0,666,0.42,420,0.58,1
11,9,492,1,0,300,0.5,1700,0.5,1
11,10,512,2,10,5,0,300,0.5,1700,0.5,1
11,11,305,0,0,666,0.42,420,0.58,1
