0,0,844,0,0,666,0.42,420,0.58,1
0,1,912,0,0,666,0.42,420,0.58,1
0,2,862,2,10,5,0,500,0.6,1000,0.2,1400,0.2,1
0,3,853,2,10,5,0,300,0.5,1700,0.5,1
0,4,322,0,0,300,0.5,572,0.32,486,0.18,1
0,5,990,1,0,300,0.5,1700,0.5,1
0,6,524,0,0,500,0.6,1000,0.2,1400,0.2,1
0,7,531,2,10,5,0,500,0.6,1000,0.2,1400,0.2,1
0,8,97,0,0,300,0.5,572,0.32,486,0.18,1
0,9,240,0,0,666,0.42,420,0.58,1
0,10,21,2,10,5,0,300,0.5,1700,0.5,1
0,11,975,0,0,500,0.6,1000,0.2,1400,0.2,1
1,0,946,2,10,5,0,500,0.6,1000,0.2,1400,0.2,0
1,1,793,0,0,300,0.5,572,0.32,486,0.18,0
1,2,306,2,10,5,0,300,0.5,572,0.32,486,0.18,0
1,3,999,1,0,500,0.6,1000,0.2,1400,0.2,0
1,4,735,1,0,666,0.42,420,0.58,0
1,5,81,2,10,5,0,500,0.6,1000,0.2,1400,0.2,0
1,6,512,1,0,500,0.6,1000,0.2,1400,0.2,0
1,7,53,0,0,666,0.42,420,0.58,0
1,8,734,1,0,300,0.5,1700,0.5,0
1,9,561,0,0,300,0.5,1700,0.5,0
1,10,185,0,0,500,0.6,1000,0.2,1400,0.2,0
1,11,464,2,10,5,0,300,0.5,572,0.32,486,0.18,0
2,0,319,2,10,5,0,500,0.6,1000,0.2,1400,0.2,1
2,1,885,2,10,5,0,666,0.42,420,0.58,1
2,2,303,2,10,5,0,300,0.5,572,0.32,486,0.18,1
2,3,20,0,0,666,0.42,420,0.58,1
2,4,914,2,10,5,0,500,0.6,1000,0.2,1400,0.2,1
2,5,282,2,10,5,0,300,0.5,1700,0.5,1
2,6,849,1,0,300,0.5,1700,0.5,1
2,7,824,2,10,5,0,500,0.6,1000,0.2,1400,0.2,1
2,8,554,2,10,5,0,500,0.6,1000,0.2,1400,0.2,1
2,9,540,0,0,300,0.5,572,0.32,486,0.18,1
2,10,848,1,0,500,0.6,1000,0.2,1400,0.2,1
2,11,26,1,0,300,0.5,572,0.32,486,0.18,1
3,0,268,1,0,500,0.6,1000,0.2,1400,0.2,1
3,1,175,1,0,300,0.5,1700,0.5,1
3,2,698,0,0,300,0.5,572,0.32,486,0.18,1
3,3,746,2,10,5,0,300,0.5,1700,0.5,1
3,4,151,2,10,5,0,666,0.42,420,0.58,1
3,5,996,1,0,666,0.42,420,0.58,1
3,6,671,0,0,500,0.6,1000,0.2,1400,0.2,1
3,7,562,0,0,666,0.42,420,0.58,1
3,8,462,1,0,666,0.42,420,0.58,1
3,9,547,0,0,300,0.5,1700,0.5,1
3,10,582,1,0,300,0.5,1700,0.5,1
3,11,894,1,0,300,0.5,572,0.32,486,0.18,1
4,0,577,1,0,300,0.5,572,0.32,486,0.18,1
4,1,239,1,0,666,0.42,420,0.58,1
4,2,40,1,0,300,0.5,572,0.32,486,0.18,1
4,3,448,2,10,5,0,500,0.6,1000,0.2,1400,0.2,1
4,4,535,2,10,5,0,500,0.6,1000,0.2,1400,0.2,1
4,5,24,1,0,500,0.6,1000,0.2,1400,0.2,1
4,6,554,0,0,666,0.42,420,0.58,1
4,7,68,0,0,666,0.42,420,0.58,1
4,8,57,1,0,300,0.5,1700,0.5,1
4,9,628,2,10,5,0,300,0.5,572,0.32,486,0.18,1
4,10,616,2,10,5,0,300,0.5,1700,0.5,1
4,11,824,2,10,5,0,300,0.5,1700,0.5,1
5,0,784,2,10,5,0,300,0.5,1700,0.5,1
5,1,68,2,10,5,0,666,0.42,420,0.58,1
5,2,88,0,0,500,0.6,1000,0.2,1400,0.2,1
5,3,548,1,0,300,0.5,1700,0.5,1
5,4,944,0,0,300,0.5,572,0.32,486,0.18,1
5,5,948,1,0,500,0.6,1000,0.2,1400,0.2,1
5,6,705,2,10,5,0,666,0.42,420,0.58,1
5,7,662,0,0,300,0.5,572,0.32,486,0.18,1
5,8,232,0,0,666,0.42,420,0.58,1
5,9,576,2,10,5,0,300,0.5,1700,0.5,1
5,10,99,2,10,5,0,500,0.6,1000,0.2,1400,0.2,1
5,11,517,2,10,5,0,500,0.6,1000,0.2,1400,0.2,1
6,0,788,0,0,300,0.5,1700,0.5,1
6,1,27,1,0,300,0.5,572,0.32,486,0.18,1
6,2,585,0,0,300,0.5,1700,0.5,1
6,3,764,1,0,300,0.5,572,0.32,486,0.18,1
6,4,802,0,0,666,0.42,420,0.58,1
6,5,351,2,10,5,0,300,0.5,572,0.32,486,0.18,1
6,6,90,1,0,500,0.6,1000,0.2,1400,0.2,1
6,7,900,2,10,5,0,300,0.5,1700,0.5,1
6,8,677,1,0,666,0.42,420,0.58,1
6,9,25,0,0,500,0.6,1000,0.2,1400,0.2,1
6,10,202,2,10,5,0,300,0.5,1700,0.5,1
6,11,66,0,0,500,0.6,1000,0.2,1400,0.2,1
7,0,549,2,10,5,0,300,0.5,572,0.32,486,0.18,1
7,1,156,0,0,666,0.42,420,0.58,1
7,2,418,0,0,666,0.42,420,0.58,1
7,3,150,0,0,500,0.6,1000,0.2,1400,0.2,1
7,4,270,2,10,5,0,666,0.42,420,0.58,1
7,5,537,1,0,500,0.6,1000,0.2,1400,0.2,1
7,6,514,2,10,5,0,300,0.5,572,0.32,486,0.18,1
7,7,769,0,0,666,0.42,420,0.58,1
7,8,501,1,0,300,0.5,1700,0.5,1
7,9,208,1,0,500,0.6,1000,0.2,1400,0.2,1
7,10,650,2,10,5,0,300,0.5,1700,0.5,1
7,11,726,1,0,300,0.5,1700,0.5,1
8,0,507,0,0,300,0.5,572,0.32,486,0.18,1
8,1,213,1,0,500,0.6,1000,0.2,1400,0.2,1
8,2,25,1,0,300,0.5,1700,0.5,1
8,3,981,2,10,5,0,500,0.6,1000,0.2,1400,0.2,1
8,4,643,0,0,300,0.5,572,0.32,486,0.18,1
8,5,988,0,0,300,0.5,572,0.32,486,0.18,1
8,6,274,0,0,300,0.5,1700,0.5,1
8,7,480,2,10,5,0,666,0.42,420,0.58,1
8,8,488,2,10,5,0,500,0.6,1000,0.2,1400,0.2,1
8,9,47,1,0,666,0.42,420,0.58,1
8,10,385,2,10,5,0,500,0.6,1000,0.2,1400,0.2,1
8,11,620,2,10,5,0,300,0.5,1700,0.5,1
9,0,204,0,0,300,0.5,1700,0.5,1
9,1,924,1,0,500,0.6,1000,0.2,1400,0.2,1
9,2,342,1,0,300,0.5,1700,0.5,1
9,3,230,0,0,300,0.5,1700,0.5,1
9,4,173,2,10,5,0,300,0.5,572,0.32,486,0.18,1
9,5,285,2,10,5,0,300,0.5,572,0.32,486,0.18,1
9,6,512,1,0,666,0.42,420,0.58,1
9,7,112,2,10,5,0,300,0.5,572,0.32,486,0.18,1
9,8,857,1,0,666,0.42,420,0.58,1
9,9,21,0,0,666,0.42,420,0.58,1
9,10,766,0,0,666,0.42,420,0.58,1
9,11,833,2,10,5,0,500,0.6,1000,0.2,1400,0.2,1
10,0,892,1,0,300,0.5,572,0.32,486,0.18,1
10,1,55,2,10,5,0,666,0.42,420,0.58,1
10,2,369,0,0,300,0.5,572,0.32,486,0.18,1
10,3,815,2,10,5,0,500,0.6,1000,0.2,1400,0.2,1
10,4,426,1,0,666,0.42,420,0.58,1
10,5,619,1,0,500,0.6,1000,0.2,1400,0.2,1
10,6,557,1,0,666,0.42,420,0.58,1
10,7,523,1,0,500,0.6,1000,0.2,1400,0.2,1
10,8,408,0,0,666,0.42,420,0.58,1
10,9,498,0,0,666,0.42,420,0.58,1
10,10,145,2,10,5,0,300,0.5,1700,0.5,1
10,11,426,2,10,5,0,666,0.42,420,0.58,1
11,0,731,0,0,300,0.5,1700,0.5,1
11,1,695,0,0,500,0.6,1000,0.2,1400,0.2,1
11,2,274,2,10,5,0,300,0.5,572,0.32,486,0.18,1
11,3,318,2,10,5,0,500,0.6,1000,0.2,1400,0.2,1
11,4,51,1,0,300,0.5,1700,0.5,1
11,5,675,1,0,666,0.42,420,0.58,1
11,6,623,0,0,300,0.5,1700,0.5,1
11,7,815,1,0,300,0.5,572,0.32,486,0.18,1
11,8,842,2,10,5,0,300,0.5,1700,0.5,1
11,9,815,1,0,300,0.5,1700,0.5,1
11,10,501,2,10,5,0,300,0.5,572,0.32,486,0.18,1
11,11,973,1,0,500,0.6,1000,0.2,1400,0.2,1
