0,0,937,0,0,666,0.42,420,0.58,1
0,1,993,1,0,300,0.5,1700,0.5,1
0,2,209,0,0,666,0.42,420,0.58,1
0,3,522,1,0,300,0.5,572,0.32,486,0.18,1
0,4,90,2,10,5,0,500,0.6,1000,0.2,1400,0.2,1
0,5,328,2,10,5,0,300,0.5,572,0.32,486,0.18,1
0,6,171,0,0,500,0.6,1000,0.2,1400,0.2,1
0,7,989,2,10,5,0,300,0.5,572,0.32,486,0.18,1
0,8,972,2,10,5,0,500,0.6,1000,0.2,1400,0.2,1
0,9,697,1,0,300,0.5,572,0.32,486,0.18,1
0,10,839,2,10,5,0,300,0.5,1700,0.5,1
0,11,763,0,0,300,0.5,572,0.32,486,0.18,1
1,0,840,1,0,300,0.5,1700,0.5,0
1,1,884,0,0,500,0.6,1000,0.2,1400,0.2,0
1,2,539,2,10,5,0,300,0.5,1700,0.5,0
1,3,100,0,0,666,0.42,420,0.58,0
1,4,180,1,0,500,0.6,1000,0.2,1400,0.2,0
1,5,525,2,10,5,0,666,0.42,420,0.58,0
1,6,909,0,0,500,0.6,1000,0.2,1400,0.2,0
1,7,919,0,0,666,0.42,420,0.58,0
1,8,400,0,0,500,0.6,1000,0.2,1400,0.2,0
1,9,785,0,0,500,0.6,1000,0.2,1400,0.2,0
1,10,730,0,0,300,0.5,1700,0.5,0
1,11,202,0,0,666,0.42,420,0.58,0
2,0,509,0,0,500,0.6,1000,0.2,1400,0.2,1
2,1,286,1,0,300,0.5,1700,0.5,1
2,2,178,1,0,666,0.42,420,0.58,1
2,3,641,0,0,500,0.6,1000,0.2,1400,0.2,1
2,4,236,1,0,666,0.42,420,0.58,1
2,5,466,1,0,300,0.5,572,0.32,486,0.18,1
2,6,59,1,0,300,0.5,1700,0.5,1
2,7,591,1,0,666,0.42,420,0.58,1
2,8,560,2,10,5,0,300,0.5,572,0.32,486,0.18,1
2,9,745,0,0,500,0.6,1000,0.2,1400,0.2,1
2,10,672,2,10,5,0,300,0.5,1700,0.5,1
2,11,849,1,0,500,0.6,1000,0.2,1400,0.2,1
3,0,343,2,10,5,0,300,0.5,1700,0.5,1
3,1,628,1,0,666,0.42,420,0.58,1
3,2,285,1,0,666,0.42,420,0.58,1
3,3,831,0,0,500,0.6,1000,0.2,1400,0.2,1
3,4,415,0,0,500,0.6,1000,0.2,1400,0.2,1
3,5,212,1,0,666,0.42,420,0.58,1
3,6,542,2,10,5,0,300,0.5,572,0.32,486,0.18,1
3,7,550,1,0,300,0.5,1700,0.5,1
3,8,25,0,0,300,0.5,572,0.32,486,0.18,1
3,9,828,0,0,300,0.5,1700,0.5,1
3,10,374,2,10,5,0,300,0.5,1700,0.5,1
3,11,747,0,0,666,0.42,420,0.58,1
4,0,818,1,0,666,0.42,420,0.58,1
4,1,851,2,10,5,0,300,0.5,572,0.32,486,0.18,1
4,2,354,2,10,5,0,500,0.6,1000,0.2,1400,0.2,1
4,3,668,1,0,666,0.42,420,0.58,1
4,4,229,1,0,300,0.5,1700,0.5,1
4,5,190,2,10,5,0,300,0.5,1700,0.5,1
4,6,522,1,0,300,0.5,1700,0.5,1
4,7,750,2,10,5,0,300,0.5,572,0.32,486,0.18,1
4,8,996,1,0,300,0.5,572,0.32,486,0.18,1
4,9,384,2,10,5,0,666,0.42,420,0.58,1
4,10,661,0,0,300,0.5,572,0.32,486,0.18,1
4,11,697,0,0,666,0.42,420,0.58,1
5,0,319,1,0,300,0.5,1700,0.5,1
5,1,333,0,0,300,0.5,1700,0.5,1
5,2,332,0,0,300,0.5,1700,0.5,1
5,3,865,0,0,300,0.5,572,0.32,486,0.18,1
5,4,736,2,10,5,0,300,0.5,1700,0.5,1
5,5,67,0,0,666,0.42,420,0.58,1
5,6,606,2,10,5,0,500,0.6,1000,0.2,1400,0.2,1
5,7,154,0,0,666,0.42,420,0.58,1
5,8,340,2,10,5,0,500,0.6,1000,0.2,1400,0.2,1
5,9,272,2,10,5,0,500,0.6,1000,0.2,1400,0.2,1
5,10,179,1,0,300,0.5,572,0.32,486,0.18,1
5,11,783,1,0,666,0.42,420,0.58,1
6,0,164,2,10,5,0,300,0.5,1700,0.5,1
6,1,392,2,10,5,0,666,0.42,420,0.58,1
6,2,964,2,10,5,0,300,0.5,572,0.32,486,0.18,1
6,3,450,1,0,300,0.5,1700,0.5,1
6,4,709,2,10,5,0,300,0.5,1700,0.5,1
6,5,174,1,0,500,0.6,1000,0.2,1400,0.2,1
6,6,805,2,10,5,0,666,0.42,420,0.58,1
6,7,374,0,0,500,0.6,1000,0.2,1400,0.2,1
6,8,965,2,10,5,0,300,0.5,572,0.32,486,0.18,1
6,9,35,0,0,666,0.42,420,0.58,1
6,10,895,1,0,300,0.5,1700,0.5,1
6,11,761,1,0,500,0.6,1000,0.2,1400,0.2,1
7,0,583,2,10,5,0,300,0.5,1700,0.5,1
7,1,149,1,0,300,0.5,1700,0.5,1
7,2,871,2,10,5,0,500,0.6,1000,0.2,1400,0.2,1
7,3,563,2,10,5,0,300,0.5,572,0.32,486,0.18,1
7,4,208,1,0,300,0.5,572,0.32,486,0.18,1
7,5,820,1,0,666,0.42,420,0.58,1
7,6,468,1,0,666,0.42,420,0.58,1
7,7,969,2,10,5,0,300,0.5,1700,0.5,1
7,8,688,0,0,300,0.5,1700,0.5,1
7,9,620,0,0,666,0.42,420,0.58,1
7,10,731,1,0,500,0.6,1000,0.2,1400,0.2,1
7,11,416,0,0,666,0.42,420,0.58,1
8,0,501,2,10,5,0,300,0.5,1700,0.5,1
8,1,344,0,0,300,0.5,1700,0.5,1
8,2,712,1,0,666,0.42,420,0.58,1
8,3,399,0,0,300,0.5,572,0.32,486,0.18,1
8,4,976,0,0,300,0.5,572,0.32,486,0.18,1
8,5,703,1,0,300,0.5,572,0.32,486,0.18,1
8,6,276,2,10,5,0,300,0.5,572,0.32,486,0.18,1
8,7,722,1,0,300,0.5,1700,0.5,1
8,8,95,1,0,500,0.6,1000,0.2,1400,0.2,1
8,9,401,1,0,666,0.42,420,0.58,1
8,10,775,0,0,666,0.42,420,0.58,1
8,11,311,1,0,666,0.42,420,0.58,1
9,0,470,2,10,5,0,500,0.6,1000,0.2,1400,0.2,1
9,1,991,2,10,5,0,666,0.42,420,0.58,1
9,2,436,2,10,5,0,500,0.6,1000,0.2,1400,0.2,1
9,3,237,2,10,5,0,300,0.5,572,0.32,486,0.18,1
9,4,239,0,0,666,0.42,420,0.58,1
9,5,675,2,10,5,0,666,0.42,420,0.58,1
9,6,119,0,0,500,0.6,1000,0.2,1400,0.2,1
9,7,597,2,10,5,0,666,0.42,420,0.58,1
9,8,104,2,10,5,0,666,0.42,420,0.58,1
9,9,910,2,10,5,0,500,0.6,1000,0.2,1400,0.2,1
9,10,71,2,10,5,0,300,0.5,572,0.32,486,0.18,1
9,11,958,2,10,5,0,666,0.42,420,0.58,1
10,0,908,0,0,300,0.5,1700,0.5,1
10,1,22,1,0,300,0.5,1700,0.5,1
10,2,417,0,0,300,0.5,572,0.32,486,0.18,1
10,3,866,0,0,666,0.42,420,0.58,1
10,4,180,2,10,5,0,300,0.5,572,0.32,486,0.18,1
10,5,922,0,0,300,0.5,572,0.32,486,0.18,1
10,6,127,0,0,300,0.5,572,0.32,486,0.18,1
10,7,286,1,0,300,0.5,572,0.32,486,0.18,1
10,8,490,2,10,5,0,666,0.42,420,0.58,1
10,9,890,2,10,5,0,500,0.6,1000,0.2,1400,0.2,1
10,10,302,2,10,5,0,300,0.5,1700,0.5,1
10,11,124,0,0,300,0.5,572,0.32,486,0.18,1
11,0,412,2,10,5,0,666,0.42,420,0.58,1
11,1,536,1,0,300,0.5,1700,0.5,1
11,2,216,1,0,300,0.5,1700,0.5,1
11,3,824,2,10,5,0,500,0.6,1000,0.2,1400,0.2,1
11,4,844,0,0,300,0.5,1700,0.5,1
11,5,191,2,10,5,0,500,0.6,1000,0.2,1400,0.2,1
11,6,813,0,0,500,0.6,1000,0.2,1400,0.2,1
11,7,244,2,10,5,0,500,0.6,1000,0.2,1400,0.2,1
11,8,103,2,10,5,0,500,0.6,1000,0.2,1400,0.2,1
11,9,280,2,10,5,0,300,0.5,1700,0.5,1
11,10,717,0,0,666,0.42,420,0.58,1
11,11,391,2,10,5,0,500,0.6,1000,0.2,1400,0.2,1
