0,0,524,1,0,300,0.5,572,0.32,486,0.18,1
0,1,820,0,0,500,0.6,1000,0.2,1400,0.2,1
0,2,369,1,0,300,0.5,572,0.32,486,0.18,1
0,3,516,2,10,5,0,300,0.5,572,0.32,486,0.18,1
0,4,363,1,0,666,0.42,420,0.58,1
0,5,507,0,0,666,0.42,420,0.58,1
0,6,587,1,0,300,0.5,572,0.32,486,0.18,1
0,7,331,0,0,300,0.5,572,0.32,486,0.18,1
0,8,263,0,0,500,0.6,1000,0.2,1400,0.2,1
0,9,513,1,0,500,0.6,1000,0.2,1400,0.2,1
0,10,831,1,0,300,0.5,1700,0.5,1
0,11,356,2,10,5,0,300,0.5,572,0.32,486,0.18,1
1,0,793,0,0,666,0.42,420,0.58,0
1,1,933,1,0,300,0.5,572,0.32,486,0.18,0
1,2,565,0,0,300,0.5,572,0.32,486,0.18,0
1,3,30,2,10,5,0,666,0.42,420,0.58,0
1,4,992,0,0,300,0.5,1700,0.5,0
1,5,498,2,10,5,0,666,0.42,420,0.58,0
1,6,63,0,0,300,0.5,572,0.32,486,0.18,0
1,7,598,2,10,5,0,300,0.5,1700,0.5,0
1,8,850,1,0,666,0.42,420,0.58,0
1,9,418,2,10,5,0,300,0.5,1700,0.5,0
1,10,998,1,0,300,0.5,1700,0.5,0
1,11,554,1,0,666,0.42,420,0.58,0
2,0,286,1,0,300,0.5,572,0.32,486,0.18,1
2,1,894,2,10,5,0,666,0.42,420,0.58,1
2,2,387,2,10,5,0,300,0.5,1700,0.5,1
2,3,525,0,0,500,0.6,1000,0.2,1400,0.2,1
2,4,519,2,10,5,0,500,0.6,1000,0.2,1400,0.2,1
2,5,813,0,0,500,0.6,1000,0.2,1400,0.2,1
2,6,63,1,0,500,0.6,1000,0.2,1400,0.2,1
2,7,605,1,0,300,0.5,1700,0.5,1
2,8,324,0,0,300,0.5,572,0.32,486,0.18,1
2,9,998,1,0,300,0.5,1700,0.5,1
2,10,696,0,0,300,0.5,572,0.32,486,0.18,1
2,11,358,0,0,300,0.5,1700,0.5,1
3,0,121,1,0,300,0.5,572,0.32,486,0.18,1
3,1,328,1,0,500,0.6,1000,0.2,1400,0.2,1
3,2,931,1,0,500,0.6,1000,0.2,1400,0.2,1
3,3,488,1,0,500,0.6,1000,0.2,1400,0.2,1
3,4,861,1,0,300,0.5,572,0.32,486,0.18,1
3,5,618,2,10,5,0,300,0.5,572,0.32,486,0.18,1
3,6,633,1,0,500,0.6,1000,0.2,1400,0.2,1
3,7,830,0,0,500,0.6,1000,0.2,1400,0.2,1
3,8,630,2,10,5,0,300,0.5,1700,0.5,1
3,9,244,2,10,5,0,300,0.5,1700,0.5,1
3,10,298,0,0,500,0.6,1000,0.2,1400,0.2,1
3,11,393,1,0,300,0.5,572,0.32,486,0.18,1
4,0,762,0,0,666,0.42,420,0.58,1
4,1,711,1,0,666,0.42,420,0.58,1
4,2,169,1,0,300,0.5,1700,0.5,1
4,3,152,2,10,5,0,666,0.42,420,0.58,1
4,4,978,2,10,5,0,300,0.5,572,0.32,486,0.18,1
4,5,60,2,10,5,0,300,0.5,1700,0.5,1
4,6,736,2,10,5,0,666,0.42,420,0.58,1
4,7,930,2,10,5,0,300,0.5,572,0.32,486,0.18,1
4,8,20,2,10,5,0,500,0.6,1000,0.2,1400,0.2,1
4,9,605,1,0,500,0.6,1000,0.2,1400,0.2,1
4,10,755,0,0,300,0.5,572,0.32,486,0.18,1
4,11,17,2,10,5,0,666,0.42,420,0.58,1
5,0,141,1,0,500,0.6,1000,0.2,1400,0.2,1
5,1,140,1,0,666,0.42,420,0.58,1
5,2,123,0,0,300,0.5,572,0.32,486,0.18,1
5,3,809,1,0,666,0.42,420,0.58,1
5,4,218,2,10,5,0,666,0.42,420,0.58,1
5,5,891,2,10,5,0,500,0.6,1000,0.2,1400,0.2,1
5,6,505,0,0,500,0.6,1000,0.2,1400,0.2,1
5,7,753,1,0,300,0.5,1700,0.5,1
5,8,920,0,0,300,0.5,572,0.32,486,0.18,1
5,9,373,0,0,500,0.6,1000,0.2,1400,0.2,1
5,10,925,2,10,5,0,300,0.5,572,0.32,486,0.18,1
5,11,779,0,0,666,0.42,420,0.58,1
6,0,776,1,0,300,0.5,1700,0.5,1
6,1,798,2,10,5,0,666,0.42,420,0.58,1
6,2,695,2,10,5,0,300,0.5,1700,0.5,1
6,3,555,2,10,5,0,300,0.5,1700,0.5,1
6,4,867,1,0,500,0.6,1000,0.2,1400,0.2,1
6,5,761,2,10,5,0,666,0.42,420,0.58,1
6,6,887,1,0,300,0.5,572,0.32,486,0.18,1
6,7,221,2,10,5,0,500,0.6,1000,0.2,1400,0.2,1
6,8,541,2,10,5,0,500,0.6,1000,0.2,1400,0.2,1
6,9,728,1,0,300,0.5,1700,0.5,1
6,10,90,2,10,5,0,666,0.42,420,0.58,1
6,11,774,2,10,5,0,666,0.42,420,0.58,1
7,0,257,1,0,300,0.5,572,0.32,486,0.18,1
7,1,761,1,0,300,0.5,572,0.32,486,0.18,1
7,2,389,2,10,5,0,300,0.5,1700,0.5,1
7,3,339,1,0,300,0.5,572,0.32,486,0.18,1
7,4,778,2,10,5,0,300,0.5,1700,0.5,1
7,5,760,1,0,500,0.6,1000,0.2,1400,0.2,1
7,6,343,2,10,5,0,500,0.6,1000,0.2,1400,0.2,1
7,7,314,0,0,666,0.42,420,0.58,1
7,8,883,2,10,5,0,500,0.6,1000,0.2,1400,0.2,1
7,9,387,0,0,300,0.5,1700,0.5,1
7,10,172,2,10,5,0,666,0.42,420,0.58,1
7,11,104,1,0,500,0.6,1000,0.2,1400,0.2,1
8,0,703,2,10,5,0,300,0.5,572,0.32,486,0.18,1
8,1,994,2,10,5,0,300,0.5,1700,0.5,1
8,2,227,0,0,300,0.5,572,0.32,486,0.18,1
8,3,150,1,0,300,0.5,1700,0.5,1
8,4,530,1,0,300,0.5,1700,0.5,1
8,5,965,1,0,300,0.5,572,0.32,486,0.18,1
8,6,668,2,10,5,0,300,0.5,1700,0.5,1
8,7,340,1,0,500,0.6,1000,0.2,1400,0.2,1
8,8,368,0,0,300,0.5,572,0.32,486,0.18,1
8,9,836,0,0,666,0.42,420,0.58,1
8,10,899,0,0,300,0.5,1700,0.5,1
8,11,979,2,10,5,0,666,0.42,420,0.58,1
9,0,437,2,10,5,0,300,0.5,572,0.32,486,0.18,1
9,1,884,0,0,500,0.6,1000,0.2,1400,0.2,1
9,2,262,1,0,300,0.5,572,0.32,486,0.18,1
9,3,229,1,0,300,0.5,572,0.32,486,0.18,1
9,4,73,2,10,5,0,500,0.6,1000,0.2,1400,0.2,1
9,5,390,0,0,300,0.5,572,0.32,486,0.18,1
9,6,571,0,0,666,0.42,420,0.58,1
9,7,752,0,0,666,0.42,420,0.58,1
9,8,745,2,10,5,0,500,0.6,1000,0.2,1400,0.2,1
9,9,441,1,0,300,0.5,1700,0.5,1
9,10,162,0,0,300,0.5,1700,0.5,1
9,11,758,1,0,300,0.5,1700,0.5,1
10,0,604,2,10,5,0,500,0.6,1000,0.2,1400,0.2,1
10,1,494,0,0,666,0.42,420,0.58,1
10,2,915,1,0,300,0.5,1700,0.5,1
10,3,89,0,0,500,0.6,1000,0.2,1400,0.2,1
10,4,588,1,0,666,0.42,420,0.58,1
10,5,691,0,0,666,0.42,420,0.58,1
10,6,275,1,0,666,0.42,420,0.58,1
10,7,588,1,0,300,0.5,1700,0.5,1
10,8,609,2,10,5,0,300,0.5,572,0.32,486,0.18,1
10,9,157,1,0,500,0.6,1000,0.2,1400,0.2,1
10,10,775,1,0,300,0.5,572,0.32,486,0.18,1
10,11,840,2,10,5,0,500,0.6,1000,0.2,1400,0.2,1
11,0,419,2,10,5,0,666,0.42,420,0.58,1
11,1,586,2,10,5,0,500,0.6,1000,0.2,1400,0.2,1
11,2,505,0,0,300,0.5,1700,0.5,1
11,3,807,2,10,5,0,666,0.42,420,0.58,1
11,4,595,2,10,5,0,300,0.5,572,0.32,486,0.18,1
11,5,325,1,0,666,0.42,420,0.58,1
11,6,659,0,0,300,0.5,1700,0.5,1
11,7,252,0,0,666,0.42,420,0.58,1
11,8,745,1,0,500,0.6,1000,0.2,1400,0.2,1
11,9,877,0,0,500,0.6,1000,0.2,1400,0.2,1
11,10,714,0,0,500,0.6,1000,0.2,1400,0.2,1
11,11,264,0,0,500,0.6,1000,0.2,1400,0.2,1
