0,0,28,0,0,500,0.6,1000,0.2,1400,0.2,1
0,1,39,0,0,300,0.5,1700,0.5,1
0,2,210,2,10,5,0,300,0.5,1700,0.5,1
0,3,973,2,10,5,0,300,0.5,572,0.32,486,0.18,1
0,4,245,1,0,300,0.5,1700,0.5,1
0,5,480,2,10,5,0,500,0.6,1000,0.2,1400,0.2,1
0,6,496,1,0,500,0.6,1000,0.2,1400,0.2,1
0,7,815,1,0,300,0.5,572,0.32,486,0.18,1
0,8,184,0,0,300,0.5,1700,0.5,1
0,9,414,1,0,500,0.6,1000,0.2,1400,0.2,1
0,10,538,0,0,300,0.5,1700,0.5,1
0,11,51,2,10,5,0,300,0.5,1700,0.5,1
1,0,411,0,0,666,0.42,420,0.58,0
1,1,620,1,0,300,0.5,1700,0.5,0
1,2,73,2,10,5,0,300,0.5,572,0.32,486,0.18,0
1,3,675,2,10,5,0,300,0.5,572,0.32,486,0.18,0
1,4,134,1,0,666,0.42,420,0.58,0
1,5,268,1,0,666,0.42,420,0.58,0
1,6,321,2,10,5,0,666,0.42,420,0.58,0
1,7,268,2,10,5,0,300,0.5,572,0.32,486,0.18,0
1,8,612,0,0,666,0.42,420,0.58,0
1,9,46,0,0,666,0.42,420,0.58,0
1,10,424,2,10,5,0,666,0.42,420,0.58,0
1,11,678,2,10,5,0,300,0.5,572,0.32,486,0.18,0
2,0,60,0,0,666,0.42,420,0.58,1
2,1,242,1,0,300,0.5,1700,0.5,1
2,2,227,1,0,666,0.42,420,0.58,1
2,3,505,1,0,666,0.42,420,0.58,1
2,4,691,2,10,5,0,300,0.5,572,0.32,486,0.18,1
2,5,929,2,10,5,0,300,0.5,572,0.32,486,0.18,1
2,6,40,1,0,500,0.6,1000,0.2,1400,0.2,1
2,7,222,2,10,5,0,500,0.6,1000,0.2,1400,0.2,1
2,8,353,1,0,300,0.5,572,0.32,486,0.18,1
2,9,988,0,0,300,0.5,572,0.32,486,0.18,1
2,10,629,1,0,500,0.6,1000,0.2,1400,0.2,1
2,11,715,1,0,300,0.5,572,0.32,486,0.18,1
3,0,730,1,0,300,0.5,1700,0.5,1
3,1,151,2,10,5,0,666,0.42,420,0.58,1
3,2,464,2,10,5,0,300,0.5,572,0.32,486,0.18,1
3,3,473,1,0,300,0.5,1700,0.5,1
3,4,818,0,0,500,0.6,1000,0.2,1400,0.2,1
3,5,529,2,10,5,0,500,0.6,1000,0.2,1400,0.2,1
3,6,796,0,0,300,0.5,572,0.32,486,0.18,1
3,7,301,1,0,300,0.5,572,0.32,486,0.18,1
3,8,686,1,0,300,0.5,572,0.32,486,0.18,1
3,9,494,1,0,300,0.5,1700,0.5,1
3,10,686,1,0,500,0.6,1000,0.2,1400,0.2,1
3,11,900,1,0,300,0.5,1700,0.5,1
4,0,41,2,10,5,0,500,0.6,1000,0.2,1400,0.2,1
4,1,310,1,0,666,0.42,420,0.58,1
4,2,73,2,10,5,0,300,0.5,1700,0.5,1
4,3,82,2,10,5,0,300,0.5,572,0.32,486,0.18,1
4,4,271,2,10,5,0,300,0.5,572,0.32,486,0.18,1
4,5,737,0,0,500,0.6,1000,0.2,1400,0.2,1
4,6,754,0,0,500,0.6,1000,0.2,1400,0.2,1
4,7,523,2,10,5,0,300,0.5,572,0.32,486,0.18,1
4,8,300,1,0,300,0.5,1700,0.5,1
4,9,559,1,0,300,0.5,1700,0.5,1
4,10,887,2,10,5,0,300,0.5,1700,0.5,1
4,11,960,1,0,300,0.5,572,0.32,486,0.18,1
5,0,368,0,0,300,0.5,572,0.32,486,0.18,1
5,1,372,2,10,5,0,666,0.42,420,0.58,1
5,2,423,0,0,300,0.5,572,0.32,486,0.18,1
5,3,181,0,0,500,0.6,1000,0.2,1400,0.2,1
5,4,927,1,0,300,0.5,572,0.32,486,0.18,1
5,5,978,2,10,5,0,300,0.5,1700,0.5,1
5,6,36,0,0,666,0.42,420,0.58,1
5,7,505,1,0,666,0.42,420,0.58,1
5,8,790,2,10,5,0,300,0.5,1700,0.5,1
5,9,606,1,0,300,0.5,1700,0.5,1
5,10,618,0,0,300,0.5,572,0.32,486,0.18,1
5,11,312,2,10,5,0,300,0.5,572,0.32,486,0.18,1
6,0,643,0,0,666,0.42,420,0.58,1
6,1,399,2,10,5,0,300,0.5,572,0.32,486,0.18,1
6,2,651,1,0,300,0.5,572,0.32,486,0.18,1
6,3,923,2,10,5,0,300,0.5,572,0.32,486,0.18,1
6,4,142,2,10,5,0,500,0.6,1000,0.2,1400,0.2,1
6,5,927,2,10,5,0,666,0.42,420,0.58,1
6,6,675,1,0,500,0.6,1000,0.2,1400,0.2,1
6,7,951,2,10,5,0,666,0.42,420,0.58,1
6,8,42,0,0,300,0.5,1700,0.5,1
6,9,795,0,0,500,0.6,1000,0.2,1400,0.2,1
6,10,428,0,0,300,0.5,1700,0.5,1
6,11,428,1,0,300,0.5,572,0.32,486,0.18,1
7,0,854,0,0,666,0.42,420,0.58,1
7,1,800,2,10,5,0,300,0.5,572,0.32,486,0.18,1
7,2,713,2,10,5,0,500,0.6,1000,0.2,1400,0.2,1
7,3,189,0,0,300,0.5,572,0.32,486,0.18,1
7,4,430,0,0,300,0.5,1700,0.5,1
7,5,997,1,0,500,0.6,1000,0.2,1400,0.2,1
7,6,727,2,10,5,0,500,0.6,1000,0.2,1400,0.2,1
7,7,382,1,0,300,0.5,1700,0.5,1
7,8,310,0,0,300,0.5,1700,0.5,1
7,9,161,2,10,5,0,666,0.42,420,0.58,1
7,10,212,1,0,500,0.6,1000,0.2,1400,0.2,1
7,11,909,1,0,500,0.6,1000,0.2,1400,0.2,1
8,0,363,1,0,500,0.6,1000,0.2,1400,0.2,1
8,1,251,0,0,500,0.6,1000,0.2,1400,0.2,1
8,2,218,1,0,300,0.5,1700,0.5,1
8,3,593,2,10,5,0,300,0.5,1700,0.5,1
8,4,696,0,0,300,0.5,1700,0.5,1
8,5,71,1,0,300,0.5,572,0.32,486,0.18,1
8,6,692,1,0,500,0.6,1000,0.2,1400,0.2,1
8,7,589,1,0,666,0.42,420,0.58,1
8,8,419,1,0,666,0.42,420,0.58,1
8,9,470,0,0,666,0.42,420,0.58,1
8,10,529,0,0,500,0.6,1000,0.2,1400,0.2,1
8,11,934,2,10,5,0,300,0.5,1700,0.5,1
9,0,890,1,0,666,0.42,420,0.58,1
9,1,988,1,0,666,0.42,420,0.58,1
9,2,179,2,10,5,0,500,0.6,1000,0.2,1400,0.2,1
9,3,611,1,0,300,0.5,572,0.32,486,0.18,1
9,4,528,2,10,5,0,666,0.42,420,0.58,1
9,5,105,1,0,500,0.6,1000,0.2,1400,0.2,1
9,6,678,0,0,666,0.42,420,0.58,1
9,7,91,2,10,5,0,500,0.6,1000,0.2,1400,0.2,1
9,8,804,2,10,5,0,300,0.5,572,0.32,486,0.18,1
9,9,956,0,0,300,0.5,572,0.32,486,0.18,1
9,10,332,1,0,666,0.42,420,0.58,1
9,11,784,0,0,500,0.6,1000,0.2,1400,0.2,1
10,0,172,1,0,300,0.5,572,0.32,486,0.18,1
10,1,798,2,10,5,0,300,0.5,572,0.32,486,0.18,1
10,2,504,2,10,5,0,300,0.5,572,0.32,486,0.18,1
10,3,637,0,0,666,0.42,420,0.58,1
10,4,671,1,0,300,0.5,572,0.32,486,0.18,1
10,5,291,2,10,5,0,300,0.5,572,0.32,486,0.18,1
10,6,873,2,10,5,0,500,0.6,1000,0.2,1400,0.2,1
10,7,500,1,0,300,0.5,572,0.32,486,0.18,1
10,8,831,0,0,300,0.5,1700,0.5,1
10,9,541,2,10,5,0,666,0.42,420,0.58,1
10,10,664,0,0,500,0.6,1000,0.2,1400,0.2,1
10,11,896,1,0,666,0.42,420,0.58,1
11,0,984,0,0,300,0.5,1700,0.5,1
11,1,485,1,0,500,0.6,1000,0.2,1400,0.2,1
11,2,774,0,0,666,0.42,420,0.58,1
11,3,151,0,0,300,0.5,1700,0.5,1
11,4,313,1,0,666,0.42,420,0.58,1
11,5,210,0,0,500,0.6,1000,0.2,1400,0.2,1
11,6,648,2,10,5,0,300,0.5,1700,0.5,1
11,7,847,1,0,666,0.42,420,0.58,1
11,8,112,2,10,5,0,300,0.5,1700,0.5,1
11,9,639,1,0,300,0.5,572,0.32,486,0.18,1
11,10,865,1,0,500,0.6,1000,0.2,1400,0.2,1
11,11,272,0,0,300,0.5,1700,0.5,1
