0,0,902,1,0,300,0.5,572,0.32,486,0.18,1
0,1,335,2,10,5,0,666,0.42,420,0.58,1
0,2,422,2,10,5,0,300,0.5,1700,0.5,1
0,3,97,2,10,5,0,300,0.5,572,0.32,486,0.18,1
0,4,341,1,0,300,0.5,572,0.32,486,0.18,1
0,5,128,2,10,5,0,300,0.5,572,0.32,486,0.18,1
0,6,211,0,0,666,0.42,420,0.58,1
0,7,198,1,0,300,0.5,572,0.32,486,0.18,1
0,8,325,1,0,300,0.5,1700,0.5,1
0,9,667,0,0,666,0.42,420,0.58,1
0,10,956,2,10,5,0,500,0.6,1000,0.2,1400,0.2,1
0,11,589,0,0,666,0.42,420,0.58,1
1,0,929,1,0,300,0.5,1700,0.5,0
1,1,272,2,10,5,0,666,0.42,420,0.58,0
1,2,727,1,0,300,0.5,1700,0.5,0
1,3,174,1,0,666,0.42,420,0.58,0
1,4,989,2,10,5,0,500,0.6,1000,0.2,1400,0.2,0
1,5,505,2,10,5,0,300,0.5,1700,0.5,0
1,6,940,1,0,300,0.5,1700,0.5,0
1,7,958,1,0,500,0.6,1000,0.2,1400,0.2,0
1,8,894,2,10,5,0,300,0.5,1700,0.5,0
1,9,893,0,0,666,0.42,420,0.58,0
1,10,978,0,0,500,0.6,1000,0.2,1400,0.2,0
1,11,152,2,10,5,0,300,0.5,572,0.32,486,0.18,0
2,0,221,0,0,300,0.5,572,0.32,486,0.18,1
2,1,447,2,10,5,0,300,0.5,1700,0.5,1
2,2,466,1,0,500,0.6,1000,0.2,1400,0.2,1
2,3,654,2,10,5,0,300,0.5,1700,0.5,1
2,4,420,2,10,5,0,666,0.42,420,0.58,1
2,5,389,2,10,5,0,666,0.42,420,0.58,1
2,6,824,0,0,666,0.42,420,0.58,1
2,7,162,0,0,666,0.42,420,0.58,1
2,8,924,1,0,500,0.6,1000,0.2,1400,0.2,1
2,9,182,2,10,5,0,300,0.5,1700,0.5,1
2,10,970,0,0,300,0.5,1700,0.5,1
2,11,424,0,0,500,0.6,1000,0.2,1400,0.2,1
3,0,850,0,0,500,0.6,1000,0.2,1400,0.2,1
3,1,167,0,0,300,0.5,572,0.32,486,0.18,1
3,2,433,1,0,300,0.5,1700,0.5,1
3,3,31,0,0,500,0.6,1000,0.2,1400,0.2,1
3,4,159,0,0,300,0.5,572,0.32,486,0.18,1
3,5,429,2,10,5,0,300,0.5,572,0.32,486,0.18,1
3,6,25,1,0,300,0.5,572,0.32,486,0.18,1
3,7,942,2,10,5,0,500,0.6,1000,0.2,1400,0.2,1
3,8,71,2,10,5,0,300,0.5,1700,0.5,1
3,9,591,1,0,300,0.5,1700,0.5,1
3,10,219,0,0,300,0.5,572,0.32,486,0.18,1
3,11,690,0,0,666,0.42,420,0.58,1
4,0,902,0,0,300,0.5,1700,0.5,1
4,1,864,0,0,300,0.5,572,0.32,486,0.18,1
4,2,537,1,0,300,0.5,1700,0.5,1
4,3,57,1,0,500,0.6,1000,0.2,1400,0.2,1
4,4,733,0,0,300,0.5,1700,0.5,1
4,5,581,1,0,300,0.5,1700,0.5,1
4,6,337,1,0,300,0.5,572,0.32,486,0.18,1
4,7,834,0,0,300,0.5,572,0.32,486,0.18,1
4,8,594,0,0,666,0.42,420,0.58,1
4,9,752,0,0,500,0.6,1000,0.2,1400,0.2,1
4,10,562,2,10,5,0,666,0.42,420,0.58,1
4,11,147,0,0,500,0.6,1000,0.2,1400,0.2,1
5,0,345,0,0,500,0.6,1000,0.2,1400,0.2,1
5,1,900,1,0,500,0.6,1000,0.2,1400,0.2,1
5,2,937,1,0,300,0.5,572,0.32,486,0.18,1
5,3,852,0,0,500,0.6,1000,0.2,1400,0.2,1
5,4,696,0,0,666,0.42,420,0.58,1
5,5,219,1,0,300,0.5,1700,0.5,1
5,6,194,0,0,666,0.42,420,0.58,1
5,7,961,2,10,5,0,666,0.42,420,0.58,1
5,8,639,1,0,500,0.6,1000,0.2,1400,0.2,1
5,9,895,2,10,5,0,500,0.6,1000,0.2,1400,0.2,1
5,10,830,1,0,300,0.5,1700,0.5,1
5,11,438,0,0,500,0.6,1000,0.2,1400,0.2,1
6,0,231,0,0,500,0.6,1000,0.2,1400,0.2,1
6,1,329,0,0,300,0.5,572,0.32,486,0.18,1
6,2,215,2,10,5,0,500,0.6,1000,0.2,1400,0.2,1
6,3,588,1,0,300,0.5,1700,0.5,1
6,4,58,1,0,300,0.5,1700,0.5,1
6,5,168,1,0,300,0.5,572,0.32,486,0.18,1
6,6,66,2,10,5,0,500,0.6,1000,0.2,1400,0.2,1
6,7,511,2,10,5,0,666,0.42,420,0.58,1
6,8,911,2,10,5,0,300,0.5,1700,0.5,1
6,9,881,2,10,5,0,300,0.5,1700,0.5,1
6,10,538,0,0,666,0.42,420,0.58,1
6,11,726,2,10,5,0,300,0.5,1700,0.5,1
7,0,179,2,10,5,0,300,0.5,1700,0.5,1
7,1,887,1,0,666,0.42,420,0.58,1
7,2,251,1,0,500,0.6,1000,0.2,1400,0.2,1
7,3,889,1,0,300,0.5,572,0.32,486,0.18,1
7,4,447,2,10,5,0,300,0.5,572,0.32,486,0.18,1
7,5,305,2,10,5,0,300,0.5,1700,0.5,1
7,6,46,0,0,666,0.42,420,0.58,1
7,7,158,2,10,5,0,300,0.5,572,0.32,486,0.18,1
7,8,823,0,0,300,0.5,1700,0.5,1
7,9,598,2,10,5,0,300,0.5,572,0.32,486,0.18,1
7,10,543,1,0,300,0.5,572,0.32,486,0.18,1
7,11,623,1,0,666,0.42,420,0.58,1
8,0,394,0,0,666,0.42,420,0.58,1
8,1,976,2,10,5,0,666,0.42,420,0.58,1
8,2,172,2,10,5,0,666,0.42,420,0.58,1
8,3,430,1,0,666,0.42,420,0.58,1
8,4,732,1,0,300,0.5,572,0.32,486,0.18,1
8,5,857,0,0,300,0.5,1700,0.5,1
8,6,650,2,10,5,0,300,0.5,1700,0.5,1
8,7,239,1,0,500,0.6,1000,0.2,1400,0.2,1
8,8,919,2,10,5,0,500,0.6,1000,0.2,1400,0.2,1
8,9,60,1,0,300,0.5,572,0.32,486,0.18,1
8,10,788,0,0,300,0.5,1700,0.5,1
8,11,394,0,0,500,0.6,1000,0.2,1400,0.2,1
9,0,783,2,10,5,0,300,0.5,572,0.32,486,0.18,1
9,1,492,2,10,5,0,300,0.5,572,0.32,486,0.18,1
9,2,955,2,10,5,0,300,0.5,572,0.32,486,0.18,1
9,3,939,0,0,300,0.5,1700,0.5,1
9,4,908,2,10,5,0,666,0.42,420,0.58,1
9,5,364,2,10,5,0,500,0.6,1000,0.2,1400,0.2,1
9,6,379,1,0,300,0.5,1700,0.5,1
9,7,446,1,0,666,0.42,420,0.58,1
9,8,456,1,0,666,0.42,420,0.58,1
9,9,731,0,0,300,0.5,1700,0.5,1
9,10,808,2,10,5,0,500,0.6,1000,0.2,1400,0.2,1
9,11,349,2,10,5,0,300,0.5,1700,0.5,1
10,0,292,2,10,5,0,500,0.6,1000,0.2,1400,0.2,1
10,1,965,0,0,500,0.6,1000,0.2,1400,0.2,1
10,2,32,1,0,300,0.5,1700,0.5,1
10,3,418,0,0,300,0.5,572,0.32,486,0.18,1
10,4,665,0,0,500,0.6,1000,0.2,1400,0.2,1
10,5,124,1,0,300,0.5,1700,0.5,1
10,6,488,0,0,666,0.42,420,0.58,1
10,7,808,2,10,5,0,300,0.5,572,0.32,486,0.18,1
10,8,32,0,0,300,0.5,1700,0.5,1
10,9,773,2,10,5,0,300,0.5,1700,0.5,1
10,10,169,1,0,666,0.42,420,0.58,1
10,11,576,0,0,300,0.5,572,0.32,486,0.18,1
11,0,738,1,0,666,0.42,420,0.58,1
11,1,790,1,0,300,0.5,1700,0.5,1
11,2,929,2,10,5,0,500,0.6,1000,0.2,1400,0.2,1
11,3,348,1,0,500,0.6,1000,0.2,1400,0.2,1
11,4,859,0,0,300,0.5,1700,0.5,1
11,5,254,1,0,500,0.6,1000,0.2,1400,0.2,1
11,6,495,1,0,300,0.5,1700,0.5,1
11,7,574,2,10,5,0,666,0.42,420,0.58,1
11,8,575,0,0,666,0.42,420,0.58,1
11,9,162,1,0,300,0.5,572,0.32,486,0.18,1
11,10,990,1,0,500,0.6,1000,0.2,1400,0.2,1
11,11,698,2,10,5,0,500,0.6,1000,0.2,1400,0.2,1
