0,0,113,0,0,500,0.6,1000,0.2,1400,0.2,1
0,1,264,2,10,5,0,300,0.5,1700,0.5,1
0,2,521,0,0,500,0.6,1000,0.2,1400,0.2,1
0,3,950,2,10,5,0,500,0.6,1000,0.2,1400,0.2,1
0,4,994,2,10,5,0,300,0.5,1700,0.5,1
0,5,898,0,0,300,0.5,1700,0.5,1
0,6,344,0,0,300,0.5,1700,0.5,1
0,7,173,2,10,5,0,300,0.5,1700,0.5,1
0,8,20,2,10,5,0,300,0.5,1700,0.5,1
0,9,115,0,0,300,0.5,1700,0.5,1
0,10,252,2,10,5,0,500,0.6,1000,0.2,1400,0.2,1
0,11,956,0,0,300,0.5,572,0.32,486,0.18,1
1,0,74,2,10,5,0,300,0.5,1700,0.5,0
1,1,538,2,10,5,0,500,0.6,1000,0.2,1400,0.2,0
1,2,377,0,0,666,0.42,420,0.58,0
1,3,630,2,10,5,0,300,0.5,1700,0.5,0
1,4,857,1,0,666,0.42,420,0.58,0
1,5,971,2,10,5,0,666,0.42,420,0.58,0
1,6,87,1,0,300,0.5,1700,0.5,0
1,7,655,2,10,5,0,500,0.6,1000,0.2,1400,0.2,0
1,8,280,1,0,666,0.42,420,0.58,0
1,9,634,1,0,300,0.5,572,0.32,486,0.18,0
1,10,882,2,10,5,0,500,0.6,1000,0.2,1400,0.2,0
1,11,574,2,10,5,0,500,0.6,1000,0.2,1400,0.2,0
2,0,799,1,0,666,0.42,420,0.58,1
2,1,116,0,0,300,0.5,572,0.32,486,0.18,1
2,2,959,2,10,5,0,500,0.6,1000,0.2,1400,0.2,1
2,3,694,2,10,5,0,500,0.6,1000,0.2,1400,0.2,1
2,4,725,2,10,5,0,666,0.42,420,0.58,1
2,5,31,2,10,5,0,666,0.42,420,0.58,1
2,6,59,0,0,666,0.42,420,0.58,1
2,7,321,0,0,666,0.42,420,0.58,1
2,8,314,0,0,300,0.5,572,0.32,486,0.18,1
2,9,451,0,0,500,0.6,1000,0.2,1400,0.2,1
2,10,966,1,0,300,0.5,1700,0.5,1
2,11,286,1,0,300,0.5,572,0.32,486,0.18,1
3,0,484,1,0,300,0.5,572,0.32,486,0.18,1
3,1,616,1,0,300,0.5,1700,0.5,1
3,2,661,0,0,300,0.5,572,0.32,486,0.18,1
3,3,765,1,0,300,0.5,572,0.32,486,0.18,1
3,4,420,2,10,5,0,666,0.42,420,0.58,1
3,5,272,0,0,666,0.42,420,0.58,1
3,6,105,0,0,500,0.6,1000,0.2,1400,0.2,1
3,7,549,0,0,666,0.42,420,0.58,1
3,8,270,2,10,5,0,500,0.6,1000,0.2,1400,0.2,1
3,9,742,0,0,666,0.42,420,0.58,1
3,10,679,0,0,300,0.5,1700,0.5,1
3,11,124,2,10,5,0,666,0.42,420,0.58,1
4,0,28,2,10,5,0,300,0.5,572,0.32,486,0.18,1
4,1,542,2,10,5,0,300,0.5,572,0.32,486,0.18,1
4,2,138,2,10,5,0,300,0.5,572,0.32,486,0.18,1
4,3,32,2,10,5,0,300,0.5,1700,0.5,1
4,4,32,0,0,300,0.5,572,0.32,486,0.18,1
4,5,178,2,10,5,0,500,0.6,1000,0.2,1400,0.2,1
4,6,140,0,0,300,0.5,1700,0.5,1
4,7,793,0,0,300,0.5,1700,0.5,1
4,8,918,1,0,300,0.5,572,0.32,486,0.18,1
4,9,266,0,0,500,0.6,1000,0.2,1400,0.2,1
4,10,12,2,10,5,0,666,0.42,420,0.58,1
4,11,268,1,0,300,0.5,572,0.32,486,0.18,1
5,0,378,0,0,666,0.42,420,0.58,1
5,1,417,2,10,5,0,300,0.5,572,0.32,486,0.18,1
5,2,338,1,0,300,0.5,572,0.32,486,0.18,1
5,3,714,2,10,5,0,300,0.5,1700,0.5,1
5,4,758,1,0,666,0.42,420,0.58,1
5,5,20,0,0,300,0.5,1700,0.5,1
5,6,618,2,10,5,0,300,0.5,1700,0.5,1
5,7,454,1,0,666,0.42,420,0.58,1
5,8,169,2,10,5,0,500,0.6,1000,0.2,1400,0.2,1
5,9,766,0,0,300,0.5,572,0.32,486,0.18,1
5,10,70,0,0,500,0.6,1000,0.2,1400,0.2,1
5,11,463,0,0,300,0.5,1700,0.5,1
6,0,263,1,0,300,0.5,572,0.32,486,0.18,1
6,1,247,0,0,300,0.5,572,0.32,486,0.18,1
6,2,959,1,0,666,0.42,420,0.58,1
6,3,532,1,0,666,0.42,420,0.58,1
6,4,252,0,0,300,0.5,1700,0.5,1
6,5,19,2,10,5,0,666,0.42,420,0.58,1
6,6,793,0,0,300,0.5,1700,0.5,1
6,7,678,1,0,666,0.42,420,0.58,1
6,8,467,2,10,5,0,300,0.5,572,0.32,486,0.18,1
6,9,76,2,10,5,0,500,0.6,1000,0.2,1400,0.2,1
6,10,532,1,0,666,0.42,420,0.58,1
6,11,659,0,0,666,0.42,420,0.58,1
7,0,837,0,0,300,0.5,572,0.32,486,0.18,1
7,1,960,1,0,300,0.5,1700,0.5,1
7,2,756,2,10,5,0,300,0.5,1700,0.5,1
7,3,39,1,0,300,0.5,572,0.32,486,0.18,1
7,4,192,0,0,300,0.5,572,0.32,486,0.18,1
7,5,192,0,0,500,0.6,1000,0.2,1400,0.2,1
7,6,134,1,0,500,0.6,1000,0.2,1400,0.2,1
7,7,205,2,10,5,0,666,0.42,420,0.58,1
7,8,50,0,0,500,0.6,1000,0.2,1400,0.2,1
7,9,979,2,10,5,0,666,0.42,420,0.58,1
7,10,466,1,0,300,0.5,572,0.32,486,0.18,1
7,11,615,2,10,5,0,666,0.42,420,0.58,1
8,0,923,1,0,666,0.42,420,0.58,1
8,1,740,1,0,300,0.5,572,0.32,486,0.18,1
8,2,792,1,0,666,0.42,420,0.58,1
8,3,243,2,10,5,0,666,0.42,420,0.58,1
8,4,973,2,10,5,0,300,0.5,1700,0.5,1
8,5,594,2,10,5,0,500,0.6,1000,0.2,1400,0.2,1
8,6,622,2,10,5,0,666,0.42,420,0.58,1
8,7,479,2,10,5,0,300,0.5,572,0.32,486,0.18,1
8,8,959,0,0,300,0.5,1700,0.5,1
8,9,754,2,10,5,0,500,0.6,1000,0.2,1400,0.2,1
8,10,364,0,0,300,0.5,572,0.32,486,0.18,1
8,11,857,2,10,5,0,300,0.5,572,0.32,486,0.18,1
9,0,584,1,0,300,0.5,1700,0.5,1
9,1,947,0,0,300,0.5,1700,0.5,1
9,2,529,0,0,300,0.5,572,0.32,486,0.18,1
9,3,889,2,10,5,0,300,0.5,572,0.32,486,0.18,1
9,4,889,0,0,500,0.6,1000,0.2,1400,0.2,1
9,5,49,0,0,666,0.42,420,0.58,1
9,6,29,0,0,300,0.5,572,0.32,486,0.18,1
9,7,514,2,10,5,0,500,0.6,1000,0.2,1400,0.2,1
9,8,743,0,0,666,0.42,420,0.58,1
9,9,619,1,0,300,0.5,572,0.32,486,0.18,1
9,10,61,2,10,5,0,500,0.6,1000,0.2,1400,0.2,1
9,11,844,0,0,666,0.42,420,0.58,1
10,0,58,2,10,5,0,500,0.6,1000,0.2,1400,0.2,1
10,1,670,0,0,300,0.5,1700,0.5,1
10,2,430,0,0,500,0.6,1000,0.2,1400,0.2,1
10,3,111,1,0,300,0.5,572,0.32,486,0.18,1
10,4,310,0,0,666,0.42,420,0.58,1
10,5,178,0,0,300,0.5,572,0.32,486,0.18,1
10,6,402,2,10,5,0,666,0.42,420,0.58,1
10,7,332,2,10,5,0,666,0.42,420,0.58,1
10,8,481,0,0,500,0.6,1000,0.2,1400,0.2,1
10,9,46,0,0,500,0.6,1000,0.2,1400,0.2,1
10,10,842,0,0,300,0.5,1700,0.5,1
10,11,141,2,10,5,0,666,0.42,420,0.58,1
11,0,864,1,0,666,0.42,420,0.58,1
11,1,158,2,10,5,0,666,0.42,420,0.58,1
11,2,85,2,10,5,0,666,0.42,420,0.58,1
11,3,885,1,0,500,0.6,1000,0.2,1400,0.2,1
11,4,897,2,10,5,0,300,0.5,572,0.32,486,0.18,1
11,5,20,0,0,300,0.5,572,0.32,486,0.18,1
11,6,623,0,0,666,0.42,420,0.58,1
11,7,189,1,0,500,0.6,1000,0.2,1400,0.2,1
11,8,828,2,10,5,0,500,0.6,1000,0.2,1400,0.2,1
11,9,544,0,0,500,0.6,1000,0.2,1400,0.2,1
11,10,802,2,10,5,0,300,0.5,1700,0.5,1
11,11,97,1,0,500,0.6,1000,0.2,1400,0.2,1
