0,0,599,1,0,500,0.6,1000,0.2,1400,0.2,1
0,1,828,2,10,5,0,300,0.5,1700,0.5,1
0,2,588,0,0,500,0.6,1000,0.2,1400,0.2,1
0,3,888,0,0,666,0.42,420,0.58,1
0,4,473,2,10,5,0,500,0.6,1000,0.2,1400,0.2,1
0,5,152,2,10,5,0,300,0.5,572,0.32,486,0.18,1
0,6,615,0,0,300,0.5,572,0.32,486,0.18,1
0,7,871,0,0,666,0.42,420,0.58,1
0,8,969,1,0,500,0.6,1000,0.2,1400,0.2,1
0,9,998,0,0,300,0.5,1700,0.5,1
0,10,440,2,10,5,0,500,0.6,1000,0.2,1400,0.2,1
0,11,38,0,0,300,0.5,572,0.32,486,0.18,1
1,0,786,1,0,500,0.6,1000,0.2,1400,0.2,0
1,1,480,0,0,300,0.5,572,0.32,486,0.18,0
1,2,316,1,0,300,0.5,1700,0.5,0
1,3,842,1,0,666,0.42,420,0.58,0
1,4,66,2,10,5,0,300,0.5,1700,0.5,0
1,5,111,1,0,666,0.42,420,0.58,0
1,6,944,2,10,5,0,300,0.5,1700,0.5,0
1,7,387,0,0,300,0.5,1700,0.5,0
1,8,217,2,10,5,0,300,0.5,572,0.32,486,0.18,0
1,9,882,0,0,300,0.5,1700,0.5,0
1,10,900,1,0,300,0.5,572,0.32,486,0.18,0
1,11,988,2,10,5,0,500,0.6,1000,0.2,1400,0.2,0
2,0,468,0,0,500,0.6,1000,0.2,1400,0.2,1
2,1,281,1,0,500,0.6,1000,0.2,1400,0.2,1
2,2,258,2,10,5,0,666,0.42,420,0.58,1
2,3,111,0,0,300,0.5,1700,0.5,1
2,4,597,2,10,5,0,500,0.6,1000,0.2,1400,0.2,1
2,5,330,0,0,300,0.5,1700,0.5,1
2,6,794,0,0,300,0.5,1700,0.5,1
2,7,960,2,10,5,0,300,0.5,1700,0.5,1
2,8,386,1,0,300,0.5,572,0.32,486,0.18,1
2,9,556,0,0,300,0.5,1700,0.5,1
2,10,397,1,0,666,0.42,420,0.58,1
2,11,791,1,0,666,0.42,420,0.58,1
3,0,982,0,0,300,0.5,572,0.32,486,0.18,1
3,1,516,0,0,300,0.5,572,0.32,486,0.18,1
3,2,737,1,0,300,0.5,572,0.32,486,0.18,1
3,3,149,1,0,500,0.6,1000,0.2,1400,0.2,1
3,4,978,1,0,300,0.5,1700,0.5,1
3,5,429,2,10,5,0,500,0.6,1000,0.2,1400,0.2,1
3,6,190,1,0,500,0.6,1000,0.2,1400,0.2,1
3,7,792,0,0,300,0.5,572,0.32,486,0.18,1
3,8,520,1,0,500,0.6,1000,0.2,1400,0.2,1
3,9,11,1,0,300,0.5,572,0.32,486,0.18,1
3,10,331,2,10,5,0,500,0.6,1000,0.2,1400,0.2,1
3,11,489,0,0,300,0.5,572,0.32,486,0.18,1
4,0,201,2,10,5,0,300,0.5,1700,0.5,1
4,1,207,0,0,500,0.6,1000,0.2,1400,0.2,1
4,2,952,2,10,5,0,300,0.5,1700,0.5,1
4,3,178,2,10,5,0,300,0.5,572,0.32,486,0.18,1
4,4,305,1,0,666,0.42,420,0.58,1
4,5,824,0,0,666,0.42,420,0.58,1
4,6,557,0,0,300,0.5,572,0.32,486,0.18,1
4,7,922,0,0,300,0.5,1700,0.5,1
4,8,342,2,10,5,0,666,0.42,420,0.58,1
4,9,260,0,0,300,0.5,1700,0.5,1
4,10,65,2,10,5,0,300,0.5,572,0.32,486,0.18,1
4,11,684,0,0,300,0.5,1700,0.5,1
5,0,308,1,0,300,0.5,572,0.32,486,0.18,1
5,1,979,2,10,5,0,300,0.5,1700,0.5,1
5,2,965,1,0,300,0.5,572,0.32,486,0.18,1
5,3,95,1,0,500,0.6,1000,0.2,1400,0.2,1
5,4,491,0,0,500,0.6,1000,0.2,1400,0.2,1
5,5,628,1,0,300,0.5,1700,0.5,1
5,6,403,0,0,500,0.6,1000,0.2,1400,0.2,1
5,7,663,1,0,666,0.42,420,0.58,1
5,8,457,0,0,500,0.6,1000,0.2,1400,0.2,1
5,9,865,1,0,300,0.5,572,0.32,486,0.18,1
5,10,210,1,0,300,0.5,572,0.32,486,0.18,1
5,11,307,2,10,5,0,300,0.5,1700,0.5,1
6,0,523,0,0,500,0.6,1000,0.2,1400,0.2,1
6,1,213,1,0,666,0.42,420,0.58,1
6,2,353,2,10,5,0,666,0.42,420,0.58,1
6,3,570,1,0,666,0.42,420,0.58,1
6,4,980,0,0,500,0.6,1000,0.2,1400,0.2,1
6,5,158,1,0,300,0.5,572,0.32,486,0.18,1
6,6,725,0,0,300,0.5,572,0.32,486,0.18,1
6,7,897,0,0,666,0.42,420,0.58,1
6,8,942,1,0,300,0.5,572,0.32,486,0.18,1
6,9,823,0,0,500,0.6,1000,0.2,1400,0.2,1
6,10,641,2,10,5,0,666,0.42,420,0.58,1
6,11,93,2,10,5,0,500,0.6,1000,0.2,1400,0.2,1
7,0,184,0,0,500,0.6,1000,0.2,1400,0.2,1
7,1,283,0,0,300,0.5,572,0.32,486,0.18,1
7,2,516,0,0,300,0.5,572,0.32,486,0.18,1
7,3,765,1,0,500,0.6,1000,0.2,1400,0.2,1
7,4,803,0,0,300,0.5,1700,0.5,1
7,5,645,0,0,300,0.5,572,0.32,486,0.18,1
7,6,24,0,0,300,0.5,572,0.32,486,0.18,1
7,7,110,0,0,500,0.6,1000,0.2,1400,0.2,1
7,8,825,2,10,5,0,300,0.5,572,0.32,486,0.18,1
7,9,676,1,0,500,0.6,1000,0.2,1400,0.2,1
7,10,40,1,0,666,0.42,420,0.58,1
7,11,598,2,10,5,0,300,0.5,572,0.32,486,0.18,1
8,0,37,2,10,5,0,666,0.42,420,0.58,1
8,1,38,0,0,300,0.5,1700,0.5,1
8,2,176,0,0,300,0.5,1700,0.5,1
8,3,803,1,0,300,0.5,572,0.32,486,0.18,1
8,4,298,1,0,666,0.42,420,0.58,1
8,5,878,1,0,500,0.6,1000,0.2,1400,0.2,1
8,6,273,1,0,666,0.42,420,0.58,1
8,7,724,2,10,5,0,666,0.42,420,0.58,1
8,8,204,1,0,500,0.6,1000,0.2,1400,0.2,1
8,9,956,0,0,500,0.6,1000,0.2,1400,0.2,1
8,10,161,0,0,500,0.6,1000,0.2,1400,0.2,1
8,11,818,1,0,500,0.6,1000,0.2,1400,0.2,1
9,0,508,1,0,300,0.5,1700,0.5,1
9,1,239,2,10,5,0,300,0.5,1700,0.5,1
9,2,342,2,10,5,0,300,0.5,572,0.32,486,0.18,1
9,3,605,2,10,5,0,500,0.6,1000,0.2,1400,0.2,1
9,4,82,2,10,5,0,666,0.42,420,0.58,1
9,5,543,1,0,666,0.42,420,0.58,1
9,6,132,2,10,5,0,300,0.5,1700,0.5,1
9,7,396,2,10,5,0,300,0.5,572,0.32,486,0.18,1
9,8,873,2,10,5,0,666,0.42,420,0.58,1
9,9,664,0,0,666,0.42,420,0.58,1
9,10,888,2,10,5,0,666,0.42,420,0.58,1
9,11,921,2,10,5,0,666,0.42,420,0.58,1
10,0,388,2,10,5,0,300,0.5,572,0.32,486,0.18,1
10,1,554,2,10,5,0,666,0.42,420,0.58,1
10,2,977,2,10,5,0,300,0.5,1700,0.5,1
10,3,947,1,0,666,0.42,420,0.58,1
10,4,938,1,0,500,0.6,1000,0.2,1400,0.2,1
10,5,759,0,0,500,0.6,1000,0.2,1400,0.2,1
10,6,48,1,0,500,0.6,1000,0.2,1400,0.2,1
10,7,940,0,0,300,0.5,572,0.32,486,0.18,1
10,8,421,0,0,666,0.42,420,0.58,1
10,9,462,0,0,300,0.5,572,0.32,486,0.18,1
10,10,422,1,0,300,0.5,1700,0.5,1
10,11,77,2,10,5,0,300,0.5,1700,0.5,1
11,0,451,1,0,666,0.42,420,0.58,1
11,1,387,2,10,5,0,300,0.5,1700,0.5,1
11,2,590,2,10,5,0,666,0.42,420,0.58,1
11,3,900,2,10,5,0,300,0.5,1700,0.5,1
11,4,835,2,10,5,0,300,0.5,572,0.32,486,0.18,1
11,5,895,2,10,5,0,300,0.5,572,0.32,486,0.18,1
11,6,711,0,0,300,0.5,1700,0.5,1
11,7,666,2,10,5,0,666,0.42,420,0.58,1
11,8,942,0,0,666,0.42,420,0.58,1
11,9,381,1,0,666,0.42,420,0.58,1
11,10,704,2,10,5,0,300,0.5,1700,0.5,1
11,11,695,2,10,5,0,500,0.6,1000,0.2,1400,0.2,1
