0,0,803,1,0,300,0.5,1700,0.5,1
0,1,447,1,0,666,0.42,420,0.58,1
0,2,851,0,0,300,0.5,572,0.32,486,0.18,1
0,3,30,1,0,666,0.42,420,0.58,1
0,4,622,0,0,500,0.6,1000,0.2,1400,0.2,1
0,5,752,0,0,300,0.5,1700,0.5,1
0,6,899,0,0,500,0.6,1000,0.2,1400,0.2,1
0,7,339,2,10,5,0,300,0.5,1700,0.5,1
0,8,366,1,0,300,0.5,1700,0.5,1
0,9,615,0,0,300,0.5,1700,0.5,1
0,10,479,1,0,500,0.6,1000,0.2,1400,0.2,1
0,11,968,2,10,5,0,666,0.42,420,0.58,1
1,0,460,0,0,666,0.42,420,0.58,0
1,1,504,1,0,500,0.6,1000,0.2,1400,0.2,0
1,2,148,2,10,5,0,666,0.42,420,0.58,0
1,3,870,1,0,500,0.6,1000,0.2,1400,0.2,0
1,4,203,0,0,300,0.5,572,0.32,486,0.18,0
1,5,289,0,0,500,0.6,1000,0.2,1400,0.2,0
1,6,723,0,0,300,0.5,1700,0.5,0
1,7,361,0,0,300,0.5,1700,0.5,0
1,8,295,1,0,300,0.5,1700,0.5,0
1,9,65,1,0,666,0.42,420,0.58,0
1,10,374,2,10,5,0,500,0.6,1000,0.2,1400,0.2,0
1,11,255,0,0,300,0.5,1700,0.5,0
2,0,22,2,10,5,0,300,0.5,1700,0.5,1
2,1,831,2,10,5,0,500,0.6,1000,0.2,1400,0.2,1
2,2,928,0,0,666,0.42,420,0.58,1
2,3,812,2,10,5,0,300,0.5,572,0.32,486,0.18,1
2,4,737,1,0,500,0.6,1000,0.2,1400,0.2,1
2,5,664,0,0,300,0.5,572,0.32,486,0.18,1
2,6,454,2,10,5,0,300,0.5,572,0.32,486,0.18,1
2,7,899,1,0,666,0.42,420,0.58,1
2,8,922,1,0,666,0.42,420,0.58,1
2,9,34,0,0,300,0.5,1700,0.5,1
2,10,464,0,0,666,0.42,420,0.58,1
2,11,337,2,10,5,0,300,0.5,572,0.32,486,0.18,1
3,0,458,0,0,300,0.5,572,0.32,486,0.18,1
3,1,774,0,0,500,0.6,1000,0.2,1400,0.2,1
3,2,482,0,0,666,0.42,420,0.58,1
3,3,307,2,10,5,0,300,0.5,572,0.32,486,0.18,1
3,4,899,1,0,500,0.6,1000,0.2,1400,0.2,1
3,5,346,1,0,300,0.5,1700,0.5,1
3,6,827,2,10,5,0,666,0.42,420,0.58,1
3,7,566,1,0,300,0.5,1700,0.5,1
3,8,835,2,10,5,0,300,0.5,572,0.32,486,0.18,1
3,9,950,0,0,300,0.5,1700,0.5,1
3,10,250,1,0,300,0.5,1700,0.5,1
3,11,117,2,10,5,0,300,0.5,572,0.32,486,0.18,1
4,0,623,1,0,300,0.5,1700,0.5,1
4,1,359,1,0,666,0.42,420,0.58,1
4,2,63,0,0,300,0.5,572,0.32,486,0.18,1
4,3,884,2,10,5,0,300,0.5,572,0.32,486,0.18,1
4,4,36,2,10,5,0,300,0.5,572,0.32,486,0.18,1
4,5,577,0,0,666,0.42,420,0.58,1
4,6,80,2,10,5,0,300,0.5,572,0.32,486,0.18,1
4,7,546,1,0,500,0.6,1000,0.2,1400,0.2,1
4,8,60,2,10,5,0,300,0.5,1700,0.5,1
4,9,943,2,10,5,0,500,0.6,1000,0.2,1400,0.2,1
4,10,146,1,0,300,0.5,572,0.32,486,0.18,1
4,11,252,1,0,300,0.5,572,0.32,486,0.18,1
5,0,661,2,10,5,0,500,0.6,1000,0.2,1400,0.2,1
5,1,544,2,10,5,0,300,0.5,1700,0.5,1
5,2,245,1,0,666,0.42,420,0.58,1
5,3,243,2,10,5,0,500,0.6,1000,0.2,1400,0.2,1
5,4,914,2,10,5,0,500,0.6,1000,0.2,1400,0.2,1
5,5,644,1,0,300,0.5,1700,0.5,1
5,6,208,0,0,666,0.42,420,0.58,1
5,7,745,2,10,5,0,666,0.42,420,0.58,1
5,8,124,0,0,666,0.42,420,0.58,1
5,9,950,1,0,300,0.5,1700,0.5,1
5,10,826,0,0,300,0.5,572,0.32,486,0.18,1
5,11,612,0,0,500,0.6,1000,0.2,1400,0.2,1
6,0,478,1,0,500,0.6,1000,0.2,1400,0.2,1
6,1,475,0,0,300,0.5,572,0.32,486,0.18,1
6,2,491,2,10,5,0,300,0.5,572,0.32,486,0.18,1
6,3,325,0,0,500,0.6,1000,0.2,1400,0.2,1
6,4,987,1,0,666,0.42,420,0.58,1
6,5,987,2,10,5,0,666,0.42,420,0.58,1
6,6,539,2,10,5,0,666,0.42,420,0.58,1
6,7,785,0,0,666,0.42,420,0.58,1
6,8,37,1,0,300,0.5,1700,0.5,1
6,9,597,2,10,5,0,300,0.5,1700,0.5,1
6,10,563,1,0,500,0.6,1000,0.2,1400,0.2,1
6,11,677,2,10,5,0,300,0.5,1700,0.5,1
7,0,354,2,10,5,0,666,0.42,420,0.58,1
7,1,607,1,0,666,0.42,420,0.58,1
7,2,792,2,10,5,0,300,0.5,1700,0.5,1
7,3,483,2,10,5,0,300,0.5,1700,0.5,1
7,4,512,1,0,300,0.5,572,0.32,486,0.18,1
7,5,195,1,0,500,0.6,1000,0.2,1400,0.2,1
7,6,338,2,10,5,0,300,0.5,1700,0.5,1
7,7,424,0,0,500,0.6,1000,0.2,1400,0.2,1
7,8,912,1,0,300,0.5,1700,0.5,1
7,9,979,2,10,5,0,666,0.42,420,0.58,1
7,10,892,1,0,300,0.5,1700,0.5,1
7,11,80,0,0,300,0.5,1700,0.5,1
8,0,487,2,10,5,0,300,0.5,1700,0.5,1
8,1,958,0,0,300,0.5,1700,0.5,1
8,2,930,0,0,500,0.6,1000,0.2,1400,0.2,1
8,3,751,0,0,500,0.6,1000,0.2,1400,0.2,1
8,4,859,2,10,5,0,300,0.5,572,0.32,486,0.18,1
8,5,794,0,0,300,0.5,572,0.32,486,0.18,1
8,6,966,2,10,5,0,300,0.5,572,0.32,486,0.18,1
8,7,664,2,10,5,0,300,0.5,572,0.32,486,0.18,1
8,8,352,2,10,5,0,300,0.5,1700,0.5,1
8,9,368,2,10,5,0,666,0.42,420,0.58,1
8,10,958,0,0,300,0.5,1700,0.5,1
8,11,734,2,10,5,0,300,0.5,1700,0.5,1
9,0,813,1,0,300,0.5,1700,0.5,1
9,1,472,2,10,5,0,666,0.42,420,0.58,1
9,2,87,1,0,666,0.42,420,0.58,1
9,3,77,1,0,300,0.5,1700,0.5,1
9,4,609,2,10,5,0,500,0.6,1000,0.2,1400,0.2,1
9,5,169,2,10,5,0,500,0.6,1000,0.2,1400,0.2,1
9,6,963,2,10,5,0,666,0.42,420,0.58,1
9,7,571,1,0,666,0.42,420,0.58,1
9,8,329,0,0,300,0.5,572,0.32,486,0.18,1
9,9,482,0,0,300,0.5,572,0.32,486,0.18,1
9,10,592,2,10,5,0,666,0.42,420,0.58,1
9,11,98,0,0,300,0.5,572,0.32,486,0.18,1
10,0,934,2,10,5,0,666,0.42,420,0.58,1
10,1,522,0,0,666,0.42,420,0.58,1
10,2,897,2,10,5,0,300,0.5,1700,0.5,1
10,3,719,1,0,300,0.5,1700,0.5,1
10,4,927,0,0,300,0.5,572,0.32,486,0.18,1
10,5,795,2,10,5,0,666,0.42,420,0.58,1
10,6,774,1,0,666,0.42,420,0.58,1
10,7,97,2,10,5,0,500,0.6,1000,0.2,1400,0.2,1
10,8,254,2,10,5,0,300,0.5,1700,0.5,1
10,9,75,0,0,500,0.6,1000,0.2,1400,0.2,1
10,10,532,2,10,5,0,300,0.5,1700,0.5,1
10,11,241,2,10,5,0,666,0.42,420,0.58,1
11,0,901,0,0,500,0.6,1000,0.2,1400,0.2,1
11,1,828,1,0,500,0.6,1000,0.2,1400,0.2,1
11,2,631,2,10,5,0,300,0.5,1700,0.5,1
11,3,776,0,0,300,0.5,1700,0.5,1
11,4,648,2,10,5,0,666,0.42,420,0.58,1
11,5,624,1,0,500,0.6,1000,0.2,1400,0.2,1
11,6,590,0,0,500,0.6,1000,0.2,1400,0.2,1
11,7,187,1,0,500,0.6,1000,0.2,1400,0.2,1
11,8,440,1,0,500,0.6,1000,0.2,1400,0.2,1
11,9,598,2,10,5,0,500,0.6,1000,0.2,1400,0.2,1
11,10,98,2,10,5,0,666,0.42,420,0.58,1
11,11,55,0,0,300,0.5,572,0.32,486,0.18,1
