0,0,454,2,10,5,0,666,0.42,420,0.58,1
0,1,219,1,0,300,0.5,572,0.32,486,0.18,1
0,2,494,2,10,5,0,300,0.5,1700,0.5,1
0,3,781,1,0,300,0.5,572,0.32,486,0.18,1
0,4,981,2,10,5,0,300,0.5,1700,0.5,1
0,5,624,2,10,5,0,300,0.5,572,0.32,486,0.18,1
0,6,967,2,10,5,0,666,0.42,420,0.58,1
0,7,51,2,10,5,0,500,0.6,1000,0.2,1400,0.2,1
0,8,814,0,0,500,0.6,1000,0.2,1400,0.2,1
0,9,472,1,0,500,0.6,1000,0.2,1400,0.2,1
0,10,303,1,0,500,0.6,1000,0.2,1400,0.2,1
0,11,109,2,10,5,0,500,0.6,1000,0.2,1400,0.2,1
1,0,21,2,10,5,0,666,0.42,420,0.58,0
1,1,858,0,0,666,0.42,420,0.58,0
1,2,738,1,0,300,0.5,572,0.32,486,0.18,0
1,3,433,1,0,300,0.5,1700,0.5,0
1,4,893,0,0,300,0.5,1700,0.5,0
1,5,947,2,10,5,0,300,0.5,1700,0.5,0
1,6,156,0,0,300,0.5,572,0.32,486,0.18,0
1,7,717,1,0,300,0.5,572,0.32,486,0.18,0
1,8,18,2,10,5,0,500,0.6,1000,0.2,1400,0.2,0
1,9,987,2,10,5,0,300,0.5,1700,0.5,0
1,10,833,1,0,300,0.5,572,0.32,486,0.18,0
1,11,547,2,10,5,0,500,0.6,1000,0.2,1400,0.2,0
2,0,148,2,10,5,0,300,0.5,572,0.32,486,0.18,1
2,1,894,1,0,300,0.5,572,0.32,486,0.18,1
2,2,996,2,10,5,0,500,0.6,1000,0.2,1400,0.2,1
2,3,323,2,10,5,0,666,0.42,420,0.58,1
2,4,659,2,10,5,0,300,0.5,1700,0.5,1
2,5,813,2,10,5,0,300,0.5,1700,0.5,1
2,6,189,0,0,300,0.5,572,0.32,486,0.18,1
2,7,772,0,0,666,0.42,420,0.58,1
2,8,908,1,0,300,0.5,572,0.32,486,0.18,1
2,9,866,0,0,300,0.5,1700,0.5,1
2,10,256,0,0,500,0.6,1000,0.2,1400,0.2,1
2,11,204,1,0,300,0.5,1700,0.5,1
3,0,467,1,0,300,0.5,572,0.32,486,0.18,1
3,1,721,0,0,300,0.5,1700,0.5,1
3,2,198,1,0,300,0.5,1700,0.5,1
3,3,729,1,0,300,0.5,1700,0.5,1
3,4,757,1,0,300,0.5,572,0.32,486,0.18,1
3,5,593,0,0,300,0.5,572,0.32,486,0.18,1
3,6,365,2,10,5,0,500,0.6,1000,0.2,1400,0.2,1
3,7,35,0,0,500,0.6,1000,0.2,1400,0.2,1
3,8,354,2,10,5,0,300,0.5,1700,0.5,1
3,9,230,1,0,500,0.6,1000,0.2,1400,0.2,1
3,10,758,2,10,5,0,500,0.6,1000,0.2,1400,0.2,1
3,11,83,0,0,300,0.5,1700,0.5,1
4,0,181,2,10,5,0,666,0.42,420,0.58,1
4,1,437,1,0,666,0.42,420,0.58,1
4,2,993,0,0,300,0.5,1700,0.5,1
4,3,893,0,0,500,0.6,1000,0.2,1400,0.2,1
4,4,483,0,0,500,0.6,1000,0.2,1400,0.2,1
4,5,519,2,10,5,0,500,0.6,1000,0.2,1400,0.2,1
4,6,288,1,0,300,0.5,572,0.32,486,0.18,1
4,7,252,1,0,666,0.42,420,0.58,1
4,8,962,0,0,300,0.5,1700,0.5,1
4,9,768,0,0,300,0.5,1700,0.5,1
4,10,593,1,0,300,0.5,572,0.32,486,0.18,1
4,11,594,2,10,5,0,500,0.6,1000,0.2,1400,0.2,1
5,0,615,0,0,500,0.6,1000,0.2,1400,0.2,1
5,1,800,1,0,500,0.6,1000,0.2,1400,0.2,1
5,2,150,0,0,300,0.5,1700,0.5,1
5,3,419,2,10,5,0,300,0.5,572,0.32,486,0.18,1
5,4,341,0,0,300,0.5,572,0.32,486,0.18,1
5,5,994,1,0,300,0.5,572,0.32,486,0.18,1
5,6,933,2,10,5,0,500,0.6,1000,0.2,1400,0.2,1
5,7,688,1,0,500,0.6,1000,0.2,1400,0.2,1
5,8,851,0,0,666,0.42,420,0.58,1
5,9,243,2,10,5,0,300,0.5,1700,0.5,1
5,10,163,1,0,500,0.6,1000,0.2,1400,0.2,1
5,11,503,2,10,5,0,300,0.5,1700,0.5,1
6,0,651,0,0,300,0.5,572,0.32,486,0.18,1
6,1,272,1,0,300,0.5,572,0.32,486,0.18,1
6,2,670,0,0,666,0.42,420,0.58,1
6,3,210,2,10,5,0,300,0.5,572,0.32,486,0.18,1
6,4,69,2,10,5,0,300,0.5,1700,0.5,1
6,5,729,1,0,500,0.6,1000,0.2,1400,0.2,1
6,6,878,2,10,5,0,666,0.42,420,0.58,1
6,7,289,0,0,300,0.5,572,0.32,486,0.18,1
6,8,942,1,0,300,0.5,1700,0.5,1
6,9,554,2,10,5,0,666,0.42,420,0.58,1
6,10,746,1,0,666,0.42,420,0.58,1
6,11,687,0,0,300,0.5,572,0.32,486,0.18,1
7,0,716,1,0,300,0.5,1700,0.5,1
7,1,922,2,10,5,0,500,0.6,1000,0.2,1400,0.2,1
7,2,680,2,10,5,0,300,0.5,1700,0.5,1
7,3,42,1,0,300,0.5,1700,0.5,1
7,4,133,1,0,300,0.5,1700,0.5,1
7,5,76,2,10,5,0,300,0.5,1700,0.5,1
7,6,489,0,0,300,0.5,572,0.32,486,0.18,1
7,7,863,0,0,500,0.6,1000,0.2,1400,0.2,1
7,8,51,0,0,500,0.6,1000,0.2,1400,0.2,1
7,9,606,1,0,500,0.6,1000,0.2,1400,0.2,1
7,10,205,0,0,500,0.6,1000,0.2,1400,0.2,1
7,11,718,2,10,5,0,300,0.5,572,0.32,486,0.18,1
8,0,467,2,10,5,0,300,0.5,572,0.32,486,0.18,1
8,1,222,2,10,5,0,500,0.6,1000,0.2,1400,0.2,1
8,2,468,2,10,5,0,300,0.5,1700,0.5,1
8,3,925,0,0,300,0.5,572,0.32,486,0.18,1
8,4,86,1,0,500,0.6,1000,0.2,1400,0.2,1
8,5,28,0,0,300,0.5,572,0.32,486,0.18,1
8,6,826,2,10,5,0,500,0.6,1000,0.2,1400,0.2,1
8,7,196,2,10,5,0,300,0.5,572,0.32,486,0.18,1
8,8,702,0,0,666,0.42,420,0.58,1
8,9,195,1,0,300,0.5,1700,0.5,1
8,10,216,2,10,5,0,666,0.42,420,0.58,1
8,11,679,1,0,666,0.42,420,0.58,1
9,0,342,2,10,5,0,666,0.42,420,0.58,1
9,1,432,2,10,5,0,500,0.6,1000,0.2,1400,0.2,1
9,2,741,1,0,300,0.5,572,0.32,486,0.18,1
9,3,323,1,0,666,0.42,420,0.58,1
9,4,814,2,10,5,0,300,0.5,1700,0.5,1
9,5,814,2,10,5,0,500,0.6,1000,0.2,1400,0.2,1
9,6,632,0,0,666,0.42,420,0.58,1
9,7,553,2,10,5,0,300,0.5,1700,0.5,1
9,8,455,1,0,666,0.42,420,0.58,1
9,9,676,0,0,300,0.5,1700,0.5,1
9,10,267,2,10,5,0,300,0.5,572,0.32,486,0.18,1
9,11,109,1,0,300,0.5,572,0.32,486,0.18,1
10,0,630,1,0,500,0.6,1000,0.2,1400,0.2,1
10,1,360,0,0,666,0.42,420,0.58,1
10,2,463,2,10,5,0,500,0.6,1000,0.2,1400,0.2,1
10,3,203,1,0,300,0.5,1700,0.5,1
10,4,702,1,0,666,0.42,420,0.58,1
10,5,547,1,0,500,0.6,1000,0.2,1400,0.2,1
10,6,45,0,0,300,0.5,1700,0.5,1
10,7,212,2,10,5,0,666,0.42,420,0.58,1
10,8,55,1,0,500,0.6,1000,0.2,1400,0.2,1
10,9,996,1,0,300,0.5,572,0.32,486,0.18,1
10,10,700,0,0,300,0.5,572,0.32,486,0.18,1
10,11,201,1,0,300,0.5,1700,0.5,1
11,0,911,1,0,300,0.5,1700,0.5,1
11,1,203,2,10,5,0,500,0.6,1000,0.2,1400,0.2,1
11,2,178,1,0,300,0.5,572,0.32,486,0.18,1
11,3,882,1,0,300,0.5,1700,0.5,1
11,4,486,2,10,5,0,300,0.5,572,0.32,486,0.18,1
11,5,434,1,0,500,0.6,1000,0.2,1400,0.2,1
11,6,691,2,10,5,0,666,0.42,420,0.58,1
11,7,321,0,0,300,0.5,572,0.32,486,0.18,1
11,8,750,0,0,300,0.5,1700,0.5,1
11,9,563,0,0,666,0.42,420,0.58,1
11,10,101,1,0,300,0.5,572,0.32,486,0.18,1
11,11,774,1,0,300,0.5,1700,0.5,1
