0,0,391,1,0,666,0.42,420,0.58,1
0,1,563,2,10,5,0,300,0.5,1700,0.5,1
0,2,521,0,0,300,0.5,1700,0.5,1
0,3,869,2,10,5,0,300,0.5,1700,0.5,1
0,4,522,0,0,666,0.42,420,0.58,1
0,5,983,0,0,300,0.5,1700,0.5,1
0,6,681,2,10,5,0,500,0.6,1000,0.2,1400,0.2,1
0,7,501,2,10,5,0,300,0.5,572,0.32,486,0.18,1
0,8,432,1,0,666,0.42,420,0.58,1
0,9,472,0,0,500,0.6,1000,0.2,1400,0.2,1
0,10,461,0,0,500,0.6,1000,0.2,1400,0.2,1
0,11,433,1,0,666,0.42,420,0.58,1
1,0,835,1,0,666,0.42,420,0.58,0
1,1,401,2,10,5,0,500,0.6,1000,0.2,1400,0.2,0
1,2,521,1,0,300,0.5,1700,0.5,0
1,3,119,0,0,300,0.5,572,0.32,486,0.18,0
1,4,507,2,10,5,0,500,0.6,1000,0.2,1400,0.2,0
1,5,852,2,10,5,0,300,0.5,572,0.32,486,0.18,0
1,6,956,2,10,5,0,300,0.5,572,0.32,486,0.18,0
1,7,750,2,10,5,0,300,0.5,1700,0.5,0
1,8,434,1,0,666,0.42,420,0.58,0
1,9,684,1,0,500,0.6,1000,0.2,1400,0.2,0
1,10,478,2,10,5,0,666,0.42,420,0.58,0
1,11,931,2,10,5,0,300,0.5,572,0.32,486,0.18,0
2,0,129,2,10,5,0,300,0.5,1700,0.5,1
2,1,596,1,0,300,0.5,1700,0.5,1
2,2,590,2,10,5,0,500,0.6,1000,0.2,1400,0.2,1
2,3,950,2,10,5,0,300,0.5,572,0.32,486,0.18,1
2,4,421,0,0,300,0.5,572,0.32,486,0.18,1
2,5,438,0,0,300,0.5,1700,0.5,1
2,6,558,2,10,5,0,300,0.5,1700,0.5,1
2,7,774,0,0,300,0.5,572,0.32,486,0.18,1
2,8,351,1,0,300,0.5,572,0.32,486,0.18,1
2,9,931,2,10,5,0,300,0.5,572,0.32,486,0.18,1
2,10,282,0,0,500,0.6,1000,0.2,1400,0.2,1
2,11,44,1,0,300,0.5,572,0.32,486,0.18,1
3,0,933,2,10,5,0,300,0.5,572,0.32,486,0.18,1
3,1,804,2,10,5,0,500,0.6,1000,0.2,1400,0.2,1
3,2,682,2,10,5,0,300,0.5,572,0.32,486,0.18,1
3,3,102,2,10,5,0,300,0.5,1700,0.5,1
3,4,568,1,0,500,0.6,1000,0.2,1400,0.2,1
3,5,773,0,0,300,0.5,1700,0.5,1
3,6,576,0,0,300,0.5,572,0.32,486,0.18,1
3,7,288,0,0,300,0.5,572,0.32,486,0.18,1
3,8,103,0,0,300,0.5,572,0.32,486,0.18,1
3,9,449,1,0,300,0.5,572,0.32,486,0.18,1
3,10,220,1,0,300,0.5,572,0.32,486,0.18,1
3,11,38,1,0,300,0.5,572,0.32,486,0.18,1
4,0,187,2,10,5,0,666,0.42,420,0.58,1
4,1,846,0,0,500,0.6,1000,0.2,1400,0.2,1
4,2,945,1,0,666,0.42,420,0.58,1
4,3,635,0,0,300,0.5,572,0.32,486,0.18,1
4,4,755,2,10,5,0,300,0.5,1700,0.5,1
4,5,152,0,0,500,0.6,1000,0.2,1400,0.2,1
4,6,874,1,0,300,0.5,1700,0.5,1
4,7,710,0,0,500,0.6,1000,0.2,1400,0.2,1
4,8,82,1,0,300,0.5,572,0.32,486,0.18,1
4,9,773,2,10,5,0,300,0.5,572,0.32,486,0.18,1
4,10,766,1,0,300,0.5,572,0.32,486,0.18,1
4,11,788,0,0,300,0.5,1700,0.5,1
5,0,161,1,0,300,0.5,572,0.32,486,0.18,1
5,1,281,0,0,300,0.5,1700,0.5,1
5,2,688,2,10,5,0,500,0.6,1000,0.2,1400,0.2,1
5,3,233,0,0,300,0.5,1700,0.5,1
5,4,64,0,0,300,0.5,572,0.32,486,0.18,1
5,5,154,1,0,300,0.5,1700,0.5,1
5,6,995,0,0,666,0.42,420,0.58,1
5,7,649,2,10,5,0,300,0.5,1700,0.5,1
5,8,228,1,0,300,0.5,572,0.32,486,0.18,1
5,9,408,2,10,5,0,300,0.5,572,0.32,486,0.18,1
5,10,943,1,0,300,0.5,572,0.32,486,0.18,1
5,11,545,2,10,5,0,300,0.5,1700,0.5,1
6,0,321,2,10,5,0,500,0.6,1000,0.2,1400,0.2,1
6,1,434,2,10,5,0,500,0.6,1000,0.2,1400,0.2,1
6,2,59,1,0,666,0.42,420,0.58,1
6,3,301,0,0,300,0.5,1700,0.5,1
6,4,388,1,0,300,0.5,1700,0.5,1
6,5,41,2,10,5,0,300,0.5,1700,0.5,1
6,6,621,2,10,5,0,500,0.6,1000,0.2,1400,0.2,1
6,7,96,1,0,500,0.6,1000,0.2,1400,0.2,1
6,8,996,0,0,300,0.5,572,0.32,486,0.18,1
6,9,315,0,0,666,0.42,420,0.58,1
6,10,638,1,0,300,0.5,572,0.32,486,0.18,1
6,11,839,0,0,300,0.5,572,0.32,486,0.18,1
7,0,947,1,0,500,0.6,1000,0.2,1400,0.2,1
7,1,958,1,0,666,0.42,420,0.58,1
7,2,75,0,0,500,0.6,1000,0.2,1400,0.2,1
7,3,270,1,0,666,0.42,420,0.58,1
7,4,185,0,0,666,0.42,420,0.58,1
7,5,468,0,0,666,0.42,420,0.58,1
7,6,711,2,10,5,0,500,0.6,1000,0.2,1400,0.2,1
7,7,649,1,0,500,0.6,1000,0.2,1400,0.2,1
7,8,590,1,0,300,0.5,572,0.32,486,0.18,1
7,9,689,2,10,5,0,300,0.5,1700,0.5,1
7,10,776,0,0,666,0.42,420,0.58,1
7,11,122,0,0,500,0.6,1000,0.2,1400,0.2,1
8,0,31,2,10,5,0,500,0.6,1000,0.2,1400,0.2,1
8,1,550,0,0,666,0.42,420,0.58,1
8,2,649,0,0,666,0.42,420,0.58,1
8,3,85,1,0,666,0.42,420,0.58,1
8,4,902,2,10,5,0,500,0.6,1000,0.2,1400,0.2,1
8,5,731,1,0,500,0.6,1000,0.2,1400,0.2,1
8,6,656,2,10,5,0,300,0.5,1700,0.5,1
8,7,804,2,10,5,0,500,0.6,1000,0.2,1400,0.2,1
8,8,589,1,0,500,0.6,1000,0.2,1400,0.2,1
8,9,431,2,10,5,0,666,0.42,420,0.58,1
8,10,191,1,0,300,0.5,1700,0.5,1
8,11,746,2,10,5,0,666,0.42,420,0.58,1
9,0,412,2,10,5,0,300,0.5,572,0.32,486,0.18,1
9,1,751,1,0,500,0.6,1000,0.2,1400,0.2,1
9,2,13,0,0,300,0.5,572,0.32,486,0.18,1
9,3,278,1,0,300,0.5,1700,0.5,1
9,4,788,0,0,300,0.5,1700,0.5,1
9,5,66,2,10,5,0,500,0.6,1000,0.2,1400,0.2,1
9,6,893,2,10,5,0,300,0.5,1700,0.5,1
9,7,680,1,0,300,0.5,1700,0.5,1
9,8,947,1,0,666,0.42,420,0.58,1
9,9,142,0,0,500,0.6,1000,0.2,1400,0.2,1
9,10,319,2,10,5,0,300,0.5,1700,0.5,1
9,11,419,0,0,500,0.6,1000,0.2,1400,0.2,1
10,0,989,2,10,5,0,300,0.5,572,0.32,486,0.18,1
10,1,373,0,0,666,0.42,420,0.58,1
10,2,576,0,0,300,0.5,572,0.32,486,0.18,1
10,3,857,2,10,5,0,300,0.5,572,0.32,486,0.18,1
10,4,477,2,10,5,0,500,0.6,1000,0.2,1400,0.2,1
10,5,546,0,0,500,0.6,1000,0.2,1400,0.2,1
10,6,548,1,0,300,0.5,1700,0.5,1
10,7,978,1,0,300,0.5,572,0.32,486,0.18,1
10,8,639,0,0,666,0.42,420,0.58,1
10,9,27,0,0,666,0.42,420,0.58,1
10,10,682,1,0,500,0.6,1000,0.2,1400,0.2,1
10,11,363,2,10,5,0,300,0.5,572,0.32,486,0.18,1
11,0,24,0,0,666,0.42,420,0.58,1
11,1,635,1,0,500,0.6,1000,0.2,1400,0.2,1
11,2,41,1,0,500,0.6,1000,0.2,1400,0.2,1
11,3,625,1,0,500,0.6,1000,0.2,1400,0.2,1
11,4,737,0,0,666,0.42,420,0.58,1
11,5,410,0,0,500,0.6,1000,0.2,1400,0.2,1
11,6,31,2,10,5,0,300,0.5,572,0.32,486,0.18,1
11,7,369,0,0,300,0.5,572,0.32,486,0.18,1
11,8,261,1,0,666,0.42,420,0.58,1
11,9,693,1,0,300,0.5,1700,0.5,1
11,10,264,1,0,300,0.5,1700,0.5,1
11,11,646,1,0,666,0.42,420,0.58,1
