0,0,367,2,10,5,0,666,0.42,420,0.58,1
0,1,28,0,0,500,0.6,1000,0.2,1400,0.2,1
0,2,942,0,0,300,0.5,572,0.32,486,0.18,1
0,3,78,0,0,300,0.5,572,0.32,486,0.18,1
0,4,850,1,0,500,0.6,1000,0.2,1400,0.2,1
0,5,981,1,0,500,0.6,1000,0.2,1400,0.2,1
0,6,53,2,10,5,0,300,0.5,572,0.32,486,0.18,1
0,7,128,2,10,5,0,500,0.6,1000,0.2,1400,0.2,1
0,8,658,2,10,5,0,666,0.42,420,0.58,1
0,9,662,1,0,300,0.5,572,0.32,486,0.18,1
0,10,953,0,0,300,0.5,1700,0.5,1
0,11,312,1,0,500,0.6,1000,0.2,1400,0.2,1
1,0,394,0,0,666,0.42,420,0.58,0
1,1,178,0,0,500,0.6,1000,0.2,1400,0.2,0
1,2,870,1,0,666,0.42,420,0.58,0
1,3,135,0,0,500,0.6,1000,0.2,1400,0.2,0
1,4,798,1,0,300,0.5,572,0.32,486,0.18,0
1,5,848,1,0,300,0.5,1700,0.5,0
1,6,362,1,0,666,0.42,420,0.58,0
1,7,262,0,0,500,0.6,1000,0.2,1400,0.2,0
1,8,388,2,10,5,0,666,0.42,420,0.58,0
1,9,993,0,0,300,0.5,572,0.32,486,0.18,0
1,10,561,1,0,500,0.6,1000,0.2,1400,0.2,0
1,11,571,0,0,500,0.6,1000,0.2,1400,0.2,0
2,0,532,1,0,300,0.5,1700,0.5,1
2,1,347,2,10,5,0,666,0.42,420,0.58,1
2,2,32,0,0,300,0.5,1700,0.5,1
2,3,700,0,0,300,0.5,1700,0.5,1
2,4,193,0,0,500,0.6,1000,0.2,1400,0.2,1
2,5,952,0,0,500,0.6,1000,0.2,1400,0.2,1
2,6,299,0,0,666,0.42,420,0.58,1
2,7,838,1,0,300,0.5,1700,0.5,1
2,8,920,2,10,5,0,300,0.5,1700,0.5,1
2,9,664,2,10,5,0,300,0.5,1700,0.5,1
2,10,891,0,0,300,0.5,572,0.32,486,0.18,1
2,11,721,1,0,300,0.5,572,0.32,486,0.18,1
3,0,707,2,10,5,0,300,0.5,1700,0.5,1
3,1,681,2,10,5,0,666,0.42,420,0.58,1
3,2,380,1,0,300,0.5,1700,0.5,1
3,3,773,0,0,300,0.5,572,0.32,486,0.18,1
3,4,694,2,10,5,0,300,0.5,1700,0.5,1
3,5,611,0,0,300,0.5,572,0.32,486,0.18,1
3,6,839,1,0,666,0.42,420,0.58,1
3,7,531,0,0,500,0.6,1000,0.2,1400,0.2,1
3,8,721,0,0,666,0.42,420,0.58,1
3,9,644,2,10,5,0,500,0.6,1000,0.2,1400,0.2,1
3,10,951,1,0,500,0.6,1000,0.2,1400,0.2,1
3,11,284,0,0,300,0.5,572,0.32,486,0.18,1
4,0,192,2,10,5,0,300,0.5,1700,0.5,1
4,1,574,1,0,300,0.5,1700,0.5,1
4,2,339,2,10,5,0,500,0.6,1000,0.2,1400,0.2,1
4,3,619,0,0,666,0.42,420,0.58,1
4,4,278,2,10,5,0,300,0.5,572,0.32,486,0.18,1
4,5,150,0,0,300,0.5,572,0.32,486,0.18,1
4,6,206,0,0,300,0.5,1700,0.5,1
4,7,501,0,0,666,0.42,420,0.58,1
4,8,52,2,10,5,0,666,0.42,420,0.58,1
4,9,400,1,0,500,0.6,1000,0.2,1400,0.2,1
4,10,737,1,0,666,0.42,420,0.58,1
4,11,737,1,0,300,0.5,1700,0.5,1
5,0,637,1,0,300,0.5,1700,0.5,1
5,1,758,1,0,666,0.42,420,0.58,1
5,2,54,1,0,500,0.6,1000,0.2,1400,0.2,1
5,3,89,0,0,300,0.5,1700,0.5,1
5,4,533,0,0,300,0.5,1700,0.5,1
5,5,771,2,10,5,0,666,0.42,420,0.58,1
5,6,282,1,0,666,0.42,420,0.58,1
5,7,276,0,0,500,0.6,1000,0.2,1400,0.2,1
5,8,779,1,0,300,0.5,572,0.32,486,0.18,1
5,9,485,1,0,500,0.6,1000,0.2,1400,0.2,1
5,10,557,2,10,5,0,300,0.5,572,0.32,486,0.18,1
5,11,398,1,0,300,0.5,572,0.32,486,0.18,1
6,0,311,0,0,666,0.42,420,0.58,1
6,1,174,2,10,5,0,666,0.42,420,0.58,1
6,2,308,2,10,5,0,500,0.6,1000,0.2,1400,0.2,1
6,3,42,0,0,300,0.5,1700,0.5,1
6,4,892,1,0,500,0.6,1000,0.2,1400,0.2,1
6,5,505,2,10,5,0,666,0.42,420,0.58,1
6,6,632,1,0,300,0.5,1700,0.5,1
6,7,316,2,10,5,0,300,0.5,572,0.32,486,0.18,1
6,8,513,0,0,500,0.6,1000,0.2,1400,0.2,1
6,9,666,1,0,500,0.6,1000,0.2,1400,0.2,1
6,10,352,1,0,300,0.5,572,0.32,486,0.18,1
6,11,830,0,0,666,0.42,420,0.58,1
7,0,962,1,0,666,0.42,420,0.58,1
7,1,502,0,0,666,0.42,420,0.58,1
7,2,797,2,10,5,0,300,0.5,572,0.32,486,0.18,1
7,3,455,2,10,5,0,300,0.5,572,0.32,486,0.18,1
7,4,752,2,10,5,0,300,0.5,1700,0.5,1
7,5,860,2,10,5,0,300,0.5,572,0.32,486,0.18,1
7,6,81,2,10,5,0,500,0.6,1000,0.2,1400,0.2,1
7,7,505,1,0,300,0.5,1700,0.5,1
7,8,31,0,0,300,0.5,572,0.32,486,0.18,1
7,9,518,0,0,666,0.42,420,0.58,1
7,10,902,2,10,5,0,666,0.42,420,0.58,1
7,11,893,0,0,500,0.6,1000,0.2,1400,0.2,1
8,0,421,2,10,5,0,500,0.6,1000,0.2,1400,0.2,1
8,1,133,0,0,300,0.5,572,0.32,486,0.18,1
8,2,558,2,10,5,0,300,0.5,1700,0.5,1
8,3,862,0,0,500,0.6,1000,0.2,1400,0.2,1
8,4,306,1,0,666,0.42,420,0.58,1
8,5,154,1,0,300,0.5,572,0.32,486,0.18,1
8,6,897,1,0,300,0.5,1700,0.5,1
8,7,616,2,10,5,0,300,0.5,1700,0.5,1
8,8,916,1,0,300,0.5,1700,0.5,1
8,9,328,0,0,500,0.6,1000,0.2,1400,0.2,1
8,10,634,1,0,300,0.5,1700,0.5,1
8,11,648,0,0,300,0.5,1700,0.5,1
9,0,242,0,0,300,0.5,572,0.32,486,0.18,1
9,1,82,1,0,666,0.42,420,0.58,1
9,2,48,1,0,500,0.6,1000,0.2,1400,0.2,1
9,3,308,2,10,5,0,666,0.42,420,0.58,1
9,4,433,0,0,500,0.6,1000,0.2,1400,0.2,1
9,5,590,0,0,300,0.5,1700,0.5,1
9,6,346,2,10,5,0,300,0.5,1700,0.5,1
9,7,96,2,10,5,0,300,0.5,572,0.32,486,0.18,1
9,8,141,1,0,300,0.5,572,0.32,486,0.18,1
9,9,136,1,0,300,0.5,572,0.32,486,0.18,1
9,10,593,1,0,500,0.6,1000,0.2,1400,0.2,1
9,11,941,2,10,5,0,300,0.5,572,0.32,486,0.18,1
10,0,79,0,0,300,0.5,572,0.32,486,0.18,1
10,1,71,1,0,500,0.6,1000,0.2,1400,0.2,1
10,2,671,1,0,500,0.6,1000,0.2,1400,0.2,1
10,3,848,2,10,5,0,666,0.42,420,0.58,1
10,4,467,2,10,5,0,666,0.42,420,0.58,1
10,5,227,0,0,500,0.6,1000,0.2,1400,0.2,1
10,6,325,2,10,5,0,500,0.6,1000,0.2,1400,0.2,1
10,7,957,2,10,5,0,666,0.42,420,0.58,1
10,8,513,0,0,300,0.5,572,0.32,486,0.18,1
10,9,535,0,0,666,0.42,420,0.58,1
10,10,569,1,0,500,0.6,1000,0.2,1400,0.2,1
10,11,324,2,10,5,0,300,0.5,1700,0.5,1
11,0,702,1,0,300,0.5,572,0.32,486,0.18,1
11,1,15,1,0,500,0.6,1000,0.2,1400,0.2,1
11,2,343,2,10,5,0,300,0.5,1700,0.5,1
11,3,892,0,0,300,0.5,572,0.32,486,0.18,1
11,4,411,0,0,500,0.6,1000,0.2,1400,0.2,1
11,5,620,0,0,500,0.6,1000,0.2,1400,0.2,1
11,6,256,1,0,300,0.5,1700,0.5,1
11,7,996,0,0,666,0.42,420,0.58,1
11,8,335,2,10,5,0,300,0.5,1700,0.5,1
11,9,983,2,10,5,0,666,0.42,420,0.58,1
11,10,153,1,0,500,0.6,1000,0.2,1400,0.2,1
11,11,186,2,10,5,0,300,0.5,1700,0.5,1
