0,0,101,1,0,666,0.42,420,0.58,1
0,1,88,2,10,5,0,666,0.42,420,0.58,1
0,2,240,0,0,300,0.5,1700,0.5,1
0,3,151,0,0,300,0.5,572,0.32,486,0.18,1
0,4,272,2,10,5,0,300,0.5,1700,0.5,1
0,5,426,0,0,666,0.42,420,0.58,1
0,6,435,0,0,500,0.6,1000,0.2,1400,0.2,1
0,7,78,1,0,300,0.5,572,0.32,486,0.18,1
0,8,181,2,10,5,0,500,0.6,1000,0.2,1400,0.2,1
0,9,556,1,0,500,0.6,1000,0.2,1400,0.2,1
0,10,835,0,0,500,0.6,1000,0.2,1400,0.2,1
0,11,500,0,0,300,0.5,572,0.32,486,0.18,1
1,0,243,0,0,300,0.5,1700,0.5,0
1,1,592,0,0,300,0.5,1700,0.5,0
1,2,432,0,0,666,0.42,420,0.58,0
1,3,81,0,0,666,0.42,420,0.58,0
1,4,327,1,0,666,0.42,420,0.58,0
1,5,23,2,10,5,0,300,0.5,572,0.32,486,0.18,0
1,6,629,0,0,300,0.5,572,0.32,486,0.18,0
1,7,321,0,0,300,0.5,572,0.32,486,0.18,0
1,8,768,0,0,300,0.5,1700,0.5,0
1,9,609,2,10,5,0,300,0.5,1700,0.5,0
1,10,607,0,0,300,0.5,1700,0.5,0
1,11,16,1,0,300,0.5,572,0.32,486,0.18,0
2,0,281,0,0,666,0.42,420,0.58,1
2,1,513,0,0,300,0.5,572,0.32,486,0.18,1
2,2,391,1,0,666,0.42,420,0.58,1
2,3,797,2,10,5,0,500,0.6,1000,0.2,1400,0.2,1
2,4,831,2,10,5,0,300,0.5,572,0.32,486,0.18,1
2,5,410,0,0,300,0.5,572,0.32,486,0.18,1
2,6,528,0,0,500,0.6,1000,0.2,1400,0.2,1
2,7,540,0,0,300,0.5,1700,0.5,1
2,8,52,1,0,666,0.42,420,0.58,1
2,9,202,0,0,300,0.5,572,0.32,486,0.18,1
2,10,446,2,10,5,0,666,0.42,420,0.58,1
2,11,752,2,10,5,0,300,0.5,1700,0.5,1
3,0,659,2,10,5,0,666,0.42,420,0.58,1
3,1,144,1,0,300,0.5,1700,0.5,1
3,2,896,2,10,5,0,300,0.5,1700,0.5,1
3,3,782,2,10,5,0,300,0.5,1700,0.5,1
3,4,351,2,10,5,0,500,0.6,1000,0.2,1400,0.2,1
3,5,304,0,0,300,0.5,1700,0.5,1
3,6,492,0,0,300,0.5,1700,0.5,1
3,7,383,2,10,5,0,300,0.5,1700,0.5,1
3,8,399,2,10,5,0,300,0.5,1700,0.5,1
3,9,435,2,10,5,0,300,0.5,1700,0.5,1
3,10,105,2,10,5,0,300,0.5,572,0.32,486,0.18,1
3,11,737,0,0,300,0.5,572,0.32,486,0.18,1
4,0,470,1,0,300,0.5,572,0.32,486,0.18,1
4,1,52,2,10,5,0,500,0.6,1000,0.2,1400,0.2,1
4,2,877,0,0,300,0.5,1700,0.5,1
4,3,89,1,0,300,0.5,1700,0.5,1
4,4,691,1,0,500,0.6,1000,0.2,1400,0.2,1
4,5,270,0,0,300,0.5,572,0.32,486,0.18,1
4,6,201,0,0,666,0.42,420,0.58,1
4,7,110,0,0,300,0.5,572,0.32,486,0.18,1
4,8,453,1,0,666,0.42,420,0.58,1
4,9,164,1,0,300,0.5,1700,0.5,1
4,10,578,0,0,500,0.6,1000,0.2,1400,0.2,1
4,11,809,1,0,666,0.42,420,0.58,1
5,0,166,0,0,300,0.5,1700,0.5,1
5,1,910,1,0,300,0.5,1700,0.5,1
5,2,722,1,0,666,0.42,420,0.58,1
5,3,200,2,10,5,0,300,0.5,572,0.32,486,0.18,1
5,4,113,2,10,5,0,300,0.5,1700,0.5,1
5,5,22,0,0,300,0.5,1700,0.5,1
5,6,20,1,0,300,0.5,572,0.32,486,0.18,1
5,7,194,0,0,300,0.5,1700,0.5,1
5,8,341,2,10,5,0,666,0.42,420,0.58,1
5,9,515,2,10,5,0,500,0.6,1000,0.2,1400,0.2,1
5,10,362,0,0,666,0.42,420,0.58,1
5,11,919,0,0,666,0.42,420,0.58,1
6,0,724,0,0,500,0.6,1000,0.2,1400,0.2,1
6,1,722,2,10,5,0,666,0.42,420,0.58,1
6,2,992,0,0,300,0.5,1700,0.5,1
6,3,10,1,0,500,0.6,1000,0.2,1400,0.2,1
6,4,242,2,10,5,0,666,0.42,420,0.58,1
6,5,493,2,10,5,0,300,0.5,572,0.32,486,0.18,1
6,6,321,0,0,300,0.5,572,0.32,486,0.18,1
6,7,648,1,0,500,0.6,1000,0.2,1400,0.2,1
6,8,731,1,0,666,0.42,420,0.58,1
6,9,994,0,0,666,0.42,420,0.58,1
6,10,298,2,10,5,0,666,0.42,420,0.58,1
6,11,587,2,10,5,0,300,0.5,572,0.32,486,0.18,1
7,0,547,0,0,300,0.5,572,0.32,486,0.18,1
7,1,742,2,10,5,0,666,0.42,420,0.58,1
7,2,914,2,10,5,0,500,0.6,1000,0.2,1400,0.2,1
7,3,813,0,0,666,0.42,420,0.58,1
7,4,716,1,0,500,0.6,1000,0.2,1400,0.2,1
7,5,199,0,0,300,0.5,1700,0.5,1
7,6,612,1,0,500,0.6,1000,0.2,1400,0.2,1
7,7,54,2,10,5,0,666,0.42,420,0.58,1
7,8,42,0,0,300,0.5,572,0.32,486,0.18,1
7,9,912,0,0,500,0.6,1000,0.2,1400,0.2,1
7,10,264,0,0,500,0.6,1000,0.2,1400,0.2,1
7,11,178,1,0,666,0.42,420,0.58,1
8,0,355,0,0,300,0.5,1700,0.5,1
8,1,252,2,10,5,0,300,0.5,1700,0.5,1
8,2,728,2,10,5,0,300,0.5,572,0.32,486,0.18,1
8,3,664,2,10,5,0,666,0.42,420,0.58,1
8,4,78,0,0,300,0.5,572,0.32,486,0.18,1
8,5,98,1,0,666,0.42,420,0.58,1
8,6,735,0,0,300,0.5,572,0.32,486,0.18,1
8,7,804,1,0,666,0.42,420,0.58,1
8,8,556,0,0,500,0.6,1000,0.2,1400,0.2,1
8,9,148,2,10,5,0,300,0.5,572,0.32,486,0.18,1
8,10,198,1,0,666,0.42,420,0.58,1
8,11,29,1,0,500,0.6,1000,0.2,1400,0.2,1
9,0,722,1,0,300,0.5,1700,0.5,1
9,1,45,2,10,5,0,300,0.5,572,0.32,486,0.18,1
9,2,651,1,0,300,0.5,572,0.32,486,0.18,1
9,3,146,1,0,300,0.5,1700,0.5,1
9,4,436,2,10,5,0,300,0.5,1700,0.5,1
9,5,616,0,0,300,0.5,1700,0.5,1
9,6,41,2,10,5,0,300,0.5,1700,0.5,1
9,7,729,1,0,666,0.42,420,0.58,1
9,8,504,1,0,666,0.42,420,0.58,1
9,9,911,0,0,500,0.6,1000,0.2,1400,0.2,1
9,10,193,0,0,300,0.5,572,0.32,486,0.18,1
9,11,679,2,10,5,0,666,0.42,420,0.58,1
10,0,633,1,0,300,0.5,572,0.32,486,0.18,1
10,1,620,1,0,666,0.42,420,0.58,1
10,2,183,0,0,666,0.42,420,0.58,1
10,3,331,1,0,300,0.5,1700,0.5,1
10,4,867,2,10,5,0,300,0.5,1700,0.5,1
10,5,324,2,10,5,0,500,0.6,1000,0.2,1400,0.2,1
10,6,677,1,0,500,0.6,1000,0.2,1400,0.2,1
10,7,318,2,10,5,0,300,0.5,572,0.32,486,0.18,1
10,8,670,2,10,5,0,300,0.5,572,0.32,486,0.18,1
10,9,991,1,0,500,0.6,1000,0.2,1400,0.2,1
10,10,465,0,0,300,0.5,1700,0.5,1
10,11,997,0,0,300,0.5,1700,0.5,1
11,0,672,2,10,5,0,666,0.42,420,0.58,1
11,1,838,1,0,500,0.6,1000,0.2,1400,0.2,1
11,2,754,1,0,300,0.5,572,0.32,486,0.18,1
11,3,223,2,10,5,0,666,0.42,420,0.58,1
11,4,797,2,10,5,0,300,0.5,572,0.32,486,0.18,1
11,5,594,0,0,300,0.5,1700,0.5,1
11,6,199,2,10,5,0,300,0.5,1700,0.5,1
11,7,624,0,0,300,0.5,1700,0.5,1
11,8,662,1,0,500,0.6,1000,0.2,1400,0.2,1
11,9,443,1,0,300,0.5,572,0.32,486,0.18,1
11,10,208,2,10,5,0,300,0.5,1700,0.5,1
11,11,607,2,10,5,0,300,0.5,572,0.32,486,0.18,1
