0,0,467,0,0,300,0.5,1700,0.5,1
0,1,645,1,0,300,0.5,1700,0.5,1
0,2,599,1,0,666,0.42,420,0.58,1
0,3,950,0,0,300,0.5,1700,0.5,1
0,4,394,0,0,500,0.6,1000,0.2,1400,0.2,1
0,5,501,2,10,5,0,666,0.42,420,0.58,1
0,6,10,1,0,500,0.6,1000,0.2,1400,0.2,1
0,7,867,2,10,5,0,300,0.5,1700,0.5,1
0,8,19,1,0,666,0.42,420,0.58,1
0,9,228,2,10,5,0,300,0.5,1700,0.5,1
0,10,805,1,0,500,0.6,1000,0.2,1400,0.2,1
0,11,371,2,10,5,0,300,0.5,572,0.32,486,0.18,1
1,0,501,0,0,666,0.42,420,0.58,0
1,1,989,1,0,300,0.5,1700,0.5,0
1,2,320,2,10,5,0,666,0.42,420,0.58,0
1,3,236,0,0,300,0.5,1700,0.5,0
1,4,621,0,0,666,0.42,420,0.58,0
1,5,686,1,0,500,0.6,1000,0.2,1400,0.2,0
1,6,267,2,10,5,0,300,0.5,1700,0.5,0
1,7,61,2,10,5,0,300,0.5,572,0.32,486,0.18,0
1,8,111,1,0,666,0.42,420,0.58,0
1,9,689,0,0,300,0.5,1700,0.5,0
1,10,392,0,0,500,0.6,1000,0.2,1400,0.2,0
1,11,477,0,0,500,0.6,1000,0.2,1400,0.2,0
2,0,46,2,10,5,0,666,0.42,420,0.58,1
2,1,447,2,10,5,0,300,0.5,1700,0.5,1
2,2,386,2,10,5,0,666,0.42,420,0.58,1
2,3,170,0,0,666,0.42,420,0.58,1
2,4,235,1,0,300,0.5,572,0.32,486,0.18,1
2,5,121,0,0,500,0.6,1000,0.2,1400,0.2,1
2,6,465,0,0,500,0.6,1000,0.2,1400,0.2,1
2,7,48,2,10,5,0,300,0.5,1700,0.5,1
2,8,876,1,0,666,0.42,420,0.58,1
2,9,550,2,10,5,0,666,0.42,420,0.58,1
2,10,579,0,0,300,0.5,572,0.32,486,0.18,1
2,11,387,0,0,500,0.6,1000,0.2,1400,0.2,1
3,0,107,1,0,500,0.6,1000,0.2,1400,0.2,1
3,1,258,2,10,5,0,300,0.5,572,0.32,486,0.18,1
3,2,313,1,0,666,0.42,420,0.58,1
3,3,585,1,0,300,0.5,1700,0.5,1
3,4,645,0,0,666,0.42,420,0.58,1
3,5,976,2,10,5,0,666,0.42,420,0.58,1
3,6,300,0,0,300,0.5,572,0.32,486,0.18,1
3,7,20,1,0,300,0.5,1700,0.5,1
3,8,743,1,0,300,0.5,572,0.32,486,0.18,1
3,9,410,2,10,5,0,666,0.42,420,0.58,1
3,10,545,0,0,500,0.6,1000,0.2,1400,0.2,1
3,11,673,0,0,300,0.5,1700,0.5,1
4,0,42,2,10,5,0,300,0.5,572,0.32,486,0.18,1
4,1,884,0,0,500,0.6,1000,0.2,1400,0.2,1
4,2,631,0,0,500,0.6,1000,0.2,1400,0.2,1
4,3,930,1,0,666,0.42,420,0.58,1
4,4,561,0,0,500,0.6,1000,0.2,1400,0.2,1
4,5,461,0,0,500,0.6,1000,0.2,1400,0.2,1
4,6,301,0,0,300,0.5,1700,0.5,1
4,7,139,0,0,300,0.5,572,0.32,486,0.18,1
4,8,179,2,10,5,0,500,0.6,1000,0.2,1400,0.2,1
4,9,173,2,10,5,0,666,0.42,420,0.58,1
4,10,188,1,0,500,0.6,1000,0.2,1400,0.2,1
4,11,85,1,0,500,0.6,1000,0.2,1400,0.2,1
5,0,76,2,10,5,0,300,0.5,572,0.32,486,0.18,1
5,1,994,2,10,5,0,300,0.5,1700,0.5,1
5,2,939,1,0,500,0.6,1000,0.2,1400,0.2,1
5,3,938,0,0,300,0.5,572,0.32,486,0.18,1
5,4,221,1,0,500,0.6,1000,0.2,1400,0.2,1
5,5,283,2,10,5,0,300,0.5,572,0.32,486,0.18,1
5,6,228,0,0,666,0.42,420,0.58,1
5,7,11,2,10,5,0,666,0.42,420,0.58,1
5,8,155,0,0,666,0.42,420,0.58,1
5,9,417,2,10,5,0,500,0.6,1000,0.2,1400,0.2,1
5,10,476,0,0,500,0.6,1000,0.2,1400,0.2,1
5,11,884,2,10,5,0,666,0.42,420,0.58,1
6,0,484,1,0,300,0.5,1700,0.5,1
6,1,226,1,0,300,0.5,572,0.32,486,0.18,1
6,2,724,0,0,500,0.6,1000,0.2,1400,0.2,1
6,3,325,1,0,300,0.5,1700,0.5,1
6,4,489,1,0,500,0.6,1000,0.2,1400,0.2,1
6,5,437,1,0,300,0.5,1700,0.5,1
6,6,513,2,10,5,0,300,0.5,572,0.32,486,0.18,1
6,7,852,0,0,666,0.42,420,0.58,1
6,8,748,2,10,5,0,666,0.42,420,0.58,1
6,9,655,2,10,5,0,666,0.42,420,0.58,1
6,10,443,2,10,5,0,500,0.6,1000,0.2,1400,0.2,1
6,11,77,2,10,5,0,666,0.42,420,0.58,1
7,0,422,1,0,500,0.6,1000,0.2,1400,0.2,1
7,1,510,2,10,5,0,300,0.5,572,0.32,486,0.18,1
7,2,175,0,0,300,0.5,1700,0.5,1
7,3,459,1,0,500,0.6,1000,0.2,1400,0.2,1
7,4,887,1,0,666,0.42,420,0.58,1
7,5,524,0,0,666,0.42,420,0.58,1
7,6,289,1,0,300,0.5,1700,0.5,1
7,7,403,1,0,300,0.5,1700,0.5,1
7,8,169,2,10,5,0,300,0.5,572,0.32,486,0.18,1
7,9,590,0,0,300,0.5,1700,0.5,1
7,10,136,2,10,5,0,500,0.6,1000,0.2,1400,0.2,1
7,11,454,2,10,5,0,300,0.5,1700,0.5,1
8,0,354,2,10,5,0,300,0.5,1700,0.5,1
8,1,213,2,10,5,0,666,0.42,420,0.58,1
8,2,598,1,0,300,0.5,1700,0.5,1
8,3,60,1,0,300,0.5,1700,0.5,1
8,4,780,1,0,666,0.42,420,0.58,1
8,5,35,0,0,666,0.42,420,0.58,1
8,6,229,0,0,300,0.5,572,0.32,486,0.18,1
8,7,765,2,10,5,0,500,0.6,1000,0.2,1400,0.2,1
8,8,55,1,0,300,0.5,572,0.32,486,0.18,1
8,9,727,0,0,500,0.6,1000,0.2,1400,0.2,1
8,10,38,2,10,5,0,500,0.6,1000,0.2,1400,0.2,1
8,11,37,0,0,300,0.5,1700,0.5,1
9,0,77,1,0,300,0.5,572,0.32,486,0.18,1
9,1,626,1,0,500,0.6,1000,0.2,1400,0.2,1
9,2,891,0,0,300,0.5,1700,0.5,1
9,3,329,0,0,300,0.5,572,0.32,486,0.18,1
9,4,628,0,0,500,0.6,1000,0.2,1400,0.2,1
9,5,654,2,10,5,0,500,0.6,1000,0.2,1400,0.2,1
9,6,10,1,0,300,0.5,1700,0.5,1
9,7,174,1,0,500,0.6,1000,0.2,1400,0.2,1
9,8,900,2,10,5,0,500,0.6,1000,0.2,1400,0.2,1
9,9,245,1,0,300,0.5,572,0.32,486,0.18,1
9,10,706,2,10,5,0,300,0.5,1700,0.5,1
9,11,733,2,10,5,0,500,0.6,1000,0.2,1400,0.2,1
10,0,700,1,0,666,0.42,420,0.58,1
10,1,30,1,0,666,0.42,420,0.58,1
10,2,211,1,0,500,0.6,1000,0.2,1400,0.2,1
10,3,678,1,0,300,0.5,572,0.32,486,0.18,1
10,4,175,2,10,5,0,300,0.5,572,0.32,486,0.18,1
10,5,797,2,10,5,0,500,0.6,1000,0.2,1400,0.2,1
10,6,978,1,0,300,0.5,1700,0.5,1
10,7,10,0,0,500,0.6,1000,0.2,1400,0.2,1
10,8,461,1,0,300,0.5,1700,0.5,1
10,9,512,0,0,666,0.42,420,0.58,1
10,10,76,2,10,5,0,500,0.6,1000,0.2,1400,0.2,1
10,11,682,2,10,5,0,500,0.6,1000,0.2,1400,0.2,1
11,0,51,1,0,500,0.6,1000,0.2,1400,0.2,1
11,1,31,1,0,300,0.5,1700,0.5,1
11,2,206,1,0,300,0.5,572,0.32,486,0.18,1
11,3,227,1,0,300,0.5,1700,0.5,1
11,4,868,1,0,300,0.5,572,0.32,486,0.18,1
11,5,691,1,0,300,0.5,572,0.32,486,0.18,1
11,6,740,1,0,300,0.5,1700,0.5,1
11,7,626,1,0,666,0.42,420,0.58,1
11,8,175,0,0,666,0.42,420,0.58,1
11,9,703,2,10,5,0,300,0.5,1700,0.5,1
11,10,769,1,0,500,0.6,1000,0.2,1400,0.2,1
11,11,115,2,10,5,0,666,0.42,420,0.58,1
