0,0,840,1,0,666,0.42,420,0.58,1
0,1,146,1,0,666,0.42,420,0.58,1
0,2,386,1,0,300,0.5,572,0.32,486,0.18,1
0,3,274,1,0,300,0.5,572,0.32,486,0.18,1
0,4,754,0,0,300,0.5,1700,0.5,1
0,5,660,1,0,666,0.42,420,0.58,1
0,6,556,0,0,300,0.5,1700,0.5,1
0,7,905,1,0,300,0.5,572,0.32,486,0.18,1
0,8,824,0,0,500,0.6,1000,0.2,1400,0.2,1
0,9,923,0,0,300,0.5,1700,0.5,1
0,10,494,1,0,666,0.42,420,0.58,1
0,11,178,1,0,300,0.5,572,0.32,486,0.18,1
1,0,271,0,0,666,0.42,420,0.58,0
1,1,149,0,0,300,0.5,1700,0.5,0
1,2,914,1,0,300,0.5,1700,0.5,0
1,3,676,2,10,5,0,300,0.5,572,0.32,486,0.18,0
1,4,391,2,10,5,0,300,0.5,572,0.32,486,0.18,0
1,5,862,2,10,5,0,500,0.6,1000,0.2,1400,0.2,0
1,6,855,2,10,5,0,300,0.5,1700,0.5,0
1,7,182,2,10,5,0,300,0.5,1700,0.5,0
1,8,591,1,0,300,0.5,1700,0.5,0
1,9,487,1,0,300,0.5,572,0.32,486,0.18,0
1,10,504,2,10,5,0,500,0.6,1000,0.2,1400,0.2,0
1,11,903,1,0,500,0.6,1000,0.2,1400,0.2,0
2,0,40,2,10,5,0,300,0.5,1700,0.5,1
2,1,241,1,0,300,0.5,572,0.32,486,0.18,1
2,2,651,1,0,666,0.42,420,0.58,1
2,3,675,2,10,5,0,300,0.5,1700,0.5,1
2,4,68,1,0,666,0.42,420,0.58,1
2,5,498,0,0,300,0.5,1700,0.5,1
2,6,771,0,0,300,0.5,1700,0.5,1
2,7,129,1,0,300,0.5,572,0.32,486,0.18,1
2,8,304,0,0,500,0.6,1000,0.2,1400,0.2,1
2,9,694,1,0,300,0.5,1700,0.5,1
2,10,510,1,0,666,0.42,420,0.58,1
2,11,765,0,0,300,0.5,1700,0.5,1
3,0,537,0,0,666,0.42,420,0.58,1
3,1,508,2,10,5,0,300,0.5,1700,0.5,1
3,2,907,2,10,5,0,666,0.42,420,0.58,1
3,3,150,0,0,300,0.5,572,0.32,486,0.18,1
3,4,109,1,0,500,0.6,1000,0.2,1400,0.2,1
3,5,146,0,0,500,0.6,1000,0.2,1400,0.2,1
3,6,30,2,10,5,0,300,0.5,1700,0.5,1
3,7,485,0,0,666,0.42,420,0.58,1
3,8,206,2,10,5,0,500,0.6,1000,0.2,1400,0.2,1
3,9,659,2,10,5,0,300,0.5,572,0.32,486,0.18,1
3,10,955,0,0,666,0.42,420,0.58,1
3,11,308,1,0,500,0.6,1000,0.2,1400,0.2,1
4,0,297,0,0,300,0.5,1700,0.5,1
4,1,289,2,10,5,0,300,0.5,572,0.32,486,0.18,1
4,2,642,1,0,500,0.6,1000,0.2,1400,0.2,1
4,3,194,0,0,500,0.6,1000,0.2,1400,0.2,1
4,4,893,2,10,5,0,300,0.5,1700,0.5,1
4,5,594,2,10,5,0,666,0.42,420,0.58,1
4,6,790,0,0,666,0.42,420,0.58,1
4,7,606,2,10,5,0,300,0.5,572,0.32,486,0.18,1
4,8,343,1,0,666,0.42,420,0.58,1
4,9,293,1,0,500,0.6,1000,0.2,1400,0.2,1
4,10,602,0,0,300,0.5,1700,0.5,1
4,11,172,0,0,300,0.5,1700,0.5,1
5,0,925,0,0,300,0.5,1700,0.5,1
5,1,92,1,0,300,0.5,1700,0.5,1
5,2,67,1,0,300,0.5,572,0.32,486,0.18,1
5,3,449,2,10,5,0,300,0.5,572,0.32,486,0.18,1
5,4,846,0,0,300,0.5,1700,0.5,1
5,5,286,1,0,500,0.6,1000,0.2,1400,0.2,1
5,6,249,2,10,5,0,300,0.5,572,0.32,486,0.18,1
5,7,29,1,0,300,0.5,572,0.32,486,0.18,1
5,8,32,0,0,300,0.5,572,0.32,486,0.18,1
5,9,126,1,0,666,0.42,420,0.58,1
5,10,965,0,0,300,0.5,572,0.32,486,0.18,1
5,11,793,0,0,300,0.5,1700,0.5,1
6,0,534,1,0,300,0.5,572,0.32,486,0.18,1
6,1,555,1,0,300,0.5,572,0.32,486,0.18,1
6,2,908,1,0,500,0.6,1000,0.2,1400,0.2,1
6,3,117,2,10,5,0,300,0.5,572,0.32,486,0.18,1
6,4,36,2,10,5,0,666,0.42,420,0.58,1
6,5,360,2,10,5,0,300,0.5,1700,0.5,1
6,6,348,0,0,500,0.6,1000,0.2,1400,0.2,1
6,7,727,2,10,5,0,300,0.5,572,0.32,486,0.18,1
6,8,224,2,10,5,0,666,0.42,420,0.58,1
6,9,189,0,0,666,0.42,420,0.58,1
6,10,20,1,0,300,0.5,572,0.32,486,0.18,1
6,11,285,2,10,5,0,500,0.6,1000,0.2,1400,0.2,1
7,0,522,0,0,300,0.5,572,0.32,486,0.18,1
7,1,804,0,0,666,0.42,420,0.58,1
7,2,810,1,0,500,0.6,1000,0.2,1400,0.2,1
7,3,497,2,10,5,0,500,0.6,1000,0.2,1400,0.2,1
7,4,585,0,0,666,0.42,420,0.58,1
7,5,281,1,0,500,0.6,1000,0.2,1400,0.2,1
7,6,834,1,0,300,0.5,1700,0.5,1
7,7,201,0,0,300,0.5,572,0.32,486,0.18,1
7,8,541,1,0,500,0.6,1000,0.2,1400,0.2,1
7,9,78,0,0,300,0.5,572,0.32,486,0.18,1
7,10,889,1,0,300,0.5,1700,0.5,1
7,11,870,0,0,300,0.5,572,0.32,486,0.18,1
8,0,169,1,0,500,0.6,1000,0.2,1400,0.2,1
8,1,586,2,10,5,0,666,0.42,420,0.58,1
8,2,560,0,0,300,0.5,572,0.32,486,0.18,1
8,3,815,2,10,5,0,300,0.5,1700,0.5,1
8,4,17,1,0,300,0.5,572,0.32,486,0.18,1
8,5,774,1,0,500,0.6,1000,0.2,1400,0.2,1
8,6,463,1,0,500,0.6,1000,0.2,1400,0.2,1
8,7,582,1,0,666,0.42,420,0.58,1
8,8,658,0,0,666,0.42,420,0.58,1
8,9,232,0,0,500,0.6,1000,0.2,1400,0.2,1
8,10,198,2,10,5,0,500,0.6,1000,0.2,1400,0.2,1
8,11,599,1,0,300,0.5,572,0.32,486,0.18,1
9,0,783,2,10,5,0,500,0.6,1000,0.2,1400,0.2,1
9,1,820,1,0,300,0.5,1700,0.5,1
9,2,651,0,0,500,0.6,1000,0.2,1400,0.2,1
9,3,489,1,0,500,0.6,1000,0.2,1400,0.2,1
9,4,60,2,10,5,0,300,0.5,1700,0.5,1
9,5,41,1,0,666,0.42,420,0.58,1
9,6,701,1,0,300,0.5,572,0.32,486,0.18,1
9,7,787,2,10,5,0,666,0.42,420,0.58,1
9,8,899,0,0,300,0.5,1700,0.5,1
9,9,748,2,10,5,0,666,0.42,420,0.58,1
9,10,28,1,0,500,0.6,1000,0.2,1400,0.2,1
9,11,397,0,0,300,0.5,572,0.32,486,0.18,1
10,0,943,2,10,5,0,500,0.6,1000,0.2,1400,0.2,1
10,1,228,1,0,300,0.5,1700,0.5,1
10,2,997,1,0,666,0.42,420,0.58,1
10,3,371,0,0,300,0.5,572,0.32,486,0.18,1
10,4,785,2,10,5,0,666,0.42,420,0.58,1
10,5,909,1,0,300,0.5,1700,0.5,1
10,6,95,2,10,5,0,300,0.5,572,0.32,486,0.18,1
10,7,25,1,0,666,0.42,420,0.58,1
10,8,132,1,0,500,0.6,1000,0.2,1400,0.2,1
10,9,741,1,0,300,0.5,1700,0.5,1
10,10,128,1,0,300,0.5,1700,0.5,1
10,11,697,1,0,300,0.5,1700,0.5,1
11,0,117,2,10,5,0,500,0.6,1000,0.2,1400,0.2,1
11,1,356,2,10,5,0,300,0.5,572,0.32,486,0.18,1
11,2,792,1,0,666,0.42,420,0.58,1
11,3,811,1,0,500,0.6,1000,0.2,1400,0.2,1
11,4,19,1,0,300,0.5,572,0.32,486,0.18,1
11,5,506,2,10,5,0,300,0.5,572,0.32,486,0.18,1
11,6,879,2,10,5,0,666,0.42,420,0.58,1
11,7,422,1,0,666,0.42,420,0.58,1
11,8,336,1,0,300,0.5,572,0.32,486,0.18,1
11,9,272,0,0,500,0.6,1000,0.2,1400,0.2,1
11,10,899,0,0,500,0.6,1000,0.2,1400,0.2,1
11,11,504,0,0,300,0.5,1700,0.5,1
