0,0,808,0,0,300,0.5,1700,0.5,1
0,1,24,1,0,500,0.6,1000,0.2,1400,0.2,1
0,2,312,2,10,5,0,300,0.5,572,0.32,486,0.18,1
0,3,222,1,0,666,0.42,420,0.58,1
0,4,870,0,0,300,0.5,572,0.32,486,0.18,1
0,5,804,2,10,5,0,300,0.5,1700,0.5,1
0,6,593,0,0,500,0.6,1000,0.2,1400,0.2,1
0,7,349,2,10,5,0,666,0.42,420,0.58,1
0,8,16,2,10,5,0,300,0.5,572,0.32,486,0.18,1
0,9,22,0,0,300,0.5,572,0.32,486,0.18,1
0,10,133,2,10,5,0,300,0.5,572,0.32,486,0.18,1
0,11,732,0,0,500,0.6,1000,0.2,1400,0.2,1
1,0,85,0,0,300,0.5,1700,0.5,0
1,1,278,1,0,300,0.5,1700,0.5,0
1,2,275,2,10,5,0,300,0.5,572,0.32,486,0.18,0
1,3,182,1,0,666,0.42,420,0.58,0
1,4,282,1,0,300,0.5,1700,0.5,0
1,5,634,2,10,5,0,666,0.42,420,0.58,0
1,6,917,2,10,5,0,300,0.5,1700,0.5,0
1,7,167,0,0,300,0.5,572,0.32,486,0.18,0
1,8,578,1,0,666,0.42,420,0.58,0
1,9,956,0,0,500,0.6,1000,0.2,1400,0.2,0
1,10,442,0,0,300,0.5,1700,0.5,0
1,11,962,2,10,5,0,500,0.6,1000,0.2,1400,0.2,0
2,0,867,2,10,5,0,666,0.42,420,0.58,1
2,1,989,2,10,5,0,666,0.42,420,0.58,1
2,2,894,1,0,500,0.6,1000,0.2,1400,0.2,1
2,3,412,1,0,300,0.5,1700,0.5,1
2,4,873,1,0,500,0.6,1000,0.2,1400,0.2,1
2,5,597,1,0,500,0.6,1000,0.2,1400,0.2,1
2,6,162,2,10,5,0,666,0.42,420,0.58,1
2,7,648,1,0,300,0.5,1700,0.5,1
2,8,791,1,0,666,0.42,420,0.58,1
2,9,611,1,0,500,0.6,1000,0.2,1400,0.2,1
2,10,672,2,10,5,0,666,0.42,420,0.58,1
2,11,220,1,0,666,0.42,420,0.58,1
3,0,977,0,0,500,0.6,1000,0.2,1400,0.2,1
3,1,200,1,0,300,0.5,572,0.32,486,0.18,1
3,2,544,1,0,300,0.5,572,0.32,486,0.18,1
3,3,20,1,0,500,0.6,1000,0.2,1400,0.2,1
3,4,223,0,0,300,0.5,572,0.32,486,0.18,1
3,5,199,1,0,666,0.42,420,0.58,1
3,6,261,1,0,666,0.42,420,0.58,1
3,7,714,2,10,5,0,300,0.5,1700,0.5,1
3,8,51,0,0,666,0.42,420,0.58,1
3,9,914,1,0,300,0.5,1700,0.5,1
3,10,397,0,0,666,0.42,420,0.58,1
3,11,172,0,0,300,0.5,1700,0.5,1
4,0,992,0,0,500,0.6,1000,0.2,1400,0.2,1
4,1,854,0,0,500,0.6,1000,0.2,1400,0.2,1
4,2,719,1,0,666,0.42,420,0.58,1
4,3,833,0,0,300,0.5,1700,0.5,1
4,4,968,2,10,5,0,300,0.5,572,0.32,486,0.18,1
4,5,11,2,10,5,0,500,0.6,1000,0.2,1400,0.2,1
4,6,36,0,0,300,0.5,1700,0.5,1
4,7,448,2,10,5,0,300,0.5,572,0.32,486,0.18,1
4,8,42,2,10,5,0,300,0.5,572,0.32,486,0.18,1
4,9,704,0,0,300,0.5,1700,0.5,1
4,10,885,0,0,300,0.5,572,0.32,486,0.18,1
4,11,312,2,10,5,0,300,0.5,1700,0.5,1
5,0,665,2,10,5,0,500,0.6,1000,0.2,1400,0.2,1
5,1,404,0,0,500,0.6,1000,0.2,1400,0.2,1
5,2,33,0,0,500,0.6,1000,0.2,1400,0.2,1
5,3,719,1,0,300,0.5,572,0.32,486,0.18,1
5,4,179,1,0,300,0.5,572,0.32,486,0.18,1
5,5,444,0,0,300,0.5,572,0.32,486,0.18,1
5,6,742,0,0,300,0.5,1700,0.5,1
5,7,859,2,10,5,0,500,0.6,1000,0.2,1400,0.2,1
5,8,298,2,10,5,0,500,0.6,1000,0.2,1400,0.2,1
5,9,923,2,10,5,0,300,0.5,572,0.32,486,0.18,1
5,10,765,2,10,5,0,666,0.42,420,0.58,1
5,11,388,0,0,300,0.5,1700,0.5,1
6,0,203,1,0,500,0.6,1000,0.2,1400,0.2,1
6,1,602,2,10,5,0,300,0.5,1700,0.5,1
6,2,756,1,0,300,0.5,572,0.32,486,0.18,1
6,3,567,2,10,5,0,300,0.5,1700,0.5,1
6,4,77,1,0,300,0.5,572,0.32,486,0.18,1
6,5,917,2,10,5,0,666,0.42,420,0.58,1
6,6,533,1,0,500,0.6,1000,0.2,1400,0.2,1
6,7,222,0,0,300,0.5,572,0.32,486,0.18,1
6,8,218,2,10,5,0,500,0.6,1000,0.2,1400,0.2,1
6,9,586,2,10,5,0,300,0.5,572,0.32,486,0.18,1
6,10,288,0,0,500,0.6,1000,0.2,1400,0.2,1
6,11,162,0,0,300,0.5,572,0.32,486,0.18,1
7,0,51,2,10,5,0,500,0.6,1000,0.2,1400,0.2,1
7,1,412,0,0,300,0.5,1700,0.5,1
7,2,799,2,10,5,0,500,0.6,1000,0.2,1400,0.2,1
7,3,299,2,10,5,0,300,0.5,572,0.32,486,0.18,1
7,4,161,2,10,5,0,300,0.5,572,0.32,486,0.18,1
7,5,753,0,0,666,0.42,420,0.58,1
7,6,29,1,0,300,0.5,1700,0.5,1
7,7,209,2,10,5,0,300,0.5,572,0.32,486,0.18,1
7,8,405,0,0,666,0.42,420,0.58,1
7,9,588,0,0,666,0.42,420,0.58,1
7,10,164,0,0,666,0.42,420,0.58,1
7,11,807,0,0,666,0.42,420,0.58,1
8,0,556,0,0,666,0.42,420,0.58,1
8,1,945,0,0,300,0.5,572,0.32,486,0.18,1
8,2,822,2,10,5,0,666,0.42,420,0.58,1
8,3,419,0,0,500,0.6,1000,0.2,1400,0.2,1
8,4,652,2,10,5,0,500,0.6,1000,0.2,1400,0.2,1
8,5,199,1,0,666,0.42,420,0.58,1
8,6,738,2,10,5,0,300,0.5,572,0.32,486,0.18,1
8,7,621,2,10,5,0,300,0.5,572,0.32,486,0.18,1
8,8,310,0,0,300,0.5,1700,0.5,1
8,9,715,2,10,5,0,500,0.6,1000,0.2,1400,0.2,1
8,10,737,0,0,500,0.6,1000,0.2,1400,0.2,1
8,11,544,0,0,300,0.5,1700,0.5,1
9,0,602,2,10,5,0,500,0.6,1000,0.2,1400,0.2,1
9,1,585,0,0,300,0.5,1700,0.5,1
9,2,910,2,10,5,0,666,0.42,420,0.58,1
9,3,683,0,0,300,0.5,1700,0.5,1
9,4,474,0,0,666,0.42,420,0.58,1
9,5,31,2,10,5,0,300,0.5,572,0.32,486,0.18,1
9,6,296,0,0,666,0.42,420,0.58,1
9,7,809,2,10,5,0,300,0.5,572,0.32,486,0.18,1
9,8,331,0,0,300,0.5,1700,0.5,1
9,9,318,1,0,500,0.6,1000,0.2,1400,0.2,1
9,10,637,1,0,300,0.5,572,0.32,486,0.18,1
9,11,286,0,0,500,0.6,1000,0.2,1400,0.2,1
10,0,372,1,0,500,0.6,1000,0.2,1400,0.2,1
10,1,738,2,10,5,0,300,0.5,572,0.32,486,0.18,1
10,2,767,1,0,300,0.5,1700,0.5,1
10,3,444,2,10,5,0,300,0.5,572,0.32,486,0.18,1
10,4,889,0,0,300,0.5,572,0.32,486,0.18,1
10,5,681,1,0,500,0.6,1000,0.2,1400,0.2,1
10,6,314,0,0,500,0.6,1000,0.2,1400,0.2,1
10,7,879,1,0,300,0.5,1700,0.5,1
10,8,841,1,0,500,0.6,1000,0.2,1400,0.2,1
10,9,677,2,10,5,0,666,0.42,420,0.58,1
10,10,284,0,0,666,0.42,420,0.58,1
10,11,703,1,0,500,0.6,1000,0.2,1400,0.2,1
11,0,720,2,10,5,0,300,0.5,572,0.32,486,0.18,1
11,1,670,2,10,5,0,300,0.5,1700,0.5,1
11,2,288,2,10,5,0,500,0.6,1000,0.2,1400,0.2,1
11,3,300,0,0,300,0.5,572,0.32,486,0.18,1
11,4,918,1,0,666,0.42,420,0.58,1
11,5,107,1,0,300,0.5,1700,0.5,1
11,6,627,1,0,666,0.42,420,0.58,1
11,7,854,0,0,500,0.6,1000,0.2,1400,0.2,1
11,8,510,0,0,300,0.5,572,0.32,486,0.18,1
11,9,172,2,10,5,0,300,0.5,572,0.32,486,0.18,1
11,10,569,1,0,500,0.6,1000,0.2,1400,0.2,1
11,11,392,1,0,300,0.5,1700,0.5,1
