0,0,999,2,10,5,0,300,0.5,572,0.32,486,0.18,1
0,1,96,2,10,5,0,500,0.6,1000,0.2,1400,0.2,1
0,2,404,1,0,300,0.5,572,0.32,486,0.18,1
0,3,820,1,0,666,0.42,420,0.58,1
0,4,560,1,0,300,0.5,572,0.32,486,0.18,1
0,5,852,1,0,300,0.5,1700,0.5,1
0,6,751,2,10,5,0,666,0.42,420,0.58,1
0,7,158,1,0,300,0.5,1700,0.5,1
0,8,545,2,10,5,0,300,0.5,572,0.32,486,0.18,1
0,9,144,1,0,300,0.5,572,0.32,486,0.18,1
0,10,165,0,0,666,0.42,420,0.58,1
0,11,908,1,0,300,0.5,1700,0.5,1
1,0,685,2,10,5,0,300,0.5,572,0.32,486,0.18,0
1,1,769,1,0,300,0.5,572,0.32,486,0.18,0
1,2,34,2,10,5,0,666,0.42,420,0.58,0
1,3,505,2,10,5,0,300,0.5,1700,0.5,0
1,4,780,2,10,5,0,666,0.42,420,0.58,0
1,5,441,1,0,300,0.5,1700,0.5,0
1,6,126,1,0,300,0.5,572,0.32,486,0.18,0
1,7,357,2,10,5,0,500,0.6,1000,0.2,1400,0.2,0
1,8,962,1,0,300,0.5,1700,0.5,0
1,9,32,0,0,666,0.42,420,0.58,0
1,10,939,2,10,5,0,300,0.5,572,0.32,486,0.18,0
1,11,234,0,0,666,0.42,420,0.58,0
2,0,472,1,0,500,0.6,1000,0.2,1400,0.2,1
2,1,634,1,0,666,0.42,420,0.58,1
2,2,362,0,0,500,0.6,1000,0.2,1400,0.2,1
2,3,479,2,10,5,0,300,0.5,572,0.32,486,0.18,1
2,4,975,0,0,666,0.42,420,0.58,1
2,5,971,2,10,5,0,500,0.6,1000,0.2,1400,0.2,1
2,6,387,1,0,500,0.6,1000,0.2,1400,0.2,1
2,7,545,0,0,300,0.5,1700,0.5,1
2,8,969,2,10,5,0,300,0.5,1700,0.5,1
2,9,680,1,0,300,0.5,572,0.32,486,0.18,1
2,10,47,1,0,500,0.6,1000,0.2,1400,0.2,1
2,11,770,0,0,300,0.5,1700,0.5,1
3,0,167,1,0,666,0.42,420,0.58,1
3,1,939,0,0,666,0.42,420,0.58,1
3,2,558,2,10,5,0,666,0.42,420,0.58,1
3,3,448,1,0,300,0.5,1700,0.5,1
3,4,481,2,10,5,0,666,0.42,420,0.58,1
3,5,851,2,10,5,0,300,0.5,1700,0.5,1
3,6,304,0,0,300,0.5,1700,0.5,1
3,7,941,0,0,666,0.42,420,0.58,1
3,8,941,1,0,300,0.5,572,0.32,486,0.18,1
3,9,667,0,0,300,0.5,1700,0.5,1
3,10,251,2,10,5,0,500,0.6,1000,0.2,1400,0.2,1
3,11,165,2,10,5,0,666,0.42,420,0.58,1
4,0,20,0,0,500,0.6,1000,0.2,1400,0.2,1
4,1,711,0,0,500,0.6,1000,0.2,1400,0.2,1
4,2,674,2,10,5,0,300,0.5,572,0.32,486,0.18,1
4,3,874,0,0,300,0.5,572,0.32,486,0.18,1
4,4,571,1,0,666,0.42,420,0.58,1
4,5,521,2,10,5,0,300,0.5,1700,0.5,1
4,6,258,2,10,5,0,300,0.5,572,0.32,486,0.18,1
4,7,402,2,10,5,0,300,0.5,1700,0.5,1
4,8,789,2,10,5,0,500,0.6,1000,0.2,1400,0.2,1
4,9,831,0,0,300,0.5,1700,0.5,1
4,10,643,0,0,300,0.5,572,0.32,486,0.18,1
4,11,209,0,0,300,0.5,1700,0.5,1
5,0,66,1,0,666,0.42,420,0.58,1
5,1,931,1,0,500,0.6,1000,0.2,1400,0.2,1
5,2,859,0,0,300,0.5,572,0.32,486,0.18,1
5,3,267,2,10,5,0,300,0.5,1700,0.5,1
5,4,58,1,0,300,0.5,1700,0.5,1
5,5,50,1,0,500,0.6,1000,0.2,1400,0.2,1
5,6,861,2,10,5,0,300,0.5,1700,0.5,1
5,7,341,1,0,666,0.42,420,0.58,1
5,8,748,2,10,5,0,300,0.5,572,0.32,486,0.18,1
5,9,527,1,0,300,0.5,572,0.32,486,0.18,1
5,10,887,0,0,666,0.42,420,0.58,1
5,11,118,1,0,300,0.5,1700,0.5,1
6,0,210,2,10,5,0,300,0.5,1700,0.5,1
6,1,552,0,0,500,0.6,1000,0.2,1400,0.2,1
6,2,108,0,0,300,0.5,572,0.32,486,0.18,1
6,3,242,0,0,500,0.6,1000,0.2,1400,0.2,1
6,4,721,0,0,300,0.5,1700,0.5,1
6,5,905,0,0,666,0.42,420,0.58,1
6,6,733,1,0,666,0.42,420,0.58,1
6,7,80,2,10,5,0,300,0.5,572,0.32,486,0.18,1
6,8,130,1,0,666,0.42,420,0.58,1
6,9,459,1,0,300,0.5,1700,0.5,1
6,10,164,0,0,500,0.6,1000,0.2,1400,0.2,1
6,11,843,0,0,500,0.6,1000,0.2,1400,0.2,1
7,0,713,2,10,5,0,500,0.6,1000,0.2,1400,0.2,1
7,1,866,1,0,500,0.6,1000,0.2,1400,0.2,1
7,2,275,0,0,666,0.42,420,0.58,1
7,3,758,0,0,300,0.5,572,0.32,486,0.18,1
7,4,670,2,10,5,0,300,0.5,572,0.32,486,0.18,1
7,5,720,0,0,666,0.42,420,0.58,1
7,6,565,0,0,300,0.5,572,0.32,486,0.18,1
7,7,940,0,0,500,0.6,1000,0.2,1400,0.2,1
7,8,954,0,0,500,0.6,1000,0.2,1400,0.2,1
7,9,610,2,10,5,0,500,0.6,1000,0.2,1400,0.2,1
7,10,721,2,10,5,0,300,0.5,572,0.32,486,0.18,1
7,11,569,1,0,500,0.6,1000,0.2,1400,0.2,1
8,0,582,2,10,5,0,500,0.6,1000,0.2,1400,0.2,1
8,1,171,0,0,500,0.6,1000,0.2,1400,0.2,1
8,2,901,1,0,300,0.5,1700,0.5,1
8,3,173,2,10,5,0,300,0.5,1700,0.5,1
8,4,855,1,0,300,0.5,572,0.32,486,0.18,1
8,5,976,2,10,5,0,300,0.5,1700,0.5,1
8,6,583,0,0,500,0.6,1000,0.2,1400,0.2,1
8,7,542,0,0,666,0.42,420,0.58,1
8,8,948,1,0,500,0.6,1000,0.2,1400,0.2,1
8,9,287,0,0,500,0.6,1000,0.2,1400,0.2,1
8,10,566,0,0,300,0.5,572,0.32,486,0.18,1
8,11,136,2,10,5,0,500,0.6,1000,0.2,1400,0.2,1
9,0,579,1,0,666,0.42,420,0.58,1
9,1,114,2,10,5,0,300,0.5,1700,0.5,1
9,2,892,1,0,300,0.5,572,0.32,486,0.18,1
9,3,460,1,0,300,0.5,1700,0.5,1
9,4,684,1,0,300,0.5,1700,0.5,1
9,5,597,2,10,5,0,300,0.5,572,0.32,486,0.18,1
9,6,808,1,0,666,0.42,420,0.58,1
9,7,87,2,10,5,0,500,0.6,1000,0.2,1400,0.2,1
9,8,913,0,0,500,0.6,1000,0.2,1400,0.2,1
9,9,309,0,0,300,0.5,1700,0.5,1
9,10,127,1,0,300,0.5,1700,0.5,1
9,11,172,1,0,500,0.6,1000,0.2,1400,0.2,1
10,0,332,1,0,666,0.42,420,0.58,1
10,1,442,1,0,300,0.5,1700,0.5,1
10,2,763,2,10,5,0,666,0.42,420,0.58,1
10,3,95,0,0,666,0.42,420,0.58,1
10,4,384,1,0,300,0.5,572,0.32,486,0.18,1
10,5,794,2,10,5,0,666,0.42,420,0.58,1
10,6,557,2,10,5,0,666,0.42,420,0.58,1
10,7,406,2,10,5,0,300,0.5,572,0.32,486,0.18,1
10,8,397,1,0,500,0.6,1000,0.2,1400,0.2,1
10,9,425,2,10,5,0,300,0.5,1700,0.5,1
10,10,661,1,0,500,0.6,1000,0.2,1400,0.2,1
10,11,942,1,0,300,0.5,572,0.32,486,0.18,1
11,0,571,2,10,5,0,300,0.5,1700,0.5,1
11,1,847,1,0,300,0.5,572,0.32,486,0.18,1
11,2,587,2,10,5,0,300,0.5,1700,0.5,1
11,3,245,0,0,300,0.5,572,0.32,486,0.18,1
11,4,130,1,0,500,0.6,1000,0.2,1400,0.2,1
11,5,666,2,10,5,0,666,0.42,420,0.58,1
11,6,28,0,0,300,0.5,572,0.32,486,0.18,1
11,7,226,2,10,5,0,300,0.5,1700,0.5,1
11,8,875,1,0,300,0.5,1700,0.5,1
11,9,998,2,10,5,0,500,0.6,1000,0.2,1400,0.2,1
11,10,583,2,10,5,0,300,0.5,1700,0.5,1
11,11,468,1,0,300,0.5,572,0.32,486,0.18,1
