0,0,622,2,10,5,0,300,0.5,572,0.32,486,0.18,1
0,1,957,2,10,5,0,300,0.5,572,0.32,486,0.18,1
0,2,53,2,10,5,0,500,0.6,1000,0.2,1400,0.2,1
0,3,996,1,0,666,0.42,420,0.58,1
0,4,926,0,0,300,0.5,1700,0.5,1
0,5,608,0,0,300,0.5,1700,0.5,1
0,6,176,0,0,666,0.42,420,0.58,1
0,7,630,2,10,5,0,300,0.5,572,0.32,486,0.18,1
0,8,617,2,10,5,0,300,0.5,1700,0.5,1
0,9,490,1,0,300,0.5,572,0.32,486,0.18,1
0,10,808,0,0,666,0.42,420,0.58,1
0,11,514,2,10,5,0,500,0.6,1000,0.2,1400,0.2,1
1,0,274,1,0,666,0.42,420,0.58,0
1,1,576,1,0,300,0.5,1700,0.5,0
1,2,120,1,0,300,0.5,1700,0.5,0
1,3,759,0,0,666,0.42,420,0.58,0
1,4,969,0,0,666,0.42,420,0.58,0
1,5,456,0,0,300,0.5,1700,0.5,0
1,6,314,1,0,300,0.5,572,0.32,486,0.18,0
1,7,56,0,0,500,0.6,1000,0.2,1400,0.2,0
1,8,365,2,10,5,0,666,0.42,420,0.58,0
1,9,902,2,10,5,0,500,0.6,1000,0.2,1400,0.2,0
1,10,847,1,0,300,0.5,1700,0.5,0
1,11,749,0,0,666,0.42,420,0.58,0
2,0,290,2,10,5,0,300,0.5,572,0.32,486,0.18,1
2,1,257,1,0,666,0.42,420,0.58,1
2,2,355,2,10,5,0,300,0.5,1700,0.5,1
2,3,150,1,0,300,0.5,1700,0.5,1
2,4,198,1,0,666,0.42,420,0.58,1
2,5,735,1,0,300,0.5,1700,0.5,1
2,6,25,0,0,300,0.5,1700,0.5,1
2,7,97,2,10,5,0,300,0.5,572,0.32,486,0.18,1
2,8,374,2,10,5,0,300,0.5,572,0.32,486,0.18,1
2,9,392,0,0,666,0.42,420,0.58,1
2,10,533,0,0,300,0.5,1700,0.5,1
2,11,769,1,0,500,0.6,1000,0.2,1400,0.2,1
3,0,864,0,0,666,0.42,420,0.58,1
3,1,898,2,10,5,0,300,0.5,572,0.32,486,0.18,1
3,2,473,1,0,300,0.5,572,0.32,486,0.18,1
3,3,437,1,0,300,0.5,1700,0.5,1
3,4,205,1,0,300,0.5,1700,0.5,1
3,5,804,0,0,300,0.5,572,0.32,486,0.18,1
3,6,270,0,0,666,0.42,420,0.58,1
3,7,125,2,10,5,0,500,0.6,1000,0.2,1400,0.2,1
3,8,953,1,0,300,0.5,1700,0.5,1
3,9,45,1,0,666,0.42,420,0.58,1
3,10,38,2,10,5,0,300,0.5,1700,0.5,1
3,11,160,2,10,5,0,666,0.42,420,0.58,1
4,0,52,0,0,300,0.5,1700,0.5,1
4,1,454,1,0,666,0.42,420,0.58,1
4,2,246,0,0,300,0.5,572,0.32,486,0.18,1
4,3,602,2,10,5,0,300,0.5,572,0.32,486,0.18,1
4,4,739,1,0,666,0.42,420,0.58,1
4,5,113,0,0,300,0.5,572,0.32,486,0.18,1
4,6,649,0,0,666,0.42,420,0.58,1
4,7,576,2,10,5,0,300,0.5,572,0.32,486,0.18,1
4,8,498,2,10,5,0,500,0.6,1000,0.2,1400,0.2,1
4,9,769,2,10,5,0,500,0.6,1000,0.2,1400,0.2,1
4,10,94,0,0,300,0.5,1700,0.5,1
4,11,869,1,0,500,0.6,1000,0.2,1400,0.2,1
5,0,852,2,10,5,0,300,0.5,572,0.32,486,0.18,1
5,1,121,1,0,500,0.6,1000,0.2,1400,0.2,1
5,2,983,2,10,5,0,666,0.42,420,0.58,1
5,3,633,0,0,666,0.42,420,0.58,1
5,4,730,2,10,5,0,666,0.42,420,0.58,1
5,5,329,1,0,300,0.5,1700,0.5,1
5,6,751,1,0,666,0.42,420,0.58,1
5,7,361,1,0,300,0.5,572,0.32,486,0.18,1
5,8,401,2,10,5,0,300,0.5,1700,0.5,1
5,9,62,0,0,300,0.5,572,0.32,486,0.18,1
5,10,51,1,0,500,0.6,1000,0.2,1400,0.2,1
5,11,104,1,0,300,0.5,572,0.32,486,0.18,1
6,0,287,2,10,5,0,300,0.5,572,0.32,486,0.18,1
6,1,243,0,0,300,0.5,1700,0.5,1
6,2,791,1,0,300,0.5,572,0.32,486,0.18,1
6,3,11,1,0,300,0.5,572,0.32,486,0.18,1
6,4,107,0,0,500,0.6,1000,0.2,1400,0.2,1
6,5,391,0,0,666,0.42,420,0.58,1
6,6,143,0,0,300,0.5,572,0.32,486,0.18,1
6,7,437,0,0,500,0.6,1000,0.2,1400,0.2,1
6,8,988,1,0,500,0.6,1000,0.2,1400,0.2,1
6,9,308,0,0,300,0.5,1700,0.5,1
6,10,814,1,0,666,0.42,420,0.58,1
6,11,351,2,10,5,0,300,0.5,1700,0.5,1
7,0,292,1,0,300,0.5,572,0.32,486,0.18,1
7,1,704,2,10,5,0,300,0.5,572,0.32,486,0.18,1
7,2,797,0,0,666,0.42,420,0.58,1
7,3,602,1,0,666,0.42,420,0.58,1
7,4,852,1,0,300,0.5,572,0.32,486,0.18,1
7,5,773,0,0,500,0.6,1000,0.2,1400,0.2,1
7,6,390,0,0,300,0.5,572,0.32,486,0.18,1
7,7,583,1,0,300,0.5,572,0.32,486,0.18,1
7,8,405,2,10,5,0,300,0.5,1700,0.5,1
7,9,52,0,0,500,0.6,1000,0.2,1400,0.2,1
7,10,544,0,0,300,0.5,572,0.32,486,0.18,1
7,11,96,2,10,5,0,500,0.6,1000,0.2,1400,0.2,1
8,0,69,0,0,666,0.42,420,0.58,1
8,1,581,0,0,500,0.6,1000,0.2,1400,0.2,1
8,2,790,0,0,666,0.42,420,0.58,1
8,3,845,0,0,300,0.5,1700,0.5,1
8,4,957,0,0,300,0.5,1700,0.5,1
8,5,742,0,0,666,0.42,420,0.58,1
8,6,199,2,10,5,0,300,0.5,572,0.32,486,0.18,1
8,7,414,0,0,500,0.6,1000,0.2,1400,0.2,1
8,8,845,0,0,500,0.6,1000,0.2,1400,0.2,1
8,9,553,0,0,300,0.5,572,0.32,486,0.18,1
8,10,423,0,0,300,0.5,572,0.32,486,0.18,1
8,11,111,2,10,5,0,666,0.42,420,0.58,1
9,0,334,2,10,5,0,300,0.5,1700,0.5,1
9,1,522,2,10,5,0,666,0.42,420,0.58,1
9,2,694,2,10,5,0,500,0.6,1000,0.2,1400,0.2,1
9,3,42,0,0,300,0.5,572,0.32,486,0.18,1
9,4,104,2,10,5,0,300,0.5,572,0.32,486,0.18,1
9,5,584,1,0,666,0.42,420,0.58,1
9,6,643,0,0,300,0.5,572,0.32,486,0.18,1
9,7,652,1,0,666,0.42,420,0.58,1
9,8,569,1,0,500,0.6,1000,0.2,1400,0.2,1
9,9,706,1,0,500,0.6,1000,0.2,1400,0.2,1
9,10,331,2,10,5,0,300,0.5,1700,0.5,1
9,11,907,1,0,300,0.5,572,0.32,486,0.18,1
10,0,604,1,0,666,0.42,420,0.58,1
10,1,386,1,0,666,0.42,420,0.58,1
10,2,703,2,10,5,0,666,0.42,420,0.58,1
10,3,549,0,0,300,0.5,1700,0.5,1
10,4,377,1,0,500,0.6,1000,0.2,1400,0.2,1
10,5,557,2,10,5,0,300,0.5,572,0.32,486,0.18,1
10,6,934,1,0,300,0.5,572,0.32,486,0.18,1
10,7,512,0,0,666,0.42,420,0.58,1
10,8,165,0,0,300,0.5,572,0.32,486,0.18,1
10,9,646,2,10,5,0,300,0.5,1700,0.5,1
10,10,36,1,0,666,0.42,420,0.58,1
10,11,143,0,0,666,0.42,420,0.58,1
11,0,744,1,0,300,0.5,1700,0.5,1
11,1,512,1,0,666,0.42,420,0.58,1
11,2,88,1,0,300,0.5,1700,0.5,1
11,3,912,1,0,500,0.6,1000,0.2,1400,0.2,1
11,4,200,1,0,300,0.5,1700,0.5,1
11,5,142,1,0,666,0.42,420,0.58,1
11,6,804,0,0,666,0.42,420,0.58,1
11,7,81,0,0,300,0.5,572,0.32,486,0.18,1
11,8,755,1,0,300,0.5,572,0.32,486,0.18,1
11,9,59,2,10,5,0,666,0.42,420,0.58,1
11,10,882,2,10,5,0,300,0.5,1700,0.5,1
11,11,96,2,10,5,0,300,0.5,1700,0.5,1
