0,0,464,0,0,300,0.5,572,0.32,486,0.18,1
0,1,526,0,0,666,0.42,420,0.58,1
0,2,273,2,10,5,0,500,0.6,1000,0.2,1400,0.2,1
0,3,363,2,10,5,0,300,0.5,572,0.32,486,0.18,1
0,4,666,1,0,300,0.5,572,0.32,486,0.18,1
0,5,494,2,10,5,0,300,0.5,572,0.32,486,0.18,1
0,6,137,1,0,500,0.6,1000,0.2,1400,0.2,1
0,7,896,1,0,300,0.5,1700,0.5,1
0,8,320,0,0,666,0.42,420,0.58,1
0,9,208,0,0,666,0.42,420,0.58,1
0,10,21,0,0,666,0.42,420,0.58,1
0,11,367,2,10,5,0,300,0.5,1700,0.5,1
1,0,789,1,0,666,0.42,420,0.58,0
1,1,769,1,0,500,0.6,1000,0.2,1400,0.2,0
1,2,363,1,0,666,0.42,420,0.58,0
1,3,785,1,0,666,0.42,420,0.58,0
1,4,513,0,0,300,0.5,1700,0.5,0
1,5,883,1,0,500,0.6,1000,0.2,1400,0.2,0
1,6,570,0,0,500,0.6,1000,0.2,1400,0.2,0
1,7,132,1,0,666,0.42,420,0.58,0
1,8,967,2,10,5,0,300,0.5,1700,0.5,0
1,9,638,0,0,666,0.42,420,0.58,0
1,10,937,1,0,500,0.6,1000,0.2,1400,0.2,0
1,11,320,1,0,300,0.5,1700,0.5,0
2,0,484,0,0,666,0.42,420,0.58,1
2,1,901,0,0,300,0.5,572,0.32,486,0.18,1
2,2,116,1,0,300,0.5,572,0.32,486,0.18,1
2,3,491,1,0,666,0.42,420,0.58,1
2,4,62,0,0,500,0.6,1000,0.2,1400,0.2,1
2,5,409,0,0,300,0.5,1700,0.5,1
2,6,451,2,10,5,0,300,0.5,1700,0.5,1
2,7,787,0,0,500,0.6,1000,0.2,1400,0.2,1
2,8,620,1,0,300,0.5,1700,0.5,1
2,9,670,0,0,300,0.5,572,0.32,486,0.18,1
2,10,127,2,10,5,0,300,0.5,1700,0.5,1
2,11,246,0,0,666,0.42,420,0.58,1
3,0,222,0,0,300,0.5,572,0.32,486,0.18,1
3,1,821,0,0,300,0.5,572,0.32,486,0.18,1
3,2,236,1,0,300,0.5,1700,0.5,1
3,3,19,2,10,5,0,500,0.6,1000,0.2,1400,0.2,1
3,4,300,1,0,666,0.42,420,0.58,1
3,5,776,1,0,300,0.5,1700,0.5,1
3,6,77,1,0,666,0.42,420,0.58,1
3,7,323,0,0,666,0.42,420,0.58,1
3,8,711,2,10,5,0,300,0.5,572,0.32,486,0.18,1
3,9,163,2,10,5,0,500,0.6,1000,0.2,1400,0.2,1
3,10,187,0,0,666,0.42,420,0.58,1
3,11,277,0,0,500,0.6,1000,0.2,1400,0.2,1
4,0,156,1,0,300,0.5,572,0.32,486,0.18,1
4,1,930,2,10,5,0,666,0.42,420,0.58,1
4,2,589,1,0,500,0.6,1000,0.2,1400,0.2,1
4,3,256,1,0,500,0.6,1000,0.2,1400,0.2,1
4,4,651,1,0,300,0.5,572,0.32,486,0.18,1
4,5,462,1,0,300,0.5,1700,0.5,1
4,6,984,2,10,5,0,500,0.6,1000,0.2,1400,0.2,1
4,7,743,1,0,300,0.5,1700,0.5,1
4,8,151,2,10,5,0,300,0.5,1700,0.5,1
4,9,125,1,0,300,0.5,572,0.32,486,0.18,1
4,10,68,1,0,500,0.6,1000,0.2,1400,0.2,1
4,11,660,2,10,5,0,300,0.5,1700,0.5,1
5,0,812,2,10,5,0,666,0.42,420,0.58,1
5,1,547,0,0,500,0.6,1000,0.2,1400,0.2,1
5,2,883,2,10,5,0,300,0.5,572,0.32,486,0.18,1
5,3,419,1,0,666,0.42,420,0.58,1
5,4,301,1,0,300,0.5,1700,0.5,1
5,5,876,1,0,666,0.42,420,0.58,1
5,6,697,2,10,5,0,300,0.5,1700,0.5,1
5,7,468,1,0,300,0.5,1700,0.5,1
5,8,960,2,10,5,0,666,0.42,420,0.58,1
5,9,238,0,0,300,0.5,572,0.32,486,0.18,1
5,10,470,0,0,300,0.5,572,0.32,486,0.18,1
5,11,988,0,0,300,0.5,572,0.32,486,0.18,1
6,0,942,0,0,300,0.5,572,0.32,486,0.18,1
6,1,484,1,0,500,0.6,1000,0.2,1400,0.2,1
6,2,387,0,0,300,0.5,572,0.32,486,0.18,1
6,3,27,1,0,500,0.6,1000,0.2,1400,0.2,1
6,4,562,1,0,500,0.6,1000,0.2,1400,0.2,1
6,5,777,2,10,5,0,500,0.6,1000,0.2,1400,0.2,1
6,6,647,0,0,500,0.6,1000,0.2,1400,0.2,1
6,7,627,0,0,300,0.5,1700,0.5,1
6,8,154,1,0,666,0.42,420,0.58,1
6,9,994,1,0,300,0.5,1700,0.5,1
6,10,548,1,0,300,0.5,1700,0.5,1
6,11,988,0,0,666,0.42,420,0.58,1
7,0,878,2,10,5,0,300,0.5,1700,0.5,1
7,1,192,1,0,300,0.5,572,0.32,486,0.18,1
7,2,949,0,0,300,0.5,572,0.32,486,0.18,1
7,3,942,1,0,500,0.6,1000,0.2,1400,0.2,1
7,4,783,1,0,500,0.6,1000,0.2,1400,0.2,1
7,5,125,1,0,666,0.42,420,0.58,1
7,6,819,0,0,300,0.5,572,0.32,486,0.18,1
7,7,503,0,0,300,0.5,1700,0.5,1
7,8,854,0,0,300,0.5,1700,0.5,1
7,9,605,2,10,5,0,500,0.6,1000,0.2,1400,0.2,1
7,10,394,1,0,500,0.6,1000,0.2,1400,0.2,1
7,11,307,2,10,5,0,300,0.5,572,0.32,486,0.18,1
8,0,158,1,0,666,0.42,420,0.58,1
8,1,615,1,0,666,0.42,420,0.58,1
8,2,827,0,0,300,0.5,572,0.32,486,0.18,1
8,3,731,0,0,300,0.5,572,0.32,486,0.18,1
8,4,38,2,10,5,0,666,0.42,420,0.58,1
8,5,412,0,0,666,0.42,420,0.58,1
8,6,353,2,10,5,0,666,0.42,420,0.58,1
8,7,213,0,0,500,0.6,1000,0.2,1400,0.2,1
8,8,759,0,0,300,0.5,1700,0.5,1
8,9,657,1,0,666,0.42,420,0.58,1
8,10,342,1,0,500,0.6,1000,0.2,1400,0.2,1
8,11,198,2,10,5,0,666,0.42,420,0.58,1
9,0,899,0,0,300,0.5,572,0.32,486,0.18,1
9,1,574,0,0,300,0.5,572,0.32,486,0.18,1
9,2,172,1,0,300,0.5,1700,0.5,1
9,3,774,0,0,300,0.5,572,0.32,486,0.18,1
9,4,68,1,0,300,0.5,572,0.32,486,0.18,1
9,5,116,2,10,5,0,300,0.5,1700,0.5,1
9,6,398,0,0,300,0.5,572,0.32,486,0.18,1
9,7,906,1,0,300,0.5,572,0.32,486,0.18,1
9,8,259,0,0,300,0.5,1700,0.5,1
9,9,599,2,10,5,0,300,0.5,1700,0.5,1
9,10,800,2,10,5,0,500,0.6,1000,0.2,1400,0.2,1
9,11,277,0,0,300,0.5,572,0.32,486,0.18,1
10,0,228,0,0,666,0.42,420,0.58,1
10,1,485,2,10,5,0,500,0.6,1000,0.2,1400,0.2,1
10,2,412,2,10,5,0,300,0.5,1700,0.5,1
10,3,717,2,10,5,0,300,0.5,572,0.32,486,0.18,1
10,4,924,0,0,300,0.5,572,0.32,486,0.18,1
10,5,695,1,0,300,0.5,572,0.32,486,0.18,1
10,6,940,0,0,300,0.5,572,0.32,486,0.18,1
10,7,834,2,10,5,0,300,0.5,572,0.32,486,0.18,1
10,8,357,2,10,5,0,300,0.5,572,0.32,486,0.18,1
10,9,288,0,0,300,0.5,572,0.32,486,0.18,1
10,10,179,0,0,300,0.5,572,0.32,486,0.18,1
10,11,540,1,0,666,0.42,420,0.58,1
11,0,908,0,0,300,0.5,572,0.32,486,0.18,1
11,1,416,2,10,5,0,500,0.6,1000,0.2,1400,0.2,1
11,2,116,1,0,300,0.5,1700,0.5,1
11,3,427,1,0,666,0.42,420,0.58,1
11,4,73,2,10,5,0,666,0.42,420,0.58,1
11,5,926,1,0,300,0.5,572,0.32,486,0.18,1
11,6,268,2,10,5,0,300,0.5,572,0.32,486,0.18,1
11,7,560,2,10,5,0,500,0.6,1000,0.2,1400,0.2,1
11,8,733,0,0,300,0.5,572,0.32,486,0.18,1
11,9,779,0,0,500,0.6,1000,0.2,1400,0.2,1
11,10,772,0,0,300,0.5,572,0.32,486,0.18,1
11,11,608,2,10,5,0,666,0.42,420,0.58,1
