0,0,721,2,10,5,0,300,0.5,1700,0.5,1
0,1,305,2,10,5,0,300,0.5,1700,0.5,1
0,2,86,0,0,666,0.42,420,0.58,1
0,3,669,0,0,300,0.5,1700,0.5,1
0,4,203,0,0,666,0.42,420,0.58,1
0,5,855,0,0,300,0.5,1700,0.5,1
0,6,466,0,0,500,0.6,1000,0.2,1400,0.2,1
0,7,973,0,0,500,0.6,1000,0.2,1400,0.2,1
0,8,387,1,0,500,0.6,1000,0.2,1400,0.2,1
0,9,677,2,10,5,0,500,0.6,1000,0.2,1400,0.2,1
0,10,296,0,0,500,0.6,1000,0.2,1400,0.2,1
0,11,822,1,0,500,0.6,1000,0.2,1400,0.2,1
1,0,345,2,10,5,0,666,0.42,420,0.58,0
1,1,729,0,0,300,0.5,572,0.32,486,0.18,0
1,2,65,1,0,300,0.5,572,0.32,486,0.18,0
1,3,415,0,0,500,0.6,1000,0.2,1400,0.2,0
1,4,445,0,0,300,0.5,1700,0.5,0
1,5,414,1,0,300,0.5,1700,0.5,0
1,6,740,2,10,5,0,300,0.5,572,0.32,486,0.18,0
1,7,469,0,0,666,0.42,420,0.58,0
1,8,695,0,0,300,0.5,1700,0.5,0
1,9,744,2,10,5,0,300,0.5,1700,0.5,0
1,10,249,0,0,300,0.5,1700,0.5,0
1,11,311,2,10,5,0,300,0.5,572,0.32,486,0.18,0
2,0,225,2,10,5,0,500,0.6,1000,0.2,1400,0.2,1
2,1,536,0,0,666,0.42,420,0.58,1
2,2,408,0,0,300,0.5,1700,0.5,1
2,3,128,2,10,5,0,500,0.6,1000,0.2,1400,0.2,1
2,4,968,2,10,5,0,666,0.42,420,0.58,1
2,5,385,2,10,5,0,500,0.6,1000,0.2,1400,0.2,1
2,6,679,0,0,300,0.5,1700,0.5,1
2,7,815,0,0,500,0.6,1000,0.2,1400,0.2,1
2,8,427,1,0,300,0.5,1700,0.5,1
2,9,789,0,0,300,0.5,1700,0.5,1
2,10,203,1,0,300,0.5,1700,0.5,1
2,11,758,1,0,666,0.42,420,0.58,1
3,0,593,2,10,5,0,300,0.5,572,0.32,486,0.18,1
3,1,782,0,0,666,0.42,420,0.58,1
3,2,952,2,10,5,0,300,0.5,572,0.32,486,0.18,1
3,3,965,0,0,666,0.42,420,0.58,1
3,4,129,0,0,500,0.6,1000,0.2,1400,0.2,1
3,5,608,1,0,300,0.5,572,0.32,486,0.18,1
3,6,50,0,0,500,0.6,1000,0.2,1400,0.2,1
3,7,460,2,10,5,0,300,0.5,572,0.32,486,0.18,1
3,8,682,1,0,666,0.42,420,0.58,1
3,9,968,0,0,500,0.6,1000,0.2,1400,0.2,1
3,10,964,2,10,5,0,300,0.5,572,0.32,486,0.18,1
3,11,15,1,0,300,0.5,1700,0.5,1
4,0,379,0,0,300,0.5,1700,0.5,1
4,1,730,1,0,666,0.42,420,0.58,1
4,2,766,2,10,5,0,300,0.5,572,0.32,486,0.18,1
4,3,556,1,0,300,0.5,572,0.32,486,0.18,1
4,4,759,0,0,666,0.42,420,0.58,1
4,5,442,0,0,500,0.6,1000,0.2,1400,0.2,1
4,6,683,0,0,500,0.6,1000,0.2,1400,0.2,1
4,7,454,0,0,666,0.42,420,0.58,1
4,8,97,1,0,300,0.5,572,0.32,486,0.18,1
4,9,927,0,0,500,0.6,1000,0.2,1400,0.2,1
4,10,737,1,0,300,0.5,1700,0.5,1
4,11,286,1,0,300,0.5,572,0.32,486,0.18,1
5,0,452,2,10,5,0,666,0.42,420,0.58,1
5,1,446,1,0,300,0.5,1700,0.5,1
5,2,194,2,10,5,0,666,0.42,420,0.58,1
5,3,283,1,0,300,0.5,1700,0.5,1
5,4,829,2,10,5,0,300,0.5,1700,0.5,1
5,5,710,1,0,300,0.5,572,0.32,486,0.18,1
5,6,637,1,0,666,0.42,420,0.58,1
5,7,482,2,10,5,0,500,0.6,1000,0.2,1400,0.2,1
5,8,876,2,10,5,0,300,0.5,572,0.32,486,0.18,1
5,9,863,0,0,300,0.5,572,0.32,486,0.18,1
5,10,32,0,0,500,0.6,1000,0.2,1400,0.2,1
5,11,205,0,0,300,0.5,1700,0.5,1
6,0,812,1,0,666,0.42,420,0.58,1
6,1,733,2,10,5,0,300,0.5,1700,0.5,1
6,2,130,2,10,5,0,300,0.5,572,0.32,486,0.18,1
6,3,380,1,0,500,0.6,1000,0.2,1400,0.2,1
6,4,83,2,10,5,0,300,0.5,1700,0.5,1
6,5,895,1,0,300,0.5,1700,0.5,1
6,6,526,1,0,666,0.42,420,0.58,1
6,7,549,0,0,300,0.5,1700,0.5,1
6,8,660,2,10,5,0,500,0.6,1000,0.2,1400,0.2,1
6,9,472,1,0,300,0.5,572,0.32,486,0.18,1
6,10,178,1,0,300,0.5,572,0.32,486,0.18,1
6,11,552,0,0,300,0.5,1700,0.5,1
7,0,849,0,0,666,0.42,420,0.58,1
7,1,779,2,10,5,0,300,0.5,572,0.32,486,0.18,1
7,2,820,1,0,666,0.42,420,0.58,1
7,3,954,1,0,500,0.6,1000,0.2,1400,0.2,1
7,4,961,2,10,5,0,666,0.42,420,0.58,1
7,5,254,0,0,300,0.5,572,0.32,486,0.18,1
7,6,565,2,10,5,0,666,0.42,420,0.58,1
7,7,598,1,0,666,0.42,420,0.58,1
7,8,166,0,0,300,0.5,1700,0.5,1
7,9,411,1,0,666,0.42,420,0.58,1
7,10,838,1,0,300,0.5,572,0.32,486,0.18,1
7,11,63,2,10,5,0,666,0.42,420,0.58,1
8,0,938,2,10,5,0,300,0.5,1700,0.5,1
8,1,516,1,0,300,0.5,1700,0.5,1
8,2,654,0,0,300,0.5,572,0.32,486,0.18,1
8,3,54,1,0,666,0.42,420,0.58,1
8,4,263,0,0,666,0.42,420,0.58,1
8,5,702,1,0,666,0.42,420,0.58,1
8,6,826,2,10,5,0,666,0.42,420,0.58,1
8,7,914,0,0,500,0.6,1000,0.2,1400,0.2,1
8,8,864,1,0,500,0.6,1000,0.2,1400,0.2,1
8,9,899,0,0,666,0.42,420,0.58,1
8,10,739,2,10,5,0,500,0.6,1000,0.2,1400,0.2,1
8,11,664,2,10,5,0,300,0.5,572,0.32,486,0.18,1
9,0,63,0,0,500,0.6,1000,0.2,1400,0.2,1
9,1,518,1,0,500,0.6,1000,0.2,1400,0.2,1
9,2,337,2,10,5,0,300,0.5,572,0.32,486,0.18,1
9,3,379,1,0,300,0.5,572,0.32,486,0.18,1
9,4,471,0,0,300,0.5,572,0.32,486,0.18,1
9,5,405,0,0,666,0.42,420,0.58,1
9,6,822,2,10,5,0,666,0.42,420,0.58,1
9,7,688,1,0,500,0.6,1000,0.2,1400,0.2,1
9,8,497,0,0,300,0.5,572,0.32,486,0.18,1
9,9,669,2,10,5,0,666,0.42,420,0.58,1
9,10,911,0,0,300,0.5,1700,0.5,1
9,11,27,1,0,500,0.6,1000,0.2,1400,0.2,1
10,0,541,2,10,5,0,666,0.42,420,0.58,1
10,1,111,0,0,500,0.6,1000,0.2,1400,0.2,1
10,2,837,1,0,500,0.6,1000,0.2,1400,0.2,1
10,3,280,2,10,5,0,300,0.5,572,0.32,486,0.18,1
10,4,964,2,10,5,0,500,0.6,1000,0.2,1400,0.2,1
10,5,594,0,0,300,0.5,572,0.32,486,0.18,1
10,6,345,1,0,300,0.5,572,0.32,486,0.18,1
10,7,445,2,10,5,0,666,0.42,420,0.58,1
10,8,340,2,10,5,0,500,0.6,1000,0.2,1400,0.2,1
10,9,512,2,10,5,0,300,0.5,1700,0.5,1
10,10,606,1,0,300,0.5,1700,0.5,1
10,11,332,1,0,300,0.5,572,0.32,486,0.18,1
11,0,488,1,0,666,0.42,420,0.58,1
11,1,950,1,0,500,0.6,1000,0.2,1400,0.2,1
11,2,75,2,10,5,0,300,0.5,572,0.32,486,0.18,1
11,3,617,1,0,500,0.6,1000,0.2,1400,0.2,1
11,4,500,2,10,5,0,300,0.5,572,0.32,486,0.18,1
11,5,465,2,10,5,0,500,0.6,1000,0.2,1400,0.2,1
11,6,501,1,0,300,0.5,1700,0.5,1
11,7,185,1,0,300,0.5,572,0.32,486,0.18,1
11,8,192,2,10,5,0,500,0.6,1000,0.2,1400,0.2,1
11,9,914,0,0,500,0.6,1000,0.2,1400,0.2,1
11,10,847,1,0,300,0.5,572,0.32,486,0.18,1
11,11,996,0,0,500,0.6,1000,0.2,1400,0.2,1
