0,0,49,1,0,500,0.6,1000,0.2,1400,0.2,1
0,1,479,1,0,500,0.6,1000,0.2,1400,0.2,1
0,2,324,2,10,5,0,500,0.6,1000,0.2,1400,0.2,1
0,3,341,0,0,500,0.6,1000,0.2,1400,0.2,1
0,4,958,0,0,500,0.6,1000,0.2,1400,0.2,1
0,5,767,2,10,5,0,300,0.5,1700,0.5,1
0,6,76,0,0,666,0.42,420,0.58,1
0,7,587,2,10,5,0,666,0.42,420,0.58,1
0,8,981,2,10,5,0,300,0.5,572,0.32,486,0.18,1
0,9,243,0,0,300,0.5,572,0.32,486,0.18,1
0,10,711,0,0,300,0.5,572,0.32,486,0.18,1
0,11,413,0,0,300,0.5,1700,0.5,1
1,0,408,0,0,666,0.42,420,0.58,0
1,1,996,2,10,5,0,300,0.5,1700,0.5,0
1,2,968,2,10,5,0,300,0.5,1700,0.5,0
1,3,85,0,0,300,0.5,572,0.32,486,0.18,0
1,4,327,0,0,300,0.5,1700,0.5,0
1,5,621,2,10,5,0,300,0.5,572,0.32,486,0.18,0
1,6,927,1,0,500,0.6,1000,0.2,1400,0.2,0
1,7,172,2,10,5,0,500,0.6,1000,0.2,1400,0.2,0
1,8,43,2,10,5,0,300,0.5,572,0.32,486,0.18,0
1,9,411,2,10,5,0,666,0.42,420,0.58,0
1,10,32,1,0,500,0.6,1000,0.2,1400,0.2,0
1,11,150,0,0,300,0.5,1700,0.5,0
2,0,462,0,0,666,0.42,420,0.58,1
2,1,553,1,0,300,0.5,572,0.32,486,0.18,1
2,2,447,2,10,5,0,300,0.5,572,0.32,486,0.18,1
2,3,770,2,10,5,0,300,0.5,1700,0.5,1
2,4,110,0,0,500,0.6,1000,0.2,1400,0.2,1
2,5,146,0,0,500,0.6,1000,0.2,1400,0.2,1
2,6,826,0,0,300,0.5,572,0.32,486,0.18,1
2,7,742,2,10,5,0,500,0.6,1000,0.2,1400,0.2,1
2,8,391,1,0,300,0.5,1700,0.5,1
2,9,756,0,0,300,0.5,1700,0.5,1
2,10,786,1,0,300,0.5,572,0.32,486,0.18,1
2,11,654,0,0,500,0.6,1000,0.2,1400,0.2,1
3,0,235,2,10,5,0,300,0.5,572,0.32,486,0.18,1
3,1,530,2,10,5,0,500,0.6,1000,0.2,1400,0.2,1
3,2,783,2,10,5,0,666,0.42,420,0.58,1
3,3,928,2,10,5,0,666,0.42,420,0.58,1
3,4,34,1,0,500,0.6,1000,0.2,1400,0.2,1
3,5,149,1,0,300,0.5,572,0.32,486,0.18,1
3,6,719,0,0,666,0.42,420,0.58,1
3,7,846,0,0,500,0.6,1000,0.2,1400,0.2,1
3,8,483,1,0,666,0.42,420,0.58,1
3,9,791,0,0,300,0.5,1700,0.5,1
3,10,457,2,10,5,0,500,0.6,1000,0.2,1400,0.2,1
3,11,456,2,10,5,0,300,0.5,1700,0.5,1
4,0,370,0,0,300,0.5,1700,0.5,1
4,1,69,1,0,300,0.5,1700,0.5,1
4,2,165,2,10,5,0,500,0.6,1000,0.2,1400,0.2,1
4,3,852,2,10,5,0,300,0.5,1700,0.5,1
4,4,734,0,0,666,0.42,420,0.58,1
4,5,836,0,0,666,0.42,420,0.58,1
4,6,354,0,0,300,0.5,572,0.32,486,0.18,1
4,7,562,0,0,500,0.6,1000,0.2,1400,0.2,1
4,8,257,2,10,5,0,500,0.6,1000,0.2,1400,0.2,1
4,9,628,0,0,300,0.5,1700,0.5,1
4,10,239,0,0,300,0.5,1700,0.5,1
4,11,36,2,10,5,0,500,0.6,1000,0.2,1400,0.2,1
5,0,587,0,0,500,0.6,1000,0.2,1400,0.2,1
5,1,558,0,0,500,0.6,1000,0.2,1400,0.2,1
5,2,272,1,0,300,0.5,1700,0.5,1
5,3,164,0,0,500,0.6,1000,0.2,1400,0.2,1
5,4,144,0,0,500,0.6,1000,0.2,1400,0.2,1
5,5,906,0,0,300,0.5,1700,0.5,1
5,6,935,0,0,500,0.6,1000,0.2,1400,0.2,1
5,7,141,1,0,500,0.6,1000,0.2,1400,0.2,1
5,8,792,2,10,5,0,300,0.5,1700,0.5,1
5,9,539,2,10,5,0,300,0.5,1700,0.5,1
5,10,64,1,0,300,0.5,572,0.32,486,0.18,1
5,11,103,2,10,5,0,500,0.6,1000,0.2,1400,0.2,1
6,0,344,2,10,5,0,500,0.6,1000,0.2,1400,0.2,1
6,1,388,0,0,500,0.6,1000,0.2,1400,0.2,1
6,2,961,2,10,5,0,500,0.6,1000,0.2,1400,0.2,1
6,3,266,0,0,666,0.42,420,0.58,1
6,4,427,2,10,5,0,300,0.5,572,0.32,486,0.18,1
6,5,874,0,0,300,0.5,1700,0.5,1
6,6,72,2,10,5,0,666,0.42,420,0.58,1
6,7,410,1,0,300,0.5,1700,0.5,1
6,8,318,1,0,300,0.5,1700,0.5,1
6,9,73,0,0,300,0.5,572,0.32,486,0.18,1
6,10,868,2,10,5,0,666,0.42,420,0.58,1
6,11,379,1,0,666,0.42,420,0.58,1
7,0,211,2,10,5,0,300,0.5,572,0.32,486,0.18,1
7,1,258,0,0,300,0.5,1700,0.5,1
7,2,455,2,10,5,0,666,0.42,420,0.58,1
7,3,654,2,10,5,0,300,0.5,1700,0.5,1
7,4,288,1,0,300,0.5,572,0.32,486,0.18,1
7,5,170,2,10,5,0,500,0.6,1000,0.2,1400,0.2,1
7,6,610,0,0,300,0.5,1700,0.5,1
7,7,221,1,0,666,0.42,420,0.58,1
7,8,622,2,10,5,0,300,0.5,1700,0.5,1
7,9,26,2,10,5,0,300,0.5,572,0.32,486,0.18,1
7,10,186,1,0,300,0.5,572,0.32,486,0.18,1
7,11,833,0,0,300,0.5,572,0.32,486,0.18,1
8,0,925,1,0,500,0.6,1000,0.2,1400,0.2,1
8,1,263,0,0,300,0.5,572,0.32,486,0.18,1
8,2,864,0,0,666,0.42,420,0.58,1
8,3,941,0,0,300,0.5,1700,0.5,1
8,4,140,1,0,666,0.42,420,0.58,1
8,5,903,0,0,300,0.5,1700,0.5,1
8,6,206,2,10,5,0,300,0.5,1700,0.5,1
8,7,875,1,0,300,0.5,1700,0.5,1
8,8,260,2,10,5,0,300,0.5,572,0.32,486,0.18,1
8,9,102,1,0,666,0.42,420,0.58,1
8,10,378,2,10,5,0,300,0.5,1700,0.5,1
8,11,348,0,0,300,0.5,572,0.32,486,0.18,1
9,0,462,2,10,5,0,500,0.6,1000,0.2,1400,0.2,1
9,1,901,1,0,300,0.5,572,0.32,486,0.18,1
9,2,542,2,10,5,0,500,0.6,1000,0.2,1400,0.2,1
9,3,718,0,0,300,0.5,572,0.32,486,0.18,1
9,4,701,2,10,5,0,300,0.5,572,0.32,486,0.18,1
9,5,157,0,0,300,0.5,1700,0.5,1
9,6,371,0,0,300,0.5,1700,0.5,1
9,7,311,1,0,666,0.42,420,0.58,1
9,8,786,2,10,5,0,300,0.5,572,0.32,486,0.18,1
9,9,541,0,0,300,0.5,1700,0.5,1
9,10,896,0,0,300,0.5,572,0.32,486,0.18,1
9,11,601,2,10,5,0,500,0.6,1000,0.2,1400,0.2,1
10,0,573,1,0,300,0.5,572,0.32,486,0.18,1
10,1,980,0,0,666,0.42,420,0.58,1
10,2,278,0,0,500,0.6,1000,0.2,1400,0.2,1
10,3,825,1,0,500,0.6,1000,0.2,1400,0.2,1
10,4,309,0,0,500,0.6,1000,0.2,1400,0.2,1
10,5,350,1,0,300,0.5,572,0.32,486,0.18,1
10,6,686,0,0,300,0.5,572,0.32,486,0.18,1
10,7,88,2,10,5,0,300,0.5,1700,0.5,1
10,8,74,1,0,300,0.5,572,0.32,486,0.18,1
10,9,51,0,0,500,0.6,1000,0.2,1400,0.2,1
10,10,156,0,0,300,0.5,1700,0.5,1
10,11,611,0,0,500,0.6,1000,0.2,1400,0.2,1
11,0,265,1,0,300,0.5,1700,0.5,1
11,1,418,1,0,666,0.42,420,0.58,1
11,2,304,1,0,666,0.42,420,0.58,1
11,3,510,0,0,300,0.5,572,0.32,486,0.18,1
11,4,188,0,0,300,0.5,572,0.32,486,0.18,1
11,5,369,2,10,5,0,300,0.5,1700,0.5,1
11,6,535,2,10,5,0,300,0.5,572,0.32,486,0.18,1
11,7,269,1,0,300,0.5,572,0.32,486,0.18,1
11,8,404,1,0,300,0.5,1700,0.5,1
11,9,489,1,0,500,0.6,1000,0.2,1400,0.2,1
11,10,799,1,0,500,0.6,1000,0.2,1400,0.2,1
11,11,826,1,0,300,0.5,572,0.32,486,0.18,1
