0,0,421,0,0,500,0.6,1000,0.2,1400,0.2,1
0,1,229,2,10,5,0,300,0.5,572,0.32,486,0.18,1
0,2,994,1,0,300,0.5,572,0.32,486,0.18,1
0,3,911,2,10,5,0,300,0.5,1700,0.5,1
0,4,614,1,0,666,0.42,420,0.58,1
0,5,627,2,10,5,0,500,0.6,1000,0.2,1400,0.2,1
0,6,257,0,0,300,0.5,1700,0.5,1
0,7,699,1,0,300,0.5,572,0.32,486,0.18,1
0,8,537,1,0,300,0.5,1700,0.5,1
0,9,414,2,10,5,0,300,0.5,1700,0.5,1
0,10,176,2,10,5,0,666,0.42,420,0.58,1
0,11,928,2,10,5,0,500,0.6,1000,0.2,1400,0.2,1
1,0,887,0,0,666,0.42,420,0.58,0
1,1,204,0,0,500,0.6,1000,0.2,1400,0.2,0
1,2,45,0,0,666,0.42,420,0.58,0
1,3,815,2,10,5,0,500,0.6,1000,0.2,1400,0.2,0
1,4,337,0,0,300,0.5,572,0.32,486,0.18,0
1,5,90,0,0,300,0.5,1700,0.5,0
1,6,323,2,10,5,0,300,0.5,572,0.32,486,0.18,0
1,7,83,1,0,500,0.6,1000,0.2,1400,0.2,0
1,8,444,2,10,5,0,300,0.5,1700,0.5,0
1,9,218,0,0,500,0.6,1000,0.2,1400,0.2,0
1,10,786,1,0,500,0.6,1000,0.2,1400,0.2,0
1,11,314,1,0,300,0.5,1700,0.5,0
2,0,869,0,0,500,0.6,1000,0.2,1400,0.2,1
2,1,788,0,0,500,0.6,1000,0.2,1400,0.2,1
2,2,735,0,0,666,0.42,420,0.58,1
2,3,35,1,0,500,0.6,1000,0.2,1400,0.2,1
2,4,418,0,0,500,0.6,1000,0.2,1400,0.2,1
2,5,621,1,0,500,0.6,1000,0.2,1400,0.2,1
2,6,433,0,0,666,0.42,420,0.58,1
2,7,220,0,0,300,0.5,572,0.32,486,0.18,1
2,8,31,1,0,300,0.5,572,0.32,486,0.18,1
2,9,797,2,10,5,0,300,0.5,572,0.32,486,0.18,1
2,10,290,0,0,300,0.5,1700,0.5,1
2,11,444,1,0,300,0.5,572,0.32,486,0.18,1
3,0,784,2,10,5,0,300,0.5,1700,0.5,1
3,1,718,0,0,666,0.42,420,0.58,1
3,2,856,0,0,666,0.42,420,0.58,1
3,3,797,0,0,300,0.5,1700,0.5,1
3,4,945,0,0,300,0.5,572,0.32,486,0.18,1
3,5,400,1,0,300,0.5,572,0.32,486,0.18,1
3,6,195,0,0,300,0.5,572,0.32,486,0.18,1
3,7,805,2,10,5,0,300,0.5,1700,0.5,1
3,8,286,2,10,5,0,300,0.5,572,0.32,486,0.18,1
3,9,499,2,10,5,0,666,0.42,420,0.58,1
3,10,334,1,0,300,0.5,572,0.32,486,0.18,1
3,11,734,0,0,300,0.5,572,0.32,486,0.18,1
4,0,663,1,0,666,0.42,420,0.58,1
4,1,596,2,10,5,0,666,0.42,420,0.58,1
4,2,312,2,10,5,0,300,0.5,1700,0.5,1
4,3,338,0,0,300,0.5,572,0.32,486,0.18,1
4,4,856,0,0,666,0.42,420,0.58,1
4,5,907,0,0,300,0.5,572,0.32,486,0.18,1
4,6,265,1,0,300,0.5,1700,0.5,1
4,7,334,1,0,300,0.5,572,0.32,486,0.18,1
4,8,139,1,0,300,0.5,1700,0.5,1
4,9,203,1,0,500,0.6,1000,0.2,1400,0.2,1
4,10,270,0,0,666,0.42,420,0.58,1
4,11,867,2,10,5,0,666,0.42,420,0.58,1
5,0,673,0,0,300,0.5,572,0.32,486,0.18,1
5,1,577,2,10,5,0,666,0.42,420,0.58,1
5,2,427,1,0,300,0.5,1700,0.5,1
5,3,410,2,10,5,0,300,0.5,1700,0.5,1
5,4,783,2,10,5,0,300,0.5,1700,0.5,1
5,5,324,2,10,5,0,300,0.5,1700,0.5,1
5,6,117,0,0,500,0.6,1000,0.2,1400,0.2,1
5,7,79,1,0,300,0.5,572,0.32,486,0.18,1
5,8,84,1,0,666,0.42,420,0.58,1
5,9,69,0,0,500,0.6,1000,0.2,1400,0.2,1
5,10,14,2,10,5,0,500,0.6,1000,0.2,1400,0.2,1
5,11,186,0,0,666,0.42,420,0.58,1
6,0,347,1,0,300,0.5,1700,0.5,1
6,1,163,1,0,300,0.5,1700,0.5,1
6,2,948,1,0,300,0.5,572,0.32,486,0.18,1
6,3,828,1,0,300,0.5,1700,0.5,1
6,4,993,2,10,5,0,666,0.42,420,0.58,1
6,5,153,0,0,300,0.5,572,0.32,486,0.18,1
6,6,326,1,0,300,0.5,1700,0.5,1
6,7,456,0,0,300,0.5,1700,0.5,1
6,8,42,2,10,5,0,666,0.42,420,0.58,1
6,9,509,2,10,5,0,500,0.6,1000,0.2,1400,0.2,1
6,10,145,1,0,300,0.5,572,0.32,486,0.18,1
6,11,484,2,10,5,0,300,0.5,572,0.32,486,0.18,1
7,0,896,1,0,500,0.6,1000,0.2,1400,0.2,1
7,1,191,2,10,5,0,500,0.6,1000,0.2,1400,0.2,1
7,2,895,0,0,300,0.5,1700,0.5,1
7,3,600,1,0,300,0.5,1700,0.5,1
7,4,709,0,0,666,0.42,420,0.58,1
7,5,178,0,0,300,0.5,572,0.32,486,0.18,1
7,6,587,1,0,300,0.5,572,0.32,486,0.18,1
7,7,999,2,10,5,0,300,0.5,1700,0.5,1
7,8,247,2,10,5,0,300,0.5,572,0.32,486,0.18,1
7,9,396,0,0,300,0.5,1700,0.5,1
7,10,894,0,0,666,0.42,420,0.58,1
7,11,865,1,0,300,0.5,572,0.32,486,0.18,1
8,0,184,2,10,5,0,500,0.6,1000,0.2,1400,0.2,1
8,1,353,2,10,5,0,300,0.5,1700,0.5,1
8,2,292,0,0,666,0.42,420,0.58,1
8,3,804,2,10,5,0,500,0.6,1000,0.2,1400,0.2,1
8,4,82,0,0,666,0.42,420,0.58,1
8,5,231,2,10,5,0,500,0.6,1000,0.2,1400,0.2,1
8,6,961,1,0,300,0.5,1700,0.5,1
8,7,731,2,10,5,0,300,0.5,1700,0.5,1
8,8,922,1,0,500,0.6,1000,0.2,1400,0.2,1
8,9,443,1,0,666,0.42,420,0.58,1
8,10,767,1,0,300,0.5,572,0.32,486,0.18,1
8,11,531,0,0,300,0.5,1700,0.5,1
9,0,735,0,0,300,0.5,572,0.32,486,0.18,1
9,1,305,0,0,500,0.6,1000,0.2,1400,0.2,1
9,2,1000,2,10,5,0,300,0.5,1700,0.5,1
9,3,57,0,0,300,0.5,1700,0.5,1
9,4,337,2,10,5,0,500,0.6,1000,0.2,1400,0.2,1
9,5,743,2,10,5,0,300,0.5,572,0.32,486,0.18,1
9,6,519,0,0,300,0.5,572,0.32,486,0.18,1
9,7,69,1,0,300,0.5,572,0.32,486,0.18,1
9,8,838,0,0,300,0.5,572,0.32,486,0.18,1
9,9,124,1,0,300,0.5,1700,0.5,1
9,10,194,1,0,666,0.42,420,0.58,1
9,11,593,0,0,500,0.6,1000,0.2,1400,0.2,1
10,0,83,1,0,300,0.5,572,0.32,486,0.18,1
10,1,902,1,0,300,0.5,572,0.32,486,0.18,1
10,2,539,0,0,300,0.5,1700,0.5,1
10,3,566,0,0,666,0.42,420,0.58,1
10,4,780,0,0,300,0.5,1700,0.5,1
10,5,319,2,10,5,0,500,0.6,1000,0.2,1400,0.2,1
10,6,792,2,10,5,0,666,0.42,420,0.58,1
10,7,651,1,0,666,0.42,420,0.58,1
10,8,542,2,10,5,0,300,0.5,1700,0.5,1
10,9,619,1,0,666,0.42,420,0.58,1
10,10,910,0,0,300,0.5,572,0.32,486,0.18,1
10,11,38,1,0,500,0.6,1000,0.2,1400,0.2,1
11,0,64,1,0,300,0.5,1700,0.5,1
11,1,321,2,10,5,0,300,0.5,1700,0.5,1
11,2,574,2,10,5,0,500,0.6,1000,0.2,1400,0.2,1
11,3,212,1,0,300,0.5,1700,0.5,1
11,4,613,2,10,5,0,300,0.5,572,0.32,486,0.18,1
11,5,55,1,0,300,0.5,572,0.32,486,0.18,1
11,6,144,0,0,300,0.5,1700,0.5,1
11,7,727,1,0,666,0.42,420,0.58,1
11,8,354,2,10,5,0,500,0.6,1000,0.2,1400,0.2,1
11,9,82,0,0,300,0.5,1700,0.5,1
11,10,311,2,10,5,0,300,0.5,1700,0.5,1
11,11,193,1,0,300,0.5,572,0.32,486,0.18,1
