0,0,558,0,0,666,0.42,420,0.58,1
0,1,133,2,10,5,0,500,0.6,1000,0.2,1400,0.2,1
0,2,147,0,0,300,0.5,572,0.32,486,0.18,1
0,3,741,1,0,500,0.6,1000,0.2,1400,0.2,1
0,4,794,0,0,500,0.6,1000,0.2,1400,0.2,1
0,5,656,0,0,500,0.6,1000,0.2,1400,0.2,1
0,6,952,1,0,300,0.5,1700,0.5,1
0,7,552,1,0,500,0.6,1000,0.2,1400,0.2,1
0,8,939,1,0,300,0.5,572,0.32,486,0.18,1
0,9,788,0,0,300,0.5,572,0.32,486,0.18,1
0,10,474,0,0,300,0.5,1700,0.5,1
0,11,571,0,0,500,0.6,1000,0.2,1400,0.2,1
1,0,154,0,0,666,0.42,420,0.58,0
1,1,346,2,10,5,0,500,0.6,1000,0.2,1400,0.2,0
1,2,44,0,0,500,0.6,1000,0.2,1400,0.2,0
1,3,708,2,10,5,0,666,0.42,420,0.58,0
1,4,323,0,0,500,0.6,1000,0.2,1400,0.2,0
1,5,870,2,10,5,0,300,0.5,572,0.32,486,0.18,0
1,6,921,0,0,300,0.5,1700,0.5,0
1,7,814,0,0,300,0.5,1700,0.5,0
1,8,507,2,10,5,0,666,0.42,420,0.58,0
1,9,497,1,0,666,0.42,420,0.58,0
1,10,255,0,0,300,0.5,572,0.32,486,0.18,0
1,11,683,0,0,300,0.5,572,0.32,486,0.18,0
2,0,355,1,0,300,0.5,572,0.32,486,0.18,1
2,1,693,0,0,500,0.6,1000,0.2,1400,0.2,1
2,2,200,2,10,5,0,666,0.42,420,0.58,1
2,3,622,1,0,300,0.5,1700,0.5,1
2,4,923,2,10,5,0,300,0.5,1700,0.5,1
2,5,836,1,0,500,0.6,1000,0.2,1400,0.2,1
2,6,511,2,10,5,0,666,0.42,420,0.58,1
2,7,453,0,0,300,0.5,1700,0.5,1
2,8,744,2,10,5,0,666,0.42,420,0.58,1
2,9,629,1,0,500,0.6,1000,0.2,1400,0.2,1
2,10,487,1,0,500,0.6,1000,0.2,1400,0.2,1
2,11,553,2,10,5,0,666,0.42,420,0.58,1
3,0,422,1,0,300,0.5,1700,0.5,1
3,1,316,2,10,5,0,666,0.42,420,0.58,1
3,2,748,1,0,300,0.5,572,0.32,486,0.18,1
3,3,131,2,10,5,0,500,0.6,1000,0.2,1400,0.2,1
3,4,952,0,0,300,0.5,572,0.32,486,0.18,1
3,5,714,1,0,300,0.5,1700,0.5,1
3,6,227,0,0,300,0.5,1700,0.5,1
3,7,504,0,0,666,0.42,420,0.58,1
3,8,23,0,0,300,0.5,1700,0.5,1
3,9,33,0,0,300,0.5,572,0.32,486,0.18,1
3,10,17,0,0,300,0.5,572,0.32,486,0.18,1
3,11,140,1,0,300,0.5,1700,0.5,1
4,0,428,1,0,500,0.6,1000,0.2,1400,0.2,1
4,1,506,1,0,500,0.6,1000,0.2,1400,0.2,1
4,2,983,0,0,300,0.5,572,0.32,486,0.18,1
4,3,456,0,0,300,0.5,1700,0.5,1
4,4,886,2,10,5,0,300,0.5,1700,0.5,1
4,5,406,0,0,300,0.5,572,0.32,486,0.18,1
4,6,635,1,0,300,0.5,572,0.32,486,0.18,1
4,7,975,2,10,5,0,300,0.5,1700,0.5,1
4,8,95,0,0,666,0.42,420,0.58,1
4,9,213,0,0,666,0.42,420,0.58,1
4,10,349,0,0,666,0.42,420,0.58,1
4,11,762,0,0,300,0.5,1700,0.5,1
5,0,643,2,10,5,0,300,0.5,572,0.32,486,0.18,1
5,1,605,2,10,5,0,666,0.42,420,0.58,1
5,2,585,0,0,500,0.6,1000,0.2,1400,0.2,1
5,3,448,2,10,5,0,300,0.5,1700,0.5,1
5,4,399,0,0,500,0.6,1000,0.2,1400,0.2,1
5,5,651,2,10,5,0,666,0.42,420,0.58,1
5,6,902,2,10,5,0,300,0.5,572,0.32,486,0.18,1
5,7,147,1,0,500,0.6,1000,0.2,1400,0.2,1
5,8,411,2,10,5,0,300,0.5,572,0.32,486,0.18,1
5,9,359,0,0,300,0.5,572,0.32,486,0.18,1
5,10,439,1,0,666,0.42,420,0.58,1
5,11,551,0,0,666,0.42,420,0.58,1
6,0,296,2,10,5,0,300,0.5,572,0.32,486,0.18,1
6,1,786,2,10,5,0,666,0.42,420,0.58,1
6,2,524,1,0,500,0.6,1000,0.2,1400,0.2,1
6,3,580,0,0,300,0.5,1700,0.5,1
6,4,171,1,0,300,0.5,572,0.32,486,0.18,1
6,5,178,1,0,300,0.5,572,0.32,486,0.18,1
6,6,577,1,0,666,0.42,420,0.58,1
6,7,133,1,0,500,0.6,1000,0.2,1400,0.2,1
6,8,765,1,0,300,0.5,1700,0.5,1
6,9,356,0,0,300,0.5,572,0.32,486,0.18,1
6,10,492,1,0,300,0.5,1700,0.5,1
6,11,338,2,10,5,0,666,0.42,420,0.58,1
7,0,866,2,10,5,0,300,0.5,572,0.32,486,0.18,1
7,1,820,1,0,500,0.6,1000,0.2,1400,0.2,1
7,2,911,0,0,300,0.5,1700,0.5,1
7,3,482,2,10,5,0,300,0.5,572,0.32,486,0.18,1
7,4,941,0,0,500,0.6,1000,0.2,1400,0.2,1
7,5,846,1,0,300,0.5,572,0.32,486,0.18,1
7,6,331,1,0,300,0.5,572,0.32,486,0.18,1
7,7,483,1,0,666,0.42,420,0.58,1
7,8,746,1,0,500,0.6,1000,0.2,1400,0.2,1
7,9,980,1,0,666,0.42,420,0.58,1
7,10,739,1,0,300,0.5,572,0.32,486,0.18,1
7,11,288,1,0,666,0.42,420,0.58,1
8,0,134,2,10,5,0,300,0.5,572,0.32,486,0.18,1
8,1,30,2,10,5,0,666,0.42,420,0.58,1
8,2,130,0,0,500,0.6,1000,0.2,1400,0.2,1
8,3,345,0,0,666,0.42,420,0.58,1
8,4,362,1,0,666,0.42,420,0.58,1
8,5,241,0,0,500,0.6,1000,0.2,1400,0.2,1
8,6,964,1,0,666,0.42,420,0.58,1
8,7,905,1,0,500,0.6,1000,0.2,1400,0.2,1
8,8,283,1,0,500,0.6,1000,0.2,1400,0.2,1
8,9,787,1,0,300,0.5,1700,0.5,1
8,10,940,2,10,5,0,666,0.42,420,0.58,1
8,11,62,0,0,666,0.42,420,0.58,1
9,0,507,0,0,666,0.42,420,0.58,1
9,1,713,2,10,5,0,666,0.42,420,0.58,1
9,2,203,0,0,500,0.6,1000,0.2,1400,0.2,1
9,3,657,0,0,300,0.5,572,0.32,486,0.18,1
9,4,897,0,0,300,0.5,572,0.32,486,0.18,1
9,5,879,1,0,500,0.6,1000,0.2,1400,0.2,1
9,6,957,1,0,500,0.6,1000,0.2,1400,0.2,1
9,7,710,2,10,5,0,666,0.42,420,0.58,1
9,8,376,0,0,666,0.42,420,0.58,1
9,9,265,0,0,666,0.42,420,0.58,1
9,10,761,1,0,300,0.5,572,0.32,486,0.18,1
9,11,619,1,0,300,0.5,572,0.32,486,0.18,1
10,0,152,0,0,300,0.5,572,0.32,486,0.18,1
10,1,361,1,0,300,0.5,572,0.32,486,0.18,1
10,2,185,2,10,5,0,500,0.6,1000,0.2,1400,0.2,1
10,3,145,1,0,500,0.6,1000,0.2,1400,0.2,1
10,4,687,2,10,5,0,300,0.5,1700,0.5,1
10,5,298,2,10,5,0,300,0.5,572,0.32,486,0.18,1
10,6,285,2,10,5,0,300,0.5,1700,0.5,1
10,7,556,1,0,666,0.42,420,0.58,1
10,8,955,0,0,500,0.6,1000,0.2,1400,0.2,1
10,9,181,1,0,500,0.6,1000,0.2,1400,0.2,1
10,10,138,2,10,5,0,300,0.5,1700,0.5,1
10,11,602,1,0,300,0.5,572,0.32,486,0.18,1
11,0,534,2,10,5,0,666,0.42,420,0.58,1
11,1,744,0,0,300,0.5,572,0.32,486,0.18,1
11,2,192,1,0,500,0.6,1000,0.2,1400,0.2,1
11,3,200,1,0,666,0.42,420,0.58,1
11,4,584,2,10,5,0,300,0.5,572,0.32,486,0.18,1
11,5,76,0,0,300,0.5,572,0.32,486,0.18,1
11,6,983,1,0,300,0.5,1700,0.5,1
11,7,831,1,0,500,0.6,1000,0.2,1400,0.2,1
11,8,730,1,0,666,0.42,420,0.58,1
11,9,668,0,0,500,0.6,1000,0.2,1400,0.2,1
11,10,921,0,0,500,0.6,1000,0.2,1400,0.2,1
11,11,907,2,10,5,0,300,0.5,1700,0.5,1
