0,0,453,2,10,5,0,500,0.6,1000,0.2,1400,0.2,1
0,1,567,2,10,5,0,300,0.5,1700,0.5,1
0,2,721,1,0,666,0.42,420,0.58,1
0,3,904,0,0,300,0.5,1700,0.5,1
0,4,232,2,10,5,0,300,0.5,572,0.32,486,0.18,1
0,5,975,0,0,300,0.5,572,0.32,486,0.18,1
0,6,952,1,0,300,0.5,1700,0.5,1
0,7,417,2,10,5,0,300,0.5,1700,0.5,1
0,8,423,1,0,666,0.42,420,0.58,1
0,9,966,1,0,500,0.6,1000,0.2,1400,0.2,1
0,10,225,0,0,300,0.5,1700,0.5,1
0,11,883,2,10,5,0,500,0.6,1000,0.2,1400,0.2,1
1,0,770,1,0,500,0.6,1000,0.2,1400,0.2,0
1,1,39,0,0,500,0.6,1000,0.2,1400,0.2,0
1,2,693,0,0,500,0.6,1000,0.2,1400,0.2,0
1,3,784,1,0,300,0.5,572,0.32,486,0.18,0
1,4,314,1,0,500,0.6,1000,0.2,1400,0.2,0
1,5,564,0,0,666,0.42,420,0.58,0
1,6,963,0,0,300,0.5,572,0.32,486,0.18,0
1,7,772,1,0,666,0.42,420,0.58,0
1,8,751,2,10,5,0,300,0.5,572,0.32,486,0.18,0
1,9,476,1,0,666,0.42,420,0.58,0
1,10,281,2,10,5,0,666,0.42,420,0.58,0
1,11,207,2,10,5,0,666,0.42,420,0.58,0
2,0,365,1,0,300,0.5,1700,0.5,1
2,1,253,1,0,500,0.6,1000,0.2,1400,0.2,1
2,2,675,2,10,5,0,666,0.42,420,0.58,1
2,3,592,0,0,500,0.6,1000,0.2,1400,0.2,1
2,4,933,1,0,300,0.5,1700,0.5,1
2,5,148,0,0,500,0.6,1000,0.2,1400,0.2,1
2,6,819,2,10,5,0,666,0.42,420,0.58,1
2,7,668,1,0,500,0.6,1000,0.2,1400,0.2,1
2,8,134,2,10,5,0,300,0.5,1700,0.5,1
2,9,508,2,10,5,0,300,0.5,572,0.32,486,0.18,1
2,10,891,1,0,300,0.5,572,0.32,486,0.18,1
2,11,989,1,0,300,0.5,572,0.32,486,0.18,1
3,0,819,0,0,300,0.5,572,0.32,486,0.18,1
3,1,313,0,0,300,0.5,572,0.32,486,0.18,1
3,2,995,1,0,300,0.5,1700,0.5,1
3,3,282,1,0,300,0.5,1700,0.5,1
3,4,899,1,0,300,0.5,572,0.32,486,0.18,1
3,5,327,1,0,300,0.5,572,0.32,486,0.18,1
3,6,891,1,0,500,0.6,1000,0.2,1400,0.2,1
3,7,966,2,10,5,0,300,0.5,572,0.32,486,0.18,1
3,8,892,1,0,300,0.5,1700,0.5,1
3,9,780,0,0,666,0.42,420,0.58,1
3,10,890,1,0,500,0.6,1000,0.2,1400,0.2,1
3,11,185,2,10,5,0,300,0.5,572,0.32,486,0.18,1
4,0,363,0,0,300,0.5,1700,0.5,1
4,1,694,1,0,500,0.6,1000,0.2,1400,0.2,1
4,2,749,0,0,300,0.5,1700,0.5,1
4,3,189,2,10,5,0,300,0.5,572,0.32,486,0.18,1
4,4,883,1,0,300,0.5,572,0.32,486,0.18,1
4,5,707,2,10,5,0,300,0.5,572,0.32,486,0.18,1
4,6,207,0,0,300,0.5,1700,0.5,1
4,7,248,1,0,666,0.42,420,0.58,1
4,8,745,1,0,300,0.5,1700,0.5,1
4,9,275,2,10,5,0,500,0.6,1000,0.2,1400,0.2,1
4,10,957,1,0,300,0.5,1700,0.5,1
4,11,913,2,10,5,0,300,0.5,1700,0.5,1
5,0,682,1,0,500,0.6,1000,0.2,1400,0.2,1
5,1,100,1,0,300,0.5,1700,0.5,1
5,2,743,1,0,300,0.5,572,0.32,486,0.18,1
5,3,359,2,10,5,0,300,0.5,1700,0.5,1
5,4,375,0,0,666,0.42,420,0.58,1
5,5,158,2,10,5,0,500,0.6,1000,0.2,1400,0.2,1
5,6,58,2,10,5,0,666,0.42,420,0.58,1
5,7,253,0,0,500,0.6,1000,0.2,1400,0.2,1
5,8,755,0,0,300,0.5,572,0.32,486,0.18,1
5,9,255,2,10,5,0,300,0.5,1700,0.5,1
5,10,424,2,10,5,0,300,0.5,1700,0.5,1
5,11,154,1,0,500,0.6,1000,0.2,1400,0.2,1
6,0,867,0,0,300,0.5,1700,0.5,1
6,1,168,2,10,5,0,300,0.5,1700,0.5,1
6,2,486,2,10,5,0,666,0.42,420,0.58,1
6,3,568,1,0,300,0.5,572,0.32,486,0.18,1
6,4,795,0,0,300,0.5,1700,0.5,1
6,5,717,1,0,500,0.6,1000,0.2,1400,0.2,1
6,6,606,0,0,300,0.5,1700,0.5,1
6,7,310,0,0,500,0.6,1000,0.2,1400,0.2,1
6,8,501,0,0,300,0.5,572,0.32,486,0.18,1
6,9,412,0,0,666,0.42,420,0.58,1
6,10,884,2,10,5,0,300,0.5,572,0.32,486,0.18,1
6,11,199,1,0,500,0.6,1000,0.2,1400,0.2,1
7,0,886,1,0,500,0.6,1000,0.2,1400,0.2,1
7,1,620,2,10,5,0,300,0.5,572,0.32,486,0.18,1
7,2,746,0,0,500,0.6,1000,0.2,1400,0.2,1
7,3,37,2,10,5,0,300,0.5,1700,0.5,1
7,4,670,0,0,666,0.42,420,0.58,1
7,5,966,1,0,300,0.5,1700,0.5,1
7,6,374,1,0,300,0.5,572,0.32,486,0.18,1
7,7,310,0,0,300,0.5,572,0.32,486,0.18,1
7,8,904,1,0,500,0.6,1000,0.2,1400,0.2,1
7,9,550,1,0,300,0.5,1700,0.5,1
7,10,171,2,10,5,0,300,0.5,1700,0.5,1
7,11,49,0,0,300,0.5,1700,0.5,1
8,0,434,1,0,300,0.5,1700,0.5,1
8,1,369,0,0,666,0.42,420,0.58,1
8,2,464,2,10,5,0,500,0.6,1000,0.2,1400,0.2,1
8,3,486,0,0,300,0.5,572,0.32,486,0.18,1
8,4,704,2,10,5,0,666,0.42,420,0.58,1
8,5,67,0,0,300,0.5,572,0.32,486,0.18,1
8,6,628,2,10,5,0,300,0.5,572,0.32,486,0.18,1
8,7,638,0,0,300,0.5,572,0.32,486,0.18,1
8,8,523,0,0,500,0.6,1000,0.2,1400,0.2,1
8,9,562,1,0,300,0.5,572,0.32,486,0.18,1
8,10,955,2,10,5,0,300,0.5,1700,0.5,1
8,11,61,1,0,300,0.5,1700,0.5,1
9,0,274,2,10,5,0,300,0.5,1700,0.5,1
9,1,894,1,0,666,0.42,420,0.58,1
9,2,80,1,0,300,0.5,1700,0.5,1
9,3,943,2,10,5,0,300,0.5,1700,0.5,1
9,4,382,0,0,666,0.42,420,0.58,1
9,5,505,2,10,5,0,500,0.6,1000,0.2,1400,0.2,1
9,6,119,0,0,300,0.5,572,0.32,486,0.18,1
9,7,29,0,0,666,0.42,420,0.58,1
9,8,348,0,0,300,0.5,1700,0.5,1
9,9,107,2,10,5,0,666,0.42,420,0.58,1
9,10,697,2,10,5,0,666,0.42,420,0.58,1
9,11,939,0,0,666,0.42,420,0.58,1
10,0,290,2,10,5,0,666,0.42,420,0.58,1
10,1,194,0,0,500,0.6,1000,0.2,1400,0.2,1
10,2,42,0,0,300,0.5,1700,0.5,1
10,3,520,1,0,500,0.6,1000,0.2,1400,0.2,1
10,4,799,2,10,5,0,500,0.6,1000,0.2,1400,0.2,1
10,5,778,1,0,666,0.42,420,0.58,1
10,6,662,2,10,5,0,500,0.6,1000,0.2,1400,0.2,1
10,7,428,2,10,5,0,666,0.42,420,0.58,1
10,8,1000,2,10,5,0,666,0.42,420,0.58,1
10,9,541,2,10,5,0,300,0.5,572,0.32,486,0.18,1
10,10,678,1,0,300,0.5,1700,0.5,1
10,11,646,2,10,5,0,666,0.42,420,0.58,1
11,0,655,2,10,5,0,300,0.5,1700,0.5,1
11,1,886,2,10,5,0,666,0.42,420,0.58,1
11,2,472,1,0,300,0.5,572,0.32,486,0.18,1
11,3,543,1,0,500,0.6,1000,0.2,1400,0.2,1
11,4,742,0,0,300,0.5,572,0.32,486,0.18,1
11,5,689,2,10,5,0,300,0.5,1700,0.5,1
11,6,710,2,10,5,0,666,0.42,420,0.58,1
11,7,548,2,10,5,0,300,0.5,1700,0.5,1
11,8,142,1,0,300,0.5,572,0.32,486,0.18,1
11,9,696,0,0,300,0.5,1700,0.5,1
11,10,631,0,0,300,0.5,1700,0.5,1
11,11,940,0,0,666,0.42,420,0.58,1
