0,0,848,2,10,5,0,300,0.5,1700,0.5,1
0,1,433,1,0,300,0.5,572,0.32,486,0.18,1
0,2,676,0,0,500,0.6,1000,0.2,1400,0.2,1
0,3,155,0,0,500,0.6,1000,0.2,1400,0.2,1
0,4,719,0,0,500,0.6,1000,0.2,1400,0.2,1
0,5,714,0,0,300,0.5,572,0.32,486,0.18,1
0,6,559,1,0,300,0.5,1700,0.5,1
0,7,794,0,0,300,0.5,1700,0.5,1
0,8,500,2,10,5,0,500,0.6,1000,0.2,1400,0.2,1
0,9,358,0,0,300,0.5,572,0.32,486,0.18,1
0,10,891,2,10,5,0,500,0.6,1000,0.2,1400,0.2,1
0,11,338,2,10,5,0,300,0.5,572,0.32,486,0.18,1
1,0,96,1,0,300,0.5,572,0.32,486,0.18,0
1,1,82,0,0,300,0.5,572,0.32,486,0.18,0
1,2,722,1,0,300,0.5,1700,0.5,0
1,3,732,0,0,300,0.5,1700,0.5,0
1,4,422,1,0,300,0.5,572,0.32,486,0.18,0
1,5,301,0,0,300,0.5,1700,0.5,0
1,6,339,2,10,5,0,500,0.6,1000,0.2,1400,0.2,0
1,7,90,2,10,5,0,300,0.5,1700,0.5,0
1,8,331,2,10,5,0,666,0.42,420,0.58,0
1,9,576,2,10,5,0,500,0.6,1000,0.2,1400,0.2,0
1,10,172,0,0,500,0.6,1000,0.2,1400,0.2,0
1,11,499,0,0,500,0.6,1000,0.2,1400,0.2,0
2,0,133,1,0,300,0.5,1700,0.5,1
2,1,91,1,0,500,0.6,1000,0.2,1400,0.2,1
2,2,981,0,0,300,0.5,572,0.32,486,0.18,1
2,3,538,2,10,5,0,300,0.5,1700,0.5,1
2,4,191,2,10,5,0,666,0.42,420,0.58,1
2,5,87,2,10,5,0,500,0.6,1000,0.2,1400,0.2,1
2,6,119,0,0,500,0.6,1000,0.2,1400,0.2,1
2,7,983,2,10,5,0,500,0.6,1000,0.2,1400,0.2,1
2,8,804,1,0,500,0.6,1000,0.2,1400,0.2,1
2,9,883,2,10,5,0,666,0.42,420,0.58,1
2,10,298,0,0,300,0.5,1700,0.5,1
2,11,738,2,10,5,0,500,0.6,1000,0.2,1400,0.2,1
3,0,64,1,0,500,0.6,1000,0.2,1400,0.2,1
3,1,254,0,0,666,0.42,420,0.58,1
3,2,814,2,10,5,0,500,0.6,1000,0.2,1400,0.2,1
3,3,158,0,0,666,0.42,420,0.58,1
3,4,830,0,0,300,0.5,572,0.32,486,0.18,1
3,5,838,0,0,666,0.42,420,0.58,1
3,6,311,0,0,666,0.42,420,0.58,1
3,7,184,0,0,666,0.42,420,0.58,1
3,8,158,0,0,666,0.42,420,0.58,1
3,9,46,0,0,666,0.42,420,0.58,1
3,10,962,1,0,666,0.42,420,0.58,1
3,11,675,2,10,5,0,500,0.6,1000,0.2,1400,0.2,1
4,0,930,1,0,666,0.42,420,0.58,1
4,1,629,1,0,300,0.5,572,0.32,486,0.18,1
4,2,934,0,0,300,0.5,572,0.32,486,0.18,1
4,3,817,2,10,5,0,500,0.6,1000,0.2,1400,0.2,1
4,4,517,2,10,5,0,300,0.5,572,0.32,486,0.18,1
4,5,593,2,10,5,0,500,0.6,1000,0.2,1400,0.2,1
4,6,175,0,0,500,0.6,1000,0.2,1400,0.2,1
4,7,115,0,0,666,0.42,420,0.58,1
4,8,984,1,0,300,0.5,572,0.32,486,0.18,1
4,9,209,0,0,500,0.6,1000,0.2,1400,0.2,1
4,10,414,1,0,300,0.5,572,0.32,486,0.18,1
4,11,731,0,0,500,0.6,1000,0.2,1400,0.2,1
5,0,908,1,0,666,0.42,420,0.58,1
5,1,17,2,10,5,0,300,0.5,572,0.32,486,0.18,1
5,2,490,2,10,5,0,300,0.5,1700,0.5,1
5,3,891,1,0,500,0.6,1000,0.2,1400,0.2,1
5,4,536,2,10,5,0,500,0.6,1000,0.2,1400,0.2,1
5,5,564,0,0,666,0.42,420,0.58,1
5,6,651,1,0,500,0.6,1000,0.2,1400,0.2,1
5,7,765,1,0,300,0.5,572,0.32,486,0.18,1
5,8,891,1,0,500,0.6,1000,0.2,1400,0.2,1
5,9,17,1,0,500,0.6,1000,0.2,1400,0.2,1
5,10,318,0,0,300,0.5,572,0.32,486,0.18,1
5,11,657,2,10,5,0,300,0.5,1700,0.5,1
6,0,823,0,0,300,0.5,1700,0.5,1
6,1,588,1,0,666,0.42,420,0.58,1
6,2,951,1,0,300,0.5,1700,0.5,1
6,3,277,2,10,5,0,666,0.42,420,0.58,1
6,4,340,2,10,5,0,300,0.5,572,0.32,486,0.18,1
6,5,344,1,0,300,0.5,572,0.32,486,0.18,1
6,6,441,0,0,300,0.5,572,0.32,486,0.18,1
6,7,771,2,10,5,0,666,0.42,420,0.58,1
6,8,337,2,10,5,0,666,0.42,420,0.58,1
6,9,549,1,0,300,0.5,572,0.32,486,0.18,1
6,10,531,0,0,300,0.5,572,0.32,486,0.18,1
6,11,738,2,10,5,0,300,0.5,1700,0.5,1
7,0,841,0,0,666,0.42,420,0.58,1
7,1,88,2,10,5,0,300,0.5,572,0.32,486,0.18,1
7,2,899,0,0,666,0.42,420,0.58,1
7,3,451,0,0,666,0.42,420,0.58,1
7,4,55,1,0,300,0.5,572,0.32,486,0.18,1
7,5,863,0,0,300,0.5,572,0.32,486,0.18,1
7,6,173,2,10,5,0,500,0.6,1000,0.2,1400,0.2,1
7,7,316,2,10,5,0,666,0.42,420,0.58,1
7,8,678,1,0,300,0.5,572,0.32,486,0.18,1
7,9,286,1,0,666,0.42,420,0.58,1
7,10,713,0,0,300,0.5,1700,0.5,1
7,11,614,0,0,666,0.42,420,0.58,1
8,0,161,2,10,5,0,300,0.5,572,0.32,486,0.18,1
8,1,179,2,10,5,0,500,0.6,1000,0.2,1400,0.2,1
8,2,671,1,0,300,0.5,1700,0.5,1
8,3,684,1,0,300,0.5,1700,0.5,1
8,4,658,2,10,5,0,500,0.6,1000,0.2,1400,0.2,1
8,5,790,1,0,300,0.5,572,0.32,486,0.18,1
8,6,43,1,0,666,0.42,420,0.58,1
8,7,501,0,0,500,0.6,1000,0.2,1400,0.2,1
8,8,909,2,10,5,0,300,0.5,1700,0.5,1
8,9,166,1,0,300,0.5,572,0.32,486,0.18,1
8,10,982,2,10,5,0,300,0.5,572,0.32,486,0.18,1
8,11,655,1,0,300,0.5,1700,0.5,1
9,0,563,1,0,500,0.6,1000,0.2,1400,0.2,1
9,1,810,2,10,5,0,300,0.5,1700,0.5,1
9,2,902,1,0,300,0.5,572,0.32,486,0.18,1
9,3,301,1,0,500,0.6,1000,0.2,1400,0.2,1
9,4,330,1,0,500,0.6,1000,0.2,1400,0.2,1
9,5,132,0,0,500,0.6,1000,0.2,1400,0.2,1
9,6,21,2,10,5,0,500,0.6,1000,0.2,1400,0.2,1
9,7,686,1,0,300,0.5,572,0.32,486,0.18,1
9,8,904,1,0,666,0.42,420,0.58,1
9,9,17,0,0,300,0.5,572,0.32,486,0.18,1
9,10,884,0,0,500,0.6,1000,0.2,1400,0.2,1
9,11,363,0,0,300,0.5,572,0.32,486,0.18,1
10,0,77,0,0,500,0.6,1000,0.2,1400,0.2,1
10,1,410,1,0,666,0.42,420,0.58,1
10,2,245,2,10,5,0,300,0.5,1700,0.5,1
10,3,840,0,0,300,0.5,1700,0.5,1
10,4,119,1,0,500,0.6,1000,0.2,1400,0.2,1
10,5,992,2,10,5,0,500,0.6,1000,0.2,1400,0.2,1
10,6,792,0,0,300,0.5,1700,0.5,1
10,7,798,2,10,5,0,300,0.5,572,0.32,486,0.18,1
10,8,225,1,0,300,0.5,1700,0.5,1
10,9,161,0,0,300,0.5,572,0.32,486,0.18,1
10,10,908,1,0,500,0.6,1000,0.2,1400,0.2,1
10,11,429,1,0,300,0.5,1700,0.5,1
11,0,27,2,10,5,0,500,0.6,1000,0.2,1400,0.2,1
11,1,11,1,0,300,0.5,1700,0.5,1
11,2,649,0,0,666,0.42,420,0.58,1
11,3,561,0,0,500,0.6,1000,0.2,1400,0.2,1
11,4,546,2,10,5,0,500,0.6,1000,0.2,1400,0.2,1
11,5,93,1,0,300,0.5,1700,0.5,1
11,6,522,2,10,5,0,500,0.6,1000,0.2,1400,0.2,1
11,7,878,1,0,300,0.5,572,0.32,486,0.18,1
11,8,34,2,10,5,0,300,0.5,572,0.32,486,0.18,1
11,9,570,1,0,300,0.5,1700,0.5,1
11,10,492,0,0,500,0.6,1000,0.2,1400,0.2,1
11,11,213,2,10,5,0,300,0.5,572,0.32,486,0.18,1
