0,0,297,0,0,300,0.5,1700,0.5,1
0,1,587,1,0,300,0.5,572,0.32,486,0.18,1
0,2,210,1,0,300,0.5,1700,0.5,1
0,3,515,0,0,300,0.5,1700,0.5,1
0,4,258,1,0,300,0.5,572,0.32,486,0.18,1
0,5,861,0,0,500,0.6,1000,0.2,1400,0.2,1
0,6,75,0,0,500,0.6,1000,0.2,1400,0.2,1
0,7,766,1,0,300,0.5,572,0.32,486,0.18,1
0,8,682,0,0,300,0.5,572,0.32,486,0.18,1
0,9,57,0,0,500,0.6,1000,0.2,1400,0.2,1
0,10,310,1,0,500,0.6,1000,0.2,1400,0.2,1
0,11,144,0,0,300,0.5,572,0.32,486,0.18,1
1,0,771,2,10,5,0,300,0.5,572,0.32,486,0.18,0
1,1,284,1,0,300,0.5,1700,0.5,0
1,2,771,1,0,500,0.6,1000,0.2,1400,0.2,0
1,3,980,1,0,500,0.6,1000,0.2,1400,0.2,0
1,4,415,2,10,5,0,500,0.6,1000,0.2,1400,0.2,0
1,5,77,2,10,5,0,500,0.6,1000,0.2,1400,0.2,0
1,6,251,1,0,300,0.5,1700,0.5,0
1,7,975,0,0,666,0.42,420,0.58,0
1,8,634,0,0,666,0.42,420,0.58,0
1,9,566,1,0,300,0.5,1700,0.5,0
1,10,308,1,0,500,0.6,1000,0.2,1400,0.2,0
1,11,714,0,0,300,0.5,1700,0.5,0
2,0,356,0,0,300,0.5,1700,0.5,1
2,1,618,2,10,5,0,500,0.6,1000,0.2,1400,0.2,1
2,2,937,1,0,300,0.5,572,0.32,486,0.18,1
2,3,743,0,0,300,0.5,1700,0.5,1
2,4,107,2,10,5,0,666,0.42,420,0.58,1
2,5,213,0,0,500,0.6,1000,0.2,1400,0.2,1
2,6,473,0,0,300,0.5,1700,0.5,1
2,7,868,1,0,300,0.5,572,0.32,486,0.18,1
2,8,857,0,0,300,0.5,1700,0.5,1
2,9,689,1,0,666,0.42,420,0.58,1
2,10,294,2,10,5,0,500,0.6,1000,0.2,1400,0.2,1
2,11,415,0,0,666,0.42,420,0.58,1
3,0,888,0,0,500,0.6,1000,0.2,1400,0.2,1
3,1,817,2,10,5,0,300,0.5,1700,0.5,1
3,2,339,0,0,300,0.5,1700,0.5,1
3,3,149,0,0,500,0.6,1000,0.2,1400,0.2,1
3,4,338,1,0,500,0.6,1000,0.2,1400,0.2,1
3,5,601,2,10,5,0,300,0.5,572,0.32,486,0.18,1
3,6,532,1,0,300,0.5,572,0.32,486,0.18,1
3,7,72,1,0,300,0.5,572,0.32,486,0.18,1
3,8,942,0,0,300,0.5,572,0.32,486,0.18,1
3,9,810,1,0,666,0.42,420,0.58,1
3,10,623,1,0,300,0.5,572,0.32,486,0.18,1
3,11,394,1,0,666,0.42,420,0.58,1
4,0,834,1,0,300,0.5,572,0.32,486,0.18,1
4,1,931,2,10,5,0,666,0.42,420,0.58,1
4,2,546,1,0,666,0.42,420,0.58,1
4,3,504,2,10,5,0,300,0.5,572,0.32,486,0.18,1
4,4,244,2,10,5,0,300,0.5,572,0.32,486,0.18,1
4,5,531,2,10,5,0,500,0.6,1000,0.2,1400,0.2,1
4,6,282,0,0,500,0.6,1000,0.2,1400,0.2,1
4,7,366,0,0,300,0.5,572,0.32,486,0.18,1
4,8,110,2,10,5,0,666,0.42,420,0.58,1
4,9,223,1,0,666,0.42,420,0.58,1
4,10,492,2,10,5,0,300,0.5,1700,0.5,1
4,11,603,2,10,5,0,300,0.5,1700,0.5,1
5,0,791,0,0,666,0.42,420,0.58,1
5,1,250,1,0,300,0.5,1700,0.5,1
5,2,590,0,0,666,0.42,420,0.58,1
5,3,915,2,10,5,0,300,0.5,572,0.32,486,0.18,1
5,4,149,0,0,300,0.5,1700,0.5,1
5,5,41,1,0,300,0.5,1700,0.5,1
5,6,856,1,0,500,0.6,1000,0.2,1400,0.2,1
5,7,750,0,0,666,0.42,420,0.58,1
5,8,656,0,0,300,0.5,1700,0.5,1
5,9,105,0,0,666,0.42,420,0.58,1
5,10,360,0,0,300,0.5,1700,0.5,1
5,11,999,2,10,5,0,666,0.42,420,0.58,1
6,0,35,2,10,5,0,500,0.6,1000,0.2,1400,0.2,1
6,1,710,0,0,500,0.6,1000,0.2,1400,0.2,1
6,2,465,2,10,5,0,300,0.5,572,0.32,486,0.18,1
6,3,711,1,0,500,0.6,1000,0.2,1400,0.2,1
6,4,634,1,0,300,0.5,1700,0.5,1
6,5,853,2,10,5,0,300,0.5,572,0.32,486,0.18,1
6,6,53,1,0,666,0.42,420,0.58,1
6,7,940,2,10,5,0,500,0.6,1000,0.2,1400,0.2,1
6,8,907,1,0,300,0.5,1700,0.5,1
6,9,809,1,0,666,0.42,420,0.58,1
6,10,75,1,0,300,0.5,1700,0.5,1
6,11,839,1,0,300,0.5,572,0.32,486,0.18,1
7,0,203,2,10,5,0,500,0.6,1000,0.2,1400,0.2,1
7,1,325,0,0,300,0.5,1700,0.5,1
7,2,73,1,0,300,0.5,572,0.32,486,0.18,1
7,3,552,1,0,500,0.6,1000,0.2,1400,0.2,1
7,4,739,0,0,666,0.42,420,0.58,1
7,5,76,2,10,5,0,500,0.6,1000,0.2,1400,0.2,1
7,6,762,2,10,5,0,300,0.5,572,0.32,486,0.18,1
7,7,327,1,0,300,0.5,1700,0.5,1
7,8,323,0,0,300,0.5,572,0.32,486,0.18,1
7,9,45,0,0,300,0.5,1700,0.5,1
7,10,534,2,10,5,0,300,0.5,572,0.32,486,0.18,1
7,11,826,2,10,5,0,500,0.6,1000,0.2,1400,0.2,1
8,0,114,2,10,5,0,300,0.5,572,0.32,486,0.18,1
8,1,76,0,0,500,0.6,1000,0.2,1400,0.2,1
8,2,15,1,0,666,0.42,420,0.58,1
8,3,896,2,10,5,0,300,0.5,1700,0.5,1
8,4,973,0,0,300,0.5,1700,0.5,1
8,5,877,2,10,5,0,300,0.5,572,0.32,486,0.18,1
8,6,886,0,0,500,0.6,1000,0.2,1400,0.2,1
8,7,991,2,10,5,0,666,0.42,420,0.58,1
8,8,606,1,0,300,0.5,572,0.32,486,0.18,1
8,9,439,1,0,300,0.5,572,0.32,486,0.18,1
8,10,359,0,0,300,0.5,572,0.32,486,0.18,1
8,11,541,0,0,666,0.42,420,0.58,1
9,0,661,1,0,500,0.6,1000,0.2,1400,0.2,1
9,1,872,2,10,5,0,666,0.42,420,0.58,1
9,2,604,1,0,300,0.5,572,0.32,486,0.18,1
9,3,460,2,10,5,0,300,0.5,572,0.32,486,0.18,1
9,4,880,2,10,5,0,500,0.6,1000,0.2,1400,0.2,1
9,5,418,0,0,666,0.42,420,0.58,1
9,6,754,1,0,666,0.42,420,0.58,1
9,7,447,2,10,5,0,300,0.5,572,0.32,486,0.18,1
9,8,38,2,10,5,0,300,0.5,1700,0.5,1
9,9,488,0,0,666,0.42,420,0.58,1
9,10,280,2,10,5,0,500,0.6,1000,0.2,1400,0.2,1
9,11,456,0,0,666,0.42,420,0.58,1
10,0,589,2,10,5,0,300,0.5,1700,0.5,1
10,1,853,2,10,5,0,500,0.6,1000,0.2,1400,0.2,1
10,2,727,2,10,5,0,300,0.5,1700,0.5,1
10,3,724,1,0,300,0.5,1700,0.5,1
10,4,864,2,10,5,0,666,0.42,420,0.58,1
10,5,92,2,10,5,0,666,0.42,420,0.58,1
10,6,54,2,10,5,0,300,0.5,1700,0.5,1
10,7,212,1,0,666,0.42,420,0.58,1
10,8,256,0,0,300,0.5,572,0.32,486,0.18,1
10,9,268,1,0,666,0.42,420,0.58,1
10,10,769,1,0,500,0.6,1000,0.2,1400,0.2,1
10,11,514,1,0,300,0.5,572,0.32,486,0.18,1
11,0,295,1,0,666,0.42,420,0.58,1
11,1,674,1,0,500,0.6,1000,0.2,1400,0.2,1
11,2,674,1,0,500,0.6,1000,0.2,1400,0.2,1
11,3,404,1,0,300,0.5,1700,0.5,1
11,4,568,1,0,300,0.5,1700,0.5,1
11,5,356,0,0,500,0.6,1000,0.2,1400,0.2,1
11,6,885,2,10,5,0,500,0.6,1000,0.2,1400,0.2,1
11,7,475,1,0,300,0.5,572,0.32,486,0.18,1
11,8,487,2,10,5,0,300,0.5,572,0.32,486,0.18,1
11,9,988,0,0,300,0.5,1700,0.5,1
11,10,102,1,0,300,0.5,572,0.32,486,0.18,1
11,11,85,0,0,500,0.6,1000,0.2,1400,0.2,1
