0,0,372,1,0,666,0.42,420,0.58,1
0,1,930,1,0,300,0.5,1700,0.5,1
0,2,324,1,0,500,0.6,1000,0.2,1400,0.2,1
0,3,278,2,10,5,0,500,0.6,1000,0.2,1400,0.2,1
0,4,762,0,0,300,0.5,572,0.32,486,0.18,1
0,5,336,1,0,666,0.42,420,0.58,1
0,6,919,2,10,5,0,300,0.5,572,0.32,486,0.18,1
0,7,718,2,10,5,0,300,0.5,1700,0.5,1
0,8,120,0,0,300,0.5,572,0.32,486,0.18,1
0,9,789,1,0,666,0.42,420,0.58,1
0,10,600,1,0,300,0.5,1700,0.5,1
0,11,228,1,0,666,0.42,420,0.58,1
1,0,334,1,0,300,0.5,572,0.32,486,0.18,0
1,1,310,1,0,666,0.42,420,0.58,0
1,2,455,1,0,300,0.5,572,0.32,486,0.18,0
1,3,55,0,0,666,0.42,420,0.58,0
1,4,598,1,0,300,0.5,1700,0.5,0
1,5,647,0,0,300,0.5,572,0.32,486,0.18,0
1,6,162,1,0,300,0.5,1700,0.5,0
1,7,624,2,10,5,0,300,0.5,572,0.32,486,0.18,0
1,8,453,1,0,300,0.5,1700,0.5,0
1,9,514,0,0,666,0.42,420,0.58,0
1,10,653,1,0,300,0.5,572,0.32,486,0.18,0
1,11,488,0,0,666,0.42,420,0.58,0
2,0,115,2,10,5,0,300,0.5,1700,0.5,1
2,1,503,1,0,300,0.5,572,0.32,486,0.18,1
2,2,769,1,0,666,0.42,420,0.58,1
2,3,965,0,0,666,0.42,420,0.58,1
2,4,880,1,0,300,0.5,572,0.32,486,0.18,1
2,5,340,0,0,300,0.5,1700,0.5,1
2,6,963,0,0,300,0.5,572,0.32,486,0.18,1
2,7,829,2,10,5,0,666,0.42,420,0.58,1
2,8,432,0,0,666,0.42,420,0.58,1
2,9,661,1,0,500,0.6,1000,0.2,1400,0.2,1
2,10,607,2,10,5,0,666,0.42,420,0.58,1
2,11,113,1,0,500,0.6,1000,0.2,1400,0.2,1
3,0,935,0,0,300,0.5,572,0.32,486,0.18,1
3,1,383,2,10,5,0,500,0.6,1000,0.2,1400,0.2,1
3,2,117,0,0,300,0.5,572,0.32,486,0.18,1
3,3,207,2,10,5,0,300,0.5,1700,0.5,1
3,4,628,1,0,300,0.5,572,0.32,486,0.18,1
3,5,512,2,10,5,0,300,0.5,1700,0.5,1
3,6,111,2,10,5,0,666,0.42,420,0.58,1
3,7,145,2,10,5,0,666,0.42,420,0.58,1
3,8,118,2,10,5,0,300,0.5,572,0.32,486,0.18,1
3,9,642,0,0,300,0.5,1700,0.5,1
3,10,548,0,0,300,0.5,572,0.32,486,0.18,1
3,11,232,1,0,666,0.42,420,0.58,1
4,0,907,0,0,300,0.5,1700,0.5,1
4,1,958,1,0,300,0.5,1700,0.5,1
4,2,283,0,0,300,0.5,1700,0.5,1
4,3,244,0,0,666,0.42,420,0.58,1
4,4,984,1,0,300,0.5,1700,0.5,1
4,5,126,1,0,500,0.6,1000,0.2,1400,0.2,1
4,6,675,2,10,5,0,666,0.42,420,0.58,1
4,7,321,1,0,300,0.5,1700,0.5,1
4,8,144,2,10,5,0,666,0.42,420,0.58,1
4,9,359,1,0,666,0.42,420,0.58,1
4,10,448,0,0,300,0.5,572,0.32,486,0.18,1
4,11,592,1,0,500,0.6,1000,0.2,1400,0.2,1
5,0,21,1,0,500,0.6,1000,0.2,1400,0.2,1
5,1,260,1,0,300,0.5,1700,0.5,1
5,2,344,0,0,300,0.5,1700,0.5,1
5,3,959,2,10,5,0,300,0.5,1700,0.5,1
5,4,782,2,10,5,0,300,0.5,1700,0.5,1
5,5,497,1,0,500,0.6,1000,0.2,1400,0.2,1
5,6,888,2,10,5,0,300,0.5,1700,0.5,1
5,7,454,1,0,300,0.5,1700,0.5,1
5,8,663,0,0,300,0.5,572,0.32,486,0.18,1
5,9,707,2,10,5,0,300,0.5,572,0.32,486,0.18,1
5,10,981,1,0,300,0.5,1700,0.5,1
5,11,287,0,0,300,0.5,572,0.32,486,0.18,1
6,0,769,2,10,5,0,300,0.5,572,0.32,486,0.18,1
6,1,942,0,0,666,0.42,420,0.58,1
6,2,57,1,0,500,0.6,1000,0.2,1400,0.2,1
6,3,742,0,0,500,0.6,1000,0.2,1400,0.2,1
6,4,646,1,0,300,0.5,572,0.32,486,0.18,1
6,5,507,1,0,500,0.6,1000,0.2,1400,0.2,1
6,6,919,0,0,500,0.6,1000,0.2,1400,0.2,1
6,7,359,0,0,300,0.5,1700,0.5,1
6,8,822,2,10,5,0,500,0.6,1000,0.2,1400,0.2,1
6,9,986,0,0,300,0.5,572,0.32,486,0.18,1
6,10,222,2,10,5,0,300,0.5,1700,0.5,1
6,11,965,0,0,300,0.5,572,0.32,486,0.18,1
7,0,109,1,0,300,0.5,1700,0.5,1
7,1,506,2,10,5,0,500,0.6,1000,0.2,1400,0.2,1
7,2,272,2,10,5,0,300,0.5,572,0.32,486,0.18,1
7,3,858,0,0,500,0.6,1000,0.2,1400,0.2,1
7,4,201,1,0,300,0.5,572,0.32,486,0.18,1
7,5,58,1,0,500,0.6,1000,0.2,1400,0.2,1
7,6,700,0,0,666,0.42,420,0.58,1
7,7,633,2,10,5,0,300,0.5,572,0.32,486,0.18,1
7,8,724,1,0,500,0.6,1000,0.2,1400,0.2,1
7,9,907,1,0,300,0.5,572,0.32,486,0.18,1
7,10,874,0,0,666,0.42,420,0.58,1
7,11,838,1,0,500,0.6,1000,0.2,1400,0.2,1
8,0,131,1,0,666,0.42,420,0.58,1
8,1,16,1,0,300,0.5,1700,0.5,1
8,2,976,1,0,666,0.42,420,0.58,1
8,3,354,0,0,300,0.5,572,0.32,486,0.18,1
8,4,814,1,0,300,0.5,572,0.32,486,0.18,1
8,5,664,1,0,300,0.5,572,0.32,486,0.18,1
8,6,33,2,10,5,0,666,0.42,420,0.58,1
8,7,407,0,0,300,0.5,1700,0.5,1
8,8,459,2,10,5,0,666,0.42,420,0.58,1
8,9,389,2,10,5,0,500,0.6,1000,0.2,1400,0.2,1
8,10,313,2,10,5,0,666,0.42,420,0.58,1
8,11,60,0,0,300,0.5,1700,0.5,1
9,0,338,2,10,5,0,300,0.5,572,0.32,486,0.18,1
9,1,759,0,0,300,0.5,572,0.32,486,0.18,1
9,2,481,0,0,300,0.5,1700,0.5,1
9,3,260,2,10,5,0,666,0.42,420,0.58,1
9,4,233,1,0,500,0.6,1000,0.2,1400,0.2,1
9,5,365,2,10,5,0,300,0.5,572,0.32,486,0.18,1
9,6,979,1,0,300,0.5,1700,0.5,1
9,7,867,0,0,666,0.42,420,0.58,1
9,8,990,0,0,666,0.42,420,0.58,1
9,9,234,0,0,300,0.5,1700,0.5,1
9,10,228,0,0,300,0.5,572,0.32,486,0.18,1
9,11,787,2,10,5,0,300,0.5,1700,0.5,1
10,0,199,1,0,300,0.5,1700,0.5,1
10,1,462,1,0,300,0.5,572,0.32,486,0.18,1
10,2,432,0,0,300,0.5,572,0.32,486,0.18,1
10,3,583,0,0,666,0.42,420,0.58,1
10,4,86,2,10,5,0,300,0.5,572,0.32,486,0.18,1
10,5,165,2,10,5,0,300,0.5,1700,0.5,1
10,6,60,0,0,500,0.6,1000,0.2,1400,0.2,1
10,7,558,2,10,5,0,500,0.6,1000,0.2,1400,0.2,1
10,8,406,2,10,5,0,666,0.42,420,0.58,1
10,9,1000,2,10,5,0,300,0.5,1700,0.5,1
10,10,547,1,0,666,0.42,420,0.58,1
10,11,657,2,10,5,0,666,0.42,420,0.58,1
11,0,848,2,10,5,0,666,0.42,420,0.58,1
11,1,384,1,0,300,0.5,572,0.32,486,0.18,1
11,2,241,1,0,300,0.5,1700,0.5,1
11,3,18,0,0,300,0.5,572,0.32,486,0.18,1
11,4,38,1,0,500,0.6,1000,0.2,1400,0.2,1
11,5,868,2,10,5,0,666,0.42,420,0.58,1
11,6,191,0,0,300,0.5,1700,0.5,1
11,7,49,2,10,5,0,666,0.42,420,0.58,1
11,8,656,1,0,300,0.5,1700,0.5,1
11,9,131,1,0,300,0.5,572,0.32,486,0.18,1
11,10,294,1,0,500,0.6,1000,0.2,1400,0.2,1
11,11,754,2,10,5,0,666,0.42,420,0.58,1
