0,0,112,1,0,300,0.5,572,0.32,486,0.18,1
0,1,536,2,10,5,0,300,0.5,1700,0.5,1
0,2,971,2,10,5,0,300,0.5,1700,0.5,1
0,3,204,0,0,500,0.6,1000,0.2,1400,0.2,1
0,4,74,2,10,5,0,666,0.42,420,0.58,1
0,5,152,1,0,300,0.5,1700,0.5,1
0,6,76,1,0,500,0.6,1000,0.2,1400,0.2,1
0,7,307,1,0,666,0.42,420,0.58,1
0,8,930,0,0,300,0.5,572,0.32,486,0.18,1
0,9,999,1,0,666,0.42,420,0.58,1
0,10,209,0,0,500,0.6,1000,0.2,1400,0.2,1
0,11,401,1,0,300,0.5,572,0.32,486,0.18,1
1,0,32,2,10,5,0,666,0.42,420,0.58,0
1,1,964,2,10,5,0,300,0.5,572,0.32,486,0.18,0
1,2,465,0,0,500,0.6,1000,0.2,1400,0.2,0
1,3,286,0,0,500,0.6,1000,0.2,1400,0.2,0
1,4,741,0,0,300,0.5,1700,0.5,0
1,5,896,2,10,5,0,300,0.5,1700,0.5,0
1,6,390,2,10,5,0,300,0.5,1700,0.5,0
1,7,618,1,0,666,0.42,420,0.58,0
1,8,987,0,0,500,0.6,1000,0.2,1400,0.2,0
1,9,464,1,0,300,0.5,572,0.32,486,0.18,0
1,10,38,1,0,300,0.5,572,0.32,486,0.18,0
1,11,208,0,0,300,0.5,1700,0.5,0
2,0,862,1,0,500,0.6,1000,0.2,1400,0.2,1
2,1,563,2,10,5,0,300,0.5,1700,0.5,1
2,2,745,2,10,5,0,300,0.5,572,0.32,486,0.18,1
2,3,88,1,0,666,0.42,420,0.58,1
2,4,147,1,0,300,0.5,1700,0.5,1
2,5,703,0,0,300,0.5,572,0.32,486,0.18,1
2,6,284,1,0,666,0.42,420,0.58,1
2,7,827,0,0,666,0.42,420,0.58,1
2,8,447,1,0,666,0.42,420,0.58,1
2,9,328,0,0,666,0.42,420,0.58,1
2,10,73,1,0,300,0.5,1700,0.5,1
2,11,54,1,0,666,0.42,420,0.58,1
3,0,290,1,0,666,0.42,420,0.58,1
3,1,832,2,10,5,0,300,0.5,1700,0.5,1
3,2,903,2,10,5,0,300,0.5,1700,0.5,1
3,3,390,0,0,666,0.42,420,0.58,1
3,4,562,0,0,666,0.42,420,0.58,1
3,5,659,2,10,5,0,300,0.5,1700,0.5,1
3,6,445,2,10,5,0,500,0.6,1000,0.2,1400,0.2,1
3,7,734,2,10,5,0,300,0.5,572,0.32,486,0.18,1
3,8,837,2,10,5,0,500,0.6,1000,0.2,1400,0.2,1
3,9,952,0,0,300,0.5,572,0.32,486,0.18,1
3,10,386,2,10,5,0,300,0.5,572,0.32,486,0.18,1
3,11,17,2,10,5,0,300,0.5,1700,0.5,1
4,0,252,0,0,300,0.5,1700,0.5,1
4,1,153,1,0,300,0.5,1700,0.5,1
4,2,736,2,10,5,0,500,0.6,1000,0.2,1400,0.2,1
4,3,660,0,0,300,0.5,572,0.32,486,0.18,1
4,4,652,1,0,500,0.6,1000,0.2,1400,0.2,1
4,5,920,1,0,500,0.6,1000,0.2,1400,0.2,1
4,6,81,1,0,666,0.42,420,0.58,1
4,7,868,1,0,666,0.42,420,0.58,1
4,8,42,1,0,500,0.6,1000,0.2,1400,0.2,1
4,9,864,1,0,300,0.5,1700,0.5,1
4,10,656,1,0,500,0.6,1000,0.2,1400,0.2,1
4,11,230,2,10,5,0,300,0.5,572,0.32,486,0.18,1
5,0,321,0,0,300,0.5,1700,0.5,1
5,1,489,0,0,666,0.42,420,0.58,1
5,2,603,0,0,300,0.5,572,0.32,486,0.18,1
5,3,79,0,0,300,0.5,572,0.32,486,0.18,1
5,4,34,2,10,5,0,500,0.6,1000,0.2,1400,0.2,1
5,5,235,1,0,300,0.5,572,0.32,486,0.18,1
5,6,153,0,0,500,0.6,1000,0.2,1400,0.2,1
5,7,158,1,0,500,0.6,1000,0.2,1400,0.2,1
5,8,973,2,10,5,0,300,0.5,1700,0.5,1
5,9,601,0,0,300,0.5,1700,0.5,1
5,10,287,2,10,5,0,300,0.5,1700,0.5,1
5,11,674,0,0,300,0.5,572,0.32,486,0.18,1
6,0,926,1,0,300,0.5,572,0.32,486,0.18,1
6,1,206,2,10,5,0,300,0.5,1700,0.5,1
6,2,77,0,0,666,0.42,420,0.58,1
6,3,442,0,0,300,0.5,1700,0.5,1
6,4,341,0,0,500,0.6,1000,0.2,1400,0.2,1
6,5,547,2,10,5,0,300,0.5,1700,0.5,1
6,6,997,2,10,5,0,666,0.42,420,0.58,1
6,7,461,1,0,300,0.5,1700,0.5,1
6,8,99,1,0,666,0.42,420,0.58,1
6,9,455,2,10,5,0,300,0.5,1700,0.5,1
6,10,958,2,10,5,0,500,0.6,1000,0.2,1400,0.2,1
6,11,228,0,0,300,0.5,1700,0.5,1
7,0,716,2,10,5,0,666,0.42,420,0.58,1
7,1,42,2,10,5,0,666,0.42,420,0.58,1
7,2,486,1,0,300,0.5,1700,0.5,1
7,3,260,0,0,666,0.42,420,0.58,1
7,4,975,1,0,666,0.42,420,0.58,1
7,5,456,0,0,300,0.5,572,0.32,486,0.18,1
7,6,444,0,0,666,0.42,420,0.58,1
7,7,278,2,10,5,0,300,0.5,1700,0.5,1
7,8,454,2,10,5,0,500,0.6,1000,0.2,1400,0.2,1
7,9,855,2,10,5,0,300,0.5,1700,0.5,1
7,10,697,0,0,300,0.5,572,0.32,486,0.18,1
7,11,964,2,10,5,0,666,0.42,420,0.58,1
8,0,998,0,0,300,0.5,572,0.32,486,0.18,1
8,1,190,0,0,300,0.5,572,0.32,486,0.18,1
8,2,344,1,0,300,0.5,572,0.32,486,0.18,1
8,3,603,2,10,5,0,300,0.5,1700,0.5,1
8,4,997,2,10,5,0,300,0.5,572,0.32,486,0.18,1
8,5,427,0,0,666,0.42,420,0.58,1
8,6,813,2,10,5,0,666,0.42,420,0.58,1
8,7,411,1,0,300,0.5,572,0.32,486,0.18,1
8,8,244,1,0,666,0.42,420,0.58,1
8,9,112,1,0,666,0.42,420,0.58,1
8,10,387,0,0,300,0.5,572,0.32,486,0.18,1
8,11,216,2,10,5,0,300,0.5,572,0.32,486,0.18,1
9,0,786,0,0,300,0.5,1700,0.5,1
9,1,923,2,10,5,0,666,0.42,420,0.58,1
9,2,499,2,10,5,0,300,0.5,1700,0.5,1
9,3,199,1,0,300,0.5,572,0.32,486,0.18,1
9,4,755,1,0,666,0.42,420,0.58,1
9,5,361,1,0,666,0.42,420,0.58,1
9,6,843,1,0,300,0.5,572,0.32,486,0.18,1
9,7,391,0,0,666,0.42,420,0.58,1
9,8,670,2,10,5,0,300,0.5,1700,0.5,1
9,9,970,1,0,300,0.5,1700,0.5,1
9,10,814,1,0,666,0.42,420,0.58,1
9,11,995,0,0,500,0.6,1000,0.2,1400,0.2,1
10,0,673,1,0,300,0.5,1700,0.5,1
10,1,260,0,0,500,0.6,1000,0.2,1400,0.2,1
10,2,421,0,0,500,0.6,1000,0.2,1400,0.2,1
10,3,959,1,0,300,0.5,1700,0.5,1
10,4,305,0,0,300,0.5,572,0.32,486,0.18,1
10,5,516,0,0,666,0.42,420,0.58,1
10,6,27,0,0,500,0.6,1000,0.2,1400,0.2,1
10,7,656,1,0,300,0.5,572,0.32,486,0.18,1
10,8,901,0,0,300,0.5,572,0.32,486,0.18,1
10,9,678,1,0,300,0.5,572,0.32,486,0.18,1
10,10,448,0,0,300,0.5,1700,0.5,1
10,11,56,2,10,5,0,500,0.6,1000,0.2,1400,0.2,1
11,0,974,2,10,5,0,300,0.5,572,0.32,486,0.18,1
11,1,967,0,0,300,0.5,1700,0.5,1
11,2,253,1,0,300,0.5,1700,0.5,1
11,3,598,0,0,500,0.6,1000,0.2,1400,0.2,1
11,4,59,1,0,500,0.6,1000,0.2,1400,0.2,1
11,5,448,2,10,5,0,500,0.6,1000,0.2,1400,0.2,1
11,6,935,2,10,5,0,300,0.5,1700,0.5,1
11,7,978,1,0,300,0.5,572,0.32,486,0.18,1
11,8,167,2,10,5,0,300,0.5,1700,0.5,1
11,9,889,2,10,5,0,500,0.6,1000,0.2,1400,0.2,1
11,10,944,0,0,500,0.6,1000,0.2,1400,0.2,1
11,11,577,2,10,5,0,300,0.5,1700,0.5,1
