0,0,243,2,10,5,0,300,0.5,572,0.32,486,0.18,1
0,1,187,0,0,300,0.5,572,0.32,486,0.18,1
0,2,972,1,0,300,0.5,572,0.32,486,0.18,1
0,3,664,2,10,5,0,300,0.5,572,0.32,486,0.18,1
0,4,438,1,0,300,0.5,1700,0.5,1
0,5,585,2,10,5,0,666,0.42,420,0.58,1
0,6,79,1,0,300,0.5,1700,0.5,1
0,7,507,0,0,500,0.6,1000,0.2,1400,0.2,1
0,8,741,0,0,300,0.5,1700,0.5,1
0,9,409,0,0,300,0.5,1700,0.5,1
0,10,949,0,0,500,0.6,1000,0.2,1400,0.2,1
0,11,845,0,0,300,0.5,1700,0.5,1
1,0,775,2,10,5,0,500,0.6,1000,0.2,1400,0.2,0
1,1,504,1,0,300,0.5,572,0.32,486,0.18,0
1,2,293,0,0,500,0.6,1000,0.2,1400,0.2,0
1,3,277,1,0,300,0.5,572,0.32,486,0.18,0
1,4,83,0,0,500,0.6,1000,0.2,1400,0.2,0
1,5,498,2,10,5,0,300,0.5,1700,0.5,0
1,6,327,1,0,300,0.5,1700,0.5,0
1,7,919,1,0,500,0.6,1000,0.2,1400,0.2,0
1,8,805,0,0,300,0.5,1700,0.5,0
1,9,743,0,0,500,0.6,1000,0.2,1400,0.2,0
1,10,481,2,10,5,0,300,0.5,572,0.32,486,0.18,0
1,11,492,2,10,5,0,300,0.5,572,0.32,486,0.18,0
2,0,380,2,10,5,0,300,0.5,572,0.32,486,0.18,1
2,1,116,2,10,5,0,300,0.5,572,0.32,486,0.18,1
2,2,201,2,10,5,0,300,0.5,572,0.32,486,0.18,1
2,3,566,1,0,666,0.42,420,0.58,1
2,4,368,2,10,5,0,300,0.5,1700,0.5,1
2,5,947,2,10,5,0,300,0.5,1700,0.5,1
2,6,33,2,10,5,0,500,0.6,1000,0.2,1400,0.2,1
2,7,99,1,0,300,0.5,1700,0.5,1
2,8,174,2,10,5,0,500,0.6,1000,0.2,1400,0.2,1
2,9,894,2,10,5,0,666,0.42,420,0.58,1
2,10,543,2,10,5,0,666,0.42,420,0.58,1
2,11,832,0,0,666,0.42,420,0.58,1
3,0,385,2,10,5,0,300,0.5,1700,0.5,1
3,1,709,0,0,666,0.42,420,0.58,1
3,2,190,0,0,500,0.6,1000,0.2,1400,0.2,1
3,3,746,0,0,666,0.42,420,0.58,1
3,4,447,1,0,300,0.5,572,0.32,486,0.18,1
3,5,570,0,0,666,0.42,420,0.58,1
3,6,730,1,0,300,0.5,1700,0.5,1
3,7,370,2,10,5,0,500,0.6,1000,0.2,1400,0.2,1
3,8,119,2,10,5,0,500,0.6,1000,0.2,1400,0.2,1
3,9,615,1,0,500,0.6,1000,0.2,1400,0.2,1
3,10,87,0,0,500,0.6,1000,0.2,1400,0.2,1
3,11,447,0,0,300,0.5,572,0.32,486,0.18,1
4,0,219,0,0,500,0.6,1000,0.2,1400,0.2,1
4,1,29,1,0,500,0.6,1000,0.2,1400,0.2,1
4,2,638,0,0,500,0.6,1000,0.2,1400,0.2,1
4,3,153,1,0,300,0.5,572,0.32,486,0.18,1
4,4,932,1,0,500,0.6,1000,0.2,1400,0.2,1
4,5,892,0,0,300,0.5,572,0.32,486,0.18,1
4,6,669,2,10,5,0,300,0.5,572,0.32,486,0.18,1
4,7,651,0,0,666,0.42,420,0.58,1
4,8,832,0,0,666,0.42,420,0.58,1
4,9,851,0,0,500,0.6,1000,0.2,1400,0.2,1
4,10,731,1,0,500,0.6,1000,0.2,1400,0.2,1
4,11,543,2,10,5,0,666,0.42,420,0.58,1
5,0,509,0,0,500,0.6,1000,0.2,1400,0.2,1
5,1,583,2,10,5,0,300,0.5,1700,0.5,1
5,2,926,2,10,5,0,666,0.42,420,0.58,1
5,3,820,1,0,666,0.42,420,0.58,1
5,4,966,2,10,5,0,300,0.5,1700,0.5,1
5,5,811,1,0,666,0.42,420,0.58,1
5,6,888,1,0,666,0.42,420,0.58,1
5,7,669,1,0,300,0.5,572,0.32,486,0.18,1
5,8,263,2,10,5,0,300,0.5,572,0.32,486,0.18,1
5,9,94,1,0,500,0.6,1000,0.2,1400,0.2,1
5,10,958,0,0,666,0.42,420,0.58,1
5,11,219,0,0,666,0.42,420,0.58,1
6,0,180,0,0,666,0.42,420,0.58,1
6,1,530,1,0,500,0.6,1000,0.2,1400,0.2,1
6,2,883,0,0,500,0.6,1000,0.2,1400,0.2,1
6,3,192,1,0,666,0.42,420,0.58,1
6,4,18,0,0,300,0.5,572,0.32,486,0.18,1
6,5,95,0,0,300,0.5,1700,0.5,1
6,6,605,0,0,300,0.5,572,0.32,486,0.18,1
6,7,658,2,10,5,0,300,0.5,1700,0.5,1
6,8,525,0,0,300,0.5,572,0.32,486,0.18,1
6,9,282,0,0,300,0.5,1700,0.5,1
6,10,879,2,10,5,0,500,0.6,1000,0.2,1400,0.2,1
6,11,337,0,0,666,0.42,420,0.58,1
7,0,940,0,0,300,0.5,572,0.32,486,0.18,1
7,1,513,2,10,5,0,300,0.5,572,0.32,486,0.18,1
7,2,805,0,0,300,0.5,572,0.32,486,0.18,1
7,3,383,1,0,300,0.5,1700,0.5,1
7,4,251,2,10,5,0,666,0.42,420,0.58,1
7,5,838,1,0,666,0.42,420,0.58,1
7,6,331,0,0,500,0.6,1000,0.2,1400,0.2,1
7,7,408,0,0,300,0.5,572,0.32,486,0.18,1
7,8,836,1,0,666,0.42,420,0.58,1
7,9,971,1,0,300,0.5,1700,0.5,1
7,10,530,1,0,500,0.6,1000,0.2,1400,0.2,1
7,11,126,1,0,500,0.6,1000,0.2,1400,0.2,1
8,0,223,2,10,5,0,300,0.5,1700,0.5,1
8,1,220,2,10,5,0,500,0.6,1000,0.2,1400,0.2,1
8,2,737,0,0,500,0.6,1000,0.2,1400,0.2,1
8,3,95,2,10,5,0,666,0.42,420,0.58,1
8,4,936,1,0,666,0.42,420,0.58,1
8,5,451,0,0,300,0.5,1700,0.5,1
8,6,364,1,0,300,0.5,572,0.32,486,0.18,1
8,7,208,1,0,666,0.42,420,0.58,1
8,8,924,2,10,5,0,666,0.42,420,0.58,1
8,9,312,0,0,300,0.5,1700,0.5,1
8,10,89,2,10,5,0,666,0.42,420,0.58,1
8,11,991,0,0,300,0.5,572,0.32,486,0.18,1
9,0,158,2,10,5,0,666,0.42,420,0.58,1
9,1,494,0,0,300,0.5,572,0.32,486,0.18,1
9,2,264,0,0,300,0.5,1700,0.5,1
9,3,351,0,0,666,0.42,420,0.58,1
9,4,875,1,0,666,0.42,420,0.58,1
9,5,526,0,0,666,0.42,420,0.58,1
9,6,242,1,0,500,0.6,1000,0.2,1400,0.2,1
9,7,279,0,0,300,0.5,572,0.32,486,0.18,1
9,8,479,2,10,5,0,300,0.5,1700,0.5,1
9,9,205,2,10,5,0,500,0.6,1000,0.2,1400,0.2,1
9,10,383,1,0,666,0.42,420,0.58,1
9,11,974,0,0,666,0.42,420,0.58,1
10,0,192,1,0,300,0.5,1700,0.5,1
10,1,298,2,10,5,0,666,0.42,420,0.58,1
10,2,316,2,10,5,0,300,0.5,572,0.32,486,0.18,1
10,3,489,1,0,500,0.6,1000,0.2,1400,0.2,1
10,4,365,2,10,5,0,300,0.5,1700,0.5,1
10,5,219,2,10,5,0,500,0.6,1000,0.2,1400,0.2,1
10,6,384,1,0,300,0.5,1700,0.5,1
10,7,464,0,0,500,0.6,1000,0.2,1400,0.2,1
10,8,101,2,10,5,0,500,0.6,1000,0.2,1400,0.2,1
10,9,787,0,0,666,0.42,420,0.58,1
10,10,679,2,10,5,0,500,0.6,1000,0.2,1400,0.2,1
10,11,413,1,0,300,0.5,1700,0.5,1
11,0,973,0,0,666,0.42,420,0.58,1
11,1,159,1,0,500,0.6,1000,0.2,1400,0.2,1
11,2,531,1,0,300,0.5,1700,0.5,1
11,3,964,2,10,5,0,500,0.6,1000,0.2,1400,0.2,1
11,4,319,0,0,500,0.6,1000,0.2,1400,0.2,1
11,5,460,1,0,300,0.5,1700,0.5,1
11,6,211,2,10,5,0,666,0.42,420,0.58,1
11,7,580,1,0,300,0.5,572,0.32,486,0.18,1
11,8,42,2,10,5,0,300,0.5,572,0.32,486,0.18,1
11,9,436,1,0,300,0.5,1700,0.5,1
11,10,604,1,0,666,0.42,420,0.58,1
11,11,677,2,10,5,0,666,0.42,420,0.58,1
