0,0,782,0,0,500,0.6,1000,0.2,1400,0.2,1
0,1,40,1,0,500,0.6,1000,0.2,1400,0.2,1
0,2,204,1,0,500,0.6,1000,0.2,1400,0.2,1
0,3,648,0,0,500,0.6,1000,0.2,1400,0.2,1
0,4,606,2,10,5,0,500,0.6,1000,0.2,1400,0.2,1
0,5,110,1,0,666,0.42,420,0.58,1
0,6,171,2,10,5,0,500,0.6,1000,0.2,1400,0.2,1
0,7,381,0,0,500,0.6,1000,0.2,1400,0.2,1
0,8,417,2,10,5,0,300,0.5,1700,0.5,1
0,9,278,0,0,500,0.6,1000,0.2,1400,0.2,1
0,10,431,1,0,500,0.6,1000,0.2,1400,0.2,1
0,11,932,2,10,5,0,666,0.42,420,0.58,1
1,0,788,0,0,666,0.42,420,0.58,0
1,1,955,1,0,300,0.5,572,0.32,486,0.18,0
1,2,933,0,0,300,0.5,572,0.32,486,0.18,0
1,3,64,0,0,300,0.5,1700,0.5,0
1,4,917,1,0,666,0.42,420,0.58,0
1,5,849,2,10,5,0,300,0.5,572,0.32,486,0.18,0
1,6,718,0,0,666,0.42,420,0.58,0
1,7,337,0,0,666,0.42,420,0.58,0
1,8,36,2,10,5,0,666,0.42,420,0.58,0
1,9,398,0,0,300,0.5,1700,0.5,0
1,10,200,2,10,5,0,300,0.5,1700,0.5,0
1,11,742,2,10,5,0,500,0.6,1000,0.2,1400,0.2,0
2,0,758,2,10,5,0,666,0.42,420,0.58,1
2,1,302,0,0,300,0.5,572,0.32,486,0.18,1
2,2,515,1,0,500,0.6,1000,0.2,1400,0.2,1
2,3,78,2,10,5,0,500,0.6,1000,0.2,1400,0.2,1
2,4,424,0,0,300,0.5,1700,0.5,1
2,5,160,1,0,300,0.5,1700,0.5,1
2,6,369,1,0,500,0.6,1000,0.2,1400,0.2,1
2,7,723,1,0,300,0.5,572,0.32,486,0.18,1
2,8,925,0,0,500,0.6,1000,0.2,1400,0.2,1
2,9,612,2,10,5,0,500,0.6,1000,0.2,1400,0.2,1
2,10,463,0,0,666,0.42,420,0.58,1
2,11,925,2,10,5,0,300,0.5,572,0.32,486,0.18,1
3,0,19,1,0,500,0.6,1000,0.2,1400,0.2,1
3,1,584,2,10,5,0,300,0.5,1700,0.5,1
3,2,867,0,0,500,0.6,1000,0.2,1400,0.2,1
3,3,494,1,0,666,0.42,420,0.58,1
3,4,402,2,10,5,0,300,0.5,572,0.32,486,0.18,1
3,5,663,2,10,5,0,300,0.5,1700,0.5,1
3,6,404,2,10,5,0,300,0.5,572,0.32,486,0.18,1
3,7,606,1,0,300,0.5,1700,0.5,1
3,8,736,0,0,300,0.5,572,0.32,486,0.18,1
3,9,839,2,10,5,0,300,0.5,572,0.32,486,0.18,1
3,10,40,0,0,300,0.5,1700,0.5,1
3,11,554,0,0,300,0.5,1700,0.5,1
4,0,348,2,10,5,0,300,0.5,1700,0.5,1
4,1,144,1,0,300,0.5,1700,0.5,1
4,2,540,1,0,300,0.5,1700,0.5,1
4,3,706,0,0,666,0.42,420,0.58,1
4,4,681,0,0,300,0.5,572,0.32,486,0.18,1
4,5,75,0,0,300,0.5,572,0.32,486,0.18,1
4,6,384,0,0,500,0.6,1000,0.2,1400,0.2,1
4,7,810,0,0,666,0.42,420,0.58,1
4,8,338,2,10,5,0,500,0.6,1000,0.2,1400,0.2,1
4,9,47,0,0,666,0.42,420,0.58,1
4,10,994,0,0,300,0.5,1700,0.5,1
4,11,213,0,0,300,0.5,1700,0.5,1
5,0,440,2,10,5,0,666,0.42,420,0.58,1
5,1,625,0,0,500,0.6,1000,0.2,1400,0.2,1
5,2,533,1,0,300,0.5,572,0.32,486,0.18,1
5,3,749,2,10,5,0,300,0.5,1700,0.5,1
5,4,561,1,0,500,0.6,1000,0.2,1400,0.2,1
5,5,992,0,0,300,0.5,1700,0.5,1
5,6,569,1,0,500,0.6,1000,0.2,1400,0.2,1
5,7,95,1,0,500,0.6,1000,0.2,1400,0.2,1
5,8,111,1,0,300,0.5,572,0.32,486,0.18,1
5,9,320,0,0,500,0.6,1000,0.2,1400,0.2,1
5,10,625,1,0,300,0.5,572,0.32,486,0.18,1
5,11,586,1,0,500,0.6,1000,0.2,1400,0.2,1
6,0,743,2,10,5,0,300,0.5,1700,0.5,1
6,1,493,2,10,5,0,500,0.6,1000,0.2,1400,0.2,1
6,2,776,1,0,300,0.5,1700,0.5,1
6,3,798,2,10,5,0,300,0.5,1700,0.5,1
6,4,648,1,0,300,0.5,572,0.32,486,0.18,1
6,5,960,2,10,5,0,666,0.42,420,0.58,1
6,6,610,1,0,300,0.5,1700,0.5,1
6,7,202,0,0,300,0.5,1700,0.5,1
6,8,600,2,10,5,0,300,0.5,1700,0.5,1
6,9,970,2,10,5,0,300,0.5,572,0.32,486,0.18,1
6,10,217,1,0,300,0.5,1700,0.5,1
6,11,419,1,0,666,0.42,420,0.58,1
7,0,496,2,10,5,0,300,0.5,1700,0.5,1
7,1,716,2,10,5,0,300,0.5,1700,0.5,1
7,2,209,1,0,300,0.5,572,0.32,486,0.18,1
7,3,412,1,0,300,0.5,572,0.32,486,0.18,1
7,4,204,1,0,500,0.6,1000,0.2,1400,0.2,1
7,5,773,0,0,500,0.6,1000,0.2,1400,0.2,1
7,6,84,0,0,500,0.6,1000,0.2,1400,0.2,1
7,7,240,0,0,500,0.6,1000,0.2,1400,0.2,1
7,8,591,1,0,300,0.5,572,0.32,486,0.18,1
7,9,668,0,0,300,0.5,1700,0.5,1
7,10,656,0,0,300,0.5,1700,0.5,1
7,11,274,0,0,500,0.6,1000,0.2,1400,0.2,1
8,0,48,1,0,500,0.6,1000,0.2,1400,0.2,1
8,1,865,1,0,300,0.5,572,0.32,486,0.18,1
8,2,567,1,0,300,0.5,1700,0.5,1
8,3,759,2,10,5,0,500,0.6,1000,0.2,1400,0.2,1
8,4,985,1,0,500,0.6,1000,0.2,1400,0.2,1
8,5,338,1,0,300,0.5,572,0.32,486,0.18,1
8,6,280,0,0,300,0.5,572,0.32,486,0.18,1
8,7,220,1,0,500,0.6,1000,0.2,1400,0.2,1
8,8,649,2,10,5,0,666,0.42,420,0.58,1
8,9,733,2,10,5,0,300,0.5,572,0.32,486,0.18,1
8,10,291,2,10,5,0,300,0.5,1700,0.5,1
8,11,357,0,0,666,0.42,420,0.58,1
9,0,960,2,10,5,0,666,0.42,420,0.58,1
9,1,260,1,0,500,0.6,1000,0.2,1400,0.2,1
9,2,526,2,10,5,0,666,0.42,420,0.58,1
9,3,271,1,0,500,0.6,1000,0.2,1400,0.2,1
9,4,902,0,0,666,0.42,420,0.58,1
9,5,951,2,10,5,0,666,0.42,420,0.58,1
9,6,197,1,0,500,0.6,1000,0.2,1400,0.2,1
9,7,562,0,0,666,0.42,420,0.58,1
9,8,18,0,0,300,0.5,1700,0.5,1
9,9,336,1,0,300,0.5,572,0.32,486,0.18,1
9,10,874,0,0,300,0.5,572,0.32,486,0.18,1
9,11,726,1,0,300,0.5,572,0.32,486,0.18,1
10,0,21,2,10,5,0,666,0.42,420,0.58,1
10,1,630,2,10,5,0,666,0.42,420,0.58,1
10,2,177,2,10,5,0,300,0.5,572,0.32,486,0.18,1
10,3,698,2,10,5,0,500,0.6,1000,0.2,1400,0.2,1
10,4,477,1,0,500,0.6,1000,0.2,1400,0.2,1
10,5,507,2,10,5,0,300,0.5,1700,0.5,1
10,6,463,0,0,666,0.42,420,0.58,1
10,7,231,2,10,5,0,300,0.5,572,0.32,486,0.18,1
10,8,511,0,0,300,0.5,1700,0.5,1
10,9,196,0,0,300,0.5,1700,0.5,1
10,10,407,2,10,5,0,300,0.5,572,0.32,486,0.18,1
10,11,967,2,10,5,0,300,0.5,572,0.32,486,0.18,1
11,0,42,2,10,5,0,500,0.6,1000,0.2,1400,0.2,1
11,1,508,2,10,5,0,500,0.6,1000,0.2,1400,0.2,1
11,2,868,0,0,500,0.6,1000,0.2,1400,0.2,1
11,3,25,2,10,5,0,666,0.42,420,0.58,1
11,4,604,0,0,300,0.5,1700,0.5,1
11,5,756,2,10,5,0,500,0.6,1000,0.2,1400,0.2,1
11,6,703,2,10,5,0,300,0.5,1700,0.5,1
11,7,819,0,0,300,0.5,572,0.32,486,0.18,1
11,8,127,0,0,500,0.6,1000,0.2,1400,0.2,1
11,9,905,2,10,5,0,666,0.42,420,0.58,1
11,10,444,0,0,666,0.42,420,0.58,1
11,11,215,2,10,5,0,500,0.6,1000,0.2,1400,0.2,1
