0,0,685,1,0,500,0.6,1000,0.2,1400,0.2,1
0,1,750,1,0,666,0.42,420,0.58,1
0,2,218,2,10,5,0,300,0.5,572,0.32,486,0.18,1
0,3,645,0,0,500,0.6,1000,0.2,1400,0.2,1
0,4,423,2,10,5,0,300,0.5,572,0.32,486,0.18,1
0,5,643,0,0,666,0.42,420,0.58,1
0,6,297,1,0,300,0.5,1700,0.5,1
0,7,869,1,0,300,0.5,572,0.32,486,0.18,1
0,8,363,0,0,300,0.5,1700,0.5,1
0,9,839,2,10,5,0,300,0.5,1700,0.5,1
0,10,358,1,0,500,0.6,1000,0.2,1400,0.2,1
0,11,748,0,0,300,0.5,1700,0.5,1
1,0,890,2,10,5,0,300,0.5,572,0.32,486,0.18,0
1,1,140,0,0,300,0.5,572,0.32,486,0.18,0
1,2,857,0,0,300,0.5,1700,0.5,0
1,3,915,0,0,300,0.5,572,0.32,486,0.18,0
1,4,428,2,10,5,0,500,0.6,1000,0.2,1400,0.2,0
1,5,938,2,10,5,0,666,0.42,420,0.58,0
1,6,471,0,0,300,0.5,1700,0.5,0
1,7,819,0,0,300,0.5,572,0.32,486,0.18,0
1,8,747,0,0,666,0.42,420,0.58,0
1,9,214,0,0,666,0.42,420,0.58,0
1,10,608,0,0,500,0.6,1000,0.2,1400,0.2,0
1,11,547,0,0,300,0.5,1700,0.5,0
2,0,931,0,0,300,0.5,572,0.32,486,0.18,1
2,1,249,2,10,5,0,300,0.5,1700,0.5,1
2,2,66,2,10,5,0,666,0.42,420,0.58,1
2,3,808,0,0,300,0.5,1700,0.5,1
2,4,339,2,10,5,0,300,0.5,572,0.32,486,0.18,1
2,5,51,1,0,300,0.5,572,0.32,486,0.18,1
2,6,691,2,10,5,0,300,0.5,572,0.32,486,0.18,1
2,7,294,1,0,666,0.42,420,0.58,1
2,8,527,0,0,666,0.42,420,0.58,1
2,9,889,0,0,300,0.5,1700,0.5,1
2,10,965,0,0,300,0.5,1700,0.5,1
2,11,126,2,10,5,0,666,0.42,420,0.58,1
3,0,140,0,0,300,0.5,572,0.32,486,0.18,1
3,1,311,1,0,300,0.5,572,0.32,486,0.18,1
3,2,308,0,0,666,0.42,420,0.58,1
3,3,555,0,0,500,0.6,1000,0.2,1400,0.2,1
3,4,492,1,0,300,0.5,572,0.32,486,0.18,1
3,5,394,2,10,5,0,666,0.42,420,0.58,1
3,6,673,2,10,5,0,300,0.5,1700,0.5,1
3,7,622,0,0,300,0.5,1700,0.5,1
3,8,984,2,10,5,0,300,0.5,572,0.32,486,0.18,1
3,9,518,2,10,5,0,300,0.5,1700,0.5,1
3,10,53,0,0,300,0.5,1700,0.5,1
3,11,589,1,0,300,0.5,572,0.32,486,0.18,1
4,0,885,2,10,5,0,300,0.5,572,0.32,486,0.18,1
4,1,167,2,10,5,0,666,0.42,420,0.58,1
4,2,908,1,0,300,0.5,1700,0.5,1
4,3,911,2,10,5,0,300,0.5,1700,0.5,1
4,4,413,0,0,500,0.6,1000,0.2,1400,0.2,1
4,5,452,1,0,300,0.5,1700,0.5,1
4,6,574,0,0,300,0.5,1700,0.5,1
4,7,636,2,10,5,0,300,0.5,572,0.32,486,0.18,1
4,8,144,1,0,300,0.5,572,0.32,486,0.18,1
4,9,505,2,10,5,0,300,0.5,1700,0.5,1
4,10,247,0,0,500,0.6,1000,0.2,1400,0.2,1
4,11,739,0,0,666,0.42,420,0.58,1
5,0,588,2,10,5,0,666,0.42,420,0.58,1
5,1,161,1,0,300,0.5,1700,0.5,1
5,2,439,0,0,300,0.5,1700,0.5,1
5,3,349,2,10,5,0,666,0.42,420,0.58,1
5,4,482,0,0,500,0.6,1000,0.2,1400,0.2,1
5,5,909,1,0,300,0.5,572,0.32,486,0.18,1
5,6,64,0,0,300,0.5,572,0.32,486,0.18,1
5,7,283,2,10,5,0,300,0.5,1700,0.5,1
5,8,731,1,0,300,0.5,572,0.32,486,0.18,1
5,9,568,2,10,5,0,500,0.6,1000,0.2,1400,0.2,1
5,10,47,0,0,300,0.5,1700,0.5,1
5,11,663,1,0,300,0.5,1700,0.5,1
6,0,362,1,0,666,0.42,420,0.58,1
6,1,589,2,10,5,0,300,0.5,572,0.32,486,0.18,1
6,2,480,0,0,500,0.6,1000,0.2,1400,0.2,1
6,3,924,0,0,666,0.42,420,0.58,1
6,4,823,2,10,5,0,300,0.5,1700,0.5,1
6,5,606,0,0,300,0.5,1700,0.5,1
6,6,145,2,10,5,0,500,0.6,1000,0.2,1400,0.2,1
6,7,332,2,10,5,0,300,0.5,1700,0.5,1
6,8,224,0,0,300,0.5,1700,0.5,1
6,9,413,0,0,500,0.6,1000,0.2,1400,0.2,1
6,10,649,2,10,5,0,300,0.5,1700,0.5,1
6,11,607,0,0,300,0.5,572,0.32,486,0.18,1
7,0,37,2,10,5,0,666,0.42,420,0.58,1
7,1,353,2,10,5,0,300,0.5,572,0.32,486,0.18,1
7,2,224,0,0,666,0.42,420,0.58,1
7,3,129,1,0,300,0.5,1700,0.5,1
7,4,148,1,0,300,0.5,1700,0.5,1
7,5,150,0,0,300,0.5,1700,0.5,1
7,6,513,1,0,666,0.42,420,0.58,1
7,7,87,0,0,300,0.5,1700,0.5,1
7,8,741,2,10,5,0,666,0.42,420,0.58,1
7,9,659,2,10,5,0,300,0.5,572,0.32,486,0.18,1
7,10,401,0,0,666,0.42,420,0.58,1
7,11,357,0,0,300,0.5,1700,0.5,1
8,0,122,2,10,5,0,300,0.5,1700,0.5,1
8,1,637,2,10,5,0,300,0.5,1700,0.5,1
8,2,258,1,0,666,0.42,420,0.58,1
8,3,627,2,10,5,0,300,0.5,572,0.32,486,0.18,1
8,4,469,0,0,500,0.6,1000,0.2,1400,0.2,1
8,5,558,2,10,5,0,300,0.5,572,0.32,486,0.18,1
8,6,874,2,10,5,0,666,0.42,420,0.58,1
8,7,764,0,0,500,0.6,1000,0.2,1400,0.2,1
8,8,184,1,0,666,0.42,420,0.58,1
8,9,434,1,0,666,0.42,420,0.58,1
8,10,813,1,0,300,0.5,1700,0.5,1
8,11,422,2,10,5,0,300,0.5,1700,0.5,1
9,0,372,1,0,500,0.6,1000,0.2,1400,0.2,1
9,1,576,0,0,500,0.6,1000,0.2,1400,0.2,1
9,2,300,2,10,5,0,300,0.5,1700,0.5,1
9,3,492,1,0,666,0.42,420,0.58,1
9,4,991,1,0,500,0.6,1000,0.2,1400,0.2,1
9,5,121,2,10,5,0,500,0.6,1000,0.2,1400,0.2,1
9,6,379,2,10,5,0,300,0.5,572,0.32,486,0.18,1
9,7,339,1,0,300,0.5,572,0.32,486,0.18,1
9,8,764,2,10,5,0,666,0.42,420,0.58,1
9,9,80,2,10,5,0,300,0.5,1700,0.5,1
9,10,129,1,0,666,0.42,420,0.58,1
9,11,193,0,0,666,0.42,420,0.58,1
10,0,276,2,10,5,0,500,0.6,1000,0.2,1400,0.2,1
10,1,619,0,0,666,0.42,420,0.58,1
10,2,766,0,0,300,0.5,572,0.32,486,0.18,1
10,3,181,1,0,300,0.5,1700,0.5,1
10,4,847,1,0,666,0.42,420,0.58,1
10,5,817,1,0,500,0.6,1000,0.2,1400,0.2,1
10,6,430,0,0,300,0.5,572,0.32,486,0.18,1
10,7,866,1,0,300,0.5,1700,0.5,1
10,8,402,1,0,666,0.42,420,0.58,1
10,9,483,1,0,300,0.5,572,0.32,486,0.18,1
10,10,126,0,0,500,0.6,1000,0.2,1400,0.2,1
10,11,210,0,0,500,0.6,1000,0.2,1400,0.2,1
11,0,732,0,0,500,0.6,1000,0.2,1400,0.2,1
11,1,327,1,0,666,0.42,420,0.58,1
11,2,917,0,0,300,0.5,572,0.32,486,0.18,1
11,3,792,1,0,500,0.6,1000,0.2,1400,0.2,1
11,4,762,2,10,5,0,300,0.5,1700,0.5,1
11,5,598,1,0,300,0.5,1700,0.5,1
11,6,55,2,10,5,0,666,0.42,420,0.58,1
11,7,821,2,10,5,0,666,0.42,420,0.58,1
11,8,559,2,10,5,0,300,0.5,572,0.32,486,0.18,1
11,9,513,2,10,5,0,300,0.5,572,0.32,486,0.18,1
11,10,496,2,10,5,0,300,0.5,572,0.32,486,0.18,1
11,11,495,0,0,300,0.5,1700,0.5,1
