0,0,218,2,10,5,0,300,0.5,572,0.32,486,0.18,1
0,1,508,0,0,300,0.5,1700,0.5,1
0,2,219,0,0,666,0.42,420,0.58,1
0,3,794,1,0,666,0.42,420,0.58,1
0,4,399,1,0,300,0.5,572,0.32,486,0.18,1
0,5,679,2,10,5,0,300,0.5,1700,0.5,1
0,6,372,0,0,500,0.6,1000,0.2,1400,0.2,1
0,7,589,0,0,300,0.5,1700,0.5,1
0,8,391,0,0,500,0.6,1000,0.2,1400,0.2,1
0,9,293,0,0,300,0.5,572,0.32,486,0.18,1
0,10,76,2,10,5,0,300,0.5,1700,0.5,1
0,11,303,2,10,5,0,500,0.6,1000,0.2,1400,0.2,1
1,0,598,2,10,5,0,666,0.42,420,0.58,0
1,1,124,1,0,500,0.6,1000,0.2,1400,0.2,0
1,2,700,1,0,500,0.6,1000,0.2,1400,0.2,0
1,3,920,2,10,5,0,666,0.42,420,0.58,0
1,4,229,1,0,666,0.42,420,0.58,0
1,5,348,0,0,300,0.5,572,0.32,486,0.18,0
1,6,295,1,0,300,0.5,1700,0.5,0
1,7,907,2,10,5,0,500,0.6,1000,0.2,1400,0.2,0
1,8,197,0,0,500,0.6,1000,0.2,1400,0.2,0
1,9,421,0,0,666,0.42,420,0.58,0
1,10,22,2,10,5,0,666,0.42,420,0.58,0
1,11,905,1,0,500,0.6,1000,0.2,1400,0.2,0
2,0,132,0,0,300,0.5,572,0.32,486,0.18,1
2,1,62,1,0,300,0.5,572,0.32,486,0.18,1
2,2,831,1,0,666,0.42,420,0.58,1
2,3,398,1,0,300,0.5,572,0.32,486,0.18,1
2,4,969,0,0,300,0.5,1700,0.5,1
2,5,653,0,0,500,0.6,1000,0.2,1400,0.2,1
2,6,927,1,0,500,0.6,1000,0.2,1400,0.2,1
2,7,811,0,0,300,0.5,572,0.32,486,0.18,1
2,8,579,0,0,500,0.6,1000,0.2,1400,0.2,1
2,9,932,1,0,300,0.5,572,0.32,486,0.18,1
2,10,850,2,10,5,0,666,0.42,420,0.58,1
2,11,12,0,0,500,0.6,1000,0.2,1400,0.2,1
3,0,407,2,10,5,0,300,0.5,572,0.32,486,0.18,1
3,1,924,2,10,5,0,500,0.6,1000,0.2,1400,0.2,1
3,2,826,0,0,300,0.5,572,0.32,486,0.18,1
3,3,670,1,0,300,0.5,572,0.32,486,0.18,1
3,4,137,0,0,666,0.42,420,0.58,1
3,5,721,0,0,666,0.42,420,0.58,1
3,6,520,2,10,5,0,666,0.42,420,0.58,1
3,7,118,0,0,500,0.6,1000,0.2,1400,0.2,1
3,8,994,1,0,500,0.6,1000,0.2,1400,0.2,1
3,9,472,0,0,300,0.5,1700,0.5,1
3,10,729,1,0,300,0.5,1700,0.5,1
3,11,565,0,0,666,0.42,420,0.58,1
4,0,455,0,0,500,0.6,1000,0.2,1400,0.2,1
4,1,398,2,10,5,0,300,0.5,1700,0.5,1
4,2,734,2,10,5,0,300,0.5,1700,0.5,1
4,3,807,1,0,300,0.5,572,0.32,486,0.18,1
4,4,87,0,0,300,0.5,572,0.32,486,0.18,1
4,5,674,0,0,300,0.5,1700,0.5,1
4,6,338,2,10,5,0,666,0.42,420,0.58,1
4,7,97,1,0,300,0.5,572,0.32,486,0.18,1
4,8,227,0,0,666,0.42,420,0.58,1
4,9,970,0,0,300,0.5,572,0.32,486,0.18,1
4,10,151,1,0,666,0.42,420,0.58,1
4,11,300,2,10,5,0,500,0.6,1000,0.2,1400,0.2,1
5,0,407,2,10,5,0,300,0.5,572,0.32,486,0.18,1
5,1,212,2,10,5,0,300,0.5,1700,0.5,1
5,2,735,1,0,666,0.42,420,0.58,1
5,3,353,1,0,666,0.42,420,0.58,1
5,4,721,2,10,5,0,300,0.5,572,0.32,486,0.18,1
5,5,618,0,0,500,0.6,1000,0.2,1400,0.2,1
5,6,585,1,0,500,0.6,1000,0.2,1400,0.2,1
5,7,366,0,0,666,0.42,420,0.58,1
5,8,248,1,0,300,0.5,1700,0.5,1
5,9,328,0,0,300,0.5,572,0.32,486,0.18,1
5,10,569,0,0,300,0.5,1700,0.5,1
5,11,673,2,10,5,0,666,0.42,420,0.58,1
6,0,780,0,0,666,0.42,420,0.58,1
6,1,486,0,0,500,0.6,1000,0.2,1400,0.2,1
6,2,957,0,0,500,0.6,1000,0.2,1400,0.2,1
6,3,559,0,0,300,0.5,1700,0.5,1
6,4,741,2,10,5,0,300,0.5,572,0.32,486,0.18,1
6,5,441,0,0,500,0.6,1000,0.2,1400,0.2,1
6,6,167,1,0,500,0.6,1000,0.2,1400,0.2,1
6,7,415,0,0,666,0.42,420,0.58,1
6,8,994,1,0,300,0.5,1700,0.5,1
6,9,631,2,10,5,0,500,0.6,1000,0.2,1400,0.2,1
6,10,503,1,0,666,0.42,420,0.58,1
6,11,956,0,0,300,0.5,572,0.32,486,0.18,1
7,0,386,0,0,500,0.6,1000,0.2,1400,0.2,1
7,1,471,2,10,5,0,300,0.5,572,0.32,486,0.18,1
7,2,735,0,0,666,0.42,420,0.58,1
7,3,565,0,0,666,0.42,420,0.58,1
7,4,145,0,0,300,0.5,1700,0.5,1
7,5,204,1,0,300,0.5,572,0.32,486,0.18,1
7,6,838,2,10,5,0,666,0.42,420,0.58,1
7,7,912,0,0,500,0.6,1000,0.2,1400,0.2,1
7,8,364,1,0,500,0.6,1000,0.2,1400,0.2,1
7,9,956,0,0,666,0.42,420,0.58,1
7,10,156,1,0,300,0.5,572,0.32,486,0.18,1
7,11,853,0,0,666,0.42,420,0.58,1
8,0,874,2,10,5,0,300,0.5,572,0.32,486,0.18,1
8,1,418,2,10,5,0,300,0.5,1700,0.5,1
8,2,138,0,0,300,0.5,572,0.32,486,0.18,1
8,3,877,2,10,5,0,666,0.42,420,0.58,1
8,4,14,0,0,666,0.42,420,0.58,1
8,5,522,0,0,300,0.5,572,0.32,486,0.18,1
8,6,290,2,10,5,0,300,0.5,1700,0.5,1
8,7,539,0,0,500,0.6,1000,0.2,1400,0.2,1
8,8,141,0,0,300,0.5,1700,0.5,1
8,9,336,1,0,300,0.5,1700,0.5,1
8,10,166,2,10,5,0,300,0.5,572,0.32,486,0.18,1
8,11,328,2,10,5,0,500,0.6,1000,0.2,1400,0.2,1
9,0,70,2,10,5,0,666,0.42,420,0.58,1
9,1,201,2,10,5,0,300,0.5,1700,0.5,1
9,2,160,0,0,500,0.6,1000,0.2,1400,0.2,1
9,3,981,0,0,666,0.42,420,0.58,1
9,4,261,0,0,300,0.5,572,0.32,486,0.18,1
9,5,439,1,0,300,0.5,572,0.32,486,0.18,1
9,6,963,0,0,300,0.5,572,0.32,486,0.18,1
9,7,416,2,10,5,0,500,0.6,1000,0.2,1400,0.2,1
9,8,373,2,10,5,0,300,0.5,572,0.32,486,0.18,1
9,9,758,1,0,500,0.6,1000,0.2,1400,0.2,1
9,10,391,1,0,300,0.5,572,0.32,486,0.18,1
9,11,569,1,0,666,0.42,420,0.58,1
10,0,393,1,0,300,0.5,572,0.32,486,0.18,1
10,1,882,2,10,5,0,666,0.42,420,0.58,1
10,2,247,1,0,300,0.5,1700,0.5,1
10,3,368,1,0,300,0.5,572,0.32,486,0.18,1
10,4,238,1,0,300,0.5,572,0.32,486,0.18,1
10,5,475,1,0,500,0.6,1000,0.2,1400,0.2,1
10,6,23,0,0,500,0.6,1000,0.2,1400,0.2,1
10,7,996,2,10,5,0,666,0.42,420,0.58,1
10,8,394,1,0,666,0.42,420,0.58,1
10,9,26,0,0,300,0.5,1700,0.5,1
10,10,856,2,10,5,0,300,0.5,572,0.32,486,0.18,1
10,11,380,2,10,5,0,300,0.5,572,0.32,486,0.18,1
11,0,328,1,0,666,0.42,420,0.58,1
11,1,192,0,0,666,0.42,420,0.58,1
11,2,778,1,0,300,0.5,1700,0.5,1
11,3,697,1,0,300,0.5,1700,0.5,1
11,4,566,2,10,5,0,300,0.5,1700,0.5,1
11,5,14,2,10,5,0,300,0.5,1700,0.5,1
11,6,933,0,0,666,0.42,420,0.58,1
11,7,151,2,10,5,0,300,0.5,1700,0.5,1
11,8,45,0,0,300,0.5,572,0.32,486,0.18,1
11,9,535,1,0,500,0.6,1000,0.2,1400,0.2,1
11,10,476,1,0,500,0.6,1000,0.2,1400,0.2,1
11,11,214,0,0,666,0.42,420,0.58,1
