0,0,648,2,10,5,0,666,0.42,420,0.58,1
0,1,279,2,10,5,0,300,0.5,572,0.32,486,0.18,1
0,2,635,2,10,5,0,500,0.6,1000,0.2,1400,0.2,1
0,3,142,1,0,300,0.5,1700,0.5,1
0,4,209,1,0,500,0.6,1000,0.2,1400,0.2,1
0,5,676,2,10,5,0,500,0.6,1000,0.2,1400,0.2,1
0,6,751,1,0,500,0.6,1000,0.2,1400,0.2,1
0,7,131,1,0,666,0.42,420,0.58,1
0,8,695,2,10,5,0,666,0.42,420,0.58,1
0,9,716,1,0,300,0.5,572,0.32,486,0.18,1
0,10,853,2,10,5,0,666,0.42,420,0.58,1
0,11,17,2,10,5,0,500,0.6,1000,0.2,1400,0.2,1
1,0,665,2,10,5,0,300,0.5,572,0.32,486,0.18,0
1,1,284,2,10,5,0,500,0.6,1000,0.2,1400,0.2,0
1,2,557,2,10,5,0,666,0.42,420,0.58,0
1,3,341,2,10,5,0,300,0.5,572,0.32,486,0.18,0
1,4,177,2,10,5,0,300,0.5,1700,0.5,0
1,5,728,2,10,5,0,500,0.6,1000,0.2,1400,0.2,0
1,6,527,0,0,500,0.6,1000,0.2,1400,0.2,0
1,7,169,2,10,5,0,300,0.5,1700,0.5,0
1,8,494,0,0,500,0.6,1000,0.2,1400,0.2,0
1,9,71,1,0,300,0.5,572,0.32,486,0.18,0
1,10,26,0,0,300,0.5,572,0.32,486,0.18,0
1,11,187,0,0,666,0.42,420,0.58,0
2,0,223,1,0,666,0.42,420,0.58,1
2,1,757,2,10,5,0,300,0.5,572,0.32,486,0.18,1
2,2,446,2,10,5,0,300,0.5,572,0.32,486,0.18,1
2,3,59,0,0,300,0.5,1700,0.5,1
2,4,953,2,10,5,0,500,0.6,1000,0.2,1400,0.2,1
2,5,760,2,10,5,0,300,0.5,1700,0.5,1
2,6,899,1,0,300,0.5,1700,0.5,1
2,7,775,2,10,5,0,300,0.5,572,0.32,486,0.18,1
2,8,434,1,0,300,0.5,572,0.32,486,0.18,1
2,9,682,1,0,300,0.5,572,0.32,486,0.18,1
2,10,576,2,10,5,0,666,0.42,420,0.58,1
2,11,96,2,10,5,0,666,0.42,420,0.58,1
3,0,267,0,0,300,0.5,572,0.32,486,0.18,1
3,1,557,0,0,500,0.6,1000,0.2,1400,0.2,1
3,2,611,0,0,500,0.6,1000,0.2,1400,0.2,1
3,3,351,2,10,5,0,666,0.42,420,0.58,1
3,4,299,0,0,300,0.5,572,0.32,486,0.18,1
3,5,99,2,10,5,0,300,0.5,572,0.32,486,0.18,1
3,6,891,1,0,300,0.5,572,0.32,486,0.18,1
3,7,805,2,10,5,0,300,0.5,1700,0.5,1
3,8,379,1,0,500,0.6,1000,0.2,1400,0.2,1
3,9,914,2,10,5,0,500,0.6,1000,0.2,1400,0.2,1
3,10,213,2,10,5,0,666,0.42,420,0.58,1
3,11,161,0,0,500,0.6,1000,0.2,1400,0.2,1
4,0,232,2,10,5,0,300,0.5,1700,0.5,1
4,1,888,2,10,5,0,300,0.5,1700,0.5,1
4,2,598,2,10,5,0,500,0.6,1000,0.2,1400,0.2,1
4,3,435,1,0,300,0.5,1700,0.5,1
4,4,613,1,0,666,0.42,420,0.58,1
4,5,471,0,0,300,0.5,572,0.32,486,0.18,1
4,6,888,0,0,300,0.5,1700,0.5,1
4,7,12,1,0,666,0.42,420,0.58,1
4,8,749,2,10,5,0,666,0.42,420,0.58,1
4,9,652,2,10,5,0,300,0.5,572,0.32,486,0.18,1
4,10,294,0,0,300,0.5,572,0.32,486,0.18,1
4,11,61,0,0,300,0.5,572,0.32,486,0.18,1
5,0,435,2,10,5,0,666,0.42,420,0.58,1
5,1,779,0,0,300,0.5,572,0.32,486,0.18,1
5,2,627,1,0,666,0.42,420,0.58,1
5,3,649,2,10,5,0,300,0.5,1700,0.5,1
5,4,504,2,10,5,0,300,0.5,572,0.32,486,0.18,1
5,5,515,0,0,300,0.5,1700,0.5,1
5,6,730,2,10,5,0,300,0.5,572,0.32,486,0.18,1
5,7,392,2,10,5,0,300,0.5,1700,0.5,1
5,8,819,0,0,300,0.5,1700,0.5,1
5,9,372,0,0,300,0.5,1700,0.5,1
5,10,680,1,0,300,0.5,1700,0.5,1
5,11,860,0,0,300,0.5,1700,0.5,1
6,0,961,0,0,666,0.42,420,0.58,1
6,1,976,2,10,5,0,500,0.6,1000,0.2,1400,0.2,1
6,2,467,2,10,5,0,666,0.42,420,0.58,1
6,3,323,0,0,300,0.5,572,0.32,486,0.18,1
6,4,729,0,0,666,0.42,420,0.58,1
6,5,589,1,0,300,0.5,1700,0.5,1
6,6,16,2,10,5,0,300,0.5,572,0.32,486,0.18,1
6,7,803,0,0,300,0.5,1700,0.5,1
6,8,157,0,0,300,0.5,1700,0.5,1
6,9,82,2,10,5,0,666,0.42,420,0.58,1
6,10,933,0,0,300,0.5,572,0.32,486,0.18,1
6,11,850,2,10,5,0,300,0.5,572,0.32,486,0.18,1
7,0,807,1,0,500,0.6,1000,0.2,1400,0.2,1
7,1,374,1,0,300,0.5,572,0.32,486,0.18,1
7,2,594,1,0,300,0.5,1700,0.5,1
7,3,485,2,10,5,0,300,0.5,1700,0.5,1
7,4,933,2,10,5,0,666,0.42,420,0.58,1
7,5,680,2,10,5,0,300,0.5,1700,0.5,1
7,6,50,1,0,300,0.5,572,0.32,486,0.18,1
7,7,330,1,0,300,0.5,572,0.32,486,0.18,1
7,8,989,2,10,5,0,500,0.6,1000,0.2,1400,0.2,1
7,9,944,0,0,300,0.5,572,0.32,486,0.18,1
7,10,524,2,10,5,0,500,0.6,1000,0.2,1400,0.2,1
7,11,410,0,0,500,0.6,1000,0.2,1400,0.2,1
8,0,420,2,10,5,0,300,0.5,572,0.32,486,0.18,1
8,1,525,2,10,5,0,500,0.6,1000,0.2,1400,0.2,1
8,2,609,0,0,300,0.5,572,0.32,486,0.18,1
8,3,309,2,10,5,0,666,0.42,420,0.58,1
8,4,265,2,10,5,0,300,0.5,572,0.32,486,0.18,1
8,5,443,1,0,300,0.5,1700,0.5,1
8,6,22,0,0,300,0.5,1700,0.5,1
8,7,712,0,0,300,0.5,572,0.32,486,0.18,1
8,8,376,0,0,300,0.5,572,0.32,486,0.18,1
8,9,483,1,0,300,0.5,572,0.32,486,0.18,1
8,10,387,0,0,500,0.6,1000,0.2,1400,0.2,1
8,11,608,2,10,5,0,300,0.5,1700,0.5,1
9,0,819,0,0,500,0.6,1000,0.2,1400,0.2,1
9,1,69,0,0,666,0.42,420,0.58,1
9,2,765,2,10,5,0,666,0.42,420,0.58,1
9,3,122,1,0,300,0.5,572,0.32,486,0.18,1
9,4,529,2,10,5,0,300,0.5,572,0.32,486,0.18,1
9,5,978,2,10,5,0,500,0.6,1000,0.2,1400,0.2,1
9,6,574,2,10,5,0,666,0.42,420,0.58,1
9,7,690,1,0,300,0.5,572,0.32,486,0.18,1
9,8,857,1,0,500,0.6,1000,0.2,1400,0.2,1
9,9,399,0,0,300,0.5,572,0.32,486,0.18,1
9,10,703,1,0,500,0.6,1000,0.2,1400,0.2,1
9,11,555,0,0,300,0.5,1700,0.5,1
10,0,905,2,10,5,0,300,0.5,572,0.32,486,0.18,1
10,1,131,1,0,300,0.5,1700,0.5,1
10,2,668,2,10,5,0,300,0.5,572,0.32,486,0.18,1
10,3,756,0,0,300,0.5,572,0.32,486,0.18,1
10,4,474,1,0,666,0.42,420,0.58,1
10,5,115,2,10,5,0,300,0.5,572,0.32,486,0.18,1
10,6,324,0,0,300,0.5,572,0.32,486,0.18,1
10,7,477,1,0,666,0.42,420,0.58,1
10,8,944,0,0,666,0.42,420,0.58,1
10,9,204,0,0,500,0.6,1000,0.2,1400,0.2,1
10,10,740,0,0,300,0.5,572,0.32,486,0.18,1
10,11,156,2,10,5,0,300,0.5,1700,0.5,1
11,0,696,2,10,5,0,300,0.5,1700,0.5,1
11,1,17,0,0,300,0.5,1700,0.5,1
11,2,20,0,0,300,0.5,572,0.32,486,0.18,1
11,3,116,0,0,300,0.5,572,0.32,486,0.18,1
11,4,176,1,0,500,0.6,1000,0.2,1400,0.2,1
11,5,396,1,0,300,0.5,1700,0.5,1
11,6,252,1,0,300,0.5,1700,0.5,1
11,7,720,2,10,5,0,300,0.5,572,0.32,486,0.18,1
11,8,987,1,0,500,0.6,1000,0.2,1400,0.2,1
11,9,126,0,0,500,0.6,1000,0.2,1400,0.2,1
11,10,471,1,0,300,0.5,1700,0.5,1
11,11,179,0,0,300,0.5,1700,0.5,1
