0,0,939,2,10,5,0,500,0.6,1000,0.2,1400,0.2,1
0,1,886,2,10,5,0,300,0.5,572,0.32,486,0.18,1
0,2,413,1,0,666,0.42,420,0.58,1
0,3,834,1,0,666,0.42,420,0.58,1
0,4,991,1,0,666,0.42,420,0.58,1
0,5,651,1,0,300,0.5,1700,0.5,1
0,6,636,1,0,300,0.5,572,0.32,486,0.18,1
0,7,802,1,0,666,0.42,420,0.58,1
0,8,999,0,0,300,0.5,1700,0.5,1
0,9,959,2,10,5,0,300,0.5,1700,0.5,1
0,10,663,2,10,5,0,300,0.5,1700,0.5,1
0,11,979,2,10,5,0,666,0.42,420,0.58,1
1,0,705,1,0,500,0.6,1000,0.2,1400,0.2,0
1,1,920,2,10,5,0,500,0.6,1000,0.2,1400,0.2,0
1,2,675,0,0,500,0.6,1000,0.2,1400,0.2,0
1,3,33,0,0,300,0.5,572,0.32,486,0.18,0
1,4,561,2,10,5,0,300,0.5,572,0.32,486,0.18,0
1,5,206,0,0,300,0.5,572,0.32,486,0.18,0
1,6,373,2,10,5,0,300,0.5,1700,0.5,0
1,7,771,0,0,300,0.5,572,0.32,486,0.18,0
1,8,924,0,0,300,0.5,1700,0.5,0
1,9,114,2,10,5,0,500,0.6,1000,0.2,1400,0.2,0
1,10,630,1,0,300,0.5,572,0.32,486,0.18,0
1,11,83,2,10,5,0,500,0.6,1000,0.2,1400,0.2,0
2,0,394,1,0,300,0.5,572,0.32,486,0.18,1
2,1,57,1,0,300,0.5,572,0.32,486,0.18,1
2,2,709,0,0,300,0.5,572,0.32,486,0.18,1
2,3,328,2,10,5,0,300,0.5,572,0.32,486,0.18,1
2,4,98,0,0,300,0.5,1700,0.5,1
2,5,619,0,0,666,0.42,420,0.58,1
2,6,881,1,0,300,0.5,572,0.32,486,0.18,1
2,7,340,0,0,500,0.6,1000,0.2,1400,0.2,1
2,8,409,2,10,5,0,300,0.5,1700,0.5,1
2,9,392,0,0,300,0.5,572,0.32,486,0.18,1
2,10,195,1,0,300,0.5,1700,0.5,1
2,11,122,2,10,5,0,500,0.6,1000,0.2,1400,0.2,1
3,0,680,2,10,5,0,300,0.5,572,0.32,486,0.18,1
3,1,258,2,10,5,0,500,0.6,1000,0.2,1400,0.2,1
3,2,650,0,0,300,0.5,572,0.32,486,0.18,1
3,3,214,2,10,5,0,500,0.6,1000,0.2,1400,0.2,1
3,4,773,0,0,666,0.42,420,0.58,1
3,5,971,2,10,5,0,666,0.42,420,0.58,1
3,6,136,1,0,500,0.6,1000,0.2,1400,0.2,1
3,7,303,2,10,5,0,666,0.42,420,0.58,1
3,8,27,1,0,500,0.6,1000,0.2,1400,0.2,1
3,9,63,1,0,300,0.5,1700,0.5,1
3,10,148,0,0,300,0.5,572,0.32,486,0.18,1
3,11,942,0,0,300,0.5,1700,0.5,1
4,0,539,2,10,5,0,300,0.5,1700,0.5,1
4,1,604,0,0,500,0.6,1000,0.2,1400,0.2,1
4,2,793,1,0,666,0.42,420,0.58,1
4,3,774,2,10,5,0,500,0.6,1000,0.2,1400,0.2,1
4,4,703,2,10,5,0,500,0.6,1000,0.2,1400,0.2,1
4,5,873,0,0,300,0.5,1700,0.5,1
4,6,494,0,0,500,0.6,1000,0.2,1400,0.2,1
4,7,636,2,10,5,0,300,0.5,1700,0.5,1
4,8,1000,1,0,500,0.6,1000,0.2,1400,0.2,1
4,9,531,0,0,500,0.6,1000,0.2,1400,0.2,1
4,10,673,1,0,300,0.5,1700,0.5,1
4,11,506,0,0,666,0.42,420,0.58,1
5,0,19,1,0,500,0.6,1000,0.2,1400,0.2,1
5,1,889,2,10,5,0,300,0.5,1700,0.5,1
5,2,159,0,0,500,0.6,1000,0.2,1400,0.2,1
5,3,876,0,0,500,0.6,1000,0.2,1400,0.2,1
5,4,213,1,0,300,0.5,572,0.32,486,0.18,1
5,5,601,0,0,300,0.5,572,0.32,486,0.18,1
5,6,832,0,0,300,0.5,1700,0.5,1
5,7,590,2,10,5,0,666,0.42,420,0.58,1
5,8,440,2,10,5,0,300,0.5,572,0.32,486,0.18,1
5,9,705,1,0,300,0.5,572,0.32,486,0.18,1
5,10,543,2,10,5,0,300,0.5,572,0.32,486,0.18,1
5,11,418,1,0,300,0.5,572,0.32,486,0.18,1
6,0,994,1,0,300,0.5,1700,0.5,1
6,1,719,0,0,300,0.5,572,0.32,486,0.18,1
6,2,870,1,0,300,0.5,1700,0.5,1
6,3,363,0,0,300,0.5,572,0.32,486,0.18,1
6,4,744,2,10,5,0,300,0.5,572,0.32,486,0.18,1
6,5,574,0,0,300,0.5,572,0.32,486,0.18,1
6,6,344,1,0,500,0.6,1000,0.2,1400,0.2,1
6,7,867,2,10,5,0,666,0.42,420,0.58,1
6,8,252,2,10,5,0,300,0.5,1700,0.5,1
6,9,512,1,0,666,0.42,420,0.58,1
6,10,372,2,10,5,0,300,0.5,572,0.32,486,0.18,1
6,11,914,2,10,5,0,500,0.6,1000,0.2,1400,0.2,1
7,0,291,1,0,300,0.5,1700,0.5,1
7,1,748,1,0,500,0.6,1000,0.2,1400,0.2,1
7,2,382,0,0,666,0.42,420,0.58,1
7,3,252,2,10,5,0,300,0.5,1700,0.5,1
7,4,303,1,0,500,0.6,1000,0.2,1400,0.2,1
7,5,683,1,0,500,0.6,1000,0.2,1400,0.2,1
7,6,710,0,0,300,0.5,572,0.32,486,0.18,1
7,7,579,2,10,5,0,666,0.42,420,0.58,1
7,8,883,2,10,5,0,300,0.5,1700,0.5,1
7,9,626,2,10,5,0,300,0.5,572,0.32,486,0.18,1
7,10,976,2,10,5,0,666,0.42,420,0.58,1
7,11,921,1,0,300,0.5,1700,0.5,1
8,0,800,1,0,300,0.5,572,0.32,486,0.18,1
8,1,549,0,0,666,0.42,420,0.58,1
8,2,95,2,10,5,0,300,0.5,1700,0.5,1
8,3,318,1,0,500,0.6,1000,0.2,1400,0.2,1
8,4,359,1,0,666,0.42,420,0.58,1
8,5,949,1,0,300,0.5,572,0.32,486,0.18,1
8,6,610,2,10,5,0,300,0.5,1700,0.5,1
8,7,597,1,0,666,0.42,420,0.58,1
8,8,91,1,0,300,0.5,1700,0.5,1
8,9,849,1,0,300,0.5,1700,0.5,1
8,10,959,2,10,5,0,500,0.6,1000,0.2,1400,0.2,1
8,11,779,1,0,666,0.42,420,0.58,1
9,0,598,2,10,5,0,500,0.6,1000,0.2,1400,0.2,1
9,1,29,0,0,666,0.42,420,0.58,1
9,2,336,1,0,300,0.5,1700,0.5,1
9,3,904,0,0,666,0.42,420,0.58,1
9,4,192,0,0,300,0.5,572,0.32,486,0.18,1
9,5,892,0,0,666,0.42,420,0.58,1
9,6,286,1,0,666,0.42,420,0.58,1
9,7,110,1,0,666,0.42,420,0.58,1
9,8,108,1,0,666,0.42,420,0.58,1
9,9,700,0,0,666,0.42,420,0.58,1
9,10,495,2,10,5,0,666,0.42,420,0.58,1
9,11,970,1,0,300,0.5,1700,0.5,1
10,0,687,1,0,300,0.5,572,0.32,486,0.18,1
10,1,380,1,0,300,0.5,572,0.32,486,0.18,1
10,2,532,2,10,5,0,300,0.5,1700,0.5,1
10,3,730,1,0,666,0.42,420,0.58,1
10,4,73,1,0,500,0.6,1000,0.2,1400,0.2,1
10,5,309,2,10,5,0,300,0.5,572,0.32,486,0.18,1
10,6,11,0,0,300,0.5,572,0.32,486,0.18,1
10,7,610,0,0,500,0.6,1000,0.2,1400,0.2,1
10,8,629,0,0,500,0.6,1000,0.2,1400,0.2,1
10,9,728,0,0,300,0.5,572,0.32,486,0.18,1
10,10,746,2,10,5,0,666,0.42,420,0.58,1
10,11,53,0,0,300,0.5,572,0.32,486,0.18,1
11,0,381,1,0,666,0.42,420,0.58,1
11,1,14,1,0,500,0.6,1000,0.2,1400,0.2,1
11,2,742,0,0,300,0.5,1700,0.5,1
11,3,924,2,10,5,0,300,0.5,1700,0.5,1
11,4,373,2,10,5,0,500,0.6,1000,0.2,1400,0.2,1
11,5,643,0,0,666,0.42,420,0.58,1
11,6,302,1,0,300,0.5,572,0.32,486,0.18,1
11,7,994,0,0,300,0.5,572,0.32,486,0.18,1
11,8,56,0,0,500,0.6,1000,0.2,1400,0.2,1
11,9,473,1,0,666,0.42,420,0.58,1
11,10,533,1,0,300,0.5,1700,0.5,1
11,11,863,1,0,300,0.5,572,0.32,486,0.18,1
