0,0,108,1,0,300,0.5,572,0.32,486,0.18,1
0,1,331,1,0,500,0.6,1000,0.2,1400,0.2,1
0,2,401,1,0,300,0.5,1700,0.5,1
0,3,546,2,10,5,0,500,0.6,1000,0.2,1400,0.2,1
0,4,363,1,0,666,0.42,420,0.58,1
0,5,533,0,0,300,0.5,1700,0.5,1
0,6,503,2,10,5,0,666,0.42,420,0.58,1
0,7,17,0,0,666,0.42,420,0.58,1
0,8,73,1,0,300,0.5,1700,0.5,1
0,9,694,0,0,300,0.5,572,0.32,486,0.18,1
0,10,757,2,10,5,0,300,0.5,572,0.32,486,0.18,1
0,11,373,1,0,300,0.5,572,0.32,486,0.18,1
1,0,495,2,10,5,0,500,0.6,1000,0.2,1400,0.2,0
1,1,288,2,10,5,0,300,0.5,572,0.32,486,0.18,0
1,2,222,1,0,666,0.42,420,0.58,0
1,3,721,0,0,666,0.42,420,0.58,0
1,4,469,0,0,300,0.5,572,0.32,486,0.18,0
1,5,303,0,0,666,0.42,420,0.58,0
1,6,151,0,0,300,0.5,572,0.32,486,0.18,0
1,7,729,1,0,500,0.6,1000,0.2,1400,0.2,0
1,8,80,2,10,5,0,666,0.42,420,0.58,0
1,9,920,1,0,300,0.5,1700,0.5,0
1,10,68,0,0,500,0.6,1000,0.2,1400,0.2,0
1,11,610,2,10,5,0,300,0.5,1700,0.5,0
2,0,245,2,10,5,0,500,0.6,1000,0.2,1400,0.2,1
2,1,647,1,0,666,0.42,420,0.58,1
2,2,801,1,0,300,0.5,1700,0.5,1
2,3,953,2,10,5,0,666,0.42,420,0.58,1
2,4,245,1,0,300,0.5,1700,0.5,1
2,5,662,0,0,300,0.5,1700,0.5,1
2,6,155,2,10,5,0,300,0.5,1700,0.5,1
2,7,728,0,0,500,0.6,1000,0.2,1400,0.2,1
2,8,499,2,10,5,0,666,0.42,420,0.58,1
2,9,33,0,0,666,0.42,420,0.58,1
2,10,971,0,0,300,0.5,572,0.32,486,0.18,1
2,11,451,0,0,300,0.5,1700,0.5,1
3,0,932,1,0,666,0.42,420,0.58,1
3,1,17,2,10,5,0,666,0.42,420,0.58,1
3,2,383,0,0,500,0.6,1000,0.2,1400,0.2,1
3,3,796,2,10,5,0,500,0.6,1000,0.2,1400,0.2,1
3,4,53,1,0,300,0.5,1700,0.5,1
3,5,193,2,10,5,0,300,0.5,1700,0.5,1
3,6,622,2,10,5,0,300,0.5,572,0.32,486,0.18,1
3,7,616,2,10,5,0,500,0.6,1000,0.2,1400,0.2,1
3,8,957,2,10,5,0,500,0.6,1000,0.2,1400,0.2,1
3,9,998,2,10,5,0,300,0.5,1700,0.5,1
3,10,328,0,0,500,0.6,1000,0.2,1400,0.2,1
3,11,547,2,10,5,0,666,0.42,420,0.58,1
4,0,260,2,10,5,0,500,0.6,1000,0.2,1400,0.2,1
4,1,343,2,10,5,0,300,0.5,1700,0.5,1
4,2,242,2,10,5,0,666,0.42,420,0.58,1
4,3,52,1,0,300,0.5,572,0.32,486,0.18,1
4,4,686,1,0,500,0.6,1000,0.2,1400,0.2,1
4,5,426,1,0,300,0.5,1700,0.5,1
4,6,496,0,0,300,0.5,572,0.32,486,0.18,1
4,7,324,0,0,666,0.42,420,0.58,1
4,8,908,2,10,5,0,300,0.5,572,0.32,486,0.18,1
4,9,502,0,0,300,0.5,572,0.32,486,0.18,1
4,10,25,0,0,300,0.5,1700,0.5,1
4,11,61,2,10,5,0,300,0.5,572,0.32,486,0.18,1
5,0,970,2,10,5,0,300,0.5,572,0.32,486,0.18,1
5,1,117,1,0,300,0.5,1700,0.5,1
5,2,930,1,0,300,0.5,572,0.32,486,0.18,1
5,3,398,0,0,300,0.5,572,0.32,486,0.18,1
5,4,476,2,10,5,0,500,0.6,1000,0.2,1400,0.2,1
5,5,738,1,0,500,0.6,1000,0.2,1400,0.2,1
5,6,243,0,0,500,0.6,1000,0.2,1400,0.2,1
5,7,391,1,0,300,0.5,572,0.32,486,0.18,1
5,8,772,1,0,666,0.42,420,0.58,1
5,9,404,1,0,300,0.5,1700,0.5,1
5,10,981,0,0,500,0.6,1000,0.2,1400,0.2,1
5,11,355,0,0,300,0.5,1700,0.5,1
6,0,343,0,0,300,0.5,1700,0.5,1
6,1,974,0,0,300,0.5,572,0.32,486,0.18,1
6,2,525,1,0,300,0.5,1700,0.5,1
6,3,127,0,0,500,0.6,1000,0.2,1400,0.2,1
6,4,195,2,10,5,0,500,0.6,1000,0.2,1400,0.2,1
6,5,834,0,0,500,0.6,1000,0.2,1400,0.2,1
6,6,765,0,0,300,0.5,572,0.32,486,0.18,1
6,7,79,2,10,5,0,300,0.5,572,0.32,486,0.18,1
6,8,963,1,0,666,0.42,420,0.58,1
6,9,663,1,0,500,0.6,1000,0.2,1400,0.2,1
6,10,678,2,10,5,0,300,0.5,572,0.32,486,0.18,1
6,11,617,2,10,5,0,300,0.5,1700,0.5,1
7,0,778,1,0,300,0.5,572,0.32,486,0.18,1
7,1,546,1,0,666,0.42,420,0.58,1
7,2,248,1,0,666,0.42,420,0.58,1
7,3,375,1,0,300,0.5,572,0.32,486,0.18,1
7,4,622,1,0,300,0.5,572,0.32,486,0.18,1
7,5,270,2,10,5,0,666,0.42,420,0.58,1
7,6,619,1,0,500,0.6,1000,0.2,1400,0.2,1
7,7,731,1,0,500,0.6,1000,0.2,1400,0.2,1
7,8,738,1,0,300,0.5,572,0.32,486,0.18,1
7,9,199,2,10,5,0,300,0.5,1700,0.5,1
7,10,292,2,10,5,0,666,0.42,420,0.58,1
7,11,434,0,0,666,0.42,420,0.58,1
8,0,252,0,0,666,0.42,420,0.58,1
8,1,75,1,0,500,0.6,1000,0.2,1400,0.2,1
8,2,19,1,0,300,0.5,572,0.32,486,0.18,1
8,3,966,0,0,500,0.6,1000,0.2,1400,0.2,1
8,4,63,1,0,300,0.5,1700,0.5,1
8,5,774,0,0,500,0.6,1000,0.2,1400,0.2,1
8,6,750,0,0,500,0.6,1000,0.2,1400,0.2,1
8,7,870,0,0,666,0.42,420,0.58,1
8,8,930,1,0,500,0.6,1000,0.2,1400,0.2,1
8,9,220,2,10,5,0,300,0.5,572,0.32,486,0.18,1
8,10,957,1,0,300,0.5,1700,0.5,1
8,11,162,2,10,5,0,300,0.5,1700,0.5,1
9,0,414,1,0,300,0.5,572,0.32,486,0.18,1
9,1,353,0,0,666,0.42,420,0.58,1
9,2,276,2,10,5,0,300,0.5,1700,0.5,1
9,3,291,1,0,666,0.42,420,0.58,1
9,4,161,0,0,300,0.5,572,0.32,486,0.18,1
9,5,490,0,0,300,0.5,572,0.32,486,0.18,1
9,6,500,2,10,5,0,500,0.6,1000,0.2,1400,0.2,1
9,7,11,2,10,5,0,300,0.5,1700,0.5,1
9,8,761,2,10,5,0,500,0.6,1000,0.2,1400,0.2,1
9,9,233,1,0,300,0.5,572,0.32,486,0.18,1
9,10,99,2,10,5,0,500,0.6,1000,0.2,1400,0.2,1
9,11,175,2,10,5,0,500,0.6,1000,0.2,1400,0.2,1
10,0,552,0,0,300,0.5,1700,0.5,1
10,1,930,1,0,500,0.6,1000,0.2,1400,0.2,1
10,2,690,2,10,5,0,500,0.6,1000,0.2,1400,0.2,1
10,3,331,0,0,300,0.5,572,0.32,486,0.18,1
10,4,902,1,0,500,0.6,1000,0.2,1400,0.2,1
10,5,187,2,10,5,0,500,0.6,1000,0.2,1400,0.2,1
10,6,451,2,10,5,0,666,0.42,420,0.58,1
10,7,70,0,0,300,0.5,572,0.32,486,0.18,1
10,8,546,2,10,5,0,500,0.6,1000,0.2,1400,0.2,1
10,9,114,2,10,5,0,300,0.5,1700,0.5,1
10,10,176,2,10,5,0,500,0.6,1000,0.2,1400,0.2,1
10,11,567,1,0,300,0.5,572,0.32,486,0.18,1
11,0,839,2,10,5,0,666,0.42,420,0.58,1
11,1,717,1,0,300,0.5,572,0.32,486,0.18,1
11,2,491,1,0,300,0.5,572,0.32,486,0.18,1
11,3,254,2,10,5,0,666,0.42,420,0.58,1
11,4,309,1,0,300,0.5,572,0.32,486,0.18,1
11,5,938,2,10,5,0,300,0.5,572,0.32,486,0.18,1
11,6,487,1,0,666,0.42,420,0.58,1
11,7,212,1,0,500,0.6,1000,0.2,1400,0.2,1
11,8,733,1,0,300,0.5,1700,0.5,1
11,9,665,1,0,666,0.42,420,0.58,1
11,10,600,2,10,5,0,300,0.5,1700,0.5,1
11,11,692,2,10,5,0,300,0.5,1700,0.5,1
