0,0,826,2,10,5,0,500,0.6,1000,0.2,1400,0.2,1
0,1,135,0,0,300,0.5,572,0.32,486,0.18,1
0,2,913,1,0,300,0.5,572,0.32,486,0.18,1
0,3,740,2,10,5,0,300,0.5,572,0.32,486,0.18,1
0,4,283,0,0,666,0.42,420,0.58,1
0,5,261,2,10,5,0,666,0.42,420,0.58,1
0,6,13,1,0,666,0.42,420,0.58,1
0,7,655,2,10,5,0,300,0.5,572,0.32,486,0.18,1
0,8,741,2,10,5,0,500,0.6,1000,0.2,1400,0.2,1
0,9,13,1,0,300,0.5,572,0.32,486,0.18,1
0,10,508,2,10,5,0,300,0.5,1700,0.5,1
0,11,755,0,0,500,0.6,1000,0.2,1400,0.2,1
1,0,649,0,0,666,0.42,420,0.58,0
1,1,829,2,10,5,0,500,0.6,1000,0.2,1400,0.2,0
1,2,27,2,10,5,0,300,0.5,1700,0.5,0
1,3,427,1,0,666,0.42,420,0.58,0
1,4,296,2,10,5,0,300,0.5,572,0.32,486,0.18,0
1,5,334,2,10,5,0,500,0.6,1000,0.2,1400,0.2,0
1,6,207,0,0,300,0.5,572,0.32,486,0.18,0
1,7,500,2,10,5,0,666,0.42,420,0.58,0
1,8,973,0,0,300,0.5,572,0.32,486,0.18,0
1,9,955,0,0,500,0.6,1000,0.2,1400,0.2,0
1,10,896,0,0,300,0.5,1700,0.5,0
1,11,662,2,10,5,0,300,0.5,1700,0.5,0
2,0,830,2,10,5,0,300,0.5,572,0.32,486,0.18,1
2,1,507,0,0,666,0.42,420,0.58,1
2,2,90,2,10,5,0,300,0.5,572,0.32,486,0.18,1
2,3,208,0,0,500,0.6,1000,0.2,1400,0.2,1
2,4,89,1,0,300,0.5,1700,0.5,1
2,5,55,0,0,500,0.6,1000,0.2,1400,0.2,1
2,6,443,1,0,666,0.42,420,0.58,1
2,7,31,0,0,500,0.6,1000,0.2,1400,0.2,1
2,8,387,2,10,5,0,300,0.5,1700,0.5,1
2,9,591,2,10,5,0,300,0.5,572,0.32,486,0.18,1
2,10,398,1,0,300,0.5,572,0.32,486,0.18,1
2,11,672,1,0,666,0.42,420,0.58,1
3,0,435,0,0,666,0.42,420,0.58,1
3,1,638,2,10,5,0,300,0.5,572,0.32,486,0.18,1
3,2,89,0,0,300,0.5,1700,0.5,1
3,3,461,0,0,666,0.42,420,0.58,1
3,4,711,1,0,300,0.5,572,0.32,486,0.18,1
3,5,1000,2,10,5,0,500,0.6,1000,0.2,1400,0.2,1
3,6,260,0,0,666,0.42,420,0.58,1
3,7,65,1,0,666,0.42,420,0.58,1
3,8,610,2,10,5,0,500,0.6,1000,0.2,1400,0.2,1
3,9,605,2,10,5,0,300,0.5,1700,0.5,1
3,10,765,0,0,300,0.5,572,0.32,486,0.18,1
3,11,124,1,0,666,0.42,420,0.58,1
4,0,561,1,0,666,0.42,420,0.58,1
4,1,923,0,0,300,0.5,572,0.32,486,0.18,1
4,2,671,1,0,666,0.42,420,0.58,1
4,3,984,0,0,500,0.6,1000,0.2,1400,0.2,1
4,4,155,2,10,5,0,300,0.5,1700,0.5,1
4,5,211,0,0,300,0.5,1700,0.5,1
4,6,848,2,10,5,0,666,0.42,420,0.58,1
4,7,858,0,0,300,0.5,572,0.32,486,0.18,1
4,8,585,0,0,300,0.5,1700,0.5,1
4,9,74,0,0,500,0.6,1000,0.2,1400,0.2,1
4,10,842,1,0,300,0.5,572,0.32,486,0.18,1
4,11,927,1,0,300,0.5,572,0.32,486,0.18,1
5,0,334,2,10,5,0,666,0.42,420,0.58,1
5,1,451,0,0,666,0.42,420,0.58,1
5,2,550,1,0,300,0.5,1700,0.5,1
5,3,868,1,0,500,0.6,1000,0.2,1400,0.2,1
5,4,594,0,0,500,0.6,1000,0.2,1400,0.2,1
5,5,494,0,0,500,0.6,1000,0.2,1400,0.2,1
5,6,479,2,10,5,0,300,0.5,572,0.32,486,0.18,1
5,7,361,2,10,5,0,500,0.6,1000,0.2,1400,0.2,1
5,8,296,0,0,300,0.5,572,0.32,486,0.18,1
5,9,648,0,0,300,0.5,572,0.32,486,0.18,1
5,10,480,2,10,5,0,300,0.5,1700,0.5,1
5,11,555,0,0,300,0.5,1700,0.5,1
6,0,378,2,10,5,0,300,0.5,572,0.32,486,0.18,1
6,1,659,0,0,300,0.5,1700,0.5,1
6,2,347,2,10,5,0,666,0.42,420,0.58,1
6,3,31,1,0,300,0.5,572,0.32,486,0.18,1
6,4,897,1,0,300,0.5,572,0.32,486,0.18,1
6,5,985,0,0,300,0.5,1700,0.5,1
6,6,611,0,0,500,0.6,1000,0.2,1400,0.2,1
6,7,944,0,0,666,0.42,420,0.58,1
6,8,245,1,0,500,0.6,1000,0.2,1400,0.2,1
6,9,919,0,0,500,0.6,1000,0.2,1400,0.2,1
6,10,442,0,0,666,0.42,420,0.58,1
6,11,119,0,0,500,0.6,1000,0.2,1400,0.2,1
7,0,591,2,10,5,0,500,0.6,1000,0.2,1400,0.2,1
7,1,423,1,0,300,0.5,1700,0.5,1
7,2,489,1,0,300,0.5,572,0.32,486,0.18,1
7,3,108,0,0,300,0.5,572,0.32,486,0.18,1
7,4,29,1,0,300,0.5,572,0.32,486,0.18,1
7,5,191,2,10,5,0,500,0.6,1000,0.2,1400,0.2,1
7,6,406,2,10,5,0,666,0.42,420,0.58,1
7,7,13,1,0,300,0.5,1700,0.5,1
7,8,444,1,0,500,0.6,1000,0.2,1400,0.2,1
7,9,128,2,10,5,0,666,0.42,420,0.58,1
7,10,27,0,0,300,0.5,572,0.32,486,0.18,1
7,11,134,1,0,500,0.6,1000,0.2,1400,0.2,1
8,0,738,2,10,5,0,300,0.5,1700,0.5,1
8,1,352,1,0,666,0.42,420,0.58,1
8,2,333,1,0,500,0.6,1000,0.2,1400,0.2,1
8,3,917,2,10,5,0,300,0.5,572,0.32,486,0.18,1
8,4,246,1,0,300,0.5,572,0.32,486,0.18,1
8,5,886,1,0,300,0.5,572,0.32,486,0.18,1
8,6,499,2,10,5,0,300,0.5,1700,0.5,1
8,7,532,0,0,666,0.42,420,0.58,1
8,8,564,1,0,500,0.6,1000,0.2,1400,0.2,1
8,9,69,1,0,300,0.5,572,0.32,486,0.18,1
8,10,155,0,0,300,0.5,1700,0.5,1
8,11,352,1,0,500,0.6,1000,0.2,1400,0.2,1
9,0,114,1,0,666,0.42,420,0.58,1
9,1,775,2,10,5,0,666,0.42,420,0.58,1
9,2,645,1,0,300,0.5,1700,0.5,1
9,3,39,0,0,666,0.42,420,0.58,1
9,4,320,1,0,300,0.5,572,0.32,486,0.18,1
9,5,185,1,0,300,0.5,572,0.32,486,0.18,1
9,6,231,2,10,5,0,500,0.6,1000,0.2,1400,0.2,1
9,7,73,2,10,5,0,500,0.6,1000,0.2,1400,0.2,1
9,8,231,1,0,500,0.6,1000,0.2,1400,0.2,1
9,9,489,2,10,5,0,300,0.5,572,0.32,486,0.18,1
9,10,307,2,10,5,0,300,0.5,572,0.32,486,0.18,1
9,11,676,0,0,300,0.5,572,0.32,486,0.18,1
10,0,258,2,10,5,0,500,0.6,1000,0.2,1400,0.2,1
10,1,110,2,10,5,0,666,0.42,420,0.58,1
10,2,296,1,0,300,0.5,572,0.32,486,0.18,1
10,3,705,1,0,300,0.5,572,0.32,486,0.18,1
10,4,470,2,10,5,0,500,0.6,1000,0.2,1400,0.2,1
10,5,535,1,0,666,0.42,420,0.58,1
10,6,338,1,0,500,0.6,1000,0.2,1400,0.2,1
10,7,178,0,0,500,0.6,1000,0.2,1400,0.2,1
10,8,179,1,0,300,0.5,572,0.32,486,0.18,1
10,9,400,0,0,300,0.5,572,0.32,486,0.18,1
10,10,338,1,0,300,0.5,1700,0.5,1
10,11,58,1,0,500,0.6,1000,0.2,1400,0.2,1
11,0,33,0,0,300,0.5,1700,0.5,1
11,1,305,0,0,500,0.6,1000,0.2,1400,0.2,1
11,2,25,2,10,5,0,500,0.6,1000,0.2,1400,0.2,1
11,3,459,2,10,5,0,300,0.5,1700,0.5,1
11,4,668,1,0,300,0.5,572,0.32,486,0.18,1
11,5,759,2,10,5,0,300,0.5,572,0.32,486,0.18,1
11,6,990,0,0,666,0.42,420,0.58,1
11,7,685,1,0,500,0.6,1000,0.2,1400,0.2,1
11,8,381,1,0,300,0.5,572,0.32,486,0.18,1
11,9,472,0,0,666,0.42,420,0.58,1
11,10,613,2,10,5,0,300,0.5,1700,0.5,1
11,11,32,0,0,300,0.5,572,0.32,486,0.18,1
