0,0,836,0,0,300,0.5,1700,0.5,1
0,1,15,1,0,300,0.5,1700,0.5,1
0,2,250,2,10,5,0,500,0.6,1000,0.2,1400,0.2,1
0,3,414,2,10,5,0,500,0.6,1000,0.2,1400,0.2,1
0,4,449,2,10,5,0,666,0.42,420,0.58,1
0,5,537,0,0,500,0.6,1000,0.2,1400,0.2,1
0,6,418,0,0,666,0.42,420,0.58,1
0,7,122,2,10,5,0,500,0.6,1000,0.2,1400,0.2,1
0,8,577,0,0,300,0.5,1700,0.5,1
0,9,511,2,10,5,0,300,0.5,1700,0.5,1
0,10,456,1,0,300,0.5,1700,0.5,1
0,11,607,1,0,500,0.6,1000,0.2,1400,0.2,1
1,0,367,1,0,300,0.5,1700,0.5,0
1,1,403,1,0,500,0.6,1000,0.2,1400,0.2,0
1,2,656,2,10,5,0,500,0.6,1000,0.2,1400,0.2,0
1,3,164,2,10,5,0,300,0.5,572,0.32,486,0.18,0
1,4,109,0,0,300,0.5,572,0.32,486,0.18,0
1,5,496,1,0,500,0.6,1000,0.2,1400,0.2,0
1,6,574,0,0,666,0.42,420,0.58,0
1,7,610,1,0,666,0.42,420,0.58,0
1,8,897,2,10,5,0,666,0.42,420,0.58,0
1,9,619,1,0,666,0.42,420,0.58,0
1,10,153,1,0,500,0.6,1000,0.2,1400,0.2,0
1,11,275,0,0,300,0.5,1700,0.5,0
2,0,828,2,10,5,0,500,0.6,1000,0.2,1400,0.2,1
2,1,172,1,0,666,0.42,420,0.58,1
2,2,872,2,10,5,0,300,0.5,572,0.32,486,0.18,1
2,3,775,0,0,666,0.42,420,0.58,1
2,4,732,2,10,5,0,500,0.6,1000,0.2,1400,0.2,1
2,5,439,2,10,5,0,300,0.5,1700,0.5,1
2,6,132,2,10,5,0,500,0.6,1000,0.2,1400,0.2,1
2,7,550,2,10,5,0,666,0.42,420,0.58,1
2,8,395,1,0,666,0.42,420,0.58,1
2,9,668,1,0,300,0.5,572,0.32,486,0.18,1
2,10,245,2,10,5,0,300,0.5,572,0.32,486,0.18,1
2,11,729,2,10,5,0,300,0.5,572,0.32,486,0.18,1
3,0,593,2,10,5,0,500,0.6,1000,0.2,1400,0.2,1
3,1,226,1,0,300,0.5,1700,0.5,1
3,2,141,0,0,300,0.5,1700,0.5,1
3,3,731,2,10,5,0,500,0.6,1000,0.2,1400,0.2,1
3,4,337,0,0,666,0.42,420,0.58,1
3,5,496,0,0,500,0.6,1000,0.2,1400,0.2,1
3,6,653,1,0,300,0.5,1700,0.5,1
3,7,970,1,0,666,0.42,420,0.58,1
3,8,833,1,0,500,0.6,1000,0.2,1400,0.2,1
3,9,12,2,10,5,0,300,0.5,1700,0.5,1
3,10,520,1,0,500,0.6,1000,0.2,1400,0.2,1
3,11,70,1,0,500,0.6,1000,0.2,1400,0.2,1
4,0,631,1,0,666,0.42,420,0.58,1
4,1,710,2,10,5,0,666,0.42,420,0.58,1
4,2,366,2,10,5,0,666,0.42,420,0.58,1
4,3,740,1,0,666,0.42,420,0.58,1
4,4,241,1,0,300,0.5,572,0.32,486,0.18,1
4,5,322,0,0,666,0.42,420,0.58,1
4,6,416,1,0,500,0.6,1000,0.2,1400,0.2,1
4,7,23,1,0,300,0.5,1700,0.5,1
4,8,107,0,0,300,0.5,1700,0.5,1
4,9,709,0,0,300,0.5,572,0.32,486,0.18,1
4,10,554,1,0,300,0.5,1700,0.5,1
4,11,390,0,0,666,0.42,420,0.58,1
5,0,787,2,10,5,0,300,0.5,1700,0.5,1
5,1,710,1,0,500,0.6,1000,0.2,1400,0.2,1
5,2,653,2,10,5,0,666,0.42,420,0.58,1
5,3,733,0,0,300,0.5,572,0.32,486,0.18,1
5,4,312,1,0,300,0.5,572,0.32,486,0.18,1
5,5,384,0,0,300,0.5,1700,0.5,1
5,6,748,2,10,5,0,500,0.6,1000,0.2,1400,0.2,1
5,7,99,0,0,500,0.6,1000,0.2,1400,0.2,1
5,8,417,2,10,5,0,300,0.5,1700,0.5,1
5,9,844,0,0,500,0.6,1000,0.2,1400,0.2,1
5,10,984,2,10,5,0,300,0.5,1700,0.5,1
5,11,99,2,10,5,0,666,0.42,420,0.58,1
6,0,79,2,10,5,0,300,0.5,572,0.32,486,0.18,1
6,1,332,1,0,666,0.42,420,0.58,1
6,2,387,0,0,300,0.5,1700,0.5,1
6,3,88,0,0,300,0.5,1700,0.5,1
6,4,494,1,0,500,0.6,1000,0.2,1400,0.2,1
6,5,257,0,0,666,0.42,420,0.58,1
6,6,530,2,10,5,0,300,0.5,1700,0.5,1
6,7,898,0,0,300,0.5,1700,0.5,1
6,8,612,0,0,300,0.5,572,0.32,486,0.18,1
6,9,791,0,0,500,0.6,1000,0.2,1400,0.2,1
6,10,213,2,10,5,0,500,0.6,1000,0.2,1400,0.2,1
6,11,394,1,0,300,0.5,1700,0.5,1
7,0,301,2,10,5,0,500,0.6,1000,0.2,1400,0.2,1
7,1,348,1,0,300,0.5,572,0.32,486,0.18,1
7,2,422,2,10,5,0,300,0.5,572,0.32,486,0.18,1
7,3,657,0,0,500,0.6,1000,0.2,1400,0.2,1
7,4,896,2,10,5,0,300,0.5,1700,0.5,1
7,5,918,1,0,300,0.5,1700,0.5,1
7,6,207,0,0,666,0.42,420,0.58,1
7,7,698,0,0,300,0.5,572,0.32,486,0.18,1
7,8,222,0,0,300,0.5,572,0.32,486,0.18,1
7,9,224,1,0,666,0.42,420,0.58,1
7,10,823,1,0,500,0.6,1000,0.2,1400,0.2,1
7,11,482,0,0,300,0.5,572,0.32,486,0.18,1
8,0,246,2,10,5,0,300,0.5,572,0.32,486,0.18,1
8,1,771,1,0,300,0.5,1700,0.5,1
8,2,235,2,10,5,0,300,0.5,572,0.32,486,0.18,1
8,3,128,2,10,5,0,500,0.6,1000,0.2,1400,0.2,1
8,4,300,1,0,666,0.42,420,0.58,1
8,5,919,1,0,300,0.5,1700,0.5,1
8,6,239,2,10,5,0,300,0.5,572,0.32,486,0.18,1
8,7,466,0,0,666,0.42,420,0.58,1
8,8,808,0,0,300,0.5,572,0.32,486,0.18,1
8,9,977,2,10,5,0,666,0.42,420,0.58,1
8,10,340,1,0,500,0.6,1000,0.2,1400,0.2,1
8,11,683,2,10,5,0,300,0.5,572,0.32,486,0.18,1
9,0,68,1,0,300,0.5,572,0.32,486,0.18,1
9,1,919,1,0,300,0.5,572,0.32,486,0.18,1
9,2,501,2,10,5,0,500,0.6,1000,0.2,1400,0.2,1
9,3,653,1,0,666,0.42,420,0.58,1
9,4,199,2,10,5,0,300,0.5,572,0.32,486,0.18,1
9,5,712,2,10,5,0,666,0.42,420,0.58,1
9,6,138,1,0,500,0.6,1000,0.2,1400,0.2,1
9,7,687,0,0,500,0.6,1000,0.2,1400,0.2,1
9,8,762,0,0,666,0.42,420,0.58,1
9,9,990,0,0,500,0.6,1000,0.2,1400,0.2,1
9,10,45,1,0,300,0.5,572,0.32,486,0.18,1
9,11,599,0,0,666,0.42,420,0.58,1
10,0,914,1,0,300,0.5,572,0.32,486,0.18,1
10,1,796,1,0,300,0.5,572,0.32,486,0.18,1
10,2,709,2,10,5,0,300,0.5,1700,0.5,1
10,3,652,1,0,500,0.6,1000,0.2,1400,0.2,1
10,4,706,0,0,300,0.5,572,0.32,486,0.18,1
10,5,81,2,10,5,0,666,0.42,420,0.58,1
10,6,915,0,0,300,0.5,572,0.32,486,0.18,1
10,7,524,1,0,300,0.5,572,0.32,486,0.18,1
10,8,536,1,0,300,0.5,1700,0.5,1
10,9,199,0,0,666,0.42,420,0.58,1
10,10,22,1,0,300,0.5,1700,0.5,1
10,11,405,1,0,666,0.42,420,0.58,1
11,0,522,2,10,5,0,500,0.6,1000,0.2,1400,0.2,1
11,1,635,0,0,666,0.42,420,0.58,1
11,2,931,1,0,666,0.42,420,0.58,1
11,3,523,2,10,5,0,666,0.42,420,0.58,1
11,4,918,0,0,666,0.42,420,0.58,1
11,5,416,2,10,5,0,300,0.5,572,0.32,486,0.18,1
11,6,331,2,10,5,0,666,0.42,420,0.58,1
11,7,818,1,0,666,0.42,420,0.58,1
11,8,476,1,0,300,0.5,572,0.32,486,0.18,1
11,9,838,1,0,300,0.5,572,0.32,486,0.18,1
11,10,787,1,0,500,0.6,1000,0.2,1400,0.2,1
11,11,765,1,0,300,0.5,1700,0.5,1
