0,0,197,0,0,300,0.5,572,0.32,486,0.18,1
0,1,668,0,0,500,0.6,1000,0.2,1400,0.2,1
0,2,36,2,10,5,0,666,0.42,420,0.58,1
0,3,41,1,0,500,0.6,1000,0.2,1400,0.2,1
0,4,136,1,0,500,0.6,1000,0.2,1400,0.2,1
0,5,740,1,0,500,0.6,1000,0.2,1400,0.2,1
0,6,929,1,0,666,0.42,420,0.58,1
0,7,823,1,0,666,0.42,420,0.58,1
0,8,278,0,0,300,0.5,1700,0.5,1
0,9,610,1,0,666,0.42,420,0.58,1
0,10,750,0,0,666,0.42,420,0.58,1
0,11,59,0,0,300,0.5,1700,0.5,1
1,0,264,0,0,666,0.42,420,0.58,0
1,1,360,0,0,666,0.42,420,0.58,0
1,2,213,1,0,666,0.42,420,0.58,0
1,3,549,0,0,666,0.42,420,0.58,0
1,4,153,1,0,500,0.6,1000,0.2,1400,0.2,0
1,5,664,1,0,300,0.5,572,0.32,486,0.18,0
1,6,113,0,0,300,0.5,1700,0.5,0
1,7,807,2,10,5,0,500,0.6,1000,0.2,1400,0.2,0
1,8,53,0,0,500,0.6,1000,0.2,1400,0.2,0
1,9,192,1,0,300,0.5,572,0.32,486,0.18,0
1,10,219,0,0,300,0.5,572,0.32,486,0.18,0
1,11,766,0,0,500,0.6,1000,0.2,1400,0.2,0
2,0,928,2,10,5,0,300,0.5,1700,0.5,1
2,1,40,1,0,300,0.5,572,0.32,486,0.18,1
2,2,405,2,10,5,0,500,0.6,1000,0.2,1400,0.2,1
2,3,65,2,10,5,0,666,0.42,420,0.58,1
2,4,876,1,0,666,0.42,420,0.58,1
2,5,239,2,10,5,0,500,0.6,1000,0.2,1400,0.2,1
2,6,247,2,10,5,0,500,0.6,1000,0.2,1400,0.2,1
2,7,620,0,0,500,0.6,1000,0.2,1400,0.2,1
2,8,497,2,10,5,0,500,0.6,1000,0.2,1400,0.2,1
2,9,402,0,0,500,0.6,1000,0.2,1400,0.2,1
2,10,41,1,0,666,0.42,420,0.58,1
2,11,776,2,10,5,0,300,0.5,572,0.32,486,0.18,1
3,0,148,0,0,300,0.5,572,0.32,486,0.18,1
3,1,536,1,0,666,0.42,420,0.58,1
3,2,672,1,0,666,0.42,420,0.58,1
3,3,468,2,10,5,0,300,0.5,572,0.32,486,0.18,1
3,4,392,1,0,500,0.6,1000,0.2,1400,0.2,1
3,5,341,0,0,300,0.5,1700,0.5,1
3,6,258,1,0,666,0.42,420,0.58,1
3,7,204,0,0,300,0.5,572,0.32,486,0.18,1
3,8,357,2,10,5,0,300,0.5,572,0.32,486,0.18,1
3,9,483,0,0,300,0.5,1700,0.5,1
3,10,814,0,0,666,0.42,420,0.58,1
3,11,825,1,0,500,0.6,1000,0.2,1400,0.2,1
4,0,667,0,0,300,0.5,1700,0.5,1
4,1,211,1,0,500,0.6,1000,0.2,1400,0.2,1
4,2,562,1,0,300,0.5,572,0.32,486,0.18,1
4,3,360,0,0,300,0.5,1700,0.5,1
4,4,227,2,10,5,0,300,0.5,572,0.32,486,0.18,1
4,5,735,0,0,500,0.6,1000,0.2,1400,0.2,1
4,6,567,1,0,300,0.5,572,0.32,486,0.18,1
4,7,848,0,0,666,0.42,420,0.58,1
4,8,341,0,0,300,0.5,1700,0.5,1
4,9,210,2,10,5,0,300,0.5,572,0.32,486,0.18,1
4,10,652,0,0,500,0.6,1000,0.2,1400,0.2,1
4,11,329,2,10,5,0,500,0.6,1000,0.2,1400,0.2,1
5,0,884,2,10,5,0,300,0.5,1700,0.5,1
5,1,784,2,10,5,0,500,0.6,1000,0.2,1400,0.2,1
5,2,20,2,10,5,0,300,0.5,1700,0.5,1
5,3,861,2,10,5,0,500,0.6,1000,0.2,1400,0.2,1
5,4,353,2,10,5,0,300,0.5,572,0.32,486,0.18,1
5,5,276,1,0,500,0.6,1000,0.2,1400,0.2,1
5,6,395,2,10,5,0,666,0.42,420,0.58,1
5,7,199,2,10,5,0,666,0.42,420,0.58,1
5,8,92,2,10,5,0,666,0.42,420,0.58,1
5,9,450,0,0,300,0.5,1700,0.5,1
5,10,973,2,10,5,0,300,0.5,572,0.32,486,0.18,1
5,11,142,2,10,5,0,500,0.6,1000,0.2,1400,0.2,1
6,0,370,2,10,5,0,300,0.5,1700,0.5,1
6,1,760,1,0,300,0.5,572,0.32,486,0.18,1
6,2,822,0,0,300,0.5,572,0.32,486,0.18,1
6,3,728,0,0,666,0.42,420,0.58,1
6,4,791,0,0,666,0.42,420,0.58,1
6,5,401,1,0,666,0.42,420,0.58,1
6,6,666,2,10,5,0,666,0.42,420,0.58,1
6,7,159,0,0,300,0.5,572,0.32,486,0.18,1
6,8,94,1,0,666,0.42,420,0.58,1
6,9,831,1,0,500,0.6,1000,0.2,1400,0.2,1
6,10,759,1,0,300,0.5,572,0.32,486,0.18,1
6,11,445,0,0,666,0.42,420,0.58,1
7,0,272,2,10,5,0,500,0.6,1000,0.2,1400,0.2,1
7,1,226,1,0,500,0.6,1000,0.2,1400,0.2,1
7,2,951,1,0,300,0.5,572,0.32,486,0.18,1
7,3,221,0,0,666,0.42,420,0.58,1
7,4,662,1,0,500,0.6,1000,0.2,1400,0.2,1
7,5,431,2,10,5,0,300,0.5,572,0.32,486,0.18,1
7,6,749,2,10,5,0,300,0.5,1700,0.5,1
7,7,412,0,0,300,0.5,1700,0.5,1
7,8,260,0,0,300,0.5,572,0.32,486,0.18,1
7,9,843,0,0,500,0.6,1000,0.2,1400,0.2,1
7,10,692,0,0,500,0.6,1000,0.2,1400,0.2,1
7,11,468,1,0,500,0.6,1000,0.2,1400,0.2,1
8,0,17,0,0,300,0.5,1700,0.5,1
8,1,363,0,0,500,0.6,1000,0.2,1400,0.2,1
8,2,697,2,10,5,0,500,0.6,1000,0.2,1400,0.2,1
8,3,496,1,0,666,0.42,420,0.58,1
8,4,558,1,0,300,0.5,572,0.32,486,0.18,1
8,5,928,1,0,300,0.5,572,0.32,486,0.18,1
8,6,688,2,10,5,0,500,0.6,1000,0.2,1400,0.2,1
8,7,62,0,0,500,0.6,1000,0.2,1400,0.2,1
8,8,511,0,0,300,0.5,572,0.32,486,0.18,1
8,9,772,2,10,5,0,300,0.5,572,0.32,486,0.18,1
8,10,902,0,0,300,0.5,572,0.32,486,0.18,1
8,11,955,2,10,5,0,500,0.6,1000,0.2,1400,0.2,1
9,0,952,0,0,666,0.42,420,0.58,1
9,1,656,1,0,300,0.5,572,0.32,486,0.18,1
9,2,730,0,0,300,0.5,572,0.32,486,0.18,1
9,3,663,1,0,300,0.5,1700,0.5,1
9,4,924,1,0,300,0.5,572,0.32,486,0.18,1
9,5,785,2,10,5,0,300,0.5,1700,0.5,1
9,6,272,0,0,666,0.42,420,0.58,1
9,7,633,2,10,5,0,300,0.5,572,0.32,486,0.18,1
9,8,552,1,0,500,0.6,1000,0.2,1400,0.2,1
9,9,720,1,0,500,0.6,1000,0.2,1400,0.2,1
9,10,381,0,0,300,0.5,572,0.32,486,0.18,1
9,11,28,2,10,5,0,300,0.5,1700,0.5,1
10,0,118,1,0,500,0.6,1000,0.2,1400,0.2,1
10,1,465,2,10,5,0,666,0.42,420,0.58,1
10,2,291,1,0,500,0.6,1000,0.2,1400,0.2,1
10,3,338,1,0,300,0.5,572,0.32,486,0.18,1
10,4,125,1,0,300,0.5,572,0.32,486,0.18,1
10,5,270,2,10,5,0,500,0.6,1000,0.2,1400,0.2,1
10,6,625,1,0,500,0.6,1000,0.2,1400,0.2,1
10,7,146,1,0,300,0.5,572,0.32,486,0.18,1
10,8,414,0,0,300,0.5,1700,0.5,1
10,9,635,2,10,5,0,500,0.6,1000,0.2,1400,0.2,1
10,10,467,1,0,300,0.5,1700,0.5,1
10,11,199,2,10,5,0,300,0.5,572,0.32,486,0.18,1
11,0,885,2,10,5,0,500,0.6,1000,0.2,1400,0.2,1
11,1,468,0,0,500,0.6,1000,0.2,1400,0.2,1
11,2,703,1,0,500,0.6,1000,0.2,1400,0.2,1
11,3,692,0,0,300,0.5,572,0.32,486,0.18,1
11,4,38,1,0,300,0.5,1700,0.5,1
11,5,371,2,10,5,0,500,0.6,1000,0.2,1400,0.2,1
11,6,176,1,0,666,0.42,420,0.58,1
11,7,779,0,0,300,0.5,1700,0.5,1
11,8,521,2,10,5,0,300,0.5,572,0.32,486,0.18,1
11,9,176,2,10,5,0,300,0.5,572,0.32,486,0.18,1
11,10,138,0,0,300,0.5,572,0.32,486,0.18,1
11,11,116,2,10,5,0,666,0.42,420,0.58,1
