0,0,412,2,10,5,0,500,0.6,1000,0.2,1400,0.2,1
0,1,887,2,10,5,0,300,0.5,1700,0.5,1
0,2,492,0,0,300,0.5,1700,0.5,1
0,3,989,0,0,300,0.5,1700,0.5,1
0,4,619,0,0,300,0.5,1700,0.5,1
0,5,720,0,0,300,0.5,572,0.32,486,0.18,1
0,6,966,2,10,5,0,500,0.6,1000,0.2,1400,0.2,1
0,7,917,1,0,666,0.42,420,0.58,1
0,8,682,0,0,300,0.5,1700,0.5,1
0,9,220,0,0,666,0.42,420,0.58,1
0,10,880,0,0,500,0.6,1000,0.2,1400,0.2,1
0,11,886,1,0,300,0.5,572,0.32,486,0.18,1
1,0,407,1,0,300,0.5,572,0.32,486,0.18,0
1,1,697,1,0,300,0.5,1700,0.5,0
1,2,23,1,0,666,0.42,420,0.58,0
1,3,275,2,10,5,0,300,0.5,1700,0.5,0
1,4,839,0,0,300,0.5,572,0.32,486,0.18,0
1,5,157,0,0,300,0.5,572,0.32,486,0.18,0
1,6,635,1,0,300,0.5,572,0.32,486,0.18,0
1,7,283,1,0,300,0.5,572,0.32,486,0.18,0
1,8,406,0,0,300,0.5,1700,0.5,0
1,9,896,0,0,500,0.6,1000,0.2,1400,0.2,0
1,10,318,0,0,300,0.5,1700,0.5,0
1,11,713,0,0,666,0.42,420,0.58,0
2,0,799,1,0,300,0.5,1700,0.5,1
2,1,879,0,0,666,0.42,420,0.58,1
2,2,823,2,10,5,0,300,0.5,572,0.32,486,0.18,1
2,3,672,1,0,500,0.6,1000,0.2,1400,0.2,1
2,4,529,1,0,666,0.42,420,0.58,1
2,5,808,1,0,300,0.5,1700,0.5,1
2,6,764,0,0,500,0.6,1000,0.2,1400,0.2,1
2,7,594,2,10,5,0,666,0.42,420,0.58,1
2,8,920,1,0,300,0.5,572,0.32,486,0.18,1
2,9,50,0,0,300,0.5,1700,0.5,1
2,10,479,0,0,300,0.5,1700,0.5,1
2,11,356,0,0,300,0.5,1700,0.5,1
3,0,402,1,0,666,0.42,420,0.58,1
3,1,646,2,10,5,0,300,0.5,572,0.32,486,0.18,1
3,2,792,1,0,300,0.5,1700,0.5,1
3,3,888,2,10,5,0,300,0.5,1700,0.5,1
3,4,449,1,0,300,0.5,1700,0.5,1
3,5,334,0,0,300,0.5,1700,0.5,1
3,6,150,2,10,5,0,666,0.42,420,0.58,1
3,7,805,1,0,500,0.6,1000,0.2,1400,0.2,1
3,8,338,0,0,300,0.5,572,0.32,486,0.18,1
3,9,190,0,0,300,0.5,572,0.32,486,0.18,1
3,10,257,1,0,666,0.42,420,0.58,1
3,11,148,1,0,300,0.5,1700,0.5,1
4,0,415,0,0,300,0.5,572,0.32,486,0.18,1
4,1,454,0,0,500,0.6,1000,0.2,1400,0.2,1
4,2,683,0,0,300,0.5,572,0.32,486,0.18,1
4,3,124,0,0,666,0.42,420,0.58,1
4,4,550,0,0,300,0.5,572,0.32,486,0.18,1
4,5,573,0,0,666,0.42,420,0.58,1
4,6,848,1,0,666,0.42,420,0.58,1
4,7,261,0,0,666,0.42,420,0.58,1
4,8,208,2,10,5,0,500,0.6,1000,0.2,1400,0.2,1
4,9,128,1,0,300,0.5,1700,0.5,1
4,10,436,0,0,300,0.5,1700,0.5,1
4,11,914,2,10,5,0,500,0.6,1000,0.2,1400,0.2,1
5,0,575,1,0,300,0.5,1700,0.5,1
5,1,507,0,0,666,0.42,420,0.58,1
5,2,445,0,0,300,0.5,572,0.32,486,0.18,1
5,3,256,2,10,5,0,666,0.42,420,0.58,1
5,4,297,1,0,300,0.5,1700,0.5,1
5,5,56,2,10,5,0,300,0.5,1700,0.5,1
5,6,151,0,0,300,0.5,1700,0.5,1
5,7,914,1,0,300,0.5,572,0.32,486,0.18,1
5,8,432,0,0,666,0.42,420,0.58,1
5,9,432,1,0,500,0.6,1000,0.2,1400,0.2,1
5,10,622,1,0,666,0.42,420,0.58,1
5,11,346,2,10,5,0,300,0.5,572,0.32,486,0.18,1
6,0,727,1,0,500,0.6,1000,0.2,1400,0.2,1
6,1,43,1,0,500,0.6,1000,0.2,1400,0.2,1
6,2,604,1,0,300,0.5,572,0.32,486,0.18,1
6,3,30,1,0,300,0.5,1700,0.5,1
6,4,378,2,10,5,0,300,0.5,1700,0.5,1
6,5,340,2,10,5,0,300,0.5,1700,0.5,1
6,6,727,1,0,666,0.42,420,0.58,1
6,7,784,1,0,300,0.5,572,0.32,486,0.18,1
6,8,633,1,0,666,0.42,420,0.58,1
6,9,677,1,0,666,0.42,420,0.58,1
6,10,638,1,0,666,0.42,420,0.58,1
6,11,324,0,0,300,0.5,572,0.32,486,0.18,1
7,0,712,0,0,300,0.5,572,0.32,486,0.18,1
7,1,463,1,0,666,0.42,420,0.58,1
7,2,615,1,0,666,0.42,420,0.58,1
7,3,759,2,10,5,0,300,0.5,572,0.32,486,0.18,1
7,4,654,1,0,500,0.6,1000,0.2,1400,0.2,1
7,5,696,2,10,5,0,300,0.5,1700,0.5,1
7,6,983,1,0,500,0.6,1000,0.2,1400,0.2,1
7,7,767,2,10,5,0,500,0.6,1000,0.2,1400,0.2,1
7,8,140,1,0,500,0.6,1000,0.2,1400,0.2,1
7,9,898,1,0,300,0.5,572,0.32,486,0.18,1
7,10,21,2,10,5,0,300,0.5,572,0.32,486,0.18,1
7,11,123,2,10,5,0,300,0.5,1700,0.5,1
8,0,496,1,0,666,0.42,420,0.58,1
8,1,890,0,0,666,0.42,420,0.58,1
8,2,44,0,0,666,0.42,420,0.58,1
8,3,123,0,0,500,0.6,1000,0.2,1400,0.2,1
8,4,590,0,0,300,0.5,1700,0.5,1
8,5,736,1,0,300,0.5,1700,0.5,1
8,6,216,2,10,5,0,300,0.5,572,0.32,486,0.18,1
8,7,811,0,0,500,0.6,1000,0.2,1400,0.2,1
8,8,185,0,0,300,0.5,1700,0.5,1
8,9,786,0,0,500,0.6,1000,0.2,1400,0.2,1
8,10,210,2,10,5,0,500,0.6,1000,0.2,1400,0.2,1
8,11,175,0,0,666,0.42,420,0.58,1
9,0,657,2,10,5,0,666,0.42,420,0.58,1
9,1,525,0,0,300,0.5,1700,0.5,1
9,2,768,0,0,666,0.42,420,0.58,1
9,3,543,2,10,5,0,300,0.5,572,0.32,486,0.18,1
9,4,93,0,0,300,0.5,572,0.32,486,0.18,1
9,5,386,1,0,300,0.5,1700,0.5,1
9,6,945,0,0,666,0.42,420,0.58,1
9,7,152,2,10,5,0,666,0.42,420,0.58,1
9,8,259,1,0,500,0.6,1000,0.2,1400,0.2,1
9,9,443,0,0,300,0.5,572,0.32,486,0.18,1
9,10,409,2,10,5,0,300,0.5,572,0.32,486,0.18,1
9,11,50,0,0,300,0.5,572,0.32,486,0.18,1
10,0,209,2,10,5,0,500,0.6,1000,0.2,1400,0.2,1
10,1,231,0,0,300,0.5,572,0.32,486,0.18,1
10,2,102,2,10,5,0,666,0.42,420,0.58,1
10,3,579,2,10,5,0,300,0.5,572,0.32,486,0.18,1
10,4,897,1,0,300,0.5,572,0.32,486,0.18,1
10,5,643,2,10,5,0,300,0.5,572,0.32,486,0.18,1
10,6,393,2,10,5,0,300,0.5,1700,0.5,1
10,7,183,2,10,5,0,500,0.6,1000,0.2,1400,0.2,1
10,8,254,2,10,5,0,500,0.6,1000,0.2,1400,0.2,1
10,9,36,2,10,5,0,500,0.6,1000,0.2,1400,0.2,1
10,10,842,1,0,666,0.42,420,0.58,1
10,11,166,1,0,300,0.5,572,0.32,486,0.18,1
11,0,935,0,0,300,0.5,1700,0.5,1
11,1,328,0,0,300,0.5,1700,0.5,1
11,2,751,2,10,5,0,300,0.5,1700,0.5,1
11,3,642,0,0,300,0.5,572,0.32,486,0.18,1
11,4,500,1,0,300,0.5,572,0.32,486,0.18,1
11,5,968,0,0,300,0.5,1700,0.5,1
11,6,13,1,0,500,0.6,1000,0.2,1400,0.2,1
11,7,112,2,10,5,0,500,0.6,1000,0.2,1400,0.2,1
11,8,524,2,10,5,0,666,0.42,420,0.58,1
11,9,250,1,0,300,0.5,572,0.32,486,0.18,1
11,10,339,1,0,300,0.5,1700,0.5,1
11,11,252,1,0,300,0.5,572,0.32,486,0.18,1
