0,0,840,0,0,500,0.6,1000,0.2,1400,0.2,1
0,1,361,1,0,666,0.42,420,0.58,1
0,2,955,2,10,5,0,300,0.5,1700,0.5,1
0,3,448,2,10,5,0,500,0.6,1000,0.2,1400,0.2,1
0,4,209,1,0,300,0.5,572,0.32,486,0.18,1
0,5,930,1,0,500,0.6,1000,0.2,1400,0.2,1
0,6,46,1,0,300,0.5,572,0.32,486,0.18,1
0,7,814,2,10,5,0,300,0.5,572,0.32,486,0.18,1
0,8,956,0,0,500,0.6,1000,0.2,1400,0.2,1
0,9,884,2,10,5,0,666,0.42,420,0.58,1
0,10,209,2,10,5,0,500,0.6,1000,0.2,1400,0.2,1
0,11,848,1,0,300,0.5,572,0.32,486,0.18,1
1,0,561,0,0,500,0.6,1000,0.2,1400,0.2,0
1,1,414,0,0,300,0.5,572,0.32,486,0.18,0
1,2,972,0,0,300,0.5,1700,0.5,0
1,3,95,1,0,300,0.5,572,0.32,486,0.18,0
1,4,701,0,0,300,0.5,572,0.32,486,0.18,0
1,5,854,0,0,500,0.6,1000,0.2,1400,0.2,0
1,6,588,0,0,500,0.6,1000,0.2,1400,0.2,0
1,7,404,1,0,300,0.5,1700,0.5,0
1,8,396,2,10,5,0,300,0.5,572,0.32,486,0.18,0
1,9,186,0,0,666,0.42,420,0.58,0
1,10,113,1,0,666,0.42,420,0.58,0
1,11,772,0,0,300,0.5,572,0.32,486,0.18,0
2,0,669,1,0,300,0.5,1700,0.5,1
2,1,421,0,0,300,0.5,1700,0.5,1
2,2,275,1,0,666,0.42,420,0.58,1
2,3,137,1,0,300,0.5,1700,0.5,1
2,4,71,0,0,300,0.5,572,0.32,486,0.18,1
2,5,593,1,0,300,0.5,1700,0.5,1
2,6,220,1,0,300,0.5,1700,0.5,1
2,7,990,1,0,500,0.6,1000,0.2,1400,0.2,1
2,8,150,2,10,5,0,300,0.5,1700,0.5,1
2,9,288,2,10,5,0,666,0.42,420,0.58,1
2,10,897,2,10,5,0,300,0.5,1700,0.5,1
2,11,312,1,0,500,0.6,1000,0.2,1400,0.2,1
3,0,59,0,0,300,0.5,572,0.32,486,0.18,1
3,1,941,2,10,5,0,300,0.5,1700,0.5,1
3,2,344,1,0,300,0.5,1700,0.5,1
3,3,800,0,0,300,0.5,572,0.32,486,0.18,1
3,4,941,0,0,500,0.6,1000,0.2,1400,0.2,1
3,5,188,2,10,5,0,300,0.5,572,0.32,486,0.18,1
3,6,139,1,0,300,0.5,572,0.32,486,0.18,1
3,7,124,2,10,5,0,300,0.5,572,0.32,486,0.18,1
3,8,969,2,10,5,0,666,0.42,420,0.58,1
3,9,548,1,0,300,0.5,572,0.32,486,0.18,1
3,10,548,1,0,300,0.5,1700,0.5,1
3,11,814,2,10,5,0,300,0.5,572,0.32,486,0.18,1
4,0,876,0,0,300,0.5,1700,0.5,1
4,1,213,0,0,300,0.5,1700,0.5,1
4,2,76,0,0,300,0.5,572,0.32,486,0.18,1
4,3,442,1,0,666,0.42,420,0.58,1
4,4,893,1,0,300,0.5,572,0.32,486,0.18,1
4,5,37,1,0,300,0.5,572,0.32,486,0.18,1
4,6,31,1,0,300,0.5,1700,0.5,1
4,7,157,0,0,300,0.5,1700,0.5,1
4,8,664,2,10,5,0,666,0.42,420,0.58,1
4,9,171,0,0,666,0.42,420,0.58,1
4,10,896,1,0,300,0.5,572,0.32,486,0.18,1
4,11,673,1,0,500,0.6,1000,0.2,1400,0.2,1
5,0,959,2,10,5,0,300,0.5,1700,0.5,1
5,1,486,1,0,300,0.5,572,0.32,486,0.18,1
5,2,411,2,10,5,0,666,0.42,420,0.58,1
5,3,795,1,0,300,0.5,1700,0.5,1
5,4,752,2,10,5,0,500,0.6,1000,0.2,1400,0.2,1
5,5,57,1,0,300,0.5,1700,0.5,1
5,6,725,0,0,666,0.42,420,0.58,1
5,7,950,1,0,500,0.6,1000,0.2,1400,0.2,1
5,8,626,0,0,300,0.5,1700,0.5,1
5,9,788,0,0,300,0.5,1700,0.5,1
5,10,595,2,10,5,0,300,0.5,1700,0.5,1
5,11,998,2,10,5,0,300,0.5,1700,0.5,1
6,0,219,0,0,300,0.5,572,0.32,486,0.18,1
6,1,382,0,0,500,0.6,1000,0.2,1400,0.2,1
6,2,833,2,10,5,0,300,0.5,1700,0.5,1
6,3,386,2,10,5,0,500,0.6,1000,0.2,1400,0.2,1
6,4,289,2,10,5,0,500,0.6,1000,0.2,1400,0.2,1
6,5,270,2,10,5,0,300,0.5,572,0.32,486,0.18,1
6,6,187,1,0,300,0.5,1700,0.5,1
6,7,181,1,0,500,0.6,1000,0.2,1400,0.2,1
6,8,715,2,10,5,0,300,0.5,1700,0.5,1
6,9,960,2,10,5,0,500,0.6,1000,0.2,1400,0.2,1
6,10,898,0,0,500,0.6,1000,0.2,1400,0.2,1
6,11,531,0,0,300,0.5,1700,0.5,1
7,0,931,2,10,5,0,300,0.5,572,0.32,486,0.18,1
7,1,112,1,0,666,0.42,420,0.58,1
7,2,483,1,0,300,0.5,1700,0.5,1
7,3,50,2,10,5,0,300,0.5,1700,0.5,1
7,4,554,2,10,5,0,500,0.6,1000,0.2,1400,0.2,1
7,5,519,1,0,666,0.42,420,0.58,1
7,6,982,2,10,5,0,300,0.5,1700,0.5,1
7,7,932,0,0,300,0.5,1700,0.5,1
7,8,358,1,0,300,0.5,1700,0.5,1
7,9,296,2,10,5,0,500,0.6,1000,0.2,1400,0.2,1
7,10,43,2,10,5,0,300,0.5,572,0.32,486,0.18,1
7,11,378,2,10,5,0,300,0.5,1700,0.5,1
8,0,109,0,0,300,0.5,1700,0.5,1
8,1,520,2,10,5,0,666,0.42,420,0.58,1
8,2,65,1,0,500,0.6,1000,0.2,1400,0.2,1
8,3,144,0,0,500,0.6,1000,0.2,1400,0.2,1
8,4,958,2,10,5,0,300,0.5,572,0.32,486,0.18,1
8,5,599,0,0,500,0.6,1000,0.2,1400,0.2,1
8,6,382,0,0,500,0.6,1000,0.2,1400,0.2,1
8,7,951,2,10,5,0,300,0.5,1700,0.5,1
8,8,579,2,10,5,0,300,0.5,572,0.32,486,0.18,1
8,9,531,2,10,5,0,500,0.6,1000,0.2,1400,0.2,1
8,10,482,0,0,300,0.5,572,0.32,486,0.18,1
8,11,495,2,10,5,0,500,0.6,1000,0.2,1400,0.2,1
9,0,565,2,10,5,0,666,0.42,420,0.58,1
9,1,653,2,10,5,0,666,0.42,420,0.58,1
9,2,622,0,0,300,0.5,572,0.32,486,0.18,1
9,3,227,2,10,5,0,666,0.42,420,0.58,1
9,4,401,0,0,666,0.42,420,0.58,1
9,5,480,1,0,300,0.5,1700,0.5,1
9,6,571,2,10,5,0,500,0.6,1000,0.2,1400,0.2,1
9,7,967,2,10,5,0,300,0.5,1700,0.5,1
9,8,846,0,0,666,0.42,420,0.58,1
9,9,936,1,0,300,0.5,572,0.32,486,0.18,1
9,10,619,1,0,300,0.5,1700,0.5,1
9,11,570,1,0,300,0.5,1700,0.5,1
10,0,570,1,0,666,0.42,420,0.58,1
10,1,184,1,0,300,0.5,572,0.32,486,0.18,1
10,2,12,0,0,300,0.5,1700,0.5,1
10,3,774,0,0,300,0.5,572,0.32,486,0.18,1
10,4,249,1,0,666,0.42,420,0.58,1
10,5,797,0,0,300,0.5,572,0.32,486,0.18,1
10,6,415,0,0,300,0.5,1700,0.5,1
10,7,942,2,10,5,0,300,0.5,572,0.32,486,0.18,1
10,8,542,0,0,500,0.6,1000,0.2,1400,0.2,1
10,9,893,1,0,500,0.6,1000,0.2,1400,0.2,1
10,10,133,1,0,300,0.5,1700,0.5,1
10,11,387,2,10,5,0,300,0.5,1700,0.5,1
11,0,801,1,0,500,0.6,1000,0.2,1400,0.2,1
11,1,547,1,0,300,0.5,572,0.32,486,0.18,1
11,2,160,2,10,5,0,300,0.5,572,0.32,486,0.18,1
11,3,179,0,0,300,0.5,1700,0.5,1
11,4,496,1,0,500,0.6,1000,0.2,1400,0.2,1
11,5,527,1,0,300,0.5,572,0.32,486,0.18,1
11,6,58,1,0,300,0.5,1700,0.5,1
11,7,723,2,10,5,0,500,0.6,1000,0.2,1400,0.2,1
11,8,618,1,0,300,0.5,572,0.32,486,0.18,1
11,9,702,1,0,666,0.42,420,0.58,1
11,10,716,0,0,500,0.6,1000,0.2,1400,0.2,1
11,11,364,2,10,5,0,500,0.6,1000,0.2,1400,0.2,1
