0,0,338,0,0,666,0.42,420,0.58,1
0,1,167,1,0,300,0.5,572,0.32,486,0.18,1
0,2,434,1,0,300,0.5,572,0.32,486,0.18,1
0,3,476,2,10,5,0,500,0.6,1000,0.2,1400,0.2,1
0,4,792,1,0,300,0.5,1700,0.5,1
0,5,105,2,10,5,0,300,0.5,1700,0.5,1
0,6,627,2,10,5,0,300,0.5,1700,0.5,1
0,7,492,2,10,5,0,666,0.42,420,0.58,1
0,8,644,2,10,5,0,666,0.42,420,0.58,1
0,9,915,0,0,500,0.6,1000,0.2,1400,0.2,1
0,10,253,2,10,5,0,666,0.42,420,0.58,1
0,11,673,0,0,300,0.5,1700,0.5,1
1,0,142,2,10,5,0,666,0.42,420,0.58,0
1,1,199,0,0,300,0.5,1700,0.5,0
1,2,166,0,0,300,0.5,1700,0.5,0
1,3,985,2,10,5,0,300,0.5,1700,0.5,0
1,4,950,2,10,5,0,300,0.5,572,0.32,486,0.18,0
1,5,860,0,0,666,0.42,420,0.58,0
1,6,954,2,10,5,0,300,0.5,572,0.32,486,0.18,0
1,7,280,0,0,666,0.42,420,0.58,0
1,8,691,1,0,300,0.5,572,0.32,486,0.18,0
1,9,818,1,0,300,0.5,572,0.32,486,0.18,0
1,10,987,2,10,5,0,500,0.6,1000,0.2,1400,0.2,0
1,11,424,0,0,666,0.42,420,0.58,0
2,0,475,1,0,666,0.42,420,0.58,1
2,1,414,0,0,500,0.6,1000,0.2,1400,0.2,1
2,2,822,1,0,300,0.5,1700,0.5,1
2,3,825,2,10,5,0,666,0.42,420,0.58,1
2,4,226,0,0,300,0.5,1700,0.5,1
2,5,662,1,0,300,0.5,572,0.32,486,0.18,1
2,6,594,1,0,300,0.5,572,0.32,486,0.18,1
2,7,855,1,0,300,0.5,1700,0.5,1
2,8,528,1,0,300,0.5,1700,0.5,1
2,9,78,2,10,5,0,300,0.5,1700,0.5,1
2,10,29,1,0,300,0.5,1700,0.5,1
2,11,458,0,0,300,0.5,1700,0.5,1
3,0,551,2,10,5,0,666,0.42,420,0.58,1
3,1,474,0,0,300,0.5,1700,0.5,1
3,2,678,1,0,300,0.5,572,0.32,486,0.18,1
3,3,855,2,10,5,0,300,0.5,1700,0.5,1
3,4,509,2,10,5,0,300,0.5,572,0.32,486,0.18,1
3,5,790,1,0,300,0.5,1700,0.5,1
3,6,825,0,0,300,0.5,1700,0.5,1
3,7,755,2,10,5,0,666,0.42,420,0.58,1
3,8,719,0,0,300,0.5,1700,0.5,1
3,9,256,0,0,300,0.5,1700,0.5,1
3,10,111,2,10,5,0,666,0.42,420,0.58,1
3,11,130,1,0,666,0.42,420,0.58,1
4,0,645,2,10,5,0,500,0.6,1000,0.2,1400,0.2,1
4,1,730,0,0,500,0.6,1000,0.2,1400,0.2,1
4,2,1000,2,10,5,0,666,0.42,420,0.58,1
4,3,494,2,10,5,0,500,0.6,1000,0.2,1400,0.2,1
4,4,643,1,0,300,0.5,572,0.32,486,0.18,1
4,5,183,1,0,300,0.5,572,0.32,486,0.18,1
4,6,23,2,10,5,0,500,0.6,1000,0.2,1400,0.2,1
4,7,753,0,0,300,0.5,1700,0.5,1
4,8,412,0,0,500,0.6,1000,0.2,1400,0.2,1
4,9,156,1,0,500,0.6,1000,0.2,1400,0.2,1
4,10,721,2,10,5,0,500,0.6,1000,0.2,1400,0.2,1
4,11,259,1,0,300,0.5,1700,0.5,1
5,0,299,2,10,5,0,300,0.5,572,0.32,486,0.18,1
5,1,812,1,0,666,0.42,420,0.58,1
5,2,718,0,0,500,0.6,1000,0.2,1400,0.2,1
5,3,45,0,0,300,0.5,1700,0.5,1
5,4,970,0,0,500,0.6,1000,0.2,1400,0.2,1
5,5,610,0,0,300,0.5,1700,0.5,1
5,6,964,0,0,500,0.6,1000,0.2,1400,0.2,1
5,7,116,1,0,300,0.5,572,0.32,486,0.18,1
5,8,823,1,0,300,0.5,1700,0.5,1
5,9,129,2,10,5,0,300,0.5,1700,0.5,1
5,10,540,2,10,5,0,666,0.42,420,0.58,1
5,11,869,0,0,300,0.5,1700,0.5,1
6,0,720,1,0,300,0.5,1700,0.5,1
6,1,920,2,10,5,0,666,0.42,420,0.58,1
6,2,389,1,0,666,0.42,420,0.58,1
6,3,801,2,10,5,0,300,0.5,572,0.32,486,0.18,1
6,4,183,0,0,500,0.6,1000,0.2,1400,0.2,1
6,5,428,1,0,300,0.5,1700,0.5,1
6,6,877,2,10,5,0,500,0.6,1000,0.2,1400,0.2,1
6,7,206,0,0,500,0.6,1000,0.2,1400,0.2,1
6,8,145,0,0,300,0.5,572,0.32,486,0.18,1
6,9,826,1,0,300,0.5,572,0.32,486,0.18,1
6,10,52,1,0,300,0.5,572,0.32,486,0.18,1
6,11,12,1,0,666,0.42,420,0.58,1
7,0,739,2,10,5,0,500,0.6,1000,0.2,1400,0.2,1
7,1,132,1,0,500,0.6,1000,0.2,1400,0.2,1
7,2,39,0,0,300,0.5,1700,0.5,1
7,3,852,1,0,666,0.42,420,0.58,1
7,4,252,1,0,666,0.42,420,0.58,1
7,5,121,0,0,666,0.42,420,0.58,1
7,6,71,2,10,5,0,666,0.42,420,0.58,1
7,7,114,2,10,5,0,666,0.42,420,0.58,1
7,8,630,0,0,666,0.42,420,0.58,1
7,9,597,0,0,500,0.6,1000,0.2,1400,0.2,1
7,10,244,0,0,300,0.5,1700,0.5,1
7,11,303,2,10,5,0,300,0.5,1700,0.5,1
8,0,956,2,10,5,0,300,0.5,1700,0.5,1
8,1,476,1,0,500,0.6,1000,0.2,1400,0.2,1
8,2,758,0,0,300,0.5,572,0.32,486,0.18,1
8,3,120,0,0,300,0.5,1700,0.5,1
8,4,860,1,0,300,0.5,572,0.32,486,0.18,1
8,5,878,0,0,300,0.5,572,0.32,486,0.18,1
8,6,191,1,0,666,0.42,420,0.58,1
8,7,752,0,0,300,0.5,572,0.32,486,0.18,1
8,8,852,1,0,666,0.42,420,0.58,1
8,9,902,0,0,500,0.6,1000,0.2,1400,0.2,1
8,10,339,1,0,666,0.42,420,0.58,1
8,11,741,1,0,500,0.6,1000,0.2,1400,0.2,1
9,0,621,0,0,500,0.6,1000,0.2,1400,0.2,1
9,1,602,1,0,300,0.5,1700,0.5,1
9,2,897,1,0,666,0.42,420,0.58,1
9,3,743,0,0,500,0.6,1000,0.2,1400,0.2,1
9,4,414,0,0,300,0.5,1700,0.5,1
9,5,929,0,0,500,0.6,1000,0.2,1400,0.2,1
9,6,868,2,10,5,0,300,0.5,572,0.32,486,0.18,1
9,7,629,1,0,500,0.6,1000,0.2,1400,0.2,1
9,8,370,1,0,666,0.42,420,0.58,1
9,9,95,2,10,5,0,500,0.6,1000,0.2,1400,0.2,1
9,10,358,2,10,5,0,300,0.5,572,0.32,486,0.18,1
9,11,869,0,0,666,0.42,420,0.58,1
10,0,586,1,0,500,0.6,1000,0.2,1400,0.2,1
10,1,343,1,0,300,0.5,1700,0.5,1
10,2,677,2,10,5,0,300,0.5,1700,0.5,1
10,3,125,2,10,5,0,666,0.42,420,0.58,1
10,4,309,0,0,300,0.5,1700,0.5,1
10,5,405,0,0,666,0.42,420,0.58,1
10,6,682,0,0,300,0.5,1700,0.5,1
10,7,672,0,0,666,0.42,420,0.58,1
10,8,935,0,0,300,0.5,572,0.32,486,0.18,1
10,9,306,2,10,5,0,300,0.5,1700,0.5,1
10,10,450,2,10,5,0,500,0.6,1000,0.2,1400,0.2,1
10,11,929,2,10,5,0,666,0.42,420,0.58,1
11,0,737,0,0,500,0.6,1000,0.2,1400,0.2,1
11,1,215,1,0,300,0.5,1700,0.5,1
11,2,155,1,0,300,0.5,1700,0.5,1
11,3,877,0,0,300,0.5,572,0.32,486,0.18,1
11,4,636,2,10,5,0,300,0.5,1700,0.5,1
11,5,560,1,0,666,0.42,420,0.58,1
11,6,195,2,10,5,0,500,0.6,1000,0.2,1400,0.2,1
11,7,563,1,0,300,0.5,572,0.32,486,0.18,1
11,8,28,1,0,300,0.5,572,0.32,486,0.18,1
11,9,533,0,0,300,0.5,572,0.32,486,0.18,1
11,10,458,2,10,5,0,300,0.5,572,0.32,486,0.18,1
11,11,337,2,10,5,0,666,0.42,420,0.58,1
