0,0,211,2,10,5,0,300,0.5,1700,0.5,1
0,1,217,0,0,666,0.42,420,0.58,1
0,2,162,2,10,5,0,500,0.6,1000,0.2,1400,0.2,1
0,3,335,1,0,300,0.5,572,0.32,486,0.18,1
0,4,382,0,0,666,0.42,420,0.58,1
0,5,759,2,10,5,0,666,0.42,420,0.58,1
0,6,69,1,0,300,0.5,572,0.32,486,0.18,1
0,7,900,1,0,300,0.5,1700,0.5,1
0,8,137,2,10,5,0,300,0.5,1700,0.5,1
0,9,47,2,10,5,0,300,0.5,572,0.32,486,0.18,1
0,10,923,1,0,300,0.5,572,0.32,486,0.18,1
0,11,620,1,0,300,0.5,572,0.32,486,0.18,1
1,0,914,2,10,5,0,300,0.5,1700,0.5,0
1,1,516,2,10,5,0,500,0.6,1000,0.2,1400,0.2,0
1,2,561,0,0,500,0.6,1000,0.2,1400,0.2,0
1,3,844,0,0,666,0.42,420,0.58,0
1,4,334,1,0,300,0.5,572,0.32,486,0.18,0
1,5,932,1,0,500,0.6,1000,0.2,1400,0.2,0
1,6,567,1,0,500,0.6,1000,0.2,1400,0.2,0
1,7,522,0,0,300,0.5,1700,0.5,0
1,8,403,0,0,666,0.42,420,0.58,0
1,9,382,0,0,300,0.5,572,0.32,486,0.18,0
1,10,532,2,10,5,0,300,0.5,1700,0.5,0
1,11,228,2,10,5,0,500,0.6,1000,0.2,1400,0.2,0
2,0,804,0,0,500,0.6,1000,0.2,1400,0.2,1
2,1,294,2,10,5,0,500,0.6,1000,0.2,1400,0.2,1
2,2,577,2,10,5,0,300,0.5,572,0.32,486,0.18,1
2,3,764,1,0,500,0.6,1000,0.2,1400,0.2,1
2,4,967,1,0,500,0.6,1000,0.2,1400,0.2,1
2,5,577,2,10,5,0,300,0.5,572,0.32,486,0.18,1
2,6,401,1,0,500,0.6,1000,0.2,1400,0.2,1
2,7,185,2,10,5,0,300,0.5,1700,0.5,1
2,8,693,1,0,300,0.5,572,0.32,486,0.18,1
2,9,667,2,10,5,0,666,0.42,420,0.58,1
2,10,860,0,0,300,0.5,572,0.32,486,0.18,1
2,11,780,0,0,300,0.5,1700,0.5,1
3,0,529,2,10,5,0,300,0.5,572,0.32,486,0.18,1
3,1,632,0,0,300,0.5,1700,0.5,1
3,2,292,1,0,300,0.5,1700,0.5,1
3,3,718,1,0,500,0.6,1000,0.2,1400,0.2,1
3,4,63,0,0,666,0.42,420,0.58,1
3,5,76,0,0,666,0.42,420,0.58,1
3,6,194,2,10,5,0,500,0.6,1000,0.2,1400,0.2,1
3,7,69,1,0,500,0.6,1000,0.2,1400,0.2,1
3,8,244,2,10,5,0,300,0.5,1700,0.5,1
3,9,344,2,10,5,0,300,0.5,572,0.32,486,0.18,1
3,10,79,1,0,300,0.5,572,0.32,486,0.18,1
3,11,319,2,10,5,0,500,0.6,1000,0.2,1400,0.2,1
4,0,977,0,0,500,0.6,1000,0.2,1400,0.2,1
4,1,297,2,10,5,0,666,0.42,420,0.58,1
4,2,322,0,0,500,0.6,1000,0.2,1400,0.2,1
4,3,976,2,10,5,0,666,0.42,420,0.58,1
4,4,257,1,0,666,0.42,420,0.58,1
4,5,315,1,0,666,0.42,420,0.58,1
4,6,762,0,0,500,0.6,1000,0.2,1400,0.2,1
4,7,460,0,0,500,0.6,1000,0.2,1400,0.2,1
4,8,987,1,0,300,0.5,1700,0.5,1
4,9,589,1,0,300,0.5,572,0.32,486,0.18,1
4,10,659,1,0,300,0.5,1700,0.5,1
4,11,422,1,0,666,0.42,420,0.58,1
5,0,801,2,10,5,0,500,0.6,1000,0.2,1400,0.2,1
5,1,760,2,10,5,0,300,0.5,1700,0.5,1
5,2,646,2,10,5,0,300,0.5,1700,0.5,1
5,3,615,1,0,666,0.42,420,0.58,1
5,4,497,0,0,300,0.5,572,0.32,486,0.18,1
5,5,270,1,0,666,0.42,420,0.58,1
5,6,112,0,0,300,0.5,1700,0.5,1
5,7,51,1,0,500,0.6,1000,0.2,1400,0.2,1
5,8,472,2,10,5,0,300,0.5,1700,0.5,1
5,9,457,2,10,5,0,666,0.42,420,0.58,1
5,10,430,2,10,5,0,500,0.6,1000,0.2,1400,0.2,1
5,11,615,0,0,500,0.6,1000,0.2,1400,0.2,1
6,0,341,1,0,500,0.6,1000,0.2,1400,0.2,1
6,1,820,0,0,300,0.5,572,0.32,486,0.18,1
6,2,537,1,0,666,0.42,420,0.58,1
6,3,67,0,0,500,0.6,1000,0.2,1400,0.2,1
6,4,98,2,10,5,0,500,0.6,1000,0.2,1400,0.2,1
6,5,760,1,0,666,0.42,420,0.58,1
6,6,823,0,0,500,0.6,1000,0.2,1400,0.2,1
6,7,569,0,0,300,0.5,1700,0.5,1
6,8,204,2,10,5,0,666,0.42,420,0.58,1
6,9,78,0,0,300,0.5,1700,0.5,1
6,10,200,1,0,500,0.6,1000,0.2,1400,0.2,1
6,11,78,2,10,5,0,300,0.5,572,0.32,486,0.18,1
7,0,429,1,0,500,0.6,1000,0.2,1400,0.2,1
7,1,72,2,10,5,0,300,0.5,1700,0.5,1
7,2,510,1,0,666,0.42,420,0.58,1
7,3,548,0,0,500,0.6,1000,0.2,1400,0.2,1
7,4,535,2,10,5,0,666,0.42,420,0.58,1
7,5,305,2,10,5,0,300,0.5,572,0.32,486,0.18,1
7,6,792,1,0,300,0.5,572,0.32,486,0.18,1
7,7,755,2,10,5,0,300,0.5,572,0.32,486,0.18,1
7,8,181,2,10,5,0,300,0.5,572,0.32,486,0.18,1
7,9,61,0,0,300,0.5,572,0.32,486,0.18,1
7,10,722,1,0,300,0.5,1700,0.5,1
7,11,600,0,0,300,0.5,572,0.32,486,0.18,1
8,0,953,0,0,300,0.5,572,0.32,486,0.18,1
8,1,111,2,10,5,0,300,0.5,572,0.32,486,0.18,1
8,2,180,2,10,5,0,666,0.42,420,0.58,1
8,3,25,1,0,300,0.5,572,0.32,486,0.18,1
8,4,957,2,10,5,0,300,0.5,1700,0.5,1
8,5,813,0,0,300,0.5,1700,0.5,1
8,6,135,1,0,500,0.6,1000,0.2,1400,0.2,1
8,7,204,1,0,300,0.5,1700,0.5,1
8,8,335,2,10,5,0,300,0.5,572,0.32,486,0.18,1
8,9,54,1,0,300,0.5,1700,0.5,1
8,10,336,0,0,300,0.5,1700,0.5,1
8,11,74,1,0,500,0.6,1000,0.2,1400,0.2,1
9,0,159,1,0,300,0.5,1700,0.5,1
9,1,444,0,0,300,0.5,572,0.32,486,0.18,1
9,2,351,0,0,300,0.5,572,0.32,486,0.18,1
9,3,893,2,10,5,0,500,0.6,1000,0.2,1400,0.2,1
9,4,160,1,0,300,0.5,572,0.32,486,0.18,1
9,5,610,1,0,500,0.6,1000,0.2,1400,0.2,1
9,6,848,1,0,666,0.42,420,0.58,1
9,7,577,2,10,5,0,500,0.6,1000,0.2,1400,0.2,1
9,8,797,2,10,5,0,300,0.5,1700,0.5,1
9,9,66,2,10,5,0,300,0.5,1700,0.5,1
9,10,376,1,0,500,0.6,1000,0.2,1400,0.2,1
9,11,112,1,0,500,0.6,1000,0.2,1400,0.2,1
10,0,181,1,0,300,0.5,572,0.32,486,0.18,1
10,1,450,0,0,666,0.42,420,0.58,1
10,2,167,0,0,666,0.42,420,0.58,1
10,3,611,2,10,5,0,500,0.6,1000,0.2,1400,0.2,1
10,4,688,0,0,500,0.6,1000,0.2,1400,0.2,1
10,5,215,2,10,5,0,300,0.5,1700,0.5,1
10,6,687,1,0,666,0.42,420,0.58,1
10,7,35,2,10,5,0,300,0.5,572,0.32,486,0.18,1
10,8,767,1,0,666,0.42,420,0.58,1
10,9,161,0,0,666,0.42,420,0.58,1
10,10,295,0,0,500,0.6,1000,0.2,1400,0.2,1
10,11,589,1,0,500,0.6,1000,0.2,1400,0.2,1
11,0,319,0,0,500,0.6,1000,0.2,1400,0.2,1
11,1,73,0,0,300,0.5,1700,0.5,1
11,2,570,0,0,666,0.42,420,0.58,1
11,3,853,0,0,666,0.42,420,0.58,1
11,4,935,1,0,300,0.5,572,0.32,486,0.18,1
11,5,73,0,0,666,0.42,420,0.58,1
11,6,200,2,10,5,0,500,0.6,1000,0.2,1400,0.2,1
11,7,840,0,0,666,0.42,420,0.58,1
11,8,850,1,0,300,0.5,1700,0.5,1
11,9,966,1,0,666,0.42,420,0.58,1
11,10,187,2,10,5,0,300,0.5,572,0.32,486,0.18,1
11,11,766,1,0,666,0.42,420,0.58,1
