0,0,624,1,0,300,0.5,1700,0.5,1
0,1,933,1,0,666,0.42,420,0.58,1
0,2,402,1,0,300,0.5,1700,0.5,1
0,3,910,1,0,300,0.5,1700,0.5,1
0,4,675,1,0,300,0.5,1700,0.5,1
0,5,975,0,0,300,0.5,1700,0.5,1
0,6,512,2,10,5,0,300,0.5,572,0.32,486,0.18,1
0,7,346,0,0,666,0.42,420,0.58,1
0,8,86,1,0,666,0.42,420,0.58,1
0,9,240,0,0,300,0.5,1700,0.5,1
0,10,288,2,10,5,0,500,0.6,1000,0.2,1400,0.2,1
0,11,151,2,10,5,0,300,0.5,1700,0.5,1
1,0,797,1,0,666,0.42,420,0.58,0
1,1,673,1,0,300,0.5,572,0.32,486,0.18,0
1,2,731,2,10,5,0,300,0.5,572,0.32,486,0.18,0
1,3,84,1,0,300,0.5,1700,0.5,0
1,4,675,2,10,5,0,666,0.42,420,0.58,0
1,5,908,1,0,500,0.6,1000,0.2,1400,0.2,0
1,6,713,2,10,5,0,300,0.5,1700,0.5,0
1,7,340,0,0,500,0.6,1000,0.2,1400,0.2,0
1,8,372,0,0,300,0.5,572,0.32,486,0.18,0
1,9,70,2,10,5,0,666,0.42,420,0.58,0
1,10,860,0,0,666,0.42,420,0.58,0
1,11,14,0,0,500,0.6,1000,0.2,1400,0.2,0
2,0,448,1,0,300,0.5,1700,0.5,1
2,1,719,2,10,5,0,300,0.5,572,0.32,486,0.18,1
2,2,614,1,0,666,0.42,420,0.58,1
2,3,317,2,10,5,0,300,0.5,1700,0.5,1
2,4,618,2,10,5,0,500,0.6,1000,0.2,1400,0.2,1
2,5,523,1,0,300,0.5,1700,0.5,1
2,6,417,0,0,500,0.6,1000,0.2,1400,0.2,1
2,7,150,1,0,666,0.42,420,0.58,1
2,8,520,1,0,300,0.5,572,0.32,486,0.18,1
2,9,885,2,10,5,0,500,0.6,1000,0.2,1400,0.2,1
2,10,703,0,0,500,0.6,1000,0.2,1400,0.2,1
2,11,928,0,0,666,0.42,420,0.58,1
3,0,725,1,0,500,0.6,1000,0.2,1400,0.2,1
3,1,58,1,0,300,0.5,572,0.32,486,0.18,1
3,2,482,1,0,666,0.42,420,0.58,1
3,3,278,1,0,500,0.6,1000,0.2,1400,0.2,1
3,4,531,2,10,5,0,500,0.6,1000,0.2,1400,0.2,1
3,5,636,0,0,500,0.6,1000,0.2,1400,0.2,1
3,6,39,0,0,666,0.42,420,0.58,1
3,7,484,1,0,500,0.6,1000,0.2,1400,0.2,1
3,8,336,1,0,666,0.42,420,0.58,1
3,9,507,0,0,300,0.5,572,0.32,486,0.18,1
3,10,97,0,0,666,0.42,420,0.58,1
3,11,484,0,0,300,0.5,572,0.32,486,0.18,1
4,0,88,0,0,666,0.42,420,0.58,1
4,1,611,2,10,5,0,300,0.5,1700,0.5,1
4,2,156,2,10,5,0,666,0.42,420,0.58,1
4,3,67,1,0,500,0.6,1000,0.2,1400,0.2,1
4,4,867,0,0,666,0.42,420,0.58,1
4,5,947,1,0,300,0.5,572,0.32,486,0.18,1
4,6,877,0,0,300,0.5,572,0.32,486,0.18,1
4,7,680,1,0,500,0.6,1000,0.2,1400,0.2,1
4,8,673,0,0,300,0.5,572,0.32,486,0.18,1
4,9,664,2,10,5,0,300,0.5,1700,0.5,1
4,10,710,2,10,5,0,500,0.6,1000,0.2,1400,0.2,1
4,11,383,1,0,666,0.42,420,0.58,1
5,0,399,0,0,300,0.5,1700,0.5,1
5,1,715,1,0,300,0.5,572,0.32,486,0.18,1
5,2,511,1,0,300,0.5,572,0.32,486,0.18,1
5,3,633,0,0,300,0.5,1700,0.5,1
5,4,330,2,10,5,0,500,0.6,1000,0.2,1400,0.2,1
5,5,33,1,0,666,0.42,420,0.58,1
5,6,461,2,10,5,0,500,0.6,1000,0.2,1400,0.2,1
5,7,115,0,0,500,0.6,1000,0.2,1400,0.2,1
5,8,278,0,0,300,0.5,1700,0.5,1
5,9,118,1,0,500,0.6,1000,0.2,1400,0.2,1
5,10,903,2,10,5,0,300,0.5,572,0.32,486,0.18,1
5,11,333,0,0,300,0.5,572,0.32,486,0.18,1
6,0,825,1,0,300,0.5,572,0.32,486,0.18,1
6,1,838,1,0,666,0.42,420,0.58,1
6,2,144,1,0,300,0.5,1700,0.5,1
6,3,226,1,0,500,0.6,1000,0.2,1400,0.2,1
6,4,934,0,0,300,0.5,1700,0.5,1
6,5,875,1,0,500,0.6,1000,0.2,1400,0.2,1
6,6,443,1,0,300,0.5,572,0.32,486,0.18,1
6,7,763,2,10,5,0,666,0.42,420,0.58,1
6,8,115,0,0,300,0.5,572,0.32,486,0.18,1
6,9,753,1,0,300,0.5,572,0.32,486,0.18,1
6,10,107,2,10,5,0,300,0.5,1700,0.5,1
6,11,70,2,10,5,0,500,0.6,1000,0.2,1400,0.2,1
7,0,893,0,0,500,0.6,1000,0.2,1400,0.2,1
7,1,987,0,0,300,0.5,1700,0.5,1
7,2,618,1,0,300,0.5,1700,0.5,1
7,3,979,1,0,666,0.42,420,0.58,1
7,4,292,0,0,666,0.42,420,0.58,1
7,5,584,0,0,300,0.5,572,0.32,486,0.18,1
7,6,47,1,0,500,0.6,1000,0.2,1400,0.2,1
7,7,65,1,0,300,0.5,572,0.32,486,0.18,1
7,8,813,0,0,300,0.5,1700,0.5,1
7,9,321,2,10,5,0,300,0.5,572,0.32,486,0.18,1
7,10,397,2,10,5,0,500,0.6,1000,0.2,1400,0.2,1
7,11,28,0,0,666,0.42,420,0.58,1
8,0,145,0,0,500,0.6,1000,0.2,1400,0.2,1
8,1,629,0,0,300,0.5,572,0.32,486,0.18,1
8,2,127,1,0,666,0.42,420,0.58,1
8,3,379,1,0,300,0.5,1700,0.5,1
8,4,150,2,10,5,0,666,0.42,420,0.58,1
8,5,664,1,0,300,0.5,1700,0.5,1
8,6,693,1,0,300,0.5,1700,0.5,1
8,7,1000,2,10,5,0,300,0.5,1700,0.5,1
8,8,503,0,0,666,0.42,420,0.58,1
8,9,378,0,0,666,0.42,420,0.58,1
8,10,610,2,10,5,0,300,0.5,572,0.32,486,0.18,1
8,11,112,1,0,500,0.6,1000,0.2,1400,0.2,1
9,0,893,2,10,5,0,300,0.5,1700,0.5,1
9,1,233,2,10,5,0,300,0.5,1700,0.5,1
9,2,598,0,0,300,0.5,572,0.32,486,0.18,1
9,3,925,0,0,300,0.5,572,0.32,486,0.18,1
9,4,100,2,10,5,0,300,0.5,572,0.32,486,0.18,1
9,5,301,0,0,500,0.6,1000,0.2,1400,0.2,1
9,6,595,0,0,666,0.42,420,0.58,1
9,7,295,0,0,300,0.5,572,0.32,486,0.18,1
9,8,191,0,0,666,0.42,420,0.58,1
9,9,100,2,10,5,0,300,0.5,572,0.32,486,0.18,1
9,10,136,1,0,300,0.5,1700,0.5,1
9,11,318,1,0,500,0.6,1000,0.2,1400,0.2,1
10,0,796,1,0,300,0.5,572,0.32,486,0.18,1
10,1,893,1,0,300,0.5,1700,0.5,1
10,2,402,1,0,666,0.42,420,0.58,1
10,3,328,0,0,666,0.42,420,0.58,1
10,4,616,2,10,5,0,300,0.5,1700,0.5,1
10,5,994,1,0,300,0.5,572,0.32,486,0.18,1
10,6,213,1,0,300,0.5,1700,0.5,1
10,7,337,1,0,300,0.5,572,0.32,486,0.18,1
10,8,365,1,0,300,0.5,1700,0.5,1
10,9,616,2,10,5,0,300,0.5,1700,0.5,1
10,10,136,0,0,300,0.5,572,0.32,486,0.18,1
10,11,573,2,10,5,0,666,0.42,420,0.58,1
11,0,238,0,0,666,0.42,420,0.58,1
11,1,387,0,0,300,0.5,1700,0.5,1
11,2,711,0,0,500,0.6,1000,0.2,1400,0.2,1
11,3,392,2,10,5,0,500,0.6,1000,0.2,1400,0.2,1
11,4,584,1,0,300,0.5,572,0.32,486,0.18,1
11,5,405,1,0,666,0.42,420,0.58,1
11,6,659,0,0,300,0.5,1700,0.5,1
11,7,856,2,10,5,0,666,0.42,420,0.58,1
11,8,468,1,0,300,0.5,1700,0.5,1
11,9,842,2,10,5,0,300,0.5,1700,0.5,1
11,10,506,2,10,5,0,300,0.5,572,0.32,486,0.18,1
11,11,40,1,0,300,0.5,1700,0.5,1
