0,0,960,0,0,300,0.5,572,0.32,486,0.18,1
0,1,588,0,0,300,0.5,572,0.32,486,0.18,1
0,2,440,0,0,666,0.42,420,0.58,1
0,3,572,0,0,300,0.5,572,0.32,486,0.18,1
0,4,653,1,0,666,0.42,420,0.58,1
0,5,575,1,0,300,0.5,1700,0.5,1
0,6,101,2,10,5,0,300,0.5,1700,0.5,1
0,7,716,0,0,300,0.5,1700,0.5,1
0,8,250,0,0,666,0.42,420,0.58,1
0,9,191,0,0,666,0.42,420,0.58,1
0,10,953,1,0,300,0.5,1700,0.5,1
0,11,532,0,0,300,0.5,572,0.32,486,0.18,1
1,0,618,2,10,5,0,300,0.5,572,0.32,486,0.18,0
1,1,669,2,10,5,0,666,0.42,420,0.58,0
1,2,174,0,0,300,0.5,572,0.32,486,0.18,0
1,3,300,1,0,666,0.42,420,0.58,0
1,4,155,0,0,300,0.5,572,0.32,486,0.18,0
1,5,509,0,0,300,0.5,1700,0.5,0
1,6,204,0,0,300,0.5,1700,0.5,0
1,7,853,1,0,666,0.42,420,0.58,0
1,8,52,2,10,5,0,500,0.6,1000,0.2,1400,0.2,0
1,9,754,1,0,666,0.42,420,0.58,0
1,10,853,2,10,5,0,666,0.42,420,0.58,0
1,11,336,2,10,5,0,300,0.5,1700,0.5,0
2,0,815,0,0,300,0.5,1700,0.5,1
2,1,137,1,0,500,0.6,1000,0.2,1400,0.2,1
2,2,403,2,10,5,0,300,0.5,1700,0.5,1
2,3,582,0,0,300,0.5,572,0.32,486,0.18,1
2,4,228,1,0,300,0.5,572,0.32,486,0.18,1
2,5,392,0,0,300,0.5,1700,0.5,1
2,6,685,2,10,5,0,300,0.5,1700,0.5,1
2,7,771,2,10,5,0,300,0.5,1700,0.5,1
2,8,389,2,10,5,0,300,0.5,1700,0.5,1
2,9,428,2,10,5,0,300,0.5,572,0.32,486,0.18,1
2,10,167,1,0,666,0.42,420,0.58,1
2,11,789,1,0,500,0.6,1000,0.2,1400,0.2,1
3,0,560,0,0,300,0.5,1700,0.5,1
3,1,527,0,0,500,0.6,1000,0.2,1400,0.2,1
3,2,982,0,0,500,0.6,1000,0.2,1400,0.2,1
3,3,314,1,0,500,0.6,1000,0.2,1400,0.2,1
3,4,168,2,10,5,0,666,0.42,420,0.58,1
3,5,339,2,10,5,0,666,0.42,420,0.58,1
3,6,410,0,0,500,0.6,1000,0.2,1400,0.2,1
3,7,915,1,0,300,0.5,1700,0.5,1
3,8,804,1,0,300,0.5,1700,0.5,1
3,9,193,0,0,500,0.6,1000,0.2,1400,0.2,1
3,10,178,0,0,300,0.5,572,0.32,486,0.18,1
3,11,797,1,0,300,0.5,572,0.32,486,0.18,1
4,0,492,2,10,5,0,300,0.5,572,0.32,486,0.18,1
4,1,851,2,10,5,0,500,0.6,1000,0.2,1400,0.2,1
4,2,573,2,10,5,0,666,0.42,420,0.58,1
4,3,522,1,0,500,0.6,1000,0.2,1400,0.2,1
4,4,963,1,0,300,0.5,1700,0.5,1
4,5,156,0,0,500,0.6,1000,0.2,1400,0.2,1
4,6,796,2,10,5,0,300,0.5,572,0.32,486,0.18,1
4,7,99,1,0,300,0.5,1700,0.5,1
4,8,886,2,10,5,0,300,0.5,1700,0.5,1
4,9,848,2,10,5,0,300,0.5,1700,0.5,1
4,10,900,2,10,5,0,300,0.5,572,0.32,486,0.18,1
4,11,509,0,0,300,0.5,572,0.32,486,0.18,1
5,0,799,0,0,500,0.6,1000,0.2,1400,0.2,1
5,1,812,1,0,300,0.5,572,0.32,486,0.18,1
5,2,383,0,0,300,0.5,572,0.32,486,0.18,1
5,3,875,2,10,5,0,666,0.42,420,0.58,1
5,4,699,1,0,666,0.42,420,0.58,1
5,5,98,0,0,300,0.5,1700,0.5,1
5,6,239,0,0,300,0.5,1700,0.5,1
5,7,42,0,0,500,0.6,1000,0.2,1400,0.2,1
5,8,52,1,0,500,0.6,1000,0.2,1400,0.2,1
5,9,613,2,10,5,0,500,0.6,1000,0.2,1400,0.2,1
5,10,783,0,0,500,0.6,1000,0.2,1400,0.2,1
5,11,390,1,0,666,0.42,420,0.58,1
6,0,401,1,0,666,0.42,420,0.58,1
6,1,196,0,0,300,0.5,572,0.32,486,0.18,1
6,2,522,1,0,300,0.5,1700,0.5,1
6,3,206,1,0,300,0.5,572,0.32,486,0.18,1
6,4,291,1,0,500,0.6,1000,0.2,1400,0.2,1
6,5,559,2,10,5,0,666,0.42,420,0.58,1
6,6,196,2,10,5,0,500,0.6,1000,0.2,1400,0.2,1
6,7,258,1,0,666,0.42,420,0.58,1
6,8,379,2,10,5,0,300,0.5,572,0.32,486,0.18,1
6,9,648,0,0,500,0.6,1000,0.2,1400,0.2,1
6,10,366,2,10,5,0,300,0.5,1700,0.5,1
6,11,637,1,0,300,0.5,1700,0.5,1
7,0,561,0,0,300,0.5,572,0.32,486,0.18,1
7,1,237,2,10,5,0,300,0.5,572,0.32,486,0.18,1
7,2,276,2,10,5,0,666,0.42,420,0.58,1
7,3,624,0,0,666,0.42,420,0.58,1
7,4,514,1,0,500,0.6,1000,0.2,1400,0.2,1
7,5,896,1,0,300,0.5,1700,0.5,1
7,6,145,0,0,300,0.5,572,0.32,486,0.18,1
7,7,736,0,0,666,0.42,420,0.58,1
7,8,662,2,10,5,0,300,0.5,572,0.32,486,0.18,1
7,9,315,1,0,666,0.42,420,0.58,1
7,10,995,1,0,300,0.5,1700,0.5,1
7,11,428,2,10,5,0,300,0.5,572,0.32,486,0.18,1
8,0,566,0,0,666,0.42,420,0.58,1
8,1,963,0,0,666,0.42,420,0.58,1
8,2,609,2,10,5,0,300,0.5,572,0.32,486,0.18,1
8,3,665,0,0,500,0.6,1000,0.2,1400,0.2,1
8,4,413,2,10,5,0,666,0.42,420,0.58,1
8,5,561,2,10,5,0,500,0.6,1000,0.2,1400,0.2,1
8,6,641,1,0,500,0.6,1000,0.2,1400,0.2,1
8,7,11,2,10,5,0,300,0.5,1700,0.5,1
8,8,762,1,0,300,0.5,1700,0.5,1
8,9,239,0,0,300,0.5,1700,0.5,1
8,10,714,1,0,666,0.42,420,0.58,1
8,11,348,1,0,500,0.6,1000,0.2,1400,0.2,1
9,0,441,1,0,300,0.5,1700,0.5,1
9,1,13,1,0,300,0.5,1700,0.5,1
9,2,991,0,0,500,0.6,1000,0.2,1400,0.2,1
9,3,71,2,10,5,0,300,0.5,1700,0.5,1
9,4,544,1,0,300,0.5,572,0.32,486,0.18,1
9,5,84,1,0,300,0.5,572,0.32,486,0.18,1
9,6,591,0,0,500,0.6,1000,0.2,1400,0.2,1
9,7,781,2,10,5,0,300,0.5,572,0.32,486,0.18,1
9,8,998,2,10,5,0,300,0.5,1700,0.5,1
9,9,690,0,0,300,0.5,1700,0.5,1
9,10,337,1,0,500,0.6,1000,0.2,1400,0.2,1
9,11,163,1,0,500,0.6,1000,0.2,1400,0.2,1
10,0,519,1,0,500,0.6,1000,0.2,1400,0.2,1
10,1,456,1,0,500,0.6,1000,0.2,1400,0.2,1
10,2,49,2,10,5,0,666,0.42,420,0.58,1
10,3,614,2,10,5,0,500,0.6,1000,0.2,1400,0.2,1
10,4,970,0,0,500,0.6,1000,0.2,1400,0.2,1
10,5,83,1,0,300,0.5,572,0.32,486,0.18,1
10,6,286,0,0,300,0.5,572,0.32,486,0.18,1
10,7,728,2,10,5,0,300,0.5,572,0.32,486,0.18,1
10,8,991,2,10,5,0,300,0.5,572,0.32,486,0.18,1
10,9,888,2,10,5,0,300,0.5,572,0.32,486,0.18,1
10,10,368,2,10,5,0,300,0.5,1700,0.5,1
10,11,593,0,0,300,0.5,1700,0.5,1
11,0,479,2,10,5,0,300,0.5,572,0.32,486,0.18,1
11,1,718,0,0,500,0.6,1000,0.2,1400,0.2,1
11,2,441,2,10,5,0,300,0.5,1700,0.5,1
11,3,581,1,0,666,0.42,420,0.58,1
11,4,827,0,0,300,0.5,572,0.32,486,0.18,1
11,5,833,1,0,666,0.42,420,0.58,1
11,6,726,1,0,300,0.5,572,0.32,486,0.18,1
11,7,538,0,0,666,0.42,420,0.58,1
11,8,648,2,10,5,0,500,0.6,1000,0.2,1400,0.2,1
11,9,450,1,0,666,0.42,420,0.58,1
11,10,603,1,0,666,0.42,420,0.58,1
11,11,631,2,10,5,0,666,0.42,420,0.58,1
