0,0,162,1,0,300,0.5,1700,0.5,1
0,1,401,1,0,666,0.42,420,0.58,1
0,2,163,0,0,300,0.5,1700,0.5,1
0,3,412,2,10,5,0,500,0.6,1000,0.2,1400,0.2,1
0,4,780,0,0,300,0.5,572,0.32,486,0.18,1
0,5,737,2,10,5,0,300,0.5,1700,0.5,1
0,6,884,2,10,5,0,666,0.42,420,0.58,1
0,7,421,0,0,300,0.5,1700,0.5,1
0,8,344,2,10,5,0,300,0.5,1700,0.5,1
0,9,528,0,0,300,0.5,1700,0.5,1
0,10,656,0,0,500,0.6,1000,0.2,1400,0.2,1
0,11,773,0,0,666,0.42,420,0.58,1
1,0,448,1,0,666,0.42,420,0.58,0
1,1,508,2,10,5,0,500,0.6,1000,0.2,1400,0.2,0
1,2,683,1,0,300,0.5,1700,0.5,0
1,3,740,2,10,5,0,300,0.5,572,0.32,486,0.18,0
1,4,149,1,0,500,0.6,1000,0.2,1400,0.2,0
1,5,928,2,10,5,0,300,0.5,1700,0.5,0
1,6,395,2,10,5,0,666,0.42,420,0.58,0
1,7,653,2,10,5,0,300,0.5,572,0.32,486,0.18,0
1,8,559,2,10,5,0,500,0.6,1000,0.2,1400,0.2,0
1,9,495,1,0,666,0.42,420,0.58,0
1,10,990,1,0,666,0.42,420,0.58,0
1,11,930,0,0,500,0.6,1000,0.2,1400,0.2,0
2,0,261,2,10,5,0,666,0.42,420,0.58,1
2,1,369,2,10,5,0,300,0.5,572,0.32,486,0.18,1
2,2,967,0,0,300,0.5,572,0.32,486,0.18,1
2,3,398,0,0,666,0.42,420,0.58,1
2,4,903,2,10,5,0,666,0.42,420,0.58,1
2,5,272,1,0,500,0.6,1000,0.2,1400,0.2,1
2,6,980,0,0,300,0.5,572,0.32,486,0.18,1
2,7,530,1,0,666,0.42,420,0.58,1
2,8,847,0,0,300,0.5,572,0.32,486,0.18,1
2,9,430,2,10,5,0,300,0.5,1700,0.5,1
2,10,16,2,10,5,0,666,0.42,420,0.58,1
2,11,531,1,0,500,0.6,1000,0.2,1400,0.2,1
3,0,498,0,0,500,0.6,1000,0.2,1400,0.2,1
3,1,933,2,10,5,0,666,0.42,420,0.58,1
3,2,612,2,10,5,0,300,0.5,1700,0.5,1
3,3,838,1,0,300,0.5,1700,0.5,1
3,4,966,2,10,5,0,666,0.42,420,0.58,1
3,5,158,1,0,500,0.6,1000,0.2,1400,0.2,1
3,6,443,2,10,5,0,300,0.5,1700,0.5,1
3,7,876,0,0,300,0.5,1700,0.5,1
3,8,970,1,0,500,0.6,1000,0.2,1400,0.2,1
3,9,662,2,10,5,0,300,0.5,572,0.32,486,0.18,1
3,10,849,1,0,666,0.42,420,0.58,1
3,11,623,2,10,5,0,500,0.6,1000,0.2,1400,0.2,1
4,0,745,2,10,5,0,300,0.5,1700,0.5,1
4,1,440,1,0,666,0.42,420,0.58,1
4,2,178,1,0,300,0.5,1700,0.5,1
4,3,583,1,0,500,0.6,1000,0.2,1400,0.2,1
4,4,714,1,0,300,0.5,1700,0.5,1
4,5,868,1,0,500,0.6,1000,0.2,1400,0.2,1
4,6,22,0,0,300,0.5,1700,0.5,1
4,7,461,1,0,300,0.5,572,0.32,486,0.18,1
4,8,673,1,0,500,0.6,1000,0.2,1400,0.2,1
4,9,564,2,10,5,0,300,0.5,1700,0.5,1
4,10,557,1,0,500,0.6,1000,0.2,1400,0.2,1
4,11,440,1,0,300,0.5,572,0.32,486,0.18,1
5,0,544,2,10,5,0,300,0.5,1700,0.5,1
5,1,174,2,10,5,0,300,0.5,1700,0.5,1
5,2,543,1,0,300,0.5,572,0.32,486,0.18,1
5,3,106,1,0,300,0.5,1700,0.5,1
5,4,276,2,10,5,0,500,0.6,1000,0.2,1400,0.2,1
5,5,386,0,0,300,0.5,572,0.32,486,0.18,1
5,6,395,2,10,5,0,500,0.6,1000,0.2,1400,0.2,1
5,7,353,1,0,300,0.5,1700,0.5,1
5,8,240,0,0,300,0.5,1700,0.5,1
5,9,929,1,0,500,0.6,1000,0.2,1400,0.2,1
5,10,105,2,10,5,0,300,0.5,1700,0.5,1
5,11,686,2,10,5,0,500,0.6,1000,0.2,1400,0.2,1
6,0,895,2,10,5,0,300,0.5,572,0.32,486,0.18,1
6,1,276,1,0,666,0.42,420,0.58,1
6,2,102,0,0,666,0.42,420,0.58,1
6,3,58,2,10,5,0,300,0.5,572,0.32,486,0.18,1
6,4,377,0,0,666,0.42,420,0.58,1
6,5,608,0,0,500,0.6,1000,0.2,1400,0.2,1
6,6,262,0,0,500,0.6,1000,0.2,1400,0.2,1
6,7,85,2,10,5,0,300,0.5,572,0.32,486,0.18,1
6,8,597,2,10,5,0,300,0.5,1700,0.5,1
6,9,600,1,0,500,0.6,1000,0.2,1400,0.2,1
6,10,866,0,0,300,0.5,1700,0.5,1
6,11,935,2,10,5,0,500,0.6,1000,0.2,1400,0.2,1
7,0,483,0,0,666,0.42,420,0.58,1
7,1,167,2,10,5,0,300,0.5,1700,0.5,1
7,2,477,2,10,5,0,666,0.42,420,0.58,1
7,3,664,1,0,300,0.5,1700,0.5,1
7,4,158,2,10,5,0,500,0.6,1000,0.2,1400,0.2,1
7,5,218,1,0,666,0.42,420,0.58,1
7,6,29,0,0,666,0.42,420,0.58,1
7,7,822,2,10,5,0,500,0.6,1000,0.2,1400,0.2,1
7,8,355,2,10,5,0,300,0.5,572,0.32,486,0.18,1
7,9,515,0,0,300,0.5,1700,0.5,1
7,10,414,2,10,5,0,300,0.5,1700,0.5,1
7,11,760,0,0,666,0.42,420,0.58,1
8,0,589,2,10,5,0,500,0.6,1000,0.2,1400,0.2,1
8,1,823,2,10,5,0,300,0.5,572,0.32,486,0.18,1
8,2,667,1,0,300,0.5,1700,0.5,1
8,3,174,0,0,300,0.5,572,0.32,486,0.18,1
8,4,973,2,10,5,0,300,0.5,572,0.32,486,0.18,1
8,5,599,0,0,300,0.5,572,0.32,486,0.18,1
8,6,696,2,10,5,0,300,0.5,572,0.32,486,0.18,1
8,7,765,2,10,5,0,300,0.5,1700,0.5,1
8,8,201,1,0,666,0.42,420,0.58,1
8,9,563,1,0,666,0.42,420,0.58,1
8,10,121,0,0,500,0.6,1000,0.2,1400,0.2,1
8,11,765,0,0,300,0.5,1700,0.5,1
9,0,432,2,10,5,0,666,0.42,420,0.58,1
9,1,780,0,0,666,0.42,420,0.58,1
9,2,362,2,10,5,0,300,0.5,1700,0.5,1
9,3,208,0,0,300,0.5,572,0.32,486,0.18,1
9,4,344,2,10,5,0,666,0.42,420,0.58,1
9,5,508,2,10,5,0,500,0.6,1000,0.2,1400,0.2,1
9,6,623,1,0,666,0.42,420,0.58,1
9,7,482,1,0,300,0.5,1700,0.5,1
9,8,59,0,0,500,0.6,1000,0.2,1400,0.2,1
9,9,537,2,10,5,0,300,0.5,572,0.32,486,0.18,1
9,10,722,0,0,666,0.42,420,0.58,1
9,11,427,0,0,500,0.6,1000,0.2,1400,0.2,1
10,0,355,0,0,666,0.42,420,0.58,1
10,1,45,0,0,500,0.6,1000,0.2,1400,0.2,1
10,2,787,2,10,5,0,666,0.42,420,0.58,1
10,3,154,2,10,5,0,300,0.5,572,0.32,486,0.18,1
10,4,394,0,0,500,0.6,1000,0.2,1400,0.2,1
10,5,911,1,0,300,0.5,572,0.32,486,0.18,1
10,6,458,1,0,300,0.5,1700,0.5,1
10,7,943,0,0,300,0.5,572,0.32,486,0.18,1
10,8,689,2,10,5,0,666,0.42,420,0.58,1
10,9,733,1,0,300,0.5,572,0.32,486,0.18,1
10,10,797,2,10,5,0,500,0.6,1000,0.2,1400,0.2,1
10,11,924,0,0,500,0.6,1000,0.2,1400,0.2,1
11,0,427,2,10,5,0,500,0.6,1000,0.2,1400,0.2,1
11,1,286,0,0,500,0.6,1000,0.2,1400,0.2,1
11,2,179,0,0,666,0.42,420,0.58,1
11,3,516,0,0,666,0.42,420,0.58,1
11,4,522,1,0,500,0.6,1000,0.2,1400,0.2,1
11,5,801,0,0,500,0.6,1000,0.2,1400,0.2,1
11,6,217,0,0,300,0.5,572,0.32,486,0.18,1
11,7,112,2,10,5,0,666,0.42,420,0.58,1
11,8,75,1,0,666,0.42,420,0.58,1
11,9,28,1,0,300,0.5,1700,0.5,1
11,10,936,0,0,666,0.42,420,0.58,1
11,11,151,0,0,300,0.5,572,0.32,486,0.18,1
