0,0,240,2,10,5,0,300,0.5,572,0.32,486,0.18,1
0,1,762,2,10,5,0,500,0.6,1000,0.2,1400,0.2,1
0,2,321,1,0,300,0.5,572,0.32,486,0.18,1
0,3,93,0,0,666,0.42,420,0.58,1
0,4,129,1,0,300,0.5,1700,0.5,1
0,5,501,2,10,5,0,300,0.5,572,0.32,486,0.18,1
0,6,480,2,10,5,0,666,0.42,420,0.58,1
0,7,878,0,0,666,0.42,420,0.58,1
0,8,383,0,0,500,0.6,1000,0.2,1400,0.2,1
0,9,831,2,10,5,0,300,0.5,1700,0.5,1
0,10,416,1,0,300,0.5,1700,0.5,1
0,11,836,0,0,300,0.5,1700,0.5,1
1,0,71,0,0,300,0.5,1700,0.5,0
1,1,772,2,10,5,0,500,0.6,1000,0.2,1400,0.2,0
1,2,293,2,10,5,0,666,0.42,420,0.58,0
1,3,214,2,10,5,0,666,0.42,420,0.58,0
1,4,329,2,10,5,0,300,0.5,1700,0.5,0
1,5,597,0,0,300,0.5,1700,0.5,0
1,6,964,0,0,666,0.42,420,0.58,0
1,7,437,2,10,5,0,300,0.5,1700,0.5,0
1,8,642,2,10,5,0,500,0.6,1000,0.2,1400,0.2,0
1,9,894,0,0,300,0.5,1700,0.5,0
1,10,110,2,10,5,0,300,0.5,572,0.32,486,0.18,0
1,11,183,1,0,500,0.6,1000,0.2,1400,0.2,0
2,0,659,2,10,5,0,300,0.5,1700,0.5,1
2,1,986,0,0,300,0.5,572,0.32,486,0.18,1
2,2,318,0,0,300,0.5,572,0.32,486,0.18,1
2,3,318,0,0,300,0.5,572,0.32,486,0.18,1
2,4,352,2,10,5,0,300,0.5,1700,0.5,1
2,5,627,2,10,5,0,500,0.6,1000,0.2,1400,0.2,1
2,6,374,2,10,5,0,300,0.5,1700,0.5,1
2,7,819,2,10,5,0,500,0.6,1000,0.2,1400,0.2,1
2,8,97,1,0,300,0.5,1700,0.5,1
2,9,279,1,0,300,0.5,572,0.32,486,0.18,1
2,10,635,2,10,5,0,300,0.5,572,0.32,486,0.18,1
2,11,596,2,10,5,0,500,0.6,1000,0.2,1400,0.2,1
3,0,513,1,0,300,0.5,1700,0.5,1
3,1,81,0,0,300,0.5,1700,0.5,1
3,2,609,0,0,666,0.42,420,0.58,1
3,3,823,0,0,666,0.42,420,0.58,1
3,4,103,0,0,300,0.5,572,0.32,486,0.18,1
3,5,98,2,10,5,0,300,0.5,1700,0.5,1
3,6,841,0,0,500,0.6,1000,0.2,1400,0.2,1
3,7,833,2,10,5,0,500,0.6,1000,0.2,1400,0.2,1
3,8,120,1,0,666,0.42,420,0.58,1
3,9,783,1,0,666,0.42,420,0.58,1
3,10,270,2,10,5,0,300,0.5,572,0.32,486,0.18,1
3,11,433,0,0,500,0.6,1000,0.2,1400,0.2,1
4,0,111,2,10,5,0,300,0.5,572,0.32,486,0.18,1
4,1,565,2,10,5,0,500,0.6,1000,0.2,1400,0.2,1
4,2,710,2,10,5,0,500,0.6,1000,0.2,1400,0.2,1
4,3,67,2,10,5,0,300,0.5,1700,0.5,1
4,4,903,1,0,500,0.6,1000,0.2,1400,0.2,1
4,5,767,0,0,500,0.6,1000,0.2,1400,0.2,1
4,6,277,0,0,500,0.6,1000,0.2,1400,0.2,1
4,7,923,2,10,5,0,666,0.42,420,0.58,1
4,8,861,2,10,5,0,300,0.5,572,0.32,486,0.18,1
4,9,268,1,0,300,0.5,572,0.32,486,0.18,1
4,10,865,2,10,5,0,500,0.6,1000,0.2,1400,0.2,1
4,11,655,0,0,666,0.42,420,0.58,1
5,0,31,0,0,300,0.5,1700,0.5,1
5,1,47,1,0,500,0.6,1000,0.2,1400,0.2,1
5,2,927,0,0,666,0.42,420,0.58,1
5,3,663,1,0,300,0.5,572,0.32,486,0.18,1
5,4,21,2,10,5,0,300,0.5,572,0.32,486,0.18,1
5,5,682,0,0,300,0.5,572,0.32,486,0.18,1
5,6,77,1,0,300,0.5,572,0.32,486,0.18,1
5,7,435,2,10,5,0,300,0.5,572,0.32,486,0.18,1
5,8,158,1,0,300,0.5,572,0.32,486,0.18,1
5,9,736,2,10,5,0,300,0.5,1700,0.5,1
5,10,60,1,0,666,0.42,420,0.58,1
5,11,804,1,0,500,0.6,1000,0.2,1400,0.2,1
6,0,619,2,10,5,0,300,0.5,572,0.32,486,0.18,1
6,1,752,1,0,500,0.6,1000,0.2,1400,0.2,1
6,2,258,2,10,5,0,300,0.5,572,0.32,486,0.18,1
6,3,437,0,0,666,0.42,420,0.58,1
6,4,837,0,0,300,0.5,572,0.32,486,0.18,1
6,5,806,0,0,300,0.5,1700,0.5,1
6,6,316,1,0,500,0.6,1000,0.2,1400,0.2,1
6,7,317,1,0,500,0.6,1000,0.2,1400,0.2,1
6,8,488,2,10,5,0,300,0.5,572,0.32,486,0.18,1
6,9,132,2,10,5,0,666,0.42,420,0.58,1
6,10,226,1,0,500,0.6,1000,0.2,1400,0.2,1
6,11,666,2,10,5,0,300,0.5,1700,0.5,1
7,0,857,2,10,5,0,300,0.5,572,0.32,486,0.18,1
7,1,852,1,0,300,0.5,572,0.32,486,0.18,1
7,2,401,2,10,5,0,500,0.6,1000,0.2,1400,0.2,1
7,3,182,2,10,5,0,500,0.6,1000,0.2,1400,0.2,1
7,4,296,2,10,5,0,300,0.5,1700,0.5,1
7,5,987,0,0,300,0.5,572,0.32,486,0.18,1
7,6,683,2,10,5,0,666,0.42,420,0.58,1
7,7,932,1,0,300,0.5,572,0.32,486,0.18,1
7,8,387,0,0,300,0.5,1700,0.5,1
7,9,798,0,0,666,0.42,420,0.58,1
7,10,53,2,10,5,0,500,0.6,1000,0.2,1400,0.2,1
7,11,373,2,10,5,0,666,0.42,420,0.58,1
8,0,42,2,10,5,0,500,0.6,1000,0.2,1400,0.2,1
8,1,104,1,0,300,0.5,572,0.32,486,0.18,1
8,2,472,2,10,5,0,666,0.42,420,0.58,1
8,3,807,2,10,5,0,666,0.42,420,0.58,1
8,4,413,2,10,5,0,666,0.42,420,0.58,1
8,5,313,1,0,300,0.5,572,0.32,486,0.18,1
8,6,30,2,10,5,0,300,0.5,1700,0.5,1
8,7,219,1,0,500,0.6,1000,0.2,1400,0.2,1
8,8,410,0,0,300,0.5,572,0.32,486,0.18,1
8,9,124,1,0,300,0.5,572,0.32,486,0.18,1
8,10,997,0,0,666,0.42,420,0.58,1
8,11,840,2,10,5,0,500,0.6,1000,0.2,1400,0.2,1
9,0,201,1,0,500,0.6,1000,0.2,1400,0.2,1
9,1,923,2,10,5,0,500,0.6,1000,0.2,1400,0.2,1
9,2,16,1,0,300,0.5,1700,0.5,1
9,3,860,1,0,500,0.6,1000,0.2,1400,0.2,1
9,4,332,0,0,300,0.5,1700,0.5,1
9,5,507,1,0,300,0.5,1700,0.5,1
9,6,59,1,0,500,0.6,1000,0.2,1400,0.2,1
9,7,648,0,0,666,0.42,420,0.58,1
9,8,883,2,10,5,0,300,0.5,572,0.32,486,0.18,1
9,9,996,2,10,5,0,300,0.5,1700,0.5,1
9,10,962,2,10,5,0,500,0.6,1000,0.2,1400,0.2,1
9,11,628,1,0,300,0.5,1700,0.5,1
10,0,82,1,0,666,0.42,420,0.58,1
10,1,494,2,10,5,0,300,0.5,572,0.32,486,0.18,1
10,2,749,0,0,500,0.6,1000,0.2,1400,0.2,1
10,3,70,2,10,5,0,666,0.42,420,0.58,1
10,4,446,0,0,300,0.5,1700,0.5,1
10,5,18,1,0,300,0.5,1700,0.5,1
10,6,522,2,10,5,0,300,0.5,572,0.32,486,0.18,1
10,7,140,2,10,5,0,500,0.6,1000,0.2,1400,0.2,1
10,8,772,1,0,500,0.6,1000,0.2,1400,0.2,1
10,9,631,2,10,5,0,500,0.6,1000,0.2,1400,0.2,1
10,10,525,2,10,5,0,666,0.42,420,0.58,1
10,11,617,0,0,666,0.42,420,0.58,1
11,0,349,2,10,5,0,300,0.5,572,0.32,486,0.18,1
11,1,953,1,0,300,0.5,572,0.32,486,0.18,1
11,2,730,0,0,300,0.5,1700,0.5,1
11,3,997,2,10,5,0,300,0.5,572,0.32,486,0.18,1
11,4,254,1,0,300,0.5,572,0.32,486,0.18,1
11,5,998,0,0,500,0.6,1000,0.2,1400,0.2,1
11,6,534,0,0,500,0.6,1000,0.2,1400,0.2,1
11,7,174,1,0,500,0.6,1000,0.2,1400,0.2,1
11,8,73,1,0,300,0.5,1700,0.5,1
11,9,310,2,10,5,0,666,0.42,420,0.58,1
11,10,915,2,10,5,0,666,0.42,420,0.58,1
11,11,312,0,0,300,0.5,572,0.32,486,0.18,1
