0,0,840,1,0,500,0.6,1000,0.2,1400,0.2,1
0,1,303,2,10,5,0,300,0.5,572,0.32,486,0.18,1
0,2,318,0,0,300,0.5,572,0.32,486,0.18,1
0,3,221,2,10,5,0,500,0.6,1000,0.2,1400,0.2,1
0,4,503,1,0,666,0.42,420,0.58,1
0,5,741,0,0,300,0.5,1700,0.5,1
0,6,137,0,0,300,0.5,572,0.32,486,0.18,1
0,7,290,0,0,300,0.5,572,0.32,486,0.18,1
0,8,115,1,0,300,0.5,572,0.32,486,0.18,1
0,9,694,2,10,5,0,500,0.6,1000,0.2,1400,0.2,1
0,10,415,0,0,500,0.6,1000,0.2,1400,0.2,1
0,11,573,2,10,5,0,300,0.5,572,0.32,486,0.18,1
1,0,314,0,0,300,0.5,572,0.32,486,0.18,0
1,1,564,0,0,666,0.42,420,0.58,0
1,2,591,0,0,300,0.5,572,0.32,486,0.18,0
1,3,698,1,0,500,0.6,1000,0.2,1400,0.2,0
1,4,40,0,0,500,0.6,1000,0.2,1400,0.2,0
1,5,109,2,10,5,0,666,0.42,420,0.58,0
1,6,812,0,0,300,0.5,1700,0.5,0
1,7,830,2,10,5,0,500,0.6,1000,0.2,1400,0.2,0
1,8,175,0,0,666,0.42,420,0.58,0
1,9,988,0,0,500,0.6,1000,0.2,1400,0.2,0
1,10,743,2,10,5,0,666,0.42,420,0.58,0
1,11,618,2,10,5,0,666,0.42,420,0.58,0
2,0,291,0,0,500,0.6,1000,0.2,1400,0.2,1
2,1,917,0,0,500,0.6,1000,0.2,1400,0.2,1
2,2,401,2,10,5,0,666,0.42,420,0.58,1
2,3,885,2,10,5,0,300,0.5,1700,0.5,1
2,4,109,2,10,5,0,500,0.6,1000,0.2,1400,0.2,1
2,5,851,2,10,5,0,300,0.5,572,0.32,486,0.18,1
2,6,855,1,0,500,0.6,1000,0.2,1400,0.2,1
2,7,409,2,10,5,0,300,0.5,572,0.32,486,0.18,1
2,8,395,1,0,300,0.5,572,0.32,486,0.18,1
2,9,649,2,10,5,0,300,0.5,1700,0.5,1
2,10,453,0,0,300,0.5,572,0.32,486,0.18,1
2,11,272,2,10,5,0,500,0.6,1000,0.2,1400,0.2,1
3,0,190,1,0,300,0.5,572,0.32,486,0.18,1
3,1,34,2,10,5,0,666,0.42,420,0.58,1
3,2,94,0,0,300,0.5,572,0.32,486,0.18,1
3,3,842,1,0,500,0.6,1000,0.2,1400,0.2,1
3,4,463,0,0,500,0.6,1000,0.2,1400,0.2,1
3,5,560,0,0,666,0.42,420,0.58,1
3,6,580,2,10,5,0,300,0.5,572,0.32,486,0.18,1
3,7,214,1,0,300,0.5,572,0.32,486,0.18,1
3,8,336,1,0,500,0.6,1000,0.2,1400,0.2,1
3,9,398,1,0,500,0.6,1000,0.2,1400,0.2,1
3,10,876,0,0,500,0.6,1000,0.2,1400,0.2,1
3,11,431,2,10,5,0,666,0.42,420,0.58,1
4,0,869,0,0,300,0.5,572,0.32,486,0.18,1
4,1,918,2,10,5,0,666,0.42,420,0.58,1
4,2,225,2,10,5,0,666,0.42,420,0.58,1
4,3,875,1,0,666,0.42,420,0.58,1
4,4,860,2,10,5,0,666,0.42,420,0.58,1
4,5,827,2,10,5,0,300,0.5,572,0.32,486,0.18,1
4,6,314,2,10,5,0,300,0.5,572,0.32,486,0.18,1
4,7,260,1,0,500,0.6,1000,0.2,1400,0.2,1
4,8,389,1,0,300,0.5,572,0.32,486,0.18,1
4,9,728,0,0,300,0.5,1700,0.5,1
4,10,45,0,0,500,0.6,1000,0.2,1400,0.2,1
4,11,441,1,0,666,0.42,420,0.58,1
5,0,919,1,0,300,0.5,572,0.32,486,0.18,1
5,1,641,1,0,666,0.42,420,0.58,1
5,2,469,2,10,5,0,300,0.5,1700,0.5,1
5,3,13,0,0,666,0.42,420,0.58,1
5,4,570,2,10,5,0,666,0.42,420,0.58,1
5,5,337,0,0,666,0.42,420,0.58,1
5,6,985,0,0,500,0.6,1000,0.2,1400,0.2,1
5,7,329,2,10,5,0,300,0.5,572,0.32,486,0.18,1
5,8,243,0,0,300,0.5,1700,0.5,1
5,9,911,2,10,5,0,300,0.5,1700,0.5,1
5,10,400,1,0,300,0.5,1700,0.5,1
5,11,158,0,0,300,0.5,572,0.32,486,0.18,1
6,0,901,1,0,500,0.6,1000,0.2,1400,0.2,1
6,1,411,0,0,500,0.6,1000,0.2,1400,0.2,1
6,2,423,0,0,666,0.42,420,0.58,1
6,3,377,2,10,5,0,300,0.5,572,0.32,486,0.18,1
6,4,530,1,0,500,0.6,1000,0.2,1400,0.2,1
6,5,29,0,0,500,0.6,1000,0.2,1400,0.2,1
6,6,554,0,0,300,0.5,1700,0.5,1
6,7,44,2,10,5,0,500,0.6,1000,0.2,1400,0.2,1
6,8,771,1,0,300,0.5,1700,0.5,1
6,9,494,2,10,5,0,300,0.5,1700,0.5,1
6,10,657,0,0,500,0.6,1000,0.2,1400,0.2,1
6,11,698,1,0,300,0.5,1700,0.5,1
7,0,614,0,0,300,0.5,1700,0.5,1
7,1,116,1,0,500,0.6,1000,0.2,1400,0.2,1
7,2,665,0,0,500,0.6,1000,0.2,1400,0.2,1
7,3,186,1,0,666,0.42,420,0.58,1
7,4,607,1,0,300,0.5,572,0.32,486,0.18,1
7,5,860,1,0,500,0.6,1000,0.2,1400,0.2,1
7,6,646,2,10,5,0,300,0.5,572,0.32,486,0.18,1
7,7,508,2,10,5,0,500,0.6,1000,0.2,1400,0.2,1
7,8,626,2,10,5,0,666,0.42,420,0.58,1
7,9,860,2,10,5,0,500,0.6,1000,0.2,1400,0.2,1
7,10,45,2,10,5,0,300,0.5,572,0.32,486,0.18,1
7,11,723,2,10,5,0,500,0.6,1000,0.2,1400,0.2,1
8,0,676,2,10,5,0,666,0.42,420,0.58,1
8,1,604,2,10,5,0,300,0.5,1700,0.5,1
8,2,713,0,0,300,0.5,1700,0.5,1
8,3,694,1,0,300,0.5,1700,0.5,1
8,4,822,1,0,500,0.6,1000,0.2,1400,0.2,1
8,5,433,2,10,5,0,300,0.5,572,0.32,486,0.18,1
8,6,793,1,0,300,0.5,572,0.32,486,0.18,1
8,7,928,0,0,500,0.6,1000,0.2,1400,0.2,1
8,8,394,1,0,666,0.42,420,0.58,1
8,9,678,1,0,300,0.5,1700,0.5,1
8,10,614,1,0,666,0.42,420,0.58,1
8,11,571,0,0,300,0.5,1700,0.5,1
9,0,995,2,10,5,0,500,0.6,1000,0.2,1400,0.2,1
9,1,572,0,0,666,0.42,420,0.58,1
9,2,509,1,0,666,0.42,420,0.58,1
9,3,359,0,0,666,0.42,420,0.58,1
9,4,823,1,0,300,0.5,572,0.32,486,0.18,1
9,5,15,2,10,5,0,300,0.5,572,0.32,486,0.18,1
9,6,370,2,10,5,0,300,0.5,1700,0.5,1
9,7,758,1,0,300,0.5,1700,0.5,1
9,8,679,1,0,300,0.5,1700,0.5,1
9,9,505,0,0,300,0.5,572,0.32,486,0.18,1
9,10,537,2,10,5,0,666,0.42,420,0.58,1
9,11,556,2,10,5,0,666,0.42,420,0.58,1
10,0,520,0,0,500,0.6,1000,0.2,1400,0.2,1
10,1,906,2,10,5,0,300,0.5,1700,0.5,1
10,2,903,2,10,5,0,300,0.5,572,0.32,486,0.18,1
10,3,992,0,0,300,0.5,1700,0.5,1
10,4,645,1,0,500,0.6,1000,0.2,1400,0.2,1
10,5,120,2,10,5,0,666,0.42,420,0.58,1
10,6,421,1,0,300,0.5,1700,0.5,1
10,7,911,2,10,5,0,300,0.5,1700,0.5,1
10,8,957,0,0,666,0.42,420,0.58,1
10,9,234,1,0,300,0.5,572,0.32,486,0.18,1
10,10,111,0,0,300,0.5,572,0.32,486,0.18,1
10,11,904,1,0,500,0.6,1000,0.2,1400,0.2,1
11,0,216,0,0,666,0.42,420,0.58,1
11,1,104,0,0,666,0.42,420,0.58,1
11,2,773,2,10,5,0,500,0.6,1000,0.2,1400,0.2,1
11,3,415,1,0,666,0.42,420,0.58,1
11,4,173,2,10,5,0,300,0.5,1700,0.5,1
11,5,728,2,10,5,0,300,0.5,1700,0.5,1
11,6,626,2,10,5,0,500,0.6,1000,0.2,1400,0.2,1
11,7,766,1,0,300,0.5,1700,0.5,1
11,8,127,1,0,300,0.5,572,0.32,486,0.18,1
11,9,490,1,0,666,0.42,420,0.58,1
11,10,909,2,10,5,0,300,0.5,1700,0.5,1
11,11,376,1,0,500,0.6,1000,0.2,1400,0.2,1
