0,0,915,2,10,5,0,666,0.42,420,0.58,1
0,1,224,1,0,500,0.6,1000,0.2,1400,0.2,1
0,2,770,0,0,666,0.42,420,0.58,1
0,3,82,1,0,300,0.5,572,0.32,486,0.18,1
0,4,783,2,10,5,0,300,0.5,572,0.32,486,0.18,1
0,5,614,2,10,5,0,500,0.6,1000,0.2,1400,0.2,1
0,6,745,1,0,500,0.6,1000,0.2,1400,0.2,1
0,7,739,0,0,300,0.5,1700,0.5,1
0,8,243,1,0,300,0.5,572,0.32,486,0.18,1
0,9,786,0,0,500,0.6,1000,0.2,1400,0.2,1
0,10,540,0,0,666,0.42,420,0.58,1
0,11,692,1,0,300,0.5,572,0.32,486,0.18,1
1,0,668,0,0,666,0.42,420,0.58,0
1,1,652,1,0,500,0.6,1000,0.2,1400,0.2,0
1,2,935,2,10,5,0,500,0.6,1000,0.2,1400,0.2,0
1,3,239,2,10,5,0,300,0.5,1700,0.5,0
1,4,323,2,10,5,0,666,0.42,420,0.58,0
1,5,849,1,0,500,0.6,1000,0.2,1400,0.2,0
1,6,858,1,0,300,0.5,1700,0.5,0
1,7,755,0,0,300,0.5,572,0.32,486,0.18,0
1,8,619,0,0,666,0.42,420,0.58,0
1,9,277,1,0,300,0.5,572,0.32,486,0.18,0
1,10,642,0,0,500,0.6,1000,0.2,1400,0.2,0
1,11,290,0,0,300,0.5,1700,0.5,0
2,0,778,1,0,666,0.42,420,0.58,1
2,1,88,0,0,300,0.5,1700,0.5,1
2,2,118,0,0,300,0.5,1700,0.5,1
2,3,245,0,0,300,0.5,572,0.32,486,0.18,1
2,4,378,1,0,300,0.5,1700,0.5,1
2,5,711,2,10,5,0,500,0.6,1000,0.2,1400,0.2,1
2,6,628,1,0,500,0.6,1000,0.2,1400,0.2,1
2,7,443,0,0,300,0.5,572,0.32,486,0.18,1
2,8,164,2,10,5,0,666,0.42,420,0.58,1
2,9,576,1,0,666,0.42,420,0.58,1
2,10,900,2,10,5,0,300,0.5,572,0.32,486,0.18,1
2,11,875,0,0,500,0.6,1000,0.2,1400,0.2,1
3,0,145,0,0,300,0.5,1700,0.5,1
3,1,17,1,0,300,0.5,1700,0.5,1
3,2,424,0,0,300,0.5,572,0.32,486,0.18,1
3,3,238,1,0,500,0.6,1000,0.2,1400,0.2,1
3,4,601,1,0,500,0.6,1000,0.2,1400,0.2,1
3,5,46,1,0,666,0.42,420,0.58,1
3,6,794,1,0,300,0.5,1700,0.5,1
3,7,695,0,0,300,0.5,1700,0.5,1
3,8,750,1,0,500,0.6,1000,0.2,1400,0.2,1
3,9,316,1,0,500,0.6,1000,0.2,1400,0.2,1
3,10,155,2,10,5,0,666,0.42,420,0.58,1
3,11,152,0,0,300,0.5,572,0.32,486,0.18,1
4,0,838,0,0,666,0.42,420,0.58,1
4,1,419,0,0,300,0.5,1700,0.5,1
4,2,660,2,10,5,0,300,0.5,572,0.32,486,0.18,1
4,3,862,1,0,500,0.6,1000,0.2,1400,0.2,1
4,4,291,0,0,300,0.5,572,0.32,486,0.18,1
4,5,528,2,10,5,0,300,0.5,1700,0.5,1
4,6,294,2,10,5,0,500,0.6,1000,0.2,1400,0.2,1
4,7,14,1,0,300,0.5,572,0.32,486,0.18,1
4,8,97,1,0,500,0.6,1000,0.2,1400,0.2,1
4,9,533,0,0,500,0.6,1000,0.2,1400,0.2,1
4,10,844,2,10,5,0,666,0.42,420,0.58,1
4,11,435,1,0,300,0.5,1700,0.5,1
5,0,602,1,0,500,0.6,1000,0.2,1400,0.2,1
5,1,505,2,10,5,0,500,0.6,1000,0.2,1400,0.2,1
5,2,282,2,10,5,0,300,0.5,1700,0.5,1
5,3,768,0,0,500,0.6,1000,0.2,1400,0.2,1
5,4,331,0,0,300,0.5,572,0.32,486,0.18,1
5,5,337,0,0,666,0.42,420,0.58,1
5,6,885,1,0,666,0.42,420,0.58,1
5,7,264,0,0,300,0.5,1700,0.5,1
5,8,499,0,0,500,0.6,1000,0.2,1400,0.2,1
5,9,710,2,10,5,0,300,0.5,1700,0.5,1
5,10,928,1,0,666,0.42,420,0.58,1
5,11,594,0,0,300,0.5,1700,0.5,1
6,0,138,2,10,5,0,300,0.5,572,0.32,486,0.18,1
6,1,150,2,10,5,0,500,0.6,1000,0.2,1400,0.2,1
6,2,120,1,0,300,0.5,572,0.32,486,0.18,1
6,3,796,2,10,5,0,500,0.6,1000,0.2,1400,0.2,1
6,4,699,0,0,300,0.5,1700,0.5,1
6,5,200,0,0,666,0.42,420,0.58,1
6,6,578,1,0,500,0.6,1000,0.2,1400,0.2,1
6,7,139,1,0,300,0.5,1700,0.5,1
6,8,130,0,0,300,0.5,1700,0.5,1
6,9,887,0,0,300,0.5,1700,0.5,1
6,10,236,2,10,5,0,500,0.6,1000,0.2,1400,0.2,1
6,11,571,1,0,300,0.5,1700,0.5,1
7,0,888,0,0,300,0.5,1700,0.5,1
7,1,240,1,0,666,0.42,420,0.58,1
7,2,845,1,0,300,0.5,572,0.32,486,0.18,1
7,3,287,2,10,5,0,500,0.6,1000,0.2,1400,0.2,1
7,4,799,2,10,5,0,300,0.5,572,0.32,486,0.18,1
7,5,591,0,0,300,0.5,1700,0.5,1
7,6,651,0,0,666,0.42,420,0.58,1
7,7,982,1,0,666,0.42,420,0.58,1
7,8,225,1,0,300,0.5,1700,0.5,1
7,9,261,1,0,666,0.42,420,0.58,1
7,10,357,0,0,500,0.6,1000,0.2,1400,0.2,1
7,11,299,0,0,666,0.42,420,0.58,1
8,0,975,0,0,500,0.6,1000,0.2,1400,0.2,1
8,1,123,0,0,300,0.5,572,0.32,486,0.18,1
8,2,635,2,10,5,0,300,0.5,572,0.32,486,0.18,1
8,3,947,2,10,5,0,500,0.6,1000,0.2,1400,0.2,1
8,4,679,1,0,666,0.42,420,0.58,1
8,5,155,0,0,666,0.42,420,0.58,1
8,6,905,0,0,666,0.42,420,0.58,1
8,7,712,2,10,5,0,300,0.5,1700,0.5,1
8,8,71,1,0,300,0.5,572,0.32,486,0.18,1
8,9,696,1,0,666,0.42,420,0.58,1
8,10,479,0,0,300,0.5,572,0.32,486,0.18,1
8,11,510,2,10,5,0,300,0.5,572,0.32,486,0.18,1
9,0,593,0,0,300,0.5,572,0.32,486,0.18,1
9,1,133,1,0,666,0.42,420,0.58,1
9,2,573,1,0,300,0.5,1700,0.5,1
9,3,276,0,0,666,0.42,420,0.58,1
9,4,498,0,0,300,0.5,572,0.32,486,0.18,1
9,5,71,0,0,666,0.42,420,0.58,1
9,6,287,2,10,5,0,500,0.6,1000,0.2,1400,0.2,1
9,7,164,1,0,300,0.5,572,0.32,486,0.18,1
9,8,508,1,0,500,0.6,1000,0.2,1400,0.2,1
9,9,992,2,10,5,0,500,0.6,1000,0.2,1400,0.2,1
9,10,336,1,0,300,0.5,572,0.32,486,0.18,1
9,11,219,1,0,300,0.5,1700,0.5,1
10,0,404,0,0,300,0.5,1700,0.5,1
10,1,404,0,0,300,0.5,1700,0.5,1
10,2,12,1,0,300,0.5,572,0.32,486,0.18,1
10,3,651,1,0,666,0.42,420,0.58,1
10,4,659,2,10,5,0,666,0.42,420,0.58,1
10,5,54,1,0,500,0.6,1000,0.2,1400,0.2,1
10,6,506,1,0,300,0.5,1700,0.5,1
10,7,659,2,10,5,0,300,0.5,1700,0.5,1
10,8,325,1,0,300,0.5,572,0.32,486,0.18,1
10,9,689,2,10,5,0,500,0.6,1000,0.2,1400,0.2,1
10,10,235,2,10,5,0,300,0.5,572,0.32,486,0.18,1
10,11,547,1,0,300,0.5,1700,0.5,1
11,0,990,2,10,5,0,300,0.5,572,0.32,486,0.18,1
11,1,715,2,10,5,0,300,0.5,1700,0.5,1
11,2,644,1,0,300,0.5,1700,0.5,1
11,3,820,2,10,5,0,500,0.6,1000,0.2,1400,0.2,1
11,4,703,1,0,300,0.5,1700,0.5,1
11,5,605,0,0,500,0.6,1000,0.2,1400,0.2,1
11,6,91,2,10,5,0,300,0.5,572,0.32,486,0.18,1
11,7,902,0,0,500,0.6,1000,0.2,1400,0.2,1
11,8,569,0,0,300,0.5,572,0.32,486,0.18,1
11,9,469,2,10,5,0,300,0.5,572,0.32,486,0.18,1
11,10,512,1,0,300,0.5,1700,0.5,1
11,11,839,2,10,5,0,500,0.6,1000,0.2,1400,0.2,1
