0,0,776,0,0,666,0.42,420,0.58,1
0,1,219,0,0,300,0.5,572,0.32,486,0.18,1
0,2,635,0,0,300,0.5,1700,0.5,1
0,3,706,0,0,300,0.5,572,0.32,486,0.18,1
0,4,935,1,0,500,0.6,1000,0.2,1400,0.2,1
0,5,939,2,10,5,0,300,0.5,572,0.32,486,0.18,1
0,6,401,1,0,666,0.42,420,0.58,1
0,7,298,2,10,5,0,666,0.42,420,0.58,1
0,8,163,2,10,5,0,300,0.5,572,0.32,486,0.18,1
0,9,443,2,10,5,0,300,0.5,1700,0.5,1
0,10,194,2,10,5,0,500,0.6,1000,0.2,1400,0.2,1
0,11,267,1,0,300,0.5,1700,0.5,1
1,0,262,0,0,666,0.42,420,0.58,0
1,1,859,2,10,5,0,300,0.5,572,0.32,486,0.18,0
1,2,595,1,0,300,0.5,1700,0.5,0
1,3,858,2,10,5,0,300,0.5,1700,0.5,0
1,4,562,2,10,5,0,666,0.42,420,0.58,0
1,5,44,2,10,5,0,666,0.42,420,0.58,0
1,6,889,0,0,666,0.42,420,0.58,0
1,7,633,2,10,5,0,500,0.6,1000,0.2,1400,0.2,0
1,8,327,0,0,500,0.6,1000,0.2,1400,0.2,0
1,9,686,0,0,500,0.6,1000,0.2,1400,0.2,0
1,10,196,2,10,5,0,666,0.42,420,0.58,0
1,11,990,1,0,500,0.6,1000,0.2,1400,0.2,0
2,0,680,2,10,5,0,300,0.5,572,0.32,486,0.18,1
2,1,226,2,10,5,0,500,0.6,1000,0.2,1400,0.2,1
2,2,47,0,0,500,0.6,1000,0.2,1400,0.2,1
2,3,343,0,0,300,0.5,572,0.32,486,0.18,1
2,4,541,0,0,300,0.5,572,0.32,486,0.18,1
2,5,486,0,0,300,0.5,1700,0.5,1
2,6,273,2,10,5,0,500,0.6,1000,0.2,1400,0.2,1
2,7,73,2,10,5,0,500,0.6,1000,0.2,1400,0.2,1
2,8,675,1,0,300,0.5,572,0.32,486,0.18,1
2,9,588,1,0,300,0.5,572,0.32,486,0.18,1
2,10,53,2,10,5,0,300,0.5,1700,0.5,1
2,11,907,2,10,5,0,666,0.42,420,0.58,1
3,0,743,1,0,300,0.5,1700,0.5,1
3,1,470,1,0,500,0.6,1000,0.2,1400,0.2,1
3,2,66,0,0,300,0.5,1700,0.5,1
3,3,620,2,10,5,0,500,0.6,1000,0.2,1400,0.2,1
3,4,416,1,0,666,0.42,420,0.58,1
3,5,457,2,10,5,0,300,0.5,1700,0.5,1
3,6,598,0,0,666,0.42,420,0.58,1
3,7,75,0,0,500,0.6,1000,0.2,1400,0.2,1
3,8,683,1,0,300,0.5,572,0.32,486,0.18,1
3,9,16,1,0,300,0.5,1700,0.5,1
3,10,20,0,0,300,0.5,1700,0.5,1
3,11,737,0,0,500,0.6,1000,0.2,1400,0.2,1
4,0,934,1,0,666,0.42,420,0.58,1
4,1,77,1,0,300,0.5,572,0.32,486,0.18,1
4,2,536,2,10,5,0,500,0.6,1000,0.2,1400,0.2,1
4,3,446,1,0,300,0.5,572,0.32,486,0.18,1
4,4,751,1,0,666,0.42,420,0.58,1
4,5,663,0,0,300,0.5,1700,0.5,1
4,6,754,1,0,300,0.5,1700,0.5,1
4,7,566,2,10,5,0,300,0.5,572,0.32,486,0.18,1
4,8,926,1,0,300,0.5,572,0.32,486,0.18,1
4,9,582,2,10,5,0,300,0.5,572,0.32,486,0.18,1
4,10,973,1,0,300,0.5,572,0.32,486,0.18,1
4,11,893,2,10,5,0,666,0.42,420,0.58,1
5,0,663,0,0,500,0.6,1000,0.2,1400,0.2,1
5,1,780,1,0,500,0.6,1000,0.2,1400,0.2,1
5,2,927,0,0,500,0.6,1000,0.2,1400,0.2,1
5,3,72,0,0,300,0.5,572,0.32,486,0.18,1
5,4,423,0,0,500,0.6,1000,0.2,1400,0.2,1
5,5,533,2,10,5,0,500,0.6,1000,0.2,1400,0.2,1
5,6,286,0,0,666,0.42,420,0.58,1
5,7,41,2,10,5,0,300,0.5,1700,0.5,1
5,8,509,1,0,500,0.6,1000,0.2,1400,0.2,1
5,9,11,1,0,300,0.5,572,0.32,486,0.18,1
5,10,685,2,10,5,0,500,0.6,1000,0.2,1400,0.2,1
5,11,677,1,0,666,0.42,420,0.58,1
6,0,848,1,0,300,0.5,572,0.32,486,0.18,1
6,1,863,0,0,300,0.5,572,0.32,486,0.18,1
6,2,652,0,0,300,0.5,572,0.32,486,0.18,1
6,3,201,2,10,5,0,300,0.5,572,0.32,486,0.18,1
6,4,409,2,10,5,0,300,0.5,572,0.32,486,0.18,1
6,5,97,2,10,5,0,500,0.6,1000,0.2,1400,0.2,1
6,6,841,0,0,300,0.5,572,0.32,486,0.18,1
6,7,294,0,0,300,0.5,572,0.32,486,0.18,1
6,8,943,1,0,666,0.42,420,0.58,1
6,9,508,1,0,300,0.5,572,0.32,486,0.18,1
6,10,149,2,10,5,0,666,0.42,420,0.58,1
6,11,745,1,0,666,0.42,420,0.58,1
7,0,673,1,0,300,0.5,1700,0.5,1
7,1,982,0,0,666,0.42,420,0.58,1
7,2,665,1,0,300,0.5,572,0.32,486,0.18,1
7,3,769,2,10,5,0,666,0.42,420,0.58,1
7,4,261,0,0,300,0.5,1700,0.5,1
7,5,475,2,10,5,0,500,0.6,1000,0.2,1400,0.2,1
7,6,379,2,10,5,0,300,0.5,1700,0.5,1
7,7,30,1,0,666,0.42,420,0.58,1
7,8,749,2,10,5,0,666,0.42,420,0.58,1
7,9,763,2,10,5,0,500,0.6,1000,0.2,1400,0.2,1
7,10,729,2,10,5,0,300,0.5,1700,0.5,1
7,11,53,0,0,500,0.6,1000,0.2,1400,0.2,1
8,0,98,0,0,300,0.5,572,0.32,486,0.18,1
8,1,176,0,0,666,0.42,420,0.58,1
8,2,546,1,0,500,0.6,1000,0.2,1400,0.2,1
8,3,281,1,0,300,0.5,572,0.32,486,0.18,1
8,4,133,2,10,5,0,500,0.6,1000,0.2,1400,0.2,1
8,5,778,1,0,666,0.42,420,0.58,1
8,6,134,1,0,666,0.42,420,0.58,1
8,7,115,0,0,500,0.6,1000,0.2,1400,0.2,1
8,8,34,0,0,300,0.5,572,0.32,486,0.18,1
8,9,130,1,0,300,0.5,572,0.32,486,0.18,1
8,10,791,0,0,300,0.5,572,0.32,486,0.18,1
8,11,114,2,10,5,0,666,0.42,420,0.58,1
9,0,311,2,10,5,0,500,0.6,1000,0.2,1400,0.2,1
9,1,861,2,10,5,0,300,0.5,572,0.32,486,0.18,1
9,2,563,1,0,666,0.42,420,0.58,1
9,3,477,2,10,5,0,300,0.5,1700,0.5,1
9,4,872,0,0,500,0.6,1000,0.2,1400,0.2,1
9,5,483,1,0,500,0.6,1000,0.2,1400,0.2,1
9,6,765,2,10,5,0,666,0.42,420,0.58,1
9,7,348,2,10,5,0,300,0.5,1700,0.5,1
9,8,748,0,0,666,0.42,420,0.58,1
9,9,164,0,0,300,0.5,572,0.32,486,0.18,1
9,10,857,0,0,300,0.5,572,0.32,486,0.18,1
9,11,639,0,0,500,0.6,1000,0.2,1400,0.2,1
10,0,930,1,0,666,0.42,420,0.58,1
10,1,465,1,0,300,0.5,1700,0.5,1
10,2,809,2,10,5,0,666,0.42,420,0.58,1
10,3,390,0,0,300,0.5,1700,0.5,1
10,4,226,0,0,500,0.6,1000,0.2,1400,0.2,1
10,5,113,2,10,5,0,666,0.42,420,0.58,1
10,6,970,1,0,300,0.5,572,0.32,486,0.18,1
10,7,156,0,0,300,0.5,572,0.32,486,0.18,1
10,8,20,0,0,300,0.5,572,0.32,486,0.18,1
10,9,527,1,0,300,0.5,572,0.32,486,0.18,1
10,10,209,1,0,666,0.42,420,0.58,1
10,11,50,2,10,5,0,666,0.42,420,0.58,1
11,0,632,2,10,5,0,500,0.6,1000,0.2,1400,0.2,1
11,1,556,0,0,666,0.42,420,0.58,1
11,2,712,2,10,5,0,500,0.6,1000,0.2,1400,0.2,1
11,3,909,1,0,500,0.6,1000,0.2,1400,0.2,1
11,4,453,0,0,666,0.42,420,0.58,1
11,5,369,2,10,5,0,300,0.5,572,0.32,486,0.18,1
11,6,257,0,0,666,0.42,420,0.58,1
11,7,445,1,0,300,0.5,572,0.32,486,0.18,1
11,8,852,0,0,300,0.5,572,0.32,486,0.18,1
11,9,750,2,10,5,0,300,0.5,1700,0.5,1
11,10,764,2,10,5,0,500,0.6,1000,0.2,1400,0.2,1
11,11,576,1,0,300,0.5,1700,0.5,1
