0,0,492,0,0,500,0.6,1000,0.2,1400,0.2,1
0,1,488,2,10,5,0,666,0.42,420,0.58,1
0,2,52,1,0,666,0.42,420,0.58,1
0,3,367,2,10,5,0,666,0.42,420,0.58,1
0,4,448,1,0,300,0.5,572,0.32,486,0.18,1
0,5,691,2,10,5,0,500,0.6,1000,0.2,1400,0.2,1
0,6,41,2,10,5,0,666,0.42,420,0.58,1
0,7,396,0,0,300,0.5,1700,0.5,1
0,8,188,0,0,300,0.5,1700,0.5,1
0,9,432,2,10,5,0,300,0.5,572,0.32,486,0.18,1
0,10,584,0,0,300,0.5,572,0.32,486,0.18,1
0,11,998,1,0,666,0.42,420,0.58,1
1,0,623,2,10,5,0,300,0.5,572,0.32,486,0.18,0
1,1,115,2,10,5,0,300,0.5,1700,0.5,0
1,2,443,0,0,300,0.5,1700,0.5,0
1,3,843,0,0,666,0.42,420,0.58,0
1,4,323,1,0,300,0.5,572,0.32,486,0.18,0
1,5,347,1,0,500,0.6,1000,0.2,1400,0.2,0
1,6,762,2,10,5,0,300,0.5,572,0.32,486,0.18,0
1,7,803,0,0,300,0.5,572,0.32,486,0.18,0
1,8,936,1,0,300,0.5,1700,0.5,0
1,9,128,0,0,500,0.6,1000,0.2,1400,0.2,0
1,10,718,0,0,666,0.42,420,0.58,0
1,11,849,2,10,5,0,666,0.42,420,0.58,0
2,0,286,2,10,5,0,666,0.42,420,0.58,1
2,1,305,0,0,666,0.42,420,0.58,1
2,2,593,1,0,500,0.6,1000,0.2,1400,0.2,1
2,3,377,1,0,500,0.6,1000,0.2,1400,0.2,1
2,4,790,0,0,666,0.42,420,0.58,1
2,5,856,1,0,666,0.42,420,0.58,1
2,6,157,0,0,666,0.42,420,0.58,1
2,7,937,0,0,666,0.42,420,0.58,1
2,8,347,1,0,500,0.6,1000,0.2,1400,0.2,1
2,9,361,1,0,300,0.5,1700,0.5,1
2,10,592,2,10,5,0,300,0.5,572,0.32,486,0.18,1
2,11,417,1,0,300,0.5,572,0.32,486,0.18,1
3,0,491,0,0,500,0.6,1000,0.2,1400,0.2,1
3,1,602,2,10,5,0,300,0.5,1700,0.5,1
3,2,140,1,0,666,0.42,420,0.58,1
3,3,461,0,0,300,0.5,572,0.32,486,0.18,1
3,4,54,1,0,300,0.5,572,0.32,486,0.18,1
3,5,519,1,0,500,0.6,1000,0.2,1400,0.2,1
3,6,310,1,0,300,0.5,1700,0.5,1
3,7,715,2,10,5,0,300,0.5,572,0.32,486,0.18,1
3,8,767,2,10,5,0,300,0.5,572,0.32,486,0.18,1
3,9,852,2,10,5,0,300,0.5,572,0.32,486,0.18,1
3,10,449,1,0,500,0.6,1000,0.2,1400,0.2,1
3,11,473,2,10,5,0,500,0.6,1000,0.2,1400,0.2,1
4,0,595,1,0,666,0.42,420,0.58,1
4,1,584,1,0,500,0.6,1000,0.2,1400,0.2,1
4,2,793,2,10,5,0,300,0.5,572,0.32,486,0.18,1
4,3,341,1,0,666,0.42,420,0.58,1
4,4,533,0,0,300,0.5,1700,0.5,1
4,5,692,0,0,500,0.6,1000,0.2,1400,0.2,1
4,6,421,1,0,500,0.6,1000,0.2,1400,0.2,1
4,7,569,2,10,5,0,300,0.5,1700,0.5,1
4,8,758,2,10,5,0,300,0.5,1700,0.5,1
4,9,863,0,0,300,0.5,1700,0.5,1
4,10,509,1,0,300,0.5,1700,0.5,1
4,11,486,2,10,5,0,500,0.6,1000,0.2,1400,0.2,1
5,0,882,0,0,300,0.5,572,0.32,486,0.18,1
5,1,329,2,10,5,0,666,0.42,420,0.58,1
5,2,569,0,0,300,0.5,1700,0.5,1
5,3,170,0,0,666,0.42,420,0.58,1
5,4,842,0,0,500,0.6,1000,0.2,1400,0.2,1
5,5,266,1,0,666,0.42,420,0.58,1
5,6,180,0,0,666,0.42,420,0.58,1
5,7,663,2,10,5,0,300,0.5,572,0.32,486,0.18,1
5,8,804,1,0,500,0.6,1000,0.2,1400,0.2,1
5,9,436,0,0,666,0.42,420,0.58,1
5,10,253,1,0,500,0.6,1000,0.2,1400,0.2,1
5,11,506,2,10,5,0,300,0.5,572,0.32,486,0.18,1
6,0,182,1,0,300,0.5,1700,0.5,1
6,1,751,1,0,500,0.6,1000,0.2,1400,0.2,1
6,2,304,0,0,666,0.42,420,0.58,1
6,3,579,2,10,5,0,300,0.5,1700,0.5,1
6,4,33,0,0,500,0.6,1000,0.2,1400,0.2,1
6,5,921,1,0,300,0.5,1700,0.5,1
6,6,687,0,0,300,0.5,1700,0.5,1
6,7,189,0,0,300,0.5,572,0.32,486,0.18,1
6,8,261,1,0,300,0.5,572,0.32,486,0.18,1
6,9,506,2,10,5,0,300,0.5,1700,0.5,1
6,10,359,0,0,666,0.42,420,0.58,1
6,11,67,0,0,300,0.5,1700,0.5,1
7,0,852,2,10,5,0,666,0.42,420,0.58,1
7,1,452,2,10,5,0,300,0.5,572,0.32,486,0.18,1
7,2,185,0,0,666,0.42,420,0.58,1
7,3,117,1,0,500,0.6,1000,0.2,1400,0.2,1
7,4,860,0,0,500,0.6,1000,0.2,1400,0.2,1
7,5,84,0,0,500,0.6,1000,0.2,1400,0.2,1
7,6,952,0,0,300,0.5,1700,0.5,1
7,7,17,2,10,5,0,300,0.5,1700,0.5,1
7,8,535,2,10,5,0,666,0.42,420,0.58,1
7,9,532,0,0,500,0.6,1000,0.2,1400,0.2,1
7,10,554,0,0,300,0.5,1700,0.5,1
7,11,725,2,10,5,0,500,0.6,1000,0.2,1400,0.2,1
8,0,429,1,0,500,0.6,1000,0.2,1400,0.2,1
8,1,75,0,0,300,0.5,1700,0.5,1
8,2,965,1,0,500,0.6,1000,0.2,1400,0.2,1
8,3,571,0,0,666,0.42,420,0.58,1
8,4,63,0,0,300,0.5,1700,0.5,1
8,5,80,2,10,5,0,300,0.5,572,0.32,486,0.18,1
8,6,60,2,10,5,0,666,0.42,420,0.58,1
8,7,159,2,10,5,0,500,0.6,1000,0.2,1400,0.2,1
8,8,102,0,0,300,0.5,572,0.32,486,0.18,1
8,9,588,2,10,5,0,300,0.5,572,0.32,486,0.18,1
8,10,608,1,0,666,0.42,420,0.58,1
8,11,92,2,10,5,0,666,0.42,420,0.58,1
9,0,35,2,10,5,0,500,0.6,1000,0.2,1400,0.2,1
9,1,91,0,0,666,0.42,420,0.58,1
9,2,711,2,10,5,0,500,0.6,1000,0.2,1400,0.2,1
9,3,217,1,0,300,0.5,1700,0.5,1
9,4,79,1,0,500,0.6,1000,0.2,1400,0.2,1
9,5,304,0,0,500,0.6,1000,0.2,1400,0.2,1
9,6,58,0,0,300,0.5,572,0.32,486,0.18,1
9,7,206,0,0,300,0.5,572,0.32,486,0.18,1
9,8,390,0,0,300,0.5,572,0.32,486,0.18,1
9,9,825,1,0,300,0.5,1700,0.5,1
9,10,393,0,0,300,0.5,1700,0.5,1
9,11,46,0,0,666,0.42,420,0.58,1
10,0,699,1,0,500,0.6,1000,0.2,1400,0.2,1
10,1,235,0,0,666,0.42,420,0.58,1
10,2,127,0,0,500,0.6,1000,0.2,1400,0.2,1
10,3,484,1,0,300,0.5,1700,0.5,1
10,4,365,0,0,300,0.5,1700,0.5,1
10,5,859,1,0,300,0.5,572,0.32,486,0.18,1
10,6,286,1,0,500,0.6,1000,0.2,1400,0.2,1
10,7,421,2,10,5,0,300,0.5,572,0.32,486,0.18,1
10,8,13,2,10,5,0,300,0.5,1700,0.5,1
10,9,38,0,0,500,0.6,1000,0.2,1400,0.2,1
10,10,451,1,0,666,0.42,420,0.58,1
10,11,967,0,0,500,0.6,1000,0.2,1400,0.2,1
11,0,311,1,0,666,0.42,420,0.58,1
11,1,703,2,10,5,0,666,0.42,420,0.58,1
11,2,177,0,0,300,0.5,572,0.32,486,0.18,1
11,3,926,0,0,500,0.6,1000,0.2,1400,0.2,1
11,4,521,2,10,5,0,300,0.5,1700,0.5,1
11,5,472,2,10,5,0,500,0.6,1000,0.2,1400,0.2,1
11,6,655,0,0,666,0.42,420,0.58,1
11,7,469,1,0,300,0.5,1700,0.5,1
11,8,351,0,0,500,0.6,1000,0.2,1400,0.2,1
11,9,329,2,10,5,0,300,0.5,1700,0.5,1
11,10,182,0,0,300,0.5,572,0.32,486,0.18,1
11,11,108,2,10,5,0,300,0.5,572,0.32,486,0.18,1
