0,0,19,2,10,5,0,300,0.5,572,0.32,486,0.18,1
0,1,335,2,10,5,0,300,0.5,1700,0.5,1
0,2,246,0,0,666,0.42,420,0.58,1
0,3,854,0,0,300,0.5,572,0.32,486,0.18,1
0,4,56,1,0,300,0.5,572,0.32,486,0.18,1
0,5,344,1,0,500,0.6,1000,0.2,1400,0.2,1
0,6,850,1,0,500,0.6,1000,0.2,1400,0.2,1
0,7,388,0,0,300,0.5,1700,0.5,1
0,8,633,2,10,5,0,300,0.5,572,0.32,486,0.18,1
0,9,181,0,0,500,0.6,1000,0.2,1400,0.2,1
0,10,107,0,0,666,0.42,420,0.58,1
0,11,766,2,10,5,0,666,0.42,420,0.58,1
1,0,364,1,0,666,0.42,420,0.58,0
1,1,964,2,10,5,0,500,0.6,1000,0.2,1400,0.2,0
1,2,135,2,10,5,0,666,0.42,420,0.58,0
1,3,459,0,0,300,0.5,1700,0.5,0
1,4,697,1,0,666,0.42,420,0.58,0
1,5,791,1,0,300,0.5,572,0.32,486,0.18,0
1,6,364,0,0,666,0.42,420,0.58,0
1,7,719,2,10,5,0,300,0.5,1700,0.5,0
1,8,650,1,0,300,0.5,572,0.32,486,0.18,0
1,9,254,2,10,5,0,500,0.6,1000,0.2,1400,0.2,0
1,10,214,2,10,5,0,500,0.6,1000,0.2,1400,0.2,0
1,11,448,0,0,500,0.6,1000,0.2,1400,0.2,0
2,0,578,0,0,300,0.5,1700,0.5,1
2,1,384,2,10,5,0,666,0.42,420,0.58,1
2,2,801,1,0,300,0.5,1700,0.5,1
2,3,855,2,10,5,0,666,0.42,420,0.58,1
2,4,415,0,0,666,0.42,420,0.58,1
2,5,453,2,10,5,0,500,0.6,1000,0.2,1400,0.2,1
2,6,701,1,0,300,0.5,572,0.32,486,0.18,1
2,7,637,2,10,5,0,300,0.5,572,0.32,486,0.18,1
2,8,199,2,10,5,0,500,0.6,1000,0.2,1400,0.2,1
2,9,810,1,0,300,0.5,1700,0.5,1
2,10,806,0,0,300,0.5,1700,0.5,1
2,11,679,1,0,300,0.5,572,0.32,486,0.18,1
3,0,282,1,0,500,0.6,1000,0.2,1400,0.2,1
3,1,467,0,0,666,0.42,420,0.58,1
3,2,339,2,10,5,0,500,0.6,1000,0.2,1400,0.2,1
3,3,183,0,0,300,0.5,1700,0.5,1
3,4,244,2,10,5,0,500,0.6,1000,0.2,1400,0.2,1
3,5,366,1,0,666,0.42,420,0.58,1
3,6,364,1,0,666,0.42,420,0.58,1
3,7,793,1,0,300,0.5,1700,0.5,1
3,8,690,1,0,500,0.6,1000,0.2,1400,0.2,1
3,9,243,2,10,5,0,300,0.5,1700,0.5,1
3,10,535,2,10,5,0,300,0.5,572,0.32,486,0.18,1
3,11,914,2,10,5,0,500,0.6,1000,0.2,1400,0.2,1
4,0,990,1,0,300,0.5,1700,0.5,1
4,1,828,0,0,500,0.6,1000,0.2,1400,0.2,1
4,2,535,1,0,300,0.5,572,0.32,486,0.18,1
4,3,350,2,10,5,0,666,0.42,420,0.58,1
4,4,473,2,10,5,0,300,0.5,1700,0.5,1
4,5,441,0,0,300,0.5,572,0.32,486,0.18,1
4,6,522,0,0,666,0.42,420,0.58,1
4,7,393,0,0,500,0.6,1000,0.2,1400,0.2,1
4,8,187,1,0,666,0.42,420,0.58,1
4,9,863,1,0,300,0.5,1700,0.5,1
4,10,498,1,0,300,0.5,1700,0.5,1
4,11,830,0,0,666,0.42,420,0.58,1
5,0,197,1,0,300,0.5,572,0.32,486,0.18,1
5,1,712,0,0,300,0.5,572,0.32,486,0.18,1
5,2,224,2,10,5,0,666,0.42,420,0.58,1
5,3,88,0,0,300,0.5,1700,0.5,1
5,4,17,0,0,666,0.42,420,0.58,1
5,5,205,1,0,300,0.5,1700,0.5,1
5,6,805,1,0,300,0.5,1700,0.5,1
5,7,981,2,10,5,0,666,0.42,420,0.58,1
5,8,271,1,0,300,0.5,1700,0.5,1
5,9,757,1,0,666,0.42,420,0.58,1
5,10,262,0,0,500,0.6,1000,0.2,1400,0.2,1
5,11,850,1,0,666,0.42,420,0.58,1
6,0,727,0,0,666,0.42,420,0.58,1
6,1,820,2,10,5,0,666,0.42,420,0.58,1
6,2,836,2,10,5,0,300,0.5,572,0.32,486,0.18,1
6,3,275,2,10,5,0,666,0.42,420,0.58,1
6,4,758,0,0,300,0.5,1700,0.5,1
6,5,920,0,0,300,0.5,572,0.32,486,0.18,1
6,6,367,1,0,666,0.42,420,0.58,1
6,7,963,2,10,5,0,300,0.5,572,0.32,486,0.18,1
6,8,577,2,10,5,0,666,0.42,420,0.58,1
6,9,129,2,10,5,0,666,0.42,420,0.58,1
6,10,498,2,10,5,0,666,0.42,420,0.58,1
6,11,941,1,0,500,0.6,1000,0.2,1400,0.2,1
7,0,31,0,0,666,0.42,420,0.58,1
7,1,280,2,10,5,0,300,0.5,572,0.32,486,0.18,1
7,2,947,0,0,500,0.6,1000,0.2,1400,0.2,1
7,3,398,0,0,666,0.42,420,0.58,1
7,4,405,0,0,300,0.5,572,0.32,486,0.18,1
7,5,39,2,10,5,0,666,0.42,420,0.58,1
7,6,212,0,0,666,0.42,420,0.58,1
7,7,889,2,10,5,0,300,0.5,572,0.32,486,0.18,1
7,8,834,2,10,5,0,300,0.5,572,0.32,486,0.18,1
7,9,748,1,0,666,0.42,420,0.58,1
7,10,745,2,10,5,0,500,0.6,1000,0.2,1400,0.2,1
7,11,116,2,10,5,0,300,0.5,1700,0.5,1
8,0,408,0,0,666,0.42,420,0.58,1
8,1,836,1,0,300,0.5,1700,0.5,1
8,2,670,2,10,5,0,666,0.42,420,0.58,1
8,3,484,0,0,300,0.5,1700,0.5,1
8,4,488,2,10,5,0,666,0.42,420,0.58,1
8,5,17,2,10,5,0,300,0.5,1700,0.5,1
8,6,321,2,10,5,0,300,0.5,572,0.32,486,0.18,1
8,7,441,1,0,666,0.42,420,0.58,1
8,8,840,1,0,500,0.6,1000,0.2,1400,0.2,1
8,9,394,1,0,300,0.5,572,0.32,486,0.18,1
8,10,432,1,0,500,0.6,1000,0.2,1400,0.2,1
8,11,971,1,0,300,0.5,572,0.32,486,0.18,1
9,0,265,1,0,300,0.5,572,0.32,486,0.18,1
9,1,584,0,0,500,0.6,1000,0.2,1400,0.2,1
9,2,985,0,0,300,0.5,572,0.32,486,0.18,1
9,3,971,2,10,5,0,300,0.5,572,0.32,486,0.18,1
9,4,765,2,10,5,0,300,0.5,1700,0.5,1
9,5,424,1,0,300,0.5,1700,0.5,1
9,6,917,1,0,500,0.6,1000,0.2,1400,0.2,1
9,7,290,0,0,300,0.5,1700,0.5,1
9,8,364,2,10,5,0,666,0.42,420,0.58,1
9,9,632,2,10,5,0,300,0.5,572,0.32,486,0.18,1
9,10,564,2,10,5,0,666,0.42,420,0.58,1
9,11,667,0,0,500,0.6,1000,0.2,1400,0.2,1
10,0,407,2,10,5,0,666,0.42,420,0.58,1
10,1,477,2,10,5,0,300,0.5,572,0.32,486,0.18,1
10,2,888,2,10,5,0,500,0.6,1000,0.2,1400,0.2,1
10,3,185,1,0,300,0.5,572,0.32,486,0.18,1
10,4,854,2,10,5,0,666,0.42,420,0.58,1
10,5,855,1,0,500,0.6,1000,0.2,1400,0.2,1
10,6,245,2,10,5,0,300,0.5,1700,0.5,1
10,7,315,1,0,300,0.5,572,0.32,486,0.18,1
10,8,108,2,10,5,0,666,0.42,420,0.58,1
10,9,574,2,10,5,0,300,0.5,572,0.32,486,0.18,1
10,10,91,0,0,300,0.5,572,0.32,486,0.18,1
10,11,503,2,10,5,0,500,0.6,1000,0.2,1400,0.2,1
11,0,147,1,0,300,0.5,572,0.32,486,0.18,1
11,1,55,2,10,5,0,666,0.42,420,0.58,1
11,2,329,1,0,500,0.6,1000,0.2,1400,0.2,1
11,3,374,2,10,5,0,300,0.5,1700,0.5,1
11,4,462,0,0,300,0.5,1700,0.5,1
11,5,583,0,0,300,0.5,1700,0.5,1
11,6,320,0,0,300,0.5,572,0.32,486,0.18,1
11,7,762,0,0,666,0.42,420,0.58,1
11,8,477,2,10,5,0,300,0.5,1700,0.5,1
11,9,396,0,0,300,0.5,572,0.32,486,0.18,1
11,10,616,1,0,300,0.5,572,0.32,486,0.18,1
11,11,876,1,0,500,0.6,1000,0.2,1400,0.2,1
