0,0,56,1,0,300,0.5,572,0.32,486,0.18,1
0,1,923,1,0,300,0.5,1700,0.5,1
0,2,134,0,0,500,0.6,1000,0.2,1400,0.2,1
0,3,597,1,0,300,0.5,1700,0.5,1
0,4,297,1,0,666,0.42,420,0.58,1
0,5,208,2,10,5,0,500,0.6,1000,0.2,1400,0.2,1
0,6,151,0,0,500,0.6,1000,0.2,1400,0.2,1
0,7,157,0,0,666,0.42,420,0.58,1
0,8,389,1,0,666,0.42,420,0.58,1
0,9,582,2,10,5,0,500,0.6,1000,0.2,1400,0.2,1
0,10,531,2,10,5,0,500,0.6,1000,0.2,1400,0.2,1
0,11,41,2,10,5,0,300,0.5,1700,0.5,1
1,0,934,0,0,500,0.6,1000,0.2,1400,0.2,0
1,1,421,2,10,5,0,300,0.5,572,0.32,486,0.18,0
1,2,311,0,0,666,0.42,420,0.58,0
1,3,922,0,0,300,0.5,572,0.32,486,0.18,0
1,4,592,0,0,500,0.6,1000,0.2,1400,0.2,0
1,5,264,1,0,300,0.5,572,0.32,486,0.18,0
1,6,60,0,0,666,0.42,420,0.58,0
1,7,760,2,10,5,0,300,0.5,572,0.32,486,0.18,0
1,8,714,2,10,5,0,666,0.42,420,0.58,0
1,9,979,2,10,5,0,666,0.42,420,0.58,0
1,10,892,1,0,666,0.42,420,0.58,0
1,11,357,2,10,5,0,300,0.5,572,0.32,486,0.18,0
2,0,308,0,0,500,0.6,1000,0.2,1400,0.2,1
2,1,946,0,0,500,0.6,1000,0.2,1400,0.2,1
2,2,573,0,0,500,0.6,1000,0.2,1400,0.2,1
2,3,464,2,10,5,0,300,0.5,572,0.32,486,0.18,1
2,4,714,2,10,5,0,666,0.42,420,0.58,1
2,5,512,2,10,5,0,666,0.42,420,0.58,1
2,6,510,1,0,500,0.6,1000,0.2,1400,0.2,1
2,7,431,0,0,300,0.5,572,0.32,486,0.18,1
2,8,162,0,0,300,0.5,572,0.32,486,0.18,1
2,9,630,0,0,666,0.42,420,0.58,1
2,10,706,0,0,500,0.6,1000,0.2,1400,0.2,1
2,11,204,1,0,500,0.6,1000,0.2,1400,0.2,1
3,0,783,1,0,666,0.42,420,0.58,1
3,1,395,0,0,500,0.6,1000,0.2,1400,0.2,1
3,2,973,0,0,666,0.42,420,0.58,1
3,3,920,1,0,500,0.6,1000,0.2,1400,0.2,1
3,4,911,1,0,300,0.5,1700,0.5,1
3,5,852,1,0,300,0.5,1700,0.5,1
3,6,83,2,10,5,0,300,0.5,1700,0.5,1
3,7,996,1,0,300,0.5,572,0.32,486,0.18,1
3,8,172,1,0,300,0.5,572,0.32,486,0.18,1
3,9,86,1,0,300,0.5,572,0.32,486,0.18,1
3,10,906,0,0,500,0.6,1000,0.2,1400,0.2,1
3,11,660,2,10,5,0,500,0.6,1000,0.2,1400,0.2,1
4,0,720,0,0,300,0.5,572,0.32,486,0.18,1
4,1,307,0,0,300,0.5,572,0.32,486,0.18,1
4,2,26,0,0,300,0.5,1700,0.5,1
4,3,110,0,0,666,0.42,420,0.58,1
4,4,280,0,0,300,0.5,1700,0.5,1
4,5,751,1,0,300,0.5,572,0.32,486,0.18,1
4,6,199,2,10,5,0,666,0.42,420,0.58,1
4,7,357,1,0,300,0.5,572,0.32,486,0.18,1
4,8,449,1,0,500,0.6,1000,0.2,1400,0.2,1
4,9,67,1,0,300,0.5,572,0.32,486,0.18,1
4,10,473,0,0,300,0.5,1700,0.5,1
4,11,458,1,0,300,0.5,1700,0.5,1
5,0,654,2,10,5,0,500,0.6,1000,0.2,1400,0.2,1
5,1,578,2,10,5,0,500,0.6,1000,0.2,1400,0.2,1
5,2,898,2,10,5,0,300,0.5,572,0.32,486,0.18,1
5,3,450,1,0,300,0.5,572,0.32,486,0.18,1
5,4,946,0,0,300,0.5,1700,0.5,1
5,5,852,2,10,5,0,666,0.42,420,0.58,1
5,6,117,2,10,5,0,300,0.5,572,0.32,486,0.18,1
5,7,622,0,0,666,0.42,420,0.58,1
5,8,367,2,10,5,0,300,0.5,572,0.32,486,0.18,1
5,9,226,2,10,5,0,666,0.42,420,0.58,1
5,10,233,0,0,300,0.5,572,0.32,486,0.18,1
5,11,715,2,10,5,0,500,0.6,1000,0.2,1400,0.2,1
6,0,59,1,0,666,0.42,420,0.58,1
6,1,589,1,0,300,0.5,572,0.32,486,0.18,1
6,2,279,1,0,300,0.5,572,0.32,486,0.18,1
6,3,255,1,0,500,0.6,1000,0.2,1400,0.2,1
6,4,826,0,0,500,0.6,1000,0.2,1400,0.2,1
6,5,104,0,0,666,0.42,420,0.58,1
6,6,46,1,0,500,0.6,1000,0.2,1400,0.2,1
6,7,666,2,10,5,0,300,0.5,572,0.32,486,0.18,1
6,8,109,0,0,500,0.6,1000,0.2,1400,0.2,1
6,9,959,0,0,300,0.5,572,0.32,486,0.18,1
6,10,655,1,0,300,0.5,1700,0.5,1
6,11,765,0,0,300,0.5,1700,0.5,1
7,0,164,1,0,666,0.42,420,0.58,1
7,1,284,2,10,5,0,500,0.6,1000,0.2,1400,0.2,1
7,2,998,0,0,666,0.42,420,0.58,1
7,3,736,1,0,300,0.5,1700,0.5,1
7,4,788,1,0,300,0.5,572,0.32,486,0.18,1
7,5,967,0,0,666,0.42,420,0.58,1
7,6,180,2,10,5,0,666,0.42,420,0.58,1
7,7,418,0,0,300,0.5,572,0.32,486,0.18,1
7,8,496,1,0,666,0.42,420,0.58,1
7,9,911,0,0,300,0.5,572,0.32,486,0.18,1
7,10,376,0,0,666,0.42,420,0.58,1
7,11,271,1,0,500,0.6,1000,0.2,1400,0.2,1
8,0,893,0,0,300,0.5,572,0.32,486,0.18,1
8,1,240,2,10,5,0,300,0.5,1700,0.5,1
8,2,111,2,10,5,0,300,0.5,1700,0.5,1
8,3,47,1,0,666,0.42,420,0.58,1
8,4,820,2,10,5,0,500,0.6,1000,0.2,1400,0.2,1
8,5,246,1,0,300,0.5,572,0.32,486,0.18,1
8,6,504,0,0,300,0.5,1700,0.5,1
8,7,545,0,0,300,0.5,1700,0.5,1
8,8,190,2,10,5,0,300,0.5,572,0.32,486,0.18,1
8,9,978,0,0,500,0.6,1000,0.2,1400,0.2,1
8,10,94,1,0,300,0.5,1700,0.5,1
8,11,574,1,0,666,0.42,420,0.58,1
9,0,151,1,0,300,0.5,572,0.32,486,0.18,1
9,1,821,2,10,5,0,666,0.42,420,0.58,1
9,2,706,1,0,300,0.5,572,0.32,486,0.18,1
9,3,644,0,0,300,0.5,1700,0.5,1
9,4,724,2,10,5,0,666,0.42,420,0.58,1
9,5,752,1,0,300,0.5,572,0.32,486,0.18,1
9,6,161,0,0,300,0.5,572,0.32,486,0.18,1
9,7,259,1,0,500,0.6,1000,0.2,1400,0.2,1
9,8,706,2,10,5,0,300,0.5,572,0.32,486,0.18,1
9,9,392,0,0,666,0.42,420,0.58,1
9,10,113,2,10,5,0,666,0.42,420,0.58,1
9,11,537,2,10,5,0,666,0.42,420,0.58,1
10,0,44,1,0,300,0.5,572,0.32,486,0.18,1
10,1,43,1,0,500,0.6,1000,0.2,1400,0.2,1
10,2,39,1,0,300,0.5,572,0.32,486,0.18,1
10,3,183,0,0,666,0.42,420,0.58,1
10,4,56,1,0,300,0.5,1700,0.5,1
10,5,734,1,0,666,0.42,420,0.58,1
10,6,967,1,0,666,0.42,420,0.58,1
10,7,995,0,0,300,0.5,572,0.32,486,0.18,1
10,8,23,1,0,300,0.5,572,0.32,486,0.18,1
10,9,595,1,0,666,0.42,420,0.58,1
10,10,478,2,10,5,0,666,0.42,420,0.58,1
10,11,534,0,0,300,0.5,1700,0.5,1
11,0,893,1,0,500,0.6,1000,0.2,1400,0.2,1
11,1,36,0,0,666,0.42,420,0.58,1
11,2,956,2,10,5,0,300,0.5,1700,0.5,1
11,3,392,2,10,5,0,300,0.5,1700,0.5,1
11,4,747,0,0,300,0.5,1700,0.5,1
11,5,612,2,10,5,0,300,0.5,572,0.32,486,0.18,1
11,6,791,1,0,666,0.42,420,0.58,1
11,7,647,0,0,500,0.6,1000,0.2,1400,0.2,1
11,8,92,2,10,5,0,500,0.6,1000,0.2,1400,0.2,1
11,9,197,2,10,5,0,300,0.5,572,0.32,486,0.18,1
11,10,640,1,0,666,0.42,420,0.58,1
11,11,532,0,0,666,0.42,420,0.58,1
