0,0,861,1,0,666,0.42,420,0.58,1
0,1,603,1,0,666,0.42,420,0.58,1
0,2,288,1,0,666,0.42,420,0.58,1
0,3,429,1,0,300,0.5,1700,0.5,1
0,4,892,2,10,5,0,300,0.5,1700,0.5,1
0,5,280,2,10,5,0,300,0.5,572,0.32,486,0.18,1
0,6,575,2,10,5,0,500,0.6,1000,0.2,1400,0.2,1
0,7,635,1,0,300,0.5,572,0.32,486,0.18,1
0,8,125,0,0,666,0.42,420,0.58,1
0,9,732,1,0,300,0.5,1700,0.5,1
0,10,278,1,0,300,0.5,572,0.32,486,0.18,1
0,11,560,0,0,666,0.42,420,0.58,1
1,0,370,0,0,300,0.5,1700,0.5,0
1,1,463,1,0,300,0.5,572,0.32,486,0.18,0
1,2,674,0,0,300,0.5,1700,0.5,0
1,3,967,0,0,300,0.5,572,0.32,486,0.18,0
1,4,222,2,10,5,0,300,0.5,572,0.32,486,0.18,0
1,5,68,2,10,5,0,300,0.5,572,0.32,486,0.18,0
1,6,891,1,0,300,0.5,1700,0.5,0
1,7,528,1,0,300,0.5,1700,0.5,0
1,8,715,1,0,666,0.42,420,0.58,0
1,9,836,2,10,5,0,500,0.6,1000,0.2,1400,0.2,0
1,10,687,1,0,500,0.6,1000,0.2,1400,0.2,0
1,11,236,0,0,500,0.6,1000,0.2,1400,0.2,0
2,0,122,0,0,300,0.5,1700,0.5,1
2,1,876,0,0,500,0.6,1000,0.2,1400,0.2,1
2,2,850,1,0,666,0.42,420,0.58,1
2,3,365,0,0,300,0.5,572,0.32,486,0.18,1
2,4,390,2,10,5,0,300,0.5,572,0.32,486,0.18,1
2,5,249,0,0,666,0.42,420,0.58,1
2,6,885,2,10,5,0,300,0.5,1700,0.5,1
2,7,688,1,0,300,0.5,572,0.32,486,0.18,1
2,8,12,2,10,5,0,500,0.6,1000,0.2,1400,0.2,1
2,9,733,0,0,300,0.5,572,0.32,486,0.18,1
2,10,171,1,0,500,0.6,1000,0.2,1400,0.2,1
2,11,209,1,0,300,0.5,572,0.32,486,0.18,1
3,0,259,0,0,666,0.42,420,0.58,1
3,1,850,0,0,300,0.5,572,0.32,486,0.18,1
3,2,420,2,10,5,0,300,0.5,1700,0.5,1
3,3,931,2,10,5,0,666,0.42,420,0.58,1
3,4,218,0,0,300,0.5,572,0.32,486,0.18,1
3,5,727,0,0,666,0.42,420,0.58,1
3,6,646,1,0,666,0.42,420,0.58,1
3,7,297,0,0,300,0.5,1700,0.5,1
3,8,200,1,0,300,0.5,572,0.32,486,0.18,1
3,9,66,2,10,5,0,666,0.42,420,0.58,1
3,10,453,1,0,666,0.42,420,0.58,1
3,11,508,2,10,5,0,666,0.42,420,0.58,1
4,0,427,0,0,666,0.42,420,0.58,1
4,1,905,1,0,300,0.5,1700,0.5,1
4,2,461,2,10,5,0,300,0.5,572,0.32,486,0.18,1
4,3,329,1,0,300,0.5,572,0.32,486,0.18,1
4,4,735,2,10,5,0,666,0.42,420,0.58,1
4,5,130,0,0,666,0.42,420,0.58,1
4,6,730,1,0,300,0.5,572,0.32,486,0.18,1
4,7,350,0,0,300,0.5,1700,0.5,1
4,8,717,1,0,300,0.5,572,0.32,486,0.18,1
4,9,807,0,0,300,0.5,1700,0.5,1
4,10,100,2,10,5,0,300,0.5,1700,0.5,1
4,11,390,1,0,300,0.5,1700,0.5,1
5,0,717,1,0,666,0.42,420,0.58,1
5,1,703,1,0,300,0.5,572,0.32,486,0.18,1
5,2,519,1,0,300,0.5,1700,0.5,1
5,3,958,1,0,666,0.42,420,0.58,1
5,4,634,1,0,300,0.5,572,0.32,486,0.18,1
5,5,495,1,0,666,0.42,420,0.58,1
5,6,995,2,10,5,0,666,0.42,420,0.58,1
5,7,91,2,10,5,0,666,0.42,420,0.58,1
5,8,429,1,0,300,0.5,1700,0.5,1
5,9,919,0,0,666,0.42,420,0.58,1
5,10,389,0,0,666,0.42,420,0.58,1
5,11,417,1,0,300,0.5,572,0.32,486,0.18,1
6,0,379,2,10,5,0,300,0.5,572,0.32,486,0.18,1
6,1,994,1,0,500,0.6,1000,0.2,1400,0.2,1
6,2,411,2,10,5,0,500,0.6,1000,0.2,1400,0.2,1
6,3,622,0,0,300,0.5,1700,0.5,1
6,4,598,1,0,500,0.6,1000,0.2,1400,0.2,1
6,5,239,0,0,300,0.5,1700,0.5,1
6,6,783,1,0,500,0.6,1000,0.2,1400,0.2,1
6,7,88,0,0,666,0.42,420,0.58,1
6,8,476,1,0,300,0.5,572,0.32,486,0.18,1
6,9,108,0,0,300,0.5,1700,0.5,1
6,10,622,2,10,5,0,300,0.5,1700,0.5,1
6,11,589,2,10,5,0,300,0.5,1700,0.5,1
7,0,809,2,10,5,0,300,0.5,1700,0.5,1
7,1,887,0,0,500,0.6,1000,0.2,1400,0.2,1
7,2,77,2,10,5,0,300,0.5,1700,0.5,1
7,3,42,1,0,300,0.5,1700,0.5,1
7,4,443,2,10,5,0,500,0.6,1000,0.2,1400,0.2,1
7,5,343,2,10,5,0,666,0.42,420,0.58,1
7,6,857,2,10,5,0,300,0.5,1700,0.5,1
7,7,885,2,10,5,0,300,0.5,572,0.32,486,0.18,1
7,8,184,1,0,300,0.5,572,0.32,486,0.18,1
7,9,397,0,0,666,0.42,420,0.58,1
7,10,769,1,0,300,0.5,572,0.32,486,0.18,1
7,11,592,2,10,5,0,666,0.42,420,0.58,1
8,0,121,0,0,300,0.5,572,0.32,486,0.18,1
8,1,72,2,10,5,0,666,0.42,420,0.58,1
8,2,891,0,0,300,0.5,572,0.32,486,0.18,1
8,3,463,1,0,666,0.42,420,0.58,1
8,4,161,0,0,300,0.5,572,0.32,486,0.18,1
8,5,968,2,10,5,0,666,0.42,420,0.58,1
8,6,184,0,0,300,0.5,572,0.32,486,0.18,1
8,7,482,1,0,300,0.5,1700,0.5,1
8,8,987,2,10,5,0,300,0.5,1700,0.5,1
8,9,351,2,10,5,0,500,0.6,1000,0.2,1400,0.2,1
8,10,699,1,0,666,0.42,420,0.58,1
8,11,852,2,10,5,0,300,0.5,1700,0.5,1
9,0,664,1,0,300,0.5,572,0.32,486,0.18,1
9,1,66,2,10,5,0,500,0.6,1000,0.2,1400,0.2,1
9,2,435,1,0,300,0.5,572,0.32,486,0.18,1
9,3,271,2,10,5,0,666,0.42,420,0.58,1
9,4,90,1,0,300,0.5,1700,0.5,1
9,5,660,1,0,300,0.5,572,0.32,486,0.18,1
9,6,851,0,0,666,0.42,420,0.58,1
9,7,295,1,0,300,0.5,1700,0.5,1
9,8,616,1,0,500,0.6,1000,0.2,1400,0.2,1
9,9,778,2,10,5,0,300,0.5,1700,0.5,1
9,10,327,0,0,300,0.5,572,0.32,486,0.18,1
9,11,722,0,0,300,0.5,572,0.32,486,0.18,1
10,0,489,2,10,5,0,500,0.6,1000,0.2,1400,0.2,1
10,1,532,2,10,5,0,666,0.42,420,0.58,1
10,2,720,0,0,500,0.6,1000,0.2,1400,0.2,1
10,3,758,2,10,5,0,500,0.6,1000,0.2,1400,0.2,1
10,4,216,1,0,666,0.42,420,0.58,1
10,5,721,0,0,500,0.6,1000,0.2,1400,0.2,1
10,6,904,1,0,666,0.42,420,0.58,1
10,7,736,2,10,5,0,500,0.6,1000,0.2,1400,0.2,1
10,8,963,0,0,300,0.5,1700,0.5,1
10,9,972,1,0,500,0.6,1000,0.2,1400,0.2,1
10,10,124,0,0,666,0.42,420,0.58,1
10,11,18,0,0,500,0.6,1000,0.2,1400,0.2,1
11,0,466,0,0,666,0.42,420,0.58,1
11,1,918,2,10,5,0,300,0.5,572,0.32,486,0.18,1
11,2,274,0,0,500,0.6,1000,0.2,1400,0.2,1
11,3,897,2,10,5,0,300,0.5,572,0.32,486,0.18,1
11,4,167,1,0,300,0.5,572,0.32,486,0.18,1
11,5,84,1,0,666,0.42,420,0.58,1
11,6,435,0,0,500,0.6,1000,0.2,1400,0.2,1
11,7,220,0,0,300,0.5,1700,0.5,1
11,8,12,0,0,666,0.42,420,0.58,1
11,9,465,2,10,5,0,500,0.6,1000,0.2,1400,0.2,1
11,10,98,0,0,300,0.5,572,0.32,486,0.18,1
11,11,783,0,0,500,0.6,1000,0.2,1400,0.2,1
