0,0,812,2,10,5,0,300,0.5,572,0.32,486,0.18,1
0,1,417,2,10,5,0,300,0.5,572,0.32,486,0.18,1
0,2,961,0,0,300,0.5,572,0.32,486,0.18,1
0,3,67,1,0,300,0.5,1700,0.5,1
0,4,131,1,0,500,0.6,1000,0.2,1400,0.2,1
0,5,119,1,0,300,0.5,1700,0.5,1
0,6,810,2,10,5,0,300,0.5,1700,0.5,1
0,7,146,2,10,5,0,300,0.5,572,0.32,486,0.18,1
0,8,217,2,10,5,0,500,0.6,1000,0.2,1400,0.2,1
0,9,748,2,10,5,0,500,0.6,1000,0.2,1400,0.2,1
0,10,339,2,10,5,0,500,0.6,1000,0.2,1400,0.2,1
0,11,748,1,0,666,0.42,420,0.58,1
1,0,603,1,0,300,0.5,1700,0.5,0
1,1,706,2,10,5,0,300,0.5,1700,0.5,0
1,2,412,0,0,500,0.6,1000,0.2,1400,0.2,0
1,3,528,1,0,666,0.42,420,0.58,0
1,4,758,1,0,300,0.5,1700,0.5,0
1,5,513,1,0,300,0.5,1700,0.5,0
1,6,330,2,10,5,0,300,0.5,1700,0.5,0
1,7,710,1,0,300,0.5,572,0.32,486,0.18,0
1,8,881,0,0,500,0.6,1000,0.2,1400,0.2,0
1,9,129,1,0,300,0.5,1700,0.5,0
1,10,157,1,0,500,0.6,1000,0.2,1400,0.2,0
1,11,197,2,10,5,0,300,0.5,572,0.32,486,0.18,0
2,0,202,2,10,5,0,300,0.5,572,0.32,486,0.18,1
2,1,699,1,0,500,0.6,1000,0.2,1400,0.2,1
2,2,422,1,0,500,0.6,1000,0.2,1400,0.2,1
2,3,754,2,10,5,0,500,0.6,1000,0.2,1400,0.2,1
2,4,410,1,0,300,0.5,1700,0.5,1
2,5,711,1,0,666,0.42,420,0.58,1
2,6,683,1,0,300,0.5,1700,0.5,1
2,7,70,2,10,5,0,666,0.42,420,0.58,1
2,8,557,0,0,300,0.5,572,0.32,486,0.18,1
2,9,993,0,0,300,0.5,1700,0.5,1
2,10,771,2,10,5,0,666,0.42,420,0.58,1
2,11,274,0,0,300,0.5,1700,0.5,1
3,0,666,2,10,5,0,666,0.42,420,0.58,1
3,1,957,1,0,666,0.42,420,0.58,1
3,2,946,2,10,5,0,666,0.42,420,0.58,1
3,3,188,0,0,666,0.42,420,0.58,1
3,4,347,2,10,5,0,300,0.5,572,0.32,486,0.18,1
3,5,344,0,0,500,0.6,1000,0.2,1400,0.2,1
3,6,224,2,10,5,0,500,0.6,1000,0.2,1400,0.2,1
3,7,536,0,0,666,0.42,420,0.58,1
3,8,754,1,0,666,0.42,420,0.58,1
3,9,149,0,0,300,0.5,572,0.32,486,0.18,1
3,10,224,0,0,300,0.5,572,0.32,486,0.18,1
3,11,866,0,0,666,0.42,420,0.58,1
4,0,734,2,10,5,0,300,0.5,572,0.32,486,0.18,1
4,1,421,1,0,666,0.42,420,0.58,1
4,2,581,2,10,5,0,666,0.42,420,0.58,1
4,3,905,1,0,300,0.5,1700,0.5,1
4,4,225,0,0,666,0.42,420,0.58,1
4,5,181,1,0,666,0.42,420,0.58,1
4,6,782,2,10,5,0,666,0.42,420,0.58,1
4,7,331,0,0,500,0.6,1000,0.2,1400,0.2,1
4,8,675,1,0,300,0.5,572,0.32,486,0.18,1
4,9,126,0,0,300,0.5,572,0.32,486,0.18,1
4,10,313,2,10,5,0,300,0.5,1700,0.5,1
4,11,316,2,10,5,0,300,0.5,1700,0.5,1
5,0,129,2,10,5,0,300,0.5,1700,0.5,1
5,1,928,2,10,5,0,300,0.5,572,0.32,486,0.18,1
5,2,942,1,0,666,0.42,420,0.58,1
5,3,474,2,10,5,0,300,0.5,572,0.32,486,0.18,1
5,4,21,0,0,300,0.5,1700,0.5,1
5,5,116,2,10,5,0,500,0.6,1000,0.2,1400,0.2,1
5,6,747,1,0,300,0.5,1700,0.5,1
5,7,236,0,0,300,0.5,572,0.32,486,0.18,1
5,8,69,1,0,300,0.5,572,0.32,486,0.18,1
5,9,367,0,0,300,0.5,572,0.32,486,0.18,1
5,10,948,1,0,300,0.5,572,0.32,486,0.18,1
5,11,917,2,10,5,0,300,0.5,1700,0.5,1
6,0,740,2,10,5,0,500,0.6,1000,0.2,1400,0.2,1
6,1,269,2,10,5,0,300,0.5,1700,0.5,1
6,2,302,0,0,666,0.42,420,0.58,1
6,3,401,0,0,500,0.6,1000,0.2,1400,0.2,1
6,4,705,1,0,500,0.6,1000,0.2,1400,0.2,1
6,5,560,2,10,5,0,300,0.5,1700,0.5,1
6,6,986,0,0,666,0.42,420,0.58,1
6,7,982,2,10,5,0,666,0.42,420,0.58,1
6,8,492,1,0,300,0.5,572,0.32,486,0.18,1
6,9,475,1,0,300,0.5,572,0.32,486,0.18,1
6,10,504,0,0,666,0.42,420,0.58,1
6,11,505,1,0,300,0.5,572,0.32,486,0.18,1
7,0,626,0,0,300,0.5,1700,0.5,1
7,1,226,1,0,500,0.6,1000,0.2,1400,0.2,1
7,2,420,1,0,300,0.5,1700,0.5,1
7,3,642,0,0,300,0.5,1700,0.5,1
7,4,487,2,10,5,0,500,0.6,1000,0.2,1400,0.2,1
7,5,714,0,0,300,0.5,572,0.32,486,0.18,1
7,6,199,2,10,5,0,666,0.42,420,0.58,1
7,7,982,0,0,666,0.42,420,0.58,1
7,8,55,0,0,500,0.6,1000,0.2,1400,0.2,1
7,9,784,1,0,300,0.5,1700,0.5,1
7,10,959,1,0,300,0.5,1700,0.5,1
7,11,733,0,0,300,0.5,572,0.32,486,0.18,1
8,0,699,2,10,5,0,666,0.42,420,0.58,1
8,1,971,2,10,5,0,666,0.42,420,0.58,1
8,2,357,0,0,666,0.42,420,0.58,1
8,3,817,2,10,5,0,300,0.5,572,0.32,486,0.18,1
8,4,573,1,0,300,0.5,1700,0.5,1
8,5,630,0,0,300,0.5,1700,0.5,1
8,6,501,0,0,300,0.5,572,0.32,486,0.18,1
8,7,472,0,0,300,0.5,1700,0.5,1
8,8,955,2,10,5,0,300,0.5,572,0.32,486,0.18,1
8,9,834,0,0,666,0.42,420,0.58,1
8,10,983,1,0,300,0.5,572,0.32,486,0.18,1
8,11,284,1,0,300,0.5,1700,0.5,1
9,0,53,0,0,500,0.6,1000,0.2,1400,0.2,1
9,1,740,1,0,500,0.6,1000,0.2,1400,0.2,1
9,2,356,0,0,300,0.5,572,0.32,486,0.18,1
9,3,728,2,10,5,0,666,0.42,420,0.58,1
9,4,544,2,10,5,0,666,0.42,420,0.58,1
9,5,606,0,0,300,0.5,1700,0.5,1
9,6,722,0,0,300,0.5,572,0.32,486,0.18,1
9,7,539,2,10,5,0,300,0.5,572,0.32,486,0.18,1
9,8,845,2,10,5,0,500,0.6,1000,0.2,1400,0.2,1
9,9,926,0,0,500,0.6,1000,0.2,1400,0.2,1
9,10,471,1,0,666,0.42,420,0.58,1
9,11,841,0,0,300,0.5,572,0.32,486,0.18,1
10,0,546,0,0,300,0.5,572,0.32,486,0.18,1
10,1,879,0,0,300,0.5,1700,0.5,1
10,2,379,0,0,666,0.42,420,0.58,1
10,3,24,1,0,300,0.5,572,0.32,486,0.18,1
10,4,579,0,0,300,0.5,572,0.32,486,0.18,1
10,5,442,0,0,300,0.5,572,0.32,486,0.18,1
10,6,811,1,0,666,0.42,420,0.58,1
10,7,619,2,10,5,0,300,0.5,572,0.32,486,0.18,1
10,8,280,1,0,666,0.42,420,0.58,1
10,9,284,2,10,5,0,666,0.42,420,0.58,1
10,10,514,0,0,300,0.5,1700,0.5,1
10,11,442,2,10,5,0,300,0.5,572,0.32,486,0.18,1
11,0,150,1,0,300,0.5,1700,0.5,1
11,1,78,0,0,500,0.6,1000,0.2,1400,0.2,1
11,2,533,1,0,300,0.5,572,0.32,486,0.18,1
11,3,858,0,0,300,0.5,1700,0.5,1
11,4,67,0,0,500,0.6,1000,0.2,1400,0.2,1
11,5,971,0,0,300,0.5,572,0.32,486,0.18,1
11,6,28,0,0,300,0.5,572,0.32,486,0.18,1
11,7,310,0,0,500,0.6,1000,0.2,1400,0.2,1
11,8,204,0,0,666,0.42,420,0.58,1
11,9,896,1,0,300,0.5,572,0.32,486,0.18,1
11,10,897,1,0,300,0.5,1700,0.5,1
11,11,401,1,0,666,0.42,420,0.58,1
