0,0,943,2,10,5,0,300,0.5,1700,0.5,1
0,1,177,1,0,500,0.6,1000,0.2,1400,0.2,1
0,2,653,0,0,666,0.42,420,0.58,1
0,3,605,2,10,5,0,500,0.6,1000,0.2,1400,0.2,1
0,4,281,2,10,5,0,500,0.6,1000,0.2,1400,0.2,1
0,5,80,2,10,5,0,666,0.42,420,0.58,1
0,6,518,1,0,300,0.5,572,0.32,486,0.18,1
0,7,39,2,10,5,0,500,0.6,1000,0.2,1400,0.2,1
0,8,544,1,0,300,0.5,572,0.32,486,0.18,1
0,9,206,1,0,300,0.5,572,0.32,486,0.18,1
0,10,586,1,0,500,0.6,1000,0.2,1400,0.2,1
0,11,186,2,10,5,0,666,0.42,420,0.58,1
1,0,287,0,0,666,0.42,420,0.58,0
1,1,885,2,10,5,0,300,0.5,572,0.32,486,0.18,0
1,2,472,1,0,300,0.5,572,0.32,486,0.18,0
1,3,881,1,0,500,0.6,1000,0.2,1400,0.2,0
1,4,546,0,0,300,0.5,572,0.32,486,0.18,0
1,5,934,2,10,5,0,300,0.5,1700,0.5,0
1,6,494,2,10,5,0,666,0.42,420,0.58,0
1,7,596,2,10,5,0,300,0.5,1700,0.5,0
1,8,217,0,0,300,0.5,1700,0.5,0
1,9,204,1,0,300,0.5,572,0.32,486,0.18,0
1,10,170,0,0,500,0.6,1000,0.2,1400,0.2,0
1,11,363,0,0,500,0.6,1000,0.2,1400,0.2,0
2,0,767,1,0,300,0.5,572,0.32,486,0.18,1
2,1,900,2,10,5,0,300,0.5,1700,0.5,1
2,2,578,2,10,5,0,500,0.6,1000,0.2,1400,0.2,1
2,3,745,0,0,666,0.42,420,0.58,1
2,4,876,1,0,300,0.5,1700,0.5,1
2,5,894,2,10,5,0,500,0.6,1000,0.2,1400,0.2,1
2,6,969,0,0,500,0.6,1000,0.2,1400,0.2,1
2,7,473,0,0,666,0.42,420,0.58,1
2,8,685,1,0,300,0.5,572,0.32,486,0.18,1
2,9,532,1,0,300,0.5,1700,0.5,1
2,10,22,2,10,5,0,666,0.42,420,0.58,1
2,11,361,2,10,5,0,500,0.6,1000,0.2,1400,0.2,1
3,0,677,0,0,500,0.6,1000,0.2,1400,0.2,1
3,1,288,2,10,5,0,300,0.5,1700,0.5,1
3,2,257,1,0,300,0.5,572,0.32,486,0.18,1
3,3,852,1,0,500,0.6,1000,0.2,1400,0.2,1
3,4,387,0,0,500,0.6,1000,0.2,1400,0.2,1
3,5,472,1,0,300,0.5,572,0.32,486,0.18,1
3,6,409,2,10,5,0,300,0.5,572,0.32,486,0.18,1
3,7,298,0,0,500,0.6,1000,0.2,1400,0.2,1
3,8,306,2,10,5,0,300,0.5,572,0.32,486,0.18,1
3,9,419,2,10,5,0,300,0.5,572,0.32,486,0.18,1
3,10,773,2,10,5,0,300,0.5,1700,0.5,1
3,11,370,1,0,300,0.5,1700,0.5,1
4,0,478,1,0,666,0.42,420,0.58,1
4,1,720,2,10,5,0,666,0.42,420,0.58,1
4,2,366,0,0,300,0.5,572,0.32,486,0.18,1
4,3,836,2,10,5,0,300,0.5,1700,0.5,1
4,4,456,0,0,300,0.5,572,0.32,486,0.18,1
4,5,481,1,0,300,0.5,572,0.32,486,0.18,1
4,6,129,1,0,300,0.5,572,0.32,486,0.18,1
4,7,648,0,0,500,0.6,1000,0.2,1400,0.2,1
4,8,929,0,0,300,0.5,572,0.32,486,0.18,1
4,9,45,2,10,5,0,666,0.42,420,0.58,1
4,10,701,0,0,666,0.42,420,0.58,1
4,11,996,2,10,5,0,300,0.5,1700,0.5,1
5,0,712,2,10,5,0,300,0.5,1700,0.5,1
5,1,14,1,0,300,0.5,572,0.32,486,0.18,1
5,2,335,0,0,666,0.42,420,0.58,1
5,3,316,2,10,5,0,500,0.6,1000,0.2,1400,0.2,1
5,4,241,0,0,500,0.6,1000,0.2,1400,0.2,1
5,5,759,0,0,300,0.5,1700,0.5,1
5,6,438,2,10,5,0,500,0.6,1000,0.2,1400,0.2,1
5,7,305,1,0,666,0.42,420,0.58,1
5,8,363,1,0,666,0.42,420,0.58,1
5,9,977,0,0,300,0.5,1700,0.5,1
5,10,73,2,10,5,0,500,0.6,1000,0.2,1400,0.2,1
5,11,496,0,0,500,0.6,1000,0.2,1400,0.2,1
6,0,13,1,0,300,0.5,572,0.32,486,0.18,1
6,1,453,2,10,5,0,500,0.6,1000,0.2,1400,0.2,1
6,2,159,1,0,666,0.42,420,0.58,1
6,3,465,0,0,300,0.5,1700,0.5,1
6,4,451,1,0,300,0.5,1700,0.5,1
6,5,920,0,0,500,0.6,1000,0.2,1400,0.2,1
6,6,773,2,10,5,0,300,0.5,1700,0.5,1
6,7,934,0,0,300,0.5,1700,0.5,1
6,8,759,0,0,500,0.6,1000,0.2,1400,0.2,1
6,9,868,2,10,5,0,300,0.5,1700,0.5,1
6,10,71,1,0,500,0.6,1000,0.2,1400,0.2,1
6,11,324,0,0,300,0.5,572,0.32,486,0.18,1
7,0,348,1,0,300,0.5,572,0.32,486,0.18,1
7,1,362,1,0,500,0.6,1000,0.2,1400,0.2,1
7,2,552,2,10,5,0,500,0.6,1000,0.2,1400,0.2,1
7,3,970,1,0,300,0.5,572,0.32,486,0.18,1
7,4,717,1,0,300,0.5,572,0.32,486,0.18,1
7,5,423,0,0,500,0.6,1000,0.2,1400,0.2,1
7,6,268,0,0,300,0.5,572,0.32,486,0.18,1
7,7,934,0,0,300,0.5,1700,0.5,1
7,8,406,2,10,5,0,500,0.6,1000,0.2,1400,0.2,1
7,9,602,0,0,666,0.42,420,0.58,1
7,10,437,1,0,500,0.6,1000,0.2,1400,0.2,1
7,11,182,1,0,300,0.5,1700,0.5,1
8,0,695,2,10,5,0,300,0.5,1700,0.5,1
8,1,996,1,0,300,0.5,1700,0.5,1
8,2,249,0,0,500,0.6,1000,0.2,1400,0.2,1
8,3,709,2,10,5,0,300,0.5,1700,0.5,1
8,4,175,1,0,666,0.42,420,0.58,1
8,5,599,2,10,5,0,300,0.5,1700,0.5,1
8,6,745,2,10,5,0,500,0.6,1000,0.2,1400,0.2,1
8,7,714,1,0,300,0.5,1700,0.5,1
8,8,439,1,0,666,0.42,420,0.58,1
8,9,829,0,0,500,0.6,1000,0.2,1400,0.2,1
8,10,271,0,0,500,0.6,1000,0.2,1400,0.2,1
8,11,69,0,0,300,0.5,572,0.32,486,0.18,1
9,0,222,0,0,666,0.42,420,0.58,1
9,1,513,2,10,5,0,666,0.42,420,0.58,1
9,2,342,2,10,5,0,666,0.42,420,0.58,1
9,3,887,2,10,5,0,666,0.42,420,0.58,1
9,4,332,2,10,5,0,500,0.6,1000,0.2,1400,0.2,1
9,5,684,1,0,300,0.5,572,0.32,486,0.18,1
9,6,475,2,10,5,0,300,0.5,572,0.32,486,0.18,1
9,7,551,0,0,300,0.5,572,0.32,486,0.18,1
9,8,429,1,0,666,0.42,420,0.58,1
9,9,111,0,0,500,0.6,1000,0.2,1400,0.2,1
9,10,83,0,0,300,0.5,1700,0.5,1
9,11,301,2,10,5,0,666,0.42,420,0.58,1
10,0,778,1,0,300,0.5,572,0.32,486,0.18,1
10,1,515,0,0,666,0.42,420,0.58,1
10,2,983,0,0,500,0.6,1000,0.2,1400,0.2,1
10,3,407,0,0,300,0.5,572,0.32,486,0.18,1
10,4,360,2,10,5,0,300,0.5,1700,0.5,1
10,5,777,1,0,300,0.5,572,0.32,486,0.18,1
10,6,707,0,0,300,0.5,1700,0.5,1
10,7,925,1,0,300,0.5,572,0.32,486,0.18,1
10,8,819,1,0,300,0.5,572,0.32,486,0.18,1
10,9,818,2,10,5,0,666,0.42,420,0.58,1
10,10,462,2,10,5,0,300,0.5,572,0.32,486,0.18,1
10,11,186,1,0,300,0.5,1700,0.5,1
11,0,43,0,0,666,0.42,420,0.58,1
11,1,475,2,10,5,0,300,0.5,572,0.32,486,0.18,1
11,2,300,2,10,5,0,300,0.5,572,0.32,486,0.18,1
11,3,479,0,0,300,0.5,1700,0.5,1
11,4,28,2,10,5,0,500,0.6,1000,0.2,1400,0.2,1
11,5,30,0,0,666,0.42,420,0.58,1
11,6,931,2,10,5,0,500,0.6,1000,0.2,1400,0.2,1
11,7,194,2,10,5,0,300,0.5,572,0.32,486,0.18,1
11,8,955,0,0,300,0.5,1700,0.5,1
11,9,283,1,0,500,0.6,1000,0.2,1400,0.2,1
11,10,537,1,0,500,0.6,1000,0.2,1400,0.2,1
11,11,276,1,0,666,0.42,420,0.58,1
