0,0,739,0,0,300,0.5,1700,0.5,1
0,1,961,2,10,5,0,500,0.6,1000,0.2,1400,0.2,1
0,2,696,2,10,5,0,500,0.6,1000,0.2,1400,0.2,1
0,3,503,0,0,500,0.6,1000,0.2,1400,0.2,1
0,4,881,2,10,5,0,666,0.42,420,0.58,1
0,5,760,0,0,666,0.42,420,0.58,1
0,6,478,1,0,300,0.5,1700,0.5,1
0,7,311,0,0,300,0.5,1700,0.5,1
0,8,730,2,10,5,0,500,0.6,1000,0.2,1400,0.2,1
0,9,755,1,0,300,0.5,1700,0.5,1
0,10,135,0,0,300,0.5,1700,0.5,1
0,11,490,1,0,300,0.5,572,0.32,486,0.18,1
1,0,210,1,0,300,0.5,1700,0.5,0
1,1,52,0,0,300,0.5,1700,0.5,0
1,2,514,1,0,500,0.6,1000,0.2,1400,0.2,0
1,3,491,2,10,5,0,300,0.5,1700,0.5,0
1,4,318,0,0,666,0.42,420,0.58,0
1,5,976,1,0,300,0.5,572,0.32,486,0.18,0
1,6,421,0,0,300,0.5,572,0.32,486,0.18,0
1,7,440,2,10,5,0,300,0.5,1700,0.5,0
1,8,924,2,10,5,0,500,0.6,1000,0.2,1400,0.2,0
1,9,791,0,0,666,0.42,420,0.58,0
1,10,785,0,0,300,0.5,572,0.32,486,0.18,0
1,11,615,0,0,300,0.5,572,0.32,486,0.18,0
2,0,121,0,0,300,0.5,572,0.32,486,0.18,1
2,1,321,0,0,300,0.5,572,0.32,486,0.18,1
2,2,697,0,0,300,0.5,1700,0.5,1
2,3,549,2,10,5,0,666,0.42,420,0.58,1
2,4,512,0,0,300,0.5,572,0.32,486,0.18,1
2,5,264,0,0,300,0.5,1700,0.5,1
2,6,899,0,0,500,0.6,1000,0.2,1400,0.2,1
2,7,247,2,10,5,0,300,0.5,1700,0.5,1
2,8,357,0,0,300,0.5,1700,0.5,1
2,9,178,2,10,5,0,500,0.6,1000,0.2,1400,0.2,1
2,10,172,1,0,666,0.42,420,0.58,1
2,11,973,0,0,666,0.42,420,0.58,1
3,0,541,2,10,5,0,666,0.42,420,0.58,1
3,1,828,0,0,300,0.5,1700,0.5,1
3,2,366,0,0,300,0.5,1700,0.5,1
3,3,860,0,0,500,0.6,1000,0.2,1400,0.2,1
3,4,313,1,0,500,0.6,1000,0.2,1400,0.2,1
3,5,635,0,0,300,0.5,572,0.32,486,0.18,1
3,6,424,1,0,300,0.5,572,0.32,486,0.18,1
3,7,689,1,0,500,0.6,1000,0.2,1400,0.2,1
3,8,87,0,0,500,0.6,1000,0.2,1400,0.2,1
3,9,721,0,0,500,0.6,1000,0.2,1400,0.2,1
3,10,505,0,0,300,0.5,1700,0.5,1
3,11,465,2,10,5,0,500,0.6,1000,0.2,1400,0.2,1
4,0,703,2,10,5,0,500,0.6,1000,0.2,1400,0.2,1
4,1,916,1,0,666,0.42,420,0.58,1
4,2,421,0,0,666,0.42,420,0.58,1
4,3,649,2,10,5,0,666,0.42,420,0.58,1
4,4,554,2,10,5,0,300,0.5,572,0.32,486,0.18,1
4,5,792,2,10,5,0,666,0.42,420,0.58,1
4,6,470,2,10,5,0,300,0.5,572,0.32,486,0.18,1
4,7,944,1,0,500,0.6,1000,0.2,1400,0.2,1
4,8,911,2,10,5,0,300,0.5,1700,0.5,1
4,9,417,2,10,5,0,500,0.6,1000,0.2,1400,0.2,1
4,10,170,2,10,5,0,300,0.5,1700,0.5,1
4,11,820,1,0,300,0.5,572,0.32,486,0.18,1
5,0,964,1,0,300,0.5,572,0.32,486,0.18,1
5,1,454,0,0,500,0.6,1000,0.2,1400,0.2,1
5,2,960,0,0,500,0.6,1000,0.2,1400,0.2,1
5,3,601,2,10,5,0,666,0.42,420,0.58,1
5,4,887,0,0,666,0.42,420,0.58,1
5,5,481,0,0,300,0.5,1700,0.5,1
5,6,238,1,0,300,0.5,1700,0.5,1
5,7,883,0,0,666,0.42,420,0.58,1
5,8,363,0,0,300,0.5,1700,0.5,1
5,9,685,1,0,500,0.6,1000,0.2,1400,0.2,1
5,10,658,0,0,666,0.42,420,0.58,1
5,11,461,0,0,300,0.5,572,0.32,486,0.18,1
6,0,520,1,0,300,0.5,572,0.32,486,0.18,1
6,1,831,1,0,500,0.6,1000,0.2,1400,0.2,1
6,2,742,0,0,666,0.42,420,0.58,1
6,3,509,0,0,500,0.6,1000,0.2,1400,0.2,1
6,4,502,1,0,300,0.5,572,0.32,486,0.18,1
6,5,744,0,0,500,0.6,1000,0.2,1400,0.2,1
6,6,297,0,0,300,0.5,572,0.32,486,0.18,1
6,7,179,0,0,300,0.5,572,0.32,486,0.18,1
6,8,174,1,0,500,0.6,1000,0.2,1400,0.2,1
6,9,973,2,10,5,0,300,0.5,1700,0.5,1
6,10,565,1,0,500,0.6,1000,0.2,1400,0.2,1
6,11,992,2,10,5,0,666,0.42,420,0.58,1
7,0,123,2,10,5,0,300,0.5,572,0.32,486,0.18,1
7,1,875,0,0,500,0.6,1000,0.2,1400,0.2,1
7,2,588,1,0,500,0.6,1000,0.2,1400,0.2,1
7,3,35,1,0,666,0.42,420,0.58,1
7,4,504,0,0,666,0.42,420,0.58,1
7,5,288,0,0,666,0.42,420,0.58,1
7,6,789,0,0,300,0.5,572,0.32,486,0.18,1
7,7,219,0,0,500,0.6,1000,0.2,1400,0.2,1
7,8,869,1,0,500,0.6,1000,0.2,1400,0.2,1
7,9,20,0,0,300,0.5,572,0.32,486,0.18,1
7,10,696,2,10,5,0,500,0.6,1000,0.2,1400,0.2,1
7,11,831,1,0,300,0.5,1700,0.5,1
8,0,332,1,0,666,0.42,420,0.58,1
8,1,417,0,0,300,0.5,1700,0.5,1
8,2,575,0,0,300,0.5,572,0.32,486,0.18,1
8,3,625,0,0,300,0.5,1700,0.5,1
8,4,575,0,0,666,0.42,420,0.58,1
8,5,396,1,0,300,0.5,1700,0.5,1
8,6,928,2,10,5,0,300,0.5,572,0.32,486,0.18,1
8,7,865,0,0,500,0.6,1000,0.2,1400,0.2,1
8,8,928,0,0,666,0.42,420,0.58,1
8,9,878,0,0,666,0.42,420,0.58,1
8,10,26,0,0,300,0.5,572,0.32,486,0.18,1
8,11,895,1,0,300,0.5,572,0.32,486,0.18,1
9,0,277,1,0,500,0.6,1000,0.2,1400,0.2,1
9,1,268,1,0,500,0.6,1000,0.2,1400,0.2,1
9,2,967,2,10,5,0,666,0.42,420,0.58,1
9,3,447,1,0,300,0.5,1700,0.5,1
9,4,476,2,10,5,0,666,0.42,420,0.58,1
9,5,173,2,10,5,0,300,0.5,1700,0.5,1
9,6,995,1,0,500,0.6,1000,0.2,1400,0.2,1
9,7,133,2,10,5,0,300,0.5,572,0.32,486,0.18,1
9,8,360,1,0,500,0.6,1000,0.2,1400,0.2,1
9,9,722,1,0,666,0.42,420,0.58,1
9,10,345,0,0,666,0.42,420,0.58,1
9,11,297,2,10,5,0,666,0.42,420,0.58,1
10,0,848,1,0,500,0.6,1000,0.2,1400,0.2,1
10,1,264,0,0,300,0.5,1700,0.5,1
10,2,661,2,10,5,0,300,0.5,1700,0.5,1
10,3,522,1,0,500,0.6,1000,0.2,1400,0.2,1
10,4,959,0,0,666,0.42,420,0.58,1
10,5,634,1,0,500,0.6,1000,0.2,1400,0.2,1
10,6,259,0,0,300,0.5,1700,0.5,1
10,7,53,0,0,666,0.42,420,0.58,1
10,8,897,2,10,5,0,300,0.5,1700,0.5,1
10,9,226,0,0,300,0.5,1700,0.5,1
10,10,944,0,0,300,0.5,1700,0.5,1
10,11,904,0,0,300,0.5,572,0.32,486,0.18,1
11,0,184,0,0,300,0.5,572,0.32,486,0.18,1
11,1,480,1,0,500,0.6,1000,0.2,1400,0.2,1
11,2,525,0,0,300,0.5,1700,0.5,1
11,3,633,1,0,300,0.5,1700,0.5,1
11,4,304,0,0,666,0.42,420,0.58,1
11,5,629,1,0,500,0.6,1000,0.2,1400,0.2,1
11,6,171,2,10,5,0,300,0.5,1700,0.5,1
11,7,340,2,10,5,0,300,0.5,572,0.32,486,0.18,1
11,8,472,2,10,5,0,300,0.5,1700,0.5,1
11,9,877,2,10,5,0,666,0.42,420,0.58,1
11,10,478,0,0,300,0.5,1700,0.5,1
11,11,482,1,0,300,0.5,1700,0.5,1
