0,0,997,0,0,300,0.5,1700,0.5,1
0,1,839,1,0,666,0.42,420,0.58,1
0,2,936,2,10,5,0,500,0.6,1000,0.2,1400,0.2,1
0,3,699,2,10,5,0,500,0.6,1000,0.2,1400,0.2,1
0,4,441,1,0,500,0.6,1000,0.2,1400,0.2,1
0,5,871,0,0,666,0.42,420,0.58,1
0,6,461,0,0,300,0.5,572,0.32,486,0.18,1
0,7,299,2,10,5,0,300,0.5,1700,0.5,1
0,8,951,2,10,5,0,300,0.5,1700,0.5,1
0,9,202,1,0,300,0.5,572,0.32,486,0.18,1
0,10,581,0,0,300,0.5,1700,0.5,1
0,11,275,2,10,5,0,500,0.6,1000,0.2,1400,0.2,1
1,0,280,1,0,300,0.5,572,0.32,486,0.18,0
1,1,154,0,0,666,0.42,420,0.58,0
1,2,792,2,10,5,0,300,0.5,572,0.32,486,0.18,0
1,3,820,2,10,5,0,500,0.6,1000,0.2,1400,0.2,0
1,4,402,2,10,5,0,300,0.5,1700,0.5,0
1,5,607,0,0,666,0.42,420,0.58,0
1,6,639,0,0,300,0.5,1700,0.5,0
1,7,985,1,0,666,0.42,420,0.58,0
1,8,422,1,0,500,0.6,1000,0.2,1400,0.2,0
1,9,240,1,0,300,0.5,1700,0.5,0
1,10,49,0,0,300,0.5,1700,0.5,0
1,11,758,0,0,666,0.42,420,0.58,0
2,0,292,1,0,500,0.6,1000,0.2,1400,0.2,1
2,1,480,2,10,5,0,300,0.5,1700,0.5,1
2,2,98,0,0,300,0.5,572,0.32,486,0.18,1
2,3,38,0,0,300,0.5,1700,0.5,1
2,4,500,2,10,5,0,300,0.5,1700,0.5,1
2,5,274,0,0,500,0.6,1000,0.2,1400,0.2,1
2,6,242,0,0,300,0.5,572,0.32,486,0.18,1
2,7,54,2,10,5,0,300,0.5,1700,0.5,1
2,8,426,0,0,666,0.42,420,0.58,1
2,9,139,2,10,5,0,666,0.42,420,0.58,1
2,10,628,2,10,5,0,300,0.5,1700,0.5,1
2,11,233,0,0,500,0.6,1000,0.2,1400,0.2,1
3,0,156,0,0,300,0.5,572,0.32,486,0.18,1
3,1,67,0,0,666,0.42,420,0.58,1
3,2,207,2,10,5,0,300,0.5,572,0.32,486,0.18,1
3,3,292,1,0,666,0.42,420,0.58,1
3,4,178,2,10,5,0,300,0.5,572,0.32,486,0.18,1
3,5,175,0,0,500,0.6,1000,0.2,1400,0.2,1
3,6,746,1,0,300,0.5,572,0.32,486,0.18,1
3,7,985,2,10,5,0,666,0.42,420,0.58,1
3,8,623,2,10,5,0,500,0.6,1000,0.2,1400,0.2,1
3,9,450,0,0,300,0.5,1700,0.5,1
3,10,13,2,10,5,0,300,0.5,572,0.32,486,0.18,1
3,11,471,2,10,5,0,300,0.5,1700,0.5,1
4,0,807,1,0,300,0.5,1700,0.5,1
4,1,522,0,0,666,0.42,420,0.58,1
4,2,795,1,0,300,0.5,1700,0.5,1
4,3,671,0,0,300,0.5,572,0.32,486,0.18,1
4,4,428,0,0,300,0.5,1700,0.5,1
4,5,857,0,0,300,0.5,572,0.32,486,0.18,1
4,6,717,2,10,5,0,300,0.5,1700,0.5,1
4,7,846,0,0,666,0.42,420,0.58,1
4,8,483,0,0,666,0.42,420,0.58,1
4,9,677,0,0,666,0.42,420,0.58,1
4,10,348,0,0,500,0.6,1000,0.2,1400,0.2,1
4,11,16,2,10,5,0,300,0.5,1700,0.5,1
5,0,248,2,10,5,0,300,0.5,1700,0.5,1
5,1,983,0,0,666,0.42,420,0.58,1
5,2,840,0,0,666,0.42,420,0.58,1
5,3,509,2,10,5,0,300,0.5,1700,0.5,1
5,4,92,0,0,500,0.6,1000,0.2,1400,0.2,1
5,5,293,2,10,5,0,666,0.42,420,0.58,1
5,6,948,2,10,5,0,300,0.5,1700,0.5,1
5,7,148,0,0,300,0.5,572,0.32,486,0.18,1
5,8,632,1,0,300,0.5,1700,0.5,1
5,9,849,0,0,500,0.6,1000,0.2,1400,0.2,1
5,10,567,0,0,300,0.5,1700,0.5,1
5,11,236,1,0,500,0.6,1000,0.2,1400,0.2,1
6,0,810,1,0,666,0.42,420,0.58,1
6,1,989,0,0,300,0.5,1700,0.5,1
6,2,463,1,0,300,0.5,1700,0.5,1
6,3,480,2,10,5,0,300,0.5,572,0.32,486,0.18,1
6,4,623,2,10,5,0,666,0.42,420,0.58,1
6,5,784,1,0,300,0.5,572,0.32,486,0.18,1
6,6,871,1,0,300,0.5,1700,0.5,1
6,7,299,2,10,5,0,500,0.6,1000,0.2,1400,0.2,1
6,8,49,2,10,5,0,300,0.5,572,0.32,486,0.18,1
6,9,158,0,0,300,0.5,1700,0.5,1
6,10,90,0,0,300,0.5,1700,0.5,1
6,11,484,1,0,300,0.5,1700,0.5,1
7,0,25,0,0,300,0.5,1700,0.5,1
7,1,202,1,0,666,0.42,420,0.58,1
7,2,671,1,0,666,0.42,420,0.58,1
7,3,822,1,0,300,0.5,1700,0.5,1
7,4,282,0,0,300,0.5,1700,0.5,1
7,5,83,2,10,5,0,500,0.6,1000,0.2,1400,0.2,1
7,6,296,0,0,500,0.6,1000,0.2,1400,0.2,1
7,7,376,2,10,5,0,300,0.5,572,0.32,486,0.18,1
7,8,227,0,0,300,0.5,1700,0.5,1
7,9,637,1,0,300,0.5,572,0.32,486,0.18,1
7,10,862,0,0,300,0.5,572,0.32,486,0.18,1
7,11,470,0,0,300,0.5,572,0.32,486,0.18,1
8,0,686,0,0,500,0.6,1000,0.2,1400,0.2,1
8,1,569,2,10,5,0,300,0.5,1700,0.5,1
8,2,896,2,10,5,0,300,0.5,572,0.32,486,0.18,1
8,3,543,2,10,5,0,300,0.5,1700,0.5,1
8,4,129,2,10,5,0,500,0.6,1000,0.2,1400,0.2,1
8,5,884,1,0,666,0.42,420,0.58,1
8,6,210,2,10,5,0,300,0.5,572,0.32,486,0.18,1
8,7,476,1,0,500,0.6,1000,0.2,1400,0.2,1
8,8,228,2,10,5,0,500,0.6,1000,0.2,1400,0.2,1
8,9,983,2,10,5,0,300,0.5,1700,0.5,1
8,10,860,0,0,300,0.5,572,0.32,486,0.18,1
8,11,791,0,0,300,0.5,1700,0.5,1
9,0,569,1,0,666,0.42,420,0.58,1
9,1,377,1,0,300,0.5,1700,0.5,1
9,2,506,0,0,666,0.42,420,0.58,1
9,3,958,2,10,5,0,666,0.42,420,0.58,1
9,4,704,0,0,300,0.5,1700,0.5,1
9,5,142,1,0,300,0.5,1700,0.5,1
9,6,952,2,10,5,0,666,0.42,420,0.58,1
9,7,159,0,0,666,0.42,420,0.58,1
9,8,131,1,0,300,0.5,1700,0.5,1
9,9,208,1,0,300,0.5,1700,0.5,1
9,10,965,1,0,666,0.42,420,0.58,1
9,11,859,1,0,300,0.5,1700,0.5,1
10,0,210,2,10,5,0,666,0.42,420,0.58,1
10,1,782,1,0,666,0.42,420,0.58,1
10,2,111,2,10,5,0,500,0.6,1000,0.2,1400,0.2,1
10,3,339,0,0,666,0.42,420,0.58,1
10,4,399,0,0,300,0.5,1700,0.5,1
10,5,72,2,10,5,0,500,0.6,1000,0.2,1400,0.2,1
10,6,711,1,0,500,0.6,1000,0.2,1400,0.2,1
10,7,65,1,0,500,0.6,1000,0.2,1400,0.2,1
10,8,964,2,10,5,0,666,0.42,420,0.58,1
10,9,311,2,10,5,0,300,0.5,572,0.32,486,0.18,1
10,10,948,0,0,500,0.6,1000,0.2,1400,0.2,1
10,11,921,1,0,300,0.5,572,0.32,486,0.18,1
11,0,112,0,0,500,0.6,1000,0.2,1400,0.2,1
11,1,778,1,0,300,0.5,1700,0.5,1
11,2,376,2,10,5,0,300,0.5,572,0.32,486,0.18,1
11,3,266,1,0,500,0.6,1000,0.2,1400,0.2,1
11,4,95,2,10,5,0,500,0.6,1000,0.2,1400,0.2,1
11,5,551,2,10,5,0,666,0.42,420,0.58,1
11,6,456,0,0,300,0.5,572,0.32,486,0.18,1
11,7,768,2,10,5,0,300,0.5,1700,0.5,1
11,8,884,0,0,300,0.5,1700,0.5,1
11,9,260,1,0,300,0.5,1700,0.5,1
11,10,291,0,0,300,0.5,1700,0.5,1
11,11,713,2,10,5,0,300,0.5,1700,0.5,1
