0,0,863,0,0,300,0.5,1700,0.5,1
0,1,231,2,10,5,0,500,0.6,1000,0.2,1400,0.2,1
0,2,184,1,0,500,0.6,1000,0.2,1400,0.2,1
0,3,669,2,10,5,0,300,0.5,1700,0.5,1
0,4,701,1,0,300,0.5,572,0.32,486,0.18,1
0,5,188,2,10,5,0,666,0.42,420,0.58,1
0,6,72,2,10,5,0,666,0.42,420,0.58,1
0,7,81,2,10,5,0,300,0.5,1700,0.5,1
0,8,270,2,10,5,0,500,0.6,1000,0.2,1400,0.2,1
0,9,326,0,0,300,0.5,1700,0.5,1
0,10,563,2,10,5,0,500,0.6,1000,0.2,1400,0.2,1
0,11,372,1,0,300,0.5,572,0.32,486,0.18,1
1,0,801,0,0,300,0.5,572,0.32,486,0.18,0
1,1,385,2,10,5,0,300,0.5,1700,0.5,0
1,2,282,1,0,500,0.6,1000,0.2,1400,0.2,0
1,3,438,0,0,300,0.5,1700,0.5,0
1,4,827,0,0,300,0.5,1700,0.5,0
1,5,423,1,0,666,0.42,420,0.58,0
1,6,368,1,0,300,0.5,1700,0.5,0
1,7,622,2,10,5,0,300,0.5,572,0.32,486,0.18,0
1,8,940,1,0,666,0.42,420,0.58,0
1,9,256,2,10,5,0,666,0.42,420,0.58,0
1,10,689,2,10,5,0,500,0.6,1000,0.2,1400,0.2,0
1,11,382,1,0,300,0.5,572,0.32,486,0.18,0
2,0,540,0,0,300,0.5,572,0.32,486,0.18,1
2,1,727,1,0,500,0.6,1000,0.2,1400,0.2,1
2,2,279,0,0,300,0.5,572,0.32,486,0.18,1
2,3,711,2,10,5,0,666,0.42,420,0.58,1
2,4,547,1,0,666,0.42,420,0.58,1
2,5,967,1,0,300,0.5,1700,0.5,1
2,6,363,0,0,500,0.6,1000,0.2,1400,0.2,1
2,7,54,0,0,666,0.42,420,0.58,1
2,8,91,1,0,666,0.42,420,0.58,1
2,9,805,2,10,5,0,666,0.42,420,0.58,1
2,10,12,0,0,500,0.6,1000,0.2,1400,0.2,1
2,11,650,2,10,5,0,300,0.5,572,0.32,486,0.18,1
3,0,748,2,10,5,0,666,0.42,420,0.58,1
3,1,205,1,0,666,0.42,420,0.58,1
3,2,73,1,0,300,0.5,572,0.32,486,0.18,1
3,3,106,0,0,500,0.6,1000,0.2,1400,0.2,1
3,4,869,1,0,300,0.5,572,0.32,486,0.18,1
3,5,741,0,0,500,0.6,1000,0.2,1400,0.2,1
3,6,500,1,0,300,0.5,1700,0.5,1
3,7,642,0,0,500,0.6,1000,0.2,1400,0.2,1
3,8,147,0,0,666,0.42,420,0.58,1
3,9,13,2,10,5,0,300,0.5,572,0.32,486,0.18,1
3,10,268,2,10,5,0,666,0.42,420,0.58,1
3,11,487,0,0,500,0.6,1000,0.2,1400,0.2,1
4,0,430,1,0,300,0.5,572,0.32,486,0.18,1
4,1,789,1,0,300,0.5,572,0.32,486,0.18,1
4,2,763,1,0,500,0.6,1000,0.2,1400,0.2,1
4,3,963,2,10,5,0,300,0.5,1700,0.5,1
4,4,107,0,0,300,0.5,572,0.32,486,0.18,1
4,5,702,1,0,666,0.42,420,0.58,1
4,6,77,0,0,666,0.42,420,0.58,1
4,7,595,0,0,500,0.6,1000,0.2,1400,0.2,1
4,8,427,0,0,300,0.5,572,0.32,486,0.18,1
4,9,950,1,0,666,0.42,420,0.58,1
4,10,478,1,0,666,0.42,420,0.58,1
4,11,616,1,0,300,0.5,572,0.32,486,0.18,1
5,0,341,1,0,300,0.5,572,0.32,486,0.18,1
5,1,152,2,10,5,0,300,0.5,572,0.32,486,0.18,1
5,2,594,1,0,300,0.5,1700,0.5,1
5,3,692,2,10,5,0,500,0.6,1000,0.2,1400,0.2,1
5,4,942,2,10,5,0,300,0.5,1700,0.5,1
5,5,936,0,0,300,0.5,1700,0.5,1
5,6,10,1,0,500,0.6,1000,0.2,1400,0.2,1
5,7,579,2,10,5,0,500,0.6,1000,0.2,1400,0.2,1
5,8,367,2,10,5,0,300,0.5,572,0.32,486,0.18,1
5,9,702,1,0,300,0.5,1700,0.5,1
5,10,515,1,0,666,0.42,420,0.58,1
5,11,852,2,10,5,0,500,0.6,1000,0.2,1400,0.2,1
6,0,367,1,0,500,0.6,1000,0.2,1400,0.2,1
6,1,142,1,0,500,0.6,1000,0.2,1400,0.2,1
6,2,266,2,10,5,0,300,0.5,1700,0.5,1
6,3,906,2,10,5,0,300,0.5,1700,0.5,1
6,4,676,1,0,300,0.5,572,0.32,486,0.18,1
6,5,889,0,0,300,0.5,1700,0.5,1
6,6,720,1,0,666,0.42,420,0.58,1
6,7,354,2,10,5,0,300,0.5,1700,0.5,1
6,8,171,2,10,5,0,666,0.42,420,0.58,1
6,9,777,0,0,300,0.5,1700,0.5,1
6,10,477,2,10,5,0,300,0.5,572,0.32,486,0.18,1
6,11,466,2,10,5,0,300,0.5,572,0.32,486,0.18,1
7,0,870,2,10,5,0,300,0.5,1700,0.5,1
7,1,247,0,0,500,0.6,1000,0.2,1400,0.2,1
7,2,975,1,0,300,0.5,1700,0.5,1
7,3,53,1,0,500,0.6,1000,0.2,1400,0.2,1
7,4,116,0,0,666,0.42,420,0.58,1
7,5,823,2,10,5,0,300,0.5,572,0.32,486,0.18,1
7,6,422,2,10,5,0,500,0.6,1000,0.2,1400,0.2,1
7,7,379,0,0,300,0.5,1700,0.5,1
7,8,924,1,0,666,0.42,420,0.58,1
7,9,80,1,0,500,0.6,1000,0.2,1400,0.2,1
7,10,837,1,0,666,0.42,420,0.58,1
7,11,305,2,10,5,0,666,0.42,420,0.58,1
8,0,115,0,0,300,0.5,1700,0.5,1
8,1,577,0,0,300,0.5,1700,0.5,1
8,2,587,1,0,666,0.42,420,0.58,1
8,3,469,1,0,666,0.42,420,0.58,1
8,4,923,0,0,300,0.5,1700,0.5,1
8,5,408,2,10,5,0,300,0.5,572,0.32,486,0.18,1
8,6,388,1,0,300,0.5,572,0.32,486,0.18,1
8,7,701,2,10,5,0,666,0.42,420,0.58,1
8,8,969,0,0,300,0.5,1700,0.5,1
8,9,664,0,0,300,0.5,1700,0.5,1
8,10,441,0,0,300,0.5,1700,0.5,1
8,11,863,1,0,300,0.5,572,0.32,486,0.18,1
9,0,461,0,0,666,0.42,420,0.58,1
9,1,291,1,0,300,0.5,1700,0.5,1
9,2,288,2,10,5,0,666,0.42,420,0.58,1
9,3,114,0,0,666,0.42,420,0.58,1
9,4,644,0,0,300,0.5,1700,0.5,1
9,5,449,2,10,5,0,500,0.6,1000,0.2,1400,0.2,1
9,6,848,0,0,300,0.5,1700,0.5,1
9,7,452,1,0,500,0.6,1000,0.2,1400,0.2,1
9,8,412,1,0,300,0.5,1700,0.5,1
9,9,229,1,0,300,0.5,1700,0.5,1
9,10,938,2,10,5,0,300,0.5,1700,0.5,1
9,11,454,2,10,5,0,500,0.6,1000,0.2,1400,0.2,1
10,0,87,0,0,666,0.42,420,0.58,1
10,1,710,0,0,300,0.5,1700,0.5,1
10,2,175,2,10,5,0,500,0.6,1000,0.2,1400,0.2,1
10,3,13,2,10,5,0,300,0.5,1700,0.5,1
10,4,534,0,0,300,0.5,1700,0.5,1
10,5,568,1,0,666,0.42,420,0.58,1
10,6,789,1,0,666,0.42,420,0.58,1
10,7,649,1,0,300,0.5,572,0.32,486,0.18,1
10,8,110,0,0,300,0.5,572,0.32,486,0.18,1
10,9,173,2,10,5,0,300,0.5,572,0.32,486,0.18,1
10,10,882,2,10,5,0,300,0.5,1700,0.5,1
10,11,530,0,0,666,0.42,420,0.58,1
11,0,832,2,10,5,0,666,0.42,420,0.58,1
11,1,970,2,10,5,0,666,0.42,420,0.58,1
11,2,342,2,10,5,0,300,0.5,572,0.32,486,0.18,1
11,3,35,0,0,300,0.5,1700,0.5,1
11,4,451,1,0,300,0.5,572,0.32,486,0.18,1
11,5,778,2,10,5,0,500,0.6,1000,0.2,1400,0.2,1
11,6,211,0,0,300,0.5,572,0.32,486,0.18,1
11,7,56,2,10,5,0,300,0.5,1700,0.5,1
11,8,401,0,0,300,0.5,572,0.32,486,0.18,1
11,9,446,1,0,500,0.6,1000,0.2,1400,0.2,1
11,10,475,2,10,5,0,300,0.5,572,0.32,486,0.18,1
11,11,666,2,10,5,0,666,0.42,420,0.58,1
