0,0,810,2,10,5,0,300,0.5,572,0.32,486,0.18,1
0,1,499,0,0,666,0.42,420,0.58,1
0,2,637,1,0,666,0.42,420,0.58,1
0,3,314,2,10,5,0,500,0.6,1000,0.2,1400,0.2,1
0,4,323,0,0,300,0.5,572,0.32,486,0.18,1
0,5,103,2,10,5,0,666,0.42,420,0.58,1
0,6,300,0,0,500,0.6,1000,0.2,1400,0.2,1
0,7,828,1,0,300,0.5,1700,0.5,1
0,8,502,0,0,300,0.5,572,0.32,486,0.18,1
0,9,745,0,0,500,0.6,1000,0.2,1400,0.2,1
0,10,685,1,0,300,0.5,1700,0.5,1
0,11,688,0,0,300,0.5,572,0.32,486,0.18,1
1,0,707,2,10,5,0,500,0.6,1000,0.2,1400,0.2,0
1,1,324,1,0,300,0.5,572,0.32,486,0.18,0
1,2,623,0,0,666,0.42,420,0.58,0
1,3,865,0,0,666,0.42,420,0.58,0
1,4,496,2,10,5,0,500,0.6,1000,0.2,1400,0.2,0
1,5,11,1,0,300,0.5,572,0.32,486,0.18,0
1,6,564,2,10,5,0,666,0.42,420,0.58,0
1,7,788,0,0,300,0.5,1700,0.5,0
1,8,389,0,0,500,0.6,1000,0.2,1400,0.2,0
1,9,254,0,0,300,0.5,1700,0.5,0
1,10,698,2,10,5,0,300,0.5,572,0.32,486,0.18,0
1,11,939,1,0,300,0.5,1700,0.5,0
2,0,265,2,10,5,0,300,0.5,572,0.32,486,0.18,1
2,1,84,2,10,5,0,500,0.6,1000,0.2,1400,0.2,1
2,2,57,2,10,5,0,300,0.5,1700,0.5,1
2,3,564,0,0,300,0.5,1700,0.5,1
2,4,57,2,10,5,0,300,0.5,1700,0.5,1
2,5,260,0,0,500,0.6,1000,0.2,1400,0.2,1
2,6,972,1,0,300,0.5,572,0.32,486,0.18,1
2,7,334,1,0,666,0.42,420,0.58,1
2,8,642,0,0,666,0.42,420,0.58,1
2,9,622,2,10,5,0,666,0.42,420,0.58,1
2,10,895,1,0,500,0.6,1000,0.2,1400,0.2,1
2,11,736,1,0,300,0.5,572,0.32,486,0.18,1
3,0,272,2,10,5,0,300,0.5,1700,0.5,1
3,1,351,2,10,5,0,500,0.6,1000,0.2,1400,0.2,1
3,2,626,0,0,300,0.5,572,0.32,486,0.18,1
3,3,352,2,10,5,0,300,0.5,572,0.32,486,0.18,1
3,4,311,1,0,300,0.5,572,0.32,486,0.18,1
3,5,439,0,0,500,0.6,1000,0.2,1400,0.2,1
3,6,548,0,0,300,0.5,572,0.32,486,0.18,1
3,7,734,2,10,5,0,300,0.5,572,0.32,486,0.18,1
3,8,457,2,10,5,0,666,0.42,420,0.58,1
3,9,865,0,0,300,0.5,572,0.32,486,0.18,1
3,10,436,2,10,5,0,300,0.5,572,0.32,486,0.18,1
3,11,154,1,0,500,0.6,1000,0.2,1400,0.2,1
4,0,737,0,0,300,0.5,572,0.32,486,0.18,1
4,1,673,2,10,5,0,666,0.42,420,0.58,1
4,2,118,2,10,5,0,300,0.5,572,0.32,486,0.18,1
4,3,206,1,0,300,0.5,572,0.32,486,0.18,1
4,4,283,0,0,500,0.6,1000,0.2,1400,0.2,1
4,5,647,1,0,500,0.6,1000,0.2,1400,0.2,1
4,6,480,2,10,5,0,300,0.5,1700,0.5,1
4,7,827,2,10,5,0,500,0.6,1000,0.2,1400,0.2,1
4,8,601,1,0,300,0.5,572,0.32,486,0.18,1
4,9,456,1,0,300,0.5,1700,0.5,1
4,10,26,2,10,5,0,666,0.42,420,0.58,1
4,11,251,1,0,300,0.5,572,0.32,486,0.18,1
5,0,517,0,0,666,0.42,420,0.58,1
5,1,955,2,10,5,0,500,0.6,1000,0.2,1400,0.2,1
5,2,798,1,0,300,0.5,572,0.32,486,0.18,1
5,3,812,2,10,5,0,666,0.42,420,0.58,1
5,4,506,1,0,300,0.5,1700,0.5,1
5,5,154,1,0,500,0.6,1000,0.2,1400,0.2,1
5,6,866,1,0,300,0.5,1700,0.5,1
5,7,679,1,0,666,0.42,420,0.58,1
5,8,918,0,0,300,0.5,1700,0.5,1
5,9,206,2,10,5,0,300,0.5,572,0.32,486,0.18,1
5,10,791,1,0,300,0.5,572,0.32,486,0.18,1
5,11,469,0,0,500,0.6,1000,0.2,1400,0.2,1
6,0,790,1,0,300,0.5,1700,0.5,1
6,1,431,1,0,300,0.5,572,0.32,486,0.18,1
6,2,308,2,10,5,0,300,0.5,572,0.32,486,0.18,1
6,3,837,0,0,500,0.6,1000,0.2,1400,0.2,1
6,4,301,1,0,300,0.5,1700,0.5,1
6,5,959,1,0,666,0.42,420,0.58,1
6,6,692,0,0,666,0.42,420,0.58,1
6,7,706,0,0,666,0.42,420,0.58,1
6,8,831,0,0,500,0.6,1000,0.2,1400,0.2,1
6,9,305,2,10,5,0,500,0.6,1000,0.2,1400,0.2,1
6,10,363,1,0,300,0.5,572,0.32,486,0.18,1
6,11,896,0,0,300,0.5,1700,0.5,1
7,0,699,1,0,300,0.5,572,0.32,486,0.18,1
7,1,125,0,0,300,0.5,572,0.32,486,0.18,1
7,2,41,2,10,5,0,300,0.5,572,0.32,486,0.18,1
7,3,603,2,10,5,0,300,0.5,572,0.32,486,0.18,1
7,4,787,1,0,300,0.5,1700,0.5,1
7,5,531,1,0,300,0.5,1700,0.5,1
7,6,577,1,0,300,0.5,572,0.32,486,0.18,1
7,7,382,2,10,5,0,300,0.5,572,0.32,486,0.18,1
7,8,89,0,0,300,0.5,1700,0.5,1
7,9,200,0,0,500,0.6,1000,0.2,1400,0.2,1
7,10,352,0,0,300,0.5,1700,0.5,1
7,11,631,0,0,666,0.42,420,0.58,1
8,0,753,0,0,666,0.42,420,0.58,1
8,1,966,0,0,666,0.42,420,0.58,1
8,2,11,0,0,300,0.5,1700,0.5,1
8,3,718,2,10,5,0,300,0.5,572,0.32,486,0.18,1
8,4,75,2,10,5,0,500,0.6,1000,0.2,1400,0.2,1
8,5,833,0,0,500,0.6,1000,0.2,1400,0.2,1
8,6,584,1,0,300,0.5,1700,0.5,1
8,7,914,1,0,300,0.5,572,0.32,486,0.18,1
8,8,596,1,0,666,0.42,420,0.58,1
8,9,135,2,10,5,0,300,0.5,1700,0.5,1
8,10,589,1,0,666,0.42,420,0.58,1
8,11,982,0,0,500,0.6,1000,0.2,1400,0.2,1
9,0,477,2,10,5,0,300,0.5,572,0.32,486,0.18,1
9,1,637,2,10,5,0,666,0.42,420,0.58,1
9,2,619,2,10,5,0,500,0.6,1000,0.2,1400,0.2,1
9,3,61,0,0,500,0.6,1000,0.2,1400,0.2,1
9,4,666,1,0,500,0.6,1000,0.2,1400,0.2,1
9,5,938,2,10,5,0,666,0.42,420,0.58,1
9,6,983,0,0,300,0.5,1700,0.5,1
9,7,977,0,0,666,0.42,420,0.58,1
9,8,719,1,0,500,0.6,1000,0.2,1400,0.2,1
9,9,484,1,0,300,0.5,572,0.32,486,0.18,1
9,10,418,1,0,666,0.42,420,0.58,1
9,11,773,0,0,666,0.42,420,0.58,1
10,0,49,1,0,666,0.42,420,0.58,1
10,1,806,0,0,500,0.6,1000,0.2,1400,0.2,1
10,2,763,2,10,5,0,666,0.42,420,0.58,1
10,3,664,2,10,5,0,300,0.5,1700,0.5,1
10,4,797,2,10,5,0,300,0.5,572,0.32,486,0.18,1
10,5,99,1,0,300,0.5,572,0.32,486,0.18,1
10,6,94,2,10,5,0,500,0.6,1000,0.2,1400,0.2,1
10,7,660,0,0,500,0.6,1000,0.2,1400,0.2,1
10,8,108,2,10,5,0,500,0.6,1000,0.2,1400,0.2,1
10,9,567,2,10,5,0,300,0.5,572,0.32,486,0.18,1
10,10,583,0,0,300,0.5,572,0.32,486,0.18,1
10,11,106,1,0,300,0.5,1700,0.5,1
11,0,498,2,10,5,0,300,0.5,1700,0.5,1
11,1,555,2,10,5,0,300,0.5,572,0.32,486,0.18,1
11,2,456,0,0,500,0.6,1000,0.2,1400,0.2,1
11,3,135,0,0,500,0.6,1000,0.2,1400,0.2,1
11,4,432,2,10,5,0,666,0.42,420,0.58,1
11,5,440,0,0,300,0.5,572,0.32,486,0.18,1
11,6,255,0,0,666,0.42,420,0.58,1
11,7,100,0,0,300,0.5,1700,0.5,1
11,8,399,2,10,5,0,500,0.6,1000,0.2,1400,0.2,1
11,9,113,0,0,500,0.6,1000,0.2,1400,0.2,1
11,10,877,0,0,666,0.42,420,0.58,1
11,11,759,1,0,300,0.5,572,0.32,486,0.18,1
