0,0,79,0,0,666,0.42,420,0.58,1
0,1,55,1,0,666,0.42,420,0.58,1
0,2,427,1,0,300,0.5,1700,0.5,1
0,3,618,2,10,5,0,300,0.5,572,0.32,486,0.18,1
0,4,582,2,10,5,0,300,0.5,1700,0.5,1
0,5,500,2,10,5,0,500,0.6,1000,0.2,1400,0.2,1
0,6,894,0,0,666,0.42,420,0.58,1
0,7,702,2,10,5,0,500,0.6,1000,0.2,1400,0.2,1
0,8,127,0,0,666,0.42,420,0.58,1
0,9,298,2,10,5,0,300,0.5,1700,0.5,1
0,10,375,0,0,666,0.42,420,0.58,1
0,11,84,1,0,300,0.5,572,0.32,486,0.18,1
1,0,815,2,10,5,0,500,0.6,1000,0.2,1400,0.2,0
1,1,789,0,0,300,0.5,1700,0.5,0
1,2,902,1,0,300,0.5,572,0.32,486,0.18,0
1,3,933,0,0,666,0.42,420,0.58,0
1,4,858,1,0,666,0.42,420,0.58,0
1,5,667,2,10,5,0,500,0.6,1000,0.2,1400,0.2,0
1,6,107,1,0,500,0.6,1000,0.2,1400,0.2,0
1,7,262,0,0,500,0.6,1000,0.2,1400,0.2,0
1,8,646,2,10,5,0,300,0.5,572,0.32,486,0.18,0
1,9,734,1,0,666,0.42,420,0.58,0
1,10,783,2,10,5,0,300,0.5,572,0.32,486,0.18,0
1,11,293,2,10,5,0,300,0.5,1700,0.5,0
2,0,603,1,0,666,0.42,420,0.58,1
2,1,129,1,0,300,0.5,1700,0.5,1
2,2,472,2,10,5,0,300,0.5,1700,0.5,1
2,3,908,0,0,666,0.42,420,0.58,1
2,4,277,0,0,500,0.6,1000,0.2,1400,0.2,1
2,5,892,0,0,300,0.5,572,0.32,486,0.18,1
2,6,732,2,10,5,0,666,0.42,420,0.58,1
2,7,336,0,0,300,0.5,1700,0.5,1
2,8,493,0,0,500,0.6,1000,0.2,1400,0.2,1
2,9,677,2,10,5,0,300,0.5,572,0.32,486,0.18,1
2,10,995,1,0,500,0.6,1000,0.2,1400,0.2,1
2,11,938,0,0,300,0.5,572,0.32,486,0.18,1
3,0,466,2,10,5,0,300,0.5,572,0.32,486,0.18,1
3,1,591,1,0,300,0.5,572,0.32,486,0.18,1
3,2,300,2,10,5,0,666,0.42,420,0.58,1
3,3,534,0,0,300,0.5,572,0.32,486,0.18,1
3,4,283,1,0,300,0.5,1700,0.5,1
3,5,654,1,0,300,0.5,1700,0.5,1
3,6,137,2,10,5,0,300,0.5,1700,0.5,1
3,7,810,2,10,5,0,500,0.6,1000,0.2,1400,0.2,1
3,8,40,2,10,5,0,300,0.5,1700,0.5,1
3,9,233,0,0,300,0.5,1700,0.5,1
3,10,728,0,0,300,0.5,1700,0.5,1
3,11,311,1,0,300,0.5,1700,0.5,1
4,0,456,1,0,300,0.5,1700,0.5,1
4,1,517,2,10,5,0,300,0.5,1700,0.5,1
4,2,681,2,10,5,0,300,0.5,572,0.32,486,0.18,1
4,3,988,0,0,300,0.5,1700,0.5,1
4,4,606,2,10,5,0,666,0.42,420,0.58,1
4,5,625,0,0,300,0.5,1700,0.5,1
4,6,559,1,0,300,0.5,572,0.32,486,0.18,1
4,7,320,1,0,300,0.5,572,0.32,486,0.18,1
4,8,911,0,0,666,0.42,420,0.58,1
4,9,576,0,0,300,0.5,1700,0.5,1
4,10,778,1,0,500,0.6,1000,0.2,1400,0.2,1
4,11,498,1,0,500,0.6,1000,0.2,1400,0.2,1
5,0,946,1,0,300,0.5,1700,0.5,1
5,1,479,1,0,300,0.5,572,0.32,486,0.18,1
5,2,246,1,0,300,0.5,572,0.32,486,0.18,1
5,3,769,2,10,5,0,300,0.5,572,0.32,486,0.18,1
5,4,869,0,0,500,0.6,1000,0.2,1400,0.2,1
5,5,935,2,10,5,0,300,0.5,572,0.32,486,0.18,1
5,6,143,2,10,5,0,500,0.6,1000,0.2,1400,0.2,1
5,7,323,1,0,666,0.42,420,0.58,1
5,8,701,2,10,5,0,300,0.5,1700,0.5,1
5,9,317,2,10,5,0,300,0.5,572,0.32,486,0.18,1
5,10,443,2,10,5,0,500,0.6,1000,0.2,1400,0.2,1
5,11,316,2,10,5,0,300,0.5,572,0.32,486,0.18,1
6,0,946,1,0,666,0.42,420,0.58,1
6,1,307,1,0,300,0.5,572,0.32,486,0.18,1
6,2,433,2,10,5,0,666,0.42,420,0.58,1
6,3,431,1,0,666,0.42,420,0.58,1
6,4,426,1,0,300,0.5,1700,0.5,1
6,5,307,1,0,300,0.5,572,0.32,486,0.18,1
6,6,805,1,0,300,0.5,572,0.32,486,0.18,1
6,7,160,0,0,300,0.5,1700,0.5,1
6,8,791,1,0,300,0.5,1700,0.5,1
6,9,462,1,0,666,0.42,420,0.58,1
6,10,369,0,0,300,0.5,572,0.32,486,0.18,1
6,11,682,2,10,5,0,500,0.6,1000,0.2,1400,0.2,1
7,0,491,2,10,5,0,500,0.6,1000,0.2,1400,0.2,1
7,1,88,2,10,5,0,300,0.5,572,0.32,486,0.18,1
7,2,271,2,10,5,0,666,0.42,420,0.58,1
7,3,680,1,0,666,0.42,420,0.58,1
7,4,312,2,10,5,0,666,0.42,420,0.58,1
7,5,450,1,0,300,0.5,1700,0.5,1
7,6,912,1,0,300,0.5,1700,0.5,1
7,7,744,2,10,5,0,666,0.42,420,0.58,1
7,8,818,0,0,300,0.5,572,0.32,486,0.18,1
7,9,716,0,0,500,0.6,1000,0.2,1400,0.2,1
7,10,361,2,10,5,0,500,0.6,1000,0.2,1400,0.2,1
7,11,576,1,0,666,0.42,420,0.58,1
8,0,883,1,0,666,0.42,420,0.58,1
8,1,292,0,0,666,0.42,420,0.58,1
8,2,927,2,10,5,0,300,0.5,1700,0.5,1
8,3,946,2,10,5,0,666,0.42,420,0.58,1
8,4,932,2,10,5,0,300,0.5,572,0.32,486,0.18,1
8,5,482,2,10,5,0,666,0.42,420,0.58,1
8,6,891,1,0,300,0.5,572,0.32,486,0.18,1
8,7,62,1,0,300,0.5,572,0.32,486,0.18,1
8,8,928,2,10,5,0,300,0.5,572,0.32,486,0.18,1
8,9,859,1,0,300,0.5,1700,0.5,1
8,10,291,0,0,500,0.6,1000,0.2,1400,0.2,1
8,11,407,2,10,5,0,666,0.42,420,0.58,1
9,0,194,2,10,5,0,500,0.6,1000,0.2,1400,0.2,1
9,1,572,1,0,300,0.5,572,0.32,486,0.18,1
9,2,292,1,0,500,0.6,1000,0.2,1400,0.2,1
9,3,280,1,0,300,0.5,1700,0.5,1
9,4,339,2,10,5,0,300,0.5,1700,0.5,1
9,5,858,0,0,300,0.5,1700,0.5,1
9,6,43,0,0,300,0.5,1700,0.5,1
9,7,310,2,10,5,0,666,0.42,420,0.58,1
9,8,72,2,10,5,0,300,0.5,1700,0.5,1
9,9,239,0,0,500,0.6,1000,0.2,1400,0.2,1
9,10,444,1,0,300,0.5,1700,0.5,1
9,11,850,2,10,5,0,666,0.42,420,0.58,1
10,0,885,2,10,5,0,300,0.5,1700,0.5,1
10,1,148,1,0,300,0.5,1700,0.5,1
10,2,545,0,0,300,0.5,572,0.32,486,0.18,1
10,3,309,2,10,5,0,666,0.42,420,0.58,1
10,4,401,2,10,5,0,300,0.5,572,0.32,486,0.18,1
10,5,954,0,0,300,0.5,1700,0.5,1
10,6,303,0,0,666,0.42,420,0.58,1
10,7,383,1,0,300,0.5,1700,0.5,1
10,8,416,0,0,300,0.5,1700,0.5,1
10,9,484,1,0,500,0.6,1000,0.2,1400,0.2,1
10,10,660,2,10,5,0,300,0.5,1700,0.5,1
10,11,647,1,0,300,0.5,572,0.32,486,0.18,1
11,0,144,2,10,5,0,300,0.5,1700,0.5,1
11,1,107,2,10,5,0,300,0.5,572,0.32,486,0.18,1
11,2,531,0,0,500,0.6,1000,0.2,1400,0.2,1
11,3,273,1,0,500,0.6,1000,0.2,1400,0.2,1
11,4,404,2,10,5,0,500,0.6,1000,0.2,1400,0.2,1
11,5,705,1,0,666,0.42,420,0.58,1
11,6,370,2,10,5,0,300,0.5,572,0.32,486,0.18,1
11,7,471,1,0,500,0.6,1000,0.2,1400,0.2,1
11,8,716,0,0,300,0.5,572,0.32,486,0.18,1
11,9,712,0,0,300,0.5,572,0.32,486,0.18,1
11,10,45,1,0,500,0.6,1000,0.2,1400,0.2,1
11,11,730,1,0,500,0.6,1000,0.2,1400,0.2,1
