0,0,544,2,10,5,0,300,0.5,572,0.32,486,0.18,1
0,1,480,2,10,5,0,666,0.42,420,0.58,1
0,2,634,0,0,300,0.5,572,0.32,486,0.18,1
0,3,31,0,0,300,0.5,1700,0.5,1
0,4,125,1,0,500,0.6,1000,0.2,1400,0.2,1
0,5,225,2,10,5,0,500,0.6,1000,0.2,1400,0.2,1
0,6,239,0,0,500,0.6,1000,0.2,1400,0.2,1
0,7,851,1,0,300,0.5,572,0.32,486,0.18,1
0,8,76,0,0,300,0.5,1700,0.5,1
0,9,375,0,0,666,0.42,420,0.58,1
0,10,746,0,0,500,0.6,1000,0.2,1400,0.2,1
0,11,759,2,10,5,0,300,0.5,1700,0.5,1
1,0,771,1,0,500,0.6,1000,0.2,1400,0.2,0
1,1,816,1,0,300,0.5,1700,0.5,0
1,2,976,1,0,666,0.42,420,0.58,0
1,3,521,1,0,666,0.42,420,0.58,0
1,4,161,0,0,666,0.42,420,0.58,0
1,5,64,2,10,5,0,300,0.5,572,0.32,486,0.18,0
1,6,991,1,0,300,0.5,572,0.32,486,0.18,0
1,7,922,1,0,300,0.5,572,0.32,486,0.18,0
1,8,379,0,0,500,0.6,1000,0.2,1400,0.2,0
1,9,748,1,0,300,0.5,572,0.32,486,0.18,0
1,10,132,1,0,300,0.5,572,0.32,486,0.18,0
1,11,138,1,0,300,0.5,572,0.32,486,0.18,0
2,0,574,1,0,666,0.42,420,0.58,1
2,1,715,2,10,5,0,666,0.42,420,0.58,1
2,2,160,0,0,666,0.42,420,0.58,1
2,3,167,2,10,5,0,500,0.6,1000,0.2,1400,0.2,1
2,4,201,2,10,5,0,300,0.5,572,0.32,486,0.18,1
2,5,799,2,10,5,0,500,0.6,1000,0.2,1400,0.2,1
2,6,104,0,0,300,0.5,1700,0.5,1
2,7,981,1,0,500,0.6,1000,0.2,1400,0.2,1
2,8,656,1,0,500,0.6,1000,0.2,1400,0.2,1
2,9,875,1,0,500,0.6,1000,0.2,1400,0.2,1
2,10,188,2,10,5,0,500,0.6,1000,0.2,1400,0.2,1
2,11,478,2,10,5,0,300,0.5,1700,0.5,1
3,0,727,2,10,5,0,300,0.5,1700,0.5,1
3,1,735,2,10,5,0,666,0.42,420,0.58,1
3,2,833,2,10,5,0,500,0.6,1000,0.2,1400,0.2,1
3,3,806,0,0,300,0.5,572,0.32,486,0.18,1
3,4,191,2,10,5,0,500,0.6,1000,0.2,1400,0.2,1
3,5,685,1,0,300,0.5,572,0.32,486,0.18,1
3,6,483,1,0,300,0.5,1700,0.5,1
3,7,993,1,0,300,0.5,572,0.32,486,0.18,1
3,8,939,1,0,500,0.6,1000,0.2,1400,0.2,1
3,9,396,1,0,666,0.42,420,0.58,1
3,10,567,2,10,5,0,300,0.5,1700,0.5,1
3,11,935,0,0,300,0.5,572,0.32,486,0.18,1
4,0,388,0,0,300,0.5,572,0.32,486,0.18,1
4,1,407,2,10,5,0,300,0.5,1700,0.5,1
4,2,684,1,0,666,0.42,420,0.58,1
4,3,975,2,10,5,0,666,0.42,420,0.58,1
4,4,26,0,0,666,0.42,420,0.58,1
4,5,930,2,10,5,0,666,0.42,420,0.58,1
4,6,361,0,0,500,0.6,1000,0.2,1400,0.2,1
4,7,371,0,0,500,0.6,1000,0.2,1400,0.2,1
4,8,689,1,0,666,0.42,420,0.58,1
4,9,231,2,10,5,0,666,0.42,420,0.58,1
4,10,132,1,0,300,0.5,572,0.32,486,0.18,1
4,11,965,2,10,5,0,300,0.5,572,0.32,486,0.18,1
5,0,746,2,10,5,0,500,0.6,1000,0.2,1400,0.2,1
5,1,63,0,0,500,0.6,1000,0.2,1400,0.2,1
5,2,392,2,10,5,0,300,0.5,1700,0.5,1
5,3,783,2,10,5,0,500,0.6,1000,0.2,1400,0.2,1
5,4,815,1,0,666,0.42,420,0.58,1
5,5,852,1,0,300,0.5,1700,0.5,1
5,6,860,0,0,666,0.42,420,0.58,1
5,7,748,0,0,666,0.42,420,0.58,1
5,8,995,1,0,666,0.42,420,0.58,1
5,9,840,0,0,500,0.6,1000,0.2,1400,0.2,1
5,10,983,1,0,500,0.6,1000,0.2,1400,0.2,1
5,11,624,1,0,300,0.5,1700,0.5,1
6,0,617,2,10,5,0,300,0.5,1700,0.5,1
6,1,174,2,10,5,0,666,0.42,420,0.58,1
6,2,164,2,10,5,0,300,0.5,572,0.32,486,0.18,1
6,3,173,2,10,5,0,500,0.6,1000,0.2,1400,0.2,1
6,4,388,1,0,500,0.6,1000,0.2,1400,0.2,1
6,5,104,0,0,666,0.42,420,0.58,1
6,6,660,0,0,300,0.5,1700,0.5,1
6,7,830,0,0,500,0.6,1000,0.2,1400,0.2,1
6,8,275,2,10,5,0,666,0.42,420,0.58,1
6,9,827,0,0,666,0.42,420,0.58,1
6,10,110,0,0,666,0.42,420,0.58,1
6,11,352,2,10,5,0,666,0.42,420,0.58,1
7,0,693,2,10,5,0,500,0.6,1000,0.2,1400,0.2,1
7,1,106,0,0,500,0.6,1000,0.2,1400,0.2,1
7,2,380,2,10,5,0,300,0.5,1700,0.5,1
7,3,200,2,10,5,0,300,0.5,1700,0.5,1
7,4,759,2,10,5,0,300,0.5,572,0.32,486,0.18,1
7,5,488,0,0,500,0.6,1000,0.2,1400,0.2,1
7,6,563,2,10,5,0,666,0.42,420,0.58,1
7,7,512,0,0,300,0.5,572,0.32,486,0.18,1
7,8,284,2,10,5,0,666,0.42,420,0.58,1
7,9,213,1,0,300,0.5,1700,0.5,1
7,10,978,1,0,300,0.5,572,0.32,486,0.18,1
7,11,232,0,0,666,0.42,420,0.58,1
8,0,948,1,0,300,0.5,572,0.32,486,0.18,1
8,1,83,1,0,300,0.5,572,0.32,486,0.18,1
8,2,394,1,0,500,0.6,1000,0.2,1400,0.2,1
8,3,363,0,0,300,0.5,572,0.32,486,0.18,1
8,4,325,0,0,300,0.5,1700,0.5,1
8,5,83,1,0,300,0.5,1700,0.5,1
8,6,344,0,0,300,0.5,572,0.32,486,0.18,1
8,7,744,2,10,5,0,500,0.6,1000,0.2,1400,0.2,1
8,8,990,1,0,300,0.5,572,0.32,486,0.18,1
8,9,547,1,0,300,0.5,1700,0.5,1
8,10,836,0,0,300,0.5,1700,0.5,1
8,11,265,0,0,666,0.42,420,0.58,1
9,0,33,0,0,666,0.42,420,0.58,1
9,1,410,1,0,666,0.42,420,0.58,1
9,2,552,1,0,300,0.5,1700,0.5,1
9,3,22,1,0,500,0.6,1000,0.2,1400,0.2,1
9,4,798,1,0,300,0.5,572,0.32,486,0.18,1
9,5,50,1,0,300,0.5,572,0.32,486,0.18,1
9,6,716,1,0,300,0.5,1700,0.5,1
9,7,429,0,0,500,0.6,1000,0.2,1400,0.2,1
9,8,278,0,0,300,0.5,1700,0.5,1
9,9,445,2,10,5,0,500,0.6,1000,0.2,1400,0.2,1
9,10,148,1,0,666,0.42,420,0.58,1
9,11,291,0,0,300,0.5,1700,0.5,1
10,0,419,1,0,500,0.6,1000,0.2,1400,0.2,1
10,1,16,0,0,666,0.42,420,0.58,1
10,2,931,0,0,300,0.5,572,0.32,486,0.18,1
10,3,143,0,0,666,0.42,420,0.58,1
10,4,568,2,10,5,0,666,0.42,420,0.58,1
10,5,470,2,10,5,0,300,0.5,572,0.32,486,0.18,1
10,6,594,0,0,500,0.6,1000,0.2,1400,0.2,1
10,7,700,0,0,666,0.42,420,0.58,1
10,8,154,0,0,666,0.42,420,0.58,1
10,9,343,0,0,300,0.5,1700,0.5,1
10,10,868,0,0,300,0.5,572,0.32,486,0.18,1
10,11,441,0,0,666,0.42,420,0.58,1
11,0,97,0,0,666,0.42,420,0.58,1
11,1,639,2,10,5,0,666,0.42,420,0.58,1
11,2,869,1,0,300,0.5,572,0.32,486,0.18,1
11,3,415,2,10,5,0,300,0.5,1700,0.5,1
11,4,897,0,0,500,0.6,1000,0.2,1400,0.2,1
11,5,718,0,0,666,0.42,420,0.58,1
11,6,200,2,10,5,0,500,0.6,1000,0.2,1400,0.2,1
11,7,520,0,0,500,0.6,1000,0.2,1400,0.2,1
11,8,559,2,10,5,0,300,0.5,572,0.32,486,0.18,1
11,9,319,0,0,500,0.6,1000,0.2,1400,0.2,1
11,10,678,0,0,300,0.5,1700,0.5,1
11,11,310,1,0,500,0.6,1000,0.2,1400,0.2,1
