0,0,513,1,0,500,0.6,1000,0.2,1400,0.2,1
0,1,368,1,0,300,0.5,1700,0.5,1
0,2,452,2,10,5,0,666,0.42,420,0.58,1
0,3,963,1,0,300,0.5,572,0.32,486,0.18,1
0,4,415,1,0,300,0.5,1700,0.5,1
0,5,575,2,10,5,0,300,0.5,572,0.32,486,0.18,1
0,6,979,1,0,666,0.42,420,0.58,1
0,7,853,2,10,5,0,300,0.5,572,0.32,486,0.18,1
0,8,238,0,0,666,0.42,420,0.58,1
0,9,965,0,0,666,0.42,420,0.58,1
0,10,478,1,0,300,0.5,1700,0.5,1
0,11,10,0,0,666,0.42,420,0.58,1
1,0,657,2,10,5,0,666,0.42,420,0.58,0
1,1,330,0,0,300,0.5,572,0.32,486,0.18,0
1,2,412,1,0,300,0.5,1700,0.5,0
1,3,142,2,10,5,0,666,0.42,420,0.58,0
1,4,869,2,10,5,0,300,0.5,572,0.32,486,0.18,0
1,5,400,2,10,5,0,500,0.6,1000,0.2,1400,0.2,0
1,6,733,1,0,300,0.5,572,0.32,486,0.18,0
1,7,327,1,0,666,0.42,420,0.58,0
1,8,239,0,0,500,0.6,1000,0.2,1400,0.2,0
1,9,646,2,10,5,0,666,0.42,420,0.58,0
1,10,922,1,0,300,0.5,572,0.32,486,0.18,0
1,11,92,1,0,300,0.5,1700,0.5,0
2,0,517,2,10,5,0,300,0.5,572,0.32,486,0.18,1
2,1,228,1,0,300,0.5,1700,0.5,1
2,2,334,0,0,300,0.5,1700,0.5,1
2,3,360,0,0,500,0.6,1000,0.2,1400,0.2,1
2,4,766,0,0,666,0.42,420,0.58,1
2,5,342,0,0,300,0.5,572,0.32,486,0.18,1
2,6,289,1,0,666,0.42,420,0.58,1
2,7,460,2,10,5,0,300,0.5,572,0.32,486,0.18,1
2,8,790,2,10,5,0,300,0.5,1700,0.5,1
2,9,843,0,0,666,0.42,420,0.58,1
2,10,247,2,10,5,0,300,0.5,1700,0.5,1
2,11,935,0,0,300,0.5,1700,0.5,1
3,0,142,0,0,300,0.5,1700,0.5,1
3,1,36,0,0,300,0.5,1700,0.5,1
3,2,699,1,0,500,0.6,1000,0.2,1400,0.2,1
3,3,206,1,0,666,0.42,420,0.58,1
3,4,914,2,10,5,0,300,0.5,1700,0.5,1
3,5,990,1,0,500,0.6,1000,0.2,1400,0.2,1
3,6,433,0,0,666,0.42,420,0.58,1
3,7,683,1,0,300,0.5,572,0.32,486,0.18,1
3,8,372,0,0,300,0.5,1700,0.5,1
3,9,251,0,0,300,0.5,572,0.32,486,0.18,1
3,10,415,1,0,500,0.6,1000,0.2,1400,0.2,1
3,11,195,2,10,5,0,500,0.6,1000,0.2,1400,0.2,1
4,0,506,2,10,5,0,500,0.6,1000,0.2,1400,0.2,1
4,1,389,0,0,500,0.6,1000,0.2,1400,0.2,1
4,2,152,2,10,5,0,500,0.6,1000,0.2,1400,0.2,1
4,3,475,2,10,5,0,500,0.6,1000,0.2,1400,0.2,1
4,4,235,1,0,300,0.5,1700,0.5,1
4,5,655,1,0,300,0.5,572,0.32,486,0.18,1
4,6,333,1,0,300,0.5,572,0.32,486,0.18,1
4,7,946,1,0,300,0.5,1700,0.5,1
4,8,890,0,0,300,0.5,572,0.32,486,0.18,1
4,9,976,0,0,300,0.5,1700,0.5,1
4,10,978,2,10,5,0,666,0.42,420,0.58,1
4,11,717,0,0,666,0.42,420,0.58,1
5,0,447,0,0,300,0.5,572,0.32,486,0.18,1
5,1,181,0,0,300,0.5,572,0.32,486,0.18,1
5,2,381,1,0,300,0.5,572,0.32,486,0.18,1
5,3,359,1,0,300,0.5,572,0.32,486,0.18,1
5,4,296,0,0,500,0.6,1000,0.2,1400,0.2,1
5,5,531,0,0,300,0.5,572,0.32,486,0.18,1
5,6,206,0,0,300,0.5,572,0.32,486,0.18,1
5,7,226,2,10,5,0,300,0.5,1700,0.5,1
5,8,516,0,0,666,0.42,420,0.58,1
5,9,549,2,10,5,0,500,0.6,1000,0.2,1400,0.2,1
5,10,579,0,0,500,0.6,1000,0.2,1400,0.2,1
5,11,185,2,10,5,0,300,0.5,1700,0.5,1
6,0,814,2,10,5,0,300,0.5,572,0.32,486,0.18,1
6,1,818,0,0,300,0.5,572,0.32,486,0.18,1
6,2,519,1,0,300,0.5,572,0.32,486,0.18,1
6,3,794,0,0,300,0.5,572,0.32,486,0.18,1
6,4,727,0,0,666,0.42,420,0.58,1
6,5,613,0,0,300,0.5,1700,0.5,1
6,6,44,0,0,300,0.5,1700,0.5,1
6,7,495,0,0,300,0.5,1700,0.5,1
6,8,435,2,10,5,0,300,0.5,1700,0.5,1
6,9,280,2,10,5,0,666,0.42,420,0.58,1
6,10,802,1,0,300,0.5,572,0.32,486,0.18,1
6,11,546,2,10,5,0,666,0.42,420,0.58,1
7,0,611,2,10,5,0,300,0.5,572,0.32,486,0.18,1
7,1,716,0,0,300,0.5,572,0.32,486,0.18,1
7,2,289,2,10,5,0,300,0.5,1700,0.5,1
7,3,740,1,0,500,0.6,1000,0.2,1400,0.2,1
7,4,557,2,10,5,0,300,0.5,1700,0.5,1
7,5,883,2,10,5,0,500,0.6,1000,0.2,1400,0.2,1
7,6,634,0,0,300,0.5,572,0.32,486,0.18,1
7,7,974,1,0,666,0.42,420,0.58,1
7,8,896,0,0,300,0.5,572,0.32,486,0.18,1
7,9,474,0,0,666,0.42,420,0.58,1
7,10,251,2,10,5,0,300,0.5,1700,0.5,1
7,11,429,0,0,666,0.42,420,0.58,1
8,0,326,0,0,500,0.6,1000,0.2,1400,0.2,1
8,1,421,2,10,5,0,666,0.42,420,0.58,1
8,2,969,0,0,666,0.42,420,0.58,1
8,3,774,0,0,666,0.42,420,0.58,1
8,4,949,2,10,5,0,300,0.5,572,0.32,486,0.18,1
8,5,902,0,0,300,0.5,1700,0.5,1
8,6,598,0,0,300,0.5,1700,0.5,1
8,7,989,2,10,5,0,300,0.5,572,0.32,486,0.18,1
8,8,699,2,10,5,0,500,0.6,1000,0.2,1400,0.2,1
8,9,971,1,0,300,0.5,1700,0.5,1
8,10,133,1,0,666,0.42,420,0.58,1
8,11,434,0,0,300,0.5,572,0.32,486,0.18,1
9,0,829,2,10,5,0,300,0.5,572,0.32,486,0.18,1
9,1,686,2,10,5,0,666,0.42,420,0.58,1
9,2,740,1,0,666,0.42,420,0.58,1
9,3,243,1,0,300,0.5,1700,0.5,1
9,4,69,1,0,300,0.5,572,0.32,486,0.18,1
9,5,164,0,0,500,0.6,1000,0.2,1400,0.2,1
9,6,366,1,0,300,0.5,572,0.32,486,0.18,1
9,7,668,0,0,500,0.6,1000,0.2,1400,0.2,1
9,8,544,0,0,500,0.6,1000,0.2,1400,0.2,1
9,9,431,1,0,666,0.42,420,0.58,1
9,10,402,0,0,300,0.5,572,0.32,486,0.18,1
9,11,873,0,0,666,0.42,420,0.58,1
10,0,617,2,10,5,0,300,0.5,1700,0.5,1
10,1,320,0,0,300,0.5,572,0.32,486,0.18,1
10,2,134,1,0,300,0.5,1700,0.5,1
10,3,377,2,10,5,0,666,0.42,420,0.58,1
10,4,156,1,0,666,0.42,420,0.58,1
10,5,372,1,0,300,0.5,1700,0.5,1
10,6,695,1,0,500,0.6,1000,0.2,1400,0.2,1
10,7,375,0,0,300,0.5,572,0.32,486,0.18,1
10,8,586,0,0,300,0.5,1700,0.5,1
10,9,238,1,0,300,0.5,1700,0.5,1
10,10,620,0,0,300,0.5,572,0.32,486,0.18,1
10,11,86,0,0,300,0.5,1700,0.5,1
11,0,477,0,0,300,0.5,572,0.32,486,0.18,1
11,1,77,2,10,5,0,300,0.5,1700,0.5,1
11,2,432,2,10,5,0,666,0.42,420,0.58,1
11,3,171,0,0,300,0.5,1700,0.5,1
11,4,795,1,0,500,0.6,1000,0.2,1400,0.2,1
11,5,806,1,0,500,0.6,1000,0.2,1400,0.2,1
11,6,634,2,10,5,0,300,0.5,1700,0.5,1
11,7,713,0,0,500,0.6,1000,0.2,1400,0.2,1
11,8,650,2,10,5,0,300,0.5,1700,0.5,1
11,9,254,0,0,300,0.5,1700,0.5,1
11,10,687,2,10,5,0,300,0.5,572,0.32,486,0.18,1
11,11,35,0,0,500,0.6,1000,0.2,1400,0.2,1
