0,0,729,2,10,5,0,300,0.5,1700,0.5,1
0,1,84,2,10,5,0,300,0.5,1700,0.5,1
0,2,777,1,0,500,0.6,1000,0.2,1400,0.2,1
0,3,281,1,0,500,0.6,1000,0.2,1400,0.2,1
0,4,943,2,10,5,0,300,0.5,1700,0.5,1
0,5,840,2,10,5,0,666,0.42,420,0.58,1
0,6,793,2,10,5,0,666,0.42,420,0.58,1
0,7,479,0,0,300,0.5,572,0.32,486,0.18,1
0,8,145,2,10,5,0,666,0.42,420,0.58,1
0,9,116,2,10,5,0,666,0.42,420,0.58,1
0,10,355,0,0,300,0.5,1700,0.5,1
0,11,608,2,10,5,0,300,0.5,572,0.32,486,0.18,1
1,0,103,2,10,5,0,300,0.5,572,0.32,486,0.18,0
1,1,973,1,0,300,0.5,572,0.32,486,0.18,0
1,2,74,2,10,5,0,300,0.5,572,0.32,486,0.18,0
1,3,782,1,0,666,0.42,420,0.58,0
1,4,238,0,0,666,0.42,420,0.58,0
1,5,605,1,0,300,0.5,1700,0.5,0
1,6,72,1,0,300,0.5,1700,0.5,0
1,7,76,0,0,300,0.5,572,0.32,486,0.18,0
1,8,991,1,0,300,0.5,572,0.32,486,0.18,0
1,9,219,2,10,5,0,300,0.5,1700,0.5,0
1,10,566,2,10,5,0,666,0.42,420,0.58,0
1,11,26,1,0,300,0.5,1700,0.5,0
2,0,818,1,0,500,0.6,1000,0.2,1400,0.2,1
2,1,146,1,0,500,0.6,1000,0.2,1400,0.2,1
2,2,639,2,10,5,0,500,0.6,1000,0.2,1400,0.2,1
2,3,738,0,0,300,0.5,1700,0.5,1
2,4,693,2,10,5,0,300,0.5,1700,0.5,1
2,5,39,1,0,500,0.6,1000,0.2,1400,0.2,1
2,6,547,2,10,5,0,500,0.6,1000,0.2,1400,0.2,1
2,7,616,2,10,5,0,300,0.5,1700,0.5,1
2,8,756,1,0,300,0.5,1700,0.5,1
2,9,384,0,0,500,0.6,1000,0.2,1400,0.2,1
2,10,280,2,10,5,0,500,0.6,1000,0.2,1400,0.2,1
2,11,851,0,0,300,0.5,572,0.32,486,0.18,1
3,0,627,0,0,300,0.5,1700,0.5,1
3,1,349,1,0,300,0.5,572,0.32,486,0.18,1
3,2,205,1,0,300,0.5,1700,0.5,1
3,3,283,1,0,300,0.5,572,0.32,486,0.18,1
3,4,494,0,0,300,0.5,1700,0.5,1
3,5,18,0,0,300,0.5,572,0.32,486,0.18,1
3,6,879,0,0,500,0.6,1000,0.2,1400,0.2,1
3,7,19,2,10,5,0,666,0.42,420,0.58,1
3,8,473,2,10,5,0,500,0.6,1000,0.2,1400,0.2,1
3,9,385,1,0,500,0.6,1000,0.2,1400,0.2,1
3,10,965,2,10,5,0,300,0.5,572,0.32,486,0.18,1
3,11,665,2,10,5,0,500,0.6,1000,0.2,1400,0.2,1
4,0,849,1,0,300,0.5,1700,0.5,1
4,1,794,0,0,300,0.5,1700,0.5,1
4,2,632,1,0,666,0.42,420,0.58,1
4,3,881,1,0,300,0.5,572,0.32,486,0.18,1
4,4,436,1,0,666,0.42,420,0.58,1
4,5,290,2,10,5,0,300,0.5,572,0.32,486,0.18,1
4,6,285,2,10,5,0,300,0.5,572,0.32,486,0.18,1
4,7,20,2,10,5,0,300,0.5,572,0.32,486,0.18,1
4,8,945,1,0,500,0.6,1000,0.2,1400,0.2,1
4,9,718,1,0,300,0.5,572,0.32,486,0.18,1
4,10,620,0,0,500,0.6,1000,0.2,1400,0.2,1
4,11,719,0,0,300,0.5,1700,0.5,1
5,0,487,1,0,300,0.5,1700,0.5,1
5,1,480,0,0,300,0.5,1700,0.5,1
5,2,616,0,0,500,0.6,1000,0.2,1400,0.2,1
5,3,993,2,10,5,0,300,0.5,572,0.32,486,0.18,1
5,4,418,1,0,666,0.42,420,0.58,1
5,5,837,0,0,300,0.5,572,0.32,486,0.18,1
5,6,654,2,10,5,0,300,0.5,572,0.32,486,0.18,1
5,7,600,1,0,666,0.42,420,0.58,1
5,8,478,2,10,5,0,300,0.5,572,0.32,486,0.18,1
5,9,460,2,10,5,0,666,0.42,420,0.58,1
5,10,57,0,0,300,0.5,1700,0.5,1
5,11,374,0,0,500,0.6,1000,0.2,1400,0.2,1
6,0,629,2,10,5,0,300,0.5,1700,0.5,1
6,1,709,1,0,666,0.42,420,0.58,1
6,2,96,2,10,5,0,300,0.5,1700,0.5,1
6,3,149,2,10,5,0,666,0.42,420,0.58,1
6,4,720,2,10,5,0,300,0.5,1700,0.5,1
6,5,181,1,0,300,0.5,1700,0.5,1
6,6,434,2,10,5,0,300,0.5,1700,0.5,1
6,7,715,2,10,5,0,300,0.5,572,0.32,486,0.18,1
6,8,564,0,0,500,0.6,1000,0.2,1400,0.2,1
6,9,159,1,0,500,0.6,1000,0.2,1400,0.2,1
6,10,702,0,0,300,0.5,572,0.32,486,0.18,1
6,11,389,2,10,5,0,666,0.42,420,0.58,1
7,0,287,2,10,5,0,300,0.5,1700,0.5,1
7,1,326,2,10,5,0,300,0.5,1700,0.5,1
7,2,241,0,0,666,0.42,420,0.58,1
7,3,130,0,0,300,0.5,1700,0.5,1
7,4,723,1,0,666,0.42,420,0.58,1
7,5,945,0,0,500,0.6,1000,0.2,1400,0.2,1
7,6,243,2,10,5,0,500,0.6,1000,0.2,1400,0.2,1
7,7,25,2,10,5,0,666,0.42,420,0.58,1
7,8,779,2,10,5,0,300,0.5,1700,0.5,1
7,9,880,1,0,666,0.42,420,0.58,1
7,10,291,1,0,300,0.5,572,0.32,486,0.18,1
7,11,289,1,0,666,0.42,420,0.58,1
8,0,366,0,0,300,0.5,572,0.32,486,0.18,1
8,1,38,2,10,5,0,300,0.5,572,0.32,486,0.18,1
8,2,785,0,0,666,0.42,420,0.58,1
8,3,686,2,10,5,0,300,0.5,1700,0.5,1
8,4,598,2,10,5,0,300,0.5,572,0.32,486,0.18,1
8,5,976,0,0,300,0.5,1700,0.5,1
8,6,526,2,10,5,0,500,0.6,1000,0.2,1400,0.2,1
8,7,944,2,10,5,0,300,0.5,1700,0.5,1
8,8,113,2,10,5,0,300,0.5,572,0.32,486,0.18,1
8,9,449,2,10,5,0,300,0.5,572,0.32,486,0.18,1
8,10,551,1,0,300,0.5,572,0.32,486,0.18,1
8,11,824,1,0,666,0.42,420,0.58,1
9,0,93,1,0,300,0.5,1700,0.5,1
9,1,527,1,0,300,0.5,1700,0.5,1
9,2,205,0,0,500,0.6,1000,0.2,1400,0.2,1
9,3,876,2,10,5,0,300,0.5,572,0.32,486,0.18,1
9,4,723,0,0,300,0.5,572,0.32,486,0.18,1
9,5,833,0,0,300,0.5,1700,0.5,1
9,6,349,1,0,300,0.5,1700,0.5,1
9,7,20,1,0,300,0.5,572,0.32,486,0.18,1
9,8,279,0,0,300,0.5,1700,0.5,1
9,9,308,1,0,300,0.5,1700,0.5,1
9,10,73,2,10,5,0,666,0.42,420,0.58,1
9,11,861,0,0,300,0.5,1700,0.5,1
10,0,590,1,0,666,0.42,420,0.58,1
10,1,727,2,10,5,0,500,0.6,1000,0.2,1400,0.2,1
10,2,911,2,10,5,0,300,0.5,1700,0.5,1
10,3,283,2,10,5,0,300,0.5,572,0.32,486,0.18,1
10,4,301,1,0,300,0.5,572,0.32,486,0.18,1
10,5,712,1,0,666,0.42,420,0.58,1
10,6,865,2,10,5,0,300,0.5,1700,0.5,1
10,7,721,2,10,5,0,300,0.5,1700,0.5,1
10,8,94,0,0,666,0.42,420,0.58,1
10,9,28,0,0,666,0.42,420,0.58,1
10,10,76,0,0,500,0.6,1000,0.2,1400,0.2,1
10,11,354,1,0,300,0.5,1700,0.5,1
11,0,924,1,0,666,0.42,420,0.58,1
11,1,557,2,10,5,0,666,0.42,420,0.58,1
11,2,849,0,0,666,0.42,420,0.58,1
11,3,964,2,10,5,0,300,0.5,572,0.32,486,0.18,1
11,4,999,1,0,300,0.5,1700,0.5,1
11,5,40,0,0,300,0.5,572,0.32,486,0.18,1
11,6,839,2,10,5,0,666,0.42,420,0.58,1
11,7,993,0,0,300,0.5,572,0.32,486,0.18,1
11,8,110,1,0,666,0.42,420,0.58,1
11,9,715,2,10,5,0,300,0.5,1700,0.5,1
11,10,283,0,0,500,0.6,1000,0.2,1400,0.2,1
11,11,547,2,10,5,0,300,0.5,1700,0.5,1
