0,0,592,2,10,5,0,666,0.42,420,0.58,1
0,1,368,0,0,500,0.6,1000,0.2,1400,0.2,1
0,2,463,2,10,5,0,300,0.5,572,0.32,486,0.18,1
0,3,599,2,10,5,0,666,0.42,420,0.58,1
0,4,944,1,0,300,0.5,572,0.32,486,0.18,1
0,5,525,2,10,5,0,300,0.5,572,0.32,486,0.18,1
0,6,617,2,10,5,0,500,0.6,1000,0.2,1400,0.2,1
0,7,39,0,0,300,0.5,1700,0.5,1
0,8,773,0,0,666,0.42,420,0.58,1
0,9,193,0,0,666,0.42,420,0.58,1
0,10,485,2,10,5,0,300,0.5,1700,0.5,1
0,11,124,1,0,300,0.5,1700,0.5,1
1,0,679,1,0,300,0.5,572,0.32,486,0.18,0
1,1,647,2,10,5,0,300,0.5,572,0.32,486,0.18,0
1,2,159,2,10,5,0,300,0.5,572,0.32,486,0.18,0
1,3,546,2,10,5,0,300,0.5,1700,0.5,0
1,4,131,1,0,300,0.5,572,0.32,486,0.18,0
1,5,519,2,10,5,0,300,0.5,572,0.32,486,0.18,0
1,6,908,1,0,300,0.5,572,0.32,486,0.18,0
1,7,769,2,10,5,0,666,0.42,420,0.58,0
1,8,610,0,0,500,0.6,1000,0.2,1400,0.2,0
1,9,73,2,10,5,0,500,0.6,1000,0.2,1400,0.2,0
1,10,302,2,10,5,0,300,0.5,1700,0.5,0
1,11,818,2,10,5,0,300,0.5,1700,0.5,0
2,0,560,1,0,500,0.6,1000,0.2,1400,0.2,1
2,1,47,0,0,666,0.42,420,0.58,1
2,2,705,0,0,300,0.5,1700,0.5,1
2,3,176,0,0,300,0.5,1700,0.5,1
2,4,449,0,0,666,0.42,420,0.58,1
2,5,363,0,0,300,0.5,1700,0.5,1
2,6,349,2,10,5,0,300,0.5,572,0.32,486,0.18,1
2,7,688,0,0,300,0.5,572,0.32,486,0.18,1
2,8,544,1,0,300,0.5,572,0.32,486,0.18,1
2,9,362,1,0,300,0.5,572,0.32,486,0.18,1
2,10,692,0,0,300,0.5,572,0.32,486,0.18,1
2,11,585,0,0,300,0.5,1700,0.5,1
3,0,981,2,10,5,0,300,0.5,572,0.32,486,0.18,1
3,1,40,1,0,666,0.42,420,0.58,1
3,2,250,0,0,500,0.6,1000,0.2,1400,0.2,1
3,3,40,0,0,300,0.5,1700,0.5,1
3,4,422,2,10,5,0,500,0.6,1000,0.2,1400,0.2,1
3,5,521,2,10,5,0,300,0.5,1700,0.5,1
3,6,404,0,0,500,0.6,1000,0.2,1400,0.2,1
3,7,287,1,0,500,0.6,1000,0.2,1400,0.2,1
3,8,730,1,0,500,0.6,1000,0.2,1400,0.2,1
3,9,995,2,10,5,0,666,0.42,420,0.58,1
3,10,698,0,0,666,0.42,420,0.58,1
3,11,871,2,10,5,0,300,0.5,1700,0.5,1
4,0,169,2,10,5,0,300,0.5,1700,0.5,1
4,1,690,2,10,5,0,666,0.42,420,0.58,1
4,2,579,0,0,300,0.5,1700,0.5,1
4,3,673,0,0,666,0.42,420,0.58,1
4,4,215,0,0,300,0.5,1700,0.5,1
4,5,453,2,10,5,0,300,0.5,1700,0.5,1
4,6,508,0,0,300,0.5,572,0.32,486,0.18,1
4,7,903,2,10,5,0,300,0.5,1700,0.5,1
4,8,995,1,0,300,0.5,572,0.32,486,0.18,1
4,9,66,1,0,500,0.6,1000,0.2,1400,0.2,1
4,10,278,2,10,5,0,666,0.42,420,0.58,1
4,11,527,1,0,300,0.5,1700,0.5,1
5,0,755,1,0,666,0.42,420,0.58,1
5,1,557,1,0,300,0.5,1700,0.5,1
5,2,564,1,0,300,0.5,1700,0.5,1
5,3,71,0,0,500,0.6,1000,0.2,1400,0.2,1
5,4,753,1,0,300,0.5,572,0.32,486,0.18,1
5,5,349,0,0,300,0.5,1700,0.5,1
5,6,503,0,0,300,0.5,1700,0.5,1
5,7,666,1,0,300,0.5,572,0.32,486,0.18,1
5,8,304,2,10,5,0,666,0.42,420,0.58,1
5,9,175,1,0,300,0.5,1700,0.5,1
5,10,300,2,10,5,0,666,0.42,420,0.58,1
5,11,388,0,0,300,0.5,1700,0.5,1
6,0,934,2,10,5,0,300,0.5,1700,0.5,1
6,1,693,0,0,666,0.42,420,0.58,1
6,2,795,0,0,500,0.6,1000,0.2,1400,0.2,1
6,3,121,0,0,300,0.5,1700,0.5,1
6,4,84,2,10,5,0,666,0.42,420,0.58,1
6,5,505,2,10,5,0,666,0.42,420,0.58,1
6,6,599,1,0,300,0.5,1700,0.5,1
6,7,220,2,10,5,0,500,0.6,1000,0.2,1400,0.2,1
6,8,895,1,0,500,0.6,1000,0.2,1400,0.2,1
6,9,898,0,0,666,0.42,420,0.58,1
6,10,66,0,0,500,0.6,1000,0.2,1400,0.2,1
6,11,388,1,0,300,0.5,572,0.32,486,0.18,1
7,0,744,1,0,300,0.5,572,0.32,486,0.18,1
7,1,682,2,10,5,0,666,0.42,420,0.58,1
7,2,480,0,0,666,0.42,420,0.58,1
7,3,718,0,0,300,0.5,572,0.32,486,0.18,1
7,4,991,0,0,300,0.5,572,0.32,486,0.18,1
7,5,330,0,0,300,0.5,572,0.32,486,0.18,1
7,6,800,2,10,5,0,300,0.5,1700,0.5,1
7,7,788,1,0,300,0.5,1700,0.5,1
7,8,711,0,0,300,0.5,1700,0.5,1
7,9,849,2,10,5,0,666,0.42,420,0.58,1
7,10,244,2,10,5,0,300,0.5,572,0.32,486,0.18,1
7,11,745,2,10,5,0,300,0.5,1700,0.5,1
8,0,567,2,10,5,0,500,0.6,1000,0.2,1400,0.2,1
8,1,892,0,0,500,0.6,1000,0.2,1400,0.2,1
8,2,315,2,10,5,0,666,0.42,420,0.58,1
8,3,102,2,10,5,0,666,0.42,420,0.58,1
8,4,552,1,0,300,0.5,572,0.32,486,0.18,1
8,5,754,2,10,5,0,666,0.42,420,0.58,1
8,6,254,0,0,666,0.42,420,0.58,1
8,7,502,1,0,666,0.42,420,0.58,1
8,8,823,2,10,5,0,500,0.6,1000,0.2,1400,0.2,1
8,9,234,0,0,500,0.6,1000,0.2,1400,0.2,1
8,10,563,1,0,666,0.42,420,0.58,1
8,11,657,0,0,500,0.6,1000,0.2,1400,0.2,1
9,0,991,2,10,5,0,666,0.42,420,0.58,1
9,1,277,0,0,500,0.6,1000,0.2,1400,0.2,1
9,2,445,1,0,500,0.6,1000,0.2,1400,0.2,1
9,3,305,1,0,500,0.6,1000,0.2,1400,0.2,1
9,4,328,2,10,5,0,300,0.5,572,0.32,486,0.18,1
9,5,109,0,0,666,0.42,420,0.58,1
9,6,255,2,10,5,0,300,0.5,1700,0.5,1
9,7,483,2,10,5,0,666,0.42,420,0.58,1
9,8,385,0,0,666,0.42,420,0.58,1
9,9,487,1,0,300,0.5,572,0.32,486,0.18,1
9,10,762,0,0,666,0.42,420,0.58,1
9,11,630,0,0,666,0.42,420,0.58,1
10,0,41,2,10,5,0,666,0.42,420,0.58,1
10,1,489,0,0,666,0.42,420,0.58,1
10,2,652,2,10,5,0,500,0.6,1000,0.2,1400,0.2,1
10,3,515,1,0,300,0.5,572,0.32,486,0.18,1
10,4,256,0,0,300,0.5,572,0.32,486,0.18,1
10,5,161,0,0,666,0.42,420,0.58,1
10,6,918,2,10,5,0,666,0.42,420,0.58,1
10,7,216,2,10,5,0,500,0.6,1000,0.2,1400,0.2,1
10,8,465,2,10,5,0,500,0.6,1000,0.2,1400,0.2,1
10,9,412,1,0,300,0.5,1700,0.5,1
10,10,891,1,0,500,0.6,1000,0.2,1400,0.2,1
10,11,84,0,0,300,0.5,572,0.32,486,0.18,1
11,0,542,1,0,300,0.5,1700,0.5,1
11,1,731,0,0,300,0.5,572,0.32,486,0.18,1
11,2,767,0,0,500,0.6,1000,0.2,1400,0.2,1
11,3,572,1,0,300,0.5,572,0.32,486,0.18,1
11,4,262,1,0,666,0.42,420,0.58,1
11,5,965,0,0,666,0.42,420,0.58,1
11,6,37,2,10,5,0,666,0.42,420,0.58,1
11,7,647,1,0,300,0.5,572,0.32,486,0.18,1
11,8,637,2,10,5,0,500,0.6,1000,0.2,1400,0.2,1
11,9,229,0,0,300,0.5,1700,0.5,1
11,10,453,0,0,300,0.5,1700,0.5,1
11,11,699,0,0,666,0.42,420,0.58,1
