0,0,981,0,0,300,0.5,572,0.32,486,0.18,1
0,1,243,1,0,500,0.6,1000,0.2,1400,0.2,1
0,2,233,0,0,300,0.5,1700,0.5,1
0,3,17,0,0,300,0.5,572,0.32,486,0.18,1
0,4,534,0,0,666,0.42,420,0.58,1
0,5,162,1,0,666,0.42,420,0.58,1
0,6,166,1,0,500,0.6,1000,0.2,1400,0.2,1
0,7,248,2,10,5,0,500,0.6,1000,0.2,1400,0.2,1
0,8,306,2,10,5,0,300,0.5,572,0.32,486,0.18,1
0,9,797,2,10,5,0,300,0.5,572,0.32,486,0.18,1
0,10,792,1,0,300,0.5,572,0.32,486,0.18,1
0,11,610,0,0,300,0.5,1700,0.5,1
1,0,211,0,0,300,0.5,1700,0.5,0
1,1,86,2,10,5,0,500,0.6,1000,0.2,1400,0.2,0
1,2,950,1,0,300,0.5,1700,0.5,0
1,3,111,2,10,5,0,666,0.42,420,0.58,0
1,4,985,0,0,500,0.6,1000,0.2,1400,0.2,0
1,5,506,0,0,300,0.5,572,0.32,486,0.18,0
1,6,189,1,0,500,0.6,1000,0.2,1400,0.2,0
1,7,404,2,10,5,0,300,0.5,1700,0.5,0
1,8,656,2,10,5,0,666,0.42,420,0.58,0
1,9,661,0,0,500,0.6,1000,0.2,1400,0.2,0
1,10,804,1,0,300,0.5,572,0.32,486,0.18,0
1,11,129,0,0,500,0.6,1000,0.2,1400,0.2,0
2,0,618,1,0,300,0.5,1700,0.5,1
2,1,995,1,0,300,0.5,572,0.32,486,0.18,1
2,2,19,0,0,300,0.5,572,0.32,486,0.18,1
2,3,246,0,0,300,0.5,572,0.32,486,0.18,1
2,4,789,2,10,5,0,300,0.5,572,0.32,486,0.18,1
2,5,574,1,0,300,0.5,572,0.32,486,0.18,1
2,6,276,0,0,500,0.6,1000,0.2,1400,0.2,1
2,7,317,1,0,300,0.5,572,0.32,486,0.18,1
2,8,310,0,0,500,0.6,1000,0.2,1400,0.2,1
2,9,542,1,0,300,0.5,1700,0.5,1
2,10,975,2,10,5,0,300,0.5,572,0.32,486,0.18,1
2,11,53,2,10,5,0,300,0.5,572,0.32,486,0.18,1
3,0,187,0,0,300,0.5,1700,0.5,1
3,1,205,1,0,666,0.42,420,0.58,1
3,2,884,1,0,300,0.5,1700,0.5,1
3,3,780,1,0,300,0.5,572,0.32,486,0.18,1
3,4,482,2,10,5,0,300,0.5,572,0.32,486,0.18,1
3,5,350,1,0,500,0.6,1000,0.2,1400,0.2,1
3,6,654,1,0,666,0.42,420,0.58,1
3,7,520,0,0,500,0.6,1000,0.2,1400,0.2,1
3,8,60,0,0,666,0.42,420,0.58,1
3,9,647,2,10,5,0,666,0.42,420,0.58,1
3,10,507,2,10,5,0,300,0.5,572,0.32,486,0.18,1
3,11,401,2,10,5,0,300,0.5,572,0.32,486,0.18,1
4,0,79,1,0,300,0.5,572,0.32,486,0.18,1
4,1,204,2,10,5,0,500,0.6,1000,0.2,1400,0.2,1
4,2,408,0,0,300,0.5,572,0.32,486,0.18,1
4,3,726,2,10,5,0,500,0.6,1000,0.2,1400,0.2,1
4,4,779,2,10,5,0,300,0.5,1700,0.5,1
4,5,779,2,10,5,0,300,0.5,1700,0.5,1
4,6,153,1,0,500,0.6,1000,0.2,1400,0.2,1
4,7,19,2,10,5,0,300,0.5,572,0.32,486,0.18,1
4,8,118,1,0,300,0.5,1700,0.5,1
4,9,189,1,0,666,0.42,420,0.58,1
4,10,305,1,0,300,0.5,572,0.32,486,0.18,1
4,11,784,0,0,300,0.5,572,0.32,486,0.18,1
5,0,673,2,10,5,0,500,0.6,1000,0.2,1400,0.2,1
5,1,20,2,10,5,0,300,0.5,572,0.32,486,0.18,1
5,2,146,0,0,666,0.42,420,0.58,1
5,3,811,2,10,5,0,300,0.5,1700,0.5,1
5,4,11,1,0,300,0.5,1700,0.5,1
5,5,411,0,0,300,0.5,1700,0.5,1
5,6,525,2,10,5,0,300,0.5,1700,0.5,1
5,7,62,0,0,300,0.5,572,0.32,486,0.18,1
5,8,344,0,0,500,0.6,1000,0.2,1400,0.2,1
5,9,364,1,0,666,0.42,420,0.58,1
5,10,505,2,10,5,0,500,0.6,1000,0.2,1400,0.2,1
5,11,102,2,10,5,0,666,0.42,420,0.58,1
6,0,295,0,0,300,0.5,572,0.32,486,0.18,1
6,1,85,1,0,666,0.42,420,0.58,1
6,2,86,2,10,5,0,666,0.42,420,0.58,1
6,3,600,0,0,666,0.42,420,0.58,1
6,4,601,1,0,666,0.42,420,0.58,1
6,5,221,2,10,5,0,300,0.5,1700,0.5,1
6,6,625,2,10,5,0,666,0.42,420,0.58,1
6,7,120,0,0,500,0.6,1000,0.2,1400,0.2,1
6,8,918,0,0,500,0.6,1000,0.2,1400,0.2,1
6,9,169,2,10,5,0,500,0.6,1000,0.2,1400,0.2,1
6,10,752,1,0,300,0.5,1700,0.5,1
6,11,589,0,0,300,0.5,1700,0.5,1
7,0,845,2,10,5,0,300,0.5,572,0.32,486,0.18,1
7,1,261,1,0,300,0.5,1700,0.5,1
7,2,758,0,0,300,0.5,572,0.32,486,0.18,1
7,3,128,1,0,666,0.42,420,0.58,1
7,4,624,2,10,5,0,300,0.5,1700,0.5,1
7,5,348,1,0,500,0.6,1000,0.2,1400,0.2,1
7,6,279,1,0,300,0.5,1700,0.5,1
7,7,502,2,10,5,0,300,0.5,572,0.32,486,0.18,1
7,8,471,2,10,5,0,300,0.5,572,0.32,486,0.18,1
7,9,122,2,10,5,0,500,0.6,1000,0.2,1400,0.2,1
7,10,436,0,0,300,0.5,1700,0.5,1
7,11,446,0,0,300,0.5,572,0.32,486,0.18,1
8,0,708,1,0,666,0.42,420,0.58,1
8,1,269,1,0,300,0.5,572,0.32,486,0.18,1
8,2,654,1,0,300,0.5,1700,0.5,1
8,3,252,2,10,5,0,300,0.5,1700,0.5,1
8,4,56,2,10,5,0,300,0.5,572,0.32,486,0.18,1
8,5,176,2,10,5,0,300,0.5,572,0.32,486,0.18,1
8,6,574,0,0,666,0.42,420,0.58,1
8,7,846,0,0,500,0.6,1000,0.2,1400,0.2,1
8,8,800,2,10,5,0,666,0.42,420,0.58,1
8,9,101,1,0,300,0.5,572,0.32,486,0.18,1
8,10,187,0,0,666,0.42,420,0.58,1
8,11,918,0,0,300,0.5,572,0.32,486,0.18,1
9,0,791,2,10,5,0,300,0.5,572,0.32,486,0.18,1
9,1,541,2,10,5,0,666,0.42,420,0.58,1
9,2,472,1,0,666,0.42,420,0.58,1
9,3,946,2,10,5,0,666,0.42,420,0.58,1
9,4,532,1,0,666,0.42,420,0.58,1
9,5,703,1,0,300,0.5,1700,0.5,1
9,6,714,2,10,5,0,500,0.6,1000,0.2,1400,0.2,1
9,7,110,0,0,666,0.42,420,0.58,1
9,8,62,1,0,500,0.6,1000,0.2,1400,0.2,1
9,9,768,0,0,300,0.5,572,0.32,486,0.18,1
9,10,125,2,10,5,0,500,0.6,1000,0.2,1400,0.2,1
9,11,224,2,10,5,0,666,0.42,420,0.58,1
10,0,432,2,10,5,0,500,0.6,1000,0.2,1400,0.2,1
10,1,771,0,0,300,0.5,572,0.32,486,0.18,1
10,2,207,2,10,5,0,300,0.5,572,0.32,486,0.18,1
10,3,916,2,10,5,0,500,0.6,1000,0.2,1400,0.2,1
10,4,401,2,10,5,0,300,0.5,572,0.32,486,0.18,1
10,5,941,2,10,5,0,666,0.42,420,0.58,1
10,6,225,1,0,666,0.42,420,0.58,1
10,7,765,1,0,666,0.42,420,0.58,1
10,8,307,0,0,500,0.6,1000,0.2,1400,0.2,1
10,9,423,2,10,5,0,300,0.5,572,0.32,486,0.18,1
10,10,104,1,0,300,0.5,572,0.32,486,0.18,1
10,11,196,0,0,300,0.5,572,0.32,486,0.18,1
11,0,509,2,10,5,0,300,0.5,1700,0.5,1
11,1,741,1,0,666,0.42,420,0.58,1
11,2,261,2,10,5,0,300,0.5,1700,0.5,1
11,3,208,1,0,300,0.5,572,0.32,486,0.18,1
11,4,690,0,0,300,0.5,1700,0.5,1
11,5,426,1,0,666,0.42,420,0.58,1
11,6,512,1,0,300,0.5,1700,0.5,1
11,7,942,0,0,500,0.6,1000,0.2,1400,0.2,1
11,8,43,0,0,300,0.5,572,0.32,486,0.18,1
11,9,978,1,0,666,0.42,420,0.58,1
11,10,651,0,0,300,0.5,572,0.32,486,0.18,1
11,11,591,2,10,5,0,500,0.6,1000,0.2,1400,0.2,1
