0,0,444,0,0,500,0.6,1000,0.2,1400,0.2,1
0,1,516,1,0,666,0.42,420,0.58,1
0,2,573,2,10,5,0,666,0.42,420,0.58,1
0,3,712,2,10,5,0,300,0.5,572,0.32,486,0.18,1
0,4,587,2,10,5,0,300,0.5,572,0.32,486,0.18,1
0,5,158,1,0,666,0.42,420,0.58,1
0,6,166,1,0,666,0.42,420,0.58,1
0,7,710,0,0,300,0.5,572,0.32,486,0.18,1
0,8,397,1,0,300,0.5,572,0.32,486,0.18,1
0,9,314,2,10,5,0,300,0.5,572,0.32,486,0.18,1
0,10,508,0,0,500,0.6,1000,0.2,1400,0.2,1
0,11,803,2,10,5,0,300,0.5,572,0.32,486,0.18,1
1,0,41,2,10,5,0,666,0.42,420,0.58,0
1,1,988,0,0,300,0.5,572,0.32,486,0.18,0
1,2,105,2,10,5,0,300,0.5,572,0.32,486,0.18,0
1,3,938,0,0,666,0.42,420,0.58,0
1,4,405,0,0,666,0.42,420,0.58,0
1,5,273,1,0,666,0.42,420,0.58,0
1,6,770,0,0,300,0.5,572,0.32,486,0.18,0
1,7,948,0,0,500,0.6,1000,0.2,1400,0.2,0
1,8,435,2,10,5,0,300,0.5,1700,0.5,0
1,9,881,2,10,5,0,300,0.5,1700,0.5,0
1,10,880,2,10,5,0,666,0.42,420,0.58,0
1,11,922,1,0,500,0.6,1000,0.2,1400,0.2,0
2,0,846,1,0,666,0.42,420,0.58,1
2,1,997,1,0,666,0.42,420,0.58,1
2,2,380,0,0,300,0.5,1700,0.5,1
2,3,997,2,10,5,0,300,0.5,1700,0.5,1
2,4,123,2,10,5,0,300,0.5,572,0.32,486,0.18,1
2,5,234,1,0,666,0.42,420,0.58,1
2,6,567,2,10,5,0,300,0.5,1700,0.5,1
2,7,591,0,0,300,0.5,1700,0.5,1
2,8,554,0,0,300,0.5,1700,0.5,1
2,9,271,2,10,5,0,300,0.5,572,0.32,486,0.18,1
2,10,882,1,0,666,0.42,420,0.58,1
2,11,226,2,10,5,0,300,0.5,572,0.32,486,0.18,1
3,0,503,2,10,5,0,300,0.5,1700,0.5,1
3,1,907,0,0,300,0.5,1700,0.5,1
3,2,12,2,10,5,0,300,0.5,572,0.32,486,0.18,1
3,3,575,1,0,300,0.5,1700,0.5,1
3,4,988,0,0,500,0.6,1000,0.2,1400,0.2,1
3,5,34,0,0,500,0.6,1000,0.2,1400,0.2,1
3,6,166,1,0,300,0.5,1700,0.5,1
3,7,299,1,0,300,0.5,572,0.32,486,0.18,1
3,8,788,2,10,5,0,300,0.5,1700,0.5,1
3,9,807,0,0,300,0.5,1700,0.5,1
3,10,321,0,0,500,0.6,1000,0.2,1400,0.2,1
3,11,900,0,0,666,0.42,420,0.58,1
4,0,132,1,0,300,0.5,1700,0.5,1
4,1,329,0,0,300,0.5,1700,0.5,1
4,2,199,0,0,500,0.6,1000,0.2,1400,0.2,1
4,3,269,1,0,666,0.42,420,0.58,1
4,4,475,1,0,300,0.5,572,0.32,486,0.18,1
4,5,127,0,0,666,0.42,420,0.58,1
4,6,572,0,0,300,0.5,572,0.32,486,0.18,1
4,7,34,2,10,5,0,666,0.42,420,0.58,1
4,8,897,1,0,500,0.6,1000,0.2,1400,0.2,1
4,9,396,2,10,5,0,666,0.42,420,0.58,1
4,10,928,2,10,5,0,300,0.5,572,0.32,486,0.18,1
4,11,80,0,0,500,0.6,1000,0.2,1400,0.2,1
5,0,139,1,0,300,0.5,572,0.32,486,0.18,1
5,1,427,1,0,300,0.5,572,0.32,486,0.18,1
5,2,723,1,0,666,0.42,420,0.58,1
5,3,212,2,10,5,0,666,0.42,420,0.58,1
5,4,800,2,10,5,0,500,0.6,1000,0.2,1400,0.2,1
5,5,934,2,10,5,0,300,0.5,572,0.32,486,0.18,1
5,6,814,0,0,666,0.42,420,0.58,1
5,7,855,0,0,300,0.5,1700,0.5,1
5,8,275,1,0,300,0.5,572,0.32,486,0.18,1
5,9,407,0,0,300,0.5,1700,0.5,1
5,10,827,1,0,300,0.5,1700,0.5,1
5,11,30,0,0,666,0.42,420,0.58,1
6,0,287,2,10,5,0,500,0.6,1000,0.2,1400,0.2,1
6,1,162,2,10,5,0,666,0.42,420,0.58,1
6,2,81,2,10,5,0,666,0.42,420,0.58,1
6,3,472,2,10,5,0,300,0.5,1700,0.5,1
6,4,925,0,0,300,0.5,572,0.32,486,0.18,1
6,5,808,1,0,500,0.6,1000,0.2,1400,0.2,1
6,6,603,1,0,500,0.6,1000,0.2,1400,0.2,1
6,7,85,2,10,5,0,300,0.5,572,0.32,486,0.18,1
6,8,368,1,0,500,0.6,1000,0.2,1400,0.2,1
6,9,386,0,0,300,0.5,1700,0.5,1
6,10,169,0,0,300,0.5,1700,0.5,1
6,11,205,1,0,666,0.42,420,0.58,1
7,0,830,2,10,5,0,500,0.6,1000,0.2,1400,0.2,1
7,1,674,2,10,5,0,500,0.6,1000,0.2,1400,0.2,1
7,2,131,0,0,500,0.6,1000,0.2,1400,0.2,1
7,3,309,0,0,666,0.42,420,0.58,1
7,4,456,2,10,5,0,300,0.5,572,0.32,486,0.18,1
7,5,866,0,0,666,0.42,420,0.58,1
7,6,174,0,0,300,0.5,1700,0.5,1
7,7,440,2,10,5,0,500,0.6,1000,0.2,1400,0.2,1
7,8,919,1,0,300,0.5,1700,0.5,1
7,9,368,2,10,5,0,300,0.5,572,0.32,486,0.18,1
7,10,279,2,10,5,0,666,0.42,420,0.58,1
7,11,810,1,0,300,0.5,572,0.32,486,0.18,1
8,0,447,0,0,300,0.5,1700,0.5,1
8,1,82,1,0,300,0.5,572,0.32,486,0.18,1
8,2,773,0,0,300,0.5,572,0.32,486,0.18,1
8,3,857,0,0,300,0.5,572,0.32,486,0.18,1
8,4,885,1,0,300,0.5,572,0.32,486,0.18,1
8,5,108,0,0,500,0.6,1000,0.2,1400,0.2,1
8,6,668,0,0,666,0.42,420,0.58,1
8,7,208,0,0,500,0.6,1000,0.2,1400,0.2,1
8,8,133,1,0,300,0.5,572,0.32,486,0.18,1
8,9,860,0,0,300,0.5,1700,0.5,1
8,10,977,0,0,666,0.42,420,0.58,1
8,11,647,1,0,300,0.5,1700,0.5,1
9,0,984,1,0,300,0.5,572,0.32,486,0.18,1
9,1,807,0,0,300,0.5,1700,0.5,1
9,2,812,0,0,300,0.5,572,0.32,486,0.18,1
9,3,134,1,0,300,0.5,1700,0.5,1
9,4,836,0,0,500,0.6,1000,0.2,1400,0.2,1
9,5,168,2,10,5,0,300,0.5,1700,0.5,1
9,6,106,1,0,300,0.5,572,0.32,486,0.18,1
9,7,976,1,0,666,0.42,420,0.58,1
9,8,249,1,0,300,0.5,572,0.32,486,0.18,1
9,9,337,2,10,5,0,500,0.6,1000,0.2,1400,0.2,1
9,10,793,1,0,500,0.6,1000,0.2,1400,0.2,1
9,11,274,0,0,300,0.5,572,0.32,486,0.18,1
10,0,231,1,0,300,0.5,1700,0.5,1
10,1,813,1,0,666,0.42,420,0.58,1
10,2,603,0,0,500,0.6,1000,0.2,1400,0.2,1
10,3,519,2,10,5,0,300,0.5,1700,0.5,1
10,4,253,0,0,300,0.5,572,0.32,486,0.18,1
10,5,793,2,10,5,0,300,0.5,1700,0.5,1
10,6,440,2,10,5,0,300,0.5,1700,0.5,1
10,7,703,2,10,5,0,300,0.5,572,0.32,486,0.18,1
10,8,136,0,0,500,0.6,1000,0.2,1400,0.2,1
10,9,355,0,0,500,0.6,1000,0.2,1400,0.2,1
10,10,473,2,10,5,0,666,0.42,420,0.58,1
10,11,418,0,0,666,0.42,420,0.58,1
11,0,414,0,0,500,0.6,1000,0.2,1400,0.2,1
11,1,182,2,10,5,0,500,0.6,1000,0.2,1400,0.2,1
11,2,269,1,0,300,0.5,1700,0.5,1
11,3,994,2,10,5,0,300,0.5,1700,0.5,1
11,4,191,2,10,5,0,300,0.5,1700,0.5,1
11,5,385,2,10,5,0,300,0.5,572,0.32,486,0.18,1
11,6,55,1,0,500,0.6,1000,0.2,1400,0.2,1
11,7,322,2,10,5,0,300,0.5,1700,0.5,1
11,8,31,0,0,500,0.6,1000,0.2,1400,0.2,1
11,9,771,1,0,300,0.5,1700,0.5,1
11,10,826,2,10,5,0,300,0.5,1700,0.5,1
11,11,73,1,0,300,0.5,572,0.32,486,0.18,1
