0,0,627,2,10,5,0,300,0.5,572,0.32,486,0.18,1
0,1,21,0,0,300,0.5,1700,0.5,1
0,2,451,1,0,500,0.6,1000,0.2,1400,0.2,1
0,3,404,1,0,666,0.42,420,0.58,1
0,4,393,0,0,666,0.42,420,0.58,1
0,5,176,1,0,300,0.5,572,0.32,486,0.18,1
0,6,656,0,0,500,0.6,1000,0.2,1400,0.2,1
0,7,209,1,0,300,0.5,1700,0.5,1
0,8,188,2,10,5,0,300,0.5,572,0.32,486,0.18,1
0,9,851,0,0,300,0.5,572,0.32,486,0.18,1
0,10,475,0,0,300,0.5,1700,0.5,1
0,11,581,0,0,500,0.6,1000,0.2,1400,0.2,1
1,0,431,2,10,5,0,300,0.5,1700,0.5,0
1,1,179,0,0,500,0.6,1000,0.2,1400,0.2,0
1,2,460,0,0,300,0.5,572,0.32,486,0.18,0
1,3,885,2,10,5,0,666,0.42,420,0.58,0
1,4,759,0,0,666,0.42,420,0.58,0
1,5,825,1,0,500,0.6,1000,0.2,1400,0.2,0
1,6,886,1,0,666,0.42,420,0.58,0
1,7,40,1,0,300,0.5,1700,0.5,0
1,8,634,1,0,500,0.6,1000,0.2,1400,0.2,0
1,9,104,1,0,666,0.42,420,0.58,0
1,10,924,0,0,666,0.42,420,0.58,0
1,11,764,0,0,500,0.6,1000,0.2,1400,0.2,0
2,0,929,0,0,500,0.6,1000,0.2,1400,0.2,1
2,1,495,2,10,5,0,666,0.42,420,0.58,1
2,2,394,2,10,5,0,500,0.6,1000,0.2,1400,0.2,1
2,3,655,1,0,666,0.42,420,0.58,1
2,4,136,1,0,666,0.42,420,0.58,1
2,5,254,1,0,300,0.5,572,0.32,486,0.18,1
2,6,929,0,0,666,0.42,420,0.58,1
2,7,220,1,0,500,0.6,1000,0.2,1400,0.2,1
2,8,472,2,10,5,0,666,0.42,420,0.58,1
2,9,290,2,10,5,0,500,0.6,1000,0.2,1400,0.2,1
2,10,764,0,0,300,0.5,572,0.32,486,0.18,1
2,11,735,2,10,5,0,300,0.5,572,0.32,486,0.18,1
3,0,98,2,10,5,0,300,0.5,1700,0.5,1
3,1,407,2,10,5,0,300,0.5,572,0.32,486,0.18,1
3,2,794,2,10,5,0,500,0.6,1000,0.2,1400,0.2,1
3,3,288,1,0,300,0.5,572,0.32,486,0.18,1
3,4,440,1,0,300,0.5,572,0.32,486,0.18,1
3,5,973,1,0,500,0.6,1000,0.2,1400,0.2,1
3,6,578,0,0,300,0.5,1700,0.5,1
3,7,433,2,10,5,0,500,0.6,1000,0.2,1400,0.2,1
3,8,847,0,0,666,0.42,420,0.58,1
3,9,212,2,10,5,0,666,0.42,420,0.58,1
3,10,151,2,10,5,0,300,0.5,1700,0.5,1
3,11,499,1,0,300,0.5,1700,0.5,1
4,0,684,2,10,5,0,300,0.5,1700,0.5,1
4,1,58,1,0,500,0.6,1000,0.2,1400,0.2,1
4,2,537,1,0,300,0.5,1700,0.5,1
4,3,981,1,0,666,0.42,420,0.58,1
4,4,859,2,10,5,0,500,0.6,1000,0.2,1400,0.2,1
4,5,250,0,0,300,0.5,1700,0.5,1
4,6,451,1,0,300,0.5,572,0.32,486,0.18,1
4,7,445,2,10,5,0,300,0.5,1700,0.5,1
4,8,881,1,0,500,0.6,1000,0.2,1400,0.2,1
4,9,340,1,0,300,0.5,572,0.32,486,0.18,1
4,10,909,2,10,5,0,666,0.42,420,0.58,1
4,11,77,0,0,300,0.5,572,0.32,486,0.18,1
5,0,804,2,10,5,0,666,0.42,420,0.58,1
5,1,660,2,10,5,0,300,0.5,1700,0.5,1
5,2,959,1,0,666,0.42,420,0.58,1
5,3,537,0,0,300,0.5,572,0.32,486,0.18,1
5,4,278,2,10,5,0,300,0.5,572,0.32,486,0.18,1
5,5,542,1,0,500,0.6,1000,0.2,1400,0.2,1
5,6,915,1,0,500,0.6,1000,0.2,1400,0.2,1
5,7,263,0,0,666,0.42,420,0.58,1
5,8,748,0,0,300,0.5,1700,0.5,1
5,9,475,2,10,5,0,666,0.42,420,0.58,1
5,10,663,1,0,300,0.5,572,0.32,486,0.18,1
5,11,787,1,0,300,0.5,572,0.32,486,0.18,1
6,0,690,0,0,666,0.42,420,0.58,1
6,1,387,0,0,300,0.5,572,0.32,486,0.18,1
6,2,549,0,0,500,0.6,1000,0.2,1400,0.2,1
6,3,945,0,0,300,0.5,572,0.32,486,0.18,1
6,4,534,2,10,5,0,300,0.5,1700,0.5,1
6,5,398,1,0,666,0.42,420,0.58,1
6,6,236,1,0,300,0.5,572,0.32,486,0.18,1
6,7,875,0,0,300,0.5,572,0.32,486,0.18,1
6,8,470,2,10,5,0,300,0.5,1700,0.5,1
6,9,512,0,0,500,0.6,1000,0.2,1400,0.2,1
6,10,243,1,0,300,0.5,1700,0.5,1
6,11,963,2,10,5,0,500,0.6,1000,0.2,1400,0.2,1
7,0,494,1,0,300,0.5,1700,0.5,1
7,1,802,0,0,500,0.6,1000,0.2,1400,0.2,1
7,2,953,0,0,300,0.5,572,0.32,486,0.18,1
7,3,602,0,0,666,0.42,420,0.58,1
7,4,949,1,0,300,0.5,572,0.32,486,0.18,1
7,5,104,2,10,5,0,666,0.42,420,0.58,1
7,6,938,1,0,300,0.5,1700,0.5,1
7,7,528,0,0,300,0.5,572,0.32,486,0.18,1
7,8,384,1,0,500,0.6,1000,0.2,1400,0.2,1
7,9,220,2,10,5,0,666,0.42,420,0.58,1
7,10,676,1,0,500,0.6,1000,0.2,1400,0.2,1
7,11,472,2,10,5,0,666,0.42,420,0.58,1
8,0,450,2,10,5,0,500,0.6,1000,0.2,1400,0.2,1
8,1,141,0,0,500,0.6,1000,0.2,1400,0.2,1
8,2,437,0,0,666,0.42,420,0.58,1
8,3,13,1,0,666,0.42,420,0.58,1
8,4,157,2,10,5,0,300,0.5,1700,0.5,1
8,5,328,1,0,500,0.6,1000,0.2,1400,0.2,1
8,6,473,1,0,300,0.5,572,0.32,486,0.18,1
8,7,523,0,0,300,0.5,572,0.32,486,0.18,1
8,8,323,2,10,5,0,300,0.5,1700,0.5,1
8,9,708,1,0,300,0.5,1700,0.5,1
8,10,441,1,0,300,0.5,572,0.32,486,0.18,1
8,11,662,1,0,300,0.5,1700,0.5,1
9,0,150,2,10,5,0,666,0.42,420,0.58,1
9,1,670,0,0,300,0.5,572,0.32,486,0.18,1
9,2,372,1,0,666,0.42,420,0.58,1
9,3,795,0,0,300,0.5,1700,0.5,1
9,4,830,2,10,5,0,300,0.5,1700,0.5,1
9,5,624,1,0,666,0.42,420,0.58,1
9,6,689,2,10,5,0,500,0.6,1000,0.2,1400,0.2,1
9,7,468,2,10,5,0,666,0.42,420,0.58,1
9,8,85,0,0,500,0.6,1000,0.2,1400,0.2,1
9,9,897,0,0,300,0.5,572,0.32,486,0.18,1
9,10,46,2,10,5,0,666,0.42,420,0.58,1
9,11,369,1,0,300,0.5,572,0.32,486,0.18,1
10,0,418,0,0,500,0.6,1000,0.2,1400,0.2,1
10,1,776,1,0,666,0.42,420,0.58,1
10,2,445,1,0,300,0.5,572,0.32,486,0.18,1
10,3,690,0,0,666,0.42,420,0.58,1
10,4,520,1,0,500,0.6,1000,0.2,1400,0.2,1
10,5,920,2,10,5,0,500,0.6,1000,0.2,1400,0.2,1
10,6,28,2,10,5,0,300,0.5,1700,0.5,1
10,7,949,0,0,300,0.5,572,0.32,486,0.18,1
10,8,934,0,0,666,0.42,420,0.58,1
10,9,815,0,0,500,0.6,1000,0.2,1400,0.2,1
10,10,909,1,0,300,0.5,1700,0.5,1
10,11,665,0,0,666,0.42,420,0.58,1
11,0,12,2,10,5,0,666,0.42,420,0.58,1
11,1,76,0,0,666,0.42,420,0.58,1
11,2,685,1,0,666,0.42,420,0.58,1
11,3,14,1,0,300,0.5,572,0.32,486,0.18,1
11,4,260,2,10,5,0,300,0.5,1700,0.5,1
11,5,930,2,10,5,0,666,0.42,420,0.58,1
11,6,817,0,0,666,0.42,420,0.58,1
11,7,839,1,0,666,0.42,420,0.58,1
11,8,373,0,0,500,0.6,1000,0.2,1400,0.2,1
11,9,880,0,0,500,0.6,1000,0.2,1400,0.2,1
11,10,273,1,0,300,0.5,572,0.32,486,0.18,1
11,11,96,0,0,300,0.5,1700,0.5,1
