0,0,203,2,10,5,0,666,0.42,420,0.58,1
0,1,306,0,0,666,0.42,420,0.58,1
0,2,599,1,0,666,0.42,420,0.58,1
0,3,471,1,0,500,0.6,1000,0.2,1400,0.2,1
0,4,390,2,10,5,0,666,0.42,420,0.58,1
0,5,882,1,0,300,0.5,1700,0.5,1
0,6,644,2,10,5,0,300,0.5,1700,0.5,1
0,7,867,0,0,500,0.6,1000,0.2,1400,0.2,1
0,8,599,2,10,5,0,300,0.5,572,0.32,486,0.18,1
0,9,882,0,0,300,0.5,1700,0.5,1
0,10,486,2,10,5,0,500,0.6,1000,0.2,1400,0.2,1
0,11,986,2,10,5,0,300,0.5,572,0.32,486,0.18,1
1,0,224,1,0,666,0.42,420,0.58,0
1,1,823,2,10,5,0,300,0.5,1700,0.5,0
1,2,824,1,0,300,0.5,572,0.32,486,0.18,0
1,3,501,2,10,5,0,666,0.42,420,0.58,0
1,4,807,0,0,500,0.6,1000,0.2,1400,0.2,0
1,5,977,1,0,666,0.42,420,0.58,0
1,6,90,0,0,300,0.5,1700,0.5,0
1,7,895,1,0,500,0.6,1000,0.2,1400,0.2,0
1,8,995,1,0,300,0.5,572,0.32,486,0.18,0
1,9,753,0,0,300,0.5,1700,0.5,0
1,10,807,2,10,5,0,300,0.5,1700,0.5,0
1,11,991,1,0,500,0.6,1000,0.2,1400,0.2,0
2,0,726,2,10,5,0,500,0.6,1000,0.2,1400,0.2,1
2,1,229,1,0,300,0.5,572,0.32,486,0.18,1
2,2,480,1,0,666,0.42,420,0.58,1
2,3,877,0,0,500,0.6,1000,0.2,1400,0.2,1
2,4,799,0,0,500,0.6,1000,0.2,1400,0.2,1
2,5,37,2,10,5,0,300,0.5,1700,0.5,1
2,6,337,1,0,666,0.42,420,0.58,1
2,7,265,1,0,500,0.6,1000,0.2,1400,0.2,1
2,8,609,1,0,300,0.5,1700,0.5,1
2,9,987,0,0,666,0.42,420,0.58,1
2,10,392,2,10,5,0,666,0.42,420,0.58,1
2,11,206,1,0,300,0.5,572,0.32,486,0.18,1
3,0,95,0,0,300,0.5,1700,0.5,1
3,1,495,2,10,5,0,500,0.6,1000,0.2,1400,0.2,1
3,2,755,1,0,666,0.42,420,0.58,1
3,3,233,1,0,300,0.5,1700,0.5,1
3,4,979,0,0,500,0.6,1000,0.2,1400,0.2,1
3,5,256,1,0,300,0.5,1700,0.5,1
3,6,652,2,10,5,0,666,0.42,420,0.58,1
3,7,437,2,10,5,0,500,0.6,1000,0.2,1400,0.2,1
3,8,426,0,0,300,0.5,1700,0.5,1
3,9,555,2,10,5,0,300,0.5,572,0.32,486,0.18,1
3,10,245,2,10,5,0,300,0.5,572,0.32,486,0.18,1
3,11,255,2,10,5,0,500,0.6,1000,0.2,1400,0.2,1
4,0,114,2,10,5,0,666,0.42,420,0.58,1
4,1,144,1,0,300,0.5,1700,0.5,1
4,2,919,2,10,5,0,500,0.6,1000,0.2,1400,0.2,1
4,3,658,2,10,5,0,300,0.5,572,0.32,486,0.18,1
4,4,338,2,10,5,0,300,0.5,572,0.32,486,0.18,1
4,5,114,1,0,300,0.5,572,0.32,486,0.18,1
4,6,242,1,0,500,0.6,1000,0.2,1400,0.2,1
4,7,376,0,0,500,0.6,1000,0.2,1400,0.2,1
4,8,624,0,0,300,0.5,1700,0.5,1
4,9,779,2,10,5,0,500,0.6,1000,0.2,1400,0.2,1
4,10,971,0,0,666,0.42,420,0.58,1
4,11,707,1,0,500,0.6,1000,0.2,1400,0.2,1
5,0,46,1,0,500,0.6,1000,0.2,1400,0.2,1
5,1,74,1,0,300,0.5,572,0.32,486,0.18,1
5,2,285,1,0,666,0.42,420,0.58,1
5,3,83,1,0,500,0.6,1000,0.2,1400,0.2,1
5,4,539,2,10,5,0,500,0.6,1000,0.2,1400,0.2,1
5,5,172,0,0,300,0.5,1700,0.5,1
5,6,981,2,10,5,0,300,0.5,572,0.32,486,0.18,1
5,7,591,2,10,5,0,666,0.42,420,0.58,1
5,8,859,1,0,300,0.5,572,0.32,486,0.18,1
5,9,686,0,0,300,0.5,1700,0.5,1
5,10,336,1,0,300,0.5,1700,0.5,1
5,11,196,1,0,666,0.42,420,0.58,1
6,0,451,0,0,666,0.42,420,0.58,1
6,1,462,2,10,5,0,500,0.6,1000,0.2,1400,0.2,1
6,2,511,2,10,5,0,666,0.42,420,0.58,1
6,3,283,2,10,5,0,300,0.5,1700,0.5,1
6,4,994,1,0,300,0.5,1700,0.5,1
6,5,363,2,10,5,0,500,0.6,1000,0.2,1400,0.2,1
6,6,444,0,0,300,0.5,572,0.32,486,0.18,1
6,7,721,2,10,5,0,300,0.5,1700,0.5,1
6,8,438,2,10,5,0,666,0.42,420,0.58,1
6,9,107,1,0,500,0.6,1000,0.2,1400,0.2,1
6,10,424,0,0,500,0.6,1000,0.2,1400,0.2,1
6,11,821,1,0,300,0.5,572,0.32,486,0.18,1
7,0,345,1,0,666,0.42,420,0.58,1
7,1,892,2,10,5,0,500,0.6,1000,0.2,1400,0.2,1
7,2,351,2,10,5,0,300,0.5,572,0.32,486,0.18,1
7,3,824,0,0,500,0.6,1000,0.2,1400,0.2,1
7,4,419,2,10,5,0,300,0.5,572,0.32,486,0.18,1
7,5,825,0,0,300,0.5,1700,0.5,1
7,6,733,0,0,300,0.5,572,0.32,486,0.18,1
7,7,482,0,0,300,0.5,572,0.32,486,0.18,1
7,8,434,0,0,300,0.5,572,0.32,486,0.18,1
7,9,869,2,10,5,0,500,0.6,1000,0.2,1400,0.2,1
7,10,754,0,0,666,0.42,420,0.58,1
7,11,75,1,0,666,0.42,420,0.58,1
8,0,47,0,0,300,0.5,1700,0.5,1
8,1,792,0,0,666,0.42,420,0.58,1
8,2,202,0,0,300,0.5,572,0.32,486,0.18,1
8,3,340,1,0,500,0.6,1000,0.2,1400,0.2,1
8,4,544,0,0,300,0.5,1700,0.5,1
8,5,198,2,10,5,0,500,0.6,1000,0.2,1400,0.2,1
8,6,875,1,0,666,0.42,420,0.58,1
8,7,77,2,10,5,0,666,0.42,420,0.58,1
8,8,512,0,0,666,0.42,420,0.58,1
8,9,742,1,0,300,0.5,1700,0.5,1
8,10,61,2,10,5,0,300,0.5,1700,0.5,1
8,11,317,2,10,5,0,500,0.6,1000,0.2,1400,0.2,1
9,0,66,0,0,666,0.42,420,0.58,1
9,1,100,0,0,500,0.6,1000,0.2,1400,0.2,1
9,2,221,2,10,5,0,300,0.5,572,0.32,486,0.18,1
9,3,838,1,0,666,0.42,420,0.58,1
9,4,130,1,0,666,0.42,420,0.58,1
9,5,444,1,0,666,0.42,420,0.58,1
9,6,873,1,0,500,0.6,1000,0.2,1400,0.2,1
9,7,578,2,10,5,0,666,0.42,420,0.58,1
9,8,164,1,0,300,0.5,1700,0.5,1
9,9,653,1,0,666,0.42,420,0.58,1
9,10,74,0,0,500,0.6,1000,0.2,1400,0.2,1
9,11,574,2,10,5,0,666,0.42,420,0.58,1
10,0,873,0,0,300,0.5,1700,0.5,1
10,1,851,2,10,5,0,300,0.5,572,0.32,486,0.18,1
10,2,743,0,0,666,0.42,420,0.58,1
10,3,347,0,0,300,0.5,572,0.32,486,0.18,1
10,4,648,0,0,300,0.5,1700,0.5,1
10,5,913,2,10,5,0,300,0.5,1700,0.5,1
10,6,445,0,0,300,0.5,1700,0.5,1
10,7,762,1,0,666,0.42,420,0.58,1
10,8,860,1,0,300,0.5,572,0.32,486,0.18,1
10,9,870,0,0,500,0.6,1000,0.2,1400,0.2,1
10,10,476,1,0,500,0.6,1000,0.2,1400,0.2,1
10,11,299,0,0,300,0.5,1700,0.5,1
11,0,537,2,10,5,0,666,0.42,420,0.58,1
11,1,983,1,0,300,0.5,572,0.32,486,0.18,1
11,2,525,2,10,5,0,300,0.5,1700,0.5,1
11,3,483,1,0,300,0.5,572,0.32,486,0.18,1
11,4,831,1,0,666,0.42,420,0.58,1
11,5,721,1,0,300,0.5,1700,0.5,1
11,6,872,2,10,5,0,300,0.5,572,0.32,486,0.18,1
11,7,823,1,0,300,0.5,1700,0.5,1
11,8,64,1,0,666,0.42,420,0.58,1
11,9,980,2,10,5,0,300,0.5,572,0.32,486,0.18,1
11,10,771,1,0,500,0.6,1000,0.2,1400,0.2,1
11,11,758,1,0,666,0.42,420,0.58,1
