0,0,322,2,10,5,0,500,0.6,1000,0.2,1400,0.2,1
0,1,731,2,10,5,0,500,0.6,1000,0.2,1400,0.2,1
0,2,632,0,0,500,0.6,1000,0.2,1400,0.2,1
0,3,381,1,0,300,0.5,1700,0.5,1
0,4,191,2,10,5,0,500,0.6,1000,0.2,1400,0.2,1
0,5,37,2,10,5,0,666,0.42,420,0.58,1
0,6,137,1,0,300,0.5,1700,0.5,1
0,7,56,0,0,300,0.5,1700,0.5,1
0,8,797,0,0,500,0.6,1000,0.2,1400,0.2,1
0,9,824,1,0,300,0.5,1700,0.5,1
0,10,298,1,0,300,0.5,1700,0.5,1
0,11,518,2,10,5,0,300,0.5,1700,0.5,1
1,0,503,1,0,300,0.5,572,0.32,486,0.18,0
1,1,324,1,0,500,0.6,1000,0.2,1400,0.2,0
1,2,882,0,0,300,0.5,1700,0.5,0
1,3,652,1,0,666,0.42,420,0.58,0
1,4,128,2,10,5,0,300,0.5,572,0.32,486,0.18,0
1,5,218,1,0,500,0.6,1000,0.2,1400,0.2,0
1,6,493,0,0,666,0.42,420,0.58,0
1,7,799,1,0,300,0.5,572,0.32,486,0.18,0
1,8,685,1,0,300,0.5,572,0.32,486,0.18,0
1,9,718,0,0,666,0.42,420,0.58,0
1,10,409,2,10,5,0,500,0.6,1000,0.2,1400,0.2,0
1,11,826,0,0,300,0.5,572,0.32,486,0.18,0
2,0,568,2,10,5,0,300,0.5,572,0.32,486,0.18,1
2,1,266,0,0,500,0.6,1000,0.2,1400,0.2,1
2,2,725,1,0,300,0.5,572,0.32,486,0.18,1
2,3,589,2,10,5,0,300,0.5,572,0.32,486,0.18,1
2,4,647,1,0,300,0.5,1700,0.5,1
2,5,668,0,0,300,0.5,1700,0.5,1
2,6,675,1,0,666,0.42,420,0.58,1
2,7,267,0,0,666,0.42,420,0.58,1
2,8,757,0,0,300,0.5,572,0.32,486,0.18,1
2,9,345,1,0,666,0.42,420,0.58,1
2,10,355,2,10,5,0,500,0.6,1000,0.2,1400,0.2,1
2,11,276,2,10,5,0,500,0.6,1000,0.2,1400,0.2,1
3,0,258,0,0,300,0.5,572,0.32,486,0.18,1
3,1,797,2,10,5,0,666,0.42,420,0.58,1
3,2,533,2,10,5,0,500,0.6,1000,0.2,1400,0.2,1
3,3,242,1,0,666,0.42,420,0.58,1
3,4,741,1,0,500,0.6,1000,0.2,1400,0.2,1
3,5,875,1,0,300,0.5,572,0.32,486,0.18,1
3,6,353,2,10,5,0,300,0.5,1700,0.5,1
3,7,365,0,0,300,0.5,572,0.32,486,0.18,1
3,8,111,0,0,666,0.42,420,0.58,1
3,9,900,0,0,300,0.5,1700,0.5,1
3,10,428,2,10,5,0,300,0.5,572,0.32,486,0.18,1
3,11,794,2,10,5,0,666,0.42,420,0.58,1
4,0,912,1,0,300,0.5,1700,0.5,1
4,1,599,2,10,5,0,500,0.6,1000,0.2,1400,0.2,1
4,2,574,0,0,666,0.42,420,0.58,1
4,3,977,1,0,500,0.6,1000,0.2,1400,0.2,1
4,4,253,1,0,500,0.6,1000,0.2,1400,0.2,1
4,5,770,1,0,666,0.42,420,0.58,1
4,6,285,0,0,666,0.42,420,0.58,1
4,7,992,2,10,5,0,300,0.5,1700,0.5,1
4,8,512,1,0,300,0.5,1700,0.5,1
4,9,737,0,0,666,0.42,420,0.58,1
4,10,898,1,0,666,0.42,420,0.58,1
4,11,798,1,0,300,0.5,572,0.32,486,0.18,1
5,0,372,1,0,300,0.5,572,0.32,486,0.18,1
5,1,238,1,0,666,0.42,420,0.58,1
5,2,386,1,0,300,0.5,1700,0.5,1
5,3,788,2,10,5,0,666,0.42,420,0.58,1
5,4,956,2,10,5,0,300,0.5,572,0.32,486,0.18,1
5,5,728,1,0,300,0.5,1700,0.5,1
5,6,745,2,10,5,0,500,0.6,1000,0.2,1400,0.2,1
5,7,830,2,10,5,0,300,0.5,572,0.32,486,0.18,1
5,8,929,0,0,300,0.5,1700,0.5,1
5,9,832,1,0,666,0.42,420,0.58,1
5,10,218,2,10,5,0,300,0.5,1700,0.5,1
5,11,428,2,10,5,0,300,0.5,1700,0.5,1
6,0,413,2,10,5,0,666,0.42,420,0.58,1
6,1,150,1,0,500,0.6,1000,0.2,1400,0.2,1
6,2,225,1,0,666,0.42,420,0.58,1
6,3,594,0,0,300,0.5,572,0.32,486,0.18,1
6,4,210,1,0,300,0.5,572,0.32,486,0.18,1
6,5,182,2,10,5,0,300,0.5,1700,0.5,1
6,6,298,1,0,300,0.5,1700,0.5,1
6,7,312,0,0,666,0.42,420,0.58,1
6,8,813,0,0,666,0.42,420,0.58,1
6,9,907,2,10,5,0,500,0.6,1000,0.2,1400,0.2,1
6,10,185,0,0,300,0.5,572,0.32,486,0.18,1
6,11,1000,1,0,666,0.42,420,0.58,1
7,0,344,0,0,500,0.6,1000,0.2,1400,0.2,1
7,1,937,2,10,5,0,666,0.42,420,0.58,1
7,2,103,2,10,5,0,500,0.6,1000,0.2,1400,0.2,1
7,3,927,2,10,5,0,300,0.5,1700,0.5,1
7,4,872,1,0,300,0.5,1700,0.5,1
7,5,892,2,10,5,0,300,0.5,1700,0.5,1
7,6,28,2,10,5,0,300,0.5,1700,0.5,1
7,7,293,1,0,300,0.5,572,0.32,486,0.18,1
7,8,781,0,0,300,0.5,572,0.32,486,0.18,1
7,9,419,2,10,5,0,300,0.5,1700,0.5,1
7,10,73,0,0,500,0.6,1000,0.2,1400,0.2,1
7,11,206,1,0,666,0.42,420,0.58,1
8,0,667,2,10,5,0,300,0.5,572,0.32,486,0.18,1
8,1,769,0,0,300,0.5,1700,0.5,1
8,2,263,1,0,300,0.5,1700,0.5,1
8,3,61,0,0,500,0.6,1000,0.2,1400,0.2,1
8,4,986,0,0,300,0.5,572,0.32,486,0.18,1
8,5,229,0,0,666,0.42,420,0.58,1
8,6,346,2,10,5,0,300,0.5,1700,0.5,1
8,7,793,1,0,300,0.5,1700,0.5,1
8,8,131,2,10,5,0,500,0.6,1000,0.2,1400,0.2,1
8,9,737,0,0,500,0.6,1000,0.2,1400,0.2,1
8,10,932,2,10,5,0,300,0.5,572,0.32,486,0.18,1
8,11,715,2,10,5,0,500,0.6,1000,0.2,1400,0.2,1
9,0,866,0,0,300,0.5,572,0.32,486,0.18,1
9,1,67,0,0,300,0.5,572,0.32,486,0.18,1
9,2,900,1,0,666,0.42,420,0.58,1
9,3,75,0,0,300,0.5,572,0.32,486,0.18,1
9,4,838,2,10,5,0,300,0.5,1700,0.5,1
9,5,550,2,10,5,0,500,0.6,1000,0.2,1400,0.2,1
9,6,633,0,0,666,0.42,420,0.58,1
9,7,366,0,0,300,0.5,572,0.32,486,0.18,1
9,8,257,1,0,300,0.5,1700,0.5,1
9,9,79,2,10,5,0,666,0.42,420,0.58,1
9,10,371,1,0,300,0.5,1700,0.5,1
9,11,413,1,0,300,0.5,572,0.32,486,0.18,1
10,0,567,0,0,300,0.5,1700,0.5,1
10,1,878,2,10,5,0,666,0.42,420,0.58,1
10,2,86,2,10,5,0,300,0.5,572,0.32,486,0.18,1
10,3,271,0,0,300,0.5,1700,0.5,1
10,4,253,0,0,300,0.5,1700,0.5,1
10,5,368,2,10,5,0,300,0.5,1700,0.5,1
10,6,47,2,10,5,0,500,0.6,1000,0.2,1400,0.2,1
10,7,41,1,0,300,0.5,1700,0.5,1
10,8,667,1,0,300,0.5,572,0.32,486,0.18,1
10,9,81,1,0,500,0.6,1000,0.2,1400,0.2,1
10,10,735,1,0,500,0.6,1000,0.2,1400,0.2,1
10,11,47,2,10,5,0,666,0.42,420,0.58,1
11,0,537,0,0,500,0.6,1000,0.2,1400,0.2,1
11,1,677,0,0,666,0.42,420,0.58,1
11,2,691,0,0,300,0.5,1700,0.5,1
11,3,519,2,10,5,0,666,0.42,420,0.58,1
11,4,782,2,10,5,0,666,0.42,420,0.58,1
11,5,194,2,10,5,0,500,0.6,1000,0.2,1400,0.2,1
11,6,123,2,10,5,0,300,0.5,1700,0.5,1
11,7,938,1,0,500,0.6,1000,0.2,1400,0.2,1
11,8,612,0,0,500,0.6,1000,0.2,1400,0.2,1
11,9,367,2,10,5,0,300,0.5,572,0.32,486,0.18,1
11,10,737,2,10,5,0,500,0.6,1000,0.2,1400,0.2,1
11,11,443,1,0,300,0.5,572,0.32,486,0.18,1
