0,0,450,2,10,5,0,666,0.42,420,0.58,1
0,1,457,2,10,5,0,300,0.5,1700,0.5,1
0,2,698,0,0,300,0.5,1700,0.5,1
0,3,814,0,0,666,0.42,420,0.58,1
0,4,543,2,10,5,0,666,0.42,420,0.58,1
0,5,389,2,10,5,0,300,0.5,1700,0.5,1
0,6,805,0,0,300,0.5,1700,0.5,1
0,7,438,1,0,300,0.5,1700,0.5,1
0,8,755,2,10,5,0,666,0.42,420,0.58,1
0,9,343,1,0,500,0.6,1000,0.2,1400,0.2,1
0,10,908,1,0,500,0.6,1000,0.2,1400,0.2,1
0,11,804,2,10,5,0,500,0.6,1000,0.2,1400,0.2,1
1,0,693,2,10,5,0,300,0.5,1700,0.5,0
1,1,506,2,10,5,0,300,0.5,572,0.32,486,0.18,0
1,2,1000,0,0,300,0.5,572,0.32,486,0.18,0
1,3,696,0,0,666,0.42,420,0.58,0
1,4,721,2,10,5,0,300,0.5,572,0.32,486,0.18,0
1,5,299,1,0,500,0.6,1000,0.2,1400,0.2,0
1,6,711,2,10,5,0,300,0.5,572,0.32,486,0.18,0
1,7,593,2,10,5,0,300,0.5,1700,0.5,0
1,8,588,2,10,5,0,300,0.5,1700,0.5,0
1,9,943,0,0,300,0.5,1700,0.5,0
1,10,322,2,10,5,0,300,0.5,572,0.32,486,0.18,0
1,11,416,2,10,5,0,300,0.5,572,0.32,486,0.18,0
2,0,820,1,0,666,0.42,420,0.58,1
2,1,870,0,0,300,0.5,572,0.32,486,0.18,1
2,2,811,2,10,5,0,666,0.42,420,0.58,1
2,3,96,1,0,300,0.5,572,0.32,486,0.18,1
2,4,622,0,0,666,0.42,420,0.58,1
2,5,999,0,0,300,0.5,1700,0.5,1
2,6,205,1,0,500,0.6,1000,0.2,1400,0.2,1
2,7,287,1,0,666,0.42,420,0.58,1
2,8,34,1,0,500,0.6,1000,0.2,1400,0.2,1
2,9,497,0,0,300,0.5,572,0.32,486,0.18,1
2,10,970,2,10,5,0,300,0.5,1700,0.5,1
2,11,723,0,0,300,0.5,1700,0.5,1
3,0,878,2,10,5,0,300,0.5,1700,0.5,1
3,1,615,1,0,300,0.5,572,0.32,486,0.18,1
3,2,234,1,0,300,0.5,1700,0.5,1
3,3,430,1,0,300,0.5,572,0.32,486,0.18,1
3,4,334,0,0,666,0.42,420,0.58,1
3,5,28,1,0,300,0.5,1700,0.5,1
3,6,971,1,0,666,0.42,420,0.58,1
3,7,595,0,0,666,0.42,420,0.58,1
3,8,242,0,0,500,0.6,1000,0.2,1400,0.2,1
3,9,593,0,0,500,0.6,1000,0.2,1400,0.2,1
3,10,355,2,10,5,0,300,0.5,1700,0.5,1
3,11,67,0,0,500,0.6,1000,0.2,1400,0.2,1
4,0,728,1,0,666,0.42,420,0.58,1
4,1,301,0,0,666,0.42,420,0.58,1
4,2,294,2,10,5,0,300,0.5,1700,0.5,1
4,3,62,2,10,5,0,300,0.5,1700,0.5,1
4,4,18,0,0,300,0.5,1700,0.5,1
4,5,786,0,0,500,0.6,1000,0.2,1400,0.2,1
4,6,355,1,0,666,0.42,420,0.58,1
4,7,370,1,0,500,0.6,1000,0.2,1400,0.2,1
4,8,448,0,0,300,0.5,1700,0.5,1
4,9,538,0,0,500,0.6,1000,0.2,1400,0.2,1
4,10,66,0,0,300,0.5,1700,0.5,1
4,11,992,1,0,300,0.5,572,0.32,486,0.18,1
5,0,627,0,0,300,0.5,1700,0.5,1
5,1,869,1,0,300,0.5,572,0.32,486,0.18,1
5,2,408,0,0,500,0.6,1000,0.2,1400,0.2,1
5,3,857,0,0,300,0.5,1700,0.5,1
5,4,885,0,0,300,0.5,1700,0.5,1
5,5,496,0,0,300,0.5,572,0.32,486,0.18,1
5,6,362,1,0,666,0.42,420,0.58,1
5,7,75,1,0,666,0.42,420,0.58,1
5,8,222,0,0,300,0.5,1700,0.5,1
5,9,626,2,10,5,0,300,0.5,572,0.32,486,0.18,1
5,10,217,2,10,5,0,300,0.5,1700,0.5,1
5,11,885,0,0,666,0.42,420,0.58,1
6,0,733,1,0,300,0.5,1700,0.5,1
6,1,370,0,0,300,0.5,572,0.32,486,0.18,1
6,2,801,0,0,666,0.42,420,0.58,1
6,3,628,1,0,500,0.6,1000,0.2,1400,0.2,1
6,4,835,0,0,300,0.5,1700,0.5,1
6,5,715,2,10,5,0,500,0.6,1000,0.2,1400,0.2,1
6,6,351,2,10,5,0,300,0.5,572,0.32,486,0.18,1
6,7,792,0,0,300,0.5,572,0.32,486,0.18,1
6,8,37,1,0,666,0.42,420,0.58,1
6,9,789,0,0,500,0.6,1000,0.2,1400,0.2,1
6,10,876,2,10,5,0,300,0.5,1700,0.5,1
6,11,99,2,10,5,0,500,0.6,1000,0.2,1400,0.2,1
7,0,937,1,0,300,0.5,572,0.32,486,0.18,1
7,1,999,1,0,666,0.42,420,0.58,1
7,2,531,0,0,300,0.5,572,0.32,486,0.18,1
7,3,792,0,0,300,0.5,572,0.32,486,0.18,1
7,4,58,0,0,500,0.6,1000,0.2,1400,0.2,1
7,5,945,1,0,500,0.6,1000,0.2,1400,0.2,1
7,6,915,1,0,300,0.5,572,0.32,486,0.18,1
7,7,146,0,0,300,0.5,572,0.32,486,0.18,1
7,8,209,2,10,5,0,300,0.5,572,0.32,486,0.18,1
7,9,82,2,10,5,0,500,0.6,1000,0.2,1400,0.2,1
7,10,931,2,10,5,0,300,0.5,1700,0.5,1
7,11,854,0,0,300,0.5,1700,0.5,1
8,0,338,0,0,300,0.5,572,0.32,486,0.18,1
8,1,217,1,0,666,0.42,420,0.58,1
8,2,198,0,0,300,0.5,1700,0.5,1
8,3,911,1,0,500,0.6,1000,0.2,1400,0.2,1
8,4,912,2,10,5,0,500,0.6,1000,0.2,1400,0.2,1
8,5,825,0,0,500,0.6,1000,0.2,1400,0.2,1
8,6,15,0,0,300,0.5,1700,0.5,1
8,7,691,0,0,300,0.5,572,0.32,486,0.18,1
8,8,260,2,10,5,0,300,0.5,1700,0.5,1
8,9,166,2,10,5,0,666,0.42,420,0.58,1
8,10,85,0,0,500,0.6,1000,0.2,1400,0.2,1
8,11,549,0,0,300,0.5,1700,0.5,1
9,0,674,2,10,5,0,300,0.5,572,0.32,486,0.18,1
9,1,746,2,10,5,0,300,0.5,572,0.32,486,0.18,1
9,2,357,1,0,666,0.42,420,0.58,1
9,3,719,2,10,5,0,300,0.5,1700,0.5,1
9,4,703,1,0,500,0.6,1000,0.2,1400,0.2,1
9,5,275,2,10,5,0,666,0.42,420,0.58,1
9,6,852,2,10,5,0,500,0.6,1000,0.2,1400,0.2,1
9,7,381,2,10,5,0,500,0.6,1000,0.2,1400,0.2,1
9,8,901,2,10,5,0,300,0.5,1700,0.5,1
9,9,222,2,10,5,0,300,0.5,1700,0.5,1
9,10,219,1,0,300,0.5,572,0.32,486,0.18,1
9,11,340,0,0,666,0.42,420,0.58,1
10,0,122,2,10,5,0,500,0.6,1000,0.2,1400,0.2,1
10,1,110,0,0,666,0.42,420,0.58,1
10,2,895,2,10,5,0,300,0.5,572,0.32,486,0.18,1
10,3,40,2,10,5,0,300,0.5,572,0.32,486,0.18,1
10,4,40,2,10,5,0,300,0.5,1700,0.5,1
10,5,215,2,10,5,0,666,0.42,420,0.58,1
10,6,582,2,10,5,0,666,0.42,420,0.58,1
10,7,450,2,10,5,0,300,0.5,572,0.32,486,0.18,1
10,8,13,2,10,5,0,300,0.5,1700,0.5,1
10,9,632,2,10,5,0,300,0.5,572,0.32,486,0.18,1
10,10,834,1,0,500,0.6,1000,0.2,1400,0.2,1
10,11,979,1,0,300,0.5,1700,0.5,1
11,0,540,0,0,300,0.5,1700,0.5,1
11,1,665,0,0,300,0.5,1700,0.5,1
11,2,389,2,10,5,0,300,0.5,572,0.32,486,0.18,1
11,3,996,2,10,5,0,500,0.6,1000,0.2,1400,0.2,1
11,4,895,1,0,666,0.42,420,0.58,1
11,5,554,0,0,300,0.5,572,0.32,486,0.18,1
11,6,639,1,0,300,0.5,572,0.32,486,0.18,1
11,7,769,1,0,500,0.6,1000,0.2,1400,0.2,1
11,8,407,1,0,500,0.6,1000,0.2,1400,0.2,1
11,9,524,0,0,666,0.42,420,0.58,1
11,10,964,2,10,5,0,500,0.6,1000,0.2,1400,0.2,1
11,11,241,0,0,500,0.6,1000,0.2,1400,0.2,1
