0,0,236,0,0,300,0.5,1700,0.5,1
0,1,647,0,0,300,0.5,1700,0.5,1
0,2,295,2,10,5,0,500,0.6,1000,0.2,1400,0.2,1
0,3,207,1,0,666,0.42,420,0.58,1
0,4,45,1,0,300,0.5,1700,0.5,1
0,5,894,1,0,300,0.5,572,0.32,486,0.18,1
0,6,225,0,0,666,0.42,420,0.58,1
0,7,247,1,0,300,0.5,572,0.32,486,0.18,1
0,8,704,0,0,300,0.5,572,0.32,486,0.18,1
0,9,679,0,0,300,0.5,572,0.32,486,0.18,1
0,10,861,0,0,666,0.42,420,0.58,1
0,11,174,0,0,300,0.5,572,0.32,486,0.18,1
1,0,808,1,0,666,0.42,420,0.58,0
1,1,612,0,0,666,0.42,420,0.58,0
1,2,846,1,0,300,0.5,572,0.32,486,0.18,0
1,3,204,2,10,5,0,500,0.6,1000,0.2,1400,0.2,0
1,4,372,1,0,666,0.42,420,0.58,0
1,5,906,1,0,500,0.6,1000,0.2,1400,0.2,0
1,6,14,0,0,300,0.5,572,0.32,486,0.18,0
1,7,622,0,0,666,0.42,420,0.58,0
1,8,965,2,10,5,0,666,0.42,420,0.58,0
1,9,320,2,10,5,0,666,0.42,420,0.58,0
1,10,278,1,0,300,0.5,1700,0.5,0
1,11,945,0,0,300,0.5,572,0.32,486,0.18,0
2,0,548,0,0,666,0.42,420,0.58,1
2,1,749,0,0,666,0.42,420,0.58,1
2,2,139,2,10,5,0,500,0.6,1000,0.2,1400,0.2,1
2,3,337,0,0,300,0.5,572,0.32,486,0.18,1
2,4,112,0,0,666,0.42,420,0.58,1
2,5,39,2,10,5,0,666,0.42,420,0.58,1
2,6,959,0,0,500,0.6,1000,0.2,1400,0.2,1
2,7,919,0,0,500,0.6,1000,0.2,1400,0.2,1
2,8,428,0,0,300,0.5,572,0.32,486,0.18,1
2,9,942,1,0,300,0.5,572,0.32,486,0.18,1
2,10,754,0,0,300,0.5,1700,0.5,1
2,11,798,2,10,5,0,666,0.42,420,0.58,1
3,0,540,1,0,300,0.5,572,0.32,486,0.18,1
3,1,291,2,10,5,0,500,0.6,1000,0.2,1400,0.2,1
3,2,983,2,10,5,0,300,0.5,1700,0.5,1
3,3,91,2,10,5,0,500,0.6,1000,0.2,1400,0.2,1
3,4,715,1,0,300,0.5,1700,0.5,1
3,5,50,2,10,5,0,666,0.42,420,0.58,1
3,6,566,2,10,5,0,666,0.42,420,0.58,1
3,7,656,0,0,300,0.5,572,0.32,486,0.18,1
3,8,368,2,10,5,0,300,0.5,1700,0.5,1
3,9,641,1,0,300,0.5,572,0.32,486,0.18,1
3,10,740,1,0,300,0.5,572,0.32,486,0.18,1
3,11,28,2,10,5,0,300,0.5,1700,0.5,1
4,0,159,1,0,300,0.5,572,0.32,486,0.18,1
4,1,86,2,10,5,0,300,0.5,572,0.32,486,0.18,1
4,2,734,1,0,666,0.42,420,0.58,1
4,3,92,0,0,666,0.42,420,0.58,1
4,4,596,0,0,666,0.42,420,0.58,1
4,5,75,0,0,500,0.6,1000,0.2,1400,0.2,1
4,6,321,0,0,500,0.6,1000,0.2,1400,0.2,1
4,7,910,2,10,5,0,500,0.6,1000,0.2,1400,0.2,1
4,8,687,0,0,300,0.5,1700,0.5,1
4,9,111,1,0,300,0.5,1700,0.5,1
4,10,520,1,0,300,0.5,572,0.32,486,0.18,1
4,11,69,0,0,500,0.6,1000,0.2,1400,0.2,1
5,0,749,0,0,300,0.5,572,0.32,486,0.18,1
5,1,849,1,0,300,0.5,1700,0.5,1
5,2,593,1,0,666,0.42,420,0.58,1
5,3,834,2,10,5,0,300,0.5,1700,0.5,1
5,4,460,0,0,500,0.6,1000,0.2,1400,0.2,1
5,5,209,2,10,5,0,500,0.6,1000,0.2,1400,0.2,1
5,6,571,0,0,300,0.5,1700,0.5,1
5,7,781,1,0,666,0.42,420,0.58,1
5,8,616,0,0,500,0.6,1000,0.2,1400,0.2,1
5,9,52,0,0,500,0.6,1000,0.2,1400,0.2,1
5,10,81,0,0,500,0.6,1000,0.2,1400,0.2,1
5,11,680,1,0,666,0.42,420,0.58,1
6,0,117,0,0,300,0.5,572,0.32,486,0.18,1
6,1,716,0,0,500,0.6,1000,0.2,1400,0.2,1
6,2,454,2,10,5,0,666,0.42,420,0.58,1
6,3,217,1,0,500,0.6,1000,0.2,1400,0.2,1
6,4,535,2,10,5,0,666,0.42,420,0.58,1
6,5,863,2,10,5,0,300,0.5,1700,0.5,1
6,6,826,1,0,500,0.6,1000,0.2,1400,0.2,1
6,7,840,0,0,300,0.5,1700,0.5,1
6,8,530,0,0,300,0.5,1700,0.5,1
6,9,202,2,10,5,0,300,0.5,1700,0.5,1
6,10,151,2,10,5,0,666,0.42,420,0.58,1
6,11,121,0,0,500,0.6,1000,0.2,1400,0.2,1
7,0,619,2,10,5,0,666,0.42,420,0.58,1
7,1,447,0,0,500,0.6,1000,0.2,1400,0.2,1
7,2,378,1,0,666,0.42,420,0.58,1
7,3,213,2,10,5,0,300,0.5,1700,0.5,1
7,4,491,0,0,300,0.5,572,0.32,486,0.18,1
7,5,874,1,0,300,0.5,1700,0.5,1
7,6,993,1,0,300,0.5,1700,0.5,1
7,7,240,0,0,300,0.5,1700,0.5,1
7,8,798,2,10,5,0,500,0.6,1000,0.2,1400,0.2,1
7,9,53,2,10,5,0,666,0.42,420,0.58,1
7,10,398,2,10,5,0,666,0.42,420,0.58,1
7,11,58,2,10,5,0,500,0.6,1000,0.2,1400,0.2,1
8,0,287,1,0,666,0.42,420,0.58,1
8,1,492,1,0,666,0.42,420,0.58,1
8,2,658,2,10,5,0,666,0.42,420,0.58,1
8,3,975,0,0,300,0.5,572,0.32,486,0.18,1
8,4,899,0,0,300,0.5,572,0.32,486,0.18,1
8,5,807,1,0,300,0.5,1700,0.5,1
8,6,529,1,0,300,0.5,1700,0.5,1
8,7,35,0,0,500,0.6,1000,0.2,1400,0.2,1
8,8,102,2,10,5,0,500,0.6,1000,0.2,1400,0.2,1
8,9,200,2,10,5,0,300,0.5,1700,0.5,1
8,10,86,2,10,5,0,300,0.5,1700,0.5,1
8,11,752,0,0,300,0.5,1700,0.5,1
9,0,537,2,10,5,0,666,0.42,420,0.58,1
9,1,319,0,0,666,0.42,420,0.58,1
9,2,967,0,0,300,0.5,572,0.32,486,0.18,1
9,3,307,0,0,300,0.5,572,0.32,486,0.18,1
9,4,84,2,10,5,0,300,0.5,572,0.32,486,0.18,1
9,5,10,2,10,5,0,666,0.42,420,0.58,1
9,6,830,1,0,666,0.42,420,0.58,1
9,7,235,1,0,300,0.5,1700,0.5,1
9,8,168,0,0,300,0.5,572,0.32,486,0.18,1
9,9,878,1,0,666,0.42,420,0.58,1
9,10,810,2,10,5,0,666,0.42,420,0.58,1
9,11,769,0,0,300,0.5,572,0.32,486,0.18,1
10,0,174,0,0,300,0.5,1700,0.5,1
10,1,29,1,0,300,0.5,1700,0.5,1
10,2,74,1,0,300,0.5,1700,0.5,1
10,3,594,1,0,300,0.5,1700,0.5,1
10,4,60,2,10,5,0,300,0.5,1700,0.5,1
10,5,66,0,0,300,0.5,1700,0.5,1
10,6,142,1,0,300,0.5,572,0.32,486,0.18,1
10,7,502,0,0,300,0.5,572,0.32,486,0.18,1
10,8,229,2,10,5,0,300,0.5,1700,0.5,1
10,9,77,1,0,300,0.5,1700,0.5,1
10,10,858,0,0,300,0.5,572,0.32,486,0.18,1
10,11,256,2,10,5,0,300,0.5,1700,0.5,1
11,0,182,1,0,300,0.5,1700,0.5,1
11,1,205,1,0,500,0.6,1000,0.2,1400,0.2,1
11,2,676,0,0,300,0.5,572,0.32,486,0.18,1
11,3,601,0,0,300,0.5,1700,0.5,1
11,4,834,1,0,666,0.42,420,0.58,1
11,5,332,2,10,5,0,300,0.5,572,0.32,486,0.18,1
11,6,947,0,0,300,0.5,1700,0.5,1
11,7,862,0,0,300,0.5,572,0.32,486,0.18,1
11,8,322,0,0,300,0.5,572,0.32,486,0.18,1
11,9,359,2,10,5,0,300,0.5,572,0.32,486,0.18,1
11,10,811,0,0,300,0.5,1700,0.5,1
11,11,934,1,0,500,0.6,1000,0.2,1400,0.2,1
