0,0,872,2,10,5,0,500,0.6,1000,0.2,1400,0.2,1
0,1,328,1,0,300,0.5,1700,0.5,1
0,2,342,1,0,500,0.6,1000,0.2,1400,0.2,1
0,3,222,1,0,300,0.5,572,0.32,486,0.18,1
0,4,487,0,0,300,0.5,1700,0.5,1
0,5,305,1,0,500,0.6,1000,0.2,1400,0.2,1
0,6,238,2,10,5,0,666,0.42,420,0.58,1
0,7,717,2,10,5,0,666,0.42,420,0.58,1
0,8,115,1,0,500,0.6,1000,0.2,1400,0.2,1
0,9,504,0,0,300,0.5,572,0.32,486,0.18,1
0,10,101,2,10,5,0,300,0.5,572,0.32,486,0.18,1
0,11,727,0,0,300,0.5,1700,0.5,1
1,0,481,0,0,300,0.5,1700,0.5,0
1,1,678,2,10,5,0,300,0.5,572,0.32,486,0.18,0
1,2,940,0,0,300,0.5,1700,0.5,0
1,3,152,2,10,5,0,666,0.42,420,0.58,0
1,4,944,2,10,5,0,500,0.6,1000,0.2,1400,0.2,0
1,5,218,2,10,5,0,500,0.6,1000,0.2,1400,0.2,0
1,6,468,2,10,5,0,300,0.5,1700,0.5,0
1,7,617,1,0,300,0.5,572,0.32,486,0.18,0
1,8,179,2,10,5,0,300,0.5,1700,0.5,0
1,9,455,0,0,300,0.5,572,0.32,486,0.18,0
1,10,821,2,10,5,0,300,0.5,572,0.32,486,0.18,0
1,11,361,1,0,300,0.5,1700,0.5,0
2,0,787,2,10,5,0,666,0.42,420,0.58,1
2,1,856,0,0,666,0.42,420,0.58,1
2,2,513,0,0,666,0.42,420,0.58,1
2,3,660,1,0,666,0.42,420,0.58,1
2,4,593,2,10,5,0,666,0.42,420,0.58,1
2,5,382,2,10,5,0,300,0.5,572,0.32,486,0.18,1
2,6,22,2,10,5,0,666,0.42,420,0.58,1
2,7,464,0,0,500,0.6,1000,0.2,1400,0.2,1
2,8,247,1,0,300,0.5,1700,0.5,1
2,9,95,0,0,666,0.42,420,0.58,1
2,10,217,1,0,300,0.5,1700,0.5,1
2,11,561,1,0,300,0.5,572,0.32,486,0.18,1
3,0,835,0,0,300,0.5,572,0.32,486,0.18,1
3,1,745,1,0,666,0.42,420,0.58,1
3,2,470,1,0,500,0.6,1000,0.2,1400,0.2,1
3,3,348,2,10,5,0,500,0.6,1000,0.2,1400,0.2,1
3,4,504,0,0,500,0.6,1000,0.2,1400,0.2,1
3,5,810,1,0,666,0.42,420,0.58,1
3,6,404,1,0,300,0.5,572,0.32,486,0.18,1
3,7,135,2,10,5,0,300,0.5,572,0.32,486,0.18,1
3,8,230,1,0,300,0.5,1700,0.5,1
3,9,943,1,0,666,0.42,420,0.58,1
3,10,744,2,10,5,0,300,0.5,572,0.32,486,0.18,1
3,11,193,1,0,666,0.42,420,0.58,1
4,0,727,2,10,5,0,500,0.6,1000,0.2,1400,0.2,1
4,1,310,0,0,666,0.42,420,0.58,1
4,2,29,2,10,5,0,666,0.42,420,0.58,1
4,3,70,2,10,5,0,500,0.6,1000,0.2,1400,0.2,1
4,4,144,1,0,300,0.5,1700,0.5,1
4,5,933,0,0,500,0.6,1000,0.2,1400,0.2,1
4,6,849,0,0,300,0.5,572,0.32,486,0.18,1
4,7,315,0,0,666,0.42,420,0.58,1
4,8,67,1,0,300,0.5,1700,0.5,1
4,9,338,1,0,500,0.6,1000,0.2,1400,0.2,1
4,10,876,1,0,300,0.5,1700,0.5,1
4,11,190,1,0,666,0.42,420,0.58,1
5,0,730,2,10,5,0,300,0.5,1700,0.5,1
5,1,284,0,0,666,0.42,420,0.58,1
5,2,618,1,0,300,0.5,572,0.32,486,0.18,1
5,3,481,1,0,300,0.5,1700,0.5,1
5,4,580,1,0,300,0.5,572,0.32,486,0.18,1
5,5,957,0,0,666,0.42,420,0.58,1
5,6,830,1,0,300,0.5,1700,0.5,1
5,7,670,1,0,666,0.42,420,0.58,1
5,8,909,0,0,300,0.5,572,0.32,486,0.18,1
5,9,226,0,0,300,0.5,572,0.32,486,0.18,1
5,10,991,0,0,300,0.5,1700,0.5,1
5,11,364,2,10,5,0,300,0.5,572,0.32,486,0.18,1
6,0,516,0,0,666,0.42,420,0.58,1
6,1,201,0,0,300,0.5,1700,0.5,1
6,2,885,0,0,300,0.5,572,0.32,486,0.18,1
6,3,550,0,0,300,0.5,572,0.32,486,0.18,1
6,4,247,0,0,666,0.42,420,0.58,1
6,5,572,2,10,5,0,666,0.42,420,0.58,1
6,6,846,1,0,666,0.42,420,0.58,1
6,7,763,0,0,300,0.5,572,0.32,486,0.18,1
6,8,618,1,0,500,0.6,1000,0.2,1400,0.2,1
6,9,519,1,0,300,0.5,1700,0.5,1
6,10,243,0,0,300,0.5,1700,0.5,1
6,11,792,1,0,500,0.6,1000,0.2,1400,0.2,1
7,0,58,2,10,5,0,500,0.6,1000,0.2,1400,0.2,1
7,1,101,1,0,666,0.42,420,0.58,1
7,2,436,2,10,5,0,300,0.5,572,0.32,486,0.18,1
7,3,694,1,0,300,0.5,572,0.32,486,0.18,1
7,4,560,1,0,300,0.5,1700,0.5,1
7,5,466,2,10,5,0,300,0.5,1700,0.5,1
7,6,407,0,0,666,0.42,420,0.58,1
7,7,189,0,0,300,0.5,572,0.32,486,0.18,1
7,8,32,0,0,500,0.6,1000,0.2,1400,0.2,1
7,9,737,1,0,300,0.5,572,0.32,486,0.18,1
7,10,348,1,0,666,0.42,420,0.58,1
7,11,416,2,10,5,0,300,0.5,572,0.32,486,0.18,1
8,0,808,1,0,666,0.42,420,0.58,1
8,1,410,2,10,5,0,300,0.5,572,0.32,486,0.18,1
8,2,251,2,10,5,0,300,0.5,1700,0.5,1
8,3,397,1,0,500,0.6,1000,0.2,1400,0.2,1
8,4,795,2,10,5,0,666,0.42,420,0.58,1
8,5,828,2,10,5,0,300,0.5,572,0.32,486,0.18,1
8,6,753,1,0,300,0.5,1700,0.5,1
8,7,654,0,0,500,0.6,1000,0.2,1400,0.2,1
8,8,882,2,10,5,0,300,0.5,572,0.32,486,0.18,1
8,9,309,0,0,300,0.5,572,0.32,486,0.18,1
8,10,206,0,0,666,0.42,420,0.58,1
8,11,185,1,0,300,0.5,572,0.32,486,0.18,1
9,0,268,1,0,300,0.5,1700,0.5,1
9,1,15,1,0,666,0.42,420,0.58,1
9,2,616,0,0,500,0.6,1000,0.2,1400,0.2,1
9,3,763,0,0,300,0.5,1700,0.5,1
9,4,869,0,0,666,0.42,420,0.58,1
9,5,314,2,10,5,0,300,0.5,572,0.32,486,0.18,1
9,6,481,0,0,300,0.5,1700,0.5,1
9,7,473,1,0,500,0.6,1000,0.2,1400,0.2,1
9,8,924,1,0,300,0.5,1700,0.5,1
9,9,449,0,0,300,0.5,1700,0.5,1
9,10,104,0,0,500,0.6,1000,0.2,1400,0.2,1
9,11,44,0,0,666,0.42,420,0.58,1
10,0,828,1,0,666,0.42,420,0.58,1
10,1,988,0,0,300,0.5,1700,0.5,1
10,2,626,1,0,500,0.6,1000,0.2,1400,0.2,1
10,3,937,1,0,300,0.5,1700,0.5,1
10,4,456,2,10,5,0,500,0.6,1000,0.2,1400,0.2,1
10,5,470,1,0,300,0.5,572,0.32,486,0.18,1
10,6,965,1,0,300,0.5,1700,0.5,1
10,7,220,2,10,5,0,500,0.6,1000,0.2,1400,0.2,1
10,8,993,0,0,300,0.5,572,0.32,486,0.18,1
10,9,310,0,0,300,0.5,1700,0.5,1
10,10,494,1,0,300,0.5,1700,0.5,1
10,11,514,0,0,666,0.42,420,0.58,1
11,0,941,2,10,5,0,300,0.5,1700,0.5,1
11,1,333,2,10,5,0,666,0.42,420,0.58,1
11,2,318,1,0,500,0.6,1000,0.2,1400,0.2,1
11,3,143,2,10,5,0,300,0.5,572,0.32,486,0.18,1
11,4,638,2,10,5,0,300,0.5,572,0.32,486,0.18,1
11,5,919,2,10,5,0,300,0.5,1700,0.5,1
11,6,111,1,0,666,0.42,420,0.58,1
11,7,360,0,0,300,0.5,1700,0.5,1
11,8,789,1,0,300,0.5,1700,0.5,1
11,9,947,0,0,666,0.42,420,0.58,1
11,10,920,2,10,5,0,300,0.5,572,0.32,486,0.18,1
11,11,59,0,0,300,0.5,572,0.32,486,0.18,1
