0,0,346,0,0,500,0.6,1000,0.2,1400,0.2,1
0,1,11,0,0,300,0.5,572,0.32,486,0.18,1
0,2,729,0,0,500,0.6,1000,0.2,1400,0.2,1
0,3,779,0,0,500,0.6,1000,0.2,1400,0.2,1
0,4,356,1,0,300,0.5,1700,0.5,1
0,5,276,1,0,300,0.5,572,0.32,486,0.18,1
0,6,556,1,0,300,0.5,572,0.32,486,0.18,1
0,7,252,1,0,300,0.5,572,0.32,486,0.18,1
0,8,872,0,0,300,0.5,572,0.32,486,0.18,1
0,9,378,1,0,500,0.6,1000,0.2,1400,0.2,1
0,10,154,0,0,500,0.6,1000,0.2,1400,0.2,1
0,11,366,0,0,300,0.5,572,0.32,486,0.18,1
1,0,182,1,0,300,0.5,1700,0.5,0
1,1,702,0,0,300,0.5,572,0.32,486,0.18,0
1,2,13,1,0,500,0.6,1000,0.2,1400,0.2,0
1,3,620,2,10,5,0,300,0.5,572,0.32,486,0.18,0
1,4,488,0,0,500,0.6,1000,0.2,1400,0.2,0
1,5,373,1,0,666,0.42,420,0.58,0
1,6,711,1,0,300,0.5,572,0.32,486,0.18,0
1,7,294,2,10,5,0,666,0.42,420,0.58,0
1,8,314,0,0,500,0.6,1000,0.2,1400,0.2,0
1,9,81,2,10,5,0,300,0.5,1700,0.5,0
1,10,981,0,0,500,0.6,1000,0.2,1400,0.2,0
1,11,94,0,0,300,0.5,572,0.32,486,0.18,0
2,0,915,1,0,300,0.5,1700,0.5,1
2,1,359,2,10,5,0,666,0.42,420,0.58,1
2,2,809,2,10,5,0,500,0.6,1000,0.2,1400,0.2,1
2,3,846,2,10,5,0,300,0.5,572,0.32,486,0.18,1
2,4,539,0,0,300,0.5,572,0.32,486,0.18,1
2,5,715,0,0,666,0.42,420,0.58,1
2,6,511,0,0,666,0.42,420,0.58,1
2,7,858,2,10,5,0,500,0.6,1000,0.2,1400,0.2,1
2,8,107,0,0,300,0.5,572,0.32,486,0.18,1
2,9,267,1,0,500,0.6,1000,0.2,1400,0.2,1
2,10,443,0,0,666,0.42,420,0.58,1
2,11,440,0,0,666,0.42,420,0.58,1
3,0,717,0,0,300,0.5,572,0.32,486,0.18,1
3,1,350,2,10,5,0,300,0.5,572,0.32,486,0.18,1
3,2,838,0,0,666,0.42,420,0.58,1
3,3,585,2,10,5,0,666,0.42,420,0.58,1
3,4,577,0,0,666,0.42,420,0.58,1
3,5,656,2,10,5,0,300,0.5,572,0.32,486,0.18,1
3,6,729,1,0,500,0.6,1000,0.2,1400,0.2,1
3,7,419,0,0,300,0.5,572,0.32,486,0.18,1
3,8,988,2,10,5,0,666,0.42,420,0.58,1
3,9,561,0,0,300,0.5,1700,0.5,1
3,10,800,2,10,5,0,500,0.6,1000,0.2,1400,0.2,1
3,11,974,1,0,500,0.6,1000,0.2,1400,0.2,1
4,0,822,1,0,500,0.6,1000,0.2,1400,0.2,1
4,1,141,1,0,500,0.6,1000,0.2,1400,0.2,1
4,2,983,2,10,5,0,500,0.6,1000,0.2,1400,0.2,1
4,3,422,0,0,300,0.5,1700,0.5,1
4,4,779,2,10,5,0,666,0.42,420,0.58,1
4,5,141,0,0,500,0.6,1000,0.2,1400,0.2,1
4,6,921,0,0,500,0.6,1000,0.2,1400,0.2,1
4,7,202,1,0,666,0.42,420,0.58,1
4,8,148,0,0,300,0.5,572,0.32,486,0.18,1
4,9,814,1,0,300,0.5,572,0.32,486,0.18,1
4,10,889,2,10,5,0,300,0.5,572,0.32,486,0.18,1
4,11,672,0,0,300,0.5,572,0.32,486,0.18,1
5,0,889,2,10,5,0,666,0.42,420,0.58,1
5,1,489,2,10,5,0,666,0.42,420,0.58,1
5,2,705,2,10,5,0,666,0.42,420,0.58,1
5,3,728,1,0,666,0.42,420,0.58,1
5,4,348,0,0,666,0.42,420,0.58,1
5,5,175,2,10,5,0,666,0.42,420,0.58,1
5,6,82,1,0,300,0.5,572,0.32,486,0.18,1
5,7,689,0,0,500,0.6,1000,0.2,1400,0.2,1
5,8,992,1,0,300,0.5,1700,0.5,1
5,9,240,1,0,666,0.42,420,0.58,1
5,10,431,1,0,666,0.42,420,0.58,1
5,11,908,0,0,500,0.6,1000,0.2,1400,0.2,1
6,0,251,2,10,5,0,500,0.6,1000,0.2,1400,0.2,1
6,1,436,1,0,300,0.5,1700,0.5,1
6,2,964,2,10,5,0,300,0.5,1700,0.5,1
6,3,960,1,0,300,0.5,1700,0.5,1
6,4,882,1,0,500,0.6,1000,0.2,1400,0.2,1
6,5,295,1,0,300,0.5,572,0.32,486,0.18,1
6,6,664,1,0,666,0.42,420,0.58,1
6,7,51,0,0,300,0.5,1700,0.5,1
6,8,337,0,0,666,0.42,420,0.58,1
6,9,437,1,0,300,0.5,572,0.32,486,0.18,1
6,10,434,1,0,666,0.42,420,0.58,1
6,11,54,0,0,500,0.6,1000,0.2,1400,0.2,1
7,0,868,1,0,300,0.5,572,0.32,486,0.18,1
7,1,346,1,0,300,0.5,572,0.32,486,0.18,1
7,2,658,1,0,300,0.5,572,0.32,486,0.18,1
7,3,461,2,10,5,0,300,0.5,1700,0.5,1
7,4,876,0,0,500,0.6,1000,0.2,1400,0.2,1
7,5,676,2,10,5,0,666,0.42,420,0.58,1
7,6,795,0,0,500,0.6,1000,0.2,1400,0.2,1
7,7,38,1,0,300,0.5,1700,0.5,1
7,8,169,2,10,5,0,300,0.5,1700,0.5,1
7,9,788,0,0,666,0.42,420,0.58,1
7,10,655,0,0,300,0.5,572,0.32,486,0.18,1
7,11,859,1,0,300,0.5,1700,0.5,1
8,0,182,2,10,5,0,300,0.5,572,0.32,486,0.18,1
8,1,248,2,10,5,0,300,0.5,572,0.32,486,0.18,1
8,2,958,0,0,500,0.6,1000,0.2,1400,0.2,1
8,3,634,0,0,300,0.5,1700,0.5,1
8,4,320,0,0,300,0.5,1700,0.5,1
8,5,703,0,0,500,0.6,1000,0.2,1400,0.2,1
8,6,688,0,0,300,0.5,572,0.32,486,0.18,1
8,7,769,2,10,5,0,300,0.5,572,0.32,486,0.18,1
8,8,645,0,0,300,0.5,1700,0.5,1
8,9,145,0,0,500,0.6,1000,0.2,1400,0.2,1
8,10,974,2,10,5,0,500,0.6,1000,0.2,1400,0.2,1
8,11,285,1,0,500,0.6,1000,0.2,1400,0.2,1
9,0,548,0,0,300,0.5,572,0.32,486,0.18,1
9,1,605,2,10,5,0,666,0.42,420,0.58,1
9,2,141,1,0,300,0.5,572,0.32,486,0.18,1
9,3,250,2,10,5,0,300,0.5,1700,0.5,1
9,4,117,1,0,500,0.6,1000,0.2,1400,0.2,1
9,5,886,2,10,5,0,300,0.5,572,0.32,486,0.18,1
9,6,98,0,0,300,0.5,572,0.32,486,0.18,1
9,7,364,0,0,500,0.6,1000,0.2,1400,0.2,1
9,8,362,1,0,300,0.5,1700,0.5,1
9,9,42,0,0,500,0.6,1000,0.2,1400,0.2,1
9,10,297,2,10,5,0,300,0.5,1700,0.5,1
9,11,116,2,10,5,0,300,0.5,572,0.32,486,0.18,1
10,0,585,1,0,666,0.42,420,0.58,1
10,1,718,0,0,500,0.6,1000,0.2,1400,0.2,1
10,2,29,0,0,500,0.6,1000,0.2,1400,0.2,1
10,3,858,0,0,500,0.6,1000,0.2,1400,0.2,1
10,4,163,1,0,300,0.5,572,0.32,486,0.18,1
10,5,674,2,10,5,0,666,0.42,420,0.58,1
10,6,865,2,10,5,0,300,0.5,1700,0.5,1
10,7,80,2,10,5,0,666,0.42,420,0.58,1
10,8,911,1,0,500,0.6,1000,0.2,1400,0.2,1
10,9,76,0,0,300,0.5,572,0.32,486,0.18,1
10,10,804,1,0,300,0.5,1700,0.5,1
10,11,877,1,0,300,0.5,1700,0.5,1
11,0,717,0,0,666,0.42,420,0.58,1
11,1,823,1,0,666,0.42,420,0.58,1
11,2,999,1,0,666,0.42,420,0.58,1
11,3,241,2,10,5,0,666,0.42,420,0.58,1
11,4,204,0,0,300,0.5,572,0.32,486,0.18,1
11,5,230,0,0,300,0.5,572,0.32,486,0.18,1
11,6,124,1,0,300,0.5,1700,0.5,1
11,7,45,0,0,300,0.5,572,0.32,486,0.18,1
11,8,514,1,0,300,0.5,572,0.32,486,0.18,1
11,9,555,2,10,5,0,500,0.6,1000,0.2,1400,0.2,1
11,10,672,1,0,500,0.6,1000,0.2,1400,0.2,1
11,11,895,1,0,666,0.42,420,0.58,1
