0,0,235,2,10,5,0,300,0.5,572,0.32,486,0.18,1
0,1,728,2,10,5,0,300,0.5,572,0.32,486,0.18,1
0,2,108,2,10,5,0,500,0.6,1000,0.2,1400,0.2,1
0,3,656,1,0,300,0.5,1700,0.5,1
0,4,557,1,0,300,0.5,572,0.32,486,0.18,1
0,5,253,1,0,500,0.6,1000,0.2,1400,0.2,1
0,6,244,0,0,300,0.5,572,0.32,486,0.18,1
0,7,711,1,0,300,0.5,572,0.32,486,0.18,1
0,8,375,1,0,300,0.5,1700,0.5,1
0,9,571,2,10,5,0,500,0.6,1000,0.2,1400,0.2,1
0,10,484,0,0,666,0.42,420,0.58,1
0,11,874,2,10,5,0,500,0.6,1000,0.2,1400,0.2,1
1,0,887,2,10,5,0,666,0.42,420,0.58,0
1,1,386,1,0,300,0.5,1700,0.5,0
1,2,685,0,0,300,0.5,1700,0.5,0
1,3,315,0,0,300,0.5,572,0.32,486,0.18,0
1,4,880,0,0,300,0.5,572,0.32,486,0.18,0
1,5,936,1,0,500,0.6,1000,0.2,1400,0.2,0
1,6,713,0,0,666,0.42,420,0.58,0
1,7,562,2,10,5,0,300,0.5,1700,0.5,0
1,8,624,1,0,300,0.5,572,0.32,486,0.18,0
1,9,255,0,0,300,0.5,1700,0.5,0
1,10,527,0,0,666,0.42,420,0.58,0
1,11,658,0,0,500,0.6,1000,0.2,1400,0.2,0
2,0,975,0,0,666,0.42,420,0.58,1
2,1,429,1,0,300,0.5,1700,0.5,1
2,2,833,0,0,666,0.42,420,0.58,1
2,3,949,2,10,5,0,666,0.42,420,0.58,1
2,4,501,1,0,300,0.5,572,0.32,486,0.18,1
2,5,34,0,0,666,0.42,420,0.58,1
2,6,429,2,10,5,0,300,0.5,1700,0.5,1
2,7,939,1,0,666,0.42,420,0.58,1
2,8,459,0,0,300,0.5,1700,0.5,1
2,9,289,2,10,5,0,500,0.6,1000,0.2,1400,0.2,1
2,10,951,1,0,300,0.5,572,0.32,486,0.18,1
2,11,703,2,10,5,0,500,0.6,1000,0.2,1400,0.2,1
3,0,773,1,0,500,0.6,1000,0.2,1400,0.2,1
3,1,113,1,0,300,0.5,1700,0.5,1
3,2,401,0,0,300,0.5,572,0.32,486,0.18,1
3,3,431,2,10,5,0,500,0.6,1000,0.2,1400,0.2,1
3,4,832,2,10,5,0,500,0.6,1000,0.2,1400,0.2,1
3,5,658,1,0,666,0.42,420,0.58,1
3,6,97,2,10,5,0,300,0.5,1700,0.5,1
3,7,698,1,0,500,0.6,1000,0.2,1400,0.2,1
3,8,661,2,10,5,0,300,0.5,1700,0.5,1
3,9,482,1,0,300,0.5,572,0.32,486,0.18,1
3,10,565,0,0,500,0.6,1000,0.2,1400,0.2,1
3,11,172,1,0,500,0.6,1000,0.2,1400,0.2,1
4,0,114,1,0,666,0.42,420,0.58,1
4,1,174,0,0,300,0.5,1700,0.5,1
4,2,691,1,0,500,0.6,1000,0.2,1400,0.2,1
4,3,935,1,0,500,0.6,1000,0.2,1400,0.2,1
4,4,664,1,0,300,0.5,572,0.32,486,0.18,1
4,5,618,0,0,300,0.5,572,0.32,486,0.18,1
4,6,480,2,10,5,0,300,0.5,1700,0.5,1
4,7,737,0,0,300,0.5,572,0.32,486,0.18,1
4,8,706,0,0,300,0.5,572,0.32,486,0.18,1
4,9,255,0,0,300,0.5,1700,0.5,1
4,10,891,1,0,666,0.42,420,0.58,1
4,11,575,0,0,300,0.5,1700,0.5,1
5,0,691,0,0,300,0.5,1700,0.5,1
5,1,435,2,10,5,0,300,0.5,1700,0.5,1
5,2,812,2,10,5,0,300,0.5,1700,0.5,1
5,3,637,0,0,500,0.6,1000,0.2,1400,0.2,1
5,4,254,0,0,300,0.5,572,0.32,486,0.18,1
5,5,824,0,0,500,0.6,1000,0.2,1400,0.2,1
5,6,545,2,10,5,0,500,0.6,1000,0.2,1400,0.2,1
5,7,266,0,0,500,0.6,1000,0.2,1400,0.2,1
5,8,503,0,0,666,0.42,420,0.58,1
5,9,369,2,10,5,0,300,0.5,572,0.32,486,0.18,1
5,10,327,2,10,5,0,666,0.42,420,0.58,1
5,11,243,0,0,666,0.42,420,0.58,1
6,0,334,0,0,666,0.42,420,0.58,1
6,1,605,1,0,666,0.42,420,0.58,1
6,2,506,2,10,5,0,300,0.5,572,0.32,486,0.18,1
6,3,643,1,0,300,0.5,572,0.32,486,0.18,1
6,4,123,2,10,5,0,300,0.5,572,0.32,486,0.18,1
6,5,599,1,0,300,0.5,572,0.32,486,0.18,1
6,6,116,0,0,500,0.6,1000,0.2,1400,0.2,1
6,7,266,1,0,300,0.5,572,0.32,486,0.18,1
6,8,392,1,0,300,0.5,572,0.32,486,0.18,1
6,9,425,2,10,5,0,500,0.6,1000,0.2,1400,0.2,1
6,10,651,2,10,5,0,300,0.5,1700,0.5,1
6,11,953,2,10,5,0,300,0.5,1700,0.5,1
7,0,817,1,0,500,0.6,1000,0.2,1400,0.2,1
7,1,242,2,10,5,0,300,0.5,1700,0.5,1
7,2,895,2,10,5,0,300,0.5,1700,0.5,1
7,3,236,1,0,300,0.5,1700,0.5,1
7,4,556,2,10,5,0,300,0.5,1700,0.5,1
7,5,391,2,10,5,0,300,0.5,1700,0.5,1
7,6,664,0,0,666,0.42,420,0.58,1
7,7,688,0,0,500,0.6,1000,0.2,1400,0.2,1
7,8,343,0,0,500,0.6,1000,0.2,1400,0.2,1
7,9,977,0,0,666,0.42,420,0.58,1
7,10,744,0,0,666,0.42,420,0.58,1
7,11,171,2,10,5,0,666,0.42,420,0.58,1
8,0,988,2,10,5,0,300,0.5,572,0.32,486,0.18,1
8,1,746,0,0,500,0.6,1000,0.2,1400,0.2,1
8,2,956,1,0,500,0.6,1000,0.2,1400,0.2,1
8,3,622,1,0,500,0.6,1000,0.2,1400,0.2,1
8,4,850,2,10,5,0,500,0.6,1000,0.2,1400,0.2,1
8,5,814,2,10,5,0,300,0.5,1700,0.5,1
8,6,265,2,10,5,0,300,0.5,1700,0.5,1
8,7,968,1,0,300,0.5,1700,0.5,1
8,8,382,0,0,666,0.42,420,0.58,1
8,9,609,0,0,300,0.5,1700,0.5,1
8,10,705,2,10,5,0,300,0.5,1700,0.5,1
8,11,737,2,10,5,0,300,0.5,1700,0.5,1
9,0,979,1,0,300,0.5,572,0.32,486,0.18,1
9,1,589,2,10,5,0,500,0.6,1000,0.2,1400,0.2,1
9,2,433,0,0,300,0.5,1700,0.5,1
9,3,548,1,0,300,0.5,572,0.32,486,0.18,1
9,4,948,0,0,500,0.6,1000,0.2,1400,0.2,1
9,5,66,2,10,5,0,300,0.5,572,0.32,486,0.18,1
9,6,806,1,0,666,0.42,420,0.58,1
9,7,320,2,10,5,0,500,0.6,1000,0.2,1400,0.2,1
9,8,981,0,0,500,0.6,1000,0.2,1400,0.2,1
9,9,950,1,0,666,0.42,420,0.58,1
9,10,633,0,0,300,0.5,572,0.32,486,0.18,1
9,11,570,1,0,300,0.5,572,0.32,486,0.18,1
10,0,941,2,10,5,0,300,0.5,572,0.32,486,0.18,1
10,1,956,2,10,5,0,666,0.42,420,0.58,1
10,2,795,1,0,500,0.6,1000,0.2,1400,0.2,1
10,3,430,2,10,5,0,500,0.6,1000,0.2,1400,0.2,1
10,4,279,0,0,666,0.42,420,0.58,1
10,5,174,1,0,300,0.5,1700,0.5,1
10,6,416,2,10,5,0,500,0.6,1000,0.2,1400,0.2,1
10,7,750,1,0,500,0.6,1000,0.2,1400,0.2,1
10,8,641,1,0,300,0.5,1700,0.5,1
10,9,121,2,10,5,0,666,0.42,420,0.58,1
10,10,639,0,0,666,0.42,420,0.58,1
10,11,388,1,0,666,0.42,420,0.58,1
11,0,36,0,0,666,0.42,420,0.58,1
11,1,513,0,0,500,0.6,1000,0.2,1400,0.2,1
11,2,581,2,10,5,0,500,0.6,1000,0.2,1400,0.2,1
11,3,971,2,10,5,0,666,0.42,420,0.58,1
11,4,701,0,0,666,0.42,420,0.58,1
11,5,802,0,0,666,0.42,420,0.58,1
11,6,358,0,0,500,0.6,1000,0.2,1400,0.2,1
11,7,921,1,0,300,0.5,572,0.32,486,0.18,1
11,8,185,1,0,300,0.5,572,0.32,486,0.18,1
11,9,133,2,10,5,0,500,0.6,1000,0.2,1400,0.2,1
11,10,253,0,0,300,0.5,1700,0.5,1
11,11,572,2,10,5,0,666,0.42,420,0.58,1
