0,0,371,1,0,300,0.5,1700,0.5,1
0,1,28,1,0,666,0.42,420,0.58,1
0,2,776,1,0,500,0.6,1000,0.2,1400,0.2,1
0,3,950,1,0,500,0.6,1000,0.2,1400,0.2,1
0,4,492,0,0,500,0.6,1000,0.2,1400,0.2,1
0,5,713,0,0,300,0.5,1700,0.5,1
0,6,225,1,0,500,0.6,1000,0.2,1400,0.2,1
0,7,340,1,0,666,0.42,420,0.58,1
0,8,54,0,0,666,0.42,420,0.58,1
0,9,704,0,0,300,0.5,1700,0.5,1
0,10,450,0,0,300,0.5,572,0.32,486,0.18,1
0,11,497,1,0,300,0.5,1700,0.5,1
1,0,376,2,10,5,0,300,0.5,1700,0.5,0
1,1,589,1,0,300,0.5,1700,0.5,0
1,2,945,2,10,5,0,300,0.5,572,0.32,486,0.18,0
1,3,247,1,0,300,0.5,1700,0.5,0
1,4,920,2,10,5,0,500,0.6,1000,0.2,1400,0.2,0
1,5,814,0,0,500,0.6,1000,0.2,1400,0.2,0
1,6,194,2,10,5,0,500,0.6,1000,0.2,1400,0.2,0
1,7,367,0,0,300,0.5,1700,0.5,0
1,8,723,1,0,500,0.6,1000,0.2,1400,0.2,0
1,9,109,1,0,500,0.6,1000,0.2,1400,0.2,0
1,10,201,1,0,300,0.5,572,0.32,486,0.18,0
1,11,428,2,10,5,0,300,0.5,572,0.32,486,0.18,0
2,0,936,2,10,5,0,500,0.6,1000,0.2,1400,0.2,1
2,1,394,2,10,5,0,500,0.6,1000,0.2,1400,0.2,1
2,2,363,2,10,5,0,666,0.42,420,0.58,1
2,3,47,2,10,5,0,300,0.5,572,0.32,486,0.18,1
2,4,598,1,0,500,0.6,1000,0.2,1400,0.2,1
2,5,311,2,10,5,0,666,0.42,420,0.58,1
2,6,813,1,0,300,0.5,572,0.32,486,0.18,1
2,7,45,0,0,300,0.5,1700,0.5,1
2,8,141,2,10,5,0,666,0.42,420,0.58,1
2,9,94,2,10,5,0,666,0.42,420,0.58,1
2,10,225,1,0,300,0.5,572,0.32,486,0.18,1
2,11,716,0,0,300,0.5,572,0.32,486,0.18,1
3,0,542,2,10,5,0,500,0.6,1000,0.2,1400,0.2,1
3,1,552,2,10,5,0,300,0.5,572,0.32,486,0.18,1
3,2,451,0,0,300,0.5,1700,0.5,1
3,3,423,1,0,300,0.5,572,0.32,486,0.18,1
3,4,524,2,10,5,0,300,0.5,572,0.32,486,0.18,1
3,5,898,1,0,500,0.6,1000,0.2,1400,0.2,1
3,6,457,2,10,5,0,300,0.5,572,0.32,486,0.18,1
3,7,896,0,0,666,0.42,420,0.58,1
3,8,474,0,0,666,0.42,420,0.58,1
3,9,612,2,10,5,0,300,0.5,572,0.32,486,0.18,1
3,10,627,1,0,500,0.6,1000,0.2,1400,0.2,1
3,11,453,1,0,666,0.42,420,0.58,1
4,0,32,0,0,500,0.6,1000,0.2,1400,0.2,1
4,1,153,1,0,500,0.6,1000,0.2,1400,0.2,1
4,2,949,1,0,300,0.5,1700,0.5,1
4,3,317,0,0,500,0.6,1000,0.2,1400,0.2,1
4,4,12,1,0,300,0.5,572,0.32,486,0.18,1
4,5,448,0,0,500,0.6,1000,0.2,1400,0.2,1
4,6,989,1,0,300,0.5,1700,0.5,1
4,7,976,1,0,300,0.5,1700,0.5,1
4,8,808,1,0,666,0.42,420,0.58,1
4,9,628,2,10,5,0,300,0.5,1700,0.5,1
4,10,372,1,0,300,0.5,1700,0.5,1
4,11,235,1,0,500,0.6,1000,0.2,1400,0.2,1
5,0,296,1,0,500,0.6,1000,0.2,1400,0.2,1
5,1,577,1,0,300,0.5,572,0.32,486,0.18,1
5,2,126,2,10,5,0,300,0.5,572,0.32,486,0.18,1
5,3,606,0,0,300,0.5,1700,0.5,1
5,4,739,2,10,5,0,300,0.5,1700,0.5,1
5,5,718,1,0,500,0.6,1000,0.2,1400,0.2,1
5,6,882,1,0,300,0.5,1700,0.5,1
5,7,863,0,0,300,0.5,572,0.32,486,0.18,1
5,8,572,1,0,300,0.5,572,0.32,486,0.18,1
5,9,114,2,10,5,0,500,0.6,1000,0.2,1400,0.2,1
5,10,708,2,10,5,0,300,0.5,1700,0.5,1
5,11,140,2,10,5,0,666,0.42,420,0.58,1
6,0,78,0,0,500,0.6,1000,0.2,1400,0.2,1
6,1,591,0,0,666,0.42,420,0.58,1
6,2,822,0,0,500,0.6,1000,0.2,1400,0.2,1
6,3,400,0,0,300,0.5,572,0.32,486,0.18,1
6,4,605,2,10,5,0,500,0.6,1000,0.2,1400,0.2,1
6,5,517,2,10,5,0,666,0.42,420,0.58,1
6,6,462,2,10,5,0,500,0.6,1000,0.2,1400,0.2,1
6,7,680,2,10,5,0,666,0.42,420,0.58,1
6,8,833,2,10,5,0,500,0.6,1000,0.2,1400,0.2,1
6,9,511,0,0,500,0.6,1000,0.2,1400,0.2,1
6,10,379,2,10,5,0,500,0.6,1000,0.2,1400,0.2,1
6,11,638,1,0,300,0.5,1700,0.5,1
7,0,270,1,0,666,0.42,420,0.58,1
7,1,413,1,0,666,0.42,420,0.58,1
7,2,346,1,0,300,0.5,1700,0.5,1
7,3,495,2,10,5,0,300,0.5,1700,0.5,1
7,4,938,2,10,5,0,500,0.6,1000,0.2,1400,0.2,1
7,5,192,0,0,300,0.5,1700,0.5,1
7,6,665,0,0,300,0.5,1700,0.5,1
7,7,553,1,0,500,0.6,1000,0.2,1400,0.2,1
7,8,664,2,10,5,0,666,0.42,420,0.58,1
7,9,354,0,0,666,0.42,420,0.58,1
7,10,252,0,0,500,0.6,1000,0.2,1400,0.2,1
7,11,563,1,0,666,0.42,420,0.58,1
8,0,998,0,0,666,0.42,420,0.58,1
8,1,768,1,0,300,0.5,572,0.32,486,0.18,1
8,2,514,1,0,666,0.42,420,0.58,1
8,3,338,1,0,300,0.5,1700,0.5,1
8,4,525,2,10,5,0,500,0.6,1000,0.2,1400,0.2,1
8,5,138,1,0,666,0.42,420,0.58,1
8,6,392,0,0,500,0.6,1000,0.2,1400,0.2,1
8,7,837,2,10,5,0,300,0.5,1700,0.5,1
8,8,90,2,10,5,0,666,0.42,420,0.58,1
8,9,393,1,0,300,0.5,572,0.32,486,0.18,1
8,10,807,0,0,500,0.6,1000,0.2,1400,0.2,1
8,11,833,0,0,666,0.42,420,0.58,1
9,0,602,1,0,500,0.6,1000,0.2,1400,0.2,1
9,1,123,0,0,666,0.42,420,0.58,1
9,2,600,2,10,5,0,300,0.5,572,0.32,486,0.18,1
9,3,131,0,0,300,0.5,572,0.32,486,0.18,1
9,4,164,0,0,500,0.6,1000,0.2,1400,0.2,1
9,5,309,0,0,666,0.42,420,0.58,1
9,6,541,0,0,300,0.5,572,0.32,486,0.18,1
9,7,856,0,0,300,0.5,572,0.32,486,0.18,1
9,8,240,2,10,5,0,300,0.5,1700,0.5,1
9,9,27,2,10,5,0,666,0.42,420,0.58,1
9,10,79,1,0,300,0.5,1700,0.5,1
9,11,712,2,10,5,0,300,0.5,572,0.32,486,0.18,1
10,0,631,1,0,666,0.42,420,0.58,1
10,1,764,1,0,500,0.6,1000,0.2,1400,0.2,1
10,2,562,1,0,300,0.5,1700,0.5,1
10,3,274,1,0,666,0.42,420,0.58,1
10,4,652,1,0,500,0.6,1000,0.2,1400,0.2,1
10,5,302,1,0,500,0.6,1000,0.2,1400,0.2,1
10,6,934,2,10,5,0,300,0.5,1700,0.5,1
10,7,448,1,0,300,0.5,1700,0.5,1
10,8,542,2,10,5,0,500,0.6,1000,0.2,1400,0.2,1
10,9,10,0,0,300,0.5,1700,0.5,1
10,10,838,1,0,300,0.5,1700,0.5,1
10,11,569,1,0,300,0.5,1700,0.5,1
11,0,820,0,0,300,0.5,572,0.32,486,0.18,1
11,1,465,0,0,500,0.6,1000,0.2,1400,0.2,1
11,2,446,2,10,5,0,300,0.5,572,0.32,486,0.18,1
11,3,204,0,0,666,0.42,420,0.58,1
11,4,142,1,0,300,0.5,1700,0.5,1
11,5,858,2,10,5,0,666,0.42,420,0.58,1
11,6,372,1,0,666,0.42,420,0.58,1
11,7,284,1,0,300,0.5,572,0.32,486,0.18,1
11,8,663,1,0,300,0.5,572,0.32,486,0.18,1
11,9,32,0,0,300,0.5,572,0.32,486,0.18,1
11,10,246,2,10,5,0,500,0.6,1000,0.2,1400,0.2,1
11,11,631,2,10,5,0,500,0.6,1000,0.2,1400,0.2,1
