0,0,961,2,10,5,0,500,0.6,1000,0.2,1400,0.2,1
0,1,211,0,0,300,0.5,1700,0.5,1
0,2,551,1,0,300,0.5,572,0.32,486,0.18,1
0,3,851,0,0,666,0.42,420,0.58,1
0,4,292,2,10,5,0,666,0.42,420,0.58,1
0,5,138,2,10,5,0,500,0.6,1000,0.2,1400,0.2,1
0,6,468,0,0,666,0.42,420,0.58,1
0,7,421,2,10,5,0,300,0.5,1700,0.5,1
0,8,816,0,0,666,0.42,420,0.58,1
0,9,843,1,0,666,0.42,420,0.58,1
0,10,610,0,0,500,0.6,1000,0.2,1400,0.2,1
0,11,227,2,10,5,0,300,0.5,572,0.32,486,0.18,1
1,0,251,0,0,666,0.42,420,0.58,0
1,1,462,1,0,300,0.5,1700,0.5,0
1,2,449,1,0,300,0.5,572,0.32,486,0.18,0
1,3,85,0,0,300,0.5,1700,0.5,0
1,4,462,0,0,300,0.5,1700,0.5,0
1,5,197,2,10,5,0,300,0.5,572,0.32,486,0.18,0
1,6,860,0,0,300,0.5,1700,0.5,0
1,7,370,2,10,5,0,300,0.5,1700,0.5,0
1,8,677,0,0,300,0.5,572,0.32,486,0.18,0
1,9,845,1,0,300,0.5,572,0.32,486,0.18,0
1,10,842,2,10,5,0,300,0.5,572,0.32,486,0.18,0
1,11,24,2,10,5,0,500,0.6,1000,0.2,1400,0.2,0
2,0,851,2,10,5,0,300,0.5,1700,0.5,1
2,1,771,0,0,300,0.5,1700,0.5,1
2,2,688,1,0,300,0.5,1700,0.5,1
2,3,459,0,0,500,0.6,1000,0.2,1400,0.2,1
2,4,563,1,0,666,0.42,420,0.58,1
2,5,822,0,0,500,0.6,1000,0.2,1400,0.2,1
2,6,360,0,0,500,0.6,1000,0.2,1400,0.2,1
2,7,639,0,0,300,0.5,1700,0.5,1
2,8,948,1,0,666,0.42,420,0.58,1
2,9,285,0,0,500,0.6,1000,0.2,1400,0.2,1
2,10,35,2,10,5,0,300,0.5,572,0.32,486,0.18,1
2,11,839,1,0,666,0.42,420,0.58,1
3,0,571,2,10,5,0,300,0.5,1700,0.5,1
3,1,40,2,10,5,0,300,0.5,1700,0.5,1
3,2,795,1,0,300,0.5,572,0.32,486,0.18,1
3,3,826,2,10,5,0,300,0.5,1700,0.5,1
3,4,584,1,0,666,0.42,420,0.58,1
3,5,608,2,10,5,0,300,0.5,1700,0.5,1
3,6,352,1,0,300,0.5,1700,0.5,1
3,7,621,2,10,5,0,300,0.5,572,0.32,486,0.18,1
3,8,13,0,0,500,0.6,1000,0.2,1400,0.2,1
3,9,415,2,10,5,0,666,0.42,420,0.58,1
3,10,784,2,10,5,0,300,0.5,1700,0.5,1
3,11,761,2,10,5,0,300,0.5,1700,0.5,1
4,0,866,1,0,666,0.42,420,0.58,1
4,1,171,0,0,500,0.6,1000,0.2,1400,0.2,1
4,2,512,2,10,5,0,300,0.5,1700,0.5,1
4,3,652,1,0,500,0.6,1000,0.2,1400,0.2,1
4,4,506,0,0,666,0.42,420,0.58,1
4,5,387,2,10,5,0,500,0.6,1000,0.2,1400,0.2,1
4,6,707,1,0,500,0.6,1000,0.2,1400,0.2,1
4,7,503,0,0,300,0.5,1700,0.5,1
4,8,267,1,0,666,0.42,420,0.58,1
4,9,942,1,0,300,0.5,572,0.32,486,0.18,1
4,10,195,0,0,500,0.6,1000,0.2,1400,0.2,1
4,11,310,0,0,300,0.5,572,0.32,486,0.18,1
5,0,418,0,0,666,0.42,420,0.58,1
5,1,466,1,0,300,0.5,1700,0.5,1
5,2,319,0,0,300,0.5,1700,0.5,1
5,3,949,0,0,666,0.42,420,0.58,1
5,4,629,1,0,300,0.5,1700,0.5,1
5,5,262,1,0,300,0.5,572,0.32,486,0.18,1
5,6,260,2,10,5,0,500,0.6,1000,0.2,1400,0.2,1
5,7,729,1,0,300,0.5,572,0.32,486,0.18,1
5,8,214,2,10,5,0,300,0.5,1700,0.5,1
5,9,207,0,0,500,0.6,1000,0.2,1400,0.2,1
5,10,432,0,0,500,0.6,1000,0.2,1400,0.2,1
5,11,349,0,0,300,0.5,572,0.32,486,0.18,1
6,0,438,0,0,666,0.42,420,0.58,1
6,1,429,1,0,300,0.5,1700,0.5,1
6,2,137,1,0,300,0.5,1700,0.5,1
6,3,594,2,10,5,0,300,0.5,1700,0.5,1
6,4,430,0,0,666,0.42,420,0.58,1
6,5,1000,1,0,300,0.5,1700,0.5,1
6,6,359,1,0,666,0.42,420,0.58,1
6,7,471,2,10,5,0,666,0.42,420,0.58,1
6,8,613,2,10,5,0,300,0.5,572,0.32,486,0.18,1
6,9,278,1,0,300,0.5,1700,0.5,1
6,10,371,2,10,5,0,666,0.42,420,0.58,1
6,11,897,2,10,5,0,300,0.5,1700,0.5,1
7,0,847,1,0,300,0.5,1700,0.5,1
7,1,278,2,10,5,0,666,0.42,420,0.58,1
7,2,1000,1,0,300,0.5,1700,0.5,1
7,3,850,2,10,5,0,500,0.6,1000,0.2,1400,0.2,1
7,4,468,2,10,5,0,300,0.5,572,0.32,486,0.18,1
7,5,540,2,10,5,0,666,0.42,420,0.58,1
7,6,171,1,0,666,0.42,420,0.58,1
7,7,294,0,0,300,0.5,572,0.32,486,0.18,1
7,8,35,1,0,666,0.42,420,0.58,1
7,9,658,1,0,500,0.6,1000,0.2,1400,0.2,1
7,10,688,0,0,500,0.6,1000,0.2,1400,0.2,1
7,11,780,2,10,5,0,500,0.6,1000,0.2,1400,0.2,1
8,0,904,0,0,500,0.6,1000,0.2,1400,0.2,1
8,1,424,0,0,500,0.6,1000,0.2,1400,0.2,1
8,2,782,2,10,5,0,300,0.5,572,0.32,486,0.18,1
8,3,524,1,0,300,0.5,572,0.32,486,0.18,1
8,4,647,1,0,666,0.42,420,0.58,1
8,5,512,2,10,5,0,300,0.5,572,0.32,486,0.18,1
8,6,523,0,0,300,0.5,1700,0.5,1
8,7,683,2,10,5,0,500,0.6,1000,0.2,1400,0.2,1
8,8,810,0,0,300,0.5,1700,0.5,1
8,9,437,2,10,5,0,300,0.5,1700,0.5,1
8,10,762,2,10,5,0,300,0.5,1700,0.5,1
8,11,441,1,0,666,0.42,420,0.58,1
9,0,883,1,0,300,0.5,1700,0.5,1
9,1,296,1,0,500,0.6,1000,0.2,1400,0.2,1
9,2,975,0,0,666,0.42,420,0.58,1
9,3,294,1,0,500,0.6,1000,0.2,1400,0.2,1
9,4,574,1,0,500,0.6,1000,0.2,1400,0.2,1
9,5,563,1,0,500,0.6,1000,0.2,1400,0.2,1
9,6,166,1,0,300,0.5,572,0.32,486,0.18,1
9,7,432,2,10,5,0,300,0.5,572,0.32,486,0.18,1
9,8,373,1,0,500,0.6,1000,0.2,1400,0.2,1
9,9,900,1,0,666,0.42,420,0.58,1
9,10,783,0,0,666,0.42,420,0.58,1
9,11,184,0,0,500,0.6,1000,0.2,1400,0.2,1
10,0,701,1,0,500,0.6,1000,0.2,1400,0.2,1
10,1,573,2,10,5,0,666,0.42,420,0.58,1
10,2,79,2,10,5,0,500,0.6,1000,0.2,1400,0.2,1
10,3,173,0,0,300,0.5,1700,0.5,1
10,4,223,0,0,300,0.5,572,0.32,486,0.18,1
10,5,79,0,0,500,0.6,1000,0.2,1400,0.2,1
10,6,21,0,0,666,0.42,420,0.58,1
10,7,386,2,10,5,0,300,0.5,1700,0.5,1
10,8,376,0,0,300,0.5,1700,0.5,1
10,9,489,0,0,300,0.5,572,0.32,486,0.18,1
10,10,524,1,0,500,0.6,1000,0.2,1400,0.2,1
10,11,540,1,0,300,0.5,572,0.32,486,0.18,1
11,0,73,1,0,500,0.6,1000,0.2,1400,0.2,1
11,1,24,1,0,666,0.42,420,0.58,1
11,2,714,0,0,300,0.5,1700,0.5,1
11,3,266,1,0,300,0.5,572,0.32,486,0.18,1
11,4,460,0,0,300,0.5,572,0.32,486,0.18,1
11,5,166,2,10,5,0,666,0.42,420,0.58,1
11,6,100,0,0,300,0.5,1700,0.5,1
11,7,136,0,0,500,0.6,1000,0.2,1400,0.2,1
11,8,344,2,10,5,0,666,0.42,420,0.58,1
11,9,137,0,0,500,0.6,1000,0.2,1400,0.2,1
11,10,518,0,0,666,0.42,420,0.58,1
11,11,282,1,0,300,0.5,572,0.32,486,0.18,1
