0,0,924,1,0,500,0.6,1000,0.2,1400,0.2,1
0,1,67,0,0,300,0.5,1700,0.5,1
0,2,745,2,10,5,0,300,0.5,1700,0.5,1
0,3,681,2,10,5,0,300,0.5,572,0.32,486,0.18,1
0,4,839,1,0,666,0.42,420,0.58,1
0,5,207,2,10,5,0,666,0.42,420,0.58,1
0,6,360,2,10,5,0,300,0.5,1700,0.5,1
0,7,676,1,0,500,0.6,1000,0.2,1400,0.2,1
0,8,16,1,0,300,0.5,1700,0.5,1
0,9,408,2,10,5,0,300,0.5,572,0.32,486,0.18,1
0,10,176,2,10,5,0,666,0.42,420,0.58,1
0,11,905,1,0,300,0.5,1700,0.5,1
1,0,252,0,0,300,0.5,1700,0.5,0
1,1,169,0,0,300,0.5,1700,0.5,0
1,2,96,2,10,5,0,300,0.5,1700,0.5,0
1,3,894,0,0,300,0.5,572,0.32,486,0.18,0
1,4,112,0,0,500,0.6,1000,0.2,1400,0.2,0
1,5,562,0,0,666,0.42,420,0.58,0
1,6,443,0,0,300,0.5,1700,0.5,0
1,7,353,1,0,300,0.5,1700,0.5,0
1,8,258,2,10,5,0,666,0.42,420,0.58,0
1,9,861,0,0,666,0.42,420,0.58,0
1,10,996,1,0,666,0.42,420,0.58,0
1,11,150,2,10,5,0,300,0.5,572,0.32,486,0.18,0
2,0,533,0,0,666,0.42,420,0.58,1
2,1,633,2,10,5,0,666,0.42,420,0.58,1
2,2,302,1,0,300,0.5,572,0.32,486,0.18,1
2,3,610,0,0,500,0.6,1000,0.2,1400,0.2,1
2,4,299,2,10,5,0,666,0.42,420,0.58,1
2,5,723,2,10,5,0,666,0.42,420,0.58,1
2,6,279,2,10,5,0,666,0.42,420,0.58,1
2,7,621,2,10,5,0,300,0.5,572,0.32,486,0.18,1
2,8,835,2,10,5,0,300,0.5,1700,0.5,1
2,9,949,1,0,666,0.42,420,0.58,1
2,10,565,2,10,5,0,300,0.5,1700,0.5,1
2,11,149,0,0,500,0.6,1000,0.2,1400,0.2,1
3,0,329,0,0,300,0.5,1700,0.5,1
3,1,59,0,0,300,0.5,1700,0.5,1
3,2,27,2,10,5,0,300,0.5,1700,0.5,1
3,3,851,1,0,300,0.5,572,0.32,486,0.18,1
3,4,538,2,10,5,0,500,0.6,1000,0.2,1400,0.2,1
3,5,389,0,0,500,0.6,1000,0.2,1400,0.2,1
3,6,254,2,10,5,0,300,0.5,1700,0.5,1
3,7,712,0,0,500,0.6,1000,0.2,1400,0.2,1
3,8,950,2,10,5,0,300,0.5,572,0.32,486,0.18,1
3,9,919,2,10,5,0,300,0.5,1700,0.5,1
3,10,605,0,0,500,0.6,1000,0.2,1400,0.2,1
3,11,537,0,0,300,0.5,572,0.32,486,0.18,1
4,0,515,2,10,5,0,666,0.42,420,0.58,1
4,1,138,2,10,5,0,666,0.42,420,0.58,1
4,2,623,1,0,666,0.42,420,0.58,1
4,3,752,1,0,666,0.42,420,0.58,1
4,4,109,0,0,666,0.42,420,0.58,1
4,5,234,1,0,500,0.6,1000,0.2,1400,0.2,1
4,6,734,0,0,666,0.42,420,0.58,1
4,7,943,0,0,500,0.6,1000,0.2,1400,0.2,1
4,8,851,2,10,5,0,300,0.5,1700,0.5,1
4,9,303,0,0,300,0.5,1700,0.5,1
4,10,918,2,10,5,0,666,0.42,420,0.58,1
4,11,592,1,0,300,0.5,572,0.32,486,0.18,1
5,0,672,1,0,300,0.5,572,0.32,486,0.18,1
5,1,328,2,10,5,0,666,0.42,420,0.58,1
5,2,751,0,0,300,0.5,572,0.32,486,0.18,1
5,3,943,1,0,666,0.42,420,0.58,1
5,4,590,0,0,500,0.6,1000,0.2,1400,0.2,1
5,5,244,1,0,300,0.5,572,0.32,486,0.18,1
5,6,675,2,10,5,0,500,0.6,1000,0.2,1400,0.2,1
5,7,686,2,10,5,0,300,0.5,1700,0.5,1
5,8,918,0,0,300,0.5,572,0.32,486,0.18,1
5,9,609,0,0,666,0.42,420,0.58,1
5,10,779,0,0,666,0.42,420,0.58,1
5,11,153,2,10,5,0,500,0.6,1000,0.2,1400,0.2,1
6,0,496,0,0,300,0.5,572,0.32,486,0.18,1
6,1,491,2,10,5,0,500,0.6,1000,0.2,1400,0.2,1
6,2,807,2,10,5,0,500,0.6,1000,0.2,1400,0.2,1
6,3,94,1,0,500,0.6,1000,0.2,1400,0.2,1
6,4,935,1,0,500,0.6,1000,0.2,1400,0.2,1
6,5,113,1,0,300,0.5,572,0.32,486,0.18,1
6,6,265,0,0,300,0.5,1700,0.5,1
6,7,742,2,10,5,0,300,0.5,1700,0.5,1
6,8,137,1,0,666,0.42,420,0.58,1
6,9,479,2,10,5,0,500,0.6,1000,0.2,1400,0.2,1
6,10,431,2,10,5,0,500,0.6,1000,0.2,1400,0.2,1
6,11,905,1,0,300,0.5,572,0.32,486,0.18,1
7,0,890,1,0,300,0.5,1700,0.5,1
7,1,839,1,0,300,0.5,572,0.32,486,0.18,1
7,2,735,1,0,500,0.6,1000,0.2,1400,0.2,1
7,3,75,0,0,500,0.6,1000,0.2,1400,0.2,1
7,4,231,0,0,300,0.5,572,0.32,486,0.18,1
7,5,578,2,10,5,0,500,0.6,1000,0.2,1400,0.2,1
7,6,646,1,0,666,0.42,420,0.58,1
7,7,500,2,10,5,0,300,0.5,572,0.32,486,0.18,1
7,8,353,2,10,5,0,300,0.5,572,0.32,486,0.18,1
7,9,629,1,0,300,0.5,572,0.32,486,0.18,1
7,10,839,1,0,300,0.5,1700,0.5,1
7,11,973,0,0,666,0.42,420,0.58,1
8,0,48,1,0,666,0.42,420,0.58,1
8,1,962,2,10,5,0,300,0.5,1700,0.5,1
8,2,129,2,10,5,0,300,0.5,572,0.32,486,0.18,1
8,3,499,2,10,5,0,300,0.5,572,0.32,486,0.18,1
8,4,557,2,10,5,0,300,0.5,1700,0.5,1
8,5,418,1,0,666,0.42,420,0.58,1
8,6,449,0,0,500,0.6,1000,0.2,1400,0.2,1
8,7,273,2,10,5,0,500,0.6,1000,0.2,1400,0.2,1
8,8,200,0,0,300,0.5,1700,0.5,1
8,9,381,0,0,500,0.6,1000,0.2,1400,0.2,1
8,10,250,0,0,500,0.6,1000,0.2,1400,0.2,1
8,11,238,1,0,666,0.42,420,0.58,1
9,0,610,2,10,5,0,300,0.5,572,0.32,486,0.18,1
9,1,621,1,0,500,0.6,1000,0.2,1400,0.2,1
9,2,856,1,0,300,0.5,572,0.32,486,0.18,1
9,3,196,0,0,666,0.42,420,0.58,1
9,4,520,0,0,300,0.5,1700,0.5,1
9,5,671,2,10,5,0,500,0.6,1000,0.2,1400,0.2,1
9,6,462,0,0,500,0.6,1000,0.2,1400,0.2,1
9,7,315,0,0,300,0.5,572,0.32,486,0.18,1
9,8,879,1,0,300,0.5,572,0.32,486,0.18,1
9,9,952,2,10,5,0,666,0.42,420,0.58,1
9,10,291,2,10,5,0,666,0.42,420,0.58,1
9,11,229,2,10,5,0,666,0.42,420,0.58,1
10,0,93,2,10,5,0,666,0.42,420,0.58,1
10,1,670,1,0,300,0.5,572,0.32,486,0.18,1
10,2,330,1,0,666,0.42,420,0.58,1
10,3,480,0,0,666,0.42,420,0.58,1
10,4,345,2,10,5,0,500,0.6,1000,0.2,1400,0.2,1
10,5,592,1,0,500,0.6,1000,0.2,1400,0.2,1
10,6,110,1,0,666,0.42,420,0.58,1
10,7,183,2,10,5,0,300,0.5,1700,0.5,1
10,8,441,1,0,300,0.5,1700,0.5,1
10,9,135,0,0,300,0.5,1700,0.5,1
10,10,24,1,0,666,0.42,420,0.58,1
10,11,783,0,0,300,0.5,572,0.32,486,0.18,1
11,0,464,2,10,5,0,500,0.6,1000,0.2,1400,0.2,1
11,1,442,0,0,666,0.42,420,0.58,1
11,2,302,0,0,300,0.5,572,0.32,486,0.18,1
11,3,69,1,0,300,0.5,572,0.32,486,0.18,1
11,4,645,2,10,5,0,300,0.5,1700,0.5,1
11,5,175,1,0,500,0.6,1000,0.2,1400,0.2,1
11,6,364,1,0,500,0.6,1000,0.2,1400,0.2,1
11,7,23,1,0,300,0.5,572,0.32,486,0.18,1
11,8,244,0,0,500,0.6,1000,0.2,1400,0.2,1
11,9,89,1,0,300,0.5,572,0.32,486,0.18,1
11,10,744,2,10,5,0,300,0.5,572,0.32,486,0.18,1
11,11,677,0,0,500,0.6,1000,0.2,1400,0.2,1
