0,0,266,2,10,5,0,500,0.6,1000,0.2,1400,0.2,1
0,1,906,0,0,500,0.6,1000,0.2,1400,0.2,1
0,2,835,2,10,5,0,300,0.5,572,0.32,486,0.18,1
0,3,852,1,0,666,0.42,420,0.58,1
0,4,651,0,0,500,0.6,1000,0.2,1400,0.2,1
0,5,920,1,0,666,0.42,420,0.58,1
0,6,583,1,0,300,0.5,1700,0.5,1
0,7,343,0,0,300,0.5,572,0.32,486,0.18,1
0,8,801,0,0,300,0.5,1700,0.5,1
0,9,389,0,0,500,0.6,1000,0.2,1400,0.2,1
0,10,464,0,0,500,0.6,1000,0.2,1400,0.2,1
0,11,674,2,10,5,0,300,0.5,1700,0.5,1
1,0,810,1,0,500,0.6,1000,0.2,1400,0.2,0
1,1,524,1,0,300,0.5,1700,0.5,0
1,2,901,0,0,500,0.6,1000,0.2,1400,0.2,0
1,3,952,0,0,666,0.42,420,0.58,0
1,4,519,0,0,300,0.5,1700,0.5,0
1,5,80,0,0,666,0.42,420,0.58,0
1,6,366,1,0,300,0.5,572,0.32,486,0.18,0
1,7,488,2,10,5,0,300,0.5,572,0.32,486,0.18,0
1,8,70,2,10,5,0,300,0.5,1700,0.5,0
1,9,201,1,0,300,0.5,572,0.32,486,0.18,0
1,10,786,2,10,5,0,300,0.5,572,0.32,486,0.18,0
1,11,460,2,10,5,0,500,0.6,1000,0.2,1400,0.2,0
2,0,263,0,0,666,0.42,420,0.58,1
2,1,215,1,0,500,0.6,1000,0.2,1400,0.2,1
2,2,998,1,0,666,0.42,420,0.58,1
2,3,802,0,0,300,0.5,1700,0.5,1
2,4,437,1,0,300,0.5,1700,0.5,1
2,5,361,1,0,666,0.42,420,0.58,1
2,6,431,1,0,666,0.42,420,0.58,1
2,7,608,1,0,500,0.6,1000,0.2,1400,0.2,1
2,8,494,0,0,500,0.6,1000,0.2,1400,0.2,1
2,9,128,0,0,300,0.5,572,0.32,486,0.18,1
2,10,394,1,0,666,0.42,420,0.58,1
2,11,82,0,0,666,0.42,420,0.58,1
3,0,500,1,0,666,0.42,420,0.58,1
3,1,358,2,10,5,0,300,0.5,1700,0.5,1
3,2,584,2,10,5,0,300,0.5,1700,0.5,1
3,3,705,0,0,300,0.5,1700,0.5,1
3,4,500,2,10,5,0,300,0.5,572,0.32,486,0.18,1
3,5,852,2,10,5,0,500,0.6,1000,0.2,1400,0.2,1
3,6,887,2,10,5,0,500,0.6,1000,0.2,1400,0.2,1
3,7,827,1,0,666,0.42,420,0.58,1
3,8,939,0,0,666,0.42,420,0.58,1
3,9,772,1,0,300,0.5,572,0.32,486,0.18,1
3,10,851,1,0,300,0.5,572,0.32,486,0.18,1
3,11,301,2,10,5,0,666,0.42,420,0.58,1
4,0,945,1,0,300,0.5,572,0.32,486,0.18,1
4,1,791,1,0,300,0.5,1700,0.5,1
4,2,226,0,0,500,0.6,1000,0.2,1400,0.2,1
4,3,906,2,10,5,0,666,0.42,420,0.58,1
4,4,548,0,0,666,0.42,420,0.58,1
4,5,591,2,10,5,0,666,0.42,420,0.58,1
4,6,160,2,10,5,0,300,0.5,572,0.32,486,0.18,1
4,7,953,2,10,5,0,300,0.5,1700,0.5,1
4,8,626,2,10,5,0,300,0.5,1700,0.5,1
4,9,439,0,0,300,0.5,572,0.32,486,0.18,1
4,10,420,2,10,5,0,500,0.6,1000,0.2,1400,0.2,1
4,11,326,1,0,500,0.6,1000,0.2,1400,0.2,1
5,0,260,2,10,5,0,300,0.5,572,0.32,486,0.18,1
5,1,672,2,10,5,0,300,0.5,572,0.32,486,0.18,1
5,2,33,2,10,5,0,300,0.5,1700,0.5,1
5,3,735,2,10,5,0,666,0.42,420,0.58,1
5,4,984,0,0,666,0.42,420,0.58,1
5,5,827,1,0,666,0.42,420,0.58,1
5,6,441,0,0,300,0.5,572,0.32,486,0.18,1
5,7,25,2,10,5,0,500,0.6,1000,0.2,1400,0.2,1
5,8,643,0,0,500,0.6,1000,0.2,1400,0.2,1
5,9,65,0,0,300,0.5,572,0.32,486,0.18,1
5,10,602,2,10,5,0,300,0.5,572,0.32,486,0.18,1
5,11,335,2,10,5,0,500,0.6,1000,0.2,1400,0.2,1
6,0,30,1,0,300,0.5,1700,0.5,1
6,1,502,1,0,500,0.6,1000,0.2,1400,0.2,1
6,2,860,1,0,300,0.5,1700,0.5,1
6,3,888,2,10,5,0,300,0.5,1700,0.5,1
6,4,169,2,10,5,0,666,0.42,420,0.58,1
6,5,854,0,0,300,0.5,572,0.32,486,0.18,1
6,6,607,2,10,5,0,300,0.5,572,0.32,486,0.18,1
6,7,916,0,0,300,0.5,1700,0.5,1
6,8,897,1,0,500,0.6,1000,0.2,1400,0.2,1
6,9,906,2,10,5,0,500,0.6,1000,0.2,1400,0.2,1
6,10,752,0,0,300,0.5,1700,0.5,1
6,11,344,2,10,5,0,666,0.42,420,0.58,1
7,0,834,0,0,300,0.5,572,0.32,486,0.18,1
7,1,298,1,0,300,0.5,1700,0.5,1
7,2,300,1,0,300,0.5,1700,0.5,1
7,3,582,1,0,500,0.6,1000,0.2,1400,0.2,1
7,4,700,0,0,300,0.5,1700,0.5,1
7,5,888,2,10,5,0,500,0.6,1000,0.2,1400,0.2,1
7,6,132,2,10,5,0,666,0.42,420,0.58,1
7,7,416,0,0,300,0.5,572,0.32,486,0.18,1
7,8,249,2,10,5,0,300,0.5,572,0.32,486,0.18,1
7,9,527,2,10,5,0,666,0.42,420,0.58,1
7,10,233,1,0,666,0.42,420,0.58,1
7,11,397,2,10,5,0,300,0.5,572,0.32,486,0.18,1
8,0,905,1,0,500,0.6,1000,0.2,1400,0.2,1
8,1,794,1,0,300,0.5,1700,0.5,1
8,2,662,1,0,300,0.5,572,0.32,486,0.18,1
8,3,215,0,0,300,0.5,1700,0.5,1
8,4,191,1,0,666,0.42,420,0.58,1
8,5,370,1,0,300,0.5,1700,0.5,1
8,6,991,2,10,5,0,300,0.5,1700,0.5,1
8,7,414,0,0,300,0.5,1700,0.5,1
8,8,292,0,0,300,0.5,1700,0.5,1
8,9,979,1,0,666,0.42,420,0.58,1
8,10,814,0,0,300,0.5,1700,0.5,1
8,11,780,2,10,5,0,300,0.5,572,0.32,486,0.18,1
9,0,204,1,0,300,0.5,572,0.32,486,0.18,1
9,1,254,2,10,5,0,666,0.42,420,0.58,1
9,2,986,1,0,300,0.5,1700,0.5,1
9,3,280,1,0,300,0.5,1700,0.5,1
9,4,810,2,10,5,0,666,0.42,420,0.58,1
9,5,251,2,10,5,0,300,0.5,572,0.32,486,0.18,1
9,6,285,1,0,666,0.42,420,0.58,1
9,7,564,1,0,666,0.42,420,0.58,1
9,8,762,1,0,300,0.5,1700,0.5,1
9,9,471,0,0,300,0.5,572,0.32,486,0.18,1
9,10,320,0,0,300,0.5,572,0.32,486,0.18,1
9,11,581,1,0,500,0.6,1000,0.2,1400,0.2,1
10,0,514,0,0,300,0.5,1700,0.5,1
10,1,766,0,0,300,0.5,572,0.32,486,0.18,1
10,2,911,1,0,300,0.5,572,0.32,486,0.18,1
10,3,256,1,0,300,0.5,572,0.32,486,0.18,1
10,4,634,0,0,300,0.5,572,0.32,486,0.18,1
10,5,410,1,0,300,0.5,1700,0.5,1
10,6,616,2,10,5,0,300,0.5,1700,0.5,1
10,7,78,0,0,666,0.42,420,0.58,1
10,8,63,2,10,5,0,300,0.5,1700,0.5,1
10,9,762,2,10,5,0,666,0.42,420,0.58,1
10,10,503,2,10,5,0,300,0.5,572,0.32,486,0.18,1
10,11,612,2,10,5,0,300,0.5,1700,0.5,1
11,0,176,0,0,300,0.5,572,0.32,486,0.18,1
11,1,373,0,0,500,0.6,1000,0.2,1400,0.2,1
11,2,946,1,0,300,0.5,572,0.32,486,0.18,1
11,3,384,2,10,5,0,300,0.5,1700,0.5,1
11,4,551,0,0,500,0.6,1000,0.2,1400,0.2,1
11,5,724,1,0,300,0.5,572,0.32,486,0.18,1
11,6,473,2,10,5,0,500,0.6,1000,0.2,1400,0.2,1
11,7,879,2,10,5,0,500,0.6,1000,0.2,1400,0.2,1
11,8,922,0,0,300,0.5,1700,0.5,1
11,9,363,2,10,5,0,500,0.6,1000,0.2,1400,0.2,1
11,10,234,2,10,5,0,300,0.5,572,0.32,486,0.18,1
11,11,704,2,10,5,0,300,0.5,572,0.32,486,0.18,1
