0,0,257,2,10,5,0,300,0.5,572,0.32,486,0.18,1
0,1,616,0,0,666,0.42,420,0.58,1
0,2,696,2,10,5,0,300,0.5,1700,0.5,1
0,3,93,2,10,5,0,300,0.5,1700,0.5,1
0,4,417,0,0,300,0.5,1700,0.5,1
0,5,757,1,0,666,0.42,420,0.58,1
0,6,814,0,0,300,0.5,1700,0.5,1
0,7,267,0,0,500,0.6,1000,0.2,1400,0.2,1
0,8,497,2,10,5,0,300,0.5,572,0.32,486,0.18,1
0,9,612,0,0,300,0.5,1700,0.5,1
0,10,421,0,0,500,0.6,1000,0.2,1400,0.2,1
0,11,78,0,0,500,0.6,1000,0.2,1400,0.2,1
1,0,74,2,10,5,0,300,0.5,1700,0.5,0
1,1,895,2,10,5,0,300,0.5,1700,0.5,0
1,2,789,0,0,666,0.42,420,0.58,0
1,3,367,0,0,300,0.5,572,0.32,486,0.18,0
1,4,964,2,10,5,0,500,0.6,1000,0.2,1400,0.2,0
1,5,367,1,0,300,0.5,572,0.32,486,0.18,0
1,6,163,1,0,300,0.5,1700,0.5,0
1,7,644,0,0,300,0.5,1700,0.5,0
1,8,148,2,10,5,0,300,0.5,572,0.32,486,0.18,0
1,9,220,0,0,666,0.42,420,0.58,0
1,10,405,1,0,666,0.42,420,0.58,0
1,11,493,0,0,500,0.6,1000,0.2,1400,0.2,0
2,0,934,2,10,5,0,666,0.42,420,0.58,1
2,1,158,2,10,5,0,300,0.5,572,0.32,486,0.18,1
2,2,165,1,0,300,0.5,1700,0.5,1
2,3,172,1,0,666,0.42,420,0.58,1
2,4,621,1,0,500,0.6,1000,0.2,1400,0.2,1
2,5,998,2,10,5,0,300,0.5,1700,0.5,1
2,6,61,2,10,5,0,300,0.5,572,0.32,486,0.18,1
2,7,412,2,10,5,0,300,0.5,1700,0.5,1
2,8,672,1,0,300,0.5,1700,0.5,1
2,9,316,1,0,300,0.5,572,0.32,486,0.18,1
2,10,336,1,0,300,0.5,1700,0.5,1
2,11,286,1,0,500,0.6,1000,0.2,1400,0.2,1
3,0,328,0,0,300,0.5,1700,0.5,1
3,1,153,0,0,300,0.5,1700,0.5,1
3,2,598,0,0,500,0.6,1000,0.2,1400,0.2,1
3,3,359,2,10,5,0,300,0.5,572,0.32,486,0.18,1
3,4,896,0,0,500,0.6,1000,0.2,1400,0.2,1
3,5,972,2,10,5,0,666,0.42,420,0.58,1
3,6,85,0,0,500,0.6,1000,0.2,1400,0.2,1
3,7,665,2,10,5,0,300,0.5,572,0.32,486,0.18,1
3,8,719,1,0,500,0.6,1000,0.2,1400,0.2,1
3,9,797,1,0,500,0.6,1000,0.2,1400,0.2,1
3,10,215,1,0,300,0.5,572,0.32,486,0.18,1
3,11,146,2,10,5,0,666,0.42,420,0.58,1
4,0,830,0,0,500,0.6,1000,0.2,1400,0.2,1
4,1,271,1,0,300,0.5,572,0.32,486,0.18,1
4,2,583,1,0,300,0.5,1700,0.5,1
4,3,306,1,0,666,0.42,420,0.58,1
4,4,529,2,10,5,0,300,0.5,572,0.32,486,0.18,1
4,5,232,0,0,300,0.5,572,0.32,486,0.18,1
4,6,600,1,0,500,0.6,1000,0.2,1400,0.2,1
4,7,684,1,0,500,0.6,1000,0.2,1400,0.2,1
4,8,179,0,0,300,0.5,1700,0.5,1
4,9,415,1,0,500,0.6,1000,0.2,1400,0.2,1
4,10,194,2,10,5,0,300,0.5,1700,0.5,1
4,11,195,0,0,300,0.5,572,0.32,486,0.18,1
5,0,555,1,0,300,0.5,572,0.32,486,0.18,1
5,1,220,1,0,300,0.5,1700,0.5,1
5,2,138,0,0,300,0.5,572,0.32,486,0.18,1
5,3,318,2,10,5,0,300,0.5,1700,0.5,1
5,4,184,1,0,300,0.5,1700,0.5,1
5,5,925,1,0,500,0.6,1000,0.2,1400,0.2,1
5,6,552,2,10,5,0,500,0.6,1000,0.2,1400,0.2,1
5,7,72,1,0,666,0.42,420,0.58,1
5,8,947,1,0,300,0.5,572,0.32,486,0.18,1
5,9,871,2,10,5,0,300,0.5,572,0.32,486,0.18,1
5,10,507,1,0,666,0.42,420,0.58,1
5,11,676,1,0,500,0.6,1000,0.2,1400,0.2,1
6,0,727,0,0,300,0.5,1700,0.5,1
6,1,318,1,0,500,0.6,1000,0.2,1400,0.2,1
6,2,175,2,10,5,0,300,0.5,572,0.32,486,0.18,1
6,3,44,0,0,500,0.6,1000,0.2,1400,0.2,1
6,4,848,0,0,666,0.42,420,0.58,1
6,5,441,1,0,500,0.6,1000,0.2,1400,0.2,1
6,6,942,1,0,300,0.5,1700,0.5,1
6,7,579,2,10,5,0,500,0.6,1000,0.2,1400,0.2,1
6,8,684,2,10,5,0,300,0.5,572,0.32,486,0.18,1
6,9,137,2,10,5,0,300,0.5,572,0.32,486,0.18,1
6,10,434,1,0,666,0.42,420,0.58,1
6,11,23,2,10,5,0,300,0.5,1700,0.5,1
7,0,961,1,0,300,0.5,1700,0.5,1
7,1,946,1,0,300,0.5,1700,0.5,1
7,2,807,1,0,300,0.5,1700,0.5,1
7,3,525,1,0,300,0.5,1700,0.5,1
7,4,715,1,0,666,0.42,420,0.58,1
7,5,231,1,0,666,0.42,420,0.58,1
7,6,791,0,0,300,0.5,572,0.32,486,0.18,1
7,7,667,2,10,5,0,300,0.5,1700,0.5,1
7,8,447,2,10,5,0,300,0.5,572,0.32,486,0.18,1
7,9,213,1,0,300,0.5,1700,0.5,1
7,10,489,0,0,300,0.5,1700,0.5,1
7,11,798,0,0,666,0.42,420,0.58,1
8,0,306,1,0,500,0.6,1000,0.2,1400,0.2,1
8,1,273,2,10,5,0,300,0.5,1700,0.5,1
8,2,554,1,0,666,0.42,420,0.58,1
8,3,647,1,0,500,0.6,1000,0.2,1400,0.2,1
8,4,934,1,0,500,0.6,1000,0.2,1400,0.2,1
8,5,329,2,10,5,0,300,0.5,572,0.32,486,0.18,1
8,6,69,1,0,300,0.5,572,0.32,486,0.18,1
8,7,565,0,0,300,0.5,572,0.32,486,0.18,1
8,8,513,1,0,300,0.5,572,0.32,486,0.18,1
8,9,394,2,10,5,0,300,0.5,1700,0.5,1
8,10,486,1,0,666,0.42,420,0.58,1
8,11,138,0,0,300,0.5,572,0.32,486,0.18,1
9,0,453,0,0,300,0.5,572,0.32,486,0.18,1
9,1,761,2,10,5,0,500,0.6,1000,0.2,1400,0.2,1
9,2,361,0,0,300,0.5,572,0.32,486,0.18,1
9,3,302,2,10,5,0,300,0.5,572,0.32,486,0.18,1
9,4,565,1,0,500,0.6,1000,0.2,1400,0.2,1
9,5,618,2,10,5,0,500,0.6,1000,0.2,1400,0.2,1
9,6,784,1,0,500,0.6,1000,0.2,1400,0.2,1
9,7,621,2,10,5,0,300,0.5,1700,0.5,1
9,8,802,0,0,666,0.42,420,0.58,1
9,9,800,2,10,5,0,500,0.6,1000,0.2,1400,0.2,1
9,10,268,0,0,666,0.42,420,0.58,1
9,11,293,1,0,666,0.42,420,0.58,1
10,0,105,0,0,500,0.6,1000,0.2,1400,0.2,1
10,1,146,1,0,300,0.5,572,0.32,486,0.18,1
10,2,791,1,0,300,0.5,1700,0.5,1
10,3,426,0,0,300,0.5,1700,0.5,1
10,4,232,2,10,5,0,300,0.5,572,0.32,486,0.18,1
10,5,673,2,10,5,0,666,0.42,420,0.58,1
10,6,805,0,0,500,0.6,1000,0.2,1400,0.2,1
10,7,445,2,10,5,0,666,0.42,420,0.58,1
10,8,919,0,0,300,0.5,572,0.32,486,0.18,1
10,9,264,2,10,5,0,666,0.42,420,0.58,1
10,10,224,2,10,5,0,500,0.6,1000,0.2,1400,0.2,1
10,11,522,2,10,5,0,666,0.42,420,0.58,1
11,0,929,0,0,300,0.5,572,0.32,486,0.18,1
11,1,883,2,10,5,0,300,0.5,1700,0.5,1
11,2,247,2,10,5,0,300,0.5,572,0.32,486,0.18,1
11,3,713,1,0,300,0.5,572,0.32,486,0.18,1
11,4,33,1,0,666,0.42,420,0.58,1
11,5,421,2,10,5,0,500,0.6,1000,0.2,1400,0.2,1
11,6,663,1,0,500,0.6,1000,0.2,1400,0.2,1
11,7,150,1,0,666,0.42,420,0.58,1
11,8,196,0,0,300,0.5,1700,0.5,1
11,9,28,0,0,300,0.5,572,0.32,486,0.18,1
11,10,737,2,10,5,0,666,0.42,420,0.58,1
11,11,26,0,0,300,0.5,572,0.32,486,0.18,1
