0,0,163,0,0,300,0.5,1700,0.5,1
0,1,827,0,0,500,0.6,1000,0.2,1400,0.2,1
0,2,43,2,10,5,0,500,0.6,1000,0.2,1400,0.2,1
0,3,746,0,0,300,0.5,572,0.32,486,0.18,1
0,4,957,2,10,5,0,666,0.42,420,0.58,1
0,5,704,1,0,300,0.5,572,0.32,486,0.18,1
0,6,482,1,0,666,0.42,420,0.58,1
0,7,806,1,0,300,0.5,1700,0.5,1
0,8,111,0,0,666,0.42,420,0.58,1
0,9,416,0,0,500,0.6,1000,0.2,1400,0.2,1
0,10,88,0,0,500,0.6,1000,0.2,1400,0.2,1
0,11,50,1,0,500,0.6,1000,0.2,1400,0.2,1
1,0,786,1,0,500,0.6,1000,0.2,1400,0.2,0
1,1,62,1,0,300,0.5,572,0.32,486,0.18,0
1,2,375,2,10,5,0,500,0.6,1000,0.2,1400,0.2,0
1,3,518,1,0,666,0.42,420,0.58,0
1,4,395,2,10,5,0,300,0.5,572,0.32,486,0.18,0
1,5,418,0,0,300,0.5,572,0.32,486,0.18,0
1,6,120,0,0,666,0.42,420,0.58,0
1,7,723,0,0,666,0.42,420,0.58,0
1,8,397,0,0,500,0.6,1000,0.2,1400,0.2,0
1,9,331,0,0,300,0.5,572,0.32,486,0.18,0
1,10,746,2,10,5,0,300,0.5,572,0.32,486,0.18,0
1,11,816,0,0,300,0.5,1700,0.5,0
2,0,318,1,0,500,0.6,1000,0.2,1400,0.2,1
2,1,859,0,0,500,0.6,1000,0.2,1400,0.2,1
2,2,828,1,0,300,0.5,572,0.32,486,0.18,1
2,3,545,2,10,5,0,666,0.42,420,0.58,1
2,4,444,0,0,500,0.6,1000,0.2,1400,0.2,1
2,5,782,1,0,666,0.42,420,0.58,1
2,6,714,2,10,5,0,500,0.6,1000,0.2,1400,0.2,1
2,7,76,1,0,300,0.5,572,0.32,486,0.18,1
2,8,284,1,0,666,0.42,420,0.58,1
2,9,458,1,0,300,0.5,1700,0.5,1
2,10,445,1,0,300,0.5,1700,0.5,1
2,11,635,0,0,500,0.6,1000,0.2,1400,0.2,1
3,0,979,0,0,666,0.42,420,0.58,1
3,1,54,0,0,300,0.5,1700,0.5,1
3,2,308,1,0,300,0.5,1700,0.5,1
3,3,993,0,0,666,0.42,420,0.58,1
3,4,761,0,0,666,0.42,420,0.58,1
3,5,741,2,10,5,0,500,0.6,1000,0.2,1400,0.2,1
3,6,559,2,10,5,0,666,0.42,420,0.58,1
3,7,540,0,0,500,0.6,1000,0.2,1400,0.2,1
3,8,818,1,0,300,0.5,1700,0.5,1
3,9,207,0,0,300,0.5,1700,0.5,1
3,10,786,2,10,5,0,666,0.42,420,0.58,1
3,11,943,0,0,666,0.42,420,0.58,1
4,0,291,2,10,5,0,300,0.5,572,0.32,486,0.18,1
4,1,891,2,10,5,0,500,0.6,1000,0.2,1400,0.2,1
4,2,344,1,0,300,0.5,572,0.32,486,0.18,1
4,3,910,2,10,5,0,500,0.6,1000,0.2,1400,0.2,1
4,4,229,2,10,5,0,500,0.6,1000,0.2,1400,0.2,1
4,5,176,0,0,300,0.5,572,0.32,486,0.18,1
4,6,523,0,0,300,0.5,572,0.32,486,0.18,1
4,7,933,0,0,666,0.42,420,0.58,1
4,8,415,1,0,500,0.6,1000,0.2,1400,0.2,1
4,9,457,1,0,300,0.5,572,0.32,486,0.18,1
4,10,590,0,0,300,0.5,1700,0.5,1
4,11,832,2,10,5,0,300,0.5,1700,0.5,1
5,0,685,0,0,500,0.6,1000,0.2,1400,0.2,1
5,1,531,1,0,666,0.42,420,0.58,1
5,2,803,1,0,500,0.6,1000,0.2,1400,0.2,1
5,3,327,1,0,666,0.42,420,0.58,1
5,4,911,1,0,500,0.6,1000,0.2,1400,0.2,1
5,5,924,0,0,666,0.42,420,0.58,1
5,6,751,1,0,300,0.5,1700,0.5,1
5,7,909,1,0,300,0.5,1700,0.5,1
5,8,721,0,0,500,0.6,1000,0.2,1400,0.2,1
5,9,785,2,10,5,0,666,0.42,420,0.58,1
5,10,977,0,0,500,0.6,1000,0.2,1400,0.2,1
5,11,986,2,10,5,0,666,0.42,420,0.58,1
6,0,350,2,10,5,0,666,0.42,420,0.58,1
6,1,75,2,10,5,0,500,0.6,1000,0.2,1400,0.2,1
6,2,685,0,0,500,0.6,1000,0.2,1400,0.2,1
6,3,311,0,0,666,0.42,420,0.58,1
6,4,647,1,0,500,0.6,1000,0.2,1400,0.2,1
6,5,412,1,0,500,0.6,1000,0.2,1400,0.2,1
6,6,571,0,0,300,0.5,572,0.32,486,0.18,1
6,7,668,2,10,5,0,300,0.5,1700,0.5,1
6,8,697,1,0,666,0.42,420,0.58,1
6,9,729,2,10,5,0,500,0.6,1000,0.2,1400,0.2,1
6,10,389,2,10,5,0,300,0.5,572,0.32,486,0.18,1
6,11,292,2,10,5,0,300,0.5,572,0.32,486,0.18,1
7,0,324,1,0,666,0.42,420,0.58,1
7,1,290,1,0,300,0.5,572,0.32,486,0.18,1
7,2,69,0,0,500,0.6,1000,0.2,1400,0.2,1
7,3,928,1,0,300,0.5,572,0.32,486,0.18,1
7,4,840,1,0,500,0.6,1000,0.2,1400,0.2,1
7,5,528,0,0,666,0.42,420,0.58,1
7,6,189,1,0,500,0.6,1000,0.2,1400,0.2,1
7,7,57,0,0,300,0.5,1700,0.5,1
7,8,440,1,0,300,0.5,1700,0.5,1
7,9,405,0,0,500,0.6,1000,0.2,1400,0.2,1
7,10,28,2,10,5,0,666,0.42,420,0.58,1
7,11,921,1,0,666,0.42,420,0.58,1
8,0,274,1,0,500,0.6,1000,0.2,1400,0.2,1
8,1,153,0,0,300,0.5,1700,0.5,1
8,2,97,0,0,300,0.5,572,0.32,486,0.18,1
8,3,621,2,10,5,0,300,0.5,1700,0.5,1
8,4,68,1,0,666,0.42,420,0.58,1
8,5,469,0,0,300,0.5,572,0.32,486,0.18,1
8,6,952,1,0,300,0.5,572,0.32,486,0.18,1
8,7,573,2,10,5,0,666,0.42,420,0.58,1
8,8,106,1,0,500,0.6,1000,0.2,1400,0.2,1
8,9,172,2,10,5,0,500,0.6,1000,0.2,1400,0.2,1
8,10,566,0,0,500,0.6,1000,0.2,1400,0.2,1
8,11,486,2,10,5,0,300,0.5,1700,0.5,1
9,0,762,0,0,300,0.5,572,0.32,486,0.18,1
9,1,249,1,0,300,0.5,572,0.32,486,0.18,1
9,2,718,2,10,5,0,666,0.42,420,0.58,1
9,3,801,1,0,300,0.5,1700,0.5,1
9,4,988,1,0,300,0.5,1700,0.5,1
9,5,794,1,0,666,0.42,420,0.58,1
9,6,950,0,0,300,0.5,1700,0.5,1
9,7,427,0,0,666,0.42,420,0.58,1
9,8,945,0,0,300,0.5,572,0.32,486,0.18,1
9,9,446,2,10,5,0,666,0.42,420,0.58,1
9,10,620,2,10,5,0,300,0.5,1700,0.5,1
9,11,523,0,0,666,0.42,420,0.58,1
10,0,661,1,0,300,0.5,1700,0.5,1
10,1,679,0,0,666,0.42,420,0.58,1
10,2,901,0,0,300,0.5,572,0.32,486,0.18,1
10,3,653,0,0,666,0.42,420,0.58,1
10,4,683,2,10,5,0,300,0.5,572,0.32,486,0.18,1
10,5,98,0,0,300,0.5,572,0.32,486,0.18,1
10,6,815,0,0,300,0.5,572,0.32,486,0.18,1
10,7,735,1,0,300,0.5,1700,0.5,1
10,8,976,0,0,300,0.5,1700,0.5,1
10,9,737,0,0,666,0.42,420,0.58,1
10,10,754,2,10,5,0,300,0.5,572,0.32,486,0.18,1
10,11,15,0,0,300,0.5,1700,0.5,1
11,0,531,0,0,666,0.42,420,0.58,1
11,1,849,0,0,300,0.5,1700,0.5,1
11,2,134,2,10,5,0,666,0.42,420,0.58,1
11,3,648,1,0,300,0.5,572,0.32,486,0.18,1
11,4,896,2,10,5,0,300,0.5,1700,0.5,1
11,5,402,0,0,300,0.5,1700,0.5,1
11,6,346,1,0,500,0.6,1000,0.2,1400,0.2,1
11,7,250,0,0,666,0.42,420,0.58,1
11,8,57,0,0,300,0.5,572,0.32,486,0.18,1
11,9,577,0,0,300,0.5,1700,0.5,1
11,10,791,0,0,300,0.5,572,0.32,486,0.18,1
11,11,715,2,10,5,0,300,0.5,1700,0.5,1
