0,0,150,2,10,5,0,300,0.5,572,0.32,486,0.18,1
0,1,342,0,0,300,0.5,572,0.32,486,0.18,1
0,2,899,2,10,5,0,300,0.5,1700,0.5,1
0,3,318,1,0,500,0.6,1000,0.2,1400,0.2,1
0,4,260,2,10,5,0,300,0.5,1700,0.5,1
0,5,525,2,10,5,0,300,0.5,572,0.32,486,0.18,1
0,6,219,0,0,300,0.5,572,0.32,486,0.18,1
0,7,492,1,0,500,0.6,1000,0.2,1400,0.2,1
0,8,977,2,10,5,0,300,0.5,1700,0.5,1
0,9,189,2,10,5,0,300,0.5,1700,0.5,1
0,10,979,0,0,300,0.5,572,0.32,486,0.18,1
0,11,492,0,0,666,0.42,420,0.58,1
1,0,237,1,0,500,0.6,1000,0.2,1400,0.2,0
1,1,771,0,0,300,0.5,1700,0.5,0
1,2,167,1,0,300,0.5,572,0.32,486,0.18,0
1,3,579,0,0,300,0.5,1700,0.5,0
1,4,257,0,0,300,0.5,572,0.32,486,0.18,0
1,5,803,1,0,666,0.42,420,0.58,0
1,6,36,0,0,300,0.5,572,0.32,486,0.18,0
1,7,566,2,10,5,0,666,0.42,420,0.58,0
1,8,788,2,10,5,0,300,0.5,1700,0.5,0
1,9,438,2,10,5,0,300,0.5,1700,0.5,0
1,10,282,0,0,666,0.42,420,0.58,0
1,11,781,2,10,5,0,500,0.6,1000,0.2,1400,0.2,0
2,0,408,2,10,5,0,500,0.6,1000,0.2,1400,0.2,1
2,1,222,1,0,666,0.42,420,0.58,1
2,2,932,0,0,300,0.5,1700,0.5,1
2,3,915,2,10,5,0,666,0.42,420,0.58,1
2,4,247,1,0,666,0.42,420,0.58,1
2,5,733,1,0,500,0.6,1000,0.2,1400,0.2,1
2,6,72,2,10,5,0,500,0.6,1000,0.2,1400,0.2,1
2,7,127,0,0,300,0.5,1700,0.5,1
2,8,85,2,10,5,0,300,0.5,572,0.32,486,0.18,1
2,9,305,2,10,5,0,500,0.6,1000,0.2,1400,0.2,1
2,10,928,0,0,666,0.42,420,0.58,1
2,11,913,2,10,5,0,666,0.42,420,0.58,1
3,0,736,1,0,666,0.42,420,0.58,1
3,1,426,0,0,300,0.5,1700,0.5,1
3,2,387,1,0,666,0.42,420,0.58,1
3,3,628,0,0,300,0.5,1700,0.5,1
3,4,396,2,10,5,0,666,0.42,420,0.58,1
3,5,62,0,0,500,0.6,1000,0.2,1400,0.2,1
3,6,651,2,10,5,0,300,0.5,1700,0.5,1
3,7,801,0,0,666,0.42,420,0.58,1
3,8,301,1,0,300,0.5,1700,0.5,1
3,9,846,0,0,500,0.6,1000,0.2,1400,0.2,1
3,10,936,1,0,500,0.6,1000,0.2,1400,0.2,1
3,11,574,2,10,5,0,500,0.6,1000,0.2,1400,0.2,1
4,0,44,2,10,5,0,666,0.42,420,0.58,1
4,1,752,1,0,300,0.5,1700,0.5,1
4,2,190,2,10,5,0,300,0.5,572,0.32,486,0.18,1
4,3,63,1,0,300,0.5,1700,0.5,1
4,4,206,1,0,300,0.5,1700,0.5,1
4,5,857,1,0,300,0.5,1700,0.5,1
4,6,643,2,10,5,0,300,0.5,572,0.32,486,0.18,1
4,7,866,2,10,5,0,300,0.5,572,0.32,486,0.18,1
4,8,809,2,10,5,0,300,0.5,572,0.32,486,0.18,1
4,9,685,0,0,300,0.5,1700,0.5,1
4,10,921,0,0,500,0.6,1000,0.2,1400,0.2,1
4,11,596,2,10,5,0,666,0.42,420,0.58,1
5,0,420,1,0,500,0.6,1000,0.2,1400,0.2,1
5,1,310,2,10,5,0,500,0.6,1000,0.2,1400,0.2,1
5,2,342,0,0,666,0.42,420,0.58,1
5,3,34,0,0,666,0.42,420,0.58,1
5,4,831,1,0,300,0.5,1700,0.5,1
5,5,812,2,10,5,0,500,0.6,1000,0.2,1400,0.2,1
5,6,428,0,0,500,0.6,1000,0.2,1400,0.2,1
5,7,751,0,0,300,0.5,572,0.32,486,0.18,1
5,8,799,0,0,300,0.5,572,0.32,486,0.18,1
5,9,550,2,10,5,0,500,0.6,1000,0.2,1400,0.2,1
5,10,43,1,0,666,0.42,420,0.58,1
5,11,881,2,10,5,0,300,0.5,572,0.32,486,0.18,1
6,0,589,2,10,5,0,500,0.6,1000,0.2,1400,0.2,1
6,1,121,2,10,5,0,500,0.6,1000,0.2,1400,0.2,1
6,2,993,0,0,500,0.6,1000,0.2,1400,0.2,1
6,3,375,2,10,5,0,300,0.5,1700,0.5,1
6,4,448,0,0,666,0.42,420,0.58,1
6,5,921,0,0,500,0.6,1000,0.2,1400,0.2,1
6,6,661,2,10,5,0,300,0.5,572,0.32,486,0.18,1
6,7,921,2,10,5,0,300,0.5,572,0.32,486,0.18,1
6,8,997,0,0,666,0.42,420,0.58,1
6,9,880,2,10,5,0,300,0.5,572,0.32,486,0.18,1
6,10,728,1,0,666,0.42,420,0.58,1
6,11,645,0,0,300,0.5,1700,0.5,1
7,0,658,2,10,5,0,300,0.5,572,0.32,486,0.18,1
7,1,40,0,0,666,0.42,420,0.58,1
7,2,578,0,0,300,0.5,572,0.32,486,0.18,1
7,3,676,2,10,5,0,300,0.5,1700,0.5,1
7,4,725,0,0,300,0.5,1700,0.5,1
7,5,795,0,0,300,0.5,572,0.32,486,0.18,1
7,6,925,0,0,500,0.6,1000,0.2,1400,0.2,1
7,7,937,2,10,5,0,300,0.5,1700,0.5,1
7,8,308,0,0,300,0.5,1700,0.5,1
7,9,988,2,10,5,0,300,0.5,572,0.32,486,0.18,1
7,10,858,2,10,5,0,300,0.5,572,0.32,486,0.18,1
7,11,285,0,0,300,0.5,1700,0.5,1
8,0,381,2,10,5,0,300,0.5,1700,0.5,1
8,1,47,2,10,5,0,500,0.6,1000,0.2,1400,0.2,1
8,2,809,2,10,5,0,666,0.42,420,0.58,1
8,3,89,1,0,300,0.5,572,0.32,486,0.18,1
8,4,785,2,10,5,0,666,0.42,420,0.58,1
8,5,989,0,0,300,0.5,1700,0.5,1
8,6,608,0,0,300,0.5,1700,0.5,1
8,7,627,2,10,5,0,666,0.42,420,0.58,1
8,8,122,1,0,500,0.6,1000,0.2,1400,0.2,1
8,9,405,2,10,5,0,300,0.5,572,0.32,486,0.18,1
8,10,930,1,0,300,0.5,572,0.32,486,0.18,1
8,11,906,0,0,300,0.5,572,0.32,486,0.18,1
9,0,729,2,10,5,0,300,0.5,1700,0.5,1
9,1,787,1,0,666,0.42,420,0.58,1
9,2,353,2,10,5,0,500,0.6,1000,0.2,1400,0.2,1
9,3,60,1,0,300,0.5,1700,0.5,1
9,4,786,1,0,666,0.42,420,0.58,1
9,5,324,0,0,500,0.6,1000,0.2,1400,0.2,1
9,6,744,1,0,300,0.5,572,0.32,486,0.18,1
9,7,183,0,0,666,0.42,420,0.58,1
9,8,955,1,0,300,0.5,572,0.32,486,0.18,1
9,9,140,0,0,300,0.5,1700,0.5,1
9,10,816,1,0,300,0.5,572,0.32,486,0.18,1
9,11,872,2,10,5,0,300,0.5,572,0.32,486,0.18,1
10,0,926,0,0,500,0.6,1000,0.2,1400,0.2,1
10,1,214,0,0,500,0.6,1000,0.2,1400,0.2,1
10,2,62,1,0,300,0.5,1700,0.5,1
10,3,335,0,0,500,0.6,1000,0.2,1400,0.2,1
10,4,304,2,10,5,0,300,0.5,572,0.32,486,0.18,1
10,5,97,2,10,5,0,500,0.6,1000,0.2,1400,0.2,1
10,6,623,1,0,300,0.5,572,0.32,486,0.18,1
10,7,976,0,0,300,0.5,1700,0.5,1
10,8,803,1,0,500,0.6,1000,0.2,1400,0.2,1
10,9,800,1,0,300,0.5,572,0.32,486,0.18,1
10,10,809,1,0,500,0.6,1000,0.2,1400,0.2,1
10,11,956,2,10,5,0,666,0.42,420,0.58,1
11,0,974,0,0,300,0.5,1700,0.5,1
11,1,144,1,0,300,0.5,572,0.32,486,0.18,1
11,2,992,2,10,5,0,300,0.5,1700,0.5,1
11,3,280,1,0,666,0.42,420,0.58,1
11,4,621,0,0,500,0.6,1000,0.2,1400,0.2,1
11,5,446,2,10,5,0,500,0.6,1000,0.2,1400,0.2,1
11,6,32,1,0,500,0.6,1000,0.2,1400,0.2,1
11,7,591,1,0,300,0.5,572,0.32,486,0.18,1
11,8,932,2,10,5,0,500,0.6,1000,0.2,1400,0.2,1
11,9,285,1,0,500,0.6,1000,0.2,1400,0.2,1
11,10,555,1,0,300,0.5,572,0.32,486,0.18,1
11,11,164,1,0,500,0.6,1000,0.2,1400,0.2,1
