0,0,988,0,0,300,0.5,572,0.32,486,0.18,1
0,1,271,1,0,500,0.6,1000,0.2,1400,0.2,1
0,2,212,2,10,5,0,300,0.5,572,0.32,486,0.18,1
0,3,601,2,10,5,0,666,0.42,420,0.58,1
0,4,384,2,10,5,0,300,0.5,572,0.32,486,0.18,1
0,5,695,0,0,300,0.5,1700,0.5,1
0,6,908,0,0,500,0.6,1000,0.2,1400,0.2,1
0,7,712,2,10,5,0,300,0.5,1700,0.5,1
0,8,121,1,0,300,0.5,572,0.32,486,0.18,1
0,9,329,0,0,300,0.5,572,0.32,486,0.18,1
0,10,395,0,0,500,0.6,1000,0.2,1400,0.2,1
0,11,124,1,0,300,0.5,1700,0.5,1
1,0,504,0,0,300,0.5,1700,0.5,0
1,1,43,0,0,666,0.42,420,0.58,0
1,2,983,2,10,5,0,300,0.5,572,0.32,486,0.18,0
1,3,774,1,0,500,0.6,1000,0.2,1400,0.2,0
1,4,1000,2,10,5,0,666,0.42,420,0.58,0
1,5,889,0,0,300,0.5,572,0.32,486,0.18,0
1,6,300,1,0,500,0.6,1000,0.2,1400,0.2,0
1,7,674,2,10,5,0,666,0.42,420,0.58,0
1,8,283,2,10,5,0,300,0.5,572,0.32,486,0.18,0
1,9,60,0,0,500,0.6,1000,0.2,1400,0.2,0
1,10,354,2,10,5,0,666,0.42,420,0.58,0
1,11,333,0,0,300,0.5,1700,0.5,0
2,0,418,0,0,300,0.5,572,0.32,486,0.18,1
2,1,122,1,0,500,0.6,1000,0.2,1400,0.2,1
2,2,275,0,0,500,0.6,1000,0.2,1400,0.2,1
2,3,551,2,10,5,0,300,0.5,1700,0.5,1
2,4,605,0,0,666,0.42,420,0.58,1
2,5,132,1,0,500,0.6,1000,0.2,1400,0.2,1
2,6,554,0,0,500,0.6,1000,0.2,1400,0.2,1
2,7,822,2,10,5,0,666,0.42,420,0.58,1
2,8,222,2,10,5,0,300,0.5,572,0.32,486,0.18,1
2,9,17,1,0,500,0.6,1000,0.2,1400,0.2,1
2,10,705,1,0,666,0.42,420,0.58,1
2,11,635,1,0,300,0.5,572,0.32,486,0.18,1
3,0,116,1,0,500,0.6,1000,0.2,1400,0.2,1
3,1,781,1,0,300,0.5,572,0.32,486,0.18,1
3,2,52,0,0,300,0.5,1700,0.5,1
3,3,86,0,0,500,0.6,1000,0.2,1400,0.2,1
3,4,151,2,10,5,0,300,0.5,1700,0.5,1
3,5,247,0,0,300,0.5,1700,0.5,1
3,6,74,0,0,500,0.6,1000,0.2,1400,0.2,1
3,7,325,1,0,666,0.42,420,0.58,1
3,8,590,2,10,5,0,300,0.5,1700,0.5,1
3,9,234,0,0,300,0.5,1700,0.5,1
3,10,753,0,0,500,0.6,1000,0.2,1400,0.2,1
3,11,512,2,10,5,0,300,0.5,1700,0.5,1
4,0,828,2,10,5,0,300,0.5,1700,0.5,1
4,1,893,2,10,5,0,300,0.5,572,0.32,486,0.18,1
4,2,597,1,0,500,0.6,1000,0.2,1400,0.2,1
4,3,159,1,0,666,0.42,420,0.58,1
4,4,830,1,0,300,0.5,1700,0.5,1
4,5,597,0,0,300,0.5,1700,0.5,1
4,6,469,1,0,500,0.6,1000,0.2,1400,0.2,1
4,7,774,1,0,300,0.5,1700,0.5,1
4,8,909,1,0,300,0.5,572,0.32,486,0.18,1
4,9,247,2,10,5,0,300,0.5,1700,0.5,1
4,10,830,2,10,5,0,300,0.5,572,0.32,486,0.18,1
4,11,606,2,10,5,0,666,0.42,420,0.58,1
5,0,743,2,10,5,0,300,0.5,572,0.32,486,0.18,1
5,1,813,2,10,5,0,500,0.6,1000,0.2,1400,0.2,1
5,2,660,2,10,5,0,500,0.6,1000,0.2,1400,0.2,1
5,3,237,1,0,666,0.42,420,0.58,1
5,4,928,2,10,5,0,300,0.5,572,0.32,486,0.18,1
5,5,619,1,0,300,0.5,572,0.32,486,0.18,1
5,6,181,2,10,5,0,300,0.5,572,0.32,486,0.18,1
5,7,752,2,10,5,0,300,0.5,572,0.32,486,0.18,1
5,8,851,1,0,666,0.42,420,0.58,1
5,9,319,2,10,5,0,300,0.5,572,0.32,486,0.18,1
5,10,347,0,0,300,0.5,572,0.32,486,0.18,1
5,11,920,2,10,5,0,500,0.6,1000,0.2,1400,0.2,1
6,0,482,1,0,300,0.5,1700,0.5,1
6,1,579,0,0,666,0.42,420,0.58,1
6,2,857,2,10,5,0,666,0.42,420,0.58,1
6,3,800,2,10,5,0,300,0.5,1700,0.5,1
6,4,425,2,10,5,0,666,0.42,420,0.58,1
6,5,173,0,0,666,0.42,420,0.58,1
6,6,777,1,0,500,0.6,1000,0.2,1400,0.2,1
6,7,388,2,10,5,0,300,0.5,1700,0.5,1
6,8,996,1,0,500,0.6,1000,0.2,1400,0.2,1
6,9,366,1,0,666,0.42,420,0.58,1
6,10,544,2,10,5,0,500,0.6,1000,0.2,1400,0.2,1
6,11,399,2,10,5,0,300,0.5,572,0.32,486,0.18,1
7,0,144,2,10,5,0,300,0.5,572,0.32,486,0.18,1
7,1,211,2,10,5,0,500,0.6,1000,0.2,1400,0.2,1
7,2,706,2,10,5,0,500,0.6,1000,0.2,1400,0.2,1
7,3,975,0,0,500,0.6,1000,0.2,1400,0.2,1
7,4,574,0,0,300,0.5,1700,0.5,1
7,5,482,1,0,666,0.42,420,0.58,1
7,6,288,1,0,500,0.6,1000,0.2,1400,0.2,1
7,7,367,0,0,300,0.5,1700,0.5,1
7,8,525,2,10,5,0,666,0.42,420,0.58,1
7,9,648,0,0,300,0.5,1700,0.5,1
7,10,154,2,10,5,0,500,0.6,1000,0.2,1400,0.2,1
7,11,694,2,10,5,0,300,0.5,1700,0.5,1
8,0,256,1,0,300,0.5,1700,0.5,1
8,1,718,0,0,666,0.42,420,0.58,1
8,2,883,2,10,5,0,500,0.6,1000,0.2,1400,0.2,1
8,3,446,2,10,5,0,300,0.5,1700,0.5,1
8,4,136,1,0,300,0.5,572,0.32,486,0.18,1
8,5,943,1,0,300,0.5,572,0.32,486,0.18,1
8,6,241,1,0,500,0.6,1000,0.2,1400,0.2,1
8,7,87,0,0,500,0.6,1000,0.2,1400,0.2,1
8,8,64,1,0,666,0.42,420,0.58,1
8,9,761,0,0,300,0.5,1700,0.5,1
8,10,745,0,0,666,0.42,420,0.58,1
8,11,501,2,10,5,0,300,0.5,572,0.32,486,0.18,1
9,0,640,1,0,300,0.5,1700,0.5,1
9,1,147,1,0,300,0.5,572,0.32,486,0.18,1
9,2,721,2,10,5,0,300,0.5,572,0.32,486,0.18,1
9,3,370,2,10,5,0,666,0.42,420,0.58,1
9,4,473,1,0,500,0.6,1000,0.2,1400,0.2,1
9,5,692,2,10,5,0,300,0.5,572,0.32,486,0.18,1
9,6,356,0,0,666,0.42,420,0.58,1
9,7,999,2,10,5,0,300,0.5,1700,0.5,1
9,8,799,2,10,5,0,500,0.6,1000,0.2,1400,0.2,1
9,9,501,1,0,666,0.42,420,0.58,1
9,10,938,0,0,300,0.5,1700,0.5,1
9,11,955,0,0,300,0.5,572,0.32,486,0.18,1
10,0,775,1,0,500,0.6,1000,0.2,1400,0.2,1
10,1,262,1,0,500,0.6,1000,0.2,1400,0.2,1
10,2,530,2,10,5,0,300,0.5,572,0.32,486,0.18,1
10,3,78,0,0,300,0.5,1700,0.5,1
10,4,411,1,0,300,0.5,1700,0.5,1
10,5,330,0,0,300,0.5,572,0.32,486,0.18,1
10,6,177,1,0,300,0.5,1700,0.5,1
10,7,935,0,0,300,0.5,572,0.32,486,0.18,1
10,8,582,2,10,5,0,300,0.5,1700,0.5,1
10,9,757,1,0,666,0.42,420,0.58,1
10,10,74,2,10,5,0,300,0.5,1700,0.5,1
10,11,717,2,10,5,0,500,0.6,1000,0.2,1400,0.2,1
11,0,714,1,0,666,0.42,420,0.58,1
11,1,509,0,0,666,0.42,420,0.58,1
11,2,433,1,0,666,0.42,420,0.58,1
11,3,846,2,10,5,0,300,0.5,572,0.32,486,0.18,1
11,4,473,2,10,5,0,500,0.6,1000,0.2,1400,0.2,1
11,5,218,0,0,666,0.42,420,0.58,1
11,6,927,0,0,300,0.5,572,0.32,486,0.18,1
11,7,577,0,0,666,0.42,420,0.58,1
11,8,666,1,0,666,0.42,420,0.58,1
11,9,538,0,0,666,0.42,420,0.58,1
11,10,296,0,0,666,0.42,420,0.58,1
11,11,986,1,0,500,0.6,1000,0.2,1400,0.2,1
