0,0,404,2,10,5,0,300,0.5,1700,0.5,1
0,1,805,2,10,5,0,300,0.5,572,0.32,486,0.18,1
0,2,518,2,10,5,0,666,0.42,420,0.58,1
0,3,593,2,10,5,0,500,0.6,1000,0.2,1400,0.2,1
0,4,942,1,0,500,0.6,1000,0.2,1400,0.2,1
0,5,814,2,10,5,0,500,0.6,1000,0.2,1400,0.2,1
0,6,707,2,10,5,0,666,0.42,420,0.58,1
0,7,61,2,10,5,0,666,0.42,420,0.58,1
0,8,140,1,0,300,0.5,1700,0.5,1
0,9,12,1,0,666,0.42,420,0.58,1
0,10,356,1,0,300,0.5,572,0.32,486,0.18,1
0,11,897,0,0,300,0.5,1700,0.5,1
1,0,609,1,0,300,0.5,572,0.32,486,0.18,0
1,1,313,2,10,5,0,300,0.5,572,0.32,486,0.18,0
1,2,484,2,10,5,0,666,0.42,420,0.58,0
1,3,657,2,10,5,0,666,0.42,420,0.58,0
1,4,174,0,0,300,0.5,572,0.32,486,0.18,0
1,5,975,1,0,300,0.5,1700,0.5,0
1,6,272,2,10,5,0,300,0.5,572,0.32,486,0.18,0
1,7,526,1,0,666,0.42,420,0.58,0
1,8,358,0,0,666,0.42,420,0.58,0
1,9,506,1,0,300,0.5,572,0.32,486,0.18,0
1,10,45,2,10,5,0,500,0.6,1000,0.2,1400,0.2,0
1,11,104,1,0,666,0.42,420,0.58,0
2,0,321,2,10,5,0,300,0.5,1700,0.5,1
2,1,270,2,10,5,0,300,0.5,1700,0.5,1
2,2,355,1,0,300,0.5,572,0.32,486,0.18,1
2,3,742,2,10,5,0,500,0.6,1000,0.2,1400,0.2,1
2,4,726,0,0,666,0.42,420,0.58,1
2,5,641,2,10,5,0,300,0.5,572,0.32,486,0.18,1
2,6,589,2,10,5,0,300,0.5,1700,0.5,1
2,7,45,2,10,5,0,300,0.5,1700,0.5,1
2,8,762,2,10,5,0,300,0.5,1700,0.5,1
2,9,978,0,0,500,0.6,1000,0.2,1400,0.2,1
2,10,280,1,0,666,0.42,420,0.58,1
2,11,255,2,10,5,0,300,0.5,1700,0.5,1
3,0,76,1,0,300,0.5,572,0.32,486,0.18,1
3,1,689,0,0,300,0.5,572,0.32,486,0.18,1
3,2,224,1,0,300,0.5,1700,0.5,1
3,3,188,2,10,5,0,300,0.5,572,0.32,486,0.18,1
3,4,252,1,0,300,0.5,572,0.32,486,0.18,1
3,5,490,1,0,666,0.42,420,0.58,1
3,6,876,0,0,666,0.42,420,0.58,1
3,7,164,1,0,666,0.42,420,0.58,1
3,8,215,1,0,300,0.5,572,0.32,486,0.18,1
3,9,293,1,0,300,0.5,572,0.32,486,0.18,1
3,10,13,2,10,5,0,666,0.42,420,0.58,1
3,11,930,1,0,666,0.42,420,0.58,1
4,0,789,0,0,500,0.6,1000,0.2,1400,0.2,1
4,1,825,2,10,5,0,666,0.42,420,0.58,1
4,2,539,1,0,500,0.6,1000,0.2,1400,0.2,1
4,3,595,2,10,5,0,300,0.5,1700,0.5,1
4,4,333,1,0,666,0.42,420,0.58,1
4,5,748,2,10,5,0,500,0.6,1000,0.2,1400,0.2,1
4,6,336,2,10,5,0,500,0.6,1000,0.2,1400,0.2,1
4,7,795,0,0,666,0.42,420,0.58,1
4,8,650,1,0,500,0.6,1000,0.2,1400,0.2,1
4,9,507,1,0,300,0.5,1700,0.5,1
4,10,728,2,10,5,0,300,0.5,1700,0.5,1
4,11,558,2,10,5,0,300,0.5,572,0.32,486,0.18,1
5,0,615,0,0,500,0.6,1000,0.2,1400,0.2,1
5,1,211,0,0,300,0.5,572,0.32,486,0.18,1
5,2,941,1,0,300,0.5,1700,0.5,1
5,3,331,2,10,5,0,300,0.5,1700,0.5,1
5,4,110,0,0,666,0.42,420,0.58,1
5,5,180,1,0,300,0.5,572,0.32,486,0.18,1
5,6,542,1,0,666,0.42,420,0.58,1
5,7,420,0,0,300,0.5,572,0.32,486,0.18,1
5,8,580,0,0,300,0.5,1700,0.5,1
5,9,109,2,10,5,0,500,0.6,1000,0.2,1400,0.2,1
5,10,594,1,0,300,0.5,1700,0.5,1
5,11,535,0,0,500,0.6,1000,0.2,1400,0.2,1
6,0,267,0,0,666,0.42,420,0.58,1
6,1,317,1,0,666,0.42,420,0.58,1
6,2,825,2,10,5,0,300,0.5,1700,0.5,1
6,3,191,1,0,666,0.42,420,0.58,1
6,4,494,1,0,500,0.6,1000,0.2,1400,0.2,1
6,5,661,1,0,666,0.42,420,0.58,1
6,6,460,2,10,5,0,500,0.6,1000,0.2,1400,0.2,1
6,7,885,1,0,666,0.42,420,0.58,1
6,8,331,2,10,5,0,300,0.5,572,0.32,486,0.18,1
6,9,402,0,0,300,0.5,572,0.32,486,0.18,1
6,10,990,0,0,300,0.5,1700,0.5,1
6,11,978,1,0,300,0.5,572,0.32,486,0.18,1
7,0,426,0,0,300,0.5,572,0.32,486,0.18,1
7,1,943,2,10,5,0,300,0.5,1700,0.5,1
7,2,981,2,10,5,0,500,0.6,1000,0.2,1400,0.2,1
7,3,865,2,10,5,0,666,0.42,420,0.58,1
7,4,594,1,0,500,0.6,1000,0.2,1400,0.2,1
7,5,170,0,0,300,0.5,1700,0.5,1
7,6,78,1,0,300,0.5,572,0.32,486,0.18,1
7,7,794,1,0,666,0.42,420,0.58,1
7,8,701,0,0,300,0.5,572,0.32,486,0.18,1
7,9,322,1,0,300,0.5,1700,0.5,1
7,10,509,0,0,500,0.6,1000,0.2,1400,0.2,1
7,11,398,2,10,5,0,300,0.5,572,0.32,486,0.18,1
8,0,302,1,0,300,0.5,1700,0.5,1
8,1,325,2,10,5,0,666,0.42,420,0.58,1
8,2,734,2,10,5,0,666,0.42,420,0.58,1
8,3,166,1,0,300,0.5,1700,0.5,1
8,4,89,0,0,300,0.5,1700,0.5,1
8,5,264,1,0,300,0.5,1700,0.5,1
8,6,294,0,0,500,0.6,1000,0.2,1400,0.2,1
8,7,388,0,0,666,0.42,420,0.58,1
8,8,311,0,0,666,0.42,420,0.58,1
8,9,86,1,0,500,0.6,1000,0.2,1400,0.2,1
8,10,221,0,0,300,0.5,1700,0.5,1
8,11,231,0,0,500,0.6,1000,0.2,1400,0.2,1
9,0,268,0,0,300,0.5,572,0.32,486,0.18,1
9,1,83,2,10,5,0,300,0.5,572,0.32,486,0.18,1
9,2,903,1,0,300,0.5,1700,0.5,1
9,3,501,0,0,666,0.42,420,0.58,1
9,4,783,2,10,5,0,300,0.5,1700,0.5,1
9,5,607,0,0,300,0.5,572,0.32,486,0.18,1
9,6,766,2,10,5,0,500,0.6,1000,0.2,1400,0.2,1
9,7,700,1,0,666,0.42,420,0.58,1
9,8,50,2,10,5,0,300,0.5,1700,0.5,1
9,9,943,0,0,300,0.5,572,0.32,486,0.18,1
9,10,864,0,0,500,0.6,1000,0.2,1400,0.2,1
9,11,409,0,0,300,0.5,572,0.32,486,0.18,1
10,0,35,0,0,300,0.5,572,0.32,486,0.18,1
10,1,206,0,0,300,0.5,572,0.32,486,0.18,1
10,2,424,0,0,300,0.5,572,0.32,486,0.18,1
10,3,237,0,0,666,0.42,420,0.58,1
10,4,415,0,0,300,0.5,1700,0.5,1
10,5,785,2,10,5,0,300,0.5,572,0.32,486,0.18,1
10,6,278,2,10,5,0,300,0.5,572,0.32,486,0.18,1
10,7,185,2,10,5,0,666,0.42,420,0.58,1
10,8,725,2,10,5,0,500,0.6,1000,0.2,1400,0.2,1
10,9,731,2,10,5,0,666,0.42,420,0.58,1
10,10,450,1,0,666,0.42,420,0.58,1
10,11,213,2,10,5,0,666,0.42,420,0.58,1
11,0,590,0,0,300,0.5,572,0.32,486,0.18,1
11,1,677,0,0,666,0.42,420,0.58,1
11,2,941,2,10,5,0,666,0.42,420,0.58,1
11,3,484,0,0,666,0.42,420,0.58,1
11,4,348,1,0,300,0.5,572,0.32,486,0.18,1
11,5,628,0,0,300,0.5,1700,0.5,1
11,6,777,0,0,300,0.5,572,0.32,486,0.18,1
11,7,39,0,0,300,0.5,1700,0.5,1
11,8,481,1,0,500,0.6,1000,0.2,1400,0.2,1
11,9,127,1,0,300,0.5,572,0.32,486,0.18,1
11,10,444,2,10,5,0,300,0.5,572,0.32,486,0.18,1
11,11,489,1,0,500,0.6,1000,0.2,1400,0.2,1
