0,0,899,2,10,5,0,300,0.5,1700,0.5,1
0,1,875,2,10,5,0,666,0.42,420,0.58,1
0,2,155,1,0,300,0.5,572,0.32,486,0.18,1
0,3,641,1,0,300,0.5,572,0.32,486,0.18,1
0,4,343,0,0,300,0.5,572,0.32,486,0.18,1
0,5,799,1,0,300,0.5,572,0.32,486,0.18,1
0,6,610,2,10,5,0,300,0.5,572,0.32,486,0.18,1
0,7,479,1,0,300,0.5,1700,0.5,1
0,8,833,0,0,300,0.5,572,0.32,486,0.18,1
0,9,927,2,10,5,0,300,0.5,572,0.32,486,0.18,1
0,10,468,2,10,5,0,500,0.6,1000,0.2,1400,0.2,1
0,11,736,2,10,5,0,666,0.42,420,0.58,1
1,0,382,0,0,300,0.5,1700,0.5,0
1,1,67,1,0,500,0.6,1000,0.2,1400,0.2,0
1,2,119,2,10,5,0,500,0.6,1000,0.2,1400,0.2,0
1,3,127,1,0,300,0.5,572,0.32,486,0.18,0
1,4,221,0,0,300,0.5,1700,0.5,0
1,5,991,1,0,500,0.6,1000,0.2,1400,0.2,0
1,6,22,1,0,300,0.5,1700,0.5,0
1,7,231,2,10,5,0,666,0.42,420,0.58,0
1,8,413,2,10,5,0,500,0.6,1000,0.2,1400,0.2,0
1,9,242,1,0,300,0.5,572,0.32,486,0.18,0
1,10,923,2,10,5,0,666,0.42,420,0.58,0
1,11,975,2,10,5,0,666,0.42,420,0.58,0
2,0,288,2,10,5,0,500,0.6,1000,0.2,1400,0.2,1
2,1,61,0,0,300,0.5,1700,0.5,1
2,2,952,1,0,300,0.5,572,0.32,486,0.18,1
2,3,35,2,10,5,0,666,0.42,420,0.58,1
2,4,598,2,10,5,0,500,0.6,1000,0.2,1400,0.2,1
2,5,820,1,0,500,0.6,1000,0.2,1400,0.2,1
2,6,383,2,10,5,0,300,0.5,1700,0.5,1
2,7,315,2,10,5,0,300,0.5,572,0.32,486,0.18,1
2,8,301,1,0,300,0.5,1700,0.5,1
2,9,434,2,10,5,0,300,0.5,1700,0.5,1
2,10,418,1,0,666,0.42,420,0.58,1
2,11,149,2,10,5,0,666,0.42,420,0.58,1
3,0,997,0,0,666,0.42,420,0.58,1
3,1,172,1,0,500,0.6,1000,0.2,1400,0.2,1
3,2,165,2,10,5,0,500,0.6,1000,0.2,1400,0.2,1
3,3,265,1,0,300,0.5,1700,0.5,1
3,4,35,1,0,500,0.6,1000,0.2,1400,0.2,1
3,5,944,0,0,500,0.6,1000,0.2,1400,0.2,1
3,6,934,0,0,300,0.5,572,0.32,486,0.18,1
3,7,680,1,0,500,0.6,1000,0.2,1400,0.2,1
3,8,288,0,0,666,0.42,420,0.58,1
3,9,857,0,0,666,0.42,420,0.58,1
3,10,192,2,10,5,0,300,0.5,572,0.32,486,0.18,1
3,11,124,1,0,500,0.6,1000,0.2,1400,0.2,1
4,0,392,0,0,666,0.42,420,0.58,1
4,1,338,2,10,5,0,666,0.42,420,0.58,1
4,2,237,1,0,300,0.5,572,0.32,486,0.18,1
4,3,999,1,0,500,0.6,1000,0.2,1400,0.2,1
4,4,491,0,0,500,0.6,1000,0.2,1400,0.2,1
4,5,90,2,10,5,0,300,0.5,572,0.32,486,0.18,1
4,6,96,2,10,5,0,500,0.6,1000,0.2,1400,0.2,1
4,7,790,1,0,300,0.5,1700,0.5,1
4,8,380,2,10,5,0,500,0.6,1000,0.2,1400,0.2,1
4,9,456,1,0,666,0.42,420,0.58,1
4,10,118,0,0,666,0.42,420,0.58,1
4,11,517,2,10,5,0,666,0.42,420,0.58,1
5,0,933,1,0,300,0.5,572,0.32,486,0.18,1
5,1,71,1,0,300,0.5,572,0.32,486,0.18,1
5,2,514,1,0,300,0.5,572,0.32,486,0.18,1
5,3,565,0,0,500,0.6,1000,0.2,1400,0.2,1
5,4,841,0,0,500,0.6,1000,0.2,1400,0.2,1
5,5,144,1,0,300,0.5,1700,0.5,1
5,6,773,2,10,5,0,300,0.5,572,0.32,486,0.18,1
5,7,524,0,0,300,0.5,1700,0.5,1
5,8,834,2,10,5,0,500,0.6,1000,0.2,1400,0.2,1
5,9,195,0,0,300,0.5,572,0.32,486,0.18,1
5,10,263,1,0,300,0.5,572,0.32,486,0.18,1
5,11,135,0,0,666,0.42,420,0.58,1
6,0,797,2,10,5,0,666,0.42,420,0.58,1
6,1,94,2,10,5,0,300,0.5,572,0.32,486,0.18,1
6,2,576,2,10,5,0,500,0.6,1000,0.2,1400,0.2,1
6,3,966,1,0,500,0.6,1000,0.2,1400,0.2,1
6,4,745,0,0,300,0.5,572,0.32,486,0.18,1
6,5,612,1,0,300,0.5,1700,0.5,1
6,6,835,1,0,300,0.5,572,0.32,486,0.18,1
6,7,398,0,0,500,0.6,1000,0.2,1400,0.2,1
6,8,157,2,10,5,0,500,0.6,1000,0.2,1400,0.2,1
6,9,875,1,0,500,0.6,1000,0.2,1400,0.2,1
6,10,503,0,0,300,0.5,1700,0.5,1
6,11,437,1,0,300,0.5,572,0.32,486,0.18,1
7,0,312,2,10,5,0,300,0.5,1700,0.5,1
7,1,458,0,0,300,0.5,1700,0.5,1
7,2,277,2,10,5,0,500,0.6,1000,0.2,1400,0.2,1
7,3,181,1,0,666,0.42,420,0.58,1
7,4,911,2,10,5,0,500,0.6,1000,0.2,1400,0.2,1
7,5,102,1,0,500,0.6,1000,0.2,1400,0.2,1
7,6,871,0,0,666,0.42,420,0.58,1
7,7,949,1,0,300,0.5,1700,0.5,1
7,8,782,2,10,5,0,666,0.42,420,0.58,1
7,9,107,1,0,500,0.6,1000,0.2,1400,0.2,1
7,10,678,1,0,300,0.5,1700,0.5,1
7,11,161,0,0,500,0.6,1000,0.2,1400,0.2,1
8,0,88,2,10,5,0,666,0.42,420,0.58,1
8,1,405,2,10,5,0,300,0.5,1700,0.5,1
8,2,193,2,10,5,0,666,0.42,420,0.58,1
8,3,451,1,0,666,0.42,420,0.58,1
8,4,150,1,0,500,0.6,1000,0.2,1400,0.2,1
8,5,114,0,0,300,0.5,1700,0.5,1
8,6,413,1,0,300,0.5,1700,0.5,1
8,7,91,2,10,5,0,300,0.5,1700,0.5,1
8,8,138,1,0,300,0.5,1700,0.5,1
8,9,80,2,10,5,0,300,0.5,1700,0.5,1
8,10,461,2,10,5,0,666,0.42,420,0.58,1
8,11,348,1,0,500,0.6,1000,0.2,1400,0.2,1
9,0,905,1,0,300,0.5,1700,0.5,1
9,1,38,2,10,5,0,300,0.5,572,0.32,486,0.18,1
9,2,778,0,0,500,0.6,1000,0.2,1400,0.2,1
9,3,172,2,10,5,0,300,0.5,572,0.32,486,0.18,1
9,4,351,0,0,666,0.42,420,0.58,1
9,5,583,2,10,5,0,500,0.6,1000,0.2,1400,0.2,1
9,6,721,0,0,666,0.42,420,0.58,1
9,7,828,1,0,500,0.6,1000,0.2,1400,0.2,1
9,8,254,2,10,5,0,300,0.5,1700,0.5,1
9,9,208,1,0,300,0.5,1700,0.5,1
9,10,426,2,10,5,0,300,0.5,1700,0.5,1
9,11,897,0,0,500,0.6,1000,0.2,1400,0.2,1
10,0,844,2,10,5,0,500,0.6,1000,0.2,1400,0.2,1
10,1,724,1,0,300,0.5,1700,0.5,1
10,2,580,2,10,5,0,300,0.5,572,0.32,486,0.18,1
10,3,982,2,10,5,0,500,0.6,1000,0.2,1400,0.2,1
10,4,68,1,0,300,0.5,1700,0.5,1
10,5,172,1,0,500,0.6,1000,0.2,1400,0.2,1
10,6,597,2,10,5,0,666,0.42,420,0.58,1
10,7,802,0,0,666,0.42,420,0.58,1
10,8,319,2,10,5,0,300,0.5,1700,0.5,1
10,9,138,1,0,500,0.6,1000,0.2,1400,0.2,1
10,10,963,2,10,5,0,300,0.5,1700,0.5,1
10,11,208,2,10,5,0,500,0.6,1000,0.2,1400,0.2,1
11,0,689,0,0,300,0.5,1700,0.5,1
11,1,909,1,0,500,0.6,1000,0.2,1400,0.2,1
11,2,841,0,0,300,0.5,1700,0.5,1
11,3,638,0,0,300,0.5,572,0.32,486,0.18,1
11,4,178,2,10,5,0,666,0.42,420,0.58,1
11,5,150,0,0,300,0.5,1700,0.5,1
11,6,531,1,0,666,0.42,420,0.58,1
11,7,51,0,0,300,0.5,572,0.32,486,0.18,1
11,8,49,0,0,300,0.5,1700,0.5,1
11,9,61,1,0,666,0.42,420,0.58,1
11,10,115,1,0,666,0.42,420,0.58,1
11,11,719,0,0,300,0.5,1700,0.5,1
