0,0,977,0,0,300,0.5,572,0.32,486,0.18,1
0,1,838,2,10,5,0,666,0.42,420,0.58,1
0,2,446,2,10,5,0,666,0.42,420,0.58,1
0,3,882,2,10,5,0,666,0.42,420,0.58,1
0,4,67,2,10,5,0,666,0.42,420,0.58,1
0,5,865,0,0,666,0.42,420,0.58,1
0,6,101,1,0,500,0.6,1000,0.2,1400,0.2,1
0,7,611,0,0,300,0.5,572,0.32,486,0.18,1
0,8,536,2,10,5,0,300,0.5,1700,0.5,1
0,9,939,2,10,5,0,300,0.5,572,0.32,486,0.18,1
0,10,116,2,10,5,0,666,0.42,420,0.58,1
0,11,273,2,10,5,0,500,0.6,1000,0.2,1400,0.2,1
1,0,962,2,10,5,0,300,0.5,572,0.32,486,0.18,0
1,1,405,1,0,666,0.42,420,0.58,0
1,2,523,1,0,300,0.5,572,0.32,486,0.18,0
1,3,278,0,0,300,0.5,1700,0.5,0
1,4,714,1,0,300,0.5,1700,0.5,0
1,5,347,1,0,500,0.6,1000,0.2,1400,0.2,0
1,6,195,1,0,666,0.42,420,0.58,0
1,7,569,1,0,500,0.6,1000,0.2,1400,0.2,0
1,8,542,1,0,300,0.5,1700,0.5,0
1,9,924,1,0,500,0.6,1000,0.2,1400,0.2,0
1,10,244,1,0,666,0.42,420,0.58,0
1,11,587,2,10,5,0,500,0.6,1000,0.2,1400,0.2,0
2,0,374,1,0,500,0.6,1000,0.2,1400,0.2,1
2,1,539,2,10,5,0,300,0.5,1700,0.5,1
2,2,499,2,10,5,0,300,0.5,1700,0.5,1
2,3,460,2,10,5,0,666,0.42,420,0.58,1
2,4,629,2,10,5,0,300,0.5,572,0.32,486,0.18,1
2,5,311,1,0,500,0.6,1000,0.2,1400,0.2,1
2,6,226,0,0,500,0.6,1000,0.2,1400,0.2,1
2,7,863,2,10,5,0,500,0.6,1000,0.2,1400,0.2,1
2,8,725,0,0,500,0.6,1000,0.2,1400,0.2,1
2,9,998,0,0,666,0.42,420,0.58,1
2,10,278,2,10,5,0,500,0.6,1000,0.2,1400,0.2,1
2,11,920,2,10,5,0,300,0.5,572,0.32,486,0.18,1
3,0,965,2,10,5,0,300,0.5,1700,0.5,1
3,1,174,1,0,300,0.5,572,0.32,486,0.18,1
3,2,61,1,0,500,0.6,1000,0.2,1400,0.2,1
3,3,414,2,10,5,0,666,0.42,420,0.58,1
3,4,962,2,10,5,0,300,0.5,572,0.32,486,0.18,1
3,5,132,2,10,5,0,300,0.5,572,0.32,486,0.18,1
3,6,78,0,0,666,0.42,420,0.58,1
3,7,29,1,0,666,0.42,420,0.58,1
3,8,903,2,10,5,0,500,0.6,1000,0.2,1400,0.2,1
3,9,329,2,10,5,0,300,0.5,1700,0.5,1
3,10,99,2,10,5,0,300,0.5,572,0.32,486,0.18,1
3,11,576,1,0,300,0.5,572,0.32,486,0.18,1
4,0,47,0,0,500,0.6,1000,0.2,1400,0.2,1
4,1,19,2,10,5,0,500,0.6,1000,0.2,1400,0.2,1
4,2,816,2,10,5,0,300,0.5,572,0.32,486,0.18,1
4,3,434,1,0,300,0.5,1700,0.5,1
4,4,297,0,0,500,0.6,1000,0.2,1400,0.2,1
4,5,460,2,10,5,0,300,0.5,1700,0.5,1
4,6,224,1,0,666,0.42,420,0.58,1
4,7,800,2,10,5,0,666,0.42,420,0.58,1
4,8,477,1,0,500,0.6,1000,0.2,1400,0.2,1
4,9,571,2,10,5,0,300,0.5,1700,0.5,1
4,10,472,2,10,5,0,500,0.6,1000,0.2,1400,0.2,1
4,11,580,1,0,500,0.6,1000,0.2,1400,0.2,1
5,0,186,2,10,5,0,500,0.6,1000,0.2,1400,0.2,1
5,1,930,2,10,5,0,300,0.5,1700,0.5,1
5,2,397,1,0,300,0.5,572,0.32,486,0.18,1
5,3,105,2,10,5,0,300,0.5,572,0.32,486,0.18,1
5,4,374,2,10,5,0,666,0.42,420,0.58,1
5,5,849,0,0,666,0.42,420,0.58,1
5,6,810,1,0,300,0.5,1700,0.5,1
5,7,541,2,10,5,0,666,0.42,420,0.58,1
5,8,70,2,10,5,0,300,0.5,1700,0.5,1
5,9,622,2,10,5,0,500,0.6,1000,0.2,1400,0.2,1
5,10,474,0,0,666,0.42,420,0.58,1
5,11,454,0,0,300,0.5,1700,0.5,1
6,0,588,0,0,666,0.42,420,0.58,1
6,1,955,2,10,5,0,300,0.5,1700,0.5,1
6,2,421,0,0,500,0.6,1000,0.2,1400,0.2,1
6,3,641,2,10,5,0,666,0.42,420,0.58,1
6,4,974,0,0,300,0.5,1700,0.5,1
6,5,782,0,0,300,0.5,572,0.32,486,0.18,1
6,6,253,1,0,666,0.42,420,0.58,1
6,7,980,1,0,300,0.5,572,0.32,486,0.18,1
6,8,362,2,10,5,0,500,0.6,1000,0.2,1400,0.2,1
6,9,471,2,10,5,0,300,0.5,1700,0.5,1
6,10,266,1,0,300,0.5,572,0.32,486,0.18,1
6,11,315,2,10,5,0,300,0.5,572,0.32,486,0.18,1
7,0,645,1,0,500,0.6,1000,0.2,1400,0.2,1
7,1,553,1,0,500,0.6,1000,0.2,1400,0.2,1
7,2,382,2,10,5,0,500,0.6,1000,0.2,1400,0.2,1
7,3,373,0,0,300,0.5,1700,0.5,1
7,4,591,1,0,500,0.6,1000,0.2,1400,0.2,1
7,5,415,0,0,300,0.5,572,0.32,486,0.18,1
7,6,495,2,10,5,0,500,0.6,1000,0.2,1400,0.2,1
7,7,166,0,0,300,0.5,572,0.32,486,0.18,1
7,8,445,1,0,500,0.6,1000,0.2,1400,0.2,1
7,9,347,2,10,5,0,500,0.6,1000,0.2,1400,0.2,1
7,10,816,0,0,300,0.5,1700,0.5,1
7,11,533,0,0,666,0.42,420,0.58,1
8,0,132,0,0,666,0.42,420,0.58,1
8,1,869,0,0,666,0.42,420,0.58,1
8,2,832,2,10,5,0,300,0.5,1700,0.5,1
8,3,169,1,0,300,0.5,572,0.32,486,0.18,1
8,4,420,0,0,666,0.42,420,0.58,1
8,5,669,1,0,666,0.42,420,0.58,1
8,6,865,2,10,5,0,666,0.42,420,0.58,1
8,7,55,1,0,300,0.5,572,0.32,486,0.18,1
8,8,915,1,0,500,0.6,1000,0.2,1400,0.2,1
8,9,278,0,0,300,0.5,1700,0.5,1
8,10,652,1,0,300,0.5,572,0.32,486,0.18,1
8,11,634,1,0,500,0.6,1000,0.2,1400,0.2,1
9,0,429,2,10,5,0,300,0.5,572,0.32,486,0.18,1
9,1,550,0,0,300,0.5,572,0.32,486,0.18,1
9,2,523,2,10,5,0,666,0.42,420,0.58,1
9,3,167,1,0,666,0.42,420,0.58,1
9,4,342,2,10,5,0,500,0.6,1000,0.2,1400,0.2,1
9,5,448,0,0,666,0.42,420,0.58,1
9,6,843,2,10,5,0,300,0.5,1700,0.5,1
9,7,284,2,10,5,0,300,0.5,572,0.32,486,0.18,1
9,8,569,2,10,5,0,300,0.5,1700,0.5,1
9,9,654,2,10,5,0,300,0.5,572,0.32,486,0.18,1
9,10,533,1,0,300,0.5,1700,0.5,1
9,11,750,2,10,5,0,300,0.5,572,0.32,486,0.18,1
10,0,422,0,0,500,0.6,1000,0.2,1400,0.2,1
10,1,827,2,10,5,0,300,0.5,1700,0.5,1
10,2,993,0,0,666,0.42,420,0.58,1
10,3,974,2,10,5,0,300,0.5,572,0.32,486,0.18,1
10,4,407,0,0,300,0.5,572,0.32,486,0.18,1
10,5,951,1,0,500,0.6,1000,0.2,1400,0.2,1
10,6,336,2,10,5,0,300,0.5,572,0.32,486,0.18,1
10,7,950,0,0,666,0.42,420,0.58,1
10,8,962,2,10,5,0,300,0.5,1700,0.5,1
10,9,460,1,0,300,0.5,1700,0.5,1
10,10,379,2,10,5,0,300,0.5,572,0.32,486,0.18,1
10,11,875,1,0,666,0.42,420,0.58,1
11,0,849,0,0,300,0.5,572,0.32,486,0.18,1
11,1,357,2,10,5,0,300,0.5,572,0.32,486,0.18,1
11,2,313,0,0,300,0.5,572,0.32,486,0.18,1
11,3,607,0,0,500,0.6,1000,0.2,1400,0.2,1
11,4,227,2,10,5,0,500,0.6,1000,0.2,1400,0.2,1
11,5,642,1,0,300,0.5,572,0.32,486,0.18,1
11,6,88,1,0,666,0.42,420,0.58,1
11,7,403,0,0,500,0.6,1000,0.2,1400,0.2,1
11,8,565,0,0,300,0.5,1700,0.5,1
11,9,387,0,0,500,0.6,1000,0.2,1400,0.2,1
11,10,97,1,0,300,0.5,572,0.32,486,0.18,1
11,11,907,2,10,5,0,300,0.5,1700,0.5,1
