0,0,26,0,0,300,0.5,1700,0.5,1
0,1,592,2,10,5,0,300,0.5,572,0.32,486,0.18,1
0,2,50,1,0,666,0.42,420,0.58,1
0,3,949,1,0,300,0.5,572,0.32,486,0.18,1
0,4,935,0,0,300,0.5,1700,0.5,1
0,5,989,0,0,500,0.6,1000,0.2,1400,0.2,1
0,6,996,2,10,5,0,666,0.42,420,0.58,1
0,7,473,1,0,300,0.5,1700,0.5,1
0,8,761,2,10,5,0,300,0.5,1700,0.5,1
0,9,443,1,0,300,0.5,572,0.32,486,0.18,1
0,10,203,0,0,300,0.5,1700,0.5,1
0,11,206,1,0,500,0.6,1000,0.2,1400,0.2,1
1,0,263,2,10,5,0,300,0.5,572,0.32,486,0.18,0
1,1,999,1,0,300,0.5,572,0.32,486,0.18,0
1,2,399,0,0,300,0.5,1700,0.5,0
1,3,396,0,0,300,0.5,1700,0.5,0
1,4,681,2,10,5,0,300,0.5,572,0.32,486,0.18,0
1,5,885,1,0,500,0.6,1000,0.2,1400,0.2,0
1,6,806,2,10,5,0,300,0.5,1700,0.5,0
1,7,970,2,10,5,0,500,0.6,1000,0.2,1400,0.2,0
1,8,924,1,0,500,0.6,1000,0.2,1400,0.2,0
1,9,40,0,0,300,0.5,572,0.32,486,0.18,0
1,10,696,2,10,5,0,500,0.6,1000,0.2,1400,0.2,0
1,11,513,1,0,500,0.6,1000,0.2,1400,0.2,0
2,0,891,0,0,500,0.6,1000,0.2,1400,0.2,1
2,1,541,2,10,5,0,666,0.42,420,0.58,1
2,2,74,0,0,300,0.5,1700,0.5,1
2,3,92,0,0,666,0.42,420,0.58,1
2,4,905,0,0,300,0.5,1700,0.5,1
2,5,17,1,0,300,0.5,572,0.32,486,0.18,1
2,6,281,2,10,5,0,300,0.5,1700,0.5,1
2,7,511,0,0,300,0.5,572,0.32,486,0.18,1
2,8,200,2,10,5,0,300,0.5,572,0.32,486,0.18,1
2,9,571,2,10,5,0,666,0.42,420,0.58,1
2,10,194,2,10,5,0,300,0.5,572,0.32,486,0.18,1
2,11,857,1,0,500,0.6,1000,0.2,1400,0.2,1
3,0,322,1,0,300,0.5,572,0.32,486,0.18,1
3,1,827,2,10,5,0,666,0.42,420,0.58,1
3,2,928,1,0,666,0.42,420,0.58,1
3,3,71,1,0,300,0.5,572,0.32,486,0.18,1
3,4,343,1,0,300,0.5,1700,0.5,1
3,5,839,2,10,5,0,666,0.42,420,0.58,1
3,6,427,2,10,5,0,300,0.5,572,0.32,486,0.18,1
3,7,796,1,0,500,0.6,1000,0.2,1400,0.2,1
3,8,211,1,0,666,0.42,420,0.58,1
3,9,165,2,10,5,0,500,0.6,1000,0.2,1400,0.2,1
3,10,122,1,0,500,0.6,1000,0.2,1400,0.2,1
3,11,175,0,0,300,0.5,572,0.32,486,0.18,1
4,0,759,2,10,5,0,666,0.42,420,0.58,1
4,1,162,0,0,666,0.42,420,0.58,1
4,2,484,2,10,5,0,300,0.5,572,0.32,486,0.18,1
4,3,170,2,10,5,0,666,0.42,420,0.58,1
4,4,160,2,10,5,0,300,0.5,572,0.32,486,0.18,1
4,5,545,0,0,300,0.5,1700,0.5,1
4,6,10,2,10,5,0,500,0.6,1000,0.2,1400,0.2,1
4,7,942,0,0,500,0.6,1000,0.2,1400,0.2,1
4,8,715,2,10,5,0,300,0.5,572,0.32,486,0.18,1
4,9,176,1,0,300,0.5,1700,0.5,1
4,10,723,1,0,300,0.5,1700,0.5,1
4,11,949,0,0,300,0.5,572,0.32,486,0.18,1
5,0,601,0,0,300,0.5,572,0.32,486,0.18,1
5,1,751,1,0,500,0.6,1000,0.2,1400,0.2,1
5,2,237,0,0,300,0.5,572,0.32,486,0.18,1
5,3,219,1,0,300,0.5,572,0.32,486,0.18,1
5,4,737,2,10,5,0,666,0.42,420,0.58,1
5,5,720,2,10,5,0,300,0.5,1700,0.5,1
5,6,774,0,0,300,0.5,1700,0.5,1
5,7,458,0,0,300,0.5,572,0.32,486,0.18,1
5,8,638,2,10,5,0,666,0.42,420,0.58,1
5,9,91,2,10,5,0,666,0.42,420,0.58,1
5,10,13,2,10,5,0,300,0.5,572,0.32,486,0.18,1
5,11,294,0,0,666,0.42,420,0.58,1
6,0,385,2,10,5,0,666,0.42,420,0.58,1
6,1,701,0,0,500,0.6,1000,0.2,1400,0.2,1
6,2,184,0,0,300,0.5,1700,0.5,1
6,3,775,2,10,5,0,666,0.42,420,0.58,1
6,4,32,2,10,5,0,300,0.5,572,0.32,486,0.18,1
6,5,760,0,0,666,0.42,420,0.58,1
6,6,376,1,0,300,0.5,1700,0.5,1
6,7,177,2,10,5,0,300,0.5,1700,0.5,1
6,8,231,0,0,300,0.5,572,0.32,486,0.18,1
6,9,426,2,10,5,0,300,0.5,1700,0.5,1
6,10,353,1,0,300,0.5,572,0.32,486,0.18,1
6,11,889,1,0,500,0.6,1000,0.2,1400,0.2,1
7,0,91,2,10,5,0,500,0.6,1000,0.2,1400,0.2,1
7,1,904,2,10,5,0,666,0.42,420,0.58,1
7,2,990,1,0,500,0.6,1000,0.2,1400,0.2,1
7,3,278,2,10,5,0,300,0.5,1700,0.5,1
7,4,823,2,10,5,0,500,0.6,1000,0.2,1400,0.2,1
7,5,634,0,0,666,0.42,420,0.58,1
7,6,376,0,0,500,0.6,1000,0.2,1400,0.2,1
7,7,728,1,0,300,0.5,1700,0.5,1
7,8,876,0,0,666,0.42,420,0.58,1
7,9,929,2,10,5,0,300,0.5,1700,0.5,1
7,10,790,2,10,5,0,500,0.6,1000,0.2,1400,0.2,1
7,11,685,2,10,5,0,666,0.42,420,0.58,1
8,0,146,1,0,666,0.42,420,0.58,1
8,1,841,2,10,5,0,300,0.5,1700,0.5,1
8,2,997,1,0,300,0.5,572,0.32,486,0.18,1
8,3,350,2,10,5,0,666,0.42,420,0.58,1
8,4,630,2,10,5,0,300,0.5,572,0.32,486,0.18,1
8,5,915,2,10,5,0,300,0.5,1700,0.5,1
8,6,951,2,10,5,0,500,0.6,1000,0.2,1400,0.2,1
8,7,972,0,0,500,0.6,1000,0.2,1400,0.2,1
8,8,603,2,10,5,0,300,0.5,572,0.32,486,0.18,1
8,9,505,0,0,300,0.5,1700,0.5,1
8,10,271,2,10,5,0,300,0.5,572,0.32,486,0.18,1
8,11,850,2,10,5,0,300,0.5,1700,0.5,1
9,0,565,0,0,500,0.6,1000,0.2,1400,0.2,1
9,1,87,0,0,500,0.6,1000,0.2,1400,0.2,1
9,2,909,0,0,300,0.5,1700,0.5,1
9,3,447,2,10,5,0,500,0.6,1000,0.2,1400,0.2,1
9,4,572,0,0,300,0.5,1700,0.5,1
9,5,116,0,0,500,0.6,1000,0.2,1400,0.2,1
9,6,665,0,0,666,0.42,420,0.58,1
9,7,14,1,0,300,0.5,572,0.32,486,0.18,1
9,8,996,0,0,666,0.42,420,0.58,1
9,9,308,1,0,300,0.5,572,0.32,486,0.18,1
9,10,685,0,0,666,0.42,420,0.58,1
9,11,845,1,0,300,0.5,1700,0.5,1
10,0,924,1,0,300,0.5,572,0.32,486,0.18,1
10,1,960,1,0,300,0.5,572,0.32,486,0.18,1
10,2,604,0,0,666,0.42,420,0.58,1
10,3,340,2,10,5,0,500,0.6,1000,0.2,1400,0.2,1
10,4,321,0,0,500,0.6,1000,0.2,1400,0.2,1
10,5,483,2,10,5,0,300,0.5,572,0.32,486,0.18,1
10,6,860,2,10,5,0,300,0.5,1700,0.5,1
10,7,574,2,10,5,0,300,0.5,1700,0.5,1
10,8,298,0,0,300,0.5,1700,0.5,1
10,9,857,2,10,5,0,666,0.42,420,0.58,1
10,10,917,1,0,300,0.5,1700,0.5,1
10,11,458,0,0,666,0.42,420,0.58,1
11,0,243,1,0,500,0.6,1000,0.2,1400,0.2,1
11,1,37,1,0,300,0.5,1700,0.5,1
11,2,203,0,0,666,0.42,420,0.58,1
11,3,40,1,0,300,0.5,1700,0.5,1
11,4,367,2,10,5,0,666,0.42,420,0.58,1
11,5,934,1,0,500,0.6,1000,0.2,1400,0.2,1
11,6,756,0,0,300,0.5,572,0.32,486,0.18,1
11,7,553,2,10,5,0,500,0.6,1000,0.2,1400,0.2,1
11,8,471,0,0,666,0.42,420,0.58,1
11,9,311,1,0,500,0.6,1000,0.2,1400,0.2,1
11,10,403,1,0,300,0.5,1700,0.5,1
11,11,361,0,0,666,0.42,420,0.58,1
