0,0,177,2,10,5,0,300,0.5,1700,0.5,1
0,1,867,1,0,666,0.42,420,0.58,1
0,2,30,0,0,300,0.5,1700,0.5,1
0,3,918,2,10,5,0,666,0.42,420,0.58,1
0,4,312,2,10,5,0,500,0.6,1000,0.2,1400,0.2,1
0,5,435,0,0,300,0.5,1700,0.5,1
0,6,703,0,0,300,0.5,1700,0.5,1
0,7,532,1,0,666,0.42,420,0.58,1
0,8,558,0,0,500,0.6,1000,0.2,1400,0.2,1
0,9,563,1,0,300,0.5,572,0.32,486,0.18,1
0,10,700,2,10,5,0,666,0.42,420,0.58,1
0,11,326,0,0,300,0.5,572,0.32,486,0.18,1
1,0,942,1,0,666,0.42,420,0.58,0
1,1,1000,1,0,300,0.5,572,0.32,486,0.18,0
1,2,504,1,0,300,0.5,1700,0.5,0
1,3,948,2,10,5,0,666,0.42,420,0.58,0
1,4,69,2,10,5,0,300,0.5,1700,0.5,0
1,5,464,1,0,300,0.5,1700,0.5,0
1,6,487,2,10,5,0,500,0.6,1000,0.2,1400,0.2,0
1,7,753,0,0,500,0.6,1000,0.2,1400,0.2,0
1,8,421,1,0,666,0.42,420,0.58,0
1,9,57,2,10,5,0,300,0.5,1700,0.5,0
1,10,386,1,0,300,0.5,1700,0.5,0
1,11,267,2,10,5,0,300,0.5,572,0.32,486,0.18,0
2,0,301,0,0,300,0.5,1700,0.5,1
2,1,606,1,0,666,0.42,420,0.58,1
2,2,486,2,10,5,0,666,0.42,420,0.58,1
2,3,28,2,10,5,0,300,0.5,572,0.32,486,0.18,1
2,4,96,1,0,300,0.5,572,0.32,486,0.18,1
2,5,219,2,10,5,0,666,0.42,420,0.58,1
2,6,206,0,0,666,0.42,420,0.58,1
2,7,482,2,10,5,0,500,0.6,1000,0.2,1400,0.2,1
2,8,83,0,0,500,0.6,1000,0.2,1400,0.2,1
2,9,420,2,10,5,0,666,0.42,420,0.58,1
2,10,484,1,0,300,0.5,1700,0.5,1
2,11,793,2,10,5,0,300,0.5,572,0.32,486,0.18,1
3,0,269,1,0,500,0.6,1000,0.2,1400,0.2,1
3,1,447,2,10,5,0,300,0.5,1700,0.5,1
3,2,981,2,10,5,0,300,0.5,1700,0.5,1
3,3,908,0,0,500,0.6,1000,0.2,1400,0.2,1
3,4,848,0,0,666,0.42,420,0.58,1
3,5,591,1,0,666,0.42,420,0.58,1
3,6,143,2,10,5,0,500,0.6,1000,0.2,1400,0.2,1
3,7,858,2,10,5,0,500,0.6,1000,0.2,1400,0.2,1
3,8,837,1,0,666,0.42,420,0.58,1
3,9,403,0,0,666,0.42,420,0.58,1
3,10,436,1,0,500,0.6,1000,0.2,1400,0.2,1
3,11,426,0,0,666,0.42,420,0.58,1
4,0,396,1,0,500,0.6,1000,0.2,1400,0.2,1
4,1,341,1,0,300,0.5,572,0.32,486,0.18,1
4,2,710,1,0,666,0.42,420,0.58,1
4,3,477,1,0,500,0.6,1000,0.2,1400,0.2,1
4,4,537,2,10,5,0,300,0.5,572,0.32,486,0.18,1
4,5,738,0,0,500,0.6,1000,0.2,1400,0.2,1
4,6,536,1,0,500,0.6,1000,0.2,1400,0.2,1
4,7,23,2,10,5,0,300,0.5,572,0.32,486,0.18,1
4,8,966,1,0,300,0.5,1700,0.5,1
4,9,611,1,0,300,0.5,1700,0.5,1
4,10,714,2,10,5,0,300,0.5,572,0.32,486,0.18,1
4,11,229,0,0,300,0.5,572,0.32,486,0.18,1
5,0,801,2,10,5,0,666,0.42,420,0.58,1
5,1,667,0,0,300,0.5,572,0.32,486,0.18,1
5,2,381,1,0,300,0.5,1700,0.5,1
5,3,245,0,0,666,0.42,420,0.58,1
5,4,196,0,0,300,0.5,572,0.32,486,0.18,1
5,5,992,2,10,5,0,300,0.5,1700,0.5,1
5,6,819,1,0,300,0.5,1700,0.5,1
5,7,819,0,0,500,0.6,1000,0.2,1400,0.2,1
5,8,992,0,0,300,0.5,572,0.32,486,0.18,1
5,9,797,0,0,300,0.5,572,0.32,486,0.18,1
5,10,401,1,0,300,0.5,1700,0.5,1
5,11,821,2,10,5,0,500,0.6,1000,0.2,1400,0.2,1
6,0,111,0,0,500,0.6,1000,0.2,1400,0.2,1
6,1,828,2,10,5,0,300,0.5,1700,0.5,1
6,2,848,0,0,300,0.5,572,0.32,486,0.18,1
6,3,220,0,0,300,0.5,1700,0.5,1
6,4,110,2,10,5,0,666,0.42,420,0.58,1
6,5,489,0,0,300,0.5,572,0.32,486,0.18,1
6,6,124,2,10,5,0,300,0.5,1700,0.5,1
6,7,953,1,0,500,0.6,1000,0.2,1400,0.2,1
6,8,156,2,10,5,0,666,0.42,420,0.58,1
6,9,533,0,0,300,0.5,572,0.32,486,0.18,1
6,10,768,0,0,500,0.6,1000,0.2,1400,0.2,1
6,11,494,0,0,300,0.5,572,0.32,486,0.18,1
7,0,565,2,10,5,0,500,0.6,1000,0.2,1400,0.2,1
7,1,495,2,10,5,0,500,0.6,1000,0.2,1400,0.2,1
7,2,657,2,10,5,0,500,0.6,1000,0.2,1400,0.2,1
7,3,643,1,0,300,0.5,572,0.32,486,0.18,1
7,4,753,1,0,300,0.5,572,0.32,486,0.18,1
7,5,609,0,0,300,0.5,572,0.32,486,0.18,1
7,6,199,2,10,5,0,500,0.6,1000,0.2,1400,0.2,1
7,7,312,2,10,5,0,500,0.6,1000,0.2,1400,0.2,1
7,8,76,2,10,5,0,666,0.42,420,0.58,1
7,9,239,2,10,5,0,300,0.5,1700,0.5,1
7,10,646,0,0,666,0.42,420,0.58,1
7,11,911,1,0,500,0.6,1000,0.2,1400,0.2,1
8,0,780,1,0,300,0.5,1700,0.5,1
8,1,80,2,10,5,0,300,0.5,572,0.32,486,0.18,1
8,2,106,0,0,666,0.42,420,0.58,1
8,3,307,1,0,300,0.5,1700,0.5,1
8,4,521,0,0,666,0.42,420,0.58,1
8,5,403,2,10,5,0,666,0.42,420,0.58,1
8,6,523,0,0,500,0.6,1000,0.2,1400,0.2,1
8,7,587,2,10,5,0,300,0.5,1700,0.5,1
8,8,950,2,10,5,0,300,0.5,572,0.32,486,0.18,1
8,9,858,1,0,300,0.5,572,0.32,486,0.18,1
8,10,698,0,0,666,0.42,420,0.58,1
8,11,898,1,0,300,0.5,572,0.32,486,0.18,1
9,0,893,2,10,5,0,666,0.42,420,0.58,1
9,1,274,2,10,5,0,300,0.5,1700,0.5,1
9,2,586,2,10,5,0,300,0.5,572,0.32,486,0.18,1
9,3,753,1,0,500,0.6,1000,0.2,1400,0.2,1
9,4,901,0,0,300,0.5,572,0.32,486,0.18,1
9,5,677,1,0,300,0.5,572,0.32,486,0.18,1
9,6,954,1,0,500,0.6,1000,0.2,1400,0.2,1
9,7,392,1,0,500,0.6,1000,0.2,1400,0.2,1
9,8,48,0,0,500,0.6,1000,0.2,1400,0.2,1
9,9,724,0,0,666,0.42,420,0.58,1
9,10,78,1,0,500,0.6,1000,0.2,1400,0.2,1
9,11,849,0,0,666,0.42,420,0.58,1
10,0,935,2,10,5,0,300,0.5,572,0.32,486,0.18,1
10,1,868,0,0,666,0.42,420,0.58,1
10,2,869,2,10,5,0,666,0.42,420,0.58,1
10,3,547,1,0,500,0.6,1000,0.2,1400,0.2,1
10,4,73,0,0,300,0.5,1700,0.5,1
10,5,481,2,10,5,0,500,0.6,1000,0.2,1400,0.2,1
10,6,739,2,10,5,0,300,0.5,1700,0.5,1
10,7,996,1,0,300,0.5,1700,0.5,1
10,8,642,0,0,300,0.5,1700,0.5,1
10,9,909,1,0,500,0.6,1000,0.2,1400,0.2,1
10,10,472,0,0,300,0.5,1700,0.5,1
10,11,869,2,10,5,0,666,0.42,420,0.58,1
11,0,89,1,0,300,0.5,1700,0.5,1
11,1,945,2,10,5,0,666,0.42,420,0.58,1
11,2,49,2,10,5,0,300,0.5,572,0.32,486,0.18,1
11,3,123,1,0,300,0.5,1700,0.5,1
11,4,97,2,10,5,0,300,0.5,572,0.32,486,0.18,1
11,5,355,2,10,5,0,300,0.5,572,0.32,486,0.18,1
11,6,725,2,10,5,0,300,0.5,572,0.32,486,0.18,1
11,7,736,1,0,500,0.6,1000,0.2,1400,0.2,1
11,8,571,1,0,500,0.6,1000,0.2,1400,0.2,1
11,9,728,0,0,300,0.5,572,0.32,486,0.18,1
11,10,796,2,10,5,0,300,0.5,1700,0.5,1
11,11,336,1,0,300,0.5,1700,0.5,1
