0,0,260,0,0,300,0.5,1700,0.5,1
0,1,262,0,0,666,0.42,420,0.58,1
0,2,29,0,0,300,0.5,572,0.32,486,0.18,1
0,3,409,0,0,500,0.6,1000,0.2,1400,0.2,1
0,4,972,2,10,5,0,300,0.5,572,0.32,486,0.18,1
0,5,523,2,10,5,0,500,0.6,1000,0.2,1400,0.2,1
0,6,596,2,10,5,0,500,0.6,1000,0.2,1400,0.2,1
0,7,280,0,0,500,0.6,1000,0.2,1400,0.2,1
0,8,754,1,0,500,0.6,1000,0.2,1400,0.2,1
0,9,538,2,10,5,0,500,0.6,1000,0.2,1400,0.2,1
0,10,562,2,10,5,0,300,0.5,572,0.32,486,0.18,1
0,11,695,1,0,500,0.6,1000,0.2,1400,0.2,1
1,0,197,1,0,500,0.6,1000,0.2,1400,0.2,0
1,1,124,1,0,500,0.6,1000,0.2,1400,0.2,0
1,2,582,0,0,300,0.5,572,0.32,486,0.18,0
1,3,57,2,10,5,0,500,0.6,1000,0.2,1400,0.2,0
1,4,168,0,0,300,0.5,572,0.32,486,0.18,0
1,5,502,1,0,300,0.5,572,0.32,486,0.18,0
1,6,60,1,0,666,0.42,420,0.58,0
1,7,748,1,0,666,0.42,420,0.58,0
1,8,381,0,0,300,0.5,572,0.32,486,0.18,0
1,9,706,2,10,5,0,500,0.6,1000,0.2,1400,0.2,0
1,10,780,0,0,300,0.5,1700,0.5,0
1,11,308,0,0,300,0.5,572,0.32,486,0.18,0
2,0,765,0,0,666,0.42,420,0.58,1
2,1,321,2,10,5,0,666,0.42,420,0.58,1
2,2,856,0,0,666,0.42,420,0.58,1
2,3,194,0,0,300,0.5,572,0.32,486,0.18,1
2,4,51,1,0,666,0.42,420,0.58,1
2,5,116,0,0,300,0.5,1700,0.5,1
2,6,733,1,0,666,0.42,420,0.58,1
2,7,912,2,10,5,0,300,0.5,572,0.32,486,0.18,1
2,8,53,2,10,5,0,666,0.42,420,0.58,1
2,9,319,0,0,500,0.6,1000,0.2,1400,0.2,1
2,10,15,0,0,300,0.5,1700,0.5,1
2,11,347,0,0,300,0.5,572,0.32,486,0.18,1
3,0,672,0,0,666,0.42,420,0.58,1
3,1,235,0,0,666,0.42,420,0.58,1
3,2,967,1,0,500,0.6,1000,0.2,1400,0.2,1
3,3,854,1,0,666,0.42,420,0.58,1
3,4,786,1,0,666,0.42,420,0.58,1
3,5,821,1,0,666,0.42,420,0.58,1
3,6,258,2,10,5,0,666,0.42,420,0.58,1
3,7,115,2,10,5,0,300,0.5,1700,0.5,1
3,8,474,0,0,666,0.42,420,0.58,1
3,9,309,2,10,5,0,500,0.6,1000,0.2,1400,0.2,1
3,10,265,2,10,5,0,666,0.42,420,0.58,1
3,11,580,1,0,300,0.5,1700,0.5,1
4,0,120,1,0,666,0.42,420,0.58,1
4,1,227,0,0,666,0.42,420,0.58,1
4,2,265,0,0,666,0.42,420,0.58,1
4,3,161,1,0,300,0.5,1700,0.5,1
4,4,752,1,0,500,0.6,1000,0.2,1400,0.2,1
4,5,534,0,0,300,0.5,572,0.32,486,0.18,1
4,6,70,0,0,300,0.5,572,0.32,486,0.18,1
4,7,474,1,0,300,0.5,1700,0.5,1
4,8,259,0,0,500,0.6,1000,0.2,1400,0.2,1
4,9,295,1,0,300,0.5,1700,0.5,1
4,10,492,0,0,666,0.42,420,0.58,1
4,11,610,0,0,300,0.5,1700,0.5,1
5,0,716,1,0,300,0.5,1700,0.5,1
5,1,999,0,0,300,0.5,1700,0.5,1
5,2,857,0,0,300,0.5,572,0.32,486,0.18,1
5,3,509,0,0,300,0.5,572,0.32,486,0.18,1
5,4,660,2,10,5,0,500,0.6,1000,0.2,1400,0.2,1
5,5,170,1,0,666,0.42,420,0.58,1
5,6,657,0,0,300,0.5,572,0.32,486,0.18,1
5,7,521,0,0,500,0.6,1000,0.2,1400,0.2,1
5,8,568,1,0,500,0.6,1000,0.2,1400,0.2,1
5,9,978,2,10,5,0,666,0.42,420,0.58,1
5,10,46,0,0,500,0.6,1000,0.2,1400,0.2,1
5,11,527,1,0,500,0.6,1000,0.2,1400,0.2,1
6,0,690,1,0,300,0.5,1700,0.5,1
6,1,437,0,0,300,0.5,572,0.32,486,0.18,1
6,2,135,0,0,666,0.42,420,0.58,1
6,3,342,1,0,300,0.5,572,0.32,486,0.18,1
6,4,372,0,0,300,0.5,1700,0.5,1
6,5,840,1,0,666,0.42,420,0.58,1
6,6,65,2,10,5,0,666,0.42,420,0.58,1
6,7,871,1,0,500,0.6,1000,0.2,1400,0.2,1
6,8,700,1,0,300,0.5,572,0.32,486,0.18,1
6,9,799,1,0,500,0.6,1000,0.2,1400,0.2,1
6,10,579,0,0,300,0.5,1700,0.5,1
6,11,693,1,0,300,0.5,1700,0.5,1
7,0,62,0,0,666,0.42,420,0.58,1
7,1,191,2,10,5,0,666,0.42,420,0.58,1
7,2,37,1,0,300,0.5,1700,0.5,1
7,3,130,1,0,500,0.6,1000,0.2,1400,0.2,1
7,4,192,0,0,500,0.6,1000,0.2,1400,0.2,1
7,5,486,2,10,5,0,300,0.5,572,0.32,486,0.18,1
7,6,350,1,0,500,0.6,1000,0.2,1400,0.2,1
7,7,494,2,10,5,0,300,0.5,572,0.32,486,0.18,1
7,8,175,1,0,500,0.6,1000,0.2,1400,0.2,1
7,9,84,1,0,500,0.6,1000,0.2,1400,0.2,1
7,10,916,0,0,666,0.42,420,0.58,1
7,11,91,0,0,300,0.5,1700,0.5,1
8,0,85,0,0,666,0.42,420,0.58,1
8,1,561,2,10,5,0,300,0.5,1700,0.5,1
8,2,787,1,0,300,0.5,1700,0.5,1
8,3,537,0,0,300,0.5,572,0.32,486,0.18,1
8,4,254,2,10,5,0,500,0.6,1000,0.2,1400,0.2,1
8,5,429,1,0,666,0.42,420,0.58,1
8,6,217,0,0,300,0.5,1700,0.5,1
8,7,727,1,0,666,0.42,420,0.58,1
8,8,162,2,10,5,0,666,0.42,420,0.58,1
8,9,607,2,10,5,0,500,0.6,1000,0.2,1400,0.2,1
8,10,374,1,0,300,0.5,1700,0.5,1
8,11,530,0,0,666,0.42,420,0.58,1
9,0,843,0,0,300,0.5,572,0.32,486,0.18,1
9,1,882,2,10,5,0,666,0.42,420,0.58,1
9,2,194,2,10,5,0,300,0.5,572,0.32,486,0.18,1
9,3,535,1,0,500,0.6,1000,0.2,1400,0.2,1
9,4,692,1,0,500,0.6,1000,0.2,1400,0.2,1
9,5,880,0,0,666,0.42,420,0.58,1
9,6,664,1,0,500,0.6,1000,0.2,1400,0.2,1
9,7,506,1,0,666,0.42,420,0.58,1
9,8,670,1,0,666,0.42,420,0.58,1
9,9,124,0,0,500,0.6,1000,0.2,1400,0.2,1
9,10,301,1,0,500,0.6,1000,0.2,1400,0.2,1
9,11,425,2,10,5,0,300,0.5,1700,0.5,1
10,0,740,0,0,300,0.5,1700,0.5,1
10,1,523,2,10,5,0,300,0.5,572,0.32,486,0.18,1
10,2,611,0,0,300,0.5,572,0.32,486,0.18,1
10,3,635,1,0,500,0.6,1000,0.2,1400,0.2,1
10,4,99,1,0,300,0.5,572,0.32,486,0.18,1
10,5,391,1,0,500,0.6,1000,0.2,1400,0.2,1
10,6,609,2,10,5,0,300,0.5,1700,0.5,1
10,7,561,2,10,5,0,500,0.6,1000,0.2,1400,0.2,1
10,8,327,1,0,666,0.42,420,0.58,1
10,9,493,2,10,5,0,300,0.5,572,0.32,486,0.18,1
10,10,128,0,0,666,0.42,420,0.58,1
10,11,25,0,0,300,0.5,1700,0.5,1
11,0,836,1,0,300,0.5,1700,0.5,1
11,1,403,1,0,666,0.42,420,0.58,1
11,2,446,0,0,300,0.5,572,0.32,486,0.18,1
11,3,263,2,10,5,0,666,0.42,420,0.58,1
11,4,88,1,0,666,0.42,420,0.58,1
11,5,133,1,0,666,0.42,420,0.58,1
11,6,767,0,0,500,0.6,1000,0.2,1400,0.2,1
11,7,331,0,0,300,0.5,1700,0.5,1
11,8,532,0,0,300,0.5,572,0.32,486,0.18,1
11,9,698,0,0,300,0.5,1700,0.5,1
11,10,444,1,0,500,0.6,1000,0.2,1400,0.2,1
11,11,493,2,10,5,0,300,0.5,572,0.32,486,0.18,1
