0,0,499,0,0,300,0.5,572,0.32,486,0.18,1
0,1,843,2,10,5,0,500,0.6,1000,0.2,1400,0.2,1
0,2,457,1,0,300,0.5,572,0.32,486,0.18,1
0,3,709,0,0,300,0.5,572,0.32,486,0.18,1
0,4,122,1,0,300,0.5,572,0.32,486,0.18,1
0,5,81,2,10,5,0,666,0.42,420,0.58,1
0,6,614,1,0,500,0.6,1000,0.2,1400,0.2,1
0,7,892,1,0,500,0.6,1000,0.2,1400,0.2,1
0,8,669,0,0,500,0.6,1000,0.2,1400,0.2,1
0,9,125,1,0,300,0.5,572,0.32,486,0.18,1
0,10,276,2,10,5,0,500,0.6,1000,0.2,1400,0.2,1
0,11,869,2,10,5,0,500,0.6,1000,0.2,1400,0.2,1
1,0,748,1,0,300,0.5,1700,0.5,0
1,1,649,1,0,666,0.42,420,0.58,0
1,2,959,0,0,666,0.42,420,0.58,0
1,3,457,0,0,500,0.6,1000,0.2,1400,0.2,0
1,4,595,2,10,5,0,500,0.6,1000,0.2,1400,0.2,0
1,5,124,0,0,300,0.5,1700,0.5,0
1,6,38,0,0,300,0.5,1700,0.5,0
1,7,550,0,0,500,0.6,1000,0.2,1400,0.2,0
1,8,24,2,10,5,0,666,0.42,420,0.58,0
1,9,804,2,10,5,0,300,0.5,572,0.32,486,0.18,0
1,10,873,0,0,666,0.42,420,0.58,0
1,11,270,1,0,666,0.42,420,0.58,0
2,0,17,0,0,300,0.5,572,0.32,486,0.18,1
2,1,213,1,0,666,0.42,420,0.58,1
2,2,952,0,0,666,0.42,420,0.58,1
2,3,461,2,10,5,0,300,0.5,1700,0.5,1
2,4,586,2,10,5,0,300,0.5,572,0.32,486,0.18,1
2,5,779,1,0,300,0.5,1700,0.5,1
2,6,84,0,0,500,0.6,1000,0.2,1400,0.2,1
2,7,592,2,10,5,0,300,0.5,1700,0.5,1
2,8,144,2,10,5,0,300,0.5,1700,0.5,1
2,9,594,0,0,300,0.5,1700,0.5,1
2,10,851,1,0,500,0.6,1000,0.2,1400,0.2,1
2,11,484,2,10,5,0,300,0.5,572,0.32,486,0.18,1
3,0,214,2,10,5,0,666,0.42,420,0.58,1
3,1,674,1,0,300,0.5,1700,0.5,1
3,2,30,0,0,666,0.42,420,0.58,1
3,3,920,2,10,5,0,300,0.5,1700,0.5,1
3,4,960,0,0,666,0.42,420,0.58,1
3,5,210,0,0,500,0.6,1000,0.2,1400,0.2,1
3,6,65,2,10,5,0,666,0.42,420,0.58,1
3,7,285,2,10,5,0,500,0.6,1000,0.2,1400,0.2,1
3,8,650,0,0,300,0.5,572,0.32,486,0.18,1
3,9,334,2,10,5,0,300,0.5,1700,0.5,1
3,10,870,1,0,500,0.6,1000,0.2,1400,0.2,1
3,11,428,0,0,300,0.5,572,0.32,486,0.18,1
4,0,940,1,0,300,0.5,572,0.32,486,0.18,1
4,1,380,0,0,666,0.42,420,0.58,1
4,2,555,2,10,5,0,666,0.42,420,0.58,1
4,3,494,1,0,666,0.42,420,0.58,1
4,4,274,2,10,5,0,500,0.6,1000,0.2,1400,0.2,1
4,5,694,0,0,300,0.5,572,0.32,486,0.18,1
4,6,572,2,10,5,0,666,0.42,420,0.58,1
4,7,415,0,0,300,0.5,1700,0.5,1
4,8,443,2,10,5,0,500,0.6,1000,0.2,1400,0.2,1
4,9,472,1,0,666,0.42,420,0.58,1
4,10,528,1,0,300,0.5,572,0.32,486,0.18,1
4,11,243,1,0,300,0.5,572,0.32,486,0.18,1
5,0,232,2,10,5,0,500,0.6,1000,0.2,1400,0.2,1
5,1,517,0,0,666,0.42,420,0.58,1
5,2,826,2,10,5,0,666,0.42,420,0.58,1
5,3,919,2,10,5,0,300,0.5,572,0.32,486,0.18,1
5,4,450,0,0,300,0.5,572,0.32,486,0.18,1
5,5,85,0,0,300,0.5,1700,0.5,1
5,6,87,1,0,300,0.5,572,0.32,486,0.18,1
5,7,504,1,0,666,0.42,420,0.58,1
5,8,105,1,0,300,0.5,1700,0.5,1
5,9,698,2,10,5,0,300,0.5,1700,0.5,1
5,10,597,1,0,666,0.42,420,0.58,1
5,11,980,1,0,666,0.42,420,0.58,1
6,0,743,1,0,300,0.5,572,0.32,486,0.18,1
6,1,186,1,0,300,0.5,572,0.32,486,0.18,1
6,2,853,1,0,500,0.6,1000,0.2,1400,0.2,1
6,3,180,2,10,5,0,500,0.6,1000,0.2,1400,0.2,1
6,4,285,1,0,300,0.5,1700,0.5,1
6,5,389,2,10,5,0,300,0.5,572,0.32,486,0.18,1
6,6,654,2,10,5,0,500,0.6,1000,0.2,1400,0.2,1
6,7,906,2,10,5,0,500,0.6,1000,0.2,1400,0.2,1
6,8,94,0,0,500,0.6,1000,0.2,1400,0.2,1
6,9,870,2,10,5,0,666,0.42,420,0.58,1
6,10,321,0,0,300,0.5,1700,0.5,1
6,11,822,0,0,300,0.5,1700,0.5,1
7,0,337,2,10,5,0,500,0.6,1000,0.2,1400,0.2,1
7,1,781,0,0,500,0.6,1000,0.2,1400,0.2,1
7,2,955,2,10,5,0,300,0.5,1700,0.5,1
7,3,153,0,0,300,0.5,1700,0.5,1
7,4,592,0,0,300,0.5,572,0.32,486,0.18,1
7,5,743,0,0,300,0.5,572,0.32,486,0.18,1
7,6,716,1,0,300,0.5,572,0.32,486,0.18,1
7,7,194,1,0,300,0.5,1700,0.5,1
7,8,816,2,10,5,0,300,0.5,572,0.32,486,0.18,1
7,9,818,0,0,300,0.5,1700,0.5,1
7,10,331,0,0,500,0.6,1000,0.2,1400,0.2,1
7,11,63,1,0,500,0.6,1000,0.2,1400,0.2,1
8,0,369,1,0,666,0.42,420,0.58,1
8,1,102,2,10,5,0,500,0.6,1000,0.2,1400,0.2,1
8,2,245,2,10,5,0,300,0.5,1700,0.5,1
8,3,532,0,0,300,0.5,572,0.32,486,0.18,1
8,4,331,1,0,666,0.42,420,0.58,1
8,5,815,0,0,300,0.5,1700,0.5,1
8,6,66,2,10,5,0,666,0.42,420,0.58,1
8,7,699,1,0,666,0.42,420,0.58,1
8,8,656,1,0,300,0.5,572,0.32,486,0.18,1
8,9,34,1,0,500,0.6,1000,0.2,1400,0.2,1
8,10,343,0,0,300,0.5,572,0.32,486,0.18,1
8,11,99,1,0,300,0.5,1700,0.5,1
9,0,699,2,10,5,0,300,0.5,572,0.32,486,0.18,1
9,1,493,1,0,300,0.5,572,0.32,486,0.18,1
9,2,27,2,10,5,0,300,0.5,572,0.32,486,0.18,1
9,3,789,0,0,300,0.5,572,0.32,486,0.18,1
9,4,25,1,0,666,0.42,420,0.58,1
9,5,94,1,0,500,0.6,1000,0.2,1400,0.2,1
9,6,47,0,0,300,0.5,1700,0.5,1
9,7,848,0,0,300,0.5,1700,0.5,1
9,8,396,0,0,300,0.5,572,0.32,486,0.18,1
9,9,491,0,0,300,0.5,572,0.32,486,0.18,1
9,10,610,0,0,666,0.42,420,0.58,1
9,11,543,0,0,300,0.5,1700,0.5,1
10,0,984,0,0,300,0.5,1700,0.5,1
10,1,112,0,0,300,0.5,572,0.32,486,0.18,1
10,2,990,1,0,666,0.42,420,0.58,1
10,3,356,1,0,500,0.6,1000,0.2,1400,0.2,1
10,4,48,2,10,5,0,300,0.5,1700,0.5,1
10,5,836,0,0,300,0.5,572,0.32,486,0.18,1
10,6,358,1,0,500,0.6,1000,0.2,1400,0.2,1
10,7,47,1,0,300,0.5,572,0.32,486,0.18,1
10,8,860,0,0,500,0.6,1000,0.2,1400,0.2,1
10,9,523,0,0,666,0.42,420,0.58,1
10,10,196,0,0,500,0.6,1000,0.2,1400,0.2,1
10,11,960,0,0,500,0.6,1000,0.2,1400,0.2,1
11,0,903,2,10,5,0,300,0.5,1700,0.5,1
11,1,751,2,10,5,0,300,0.5,572,0.32,486,0.18,1
11,2,822,2,10,5,0,666,0.42,420,0.58,1
11,3,196,1,0,500,0.6,1000,0.2,1400,0.2,1
11,4,441,0,0,666,0.42,420,0.58,1
11,5,234,1,0,500,0.6,1000,0.2,1400,0.2,1
11,6,970,0,0,500,0.6,1000,0.2,1400,0.2,1
11,7,770,1,0,666,0.42,420,0.58,1
11,8,549,0,0,300,0.5,572,0.32,486,0.18,1
11,9,532,0,0,300,0.5,572,0.32,486,0.18,1
11,10,488,0,0,300,0.5,572,0.32,486,0.18,1
11,11,838,2,10,5,0,666,0.42,420,0.58,1
