0,0,425,2,10,5,0,300,0.5,572,0.32,486,0.18,1
0,1,84,1,0,666,0.42,420,0.58,1
0,2,456,2,10,5,0,500,0.6,1000,0.2,1400,0.2,1
0,3,533,2,10,5,0,666,0.42,420,0.58,1
0,4,689,2,10,5,0,500,0.6,1000,0.2,1400,0.2,1
0,5,489,1,0,500,0.6,1000,0.2,1400,0.2,1
0,6,196,1,0,300,0.5,1700,0.5,1
0,7,189,2,10,5,0,300,0.5,572,0.32,486,0.18,1
0,8,373,2,10,5,0,300,0.5,1700,0.5,1
0,9,229,0,0,666,0.42,420,0.58,1
0,10,609,1,0,500,0.6,1000,0.2,1400,0.2,1
0,11,388,1,0,300,0.5,1700,0.5,1
1,0,519,2,10,5,0,500,0.6,1000,0.2,1400,0.2,0
1,1,422,0,0,300,0.5,572,0.32,486,0.18,0
1,2,221,0,0,500,0.6,1000,0.2,1400,0.2,0
1,3,233,2,10,5,0,300,0.5,1700,0.5,0
1,4,759,0,0,500,0.6,1000,0.2,1400,0.2,0
1,5,775,0,0,300,0.5,1700,0.5,0
1,6,713,2,10,5,0,300,0.5,1700,0.5,0
1,7,899,1,0,300,0.5,1700,0.5,0
1,8,815,2,10,5,0,666,0.42,420,0.58,0
1,9,920,2,10,5,0,666,0.42,420,0.58,0
1,10,97,1,0,500,0.6,1000,0.2,1400,0.2,0
1,11,715,2,10,5,0,300,0.5,1700,0.5,0
2,0,657,2,10,5,0,300,0.5,1700,0.5,1
2,1,308,1,0,666,0.42,420,0.58,1
2,2,987,0,0,300,0.5,572,0.32,486,0.18,1
2,3,508,1,0,500,0.6,1000,0.2,1400,0.2,1
2,4,276,2,10,5,0,300,0.5,1700,0.5,1
2,5,234,2,10,5,0,500,0.6,1000,0.2,1400,0.2,1
2,6,349,1,0,500,0.6,1000,0.2,1400,0.2,1
2,7,619,0,0,666,0.42,420,0.58,1
2,8,737,0,0,300,0.5,1700,0.5,1
2,9,886,1,0,666,0.42,420,0.58,1
2,10,440,2,10,5,0,300,0.5,1700,0.5,1
2,11,601,2,10,5,0,300,0.5,572,0.32,486,0.18,1
3,0,434,2,10,5,0,300,0.5,572,0.32,486,0.18,1
3,1,468,0,0,666,0.42,420,0.58,1
3,2,970,1,0,300,0.5,1700,0.5,1
3,3,619,0,0,300,0.5,1700,0.5,1
3,4,539,2,10,5,0,300,0.5,1700,0.5,1
3,5,129,2,10,5,0,666,0.42,420,0.58,1
3,6,271,1,0,300,0.5,572,0.32,486,0.18,1
3,7,119,0,0,666,0.42,420,0.58,1
3,8,578,0,0,666,0.42,420,0.58,1
3,9,960,2,10,5,0,666,0.42,420,0.58,1
3,10,51,1,0,666,0.42,420,0.58,1
3,11,872,0,0,666,0.42,420,0.58,1
4,0,179,0,0,666,0.42,420,0.58,1
4,1,19,2,10,5,0,300,0.5,1700,0.5,1
4,2,826,1,0,300,0.5,1700,0.5,1
4,3,504,1,0,300,0.5,1700,0.5,1
4,4,843,1,0,300,0.5,1700,0.5,1
4,5,809,2,10,5,0,500,0.6,1000,0.2,1400,0.2,1
4,6,642,0,0,300,0.5,572,0.32,486,0.18,1
4,7,271,2,10,5,0,500,0.6,1000,0.2,1400,0.2,1
4,8,958,0,0,300,0.5,572,0.32,486,0.18,1
4,9,589,0,0,300,0.5,1700,0.5,1
4,10,989,0,0,300,0.5,1700,0.5,1
4,11,981,2,10,5,0,666,0.42,420,0.58,1
5,0,807,2,10,5,0,300,0.5,572,0.32,486,0.18,1
5,1,796,1,0,666,0.42,420,0.58,1
5,2,999,1,0,300,0.5,1700,0.5,1
5,3,59,2,10,5,0,300,0.5,572,0.32,486,0.18,1
5,4,734,1,0,300,0.5,1700,0.5,1
5,5,728,1,0,300,0.5,572,0.32,486,0.18,1
5,6,856,2,10,5,0,666,0.42,420,0.58,1
5,7,497,0,0,666,0.42,420,0.58,1
5,8,686,2,10,5,0,300,0.5,1700,0.5,1
5,9,303,1,0,666,0.42,420,0.58,1
5,10,357,2,10,5,0,666,0.42,420,0.58,1
5,11,80,2,10,5,0,666,0.42,420,0.58,1
6,0,959,0,0,500,0.6,1000,0.2,1400,0.2,1
6,1,417,1,0,666,0.42,420,0.58,1
6,2,561,2,10,5,0,666,0.42,420,0.58,1
6,3,78,0,0,666,0.42,420,0.58,1
6,4,523,0,0,500,0.6,1000,0.2,1400,0.2,1
6,5,240,0,0,500,0.6,1000,0.2,1400,0.2,1
6,6,678,2,10,5,0,300,0.5,1700,0.5,1
6,7,471,0,0,300,0.5,1700,0.5,1
6,8,290,0,0,666,0.42,420,0.58,1
6,9,804,2,10,5,0,300,0.5,1700,0.5,1
6,10,785,0,0,500,0.6,1000,0.2,1400,0.2,1
6,11,921,2,10,5,0,500,0.6,1000,0.2,1400,0.2,1
7,0,639,0,0,666,0.42,420,0.58,1
7,1,504,2,10,5,0,500,0.6,1000,0.2,1400,0.2,1
7,2,564,1,0,300,0.5,572,0.32,486,0.18,1
7,3,641,0,0,300,0.5,572,0.32,486,0.18,1
7,4,422,1,0,666,0.42,420,0.58,1
7,5,206,2,10,5,0,300,0.5,572,0.32,486,0.18,1
7,6,508,0,0,300,0.5,572,0.32,486,0.18,1
7,7,549,0,0,300,0.5,572,0.32,486,0.18,1
7,8,849,2,10,5,0,666,0.42,420,0.58,1
7,9,563,2,10,5,0,500,0.6,1000,0.2,1400,0.2,1
7,10,887,2,10,5,0,300,0.5,1700,0.5,1
7,11,540,1,0,500,0.6,1000,0.2,1400,0.2,1
8,0,272,1,0,300,0.5,1700,0.5,1
8,1,486,0,0,666,0.42,420,0.58,1
8,2,33,1,0,666,0.42,420,0.58,1
8,3,721,0,0,500,0.6,1000,0.2,1400,0.2,1
8,4,152,1,0,300,0.5,572,0.32,486,0.18,1
8,5,129,2,10,5,0,666,0.42,420,0.58,1
8,6,425,2,10,5,0,666,0.42,420,0.58,1
8,7,800,1,0,300,0.5,1700,0.5,1
8,8,939,1,0,300,0.5,572,0.32,486,0.18,1
8,9,792,1,0,300,0.5,572,0.32,486,0.18,1
8,10,784,2,10,5,0,300,0.5,1700,0.5,1
8,11,217,1,0,666,0.42,420,0.58,1
9,0,71,2,10,5,0,300,0.5,1700,0.5,1
9,1,836,0,0,666,0.42,420,0.58,1
9,2,291,2,10,5,0,300,0.5,572,0.32,486,0.18,1
9,3,707,1,0,666,0.42,420,0.58,1
9,4,165,0,0,300,0.5,572,0.32,486,0.18,1
9,5,961,0,0,300,0.5,572,0.32,486,0.18,1
9,6,734,1,0,500,0.6,1000,0.2,1400,0.2,1
9,7,385,0,0,666,0.42,420,0.58,1
9,8,553,2,10,5,0,666,0.42,420,0.58,1
9,9,432,2,10,5,0,300,0.5,1700,0.5,1
9,10,362,0,0,666,0.42,420,0.58,1
9,11,134,1,0,300,0.5,572,0.32,486,0.18,1
10,0,981,2,10,5,0,500,0.6,1000,0.2,1400,0.2,1
10,1,518,2,10,5,0,300,0.5,572,0.32,486,0.18,1
10,2,721,0,0,666,0.42,420,0.58,1
10,3,129,2,10,5,0,500,0.6,1000,0.2,1400,0.2,1
10,4,444,2,10,5,0,300,0.5,572,0.32,486,0.18,1
10,5,855,2,10,5,0,500,0.6,1000,0.2,1400,0.2,1
10,6,552,0,0,300,0.5,1700,0.5,1
10,7,128,0,0,500,0.6,1000,0.2,1400,0.2,1
10,8,794,1,0,300,0.5,1700,0.5,1
10,9,451,2,10,5,0,300,0.5,1700,0.5,1
10,10,604,1,0,666,0.42,420,0.58,1
10,11,881,0,0,300,0.5,572,0.32,486,0.18,1
11,0,498,0,0,500,0.6,1000,0.2,1400,0.2,1
11,1,141,1,0,300,0.5,1700,0.5,1
11,2,638,0,0,300,0.5,572,0.32,486,0.18,1
11,3,292,0,0,300,0.5,572,0.32,486,0.18,1
11,4,727,2,10,5,0,666,0.42,420,0.58,1
11,5,299,2,10,5,0,500,0.6,1000,0.2,1400,0.2,1
11,6,624,0,0,666,0.42,420,0.58,1
11,7,758,0,0,500,0.6,1000,0.2,1400,0.2,1
11,8,191,0,0,300,0.5,572,0.32,486,0.18,1
11,9,156,0,0,500,0.6,1000,0.2,1400,0.2,1
11,10,542,0,0,666,0.42,420,0.58,1
11,11,276,1,0,500,0.6,1000,0.2,1400,0.2,1
