0,0,642,1,0,500,0.6,1000,0.2,1400,0.2,1
0,1,959,2,10,5,0,500,0.6,1000,0.2,1400,0.2,1
0,2,637,1,0,300,0.5,1700,0.5,1
0,3,622,0,0,300,0.5,1700,0.5,1
0,4,502,2,10,5,0,500,0.6,1000,0.2,1400,0.2,1
0,5,700,0,0,300,0.5,1700,0.5,1
0,6,144,2,10,5,0,666,0.42,420,0.58,1
0,7,756,0,0,300,0.5,572,0.32,486,0.18,1
0,8,213,1,0,300,0.5,1700,0.5,1
0,9,402,1,0,300,0.5,1700,0.5,1
0,10,130,0,0,500,0.6,1000,0.2,1400,0.2,1
0,11,523,0,0,666,0.42,420,0.58,1
1,0,180,1,0,300,0.5,1700,0.5,0
1,1,852,0,0,300,0.5,1700,0.5,0
1,2,589,1,0,500,0.6,1000,0.2,1400,0.2,0
1,3,647,1,0,666,0.42,420,0.58,0
1,4,138,2,10,5,0,500,0.6,1000,0.2,1400,0.2,0
1,5,800,2,10,5,0,500,0.6,1000,0.2,1400,0.2,0
1,6,772,1,0,300,0.5,1700,0.5,0
1,7,579,2,10,5,0,300,0.5,1700,0.5,0
1,8,633,1,0,500,0.6,1000,0.2,1400,0.2,0
1,9,347,2,10,5,0,300,0.5,572,0.32,486,0.18,0
1,10,291,2,10,5,0,500,0.6,1000,0.2,1400,0.2,0
1,11,497,2,10,5,0,666,0.42,420,0.58,0
2,0,707,0,0,300,0.5,1700,0.5,1
2,1,385,0,0,500,0.6,1000,0.2,1400,0.2,1
2,2,58,2,10,5,0,300,0.5,572,0.32,486,0.18,1
2,3,535,0,0,666,0.42,420,0.58,1
2,4,787,2,10,5,0,300,0.5,1700,0.5,1
2,5,638,0,0,500,0.6,1000,0.2,1400,0.2,1
2,6,328,2,10,5,0,666,0.42,420,0.58,1
2,7,437,1,0,300,0.5,1700,0.5,1
2,8,432,0,0,500,0.6,1000,0.2,1400,0.2,1
2,9,170,2,10,5,0,300,0.5,572,0.32,486,0.18,1
2,10,831,2,10,5,0,300,0.5,1700,0.5,1
2,11,518,1,0,500,0.6,1000,0.2,1400,0.2,1
3,0,586,2,10,5,0,300,0.5,572,0.32,486,0.18,1
3,1,214,1,0,300,0.5,572,0.32,486,0.18,1
3,2,218,2,10,5,0,300,0.5,1700,0.5,1
3,3,192,0,0,500,0.6,1000,0.2,1400,0.2,1
3,4,867,0,0,300,0.5,572,0.32,486,0.18,1
3,5,686,2,10,5,0,666,0.42,420,0.58,1
3,6,460,2,10,5,0,666,0.42,420,0.58,1
3,7,724,1,0,300,0.5,1700,0.5,1
3,8,788,2,10,5,0,500,0.6,1000,0.2,1400,0.2,1
3,9,768,2,10,5,0,300,0.5,1700,0.5,1
3,10,282,2,10,5,0,300,0.5,572,0.32,486,0.18,1
3,11,812,1,0,300,0.5,1700,0.5,1
4,0,869,0,0,500,0.6,1000,0.2,1400,0.2,1
4,1,268,1,0,300,0.5,1700,0.5,1
4,2,349,2,10,5,0,300,0.5,572,0.32,486,0.18,1
4,3,559,1,0,300,0.5,572,0.32,486,0.18,1
4,4,356,2,10,5,0,300,0.5,572,0.32,486,0.18,1
4,5,412,2,10,5,0,300,0.5,572,0.32,486,0.18,1
4,6,692,1,0,300,0.5,572,0.32,486,0.18,1
4,7,758,0,0,300,0.5,1700,0.5,1
4,8,277,2,10,5,0,300,0.5,572,0.32,486,0.18,1
4,9,114,2,10,5,0,300,0.5,572,0.32,486,0.18,1
4,10,390,2,10,5,0,300,0.5,1700,0.5,1
4,11,598,1,0,300,0.5,572,0.32,486,0.18,1
5,0,774,2,10,5,0,300,0.5,1700,0.5,1
5,1,756,2,10,5,0,300,0.5,1700,0.5,1
5,2,274,2,10,5,0,300,0.5,1700,0.5,1
5,3,802,1,0,300,0.5,1700,0.5,1
5,4,930,1,0,300,0.5,1700,0.5,1
5,5,928,0,0,500,0.6,1000,0.2,1400,0.2,1
5,6,876,1,0,300,0.5,1700,0.5,1
5,7,763,2,10,5,0,300,0.5,1700,0.5,1
5,8,547,0,0,300,0.5,572,0.32,486,0.18,1
5,9,348,2,10,5,0,300,0.5,572,0.32,486,0.18,1
5,10,396,2,10,5,0,300,0.5,572,0.32,486,0.18,1
5,11,745,2,10,5,0,500,0.6,1000,0.2,1400,0.2,1
6,0,825,2,10,5,0,300,0.5,1700,0.5,1
6,1,676,1,0,300,0.5,572,0.32,486,0.18,1
6,2,953,1,0,500,0.6,1000,0.2,1400,0.2,1
6,3,720,2,10,5,0,300,0.5,572,0.32,486,0.18,1
6,4,990,2,10,5,0,300,0.5,1700,0.5,1
6,5,38,2,10,5,0,300,0.5,1700,0.5,1
6,6,447,1,0,666,0.42,420,0.58,1
6,7,601,2,10,5,0,300,0.5,572,0.32,486,0.18,1
6,8,669,1,0,500,0.6,1000,0.2,1400,0.2,1
6,9,698,1,0,300,0.5,572,0.32,486,0.18,1
6,10,555,1,0,666,0.42,420,0.58,1
6,11,545,1,0,500,0.6,1000,0.2,1400,0.2,1
7,0,856,2,10,5,0,300,0.5,572,0.32,486,0.18,1
7,1,804,0,0,666,0.42,420,0.58,1
7,2,247,0,0,666,0.42,420,0.58,1
7,3,965,1,0,300,0.5,572,0.32,486,0.18,1
7,4,362,1,0,500,0.6,1000,0.2,1400,0.2,1
7,5,716,0,0,500,0.6,1000,0.2,1400,0.2,1
7,6,54,1,0,300,0.5,572,0.32,486,0.18,1
7,7,188,2,10,5,0,300,0.5,572,0.32,486,0.18,1
7,8,506,0,0,666,0.42,420,0.58,1
7,9,113,1,0,300,0.5,572,0.32,486,0.18,1
7,10,31,1,0,300,0.5,1700,0.5,1
7,11,797,0,0,500,0.6,1000,0.2,1400,0.2,1
8,0,930,2,10,5,0,500,0.6,1000,0.2,1400,0.2,1
8,1,379,2,10,5,0,666,0.42,420,0.58,1
8,2,630,1,0,300,0.5,1700,0.5,1
8,3,13,0,0,300,0.5,572,0.32,486,0.18,1
8,4,513,1,0,666,0.42,420,0.58,1
8,5,902,2,10,5,0,500,0.6,1000,0.2,1400,0.2,1
8,6,560,1,0,666,0.42,420,0.58,1
8,7,891,2,10,5,0,300,0.5,1700,0.5,1
8,8,164,0,0,300,0.5,1700,0.5,1
8,9,131,0,0,500,0.6,1000,0.2,1400,0.2,1
8,10,90,2,10,5,0,300,0.5,1700,0.5,1
8,11,379,2,10,5,0,300,0.5,572,0.32,486,0.18,1
9,0,944,2,10,5,0,300,0.5,572,0.32,486,0.18,1
9,1,440,0,0,300,0.5,1700,0.5,1
9,2,50,0,0,300,0.5,572,0.32,486,0.18,1
9,3,320,2,10,5,0,500,0.6,1000,0.2,1400,0.2,1
9,4,451,2,10,5,0,300,0.5,572,0.32,486,0.18,1
9,5,212,1,0,666,0.42,420,0.58,1
9,6,280,0,0,666,0.42,420,0.58,1
9,7,88,2,10,5,0,300,0.5,572,0.32,486,0.18,1
9,8,967,1,0,300,0.5,572,0.32,486,0.18,1
9,9,653,0,0,300,0.5,1700,0.5,1
9,10,279,0,0,500,0.6,1000,0.2,1400,0.2,1
9,11,400,0,0,300,0.5,572,0.32,486,0.18,1
10,0,621,0,0,666,0.42,420,0.58,1
10,1,932,2,10,5,0,500,0.6,1000,0.2,1400,0.2,1
10,2,991,1,0,300,0.5,1700,0.5,1
10,3,262,2,10,5,0,500,0.6,1000,0.2,1400,0.2,1
10,4,318,1,0,666,0.42,420,0.58,1
10,5,592,2,10,5,0,300,0.5,572,0.32,486,0.18,1
10,6,429,2,10,5,0,300,0.5,1700,0.5,1
10,7,382,2,10,5,0,300,0.5,1700,0.5,1
10,8,544,1,0,666,0.42,420,0.58,1
10,9,505,1,0,500,0.6,1000,0.2,1400,0.2,1
10,10,204,0,0,300,0.5,572,0.32,486,0.18,1
10,11,498,1,0,300,0.5,1700,0.5,1
11,0,718,0,0,300,0.5,1700,0.5,1
11,1,507,1,0,300,0.5,1700,0.5,1
11,2,937,1,0,500,0.6,1000,0.2,1400,0.2,1
11,3,694,0,0,300,0.5,1700,0.5,1
11,4,863,2,10,5,0,500,0.6,1000,0.2,1400,0.2,1
11,5,306,0,0,666,0.42,420,0.58,1
11,6,370,0,0,500,0.6,1000,0.2,1400,0.2,1
11,7,570,2,10,5,0,500,0.6,1000,0.2,1400,0.2,1
11,8,300,2,10,5,0,500,0.6,1000,0.2,1400,0.2,1
11,9,240,1,0,500,0.6,1000,0.2,1400,0.2,1
11,10,352,1,0,666,0.42,420,0.58,1
11,11,818,1,0,300,0.5,1700,0.5,1
