0,0,739,2,10,5,0,666,0.42,420,0.58,1
0,1,532,0,0,500,0.6,1000,0.2,1400,0.2,1
0,2,879,0,0,300,0.5,1700,0.5,1
0,3,592,1,0,666,0.42,420,0.58,1
0,4,812,1,0,300,0.5,572,0.32,486,0.18,1
0,5,705,2,10,5,0,300,0.5,1700,0.5,1
0,6,581,2,10,5,0,300,0.5,1700,0.5,1
0,7,995,0,0,500,0.6,1000,0.2,1400,0.2,1
0,8,867,1,0,666,0.42,420,0.58,1
0,9,814,0,0,500,0.6,1000,0.2,1400,0.2,1
0,10,889,0,0,300,0.5,1700,0.5,1
0,11,52,0,0,666,0.42,420,0.58,1
1,0,402,0,0,500,0.6,1000,0.2,1400,0.2,0
1,1,731,1,0,666,0.42,420,0.58,0
1,2,138,0,0,500,0.6,1000,0.2,1400,0.2,0
1,3,148,0,0,300,0.5,1700,0.5,0
1,4,937,0,0,500,0.6,1000,0.2,1400,0.2,0
1,5,373,0,0,300,0.5,1700,0.5,0
1,6,763,1,0,300,0.5,572,0.32,486,0.18,0
1,7,824,1,0,300,0.5,1700,0.5,0
1,8,11,2,10,5,0,300,0.5,1700,0.5,0
1,9,764,1,0,500,0.6,1000,0.2,1400,0.2,0
1,10,488,2,10,5,0,666,0.42,420,0.58,0
1,11,184,1,0,666,0.42,420,0.58,0
2,0,130,1,0,300,0.5,1700,0.5,1
2,1,356,0,0,300,0.5,1700,0.5,1
2,2,835,0,0,300,0.5,572,0.32,486,0.18,1
2,3,421,1,0,300,0.5,1700,0.5,1
2,4,819,2,10,5,0,300,0.5,1700,0.5,1
2,5,677,2,10,5,0,300,0.5,572,0.32,486,0.18,1
2,6,661,2,10,5,0,300,0.5,572,0.32,486,0.18,1
2,7,750,1,0,300,0.5,572,0.32,486,0.18,1
2,8,693,0,0,300,0.5,1700,0.5,1
2,9,205,1,0,500,0.6,1000,0.2,1400,0.2,1
2,10,380,1,0,666,0.42,420,0.58,1
2,11,217,1,0,500,0.6,1000,0.2,1400,0.2,1
3,0,46,2,10,5,0,300,0.5,572,0.32,486,0.18,1
3,1,702,1,0,666,0.42,420,0.58,1
3,2,169,0,0,500,0.6,1000,0.2,1400,0.2,1
3,3,990,0,0,500,0.6,1000,0.2,1400,0.2,1
3,4,990,2,10,5,0,500,0.6,1000,0.2,1400,0.2,1
3,5,372,0,0,300,0.5,572,0.32,486,0.18,1
3,6,181,2,10,5,0,300,0.5,572,0.32,486,0.18,1
3,7,428,1,0,300,0.5,1700,0.5,1
3,8,729,2,10,5,0,666,0.42,420,0.58,1
3,9,242,2,10,5,0,666,0.42,420,0.58,1
3,10,588,0,0,500,0.6,1000,0.2,1400,0.2,1
3,11,777,2,10,5,0,666,0.42,420,0.58,1
4,0,720,1,0,500,0.6,1000,0.2,1400,0.2,1
4,1,399,2,10,5,0,300,0.5,572,0.32,486,0.18,1
4,2,222,0,0,666,0.42,420,0.58,1
4,3,908,0,0,666,0.42,420,0.58,1
4,4,768,1,0,666,0.42,420,0.58,1
4,5,19,2,10,5,0,300,0.5,1700,0.5,1
4,6,91,2,10,5,0,300,0.5,572,0.32,486,0.18,1
4,7,94,2,10,5,0,300,0.5,572,0.32,486,0.18,1
4,8,398,2,10,5,0,500,0.6,1000,0.2,1400,0.2,1
4,9,386,1,0,300,0.5,1700,0.5,1
4,10,528,2,10,5,0,666,0.42,420,0.58,1
4,11,393,2,10,5,0,300,0.5,1700,0.5,1
5,0,483,1,0,300,0.5,1700,0.5,1
5,1,534,1,0,300,0.5,572,0.32,486,0.18,1
5,2,247,2,10,5,0,500,0.6,1000,0.2,1400,0.2,1
5,3,15,1,0,500,0.6,1000,0.2,1400,0.2,1
5,4,341,2,10,5,0,666,0.42,420,0.58,1
5,5,110,0,0,300,0.5,1700,0.5,1
5,6,57,0,0,666,0.42,420,0.58,1
5,7,766,0,0,300,0.5,572,0.32,486,0.18,1
5,8,333,1,0,300,0.5,572,0.32,486,0.18,1
5,9,747,1,0,300,0.5,1700,0.5,1
5,10,78,2,10,5,0,300,0.5,1700,0.5,1
5,11,840,2,10,5,0,300,0.5,572,0.32,486,0.18,1
6,0,697,2,10,5,0,300,0.5,572,0.32,486,0.18,1
6,1,221,0,0,666,0.42,420,0.58,1
6,2,564,2,10,5,0,500,0.6,1000,0.2,1400,0.2,1
6,3,956,1,0,666,0.42,420,0.58,1
6,4,685,1,0,500,0.6,1000,0.2,1400,0.2,1
6,5,636,0,0,300,0.5,1700,0.5,1
6,6,75,1,0,666,0.42,420,0.58,1
6,7,638,0,0,300,0.5,572,0.32,486,0.18,1
6,8,378,2,10,5,0,300,0.5,572,0.32,486,0.18,1
6,9,413,1,0,300,0.5,1700,0.5,1
6,10,248,0,0,666,0.42,420,0.58,1
6,11,248,0,0,500,0.6,1000,0.2,1400,0.2,1
7,0,18,1,0,666,0.42,420,0.58,1
7,1,537,2,10,5,0,300,0.5,572,0.32,486,0.18,1
7,2,792,1,0,666,0.42,420,0.58,1
7,3,515,2,10,5,0,500,0.6,1000,0.2,1400,0.2,1
7,4,824,2,10,5,0,300,0.5,1700,0.5,1
7,5,731,0,0,300,0.5,1700,0.5,1
7,6,659,1,0,666,0.42,420,0.58,1
7,7,149,0,0,666,0.42,420,0.58,1
7,8,25,0,0,300,0.5,572,0.32,486,0.18,1
7,9,728,0,0,666,0.42,420,0.58,1
7,10,982,1,0,300,0.5,1700,0.5,1
7,11,19,0,0,300,0.5,1700,0.5,1
8,0,655,2,10,5,0,666,0.42,420,0.58,1
8,1,295,2,10,5,0,300,0.5,572,0.32,486,0.18,1
8,2,361,2,10,5,0,300,0.5,572,0.32,486,0.18,1
8,3,768,0,0,500,0.6,1000,0.2,1400,0.2,1
8,4,623,2,10,5,0,300,0.5,572,0.32,486,0.18,1
8,5,106,2,10,5,0,666,0.42,420,0.58,1
8,6,142,1,0,500,0.6,1000,0.2,1400,0.2,1
8,7,998,2,10,5,0,500,0.6,1000,0.2,1400,0.2,1
8,8,176,1,0,500,0.6,1000,0.2,1400,0.2,1
8,9,321,1,0,300,0.5,572,0.32,486,0.18,1
8,10,978,2,10,5,0,300,0.5,1700,0.5,1
8,11,177,0,0,300,0.5,1700,0.5,1
9,0,895,0,0,666,0.42,420,0.58,1
9,1,869,1,0,300,0.5,1700,0.5,1
9,2,178,1,0,666,0.42,420,0.58,1
9,3,683,1,0,666,0.42,420,0.58,1
9,4,101,1,0,500,0.6,1000,0.2,1400,0.2,1
9,5,880,0,0,300,0.5,1700,0.5,1
9,6,707,2,10,5,0,500,0.6,1000,0.2,1400,0.2,1
9,7,691,1,0,300,0.5,572,0.32,486,0.18,1
9,8,588,2,10,5,0,300,0.5,1700,0.5,1
9,9,380,1,0,666,0.42,420,0.58,1
9,10,737,1,0,500,0.6,1000,0.2,1400,0.2,1
9,11,409,2,10,5,0,300,0.5,1700,0.5,1
10,0,357,0,0,666,0.42,420,0.58,1
10,1,459,1,0,300,0.5,1700,0.5,1
10,2,741,2,10,5,0,666,0.42,420,0.58,1
10,3,703,0,0,500,0.6,1000,0.2,1400,0.2,1
10,4,901,0,0,300,0.5,572,0.32,486,0.18,1
10,5,220,0,0,666,0.42,420,0.58,1
10,6,506,1,0,300,0.5,1700,0.5,1
10,7,928,0,0,300,0.5,572,0.32,486,0.18,1
10,8,345,2,10,5,0,300,0.5,572,0.32,486,0.18,1
10,9,716,2,10,5,0,300,0.5,1700,0.5,1
10,10,416,0,0,666,0.42,420,0.58,1
10,11,245,1,0,500,0.6,1000,0.2,1400,0.2,1
11,0,687,0,0,666,0.42,420,0.58,1
11,1,56,2,10,5,0,300,0.5,572,0.32,486,0.18,1
11,2,924,1,0,500,0.6,1000,0.2,1400,0.2,1
11,3,643,0,0,666,0.42,420,0.58,1
11,4,173,0,0,300,0.5,1700,0.5,1
11,5,378,2,10,5,0,666,0.42,420,0.58,1
11,6,802,1,0,500,0.6,1000,0.2,1400,0.2,1
11,7,27,2,10,5,0,300,0.5,1700,0.5,1
11,8,854,2,10,5,0,300,0.5,1700,0.5,1
11,9,264,0,0,300,0.5,1700,0.5,1
11,10,535,0,0,300,0.5,1700,0.5,1
11,11,990,1,0,300,0.5,1700,0.5,1
