0,0,855,2,10,5,0,300,0.5,572,0.32,486,0.18,1
0,1,734,0,0,500,0.6,1000,0.2,1400,0.2,1
0,2,254,0,0,500,0.6,1000,0.2,1400,0.2,1
0,3,604,0,0,300,0.5,1700,0.5,1
0,4,861,0,0,500,0.6,1000,0.2,1400,0.2,1
0,5,440,1,0,300,0.5,1700,0.5,1
0,6,651,2,10,5,0,666,0.42,420,0.58,1
0,7,567,2,10,5,0,300,0.5,1700,0.5,1
0,8,972,1,0,500,0.6,1000,0.2,1400,0.2,1
0,9,713,0,0,500,0.6,1000,0.2,1400,0.2,1
0,10,673,0,0,500,0.6,1000,0.2,1400,0.2,1
0,11,311,2,10,5,0,300,0.5,1700,0.5,1
1,0,880,0,0,300,0.5,572,0.32,486,0.18,0
1,1,61,1,0,300,0.5,572,0.32,486,0.18,0
1,2,775,2,10,5,0,500,0.6,1000,0.2,1400,0.2,0
1,3,574,2,10,5,0,300,0.5,1700,0.5,0
1,4,237,1,0,300,0.5,572,0.32,486,0.18,0
1,5,398,1,0,300,0.5,572,0.32,486,0.18,0
1,6,824,1,0,300,0.5,572,0.32,486,0.18,0
1,7,635,0,0,666,0.42,420,0.58,0
1,8,936,2,10,5,0,500,0.6,1000,0.2,1400,0.2,0
1,9,171,0,0,666,0.42,420,0.58,0
1,10,516,2,10,5,0,500,0.6,1000,0.2,1400,0.2,0
1,11,927,2,10,5,0,666,0.42,420,0.58,0
2,0,228,2,10,5,0,300,0.5,572,0.32,486,0.18,1
2,1,69,2,10,5,0,666,0.42,420,0.58,1
2,2,726,1,0,300,0.5,1700,0.5,1
2,3,846,2,10,5,0,666,0.42,420,0.58,1
2,4,922,0,0,300,0.5,1700,0.5,1
2,5,466,0,0,666,0.42,420,0.58,1
2,6,710,0,0,666,0.42,420,0.58,1
2,7,258,2,10,5,0,666,0.42,420,0.58,1
2,8,419,2,10,5,0,500,0.6,1000,0.2,1400,0.2,1
2,9,461,1,0,666,0.42,420,0.58,1
2,10,958,1,0,300,0.5,572,0.32,486,0.18,1
2,11,285,0,0,300,0.5,1700,0.5,1
3,0,681,0,0,500,0.6,1000,0.2,1400,0.2,1
3,1,650,0,0,300,0.5,1700,0.5,1
3,2,236,0,0,300,0.5,572,0.32,486,0.18,1
3,3,402,1,0,500,0.6,1000,0.2,1400,0.2,1
3,4,603,2,10,5,0,300,0.5,572,0.32,486,0.18,1
3,5,462,2,10,5,0,300,0.5,572,0.32,486,0.18,1
3,6,690,0,0,666,0.42,420,0.58,1
3,7,281,1,0,300,0.5,1700,0.5,1
3,8,17,1,0,300,0.5,572,0.32,486,0.18,1
3,9,39,0,0,300,0.5,1700,0.5,1
3,10,98,1,0,500,0.6,1000,0.2,1400,0.2,1
3,11,715,1,0,300,0.5,572,0.32,486,0.18,1
4,0,484,1,0,500,0.6,1000,0.2,1400,0.2,1
4,1,776,0,0,300,0.5,1700,0.5,1
4,2,705,1,0,300,0.5,572,0.32,486,0.18,1
4,3,828,2,10,5,0,300,0.5,1700,0.5,1
4,4,192,2,10,5,0,500,0.6,1000,0.2,1400,0.2,1
4,5,930,0,0,300,0.5,1700,0.5,1
4,6,60,1,0,300,0.5,1700,0.5,1
4,7,144,0,0,300,0.5,1700,0.5,1
4,8,752,2,10,5,0,300,0.5,572,0.32,486,0.18,1
4,9,734,2,10,5,0,300,0.5,1700,0.5,1
4,10,645,2,10,5,0,500,0.6,1000,0.2,1400,0.2,1
4,11,741,1,0,300,0.5,1700,0.5,1
5,0,877,1,0,300,0.5,572,0.32,486,0.18,1
5,1,490,2,10,5,0,666,0.42,420,0.58,1
5,2,944,0,0,300,0.5,572,0.32,486,0.18,1
5,3,816,1,0,300,0.5,572,0.32,486,0.18,1
5,4,382,0,0,300,0.5,1700,0.5,1
5,5,274,2,10,5,0,500,0.6,1000,0.2,1400,0.2,1
5,6,410,0,0,666,0.42,420,0.58,1
5,7,691,1,0,666,0.42,420,0.58,1
5,8,525,2,10,5,0,300,0.5,1700,0.5,1
5,9,889,2,10,5,0,666,0.42,420,0.58,1
5,10,221,2,10,5,0,300,0.5,1700,0.5,1
5,11,616,1,0,300,0.5,572,0.32,486,0.18,1
6,0,511,1,0,300,0.5,572,0.32,486,0.18,1
6,1,989,2,10,5,0,666,0.42,420,0.58,1
6,2,192,1,0,500,0.6,1000,0.2,1400,0.2,1
6,3,169,2,10,5,0,300,0.5,1700,0.5,1
6,4,370,2,10,5,0,300,0.5,1700,0.5,1
6,5,691,1,0,300,0.5,572,0.32,486,0.18,1
6,6,83,2,10,5,0,300,0.5,1700,0.5,1
6,7,889,2,10,5,0,500,0.6,1000,0.2,1400,0.2,1
6,8,168,1,0,300,0.5,572,0.32,486,0.18,1
6,9,864,2,10,5,0,300,0.5,1700,0.5,1
6,10,655,2,10,5,0,666,0.42,420,0.58,1
6,11,335,1,0,300,0.5,572,0.32,486,0.18,1
7,0,718,1,0,300,0.5,572,0.32,486,0.18,1
7,1,633,2,10,5,0,666,0.42,420,0.58,1
7,2,115,1,0,300,0.5,572,0.32,486,0.18,1
7,3,628,0,0,666,0.42,420,0.58,1
7,4,797,0,0,300,0.5,572,0.32,486,0.18,1
7,5,931,1,0,300,0.5,1700,0.5,1
7,6,397,0,0,300,0.5,572,0.32,486,0.18,1
7,7,10,1,0,666,0.42,420,0.58,1
7,8,775,0,0,666,0.42,420,0.58,1
7,9,918,2,10,5,0,300,0.5,1700,0.5,1
7,10,231,1,0,300,0.5,1700,0.5,1
7,11,692,1,0,300,0.5,1700,0.5,1
8,0,402,0,0,666,0.42,420,0.58,1
8,1,638,2,10,5,0,300,0.5,572,0.32,486,0.18,1
8,2,537,1,0,300,0.5,1700,0.5,1
8,3,805,1,0,500,0.6,1000,0.2,1400,0.2,1
8,4,389,0,0,300,0.5,572,0.32,486,0.18,1
8,5,528,1,0,666,0.42,420,0.58,1
8,6,529,1,0,500,0.6,1000,0.2,1400,0.2,1
8,7,94,1,0,300,0.5,1700,0.5,1
8,8,627,0,0,300,0.5,572,0.32,486,0.18,1
8,9,747,2,10,5,0,300,0.5,1700,0.5,1
8,10,908,0,0,300,0.5,1700,0.5,1
8,11,41,2,10,5,0,300,0.5,572,0.32,486,0.18,1
9,0,257,0,0,300,0.5,1700,0.5,1
9,1,630,1,0,300,0.5,572,0.32,486,0.18,1
9,2,496,2,10,5,0,666,0.42,420,0.58,1
9,3,237,0,0,500,0.6,1000,0.2,1400,0.2,1
9,4,512,2,10,5,0,500,0.6,1000,0.2,1400,0.2,1
9,5,484,1,0,666,0.42,420,0.58,1
9,6,174,1,0,300,0.5,1700,0.5,1
9,7,568,1,0,300,0.5,1700,0.5,1
9,8,833,0,0,666,0.42,420,0.58,1
9,9,835,1,0,300,0.5,1700,0.5,1
9,10,883,0,0,666,0.42,420,0.58,1
9,11,261,1,0,500,0.6,1000,0.2,1400,0.2,1
10,0,655,1,0,300,0.5,1700,0.5,1
10,1,339,0,0,300,0.5,1700,0.5,1
10,2,515,2,10,5,0,500,0.6,1000,0.2,1400,0.2,1
10,3,474,1,0,666,0.42,420,0.58,1
10,4,267,1,0,300,0.5,1700,0.5,1
10,5,965,2,10,5,0,666,0.42,420,0.58,1
10,6,447,1,0,666,0.42,420,0.58,1
10,7,612,2,10,5,0,300,0.5,1700,0.5,1
10,8,955,0,0,300,0.5,572,0.32,486,0.18,1
10,9,788,1,0,666,0.42,420,0.58,1
10,10,229,2,10,5,0,666,0.42,420,0.58,1
10,11,590,0,0,500,0.6,1000,0.2,1400,0.2,1
11,0,699,0,0,300,0.5,1700,0.5,1
11,1,517,0,0,300,0.5,1700,0.5,1
11,2,818,0,0,300,0.5,1700,0.5,1
11,3,446,2,10,5,0,300,0.5,1700,0.5,1
11,4,929,2,10,5,0,300,0.5,1700,0.5,1
11,5,490,1,0,300,0.5,1700,0.5,1
11,6,620,0,0,500,0.6,1000,0.2,1400,0.2,1
11,7,787,1,0,666,0.42,420,0.58,1
11,8,162,1,0,500,0.6,1000,0.2,1400,0.2,1
11,9,710,1,0,300,0.5,1700,0.5,1
11,10,667,1,0,300,0.5,572,0.32,486,0.18,1
11,11,820,1,0,300,0.5,1700,0.5,1
