0,0,746,0,0,300,0.5,572,0.32,486,0.18,1
0,1,634,0,0,666,0.42,420,0.58,1
0,2,600,0,0,300,0.5,1700,0.5,1
0,3,267,2,10,5,0,666,0.42,420,0.58,1
0,4,17,2,10,5,0,300,0.5,1700,0.5,1
0,5,85,0,0,500,0.6,1000,0.2,1400,0.2,1
0,6,646,2,10,5,0,300,0.5,572,0.32,486,0.18,1
0,7,92,1,0,666,0.42,420,0.58,1
0,8,257,1,0,300,0.5,1700,0.5,1
0,9,905,2,10,5,0,666,0.42,420,0.58,1
0,10,685,2,10,5,0,500,0.6,1000,0.2,1400,0.2,1
0,11,86,1,0,300,0.5,1700,0.5,1
1,0,996,0,0,300,0.5,572,0.32,486,0.18,0
1,1,733,1,0,500,0.6,1000,0.2,1400,0.2,0
1,2,619,1,0,666,0.42,420,0.58,0
1,3,369,2,10,5,0,500,0.6,1000,0.2,1400,0.2,0
1,4,295,0,0,666,0.42,420,0.58,0
1,5,349,1,0,500,0.6,1000,0.2,1400,0.2,0
1,6,567,1,0,300,0.5,572,0.32,486,0.18,0
1,7,561,2,10,5,0,300,0.5,1700,0.5,0
1,8,881,0,0,300,0.5,1700,0.5,0
1,9,21,0,0,300,0.5,572,0.32,486,0.18,0
1,10,119,1,0,300,0.5,572,0.32,486,0.18,0
1,11,284,0,0,300,0.5,572,0.32,486,0.18,0
2,0,935,2,10,5,0,300,0.5,572,0.32,486,0.18,1
2,1,909,0,0,300,0.5,1700,0.5,1
2,2,597,1,0,300,0.5,1700,0.5,1
2,3,794,1,0,500,0.6,1000,0.2,1400,0.2,1
2,4,347,1,0,500,0.6,1000,0.2,1400,0.2,1
2,5,35,0,0,300,0.5,1700,0.5,1
2,6,469,1,0,666,0.42,420,0.58,1
2,7,720,0,0,300,0.5,572,0.32,486,0.18,1
2,8,331,1,0,300,0.5,572,0.32,486,0.18,1
2,9,203,2,10,5,0,300,0.5,572,0.32,486,0.18,1
2,10,94,2,10,5,0,500,0.6,1000,0.2,1400,0.2,1
2,11,289,2,10,5,0,300,0.5,1700,0.5,1
3,0,82,2,10,5,0,300,0.5,572,0.32,486,0.18,1
3,1,77,2,10,5,0,300,0.5,572,0.32,486,0.18,1
3,2,957,0,0,300,0.5,1700,0.5,1
3,3,240,2,10,5,0,300,0.5,572,0.32,486,0.18,1
3,4,150,1,0,500,0.6,1000,0.2,1400,0.2,1
3,5,985,0,0,300,0.5,572,0.32,486,0.18,1
3,6,212,2,10,5,0,300,0.5,1700,0.5,1
3,7,668,2,10,5,0,300,0.5,1700,0.5,1
3,8,885,1,0,666,0.42,420,0.58,1
3,9,951,0,0,500,0.6,1000,0.2,1400,0.2,1
3,10,519,0,0,500,0.6,1000,0.2,1400,0.2,1
3,11,599,1,0,500,0.6,1000,0.2,1400,0.2,1
4,0,186,2,10,5,0,500,0.6,1000,0.2,1400,0.2,1
4,1,713,1,0,666,0.42,420,0.58,1
4,2,506,1,0,666,0.42,420,0.58,1
4,3,864,1,0,300,0.5,1700,0.5,1
4,4,461,0,0,500,0.6,1000,0.2,1400,0.2,1
4,5,653,0,0,500,0.6,1000,0.2,1400,0.2,1
4,6,474,0,0,666,0.42,420,0.58,1
4,7,533,2,10,5,0,666,0.42,420,0.58,1
4,8,970,0,0,300,0.5,572,0.32,486,0.18,1
4,9,299,0,0,300,0.5,572,0.32,486,0.18,1
4,10,50,2,10,5,0,300,0.5,1700,0.5,1
4,11,347,0,0,300,0.5,1700,0.5,1
5,0,770,1,0,300,0.5,1700,0.5,1
5,1,406,1,0,300,0.5,572,0.32,486,0.18,1
5,2,35,1,0,300,0.5,572,0.32,486,0.18,1
5,3,114,2,10,5,0,300,0.5,572,0.32,486,0.18,1
5,4,726,2,10,5,0,666,0.42,420,0.58,1
5,5,444,0,0,300,0.5,572,0.32,486,0.18,1
5,6,579,0,0,666,0.42,420,0.58,1
5,7,854,0,0,666,0.42,420,0.58,1
5,8,595,2,10,5,0,300,0.5,572,0.32,486,0.18,1
5,9,985,2,10,5,0,300,0.5,1700,0.5,1
5,10,256,2,10,5,0,300,0.5,1700,0.5,1
5,11,619,2,10,5,0,300,0.5,572,0.32,486,0.18,1
6,0,980,2,10,5,0,300,0.5,1700,0.5,1
6,1,257,2,10,5,0,300,0.5,572,0.32,486,0.18,1
6,2,186,1,0,300,0.5,1700,0.5,1
6,3,791,1,0,666,0.42,420,0.58,1
6,4,487,2,10,5,0,300,0.5,572,0.32,486,0.18,1
6,5,168,2,10,5,0,666,0.42,420,0.58,1
6,6,993,1,0,500,0.6,1000,0.2,1400,0.2,1
6,7,949,2,10,5,0,300,0.5,1700,0.5,1
6,8,330,0,0,300,0.5,1700,0.5,1
6,9,370,2,10,5,0,666,0.42,420,0.58,1
6,10,830,1,0,300,0.5,572,0.32,486,0.18,1
6,11,799,2,10,5,0,300,0.5,1700,0.5,1
7,0,111,2,10,5,0,500,0.6,1000,0.2,1400,0.2,1
7,1,123,2,10,5,0,300,0.5,1700,0.5,1
7,2,542,1,0,500,0.6,1000,0.2,1400,0.2,1
7,3,991,2,10,5,0,666,0.42,420,0.58,1
7,4,221,1,0,300,0.5,572,0.32,486,0.18,1
7,5,448,2,10,5,0,500,0.6,1000,0.2,1400,0.2,1
7,6,471,2,10,5,0,666,0.42,420,0.58,1
7,7,602,1,0,666,0.42,420,0.58,1
7,8,340,2,10,5,0,500,0.6,1000,0.2,1400,0.2,1
7,9,27,2,10,5,0,300,0.5,1700,0.5,1
7,10,802,0,0,300,0.5,572,0.32,486,0.18,1
7,11,981,0,0,300,0.5,572,0.32,486,0.18,1
8,0,888,2,10,5,0,500,0.6,1000,0.2,1400,0.2,1
8,1,225,1,0,500,0.6,1000,0.2,1400,0.2,1
8,2,861,1,0,666,0.42,420,0.58,1
8,3,488,2,10,5,0,666,0.42,420,0.58,1
8,4,182,1,0,500,0.6,1000,0.2,1400,0.2,1
8,5,997,2,10,5,0,300,0.5,572,0.32,486,0.18,1
8,6,948,2,10,5,0,500,0.6,1000,0.2,1400,0.2,1
8,7,891,2,10,5,0,666,0.42,420,0.58,1
8,8,150,1,0,300,0.5,572,0.32,486,0.18,1
8,9,572,1,0,300,0.5,572,0.32,486,0.18,1
8,10,65,2,10,5,0,500,0.6,1000,0.2,1400,0.2,1
8,11,357,2,10,5,0,666,0.42,420,0.58,1
9,0,335,0,0,666,0.42,420,0.58,1
9,1,762,0,0,500,0.6,1000,0.2,1400,0.2,1
9,2,524,2,10,5,0,300,0.5,1700,0.5,1
9,3,350,1,0,666,0.42,420,0.58,1
9,4,339,2,10,5,0,666,0.42,420,0.58,1
9,5,357,1,0,500,0.6,1000,0.2,1400,0.2,1
9,6,102,2,10,5,0,300,0.5,572,0.32,486,0.18,1
9,7,441,0,0,300,0.5,1700,0.5,1
9,8,515,2,10,5,0,300,0.5,1700,0.5,1
9,9,709,0,0,300,0.5,1700,0.5,1
9,10,260,2,10,5,0,666,0.42,420,0.58,1
9,11,461,2,10,5,0,666,0.42,420,0.58,1
10,0,329,0,0,300,0.5,572,0.32,486,0.18,1
10,1,647,1,0,500,0.6,1000,0.2,1400,0.2,1
10,2,772,1,0,666,0.42,420,0.58,1
10,3,932,0,0,300,0.5,1700,0.5,1
10,4,529,1,0,300,0.5,1700,0.5,1
10,5,551,2,10,5,0,666,0.42,420,0.58,1
10,6,56,0,0,666,0.42,420,0.58,1
10,7,312,2,10,5,0,666,0.42,420,0.58,1
10,8,398,1,0,500,0.6,1000,0.2,1400,0.2,1
10,9,878,1,0,300,0.5,1700,0.5,1
10,10,878,0,0,300,0.5,1700,0.5,1
10,11,440,2,10,5,0,300,0.5,572,0.32,486,0.18,1
11,0,330,2,10,5,0,300,0.5,1700,0.5,1
11,1,828,0,0,666,0.42,420,0.58,1
11,2,818,1,0,300,0.5,572,0.32,486,0.18,1
11,3,678,1,0,300,0.5,1700,0.5,1
11,4,371,0,0,666,0.42,420,0.58,1
11,5,844,0,0,300,0.5,572,0.32,486,0.18,1
11,6,828,1,0,300,0.5,1700,0.5,1
11,7,36,2,10,5,0,666,0.42,420,0.58,1
11,8,784,1,0,300,0.5,572,0.32,486,0.18,1
11,9,85,1,0,500,0.6,1000,0.2,1400,0.2,1
11,10,463,2,10,5,0,666,0.42,420,0.58,1
11,11,557,2,10,5,0,300,0.5,1700,0.5,1
