0,0,442,1,0,500,0.6,1000,0.2,1400,0.2,1
0,1,640,2,10,5,0,300,0.5,1700,0.5,1
0,2,54,0,0,300,0.5,572,0.32,486,0.18,1
0,3,142,0,0,666,0.42,420,0.58,1
0,4,827,0,0,666,0.42,420,0.58,1
0,5,195,2,10,5,0,666,0.42,420,0.58,1
0,6,168,1,0,300,0.5,572,0.32,486,0.18,1
0,7,568,1,0,500,0.6,1000,0.2,1400,0.2,1
0,8,653,0,0,300,0.5,572,0.32,486,0.18,1
0,9,805,0,0,666,0.42,420,0.58,1
0,10,27,2,10,5,0,300,0.5,1700,0.5,1
0,11,796,1,0,666,0.42,420,0.58,1
1,0,493,1,0,666,0.42,420,0.58,0
1,1,207,1,0,500,0.6,1000,0.2,1400,0.2,0
1,2,528,2,10,5,0,666,0.42,420,0.58,0
1,3,85,2,10,5,0,300,0.5,572,0.32,486,0.18,0
1,4,142,2,10,5,0,300,0.5,1700,0.5,0
1,5,559,2,10,5,0,300,0.5,572,0.32,486,0.18,0
1,6,104,2,10,5,0,300,0.5,1700,0.5,0
1,7,124,2,10,5,0,300,0.5,572,0.32,486,0.18,0
1,8,82,2,10,5,0,666,0.42,420,0.58,0
1,9,840,2,10,5,0,666,0.42,420,0.58,0
1,10,557,0,0,300,0.5,572,0.32,486,0.18,0
1,11,423,2,10,5,0,300,0.5,1700,0.5,0
2,0,248,2,10,5,0,300,0.5,1700,0.5,1
2,1,727,1,0,500,0.6,1000,0.2,1400,0.2,1
2,2,373,2,10,5,0,500,0.6,1000,0.2,1400,0.2,1
2,3,189,0,0,666,0.42,420,0.58,1
2,4,662,0,0,300,0.5,572,0.32,486,0.18,1
2,5,437,0,0,300,0.5,1700,0.5,1
2,6,453,0,0,500,0.6,1000,0.2,1400,0.2,1
2,7,118,2,10,5,0,500,0.6,1000,0.2,1400,0.2,1
2,8,785,1,0,300,0.5,572,0.32,486,0.18,1
2,9,513,0,0,300,0.5,572,0.32,486,0.18,1
2,10,732,0,0,300,0.5,572,0.32,486,0.18,1
2,11,503,1,0,666,0.42,420,0.58,1
3,0,763,0,0,300,0.5,572,0.32,486,0.18,1
3,1,269,0,0,300,0.5,1700,0.5,1
3,2,665,0,0,300,0.5,572,0.32,486,0.18,1
3,3,597,1,0,500,0.6,1000,0.2,1400,0.2,1
3,4,435,2,10,5,0,500,0.6,1000,0.2,1400,0.2,1
3,5,560,0,0,500,0.6,1000,0.2,1400,0.2,1
3,6,228,0,0,500,0.6,1000,0.2,1400,0.2,1
3,7,869,2,10,5,0,500,0.6,1000,0.2,1400,0.2,1
3,8,896,0,0,500,0.6,1000,0.2,1400,0.2,1
3,9,795,2,10,5,0,666,0.42,420,0.58,1
3,10,637,2,10,5,0,666,0.42,420,0.58,1
3,11,690,0,0,300,0.5,572,0.32,486,0.18,1
4,0,898,2,10,5,0,500,0.6,1000,0.2,1400,0.2,1
4,1,35,0,0,300,0.5,1700,0.5,1
4,2,36,2,10,5,0,500,0.6,1000,0.2,1400,0.2,1
4,3,556,1,0,666,0.42,420,0.58,1
4,4,297,0,0,666,0.42,420,0.58,1
4,5,597,0,0,500,0.6,1000,0.2,1400,0.2,1
4,6,914,1,0,300,0.5,1700,0.5,1
4,7,182,1,0,300,0.5,572,0.32,486,0.18,1
4,8,312,2,10,5,0,666,0.42,420,0.58,1
4,9,349,0,0,666,0.42,420,0.58,1
4,10,69,1,0,500,0.6,1000,0.2,1400,0.2,1
4,11,629,2,10,5,0,500,0.6,1000,0.2,1400,0.2,1
5,0,188,0,0,300,0.5,572,0.32,486,0.18,1
5,1,826,2,10,5,0,300,0.5,1700,0.5,1
5,2,689,2,10,5,0,300,0.5,1700,0.5,1
5,3,888,0,0,300,0.5,1700,0.5,1
5,4,237,2,10,5,0,300,0.5,1700,0.5,1
5,5,417,0,0,666,0.42,420,0.58,1
5,6,153,0,0,666,0.42,420,0.58,1
5,7,234,2,10,5,0,300,0.5,572,0.32,486,0.18,1
5,8,821,1,0,500,0.6,1000,0.2,1400,0.2,1
5,9,506,0,0,500,0.6,1000,0.2,1400,0.2,1
5,10,208,2,10,5,0,500,0.6,1000,0.2,1400,0.2,1
5,11,791,2,10,5,0,300,0.5,572,0.32,486,0.18,1
6,0,338,1,0,500,0.6,1000,0.2,1400,0.2,1
6,1,370,1,0,300,0.5,1700,0.5,1
6,2,595,1,0,500,0.6,1000,0.2,1400,0.2,1
6,3,702,1,0,500,0.6,1000,0.2,1400,0.2,1
6,4,236,1,0,300,0.5,1700,0.5,1
6,5,140,0,0,666,0.42,420,0.58,1
6,6,749,2,10,5,0,666,0.42,420,0.58,1
6,7,353,1,0,500,0.6,1000,0.2,1400,0.2,1
6,8,961,1,0,666,0.42,420,0.58,1
6,9,221,2,10,5,0,500,0.6,1000,0.2,1400,0.2,1
6,10,254,1,0,666,0.42,420,0.58,1
6,11,854,0,0,300,0.5,572,0.32,486,0.18,1
7,0,424,0,0,300,0.5,572,0.32,486,0.18,1
7,1,849,1,0,300,0.5,572,0.32,486,0.18,1
7,2,533,2,10,5,0,300,0.5,1700,0.5,1
7,3,680,1,0,300,0.5,572,0.32,486,0.18,1
7,4,139,0,0,666,0.42,420,0.58,1
7,5,709,1,0,666,0.42,420,0.58,1
7,6,834,2,10,5,0,500,0.6,1000,0.2,1400,0.2,1
7,7,38,1,0,300,0.5,1700,0.5,1
7,8,654,0,0,300,0.5,572,0.32,486,0.18,1
7,9,456,1,0,300,0.5,572,0.32,486,0.18,1
7,10,773,0,0,500,0.6,1000,0.2,1400,0.2,1
7,11,708,1,0,300,0.5,572,0.32,486,0.18,1
8,0,148,2,10,5,0,666,0.42,420,0.58,1
8,1,993,2,10,5,0,300,0.5,572,0.32,486,0.18,1
8,2,935,0,0,300,0.5,572,0.32,486,0.18,1
8,3,554,0,0,300,0.5,572,0.32,486,0.18,1
8,4,197,1,0,300,0.5,1700,0.5,1
8,5,929,2,10,5,0,300,0.5,572,0.32,486,0.18,1
8,6,806,1,0,666,0.42,420,0.58,1
8,7,137,1,0,500,0.6,1000,0.2,1400,0.2,1
8,8,482,1,0,500,0.6,1000,0.2,1400,0.2,1
8,9,269,2,10,5,0,500,0.6,1000,0.2,1400,0.2,1
8,10,411,0,0,300,0.5,572,0.32,486,0.18,1
8,11,63,2,10,5,0,666,0.42,420,0.58,1
9,0,35,0,0,300,0.5,1700,0.5,1
9,1,461,2,10,5,0,300,0.5,572,0.32,486,0.18,1
9,2,243,0,0,300,0.5,1700,0.5,1
9,3,308,2,10,5,0,666,0.42,420,0.58,1
9,4,361,2,10,5,0,500,0.6,1000,0.2,1400,0.2,1
9,5,562,1,0,500,0.6,1000,0.2,1400,0.2,1
9,6,706,1,0,300,0.5,572,0.32,486,0.18,1
9,7,744,2,10,5,0,300,0.5,572,0.32,486,0.18,1
9,8,289,2,10,5,0,300,0.5,1700,0.5,1
9,9,220,1,0,666,0.42,420,0.58,1
9,10,557,1,0,300,0.5,1700,0.5,1
9,11,681,0,0,300,0.5,1700,0.5,1
10,0,927,1,0,500,0.6,1000,0.2,1400,0.2,1
10,1,161,0,0,300,0.5,572,0.32,486,0.18,1
10,2,495,1,0,666,0.42,420,0.58,1
10,3,95,0,0,666,0.42,420,0.58,1
10,4,576,1,0,300,0.5,1700,0.5,1
10,5,119,1,0,300,0.5,1700,0.5,1
10,6,695,1,0,666,0.42,420,0.58,1
10,7,797,2,10,5,0,500,0.6,1000,0.2,1400,0.2,1
10,8,197,2,10,5,0,500,0.6,1000,0.2,1400,0.2,1
10,9,428,0,0,666,0.42,420,0.58,1
10,10,249,1,0,300,0.5,572,0.32,486,0.18,1
10,11,677,1,0,666,0.42,420,0.58,1
11,0,689,2,10,5,0,300,0.5,1700,0.5,1
11,1,596,1,0,500,0.6,1000,0.2,1400,0.2,1
11,2,705,0,0,666,0.42,420,0.58,1
11,3,1000,1,0,300,0.5,1700,0.5,1
11,4,326,1,0,300,0.5,572,0.32,486,0.18,1
11,5,951,1,0,500,0.6,1000,0.2,1400,0.2,1
11,6,84,1,0,500,0.6,1000,0.2,1400,0.2,1
11,7,971,2,10,5,0,300,0.5,572,0.32,486,0.18,1
11,8,736,2,10,5,0,300,0.5,1700,0.5,1
11,9,196,2,10,5,0,300,0.5,572,0.32,486,0.18,1
11,10,535,2,10,5,0,300,0.5,1700,0.5,1
11,11,203,0,0,300,0.5,572,0.32,486,0.18,1
