0,0,438,0,0,500,0.6,1000,0.2,1400,0.2,1
0,1,434,0,0,500,0.6,1000,0.2,1400,0.2,1
0,2,434,0,0,300,0.5,1700,0.5,1
0,3,417,1,0,666,0.42,420,0.58,1
0,4,980,0,0,300,0.5,572,0.32,486,0.18,1
0,5,486,1,0,300,0.5,1700,0.5,1
0,6,157,2,10,5,0,300,0.5,1700,0.5,1
0,7,142,0,0,666,0.42,420,0.58,1
0,8,545,0,0,300,0.5,572,0.32,486,0.18,1
0,9,82,1,0,300,0.5,572,0.32,486,0.18,1
0,10,200,0,0,500,0.6,1000,0.2,1400,0.2,1
0,11,641,2,10,5,0,300,0.5,1700,0.5,1
1,0,48,1,0,300,0.5,1700,0.5,0
1,1,40,2,10,5,0,500,0.6,1000,0.2,1400,0.2,0
1,2,613,2,10,5,0,300,0.5,1700,0.5,0
1,3,793,1,0,500,0.6,1000,0.2,1400,0.2,0
1,4,574,2,10,5,0,300,0.5,1700,0.5,0
1,5,974,2,10,5,0,300,0.5,1700,0.5,0
1,6,755,1,0,666,0.42,420,0.58,0
1,7,213,2,10,5,0,666,0.42,420,0.58,0
1,8,658,2,10,5,0,300,0.5,572,0.32,486,0.18,0
1,9,658,1,0,666,0.42,420,0.58,0
1,10,170,0,0,300,0.5,572,0.32,486,0.18,0
1,11,259,1,0,300,0.5,572,0.32,486,0.18,0
2,0,473,2,10,5,0,666,0.42,420,0.58,1
2,1,107,0,0,666,0.42,420,0.58,1
2,2,872,2,10,5,0,500,0.6,1000,0.2,1400,0.2,1
2,3,672,2,10,5,0,500,0.6,1000,0.2,1400,0.2,1
2,4,64,0,0,300,0.5,1700,0.5,1
2,5,787,1,0,300,0.5,1700,0.5,1
2,6,513,2,10,5,0,666,0.42,420,0.58,1
2,7,224,1,0,500,0.6,1000,0.2,1400,0.2,1
2,8,835,1,0,500,0.6,1000,0.2,1400,0.2,1
2,9,303,2,10,5,0,300,0.5,1700,0.5,1
2,10,869,0,0,300,0.5,572,0.32,486,0.18,1
2,11,271,1,0,300,0.5,1700,0.5,1
3,0,981,0,0,500,0.6,1000,0.2,1400,0.2,1
3,1,829,0,0,300,0.5,572,0.32,486,0.18,1
3,2,69,1,0,300,0.5,1700,0.5,1
3,3,842,0,0,666,0.42,420,0.58,1
3,4,817,1,0,300,0.5,572,0.32,486,0.18,1
3,5,402,0,0,666,0.42,420,0.58,1
3,6,203,0,0,666,0.42,420,0.58,1
3,7,400,0,0,300,0.5,572,0.32,486,0.18,1
3,8,139,2,10,5,0,666,0.42,420,0.58,1
3,9,345,1,0,300,0.5,572,0.32,486,0.18,1
3,10,807,0,0,300,0.5,572,0.32,486,0.18,1
3,11,640,2,10,5,0,300,0.5,572,0.32,486,0.18,1
4,0,212,1,0,300,0.5,1700,0.5,1
4,1,44,1,0,666,0.42,420,0.58,1
4,2,720,2,10,5,0,300,0.5,1700,0.5,1
4,3,74,0,0,300,0.5,1700,0.5,1
4,4,413,1,0,300,0.5,1700,0.5,1
4,5,521,0,0,666,0.42,420,0.58,1
4,6,181,2,10,5,0,300,0.5,1700,0.5,1
4,7,858,0,0,300,0.5,572,0.32,486,0.18,1
4,8,872,1,0,666,0.42,420,0.58,1
4,9,847,2,10,5,0,500,0.6,1000,0.2,1400,0.2,1
4,10,336,2,10,5,0,666,0.42,420,0.58,1
4,11,565,0,0,666,0.42,420,0.58,1
5,0,205,0,0,666,0.42,420,0.58,1
5,1,528,1,0,500,0.6,1000,0.2,1400,0.2,1
5,2,308,2,10,5,0,300,0.5,572,0.32,486,0.18,1
5,3,182,2,10,5,0,300,0.5,1700,0.5,1
5,4,767,2,10,5,0,500,0.6,1000,0.2,1400,0.2,1
5,5,261,1,0,500,0.6,1000,0.2,1400,0.2,1
5,6,230,1,0,500,0.6,1000,0.2,1400,0.2,1
5,7,933,1,0,300,0.5,1700,0.5,1
5,8,578,1,0,300,0.5,1700,0.5,1
5,9,217,2,10,5,0,500,0.6,1000,0.2,1400,0.2,1
5,10,415,0,0,500,0.6,1000,0.2,1400,0.2,1
5,11,960,2,10,5,0,300,0.5,1700,0.5,1
6,0,981,2,10,5,0,300,0.5,572,0.32,486,0.18,1
6,1,302,0,0,300,0.5,1700,0.5,1
6,2,875,2,10,5,0,300,0.5,1700,0.5,1
6,3,874,1,0,300,0.5,1700,0.5,1
6,4,960,0,0,300,0.5,1700,0.5,1
6,5,752,1,0,500,0.6,1000,0.2,1400,0.2,1
6,6,395,0,0,666,0.42,420,0.58,1
6,7,368,1,0,666,0.42,420,0.58,1
6,8,88,0,0,300,0.5,572,0.32,486,0.18,1
6,9,409,0,0,500,0.6,1000,0.2,1400,0.2,1
6,10,142,2,10,5,0,500,0.6,1000,0.2,1400,0.2,1
6,11,727,1,0,666,0.42,420,0.58,1
7,0,82,1,0,666,0.42,420,0.58,1
7,1,17,2,10,5,0,300,0.5,1700,0.5,1
7,2,583,0,0,300,0.5,1700,0.5,1
7,3,432,1,0,300,0.5,1700,0.5,1
7,4,901,2,10,5,0,666,0.42,420,0.58,1
7,5,747,0,0,500,0.6,1000,0.2,1400,0.2,1
7,6,355,0,0,500,0.6,1000,0.2,1400,0.2,1
7,7,26,2,10,5,0,300,0.5,1700,0.5,1
7,8,125,1,0,300,0.5,1700,0.5,1
7,9,629,1,0,666,0.42,420,0.58,1
7,10,536,1,0,666,0.42,420,0.58,1
7,11,606,1,0,300,0.5,572,0.32,486,0.18,1
8,0,483,1,0,300,0.5,572,0.32,486,0.18,1
8,1,749,2,10,5,0,500,0.6,1000,0.2,1400,0.2,1
8,2,384,1,0,666,0.42,420,0.58,1
8,3,947,2,10,5,0,500,0.6,1000,0.2,1400,0.2,1
8,4,89,1,0,666,0.42,420,0.58,1
8,5,115,1,0,666,0.42,420,0.58,1
8,6,903,2,10,5,0,300,0.5,1700,0.5,1
8,7,460,0,0,500,0.6,1000,0.2,1400,0.2,1
8,8,595,1,0,300,0.5,572,0.32,486,0.18,1
8,9,911,0,0,300,0.5,572,0.32,486,0.18,1
8,10,227,0,0,500,0.6,1000,0.2,1400,0.2,1
8,11,331,0,0,500,0.6,1000,0.2,1400,0.2,1
9,0,517,1,0,666,0.42,420,0.58,1
9,1,798,0,0,666,0.42,420,0.58,1
9,2,30,1,0,666,0.42,420,0.58,1
9,3,902,2,10,5,0,300,0.5,1700,0.5,1
9,4,697,0,0,500,0.6,1000,0.2,1400,0.2,1
9,5,68,1,0,300,0.5,1700,0.5,1
9,6,860,2,10,5,0,300,0.5,572,0.32,486,0.18,1
9,7,899,2,10,5,0,300,0.5,572,0.32,486,0.18,1
9,8,97,0,0,500,0.6,1000,0.2,1400,0.2,1
9,9,825,2,10,5,0,300,0.5,1700,0.5,1
9,10,542,1,0,500,0.6,1000,0.2,1400,0.2,1
9,11,99,2,10,5,0,300,0.5,572,0.32,486,0.18,1
10,0,143,1,0,300,0.5,572,0.32,486,0.18,1
10,1,951,1,0,300,0.5,572,0.32,486,0.18,1
10,2,754,1,0,300,0.5,572,0.32,486,0.18,1
10,3,229,2,10,5,0,500,0.6,1000,0.2,1400,0.2,1
10,4,43,2,10,5,0,300,0.5,572,0.32,486,0.18,1
10,5,298,0,0,666,0.42,420,0.58,1
10,6,165,1,0,300,0.5,572,0.32,486,0.18,1
10,7,999,2,10,5,0,500,0.6,1000,0.2,1400,0.2,1
10,8,286,1,0,300,0.5,1700,0.5,1
10,9,251,0,0,300,0.5,1700,0.5,1
10,10,123,0,0,300,0.5,1700,0.5,1
10,11,267,0,0,500,0.6,1000,0.2,1400,0.2,1
11,0,968,1,0,300,0.5,572,0.32,486,0.18,1
11,1,881,2,10,5,0,500,0.6,1000,0.2,1400,0.2,1
11,2,225,2,10,5,0,500,0.6,1000,0.2,1400,0.2,1
11,3,655,2,10,5,0,300,0.5,572,0.32,486,0.18,1
11,4,620,1,0,300,0.5,1700,0.5,1
11,5,55,2,10,5,0,500,0.6,1000,0.2,1400,0.2,1
11,6,429,0,0,666,0.42,420,0.58,1
11,7,284,0,0,300,0.5,572,0.32,486,0.18,1
11,8,982,2,10,5,0,500,0.6,1000,0.2,1400,0.2,1
11,9,991,1,0,300,0.5,1700,0.5,1
11,10,136,2,10,5,0,666,0.42,420,0.58,1
11,11,615,0,0,500,0.6,1000,0.2,1400,0.2,1
