0,0,865,0,0,300,0.5,1700,0.5,1
0,1,135,0,0,300,0.5,1700,0.5,1
0,2,260,2,10,5,0,500,0.6,1000,0.2,1400,0.2,1
0,3,562,1,0,666,0.42,420,0.58,1
0,4,313,0,0,666,0.42,420,0.58,1
0,5,123,1,0,300,0.5,1700,0.5,1
0,6,187,0,0,300,0.5,1700,0.5,1
0,7,113,1,0,500,0.6,1000,0.2,1400,0.2,1
0,8,526,1,0,300,0.5,1700,0.5,1
0,9,209,0,0,300,0.5,572,0.32,486,0.18,1
0,10,577,2,10,5,0,300,0.5,572,0.32,486,0.18,1
0,11,340,2,10,5,0,300,0.5,1700,0.5,1
1,0,408,2,10,5,0,500,0.6,1000,0.2,1400,0.2,0
1,1,129,1,0,300,0.5,572,0.32,486,0.18,0
1,2,964,0,0,300,0.5,572,0.32,486,0.18,0
1,3,703,1,0,300,0.5,572,0.32,486,0.18,0
1,4,713,0,0,300,0.5,1700,0.5,0
1,5,737,1,0,500,0.6,1000,0.2,1400,0.2,0
1,6,296,2,10,5,0,300,0.5,1700,0.5,0
1,7,710,1,0,500,0.6,1000,0.2,1400,0.2,0
1,8,925,0,0,500,0.6,1000,0.2,1400,0.2,0
1,9,702,1,0,300,0.5,572,0.32,486,0.18,0
1,10,661,1,0,300,0.5,1700,0.5,0
1,11,901,0,0,500,0.6,1000,0.2,1400,0.2,0
2,0,524,2,10,5,0,300,0.5,572,0.32,486,0.18,1
2,1,687,0,0,666,0.42,420,0.58,1
2,2,540,0,0,300,0.5,1700,0.5,1
2,3,763,2,10,5,0,666,0.42,420,0.58,1
2,4,736,0,0,666,0.42,420,0.58,1
2,5,671,2,10,5,0,300,0.5,1700,0.5,1
2,6,457,2,10,5,0,666,0.42,420,0.58,1
2,7,270,0,0,500,0.6,1000,0.2,1400,0.2,1
2,8,997,1,0,500,0.6,1000,0.2,1400,0.2,1
2,9,81,1,0,500,0.6,1000,0.2,1400,0.2,1
2,10,220,0,0,300,0.5,1700,0.5,1
2,11,426,0,0,500,0.6,1000,0.2,1400,0.2,1
3,0,603,2,10,5,0,300,0.5,572,0.32,486,0.18,1
3,1,156,1,0,500,0.6,1000,0.2,1400,0.2,1
3,2,548,1,0,300,0.5,572,0.32,486,0.18,1
3,3,109,2,10,5,0,300,0.5,572,0.32,486,0.18,1
3,4,324,2,10,5,0,500,0.6,1000,0.2,1400,0.2,1
3,5,184,2,10,5,0,500,0.6,1000,0.2,1400,0.2,1
3,6,591,0,0,500,0.6,1000,0.2,1400,0.2,1
3,7,760,2,10,5,0,500,0.6,1000,0.2,1400,0.2,1
3,8,462,0,0,300,0.5,572,0.32,486,0.18,1
3,9,243,2,10,5,0,300,0.5,1700,0.5,1
3,10,637,0,0,666,0.42,420,0.58,1
3,11,592,2,10,5,0,666,0.42,420,0.58,1
4,0,912,1,0,666,0.42,420,0.58,1
4,1,846,2,10,5,0,500,0.6,1000,0.2,1400,0.2,1
4,2,826,2,10,5,0,666,0.42,420,0.58,1
4,3,254,1,0,666,0.42,420,0.58,1
4,4,60,1,0,300,0.5,1700,0.5,1
4,5,164,0,0,666,0.42,420,0.58,1
4,6,335,0,0,300,0.5,572,0.32,486,0.18,1
4,7,924,1,0,300,0.5,1700,0.5,1
4,8,407,1,0,500,0.6,1000,0.2,1400,0.2,1
4,9,781,0,0,300,0.5,572,0.32,486,0.18,1
4,10,992,1,0,300,0.5,572,0.32,486,0.18,1
4,11,286,1,0,300,0.5,1700,0.5,1
5,0,818,0,0,300,0.5,572,0.32,486,0.18,1
5,1,775,2,10,5,0,300,0.5,572,0.32,486,0.18,1
5,2,773,2,10,5,0,300,0.5,572,0.32,486,0.18,1
5,3,718,1,0,666,0.42,420,0.58,1
5,4,805,0,0,666,0.42,420,0.58,1
5,5,639,1,0,300,0.5,572,0.32,486,0.18,1
5,6,160,0,0,666,0.42,420,0.58,1
5,7,260,2,10,5,0,666,0.42,420,0.58,1
5,8,905,1,0,300,0.5,1700,0.5,1
5,9,140,1,0,300,0.5,572,0.32,486,0.18,1
5,10,996,0,0,500,0.6,1000,0.2,1400,0.2,1
5,11,378,2,10,5,0,666,0.42,420,0.58,1
6,0,588,1,0,500,0.6,1000,0.2,1400,0.2,1
6,1,205,0,0,500,0.6,1000,0.2,1400,0.2,1
6,2,66,0,0,300,0.5,1700,0.5,1
6,3,781,2,10,5,0,300,0.5,1700,0.5,1
6,4,853,0,0,300,0.5,1700,0.5,1
6,5,636,0,0,300,0.5,1700,0.5,1
6,6,267,1,0,666,0.42,420,0.58,1
6,7,875,0,0,300,0.5,1700,0.5,1
6,8,619,0,0,300,0.5,1700,0.5,1
6,9,943,1,0,300,0.5,572,0.32,486,0.18,1
6,10,130,2,10,5,0,500,0.6,1000,0.2,1400,0.2,1
6,11,676,2,10,5,0,500,0.6,1000,0.2,1400,0.2,1
7,0,348,1,0,500,0.6,1000,0.2,1400,0.2,1
7,1,554,1,0,300,0.5,1700,0.5,1
7,2,29,1,0,500,0.6,1000,0.2,1400,0.2,1
7,3,102,2,10,5,0,300,0.5,572,0.32,486,0.18,1
7,4,455,2,10,5,0,666,0.42,420,0.58,1
7,5,469,1,0,666,0.42,420,0.58,1
7,6,929,2,10,5,0,300,0.5,572,0.32,486,0.18,1
7,7,676,0,0,500,0.6,1000,0.2,1400,0.2,1
7,8,511,1,0,500,0.6,1000,0.2,1400,0.2,1
7,9,946,2,10,5,0,300,0.5,1700,0.5,1
7,10,896,0,0,300,0.5,1700,0.5,1
7,11,548,2,10,5,0,666,0.42,420,0.58,1
8,0,490,0,0,666,0.42,420,0.58,1
8,1,106,2,10,5,0,500,0.6,1000,0.2,1400,0.2,1
8,2,523,2,10,5,0,666,0.42,420,0.58,1
8,3,125,2,10,5,0,300,0.5,1700,0.5,1
8,4,641,0,0,300,0.5,1700,0.5,1
8,5,946,1,0,300,0.5,1700,0.5,1
8,6,812,2,10,5,0,300,0.5,1700,0.5,1
8,7,619,1,0,300,0.5,572,0.32,486,0.18,1
8,8,847,1,0,500,0.6,1000,0.2,1400,0.2,1
8,9,586,1,0,300,0.5,1700,0.5,1
8,10,289,0,0,500,0.6,1000,0.2,1400,0.2,1
8,11,305,0,0,300,0.5,1700,0.5,1
9,0,513,1,0,666,0.42,420,0.58,1
9,1,681,0,0,500,0.6,1000,0.2,1400,0.2,1
9,2,915,0,0,666,0.42,420,0.58,1
9,3,121,0,0,300,0.5,572,0.32,486,0.18,1
9,4,833,2,10,5,0,666,0.42,420,0.58,1
9,5,640,2,10,5,0,300,0.5,1700,0.5,1
9,6,375,0,0,300,0.5,1700,0.5,1
9,7,44,0,0,666,0.42,420,0.58,1
9,8,238,0,0,300,0.5,1700,0.5,1
9,9,708,0,0,666,0.42,420,0.58,1
9,10,904,1,0,300,0.5,572,0.32,486,0.18,1
9,11,595,1,0,300,0.5,572,0.32,486,0.18,1
10,0,448,0,0,666,0.42,420,0.58,1
10,1,780,1,0,300,0.5,572,0.32,486,0.18,1
10,2,560,2,10,5,0,300,0.5,1700,0.5,1
10,3,410,0,0,666,0.42,420,0.58,1
10,4,934,0,0,666,0.42,420,0.58,1
10,5,433,1,0,300,0.5,572,0.32,486,0.18,1
10,6,72,1,0,300,0.5,1700,0.5,1
10,7,635,1,0,300,0.5,1700,0.5,1
10,8,880,2,10,5,0,666,0.42,420,0.58,1
10,9,802,2,10,5,0,300,0.5,572,0.32,486,0.18,1
10,10,509,2,10,5,0,500,0.6,1000,0.2,1400,0.2,1
10,11,977,1,0,500,0.6,1000,0.2,1400,0.2,1
11,0,529,1,0,666,0.42,420,0.58,1
11,1,67,2,10,5,0,666,0.42,420,0.58,1
11,2,862,1,0,500,0.6,1000,0.2,1400,0.2,1
11,3,157,2,10,5,0,300,0.5,1700,0.5,1
11,4,653,1,0,300,0.5,1700,0.5,1
11,5,59,0,0,666,0.42,420,0.58,1
11,6,298,0,0,666,0.42,420,0.58,1
11,7,459,2,10,5,0,300,0.5,572,0.32,486,0.18,1
11,8,650,2,10,5,0,666,0.42,420,0.58,1
11,9,496,1,0,500,0.6,1000,0.2,1400,0.2,1
11,10,531,0,0,300,0.5,1700,0.5,1
11,11,330,1,0,300,0.5,572,0.32,486,0.18,1
