0,0,353,0,0,300,0.5,572,0.32,486,0.18,1
0,1,583,1,0,666,0.42,420,0.58,1
0,2,556,0,0,300,0.5,1700,0.5,1
0,3,427,2,10,5,0,666,0.42,420,0.58,1
0,4,427,1,0,666,0.42,420,0.58,1
0,5,100,1,0,500,0.6,1000,0.2,1400,0.2,1
0,6,863,2,10,5,0,500,0.6,1000,0.2,1400,0.2,1
0,7,725,0,0,300,0.5,572,0.32,486,0.18,1
0,8,951,2,10,5,0,300,0.5,1700,0.5,1
0,9,622,2,10,5,0,666,0.42,420,0.58,1
0,10,512,1,0,666,0.42,420,0.58,1
0,11,523,0,0,300,0.5,572,0.32,486,0.18,1
1,0,199,1,0,500,0.6,1000,0.2,1400,0.2,0
1,1,586,1,0,300,0.5,572,0.32,486,0.18,0
1,2,504,0,0,666,0.42,420,0.58,0
1,3,745,2,10,5,0,300,0.5,1700,0.5,0
1,4,370,0,0,500,0.6,1000,0.2,1400,0.2,0
1,5,377,0,0,500,0.6,1000,0.2,1400,0.2,0
1,6,75,0,0,500,0.6,1000,0.2,1400,0.2,0
1,7,248,1,0,300,0.5,572,0.32,486,0.18,0
1,8,68,0,0,666,0.42,420,0.58,0
1,9,69,0,0,500,0.6,1000,0.2,1400,0.2,0
1,10,339,2,10,5,0,666,0.42,420,0.58,0
1,11,561,2,10,5,0,500,0.6,1000,0.2,1400,0.2,0
2,0,343,0,0,666,0.42,420,0.58,1
2,1,228,0,0,300,0.5,1700,0.5,1
2,2,569,2,10,5,0,500,0.6,1000,0.2,1400,0.2,1
2,3,659,0,0,300,0.5,1700,0.5,1
2,4,400,0,0,300,0.5,572,0.32,486,0.18,1
2,5,737,2,10,5,0,300,0.5,572,0.32,486,0.18,1
2,6,370,1,0,500,0.6,1000,0.2,1400,0.2,1
2,7,81,0,0,500,0.6,1000,0.2,1400,0.2,1
2,8,496,2,10,5,0,300,0.5,1700,0.5,1
2,9,416,2,10,5,0,666,0.42,420,0.58,1
2,10,541,0,0,300,0.5,572,0.32,486,0.18,1
2,11,82,0,0,300,0.5,572,0.32,486,0.18,1
3,0,687,1,0,300,0.5,1700,0.5,1
3,1,966,2,10,5,0,300,0.5,572,0.32,486,0.18,1
3,2,993,1,0,500,0.6,1000,0.2,1400,0.2,1
3,3,383,0,0,500,0.6,1000,0.2,1400,0.2,1
3,4,664,2,10,5,0,500,0.6,1000,0.2,1400,0.2,1
3,5,136,1,0,500,0.6,1000,0.2,1400,0.2,1
3,6,801,1,0,666,0.42,420,0.58,1
3,7,159,1,0,300,0.5,1700,0.5,1
3,8,313,2,10,5,0,666,0.42,420,0.58,1
3,9,916,2,10,5,0,300,0.5,572,0.32,486,0.18,1
3,10,312,0,0,666,0.42,420,0.58,1
3,11,474,0,0,300,0.5,572,0.32,486,0.18,1
4,0,512,0,0,500,0.6,1000,0.2,1400,0.2,1
4,1,847,2,10,5,0,300,0.5,1700,0.5,1
4,2,440,1,0,666,0.42,420,0.58,1
4,3,617,2,10,5,0,300,0.5,572,0.32,486,0.18,1
4,4,495,1,0,300,0.5,572,0.32,486,0.18,1
4,5,454,1,0,300,0.5,572,0.32,486,0.18,1
4,6,61,1,0,666,0.42,420,0.58,1
4,7,550,0,0,666,0.42,420,0.58,1
4,8,461,1,0,300,0.5,572,0.32,486,0.18,1
4,9,595,1,0,500,0.6,1000,0.2,1400,0.2,1
4,10,991,0,0,666,0.42,420,0.58,1
4,11,787,2,10,5,0,500,0.6,1000,0.2,1400,0.2,1
5,0,736,0,0,500,0.6,1000,0.2,1400,0.2,1
5,1,450,2,10,5,0,500,0.6,1000,0.2,1400,0.2,1
5,2,93,0,0,300,0.5,572,0.32,486,0.18,1
5,3,791,2,10,5,0,500,0.6,1000,0.2,1400,0.2,1
5,4,496,1,0,666,0.42,420,0.58,1
5,5,656,0,0,500,0.6,1000,0.2,1400,0.2,1
5,6,769,1,0,666,0.42,420,0.58,1
5,7,104,0,0,300,0.5,1700,0.5,1
5,8,23,2,10,5,0,666,0.42,420,0.58,1
5,9,120,1,0,500,0.6,1000,0.2,1400,0.2,1
5,10,103,0,0,300,0.5,572,0.32,486,0.18,1
5,11,872,2,10,5,0,666,0.42,420,0.58,1
6,0,402,2,10,5,0,666,0.42,420,0.58,1
6,1,489,2,10,5,0,300,0.5,1700,0.5,1
6,2,256,1,0,300,0.5,1700,0.5,1
6,3,735,1,0,300,0.5,1700,0.5,1
6,4,316,2,10,5,0,500,0.6,1000,0.2,1400,0.2,1
6,5,258,2,10,5,0,300,0.5,1700,0.5,1
6,6,135,1,0,300,0.5,572,0.32,486,0.18,1
6,7,798,0,0,300,0.5,572,0.32,486,0.18,1
6,8,251,0,0,666,0.42,420,0.58,1
6,9,611,0,0,300,0.5,1700,0.5,1
6,10,584,0,0,500,0.6,1000,0.2,1400,0.2,1
6,11,661,1,0,500,0.6,1000,0.2,1400,0.2,1
7,0,706,2,10,5,0,300,0.5,1700,0.5,1
7,1,293,1,0,500,0.6,1000,0.2,1400,0.2,1
7,2,299,0,0,500,0.6,1000,0.2,1400,0.2,1
7,3,765,2,10,5,0,666,0.42,420,0.58,1
7,4,803,0,0,300,0.5,1700,0.5,1
7,5,411,0,0,300,0.5,572,0.32,486,0.18,1
7,6,154,1,0,300,0.5,572,0.32,486,0.18,1
7,7,291,0,0,500,0.6,1000,0.2,1400,0.2,1
7,8,659,0,0,300,0.5,1700,0.5,1
7,9,383,1,0,666,0.42,420,0.58,1
7,10,446,0,0,500,0.6,1000,0.2,1400,0.2,1
7,11,849,1,0,300,0.5,572,0.32,486,0.18,1
8,0,107,2,10,5,0,500,0.6,1000,0.2,1400,0.2,1
8,1,449,2,10,5,0,500,0.6,1000,0.2,1400,0.2,1
8,2,979,2,10,5,0,666,0.42,420,0.58,1
8,3,63,0,0,666,0.42,420,0.58,1
8,4,834,1,0,300,0.5,572,0.32,486,0.18,1
8,5,207,1,0,300,0.5,572,0.32,486,0.18,1
8,6,981,0,0,300,0.5,572,0.32,486,0.18,1
8,7,956,1,0,300,0.5,1700,0.5,1
8,8,476,2,10,5,0,300,0.5,572,0.32,486,0.18,1
8,9,23,1,0,666,0.42,420,0.58,1
8,10,280,2,10,5,0,500,0.6,1000,0.2,1400,0.2,1
8,11,983,0,0,666,0.42,420,0.58,1
9,0,894,2,10,5,0,500,0.6,1000,0.2,1400,0.2,1
9,1,571,2,10,5,0,500,0.6,1000,0.2,1400,0.2,1
9,2,614,2,10,5,0,300,0.5,1700,0.5,1
9,3,865,0,0,500,0.6,1000,0.2,1400,0.2,1
9,4,327,0,0,300,0.5,572,0.32,486,0.18,1
9,5,845,1,0,300,0.5,572,0.32,486,0.18,1
9,6,136,0,0,500,0.6,1000,0.2,1400,0.2,1
9,7,885,1,0,666,0.42,420,0.58,1
9,8,603,0,0,300,0.5,572,0.32,486,0.18,1
9,9,173,2,10,5,0,666,0.42,420,0.58,1
9,10,238,1,0,500,0.6,1000,0.2,1400,0.2,1
9,11,81,2,10,5,0,300,0.5,572,0.32,486,0.18,1
10,0,970,0,0,500,0.6,1000,0.2,1400,0.2,1
10,1,611,2,10,5,0,500,0.6,1000,0.2,1400,0.2,1
10,2,965,0,0,500,0.6,1000,0.2,1400,0.2,1
10,3,854,2,10,5,0,500,0.6,1000,0.2,1400,0.2,1
10,4,16,0,0,300,0.5,572,0.32,486,0.18,1
10,5,970,1,0,666,0.42,420,0.58,1
10,6,160,0,0,500,0.6,1000,0.2,1400,0.2,1
10,7,469,1,0,500,0.6,1000,0.2,1400,0.2,1
10,8,148,2,10,5,0,300,0.5,1700,0.5,1
10,9,195,2,10,5,0,300,0.5,1700,0.5,1
10,10,129,1,0,666,0.42,420,0.58,1
10,11,458,1,0,300,0.5,572,0.32,486,0.18,1
11,0,39,0,0,666,0.42,420,0.58,1
11,1,320,1,0,666,0.42,420,0.58,1
11,2,938,2,10,5,0,666,0.42,420,0.58,1
11,3,33,0,0,300,0.5,572,0.32,486,0.18,1
11,4,309,2,10,5,0,300,0.5,1700,0.5,1
11,5,995,2,10,5,0,500,0.6,1000,0.2,1400,0.2,1
11,6,466,2,10,5,0,300,0.5,1700,0.5,1
11,7,575,1,0,300,0.5,1700,0.5,1
11,8,515,2,10,5,0,300,0.5,572,0.32,486,0.18,1
11,9,782,0,0,500,0.6,1000,0.2,1400,0.2,1
11,10,134,1,0,500,0.6,1000,0.2,1400,0.2,1
11,11,806,2,10,5,0,300,0.5,572,0.32,486,0.18,1
