0,0,307,1,0,666,0.42,420,0.58,1
0,1,893,2,10,5,0,300,0.5,572,0.32,486,0.18,1
0,2,555,1,0,300,0.5,572,0.32,486,0.18,1
0,3,355,2,10,5,0,300,0.5,1700,0.5,1
0,4,751,2,10,5,0,300,0.5,572,0.32,486,0.18,1
0,5,327,0,0,666,0.42,420,0.58,1
0,6,477,0,0,500,0.6,1000,0.2,1400,0.2,1
0,7,820,2,10,5,0,500,0.6,1000,0.2,1400,0.2,1
0,8,502,0,0,666,0.42,420,0.58,1
0,9,441,1,0,666,0.42,420,0.58,1
0,10,68,2,10,5,0,500,0.6,1000,0.2,1400,0.2,1
0,11,593,1,0,300,0.5,572,0.32,486,0.18,1
1,0,99,1,0,300,0.5,572,0.32,486,0.18,0
1,1,474,0,0,666,0.42,420,0.58,0
1,2,771,0,0,666,0.42,420,0.58,0
1,3,984,1,0,300,0.5,1700,0.5,0
1,4,339,1,0,300,0.5,572,0.32,486,0.18,0
1,5,246,2,10,5,0,500,0.6,1000,0.2,1400,0.2,0
1,6,890,0,0,500,0.6,1000,0.2,1400,0.2,0
1,7,47,2,10,5,0,666,0.42,420,0.58,0
1,8,235,0,0,300,0.5,1700,0.5,0
1,9,253,1,0,666,0.42,420,0.58,0
1,10,79,2,10,5,0,300,0.5,572,0.32,486,0.18,0
1,11,473,1,0,666,0.42,420,0.58,0
2,0,25,1,0,500,0.6,1000,0.2,1400,0.2,1
2,1,305,2,10,5,0,500,0.6,1000,0.2,1400,0.2,1
2,2,591,1,0,500,0.6,1000,0.2,1400,0.2,1
2,3,11,1,0,300,0.5,1700,0.5,1
2,4,770,2,10,5,0,500,0.6,1000,0.2,1400,0.2,1
2,5,301,2,10,5,0,666,0.42,420,0.58,1
2,6,119,2,10,5,0,666,0.42,420,0.58,1
2,7,806,2,10,5,0,666,0.42,420,0.58,1
2,8,367,2,10,5,0,500,0.6,1000,0.2,1400,0.2,1
2,9,588,1,0,300,0.5,572,0.32,486,0.18,1
2,10,220,0,0,300,0.5,572,0.32,486,0.18,1
2,11,868,1,0,666,0.42,420,0.58,1
3,0,991,1,0,500,0.6,1000,0.2,1400,0.2,1
3,1,241,1,0,300,0.5,1700,0.5,1
3,2,765,0,0,300,0.5,572,0.32,486,0.18,1
3,3,13,1,0,300,0.5,572,0.32,486,0.18,1
3,4,880,0,0,300,0.5,572,0.32,486,0.18,1
3,5,118,1,0,300,0.5,1700,0.5,1
3,6,365,2,10,5,0,666,0.42,420,0.58,1
3,7,195,0,0,666,0.42,420,0.58,1
3,8,58,2,10,5,0,666,0.42,420,0.58,1
3,9,334,2,10,5,0,666,0.42,420,0.58,1
3,10,895,0,0,500,0.6,1000,0.2,1400,0.2,1
3,11,915,2,10,5,0,300,0.5,1700,0.5,1
4,0,716,1,0,300,0.5,572,0.32,486,0.18,1
4,1,989,2,10,5,0,500,0.6,1000,0.2,1400,0.2,1
4,2,678,0,0,666,0.42,420,0.58,1
4,3,564,0,0,300,0.5,1700,0.5,1
4,4,117,0,0,300,0.5,572,0.32,486,0.18,1
4,5,169,2,10,5,0,300,0.5,572,0.32,486,0.18,1
4,6,170,1,0,666,0.42,420,0.58,1
4,7,845,2,10,5,0,300,0.5,572,0.32,486,0.18,1
4,8,29,0,0,666,0.42,420,0.58,1
4,9,842,0,0,666,0.42,420,0.58,1
4,10,198,1,0,300,0.5,572,0.32,486,0.18,1
4,11,554,0,0,666,0.42,420,0.58,1
5,0,438,0,0,300,0.5,1700,0.5,1
5,1,973,2,10,5,0,300,0.5,1700,0.5,1
5,2,178,1,0,666,0.42,420,0.58,1
5,3,996,0,0,300,0.5,572,0.32,486,0.18,1
5,4,944,2,10,5,0,500,0.6,1000,0.2,1400,0.2,1
5,5,834,1,0,300,0.5,1700,0.5,1
5,6,817,0,0,666,0.42,420,0.58,1
5,7,187,2,10,5,0,300,0.5,572,0.32,486,0.18,1
5,8,318,2,10,5,0,500,0.6,1000,0.2,1400,0.2,1
5,9,843,1,0,666,0.42,420,0.58,1
5,10,32,0,0,300,0.5,572,0.32,486,0.18,1
5,11,879,2,10,5,0,300,0.5,572,0.32,486,0.18,1
6,0,275,2,10,5,0,300,0.5,572,0.32,486,0.18,1
6,1,981,0,0,300,0.5,1700,0.5,1
6,2,570,2,10,5,0,300,0.5,572,0.32,486,0.18,1
6,3,444,1,0,500,0.6,1000,0.2,1400,0.2,1
6,4,186,2,10,5,0,300,0.5,1700,0.5,1
6,5,579,2,10,5,0,500,0.6,1000,0.2,1400,0.2,1
6,6,127,0,0,300,0.5,1700,0.5,1
6,7,696,1,0,666,0.42,420,0.58,1
6,8,278,1,0,300,0.5,572,0.32,486,0.18,1
6,9,786,0,0,666,0.42,420,0.58,1
6,10,699,0,0,666,0.42,420,0.58,1
6,11,299,2,10,5,0,666,0.42,420,0.58,1
7,0,696,1,0,666,0.42,420,0.58,1
7,1,71,0,0,500,0.6,1000,0.2,1400,0.2,1
7,2,321,2,10,5,0,300,0.5,1700,0.5,1
7,3,147,2,10,5,0,300,0.5,1700,0.5,1
7,4,950,2,10,5,0,300,0.5,1700,0.5,1
7,5,670,2,10,5,0,666,0.42,420,0.58,1
7,6,101,0,0,500,0.6,1000,0.2,1400,0.2,1
7,7,250,1,0,666,0.42,420,0.58,1
7,8,920,1,0,300,0.5,572,0.32,486,0.18,1
7,9,967,0,0,300,0.5,572,0.32,486,0.18,1
7,10,141,2,10,5,0,300,0.5,572,0.32,486,0.18,1
7,11,634,0,0,300,0.5,572,0.32,486,0.18,1
8,0,240,0,0,666,0.42,420,0.58,1
8,1,429,2,10,5,0,500,0.6,1000,0.2,1400,0.2,1
8,2,149,1,0,666,0.42,420,0.58,1
8,3,949,0,0,300,0.5,1700,0.5,1
8,4,163,2,10,5,0,500,0.6,1000,0.2,1400,0.2,1
8,5,923,1,0,300,0.5,572,0.32,486,0.18,1
8,6,249,1,0,300,0.5,572,0.32,486,0.18,1
8,7,653,1,0,300,0.5,1700,0.5,1
8,8,73,0,0,666,0.42,420,0.58,1
8,9,887,2,10,5,0,300,0.5,572,0.32,486,0.18,1
8,10,394,0,0,500,0.6,1000,0.2,1400,0.2,1
8,11,980,1,0,666,0.42,420,0.58,1
9,0,869,2,10,5,0,666,0.42,420,0.58,1
9,1,57,1,0,300,0.5,572,0.32,486,0.18,1
9,2,224,2,10,5,0,300,0.5,1700,0.5,1
9,3,938,0,0,300,0.5,572,0.32,486,0.18,1
9,4,503,1,0,300,0.5,572,0.32,486,0.18,1
9,5,372,0,0,300,0.5,1700,0.5,1
9,6,428,0,0,666,0.42,420,0.58,1
9,7,66,0,0,500,0.6,1000,0.2,1400,0.2,1
9,8,867,0,0,666,0.42,420,0.58,1
9,9,865,2,10,5,0,500,0.6,1000,0.2,1400,0.2,1
9,10,245,0,0,300,0.5,1700,0.5,1
9,11,88,2,10,5,0,300,0.5,572,0.32,486,0.18,1
10,0,448,2,10,5,0,666,0.42,420,0.58,1
10,1,62,0,0,300,0.5,1700,0.5,1
10,2,382,0,0,300,0.5,1700,0.5,1
10,3,526,2,10,5,0,300,0.5,572,0.32,486,0.18,1
10,4,405,1,0,666,0.42,420,0.58,1
10,5,709,1,0,500,0.6,1000,0.2,1400,0.2,1
10,6,976,0,0,666,0.42,420,0.58,1
10,7,641,0,0,666,0.42,420,0.58,1
10,8,493,2,10,5,0,300,0.5,1700,0.5,1
10,9,863,0,0,666,0.42,420,0.58,1
10,10,644,0,0,300,0.5,572,0.32,486,0.18,1
10,11,290,1,0,666,0.42,420,0.58,1
11,0,249,0,0,666,0.42,420,0.58,1
11,1,601,0,0,500,0.6,1000,0.2,1400,0.2,1
11,2,508,0,0,300,0.5,572,0.32,486,0.18,1
11,3,502,0,0,300,0.5,572,0.32,486,0.18,1
11,4,930,2,10,5,0,300,0.5,1700,0.5,1
11,5,857,2,10,5,0,500,0.6,1000,0.2,1400,0.2,1
11,6,655,0,0,300,0.5,1700,0.5,1
11,7,280,2,10,5,0,300,0.5,1700,0.5,1
11,8,932,2,10,5,0,500,0.6,1000,0.2,1400,0.2,1
11,9,254,1,0,666,0.42,420,0.58,1
11,10,547,1,0,300,0.5,572,0.32,486,0.18,1
11,11,656,1,0,500,0.6,1000,0.2,1400,0.2,1
