0,0,675,1,0,500,0.6,1000,0.2,1400,0.2,1
0,1,519,0,0,300,0.5,1700,0.5,1
0,2,795,2,10,5,0,300,0.5,1700,0.5,1
0,3,543,2,10,5,0,300,0.5,1700,0.5,1
0,4,822,1,0,300,0.5,572,0.32,486,0.18,1
0,5,418,0,0,666,0.42,420,0.58,1
0,6,336,1,0,300,0.5,1700,0.5,1
0,7,378,2,10,5,0,666,0.42,420,0.58,1
0,8,291,1,0,500,0.6,1000,0.2,1400,0.2,1
0,9,721,1,0,500,0.6,1000,0.2,1400,0.2,1
0,10,794,2,10,5,0,300,0.5,572,0.32,486,0.18,1
0,11,652,1,0,300,0.5,1700,0.5,1
1,0,83,2,10,5,0,300,0.5,572,0.32,486,0.18,0
1,1,904,2,10,5,0,300,0.5,1700,0.5,0
1,2,343,2,10,5,0,300,0.5,572,0.32,486,0.18,0
1,3,121,1,0,300,0.5,572,0.32,486,0.18,0
1,4,612,2,10,5,0,500,0.6,1000,0.2,1400,0.2,0
1,5,291,0,0,500,0.6,1000,0.2,1400,0.2,0
1,6,166,1,0,666,0.42,420,0.58,0
1,7,883,2,10,5,0,300,0.5,1700,0.5,0
1,8,882,0,0,500,0.6,1000,0.2,1400,0.2,0
1,9,607,0,0,300,0.5,572,0.32,486,0.18,0
1,10,189,1,0,300,0.5,1700,0.5,0
1,11,247,0,0,300,0.5,572,0.32,486,0.18,0
2,0,886,2,10,5,0,500,0.6,1000,0.2,1400,0.2,1
2,1,884,1,0,300,0.5,1700,0.5,1
2,2,797,0,0,300,0.5,1700,0.5,1
2,3,787,0,0,300,0.5,1700,0.5,1
2,4,260,1,0,300,0.5,1700,0.5,1
2,5,568,0,0,500,0.6,1000,0.2,1400,0.2,1
2,6,535,0,0,300,0.5,572,0.32,486,0.18,1
2,7,813,2,10,5,0,666,0.42,420,0.58,1
2,8,51,0,0,300,0.5,572,0.32,486,0.18,1
2,9,834,2,10,5,0,300,0.5,572,0.32,486,0.18,1
2,10,763,0,0,500,0.6,1000,0.2,1400,0.2,1
2,11,316,1,0,500,0.6,1000,0.2,1400,0.2,1
3,0,452,1,0,500,0.6,1000,0.2,1400,0.2,1
3,1,539,0,0,300,0.5,1700,0.5,1
3,2,434,2,10,5,0,300,0.5,1700,0.5,1
3,3,554,0,0,666,0.42,420,0.58,1
3,4,537,0,0,300,0.5,572,0.32,486,0.18,1
3,5,908,0,0,300,0.5,572,0.32,486,0.18,1
3,6,578,0,0,666,0.42,420,0.58,1
3,7,510,1,0,300,0.5,572,0.32,486,0.18,1
3,8,763,2,10,5,0,300,0.5,1700,0.5,1
3,9,561,2,10,5,0,300,0.5,572,0.32,486,0.18,1
3,10,324,2,10,5,0,300,0.5,572,0.32,486,0.18,1
3,11,490,1,0,300,0.5,572,0.32,486,0.18,1
4,0,235,2,10,5,0,666,0.42,420,0.58,1
4,1,51,2,10,5,0,666,0.42,420,0.58,1
4,2,300,1,0,666,0.42,420,0.58,1
4,3,295,0,0,300,0.5,1700,0.5,1
4,4,139,1,0,500,0.6,1000,0.2,1400,0.2,1
4,5,763,0,0,666,0.42,420,0.58,1
4,6,395,2,10,5,0,300,0.5,572,0.32,486,0.18,1
4,7,944,0,0,300,0.5,572,0.32,486,0.18,1
4,8,677,1,0,300,0.5,572,0.32,486,0.18,1
4,9,625,2,10,5,0,300,0.5,572,0.32,486,0.18,1
4,10,148,0,0,500,0.6,1000,0.2,1400,0.2,1
4,11,545,2,10,5,0,500,0.6,1000,0.2,1400,0.2,1
5,0,967,1,0,666,0.42,420,0.58,1
5,1,42,1,0,500,0.6,1000,0.2,1400,0.2,1
5,2,914,0,0,666,0.42,420,0.58,1
5,3,224,0,0,666,0.42,420,0.58,1
5,4,49,2,10,5,0,666,0.42,420,0.58,1
5,5,22,0,0,300,0.5,572,0.32,486,0.18,1
5,6,35,0,0,500,0.6,1000,0.2,1400,0.2,1
5,7,278,0,0,500,0.6,1000,0.2,1400,0.2,1
5,8,858,0,0,500,0.6,1000,0.2,1400,0.2,1
5,9,573,2,10,5,0,666,0.42,420,0.58,1
5,10,825,1,0,300,0.5,1700,0.5,1
5,11,611,0,0,300,0.5,572,0.32,486,0.18,1
6,0,541,2,10,5,0,666,0.42,420,0.58,1
6,1,525,2,10,5,0,500,0.6,1000,0.2,1400,0.2,1
6,2,668,2,10,5,0,300,0.5,1700,0.5,1
6,3,13,0,0,666,0.42,420,0.58,1
6,4,247,2,10,5,0,666,0.42,420,0.58,1
6,5,203,2,10,5,0,300,0.5,572,0.32,486,0.18,1
6,6,280,1,0,666,0.42,420,0.58,1
6,7,310,2,10,5,0,300,0.5,1700,0.5,1
6,8,976,1,0,500,0.6,1000,0.2,1400,0.2,1
6,9,536,1,0,300,0.5,572,0.32,486,0.18,1
6,10,520,2,10,5,0,300,0.5,1700,0.5,1
6,11,14,1,0,666,0.42,420,0.58,1
7,0,560,2,10,5,0,300,0.5,572,0.32,486,0.18,1
7,1,571,1,0,666,0.42,420,0.58,1
7,2,601,2,10,5,0,300,0.5,1700,0.5,1
7,3,10,1,0,300,0.5,1700,0.5,1
7,4,112,1,0,300,0.5,1700,0.5,1
7,5,20,2,10,5,0,666,0.42,420,0.58,1
7,6,348,1,0,500,0.6,1000,0.2,1400,0.2,1
7,7,389,0,0,500,0.6,1000,0.2,1400,0.2,1
7,8,408,1,0,666,0.42,420,0.58,1
7,9,208,0,0,500,0.6,1000,0.2,1400,0.2,1
7,10,995,1,0,300,0.5,1700,0.5,1
7,11,970,1,0,300,0.5,572,0.32,486,0.18,1
8,0,613,0,0,300,0.5,572,0.32,486,0.18,1
8,1,263,1,0,666,0.42,420,0.58,1
8,2,610,1,0,300,0.5,572,0.32,486,0.18,1
8,3,728,2,10,5,0,500,0.6,1000,0.2,1400,0.2,1
8,4,98,0,0,300,0.5,572,0.32,486,0.18,1
8,5,749,0,0,300,0.5,572,0.32,486,0.18,1
8,6,114,1,0,666,0.42,420,0.58,1
8,7,321,0,0,500,0.6,1000,0.2,1400,0.2,1
8,8,768,0,0,300,0.5,572,0.32,486,0.18,1
8,9,499,2,10,5,0,666,0.42,420,0.58,1
8,10,942,0,0,300,0.5,572,0.32,486,0.18,1
8,11,887,0,0,500,0.6,1000,0.2,1400,0.2,1
9,0,315,2,10,5,0,300,0.5,1700,0.5,1
9,1,33,0,0,500,0.6,1000,0.2,1400,0.2,1
9,2,449,1,0,300,0.5,572,0.32,486,0.18,1
9,3,353,2,10,5,0,666,0.42,420,0.58,1
9,4,343,0,0,666,0.42,420,0.58,1
9,5,848,2,10,5,0,500,0.6,1000,0.2,1400,0.2,1
9,6,655,1,0,300,0.5,1700,0.5,1
9,7,963,1,0,666,0.42,420,0.58,1
9,8,928,1,0,300,0.5,572,0.32,486,0.18,1
9,9,173,2,10,5,0,500,0.6,1000,0.2,1400,0.2,1
9,10,258,2,10,5,0,300,0.5,572,0.32,486,0.18,1
9,11,262,2,10,5,0,300,0.5,572,0.32,486,0.18,1
10,0,506,1,0,300,0.5,572,0.32,486,0.18,1
10,1,120,1,0,300,0.5,1700,0.5,1
10,2,922,0,0,300,0.5,1700,0.5,1
10,3,940,2,10,5,0,666,0.42,420,0.58,1
10,4,652,0,0,666,0.42,420,0.58,1
10,5,666,0,0,666,0.42,420,0.58,1
10,6,671,0,0,666,0.42,420,0.58,1
10,7,119,1,0,666,0.42,420,0.58,1
10,8,999,0,0,500,0.6,1000,0.2,1400,0.2,1
10,9,613,2,10,5,0,500,0.6,1000,0.2,1400,0.2,1
10,10,170,0,0,300,0.5,572,0.32,486,0.18,1
10,11,929,0,0,300,0.5,1700,0.5,1
11,0,282,2,10,5,0,300,0.5,572,0.32,486,0.18,1
11,1,809,1,0,300,0.5,1700,0.5,1
11,2,278,2,10,5,0,300,0.5,572,0.32,486,0.18,1
11,3,709,1,0,500,0.6,1000,0.2,1400,0.2,1
11,4,925,1,0,300,0.5,1700,0.5,1
11,5,14,0,0,300,0.5,1700,0.5,1
11,6,316,1,0,666,0.42,420,0.58,1
11,7,69,2,10,5,0,300,0.5,1700,0.5,1
11,8,482,1,0,300,0.5,572,0.32,486,0.18,1
11,9,573,0,0,500,0.6,1000,0.2,1400,0.2,1
11,10,145,1,0,666,0.42,420,0.58,1
11,11,763,2,10,5,0,300,0.5,1700,0.5,1
