0,0,585,1,0,666,0.42,420,0.58,1
0,1,433,0,0,300,0.5,1700,0.5,1
0,2,314,1,0,300,0.5,1700,0.5,1
0,3,30,0,0,500,0.6,1000,0.2,1400,0.2,1
0,4,89,2,10,5,0,666,0.42,420,0.58,1
0,5,911,1,0,666,0.42,420,0.58,1
0,6,929,0,0,300,0.5,1700,0.5,1
0,7,767,1,0,666,0.42,420,0.58,1
0,8,42,0,0,300,0.5,1700,0.5,1
0,9,884,1,0,500,0.6,1000,0.2,1400,0.2,1
0,10,946,1,0,666,0.42,420,0.58,1
0,11,15,2,10,5,0,300,0.5,572,0.32,486,0.18,1
1,0,593,2,10,5,0,500,0.6,1000,0.2,1400,0.2,0
1,1,518,0,0,500,0.6,1000,0.2,1400,0.2,0
1,2,112,1,0,300,0.5,1700,0.5,0
1,3,968,0,0,300,0.5,572,0.32,486,0.18,0
1,4,491,2,10,5,0,300,0.5,1700,0.5,0
1,5,81,1,0,300,0.5,1700,0.5,0
1,6,251,2,10,5,0,666,0.42,420,0.58,0
1,7,768,0,0,666,0.42,420,0.58,0
1,8,466,2,10,5,0,300,0.5,572,0.32,486,0.18,0
1,9,952,1,0,666,0.42,420,0.58,0
1,10,32,1,0,500,0.6,1000,0.2,1400,0.2,0
1,11,414,2,10,5,0,300,0.5,572,0.32,486,0.18,0
2,0,554,0,0,500,0.6,1000,0.2,1400,0.2,1
2,1,334,0,0,300,0.5,1700,0.5,1
2,2,292,2,10,5,0,300,0.5,1700,0.5,1
2,3,822,0,0,300,0.5,1700,0.5,1
2,4,146,0,0,666,0.42,420,0.58,1
2,5,843,1,0,300,0.5,572,0.32,486,0.18,1
2,6,217,2,10,5,0,300,0.5,572,0.32,486,0.18,1
2,7,867,1,0,300,0.5,1700,0.5,1
2,8,580,2,10,5,0,300,0.5,572,0.32,486,0.18,1
2,9,362,0,0,666,0.42,420,0.58,1
2,10,602,2,10,5,0,500,0.6,1000,0.2,1400,0.2,1
2,11,392,2,10,5,0,300,0.5,572,0.32,486,0.18,1
3,0,938,2,10,5,0,666,0.42,420,0.58,1
3,1,443,0,0,300,0.5,572,0.32,486,0.18,1
3,2,451,1,0,300,0.5,1700,0.5,1
3,3,117,1,0,300,0.5,572,0.32,486,0.18,1
3,4,250,0,0,300,0.5,1700,0.5,1
3,5,423,2,10,5,0,500,0.6,1000,0.2,1400,0.2,1
3,6,816,0,0,666,0.42,420,0.58,1
3,7,327,2,10,5,0,500,0.6,1000,0.2,1400,0.2,1
3,8,879,2,10,5,0,300,0.5,1700,0.5,1
3,9,983,2,10,5,0,666,0.42,420,0.58,1
3,10,977,2,10,5,0,500,0.6,1000,0.2,1400,0.2,1
3,11,732,1,0,300,0.5,1700,0.5,1
4,0,272,1,0,300,0.5,572,0.32,486,0.18,1
4,1,363,0,0,666,0.42,420,0.58,1
4,2,895,0,0,300,0.5,1700,0.5,1
4,3,91,1,0,500,0.6,1000,0.2,1400,0.2,1
4,4,814,2,10,5,0,500,0.6,1000,0.2,1400,0.2,1
4,5,366,0,0,500,0.6,1000,0.2,1400,0.2,1
4,6,222,1,0,500,0.6,1000,0.2,1400,0.2,1
4,7,817,2,10,5,0,500,0.6,1000,0.2,1400,0.2,1
4,8,265,0,0,300,0.5,1700,0.5,1
4,9,219,2,10,5,0,666,0.42,420,0.58,1
4,10,969,0,0,300,0.5,572,0.32,486,0.18,1
4,11,778,2,10,5,0,300,0.5,572,0.32,486,0.18,1
5,0,984,0,0,666,0.42,420,0.58,1
5,1,277,0,0,666,0.42,420,0.58,1
5,2,508,1,0,500,0.6,1000,0.2,1400,0.2,1
5,3,300,2,10,5,0,500,0.6,1000,0.2,1400,0.2,1
5,4,251,1,0,666,0.42,420,0.58,1
5,5,93,2,10,5,0,666,0.42,420,0.58,1
5,6,209,0,0,300,0.5,572,0.32,486,0.18,1
5,7,685,0,0,300,0.5,572,0.32,486,0.18,1
5,8,22,0,0,300,0.5,1700,0.5,1
5,9,652,0,0,500,0.6,1000,0.2,1400,0.2,1
5,10,1000,1,0,666,0.42,420,0.58,1
5,11,127,0,0,300,0.5,572,0.32,486,0.18,1
6,0,115,1,0,300,0.5,572,0.32,486,0.18,1
6,1,132,0,0,300,0.5,1700,0.5,1
6,2,294,0,0,300,0.5,572,0.32,486,0.18,1
6,3,159,1,0,666,0.42,420,0.58,1
6,4,121,1,0,300,0.5,1700,0.5,1
6,5,426,2,10,5,0,300,0.5,1700,0.5,1
6,6,924,1,0,500,0.6,1000,0.2,1400,0.2,1
6,7,66,0,0,300,0.5,572,0.32,486,0.18,1
6,8,800,1,0,300,0.5,1700,0.5,1
6,9,376,1,0,300,0.5,572,0.32,486,0.18,1
6,10,983,1,0,500,0.6,1000,0.2,1400,0.2,1
6,11,870,1,0,300,0.5,1700,0.5,1
7,0,859,2,10,5,0,666,0.42,420,0.58,1
7,1,419,1,0,500,0.6,1000,0.2,1400,0.2,1
7,2,279,0,0,300,0.5,572,0.32,486,0.18,1
7,3,498,2,10,5,0,666,0.42,420,0.58,1
7,4,812,0,0,300,0.5,572,0.32,486,0.18,1
7,5,548,1,0,300,0.5,1700,0.5,1
7,6,322,0,0,500,0.6,1000,0.2,1400,0.2,1
7,7,260,1,0,500,0.6,1000,0.2,1400,0.2,1
7,8,244,2,10,5,0,666,0.42,420,0.58,1
7,9,433,1,0,300,0.5,572,0.32,486,0.18,1
7,10,519,1,0,300,0.5,1700,0.5,1
7,11,33,0,0,500,0.6,1000,0.2,1400,0.2,1
8,0,403,2,10,5,0,500,0.6,1000,0.2,1400,0.2,1
8,1,444,0,0,500,0.6,1000,0.2,1400,0.2,1
8,2,536,0,0,300,0.5,1700,0.5,1
8,3,961,0,0,666,0.42,420,0.58,1
8,4,254,0,0,300,0.5,1700,0.5,1
8,5,544,0,0,500,0.6,1000,0.2,1400,0.2,1
8,6,119,1,0,300,0.5,572,0.32,486,0.18,1
8,7,609,2,10,5,0,300,0.5,572,0.32,486,0.18,1
8,8,646,2,10,5,0,666,0.42,420,0.58,1
8,9,397,0,0,300,0.5,1700,0.5,1
8,10,492,2,10,5,0,300,0.5,1700,0.5,1
8,11,620,2,10,5,0,300,0.5,572,0.32,486,0.18,1
9,0,447,2,10,5,0,500,0.6,1000,0.2,1400,0.2,1
9,1,791,1,0,500,0.6,1000,0.2,1400,0.2,1
9,2,493,2,10,5,0,500,0.6,1000,0.2,1400,0.2,1
9,3,303,2,10,5,0,300,0.5,572,0.32,486,0.18,1
9,4,228,1,0,500,0.6,1000,0.2,1400,0.2,1
9,5,174,0,0,300,0.5,572,0.32,486,0.18,1
9,6,569,0,0,300,0.5,572,0.32,486,0.18,1
9,7,448,1,0,500,0.6,1000,0.2,1400,0.2,1
9,8,500,2,10,5,0,300,0.5,572,0.32,486,0.18,1
9,9,64,0,0,300,0.5,572,0.32,486,0.18,1
9,10,806,0,0,300,0.5,1700,0.5,1
9,11,858,0,0,500,0.6,1000,0.2,1400,0.2,1
10,0,317,1,0,300,0.5,1700,0.5,1
10,1,30,2,10,5,0,500,0.6,1000,0.2,1400,0.2,1
10,2,480,1,0,300,0.5,1700,0.5,1
10,3,773,2,10,5,0,300,0.5,572,0.32,486,0.18,1
10,4,728,0,0,300,0.5,572,0.32,486,0.18,1
10,5,567,0,0,300,0.5,1700,0.5,1
10,6,329,1,0,666,0.42,420,0.58,1
10,7,500,2,10,5,0,500,0.6,1000,0.2,1400,0.2,1
10,8,358,1,0,300,0.5,1700,0.5,1
10,9,58,0,0,300,0.5,1700,0.5,1
10,10,260,0,0,666,0.42,420,0.58,1
10,11,944,0,0,500,0.6,1000,0.2,1400,0.2,1
11,0,944,1,0,300,0.5,572,0.32,486,0.18,1
11,1,205,0,0,300,0.5,572,0.32,486,0.18,1
11,2,171,2,10,5,0,666,0.42,420,0.58,1
11,3,862,0,0,500,0.6,1000,0.2,1400,0.2,1
11,4,761,2,10,5,0,500,0.6,1000,0.2,1400,0.2,1
11,5,993,2,10,5,0,500,0.6,1000,0.2,1400,0.2,1
11,6,221,0,0,500,0.6,1000,0.2,1400,0.2,1
11,7,869,1,0,666,0.42,420,0.58,1
11,8,186,2,10,5,0,666,0.42,420,0.58,1
11,9,460,0,0,300,0.5,1700,0.5,1
11,10,405,1,0,500,0.6,1000,0.2,1400,0.2,1
11,11,192,2,10,5,0,500,0.6,1000,0.2,1400,0.2,1
