0,0,367,1,0,300,0.5,572,0.32,486,0.18,1
0,1,238,1,0,666,0.42,420,0.58,1
0,2,782,0,0,300,0.5,1700,0.5,1
0,3,327,1,0,300,0.5,572,0.32,486,0.18,1
0,4,740,0,0,300,0.5,572,0.32,486,0.18,1
0,5,762,2,10,5,0,500,0.6,1000,0.2,1400,0.2,1
0,6,436,2,10,5,0,300,0.5,572,0.32,486,0.18,1
0,7,357,1,0,300,0.5,1700,0.5,1
0,8,666,0,0,666,0.42,420,0.58,1
0,9,416,1,0,300,0.5,572,0.32,486,0.18,1
0,10,297,1,0,300,0.5,572,0.32,486,0.18,1
0,11,125,0,0,300,0.5,572,0.32,486,0.18,1
1,0,558,1,0,300,0.5,572,0.32,486,0.18,0
1,1,794,2,10,5,0,300,0.5,1700,0.5,0
1,2,981,0,0,300,0.5,572,0.32,486,0.18,0
1,3,818,1,0,500,0.6,1000,0.2,1400,0.2,0
1,4,592,2,10,5,0,300,0.5,572,0.32,486,0.18,0
1,5,909,1,0,666,0.42,420,0.58,0
1,6,802,1,0,500,0.6,1000,0.2,1400,0.2,0
1,7,853,1,0,300,0.5,572,0.32,486,0.18,0
1,8,556,2,10,5,0,666,0.42,420,0.58,0
1,9,196,1,0,500,0.6,1000,0.2,1400,0.2,0
1,10,390,2,10,5,0,300,0.5,572,0.32,486,0.18,0
1,11,133,1,0,500,0.6,1000,0.2,1400,0.2,0
2,0,940,0,0,300,0.5,1700,0.5,1
2,1,692,2,10,5,0,500,0.6,1000,0.2,1400,0.2,1
2,2,787,0,0,300,0.5,572,0.32,486,0.18,1
2,3,607,0,0,300,0.5,1700,0.5,1
2,4,53,1,0,500,0.6,1000,0.2,1400,0.2,1
2,5,589,1,0,300,0.5,572,0.32,486,0.18,1
2,6,330,0,0,500,0.6,1000,0.2,1400,0.2,1
2,7,535,0,0,300,0.5,572,0.32,486,0.18,1
2,8,342,0,0,666,0.42,420,0.58,1
2,9,190,0,0,500,0.6,1000,0.2,1400,0.2,1
2,10,459,1,0,300,0.5,572,0.32,486,0.18,1
2,11,857,1,0,300,0.5,1700,0.5,1
3,0,793,1,0,666,0.42,420,0.58,1
3,1,438,0,0,500,0.6,1000,0.2,1400,0.2,1
3,2,796,0,0,666,0.42,420,0.58,1
3,3,110,1,0,300,0.5,572,0.32,486,0.18,1
3,4,381,0,0,300,0.5,1700,0.5,1
3,5,49,0,0,300,0.5,1700,0.5,1
3,6,300,1,0,300,0.5,1700,0.5,1
3,7,176,2,10,5,0,300,0.5,572,0.32,486,0.18,1
3,8,536,0,0,300,0.5,1700,0.5,1
3,9,361,1,0,666,0.42,420,0.58,1
3,10,826,2,10,5,0,666,0.42,420,0.58,1
3,11,395,0,0,666,0.42,420,0.58,1
4,0,30,0,0,300,0.5,572,0.32,486,0.18,1
4,1,535,1,0,300,0.5,572,0.32,486,0.18,1
4,2,999,0,0,500,0.6,1000,0.2,1400,0.2,1
4,3,353,1,0,500,0.6,1000,0.2,1400,0.2,1
4,4,894,1,0,300,0.5,1700,0.5,1
4,5,19,0,0,300,0.5,572,0.32,486,0.18,1
4,6,739,0,0,500,0.6,1000,0.2,1400,0.2,1
4,7,21,2,10,5,0,666,0.42,420,0.58,1
4,8,705,1,0,500,0.6,1000,0.2,1400,0.2,1
4,9,834,2,10,5,0,300,0.5,1700,0.5,1
4,10,407,2,10,5,0,500,0.6,1000,0.2,1400,0.2,1
4,11,405,2,10,5,0,666,0.42,420,0.58,1
5,0,352,2,10,5,0,500,0.6,1000,0.2,1400,0.2,1
5,1,365,0,0,666,0.42,420,0.58,1
5,2,540,1,0,666,0.42,420,0.58,1
5,3,666,1,0,666,0.42,420,0.58,1
5,4,582,0,0,666,0.42,420,0.58,1
5,5,825,2,10,5,0,500,0.6,1000,0.2,1400,0.2,1
5,6,210,1,0,300,0.5,1700,0.5,1
5,7,854,0,0,666,0.42,420,0.58,1
5,8,240,1,0,300,0.5,572,0.32,486,0.18,1
5,9,582,2,10,5,0,300,0.5,1700,0.5,1
5,10,542,1,0,666,0.42,420,0.58,1
5,11,176,0,0,500,0.6,1000,0.2,1400,0.2,1
6,0,695,1,0,300,0.5,572,0.32,486,0.18,1
6,1,174,0,0,300,0.5,572,0.32,486,0.18,1
6,2,729,0,0,666,0.42,420,0.58,1
6,3,396,1,0,300,0.5,1700,0.5,1
6,4,953,2,10,5,0,300,0.5,572,0.32,486,0.18,1
6,5,903,1,0,666,0.42,420,0.58,1
6,6,73,1,0,666,0.42,420,0.58,1
6,7,876,1,0,300,0.5,1700,0.5,1
6,8,221,0,0,500,0.6,1000,0.2,1400,0.2,1
6,9,302,0,0,300,0.5,572,0.32,486,0.18,1
6,10,904,1,0,300,0.5,572,0.32,486,0.18,1
6,11,362,0,0,500,0.6,1000,0.2,1400,0.2,1
7,0,215,1,0,300,0.5,572,0.32,486,0.18,1
7,1,40,2,10,5,0,300,0.5,572,0.32,486,0.18,1
7,2,233,2,10,5,0,300,0.5,572,0.32,486,0.18,1
7,3,633,1,0,500,0.6,1000,0.2,1400,0.2,1
7,4,647,0,0,500,0.6,1000,0.2,1400,0.2,1
7,5,166,2,10,5,0,300,0.5,1700,0.5,1
7,6,689,0,0,300,0.5,572,0.32,486,0.18,1
7,7,738,1,0,500,0.6,1000,0.2,1400,0.2,1
7,8,451,2,10,5,0,300,0.5,572,0.32,486,0.18,1
7,9,143,2,10,5,0,500,0.6,1000,0.2,1400,0.2,1
7,10,725,2,10,5,0,666,0.42,420,0.58,1
7,11,790,1,0,300,0.5,1700,0.5,1
8,0,307,0,0,500,0.6,1000,0.2,1400,0.2,1
8,1,345,1,0,666,0.42,420,0.58,1
8,2,239,1,0,300,0.5,572,0.32,486,0.18,1
8,3,360,0,0,300,0.5,572,0.32,486,0.18,1
8,4,975,0,0,500,0.6,1000,0.2,1400,0.2,1
8,5,546,1,0,300,0.5,1700,0.5,1
8,6,373,1,0,300,0.5,1700,0.5,1
8,7,71,1,0,300,0.5,1700,0.5,1
8,8,61,2,10,5,0,300,0.5,572,0.32,486,0.18,1
8,9,782,2,10,5,0,500,0.6,1000,0.2,1400,0.2,1
8,10,601,1,0,300,0.5,1700,0.5,1
8,11,375,1,0,300,0.5,572,0.32,486,0.18,1
9,0,418,2,10,5,0,666,0.42,420,0.58,1
9,1,765,2,10,5,0,666,0.42,420,0.58,1
9,2,940,1,0,300,0.5,572,0.32,486,0.18,1
9,3,753,0,0,300,0.5,572,0.32,486,0.18,1
9,4,100,0,0,500,0.6,1000,0.2,1400,0.2,1
9,5,721,1,0,300,0.5,572,0.32,486,0.18,1
9,6,51,1,0,300,0.5,1700,0.5,1
9,7,688,2,10,5,0,500,0.6,1000,0.2,1400,0.2,1
9,8,796,2,10,5,0,666,0.42,420,0.58,1
9,9,110,2,10,5,0,300,0.5,572,0.32,486,0.18,1
9,10,979,2,10,5,0,300,0.5,572,0.32,486,0.18,1
9,11,740,2,10,5,0,300,0.5,572,0.32,486,0.18,1
10,0,822,2,10,5,0,666,0.42,420,0.58,1
10,1,896,2,10,5,0,500,0.6,1000,0.2,1400,0.2,1
10,2,175,1,0,500,0.6,1000,0.2,1400,0.2,1
10,3,925,1,0,300,0.5,572,0.32,486,0.18,1
10,4,539,2,10,5,0,300,0.5,1700,0.5,1
10,5,274,0,0,500,0.6,1000,0.2,1400,0.2,1
10,6,939,2,10,5,0,300,0.5,1700,0.5,1
10,7,298,2,10,5,0,666,0.42,420,0.58,1
10,8,28,1,0,300,0.5,572,0.32,486,0.18,1
10,9,395,1,0,300,0.5,1700,0.5,1
10,10,284,1,0,500,0.6,1000,0.2,1400,0.2,1
10,11,432,0,0,300,0.5,1700,0.5,1
11,0,982,1,0,300,0.5,572,0.32,486,0.18,1
11,1,941,1,0,300,0.5,572,0.32,486,0.18,1
11,2,105,0,0,300,0.5,572,0.32,486,0.18,1
11,3,726,2,10,5,0,300,0.5,1700,0.5,1
11,4,389,2,10,5,0,500,0.6,1000,0.2,1400,0.2,1
11,5,883,0,0,300,0.5,1700,0.5,1
11,6,324,1,0,666,0.42,420,0.58,1
11,7,802,0,0,666,0.42,420,0.58,1
11,8,262,1,0,500,0.6,1000,0.2,1400,0.2,1
11,9,759,0,0,300,0.5,572,0.32,486,0.18,1
11,10,759,0,0,300,0.5,1700,0.5,1
11,11,208,0,0,300,0.5,572,0.32,486,0.18,1
