0,0,344,1,0,666,0.42,420,0.58,1
0,1,15,2,10,5,0,300,0.5,572,0.32,486,0.18,1
0,2,292,0,0,300,0.5,1700,0.5,1
0,3,948,1,0,300,0.5,1700,0.5,1
0,4,903,0,0,666,0.42,420,0.58,1
0,5,598,1,0,300,0.5,572,0.32,486,0.18,1
0,6,704,2,10,5,0,300,0.5,1700,0.5,1
0,7,691,1,0,300,0.5,1700,0.5,1
0,8,952,2,10,5,0,500,0.6,1000,0.2,1400,0.2,1
0,9,699,2,10,5,0,300,0.5,572,0.32,486,0.18,1
0,10,391,1,0,666,0.42,420,0.58,1
0,11,377,1,0,500,0.6,1000,0.2,1400,0.2,1
1,0,880,2,10,5,0,666,0.42,420,0.58,0
1,1,974,2,10,5,0,300,0.5,1700,0.5,0
1,2,381,1,0,300,0.5,572,0.32,486,0.18,0
1,3,555,0,0,666,0.42,420,0.58,0
1,4,19,1,0,500,0.6,1000,0.2,1400,0.2,0
1,5,844,0,0,300,0.5,1700,0.5,0
1,6,369,2,10,5,0,300,0.5,1700,0.5,0
1,7,180,1,0,666,0.42,420,0.58,0
1,8,17,0,0,300,0.5,572,0.32,486,0.18,0
1,9,467,2,10,5,0,300,0.5,1700,0.5,0
1,10,978,0,0,500,0.6,1000,0.2,1400,0.2,0
1,11,125,2,10,5,0,300,0.5,572,0.32,486,0.18,0
2,0,478,1,0,300,0.5,1700,0.5,1
2,1,280,2,10,5,0,300,0.5,1700,0.5,1
2,2,550,1,0,500,0.6,1000,0.2,1400,0.2,1
2,3,927,1,0,300,0.5,572,0.32,486,0.18,1
2,4,171,0,0,666,0.42,420,0.58,1
2,5,10,2,10,5,0,500,0.6,1000,0.2,1400,0.2,1
2,6,341,1,0,500,0.6,1000,0.2,1400,0.2,1
2,7,13,2,10,5,0,300,0.5,1700,0.5,1
2,8,355,1,0,666,0.42,420,0.58,1
2,9,586,1,0,300,0.5,1700,0.5,1
2,10,414,0,0,666,0.42,420,0.58,1
2,11,936,2,10,5,0,300,0.5,1700,0.5,1
3,0,951,1,0,300,0.5,1700,0.5,1
3,1,720,2,10,5,0,300,0.5,1700,0.5,1
3,2,127,2,10,5,0,500,0.6,1000,0.2,1400,0.2,1
3,3,15,2,10,5,0,300,0.5,1700,0.5,1
3,4,86,2,10,5,0,500,0.6,1000,0.2,1400,0.2,1
3,5,435,2,10,5,0,300,0.5,572,0.32,486,0.18,1
3,6,200,1,0,300,0.5,1700,0.5,1
3,7,369,2,10,5,0,300,0.5,1700,0.5,1
3,8,56,1,0,666,0.42,420,0.58,1
3,9,777,2,10,5,0,500,0.6,1000,0.2,1400,0.2,1
3,10,411,1,0,666,0.42,420,0.58,1
3,11,492,2,10,5,0,300,0.5,1700,0.5,1
4,0,170,1,0,500,0.6,1000,0.2,1400,0.2,1
4,1,266,2,10,5,0,300,0.5,1700,0.5,1
4,2,204,1,0,500,0.6,1000,0.2,1400,0.2,1
4,3,857,2,10,5,0,300,0.5,572,0.32,486,0.18,1
4,4,347,2,10,5,0,300,0.5,572,0.32,486,0.18,1
4,5,272,1,0,300,0.5,1700,0.5,1
4,6,703,2,10,5,0,500,0.6,1000,0.2,1400,0.2,1
4,7,310,0,0,666,0.42,420,0.58,1
4,8,584,1,0,300,0.5,1700,0.5,1
4,9,556,0,0,666,0.42,420,0.58,1
4,10,472,1,0,300,0.5,572,0.32,486,0.18,1
4,11,902,1,0,300,0.5,572,0.32,486,0.18,1
5,0,706,0,0,300,0.5,572,0.32,486,0.18,1
5,1,533,2,10,5,0,300,0.5,1700,0.5,1
5,2,196,1,0,300,0.5,1700,0.5,1
5,3,655,1,0,300,0.5,572,0.32,486,0.18,1
5,4,730,0,0,666,0.42,420,0.58,1
5,5,744,0,0,300,0.5,572,0.32,486,0.18,1
5,6,737,1,0,666,0.42,420,0.58,1
5,7,89,2,10,5,0,666,0.42,420,0.58,1
5,8,483,0,0,300,0.5,572,0.32,486,0.18,1
5,9,230,1,0,500,0.6,1000,0.2,1400,0.2,1
5,10,586,1,0,300,0.5,572,0.32,486,0.18,1
5,11,178,0,0,666,0.42,420,0.58,1
6,0,413,0,0,300,0.5,572,0.32,486,0.18,1
6,1,781,1,0,500,0.6,1000,0.2,1400,0.2,1
6,2,115,1,0,300,0.5,1700,0.5,1
6,3,34,2,10,5,0,500,0.6,1000,0.2,1400,0.2,1
6,4,407,1,0,300,0.5,1700,0.5,1
6,5,155,2,10,5,0,300,0.5,1700,0.5,1
6,6,613,0,0,300,0.5,1700,0.5,1
6,7,771,1,0,300,0.5,1700,0.5,1
6,8,887,1,0,500,0.6,1000,0.2,1400,0.2,1
6,9,566,1,0,300,0.5,1700,0.5,1
6,10,943,2,10,5,0,500,0.6,1000,0.2,1400,0.2,1
6,11,857,2,10,5,0,300,0.5,572,0.32,486,0.18,1
7,0,460,0,0,300,0.5,1700,0.5,1
7,1,561,1,0,300,0.5,1700,0.5,1
7,2,33,2,10,5,0,500,0.6,1000,0.2,1400,0.2,1
7,3,446,2,10,5,0,300,0.5,572,0.32,486,0.18,1
7,4,865,2,10,5,0,500,0.6,1000,0.2,1400,0.2,1
7,5,811,1,0,300,0.5,1700,0.5,1
7,6,676,2,10,5,0,300,0.5,572,0.32,486,0.18,1
7,7,436,2,10,5,0,300,0.5,572,0.32,486,0.18,1
7,8,465,1,0,500,0.6,1000,0.2,1400,0.2,1
7,9,554,2,10,5,0,300,0.5,1700,0.5,1
7,10,209,1,0,300,0.5,1700,0.5,1
7,11,69,2,10,5,0,300,0.5,572,0.32,486,0.18,1
8,0,679,1,0,300,0.5,1700,0.5,1
8,1,273,0,0,300,0.5,572,0.32,486,0.18,1
8,2,796,0,0,666,0.42,420,0.58,1
8,3,432,2,10,5,0,300,0.5,1700,0.5,1
8,4,620,2,10,5,0,300,0.5,1700,0.5,1
8,5,691,2,10,5,0,666,0.42,420,0.58,1
8,6,10,0,0,300,0.5,1700,0.5,1
8,7,547,0,0,666,0.42,420,0.58,1
8,8,293,1,0,500,0.6,1000,0.2,1400,0.2,1
8,9,329,1,0,300,0.5,572,0.32,486,0.18,1
8,10,834,2,10,5,0,666,0.42,420,0.58,1
8,11,380,0,0,300,0.5,572,0.32,486,0.18,1
9,0,40,0,0,300,0.5,1700,0.5,1
9,1,916,1,0,300,0.5,572,0.32,486,0.18,1
9,2,285,1,0,666,0.42,420,0.58,1
9,3,694,0,0,300,0.5,572,0.32,486,0.18,1
9,4,724,1,0,300,0.5,1700,0.5,1
9,5,836,1,0,500,0.6,1000,0.2,1400,0.2,1
9,6,936,2,10,5,0,500,0.6,1000,0.2,1400,0.2,1
9,7,519,0,0,666,0.42,420,0.58,1
9,8,764,0,0,500,0.6,1000,0.2,1400,0.2,1
9,9,431,2,10,5,0,666,0.42,420,0.58,1
9,10,565,2,10,5,0,666,0.42,420,0.58,1
9,11,846,2,10,5,0,666,0.42,420,0.58,1
10,0,603,0,0,500,0.6,1000,0.2,1400,0.2,1
10,1,244,1,0,666,0.42,420,0.58,1
10,2,305,1,0,300,0.5,1700,0.5,1
10,3,897,2,10,5,0,666,0.42,420,0.58,1
10,4,372,0,0,300,0.5,572,0.32,486,0.18,1
10,5,755,0,0,500,0.6,1000,0.2,1400,0.2,1
10,6,582,0,0,300,0.5,1700,0.5,1
10,7,943,1,0,500,0.6,1000,0.2,1400,0.2,1
10,8,580,2,10,5,0,500,0.6,1000,0.2,1400,0.2,1
10,9,646,1,0,666,0.42,420,0.58,1
10,10,292,2,10,5,0,666,0.42,420,0.58,1
10,11,895,1,0,666,0.42,420,0.58,1
11,0,572,2,10,5,0,500,0.6,1000,0.2,1400,0.2,1
11,1,461,1,0,300,0.5,572,0.32,486,0.18,1
11,2,762,1,0,500,0.6,1000,0.2,1400,0.2,1
11,3,337,0,0,300,0.5,1700,0.5,1
11,4,692,2,10,5,0,300,0.5,572,0.32,486,0.18,1
11,5,901,2,10,5,0,300,0.5,572,0.32,486,0.18,1
11,6,722,0,0,300,0.5,572,0.32,486,0.18,1
11,7,904,1,0,500,0.6,1000,0.2,1400,0.2,1
11,8,247,1,0,500,0.6,1000,0.2,1400,0.2,1
11,9,845,2,10,5,0,300,0.5,1700,0.5,1
11,10,504,1,0,666,0.42,420,0.58,1
11,11,917,2,10,5,0,500,0.6,1000,0.2,1400,0.2,1
