0,0,576,2,10,5,0,500,0.6,1000,0.2,1400,0.2,1
0,1,878,2,10,5,0,300,0.5,1700,0.5,1
0,2,725,2,10,5,0,300,0.5,1700,0.5,1
0,3,677,2,10,5,0,300,0.5,1700,0.5,1
0,4,588,2,10,5,0,300,0.5,572,0.32,486,0.18,1
0,5,978,0,0,300,0.5,572,0.32,486,0.18,1
0,6,962,2,10,5,0,500,0.6,1000,0.2,1400,0.2,1
0,7,990,2,10,5,0,666,0.42,420,0.58,1
0,8,447,0,0,500,0.6,1000,0.2,1400,0.2,1
0,9,244,2,10,5,0,666,0.42,420,0.58,1
0,10,434,1,0,300,0.5,1700,0.5,1
0,11,425,1,0,300,0.5,572,0.32,486,0.18,1
1,0,301,2,10,5,0,300,0.5,1700,0.5,0
1,1,220,1,0,500,0.6,1000,0.2,1400,0.2,0
1,2,816,0,0,500,0.6,1000,0.2,1400,0.2,0
1,3,763,0,0,300,0.5,1700,0.5,0
1,4,352,2,10,5,0,500,0.6,1000,0.2,1400,0.2,0
1,5,75,2,10,5,0,300,0.5,1700,0.5,0
1,6,612,0,0,300,0.5,1700,0.5,0
1,7,398,2,10,5,0,300,0.5,1700,0.5,0
1,8,700,2,10,5,0,500,0.6,1000,0.2,1400,0.2,0
1,9,749,1,0,666,0.42,420,0.58,0
1,10,961,2,10,5,0,500,0.6,1000,0.2,1400,0.2,0
1,11,809,2,10,5,0,500,0.6,1000,0.2,1400,0.2,0
2,0,518,2,10,5,0,300,0.5,1700,0.5,1
2,1,738,0,0,300,0.5,1700,0.5,1
2,2,920,2,10,5,0,500,0.6,1000,0.2,1400,0.2,1
2,3,277,0,0,500,0.6,1000,0.2,1400,0.2,1
2,4,878,1,0,300,0.5,572,0.32,486,0.18,1
2,5,528,1,0,500,0.6,1000,0.2,1400,0.2,1
2,6,883,0,0,300,0.5,1700,0.5,1
2,7,43,1,0,300,0.5,572,0.32,486,0.18,1
2,8,823,2,10,5,0,300,0.5,572,0.32,486,0.18,1
2,9,928,1,0,500,0.6,1000,0.2,1400,0.2,1
2,10,446,0,0,300,0.5,1700,0.5,1
2,11,856,2,10,5,0,300,0.5,572,0.32,486,0.18,1
3,0,932,2,10,5,0,500,0.6,1000,0.2,1400,0.2,1
3,1,275,1,0,500,0.6,1000,0.2,1400,0.2,1
3,2,566,1,0,500,0.6,1000,0.2,1400,0.2,1
3,3,177,0,0,500,0.6,1000,0.2,1400,0.2,1
3,4,585,0,0,500,0.6,1000,0.2,1400,0.2,1
3,5,36,1,0,500,0.6,1000,0.2,1400,0.2,1
3,6,480,1,0,500,0.6,1000,0.2,1400,0.2,1
3,7,426,1,0,300,0.5,572,0.32,486,0.18,1
3,8,979,2,10,5,0,300,0.5,1700,0.5,1
3,9,398,0,0,300,0.5,572,0.32,486,0.18,1
3,10,794,2,10,5,0,500,0.6,1000,0.2,1400,0.2,1
3,11,429,2,10,5,0,300,0.5,572,0.32,486,0.18,1
4,0,137,0,0,300,0.5,1700,0.5,1
4,1,103,2,10,5,0,666,0.42,420,0.58,1
4,2,753,2,10,5,0,300,0.5,1700,0.5,1
4,3,991,2,10,5,0,300,0.5,572,0.32,486,0.18,1
4,4,913,2,10,5,0,666,0.42,420,0.58,1
4,5,486,1,0,666,0.42,420,0.58,1
4,6,927,1,0,300,0.5,572,0.32,486,0.18,1
4,7,879,0,0,300,0.5,1700,0.5,1
4,8,759,1,0,300,0.5,572,0.32,486,0.18,1
4,9,633,1,0,300,0.5,572,0.32,486,0.18,1
4,10,380,1,0,300,0.5,572,0.32,486,0.18,1
4,11,68,1,0,300,0.5,1700,0.5,1
5,0,813,1,0,300,0.5,572,0.32,486,0.18,1
5,1,148,0,0,300,0.5,1700,0.5,1
5,2,526,0,0,500,0.6,1000,0.2,1400,0.2,1
5,3,310,2,10,5,0,500,0.6,1000,0.2,1400,0.2,1
5,4,810,2,10,5,0,500,0.6,1000,0.2,1400,0.2,1
5,5,955,1,0,300,0.5,1700,0.5,1
5,6,767,0,0,666,0.42,420,0.58,1
5,7,824,2,10,5,0,666,0.42,420,0.58,1
5,8,845,1,0,666,0.42,420,0.58,1
5,9,45,2,10,5,0,500,0.6,1000,0.2,1400,0.2,1
5,10,969,2,10,5,0,666,0.42,420,0.58,1
5,11,93,0,0,300,0.5,572,0.32,486,0.18,1
6,0,296,1,0,500,0.6,1000,0.2,1400,0.2,1
6,1,353,2,10,5,0,500,0.6,1000,0.2,1400,0.2,1
6,2,865,0,0,300,0.5,572,0.32,486,0.18,1
6,3,828,0,0,666,0.42,420,0.58,1
6,4,180,1,0,300,0.5,1700,0.5,1
6,5,599,1,0,300,0.5,572,0.32,486,0.18,1
6,6,455,2,10,5,0,300,0.5,1700,0.5,1
6,7,276,1,0,500,0.6,1000,0.2,1400,0.2,1
6,8,252,2,10,5,0,300,0.5,572,0.32,486,0.18,1
6,9,959,1,0,500,0.6,1000,0.2,1400,0.2,1
6,10,459,1,0,500,0.6,1000,0.2,1400,0.2,1
6,11,413,2,10,5,0,300,0.5,572,0.32,486,0.18,1
7,0,662,0,0,500,0.6,1000,0.2,1400,0.2,1
7,1,161,0,0,300,0.5,572,0.32,486,0.18,1
7,2,103,1,0,500,0.6,1000,0.2,1400,0.2,1
7,3,37,1,0,500,0.6,1000,0.2,1400,0.2,1
7,4,458,1,0,666,0.42,420,0.58,1
7,5,901,1,0,300,0.5,1700,0.5,1
7,6,573,2,10,5,0,666,0.42,420,0.58,1
7,7,137,0,0,300,0.5,1700,0.5,1
7,8,121,2,10,5,0,300,0.5,572,0.32,486,0.18,1
7,9,821,1,0,666,0.42,420,0.58,1
7,10,851,0,0,500,0.6,1000,0.2,1400,0.2,1
7,11,70,2,10,5,0,300,0.5,572,0.32,486,0.18,1
8,0,838,0,0,666,0.42,420,0.58,1
8,1,182,1,0,666,0.42,420,0.58,1
8,2,304,2,10,5,0,500,0.6,1000,0.2,1400,0.2,1
8,3,485,0,0,300,0.5,1700,0.5,1
8,4,166,1,0,300,0.5,1700,0.5,1
8,5,213,2,10,5,0,300,0.5,1700,0.5,1
8,6,627,1,0,666,0.42,420,0.58,1
8,7,614,0,0,300,0.5,1700,0.5,1
8,8,983,0,0,300,0.5,1700,0.5,1
8,9,953,1,0,300,0.5,1700,0.5,1
8,10,759,0,0,300,0.5,1700,0.5,1
8,11,495,2,10,5,0,500,0.6,1000,0.2,1400,0.2,1
9,0,523,0,0,500,0.6,1000,0.2,1400,0.2,1
9,1,532,1,0,666,0.42,420,0.58,1
9,2,57,0,0,500,0.6,1000,0.2,1400,0.2,1
9,3,305,2,10,5,0,666,0.42,420,0.58,1
9,4,782,0,0,300,0.5,1700,0.5,1
9,5,730,2,10,5,0,500,0.6,1000,0.2,1400,0.2,1
9,6,446,1,0,300,0.5,572,0.32,486,0.18,1
9,7,818,1,0,300,0.5,572,0.32,486,0.18,1
9,8,43,0,0,500,0.6,1000,0.2,1400,0.2,1
9,9,197,1,0,500,0.6,1000,0.2,1400,0.2,1
9,10,841,1,0,500,0.6,1000,0.2,1400,0.2,1
9,11,370,2,10,5,0,666,0.42,420,0.58,1
10,0,872,1,0,300,0.5,1700,0.5,1
10,1,372,2,10,5,0,666,0.42,420,0.58,1
10,2,465,2,10,5,0,300,0.5,1700,0.5,1
10,3,250,2,10,5,0,500,0.6,1000,0.2,1400,0.2,1
10,4,230,0,0,500,0.6,1000,0.2,1400,0.2,1
10,5,231,0,0,500,0.6,1000,0.2,1400,0.2,1
10,6,325,2,10,5,0,666,0.42,420,0.58,1
10,7,705,2,10,5,0,666,0.42,420,0.58,1
10,8,600,2,10,5,0,666,0.42,420,0.58,1
10,9,929,2,10,5,0,500,0.6,1000,0.2,1400,0.2,1
10,10,31,1,0,500,0.6,1000,0.2,1400,0.2,1
10,11,1000,1,0,300,0.5,1700,0.5,1
11,0,654,2,10,5,0,300,0.5,1700,0.5,1
11,1,94,2,10,5,0,500,0.6,1000,0.2,1400,0.2,1
11,2,744,0,0,300,0.5,572,0.32,486,0.18,1
11,3,47,2,10,5,0,666,0.42,420,0.58,1
11,4,679,1,0,666,0.42,420,0.58,1
11,5,26,2,10,5,0,500,0.6,1000,0.2,1400,0.2,1
11,6,243,0,0,500,0.6,1000,0.2,1400,0.2,1
11,7,337,0,0,500,0.6,1000,0.2,1400,0.2,1
11,8,860,2,10,5,0,666,0.42,420,0.58,1
11,9,17,2,10,5,0,666,0.42,420,0.58,1
11,10,705,2,10,5,0,500,0.6,1000,0.2,1400,0.2,1
11,11,372,2,10,5,0,300,0.5,1700,0.5,1
