0,0,200,0,0,300,0.5,572,0.32,486,0.18,1
0,1,876,0,0,666,0.42,420,0.58,1
0,2,81,1,0,300,0.5,572,0.32,486,0.18,1
0,3,383,2,10,5,0,300,0.5,572,0.32,486,0.18,1
0,4,217,1,0,300,0.5,572,0.32,486,0.18,1
0,5,973,1,0,300,0.5,572,0.32,486,0.18,1
0,6,817,0,0,500,0.6,1000,0.2,1400,0.2,1
0,7,168,2,10,5,0,300,0.5,572,0.32,486,0.18,1
0,8,807,0,0,666,0.42,420,0.58,1
0,9,357,2,10,5,0,500,0.6,1000,0.2,1400,0.2,1
0,10,968,0,0,300,0.5,1700,0.5,1
0,11,972,1,0,300,0.5,1700,0.5,1
1,0,609,2,10,5,0,300,0.5,572,0.32,486,0.18,0
1,1,330,1,0,300,0.5,1700,0.5,0
1,2,673,2,10,5,0,666,0.42,420,0.58,0
1,3,731,2,10,5,0,500,0.6,1000,0.2,1400,0.2,0
1,4,862,0,0,300,0.5,1700,0.5,0
1,5,283,0,0,666,0.42,420,0.58,0
1,6,825,0,0,500,0.6,1000,0.2,1400,0.2,0
1,7,182,1,0,300,0.5,572,0.32,486,0.18,0
1,8,645,1,0,666,0.42,420,0.58,0
1,9,769,1,0,500,0.6,1000,0.2,1400,0.2,0
1,10,579,1,0,300,0.5,572,0.32,486,0.18,0
1,11,542,0,0,666,0.42,420,0.58,0
2,0,159,0,0,500,0.6,1000,0.2,1400,0.2,1
2,1,878,2,10,5,0,300,0.5,572,0.32,486,0.18,1
2,2,857,0,0,500,0.6,1000,0.2,1400,0.2,1
2,3,678,0,0,500,0.6,1000,0.2,1400,0.2,1
2,4,371,0,0,300,0.5,572,0.32,486,0.18,1
2,5,589,1,0,300,0.5,572,0.32,486,0.18,1
2,6,863,1,0,300,0.5,1700,0.5,1
2,7,126,0,0,500,0.6,1000,0.2,1400,0.2,1
2,8,352,0,0,300,0.5,1700,0.5,1
2,9,635,2,10,5,0,666,0.42,420,0.58,1
2,10,816,2,10,5,0,500,0.6,1000,0.2,1400,0.2,1
2,11,884,1,0,300,0.5,1700,0.5,1
3,0,585,2,10,5,0,500,0.6,1000,0.2,1400,0.2,1
3,1,460,1,0,500,0.6,1000,0.2,1400,0.2,1
3,2,266,2,10,5,0,666,0.42,420,0.58,1
3,3,466,1,0,666,0.42,420,0.58,1
3,4,648,0,0,500,0.6,1000,0.2,1400,0.2,1
3,5,540,2,10,5,0,500,0.6,1000,0.2,1400,0.2,1
3,6,432,0,0,500,0.6,1000,0.2,1400,0.2,1
3,7,810,1,0,300,0.5,572,0.32,486,0.18,1
3,8,225,0,0,300,0.5,1700,0.5,1
3,9,467,1,0,300,0.5,572,0.32,486,0.18,1
3,10,707,1,0,300,0.5,572,0.32,486,0.18,1
3,11,443,2,10,5,0,300,0.5,572,0.32,486,0.18,1
4,0,108,0,0,500,0.6,1000,0.2,1400,0.2,1
4,1,506,2,10,5,0,300,0.5,572,0.32,486,0.18,1
4,2,780,1,0,300,0.5,1700,0.5,1
4,3,381,1,0,300,0.5,1700,0.5,1
4,4,487,1,0,666,0.42,420,0.58,1
4,5,649,2,10,5,0,300,0.5,572,0.32,486,0.18,1
4,6,710,0,0,666,0.42,420,0.58,1
4,7,755,0,0,500,0.6,1000,0.2,1400,0.2,1
4,8,667,1,0,300,0.5,572,0.32,486,0.18,1
4,9,215,0,0,666,0.42,420,0.58,1
4,10,324,1,0,500,0.6,1000,0.2,1400,0.2,1
4,11,944,1,0,500,0.6,1000,0.2,1400,0.2,1
5,0,870,2,10,5,0,500,0.6,1000,0.2,1400,0.2,1
5,1,522,0,0,500,0.6,1000,0.2,1400,0.2,1
5,2,578,0,0,500,0.6,1000,0.2,1400,0.2,1
5,3,337,2,10,5,0,300,0.5,572,0.32,486,0.18,1
5,4,264,2,10,5,0,300,0.5,1700,0.5,1
5,5,971,0,0,300,0.5,572,0.32,486,0.18,1
5,6,590,0,0,300,0.5,572,0.32,486,0.18,1
5,7,122,2,10,5,0,500,0.6,1000,0.2,1400,0.2,1
5,8,807,1,0,300,0.5,572,0.32,486,0.18,1
5,9,513,2,10,5,0,300,0.5,572,0.32,486,0.18,1
5,10,50,2,10,5,0,500,0.6,1000,0.2,1400,0.2,1
5,11,891,1,0,500,0.6,1000,0.2,1400,0.2,1
6,0,253,1,0,666,0.42,420,0.58,1
6,1,935,1,0,500,0.6,1000,0.2,1400,0.2,1
6,2,719,1,0,300,0.5,572,0.32,486,0.18,1
6,3,896,2,10,5,0,300,0.5,1700,0.5,1
6,4,235,2,10,5,0,300,0.5,1700,0.5,1
6,5,848,2,10,5,0,300,0.5,572,0.32,486,0.18,1
6,6,712,2,10,5,0,666,0.42,420,0.58,1
6,7,120,2,10,5,0,500,0.6,1000,0.2,1400,0.2,1
6,8,60,2,10,5,0,666,0.42,420,0.58,1
6,9,517,1,0,500,0.6,1000,0.2,1400,0.2,1
6,10,887,0,0,666,0.42,420,0.58,1
6,11,685,0,0,300,0.5,572,0.32,486,0.18,1
7,0,903,2,10,5,0,666,0.42,420,0.58,1
7,1,524,0,0,500,0.6,1000,0.2,1400,0.2,1
7,2,693,2,10,5,0,300,0.5,572,0.32,486,0.18,1
7,3,233,2,10,5,0,666,0.42,420,0.58,1
7,4,249,0,0,500,0.6,1000,0.2,1400,0.2,1
7,5,409,2,10,5,0,300,0.5,1700,0.5,1
7,6,669,0,0,300,0.5,572,0.32,486,0.18,1
7,7,720,1,0,300,0.5,1700,0.5,1
7,8,482,2,10,5,0,500,0.6,1000,0.2,1400,0.2,1
7,9,957,0,0,500,0.6,1000,0.2,1400,0.2,1
7,10,342,0,0,666,0.42,420,0.58,1
7,11,829,2,10,5,0,300,0.5,572,0.32,486,0.18,1
8,0,351,0,0,666,0.42,420,0.58,1
8,1,205,2,10,5,0,300,0.5,572,0.32,486,0.18,1
8,2,416,1,0,500,0.6,1000,0.2,1400,0.2,1
8,3,467,1,0,666,0.42,420,0.58,1
8,4,773,0,0,300,0.5,1700,0.5,1
8,5,788,2,10,5,0,666,0.42,420,0.58,1
8,6,350,1,0,666,0.42,420,0.58,1
8,7,847,1,0,300,0.5,572,0.32,486,0.18,1
8,8,908,2,10,5,0,666,0.42,420,0.58,1
8,9,111,2,10,5,0,666,0.42,420,0.58,1
8,10,797,0,0,300,0.5,572,0.32,486,0.18,1
8,11,555,1,0,500,0.6,1000,0.2,1400,0.2,1
9,0,543,1,0,500,0.6,1000,0.2,1400,0.2,1
9,1,74,2,10,5,0,666,0.42,420,0.58,1
9,2,605,1,0,500,0.6,1000,0.2,1400,0.2,1
9,3,972,1,0,666,0.42,420,0.58,1
9,4,526,2,10,5,0,300,0.5,1700,0.5,1
9,5,417,2,10,5,0,300,0.5,1700,0.5,1
9,6,279,2,10,5,0,300,0.5,1700,0.5,1
9,7,177,2,10,5,0,500,0.6,1000,0.2,1400,0.2,1
9,8,122,0,0,300,0.5,1700,0.5,1
9,9,18,1,0,500,0.6,1000,0.2,1400,0.2,1
9,10,997,0,0,300,0.5,1700,0.5,1
9,11,406,0,0,500,0.6,1000,0.2,1400,0.2,1
10,0,314,0,0,666,0.42,420,0.58,1
10,1,536,2,10,5,0,666,0.42,420,0.58,1
10,2,716,2,10,5,0,300,0.5,572,0.32,486,0.18,1
10,3,676,0,0,300,0.5,1700,0.5,1
10,4,795,1,0,500,0.6,1000,0.2,1400,0.2,1
10,5,178,1,0,300,0.5,572,0.32,486,0.18,1
10,6,897,0,0,300,0.5,572,0.32,486,0.18,1
10,7,69,2,10,5,0,666,0.42,420,0.58,1
10,8,161,2,10,5,0,500,0.6,1000,0.2,1400,0.2,1
10,9,289,2,10,5,0,666,0.42,420,0.58,1
10,10,395,2,10,5,0,300,0.5,572,0.32,486,0.18,1
10,11,875,0,0,500,0.6,1000,0.2,1400,0.2,1
11,0,821,2,10,5,0,666,0.42,420,0.58,1
11,1,365,0,0,666,0.42,420,0.58,1
11,2,530,1,0,666,0.42,420,0.58,1
11,3,335,2,10,5,0,666,0.42,420,0.58,1
11,4,633,1,0,300,0.5,1700,0.5,1
11,5,397,0,0,300,0.5,1700,0.5,1
11,6,892,0,0,500,0.6,1000,0.2,1400,0.2,1
11,7,108,2,10,5,0,500,0.6,1000,0.2,1400,0.2,1
11,8,275,2,10,5,0,666,0.42,420,0.58,1
11,9,94,1,0,500,0.6,1000,0.2,1400,0.2,1
11,10,969,2,10,5,0,300,0.5,1700,0.5,1
11,11,941,1,0,666,0.42,420,0.58,1
