0,0,287,2,10,5,0,300,0.5,1700,0.5,1
0,1,841,2,10,5,0,500,0.6,1000,0.2,1400,0.2,1
0,2,468,2,10,5,0,500,0.6,1000,0.2,1400,0.2,1
0,3,702,0,0,500,0.6,1000,0.2,1400,0.2,1
0,4,255,1,0,300,0.5,1700,0.5,1
0,5,339,2,10,5,0,666,0.42,420,0.58,1
0,6,739,2,10,5,0,666,0.42,420,0.58,1
0,7,947,0,0,666,0.42,420,0.58,1
0,8,543,1,0,300,0.5,572,0.32,486,0.18,1
0,9,95,0,0,300,0.5,1700,0.5,1
0,10,493,1,0,666,0.42,420,0.58,1
0,11,132,1,0,300,0.5,572,0.32,486,0.18,1
1,0,261,0,0,500,0.6,1000,0.2,1400,0.2,0
1,1,624,1,0,500,0.6,1000,0.2,1400,0.2,0
1,2,135,0,0,666,0.42,420,0.58,0
1,3,44,1,0,666,0.42,420,0.58,0
1,4,400,0,0,300,0.5,572,0.32,486,0.18,0
1,5,402,2,10,5,0,500,0.6,1000,0.2,1400,0.2,0
1,6,462,2,10,5,0,666,0.42,420,0.58,0
1,7,19,0,0,300,0.5,572,0.32,486,0.18,0
1,8,47,2,10,5,0,500,0.6,1000,0.2,1400,0.2,0
1,9,598,1,0,500,0.6,1000,0.2,1400,0.2,0
1,10,716,2,10,5,0,300,0.5,572,0.32,486,0.18,0
1,11,131,0,0,300,0.5,1700,0.5,0
2,0,464,0,0,500,0.6,1000,0.2,1400,0.2,1
2,1,505,0,0,666,0.42,420,0.58,1
2,2,368,1,0,666,0.42,420,0.58,1
2,3,414,2,10,5,0,500,0.6,1000,0.2,1400,0.2,1
2,4,826,0,0,500,0.6,1000,0.2,1400,0.2,1
2,5,514,2,10,5,0,500,0.6,1000,0.2,1400,0.2,1
2,6,195,0,0,666,0.42,420,0.58,1
2,7,565,1,0,500,0.6,1000,0.2,1400,0.2,1
2,8,841,1,0,300,0.5,572,0.32,486,0.18,1
2,9,52,0,0,300,0.5,1700,0.5,1
2,10,344,1,0,500,0.6,1000,0.2,1400,0.2,1
2,11,892,2,10,5,0,300,0.5,1700,0.5,1
3,0,178,2,10,5,0,666,0.42,420,0.58,1
3,1,763,0,0,300,0.5,572,0.32,486,0.18,1
3,2,523,0,0,300,0.5,572,0.32,486,0.18,1
3,3,438,0,0,500,0.6,1000,0.2,1400,0.2,1
3,4,532,2,10,5,0,300,0.5,572,0.32,486,0.18,1
3,5,809,2,10,5,0,666,0.42,420,0.58,1
3,6,992,0,0,300,0.5,1700,0.5,1
3,7,108,1,0,300,0.5,572,0.32,486,0.18,1
3,8,565,1,0,666,0.42,420,0.58,1
3,9,23,0,0,300,0.5,1700,0.5,1
3,10,980,1,0,300,0.5,572,0.32,486,0.18,1
3,11,366,2,10,5,0,300,0.5,1700,0.5,1
4,0,766,0,0,300,0.5,1700,0.5,1
4,1,349,1,0,300,0.5,1700,0.5,1
4,2,734,2,10,5,0,500,0.6,1000,0.2,1400,0.2,1
4,3,325,0,0,300,0.5,1700,0.5,1
4,4,16,1,0,666,0.42,420,0.58,1
4,5,490,2,10,5,0,300,0.5,1700,0.5,1
4,6,744,2,10,5,0,500,0.6,1000,0.2,1400,0.2,1
4,7,634,0,0,300,0.5,572,0.32,486,0.18,1
4,8,976,1,0,666,0.42,420,0.58,1
4,9,428,1,0,666,0.42,420,0.58,1
4,10,575,1,0,300,0.5,572,0.32,486,0.18,1
4,11,222,1,0,300,0.5,572,0.32,486,0.18,1
5,0,186,0,0,666,0.42,420,0.58,1
5,1,54,1,0,500,0.6,1000,0.2,1400,0.2,1
5,2,402,2,10,5,0,666,0.42,420,0.58,1
5,3,158,1,0,500,0.6,1000,0.2,1400,0.2,1
5,4,539,2,10,5,0,666,0.42,420,0.58,1
5,5,66,0,0,300,0.5,572,0.32,486,0.18,1
5,6,389,0,0,300,0.5,572,0.32,486,0.18,1
5,7,729,0,0,500,0.6,1000,0.2,1400,0.2,1
5,8,131,1,0,666,0.42,420,0.58,1
5,9,460,2,10,5,0,500,0.6,1000,0.2,1400,0.2,1
5,10,559,2,10,5,0,666,0.42,420,0.58,1
5,11,740,2,10,5,0,300,0.5,1700,0.5,1
6,0,981,0,0,300,0.5,572,0.32,486,0.18,1
6,1,952,0,0,300,0.5,572,0.32,486,0.18,1
6,2,45,2,10,5,0,666,0.42,420,0.58,1
6,3,629,2,10,5,0,300,0.5,572,0.32,486,0.18,1
6,4,990,0,0,500,0.6,1000,0.2,1400,0.2,1
6,5,307,2,10,5,0,300,0.5,572,0.32,486,0.18,1
6,6,41,0,0,666,0.42,420,0.58,1
6,7,134,0,0,500,0.6,1000,0.2,1400,0.2,1
6,8,501,1,0,666,0.42,420,0.58,1
6,9,471,0,0,500,0.6,1000,0.2,1400,0.2,1
6,10,894,0,0,300,0.5,1700,0.5,1
6,11,699,2,10,5,0,300,0.5,572,0.32,486,0.18,1
7,0,759,1,0,300,0.5,572,0.32,486,0.18,1
7,1,199,0,0,300,0.5,1700,0.5,1
7,2,527,1,0,300,0.5,1700,0.5,1
7,3,785,1,0,666,0.42,420,0.58,1
7,4,270,1,0,300,0.5,1700,0.5,1
7,5,741,2,10,5,0,300,0.5,572,0.32,486,0.18,1
7,6,151,0,0,300,0.5,1700,0.5,1
7,7,994,1,0,500,0.6,1000,0.2,1400,0.2,1
7,8,14,2,10,5,0,666,0.42,420,0.58,1
7,9,364,1,0,666,0.42,420,0.58,1
7,10,52,1,0,300,0.5,1700,0.5,1
7,11,607,2,10,5,0,300,0.5,1700,0.5,1
8,0,623,1,0,500,0.6,1000,0.2,1400,0.2,1
8,1,275,2,10,5,0,300,0.5,1700,0.5,1
8,2,236,0,0,300,0.5,1700,0.5,1
8,3,946,0,0,300,0.5,572,0.32,486,0.18,1
8,4,724,0,0,666,0.42,420,0.58,1
8,5,136,2,10,5,0,300,0.5,572,0.32,486,0.18,1
8,6,185,0,0,666,0.42,420,0.58,1
8,7,668,1,0,500,0.6,1000,0.2,1400,0.2,1
8,8,777,0,0,300,0.5,572,0.32,486,0.18,1
8,9,977,0,0,300,0.5,572,0.32,486,0.18,1
8,10,437,2,10,5,0,666,0.42,420,0.58,1
8,11,741,2,10,5,0,300,0.5,1700,0.5,1
9,0,445,0,0,300,0.5,1700,0.5,1
9,1,967,1,0,300,0.5,572,0.32,486,0.18,1
9,2,623,1,0,300,0.5,572,0.32,486,0.18,1
9,3,742,2,10,5,0,666,0.42,420,0.58,1
9,4,806,2,10,5,0,500,0.6,1000,0.2,1400,0.2,1
9,5,298,1,0,300,0.5,1700,0.5,1
9,6,110,0,0,300,0.5,1700,0.5,1
9,7,952,2,10,5,0,300,0.5,1700,0.5,1
9,8,475,2,10,5,0,300,0.5,572,0.32,486,0.18,1
9,9,673,0,0,300,0.5,1700,0.5,1
9,10,427,1,0,500,0.6,1000,0.2,1400,0.2,1
9,11,93,1,0,300,0.5,1700,0.5,1
10,0,552,0,0,500,0.6,1000,0.2,1400,0.2,1
10,1,992,2,10,5,0,300,0.5,1700,0.5,1
10,2,631,0,0,666,0.42,420,0.58,1
10,3,441,1,0,300,0.5,1700,0.5,1
10,4,601,0,0,300,0.5,1700,0.5,1
10,5,746,2,10,5,0,300,0.5,572,0.32,486,0.18,1
10,6,429,1,0,300,0.5,1700,0.5,1
10,7,931,0,0,300,0.5,572,0.32,486,0.18,1
10,8,583,0,0,666,0.42,420,0.58,1
10,9,489,2,10,5,0,666,0.42,420,0.58,1
10,10,321,0,0,666,0.42,420,0.58,1
10,11,439,1,0,300,0.5,1700,0.5,1
11,0,519,0,0,500,0.6,1000,0.2,1400,0.2,1
11,1,718,0,0,500,0.6,1000,0.2,1400,0.2,1
11,2,793,2,10,5,0,666,0.42,420,0.58,1
11,3,612,2,10,5,0,666,0.42,420,0.58,1
11,4,844,2,10,5,0,300,0.5,1700,0.5,1
11,5,969,1,0,300,0.5,1700,0.5,1
11,6,619,2,10,5,0,500,0.6,1000,0.2,1400,0.2,1
11,7,565,2,10,5,0,300,0.5,1700,0.5,1
11,8,197,2,10,5,0,300,0.5,1700,0.5,1
11,9,236,0,0,300,0.5,572,0.32,486,0.18,1
11,10,270,0,0,300,0.5,1700,0.5,1
11,11,246,1,0,500,0.6,1000,0.2,1400,0.2,1
