0,0,659,2,10,5,0,500,0.6,1000,0.2,1400,0.2,1
0,1,122,1,0,300,0.5,572,0.32,486,0.18,1
0,2,781,1,0,666,0.42,420,0.58,1
0,3,299,0,0,666,0.42,420,0.58,1
0,4,179,2,10,5,0,500,0.6,1000,0.2,1400,0.2,1
0,5,709,1,0,666,0.42,420,0.58,1
0,6,191,1,0,300,0.5,572,0.32,486,0.18,1
0,7,945,1,0,666,0.42,420,0.58,1
0,8,550,2,10,5,0,666,0.42,420,0.58,1
0,9,354,2,10,5,0,666,0.42,420,0.58,1
0,10,972,1,0,500,0.6,1000,0.2,1400,0.2,1
0,11,37,0,0,666,0.42,420,0.58,1
1,0,116,0,0,300,0.5,572,0.32,486,0.18,0
1,1,383,1,0,666,0.42,420,0.58,0
1,2,939,1,0,666,0.42,420,0.58,0
1,3,770,0,0,300,0.5,572,0.32,486,0.18,0
1,4,949,1,0,500,0.6,1000,0.2,1400,0.2,0
1,5,850,2,10,5,0,500,0.6,1000,0.2,1400,0.2,0
1,6,420,0,0,666,0.42,420,0.58,0
1,7,561,0,0,300,0.5,1700,0.5,0
1,8,311,2,10,5,0,300,0.5,1700,0.5,0
1,9,612,2,10,5,0,300,0.5,1700,0.5,0
1,10,813,2,10,5,0,500,0.6,1000,0.2,1400,0.2,0
1,11,906,2,10,5,0,300,0.5,572,0.32,486,0.18,0
2,0,203,0,0,300,0.5,572,0.32,486,0.18,1
2,1,315,1,0,500,0.6,1000,0.2,1400,0.2,1
2,2,128,2,10,5,0,666,0.42,420,0.58,1
2,3,52,2,10,5,0,300,0.5,572,0.32,486,0.18,1
2,4,424,1,0,500,0.6,1000,0.2,1400,0.2,1
2,5,986,1,0,666,0.42,420,0.58,1
2,6,967,2,10,5,0,500,0.6,1000,0.2,1400,0.2,1
2,7,268,1,0,300,0.5,572,0.32,486,0.18,1
2,8,998,1,0,300,0.5,572,0.32,486,0.18,1
2,9,139,0,0,500,0.6,1000,0.2,1400,0.2,1
2,10,831,1,0,500,0.6,1000,0.2,1400,0.2,1
2,11,337,2,10,5,0,500,0.6,1000,0.2,1400,0.2,1
3,0,42,0,0,500,0.6,1000,0.2,1400,0.2,1
3,1,570,1,0,666,0.42,420,0.58,1
3,2,563,1,0,666,0.42,420,0.58,1
3,3,472,2,10,5,0,666,0.42,420,0.58,1
3,4,972,2,10,5,0,666,0.42,420,0.58,1
3,5,68,0,0,300,0.5,1700,0.5,1
3,6,169,1,0,666,0.42,420,0.58,1
3,7,769,2,10,5,0,666,0.42,420,0.58,1
3,8,202,0,0,500,0.6,1000,0.2,1400,0.2,1
3,9,15,1,0,300,0.5,572,0.32,486,0.18,1
3,10,689,0,0,300,0.5,572,0.32,486,0.18,1
3,11,359,1,0,500,0.6,1000,0.2,1400,0.2,1
4,0,47,0,0,300,0.5,1700,0.5,1
4,1,610,2,10,5,0,300,0.5,572,0.32,486,0.18,1
4,2,466,0,0,300,0.5,1700,0.5,1
4,3,68,0,0,300,0.5,572,0.32,486,0.18,1
4,4,422,2,10,5,0,666,0.42,420,0.58,1
4,5,733,2,10,5,0,300,0.5,572,0.32,486,0.18,1
4,6,813,2,10,5,0,666,0.42,420,0.58,1
4,7,49,0,0,666,0.42,420,0.58,1
4,8,651,0,0,500,0.6,1000,0.2,1400,0.2,1
4,9,842,2,10,5,0,300,0.5,572,0.32,486,0.18,1
4,10,529,0,0,300,0.5,572,0.32,486,0.18,1
4,11,599,1,0,300,0.5,572,0.32,486,0.18,1
5,0,55,2,10,5,0,300,0.5,1700,0.5,1
5,1,12,1,0,300,0.5,1700,0.5,1
5,2,540,0,0,500,0.6,1000,0.2,1400,0.2,1
5,3,898,2,10,5,0,500,0.6,1000,0.2,1400,0.2,1
5,4,316,1,0,300,0.5,572,0.32,486,0.18,1
5,5,98,1,0,666,0.42,420,0.58,1
5,6,79,1,0,500,0.6,1000,0.2,1400,0.2,1
5,7,550,0,0,666,0.42,420,0.58,1
5,8,167,1,0,300,0.5,572,0.32,486,0.18,1
5,9,530,2,10,5,0,300,0.5,572,0.32,486,0.18,1
5,10,562,0,0,300,0.5,572,0.32,486,0.18,1
5,11,461,1,0,300,0.5,572,0.32,486,0.18,1
6,0,403,1,0,666,0.42,420,0.58,1
6,1,479,0,0,300,0.5,572,0.32,486,0.18,1
6,2,635,2,10,5,0,300,0.5,1700,0.5,1
6,3,809,1,0,300,0.5,572,0.32,486,0.18,1
6,4,917,1,0,300,0.5,1700,0.5,1
6,5,840,1,0,300,0.5,572,0.32,486,0.18,1
6,6,836,2,10,5,0,666,0.42,420,0.58,1
6,7,963,2,10,5,0,666,0.42,420,0.58,1
6,8,236,0,0,300,0.5,572,0.32,486,0.18,1
6,9,730,2,10,5,0,300,0.5,1700,0.5,1
6,10,569,2,10,5,0,300,0.5,572,0.32,486,0.18,1
6,11,844,1,0,300,0.5,1700,0.5,1
7,0,501,2,10,5,0,300,0.5,1700,0.5,1
7,1,562,0,0,300,0.5,1700,0.5,1
7,2,320,2,10,5,0,666,0.42,420,0.58,1
7,3,476,0,0,666,0.42,420,0.58,1
7,4,314,0,0,666,0.42,420,0.58,1
7,5,124,2,10,5,0,666,0.42,420,0.58,1
7,6,460,2,10,5,0,300,0.5,572,0.32,486,0.18,1
7,7,658,2,10,5,0,666,0.42,420,0.58,1
7,8,557,0,0,666,0.42,420,0.58,1
7,9,416,1,0,300,0.5,1700,0.5,1
7,10,454,2,10,5,0,666,0.42,420,0.58,1
7,11,966,2,10,5,0,300,0.5,1700,0.5,1
8,0,677,0,0,500,0.6,1000,0.2,1400,0.2,1
8,1,233,0,0,500,0.6,1000,0.2,1400,0.2,1
8,2,743,1,0,500,0.6,1000,0.2,1400,0.2,1
8,3,225,1,0,300,0.5,1700,0.5,1
8,4,995,1,0,500,0.6,1000,0.2,1400,0.2,1
8,5,477,0,0,500,0.6,1000,0.2,1400,0.2,1
8,6,697,1,0,666,0.42,420,0.58,1
8,7,552,2,10,5,0,500,0.6,1000,0.2,1400,0.2,1
8,8,693,1,0,300,0.5,1700,0.5,1
8,9,43,1,0,300,0.5,1700,0.5,1
8,10,110,1,0,300,0.5,572,0.32,486,0.18,1
8,11,530,2,10,5,0,300,0.5,1700,0.5,1
9,0,73,0,0,666,0.42,420,0.58,1
9,1,974,0,0,300,0.5,1700,0.5,1
9,2,27,1,0,666,0.42,420,0.58,1
9,3,759,0,0,300,0.5,572,0.32,486,0.18,1
9,4,981,0,0,300,0.5,572,0.32,486,0.18,1
9,5,293,1,0,666,0.42,420,0.58,1
9,6,989,2,10,5,0,300,0.5,1700,0.5,1
9,7,419,0,0,300,0.5,572,0.32,486,0.18,1
9,8,930,2,10,5,0,500,0.6,1000,0.2,1400,0.2,1
9,9,411,2,10,5,0,300,0.5,572,0.32,486,0.18,1
9,10,978,0,0,300,0.5,572,0.32,486,0.18,1
9,11,586,1,0,500,0.6,1000,0.2,1400,0.2,1
10,0,989,2,10,5,0,300,0.5,1700,0.5,1
10,1,651,1,0,666,0.42,420,0.58,1
10,2,554,2,10,5,0,500,0.6,1000,0.2,1400,0.2,1
10,3,166,0,0,500,0.6,1000,0.2,1400,0.2,1
10,4,829,0,0,300,0.5,1700,0.5,1
10,5,595,0,0,666,0.42,420,0.58,1
10,6,420,0,0,500,0.6,1000,0.2,1400,0.2,1
10,7,760,1,0,300,0.5,1700,0.5,1
10,8,741,0,0,666,0.42,420,0.58,1
10,9,98,2,10,5,0,666,0.42,420,0.58,1
10,10,192,1,0,300,0.5,572,0.32,486,0.18,1
10,11,486,0,0,500,0.6,1000,0.2,1400,0.2,1
11,0,742,2,10,5,0,666,0.42,420,0.58,1
11,1,615,1,0,300,0.5,572,0.32,486,0.18,1
11,2,516,1,0,500,0.6,1000,0.2,1400,0.2,1
11,3,694,2,10,5,0,300,0.5,1700,0.5,1
11,4,749,0,0,500,0.6,1000,0.2,1400,0.2,1
11,5,887,2,10,5,0,500,0.6,1000,0.2,1400,0.2,1
11,6,402,1,0,300,0.5,572,0.32,486,0.18,1
11,7,742,0,0,300,0.5,572,0.32,486,0.18,1
11,8,561,1,0,500,0.6,1000,0.2,1400,0.2,1
11,9,130,1,0,300,0.5,1700,0.5,1
11,10,854,1,0,500,0.6,1000,0.2,1400,0.2,1
11,11,354,2,10,5,0,300,0.5,1700,0.5,1
