0,0,420,1,0,300,0.5,572,0.32,486,0.18,1
0,1,669,0,0,666,0.42,420,0.58,1
0,2,326,0,0,300,0.5,572,0.32,486,0.18,1
0,3,453,1,0,666,0.42,420,0.58,1
0,4,783,2,10,5,0,300,0.5,572,0.32,486,0.18,1
0,5,392,2,10,5,0,300,0.5,1700,0.5,1
0,6,33,1,0,300,0.5,572,0.32,486,0.18,1
0,7,197,2,10,5,0,300,0.5,1700,0.5,1
0,8,231,2,10,5,0,300,0.5,1700,0.5,1
0,9,615,0,0,300,0.5,572,0.32,486,0.18,1
0,10,108,2,10,5,0,300,0.5,572,0.32,486,0.18,1
0,11,980,1,0,300,0.5,572,0.32,486,0.18,1
1,0,649,0,0,500,0.6,1000,0.2,1400,0.2,0
1,1,733,0,0,666,0.42,420,0.58,0
1,2,590,2,10,5,0,300,0.5,1700,0.5,0
1,3,881,2,10,5,0,300,0.5,1700,0.5,0
1,4,945,1,0,666,0.42,420,0.58,0
1,5,695,2,10,5,0,300,0.5,1700,0.5,0
1,6,152,0,0,666,0.42,420,0.58,0
1,7,472,1,0,500,0.6,1000,0.2,1400,0.2,0
1,8,576,2,10,5,0,300,0.5,572,0.32,486,0.18,0
1,9,482,1,0,300,0.5,572,0.32,486,0.18,0
1,10,691,2,10,5,0,300,0.5,572,0.32,486,0.18,0
1,11,648,1,0,500,0.6,1000,0.2,1400,0.2,0
2,0,216,0,0,500,0.6,1000,0.2,1400,0.2,1
2,1,319,2,10,5,0,300,0.5,572,0.32,486,0.18,1
2,2,480,0,0,666,0.42,420,0.58,1
2,3,713,1,0,300,0.5,572,0.32,486,0.18,1
2,4,971,2,10,5,0,500,0.6,1000,0.2,1400,0.2,1
2,5,861,0,0,666,0.42,420,0.58,1
2,6,167,0,0,500,0.6,1000,0.2,1400,0.2,1
2,7,263,1,0,666,0.42,420,0.58,1
2,8,848,2,10,5,0,300,0.5,1700,0.5,1
2,9,255,1,0,300,0.5,572,0.32,486,0.18,1
2,10,862,1,0,300,0.5,1700,0.5,1
2,11,106,0,0,300,0.5,572,0.32,486,0.18,1
3,0,225,0,0,500,0.6,1000,0.2,1400,0.2,1
3,1,659,0,0,666,0.42,420,0.58,1
3,2,211,2,10,5,0,500,0.6,1000,0.2,1400,0.2,1
3,3,342,2,10,5,0,300,0.5,572,0.32,486,0.18,1
3,4,183,0,0,500,0.6,1000,0.2,1400,0.2,1
3,5,201,0,0,500,0.6,1000,0.2,1400,0.2,1
3,6,395,2,10,5,0,300,0.5,572,0.32,486,0.18,1
3,7,773,2,10,5,0,666,0.42,420,0.58,1
3,8,66,2,10,5,0,300,0.5,572,0.32,486,0.18,1
3,9,866,1,0,666,0.42,420,0.58,1
3,10,568,0,0,500,0.6,1000,0.2,1400,0.2,1
3,11,665,2,10,5,0,300,0.5,572,0.32,486,0.18,1
4,0,632,2,10,5,0,500,0.6,1000,0.2,1400,0.2,1
4,1,297,0,0,300,0.5,572,0.32,486,0.18,1
4,2,830,2,10,5,0,666,0.42,420,0.58,1
4,3,159,0,0,666,0.42,420,0.58,1
4,4,470,2,10,5,0,500,0.6,1000,0.2,1400,0.2,1
4,5,126,2,10,5,0,300,0.5,1700,0.5,1
4,6,436,2,10,5,0,666,0.42,420,0.58,1
4,7,929,0,0,666,0.42,420,0.58,1
4,8,536,1,0,666,0.42,420,0.58,1
4,9,731,1,0,300,0.5,1700,0.5,1
4,10,450,1,0,300,0.5,572,0.32,486,0.18,1
4,11,486,1,0,666,0.42,420,0.58,1
5,0,186,0,0,666,0.42,420,0.58,1
5,1,792,2,10,5,0,300,0.5,1700,0.5,1
5,2,817,2,10,5,0,300,0.5,572,0.32,486,0.18,1
5,3,886,0,0,300,0.5,1700,0.5,1
5,4,800,1,0,500,0.6,1000,0.2,1400,0.2,1
5,5,231,1,0,500,0.6,1000,0.2,1400,0.2,1
5,6,101,1,0,300,0.5,572,0.32,486,0.18,1
5,7,136,1,0,666,0.42,420,0.58,1
5,8,922,2,10,5,0,300,0.5,572,0.32,486,0.18,1
5,9,765,1,0,666,0.42,420,0.58,1
5,10,34,1,0,666,0.42,420,0.58,1
5,11,670,1,0,300,0.5,572,0.32,486,0.18,1
6,0,454,2,10,5,0,500,0.6,1000,0.2,1400,0.2,1
6,1,368,1,0,666,0.42,420,0.58,1
6,2,272,2,10,5,0,500,0.6,1000,0.2,1400,0.2,1
6,3,453,2,10,5,0,666,0.42,420,0.58,1
6,4,78,1,0,500,0.6,1000,0.2,1400,0.2,1
6,5,164,2,10,5,0,300,0.5,572,0.32,486,0.18,1
6,6,600,0,0,300,0.5,1700,0.5,1
6,7,654,0,0,300,0.5,1700,0.5,1
6,8,629,2,10,5,0,300,0.5,1700,0.5,1
6,9,872,2,10,5,0,666,0.42,420,0.58,1
6,10,117,0,0,666,0.42,420,0.58,1
6,11,53,0,0,300,0.5,1700,0.5,1
7,0,715,0,0,300,0.5,572,0.32,486,0.18,1
7,1,204,2,10,5,0,300,0.5,1700,0.5,1
7,2,539,2,10,5,0,300,0.5,1700,0.5,1
7,3,325,2,10,5,0,300,0.5,1700,0.5,1
7,4,992,1,0,300,0.5,572,0.32,486,0.18,1
7,5,917,0,0,300,0.5,1700,0.5,1
7,6,133,1,0,300,0.5,572,0.32,486,0.18,1
7,7,65,1,0,666,0.42,420,0.58,1
7,8,66,2,10,5,0,300,0.5,1700,0.5,1
7,9,59,1,0,300,0.5,572,0.32,486,0.18,1
7,10,388,1,0,300,0.5,572,0.32,486,0.18,1
7,11,236,1,0,500,0.6,1000,0.2,1400,0.2,1
8,0,353,0,0,500,0.6,1000,0.2,1400,0.2,1
8,1,805,0,0,666,0.42,420,0.58,1
8,2,708,2,10,5,0,300,0.5,572,0.32,486,0.18,1
8,3,176,2,10,5,0,666,0.42,420,0.58,1
8,4,260,2,10,5,0,500,0.6,1000,0.2,1400,0.2,1
8,5,864,1,0,666,0.42,420,0.58,1
8,6,359,1,0,300,0.5,572,0.32,486,0.18,1
8,7,164,0,0,300,0.5,572,0.32,486,0.18,1
8,8,441,0,0,666,0.42,420,0.58,1
8,9,321,1,0,500,0.6,1000,0.2,1400,0.2,1
8,10,540,0,0,300,0.5,572,0.32,486,0.18,1
8,11,314,1,0,300,0.5,572,0.32,486,0.18,1
9,0,662,2,10,5,0,300,0.5,1700,0.5,1
9,1,339,2,10,5,0,500,0.6,1000,0.2,1400,0.2,1
9,2,764,0,0,300,0.5,572,0.32,486,0.18,1
9,3,371,0,0,300,0.5,572,0.32,486,0.18,1
9,4,348,2,10,5,0,500,0.6,1000,0.2,1400,0.2,1
9,5,514,1,0,300,0.5,1700,0.5,1
9,6,460,1,0,300,0.5,572,0.32,486,0.18,1
9,7,977,1,0,300,0.5,572,0.32,486,0.18,1
9,8,684,2,10,5,0,300,0.5,572,0.32,486,0.18,1
9,9,436,0,0,300,0.5,572,0.32,486,0.18,1
9,10,841,2,10,5,0,666,0.42,420,0.58,1
9,11,580,0,0,666,0.42,420,0.58,1
10,0,530,1,0,300,0.5,572,0.32,486,0.18,1
10,1,440,0,0,666,0.42,420,0.58,1
10,2,655,0,0,500,0.6,1000,0.2,1400,0.2,1
10,3,702,1,0,300,0.5,572,0.32,486,0.18,1
10,4,48,0,0,666,0.42,420,0.58,1
10,5,12,1,0,666,0.42,420,0.58,1
10,6,918,1,0,666,0.42,420,0.58,1
10,7,85,2,10,5,0,500,0.6,1000,0.2,1400,0.2,1
10,8,829,2,10,5,0,300,0.5,1700,0.5,1
10,9,536,0,0,500,0.6,1000,0.2,1400,0.2,1
10,10,983,0,0,500,0.6,1000,0.2,1400,0.2,1
10,11,78,2,10,5,0,300,0.5,572,0.32,486,0.18,1
11,0,980,0,0,300,0.5,1700,0.5,1
11,1,840,2,10,5,0,300,0.5,1700,0.5,1
11,2,723,1,0,500,0.6,1000,0.2,1400,0.2,1
11,3,819,1,0,666,0.42,420,0.58,1
11,4,251,0,0,300,0.5,572,0.32,486,0.18,1
11,5,703,2,10,5,0,300,0.5,572,0.32,486,0.18,1
11,6,509,2,10,5,0,300,0.5,1700,0.5,1
11,7,498,1,0,300,0.5,1700,0.5,1
11,8,492,0,0,666,0.42,420,0.58,1
11,9,625,0,0,666,0.42,420,0.58,1
11,10,545,1,0,300,0.5,572,0.32,486,0.18,1
11,11,85,2,10,5,0,500,0.6,1000,0.2,1400,0.2,1
