0,0,565,2,10,5,0,500,0.6,1000,0.2,1400,0.2,1
0,1,437,0,0,300,0.5,1700,0.5,1
0,2,881,2,10,5,0,300,0.5,1700,0.5,1
0,3,113,1,0,300,0.5,1700,0.5,1
0,4,937,1,0,500,0.6,1000,0.2,1400,0.2,1
0,5,506,2,10,5,0,300,0.5,572,0.32,486,0.18,1
0,6,832,1,0,500,0.6,1000,0.2,1400,0.2,1
0,7,373,1,0,500,0.6,1000,0.2,1400,0.2,1
0,8,301,1,0,666,0.42,420,0.58,1
0,9,836,0,0,300,0.5,1700,0.5,1
0,10,389,2,10,5,0,500,0.6,1000,0.2,1400,0.2,1
0,11,367,2,10,5,0,300,0.5,1700,0.5,1
1,0,312,2,10,5,0,666,0.42,420,0.58,0
1,1,416,0,0,300,0.5,572,0.32,486,0.18,0
1,2,385,0,0,300,0.5,572,0.32,486,0.18,0
1,3,83,0,0,300,0.5,572,0.32,486,0.18,0
1,4,30,0,0,666,0.42,420,0.58,0
1,5,446,1,0,300,0.5,1700,0.5,0
1,6,816,1,0,300,0.5,1700,0.5,0
1,7,552,0,0,300,0.5,1700,0.5,0
1,8,255,2,10,5,0,500,0.6,1000,0.2,1400,0.2,0
1,9,683,2,10,5,0,666,0.42,420,0.58,0
1,10,899,2,10,5,0,300,0.5,1700,0.5,0
1,11,392,2,10,5,0,300,0.5,1700,0.5,0
2,0,155,1,0,666,0.42,420,0.58,1
2,1,954,2,10,5,0,300,0.5,572,0.32,486,0.18,1
2,2,760,0,0,666,0.42,420,0.58,1
2,3,762,2,10,5,0,666,0.42,420,0.58,1
2,4,182,0,0,300,0.5,572,0.32,486,0.18,1
2,5,481,1,0,666,0.42,420,0.58,1
2,6,332,1,0,300,0.5,1700,0.5,1
2,7,799,2,10,5,0,300,0.5,1700,0.5,1
2,8,596,2,10,5,0,666,0.42,420,0.58,1
2,9,933,2,10,5,0,300,0.5,572,0.32,486,0.18,1
2,10,969,0,0,666,0.42,420,0.58,1
2,11,836,2,10,5,0,300,0.5,1700,0.5,1
3,0,974,0,0,300,0.5,572,0.32,486,0.18,1
3,1,891,2,10,5,0,300,0.5,572,0.32,486,0.18,1
3,2,18,0,0,300,0.5,572,0.32,486,0.18,1
3,3,743,2,10,5,0,500,0.6,1000,0.2,1400,0.2,1
3,4,359,2,10,5,0,300,0.5,1700,0.5,1
3,5,685,0,0,500,0.6,1000,0.2,1400,0.2,1
3,6,156,1,0,666,0.42,420,0.58,1
3,7,10,0,0,300,0.5,572,0.32,486,0.18,1
3,8,994,2,10,5,0,300,0.5,1700,0.5,1
3,9,663,2,10,5,0,500,0.6,1000,0.2,1400,0.2,1
3,10,472,0,0,300,0.5,572,0.32,486,0.18,1
3,11,55,0,0,300,0.5,1700,0.5,1
4,0,403,0,0,300,0.5,1700,0.5,1
4,1,416,2,10,5,0,300,0.5,572,0.32,486,0.18,1
4,2,381,1,0,300,0.5,572,0.32,486,0.18,1
4,3,91,1,0,300,0.5,572,0.32,486,0.18,1
4,4,454,1,0,300,0.5,1700,0.5,1
4,5,158,0,0,500,0.6,1000,0.2,1400,0.2,1
4,6,791,2,10,5,0,500,0.6,1000,0.2,1400,0.2,1
4,7,17,0,0,300,0.5,1700,0.5,1
4,8,845,2,10,5,0,666,0.42,420,0.58,1
4,9,960,0,0,666,0.42,420,0.58,1
4,10,878,1,0,300,0.5,1700,0.5,1
4,11,826,0,0,666,0.42,420,0.58,1
5,0,536,1,0,500,0.6,1000,0.2,1400,0.2,1
5,1,17,1,0,500,0.6,1000,0.2,1400,0.2,1
5,2,525,1,0,666,0.42,420,0.58,1
5,3,508,1,0,300,0.5,1700,0.5,1
5,4,670,0,0,666,0.42,420,0.58,1
5,5,788,0,0,666,0.42,420,0.58,1
5,6,896,2,10,5,0,500,0.6,1000,0.2,1400,0.2,1
5,7,513,2,10,5,0,300,0.5,572,0.32,486,0.18,1
5,8,13,1,0,666,0.42,420,0.58,1
5,9,245,2,10,5,0,666,0.42,420,0.58,1
5,10,836,0,0,666,0.42,420,0.58,1
5,11,875,0,0,500,0.6,1000,0.2,1400,0.2,1
6,0,889,0,0,500,0.6,1000,0.2,1400,0.2,1
6,1,219,1,0,500,0.6,1000,0.2,1400,0.2,1
6,2,777,0,0,500,0.6,1000,0.2,1400,0.2,1
6,3,559,1,0,300,0.5,572,0.32,486,0.18,1
6,4,334,1,0,300,0.5,1700,0.5,1
6,5,687,1,0,500,0.6,1000,0.2,1400,0.2,1
6,6,356,1,0,300,0.5,572,0.32,486,0.18,1
6,7,736,0,0,300,0.5,1700,0.5,1
6,8,401,1,0,500,0.6,1000,0.2,1400,0.2,1
6,9,98,2,10,5,0,300,0.5,1700,0.5,1
6,10,611,1,0,500,0.6,1000,0.2,1400,0.2,1
6,11,758,2,10,5,0,300,0.5,572,0.32,486,0.18,1
7,0,134,2,10,5,0,300,0.5,572,0.32,486,0.18,1
7,1,712,0,0,300,0.5,572,0.32,486,0.18,1
7,2,247,0,0,300,0.5,1700,0.5,1
7,3,40,0,0,500,0.6,1000,0.2,1400,0.2,1
7,4,302,1,0,300,0.5,1700,0.5,1
7,5,397,1,0,300,0.5,1700,0.5,1
7,6,752,1,0,300,0.5,1700,0.5,1
7,7,992,1,0,500,0.6,1000,0.2,1400,0.2,1
7,8,440,0,0,300,0.5,1700,0.5,1
7,9,852,1,0,300,0.5,572,0.32,486,0.18,1
7,10,418,2,10,5,0,500,0.6,1000,0.2,1400,0.2,1
7,11,78,1,0,666,0.42,420,0.58,1
8,0,391,0,0,300,0.5,1700,0.5,1
8,1,548,0,0,300,0.5,572,0.32,486,0.18,1
8,2,674,2,10,5,0,300,0.5,572,0.32,486,0.18,1
8,3,967,1,0,300,0.5,1700,0.5,1
8,4,177,1,0,666,0.42,420,0.58,1
8,5,27,2,10,5,0,666,0.42,420,0.58,1
8,6,29,2,10,5,0,300,0.5,1700,0.5,1
8,7,265,1,0,300,0.5,1700,0.5,1
8,8,333,2,10,5,0,300,0.5,572,0.32,486,0.18,1
8,9,386,2,10,5,0,666,0.42,420,0.58,1
8,10,850,2,10,5,0,300,0.5,1700,0.5,1
8,11,670,2,10,5,0,666,0.42,420,0.58,1
9,0,490,2,10,5,0,500,0.6,1000,0.2,1400,0.2,1
9,1,359,1,0,300,0.5,572,0.32,486,0.18,1
9,2,618,0,0,666,0.42,420,0.58,1
9,3,739,0,0,500,0.6,1000,0.2,1400,0.2,1
9,4,796,0,0,500,0.6,1000,0.2,1400,0.2,1
9,5,907,1,0,300,0.5,1700,0.5,1
9,6,536,2,10,5,0,300,0.5,1700,0.5,1
9,7,364,0,0,300,0.5,1700,0.5,1
9,8,235,2,10,5,0,300,0.5,572,0.32,486,0.18,1
9,9,667,2,10,5,0,666,0.42,420,0.58,1
9,10,754,0,0,300,0.5,572,0.32,486,0.18,1
9,11,951,2,10,5,0,300,0.5,1700,0.5,1
10,0,103,2,10,5,0,300,0.5,572,0.32,486,0.18,1
10,1,147,1,0,500,0.6,1000,0.2,1400,0.2,1
10,2,711,0,0,666,0.42,420,0.58,1
10,3,890,0,0,500,0.6,1000,0.2,1400,0.2,1
10,4,538,1,0,300,0.5,572,0.32,486,0.18,1
10,5,673,2,10,5,0,666,0.42,420,0.58,1
10,6,771,2,10,5,0,300,0.5,1700,0.5,1
10,7,644,1,0,666,0.42,420,0.58,1
10,8,233,0,0,300,0.5,1700,0.5,1
10,9,444,0,0,500,0.6,1000,0.2,1400,0.2,1
10,10,14,2,10,5,0,300,0.5,572,0.32,486,0.18,1
10,11,666,2,10,5,0,300,0.5,572,0.32,486,0.18,1
11,0,666,0,0,300,0.5,1700,0.5,1
11,1,47,1,0,300,0.5,572,0.32,486,0.18,1
11,2,574,0,0,300,0.5,1700,0.5,1
11,3,734,2,10,5,0,300,0.5,1700,0.5,1
11,4,589,2,10,5,0,666,0.42,420,0.58,1
11,5,151,1,0,300,0.5,1700,0.5,1
11,6,412,0,0,500,0.6,1000,0.2,1400,0.2,1
11,7,576,2,10,5,0,300,0.5,572,0.32,486,0.18,1
11,8,103,0,0,666,0.42,420,0.58,1
11,9,87,2,10,5,0,500,0.6,1000,0.2,1400,0.2,1
11,10,925,1,0,500,0.6,1000,0.2,1400,0.2,1
11,11,814,2,10,5,0,500,0.6,1000,0.2,1400,0.2,1
