0,0,225,2,10,5,0,300,0.5,1700,0.5,1
0,1,378,0,0,300,0.5,1700,0.5,1
0,2,852,1,0,300,0.5,1700,0.5,1
0,3,223,2,10,5,0,300,0.5,1700,0.5,1
0,4,67,0,0,300,0.5,572,0.32,486,0.18,1
0,5,157,1,0,300,0.5,1700,0.5,1
0,6,511,2,10,5,0,300,0.5,572,0.32,486,0.18,1
0,7,16,0,0,500,0.6,1000,0.2,1400,0.2,1
0,8,30,1,0,300,0.5,1700,0.5,1
0,9,120,0,0,666,0.42,420,0.58,1
0,10,325,0,0,300,0.5,1700,0.5,1
0,11,694,2,10,5,0,500,0.6,1000,0.2,1400,0.2,1
1,0,968,1,0,300,0.5,1700,0.5,0
1,1,439,0,0,300,0.5,1700,0.5,0
1,2,268,0,0,300,0.5,572,0.32,486,0.18,0
1,3,135,1,0,666,0.42,420,0.58,0
1,4,337,2,10,5,0,666,0.42,420,0.58,0
1,5,760,0,0,300,0.5,1700,0.5,0
1,6,736,1,0,300,0.5,1700,0.5,0
1,7,430,1,0,300,0.5,1700,0.5,0
1,8,330,2,10,5,0,666,0.42,420,0.58,0
1,9,192,1,0,666,0.42,420,0.58,0
1,10,145,1,0,300,0.5,1700,0.5,0
1,11,929,2,10,5,0,300,0.5,572,0.32,486,0.18,0
2,0,762,1,0,300,0.5,1700,0.5,1
2,1,225,2,10,5,0,500,0.6,1000,0.2,1400,0.2,1
2,2,853,1,0,300,0.5,1700,0.5,1
2,3,208,1,0,300,0.5,1700,0.5,1
2,4,406,0,0,666,0.42,420,0.58,1
2,5,720,2,10,5,0,500,0.6,1000,0.2,1400,0.2,1
2,6,186,1,0,500,0.6,1000,0.2,1400,0.2,1
2,7,964,0,0,500,0.6,1000,0.2,1400,0.2,1
2,8,715,2,10,5,0,300,0.5,572,0.32,486,0.18,1
2,9,273,1,0,666,0.42,420,0.58,1
2,10,215,2,10,5,0,666,0.42,420,0.58,1
2,11,15,2,10,5,0,500,0.6,1000,0.2,1400,0.2,1
3,0,984,1,0,300,0.5,572,0.32,486,0.18,1
3,1,102,0,0,666,0.42,420,0.58,1
3,2,923,2,10,5,0,666,0.42,420,0.58,1
3,3,108,2,10,5,0,300,0.5,1700,0.5,1
3,4,788,2,10,5,0,500,0.6,1000,0.2,1400,0.2,1
3,5,874,2,10,5,0,500,0.6,1000,0.2,1400,0.2,1
3,6,969,2,10,5,0,666,0.42,420,0.58,1
3,7,461,2,10,5,0,300,0.5,572,0.32,486,0.18,1
3,8,992,0,0,300,0.5,1700,0.5,1
3,9,133,2,10,5,0,300,0.5,572,0.32,486,0.18,1
3,10,575,1,0,500,0.6,1000,0.2,1400,0.2,1
3,11,11,0,0,300,0.5,1700,0.5,1
4,0,755,1,0,300,0.5,1700,0.5,1
4,1,626,0,0,300,0.5,572,0.32,486,0.18,1
4,2,526,0,0,500,0.6,1000,0.2,1400,0.2,1
4,3,744,1,0,666,0.42,420,0.58,1
4,4,392,1,0,500,0.6,1000,0.2,1400,0.2,1
4,5,25,0,0,300,0.5,572,0.32,486,0.18,1
4,6,697,2,10,5,0,300,0.5,1700,0.5,1
4,7,390,1,0,500,0.6,1000,0.2,1400,0.2,1
4,8,77,0,0,300,0.5,572,0.32,486,0.18,1
4,9,524,1,0,666,0.42,420,0.58,1
4,10,563,0,0,666,0.42,420,0.58,1
4,11,409,2,10,5,0,666,0.42,420,0.58,1
5,0,901,1,0,300,0.5,1700,0.5,1
5,1,863,2,10,5,0,666,0.42,420,0.58,1
5,2,250,2,10,5,0,500,0.6,1000,0.2,1400,0.2,1
5,3,11,2,10,5,0,300,0.5,1700,0.5,1
5,4,328,0,0,500,0.6,1000,0.2,1400,0.2,1
5,5,747,1,0,300,0.5,1700,0.5,1
5,6,119,1,0,300,0.5,1700,0.5,1
5,7,193,1,0,300,0.5,1700,0.5,1
5,8,105,0,0,500,0.6,1000,0.2,1400,0.2,1
5,9,287,0,0,300,0.5,1700,0.5,1
5,10,495,0,0,500,0.6,1000,0.2,1400,0.2,1
5,11,274,1,0,300,0.5,1700,0.5,1
6,0,822,1,0,500,0.6,1000,0.2,1400,0.2,1
6,1,728,0,0,666,0.42,420,0.58,1
6,2,363,0,0,300,0.5,1700,0.5,1
6,3,533,0,0,300,0.5,1700,0.5,1
6,4,138,0,0,666,0.42,420,0.58,1
6,5,488,0,0,300,0.5,1700,0.5,1
6,6,70,1,0,666,0.42,420,0.58,1
6,7,985,0,0,300,0.5,1700,0.5,1
6,8,106,0,0,300,0.5,572,0.32,486,0.18,1
6,9,198,2,10,5,0,300,0.5,1700,0.5,1
6,10,310,0,0,500,0.6,1000,0.2,1400,0.2,1
6,11,727,2,10,5,0,300,0.5,572,0.32,486,0.18,1
7,0,44,2,10,5,0,300,0.5,572,0.32,486,0.18,1
7,1,990,0,0,500,0.6,1000,0.2,1400,0.2,1
7,2,550,2,10,5,0,300,0.5,572,0.32,486,0.18,1
7,3,148,1,0,300,0.5,572,0.32,486,0.18,1
7,4,570,2,10,5,0,666,0.42,420,0.58,1
7,5,95,2,10,5,0,300,0.5,1700,0.5,1
7,6,391,1,0,300,0.5,1700,0.5,1
7,7,29,0,0,666,0.42,420,0.58,1
7,8,134,1,0,666,0.42,420,0.58,1
7,9,44,1,0,500,0.6,1000,0.2,1400,0.2,1
7,10,62,0,0,666,0.42,420,0.58,1
7,11,498,0,0,666,0.42,420,0.58,1
8,0,726,0,0,300,0.5,1700,0.5,1
8,1,400,2,10,5,0,666,0.42,420,0.58,1
8,2,553,0,0,500,0.6,1000,0.2,1400,0.2,1
8,3,200,2,10,5,0,300,0.5,1700,0.5,1
8,4,236,1,0,300,0.5,1700,0.5,1
8,5,666,0,0,666,0.42,420,0.58,1
8,6,833,2,10,5,0,300,0.5,572,0.32,486,0.18,1
8,7,902,0,0,300,0.5,1700,0.5,1
8,8,523,0,0,300,0.5,572,0.32,486,0.18,1
8,9,691,2,10,5,0,300,0.5,572,0.32,486,0.18,1
8,10,466,1,0,300,0.5,572,0.32,486,0.18,1
8,11,746,1,0,300,0.5,572,0.32,486,0.18,1
9,0,91,0,0,300,0.5,572,0.32,486,0.18,1
9,1,805,0,0,500,0.6,1000,0.2,1400,0.2,1
9,2,247,0,0,500,0.6,1000,0.2,1400,0.2,1
9,3,725,1,0,300,0.5,572,0.32,486,0.18,1
9,4,111,2,10,5,0,300,0.5,1700,0.5,1
9,5,231,2,10,5,0,300,0.5,572,0.32,486,0.18,1
9,6,353,0,0,666,0.42,420,0.58,1
9,7,663,1,0,300,0.5,572,0.32,486,0.18,1
9,8,120,2,10,5,0,666,0.42,420,0.58,1
9,9,261,0,0,666,0.42,420,0.58,1
9,10,644,1,0,300,0.5,572,0.32,486,0.18,1
9,11,99,2,10,5,0,666,0.42,420,0.58,1
10,0,58,1,0,666,0.42,420,0.58,1
10,1,561,2,10,5,0,300,0.5,1700,0.5,1
10,2,621,1,0,300,0.5,572,0.32,486,0.18,1
10,3,358,0,0,666,0.42,420,0.58,1
10,4,630,2,10,5,0,666,0.42,420,0.58,1
10,5,309,0,0,300,0.5,572,0.32,486,0.18,1
10,6,366,1,0,300,0.5,572,0.32,486,0.18,1
10,7,909,2,10,5,0,666,0.42,420,0.58,1
10,8,733,2,10,5,0,666,0.42,420,0.58,1
10,9,566,2,10,5,0,300,0.5,1700,0.5,1
10,10,649,0,0,666,0.42,420,0.58,1
10,11,582,2,10,5,0,300,0.5,1700,0.5,1
11,0,166,2,10,5,0,500,0.6,1000,0.2,1400,0.2,1
11,1,338,2,10,5,0,500,0.6,1000,0.2,1400,0.2,1
11,2,171,2,10,5,0,666,0.42,420,0.58,1
11,3,261,1,0,300,0.5,1700,0.5,1
11,4,638,1,0,666,0.42,420,0.58,1
11,5,634,2,10,5,0,300,0.5,1700,0.5,1
11,6,534,2,10,5,0,666,0.42,420,0.58,1
11,7,519,2,10,5,0,500,0.6,1000,0.2,1400,0.2,1
11,8,908,2,10,5,0,666,0.42,420,0.58,1
11,9,808,2,10,5,0,300,0.5,572,0.32,486,0.18,1
11,10,540,0,0,300,0.5,572,0.32,486,0.18,1
11,11,53,1,0,500,0.6,1000,0.2,1400,0.2,1
