0,0,922,2,10,5,0,300,0.5,1700,0.5,1
0,1,497,2,10,5,0,300,0.5,1700,0.5,1
0,2,79,1,0,300,0.5,1700,0.5,1
0,3,378,2,10,5,0,500,0.6,1000,0.2,1400,0.2,1
0,4,392,0,0,666,0.42,420,0.58,1
0,5,587,0,0,500,0.6,1000,0.2,1400,0.2,1
0,6,220,0,0,300,0.5,572,0.32,486,0.18,1
0,7,506,1,0,500,0.6,1000,0.2,1400,0.2,1
0,8,247,2,10,5,0,666,0.42,420,0.58,1
0,9,106,2,10,5,0,300,0.5,572,0.32,486,0.18,1
0,10,781,0,0,500,0.6,1000,0.2,1400,0.2,1
0,11,218,0,0,300,0.5,572,0.32,486,0.18,1
1,0,737,1,0,500,0.6,1000,0.2,1400,0.2,0
1,1,902,2,10,5,0,666,0.42,420,0.58,0
1,2,901,1,0,300,0.5,572,0.32,486,0.18,0
1,3,877,1,0,300,0.5,572,0.32,486,0.18,0
1,4,35,2,10,5,0,300,0.5,1700,0.5,0
1,5,519,1,0,300,0.5,1700,0.5,0
1,6,952,1,0,300,0.5,1700,0.5,0
1,7,14,0,0,666,0.42,420,0.58,0
1,8,547,0,0,300,0.5,1700,0.5,0
1,9,746,2,10,5,0,300,0.5,1700,0.5,0
1,10,273,0,0,300,0.5,572,0.32,486,0.18,0
1,11,905,0,0,300,0.5,1700,0.5,0
2,0,942,0,0,666,0.42,420,0.58,1
2,1,271,1,0,500,0.6,1000,0.2,1400,0.2,1
2,2,630,0,0,300,0.5,572,0.32,486,0.18,1
2,3,257,1,0,300,0.5,1700,0.5,1
2,4,723,2,10,5,0,666,0.42,420,0.58,1
2,5,518,0,0,300,0.5,1700,0.5,1
2,6,146,2,10,5,0,500,0.6,1000,0.2,1400,0.2,1
2,7,744,1,0,300,0.5,572,0.32,486,0.18,1
2,8,526,0,0,666,0.42,420,0.58,1
2,9,407,2,10,5,0,300,0.5,1700,0.5,1
2,10,758,1,0,666,0.42,420,0.58,1
2,11,694,2,10,5,0,300,0.5,572,0.32,486,0.18,1
3,0,245,2,10,5,0,300,0.5,1700,0.5,1
3,1,111,0,0,300,0.5,572,0.32,486,0.18,1
3,2,811,1,0,300,0.5,572,0.32,486,0.18,1
3,3,573,1,0,666,0.42,420,0.58,1
3,4,789,2,10,5,0,300,0.5,572,0.32,486,0.18,1
3,5,284,1,0,666,0.42,420,0.58,1
3,6,938,0,0,500,0.6,1000,0.2,1400,0.2,1
3,7,728,2,10,5,0,500,0.6,1000,0.2,1400,0.2,1
3,8,235,0,0,500,0.6,1000,0.2,1400,0.2,1
3,9,273,2,10,5,0,300,0.5,1700,0.5,1
3,10,10,1,0,300,0.5,1700,0.5,1
3,11,299,2,10,5,0,300,0.5,572,0.32,486,0.18,1
4,0,656,2,10,5,0,666,0.42,420,0.58,1
4,1,836,0,0,300,0.5,1700,0.5,1
4,2,687,0,0,666,0.42,420,0.58,1
4,3,510,0,0,500,0.6,1000,0.2,1400,0.2,1
4,4,744,1,0,300,0.5,1700,0.5,1
4,5,915,0,0,300,0.5,1700,0.5,1
4,6,458,2,10,5,0,500,0.6,1000,0.2,1400,0.2,1
4,7,657,0,0,300,0.5,572,0.32,486,0.18,1
4,8,165,0,0,500,0.6,1000,0.2,1400,0.2,1
4,9,34,2,10,5,0,666,0.42,420,0.58,1
4,10,110,1,0,500,0.6,1000,0.2,1400,0.2,1
4,11,241,2,10,5,0,300,0.5,1700,0.5,1
5,0,546,1,0,300,0.5,572,0.32,486,0.18,1
5,1,643,2,10,5,0,300,0.5,572,0.32,486,0.18,1
5,2,608,0,0,666,0.42,420,0.58,1
5,3,88,1,0,300,0.5,572,0.32,486,0.18,1
5,4,715,1,0,300,0.5,1700,0.5,1
5,5,92,0,0,300,0.5,572,0.32,486,0.18,1
5,6,821,2,10,5,0,300,0.5,572,0.32,486,0.18,1
5,7,971,1,0,666,0.42,420,0.58,1
5,8,840,1,0,300,0.5,1700,0.5,1
5,9,874,1,0,300,0.5,1700,0.5,1
5,10,939,0,0,500,0.6,1000,0.2,1400,0.2,1
5,11,389,2,10,5,0,300,0.5,572,0.32,486,0.18,1
6,0,571,2,10,5,0,666,0.42,420,0.58,1
6,1,863,1,0,300,0.5,1700,0.5,1
6,2,693,0,0,300,0.5,1700,0.5,1
6,3,313,1,0,300,0.5,572,0.32,486,0.18,1
6,4,119,2,10,5,0,500,0.6,1000,0.2,1400,0.2,1
6,5,647,2,10,5,0,500,0.6,1000,0.2,1400,0.2,1
6,6,323,1,0,300,0.5,1700,0.5,1
6,7,391,2,10,5,0,300,0.5,1700,0.5,1
6,8,47,1,0,300,0.5,572,0.32,486,0.18,1
6,9,155,1,0,300,0.5,1700,0.5,1
6,10,234,1,0,500,0.6,1000,0.2,1400,0.2,1
6,11,557,1,0,500,0.6,1000,0.2,1400,0.2,1
7,0,140,2,10,5,0,300,0.5,572,0.32,486,0.18,1
7,1,961,0,0,666,0.42,420,0.58,1
7,2,430,2,10,5,0,666,0.42,420,0.58,1
7,3,963,1,0,300,0.5,572,0.32,486,0.18,1
7,4,241,2,10,5,0,300,0.5,1700,0.5,1
7,5,994,2,10,5,0,300,0.5,1700,0.5,1
7,6,470,1,0,666,0.42,420,0.58,1
7,7,112,1,0,500,0.6,1000,0.2,1400,0.2,1
7,8,400,0,0,300,0.5,1700,0.5,1
7,9,13,1,0,666,0.42,420,0.58,1
7,10,545,0,0,300,0.5,572,0.32,486,0.18,1
7,11,451,0,0,666,0.42,420,0.58,1
8,0,888,2,10,5,0,500,0.6,1000,0.2,1400,0.2,1
8,1,483,1,0,300,0.5,1700,0.5,1
8,2,130,2,10,5,0,500,0.6,1000,0.2,1400,0.2,1
8,3,825,0,0,500,0.6,1000,0.2,1400,0.2,1
8,4,586,2,10,5,0,300,0.5,1700,0.5,1
8,5,664,0,0,666,0.42,420,0.58,1
8,6,19,1,0,666,0.42,420,0.58,1
8,7,698,0,0,500,0.6,1000,0.2,1400,0.2,1
8,8,12,0,0,500,0.6,1000,0.2,1400,0.2,1
8,9,925,1,0,500,0.6,1000,0.2,1400,0.2,1
8,10,161,2,10,5,0,666,0.42,420,0.58,1
8,11,907,1,0,300,0.5,1700,0.5,1
9,0,951,0,0,500,0.6,1000,0.2,1400,0.2,1
9,1,414,1,0,300,0.5,572,0.32,486,0.18,1
9,2,408,2,10,5,0,300,0.5,572,0.32,486,0.18,1
9,3,641,2,10,5,0,500,0.6,1000,0.2,1400,0.2,1
9,4,381,0,0,300,0.5,572,0.32,486,0.18,1
9,5,211,2,10,5,0,666,0.42,420,0.58,1
9,6,395,2,10,5,0,666,0.42,420,0.58,1
9,7,738,0,0,300,0.5,572,0.32,486,0.18,1
9,8,374,0,0,500,0.6,1000,0.2,1400,0.2,1
9,9,565,2,10,5,0,666,0.42,420,0.58,1
9,10,23,1,0,300,0.5,1700,0.5,1
9,11,941,1,0,666,0.42,420,0.58,1
10,0,852,0,0,300,0.5,1700,0.5,1
10,1,968,2,10,5,0,666,0.42,420,0.58,1
10,2,272,2,10,5,0,300,0.5,572,0.32,486,0.18,1
10,3,975,2,10,5,0,300,0.5,572,0.32,486,0.18,1
10,4,998,2,10,5,0,500,0.6,1000,0.2,1400,0.2,1
10,5,553,2,10,5,0,300,0.5,1700,0.5,1
10,6,518,2,10,5,0,300,0.5,1700,0.5,1
10,7,153,0,0,500,0.6,1000,0.2,1400,0.2,1
10,8,858,2,10,5,0,500,0.6,1000,0.2,1400,0.2,1
10,9,565,0,0,300,0.5,1700,0.5,1
10,10,273,0,0,500,0.6,1000,0.2,1400,0.2,1
10,11,923,0,0,500,0.6,1000,0.2,1400,0.2,1
11,0,998,2,10,5,0,300,0.5,1700,0.5,1
11,1,972,2,10,5,0,300,0.5,572,0.32,486,0.18,1
11,2,897,2,10,5,0,500,0.6,1000,0.2,1400,0.2,1
11,3,103,1,0,500,0.6,1000,0.2,1400,0.2,1
11,4,122,0,0,300,0.5,1700,0.5,1
11,5,251,1,0,300,0.5,1700,0.5,1
11,6,319,2,10,5,0,300,0.5,572,0.32,486,0.18,1
11,7,131,0,0,300,0.5,572,0.32,486,0.18,1
11,8,223,2,10,5,0,300,0.5,1700,0.5,1
11,9,584,1,0,300,0.5,572,0.32,486,0.18,1
11,10,670,2,10,5,0,500,0.6,1000,0.2,1400,0.2,1
11,11,816,0,0,500,0.6,1000,0.2,1400,0.2,1
