0,0,590,0,0,300,0.5,1700,0.5,1
0,1,485,2,10,5,0,666,0.42,420,0.58,1
0,2,347,0,0,300,0.5,1700,0.5,1
0,3,309,0,0,300,0.5,1700,0.5,1
0,4,332,2,10,5,0,300,0.5,572,0.32,486,0.18,1
0,5,751,1,0,500,0.6,1000,0.2,1400,0.2,1
0,6,348,0,0,500,0.6,1000,0.2,1400,0.2,1
0,7,60,1,0,300,0.5,572,0.32,486,0.18,1
0,8,739,2,10,5,0,300,0.5,572,0.32,486,0.18,1
0,9,329,0,0,300,0.5,572,0.32,486,0.18,1
0,10,630,0,0,300,0.5,572,0.32,486,0.18,1
0,11,411,1,0,666,0.42,420,0.58,1
1,0,794,1,0,500,0.6,1000,0.2,1400,0.2,0
1,1,792,1,0,500,0.6,1000,0.2,1400,0.2,0
1,2,874,0,0,300,0.5,1700,0.5,0
1,3,146,1,0,666,0.42,420,0.58,0
1,4,841,0,0,500,0.6,1000,0.2,1400,0.2,0
1,5,72,0,0,300,0.5,572,0.32,486,0.18,0
1,6,144,1,0,300,0.5,572,0.32,486,0.18,0
1,7,311,0,0,666,0.42,420,0.58,0
1,8,787,2,10,5,0,500,0.6,1000,0.2,1400,0.2,0
1,9,357,0,0,300,0.5,572,0.32,486,0.18,0
1,10,934,0,0,300,0.5,572,0.32,486,0.18,0
1,11,704,1,0,300,0.5,572,0.32,486,0.18,0
2,0,223,1,0,666,0.42,420,0.58,1
2,1,341,1,0,666,0.42,420,0.58,1
2,2,234,1,0,500,0.6,1000,0.2,1400,0.2,1
2,3,603,0,0,300,0.5,1700,0.5,1
2,4,21,0,0,666,0.42,420,0.58,1
2,5,693,2,10,5,0,300,0.5,1700,0.5,1
2,6,617,0,0,300,0.5,572,0.32,486,0.18,1
2,7,233,1,0,300,0.5,572,0.32,486,0.18,1
2,8,457,1,0,300,0.5,1700,0.5,1
2,9,447,0,0,300,0.5,572,0.32,486,0.18,1
2,10,705,0,0,666,0.42,420,0.58,1
2,11,21,1,0,300,0.5,572,0.32,486,0.18,1
3,0,675,0,0,300,0.5,1700,0.5,1
3,1,508,0,0,500,0.6,1000,0.2,1400,0.2,1
3,2,277,0,0,666,0.42,420,0.58,1
3,3,625,0,0,300,0.5,1700,0.5,1
3,4,33,2,10,5,0,666,0.42,420,0.58,1
3,5,482,0,0,300,0.5,1700,0.5,1
3,6,570,1,0,666,0.42,420,0.58,1
3,7,786,0,0,300,0.5,1700,0.5,1
3,8,893,1,0,666,0.42,420,0.58,1
3,9,854,1,0,666,0.42,420,0.58,1
3,10,807,0,0,666,0.42,420,0.58,1
3,11,925,2,10,5,0,300,0.5,1700,0.5,1
4,0,340,0,0,666,0.42,420,0.58,1
4,1,19,2,10,5,0,300,0.5,572,0.32,486,0.18,1
4,2,446,1,0,666,0.42,420,0.58,1
4,3,23,0,0,300,0.5,1700,0.5,1
4,4,227,2,10,5,0,300,0.5,1700,0.5,1
4,5,358,1,0,300,0.5,572,0.32,486,0.18,1
4,6,662,1,0,300,0.5,572,0.32,486,0.18,1
4,7,170,1,0,666,0.42,420,0.58,1
4,8,831,0,0,300,0.5,572,0.32,486,0.18,1
4,9,24,1,0,500,0.6,1000,0.2,1400,0.2,1
4,10,555,2,10,5,0,300,0.5,1700,0.5,1
4,11,88,1,0,300,0.5,572,0.32,486,0.18,1
5,0,807,1,0,300,0.5,572,0.32,486,0.18,1
5,1,857,0,0,300,0.5,1700,0.5,1
5,2,205,0,0,300,0.5,1700,0.5,1
5,3,846,2,10,5,0,666,0.42,420,0.58,1
5,4,711,1,0,666,0.42,420,0.58,1
5,5,19,1,0,666,0.42,420,0.58,1
5,6,350,1,0,500,0.6,1000,0.2,1400,0.2,1
5,7,433,0,0,300,0.5,572,0.32,486,0.18,1
5,8,237,0,0,500,0.6,1000,0.2,1400,0.2,1
5,9,653,0,0,300,0.5,1700,0.5,1
5,10,825,0,0,300,0.5,1700,0.5,1
5,11,358,0,0,300,0.5,1700,0.5,1
6,0,377,2,10,5,0,666,0.42,420,0.58,1
6,1,566,1,0,666,0.42,420,0.58,1
6,2,722,2,10,5,0,666,0.42,420,0.58,1
6,3,604,1,0,300,0.5,1700,0.5,1
6,4,261,0,0,500,0.6,1000,0.2,1400,0.2,1
6,5,220,0,0,300,0.5,1700,0.5,1
6,6,962,0,0,666,0.42,420,0.58,1
6,7,887,0,0,666,0.42,420,0.58,1
6,8,507,1,0,666,0.42,420,0.58,1
6,9,994,1,0,666,0.42,420,0.58,1
6,10,973,0,0,300,0.5,572,0.32,486,0.18,1
6,11,939,0,0,500,0.6,1000,0.2,1400,0.2,1
7,0,920,0,0,300,0.5,572,0.32,486,0.18,1
7,1,561,1,0,666,0.42,420,0.58,1
7,2,611,2,10,5,0,500,0.6,1000,0.2,1400,0.2,1
7,3,121,2,10,5,0,300,0.5,1700,0.5,1
7,4,716,1,0,300,0.5,1700,0.5,1
7,5,293,1,0,666,0.42,420,0.58,1
7,6,494,0,0,300,0.5,1700,0.5,1
7,7,770,0,0,666,0.42,420,0.58,1
7,8,50,0,0,300,0.5,572,0.32,486,0.18,1
7,9,341,0,0,500,0.6,1000,0.2,1400,0.2,1
7,10,347,0,0,300,0.5,572,0.32,486,0.18,1
7,11,206,1,0,500,0.6,1000,0.2,1400,0.2,1
8,0,196,2,10,5,0,666,0.42,420,0.58,1
8,1,186,1,0,300,0.5,1700,0.5,1
8,2,847,2,10,5,0,300,0.5,572,0.32,486,0.18,1
8,3,63,1,0,300,0.5,572,0.32,486,0.18,1
8,4,419,0,0,500,0.6,1000,0.2,1400,0.2,1
8,5,295,0,0,666,0.42,420,0.58,1
8,6,974,2,10,5,0,300,0.5,572,0.32,486,0.18,1
8,7,544,2,10,5,0,500,0.6,1000,0.2,1400,0.2,1
8,8,595,2,10,5,0,300,0.5,1700,0.5,1
8,9,719,2,10,5,0,500,0.6,1000,0.2,1400,0.2,1
8,10,452,0,0,500,0.6,1000,0.2,1400,0.2,1
8,11,516,2,10,5,0,300,0.5,1700,0.5,1
9,0,206,1,0,666,0.42,420,0.58,1
9,1,119,1,0,666,0.42,420,0.58,1
9,2,776,2,10,5,0,666,0.42,420,0.58,1
9,3,146,0,0,666,0.42,420,0.58,1
9,4,962,2,10,5,0,300,0.5,572,0.32,486,0.18,1
9,5,539,2,10,5,0,300,0.5,572,0.32,486,0.18,1
9,6,680,2,10,5,0,300,0.5,1700,0.5,1
9,7,799,1,0,666,0.42,420,0.58,1
9,8,329,0,0,666,0.42,420,0.58,1
9,9,641,1,0,300,0.5,1700,0.5,1
9,10,333,1,0,300,0.5,572,0.32,486,0.18,1
9,11,841,1,0,300,0.5,1700,0.5,1
10,0,321,1,0,300,0.5,1700,0.5,1
10,1,84,1,0,300,0.5,1700,0.5,1
10,2,474,0,0,500,0.6,1000,0.2,1400,0.2,1
10,3,907,0,0,300,0.5,1700,0.5,1
10,4,944,0,0,300,0.5,1700,0.5,1
10,5,720,2,10,5,0,500,0.6,1000,0.2,1400,0.2,1
10,6,882,0,0,300,0.5,1700,0.5,1
10,7,160,0,0,300,0.5,1700,0.5,1
10,8,987,2,10,5,0,300,0.5,1700,0.5,1
10,9,514,2,10,5,0,300,0.5,572,0.32,486,0.18,1
10,10,769,1,0,300,0.5,572,0.32,486,0.18,1
10,11,986,0,0,500,0.6,1000,0.2,1400,0.2,1
11,0,916,1,0,300,0.5,1700,0.5,1
11,1,520,0,0,666,0.42,420,0.58,1
11,2,278,0,0,666,0.42,420,0.58,1
11,3,39,2,10,5,0,300,0.5,1700,0.5,1
11,4,270,1,0,300,0.5,572,0.32,486,0.18,1
11,5,667,1,0,300,0.5,1700,0.5,1
11,6,852,1,0,300,0.5,1700,0.5,1
11,7,391,0,0,666,0.42,420,0.58,1
11,8,92,0,0,300,0.5,1700,0.5,1
11,9,632,2,10,5,0,666,0.42,420,0.58,1
11,10,40,1,0,300,0.5,572,0.32,486,0.18,1
11,11,489,0,0,500,0.6,1000,0.2,1400,0.2,1
