0,0,768,0,0,300,0.5,572,0.32,486,0.18,1
0,1,663,2,10,5,0,666,0.42,420,0.58,1
0,2,919,1,0,500,0.6,1000,0.2,1400,0.2,1
0,3,395,2,10,5,0,300,0.5,572,0.32,486,0.18,1
0,4,312,0,0,666,0.42,420,0.58,1
0,5,864,1,0,500,0.6,1000,0.2,1400,0.2,1
0,6,634,1,0,300,0.5,572,0.32,486,0.18,1
0,7,379,2,10,5,0,500,0.6,1000,0.2,1400,0.2,1
0,8,92,0,0,500,0.6,1000,0.2,1400,0.2,1
0,9,128,2,10,5,0,300,0.5,572,0.32,486,0.18,1
0,10,462,2,10,5,0,666,0.42,420,0.58,1
0,11,138,0,0,500,0.6,1000,0.2,1400,0.2,1
1,0,489,0,0,300,0.5,1700,0.5,0
1,1,855,2,10,5,0,300,0.5,1700,0.5,0
1,2,678,1,0,500,0.6,1000,0.2,1400,0.2,0
1,3,428,2,10,5,0,300,0.5,572,0.32,486,0.18,0
1,4,142,2,10,5,0,666,0.42,420,0.58,0
1,5,794,2,10,5,0,500,0.6,1000,0.2,1400,0.2,0
1,6,489,2,10,5,0,300,0.5,1700,0.5,0
1,7,526,2,10,5,0,500,0.6,1000,0.2,1400,0.2,0
1,8,151,2,10,5,0,300,0.5,572,0.32,486,0.18,0
1,9,557,2,10,5,0,300,0.5,572,0.32,486,0.18,0
1,10,483,2,10,5,0,300,0.5,572,0.32,486,0.18,0
1,11,492,2,10,5,0,666,0.42,420,0.58,0
2,0,886,0,0,300,0.5,572,0.32,486,0.18,1
2,1,628,2,10,5,0,300,0.5,1700,0.5,1
2,2,130,2,10,5,0,300,0.5,572,0.32,486,0.18,1
2,3,152,2,10,5,0,500,0.6,1000,0.2,1400,0.2,1
2,4,744,2,10,5,0,300,0.5,572,0.32,486,0.18,1
2,5,720,2,10,5,0,500,0.6,1000,0.2,1400,0.2,1
2,6,606,2,10,5,0,300,0.5,1700,0.5,1
2,7,988,1,0,300,0.5,572,0.32,486,0.18,1
2,8,845,1,0,666,0.42,420,0.58,1
2,9,174,1,0,300,0.5,572,0.32,486,0.18,1
2,10,256,0,0,666,0.42,420,0.58,1
2,11,229,0,0,666,0.42,420,0.58,1
3,0,598,0,0,666,0.42,420,0.58,1
3,1,693,0,0,666,0.42,420,0.58,1
3,2,780,2,10,5,0,666,0.42,420,0.58,1
3,3,894,2,10,5,0,300,0.5,1700,0.5,1
3,4,482,1,0,300,0.5,572,0.32,486,0.18,1
3,5,623,1,0,300,0.5,1700,0.5,1
3,6,494,0,0,666,0.42,420,0.58,1
3,7,992,0,0,666,0.42,420,0.58,1
3,8,545,1,0,300,0.5,1700,0.5,1
3,9,432,0,0,300,0.5,1700,0.5,1
3,10,292,0,0,500,0.6,1000,0.2,1400,0.2,1
3,11,740,0,0,300,0.5,572,0.32,486,0.18,1
4,0,625,1,0,300,0.5,1700,0.5,1
4,1,750,0,0,300,0.5,572,0.32,486,0.18,1
4,2,60,1,0,300,0.5,1700,0.5,1
4,3,874,1,0,500,0.6,1000,0.2,1400,0.2,1
4,4,874,0,0,666,0.42,420,0.58,1
4,5,451,2,10,5,0,300,0.5,572,0.32,486,0.18,1
4,6,120,2,10,5,0,500,0.6,1000,0.2,1400,0.2,1
4,7,718,2,10,5,0,300,0.5,1700,0.5,1
4,8,889,2,10,5,0,500,0.6,1000,0.2,1400,0.2,1
4,9,190,2,10,5,0,500,0.6,1000,0.2,1400,0.2,1
4,10,149,1,0,300,0.5,1700,0.5,1
4,11,890,1,0,500,0.6,1000,0.2,1400,0.2,1
5,0,340,0,0,300,0.5,572,0.32,486,0.18,1
5,1,851,2,10,5,0,300,0.5,1700,0.5,1
5,2,958,2,10,5,0,666,0.42,420,0.58,1
5,3,331,0,0,500,0.6,1000,0.2,1400,0.2,1
5,4,663,1,0,666,0.42,420,0.58,1
5,5,562,1,0,666,0.42,420,0.58,1
5,6,474,1,0,666,0.42,420,0.58,1
5,7,988,0,0,300,0.5,1700,0.5,1
5,8,82,0,0,500,0.6,1000,0.2,1400,0.2,1
5,9,205,2,10,5,0,666,0.42,420,0.58,1
5,10,88,0,0,300,0.5,572,0.32,486,0.18,1
5,11,85,1,0,300,0.5,572,0.32,486,0.18,1
6,0,902,0,0,500,0.6,1000,0.2,1400,0.2,1
6,1,141,1,0,500,0.6,1000,0.2,1400,0.2,1
6,2,372,0,0,666,0.42,420,0.58,1
6,3,486,0,0,300,0.5,1700,0.5,1
6,4,404,0,0,300,0.5,1700,0.5,1
6,5,202,2,10,5,0,300,0.5,572,0.32,486,0.18,1
6,6,828,2,10,5,0,300,0.5,1700,0.5,1
6,7,157,2,10,5,0,300,0.5,1700,0.5,1
6,8,109,2,10,5,0,300,0.5,572,0.32,486,0.18,1
6,9,532,2,10,5,0,666,0.42,420,0.58,1
6,10,227,1,0,500,0.6,1000,0.2,1400,0.2,1
6,11,188,1,0,500,0.6,1000,0.2,1400,0.2,1
7,0,27,0,0,666,0.42,420,0.58,1
7,1,774,0,0,300,0.5,1700,0.5,1
7,2,363,1,0,666,0.42,420,0.58,1
7,3,407,2,10,5,0,666,0.42,420,0.58,1
7,4,418,0,0,300,0.5,1700,0.5,1
7,5,904,0,0,666,0.42,420,0.58,1
7,6,378,0,0,300,0.5,1700,0.5,1
7,7,339,2,10,5,0,300,0.5,572,0.32,486,0.18,1
7,8,933,2,10,5,0,300,0.5,1700,0.5,1
7,9,702,2,10,5,0,300,0.5,1700,0.5,1
7,10,483,2,10,5,0,300,0.5,1700,0.5,1
7,11,904,1,0,666,0.42,420,0.58,1
8,0,368,1,0,666,0.42,420,0.58,1
8,1,217,1,0,500,0.6,1000,0.2,1400,0.2,1
8,2,966,0,0,666,0.42,420,0.58,1
8,3,288,1,0,666,0.42,420,0.58,1
8,4,376,2,10,5,0,300,0.5,1700,0.5,1
8,5,773,2,10,5,0,500,0.6,1000,0.2,1400,0.2,1
8,6,696,2,10,5,0,300,0.5,572,0.32,486,0.18,1
8,7,288,0,0,300,0.5,572,0.32,486,0.18,1
8,8,189,1,0,666,0.42,420,0.58,1
8,9,471,2,10,5,0,300,0.5,572,0.32,486,0.18,1
8,10,262,0,0,300,0.5,572,0.32,486,0.18,1
8,11,527,2,10,5,0,300,0.5,1700,0.5,1
9,0,208,0,0,300,0.5,1700,0.5,1
9,1,115,1,0,300,0.5,1700,0.5,1
9,2,615,2,10,5,0,666,0.42,420,0.58,1
9,3,781,2,10,5,0,300,0.5,572,0.32,486,0.18,1
9,4,357,2,10,5,0,666,0.42,420,0.58,1
9,5,748,1,0,500,0.6,1000,0.2,1400,0.2,1
9,6,122,1,0,500,0.6,1000,0.2,1400,0.2,1
9,7,452,0,0,666,0.42,420,0.58,1
9,8,325,0,0,500,0.6,1000,0.2,1400,0.2,1
9,9,218,1,0,300,0.5,1700,0.5,1
9,10,318,1,0,300,0.5,572,0.32,486,0.18,1
9,11,521,1,0,300,0.5,572,0.32,486,0.18,1
10,0,545,0,0,666,0.42,420,0.58,1
10,1,748,1,0,666,0.42,420,0.58,1
10,2,159,1,0,300,0.5,1700,0.5,1
10,3,160,2,10,5,0,300,0.5,1700,0.5,1
10,4,756,2,10,5,0,300,0.5,1700,0.5,1
10,5,610,0,0,666,0.42,420,0.58,1
10,6,290,0,0,300,0.5,1700,0.5,1
10,7,386,2,10,5,0,300,0.5,572,0.32,486,0.18,1
10,8,89,1,0,500,0.6,1000,0.2,1400,0.2,1
10,9,288,2,10,5,0,500,0.6,1000,0.2,1400,0.2,1
10,10,235,0,0,500,0.6,1000,0.2,1400,0.2,1
10,11,816,1,0,500,0.6,1000,0.2,1400,0.2,1
11,0,384,1,0,500,0.6,1000,0.2,1400,0.2,1
11,1,154,1,0,300,0.5,572,0.32,486,0.18,1
11,2,273,1,0,300,0.5,1700,0.5,1
11,3,313,2,10,5,0,300,0.5,572,0.32,486,0.18,1
11,4,246,2,10,5,0,300,0.5,572,0.32,486,0.18,1
11,5,554,2,10,5,0,666,0.42,420,0.58,1
11,6,738,2,10,5,0,500,0.6,1000,0.2,1400,0.2,1
11,7,448,0,0,300,0.5,1700,0.5,1
11,8,436,0,0,300,0.5,572,0.32,486,0.18,1
11,9,164,0,0,300,0.5,572,0.32,486,0.18,1
11,10,241,0,0,300,0.5,572,0.32,486,0.18,1
11,11,454,1,0,666,0.42,420,0.58,1
