0,0,259,0,0,300,0.5,1700,0.5,1
0,1,757,1,0,300,0.5,1700,0.5,1
0,2,763,2,10,5,0,666,0.42,420,0.58,1
0,3,425,0,0,300,0.5,572,0.32,486,0.18,1
0,4,986,2,10,5,0,666,0.42,420,0.58,1
0,5,299,0,0,666,0.42,420,0.58,1
0,6,421,2,10,5,0,300,0.5,1700,0.5,1
0,7,894,1,0,666,0.42,420,0.58,1
0,8,633,2,10,5,0,300,0.5,572,0.32,486,0.18,1
0,9,409,1,0,300,0.5,572,0.32,486,0.18,1
0,10,447,0,0,666,0.42,420,0.58,1
0,11,930,2,10,5,0,300,0.5,1700,0.5,1
1,0,483,2,10,5,0,666,0.42,420,0.58,0
1,1,287,2,10,5,0,666,0.42,420,0.58,0
1,2,768,2,10,5,0,300,0.5,572,0.32,486,0.18,0
1,3,520,1,0,666,0.42,420,0.58,0
1,4,339,0,0,300,0.5,572,0.32,486,0.18,0
1,5,458,1,0,300,0.5,1700,0.5,0
1,6,949,0,0,666,0.42,420,0.58,0
1,7,533,1,0,666,0.42,420,0.58,0
1,8,325,0,0,300,0.5,1700,0.5,0
1,9,388,2,10,5,0,500,0.6,1000,0.2,1400,0.2,0
1,10,87,0,0,666,0.42,420,0.58,0
1,11,743,1,0,666,0.42,420,0.58,0
2,0,279,1,0,500,0.6,1000,0.2,1400,0.2,1
2,1,122,1,0,500,0.6,1000,0.2,1400,0.2,1
2,2,146,0,0,666,0.42,420,0.58,1
2,3,568,0,0,500,0.6,1000,0.2,1400,0.2,1
2,4,222,0,0,300,0.5,1700,0.5,1
2,5,695,2,10,5,0,666,0.42,420,0.58,1
2,6,585,0,0,300,0.5,572,0.32,486,0.18,1
2,7,576,1,0,300,0.5,572,0.32,486,0.18,1
2,8,688,2,10,5,0,300,0.5,572,0.32,486,0.18,1
2,9,644,0,0,500,0.6,1000,0.2,1400,0.2,1
2,10,511,2,10,5,0,300,0.5,572,0.32,486,0.18,1
2,11,781,1,0,300,0.5,1700,0.5,1
3,0,729,1,0,300,0.5,1700,0.5,1
3,1,437,2,10,5,0,300,0.5,1700,0.5,1
3,2,26,0,0,300,0.5,572,0.32,486,0.18,1
3,3,622,0,0,300,0.5,572,0.32,486,0.18,1
3,4,551,0,0,666,0.42,420,0.58,1
3,5,777,0,0,300,0.5,1700,0.5,1
3,6,698,0,0,500,0.6,1000,0.2,1400,0.2,1
3,7,515,1,0,300,0.5,572,0.32,486,0.18,1
3,8,859,2,10,5,0,300,0.5,1700,0.5,1
3,9,862,1,0,500,0.6,1000,0.2,1400,0.2,1
3,10,478,2,10,5,0,300,0.5,572,0.32,486,0.18,1
3,11,204,0,0,300,0.5,572,0.32,486,0.18,1
4,0,969,1,0,300,0.5,572,0.32,486,0.18,1
4,1,125,0,0,666,0.42,420,0.58,1
4,2,62,2,10,5,0,300,0.5,1700,0.5,1
4,3,260,2,10,5,0,300,0.5,1700,0.5,1
4,4,789,2,10,5,0,666,0.42,420,0.58,1
4,5,761,1,0,300,0.5,572,0.32,486,0.18,1
4,6,261,1,0,666,0.42,420,0.58,1
4,7,888,2,10,5,0,666,0.42,420,0.58,1
4,8,120,1,0,300,0.5,572,0.32,486,0.18,1
4,9,44,1,0,300,0.5,1700,0.5,1
4,10,178,2,10,5,0,300,0.5,572,0.32,486,0.18,1
4,11,577,2,10,5,0,300,0.5,572,0.32,486,0.18,1
5,0,120,1,0,500,0.6,1000,0.2,1400,0.2,1
5,1,66,2,10,5,0,500,0.6,1000,0.2,1400,0.2,1
5,2,501,0,0,500,0.6,1000,0.2,1400,0.2,1
5,3,422,1,0,666,0.42,420,0.58,1
5,4,389,1,0,666,0.42,420,0.58,1
5,5,838,0,0,666,0.42,420,0.58,1
5,6,69,0,0,666,0.42,420,0.58,1
5,7,696,1,0,300,0.5,1700,0.5,1
5,8,446,1,0,500,0.6,1000,0.2,1400,0.2,1
5,9,275,0,0,666,0.42,420,0.58,1
5,10,770,0,0,666,0.42,420,0.58,1
5,11,950,1,0,300,0.5,572,0.32,486,0.18,1
6,0,349,1,0,300,0.5,572,0.32,486,0.18,1
6,1,279,1,0,500,0.6,1000,0.2,1400,0.2,1
6,2,701,1,0,300,0.5,572,0.32,486,0.18,1
6,3,353,2,10,5,0,666,0.42,420,0.58,1
6,4,592,1,0,300,0.5,572,0.32,486,0.18,1
6,5,863,0,0,300,0.5,1700,0.5,1
6,6,794,2,10,5,0,300,0.5,1700,0.5,1
6,7,682,0,0,300,0.5,1700,0.5,1
6,8,401,2,10,5,0,666,0.42,420,0.58,1
6,9,227,2,10,5,0,300,0.5,572,0.32,486,0.18,1
6,10,252,0,0,666,0.42,420,0.58,1
6,11,748,2,10,5,0,666,0.42,420,0.58,1
7,0,522,0,0,300,0.5,572,0.32,486,0.18,1
7,1,382,1,0,666,0.42,420,0.58,1
7,2,545,2,10,5,0,300,0.5,1700,0.5,1
7,3,91,0,0,300,0.5,572,0.32,486,0.18,1
7,4,256,0,0,500,0.6,1000,0.2,1400,0.2,1
7,5,654,1,0,300,0.5,572,0.32,486,0.18,1
7,6,947,1,0,500,0.6,1000,0.2,1400,0.2,1
7,7,439,0,0,666,0.42,420,0.58,1
7,8,718,1,0,300,0.5,572,0.32,486,0.18,1
7,9,602,2,10,5,0,300,0.5,1700,0.5,1
7,10,777,1,0,300,0.5,572,0.32,486,0.18,1
7,11,71,0,0,300,0.5,572,0.32,486,0.18,1
8,0,138,1,0,300,0.5,1700,0.5,1
8,1,902,1,0,666,0.42,420,0.58,1
8,2,967,2,10,5,0,300,0.5,572,0.32,486,0.18,1
8,3,181,1,0,500,0.6,1000,0.2,1400,0.2,1
8,4,348,1,0,300,0.5,572,0.32,486,0.18,1
8,5,415,2,10,5,0,666,0.42,420,0.58,1
8,6,496,2,10,5,0,500,0.6,1000,0.2,1400,0.2,1
8,7,196,0,0,666,0.42,420,0.58,1
8,8,481,1,0,300,0.5,1700,0.5,1
8,9,837,1,0,500,0.6,1000,0.2,1400,0.2,1
8,10,678,1,0,666,0.42,420,0.58,1
8,11,173,1,0,500,0.6,1000,0.2,1400,0.2,1
9,0,297,2,10,5,0,300,0.5,1700,0.5,1
9,1,676,0,0,300,0.5,1700,0.5,1
9,2,440,1,0,500,0.6,1000,0.2,1400,0.2,1
9,3,999,1,0,300,0.5,572,0.32,486,0.18,1
9,4,782,1,0,666,0.42,420,0.58,1
9,5,169,0,0,500,0.6,1000,0.2,1400,0.2,1
9,6,915,1,0,300,0.5,572,0.32,486,0.18,1
9,7,761,2,10,5,0,300,0.5,1700,0.5,1
9,8,97,1,0,666,0.42,420,0.58,1
9,9,838,1,0,500,0.6,1000,0.2,1400,0.2,1
9,10,839,0,0,300,0.5,1700,0.5,1
9,11,331,0,0,500,0.6,1000,0.2,1400,0.2,1
10,0,981,2,10,5,0,300,0.5,1700,0.5,1
10,1,616,1,0,666,0.42,420,0.58,1
10,2,345,1,0,666,0.42,420,0.58,1
10,3,889,2,10,5,0,300,0.5,1700,0.5,1
10,4,154,1,0,300,0.5,572,0.32,486,0.18,1
10,5,462,1,0,666,0.42,420,0.58,1
10,6,711,2,10,5,0,666,0.42,420,0.58,1
10,7,178,0,0,300,0.5,1700,0.5,1
10,8,366,1,0,300,0.5,1700,0.5,1
10,9,869,1,0,666,0.42,420,0.58,1
10,10,26,1,0,300,0.5,572,0.32,486,0.18,1
10,11,292,2,10,5,0,300,0.5,572,0.32,486,0.18,1
11,0,140,2,10,5,0,300,0.5,572,0.32,486,0.18,1
11,1,238,2,10,5,0,300,0.5,1700,0.5,1
11,2,852,0,0,666,0.42,420,0.58,1
11,3,221,1,0,300,0.5,572,0.32,486,0.18,1
11,4,909,1,0,300,0.5,572,0.32,486,0.18,1
11,5,323,1,0,300,0.5,1700,0.5,1
11,6,194,1,0,300,0.5,572,0.32,486,0.18,1
11,7,105,0,0,500,0.6,1000,0.2,1400,0.2,1
11,8,713,2,10,5,0,300,0.5,572,0.32,486,0.18,1
11,9,884,0,0,500,0.6,1000,0.2,1400,0.2,1
11,10,761,1,0,500,0.6,1000,0.2,1400,0.2,1
11,11,867,0,0,300,0.5,572,0.32,486,0.18,1
