0,0,748,1,0,300,0.5,572,0.32,486,0.18,1
0,1,566,2,10,5,0,666,0.42,420,0.58,1
0,2,204,2,10,5,0,300,0.5,1700,0.5,1
0,3,514,2,10,5,0,300,0.5,572,0.32,486,0.18,1
0,4,855,0,0,666,0.42,420,0.58,1
0,5,478,2,10,5,0,300,0.5,572,0.32,486,0.18,1
0,6,399,0,0,300,0.5,1700,0.5,1
0,7,418,0,0,300,0.5,572,0.32,486,0.18,1
0,8,62,0,0,300,0.5,572,0.32,486,0.18,1
0,9,263,0,0,500,0.6,1000,0.2,1400,0.2,1
0,10,64,2,10,5,0,500,0.6,1000,0.2,1400,0.2,1
0,11,823,1,0,666,0.42,420,0.58,1
1,0,872,0,0,500,0.6,1000,0.2,1400,0.2,0
1,1,164,1,0,300,0.5,1700,0.5,0
1,2,428,0,0,300,0.5,572,0.32,486,0.18,0
1,3,321,0,0,300,0.5,572,0.32,486,0.18,0
1,4,796,1,0,666,0.42,420,0.58,0
1,5,260,1,0,666,0.42,420,0.58,0
1,6,161,1,0,666,0.42,420,0.58,0
1,7,484,2,10,5,0,300,0.5,1700,0.5,0
1,8,904,0,0,500,0.6,1000,0.2,1400,0.2,0
1,9,38,0,0,666,0.42,420,0.58,0
1,10,23,2,10,5,0,500,0.6,1000,0.2,1400,0.2,0
1,11,171,2,10,5,0,500,0.6,1000,0.2,1400,0.2,0
2,0,133,0,0,500,0.6,1000,0.2,1400,0.2,1
2,1,223,0,0,500,0.6,1000,0.2,1400,0.2,1
2,2,127,0,0,300,0.5,572,0.32,486,0.18,1
2,3,260,1,0,300,0.5,1700,0.5,1
2,4,551,2,10,5,0,300,0.5,1700,0.5,1
2,5,256,1,0,300,0.5,572,0.32,486,0.18,1
2,6,723,0,0,300,0.5,572,0.32,486,0.18,1
2,7,127,2,10,5,0,666,0.42,420,0.58,1
2,8,603,2,10,5,0,300,0.5,1700,0.5,1
2,9,664,2,10,5,0,666,0.42,420,0.58,1
2,10,343,0,0,300,0.5,572,0.32,486,0.18,1
2,11,980,2,10,5,0,300,0.5,572,0.32,486,0.18,1
3,0,635,2,10,5,0,300,0.5,572,0.32,486,0.18,1
3,1,285,0,0,300,0.5,572,0.32,486,0.18,1
3,2,462,1,0,500,0.6,1000,0.2,1400,0.2,1
3,3,972,2,10,5,0,300,0.5,572,0.32,486,0.18,1
3,4,124,0,0,666,0.42,420,0.58,1
3,5,775,1,0,300,0.5,572,0.32,486,0.18,1
3,6,897,1,0,500,0.6,1000,0.2,1400,0.2,1
3,7,191,2,10,5,0,300,0.5,1700,0.5,1
3,8,208,0,0,666,0.42,420,0.58,1
3,9,131,2,10,5,0,666,0.42,420,0.58,1
3,10,225,2,10,5,0,666,0.42,420,0.58,1
3,11,232,0,0,300,0.5,1700,0.5,1
4,0,797,1,0,666,0.42,420,0.58,1
4,1,340,0,0,300,0.5,572,0.32,486,0.18,1
4,2,509,1,0,666,0.42,420,0.58,1
4,3,359,2,10,5,0,500,0.6,1000,0.2,1400,0.2,1
4,4,923,0,0,666,0.42,420,0.58,1
4,5,275,2,10,5,0,666,0.42,420,0.58,1
4,6,995,2,10,5,0,666,0.42,420,0.58,1
4,7,546,1,0,666,0.42,420,0.58,1
4,8,778,2,10,5,0,500,0.6,1000,0.2,1400,0.2,1
4,9,47,1,0,500,0.6,1000,0.2,1400,0.2,1
4,10,764,2,10,5,0,300,0.5,572,0.32,486,0.18,1
4,11,916,2,10,5,0,300,0.5,1700,0.5,1
5,0,879,2,10,5,0,666,0.42,420,0.58,1
5,1,86,2,10,5,0,666,0.42,420,0.58,1
5,2,128,2,10,5,0,300,0.5,1700,0.5,1
5,3,283,0,0,300,0.5,572,0.32,486,0.18,1
5,4,336,2,10,5,0,666,0.42,420,0.58,1
5,5,111,1,0,666,0.42,420,0.58,1
5,6,415,2,10,5,0,300,0.5,572,0.32,486,0.18,1
5,7,301,2,10,5,0,666,0.42,420,0.58,1
5,8,711,0,0,300,0.5,1700,0.5,1
5,9,550,1,0,300,0.5,572,0.32,486,0.18,1
5,10,215,2,10,5,0,300,0.5,1700,0.5,1
5,11,23,2,10,5,0,500,0.6,1000,0.2,1400,0.2,1
6,0,634,2,10,5,0,500,0.6,1000,0.2,1400,0.2,1
6,1,397,0,0,500,0.6,1000,0.2,1400,0.2,1
6,2,60,1,0,666,0.42,420,0.58,1
6,3,366,1,0,666,0.42,420,0.58,1
6,4,451,0,0,300,0.5,1700,0.5,1
6,5,435,0,0,300,0.5,1700,0.5,1
6,6,180,0,0,300,0.5,572,0.32,486,0.18,1
6,7,410,0,0,666,0.42,420,0.58,1
6,8,130,1,0,300,0.5,572,0.32,486,0.18,1
6,9,416,1,0,666,0.42,420,0.58,1
6,10,946,1,0,300,0.5,1700,0.5,1
6,11,717,1,0,300,0.5,1700,0.5,1
7,0,125,2,10,5,0,666,0.42,420,0.58,1
7,1,631,1,0,300,0.5,1700,0.5,1
7,2,846,0,0,666,0.42,420,0.58,1
7,3,656,2,10,5,0,300,0.5,572,0.32,486,0.18,1
7,4,188,2,10,5,0,666,0.42,420,0.58,1
7,5,810,2,10,5,0,300,0.5,572,0.32,486,0.18,1
7,6,787,0,0,300,0.5,572,0.32,486,0.18,1
7,7,592,1,0,500,0.6,1000,0.2,1400,0.2,1
7,8,468,1,0,500,0.6,1000,0.2,1400,0.2,1
7,9,99,0,0,300,0.5,572,0.32,486,0.18,1
7,10,990,2,10,5,0,300,0.5,1700,0.5,1
7,11,72,0,0,300,0.5,1700,0.5,1
8,0,444,2,10,5,0,300,0.5,572,0.32,486,0.18,1
8,1,330,0,0,666,0.42,420,0.58,1
8,2,531,2,10,5,0,500,0.6,1000,0.2,1400,0.2,1
8,3,148,0,0,300,0.5,1700,0.5,1
8,4,104,0,0,666,0.42,420,0.58,1
8,5,311,0,0,500,0.6,1000,0.2,1400,0.2,1
8,6,200,2,10,5,0,300,0.5,572,0.32,486,0.18,1
8,7,497,2,10,5,0,666,0.42,420,0.58,1
8,8,238,2,10,5,0,300,0.5,1700,0.5,1
8,9,899,1,0,300,0.5,1700,0.5,1
8,10,360,2,10,5,0,500,0.6,1000,0.2,1400,0.2,1
8,11,229,1,0,300,0.5,1700,0.5,1
9,0,70,0,0,300,0.5,572,0.32,486,0.18,1
9,1,526,1,0,300,0.5,572,0.32,486,0.18,1
9,2,283,1,0,300,0.5,1700,0.5,1
9,3,256,1,0,500,0.6,1000,0.2,1400,0.2,1
9,4,527,1,0,300,0.5,572,0.32,486,0.18,1
9,5,118,1,0,300,0.5,572,0.32,486,0.18,1
9,6,411,1,0,666,0.42,420,0.58,1
9,7,29,1,0,300,0.5,1700,0.5,1
9,8,650,0,0,300,0.5,1700,0.5,1
9,9,630,0,0,666,0.42,420,0.58,1
9,10,228,1,0,666,0.42,420,0.58,1
9,11,29,0,0,300,0.5,572,0.32,486,0.18,1
10,0,627,1,0,300,0.5,1700,0.5,1
10,1,515,0,0,500,0.6,1000,0.2,1400,0.2,1
10,2,298,0,0,666,0.42,420,0.58,1
10,3,334,1,0,300,0.5,572,0.32,486,0.18,1
10,4,890,1,0,500,0.6,1000,0.2,1400,0.2,1
10,5,643,0,0,300,0.5,572,0.32,486,0.18,1
10,6,651,0,0,300,0.5,572,0.32,486,0.18,1
10,7,307,0,0,300,0.5,572,0.32,486,0.18,1
10,8,290,2,10,5,0,500,0.6,1000,0.2,1400,0.2,1
10,9,193,2,10,5,0,300,0.5,1700,0.5,1
10,10,202,2,10,5,0,300,0.5,1700,0.5,1
10,11,352,2,10,5,0,300,0.5,1700,0.5,1
11,0,293,1,0,666,0.42,420,0.58,1
11,1,388,2,10,5,0,300,0.5,1700,0.5,1
11,2,365,1,0,300,0.5,572,0.32,486,0.18,1
11,3,555,2,10,5,0,300,0.5,572,0.32,486,0.18,1
11,4,877,1,0,300,0.5,1700,0.5,1
11,5,894,0,0,500,0.6,1000,0.2,1400,0.2,1
11,6,256,2,10,5,0,666,0.42,420,0.58,1
11,7,709,0,0,300,0.5,572,0.32,486,0.18,1
11,8,416,2,10,5,0,666,0.42,420,0.58,1
11,9,271,0,0,666,0.42,420,0.58,1
11,10,345,0,0,666,0.42,420,0.58,1
11,11,431,0,0,300,0.5,1700,0.5,1
