0,0,625,1,0,300,0.5,572,0.32,486,0.18,1
0,1,1000,1,0,300,0.5,572,0.32,486,0.18,1
0,2,431,1,0,500,0.6,1000,0.2,1400,0.2,1
0,3,356,2,10,5,0,300,0.5,572,0.32,486,0.18,1
0,4,928,0,0,666,0.42,420,0.58,1
0,5,165,1,0,500,0.6,1000,0.2,1400,0.2,1
0,6,545,2,10,5,0,666,0.42,420,0.58,1
0,7,919,2,10,5,0,500,0.6,1000,0.2,1400,0.2,1
0,8,287,1,0,300,0.5,1700,0.5,1
0,9,951,2,10,5,0,300,0.5,1700,0.5,1
0,10,982,2,10,5,0,500,0.6,1000,0.2,1400,0.2,1
0,11,65,0,0,300,0.5,1700,0.5,1
1,0,742,0,0,300,0.5,1700,0.5,0
1,1,710,0,0,300,0.5,1700,0.5,0
1,2,65,0,0,300,0.5,572,0.32,486,0.18,0
1,3,549,0,0,500,0.6,1000,0.2,1400,0.2,0
1,4,429,1,0,500,0.6,1000,0.2,1400,0.2,0
1,5,349,1,0,666,0.42,420,0.58,0
1,6,158,0,0,500,0.6,1000,0.2,1400,0.2,0
1,7,65,2,10,5,0,500,0.6,1000,0.2,1400,0.2,0
1,8,399,0,0,666,0.42,420,0.58,0
1,9,483,1,0,666,0.42,420,0.58,0
1,10,689,2,10,5,0,666,0.42,420,0.58,0
1,11,955,0,0,300,0.5,1700,0.5,0
2,0,488,0,0,500,0.6,1000,0.2,1400,0.2,1
2,1,137,1,0,300,0.5,1700,0.5,1
2,2,189,0,0,500,0.6,1000,0.2,1400,0.2,1
2,3,949,1,0,300,0.5,1700,0.5,1
2,4,983,0,0,666,0.42,420,0.58,1
2,5,869,1,0,300,0.5,572,0.32,486,0.18,1
2,6,389,0,0,300,0.5,1700,0.5,1
2,7,346,0,0,300,0.5,1700,0.5,1
2,8,187,0,0,666,0.42,420,0.58,1
2,9,803,0,0,666,0.42,420,0.58,1
2,10,146,1,0,300,0.5,572,0.32,486,0.18,1
2,11,694,2,10,5,0,500,0.6,1000,0.2,1400,0.2,1
3,0,344,1,0,500,0.6,1000,0.2,1400,0.2,1
3,1,98,0,0,300,0.5,1700,0.5,1
3,2,719,2,10,5,0,666,0.42,420,0.58,1
3,3,536,0,0,300,0.5,572,0.32,486,0.18,1
3,4,692,2,10,5,0,666,0.42,420,0.58,1
3,5,961,1,0,300,0.5,572,0.32,486,0.18,1
3,6,91,2,10,5,0,300,0.5,572,0.32,486,0.18,1
3,7,465,1,0,300,0.5,1700,0.5,1
3,8,832,0,0,300,0.5,1700,0.5,1
3,9,206,0,0,666,0.42,420,0.58,1
3,10,145,1,0,666,0.42,420,0.58,1
3,11,524,1,0,500,0.6,1000,0.2,1400,0.2,1
4,0,799,2,10,5,0,300,0.5,1700,0.5,1
4,1,59,0,0,300,0.5,572,0.32,486,0.18,1
4,2,555,2,10,5,0,500,0.6,1000,0.2,1400,0.2,1
4,3,330,0,0,666,0.42,420,0.58,1
4,4,121,0,0,666,0.42,420,0.58,1
4,5,859,0,0,300,0.5,1700,0.5,1
4,6,420,2,10,5,0,300,0.5,572,0.32,486,0.18,1
4,7,976,1,0,300,0.5,572,0.32,486,0.18,1
4,8,261,2,10,5,0,300,0.5,1700,0.5,1
4,9,837,2,10,5,0,666,0.42,420,0.58,1
4,10,129,2,10,5,0,300,0.5,1700,0.5,1
4,11,437,1,0,500,0.6,1000,0.2,1400,0.2,1
5,0,403,1,0,300,0.5,572,0.32,486,0.18,1
5,1,103,0,0,666,0.42,420,0.58,1
5,2,287,1,0,500,0.6,1000,0.2,1400,0.2,1
5,3,474,2,10,5,0,500,0.6,1000,0.2,1400,0.2,1
5,4,130,0,0,500,0.6,1000,0.2,1400,0.2,1
5,5,501,0,0,666,0.42,420,0.58,1
5,6,38,2,10,5,0,500,0.6,1000,0.2,1400,0.2,1
5,7,510,1,0,300,0.5,572,0.32,486,0.18,1
5,8,471,0,0,666,0.42,420,0.58,1
5,9,932,1,0,300,0.5,1700,0.5,1
5,10,518,2,10,5,0,300,0.5,572,0.32,486,0.18,1
5,11,849,0,0,666,0.42,420,0.58,1
6,0,565,1,0,500,0.6,1000,0.2,1400,0.2,1
6,1,821,2,10,5,0,300,0.5,1700,0.5,1
6,2,335,2,10,5,0,300,0.5,572,0.32,486,0.18,1
6,3,456,2,10,5,0,300,0.5,1700,0.5,1
6,4,615,1,0,666,0.42,420,0.58,1
6,5,405,0,0,300,0.5,572,0.32,486,0.18,1
6,6,551,2,10,5,0,666,0.42,420,0.58,1
6,7,23,1,0,300,0.5,1700,0.5,1
6,8,169,0,0,500,0.6,1000,0.2,1400,0.2,1
6,9,217,0,0,666,0.42,420,0.58,1
6,10,84,2,10,5,0,300,0.5,1700,0.5,1
6,11,114,0,0,300,0.5,572,0.32,486,0.18,1
7,0,530,0,0,300,0.5,572,0.32,486,0.18,1
7,1,718,1,0,300,0.5,572,0.32,486,0.18,1
7,2,986,1,0,300,0.5,1700,0.5,1
7,3,286,1,0,500,0.6,1000,0.2,1400,0.2,1
7,4,888,1,0,666,0.42,420,0.58,1
7,5,519,0,0,666,0.42,420,0.58,1
7,6,636,2,10,5,0,300,0.5,572,0.32,486,0.18,1
7,7,301,1,0,666,0.42,420,0.58,1
7,8,863,1,0,666,0.42,420,0.58,1
7,9,15,0,0,500,0.6,1000,0.2,1400,0.2,1
7,10,606,1,0,500,0.6,1000,0.2,1400,0.2,1
7,11,639,1,0,500,0.6,1000,0.2,1400,0.2,1
8,0,426,2,10,5,0,300,0.5,572,0.32,486,0.18,1
8,1,390,1,0,300,0.5,572,0.32,486,0.18,1
8,2,588,2,10,5,0,300,0.5,1700,0.5,1
8,3,197,1,0,300,0.5,572,0.32,486,0.18,1
8,4,381,2,10,5,0,300,0.5,572,0.32,486,0.18,1
8,5,729,0,0,500,0.6,1000,0.2,1400,0.2,1
8,6,713,2,10,5,0,500,0.6,1000,0.2,1400,0.2,1
8,7,528,2,10,5,0,500,0.6,1000,0.2,1400,0.2,1
8,8,138,2,10,5,0,300,0.5,1700,0.5,1
8,9,817,1,0,300,0.5,572,0.32,486,0.18,1
8,10,487,1,0,500,0.6,1000,0.2,1400,0.2,1
8,11,962,2,10,5,0,666,0.42,420,0.58,1
9,0,143,1,0,300,0.5,1700,0.5,1
9,1,200,0,0,500,0.6,1000,0.2,1400,0.2,1
9,2,606,1,0,666,0.42,420,0.58,1
9,3,807,2,10,5,0,666,0.42,420,0.58,1
9,4,924,0,0,666,0.42,420,0.58,1
9,5,547,0,0,500,0.6,1000,0.2,1400,0.2,1
9,6,281,0,0,300,0.5,572,0.32,486,0.18,1
9,7,722,1,0,300,0.5,1700,0.5,1
9,8,764,0,0,666,0.42,420,0.58,1
9,9,679,0,0,666,0.42,420,0.58,1
9,10,585,1,0,500,0.6,1000,0.2,1400,0.2,1
9,11,511,0,0,666,0.42,420,0.58,1
10,0,588,0,0,500,0.6,1000,0.2,1400,0.2,1
10,1,724,1,0,666,0.42,420,0.58,1
10,2,208,1,0,666,0.42,420,0.58,1
10,3,100,2,10,5,0,666,0.42,420,0.58,1
10,4,707,2,10,5,0,500,0.6,1000,0.2,1400,0.2,1
10,5,815,1,0,500,0.6,1000,0.2,1400,0.2,1
10,6,45,0,0,500,0.6,1000,0.2,1400,0.2,1
10,7,58,2,10,5,0,666,0.42,420,0.58,1
10,8,394,1,0,300,0.5,1700,0.5,1
10,9,842,1,0,300,0.5,1700,0.5,1
10,10,909,1,0,300,0.5,1700,0.5,1
10,11,327,1,0,666,0.42,420,0.58,1
11,0,206,0,0,500,0.6,1000,0.2,1400,0.2,1
11,1,752,2,10,5,0,300,0.5,1700,0.5,1
11,2,545,2,10,5,0,300,0.5,572,0.32,486,0.18,1
11,3,33,0,0,300,0.5,1700,0.5,1
11,4,496,0,0,300,0.5,572,0.32,486,0.18,1
11,5,495,1,0,300,0.5,1700,0.5,1
11,6,54,0,0,300,0.5,1700,0.5,1
11,7,31,1,0,300,0.5,572,0.32,486,0.18,1
11,8,20,0,0,666,0.42,420,0.58,1
11,9,119,2,10,5,0,500,0.6,1000,0.2,1400,0.2,1
11,10,965,0,0,300,0.5,572,0.32,486,0.18,1
11,11,983,0,0,300,0.5,1700,0.5,1
