0,0,515,1,0,666,0.42,420,0.58,1
0,1,208,1,0,666,0.42,420,0.58,1
0,2,24,1,0,300,0.5,572,0.32,486,0.18,1
0,3,639,2,10,5,0,300,0.5,1700,0.5,1
0,4,715,1,0,666,0.42,420,0.58,1
0,5,595,1,0,300,0.5,572,0.32,486,0.18,1
0,6,902,2,10,5,0,300,0.5,572,0.32,486,0.18,1
0,7,772,1,0,300,0.5,572,0.32,486,0.18,1
0,8,450,0,0,500,0.6,1000,0.2,1400,0.2,1
0,9,253,0,0,500,0.6,1000,0.2,1400,0.2,1
0,10,451,0,0,666,0.42,420,0.58,1
0,11,981,2,10,5,0,500,0.6,1000,0.2,1400,0.2,1
1,0,905,0,0,300,0.5,572,0.32,486,0.18,0
1,1,381,1,0,300,0.5,1700,0.5,0
1,2,806,0,0,300,0.5,572,0.32,486,0.18,0
1,3,697,2,10,5,0,300,0.5,1700,0.5,0
1,4,742,2,10,5,0,300,0.5,572,0.32,486,0.18,0
1,5,256,2,10,5,0,300,0.5,572,0.32,486,0.18,0
1,6,470,2,10,5,0,500,0.6,1000,0.2,1400,0.2,0
1,7,882,1,0,500,0.6,1000,0.2,1400,0.2,0
1,8,481,2,10,5,0,300,0.5,1700,0.5,0
1,9,271,1,0,500,0.6,1000,0.2,1400,0.2,0
1,10,25,0,0,500,0.6,1000,0.2,1400,0.2,0
1,11,187,0,0,666,0.42,420,0.58,0
2,0,40,0,0,500,0.6,1000,0.2,1400,0.2,1
2,1,566,2,10,5,0,500,0.6,1000,0.2,1400,0.2,1
2,2,831,0,0,300,0.5,572,0.32,486,0.18,1
2,3,40,1,0,300,0.5,572,0.32,486,0.18,1
2,4,726,2,10,5,0,300,0.5,572,0.32,486,0.18,1
2,5,100,1,0,300,0.5,1700,0.5,1
2,6,980,1,0,300,0.5,1700,0.5,1
2,7,169,0,0,300,0.5,1700,0.5,1
2,8,258,2,10,5,0,666,0.42,420,0.58,1
2,9,49,2,10,5,0,300,0.5,1700,0.5,1
2,10,358,2,10,5,0,666,0.42,420,0.58,1
2,11,813,0,0,666,0.42,420,0.58,1
3,0,64,2,10,5,0,666,0.42,420,0.58,1
3,1,94,0,0,300,0.5,1700,0.5,1
3,2,472,2,10,5,0,500,0.6,1000,0.2,1400,0.2,1
3,3,106,2,10,5,0,500,0.6,1000,0.2,1400,0.2,1
3,4,524,0,0,300,0.5,572,0.32,486,0.18,1
3,5,527,2,10,5,0,300,0.5,572,0.32,486,0.18,1
3,6,213,1,0,666,0.42,420,0.58,1
3,7,87,0,0,666,0.42,420,0.58,1
3,8,651,1,0,500,0.6,1000,0.2,1400,0.2,1
3,9,116,2,10,5,0,300,0.5,572,0.32,486,0.18,1
3,10,53,0,0,666,0.42,420,0.58,1
3,11,135,1,0,300,0.5,572,0.32,486,0.18,1
4,0,748,2,10,5,0,666,0.42,420,0.58,1
4,1,693,2,10,5,0,666,0.42,420,0.58,1
4,2,927,0,0,500,0.6,1000,0.2,1400,0.2,1
4,3,916,1,0,500,0.6,1000,0.2,1400,0.2,1
4,4,667,0,0,500,0.6,1000,0.2,1400,0.2,1
4,5,557,2,10,5,0,500,0.6,1000,0.2,1400,0.2,1
4,6,444,1,0,300,0.5,572,0.32,486,0.18,1
4,7,249,0,0,300,0.5,1700,0.5,1
4,8,733,2,10,5,0,500,0.6,1000,0.2,1400,0.2,1
4,9,245,2,10,5,0,666,0.42,420,0.58,1
4,10,427,2,10,5,0,500,0.6,1000,0.2,1400,0.2,1
4,11,654,2,10,5,0,666,0.42,420,0.58,1
5,0,867,2,10,5,0,500,0.6,1000,0.2,1400,0.2,1
5,1,902,2,10,5,0,666,0.42,420,0.58,1
5,2,208,0,0,300,0.5,1700,0.5,1
5,3,800,1,0,666,0.42,420,0.58,1
5,4,696,1,0,300,0.5,572,0.32,486,0.18,1
5,5,737,2,10,5,0,300,0.5,572,0.32,486,0.18,1
5,6,860,2,10,5,0,666,0.42,420,0.58,1
5,7,844,0,0,666,0.42,420,0.58,1
5,8,708,1,0,300,0.5,572,0.32,486,0.18,1
5,9,313,1,0,300,0.5,572,0.32,486,0.18,1
5,10,438,1,0,300,0.5,1700,0.5,1
5,11,416,1,0,300,0.5,1700,0.5,1
6,0,266,2,10,5,0,300,0.5,572,0.32,486,0.18,1
6,1,195,0,0,300,0.5,1700,0.5,1
6,2,480,2,10,5,0,300,0.5,572,0.32,486,0.18,1
6,3,20,2,10,5,0,300,0.5,572,0.32,486,0.18,1
6,4,407,1,0,300,0.5,1700,0.5,1
6,5,71,1,0,666,0.42,420,0.58,1
6,6,206,0,0,500,0.6,1000,0.2,1400,0.2,1
6,7,469,2,10,5,0,300,0.5,572,0.32,486,0.18,1
6,8,13,2,10,5,0,666,0.42,420,0.58,1
6,9,672,2,10,5,0,666,0.42,420,0.58,1
6,10,416,2,10,5,0,500,0.6,1000,0.2,1400,0.2,1
6,11,862,2,10,5,0,300,0.5,572,0.32,486,0.18,1
7,0,491,1,0,300,0.5,572,0.32,486,0.18,1
7,1,406,1,0,300,0.5,1700,0.5,1
7,2,371,1,0,666,0.42,420,0.58,1
7,3,134,2,10,5,0,300,0.5,572,0.32,486,0.18,1
7,4,309,0,0,300,0.5,572,0.32,486,0.18,1
7,5,972,2,10,5,0,500,0.6,1000,0.2,1400,0.2,1
7,6,889,0,0,666,0.42,420,0.58,1
7,7,836,0,0,300,0.5,572,0.32,486,0.18,1
7,8,134,2,10,5,0,500,0.6,1000,0.2,1400,0.2,1
7,9,241,0,0,500,0.6,1000,0.2,1400,0.2,1
7,10,826,0,0,300,0.5,572,0.32,486,0.18,1
7,11,489,1,0,300,0.5,1700,0.5,1
8,0,528,1,0,666,0.42,420,0.58,1
8,1,945,1,0,500,0.6,1000,0.2,1400,0.2,1
8,2,352,0,0,300,0.5,572,0.32,486,0.18,1
8,3,968,2,10,5,0,500,0.6,1000,0.2,1400,0.2,1
8,4,602,0,0,666,0.42,420,0.58,1
8,5,898,2,10,5,0,500,0.6,1000,0.2,1400,0.2,1
8,6,315,1,0,666,0.42,420,0.58,1
8,7,194,0,0,300,0.5,1700,0.5,1
8,8,427,1,0,666,0.42,420,0.58,1
8,9,154,2,10,5,0,500,0.6,1000,0.2,1400,0.2,1
8,10,59,0,0,300,0.5,1700,0.5,1
8,11,978,0,0,500,0.6,1000,0.2,1400,0.2,1
9,0,65,2,10,5,0,666,0.42,420,0.58,1
9,1,658,1,0,300,0.5,572,0.32,486,0.18,1
9,2,304,2,10,5,0,500,0.6,1000,0.2,1400,0.2,1
9,3,19,2,10,5,0,666,0.42,420,0.58,1
9,4,103,1,0,500,0.6,1000,0.2,1400,0.2,1
9,5,529,1,0,300,0.5,572,0.32,486,0.18,1
9,6,575,1,0,300,0.5,1700,0.5,1
9,7,696,1,0,666,0.42,420,0.58,1
9,8,883,0,0,300,0.5,572,0.32,486,0.18,1
9,9,275,1,0,300,0.5,572,0.32,486,0.18,1
9,10,353,1,0,300,0.5,1700,0.5,1
9,11,636,2,10,5,0,300,0.5,1700,0.5,1
10,0,360,2,10,5,0,500,0.6,1000,0.2,1400,0.2,1
10,1,55,0,0,300,0.5,572,0.32,486,0.18,1
10,2,690,2,10,5,0,300,0.5,572,0.32,486,0.18,1
10,3,488,0,0,300,0.5,572,0.32,486,0.18,1
10,4,810,1,0,666,0.42,420,0.58,1
10,5,429,0,0,500,0.6,1000,0.2,1400,0.2,1
10,6,350,0,0,500,0.6,1000,0.2,1400,0.2,1
10,7,488,1,0,666,0.42,420,0.58,1
10,8,292,1,0,300,0.5,1700,0.5,1
10,9,596,1,0,500,0.6,1000,0.2,1400,0.2,1
10,10,587,1,0,300,0.5,1700,0.5,1
10,11,788,1,0,300,0.5,572,0.32,486,0.18,1
11,0,231,0,0,666,0.42,420,0.58,1
11,1,579,1,0,300,0.5,1700,0.5,1
11,2,700,0,0,300,0.5,1700,0.5,1
11,3,526,2,10,5,0,666,0.42,420,0.58,1
11,4,495,0,0,500,0.6,1000,0.2,1400,0.2,1
11,5,981,0,0,666,0.42,420,0.58,1
11,6,167,1,0,300,0.5,1700,0.5,1
11,7,860,0,0,500,0.6,1000,0.2,1400,0.2,1
11,8,287,1,0,300,0.5,1700,0.5,1
11,9,321,0,0,666,0.42,420,0.58,1
11,10,621,2,10,5,0,666,0.42,420,0.58,1
11,11,785,1,0,300,0.5,1700,0.5,1
