0,0,27,0,0,500,0.6,1000,0.2,1400,0.2,1
0,1,16,1,0,300,0.5,572,0.32,486,0.18,1
0,2,497,0,0,666,0.42,420,0.58,1
0,3,571,0,0,500,0.6,1000,0.2,1400,0.2,1
0,4,22,2,10,5,0,666,0.42,420,0.58,1
0,5,747,0,0,300,0.5,1700,0.5,1
0,6,995,0,0,666,0.42,420,0.58,1
0,7,931,1,0,500,0.6,1000,0.2,1400,0.2,1
0,8,577,0,0,500,0.6,1000,0.2,1400,0.2,1
0,9,506,1,0,666,0.42,420,0.58,1
0,10,599,2,10,5,0,300,0.5,572,0.32,486,0.18,1
0,11,564,0,0,300,0.5,1700,0.5,1
1,0,759,1,0,300,0.5,1700,0.5,0
1,1,62,0,0,300,0.5,572,0.32,486,0.18,0
1,2,104,2,10,5,0,500,0.6,1000,0.2,1400,0.2,0
1,3,906,1,0,300,0.5,572,0.32,486,0.18,0
1,4,173,2,10,5,0,300,0.5,572,0.32,486,0.18,0
1,5,784,2,10,5,0,300,0.5,1700,0.5,0
1,6,59,2,10,5,0,500,0.6,1000,0.2,1400,0.2,0
1,7,921,0,0,666,0.42,420,0.58,0
1,8,102,2,10,5,0,300,0.5,572,0.32,486,0.18,0
1,9,836,2,10,5,0,500,0.6,1000,0.2,1400,0.2,0
1,10,885,2,10,5,0,300,0.5,572,0.32,486,0.18,0
1,11,458,2,10,5,0,300,0.5,1700,0.5,0
2,0,707,0,0,666,0.42,420,0.58,1
2,1,435,0,0,500,0.6,1000,0.2,1400,0.2,1
2,2,623,0,0,500,0.6,1000,0.2,1400,0.2,1
2,3,183,2,10,5,0,300,0.5,572,0.32,486,0.18,1
2,4,560,0,0,500,0.6,1000,0.2,1400,0.2,1
2,5,895,0,0,300,0.5,1700,0.5,1
2,6,105,0,0,500,0.6,1000,0.2,1400,0.2,1
2,7,436,0,0,300,0.5,572,0.32,486,0.18,1
2,8,941,1,0,666,0.42,420,0.58,1
2,9,394,0,0,500,0.6,1000,0.2,1400,0.2,1
2,10,864,2,10,5,0,666,0.42,420,0.58,1
2,11,321,0,0,666,0.42,420,0.58,1
3,0,680,2,10,5,0,500,0.6,1000,0.2,1400,0.2,1
3,1,584,1,0,300,0.5,572,0.32,486,0.18,1
3,2,763,1,0,666,0.42,420,0.58,1
3,3,272,1,0,300,0.5,1700,0.5,1
3,4,247,1,0,500,0.6,1000,0.2,1400,0.2,1
3,5,996,0,0,666,0.42,420,0.58,1
3,6,216,1,0,300,0.5,1700,0.5,1
3,7,307,0,0,500,0.6,1000,0.2,1400,0.2,1
3,8,649,0,0,500,0.6,1000,0.2,1400,0.2,1
3,9,973,2,10,5,0,500,0.6,1000,0.2,1400,0.2,1
3,10,95,0,0,500,0.6,1000,0.2,1400,0.2,1
3,11,297,2,10,5,0,500,0.6,1000,0.2,1400,0.2,1
4,0,839,2,10,5,0,666,0.42,420,0.58,1
4,1,97,1,0,500,0.6,1000,0.2,1400,0.2,1
4,2,34,0,0,300,0.5,572,0.32,486,0.18,1
4,3,429,0,0,300,0.5,1700,0.5,1
4,4,768,1,0,500,0.6,1000,0.2,1400,0.2,1
4,5,844,1,0,500,0.6,1000,0.2,1400,0.2,1
4,6,583,0,0,500,0.6,1000,0.2,1400,0.2,1
4,7,553,2,10,5,0,300,0.5,572,0.32,486,0.18,1
4,8,992,1,0,300,0.5,572,0.32,486,0.18,1
4,9,258,1,0,300,0.5,572,0.32,486,0.18,1
4,10,986,2,10,5,0,300,0.5,572,0.32,486,0.18,1
4,11,424,0,0,300,0.5,1700,0.5,1
5,0,397,0,0,300,0.5,572,0.32,486,0.18,1
5,1,199,0,0,300,0.5,1700,0.5,1
5,2,821,1,0,300,0.5,572,0.32,486,0.18,1
5,3,367,0,0,300,0.5,1700,0.5,1
5,4,501,0,0,300,0.5,1700,0.5,1
5,5,789,2,10,5,0,300,0.5,572,0.32,486,0.18,1
5,6,294,0,0,300,0.5,1700,0.5,1
5,7,263,0,0,666,0.42,420,0.58,1
5,8,373,1,0,300,0.5,572,0.32,486,0.18,1
5,9,840,2,10,5,0,300,0.5,1700,0.5,1
5,10,436,1,0,500,0.6,1000,0.2,1400,0.2,1
5,11,55,0,0,300,0.5,572,0.32,486,0.18,1
6,0,546,0,0,300,0.5,1700,0.5,1
6,1,68,2,10,5,0,300,0.5,572,0.32,486,0.18,1
6,2,789,1,0,500,0.6,1000,0.2,1400,0.2,1
6,3,515,0,0,500,0.6,1000,0.2,1400,0.2,1
6,4,466,1,0,666,0.42,420,0.58,1
6,5,705,0,0,500,0.6,1000,0.2,1400,0.2,1
6,6,167,0,0,300,0.5,572,0.32,486,0.18,1
6,7,299,2,10,5,0,500,0.6,1000,0.2,1400,0.2,1
6,8,199,1,0,300,0.5,1700,0.5,1
6,9,710,1,0,666,0.42,420,0.58,1
6,10,528,0,0,300,0.5,1700,0.5,1
6,11,705,0,0,300,0.5,1700,0.5,1
7,0,459,2,10,5,0,666,0.42,420,0.58,1
7,1,244,1,0,666,0.42,420,0.58,1
7,2,611,2,10,5,0,300,0.5,572,0.32,486,0.18,1
7,3,300,1,0,500,0.6,1000,0.2,1400,0.2,1
7,4,357,0,0,500,0.6,1000,0.2,1400,0.2,1
7,5,976,0,0,300,0.5,1700,0.5,1
7,6,605,0,0,300,0.5,1700,0.5,1
7,7,689,1,0,666,0.42,420,0.58,1
7,8,158,1,0,500,0.6,1000,0.2,1400,0.2,1
7,9,987,0,0,300,0.5,572,0.32,486,0.18,1
7,10,597,0,0,300,0.5,1700,0.5,1
7,11,386,0,0,500,0.6,1000,0.2,1400,0.2,1
8,0,33,1,0,300,0.5,1700,0.5,1
8,1,766,0,0,300,0.5,1700,0.5,1
8,2,100,0,0,300,0.5,572,0.32,486,0.18,1
8,3,275,2,10,5,0,300,0.5,572,0.32,486,0.18,1
8,4,378,0,0,500,0.6,1000,0.2,1400,0.2,1
8,5,491,1,0,300,0.5,572,0.32,486,0.18,1
8,6,339,2,10,5,0,300,0.5,572,0.32,486,0.18,1
8,7,767,0,0,300,0.5,1700,0.5,1
8,8,384,0,0,500,0.6,1000,0.2,1400,0.2,1
8,9,223,2,10,5,0,300,0.5,572,0.32,486,0.18,1
8,10,705,0,0,666,0.42,420,0.58,1
8,11,474,2,10,5,0,300,0.5,572,0.32,486,0.18,1
9,0,54,0,0,500,0.6,1000,0.2,1400,0.2,1
9,1,761,2,10,5,0,300,0.5,572,0.32,486,0.18,1
9,2,509,0,0,500,0.6,1000,0.2,1400,0.2,1
9,3,831,2,10,5,0,666,0.42,420,0.58,1
9,4,429,0,0,500,0.6,1000,0.2,1400,0.2,1
9,5,585,0,0,300,0.5,572,0.32,486,0.18,1
9,6,886,2,10,5,0,500,0.6,1000,0.2,1400,0.2,1
9,7,312,0,0,500,0.6,1000,0.2,1400,0.2,1
9,8,475,0,0,300,0.5,572,0.32,486,0.18,1
9,9,98,1,0,300,0.5,572,0.32,486,0.18,1
9,10,87,2,10,5,0,300,0.5,572,0.32,486,0.18,1
9,11,873,0,0,500,0.6,1000,0.2,1400,0.2,1
10,0,464,1,0,300,0.5,1700,0.5,1
10,1,975,1,0,500,0.6,1000,0.2,1400,0.2,1
10,2,720,1,0,300,0.5,1700,0.5,1
10,3,259,2,10,5,0,500,0.6,1000,0.2,1400,0.2,1
10,4,762,1,0,500,0.6,1000,0.2,1400,0.2,1
10,5,774,2,10,5,0,300,0.5,1700,0.5,1
10,6,297,1,0,500,0.6,1000,0.2,1400,0.2,1
10,7,739,1,0,300,0.5,572,0.32,486,0.18,1
10,8,459,0,0,500,0.6,1000,0.2,1400,0.2,1
10,9,390,0,0,300,0.5,1700,0.5,1
10,10,225,1,0,300,0.5,1700,0.5,1
10,11,148,1,0,500,0.6,1000,0.2,1400,0.2,1
11,0,164,1,0,500,0.6,1000,0.2,1400,0.2,1
11,1,300,2,10,5,0,666,0.42,420,0.58,1
11,2,150,0,0,666,0.42,420,0.58,1
11,3,527,2,10,5,0,500,0.6,1000,0.2,1400,0.2,1
11,4,320,0,0,300,0.5,572,0.32,486,0.18,1
11,5,352,1,0,300,0.5,572,0.32,486,0.18,1
11,6,270,2,10,5,0,500,0.6,1000,0.2,1400,0.2,1
11,7,982,0,0,300,0.5,1700,0.5,1
11,8,548,1,0,300,0.5,572,0.32,486,0.18,1
11,9,412,0,0,666,0.42,420,0.58,1
11,10,759,0,0,500,0.6,1000,0.2,1400,0.2,1
11,11,756,2,10,5,0,666,0.42,420,0.58,1
