0,0,926,1,0,300,0.5,572,0.32,486,0.18,1
0,1,206,1,0,300,0.5,1700,0.5,1
0,2,533,1,0,666,0.42,420,0.58,1
0,3,849,2,10,5,0,300,0.5,572,0.32,486,0.18,1
0,4,12,2,10,5,0,300,0.5,572,0.32,486,0.18,1
0,5,885,1,0,300,0.5,1700,0.5,1
0,6,239,2,10,5,0,300,0.5,1700,0.5,1
0,7,123,1,0,300,0.5,1700,0.5,1
0,8,663,1,0,300,0.5,1700,0.5,1
0,9,318,1,0,300,0.5,1700,0.5,1
0,10,800,2,10,5,0,666,0.42,420,0.58,1
0,11,665,0,0,500,0.6,1000,0.2,1400,0.2,1
1,0,283,1,0,300,0.5,572,0.32,486,0.18,0
1,1,826,2,10,5,0,666,0.42,420,0.58,0
1,2,217,0,0,666,0.42,420,0.58,0
1,3,446,2,10,5,0,666,0.42,420,0.58,0
1,4,222,0,0,300,0.5,572,0.32,486,0.18,0
1,5,166,2,10,5,0,500,0.6,1000,0.2,1400,0.2,0
1,6,36,1,0,300,0.5,572,0.32,486,0.18,0
1,7,423,0,0,666,0.42,420,0.58,0
1,8,638,1,0,500,0.6,1000,0.2,1400,0.2,0
1,9,597,1,0,300,0.5,572,0.32,486,0.18,0
1,10,208,2,10,5,0,300,0.5,1700,0.5,0
1,11,117,2,10,5,0,666,0.42,420,0.58,0
2,0,986,2,10,5,0,666,0.42,420,0.58,1
2,1,746,2,10,5,0,300,0.5,572,0.32,486,0.18,1
2,2,777,2,10,5,0,300,0.5,1700,0.5,1
2,3,494,1,0,300,0.5,572,0.32,486,0.18,1
2,4,744,1,0,500,0.6,1000,0.2,1400,0.2,1
2,5,531,1,0,666,0.42,420,0.58,1
2,6,439,1,0,500,0.6,1000,0.2,1400,0.2,1
2,7,510,1,0,300,0.5,1700,0.5,1
2,8,439,1,0,300,0.5,1700,0.5,1
2,9,934,0,0,300,0.5,1700,0.5,1
2,10,784,0,0,300,0.5,572,0.32,486,0.18,1
2,11,834,0,0,300,0.5,572,0.32,486,0.18,1
3,0,752,2,10,5,0,300,0.5,1700,0.5,1
3,1,743,1,0,500,0.6,1000,0.2,1400,0.2,1
3,2,999,2,10,5,0,300,0.5,572,0.32,486,0.18,1
3,3,533,1,0,500,0.6,1000,0.2,1400,0.2,1
3,4,110,0,0,300,0.5,1700,0.5,1
3,5,408,0,0,300,0.5,1700,0.5,1
3,6,736,1,0,666,0.42,420,0.58,1
3,7,816,2,10,5,0,500,0.6,1000,0.2,1400,0.2,1
3,8,27,1,0,300,0.5,1700,0.5,1
3,9,179,2,10,5,0,300,0.5,1700,0.5,1
3,10,293,1,0,300,0.5,1700,0.5,1
3,11,622,0,0,666,0.42,420,0.58,1
4,0,292,0,0,500,0.6,1000,0.2,1400,0.2,1
4,1,332,1,0,300,0.5,572,0.32,486,0.18,1
4,2,278,2,10,5,0,500,0.6,1000,0.2,1400,0.2,1
4,3,720,2,10,5,0,300,0.5,1700,0.5,1
4,4,387,0,0,300,0.5,572,0.32,486,0.18,1
4,5,321,1,0,666,0.42,420,0.58,1
4,6,346,1,0,300,0.5,572,0.32,486,0.18,1
4,7,65,1,0,300,0.5,1700,0.5,1
4,8,141,0,0,300,0.5,1700,0.5,1
4,9,818,1,0,300,0.5,572,0.32,486,0.18,1
4,10,43,2,10,5,0,500,0.6,1000,0.2,1400,0.2,1
4,11,307,2,10,5,0,500,0.6,1000,0.2,1400,0.2,1
5,0,356,0,0,300,0.5,1700,0.5,1
5,1,328,0,0,300,0.5,1700,0.5,1
5,2,595,2,10,5,0,300,0.5,1700,0.5,1
5,3,245,0,0,300,0.5,1700,0.5,1
5,4,170,2,10,5,0,300,0.5,572,0.32,486,0.18,1
5,5,80,2,10,5,0,300,0.5,572,0.32,486,0.18,1
5,6,780,2,10,5,0,300,0.5,572,0.32,486,0.18,1
5,7,15,2,10,5,0,666,0.42,420,0.58,1
5,8,954,0,0,500,0.6,1000,0.2,1400,0.2,1
5,9,625,1,0,300,0.5,572,0.32,486,0.18,1
5,10,639,0,0,300,0.5,572,0.32,486,0.18,1
5,11,431,2,10,5,0,666,0.42,420,0.58,1
6,0,118,1,0,300,0.5,1700,0.5,1
6,1,825,1,0,666,0.42,420,0.58,1
6,2,48,1,0,300,0.5,572,0.32,486,0.18,1
6,3,564,1,0,300,0.5,572,0.32,486,0.18,1
6,4,181,2,10,5,0,666,0.42,420,0.58,1
6,5,712,1,0,300,0.5,1700,0.5,1
6,6,677,1,0,666,0.42,420,0.58,1
6,7,844,2,10,5,0,300,0.5,1700,0.5,1
6,8,368,2,10,5,0,500,0.6,1000,0.2,1400,0.2,1
6,9,451,2,10,5,0,666,0.42,420,0.58,1
6,10,989,1,0,500,0.6,1000,0.2,1400,0.2,1
6,11,230,1,0,500,0.6,1000,0.2,1400,0.2,1
7,0,138,0,0,300,0.5,572,0.32,486,0.18,1
7,1,386,2,10,5,0,666,0.42,420,0.58,1
7,2,208,0,0,300,0.5,1700,0.5,1
7,3,12,0,0,300,0.5,572,0.32,486,0.18,1
7,4,187,2,10,5,0,500,0.6,1000,0.2,1400,0.2,1
7,5,567,2,10,5,0,500,0.6,1000,0.2,1400,0.2,1
7,6,820,0,0,300,0.5,572,0.32,486,0.18,1
7,7,222,1,0,300,0.5,572,0.32,486,0.18,1
7,8,847,0,0,300,0.5,1700,0.5,1
7,9,771,2,10,5,0,300,0.5,1700,0.5,1
7,10,622,2,10,5,0,500,0.6,1000,0.2,1400,0.2,1
7,11,151,1,0,300,0.5,572,0.32,486,0.18,1
8,0,816,0,0,500,0.6,1000,0.2,1400,0.2,1
8,1,647,1,0,300,0.5,1700,0.5,1
8,2,369,0,0,500,0.6,1000,0.2,1400,0.2,1
8,3,925,2,10,5,0,500,0.6,1000,0.2,1400,0.2,1
8,4,835,2,10,5,0,300,0.5,1700,0.5,1
8,5,302,1,0,666,0.42,420,0.58,1
8,6,493,0,0,666,0.42,420,0.58,1
8,7,932,1,0,500,0.6,1000,0.2,1400,0.2,1
8,8,22,2,10,5,0,300,0.5,1700,0.5,1
8,9,882,2,10,5,0,500,0.6,1000,0.2,1400,0.2,1
8,10,17,2,10,5,0,300,0.5,572,0.32,486,0.18,1
8,11,507,0,0,500,0.6,1000,0.2,1400,0.2,1
9,0,834,0,0,300,0.5,1700,0.5,1
9,1,117,2,10,5,0,666,0.42,420,0.58,1
9,2,566,1,0,666,0.42,420,0.58,1
9,3,402,0,0,300,0.5,1700,0.5,1
9,4,956,0,0,666,0.42,420,0.58,1
9,5,605,0,0,300,0.5,1700,0.5,1
9,6,811,2,10,5,0,666,0.42,420,0.58,1
9,7,163,1,0,666,0.42,420,0.58,1
9,8,213,0,0,666,0.42,420,0.58,1
9,9,799,0,0,300,0.5,572,0.32,486,0.18,1
9,10,796,2,10,5,0,300,0.5,572,0.32,486,0.18,1
9,11,499,1,0,300,0.5,1700,0.5,1
10,0,423,0,0,300,0.5,1700,0.5,1
10,1,695,0,0,500,0.6,1000,0.2,1400,0.2,1
10,2,305,2,10,5,0,500,0.6,1000,0.2,1400,0.2,1
10,3,862,0,0,500,0.6,1000,0.2,1400,0.2,1
10,4,669,1,0,300,0.5,572,0.32,486,0.18,1
10,5,194,0,0,300,0.5,572,0.32,486,0.18,1
10,6,91,2,10,5,0,300,0.5,572,0.32,486,0.18,1
10,7,49,0,0,300,0.5,572,0.32,486,0.18,1
10,8,810,2,10,5,0,500,0.6,1000,0.2,1400,0.2,1
10,9,174,2,10,5,0,300,0.5,1700,0.5,1
10,10,497,2,10,5,0,300,0.5,1700,0.5,1
10,11,207,0,0,666,0.42,420,0.58,1
11,0,18,0,0,500,0.6,1000,0.2,1400,0.2,1
11,1,465,1,0,300,0.5,1700,0.5,1
11,2,294,0,0,300,0.5,572,0.32,486,0.18,1
11,3,202,0,0,300,0.5,1700,0.5,1
11,4,835,0,0,300,0.5,1700,0.5,1
11,5,645,0,0,300,0.5,572,0.32,486,0.18,1
11,6,50,1,0,300,0.5,572,0.32,486,0.18,1
11,7,158,0,0,300,0.5,572,0.32,486,0.18,1
11,8,247,2,10,5,0,300,0.5,1700,0.5,1
11,9,738,2,10,5,0,300,0.5,572,0.32,486,0.18,1
11,10,673,0,0,300,0.5,1700,0.5,1
11,11,462,1,0,500,0.6,1000,0.2,1400,0.2,1
