0,0,901,0,0,500,0.6,1000,0.2,1400,0.2,1
0,1,517,1,0,500,0.6,1000,0.2,1400,0.2,1
0,2,774,2,10,5,0,500,0.6,1000,0.2,1400,0.2,1
0,3,137,2,10,5,0,300,0.5,1700,0.5,1
0,4,718,2,10,5,0,300,0.5,572,0.32,486,0.18,1
0,5,17,2,10,5,0,666,0.42,420,0.58,1
0,6,899,2,10,5,0,300,0.5,572,0.32,486,0.18,1
0,7,592,0,0,666,0.42,420,0.58,1
0,8,514,2,10,5,0,500,0.6,1000,0.2,1400,0.2,1
0,9,919,0,0,500,0.6,1000,0.2,1400,0.2,1
0,10,858,0,0,300,0.5,572,0.32,486,0.18,1
0,11,798,2,10,5,0,300,0.5,1700,0.5,1
1,0,770,0,0,666,0.42,420,0.58,0
1,1,485,2,10,5,0,500,0.6,1000,0.2,1400,0.2,0
1,2,715,0,0,300,0.5,1700,0.5,0
1,3,526,2,10,5,0,666,0.42,420,0.58,0
1,4,117,1,0,300,0.5,572,0.32,486,0.18,0
1,5,153,0,0,500,0.6,1000,0.2,1400,0.2,0
1,6,697,2,10,5,0,500,0.6,1000,0.2,1400,0.2,0
1,7,946,0,0,300,0.5,1700,0.5,0
1,8,607,0,0,500,0.6,1000,0.2,1400,0.2,0
1,9,387,2,10,5,0,500,0.6,1000,0.2,1400,0.2,0
1,10,322,1,0,300,0.5,1700,0.5,0
1,11,345,2,10,5,0,300,0.5,1700,0.5,0
2,0,803,0,0,300,0.5,1700,0.5,1
2,1,408,1,0,500,0.6,1000,0.2,1400,0.2,1
2,2,591,1,0,500,0.6,1000,0.2,1400,0.2,1
2,3,590,1,0,300,0.5,1700,0.5,1
2,4,455,2,10,5,0,500,0.6,1000,0.2,1400,0.2,1
2,5,544,2,10,5,0,300,0.5,572,0.32,486,0.18,1
2,6,452,0,0,300,0.5,572,0.32,486,0.18,1
2,7,38,2,10,5,0,300,0.5,572,0.32,486,0.18,1
2,8,845,1,0,300,0.5,572,0.32,486,0.18,1
2,9,551,0,0,500,0.6,1000,0.2,1400,0.2,1
2,10,599,1,0,666,0.42,420,0.58,1
2,11,486,0,0,300,0.5,1700,0.5,1
3,0,80,2,10,5,0,500,0.6,1000,0.2,1400,0.2,1
3,1,472,0,0,300,0.5,1700,0.5,1
3,2,583,2,10,5,0,500,0.6,1000,0.2,1400,0.2,1
3,3,945,2,10,5,0,300,0.5,1700,0.5,1
3,4,656,0,0,500,0.6,1000,0.2,1400,0.2,1
3,5,355,1,0,500,0.6,1000,0.2,1400,0.2,1
3,6,416,2,10,5,0,300,0.5,572,0.32,486,0.18,1
3,7,260,2,10,5,0,666,0.42,420,0.58,1
3,8,853,2,10,5,0,500,0.6,1000,0.2,1400,0.2,1
3,9,907,1,0,300,0.5,1700,0.5,1
3,10,210,1,0,666,0.42,420,0.58,1
3,11,834,0,0,666,0.42,420,0.58,1
4,0,341,2,10,5,0,666,0.42,420,0.58,1
4,1,587,1,0,500,0.6,1000,0.2,1400,0.2,1
4,2,939,1,0,300,0.5,572,0.32,486,0.18,1
4,3,236,0,0,500,0.6,1000,0.2,1400,0.2,1
4,4,405,2,10,5,0,500,0.6,1000,0.2,1400,0.2,1
4,5,737,2,10,5,0,300,0.5,572,0.32,486,0.18,1
4,6,712,0,0,300,0.5,1700,0.5,1
4,7,643,2,10,5,0,300,0.5,572,0.32,486,0.18,1
4,8,901,1,0,300,0.5,572,0.32,486,0.18,1
4,9,87,2,10,5,0,300,0.5,1700,0.5,1
4,10,184,1,0,300,0.5,1700,0.5,1
4,11,535,0,0,300,0.5,1700,0.5,1
5,0,546,1,0,666,0.42,420,0.58,1
5,1,599,0,0,500,0.6,1000,0.2,1400,0.2,1
5,2,828,2,10,5,0,666,0.42,420,0.58,1
5,3,664,0,0,300,0.5,1700,0.5,1
5,4,136,0,0,300,0.5,572,0.32,486,0.18,1
5,5,568,0,0,300,0.5,1700,0.5,1
5,6,508,0,0,300,0.5,1700,0.5,1
5,7,475,1,0,300,0.5,572,0.32,486,0.18,1
5,8,83,2,10,5,0,300,0.5,1700,0.5,1
5,9,272,1,0,300,0.5,572,0.32,486,0.18,1
5,10,994,1,0,666,0.42,420,0.58,1
5,11,896,1,0,300,0.5,572,0.32,486,0.18,1
6,0,742,1,0,300,0.5,1700,0.5,1
6,1,532,1,0,300,0.5,572,0.32,486,0.18,1
6,2,692,1,0,500,0.6,1000,0.2,1400,0.2,1
6,3,887,0,0,300,0.5,1700,0.5,1
6,4,109,2,10,5,0,500,0.6,1000,0.2,1400,0.2,1
6,5,489,2,10,5,0,500,0.6,1000,0.2,1400,0.2,1
6,6,476,2,10,5,0,300,0.5,572,0.32,486,0.18,1
6,7,303,2,10,5,0,300,0.5,572,0.32,486,0.18,1
6,8,251,0,0,300,0.5,572,0.32,486,0.18,1
6,9,268,1,0,300,0.5,1700,0.5,1
6,10,185,0,0,500,0.6,1000,0.2,1400,0.2,1
6,11,423,0,0,500,0.6,1000,0.2,1400,0.2,1
7,0,961,2,10,5,0,300,0.5,1700,0.5,1
7,1,846,2,10,5,0,666,0.42,420,0.58,1
7,2,606,0,0,300,0.5,572,0.32,486,0.18,1
7,3,530,1,0,300,0.5,572,0.32,486,0.18,1
7,4,230,2,10,5,0,300,0.5,1700,0.5,1
7,5,600,1,0,500,0.6,1000,0.2,1400,0.2,1
7,6,362,2,10,5,0,300,0.5,1700,0.5,1
7,7,462,2,10,5,0,300,0.5,572,0.32,486,0.18,1
7,8,910,2,10,5,0,300,0.5,1700,0.5,1
7,9,954,1,0,300,0.5,1700,0.5,1
7,10,57,0,0,300,0.5,572,0.32,486,0.18,1
7,11,393,0,0,666,0.42,420,0.58,1
8,0,827,2,10,5,0,666,0.42,420,0.58,1
8,1,423,1,0,300,0.5,572,0.32,486,0.18,1
8,2,740,1,0,666,0.42,420,0.58,1
8,3,568,1,0,300,0.5,1700,0.5,1
8,4,491,1,0,300,0.5,1700,0.5,1
8,5,791,2,10,5,0,300,0.5,572,0.32,486,0.18,1
8,6,999,0,0,500,0.6,1000,0.2,1400,0.2,1
8,7,463,2,10,5,0,500,0.6,1000,0.2,1400,0.2,1
8,8,584,2,10,5,0,300,0.5,572,0.32,486,0.18,1
8,9,212,0,0,500,0.6,1000,0.2,1400,0.2,1
8,10,762,1,0,300,0.5,1700,0.5,1
8,11,830,1,0,500,0.6,1000,0.2,1400,0.2,1
9,0,14,0,0,300,0.5,572,0.32,486,0.18,1
9,1,683,0,0,300,0.5,1700,0.5,1
9,2,449,0,0,300,0.5,1700,0.5,1
9,3,426,0,0,300,0.5,1700,0.5,1
9,4,679,0,0,500,0.6,1000,0.2,1400,0.2,1
9,5,14,1,0,500,0.6,1000,0.2,1400,0.2,1
9,6,206,1,0,300,0.5,572,0.32,486,0.18,1
9,7,273,2,10,5,0,300,0.5,572,0.32,486,0.18,1
9,8,651,1,0,300,0.5,572,0.32,486,0.18,1
9,9,606,0,0,500,0.6,1000,0.2,1400,0.2,1
9,10,97,2,10,5,0,500,0.6,1000,0.2,1400,0.2,1
9,11,983,2,10,5,0,500,0.6,1000,0.2,1400,0.2,1
10,0,812,1,0,300,0.5,572,0.32,486,0.18,1
10,1,927,0,0,300,0.5,1700,0.5,1
10,2,29,2,10,5,0,300,0.5,572,0.32,486,0.18,1
10,3,762,0,0,666,0.42,420,0.58,1
10,4,257,2,10,5,0,666,0.42,420,0.58,1
10,5,283,0,0,300,0.5,1700,0.5,1
10,6,800,2,10,5,0,300,0.5,572,0.32,486,0.18,1
10,7,324,0,0,300,0.5,1700,0.5,1
10,8,100,2,10,5,0,300,0.5,572,0.32,486,0.18,1
10,9,221,2,10,5,0,300,0.5,572,0.32,486,0.18,1
10,10,722,1,0,300,0.5,572,0.32,486,0.18,1
10,11,931,0,0,300,0.5,572,0.32,486,0.18,1
11,0,316,2,10,5,0,500,0.6,1000,0.2,1400,0.2,1
11,1,935,1,0,666,0.42,420,0.58,1
11,2,380,0,0,300,0.5,572,0.32,486,0.18,1
11,3,68,1,0,666,0.42,420,0.58,1
11,4,443,1,0,500,0.6,1000,0.2,1400,0.2,1
11,5,553,1,0,300,0.5,572,0.32,486,0.18,1
11,6,391,1,0,500,0.6,1000,0.2,1400,0.2,1
11,7,629,1,0,300,0.5,1700,0.5,1
11,8,884,0,0,500,0.6,1000,0.2,1400,0.2,1
11,9,198,1,0,666,0.42,420,0.58,1
11,10,885,1,0,500,0.6,1000,0.2,1400,0.2,1
11,11,900,0,0,666,0.42,420,0.58,1
