0,0,664,0,0,300,0.5,572,0.32,486,0.18,1
0,1,661,2,10,5,0,500,0.6,1000,0.2,1400,0.2,1
0,2,286,0,0,666,0.42,420,0.58,1
0,3,349,2,10,5,0,666,0.42,420,0.58,1
0,4,452,2,10,5,0,300,0.5,1700,0.5,1
0,5,317,2,10,5,0,300,0.5,1700,0.5,1
0,6,651,2,10,5,0,500,0.6,1000,0.2,1400,0.2,1
0,7,110,0,0,300,0.5,1700,0.5,1
0,8,960,1,0,666,0.42,420,0.58,1
0,9,311,1,0,300,0.5,572,0.32,486,0.18,1
0,10,164,2,10,5,0,500,0.6,1000,0.2,1400,0.2,1
0,11,461,2,10,5,0,666,0.42,420,0.58,1
1,0,686,1,0,500,0.6,1000,0.2,1400,0.2,0
1,1,336,1,0,300,0.5,572,0.32,486,0.18,0
1,2,458,1,0,300,0.5,572,0.32,486,0.18,0
1,3,440,0,0,300,0.5,572,0.32,486,0.18,0
1,4,792,2,10,5,0,300,0.5,1700,0.5,0
1,5,214,2,10,5,0,500,0.6,1000,0.2,1400,0.2,0
1,6,79,2,10,5,0,666,0.42,420,0.58,0
1,7,25,2,10,5,0,300,0.5,572,0.32,486,0.18,0
1,8,130,2,10,5,0,666,0.42,420,0.58,0
1,9,569,2,10,5,0,500,0.6,1000,0.2,1400,0.2,0
1,10,206,1,0,500,0.6,1000,0.2,1400,0.2,0
1,11,200,1,0,300,0.5,572,0.32,486,0.18,0
2,0,230,2,10,5,0,666,0.42,420,0.58,1
2,1,194,2,10,5,0,666,0.42,420,0.58,1
2,2,124,1,0,300,0.5,1700,0.5,1
2,3,179,1,0,300,0.5,572,0.32,486,0.18,1
2,4,325,0,0,300,0.5,572,0.32,486,0.18,1
2,5,528,0,0,666,0.42,420,0.58,1
2,6,598,0,0,666,0.42,420,0.58,1
2,7,670,1,0,666,0.42,420,0.58,1
2,8,678,2,10,5,0,300,0.5,1700,0.5,1
2,9,415,2,10,5,0,300,0.5,1700,0.5,1
2,10,245,1,0,666,0.42,420,0.58,1
2,11,437,2,10,5,0,300,0.5,1700,0.5,1
3,0,963,1,0,666,0.42,420,0.58,1
3,1,31,1,0,666,0.42,420,0.58,1
3,2,218,2,10,5,0,666,0.42,420,0.58,1
3,3,64,2,10,5,0,300,0.5,1700,0.5,1
3,4,975,2,10,5,0,300,0.5,572,0.32,486,0.18,1
3,5,729,2,10,5,0,300,0.5,1700,0.5,1
3,6,885,2,10,5,0,300,0.5,572,0.32,486,0.18,1
3,7,628,2,10,5,0,300,0.5,1700,0.5,1
3,8,438,2,10,5,0,666,0.42,420,0.58,1
3,9,627,2,10,5,0,666,0.42,420,0.58,1
3,10,475,1,0,500,0.6,1000,0.2,1400,0.2,1
3,11,298,0,0,300,0.5,572,0.32,486,0.18,1
4,0,996,1,0,300,0.5,1700,0.5,1
4,1,525,1,0,500,0.6,1000,0.2,1400,0.2,1
4,2,956,2,10,5,0,300,0.5,572,0.32,486,0.18,1
4,3,514,2,10,5,0,666,0.42,420,0.58,1
4,4,761,1,0,666,0.42,420,0.58,1
4,5,793,1,0,300,0.5,572,0.32,486,0.18,1
4,6,891,1,0,666,0.42,420,0.58,1
4,7,529,0,0,300,0.5,572,0.32,486,0.18,1
4,8,534,1,0,300,0.5,1700,0.5,1
4,9,930,1,0,666,0.42,420,0.58,1
4,10,884,2,10,5,0,300,0.5,1700,0.5,1
4,11,497,2,10,5,0,666,0.42,420,0.58,1
5,0,692,0,0,300,0.5,572,0.32,486,0.18,1
5,1,123,1,0,500,0.6,1000,0.2,1400,0.2,1
5,2,70,2,10,5,0,666,0.42,420,0.58,1
5,3,721,1,0,300,0.5,1700,0.5,1
5,4,160,2,10,5,0,300,0.5,1700,0.5,1
5,5,918,0,0,666,0.42,420,0.58,1
5,6,63,1,0,666,0.42,420,0.58,1
5,7,153,0,0,300,0.5,1700,0.5,1
5,8,216,1,0,666,0.42,420,0.58,1
5,9,779,0,0,300,0.5,1700,0.5,1
5,10,413,1,0,666,0.42,420,0.58,1
5,11,515,2,10,5,0,666,0.42,420,0.58,1
6,0,87,1,0,300,0.5,1700,0.5,1
6,1,40,0,0,666,0.42,420,0.58,1
6,2,83,0,0,300,0.5,1700,0.5,1
6,3,250,2,10,5,0,300,0.5,1700,0.5,1
6,4,486,0,0,500,0.6,1000,0.2,1400,0.2,1
6,5,464,1,0,300,0.5,1700,0.5,1
6,6,433,0,0,300,0.5,1700,0.5,1
6,7,38,1,0,300,0.5,1700,0.5,1
6,8,922,2,10,5,0,666,0.42,420,0.58,1
6,9,625,2,10,5,0,500,0.6,1000,0.2,1400,0.2,1
6,10,207,2,10,5,0,300,0.5,572,0.32,486,0.18,1
6,11,250,2,10,5,0,300,0.5,1700,0.5,1
7,0,103,2,10,5,0,300,0.5,572,0.32,486,0.18,1
7,1,35,0,0,666,0.42,420,0.58,1
7,2,823,0,0,666,0.42,420,0.58,1
7,3,150,2,10,5,0,300,0.5,572,0.32,486,0.18,1
7,4,89,2,10,5,0,300,0.5,572,0.32,486,0.18,1
7,5,795,1,0,300,0.5,572,0.32,486,0.18,1
7,6,383,1,0,500,0.6,1000,0.2,1400,0.2,1
7,7,913,1,0,300,0.5,1700,0.5,1
7,8,107,2,10,5,0,300,0.5,1700,0.5,1
7,9,945,2,10,5,0,300,0.5,572,0.32,486,0.18,1
7,10,842,1,0,500,0.6,1000,0.2,1400,0.2,1
7,11,66,2,10,5,0,300,0.5,1700,0.5,1
8,0,193,1,0,666,0.42,420,0.58,1
8,1,432,0,0,500,0.6,1000,0.2,1400,0.2,1
8,2,712,0,0,300,0.5,572,0.32,486,0.18,1
8,3,966,0,0,300,0.5,1700,0.5,1
8,4,779,0,0,300,0.5,572,0.32,486,0.18,1
8,5,288,2,10,5,0,300,0.5,1700,0.5,1
8,6,580,1,0,300,0.5,572,0.32,486,0.18,1
8,7,915,2,10,5,0,666,0.42,420,0.58,1
8,8,558,2,10,5,0,300,0.5,1700,0.5,1
8,9,466,0,0,300,0.5,572,0.32,486,0.18,1
8,10,79,2,10,5,0,666,0.42,420,0.58,1
8,11,638,2,10,5,0,500,0.6,1000,0.2,1400,0.2,1
9,0,905,2,10,5,0,300,0.5,1700,0.5,1
9,1,455,2,10,5,0,300,0.5,572,0.32,486,0.18,1
9,2,150,1,0,300,0.5,1700,0.5,1
9,3,686,0,0,666,0.42,420,0.58,1
9,4,153,1,0,300,0.5,572,0.32,486,0.18,1
9,5,940,1,0,500,0.6,1000,0.2,1400,0.2,1
9,6,364,0,0,500,0.6,1000,0.2,1400,0.2,1
9,7,975,2,10,5,0,300,0.5,572,0.32,486,0.18,1
9,8,608,1,0,300,0.5,572,0.32,486,0.18,1
9,9,53,2,10,5,0,300,0.5,1700,0.5,1
9,10,644,2,10,5,0,300,0.5,572,0.32,486,0.18,1
9,11,411,2,10,5,0,666,0.42,420,0.58,1
10,0,908,0,0,500,0.6,1000,0.2,1400,0.2,1
10,1,816,0,0,300,0.5,572,0.32,486,0.18,1
10,2,733,2,10,5,0,666,0.42,420,0.58,1
10,3,519,0,0,500,0.6,1000,0.2,1400,0.2,1
10,4,546,2,10,5,0,666,0.42,420,0.58,1
10,5,87,1,0,666,0.42,420,0.58,1
10,6,422,0,0,500,0.6,1000,0.2,1400,0.2,1
10,7,81,2,10,5,0,300,0.5,1700,0.5,1
10,8,952,1,0,500,0.6,1000,0.2,1400,0.2,1
10,9,733,2,10,5,0,300,0.5,1700,0.5,1
10,10,77,2,10,5,0,666,0.42,420,0.58,1
10,11,86,0,0,666,0.42,420,0.58,1
11,0,410,1,0,300,0.5,1700,0.5,1
11,1,646,1,0,300,0.5,1700,0.5,1
11,2,731,2,10,5,0,666,0.42,420,0.58,1
11,3,764,2,10,5,0,500,0.6,1000,0.2,1400,0.2,1
11,4,10,2,10,5,0,666,0.42,420,0.58,1
11,5,503,2,10,5,0,300,0.5,1700,0.5,1
11,6,50,0,0,500,0.6,1000,0.2,1400,0.2,1
11,7,148,1,0,500,0.6,1000,0.2,1400,0.2,1
11,8,790,2,10,5,0,300,0.5,1700,0.5,1
11,9,933,2,10,5,0,300,0.5,572,0.32,486,0.18,1
11,10,665,2,10,5,0,300,0.5,572,0.32,486,0.18,1
11,11,518,2,10,5,0,666,0.42,420,0.58,1
