0,0,657,0,0,666,0.42,420,0.58,1
0,1,141,2,10,5,0,300,0.5,572,0.32,486,0.18,1
0,2,793,1,0,666,0.42,420,0.58,1
0,3,686,0,0,300,0.5,1700,0.5,1
0,4,777,1,0,666,0.42,420,0.58,1
0,5,271,2,10,5,0,300,0.5,572,0.32,486,0.18,1
0,6,760,1,0,500,0.6,1000,0.2,1400,0.2,1
0,7,474,0,0,500,0.6,1000,0.2,1400,0.2,1
0,8,312,2,10,5,0,300,0.5,572,0.32,486,0.18,1
0,9,510,2,10,5,0,300,0.5,572,0.32,486,0.18,1
0,10,373,2,10,5,0,300,0.5,1700,0.5,1
0,11,270,1,0,300,0.5,572,0.32,486,0.18,1
1,0,109,1,0,500,0.6,1000,0.2,1400,0.2,0
1,1,269,2,10,5,0,500,0.6,1000,0.2,1400,0.2,0
1,2,337,2,10,5,0,666,0.42,420,0.58,0
1,3,92,1,0,666,0.42,420,0.58,0
1,4,503,2,10,5,0,300,0.5,1700,0.5,0
1,5,910,2,10,5,0,500,0.6,1000,0.2,1400,0.2,0
1,6,51,0,0,300,0.5,1700,0.5,0
1,7,297,2,10,5,0,666,0.42,420,0.58,0
1,8,705,1,0,666,0.42,420,0.58,0
1,9,52,1,0,666,0.42,420,0.58,0
1,10,300,1,0,666,0.42,420,0.58,0
1,11,120,2,10,5,0,500,0.6,1000,0.2,1400,0.2,0
2,0,56,1,0,500,0.6,1000,0.2,1400,0.2,1
2,1,418,0,0,500,0.6,1000,0.2,1400,0.2,1
2,2,492,2,10,5,0,300,0.5,572,0.32,486,0.18,1
2,3,779,0,0,500,0.6,1000,0.2,1400,0.2,1
2,4,160,1,0,500,0.6,1000,0.2,1400,0.2,1
2,5,84,2,10,5,0,666,0.42,420,0.58,1
2,6,922,1,0,300,0.5,1700,0.5,1
2,7,954,1,0,300,0.5,572,0.32,486,0.18,1
2,8,974,2,10,5,0,300,0.5,572,0.32,486,0.18,1
2,9,20,0,0,300,0.5,572,0.32,486,0.18,1
2,10,397,1,0,300,0.5,1700,0.5,1
2,11,547,0,0,300,0.5,1700,0.5,1
3,0,832,0,0,300,0.5,1700,0.5,1
3,1,137,0,0,666,0.42,420,0.58,1
3,2,74,2,10,5,0,500,0.6,1000,0.2,1400,0.2,1
3,3,703,1,0,300,0.5,572,0.32,486,0.18,1
3,4,268,0,0,666,0.42,420,0.58,1
3,5,91,1,0,300,0.5,572,0.32,486,0.18,1
3,6,136,2,10,5,0,500,0.6,1000,0.2,1400,0.2,1
3,7,811,2,10,5,0,500,0.6,1000,0.2,1400,0.2,1
3,8,184,1,0,300,0.5,1700,0.5,1
3,9,430,0,0,300,0.5,1700,0.5,1
3,10,568,2,10,5,0,666,0.42,420,0.58,1
3,11,960,2,10,5,0,500,0.6,1000,0.2,1400,0.2,1
4,0,499,0,0,666,0.42,420,0.58,1
4,1,704,2,10,5,0,666,0.42,420,0.58,1
4,2,631,2,10,5,0,500,0.6,1000,0.2,1400,0.2,1
4,3,373,1,0,300,0.5,1700,0.5,1
4,4,254,0,0,666,0.42,420,0.58,1
4,5,794,1,0,500,0.6,1000,0.2,1400,0.2,1
4,6,223,2,10,5,0,300,0.5,1700,0.5,1
4,7,83,1,0,300,0.5,572,0.32,486,0.18,1
4,8,869,0,0,300,0.5,1700,0.5,1
4,9,563,1,0,500,0.6,1000,0.2,1400,0.2,1
4,10,205,1,0,300,0.5,572,0.32,486,0.18,1
4,11,781,0,0,500,0.6,1000,0.2,1400,0.2,1
5,0,545,2,10,5,0,500,0.6,1000,0.2,1400,0.2,1
5,1,185,2,10,5,0,666,0.42,420,0.58,1
5,2,574,2,10,5,0,300,0.5,1700,0.5,1
5,3,933,2,10,5,0,300,0.5,572,0.32,486,0.18,1
5,4,62,1,0,300,0.5,1700,0.5,1
5,5,115,0,0,666,0.42,420,0.58,1
5,6,336,1,0,500,0.6,1000,0.2,1400,0.2,1
5,7,907,2,10,5,0,666,0.42,420,0.58,1
5,8,576,0,0,666,0.42,420,0.58,1
5,9,453,1,0,300,0.5,1700,0.5,1
5,10,855,2,10,5,0,300,0.5,1700,0.5,1
5,11,829,0,0,300,0.5,572,0.32,486,0.18,1
6,0,832,1,0,300,0.5,572,0.32,486,0.18,1
6,1,228,1,0,300,0.5,572,0.32,486,0.18,1
6,2,210,1,0,300,0.5,1700,0.5,1
6,3,318,1,0,300,0.5,572,0.32,486,0.18,1
6,4,884,0,0,500,0.6,1000,0.2,1400,0.2,1
6,5,946,0,0,500,0.6,1000,0.2,1400,0.2,1
6,6,460,1,0,300,0.5,572,0.32,486,0.18,1
6,7,223,2,10,5,0,666,0.42,420,0.58,1
6,8,154,1,0,300,0.5,1700,0.5,1
6,9,156,0,0,500,0.6,1000,0.2,1400,0.2,1
6,10,919,2,10,5,0,300,0.5,572,0.32,486,0.18,1
6,11,224,0,0,300,0.5,572,0.32,486,0.18,1
7,0,235,1,0,500,0.6,1000,0.2,1400,0.2,1
7,1,205,0,0,300,0.5,1700,0.5,1
7,2,260,0,0,666,0.42,420,0.58,1
7,3,179,2,10,5,0,300,0.5,572,0.32,486,0.18,1
7,4,206,1,0,300,0.5,572,0.32,486,0.18,1
7,5,967,2,10,5,0,500,0.6,1000,0.2,1400,0.2,1
7,6,870,2,10,5,0,500,0.6,1000,0.2,1400,0.2,1
7,7,975,1,0,300,0.5,572,0.32,486,0.18,1
7,8,260,1,0,666,0.42,420,0.58,1
7,9,11,2,10,5,0,500,0.6,1000,0.2,1400,0.2,1
7,10,33,1,0,300,0.5,572,0.32,486,0.18,1
7,11,906,2,10,5,0,300,0.5,1700,0.5,1
8,0,807,1,0,500,0.6,1000,0.2,1400,0.2,1
8,1,840,2,10,5,0,500,0.6,1000,0.2,1400,0.2,1
8,2,780,0,0,300,0.5,572,0.32,486,0.18,1
8,3,624,2,10,5,0,500,0.6,1000,0.2,1400,0.2,1
8,4,21,0,0,666,0.42,420,0.58,1
8,5,513,0,0,500,0.6,1000,0.2,1400,0.2,1
8,6,851,2,10,5,0,500,0.6,1000,0.2,1400,0.2,1
8,7,803,1,0,500,0.6,1000,0.2,1400,0.2,1
8,8,764,1,0,300,0.5,1700,0.5,1
8,9,660,2,10,5,0,300,0.5,1700,0.5,1
8,10,516,1,0,300,0.5,1700,0.5,1
8,11,801,0,0,300,0.5,572,0.32,486,0.18,1
9,0,95,0,0,500,0.6,1000,0.2,1400,0.2,1
9,1,940,2,10,5,0,500,0.6,1000,0.2,1400,0.2,1
9,2,110,2,10,5,0,300,0.5,572,0.32,486,0.18,1
9,3,855,2,10,5,0,300,0.5,1700,0.5,1
9,4,92,2,10,5,0,500,0.6,1000,0.2,1400,0.2,1
9,5,25,1,0,666,0.42,420,0.58,1
9,6,101,1,0,666,0.42,420,0.58,1
9,7,576,1,0,500,0.6,1000,0.2,1400,0.2,1
9,8,273,0,0,500,0.6,1000,0.2,1400,0.2,1
9,9,748,2,10,5,0,300,0.5,1700,0.5,1
9,10,418,2,10,5,0,500,0.6,1000,0.2,1400,0.2,1
9,11,455,2,10,5,0,666,0.42,420,0.58,1
10,0,877,0,0,300,0.5,1700,0.5,1
10,1,671,1,0,300,0.5,572,0.32,486,0.18,1
10,2,371,1,0,500,0.6,1000,0.2,1400,0.2,1
10,3,855,2,10,5,0,666,0.42,420,0.58,1
10,4,822,1,0,300,0.5,1700,0.5,1
10,5,860,0,0,300,0.5,572,0.32,486,0.18,1
10,6,513,1,0,666,0.42,420,0.58,1
10,7,705,2,10,5,0,300,0.5,1700,0.5,1
10,8,790,1,0,300,0.5,1700,0.5,1
10,9,251,1,0,300,0.5,572,0.32,486,0.18,1
10,10,477,0,0,500,0.6,1000,0.2,1400,0.2,1
10,11,79,2,10,5,0,300,0.5,1700,0.5,1
11,0,424,0,0,300,0.5,572,0.32,486,0.18,1
11,1,42,2,10,5,0,500,0.6,1000,0.2,1400,0.2,1
11,2,13,1,0,300,0.5,572,0.32,486,0.18,1
11,3,503,1,0,300,0.5,1700,0.5,1
11,4,813,1,0,300,0.5,572,0.32,486,0.18,1
11,5,846,2,10,5,0,300,0.5,1700,0.5,1
11,6,338,0,0,300,0.5,572,0.32,486,0.18,1
11,7,806,0,0,300,0.5,572,0.32,486,0.18,1
11,8,932,2,10,5,0,300,0.5,572,0.32,486,0.18,1
11,9,330,1,0,666,0.42,420,0.58,1
11,10,822,2,10,5,0,300,0.5,572,0.32,486,0.18,1
11,11,740,2,10,5,0,500,0.6,1000,0.2,1400,0.2,1
