0,0,121,2,10,5,0,300,0.5,1700,0.5,1
0,1,314,1,0,300,0.5,1700,0.5,1
0,2,490,1,0,300,0.5,1700,0.5,1
0,3,39,2,10,5,0,666,0.42,420,0.58,1
0,4,700,2,10,5,0,500,0.6,1000,0.2,1400,0.2,1
0,5,242,1,0,500,0.6,1000,0.2,1400,0.2,1
0,6,139,2,10,5,0,666,0.42,420,0.58,1
0,7,590,2,10,5,0,300,0.5,572,0.32,486,0.18,1
0,8,217,1,0,666,0.42,420,0.58,1
0,9,357,1,0,666,0.42,420,0.58,1
0,10,745,0,0,300,0.5,1700,0.5,1
0,11,711,0,0,500,0.6,1000,0.2,1400,0.2,1
1,0,741,0,0,300,0.5,572,0.32,486,0.18,0
1,1,35,2,10,5,0,300,0.5,1700,0.5,0
1,2,328,0,0,300,0.5,572,0.32,486,0.18,0
1,3,919,1,0,666,0.42,420,0.58,0
1,4,735,1,0,500,0.6,1000,0.2,1400,0.2,0
1,5,875,1,0,666,0.42,420,0.58,0
1,6,520,1,0,300,0.5,572,0.32,486,0.18,0
1,7,464,0,0,300,0.5,1700,0.5,0
1,8,335,2,10,5,0,500,0.6,1000,0.2,1400,0.2,0
1,9,889,0,0,300,0.5,1700,0.5,0
1,10,696,2,10,5,0,666,0.42,420,0.58,0
1,11,165,2,10,5,0,300,0.5,572,0.32,486,0.18,0
2,0,644,0,0,500,0.6,1000,0.2,1400,0.2,1
2,1,459,1,0,666,0.42,420,0.58,1
2,2,402,2,10,5,0,300,0.5,1700,0.5,1
2,3,316,2,10,5,0,500,0.6,1000,0.2,1400,0.2,1
2,4,747,1,0,300,0.5,572,0.32,486,0.18,1
2,5,270,0,0,666,0.42,420,0.58,1
2,6,95,2,10,5,0,500,0.6,1000,0.2,1400,0.2,1
2,7,218,0,0,300,0.5,1700,0.5,1
2,8,281,0,0,300,0.5,1700,0.5,1
2,9,391,2,10,5,0,666,0.42,420,0.58,1
2,10,739,1,0,666,0.42,420,0.58,1
2,11,654,1,0,300,0.5,1700,0.5,1
3,0,102,2,10,5,0,300,0.5,1700,0.5,1
3,1,630,2,10,5,0,500,0.6,1000,0.2,1400,0.2,1
3,2,214,2,10,5,0,300,0.5,1700,0.5,1
3,3,655,2,10,5,0,666,0.42,420,0.58,1
3,4,50,0,0,666,0.42,420,0.58,1
3,5,62,2,10,5,0,300,0.5,572,0.32,486,0.18,1
3,6,23,2,10,5,0,500,0.6,1000,0.2,1400,0.2,1
3,7,420,1,0,666,0.42,420,0.58,1
3,8,349,2,10,5,0,300,0.5,1700,0.5,1
3,9,545,0,0,500,0.6,1000,0.2,1400,0.2,1
3,10,205,2,10,5,0,500,0.6,1000,0.2,1400,0.2,1
3,11,856,2,10,5,0,300,0.5,572,0.32,486,0.18,1
4,0,851,0,0,500,0.6,1000,0.2,1400,0.2,1
4,1,941,0,0,300,0.5,572,0.32,486,0.18,1
4,2,665,2,10,5,0,666,0.42,420,0.58,1
4,3,21,0,0,300,0.5,1700,0.5,1
4,4,501,2,10,5,0,300,0.5,572,0.32,486,0.18,1
4,5,461,0,0,500,0.6,1000,0.2,1400,0.2,1
4,6,467,2,10,5,0,300,0.5,572,0.32,486,0.18,1
4,7,725,2,10,5,0,300,0.5,1700,0.5,1
4,8,633,2,10,5,0,666,0.42,420,0.58,1
4,9,666,1,0,300,0.5,1700,0.5,1
4,10,213,2,10,5,0,666,0.42,420,0.58,1
4,11,125,2,10,5,0,300,0.5,1700,0.5,1
5,0,673,0,0,666,0.42,420,0.58,1
5,1,909,0,0,500,0.6,1000,0.2,1400,0.2,1
5,2,38,0,0,300,0.5,572,0.32,486,0.18,1
5,3,96,0,0,300,0.5,1700,0.5,1
5,4,262,1,0,300,0.5,1700,0.5,1
5,5,800,0,0,300,0.5,1700,0.5,1
5,6,18,0,0,666,0.42,420,0.58,1
5,7,288,2,10,5,0,666,0.42,420,0.58,1
5,8,662,1,0,666,0.42,420,0.58,1
5,9,75,2,10,5,0,666,0.42,420,0.58,1
5,10,580,0,0,500,0.6,1000,0.2,1400,0.2,1
5,11,519,2,10,5,0,300,0.5,1700,0.5,1
6,0,92,2,10,5,0,300,0.5,1700,0.5,1
6,1,663,2,10,5,0,300,0.5,572,0.32,486,0.18,1
6,2,741,2,10,5,0,500,0.6,1000,0.2,1400,0.2,1
6,3,273,0,0,300,0.5,1700,0.5,1
6,4,57,1,0,300,0.5,1700,0.5,1
6,5,808,2,10,5,0,300,0.5,572,0.32,486,0.18,1
6,6,443,0,0,300,0.5,1700,0.5,1
6,7,438,2,10,5,0,500,0.6,1000,0.2,1400,0.2,1
6,8,899,0,0,500,0.6,1000,0.2,1400,0.2,1
6,9,953,0,0,300,0.5,572,0.32,486,0.18,1
6,10,259,2,10,5,0,500,0.6,1000,0.2,1400,0.2,1
6,11,464,2,10,5,0,500,0.6,1000,0.2,1400,0.2,1
7,0,573,1,0,500,0.6,1000,0.2,1400,0.2,1
7,1,22,0,0,300,0.5,1700,0.5,1
7,2,997,1,0,300,0.5,1700,0.5,1
7,3,301,1,0,500,0.6,1000,0.2,1400,0.2,1
7,4,135,0,0,500,0.6,1000,0.2,1400,0.2,1
7,5,92,2,10,5,0,300,0.5,1700,0.5,1
7,6,643,1,0,666,0.42,420,0.58,1
7,7,81,0,0,666,0.42,420,0.58,1
7,8,918,1,0,300,0.5,572,0.32,486,0.18,1
7,9,812,0,0,500,0.6,1000,0.2,1400,0.2,1
7,10,304,1,0,500,0.6,1000,0.2,1400,0.2,1
7,11,102,2,10,5,0,300,0.5,572,0.32,486,0.18,1
8,0,875,0,0,300,0.5,572,0.32,486,0.18,1
8,1,922,1,0,666,0.42,420,0.58,1
8,2,79,0,0,666,0.42,420,0.58,1
8,3,241,1,0,300,0.5,1700,0.5,1
8,4,219,1,0,500,0.6,1000,0.2,1400,0.2,1
8,5,499,2,10,5,0,300,0.5,1700,0.5,1
8,6,124,0,0,666,0.42,420,0.58,1
8,7,170,0,0,666,0.42,420,0.58,1
8,8,892,0,0,666,0.42,420,0.58,1
8,9,354,1,0,300,0.5,572,0.32,486,0.18,1
8,10,993,2,10,5,0,500,0.6,1000,0.2,1400,0.2,1
8,11,789,2,10,5,0,300,0.5,1700,0.5,1
9,0,143,2,10,5,0,666,0.42,420,0.58,1
9,1,532,0,0,500,0.6,1000,0.2,1400,0.2,1
9,2,622,1,0,666,0.42,420,0.58,1
9,3,492,1,0,500,0.6,1000,0.2,1400,0.2,1
9,4,409,2,10,5,0,666,0.42,420,0.58,1
9,5,424,2,10,5,0,300,0.5,572,0.32,486,0.18,1
9,6,358,2,10,5,0,300,0.5,572,0.32,486,0.18,1
9,7,811,2,10,5,0,500,0.6,1000,0.2,1400,0.2,1
9,8,762,2,10,5,0,300,0.5,572,0.32,486,0.18,1
9,9,906,0,0,300,0.5,1700,0.5,1
9,10,19,1,0,666,0.42,420,0.58,1
9,11,358,1,0,500,0.6,1000,0.2,1400,0.2,1
10,0,632,0,0,300,0.5,1700,0.5,1
10,1,251,2,10,5,0,300,0.5,572,0.32,486,0.18,1
10,2,58,1,0,300,0.5,1700,0.5,1
10,3,509,2,10,5,0,666,0.42,420,0.58,1
10,4,415,1,0,300,0.5,572,0.32,486,0.18,1
10,5,963,1,0,666,0.42,420,0.58,1
10,6,838,2,10,5,0,666,0.42,420,0.58,1
10,7,700,2,10,5,0,300,0.5,1700,0.5,1
10,8,620,1,0,300,0.5,1700,0.5,1
10,9,180,0,0,300,0.5,572,0.32,486,0.18,1
10,10,843,1,0,666,0.42,420,0.58,1
10,11,473,0,0,666,0.42,420,0.58,1
11,0,55,1,0,300,0.5,1700,0.5,1
11,1,879,1,0,666,0.42,420,0.58,1
11,2,128,1,0,300,0.5,572,0.32,486,0.18,1
11,3,162,2,10,5,0,500,0.6,1000,0.2,1400,0.2,1
11,4,10,2,10,5,0,500,0.6,1000,0.2,1400,0.2,1
11,5,680,1,0,666,0.42,420,0.58,1
11,6,312,1,0,666,0.42,420,0.58,1
11,7,167,1,0,300,0.5,1700,0.5,1
11,8,230,2,10,5,0,300,0.5,572,0.32,486,0.18,1
11,9,202,2,10,5,0,500,0.6,1000,0.2,1400,0.2,1
11,10,141,2,10,5,0,500,0.6,1000,0.2,1400,0.2,1
11,11,874,0,0,300,0.5,572,0.32,486,0.18,1
