0,0,117,0,0,300,0.5,572,0.32,486,0.18,1
0,1,507,0,0,666,0.42,420,0.58,1
0,2,211,1,0,300,0.5,572,0.32,486,0.18,1
0,3,376,2,10,5,0,500,0.6,1000,0.2,1400,0.2,1
0,4,406,1,0,666,0.42,420,0.58,1
0,5,792,2,10,5,0,300,0.5,1700,0.5,1
0,6,661,0,0,300,0.5,1700,0.5,1
0,7,208,1,0,500,0.6,1000,0.2,1400,0.2,1
0,8,601,1,0,300,0.5,1700,0.5,1
0,9,583,1,0,666,0.42,420,0.58,1
0,10,998,2,10,5,0,666,0.42,420,0.58,1
0,11,664,1,0,666,0.42,420,0.58,1
1,0,138,1,0,666,0.42,420,0.58,0
1,1,443,1,0,300,0.5,572,0.32,486,0.18,0
1,2,957,0,0,500,0.6,1000,0.2,1400,0.2,0
1,3,32,2,10,5,0,666,0.42,420,0.58,0
1,4,269,2,10,5,0,300,0.5,1700,0.5,0
1,5,67,1,0,666,0.42,420,0.58,0
1,6,14,0,0,500,0.6,1000,0.2,1400,0.2,0
1,7,420,1,0,300,0.5,1700,0.5,0
1,8,631,0,0,300,0.5,1700,0.5,0
1,9,839,1,0,300,0.5,572,0.32,486,0.18,0
1,10,442,1,0,300,0.5,1700,0.5,0
1,11,515,1,0,500,0.6,1000,0.2,1400,0.2,0
2,0,653,1,0,666,0.42,420,0.58,1
2,1,551,1,0,300,0.5,572,0.32,486,0.18,1
2,2,678,0,0,300,0.5,1700,0.5,1
2,3,819,0,0,500,0.6,1000,0.2,1400,0.2,1
2,4,967,0,0,300,0.5,572,0.32,486,0.18,1
2,5,471,0,0,300,0.5,1700,0.5,1
2,6,543,0,0,300,0.5,1700,0.5,1
2,7,502,0,0,500,0.6,1000,0.2,1400,0.2,1
2,8,443,1,0,300,0.5,572,0.32,486,0.18,1
2,9,751,0,0,300,0.5,1700,0.5,1
2,10,495,1,0,666,0.42,420,0.58,1
2,11,316,0,0,666,0.42,420,0.58,1
3,0,240,0,0,666,0.42,420,0.58,1
3,1,944,1,0,300,0.5,572,0.32,486,0.18,1
3,2,606,2,10,5,0,500,0.6,1000,0.2,1400,0.2,1
3,3,123,2,10,5,0,300,0.5,1700,0.5,1
3,4,769,0,0,666,0.42,420,0.58,1
3,5,636,2,10,5,0,300,0.5,1700,0.5,1
3,6,16,1,0,300,0.5,1700,0.5,1
3,7,474,1,0,300,0.5,572,0.32,486,0.18,1
3,8,351,1,0,300,0.5,1700,0.5,1
3,9,323,1,0,666,0.42,420,0.58,1
3,10,611,1,0,500,0.6,1000,0.2,1400,0.2,1
3,11,733,0,0,500,0.6,1000,0.2,1400,0.2,1
4,0,801,2,10,5,0,300,0.5,572,0.32,486,0.18,1
4,1,927,1,0,300,0.5,1700,0.5,1
4,2,408,0,0,300,0.5,572,0.32,486,0.18,1
4,3,199,0,0,666,0.42,420,0.58,1
4,4,871,1,0,666,0.42,420,0.58,1
4,5,519,0,0,666,0.42,420,0.58,1
4,6,427,2,10,5,0,666,0.42,420,0.58,1
4,7,567,2,10,5,0,500,0.6,1000,0.2,1400,0.2,1
4,8,447,1,0,300,0.5,1700,0.5,1
4,9,134,2,10,5,0,666,0.42,420,0.58,1
4,10,767,2,10,5,0,300,0.5,1700,0.5,1
4,11,875,2,10,5,0,500,0.6,1000,0.2,1400,0.2,1
5,0,701,2,10,5,0,500,0.6,1000,0.2,1400,0.2,1
5,1,362,1,0,500,0.6,1000,0.2,1400,0.2,1
5,2,489,1,0,300,0.5,572,0.32,486,0.18,1
5,3,167,0,0,666,0.42,420,0.58,1
5,4,605,0,0,300,0.5,572,0.32,486,0.18,1
5,5,255,0,0,300,0.5,1700,0.5,1
5,6,447,0,0,300,0.5,1700,0.5,1
5,7,727,1,0,300,0.5,572,0.32,486,0.18,1
5,8,810,1,0,300,0.5,572,0.32,486,0.18,1
5,9,105,1,0,500,0.6,1000,0.2,1400,0.2,1
5,10,835,2,10,5,0,300,0.5,1700,0.5,1
5,11,453,1,0,666,0.42,420,0.58,1
6,0,658,1,0,300,0.5,1700,0.5,1
6,1,856,1,0,666,0.42,420,0.58,1
6,2,973,0,0,666,0.42,420,0.58,1
6,3,738,0,0,300,0.5,572,0.32,486,0.18,1
6,4,82,2,10,5,0,300,0.5,1700,0.5,1
6,5,399,2,10,5,0,300,0.5,572,0.32,486,0.18,1
6,6,740,0,0,500,0.6,1000,0.2,1400,0.2,1
6,7,347,0,0,666,0.42,420,0.58,1
6,8,820,2,10,5,0,500,0.6,1000,0.2,1400,0.2,1
6,9,36,2,10,5,0,300,0.5,572,0.32,486,0.18,1
6,10,725,2,10,5,0,666,0.42,420,0.58,1
6,11,263,2,10,5,0,666,0.42,420,0.58,1
7,0,34,1,0,300,0.5,1700,0.5,1
7,1,259,0,0,300,0.5,1700,0.5,1
7,2,310,0,0,300,0.5,1700,0.5,1
7,3,282,2,10,5,0,300,0.5,572,0.32,486,0.18,1
7,4,268,2,10,5,0,666,0.42,420,0.58,1
7,5,89,1,0,666,0.42,420,0.58,1
7,6,448,0,0,300,0.5,1700,0.5,1
7,7,800,1,0,666,0.42,420,0.58,1
7,8,605,1,0,300,0.5,572,0.32,486,0.18,1
7,9,87,1,0,666,0.42,420,0.58,1
7,10,613,2,10,5,0,666,0.42,420,0.58,1
7,11,209,0,0,666,0.42,420,0.58,1
8,0,786,2,10,5,0,666,0.42,420,0.58,1
8,1,342,1,0,300,0.5,572,0.32,486,0.18,1
8,2,652,0,0,666,0.42,420,0.58,1
8,3,711,1,0,500,0.6,1000,0.2,1400,0.2,1
8,4,97,0,0,300,0.5,1700,0.5,1
8,5,255,2,10,5,0,300,0.5,1700,0.5,1
8,6,176,0,0,300,0.5,1700,0.5,1
8,7,891,2,10,5,0,300,0.5,572,0.32,486,0.18,1
8,8,649,0,0,300,0.5,572,0.32,486,0.18,1
8,9,885,1,0,300,0.5,1700,0.5,1
8,10,714,0,0,300,0.5,572,0.32,486,0.18,1
8,11,933,0,0,300,0.5,1700,0.5,1
9,0,977,0,0,300,0.5,1700,0.5,1
9,1,611,0,0,500,0.6,1000,0.2,1400,0.2,1
9,2,601,0,0,500,0.6,1000,0.2,1400,0.2,1
9,3,555,1,0,500,0.6,1000,0.2,1400,0.2,1
9,4,447,0,0,500,0.6,1000,0.2,1400,0.2,1
9,5,384,2,10,5,0,666,0.42,420,0.58,1
9,6,812,2,10,5,0,666,0.42,420,0.58,1
9,7,175,1,0,666,0.42,420,0.58,1
9,8,233,1,0,500,0.6,1000,0.2,1400,0.2,1
9,9,177,1,0,500,0.6,1000,0.2,1400,0.2,1
9,10,819,0,0,300,0.5,1700,0.5,1
9,11,244,0,0,300,0.5,1700,0.5,1
10,0,110,1,0,500,0.6,1000,0.2,1400,0.2,1
10,1,603,1,0,300,0.5,572,0.32,486,0.18,1
10,2,330,0,0,300,0.5,1700,0.5,1
10,3,461,1,0,500,0.6,1000,0.2,1400,0.2,1
10,4,26,1,0,500,0.6,1000,0.2,1400,0.2,1
10,5,184,2,10,5,0,300,0.5,572,0.32,486,0.18,1
10,6,15,1,0,300,0.5,572,0.32,486,0.18,1
10,7,859,0,0,300,0.5,1700,0.5,1
10,8,981,1,0,666,0.42,420,0.58,1
10,9,785,0,0,500,0.6,1000,0.2,1400,0.2,1
10,10,919,1,0,300,0.5,1700,0.5,1
10,11,935,2,10,5,0,300,0.5,1700,0.5,1
11,0,870,2,10,5,0,500,0.6,1000,0.2,1400,0.2,1
11,1,325,1,0,300,0.5,572,0.32,486,0.18,1
11,2,82,2,10,5,0,500,0.6,1000,0.2,1400,0.2,1
11,3,20,1,0,300,0.5,572,0.32,486,0.18,1
11,4,282,1,0,500,0.6,1000,0.2,1400,0.2,1
11,5,423,1,0,300,0.5,572,0.32,486,0.18,1
11,6,498,1,0,666,0.42,420,0.58,1
11,7,444,1,0,300,0.5,1700,0.5,1
11,8,821,2,10,5,0,300,0.5,572,0.32,486,0.18,1
11,9,102,2,10,5,0,300,0.5,1700,0.5,1
11,10,286,0,0,500,0.6,1000,0.2,1400,0.2,1
11,11,645,2,10,5,0,300,0.5,572,0.32,486,0.18,1
