0,0,260,2,10,5,0,300,0.5,572,0.32,486,0.18,1
0,1,671,0,0,666,0.42,420,0.58,1
0,2,993,2,10,5,0,300,0.5,1700,0.5,1
0,3,766,2,10,5,0,300,0.5,572,0.32,486,0.18,1
0,4,863,2,10,5,0,300,0.5,1700,0.5,1
0,5,531,1,0,500,0.6,1000,0.2,1400,0.2,1
0,6,901,2,10,5,0,666,0.42,420,0.58,1
0,7,615,0,0,666,0.42,420,0.58,1
0,8,331,0,0,300,0.5,572,0.32,486,0.18,1
0,9,549,0,0,300,0.5,572,0.32,486,0.18,1
0,10,931,0,0,500,0.6,1000,0.2,1400,0.2,1
0,11,285,1,0,666,0.42,420,0.58,1
1,0,632,0,0,300,0.5,1700,0.5,0
1,1,666,1,0,300,0.5,1700,0.5,0
1,2,178,1,0,500,0.6,1000,0.2,1400,0.2,0
1,3,344,2,10,5,0,300,0.5,572,0.32,486,0.18,0
1,4,771,0,0,300,0.5,572,0.32,486,0.18,0
1,5,744,1,0,666,0.42,420,0.58,0
1,6,697,2,10,5,0,666,0.42,420,0.58,0
1,7,554,1,0,300,0.5,1700,0.5,0
1,8,742,1,0,300,0.5,1700,0.5,0
1,9,437,0,0,300,0.5,572,0.32,486,0.18,0
1,10,374,1,0,500,0.6,1000,0.2,1400,0.2,0
1,11,820,2,10,5,0,666,0.42,420,0.58,0
2,0,674,2,10,5,0,300,0.5,1700,0.5,1
2,1,637,2,10,5,0,300,0.5,1700,0.5,1
2,2,521,0,0,300,0.5,572,0.32,486,0.18,1
2,3,192,2,10,5,0,300,0.5,572,0.32,486,0.18,1
2,4,191,2,10,5,0,666,0.42,420,0.58,1
2,5,917,1,0,300,0.5,572,0.32,486,0.18,1
2,6,66,2,10,5,0,500,0.6,1000,0.2,1400,0.2,1
2,7,326,1,0,300,0.5,1700,0.5,1
2,8,538,2,10,5,0,500,0.6,1000,0.2,1400,0.2,1
2,9,897,2,10,5,0,500,0.6,1000,0.2,1400,0.2,1
2,10,334,1,0,300,0.5,1700,0.5,1
2,11,149,1,0,500,0.6,1000,0.2,1400,0.2,1
3,0,561,0,0,500,0.6,1000,0.2,1400,0.2,1
3,1,182,0,0,500,0.6,1000,0.2,1400,0.2,1
3,2,346,2,10,5,0,500,0.6,1000,0.2,1400,0.2,1
3,3,347,1,0,300,0.5,1700,0.5,1
3,4,145,1,0,666,0.42,420,0.58,1
3,5,684,2,10,5,0,666,0.42,420,0.58,1
3,6,358,1,0,500,0.6,1000,0.2,1400,0.2,1
3,7,572,0,0,300,0.5,572,0.32,486,0.18,1
3,8,609,0,0,500,0.6,1000,0.2,1400,0.2,1
3,9,460,2,10,5,0,300,0.5,1700,0.5,1
3,10,588,0,0,500,0.6,1000,0.2,1400,0.2,1
3,11,894,2,10,5,0,300,0.5,1700,0.5,1
4,0,682,2,10,5,0,300,0.5,1700,0.5,1
4,1,144,1,0,300,0.5,572,0.32,486,0.18,1
4,2,848,0,0,300,0.5,1700,0.5,1
4,3,288,2,10,5,0,300,0.5,572,0.32,486,0.18,1
4,4,438,2,10,5,0,300,0.5,1700,0.5,1
4,5,66,2,10,5,0,500,0.6,1000,0.2,1400,0.2,1
4,6,917,0,0,666,0.42,420,0.58,1
4,7,630,2,10,5,0,500,0.6,1000,0.2,1400,0.2,1
4,8,912,0,0,666,0.42,420,0.58,1
4,9,753,0,0,300,0.5,1700,0.5,1
4,10,924,0,0,300,0.5,572,0.32,486,0.18,1
4,11,557,1,0,500,0.6,1000,0.2,1400,0.2,1
5,0,594,2,10,5,0,500,0.6,1000,0.2,1400,0.2,1
5,1,602,2,10,5,0,300,0.5,572,0.32,486,0.18,1
5,2,582,1,0,500,0.6,1000,0.2,1400,0.2,1
5,3,703,0,0,300,0.5,1700,0.5,1
5,4,780,0,0,300,0.5,572,0.32,486,0.18,1
5,5,387,1,0,666,0.42,420,0.58,1
5,6,109,2,10,5,0,300,0.5,572,0.32,486,0.18,1
5,7,432,1,0,500,0.6,1000,0.2,1400,0.2,1
5,8,965,1,0,300,0.5,1700,0.5,1
5,9,280,0,0,300,0.5,1700,0.5,1
5,10,542,2,10,5,0,300,0.5,572,0.32,486,0.18,1
5,11,421,1,0,300,0.5,1700,0.5,1
6,0,910,1,0,300,0.5,572,0.32,486,0.18,1
6,1,339,2,10,5,0,300,0.5,572,0.32,486,0.18,1
6,2,178,0,0,500,0.6,1000,0.2,1400,0.2,1
6,3,17,2,10,5,0,500,0.6,1000,0.2,1400,0.2,1
6,4,550,2,10,5,0,500,0.6,1000,0.2,1400,0.2,1
6,5,657,1,0,666,0.42,420,0.58,1
6,6,337,1,0,300,0.5,1700,0.5,1
6,7,238,0,0,300,0.5,572,0.32,486,0.18,1
6,8,563,1,0,300,0.5,1700,0.5,1
6,9,457,0,0,300,0.5,572,0.32,486,0.18,1
6,10,620,1,0,300,0.5,1700,0.5,1
6,11,885,0,0,300,0.5,1700,0.5,1
7,0,654,0,0,300,0.5,572,0.32,486,0.18,1
7,1,929,2,10,5,0,666,0.42,420,0.58,1
7,2,687,1,0,300,0.5,572,0.32,486,0.18,1
7,3,803,0,0,300,0.5,1700,0.5,1
7,4,666,1,0,666,0.42,420,0.58,1
7,5,915,2,10,5,0,500,0.6,1000,0.2,1400,0.2,1
7,6,269,2,10,5,0,300,0.5,1700,0.5,1
7,7,12,2,10,5,0,300,0.5,572,0.32,486,0.18,1
7,8,367,0,0,300,0.5,1700,0.5,1
7,9,76,2,10,5,0,666,0.42,420,0.58,1
7,10,659,1,0,666,0.42,420,0.58,1
7,11,852,2,10,5,0,300,0.5,572,0.32,486,0.18,1
8,0,850,1,0,666,0.42,420,0.58,1
8,1,138,2,10,5,0,500,0.6,1000,0.2,1400,0.2,1
8,2,228,0,0,300,0.5,1700,0.5,1
8,3,991,0,0,500,0.6,1000,0.2,1400,0.2,1
8,4,585,2,10,5,0,300,0.5,1700,0.5,1
8,5,676,2,10,5,0,300,0.5,1700,0.5,1
8,6,426,1,0,666,0.42,420,0.58,1
8,7,55,2,10,5,0,666,0.42,420,0.58,1
8,8,717,1,0,300,0.5,572,0.32,486,0.18,1
8,9,314,1,0,300,0.5,1700,0.5,1
8,10,466,0,0,666,0.42,420,0.58,1
8,11,619,2,10,5,0,500,0.6,1000,0.2,1400,0.2,1
9,0,795,0,0,500,0.6,1000,0.2,1400,0.2,1
9,1,348,2,10,5,0,500,0.6,1000,0.2,1400,0.2,1
9,2,282,2,10,5,0,300,0.5,1700,0.5,1
9,3,725,0,0,500,0.6,1000,0.2,1400,0.2,1
9,4,909,0,0,300,0.5,1700,0.5,1
9,5,668,0,0,500,0.6,1000,0.2,1400,0.2,1
9,6,625,0,0,500,0.6,1000,0.2,1400,0.2,1
9,7,196,2,10,5,0,666,0.42,420,0.58,1
9,8,15,0,0,666,0.42,420,0.58,1
9,9,735,0,0,300,0.5,572,0.32,486,0.18,1
9,10,367,0,0,666,0.42,420,0.58,1
9,11,513,1,0,500,0.6,1000,0.2,1400,0.2,1
10,0,872,0,0,300,0.5,1700,0.5,1
10,1,110,1,0,500,0.6,1000,0.2,1400,0.2,1
10,2,474,0,0,300,0.5,572,0.32,486,0.18,1
10,3,561,2,10,5,0,300,0.5,572,0.32,486,0.18,1
10,4,410,2,10,5,0,300,0.5,572,0.32,486,0.18,1
10,5,409,1,0,666,0.42,420,0.58,1
10,6,896,2,10,5,0,666,0.42,420,0.58,1
10,7,111,2,10,5,0,500,0.6,1000,0.2,1400,0.2,1
10,8,261,2,10,5,0,500,0.6,1000,0.2,1400,0.2,1
10,9,87,1,0,300,0.5,1700,0.5,1
10,10,664,2,10,5,0,300,0.5,572,0.32,486,0.18,1
10,11,279,1,0,500,0.6,1000,0.2,1400,0.2,1
11,0,453,2,10,5,0,666,0.42,420,0.58,1
11,1,664,0,0,500,0.6,1000,0.2,1400,0.2,1
11,2,350,0,0,500,0.6,1000,0.2,1400,0.2,1
11,3,554,0,0,500,0.6,1000,0.2,1400,0.2,1
11,4,605,0,0,300,0.5,1700,0.5,1
11,5,814,0,0,666,0.42,420,0.58,1
11,6,441,2,10,5,0,300,0.5,572,0.32,486,0.18,1
11,7,373,1,0,300,0.5,1700,0.5,1
11,8,809,1,0,300,0.5,572,0.32,486,0.18,1
11,9,347,0,0,666,0.42,420,0.58,1
11,10,997,2,10,5,0,300,0.5,1700,0.5,1
11,11,925,2,10,5,0,300,0.5,1700,0.5,1
