0,0,461,1,0,300,0.5,572,0.32,486,0.18,1
0,1,327,0,0,300,0.5,572,0.32,486,0.18,1
0,2,502,2,10,5,0,500,0.6,1000,0.2,1400,0.2,1
0,3,245,2,10,5,0,300,0.5,1700,0.5,1
0,4,195,1,0,666,0.42,420,0.58,1
0,5,745,2,10,5,0,500,0.6,1000,0.2,1400,0.2,1
0,6,665,2,10,5,0,666,0.42,420,0.58,1
0,7,466,0,0,300,0.5,572,0.32,486,0.18,1
0,8,223,2,10,5,0,300,0.5,1700,0.5,1
0,9,72,0,0,300,0.5,1700,0.5,1
0,10,720,2,10,5,0,500,0.6,1000,0.2,1400,0.2,1
0,11,58,0,0,300,0.5,1700,0.5,1
1,0,842,2,10,5,0,666,0.42,420,0.58,0
1,1,863,1,0,666,0.42,420,0.58,0
1,2,960,0,0,300,0.5,1700,0.5,0
1,3,414,1,0,500,0.6,1000,0.2,1400,0.2,0
1,4,743,0,0,300,0.5,572,0.32,486,0.18,0
1,5,213,0,0,300,0.5,1700,0.5,0
1,6,59,1,0,300,0.5,1700,0.5,0
1,7,63,0,0,300,0.5,572,0.32,486,0.18,0
1,8,99,2,10,5,0,300,0.5,572,0.32,486,0.18,0
1,9,551,2,10,5,0,300,0.5,572,0.32,486,0.18,0
1,10,938,0,0,500,0.6,1000,0.2,1400,0.2,0
1,11,264,0,0,500,0.6,1000,0.2,1400,0.2,0
2,0,879,2,10,5,0,300,0.5,572,0.32,486,0.18,1
2,1,250,0,0,300,0.5,1700,0.5,1
2,2,82,2,10,5,0,300,0.5,572,0.32,486,0.18,1
2,3,452,0,0,500,0.6,1000,0.2,1400,0.2,1
2,4,819,2,10,5,0,300,0.5,572,0.32,486,0.18,1
2,5,363,0,0,500,0.6,1000,0.2,1400,0.2,1
2,6,842,1,0,666,0.42,420,0.58,1
2,7,203,1,0,300,0.5,572,0.32,486,0.18,1
2,8,161,2,10,5,0,300,0.5,572,0.32,486,0.18,1
2,9,102,0,0,666,0.42,420,0.58,1
2,10,332,0,0,666,0.42,420,0.58,1
2,11,130,0,0,300,0.5,1700,0.5,1
3,0,415,2,10,5,0,500,0.6,1000,0.2,1400,0.2,1
3,1,281,2,10,5,0,300,0.5,572,0.32,486,0.18,1
3,2,349,1,0,666,0.42,420,0.58,1
3,3,446,0,0,300,0.5,1700,0.5,1
3,4,86,1,0,500,0.6,1000,0.2,1400,0.2,1
3,5,878,0,0,500,0.6,1000,0.2,1400,0.2,1
3,6,452,2,10,5,0,666,0.42,420,0.58,1
3,7,250,1,0,300,0.5,572,0.32,486,0.18,1
3,8,470,1,0,500,0.6,1000,0.2,1400,0.2,1
3,9,554,0,0,500,0.6,1000,0.2,1400,0.2,1
3,10,721,0,0,500,0.6,1000,0.2,1400,0.2,1
3,11,966,0,0,666,0.42,420,0.58,1
4,0,230,2,10,5,0,300,0.5,1700,0.5,1
4,1,507,2,10,5,0,300,0.5,1700,0.5,1
4,2,645,2,10,5,0,500,0.6,1000,0.2,1400,0.2,1
4,3,850,0,0,300,0.5,1700,0.5,1
4,4,284,0,0,500,0.6,1000,0.2,1400,0.2,1
4,5,394,0,0,500,0.6,1000,0.2,1400,0.2,1
4,6,306,1,0,500,0.6,1000,0.2,1400,0.2,1
4,7,559,0,0,500,0.6,1000,0.2,1400,0.2,1
4,8,851,1,0,666,0.42,420,0.58,1
4,9,332,1,0,300,0.5,572,0.32,486,0.18,1
4,10,346,0,0,300,0.5,572,0.32,486,0.18,1
4,11,367,2,10,5,0,666,0.42,420,0.58,1
5,0,967,2,10,5,0,300,0.5,1700,0.5,1
5,1,541,2,10,5,0,666,0.42,420,0.58,1
5,2,878,1,0,300,0.5,1700,0.5,1
5,3,279,2,10,5,0,500,0.6,1000,0.2,1400,0.2,1
5,4,464,0,0,500,0.6,1000,0.2,1400,0.2,1
5,5,398,2,10,5,0,500,0.6,1000,0.2,1400,0.2,1
5,6,739,2,10,5,0,300,0.5,1700,0.5,1
5,7,470,1,0,300,0.5,1700,0.5,1
5,8,771,2,10,5,0,300,0.5,1700,0.5,1
5,9,688,1,0,300,0.5,572,0.32,486,0.18,1
5,10,697,2,10,5,0,500,0.6,1000,0.2,1400,0.2,1
5,11,251,0,0,666,0.42,420,0.58,1
6,0,61,2,10,5,0,300,0.5,572,0.32,486,0.18,1
6,1,639,0,0,300,0.5,1700,0.5,1
6,2,718,2,10,5,0,500,0.6,1000,0.2,1400,0.2,1
6,3,608,1,0,300,0.5,572,0.32,486,0.18,1
6,4,401,0,0,300,0.5,572,0.32,486,0.18,1
6,5,224,1,0,300,0.5,572,0.32,486,0.18,1
6,6,257,0,0,500,0.6,1000,0.2,1400,0.2,1
6,7,23,2,10,5,0,500,0.6,1000,0.2,1400,0.2,1
6,8,599,2,10,5,0,500,0.6,1000,0.2,1400,0.2,1
6,9,600,1,0,666,0.42,420,0.58,1
6,10,969,2,10,5,0,300,0.5,1700,0.5,1
6,11,451,1,0,300,0.5,1700,0.5,1
7,0,522,2,10,5,0,300,0.5,572,0.32,486,0.18,1
7,1,272,2,10,5,0,300,0.5,572,0.32,486,0.18,1
7,2,513,0,0,666,0.42,420,0.58,1
7,3,807,0,0,666,0.42,420,0.58,1
7,4,980,1,0,300,0.5,1700,0.5,1
7,5,273,1,0,300,0.5,1700,0.5,1
7,6,481,1,0,300,0.5,572,0.32,486,0.18,1
7,7,925,2,10,5,0,300,0.5,572,0.32,486,0.18,1
7,8,760,2,10,5,0,300,0.5,1700,0.5,1
7,9,86,1,0,300,0.5,1700,0.5,1
7,10,203,1,0,666,0.42,420,0.58,1
7,11,69,1,0,500,0.6,1000,0.2,1400,0.2,1
8,0,101,2,10,5,0,500,0.6,1000,0.2,1400,0.2,1
8,1,645,2,10,5,0,666,0.42,420,0.58,1
8,2,451,1,0,500,0.6,1000,0.2,1400,0.2,1
8,3,488,2,10,5,0,300,0.5,1700,0.5,1
8,4,491,1,0,500,0.6,1000,0.2,1400,0.2,1
8,5,624,1,0,500,0.6,1000,0.2,1400,0.2,1
8,6,495,0,0,666,0.42,420,0.58,1
8,7,333,0,0,300,0.5,572,0.32,486,0.18,1
8,8,193,0,0,300,0.5,1700,0.5,1
8,9,532,2,10,5,0,300,0.5,572,0.32,486,0.18,1
8,10,898,1,0,666,0.42,420,0.58,1
8,11,580,0,0,500,0.6,1000,0.2,1400,0.2,1
9,0,278,0,0,500,0.6,1000,0.2,1400,0.2,1
9,1,901,0,0,500,0.6,1000,0.2,1400,0.2,1
9,2,465,0,0,500,0.6,1000,0.2,1400,0.2,1
9,3,995,2,10,5,0,666,0.42,420,0.58,1
9,4,147,2,10,5,0,500,0.6,1000,0.2,1400,0.2,1
9,5,697,0,0,666,0.42,420,0.58,1
9,6,935,1,0,666,0.42,420,0.58,1
9,7,367,0,0,300,0.5,572,0.32,486,0.18,1
9,8,110,0,0,666,0.42,420,0.58,1
9,9,433,2,10,5,0,300,0.5,1700,0.5,1
9,10,467,0,0,666,0.42,420,0.58,1
9,11,124,1,0,500,0.6,1000,0.2,1400,0.2,1
10,0,494,2,10,5,0,500,0.6,1000,0.2,1400,0.2,1
10,1,135,0,0,666,0.42,420,0.58,1
10,2,376,0,0,300,0.5,572,0.32,486,0.18,1
10,3,16,2,10,5,0,500,0.6,1000,0.2,1400,0.2,1
10,4,97,0,0,666,0.42,420,0.58,1
10,5,584,2,10,5,0,300,0.5,1700,0.5,1
10,6,603,2,10,5,0,500,0.6,1000,0.2,1400,0.2,1
10,7,492,0,0,500,0.6,1000,0.2,1400,0.2,1
10,8,741,0,0,500,0.6,1000,0.2,1400,0.2,1
10,9,878,2,10,5,0,500,0.6,1000,0.2,1400,0.2,1
10,10,323,2,10,5,0,300,0.5,1700,0.5,1
10,11,319,0,0,300,0.5,1700,0.5,1
11,0,590,0,0,300,0.5,1700,0.5,1
11,1,249,0,0,666,0.42,420,0.58,1
11,2,440,1,0,666,0.42,420,0.58,1
11,3,551,0,0,300,0.5,1700,0.5,1
11,4,998,2,10,5,0,666,0.42,420,0.58,1
11,5,105,2,10,5,0,300,0.5,1700,0.5,1
11,6,983,0,0,300,0.5,1700,0.5,1
11,7,153,1,0,666,0.42,420,0.58,1
11,8,379,0,0,666,0.42,420,0.58,1
11,9,422,0,0,666,0.42,420,0.58,1
11,10,483,2,10,5,0,666,0.42,420,0.58,1
11,11,449,2,10,5,0,300,0.5,1700,0.5,1
