0,0,496,2,10,5,0,500,0.6,1000,0.2,1400,0.2,1
0,1,715,1,0,500,0.6,1000,0.2,1400,0.2,1
0,2,929,2,10,5,0,300,0.5,1700,0.5,1
0,3,994,1,0,500,0.6,1000,0.2,1400,0.2,1
0,4,697,0,0,300,0.5,572,0.32,486,0.18,1
0,5,494,1,0,300,0.5,1700,0.5,1
0,6,706,2,10,5,0,300,0.5,572,0.32,486,0.18,1
0,7,788,2,10,5,0,500,0.6,1000,0.2,1400,0.2,1
0,8,180,2,10,5,0,666,0.42,420,0.58,1
0,9,26,0,0,300,0.5,1700,0.5,1
0,10,316,0,0,300,0.5,1700,0.5,1
0,11,402,1,0,300,0.5,1700,0.5,1
1,0,206,1,0,300,0.5,1700,0.5,0
1,1,61,1,0,300,0.5,1700,0.5,0
1,2,706,0,0,300,0.5,572,0.32,486,0.18,0
1,3,962,1,0,666,0.42,420,0.58,0
1,4,122,0,0,300,0.5,1700,0.5,0
1,5,337,1,0,300,0.5,1700,0.5,0
1,6,616,1,0,666,0.42,420,0.58,0
1,7,858,1,0,500,0.6,1000,0.2,1400,0.2,0
1,8,721,0,0,300,0.5,1700,0.5,0
1,9,787,2,10,5,0,300,0.5,572,0.32,486,0.18,0
1,10,236,0,0,500,0.6,1000,0.2,1400,0.2,0
1,11,91,1,0,300,0.5,572,0.32,486,0.18,0
2,0,116,1,0,300,0.5,1700,0.5,1
2,1,448,0,0,300,0.5,1700,0.5,1
2,2,112,1,0,300,0.5,1700,0.5,1
2,3,948,2,10,5,0,300,0.5,1700,0.5,1
2,4,226,1,0,666,0.42,420,0.58,1
2,5,412,2,10,5,0,666,0.42,420,0.58,1
2,6,231,1,0,300,0.5,572,0.32,486,0.18,1
2,7,836,2,10,5,0,300,0.5,572,0.32,486,0.18,1
2,8,839,2,10,5,0,300,0.5,572,0.32,486,0.18,1
2,9,242,1,0,300,0.5,1700,0.5,1
2,10,457,0,0,300,0.5,572,0.32,486,0.18,1
2,11,484,2,10,5,0,300,0.5,572,0.32,486,0.18,1
3,0,267,0,0,300,0.5,1700,0.5,1
3,1,605,2,10,5,0,300,0.5,572,0.32,486,0.18,1
3,2,484,0,0,666,0.42,420,0.58,1
3,3,554,0,0,500,0.6,1000,0.2,1400,0.2,1
3,4,362,2,10,5,0,500,0.6,1000,0.2,1400,0.2,1
3,5,109,1,0,500,0.6,1000,0.2,1400,0.2,1
3,6,407,2,10,5,0,500,0.6,1000,0.2,1400,0.2,1
3,7,911,0,0,300,0.5,1700,0.5,1
3,8,584,1,0,300,0.5,1700,0.5,1
3,9,455,0,0,300,0.5,1700,0.5,1
3,10,30,2,10,5,0,300,0.5,572,0.32,486,0.18,1
3,11,89,2,10,5,0,300,0.5,572,0.32,486,0.18,1
4,0,344,0,0,300,0.5,1700,0.5,1
4,1,709,0,0,300,0.5,1700,0.5,1
4,2,431,1,0,300,0.5,572,0.32,486,0.18,1
4,3,889,1,0,666,0.42,420,0.58,1
4,4,542,2,10,5,0,300,0.5,572,0.32,486,0.18,1
4,5,360,2,10,5,0,300,0.5,1700,0.5,1
4,6,724,1,0,500,0.6,1000,0.2,1400,0.2,1
4,7,468,1,0,300,0.5,572,0.32,486,0.18,1
4,8,374,0,0,666,0.42,420,0.58,1
4,9,578,1,0,300,0.5,572,0.32,486,0.18,1
4,10,548,2,10,5,0,300,0.5,572,0.32,486,0.18,1
4,11,542,2,10,5,0,666,0.42,420,0.58,1
5,0,489,0,0,666,0.42,420,0.58,1
5,1,284,1,0,300,0.5,1700,0.5,1
5,2,187,1,0,500,0.6,1000,0.2,1400,0.2,1
5,3,562,2,10,5,0,300,0.5,1700,0.5,1
5,4,209,2,10,5,0,500,0.6,1000,0.2,1400,0.2,1
5,5,169,2,10,5,0,300,0.5,572,0.32,486,0.18,1
5,6,644,0,0,666,0.42,420,0.58,1
5,7,874,0,0,300,0.5,572,0.32,486,0.18,1
5,8,435,0,0,666,0.42,420,0.58,1
5,9,858,0,0,300,0.5,1700,0.5,1
5,10,170,1,0,666,0.42,420,0.58,1
5,11,915,2,10,5,0,666,0.42,420,0.58,1
6,0,720,1,0,300,0.5,1700,0.5,1
6,1,400,0,0,300,0.5,572,0.32,486,0.18,1
6,2,123,2,10,5,0,500,0.6,1000,0.2,1400,0.2,1
6,3,742,0,0,666,0.42,420,0.58,1
6,4,125,0,0,300,0.5,1700,0.5,1
6,5,642,2,10,5,0,666,0.42,420,0.58,1
6,6,684,1,0,666,0.42,420,0.58,1
6,7,95,1,0,300,0.5,1700,0.5,1
6,8,831,2,10,5,0,300,0.5,572,0.32,486,0.18,1
6,9,160,0,0,300,0.5,572,0.32,486,0.18,1
6,10,772,1,0,300,0.5,572,0.32,486,0.18,1
6,11,993,0,0,500,0.6,1000,0.2,1400,0.2,1
7,0,678,0,0,300,0.5,1700,0.5,1
7,1,546,0,0,500,0.6,1000,0.2,1400,0.2,1
7,2,299,0,0,666,0.42,420,0.58,1
7,3,307,0,0,666,0.42,420,0.58,1
7,4,392,0,0,666,0.42,420,0.58,1
7,5,853,2,10,5,0,666,0.42,420,0.58,1
7,6,612,2,10,5,0,300,0.5,1700,0.5,1
7,7,399,2,10,5,0,300,0.5,572,0.32,486,0.18,1
7,8,641,2,10,5,0,666,0.42,420,0.58,1
7,9,694,2,10,5,0,300,0.5,572,0.32,486,0.18,1
7,10,811,0,0,666,0.42,420,0.58,1
7,11,993,2,10,5,0,300,0.5,1700,0.5,1
8,0,254,2,10,5,0,500,0.6,1000,0.2,1400,0.2,1
8,1,495,2,10,5,0,666,0.42,420,0.58,1
8,2,419,1,0,300,0.5,572,0.32,486,0.18,1
8,3,513,2,10,5,0,300,0.5,1700,0.5,1
8,4,695,2,10,5,0,300,0.5,572,0.32,486,0.18,1
8,5,588,1,0,300,0.5,1700,0.5,1
8,6,341,1,0,666,0.42,420,0.58,1
8,7,827,0,0,300,0.5,1700,0.5,1
8,8,882,0,0,300,0.5,1700,0.5,1
8,9,702,1,0,500,0.6,1000,0.2,1400,0.2,1
8,10,620,2,10,5,0,300,0.5,572,0.32,486,0.18,1
8,11,770,2,10,5,0,300,0.5,1700,0.5,1
9,0,617,1,0,500,0.6,1000,0.2,1400,0.2,1
9,1,387,1,0,500,0.6,1000,0.2,1400,0.2,1
9,2,514,2,10,5,0,300,0.5,1700,0.5,1
9,3,887,2,10,5,0,666,0.42,420,0.58,1
9,4,630,2,10,5,0,300,0.5,1700,0.5,1
9,5,141,1,0,500,0.6,1000,0.2,1400,0.2,1
9,6,410,0,0,500,0.6,1000,0.2,1400,0.2,1
9,7,444,2,10,5,0,500,0.6,1000,0.2,1400,0.2,1
9,8,521,1,0,300,0.5,572,0.32,486,0.18,1
9,9,565,2,10,5,0,300,0.5,572,0.32,486,0.18,1
9,10,127,1,0,500,0.6,1000,0.2,1400,0.2,1
9,11,463,2,10,5,0,500,0.6,1000,0.2,1400,0.2,1
10,0,443,1,0,300,0.5,572,0.32,486,0.18,1
10,1,981,0,0,300,0.5,572,0.32,486,0.18,1
10,2,869,2,10,5,0,666,0.42,420,0.58,1
10,3,740,0,0,300,0.5,572,0.32,486,0.18,1
10,4,638,1,0,300,0.5,572,0.32,486,0.18,1
10,5,906,1,0,666,0.42,420,0.58,1
10,6,842,2,10,5,0,666,0.42,420,0.58,1
10,7,557,0,0,300,0.5,1700,0.5,1
10,8,596,0,0,300,0.5,572,0.32,486,0.18,1
10,9,628,2,10,5,0,300,0.5,1700,0.5,1
10,10,878,0,0,300,0.5,572,0.32,486,0.18,1
10,11,686,1,0,500,0.6,1000,0.2,1400,0.2,1
11,0,151,0,0,500,0.6,1000,0.2,1400,0.2,1
11,1,671,1,0,300,0.5,572,0.32,486,0.18,1
11,2,491,0,0,300,0.5,1700,0.5,1
11,3,344,0,0,300,0.5,572,0.32,486,0.18,1
11,4,585,1,0,500,0.6,1000,0.2,1400,0.2,1
11,5,224,1,0,300,0.5,572,0.32,486,0.18,1
11,6,18,2,10,5,0,300,0.5,572,0.32,486,0.18,1
11,7,140,0,0,500,0.6,1000,0.2,1400,0.2,1
11,8,251,0,0,300,0.5,572,0.32,486,0.18,1
11,9,890,2,10,5,0,500,0.6,1000,0.2,1400,0.2,1
11,10,804,2,10,5,0,300,0.5,572,0.32,486,0.18,1
11,11,158,0,0,666,0.42,420,0.58,1
