0,0,883,0,0,300,0.5,572,0.32,486,0.18,1
0,1,168,0,0,300,0.5,572,0.32,486,0.18,1
0,2,798,0,0,300,0.5,1700,0.5,1
0,3,789,1,0,300,0.5,1700,0.5,1
0,4,371,2,10,5,0,300,0.5,572,0.32,486,0.18,1
0,5,784,1,0,666,0.42,420,0.58,1
0,6,855,1,0,300,0.5,572,0.32,486,0.18,1
0,7,190,2,10,5,0,300,0.5,1700,0.5,1
0,8,962,1,0,300,0.5,572,0.32,486,0.18,1
0,9,72,0,0,666,0.42,420,0.58,1
0,10,996,1,0,300,0.5,1700,0.5,1
0,11,978,2,10,5,0,666,0.42,420,0.58,1
1,0,252,1,0,666,0.42,420,0.58,0
1,1,687,2,10,5,0,500,0.6,1000,0.2,1400,0.2,0
1,2,986,1,0,666,0.42,420,0.58,0
1,3,223,1,0,500,0.6,1000,0.2,1400,0.2,0
1,4,685,1,0,300,0.5,572,0.32,486,0.18,0
1,5,408,1,0,500,0.6,1000,0.2,1400,0.2,0
1,6,679,0,0,300,0.5,1700,0.5,0
1,7,406,2,10,5,0,300,0.5,1700,0.5,0
1,8,80,0,0,300,0.5,572,0.32,486,0.18,0
1,9,481,1,0,300,0.5,1700,0.5,0
1,10,348,0,0,666,0.42,420,0.58,0
1,11,791,2,10,5,0,300,0.5,572,0.32,486,0.18,0
2,0,188,2,10,5,0,500,0.6,1000,0.2,1400,0.2,1
2,1,625,0,0,500,0.6,1000,0.2,1400,0.2,1
2,2,481,1,0,300,0.5,1700,0.5,1
2,3,513,0,0,500,0.6,1000,0.2,1400,0.2,1
2,4,422,2,10,5,0,300,0.5,1700,0.5,1
2,5,541,2,10,5,0,300,0.5,1700,0.5,1
2,6,295,2,10,5,0,666,0.42,420,0.58,1
2,7,353,1,0,666,0.42,420,0.58,1
2,8,657,2,10,5,0,300,0.5,1700,0.5,1
2,9,328,0,0,300,0.5,1700,0.5,1
2,10,997,1,0,300,0.5,1700,0.5,1
2,11,582,0,0,300,0.5,1700,0.5,1
3,0,393,2,10,5,0,500,0.6,1000,0.2,1400,0.2,1
3,1,939,0,0,300,0.5,572,0.32,486,0.18,1
3,2,722,1,0,500,0.6,1000,0.2,1400,0.2,1
3,3,886,2,10,5,0,666,0.42,420,0.58,1
3,4,891,2,10,5,0,300,0.5,572,0.32,486,0.18,1
3,5,981,2,10,5,0,300,0.5,1700,0.5,1
3,6,500,1,0,666,0.42,420,0.58,1
3,7,948,1,0,300,0.5,572,0.32,486,0.18,1
3,8,801,2,10,5,0,300,0.5,1700,0.5,1
3,9,853,1,0,500,0.6,1000,0.2,1400,0.2,1
3,10,112,2,10,5,0,300,0.5,1700,0.5,1
3,11,172,1,0,500,0.6,1000,0.2,1400,0.2,1
4,0,793,1,0,666,0.42,420,0.58,1
4,1,816,1,0,666,0.42,420,0.58,1
4,2,933,2,10,5,0,500,0.6,1000,0.2,1400,0.2,1
4,3,621,2,10,5,0,666,0.42,420,0.58,1
4,4,794,0,0,300,0.5,1700,0.5,1
4,5,360,0,0,500,0.6,1000,0.2,1400,0.2,1
4,6,751,1,0,666,0.42,420,0.58,1
4,7,524,1,0,300,0.5,1700,0.5,1
4,8,605,1,0,300,0.5,1700,0.5,1
4,9,992,2,10,5,0,300,0.5,1700,0.5,1
4,10,931,2,10,5,0,666,0.42,420,0.58,1
4,11,593,0,0,666,0.42,420,0.58,1
5,0,695,1,0,666,0.42,420,0.58,1
5,1,954,2,10,5,0,500,0.6,1000,0.2,1400,0.2,1
5,2,645,2,10,5,0,666,0.42,420,0.58,1
5,3,390,0,0,300,0.5,572,0.32,486,0.18,1
5,4,621,2,10,5,0,500,0.6,1000,0.2,1400,0.2,1
5,5,843,2,10,5,0,666,0.42,420,0.58,1
5,6,76,1,0,500,0.6,1000,0.2,1400,0.2,1
5,7,857,2,10,5,0,300,0.5,572,0.32,486,0.18,1
5,8,392,0,0,300,0.5,1700,0.5,1
5,9,79,0,0,666,0.42,420,0.58,1
5,10,554,2,10,5,0,666,0.42,420,0.58,1
5,11,754,1,0,666,0.42,420,0.58,1
6,0,119,2,10,5,0,300,0.5,572,0.32,486,0.18,1
6,1,938,1,0,300,0.5,1700,0.5,1
6,2,178,1,0,300,0.5,1700,0.5,1
6,3,706,2,10,5,0,300,0.5,572,0.32,486,0.18,1
6,4,992,2,10,5,0,500,0.6,1000,0.2,1400,0.2,1
6,5,647,0,0,666,0.42,420,0.58,1
6,6,473,2,10,5,0,666,0.42,420,0.58,1
6,7,182,0,0,300,0.5,572,0.32,486,0.18,1
6,8,175,0,0,500,0.6,1000,0.2,1400,0.2,1
6,9,187,0,0,300,0.5,572,0.32,486,0.18,1
6,10,797,1,0,666,0.42,420,0.58,1
6,11,907,0,0,300,0.5,1700,0.5,1
7,0,208,0,0,500,0.6,1000,0.2,1400,0.2,1
7,1,582,1,0,300,0.5,572,0.32,486,0.18,1
7,2,300,0,0,666,0.42,420,0.58,1
7,3,420,2,10,5,0,666,0.42,420,0.58,1
7,4,130,0,0,500,0.6,1000,0.2,1400,0.2,1
7,5,253,1,0,300,0.5,572,0.32,486,0.18,1
7,6,298,2,10,5,0,666,0.42,420,0.58,1
7,7,847,1,0,666,0.42,420,0.58,1
7,8,774,1,0,666,0.42,420,0.58,1
7,9,684,1,0,500,0.6,1000,0.2,1400,0.2,1
7,10,740,2,10,5,0,500,0.6,1000,0.2,1400,0.2,1
7,11,836,2,10,5,0,666,0.42,420,0.58,1
8,0,777,2,10,5,0,500,0.6,1000,0.2,1400,0.2,1
8,1,346,2,10,5,0,300,0.5,1700,0.5,1
8,2,12,2,10,5,0,300,0.5,572,0.32,486,0.18,1
8,3,113,1,0,666,0.42,420,0.58,1
8,4,105,1,0,500,0.6,1000,0.2,1400,0.2,1
8,5,800,2,10,5,0,300,0.5,1700,0.5,1
8,6,541,0,0,300,0.5,572,0.32,486,0.18,1
8,7,484,2,10,5,0,300,0.5,1700,0.5,1
8,8,178,1,0,300,0.5,572,0.32,486,0.18,1
8,9,510,2,10,5,0,300,0.5,1700,0.5,1
8,10,226,2,10,5,0,666,0.42,420,0.58,1
8,11,803,2,10,5,0,500,0.6,1000,0.2,1400,0.2,1
9,0,716,1,0,500,0.6,1000,0.2,1400,0.2,1
9,1,732,2,10,5,0,300,0.5,1700,0.5,1
9,2,612,2,10,5,0,500,0.6,1000,0.2,1400,0.2,1
9,3,944,2,10,5,0,300,0.5,572,0.32,486,0.18,1
9,4,860,1,0,300,0.5,1700,0.5,1
9,5,614,2,10,5,0,300,0.5,572,0.32,486,0.18,1
9,6,322,2,10,5,0,500,0.6,1000,0.2,1400,0.2,1
9,7,762,2,10,5,0,666,0.42,420,0.58,1
9,8,762,2,10,5,0,666,0.42,420,0.58,1
9,9,101,0,0,666,0.42,420,0.58,1
9,10,989,1,0,300,0.5,572,0.32,486,0.18,1
9,11,117,2,10,5,0,300,0.5,1700,0.5,1
10,0,268,1,0,300,0.5,1700,0.5,1
10,1,301,2,10,5,0,666,0.42,420,0.58,1
10,2,939,1,0,300,0.5,1700,0.5,1
10,3,997,0,0,300,0.5,572,0.32,486,0.18,1
10,4,982,2,10,5,0,666,0.42,420,0.58,1
10,5,920,1,0,500,0.6,1000,0.2,1400,0.2,1
10,6,398,1,0,300,0.5,1700,0.5,1
10,7,889,0,0,300,0.5,572,0.32,486,0.18,1
10,8,620,2,10,5,0,300,0.5,1700,0.5,1
10,9,574,2,10,5,0,300,0.5,572,0.32,486,0.18,1
10,10,223,0,0,300,0.5,572,0.32,486,0.18,1
10,11,559,0,0,500,0.6,1000,0.2,1400,0.2,1
11,0,404,1,0,300,0.5,1700,0.5,1
11,1,654,1,0,666,0.42,420,0.58,1
11,2,592,1,0,300,0.5,1700,0.5,1
11,3,526,1,0,500,0.6,1000,0.2,1400,0.2,1
11,4,332,2,10,5,0,300,0.5,572,0.32,486,0.18,1
11,5,765,0,0,300,0.5,1700,0.5,1
11,6,633,0,0,500,0.6,1000,0.2,1400,0.2,1
11,7,858,0,0,300,0.5,572,0.32,486,0.18,1
11,8,351,2,10,5,0,666,0.42,420,0.58,1
11,9,363,1,0,300,0.5,572,0.32,486,0.18,1
11,10,80,1,0,300,0.5,572,0.32,486,0.18,1
11,11,840,0,0,500,0.6,1000,0.2,1400,0.2,1
