0,0,19,1,0,300,0.5,572,0.32,486,0.18,1
0,1,901,1,0,666,0.42,420,0.58,1
0,2,490,0,0,300,0.5,1700,0.5,1
0,3,766,0,0,300,0.5,1700,0.5,1
0,4,15,2,10,5,0,666,0.42,420,0.58,1
0,5,39,1,0,300,0.5,572,0.32,486,0.18,1
0,6,638,1,0,666,0.42,420,0.58,1
0,7,766,2,10,5,0,500,0.6,1000,0.2,1400,0.2,1
0,8,32,2,10,5,0,300,0.5,572,0.32,486,0.18,1
0,9,516,2,10,5,0,300,0.5,1700,0.5,1
0,10,439,0,0,666,0.42,420,0.58,1
0,11,508,2,10,5,0,666,0.42,420,0.58,1
1,0,194,0,0,300,0.5,572,0.32,486,0.18,0
1,1,924,0,0,500,0.6,1000,0.2,1400,0.2,0
1,2,801,0,0,500,0.6,1000,0.2,1400,0.2,0
1,3,677,0,0,300,0.5,1700,0.5,0
1,4,783,1,0,666,0.42,420,0.58,0
1,5,273,1,0,666,0.42,420,0.58,0
1,6,698,0,0,300,0.5,1700,0.5,0
1,7,304,0,0,666,0.42,420,0.58,0
1,8,271,0,0,666,0.42,420,0.58,0
1,9,44,1,0,500,0.6,1000,0.2,1400,0.2,0
1,10,80,0,0,300,0.5,572,0.32,486,0.18,0
1,11,163,2,10,5,0,666,0.42,420,0.58,0
2,0,658,1,0,300,0.5,1700,0.5,1
2,1,684,1,0,500,0.6,1000,0.2,1400,0.2,1
2,2,629,2,10,5,0,300,0.5,1700,0.5,1
2,3,442,0,0,300,0.5,1700,0.5,1
2,4,591,0,0,300,0.5,572,0.32,486,0.18,1
2,5,814,0,0,500,0.6,1000,0.2,1400,0.2,1
2,6,377,2,10,5,0,500,0.6,1000,0.2,1400,0.2,1
2,7,966,0,0,300,0.5,572,0.32,486,0.18,1
2,8,508,2,10,5,0,300,0.5,1700,0.5,1
2,9,901,0,0,500,0.6,1000,0.2,1400,0.2,1
2,10,372,2,10,5,0,500,0.6,1000,0.2,1400,0.2,1
2,11,467,1,0,500,0.6,1000,0.2,1400,0.2,1
3,0,839,0,0,666,0.42,420,0.58,1
3,1,528,0,0,300,0.5,572,0.32,486,0.18,1
3,2,11,0,0,500,0.6,1000,0.2,1400,0.2,1
3,3,144,2,10,5,0,666,0.42,420,0.58,1
3,4,364,2,10,5,0,666,0.42,420,0.58,1
3,5,293,2,10,5,0,500,0.6,1000,0.2,1400,0.2,1
3,6,247,2,10,5,0,666,0.42,420,0.58,1
3,7,687,2,10,5,0,666,0.42,420,0.58,1
3,8,977,0,0,300,0.5,572,0.32,486,0.18,1
3,9,751,0,0,666,0.42,420,0.58,1
3,10,231,0,0,300,0.5,1700,0.5,1
3,11,515,1,0,500,0.6,1000,0.2,1400,0.2,1
4,0,21,2,10,5,0,500,0.6,1000,0.2,1400,0.2,1
4,1,987,2,10,5,0,666,0.42,420,0.58,1
4,2,528,1,0,300,0.5,1700,0.5,1
4,3,199,1,0,300,0.5,1700,0.5,1
4,4,190,2,10,5,0,500,0.6,1000,0.2,1400,0.2,1
4,5,216,2,10,5,0,500,0.6,1000,0.2,1400,0.2,1
4,6,663,2,10,5,0,300,0.5,572,0.32,486,0.18,1
4,7,53,2,10,5,0,300,0.5,1700,0.5,1
4,8,214,2,10,5,0,666,0.42,420,0.58,1
4,9,302,0,0,300,0.5,1700,0.5,1
4,10,992,0,0,300,0.5,572,0.32,486,0.18,1
4,11,637,2,10,5,0,500,0.6,1000,0.2,1400,0.2,1
5,0,353,2,10,5,0,666,0.42,420,0.58,1
5,1,598,0,0,300,0.5,1700,0.5,1
5,2,911,1,0,666,0.42,420,0.58,1
5,3,688,2,10,5,0,300,0.5,572,0.32,486,0.18,1
5,4,103,1,0,500,0.6,1000,0.2,1400,0.2,1
5,5,51,2,10,5,0,666,0.42,420,0.58,1
5,6,644,2,10,5,0,300,0.5,1700,0.5,1
5,7,371,1,0,300,0.5,1700,0.5,1
5,8,208,2,10,5,0,666,0.42,420,0.58,1
5,9,68,1,0,666,0.42,420,0.58,1
5,10,171,0,0,666,0.42,420,0.58,1
5,11,798,1,0,300,0.5,1700,0.5,1
6,0,421,2,10,5,0,500,0.6,1000,0.2,1400,0.2,1
6,1,805,0,0,300,0.5,572,0.32,486,0.18,1
6,2,111,1,0,300,0.5,1700,0.5,1
6,3,520,0,0,300,0.5,572,0.32,486,0.18,1
6,4,455,2,10,5,0,500,0.6,1000,0.2,1400,0.2,1
6,5,902,2,10,5,0,666,0.42,420,0.58,1
6,6,605,0,0,300,0.5,1700,0.5,1
6,7,894,0,0,666,0.42,420,0.58,1
6,8,271,0,0,300,0.5,572,0.32,486,0.18,1
6,9,320,0,0,666,0.42,420,0.58,1
6,10,901,0,0,300,0.5,572,0.32,486,0.18,1
6,11,42,0,0,666,0.42,420,0.58,1
7,0,25,2,10,5,0,666,0.42,420,0.58,1
7,1,332,1,0,666,0.42,420,0.58,1
7,2,124,2,10,5,0,300,0.5,572,0.32,486,0.18,1
7,3,261,1,0,500,0.6,1000,0.2,1400,0.2,1
7,4,953,1,0,500,0.6,1000,0.2,1400,0.2,1
7,5,58,1,0,300,0.5,572,0.32,486,0.18,1
7,6,723,1,0,300,0.5,1700,0.5,1
7,7,803,1,0,500,0.6,1000,0.2,1400,0.2,1
7,8,195,1,0,666,0.42,420,0.58,1
7,9,250,1,0,500,0.6,1000,0.2,1400,0.2,1
7,10,752,0,0,666,0.42,420,0.58,1
7,11,137,1,0,500,0.6,1000,0.2,1400,0.2,1
8,0,246,1,0,500,0.6,1000,0.2,1400,0.2,1
8,1,395,0,0,300,0.5,572,0.32,486,0.18,1
8,2,954,0,0,300,0.5,572,0.32,486,0.18,1
8,3,685,0,0,666,0.42,420,0.58,1
8,4,290,1,0,500,0.6,1000,0.2,1400,0.2,1
8,5,380,1,0,300,0.5,1700,0.5,1
8,6,293,1,0,300,0.5,1700,0.5,1
8,7,599,0,0,300,0.5,572,0.32,486,0.18,1
8,8,852,2,10,5,0,500,0.6,1000,0.2,1400,0.2,1
8,9,710,1,0,666,0.42,420,0.58,1
8,10,142,0,0,300,0.5,572,0.32,486,0.18,1
8,11,516,0,0,500,0.6,1000,0.2,1400,0.2,1
9,0,41,2,10,5,0,300,0.5,572,0.32,486,0.18,1
9,1,458,2,10,5,0,500,0.6,1000,0.2,1400,0.2,1
9,2,922,1,0,500,0.6,1000,0.2,1400,0.2,1
9,3,505,1,0,666,0.42,420,0.58,1
9,4,901,0,0,300,0.5,572,0.32,486,0.18,1
9,5,276,2,10,5,0,666,0.42,420,0.58,1
9,6,283,2,10,5,0,500,0.6,1000,0.2,1400,0.2,1
9,7,385,2,10,5,0,300,0.5,1700,0.5,1
9,8,406,1,0,300,0.5,1700,0.5,1
9,9,958,1,0,300,0.5,1700,0.5,1
9,10,160,2,10,5,0,300,0.5,572,0.32,486,0.18,1
9,11,693,2,10,5,0,500,0.6,1000,0.2,1400,0.2,1
10,0,818,1,0,300,0.5,572,0.32,486,0.18,1
10,1,493,2,10,5,0,666,0.42,420,0.58,1
10,2,575,1,0,300,0.5,572,0.32,486,0.18,1
10,3,732,0,0,300,0.5,1700,0.5,1
10,4,423,0,0,500,0.6,1000,0.2,1400,0.2,1
10,5,927,1,0,666,0.42,420,0.58,1
10,6,327,1,0,500,0.6,1000,0.2,1400,0.2,1
10,7,580,2,10,5,0,300,0.5,1700,0.5,1
10,8,73,1,0,300,0.5,572,0.32,486,0.18,1
10,9,200,2,10,5,0,300,0.5,1700,0.5,1
10,10,448,2,10,5,0,300,0.5,572,0.32,486,0.18,1
10,11,121,1,0,666,0.42,420,0.58,1
11,0,842,1,0,666,0.42,420,0.58,1
11,1,389,2,10,5,0,300,0.5,1700,0.5,1
11,2,152,0,0,666,0.42,420,0.58,1
11,3,932,0,0,300,0.5,572,0.32,486,0.18,1
11,4,407,1,0,666,0.42,420,0.58,1
11,5,922,1,0,500,0.6,1000,0.2,1400,0.2,1
11,6,862,2,10,5,0,300,0.5,572,0.32,486,0.18,1
11,7,791,1,0,666,0.42,420,0.58,1
11,8,301,0,0,666,0.42,420,0.58,1
11,9,186,1,0,500,0.6,1000,0.2,1400,0.2,1
11,10,518,2,10,5,0,300,0.5,1700,0.5,1
11,11,184,0,0,300,0.5,1700,0.5,1
