0,0,53,0,0,666,0.42,420,0.58,1
0,1,492,2,10,5,0,666,0.42,420,0.58,1
0,2,687,1,0,666,0.42,420,0.58,1
0,3,145,2,10,5,0,500,0.6,1000,0.2,1400,0.2,1
0,4,870,2,10,5,0,500,0.6,1000,0.2,1400,0.2,1
0,5,108,2,10,5,0,300,0.5,1700,0.5,1
0,6,215,1,0,300,0.5,572,0.32,486,0.18,1
0,7,244,2,10,5,0,300,0.5,1700,0.5,1
0,8,574,1,0,500,0.6,1000,0.2,1400,0.2,1
0,9,773,1,0,300,0.5,572,0.32,486,0.18,1
0,10,960,0,0,500,0.6,1000,0.2,1400,0.2,1
0,11,333,1,0,500,0.6,1000,0.2,1400,0.2,1
1,0,661,2,10,5,0,300,0.5,572,0.32,486,0.18,0
1,1,245,0,0,300,0.5,572,0.32,486,0.18,0
1,2,383,2,10,5,0,500,0.6,1000,0.2,1400,0.2,0
1,3,301,1,0,300,0.5,572,0.32,486,0.18,0
1,4,147,2,10,5,0,300,0.5,1700,0.5,0
1,5,386,0,0,300,0.5,572,0.32,486,0.18,0
1,6,230,2,10,5,0,300,0.5,1700,0.5,0
1,7,431,1,0,300,0.5,572,0.32,486,0.18,0
1,8,437,1,0,666,0.42,420,0.58,0
1,9,217,1,0,300,0.5,1700,0.5,0
1,10,350,2,10,5,0,500,0.6,1000,0.2,1400,0.2,0
1,11,224,0,0,666,0.42,420,0.58,0
2,0,103,1,0,500,0.6,1000,0.2,1400,0.2,1
2,1,584,0,0,666,0.42,420,0.58,1
2,2,287,2,10,5,0,666,0.42,420,0.58,1
2,3,946,0,0,300,0.5,1700,0.5,1
2,4,809,2,10,5,0,666,0.42,420,0.58,1
2,5,897,2,10,5,0,500,0.6,1000,0.2,1400,0.2,1
2,6,604,2,10,5,0,666,0.42,420,0.58,1
2,7,587,2,10,5,0,500,0.6,1000,0.2,1400,0.2,1
2,8,442,2,10,5,0,500,0.6,1000,0.2,1400,0.2,1
2,9,247,1,0,300,0.5,1700,0.5,1
2,10,356,2,10,5,0,500,0.6,1000,0.2,1400,0.2,1
2,11,402,1,0,666,0.42,420,0.58,1
3,0,272,0,0,300,0.5,572,0.32,486,0.18,1
3,1,117,2,10,5,0,666,0.42,420,0.58,1
3,2,763,1,0,666,0.42,420,0.58,1
3,3,354,2,10,5,0,300,0.5,572,0.32,486,0.18,1
3,4,20,2,10,5,0,300,0.5,1700,0.5,1
3,5,177,1,0,500,0.6,1000,0.2,1400,0.2,1
3,6,564,2,10,5,0,300,0.5,1700,0.5,1
3,7,982,2,10,5,0,500,0.6,1000,0.2,1400,0.2,1
3,8,426,1,0,500,0.6,1000,0.2,1400,0.2,1
3,9,584,1,0,666,0.42,420,0.58,1
3,10,577,1,0,500,0.6,1000,0.2,1400,0.2,1
3,11,457,1,0,300,0.5,572,0.32,486,0.18,1
4,0,602,0,0,666,0.42,420,0.58,1
4,1,734,0,0,666,0.42,420,0.58,1
4,2,473,1,0,300,0.5,572,0.32,486,0.18,1
4,3,418,1,0,300,0.5,1700,0.5,1
4,4,448,0,0,666,0.42,420,0.58,1
4,5,601,2,10,5,0,500,0.6,1000,0.2,1400,0.2,1
4,6,669,1,0,300,0.5,1700,0.5,1
4,7,599,2,10,5,0,666,0.42,420,0.58,1
4,8,814,2,10,5,0,300,0.5,1700,0.5,1
4,9,798,0,0,300,0.5,1700,0.5,1
4,10,303,2,10,5,0,300,0.5,1700,0.5,1
4,11,894,2,10,5,0,666,0.42,420,0.58,1
5,0,486,0,0,300,0.5,1700,0.5,1
5,1,524,1,0,300,0.5,572,0.32,486,0.18,1
5,2,860,2,10,5,0,666,0.42,420,0.58,1
5,3,260,1,0,300,0.5,1700,0.5,1
5,4,882,0,0,500,0.6,1000,0.2,1400,0.2,1
5,5,472,1,0,300,0.5,572,0.32,486,0.18,1
5,6,15,1,0,300,0.5,572,0.32,486,0.18,1
5,7,767,1,0,500,0.6,1000,0.2,1400,0.2,1
5,8,218,2,10,5,0,300,0.5,1700,0.5,1
5,9,698,0,0,300,0.5,572,0.32,486,0.18,1
5,10,255,2,10,5,0,300,0.5,1700,0.5,1
5,11,424,0,0,666,0.42,420,0.58,1
6,0,375,2,10,5,0,300,0.5,572,0.32,486,0.18,1
6,1,453,0,0,300,0.5,572,0.32,486,0.18,1
6,2,219,2,10,5,0,500,0.6,1000,0.2,1400,0.2,1
6,3,541,0,0,300,0.5,1700,0.5,1
6,4,301,1,0,500,0.6,1000,0.2,1400,0.2,1
6,5,346,2,10,5,0,300,0.5,572,0.32,486,0.18,1
6,6,371,1,0,500,0.6,1000,0.2,1400,0.2,1
6,7,106,0,0,300,0.5,1700,0.5,1
6,8,337,1,0,500,0.6,1000,0.2,1400,0.2,1
6,9,220,2,10,5,0,500,0.6,1000,0.2,1400,0.2,1
6,10,411,1,0,300,0.5,1700,0.5,1
6,11,581,1,0,666,0.42,420,0.58,1
7,0,702,2,10,5,0,300,0.5,572,0.32,486,0.18,1
7,1,233,1,0,666,0.42,420,0.58,1
7,2,557,0,0,300,0.5,572,0.32,486,0.18,1
7,3,940,0,0,300,0.5,572,0.32,486,0.18,1
7,4,557,1,0,666,0.42,420,0.58,1
7,5,677,2,10,5,0,500,0.6,1000,0.2,1400,0.2,1
7,6,353,1,0,300,0.5,572,0.32,486,0.18,1
7,7,269,2,10,5,0,666,0.42,420,0.58,1
7,8,978,0,0,300,0.5,572,0.32,486,0.18,1
7,9,580,1,0,300,0.5,572,0.32,486,0.18,1
7,10,233,0,0,666,0.42,420,0.58,1
7,11,968,2,10,5,0,300,0.5,572,0.32,486,0.18,1
8,0,957,1,0,300,0.5,1700,0.5,1
8,1,478,1,0,300,0.5,572,0.32,486,0.18,1
8,2,463,2,10,5,0,300,0.5,572,0.32,486,0.18,1
8,3,832,0,0,666,0.42,420,0.58,1
8,4,287,2,10,5,0,500,0.6,1000,0.2,1400,0.2,1
8,5,320,2,10,5,0,300,0.5,572,0.32,486,0.18,1
8,6,538,2,10,5,0,666,0.42,420,0.58,1
8,7,451,1,0,300,0.5,572,0.32,486,0.18,1
8,8,563,1,0,666,0.42,420,0.58,1
8,9,199,1,0,500,0.6,1000,0.2,1400,0.2,1
8,10,930,2,10,5,0,666,0.42,420,0.58,1
8,11,690,1,0,500,0.6,1000,0.2,1400,0.2,1
9,0,629,2,10,5,0,666,0.42,420,0.58,1
9,1,352,0,0,300,0.5,572,0.32,486,0.18,1
9,2,864,0,0,300,0.5,572,0.32,486,0.18,1
9,3,701,1,0,300,0.5,1700,0.5,1
9,4,225,1,0,666,0.42,420,0.58,1
9,5,372,2,10,5,0,300,0.5,572,0.32,486,0.18,1
9,6,475,0,0,500,0.6,1000,0.2,1400,0.2,1
9,7,909,1,0,500,0.6,1000,0.2,1400,0.2,1
9,8,593,1,0,300,0.5,1700,0.5,1
9,9,612,2,10,5,0,666,0.42,420,0.58,1
9,10,723,1,0,666,0.42,420,0.58,1
9,11,123,0,0,300,0.5,1700,0.5,1
10,0,394,0,0,500,0.6,1000,0.2,1400,0.2,1
10,1,663,1,0,666,0.42,420,0.58,1
10,2,729,1,0,500,0.6,1000,0.2,1400,0.2,1
10,3,522,0,0,300,0.5,572,0.32,486,0.18,1
10,4,440,0,0,666,0.42,420,0.58,1
10,5,494,1,0,666,0.42,420,0.58,1
10,6,632,1,0,300,0.5,572,0.32,486,0.18,1
10,7,24,2,10,5,0,666,0.42,420,0.58,1
10,8,814,1,0,300,0.5,1700,0.5,1
10,9,503,1,0,666,0.42,420,0.58,1
10,10,365,2,10,5,0,300,0.5,1700,0.5,1
10,11,361,2,10,5,0,666,0.42,420,0.58,1
11,0,530,0,0,300,0.5,1700,0.5,1
11,1,980,2,10,5,0,500,0.6,1000,0.2,1400,0.2,1
11,2,574,1,0,300,0.5,1700,0.5,1
11,3,743,1,0,300,0.5,1700,0.5,1
11,4,42,1,0,500,0.6,1000,0.2,1400,0.2,1
11,5,743,2,10,5,0,500,0.6,1000,0.2,1400,0.2,1
11,6,385,0,0,666,0.42,420,0.58,1
11,7,413,1,0,300,0.5,572,0.32,486,0.18,1
11,8,469,0,0,300,0.5,572,0.32,486,0.18,1
11,9,197,1,0,666,0.42,420,0.58,1
11,10,116,1,0,666,0.42,420,0.58,1
11,11,545,2,10,5,0,666,0.42,420,0.58,1
