0,0,15,1,0,500,0.6,1000,0.2,1400,0.2,1
0,1,285,2,10,5,0,300,0.5,1700,0.5,1
0,2,633,1,0,300,0.5,1700,0.5,1
0,3,514,1,0,500,0.6,1000,0.2,1400,0.2,1
0,4,684,0,0,300,0.5,572,0.32,486,0.18,1
0,5,971,2,10,5,0,666,0.42,420,0.58,1
0,6,845,1,0,500,0.6,1000,0.2,1400,0.2,1
0,7,77,2,10,5,0,666,0.42,420,0.58,1
0,8,919,1,0,500,0.6,1000,0.2,1400,0.2,1
0,9,353,2,10,5,0,300,0.5,1700,0.5,1
0,10,716,2,10,5,0,500,0.6,1000,0.2,1400,0.2,1
0,11,468,0,0,500,0.6,1000,0.2,1400,0.2,1
1,0,136,2,10,5,0,300,0.5,1700,0.5,0
1,1,962,2,10,5,0,300,0.5,572,0.32,486,0.18,0
1,2,632,2,10,5,0,666,0.42,420,0.58,0
1,3,296,1,0,500,0.6,1000,0.2,1400,0.2,0
1,4,86,1,0,666,0.42,420,0.58,0
1,5,861,2,10,5,0,300,0.5,1700,0.5,0
1,6,241,2,10,5,0,300,0.5,572,0.32,486,0.18,0
1,7,143,0,0,666,0.42,420,0.58,0
1,8,470,1,0,666,0.42,420,0.58,0
1,9,446,2,10,5,0,666,0.42,420,0.58,0
1,10,593,2,10,5,0,300,0.5,572,0.32,486,0.18,0
1,11,522,1,0,666,0.42,420,0.58,0
2,0,801,0,0,500,0.6,1000,0.2,1400,0.2,1
2,1,776,1,0,500,0.6,1000,0.2,1400,0.2,1
2,2,118,1,0,300,0.5,572,0.32,486,0.18,1
2,3,116,0,0,300,0.5,572,0.32,486,0.18,1
2,4,691,2,10,5,0,666,0.42,420,0.58,1
2,5,385,0,0,500,0.6,1000,0.2,1400,0.2,1
2,6,979,0,0,500,0.6,1000,0.2,1400,0.2,1
2,7,455,1,0,300,0.5,572,0.32,486,0.18,1
2,8,347,1,0,500,0.6,1000,0.2,1400,0.2,1
2,9,132,2,10,5,0,666,0.42,420,0.58,1
2,10,936,1,0,300,0.5,1700,0.5,1
2,11,283,0,0,300,0.5,1700,0.5,1
3,0,395,0,0,300,0.5,572,0.32,486,0.18,1
3,1,637,1,0,666,0.42,420,0.58,1
3,2,200,1,0,300,0.5,572,0.32,486,0.18,1
3,3,486,2,10,5,0,666,0.42,420,0.58,1
3,4,559,0,0,666,0.42,420,0.58,1
3,5,91,1,0,666,0.42,420,0.58,1
3,6,21,1,0,300,0.5,1700,0.5,1
3,7,851,0,0,500,0.6,1000,0.2,1400,0.2,1
3,8,228,1,0,300,0.5,1700,0.5,1
3,9,448,2,10,5,0,300,0.5,1700,0.5,1
3,10,322,2,10,5,0,300,0.5,1700,0.5,1
3,11,160,2,10,5,0,300,0.5,1700,0.5,1
4,0,539,1,0,300,0.5,572,0.32,486,0.18,1
4,1,609,2,10,5,0,300,0.5,572,0.32,486,0.18,1
4,2,827,0,0,666,0.42,420,0.58,1
4,3,526,2,10,5,0,300,0.5,572,0.32,486,0.18,1
4,4,750,2,10,5,0,300,0.5,572,0.32,486,0.18,1
4,5,939,0,0,300,0.5,572,0.32,486,0.18,1
4,6,781,2,10,5,0,300,0.5,1700,0.5,1
4,7,152,1,0,500,0.6,1000,0.2,1400,0.2,1
4,8,962,2,10,5,0,666,0.42,420,0.58,1
4,9,912,0,0,500,0.6,1000,0.2,1400,0.2,1
4,10,833,2,10,5,0,500,0.6,1000,0.2,1400,0.2,1
4,11,17,0,0,500,0.6,1000,0.2,1400,0.2,1
5,0,476,0,0,300,0.5,1700,0.5,1
5,1,259,2,10,5,0,500,0.6,1000,0.2,1400,0.2,1
5,2,129,0,0,500,0.6,1000,0.2,1400,0.2,1
5,3,607,1,0,500,0.6,1000,0.2,1400,0.2,1
5,4,314,1,0,300,0.5,1700,0.5,1
5,5,466,1,0,300,0.5,572,0.32,486,0.18,1
5,6,532,1,0,666,0.42,420,0.58,1
5,7,362,0,0,300,0.5,1700,0.5,1
5,8,639,2,10,5,0,300,0.5,1700,0.5,1
5,9,523,2,10,5,0,300,0.5,1700,0.5,1
5,10,545,0,0,666,0.42,420,0.58,1
5,11,713,2,10,5,0,300,0.5,572,0.32,486,0.18,1
6,0,67,0,0,500,0.6,1000,0.2,1400,0.2,1
6,1,405,2,10,5,0,300,0.5,1700,0.5,1
6,2,156,2,10,5,0,666,0.42,420,0.58,1
6,3,725,2,10,5,0,300,0.5,572,0.32,486,0.18,1
6,4,22,0,0,300,0.5,1700,0.5,1
6,5,347,2,10,5,0,300,0.5,1700,0.5,1
6,6,411,2,10,5,0,500,0.6,1000,0.2,1400,0.2,1
6,7,823,0,0,500,0.6,1000,0.2,1400,0.2,1
6,8,537,1,0,500,0.6,1000,0.2,1400,0.2,1
6,9,193,0,0,666,0.42,420,0.58,1
6,10,113,1,0,300,0.5,1700,0.5,1
6,11,618,1,0,666,0.42,420,0.58,1
7,0,235,0,0,300,0.5,1700,0.5,1
7,1,477,0,0,300,0.5,1700,0.5,1
7,2,167,0,0,500,0.6,1000,0.2,1400,0.2,1
7,3,221,0,0,500,0.6,1000,0.2,1400,0.2,1
7,4,995,0,0,500,0.6,1000,0.2,1400,0.2,1
7,5,840,0,0,500,0.6,1000,0.2,1400,0.2,1
7,6,696,1,0,300,0.5,572,0.32,486,0.18,1
7,7,126,0,0,300,0.5,1700,0.5,1
7,8,676,0,0,300,0.5,572,0.32,486,0.18,1
7,9,204,0,0,300,0.5,1700,0.5,1
7,10,164,2,10,5,0,300,0.5,1700,0.5,1
7,11,732,1,0,666,0.42,420,0.58,1
8,0,570,1,0,300,0.5,1700,0.5,1
8,1,29,2,10,5,0,300,0.5,572,0.32,486,0.18,1
8,2,44,0,0,500,0.6,1000,0.2,1400,0.2,1
8,3,870,1,0,666,0.42,420,0.58,1
8,4,257,1,0,300,0.5,572,0.32,486,0.18,1
8,5,941,1,0,300,0.5,1700,0.5,1
8,6,765,2,10,5,0,666,0.42,420,0.58,1
8,7,429,2,10,5,0,500,0.6,1000,0.2,1400,0.2,1
8,8,800,0,0,300,0.5,572,0.32,486,0.18,1
8,9,475,0,0,666,0.42,420,0.58,1
8,10,993,0,0,666,0.42,420,0.58,1
8,11,837,1,0,666,0.42,420,0.58,1
9,0,856,0,0,666,0.42,420,0.58,1
9,1,645,0,0,300,0.5,1700,0.5,1
9,2,600,1,0,300,0.5,572,0.32,486,0.18,1
9,3,435,1,0,500,0.6,1000,0.2,1400,0.2,1
9,4,374,0,0,300,0.5,1700,0.5,1
9,5,567,2,10,5,0,500,0.6,1000,0.2,1400,0.2,1
9,6,295,2,10,5,0,500,0.6,1000,0.2,1400,0.2,1
9,7,526,0,0,300,0.5,572,0.32,486,0.18,1
9,8,485,1,0,300,0.5,1700,0.5,1
9,9,446,1,0,300,0.5,572,0.32,486,0.18,1
9,10,863,1,0,300,0.5,1700,0.5,1
9,11,462,2,10,5,0,300,0.5,572,0.32,486,0.18,1
10,0,872,2,10,5,0,666,0.42,420,0.58,1
10,1,995,2,10,5,0,500,0.6,1000,0.2,1400,0.2,1
10,2,170,0,0,300,0.5,1700,0.5,1
10,3,72,0,0,300,0.5,1700,0.5,1
10,4,19,1,0,666,0.42,420,0.58,1
10,5,345,0,0,300,0.5,572,0.32,486,0.18,1
10,6,19,2,10,5,0,500,0.6,1000,0.2,1400,0.2,1
10,7,565,2,10,5,0,300,0.5,1700,0.5,1
10,8,629,0,0,666,0.42,420,0.58,1
10,9,846,0,0,500,0.6,1000,0.2,1400,0.2,1
10,10,171,1,0,500,0.6,1000,0.2,1400,0.2,1
10,11,965,0,0,500,0.6,1000,0.2,1400,0.2,1
11,0,658,0,0,500,0.6,1000,0.2,1400,0.2,1
11,1,419,1,0,300,0.5,1700,0.5,1
11,2,825,0,0,300,0.5,572,0.32,486,0.18,1
11,3,107,1,0,666,0.42,420,0.58,1
11,4,928,1,0,666,0.42,420,0.58,1
11,5,410,0,0,300,0.5,572,0.32,486,0.18,1
11,6,917,0,0,300,0.5,1700,0.5,1
11,7,664,0,0,300,0.5,1700,0.5,1
11,8,155,0,0,300,0.5,1700,0.5,1
11,9,222,1,0,666,0.42,420,0.58,1
11,10,144,2,10,5,0,666,0.42,420,0.58,1
11,11,99,2,10,5,0,300,0.5,1700,0.5,1
