0,0,335,1,0,300,0.5,1700,0.5,1
0,1,18,0,0,500,0.6,1000,0.2,1400,0.2,1
0,2,542,1,0,300,0.5,572,0.32,486,0.18,1
0,3,384,0,0,666,0.42,420,0.58,1
0,4,844,1,0,300,0.5,1700,0.5,1
0,5,44,0,0,500,0.6,1000,0.2,1400,0.2,1
0,6,375,2,10,5,0,666,0.42,420,0.58,1
0,7,514,2,10,5,0,666,0.42,420,0.58,1
0,8,449,0,0,500,0.6,1000,0.2,1400,0.2,1
0,9,528,2,10,5,0,300,0.5,572,0.32,486,0.18,1
0,10,96,1,0,500,0.6,1000,0.2,1400,0.2,1
0,11,181,1,0,666,0.42,420,0.58,1
1,0,475,1,0,666,0.42,420,0.58,0
1,1,304,2,10,5,0,300,0.5,572,0.32,486,0.18,0
1,2,417,2,10,5,0,300,0.5,572,0.32,486,0.18,0
1,3,529,1,0,300,0.5,1700,0.5,0
1,4,763,2,10,5,0,500,0.6,1000,0.2,1400,0.2,0
1,5,622,1,0,300,0.5,1700,0.5,0
1,6,39,0,0,300,0.5,572,0.32,486,0.18,0
1,7,812,0,0,500,0.6,1000,0.2,1400,0.2,0
1,8,661,1,0,300,0.5,572,0.32,486,0.18,0
1,9,169,0,0,300,0.5,1700,0.5,0
1,10,387,1,0,666,0.42,420,0.58,0
1,11,253,1,0,500,0.6,1000,0.2,1400,0.2,0
2,0,497,0,0,500,0.6,1000,0.2,1400,0.2,1
2,1,274,1,0,666,0.42,420,0.58,1
2,2,764,1,0,300,0.5,572,0.32,486,0.18,1
2,3,318,0,0,500,0.6,1000,0.2,1400,0.2,1
2,4,377,0,0,300,0.5,1700,0.5,1
2,5,346,2,10,5,0,300,0.5,572,0.32,486,0.18,1
2,6,205,0,0,666,0.42,420,0.58,1
2,7,609,1,0,300,0.5,1700,0.5,1
2,8,268,2,10,5,0,666,0.42,420,0.58,1
2,9,153,0,0,300,0.5,1700,0.5,1
2,10,691,0,0,500,0.6,1000,0.2,1400,0.2,1
2,11,647,0,0,300,0.5,1700,0.5,1
3,0,354,0,0,666,0.42,420,0.58,1
3,1,438,1,0,300,0.5,572,0.32,486,0.18,1
3,2,754,2,10,5,0,300,0.5,1700,0.5,1
3,3,668,1,0,666,0.42,420,0.58,1
3,4,33,1,0,300,0.5,572,0.32,486,0.18,1
3,5,962,2,10,5,0,500,0.6,1000,0.2,1400,0.2,1
3,6,964,2,10,5,0,500,0.6,1000,0.2,1400,0.2,1
3,7,987,2,10,5,0,500,0.6,1000,0.2,1400,0.2,1
3,8,704,2,10,5,0,300,0.5,572,0.32,486,0.18,1
3,9,605,0,0,300,0.5,1700,0.5,1
3,10,446,0,0,300,0.5,1700,0.5,1
3,11,401,0,0,300,0.5,572,0.32,486,0.18,1
4,0,342,1,0,500,0.6,1000,0.2,1400,0.2,1
4,1,455,2,10,5,0,500,0.6,1000,0.2,1400,0.2,1
4,2,936,2,10,5,0,300,0.5,1700,0.5,1
4,3,417,1,0,300,0.5,1700,0.5,1
4,4,265,0,0,500,0.6,1000,0.2,1400,0.2,1
4,5,764,0,0,666,0.42,420,0.58,1
4,6,272,2,10,5,0,300,0.5,572,0.32,486,0.18,1
4,7,721,0,0,666,0.42,420,0.58,1
4,8,675,0,0,300,0.5,1700,0.5,1
4,9,425,0,0,300,0.5,1700,0.5,1
4,10,331,0,0,300,0.5,1700,0.5,1
4,11,839,0,0,666,0.42,420,0.58,1
5,0,670,1,0,666,0.42,420,0.58,1
5,1,29,2,10,5,0,500,0.6,1000,0.2,1400,0.2,1
5,2,832,2,10,5,0,500,0.6,1000,0.2,1400,0.2,1
5,3,457,0,0,300,0.5,1700,0.5,1
5,4,859,1,0,666,0.42,420,0.58,1
5,5,757,1,0,500,0.6,1000,0.2,1400,0.2,1
5,6,353,1,0,300,0.5,572,0.32,486,0.18,1
5,7,94,1,0,666,0.42,420,0.58,1
5,8,126,2,10,5,0,300,0.5,1700,0.5,1
5,9,662,1,0,300,0.5,1700,0.5,1
5,10,252,0,0,300,0.5,572,0.32,486,0.18,1
5,11,505,2,10,5,0,500,0.6,1000,0.2,1400,0.2,1
6,0,873,0,0,300,0.5,572,0.32,486,0.18,1
6,1,928,0,0,500,0.6,1000,0.2,1400,0.2,1
6,2,436,2,10,5,0,666,0.42,420,0.58,1
6,3,732,1,0,300,0.5,1700,0.5,1
6,4,143,2,10,5,0,500,0.6,1000,0.2,1400,0.2,1
6,5,284,0,0,666,0.42,420,0.58,1
6,6,690,0,0,300,0.5,1700,0.5,1
6,7,987,1,0,300,0.5,1700,0.5,1
6,8,238,2,10,5,0,300,0.5,1700,0.5,1
6,9,503,1,0,666,0.42,420,0.58,1
6,10,77,0,0,300,0.5,572,0.32,486,0.18,1
6,11,504,2,10,5,0,666,0.42,420,0.58,1
7,0,280,2,10,5,0,300,0.5,572,0.32,486,0.18,1
7,1,571,0,0,300,0.5,1700,0.5,1
7,2,908,1,0,500,0.6,1000,0.2,1400,0.2,1
7,3,513,2,10,5,0,300,0.5,572,0.32,486,0.18,1
7,4,29,1,0,300,0.5,572,0.32,486,0.18,1
7,5,251,2,10,5,0,300,0.5,1700,0.5,1
7,6,592,1,0,666,0.42,420,0.58,1
7,7,206,0,0,300,0.5,1700,0.5,1
7,8,874,2,10,5,0,666,0.42,420,0.58,1
7,9,886,1,0,666,0.42,420,0.58,1
7,10,958,1,0,666,0.42,420,0.58,1
7,11,567,0,0,666,0.42,420,0.58,1
8,0,376,0,0,300,0.5,572,0.32,486,0.18,1
8,1,691,1,0,300,0.5,572,0.32,486,0.18,1
8,2,119,1,0,300,0.5,1700,0.5,1
8,3,743,1,0,300,0.5,572,0.32,486,0.18,1
8,4,803,2,10,5,0,666,0.42,420,0.58,1
8,5,417,2,10,5,0,666,0.42,420,0.58,1
8,6,555,1,0,300,0.5,572,0.32,486,0.18,1
8,7,745,0,0,666,0.42,420,0.58,1
8,8,180,1,0,300,0.5,572,0.32,486,0.18,1
8,9,295,0,0,500,0.6,1000,0.2,1400,0.2,1
8,10,53,0,0,666,0.42,420,0.58,1
8,11,701,1,0,666,0.42,420,0.58,1
9,0,622,0,0,666,0.42,420,0.58,1
9,1,938,0,0,500,0.6,1000,0.2,1400,0.2,1
9,2,128,2,10,5,0,666,0.42,420,0.58,1
9,3,305,2,10,5,0,300,0.5,1700,0.5,1
9,4,866,2,10,5,0,500,0.6,1000,0.2,1400,0.2,1
9,5,69,2,10,5,0,666,0.42,420,0.58,1
9,6,183,0,0,666,0.42,420,0.58,1
9,7,190,2,10,5,0,300,0.5,572,0.32,486,0.18,1
9,8,490,2,10,5,0,300,0.5,1700,0.5,1
9,9,853,1,0,300,0.5,1700,0.5,1
9,10,107,0,0,666,0.42,420,0.58,1
9,11,658,0,0,666,0.42,420,0.58,1
10,0,236,2,10,5,0,500,0.6,1000,0.2,1400,0.2,1
10,1,407,1,0,666,0.42,420,0.58,1
10,2,304,2,10,5,0,666,0.42,420,0.58,1
10,3,958,0,0,500,0.6,1000,0.2,1400,0.2,1
10,4,801,2,10,5,0,500,0.6,1000,0.2,1400,0.2,1
10,5,466,2,10,5,0,500,0.6,1000,0.2,1400,0.2,1
10,6,825,1,0,666,0.42,420,0.58,1
10,7,518,1,0,300,0.5,572,0.32,486,0.18,1
10,8,103,0,0,500,0.6,1000,0.2,1400,0.2,1
10,9,820,0,0,500,0.6,1000,0.2,1400,0.2,1
10,10,247,2,10,5,0,666,0.42,420,0.58,1
10,11,970,0,0,500,0.6,1000,0.2,1400,0.2,1
11,0,667,0,0,500,0.6,1000,0.2,1400,0.2,1
11,1,527,1,0,666,0.42,420,0.58,1
11,2,987,1,0,666,0.42,420,0.58,1
11,3,767,2,10,5,0,666,0.42,420,0.58,1
11,4,279,1,0,666,0.42,420,0.58,1
11,5,58,0,0,500,0.6,1000,0.2,1400,0.2,1
11,6,194,0,0,500,0.6,1000,0.2,1400,0.2,1
11,7,486,0,0,300,0.5,1700,0.5,1
11,8,400,0,0,666,0.42,420,0.58,1
11,9,976,0,0,500,0.6,1000,0.2,1400,0.2,1
11,10,402,0,0,666,0.42,420,0.58,1
11,11,721,2,10,5,0,500,0.6,1000,0.2,1400,0.2,1
