0,0,41,0,0,300,0.5,1700,0.5,1
0,1,60,0,0,666,0.42,420,0.58,1
0,2,870,0,0,500,0.6,1000,0.2,1400,0.2,1
0,3,998,2,10,5,0,666,0.42,420,0.58,1
0,4,846,1,0,666,0.42,420,0.58,1
0,5,649,1,0,666,0.42,420,0.58,1
0,6,567,0,0,300,0.5,1700,0.5,1
0,7,362,1,0,300,0.5,1700,0.5,1
0,8,373,0,0,300,0.5,572,0.32,486,0.18,1
0,9,138,2,10,5,0,300,0.5,1700,0.5,1
0,10,187,2,10,5,0,500,0.6,1000,0.2,1400,0.2,1
0,11,637,1,0,500,0.6,1000,0.2,1400,0.2,1
1,0,83,1,0,300,0.5,1700,0.5,0
1,1,323,0,0,500,0.6,1000,0.2,1400,0.2,0
1,2,718,0,0,500,0.6,1000,0.2,1400,0.2,0
1,3,152,0,0,666,0.42,420,0.58,0
1,4,329,1,0,666,0.42,420,0.58,0
1,5,102,1,0,300,0.5,572,0.32,486,0.18,0
1,6,899,0,0,300,0.5,572,0.32,486,0.18,0
1,7,133,2,10,5,0,666,0.42,420,0.58,0
1,8,147,0,0,300,0.5,572,0.32,486,0.18,0
1,9,775,2,10,5,0,666,0.42,420,0.58,0
1,10,367,0,0,300,0.5,572,0.32,486,0.18,0
1,11,665,2,10,5,0,300,0.5,572,0.32,486,0.18,0
2,0,712,0,0,666,0.42,420,0.58,1
2,1,489,2,10,5,0,666,0.42,420,0.58,1
2,2,233,0,0,300,0.5,1700,0.5,1
2,3,883,0,0,300,0.5,572,0.32,486,0.18,1
2,4,370,0,0,500,0.6,1000,0.2,1400,0.2,1
2,5,930,1,0,500,0.6,1000,0.2,1400,0.2,1
2,6,417,2,10,5,0,500,0.6,1000,0.2,1400,0.2,1
2,7,567,2,10,5,0,666,0.42,420,0.58,1
2,8,458,0,0,500,0.6,1000,0.2,1400,0.2,1
2,9,499,0,0,666,0.42,420,0.58,1
2,10,621,2,10,5,0,666,0.42,420,0.58,1
2,11,798,1,0,300,0.5,572,0.32,486,0.18,1
3,0,676,1,0,666,0.42,420,0.58,1
3,1,372,0,0,500,0.6,1000,0.2,1400,0.2,1
3,2,516,2,10,5,0,666,0.42,420,0.58,1
3,3,63,1,0,300,0.5,572,0.32,486,0.18,1
3,4,946,1,0,300,0.5,572,0.32,486,0.18,1
3,5,201,0,0,300,0.5,572,0.32,486,0.18,1
3,6,753,1,0,500,0.6,1000,0.2,1400,0.2,1
3,7,706,2,10,5,0,666,0.42,420,0.58,1
3,8,909,0,0,500,0.6,1000,0.2,1400,0.2,1
3,9,872,1,0,666,0.42,420,0.58,1
3,10,255,0,0,500,0.6,1000,0.2,1400,0.2,1
3,11,798,0,0,300,0.5,1700,0.5,1
4,0,442,1,0,300,0.5,1700,0.5,1
4,1,289,2,10,5,0,300,0.5,572,0.32,486,0.18,1
4,2,367,1,0,300,0.5,572,0.32,486,0.18,1
4,3,504,2,10,5,0,666,0.42,420,0.58,1
4,4,317,0,0,300,0.5,572,0.32,486,0.18,1
4,5,928,0,0,500,0.6,1000,0.2,1400,0.2,1
4,6,203,1,0,300,0.5,572,0.32,486,0.18,1
4,7,621,0,0,500,0.6,1000,0.2,1400,0.2,1
4,8,238,2,10,5,0,300,0.5,572,0.32,486,0.18,1
4,9,961,2,10,5,0,500,0.6,1000,0.2,1400,0.2,1
4,10,840,0,0,300,0.5,572,0.32,486,0.18,1
4,11,215,0,0,300,0.5,1700,0.5,1
5,0,921,1,0,500,0.6,1000,0.2,1400,0.2,1
5,1,350,1,0,500,0.6,1000,0.2,1400,0.2,1
5,2,542,1,0,666,0.42,420,0.58,1
5,3,843,2,10,5,0,300,0.5,1700,0.5,1
5,4,62,1,0,300,0.5,1700,0.5,1
5,5,190,1,0,300,0.5,572,0.32,486,0.18,1
5,6,101,2,10,5,0,666,0.42,420,0.58,1
5,7,297,2,10,5,0,666,0.42,420,0.58,1
5,8,375,2,10,5,0,500,0.6,1000,0.2,1400,0.2,1
5,9,821,2,10,5,0,666,0.42,420,0.58,1
5,10,339,1,0,300,0.5,572,0.32,486,0.18,1
5,11,104,0,0,666,0.42,420,0.58,1
6,0,905,2,10,5,0,300,0.5,1700,0.5,1
6,1,521,2,10,5,0,300,0.5,572,0.32,486,0.18,1
6,2,989,2,10,5,0,300,0.5,1700,0.5,1
6,3,797,2,10,5,0,500,0.6,1000,0.2,1400,0.2,1
6,4,363,0,0,300,0.5,1700,0.5,1
6,5,465,0,0,300,0.5,572,0.32,486,0.18,1
6,6,338,0,0,300,0.5,572,0.32,486,0.18,1
6,7,273,0,0,300,0.5,1700,0.5,1
6,8,745,2,10,5,0,300,0.5,1700,0.5,1
6,9,168,2,10,5,0,500,0.6,1000,0.2,1400,0.2,1
6,10,724,2,10,5,0,300,0.5,572,0.32,486,0.18,1
6,11,902,0,0,300,0.5,1700,0.5,1
7,0,299,2,10,5,0,300,0.5,1700,0.5,1
7,1,221,1,0,300,0.5,572,0.32,486,0.18,1
7,2,990,0,0,300,0.5,572,0.32,486,0.18,1
7,3,153,0,0,500,0.6,1000,0.2,1400,0.2,1
7,4,871,1,0,300,0.5,572,0.32,486,0.18,1
7,5,100,2,10,5,0,500,0.6,1000,0.2,1400,0.2,1
7,6,468,2,10,5,0,500,0.6,1000,0.2,1400,0.2,1
7,7,483,2,10,5,0,300,0.5,572,0.32,486,0.18,1
7,8,895,1,0,300,0.5,1700,0.5,1
7,9,518,0,0,300,0.5,1700,0.5,1
7,10,819,0,0,300,0.5,1700,0.5,1
7,11,64,2,10,5,0,666,0.42,420,0.58,1
8,0,366,1,0,666,0.42,420,0.58,1
8,1,433,0,0,666,0.42,420,0.58,1
8,2,646,2,10,5,0,666,0.42,420,0.58,1
8,3,727,0,0,300,0.5,572,0.32,486,0.18,1
8,4,289,2,10,5,0,300,0.5,1700,0.5,1
8,5,488,1,0,300,0.5,572,0.32,486,0.18,1
8,6,312,1,0,300,0.5,1700,0.5,1
8,7,997,0,0,300,0.5,1700,0.5,1
8,8,43,1,0,666,0.42,420,0.58,1
8,9,962,1,0,300,0.5,1700,0.5,1
8,10,485,2,10,5,0,500,0.6,1000,0.2,1400,0.2,1
8,11,711,2,10,5,0,500,0.6,1000,0.2,1400,0.2,1
9,0,539,2,10,5,0,500,0.6,1000,0.2,1400,0.2,1
9,1,552,0,0,300,0.5,1700,0.5,1
9,2,995,0,0,300,0.5,1700,0.5,1
9,3,103,1,0,300,0.5,572,0.32,486,0.18,1
9,4,350,1,0,666,0.42,420,0.58,1
9,5,718,1,0,300,0.5,572,0.32,486,0.18,1
9,6,514,0,0,300,0.5,1700,0.5,1
9,7,229,0,0,300,0.5,572,0.32,486,0.18,1
9,8,416,2,10,5,0,500,0.6,1000,0.2,1400,0.2,1
9,9,801,2,10,5,0,300,0.5,572,0.32,486,0.18,1
9,10,551,1,0,500,0.6,1000,0.2,1400,0.2,1
9,11,895,1,0,500,0.6,1000,0.2,1400,0.2,1
10,0,880,2,10,5,0,300,0.5,1700,0.5,1
10,1,409,2,10,5,0,500,0.6,1000,0.2,1400,0.2,1
10,2,200,2,10,5,0,300,0.5,1700,0.5,1
10,3,16,0,0,300,0.5,572,0.32,486,0.18,1
10,4,717,2,10,5,0,500,0.6,1000,0.2,1400,0.2,1
10,5,819,0,0,300,0.5,572,0.32,486,0.18,1
10,6,60,0,0,300,0.5,572,0.32,486,0.18,1
10,7,539,0,0,500,0.6,1000,0.2,1400,0.2,1
10,8,834,0,0,666,0.42,420,0.58,1
10,9,871,2,10,5,0,300,0.5,1700,0.5,1
10,10,451,2,10,5,0,666,0.42,420,0.58,1
10,11,451,0,0,500,0.6,1000,0.2,1400,0.2,1
11,0,955,0,0,500,0.6,1000,0.2,1400,0.2,1
11,1,264,0,0,300,0.5,1700,0.5,1
11,2,434,0,0,300,0.5,572,0.32,486,0.18,1
11,3,261,1,0,300,0.5,1700,0.5,1
11,4,913,1,0,500,0.6,1000,0.2,1400,0.2,1
11,5,799,0,0,300,0.5,572,0.32,486,0.18,1
11,6,433,1,0,500,0.6,1000,0.2,1400,0.2,1
11,7,206,1,0,666,0.42,420,0.58,1
11,8,236,0,0,666,0.42,420,0.58,1
11,9,910,2,10,5,0,300,0.5,572,0.32,486,0.18,1
11,10,380,2,10,5,0,500,0.6,1000,0.2,1400,0.2,1
11,11,825,1,0,666,0.42,420,0.58,1
