0,0,482,0,0,300,0.5,1700,0.5,1
0,1,536,0,0,300,0.5,572,0.32,486,0.18,1
0,2,581,0,0,300,0.5,572,0.32,486,0.18,1
0,3,48,2,10,5,0,500,0.6,1000,0.2,1400,0.2,1
0,4,102,2,10,5,0,300,0.5,572,0.32,486,0.18,1
0,5,18,0,0,500,0.6,1000,0.2,1400,0.2,1
0,6,117,0,0,666,0.42,420,0.58,1
0,7,282,0,0,666,0.42,420,0.58,1
0,8,826,2,10,5,0,666,0.42,420,0.58,1
0,9,1000,1,0,300,0.5,572,0.32,486,0.18,1
0,10,999,1,0,300,0.5,1700,0.5,1
0,11,925,0,0,666,0.42,420,0.58,1
1,0,537,0,0,300,0.5,572,0.32,486,0.18,0
1,1,145,2,10,5,0,500,0.6,1000,0.2,1400,0.2,0
1,2,95,1,0,300,0.5,1700,0.5,0
1,3,586,1,0,666,0.42,420,0.58,0
1,4,51,1,0,300,0.5,1700,0.5,0
1,5,389,0,0,666,0.42,420,0.58,0
1,6,783,0,0,500,0.6,1000,0.2,1400,0.2,0
1,7,165,1,0,300,0.5,1700,0.5,0
1,8,823,0,0,500,0.6,1000,0.2,1400,0.2,0
1,9,808,0,0,300,0.5,572,0.32,486,0.18,0
1,10,747,1,0,500,0.6,1000,0.2,1400,0.2,0
1,11,120,2,10,5,0,666,0.42,420,0.58,0
2,0,807,0,0,300,0.5,1700,0.5,1
2,1,528,1,0,500,0.6,1000,0.2,1400,0.2,1
2,2,730,2,10,5,0,300,0.5,1700,0.5,1
2,3,567,2,10,5,0,300,0.5,1700,0.5,1
2,4,44,1,0,300,0.5,572,0.32,486,0.18,1
2,5,287,0,0,300,0.5,1700,0.5,1
2,6,878,1,0,666,0.42,420,0.58,1
2,7,629,2,10,5,0,500,0.6,1000,0.2,1400,0.2,1
2,8,731,2,10,5,0,666,0.42,420,0.58,1
2,9,232,0,0,500,0.6,1000,0.2,1400,0.2,1
2,10,491,1,0,300,0.5,1700,0.5,1
2,11,412,1,0,500,0.6,1000,0.2,1400,0.2,1
3,0,64,0,0,666,0.42,420,0.58,1
3,1,496,2,10,5,0,666,0.42,420,0.58,1
3,2,57,0,0,300,0.5,572,0.32,486,0.18,1
3,3,866,0,0,300,0.5,572,0.32,486,0.18,1
3,4,683,2,10,5,0,500,0.6,1000,0.2,1400,0.2,1
3,5,204,1,0,300,0.5,572,0.32,486,0.18,1
3,6,180,0,0,300,0.5,1700,0.5,1
3,7,695,0,0,500,0.6,1000,0.2,1400,0.2,1
3,8,442,1,0,300,0.5,1700,0.5,1
3,9,701,2,10,5,0,300,0.5,572,0.32,486,0.18,1
3,10,800,0,0,300,0.5,572,0.32,486,0.18,1
3,11,375,0,0,300,0.5,1700,0.5,1
4,0,174,1,0,300,0.5,1700,0.5,1
4,1,403,2,10,5,0,300,0.5,1700,0.5,1
4,2,413,2,10,5,0,500,0.6,1000,0.2,1400,0.2,1
4,3,885,1,0,666,0.42,420,0.58,1
4,4,667,2,10,5,0,666,0.42,420,0.58,1
4,5,571,1,0,300,0.5,1700,0.5,1
4,6,976,0,0,300,0.5,1700,0.5,1
4,7,36,0,0,300,0.5,572,0.32,486,0.18,1
4,8,884,2,10,5,0,300,0.5,1700,0.5,1
4,9,400,0,0,300,0.5,572,0.32,486,0.18,1
4,10,893,2,10,5,0,500,0.6,1000,0.2,1400,0.2,1
4,11,546,2,10,5,0,666,0.42,420,0.58,1
5,0,227,0,0,500,0.6,1000,0.2,1400,0.2,1
5,1,37,0,0,300,0.5,1700,0.5,1
5,2,450,1,0,300,0.5,1700,0.5,1
5,3,832,2,10,5,0,300,0.5,572,0.32,486,0.18,1
5,4,936,2,10,5,0,500,0.6,1000,0.2,1400,0.2,1
5,5,340,0,0,500,0.6,1000,0.2,1400,0.2,1
5,6,598,2,10,5,0,300,0.5,1700,0.5,1
5,7,491,2,10,5,0,500,0.6,1000,0.2,1400,0.2,1
5,8,738,0,0,300,0.5,572,0.32,486,0.18,1
5,9,586,2,10,5,0,666,0.42,420,0.58,1
5,10,596,1,0,666,0.42,420,0.58,1
5,11,22,0,0,666,0.42,420,0.58,1
6,0,500,2,10,5,0,500,0.6,1000,0.2,1400,0.2,1
6,1,985,2,10,5,0,666,0.42,420,0.58,1
6,2,214,0,0,300,0.5,572,0.32,486,0.18,1
6,3,647,1,0,500,0.6,1000,0.2,1400,0.2,1
6,4,829,0,0,500,0.6,1000,0.2,1400,0.2,1
6,5,480,2,10,5,0,666,0.42,420,0.58,1
6,6,76,0,0,300,0.5,1700,0.5,1
6,7,181,2,10,5,0,666,0.42,420,0.58,1
6,8,972,2,10,5,0,300,0.5,572,0.32,486,0.18,1
6,9,425,1,0,300,0.5,572,0.32,486,0.18,1
6,10,674,1,0,300,0.5,572,0.32,486,0.18,1
6,11,355,1,0,300,0.5,1700,0.5,1
7,0,867,2,10,5,0,666,0.42,420,0.58,1
7,1,610,2,10,5,0,300,0.5,572,0.32,486,0.18,1
7,2,809,0,0,300,0.5,572,0.32,486,0.18,1
7,3,583,0,0,300,0.5,572,0.32,486,0.18,1
7,4,923,2,10,5,0,300,0.5,572,0.32,486,0.18,1
7,5,615,0,0,666,0.42,420,0.58,1
7,6,607,2,10,5,0,666,0.42,420,0.58,1
7,7,196,0,0,300,0.5,572,0.32,486,0.18,1
7,8,805,1,0,300,0.5,572,0.32,486,0.18,1
7,9,651,1,0,666,0.42,420,0.58,1
7,10,545,1,0,300,0.5,1700,0.5,1
7,11,754,2,10,5,0,300,0.5,1700,0.5,1
8,0,890,2,10,5,0,300,0.5,572,0.32,486,0.18,1
8,1,271,0,0,300,0.5,1700,0.5,1
8,2,348,1,0,300,0.5,572,0.32,486,0.18,1
8,3,966,2,10,5,0,666,0.42,420,0.58,1
8,4,867,1,0,666,0.42,420,0.58,1
8,5,817,0,0,666,0.42,420,0.58,1
8,6,687,1,0,300,0.5,572,0.32,486,0.18,1
8,7,144,1,0,666,0.42,420,0.58,1
8,8,101,0,0,500,0.6,1000,0.2,1400,0.2,1
8,9,99,2,10,5,0,300,0.5,572,0.32,486,0.18,1
8,10,919,0,0,500,0.6,1000,0.2,1400,0.2,1
8,11,640,0,0,500,0.6,1000,0.2,1400,0.2,1
9,0,835,0,0,300,0.5,1700,0.5,1
9,1,543,2,10,5,0,666,0.42,420,0.58,1
9,2,293,1,0,300,0.5,1700,0.5,1
9,3,808,1,0,300,0.5,1700,0.5,1
9,4,247,1,0,300,0.5,572,0.32,486,0.18,1
9,5,334,2,10,5,0,300,0.5,1700,0.5,1
9,6,86,2,10,5,0,500,0.6,1000,0.2,1400,0.2,1
9,7,721,1,0,500,0.6,1000,0.2,1400,0.2,1
9,8,606,0,0,500,0.6,1000,0.2,1400,0.2,1
9,9,230,1,0,300,0.5,1700,0.5,1
9,10,464,0,0,666,0.42,420,0.58,1
9,11,588,0,0,300,0.5,1700,0.5,1
10,0,124,0,0,300,0.5,572,0.32,486,0.18,1
10,1,818,0,0,300,0.5,1700,0.5,1
10,2,189,1,0,300,0.5,1700,0.5,1
10,3,541,0,0,300,0.5,1700,0.5,1
10,4,511,0,0,300,0.5,1700,0.5,1
10,5,301,1,0,500,0.6,1000,0.2,1400,0.2,1
10,6,394,2,10,5,0,666,0.42,420,0.58,1
10,7,185,1,0,500,0.6,1000,0.2,1400,0.2,1
10,8,669,1,0,300,0.5,1700,0.5,1
10,9,391,2,10,5,0,300,0.5,572,0.32,486,0.18,1
10,10,34,0,0,500,0.6,1000,0.2,1400,0.2,1
10,11,355,0,0,500,0.6,1000,0.2,1400,0.2,1
11,0,442,0,0,666,0.42,420,0.58,1
11,1,740,1,0,300,0.5,1700,0.5,1
11,2,40,2,10,5,0,300,0.5,572,0.32,486,0.18,1
11,3,289,1,0,300,0.5,572,0.32,486,0.18,1
11,4,325,1,0,500,0.6,1000,0.2,1400,0.2,1
11,5,778,0,0,300,0.5,572,0.32,486,0.18,1
11,6,349,1,0,500,0.6,1000,0.2,1400,0.2,1
11,7,58,2,10,5,0,300,0.5,1700,0.5,1
11,8,997,1,0,666,0.42,420,0.58,1
11,9,365,0,0,300,0.5,572,0.32,486,0.18,1
11,10,227,1,0,500,0.6,1000,0.2,1400,0.2,1
11,11,196,2,10,5,0,300,0.5,1700,0.5,1
