0,0,971,2,10,5,0,300,0.5,1700,0.5,1
0,1,833,1,0,666,0.42,420,0.58,1
0,2,792,0,0,300,0.5,572,0.32,486,0.18,1
0,3,81,0,0,300,0.5,1700,0.5,1
0,4,900,1,0,300,0.5,572,0.32,486,0.18,1
0,5,938,1,0,666,0.42,420,0.58,1
0,6,780,2,10,5,0,500,0.6,1000,0.2,1400,0.2,1
0,7,677,0,0,666,0.42,420,0.58,1
0,8,443,2,10,5,0,300,0.5,1700,0.5,1
0,9,475,1,0,300,0.5,1700,0.5,1
0,10,241,0,0,500,0.6,1000,0.2,1400,0.2,1
0,11,498,2,10,5,0,300,0.5,1700,0.5,1
1,0,486,2,10,5,0,300,0.5,1700,0.5,0
1,1,697,1,0,666,0.42,420,0.58,0
1,2,830,2,10,5,0,300,0.5,1700,0.5,0
1,3,916,0,0,300,0.5,572,0.32,486,0.18,0
1,4,477,0,0,666,0.42,420,0.58,0
1,5,470,2,10,5,0,300,0.5,1700,0.5,0
1,6,19,2,10,5,0,300,0.5,572,0.32,486,0.18,0
1,7,498,0,0,300,0.5,1700,0.5,0
1,8,932,1,0,500,0.6,1000,0.2,1400,0.2,0
1,9,588,0,0,666,0.42,420,0.58,0
1,10,262,1,0,500,0.6,1000,0.2,1400,0.2,0
1,11,631,0,0,300,0.5,572,0.32,486,0.18,0
2,0,836,0,0,666,0.42,420,0.58,1
2,1,705,2,10,5,0,300,0.5,1700,0.5,1
2,2,172,0,0,666,0.42,420,0.58,1
2,3,29,1,0,300,0.5,1700,0.5,1
2,4,642,0,0,300,0.5,1700,0.5,1
2,5,733,0,0,666,0.42,420,0.58,1
2,6,39,2,10,5,0,300,0.5,572,0.32,486,0.18,1
2,7,612,0,0,666,0.42,420,0.58,1
2,8,554,1,0,500,0.6,1000,0.2,1400,0.2,1
2,9,627,0,0,500,0.6,1000,0.2,1400,0.2,1
2,10,10,0,0,300,0.5,572,0.32,486,0.18,1
2,11,993,0,0,666,0.42,420,0.58,1
3,0,797,0,0,300,0.5,1700,0.5,1
3,1,135,1,0,300,0.5,1700,0.5,1
3,2,16,2,10,5,0,666,0.42,420,0.58,1
3,3,497,0,0,300,0.5,1700,0.5,1
3,4,639,2,10,5,0,666,0.42,420,0.58,1
3,5,761,0,0,300,0.5,1700,0.5,1
3,6,700,0,0,300,0.5,1700,0.5,1
3,7,374,1,0,666,0.42,420,0.58,1
3,8,672,0,0,300,0.5,572,0.32,486,0.18,1
3,9,408,1,0,300,0.5,572,0.32,486,0.18,1
3,10,477,1,0,300,0.5,572,0.32,486,0.18,1
3,11,54,1,0,666,0.42,420,0.58,1
4,0,916,0,0,666,0.42,420,0.58,1
4,1,987,2,10,5,0,300,0.5,1700,0.5,1
4,2,423,2,10,5,0,666,0.42,420,0.58,1
4,3,554,2,10,5,0,666,0.42,420,0.58,1
4,4,17,1,0,500,0.6,1000,0.2,1400,0.2,1
4,5,536,2,10,5,0,300,0.5,572,0.32,486,0.18,1
4,6,428,2,10,5,0,300,0.5,572,0.32,486,0.18,1
4,7,833,2,10,5,0,300,0.5,572,0.32,486,0.18,1
4,8,313,0,0,300,0.5,1700,0.5,1
4,9,470,1,0,300,0.5,1700,0.5,1
4,10,984,1,0,666,0.42,420,0.58,1
4,11,841,2,10,5,0,500,0.6,1000,0.2,1400,0.2,1
5,0,412,2,10,5,0,500,0.6,1000,0.2,1400,0.2,1
5,1,253,2,10,5,0,300,0.5,1700,0.5,1
5,2,954,0,0,666,0.42,420,0.58,1
5,3,780,0,0,300,0.5,1700,0.5,1
5,4,626,0,0,500,0.6,1000,0.2,1400,0.2,1
5,5,247,2,10,5,0,666,0.42,420,0.58,1
5,6,22,0,0,300,0.5,572,0.32,486,0.18,1
5,7,176,0,0,666,0.42,420,0.58,1
5,8,543,1,0,300,0.5,1700,0.5,1
5,9,116,1,0,500,0.6,1000,0.2,1400,0.2,1
5,10,511,1,0,300,0.5,1700,0.5,1
5,11,278,1,0,300,0.5,572,0.32,486,0.18,1
6,0,764,2,10,5,0,300,0.5,572,0.32,486,0.18,1
6,1,598,2,10,5,0,300,0.5,1700,0.5,1
6,2,704,0,0,500,0.6,1000,0.2,1400,0.2,1
6,3,38,1,0,500,0.6,1000,0.2,1400,0.2,1
6,4,102,0,0,666,0.42,420,0.58,1
6,5,904,0,0,300,0.5,572,0.32,486,0.18,1
6,6,630,1,0,300,0.5,1700,0.5,1
6,7,75,2,10,5,0,300,0.5,572,0.32,486,0.18,1
6,8,925,0,0,300,0.5,1700,0.5,1
6,9,815,0,0,300,0.5,1700,0.5,1
6,10,47,0,0,666,0.42,420,0.58,1
6,11,923,2,10,5,0,300,0.5,572,0.32,486,0.18,1
7,0,787,0,0,300,0.5,1700,0.5,1
7,1,430,0,0,666,0.42,420,0.58,1
7,2,562,0,0,300,0.5,572,0.32,486,0.18,1
7,3,322,1,0,300,0.5,572,0.32,486,0.18,1
7,4,653,1,0,666,0.42,420,0.58,1
7,5,616,0,0,500,0.6,1000,0.2,1400,0.2,1
7,6,474,2,10,5,0,500,0.6,1000,0.2,1400,0.2,1
7,7,845,2,10,5,0,300,0.5,1700,0.5,1
7,8,395,0,0,300,0.5,572,0.32,486,0.18,1
7,9,534,2,10,5,0,300,0.5,572,0.32,486,0.18,1
7,10,436,2,10,5,0,300,0.5,1700,0.5,1
7,11,335,1,0,300,0.5,572,0.32,486,0.18,1
8,0,451,0,0,666,0.42,420,0.58,1
8,1,268,1,0,500,0.6,1000,0.2,1400,0.2,1
8,2,925,1,0,300,0.5,1700,0.5,1
8,3,415,2,10,5,0,500,0.6,1000,0.2,1400,0.2,1
8,4,354,0,0,300,0.5,572,0.32,486,0.18,1
8,5,666,1,0,300,0.5,572,0.32,486,0.18,1
8,6,36,1,0,500,0.6,1000,0.2,1400,0.2,1
8,7,388,0,0,300,0.5,1700,0.5,1
8,8,378,2,10,5,0,500,0.6,1000,0.2,1400,0.2,1
8,9,381,2,10,5,0,500,0.6,1000,0.2,1400,0.2,1
8,10,250,1,0,300,0.5,1700,0.5,1
8,11,533,2,10,5,0,666,0.42,420,0.58,1
9,0,742,1,0,500,0.6,1000,0.2,1400,0.2,1
9,1,240,1,0,300,0.5,572,0.32,486,0.18,1
9,2,662,2,10,5,0,300,0.5,1700,0.5,1
9,3,766,1,0,666,0.42,420,0.58,1
9,4,847,0,0,300,0.5,1700,0.5,1
9,5,725,1,0,666,0.42,420,0.58,1
9,6,238,0,0,300,0.5,1700,0.5,1
9,7,190,0,0,666,0.42,420,0.58,1
9,8,49,2,10,5,0,300,0.5,572,0.32,486,0.18,1
9,9,23,1,0,300,0.5,1700,0.5,1
9,10,296,1,0,300,0.5,1700,0.5,1
9,11,15,0,0,500,0.6,1000,0.2,1400,0.2,1
10,0,600,2,10,5,0,300,0.5,1700,0.5,1
10,1,775,0,0,300,0.5,1700,0.5,1
10,2,866,2,10,5,0,666,0.42,420,0.58,1
10,3,202,0,0,666,0.42,420,0.58,1
10,4,530,1,0,300,0.5,1700,0.5,1
10,5,86,2,10,5,0,300,0.5,572,0.32,486,0.18,1
10,6,532,0,0,666,0.42,420,0.58,1
10,7,169,2,10,5,0,666,0.42,420,0.58,1
10,8,89,2,10,5,0,500,0.6,1000,0.2,1400,0.2,1
10,9,150,1,0,666,0.42,420,0.58,1
10,10,498,0,0,300,0.5,1700,0.5,1
10,11,937,2,10,5,0,300,0.5,1700,0.5,1
11,0,57,2,10,5,0,300,0.5,572,0.32,486,0.18,1
11,1,325,2,10,5,0,666,0.42,420,0.58,1
11,2,745,2,10,5,0,666,0.42,420,0.58,1
11,3,183,1,0,300,0.5,1700,0.5,1
11,4,244,1,0,300,0.5,572,0.32,486,0.18,1
11,5,92,0,0,300,0.5,1700,0.5,1
11,6,284,1,0,500,0.6,1000,0.2,1400,0.2,1
11,7,601,2,10,5,0,500,0.6,1000,0.2,1400,0.2,1
11,8,524,0,0,666,0.42,420,0.58,1
11,9,498,0,0,500,0.6,1000,0.2,1400,0.2,1
11,10,378,0,0,500,0.6,1000,0.2,1400,0.2,1
11,11,371,2,10,5,0,666,0.42,420,0.58,1
