0,0,776,1,0,500,0.6,1000,0.2,1400,0.2,1
0,1,326,1,0,500,0.6,1000,0.2,1400,0.2,1
0,2,803,0,0,500,0.6,1000,0.2,1400,0.2,1
0,3,401,0,0,300,0.5,1700,0.5,1
0,4,231,1,0,300,0.5,1700,0.5,1
0,5,509,2,10,5,0,500,0.6,1000,0.2,1400,0.2,1
0,6,399,2,10,5,0,500,0.6,1000,0.2,1400,0.2,1
0,7,398,1,0,300,0.5,572,0.32,486,0.18,1
0,8,623,2,10,5,0,500,0.6,1000,0.2,1400,0.2,1
0,9,989,2,10,5,0,300,0.5,572,0.32,486,0.18,1
0,10,839,1,0,300,0.5,1700,0.5,1
0,11,312,2,10,5,0,666,0.42,420,0.58,1
1,0,349,2,10,5,0,500,0.6,1000,0.2,1400,0.2,0
1,1,511,0,0,666,0.42,420,0.58,0
1,2,308,2,10,5,0,500,0.6,1000,0.2,1400,0.2,0
1,3,63,2,10,5,0,300,0.5,572,0.32,486,0.18,0
1,4,705,1,0,666,0.42,420,0.58,0
1,5,794,2,10,5,0,666,0.42,420,0.58,0
1,6,826,2,10,5,0,300,0.5,572,0.32,486,0.18,0
1,7,203,0,0,300,0.5,572,0.32,486,0.18,0
1,8,733,1,0,666,0.42,420,0.58,0
1,9,383,1,0,300,0.5,572,0.32,486,0.18,0
1,10,324,2,10,5,0,300,0.5,1700,0.5,0
1,11,188,0,0,500,0.6,1000,0.2,1400,0.2,0
2,0,58,1,0,300,0.5,1700,0.5,1
2,1,729,0,0,666,0.42,420,0.58,1
2,2,71,1,0,666,0.42,420,0.58,1
2,3,418,1,0,300,0.5,1700,0.5,1
2,4,96,1,0,300,0.5,572,0.32,486,0.18,1
2,5,989,2,10,5,0,666,0.42,420,0.58,1
2,6,663,1,0,300,0.5,572,0.32,486,0.18,1
2,7,156,2,10,5,0,666,0.42,420,0.58,1
2,8,546,0,0,300,0.5,572,0.32,486,0.18,1
2,9,590,1,0,500,0.6,1000,0.2,1400,0.2,1
2,10,223,0,0,500,0.6,1000,0.2,1400,0.2,1
2,11,380,0,0,300,0.5,572,0.32,486,0.18,1
3,0,886,0,0,300,0.5,572,0.32,486,0.18,1
3,1,409,0,0,300,0.5,1700,0.5,1
3,2,169,0,0,500,0.6,1000,0.2,1400,0.2,1
3,3,953,0,0,500,0.6,1000,0.2,1400,0.2,1
3,4,486,0,0,300,0.5,1700,0.5,1
3,5,553,1,0,666,0.42,420,0.58,1
3,6,57,1,0,500,0.6,1000,0.2,1400,0.2,1
3,7,169,0,0,300,0.5,572,0.32,486,0.18,1
3,8,539,2,10,5,0,666,0.42,420,0.58,1
3,9,461,1,0,300,0.5,572,0.32,486,0.18,1
3,10,735,0,0,300,0.5,572,0.32,486,0.18,1
3,11,726,2,10,5,0,300,0.5,572,0.32,486,0.18,1
4,0,289,1,0,666,0.42,420,0.58,1
4,1,163,1,0,300,0.5,1700,0.5,1
4,2,148,1,0,666,0.42,420,0.58,1
4,3,145,0,0,500,0.6,1000,0.2,1400,0.2,1
4,4,491,0,0,666,0.42,420,0.58,1
4,5,344,1,0,300,0.5,1700,0.5,1
4,6,372,1,0,300,0.5,1700,0.5,1
4,7,763,0,0,300,0.5,572,0.32,486,0.18,1
4,8,225,1,0,666,0.42,420,0.58,1
4,9,981,2,10,5,0,300,0.5,1700,0.5,1
4,10,526,1,0,300,0.5,1700,0.5,1
4,11,339,2,10,5,0,666,0.42,420,0.58,1
5,0,85,0,0,500,0.6,1000,0.2,1400,0.2,1
5,1,719,2,10,5,0,300,0.5,1700,0.5,1
5,2,159,1,0,500,0.6,1000,0.2,1400,0.2,1
5,3,561,0,0,300,0.5,572,0.32,486,0.18,1
5,4,923,2,10,5,0,300,0.5,1700,0.5,1
5,5,983,1,0,300,0.5,572,0.32,486,0.18,1
5,6,957,2,10,5,0,666,0.42,420,0.58,1
5,7,201,1,0,300,0.5,572,0.32,486,0.18,1
5,8,858,0,0,666,0.42,420,0.58,1
5,9,401,2,10,5,0,300,0.5,572,0.32,486,0.18,1
5,10,947,1,0,300,0.5,1700,0.5,1
5,11,764,2,10,5,0,300,0.5,1700,0.5,1
6,0,487,2,10,5,0,500,0.6,1000,0.2,1400,0.2,1
6,1,774,2,10,5,0,300,0.5,1700,0.5,1
6,2,51,1,0,500,0.6,1000,0.2,1400,0.2,1
6,3,550,1,0,500,0.6,1000,0.2,1400,0.2,1
6,4,461,0,0,500,0.6,1000,0.2,1400,0.2,1
6,5,148,1,0,300,0.5,1700,0.5,1
6,6,86,1,0,300,0.5,1700,0.5,1
6,7,498,0,0,500,0.6,1000,0.2,1400,0.2,1
6,8,830,1,0,300,0.5,1700,0.5,1
6,9,64,2,10,5,0,300,0.5,572,0.32,486,0.18,1
6,10,394,0,0,666,0.42,420,0.58,1
6,11,102,2,10,5,0,666,0.42,420,0.58,1
7,0,911,0,0,300,0.5,572,0.32,486,0.18,1
7,1,726,0,0,500,0.6,1000,0.2,1400,0.2,1
7,2,153,2,10,5,0,300,0.5,572,0.32,486,0.18,1
7,3,410,1,0,300,0.5,572,0.32,486,0.18,1
7,4,943,2,10,5,0,500,0.6,1000,0.2,1400,0.2,1
7,5,17,0,0,666,0.42,420,0.58,1
7,6,545,1,0,300,0.5,572,0.32,486,0.18,1
7,7,864,0,0,500,0.6,1000,0.2,1400,0.2,1
7,8,233,0,0,500,0.6,1000,0.2,1400,0.2,1
7,9,32,1,0,666,0.42,420,0.58,1
7,10,628,1,0,300,0.5,572,0.32,486,0.18,1
7,11,167,0,0,300,0.5,1700,0.5,1
8,0,610,2,10,5,0,300,0.5,1700,0.5,1
8,1,786,1,0,666,0.42,420,0.58,1
8,2,139,1,0,500,0.6,1000,0.2,1400,0.2,1
8,3,752,2,10,5,0,500,0.6,1000,0.2,1400,0.2,1
8,4,638,2,10,5,0,300,0.5,572,0.32,486,0.18,1
8,5,999,1,0,666,0.42,420,0.58,1
8,6,222,0,0,300,0.5,1700,0.5,1
8,7,133,0,0,300,0.5,572,0.32,486,0.18,1
8,8,186,0,0,500,0.6,1000,0.2,1400,0.2,1
8,9,86,0,0,666,0.42,420,0.58,1
8,10,198,0,0,300,0.5,572,0.32,486,0.18,1
8,11,934,2,10,5,0,500,0.6,1000,0.2,1400,0.2,1
9,0,702,2,10,5,0,300,0.5,1700,0.5,1
9,1,538,2,10,5,0,500,0.6,1000,0.2,1400,0.2,1
9,2,576,0,0,300,0.5,1700,0.5,1
9,3,911,0,0,300,0.5,1700,0.5,1
9,4,852,1,0,666,0.42,420,0.58,1
9,5,653,1,0,300,0.5,1700,0.5,1
9,6,304,2,10,5,0,666,0.42,420,0.58,1
9,7,292,0,0,500,0.6,1000,0.2,1400,0.2,1
9,8,324,0,0,300,0.5,572,0.32,486,0.18,1
9,9,296,0,0,300,0.5,1700,0.5,1
9,10,846,0,0,500,0.6,1000,0.2,1400,0.2,1
9,11,903,2,10,5,0,300,0.5,1700,0.5,1
10,0,960,2,10,5,0,300,0.5,572,0.32,486,0.18,1
10,1,534,2,10,5,0,666,0.42,420,0.58,1
10,2,378,2,10,5,0,300,0.5,572,0.32,486,0.18,1
10,3,608,0,0,666,0.42,420,0.58,1
10,4,260,0,0,500,0.6,1000,0.2,1400,0.2,1
10,5,490,1,0,300,0.5,1700,0.5,1
10,6,157,1,0,300,0.5,572,0.32,486,0.18,1
10,7,323,1,0,300,0.5,1700,0.5,1
10,8,441,2,10,5,0,300,0.5,1700,0.5,1
10,9,72,0,0,666,0.42,420,0.58,1
10,10,580,1,0,500,0.6,1000,0.2,1400,0.2,1
10,11,392,1,0,500,0.6,1000,0.2,1400,0.2,1
11,0,431,0,0,500,0.6,1000,0.2,1400,0.2,1
11,1,433,0,0,300,0.5,1700,0.5,1
11,2,871,1,0,300,0.5,572,0.32,486,0.18,1
11,3,252,0,0,666,0.42,420,0.58,1
11,4,350,1,0,300,0.5,572,0.32,486,0.18,1
11,5,472,0,0,300,0.5,1700,0.5,1
11,6,409,0,0,300,0.5,1700,0.5,1
11,7,646,0,0,300,0.5,572,0.32,486,0.18,1
11,8,341,1,0,300,0.5,1700,0.5,1
11,9,252,2,10,5,0,300,0.5,1700,0.5,1
11,10,770,1,0,666,0.42,420,0.58,1
11,11,504,1,0,300,0.5,1700,0.5,1
