0,0,49,2,10,5,0,500,0.6,1000,0.2,1400,0.2,1
0,1,39,0,0,300,0.5,1700,0.5,1
0,2,532,1,0,300,0.5,572,0.32,486,0.18,1
0,3,804,0,0,500,0.6,1000,0.2,1400,0.2,1
0,4,953,2,10,5,0,300,0.5,572,0.32,486,0.18,1
0,5,286,1,0,666,0.42,420,0.58,1
0,6,852,0,0,500,0.6,1000,0.2,1400,0.2,1
0,7,116,2,10,5,0,300,0.5,572,0.32,486,0.18,1
0,8,259,1,0,300,0.5,572,0.32,486,0.18,1
0,9,942,1,0,300,0.5,572,0.32,486,0.18,1
0,10,758,0,0,300,0.5,1700,0.5,1
0,11,22,0,0,666,0.42,420,0.58,1
1,0,355,2,10,5,0,666,0.42,420,0.58,0
1,1,816,2,10,5,0,666,0.42,420,0.58,0
1,2,477,1,0,300,0.5,572,0.32,486,0.18,0
1,3,628,1,0,300,0.5,1700,0.5,0
1,4,949,2,10,5,0,300,0.5,572,0.32,486,0.18,0
1,5,720,0,0,500,0.6,1000,0.2,1400,0.2,0
1,6,870,0,0,300,0.5,572,0.32,486,0.18,0
1,7,1000,0,0,500,0.6,1000,0.2,1400,0.2,0
1,8,765,1,0,300,0.5,1700,0.5,0
1,9,754,2,10,5,0,500,0.6,1000,0.2,1400,0.2,0
1,10,830,2,10,5,0,666,0.42,420,0.58,0
1,11,987,1,0,500,0.6,1000,0.2,1400,0.2,0
2,0,102,0,0,300,0.5,1700,0.5,1
2,1,974,1,0,666,0.42,420,0.58,1
2,2,469,1,0,500,0.6,1000,0.2,1400,0.2,1
2,3,981,1,0,300,0.5,1700,0.5,1
2,4,326,0,0,300,0.5,572,0.32,486,0.18,1
2,5,997,0,0,300,0.5,572,0.32,486,0.18,1
2,6,141,2,10,5,0,500,0.6,1000,0.2,1400,0.2,1
2,7,840,0,0,500,0.6,1000,0.2,1400,0.2,1
2,8,146,0,0,300,0.5,1700,0.5,1
2,9,772,1,0,300,0.5,572,0.32,486,0.18,1
2,10,140,0,0,300,0.5,1700,0.5,1
2,11,309,1,0,300,0.5,1700,0.5,1
3,0,662,1,0,300,0.5,572,0.32,486,0.18,1
3,1,267,0,0,500,0.6,1000,0.2,1400,0.2,1
3,2,569,2,10,5,0,300,0.5,1700,0.5,1
3,3,221,1,0,500,0.6,1000,0.2,1400,0.2,1
3,4,740,2,10,5,0,300,0.5,572,0.32,486,0.18,1
3,5,251,0,0,300,0.5,572,0.32,486,0.18,1
3,6,588,0,0,500,0.6,1000,0.2,1400,0.2,1
3,7,503,1,0,500,0.6,1000,0.2,1400,0.2,1
3,8,700,0,0,300,0.5,1700,0.5,1
3,9,845,1,0,300,0.5,572,0.32,486,0.18,1
3,10,19,2,10,5,0,300,0.5,1700,0.5,1
3,11,497,0,0,666,0.42,420,0.58,1
4,0,948,0,0,300,0.5,572,0.32,486,0.18,1
4,1,367,2,10,5,0,500,0.6,1000,0.2,1400,0.2,1
4,2,372,1,0,666,0.42,420,0.58,1
4,3,602,2,10,5,0,300,0.5,572,0.32,486,0.18,1
4,4,413,1,0,300,0.5,1700,0.5,1
4,5,212,0,0,666,0.42,420,0.58,1
4,6,525,0,0,500,0.6,1000,0.2,1400,0.2,1
4,7,257,2,10,5,0,300,0.5,1700,0.5,1
4,8,29,0,0,666,0.42,420,0.58,1
4,9,182,0,0,666,0.42,420,0.58,1
4,10,715,1,0,300,0.5,1700,0.5,1
4,11,676,0,0,500,0.6,1000,0.2,1400,0.2,1
5,0,549,1,0,300,0.5,572,0.32,486,0.18,1
5,1,251,0,0,500,0.6,1000,0.2,1400,0.2,1
5,2,375,0,0,666,0.42,420,0.58,1
5,3,300,0,0,300,0.5,1700,0.5,1
5,4,428,1,0,300,0.5,572,0.32,486,0.18,1
5,5,958,1,0,666,0.42,420,0.58,1
5,6,633,0,0,500,0.6,1000,0.2,1400,0.2,1
5,7,728,2,10,5,0,666,0.42,420,0.58,1
5,8,856,0,0,500,0.6,1000,0.2,1400,0.2,1
5,9,607,1,0,500,0.6,1000,0.2,1400,0.2,1
5,10,135,0,0,300,0.5,1700,0.5,1
5,11,834,0,0,666,0.42,420,0.58,1
6,0,656,2,10,5,0,300,0.5,572,0.32,486,0.18,1
6,1,348,1,0,500,0.6,1000,0.2,1400,0.2,1
6,2,104,0,0,666,0.42,420,0.58,1
6,3,654,1,0,500,0.6,1000,0.2,1400,0.2,1
6,4,857,0,0,666,0.42,420,0.58,1
6,5,144,0,0,300,0.5,1700,0.5,1
6,6,24,1,0,300,0.5,1700,0.5,1
6,7,118,0,0,666,0.42,420,0.58,1
6,8,609,2,10,5,0,300,0.5,572,0.32,486,0.18,1
6,9,929,0,0,300,0.5,1700,0.5,1
6,10,526,0,0,500,0.6,1000,0.2,1400,0.2,1
6,11,703,0,0,500,0.6,1000,0.2,1400,0.2,1
7,0,113,2,10,5,0,300,0.5,1700,0.5,1
7,1,351,2,10,5,0,666,0.42,420,0.58,1
7,2,300,2,10,5,0,500,0.6,1000,0.2,1400,0.2,1
7,3,783,2,10,5,0,666,0.42,420,0.58,1
7,4,13,1,0,666,0.42,420,0.58,1
7,5,388,0,0,500,0.6,1000,0.2,1400,0.2,1
7,6,151,1,0,300,0.5,572,0.32,486,0.18,1
7,7,328,0,0,300,0.5,1700,0.5,1
7,8,872,1,0,300,0.5,572,0.32,486,0.18,1
7,9,295,2,10,5,0,300,0.5,1700,0.5,1
7,10,205,2,10,5,0,666,0.42,420,0.58,1
7,11,457,1,0,300,0.5,1700,0.5,1
8,0,949,1,0,300,0.5,572,0.32,486,0.18,1
8,1,359,1,0,300,0.5,572,0.32,486,0.18,1
8,2,998,2,10,5,0,666,0.42,420,0.58,1
8,3,749,1,0,666,0.42,420,0.58,1
8,4,242,1,0,300,0.5,572,0.32,486,0.18,1
8,5,630,0,0,666,0.42,420,0.58,1
8,6,566,1,0,666,0.42,420,0.58,1
8,7,61,0,0,500,0.6,1000,0.2,1400,0.2,1
8,8,542,0,0,666,0.42,420,0.58,1
8,9,893,1,0,300,0.5,572,0.32,486,0.18,1
8,10,728,2,10,5,0,300,0.5,1700,0.5,1
8,11,521,2,10,5,0,300,0.5,1700,0.5,1
9,0,866,1,0,300,0.5,572,0.32,486,0.18,1
9,1,330,2,10,5,0,300,0.5,572,0.32,486,0.18,1
9,2,401,2,10,5,0,666,0.42,420,0.58,1
9,3,407,2,10,5,0,300,0.5,572,0.32,486,0.18,1
9,4,441,1,0,300,0.5,572,0.32,486,0.18,1
9,5,977,0,0,300,0.5,1700,0.5,1
9,6,858,2,10,5,0,666,0.42,420,0.58,1
9,7,742,2,10,5,0,500,0.6,1000,0.2,1400,0.2,1
9,8,159,0,0,666,0.42,420,0.58,1
9,9,549,1,0,500,0.6,1000,0.2,1400,0.2,1
9,10,112,2,10,5,0,300,0.5,572,0.32,486,0.18,1
9,11,578,2,10,5,0,666,0.42,420,0.58,1
10,0,486,1,0,500,0.6,1000,0.2,1400,0.2,1
10,1,64,0,0,500,0.6,1000,0.2,1400,0.2,1
10,2,821,1,0,300,0.5,1700,0.5,1
10,3,366,1,0,300,0.5,1700,0.5,1
10,4,800,1,0,300,0.5,1700,0.5,1
10,5,941,2,10,5,0,666,0.42,420,0.58,1
10,6,642,2,10,5,0,500,0.6,1000,0.2,1400,0.2,1
10,7,890,1,0,500,0.6,1000,0.2,1400,0.2,1
10,8,762,0,0,300,0.5,1700,0.5,1
10,9,437,1,0,300,0.5,1700,0.5,1
10,10,798,2,10,5,0,300,0.5,1700,0.5,1
10,11,537,2,10,5,0,500,0.6,1000,0.2,1400,0.2,1
11,0,298,1,0,500,0.6,1000,0.2,1400,0.2,1
11,1,520,1,0,300,0.5,572,0.32,486,0.18,1
11,2,150,1,0,300,0.5,572,0.32,486,0.18,1
11,3,508,0,0,300,0.5,572,0.32,486,0.18,1
11,4,648,0,0,300,0.5,572,0.32,486,0.18,1
11,5,941,0,0,300,0.5,572,0.32,486,0.18,1
11,6,251,0,0,500,0.6,1000,0.2,1400,0.2,1
11,7,415,1,0,300,0.5,572,0.32,486,0.18,1
11,8,322,2,10,5,0,666,0.42,420,0.58,1
11,9,928,1,0,500,0.6,1000,0.2,1400,0.2,1
11,10,373,2,10,5,0,300,0.5,572,0.32,486,0.18,1
11,11,32,2,10,5,0,500,0.6,1000,0.2,1400,0.2,1
