0,0,429,0,0,300,0.5,1700,0.5,1
0,1,626,2,10,5,0,300,0.5,1700,0.5,1
0,2,953,1,0,300,0.5,1700,0.5,1
0,3,302,0,0,500,0.6,1000,0.2,1400,0.2,1
0,4,529,2,10,5,0,300,0.5,572,0.32,486,0.18,1
0,5,469,1,0,300,0.5,572,0.32,486,0.18,1
0,6,468,1,0,300,0.5,1700,0.5,1
0,7,976,1,0,666,0.42,420,0.58,1
0,8,91,0,0,300,0.5,572,0.32,486,0.18,1
0,9,312,2,10,5,0,300,0.5,572,0.32,486,0.18,1
0,10,901,1,0,300,0.5,1700,0.5,1
0,11,791,2,10,5,0,300,0.5,572,0.32,486,0.18,1
1,0,121,0,0,666,0.42,420,0.58,0
1,1,790,2,10,5,0,300,0.5,1700,0.5,0
1,2,617,2,10,5,0,666,0.42,420,0.58,0
1,3,164,2,10,5,0,500,0.6,1000,0.2,1400,0.2,0
1,4,870,2,10,5,0,500,0.6,1000,0.2,1400,0.2,0
1,5,93,2,10,5,0,666,0.42,420,0.58,0
1,6,365,2,10,5,0,300,0.5,1700,0.5,0
1,7,785,0,0,300,0.5,1700,0.5,0
1,8,145,1,0,500,0.6,1000,0.2,1400,0.2,0
1,9,840,1,0,666,0.42,420,0.58,0
1,10,700,2,10,5,0,300,0.5,572,0.32,486,0.18,0
1,11,671,0,0,300,0.5,572,0.32,486,0.18,0
2,0,384,0,0,666,0.42,420,0.58,1
2,1,350,1,0,300,0.5,572,0.32,486,0.18,1
2,2,783,0,0,300,0.5,1700,0.5,1
2,3,120,0,0,500,0.6,1000,0.2,1400,0.2,1
2,4,570,1,0,500,0.6,1000,0.2,1400,0.2,1
2,5,998,0,0,300,0.5,1700,0.5,1
2,6,664,1,0,500,0.6,1000,0.2,1400,0.2,1
2,7,694,2,10,5,0,666,0.42,420,0.58,1
2,8,715,0,0,666,0.42,420,0.58,1
2,9,960,1,0,300,0.5,572,0.32,486,0.18,1
2,10,443,2,10,5,0,666,0.42,420,0.58,1
2,11,574,2,10,5,0,666,0.42,420,0.58,1
3,0,352,2,10,5,0,300,0.5,1700,0.5,1
3,1,567,0,0,300,0.5,572,0.32,486,0.18,1
3,2,461,0,0,666,0.42,420,0.58,1
3,3,112,1,0,666,0.42,420,0.58,1
3,4,208,2,10,5,0,666,0.42,420,0.58,1
3,5,313,1,0,666,0.42,420,0.58,1
3,6,826,1,0,300,0.5,1700,0.5,1
3,7,816,2,10,5,0,666,0.42,420,0.58,1
3,8,137,2,10,5,0,300,0.5,1700,0.5,1
3,9,751,0,0,666,0.42,420,0.58,1
3,10,302,2,10,5,0,500,0.6,1000,0.2,1400,0.2,1
3,11,110,2,10,5,0,300,0.5,1700,0.5,1
4,0,996,2,10,5,0,500,0.6,1000,0.2,1400,0.2,1
4,1,830,0,0,300,0.5,1700,0.5,1
4,2,609,2,10,5,0,300,0.5,572,0.32,486,0.18,1
4,3,165,2,10,5,0,300,0.5,572,0.32,486,0.18,1
4,4,68,0,0,300,0.5,572,0.32,486,0.18,1
4,5,543,2,10,5,0,500,0.6,1000,0.2,1400,0.2,1
4,6,474,2,10,5,0,300,0.5,1700,0.5,1
4,7,130,1,0,500,0.6,1000,0.2,1400,0.2,1
4,8,509,0,0,666,0.42,420,0.58,1
4,9,880,2,10,5,0,300,0.5,1700,0.5,1
4,10,399,1,0,500,0.6,1000,0.2,1400,0.2,1
4,11,668,1,0,300,0.5,1700,0.5,1
5,0,54,0,0,500,0.6,1000,0.2,1400,0.2,1
5,1,819,2,10,5,0,500,0.6,1000,0.2,1400,0.2,1
5,2,266,1,0,666,0.42,420,0.58,1
5,3,728,0,0,300,0.5,1700,0.5,1
5,4,651,0,0,300,0.5,572,0.32,486,0.18,1
5,5,515,0,0,500,0.6,1000,0.2,1400,0.2,1
5,6,250,0,0,500,0.6,1000,0.2,1400,0.2,1
5,7,888,0,0,300,0.5,572,0.32,486,0.18,1
5,8,760,1,0,500,0.6,1000,0.2,1400,0.2,1
5,9,805,0,0,300,0.5,1700,0.5,1
5,10,384,0,0,300,0.5,1700,0.5,1
5,11,753,0,0,300,0.5,1700,0.5,1
6,0,63,2,10,5,0,500,0.6,1000,0.2,1400,0.2,1
6,1,573,0,0,500,0.6,1000,0.2,1400,0.2,1
6,2,738,0,0,300,0.5,572,0.32,486,0.18,1
6,3,444,1,0,666,0.42,420,0.58,1
6,4,258,2,10,5,0,500,0.6,1000,0.2,1400,0.2,1
6,5,266,2,10,5,0,300,0.5,572,0.32,486,0.18,1
6,6,822,1,0,300,0.5,1700,0.5,1
6,7,891,2,10,5,0,300,0.5,1700,0.5,1
6,8,584,1,0,666,0.42,420,0.58,1
6,9,229,2,10,5,0,666,0.42,420,0.58,1
6,10,818,0,0,500,0.6,1000,0.2,1400,0.2,1
6,11,324,1,0,666,0.42,420,0.58,1
7,0,462,2,10,5,0,500,0.6,1000,0.2,1400,0.2,1
7,1,828,1,0,300,0.5,1700,0.5,1
7,2,68,2,10,5,0,300,0.5,1700,0.5,1
7,3,831,1,0,300,0.5,572,0.32,486,0.18,1
7,4,508,1,0,300,0.5,572,0.32,486,0.18,1
7,5,529,0,0,666,0.42,420,0.58,1
7,6,648,2,10,5,0,300,0.5,1700,0.5,1
7,7,251,1,0,300,0.5,572,0.32,486,0.18,1
7,8,243,0,0,300,0.5,1700,0.5,1
7,9,431,0,0,300,0.5,572,0.32,486,0.18,1
7,10,780,0,0,300,0.5,1700,0.5,1
7,11,524,2,10,5,0,666,0.42,420,0.58,1
8,0,331,0,0,500,0.6,1000,0.2,1400,0.2,1
8,1,820,0,0,300,0.5,1700,0.5,1
8,2,538,1,0,666,0.42,420,0.58,1
8,3,313,1,0,666,0.42,420,0.58,1
8,4,875,0,0,300,0.5,572,0.32,486,0.18,1
8,5,640,0,0,300,0.5,572,0.32,486,0.18,1
8,6,530,0,0,666,0.42,420,0.58,1
8,7,960,0,0,500,0.6,1000,0.2,1400,0.2,1
8,8,704,0,0,666,0.42,420,0.58,1
8,9,70,2,10,5,0,666,0.42,420,0.58,1
8,10,87,0,0,300,0.5,1700,0.5,1
8,11,588,1,0,666,0.42,420,0.58,1
9,0,523,0,0,300,0.5,1700,0.5,1
9,1,189,1,0,500,0.6,1000,0.2,1400,0.2,1
9,2,159,1,0,300,0.5,572,0.32,486,0.18,1
9,3,862,0,0,300,0.5,572,0.32,486,0.18,1
9,4,374,1,0,300,0.5,572,0.32,486,0.18,1
9,5,500,0,0,666,0.42,420,0.58,1
9,6,136,0,0,666,0.42,420,0.58,1
9,7,342,0,0,300,0.5,572,0.32,486,0.18,1
9,8,295,0,0,300,0.5,572,0.32,486,0.18,1
9,9,926,2,10,5,0,300,0.5,1700,0.5,1
9,10,828,1,0,300,0.5,1700,0.5,1
9,11,669,2,10,5,0,300,0.5,1700,0.5,1
10,0,197,2,10,5,0,300,0.5,1700,0.5,1
10,1,994,2,10,5,0,300,0.5,1700,0.5,1
10,2,494,0,0,300,0.5,1700,0.5,1
10,3,208,0,0,666,0.42,420,0.58,1
10,4,784,1,0,500,0.6,1000,0.2,1400,0.2,1
10,5,554,1,0,300,0.5,572,0.32,486,0.18,1
10,6,239,1,0,300,0.5,1700,0.5,1
10,7,395,1,0,666,0.42,420,0.58,1
10,8,250,0,0,500,0.6,1000,0.2,1400,0.2,1
10,9,790,0,0,500,0.6,1000,0.2,1400,0.2,1
10,10,987,0,0,300,0.5,1700,0.5,1
10,11,347,1,0,666,0.42,420,0.58,1
11,0,684,1,0,300,0.5,1700,0.5,1
11,1,976,0,0,500,0.6,1000,0.2,1400,0.2,1
11,2,694,0,0,300,0.5,572,0.32,486,0.18,1
11,3,853,2,10,5,0,300,0.5,1700,0.5,1
11,4,686,2,10,5,0,500,0.6,1000,0.2,1400,0.2,1
11,5,684,2,10,5,0,300,0.5,572,0.32,486,0.18,1
11,6,590,1,0,666,0.42,420,0.58,1
11,7,921,0,0,500,0.6,1000,0.2,1400,0.2,1
11,8,619,2,10,5,0,500,0.6,1000,0.2,1400,0.2,1
11,9,330,1,0,300,0.5,572,0.32,486,0.18,1
11,10,39,0,0,300,0.5,572,0.32,486,0.18,1
11,11,228,0,0,500,0.6,1000,0.2,1400,0.2,1
