0,0,21,1,0,300,0.5,1700,0.5,1
0,1,181,1,0,666,0.42,420,0.58,1
0,2,910,1,0,300,0.5,572,0.32,486,0.18,1
0,3,581,2,10,5,0,300,0.5,572,0.32,486,0.18,1
0,4,478,2,10,5,0,300,0.5,572,0.32,486,0.18,1
0,5,260,0,0,300,0.5,572,0.32,486,0.18,1
0,6,690,1,0,666,0.42,420,0.58,1
0,7,726,2,10,5,0,300,0.5,572,0.32,486,0.18,1
0,8,300,1,0,300,0.5,1700,0.5,1
0,9,30,0,0,300,0.5,572,0.32,486,0.18,1
0,10,278,2,10,5,0,500,0.6,1000,0.2,1400,0.2,1
0,11,606,1,0,500,0.6,1000,0.2,1400,0.2,1
1,0,77,0,0,300,0.5,572,0.32,486,0.18,0
1,1,394,1,0,666,0.42,420,0.58,0
1,2,791,1,0,300,0.5,1700,0.5,0
1,3,855,1,0,666,0.42,420,0.58,0
1,4,444,0,0,300,0.5,1700,0.5,0
1,5,865,2,10,5,0,300,0.5,572,0.32,486,0.18,0
1,6,630,2,10,5,0,300,0.5,572,0.32,486,0.18,0
1,7,390,0,0,300,0.5,1700,0.5,0
1,8,271,2,10,5,0,500,0.6,1000,0.2,1400,0.2,0
1,9,396,1,0,300,0.5,572,0.32,486,0.18,0
1,10,819,2,10,5,0,666,0.42,420,0.58,0
1,11,129,1,0,500,0.6,1000,0.2,1400,0.2,0
2,0,112,1,0,300,0.5,1700,0.5,1
2,1,819,2,10,5,0,500,0.6,1000,0.2,1400,0.2,1
2,2,830,2,10,5,0,666,0.42,420,0.58,1
2,3,212,0,0,300,0.5,572,0.32,486,0.18,1
2,4,505,0,0,500,0.6,1000,0.2,1400,0.2,1
2,5,432,2,10,5,0,300,0.5,572,0.32,486,0.18,1
2,6,689,2,10,5,0,300,0.5,572,0.32,486,0.18,1
2,7,257,0,0,666,0.42,420,0.58,1
2,8,384,1,0,300,0.5,572,0.32,486,0.18,1
2,9,430,2,10,5,0,666,0.42,420,0.58,1
2,10,463,1,0,300,0.5,572,0.32,486,0.18,1
2,11,436,2,10,5,0,666,0.42,420,0.58,1
3,0,667,1,0,300,0.5,572,0.32,486,0.18,1
3,1,500,2,10,5,0,500,0.6,1000,0.2,1400,0.2,1
3,2,838,2,10,5,0,300,0.5,572,0.32,486,0.18,1
3,3,555,0,0,300,0.5,572,0.32,486,0.18,1
3,4,426,2,10,5,0,666,0.42,420,0.58,1
3,5,205,2,10,5,0,666,0.42,420,0.58,1
3,6,869,0,0,666,0.42,420,0.58,1
3,7,209,0,0,666,0.42,420,0.58,1
3,8,688,0,0,300,0.5,572,0.32,486,0.18,1
3,9,742,0,0,300,0.5,572,0.32,486,0.18,1
3,10,902,0,0,666,0.42,420,0.58,1
3,11,751,1,0,300,0.5,572,0.32,486,0.18,1
4,0,136,0,0,300,0.5,1700,0.5,1
4,1,540,1,0,300,0.5,1700,0.5,1
4,2,898,1,0,300,0.5,1700,0.5,1
4,3,412,2,10,5,0,666,0.42,420,0.58,1
4,4,229,0,0,500,0.6,1000,0.2,1400,0.2,1
4,5,333,0,0,500,0.6,1000,0.2,1400,0.2,1
4,6,900,1,0,300,0.5,572,0.32,486,0.18,1
4,7,416,0,0,500,0.6,1000,0.2,1400,0.2,1
4,8,217,2,10,5,0,500,0.6,1000,0.2,1400,0.2,1
4,9,527,0,0,666,0.42,420,0.58,1
4,10,394,2,10,5,0,666,0.42,420,0.58,1
4,11,909,1,0,500,0.6,1000,0.2,1400,0.2,1
5,0,804,1,0,500,0.6,1000,0.2,1400,0.2,1
5,1,539,2,10,5,0,300,0.5,572,0.32,486,0.18,1
5,2,38,1,0,300,0.5,1700,0.5,1
5,3,884,2,10,5,0,300,0.5,572,0.32,486,0.18,1
5,4,19,1,0,500,0.6,1000,0.2,1400,0.2,1
5,5,294,2,10,5,0,666,0.42,420,0.58,1
5,6,742,0,0,300,0.5,1700,0.5,1
5,7,904,1,0,300,0.5,1700,0.5,1
5,8,182,2,10,5,0,666,0.42,420,0.58,1
5,9,627,1,0,500,0.6,1000,0.2,1400,0.2,1
5,10,675,1,0,500,0.6,1000,0.2,1400,0.2,1
5,11,282,1,0,666,0.42,420,0.58,1
6,0,791,0,0,300,0.5,572,0.32,486,0.18,1
6,1,982,0,0,300,0.5,1700,0.5,1
6,2,309,1,0,300,0.5,1700,0.5,1
6,3,721,1,0,300,0.5,1700,0.5,1
6,4,247,2,10,5,0,666,0.42,420,0.58,1
6,5,762,0,0,300,0.5,1700,0.5,1
6,6,164,0,0,666,0.42,420,0.58,1
6,7,290,0,0,300,0.5,1700,0.5,1
6,8,966,0,0,666,0.42,420,0.58,1
6,9,546,2,10,5,0,500,0.6,1000,0.2,1400,0.2,1
6,10,490,0,0,500,0.6,1000,0.2,1400,0.2,1
6,11,955,2,10,5,0,300,0.5,1700,0.5,1
7,0,220,2,10,5,0,300,0.5,1700,0.5,1
7,1,54,0,0,666,0.42,420,0.58,1
7,2,726,2,10,5,0,300,0.5,1700,0.5,1
7,3,594,2,10,5,0,666,0.42,420,0.58,1
7,4,639,2,10,5,0,300,0.5,1700,0.5,1
7,5,316,2,10,5,0,300,0.5,572,0.32,486,0.18,1
7,6,815,0,0,666,0.42,420,0.58,1
7,7,105,1,0,300,0.5,572,0.32,486,0.18,1
7,8,491,0,0,500,0.6,1000,0.2,1400,0.2,1
7,9,303,0,0,300,0.5,1700,0.5,1
7,10,950,1,0,300,0.5,1700,0.5,1
7,11,858,0,0,666,0.42,420,0.58,1
8,0,186,1,0,300,0.5,572,0.32,486,0.18,1
8,1,382,1,0,500,0.6,1000,0.2,1400,0.2,1
8,2,593,0,0,300,0.5,572,0.32,486,0.18,1
8,3,167,1,0,300,0.5,1700,0.5,1
8,4,911,1,0,300,0.5,572,0.32,486,0.18,1
8,5,371,0,0,500,0.6,1000,0.2,1400,0.2,1
8,6,713,1,0,300,0.5,572,0.32,486,0.18,1
8,7,519,2,10,5,0,666,0.42,420,0.58,1
8,8,960,1,0,500,0.6,1000,0.2,1400,0.2,1
8,9,725,2,10,5,0,666,0.42,420,0.58,1
8,10,245,2,10,5,0,666,0.42,420,0.58,1
8,11,292,0,0,500,0.6,1000,0.2,1400,0.2,1
9,0,971,0,0,300,0.5,572,0.32,486,0.18,1
9,1,352,2,10,5,0,500,0.6,1000,0.2,1400,0.2,1
9,2,43,0,0,300,0.5,572,0.32,486,0.18,1
9,3,506,0,0,666,0.42,420,0.58,1
9,4,895,0,0,500,0.6,1000,0.2,1400,0.2,1
9,5,542,0,0,300,0.5,1700,0.5,1
9,6,475,2,10,5,0,300,0.5,1700,0.5,1
9,7,555,1,0,666,0.42,420,0.58,1
9,8,547,1,0,300,0.5,572,0.32,486,0.18,1
9,9,540,0,0,666,0.42,420,0.58,1
9,10,607,2,10,5,0,300,0.5,572,0.32,486,0.18,1
9,11,172,2,10,5,0,300,0.5,1700,0.5,1
10,0,281,0,0,300,0.5,1700,0.5,1
10,1,874,2,10,5,0,500,0.6,1000,0.2,1400,0.2,1
10,2,42,0,0,666,0.42,420,0.58,1
10,3,798,0,0,666,0.42,420,0.58,1
10,4,950,2,10,5,0,300,0.5,572,0.32,486,0.18,1
10,5,541,0,0,500,0.6,1000,0.2,1400,0.2,1
10,6,868,0,0,666,0.42,420,0.58,1
10,7,534,0,0,300,0.5,572,0.32,486,0.18,1
10,8,789,0,0,300,0.5,1700,0.5,1
10,9,586,2,10,5,0,300,0.5,1700,0.5,1
10,10,268,2,10,5,0,300,0.5,1700,0.5,1
10,11,912,1,0,666,0.42,420,0.58,1
11,0,20,1,0,300,0.5,1700,0.5,1
11,1,387,2,10,5,0,666,0.42,420,0.58,1
11,2,383,1,0,666,0.42,420,0.58,1
11,3,658,1,0,300,0.5,1700,0.5,1
11,4,545,2,10,5,0,500,0.6,1000,0.2,1400,0.2,1
11,5,872,2,10,5,0,300,0.5,1700,0.5,1
11,6,721,2,10,5,0,666,0.42,420,0.58,1
11,7,446,0,0,666,0.42,420,0.58,1
11,8,900,0,0,300,0.5,1700,0.5,1
11,9,521,1,0,666,0.42,420,0.58,1
11,10,510,0,0,666,0.42,420,0.58,1
11,11,303,2,10,5,0,300,0.5,572,0.32,486,0.18,1
