0,0,472,2,10,5,0,300,0.5,572,0.32,486,0.18,1
0,1,967,2,10,5,0,300,0.5,572,0.32,486,0.18,1
0,2,423,1,0,300,0.5,572,0.32,486,0.18,1
0,3,550,0,0,500,0.6,1000,0.2,1400,0.2,1
0,4,922,2,10,5,0,500,0.6,1000,0.2,1400,0.2,1
0,5,567,0,0,300,0.5,1700,0.5,1
0,6,759,0,0,500,0.6,1000,0.2,1400,0.2,1
0,7,206,2,10,5,0,300,0.5,572,0.32,486,0.18,1
0,8,271,2,10,5,0,666,0.42,420,0.58,1
0,9,839,1,0,300,0.5,1700,0.5,1
0,10,278,1,0,666,0.42,420,0.58,1
0,11,814,0,0,300,0.5,1700,0.5,1
1,0,804,0,0,300,0.5,1700,0.5,0
1,1,57,1,0,300,0.5,1700,0.5,0
1,2,379,1,0,500,0.6,1000,0.2,1400,0.2,0
1,3,749,2,10,5,0,500,0.6,1000,0.2,1400,0.2,0
1,4,555,2,10,5,0,300,0.5,1700,0.5,0
1,5,872,0,0,500,0.6,1000,0.2,1400,0.2,0
1,6,23,0,0,300,0.5,572,0.32,486,0.18,0
1,7,753,1,0,500,0.6,1000,0.2,1400,0.2,0
1,8,544,0,0,666,0.42,420,0.58,0
1,9,21,0,0,666,0.42,420,0.58,0
1,10,351,2,10,5,0,300,0.5,1700,0.5,0
1,11,706,0,0,300,0.5,1700,0.5,0
2,0,338,2,10,5,0,300,0.5,1700,0.5,1
2,1,131,2,10,5,0,300,0.5,1700,0.5,1
2,2,365,0,0,500,0.6,1000,0.2,1400,0.2,1
2,3,178,2,10,5,0,300,0.5,572,0.32,486,0.18,1
2,4,642,1,0,300,0.5,572,0.32,486,0.18,1
2,5,710,1,0,666,0.42,420,0.58,1
2,6,662,2,10,5,0,300,0.5,572,0.32,486,0.18,1
2,7,45,0,0,500,0.6,1000,0.2,1400,0.2,1
2,8,589,0,0,666,0.42,420,0.58,1
2,9,976,0,0,500,0.6,1000,0.2,1400,0.2,1
2,10,442,2,10,5,0,300,0.5,1700,0.5,1
2,11,325,2,10,5,0,500,0.6,1000,0.2,1400,0.2,1
3,0,59,1,0,500,0.6,1000,0.2,1400,0.2,1
3,1,484,0,0,666,0.42,420,0.58,1
3,2,993,0,0,300,0.5,1700,0.5,1
3,3,431,0,0,300,0.5,572,0.32,486,0.18,1
3,4,448,0,0,666,0.42,420,0.58,1
3,5,366,2,10,5,0,666,0.42,420,0.58,1
3,6,942,2,10,5,0,300,0.5,572,0.32,486,0.18,1
3,7,482,2,10,5,0,300,0.5,572,0.32,486,0.18,1
3,8,560,0,0,300,0.5,572,0.32,486,0.18,1
3,9,52,0,0,300,0.5,1700,0.5,1
3,10,585,0,0,300,0.5,572,0.32,486,0.18,1
3,11,213,0,0,300,0.5,1700,0.5,1
4,0,406,2,10,5,0,666,0.42,420,0.58,1
4,1,518,1,0,500,0.6,1000,0.2,1400,0.2,1
4,2,821,1,0,500,0.6,1000,0.2,1400,0.2,1
4,3,817,0,0,300,0.5,572,0.32,486,0.18,1
4,4,975,1,0,300,0.5,1700,0.5,1
4,5,242,0,0,500,0.6,1000,0.2,1400,0.2,1
4,6,438,1,0,300,0.5,1700,0.5,1
4,7,310,0,0,300,0.5,1700,0.5,1
4,8,101,1,0,300,0.5,1700,0.5,1
4,9,125,0,0,666,0.42,420,0.58,1
4,10,262,0,0,666,0.42,420,0.58,1
4,11,19,2,10,5,0,666,0.42,420,0.58,1
5,0,693,2,10,5,0,300,0.5,572,0.32,486,0.18,1
5,1,855,1,0,500,0.6,1000,0.2,1400,0.2,1
5,2,476,1,0,666,0.42,420,0.58,1
5,3,306,1,0,300,0.5,1700,0.5,1
5,4,820,0,0,500,0.6,1000,0.2,1400,0.2,1
5,5,129,1,0,300,0.5,572,0.32,486,0.18,1
5,6,174,1,0,300,0.5,572,0.32,486,0.18,1
5,7,518,2,10,5,0,500,0.6,1000,0.2,1400,0.2,1
5,8,773,1,0,666,0.42,420,0.58,1
5,9,163,0,0,666,0.42,420,0.58,1
5,10,150,1,0,300,0.5,572,0.32,486,0.18,1
5,11,180,1,0,300,0.5,572,0.32,486,0.18,1
6,0,495,0,0,300,0.5,1700,0.5,1
6,1,656,2,10,5,0,500,0.6,1000,0.2,1400,0.2,1
6,2,731,1,0,666,0.42,420,0.58,1
6,3,550,1,0,500,0.6,1000,0.2,1400,0.2,1
6,4,174,2,10,5,0,300,0.5,572,0.32,486,0.18,1
6,5,916,0,0,300,0.5,1700,0.5,1
6,6,259,1,0,500,0.6,1000,0.2,1400,0.2,1
6,7,992,2,10,5,0,666,0.42,420,0.58,1
6,8,869,0,0,300,0.5,572,0.32,486,0.18,1
6,9,440,1,0,500,0.6,1000,0.2,1400,0.2,1
6,10,462,0,0,500,0.6,1000,0.2,1400,0.2,1
6,11,514,2,10,5,0,666,0.42,420,0.58,1
7,0,684,2,10,5,0,666,0.42,420,0.58,1
7,1,911,1,0,300,0.5,572,0.32,486,0.18,1
7,2,398,0,0,300,0.5,572,0.32,486,0.18,1
7,3,582,0,0,300,0.5,1700,0.5,1
7,4,277,2,10,5,0,500,0.6,1000,0.2,1400,0.2,1
7,5,14,2,10,5,0,300,0.5,572,0.32,486,0.18,1
7,6,786,0,0,500,0.6,1000,0.2,1400,0.2,1
7,7,178,1,0,500,0.6,1000,0.2,1400,0.2,1
7,8,908,0,0,300,0.5,1700,0.5,1
7,9,477,1,0,300,0.5,572,0.32,486,0.18,1
7,10,587,2,10,5,0,300,0.5,1700,0.5,1
7,11,669,2,10,5,0,300,0.5,572,0.32,486,0.18,1
8,0,524,0,0,500,0.6,1000,0.2,1400,0.2,1
8,1,85,2,10,5,0,666,0.42,420,0.58,1
8,2,414,0,0,500,0.6,1000,0.2,1400,0.2,1
8,3,810,0,0,666,0.42,420,0.58,1
8,4,864,0,0,300,0.5,1700,0.5,1
8,5,251,2,10,5,0,500,0.6,1000,0.2,1400,0.2,1
8,6,26,1,0,300,0.5,572,0.32,486,0.18,1
8,7,500,0,0,666,0.42,420,0.58,1
8,8,976,0,0,500,0.6,1000,0.2,1400,0.2,1
8,9,283,2,10,5,0,300,0.5,572,0.32,486,0.18,1
8,10,970,2,10,5,0,300,0.5,1700,0.5,1
8,11,780,0,0,500,0.6,1000,0.2,1400,0.2,1
9,0,948,1,0,500,0.6,1000,0.2,1400,0.2,1
9,1,76,2,10,5,0,300,0.5,572,0.32,486,0.18,1
9,2,144,0,0,300,0.5,572,0.32,486,0.18,1
9,3,266,0,0,300,0.5,1700,0.5,1
9,4,283,2,10,5,0,300,0.5,572,0.32,486,0.18,1
9,5,894,0,0,300,0.5,1700,0.5,1
9,6,835,1,0,300,0.5,572,0.32,486,0.18,1
9,7,395,1,0,666,0.42,420,0.58,1
9,8,84,1,0,300,0.5,572,0.32,486,0.18,1
9,9,814,2,10,5,0,300,0.5,1700,0.5,1
9,10,511,0,0,666,0.42,420,0.58,1
9,11,322,0,0,500,0.6,1000,0.2,1400,0.2,1
10,0,195,0,0,666,0.42,420,0.58,1
10,1,821,0,0,300,0.5,1700,0.5,1
10,2,66,0,0,300,0.5,572,0.32,486,0.18,1
10,3,697,1,0,500,0.6,1000,0.2,1400,0.2,1
10,4,246,0,0,666,0.42,420,0.58,1
10,5,778,0,0,300,0.5,1700,0.5,1
10,6,516,2,10,5,0,666,0.42,420,0.58,1
10,7,218,2,10,5,0,500,0.6,1000,0.2,1400,0.2,1
10,8,328,0,0,300,0.5,572,0.32,486,0.18,1
10,9,588,2,10,5,0,666,0.42,420,0.58,1
10,10,588,1,0,666,0.42,420,0.58,1
10,11,460,0,0,666,0.42,420,0.58,1
11,0,88,1,0,300,0.5,572,0.32,486,0.18,1
11,1,786,0,0,500,0.6,1000,0.2,1400,0.2,1
11,2,91,1,0,500,0.6,1000,0.2,1400,0.2,1
11,3,837,1,0,300,0.5,572,0.32,486,0.18,1
11,4,452,0,0,300,0.5,1700,0.5,1
11,5,197,2,10,5,0,300,0.5,572,0.32,486,0.18,1
11,6,186,1,0,500,0.6,1000,0.2,1400,0.2,1
11,7,831,2,10,5,0,300,0.5,572,0.32,486,0.18,1
11,8,754,0,0,666,0.42,420,0.58,1
11,9,655,0,0,500,0.6,1000,0.2,1400,0.2,1
11,10,962,1,0,300,0.5,1700,0.5,1
11,11,414,1,0,300,0.5,1700,0.5,1
