0,0,755,1,0,300,0.5,572,0.32,486,0.18,1
0,1,488,1,0,300,0.5,572,0.32,486,0.18,1
0,2,632,2,10,5,0,300,0.5,1700,0.5,1
0,3,819,0,0,666,0.42,420,0.58,1
0,4,86,0,0,500,0.6,1000,0.2,1400,0.2,1
0,5,421,0,0,300,0.5,1700,0.5,1
0,6,701,2,10,5,0,300,0.5,572,0.32,486,0.18,1
0,7,718,0,0,300,0.5,572,0.32,486,0.18,1
0,8,271,1,0,500,0.6,1000,0.2,1400,0.2,1
0,9,731,0,0,300,0.5,572,0.32,486,0.18,1
0,10,781,0,0,666,0.42,420,0.58,1
0,11,439,1,0,300,0.5,572,0.32,486,0.18,1
1,0,547,0,0,666,0.42,420,0.58,0
1,1,970,0,0,500,0.6,1000,0.2,1400,0.2,0
1,2,704,1,0,300,0.5,1700,0.5,0
1,3,420,2,10,5,0,666,0.42,420,0.58,0
1,4,187,1,0,300,0.5,1700,0.5,0
1,5,426,1,0,300,0.5,1700,0.5,0
1,6,747,0,0,300,0.5,1700,0.5,0
1,7,39,1,0,666,0.42,420,0.58,0
1,8,674,2,10,5,0,300,0.5,572,0.32,486,0.18,0
1,9,686,1,0,300,0.5,1700,0.5,0
1,10,722,0,0,300,0.5,1700,0.5,0
1,11,317,0,0,666,0.42,420,0.58,0
2,0,195,0,0,666,0.42,420,0.58,1
2,1,533,1,0,666,0.42,420,0.58,1
2,2,519,0,0,300,0.5,1700,0.5,1
2,3,23,1,0,666,0.42,420,0.58,1
2,4,833,1,0,500,0.6,1000,0.2,1400,0.2,1
2,5,376,0,0,300,0.5,1700,0.5,1
2,6,466,2,10,5,0,500,0.6,1000,0.2,1400,0.2,1
2,7,872,1,0,666,0.42,420,0.58,1
2,8,881,2,10,5,0,300,0.5,572,0.32,486,0.18,1
2,9,804,1,0,500,0.6,1000,0.2,1400,0.2,1
2,10,707,0,0,300,0.5,1700,0.5,1
2,11,310,0,0,300,0.5,1700,0.5,1
3,0,49,0,0,500,0.6,1000,0.2,1400,0.2,1
3,1,254,1,0,500,0.6,1000,0.2,1400,0.2,1
3,2,655,1,0,300,0.5,1700,0.5,1
3,3,455,2,10,5,0,300,0.5,1700,0.5,1
3,4,148,0,0,300,0.5,572,0.32,486,0.18,1
3,5,617,0,0,300,0.5,1700,0.5,1
3,6,443,1,0,666,0.42,420,0.58,1
3,7,488,0,0,500,0.6,1000,0.2,1400,0.2,1
3,8,736,2,10,5,0,666,0.42,420,0.58,1
3,9,895,2,10,5,0,300,0.5,1700,0.5,1
3,10,270,2,10,5,0,500,0.6,1000,0.2,1400,0.2,1
3,11,292,2,10,5,0,500,0.6,1000,0.2,1400,0.2,1
4,0,588,1,0,500,0.6,1000,0.2,1400,0.2,1
4,1,149,0,0,300,0.5,572,0.32,486,0.18,1
4,2,267,0,0,300,0.5,572,0.32,486,0.18,1
4,3,122,0,0,300,0.5,572,0.32,486,0.18,1
4,4,572,0,0,666,0.42,420,0.58,1
4,5,978,0,0,500,0.6,1000,0.2,1400,0.2,1
4,6,363,1,0,666,0.42,420,0.58,1
4,7,853,0,0,300,0.5,572,0.32,486,0.18,1
4,8,129,2,10,5,0,500,0.6,1000,0.2,1400,0.2,1
4,9,164,1,0,666,0.42,420,0.58,1
4,10,658,2,10,5,0,666,0.42,420,0.58,1
4,11,342,2,10,5,0,300,0.5,572,0.32,486,0.18,1
5,0,549,1,0,300,0.5,572,0.32,486,0.18,1
5,1,15,2,10,5,0,300,0.5,1700,0.5,1
5,2,868,1,0,500,0.6,1000,0.2,1400,0.2,1
5,3,728,2,10,5,0,666,0.42,420,0.58,1
5,4,245,1,0,300,0.5,572,0.32,486,0.18,1
5,5,535,0,0,300,0.5,572,0.32,486,0.18,1
5,6,135,2,10,5,0,500,0.6,1000,0.2,1400,0.2,1
5,7,408,0,0,500,0.6,1000,0.2,1400,0.2,1
5,8,308,2,10,5,0,300,0.5,572,0.32,486,0.18,1
5,9,934,1,0,300,0.5,572,0.32,486,0.18,1
5,10,809,0,0,300,0.5,1700,0.5,1
5,11,787,2,10,5,0,500,0.6,1000,0.2,1400,0.2,1
6,0,439,0,0,500,0.6,1000,0.2,1400,0.2,1
6,1,953,0,0,666,0.42,420,0.58,1
6,2,583,1,0,300,0.5,1700,0.5,1
6,3,892,1,0,300,0.5,572,0.32,486,0.18,1
6,4,817,0,0,300,0.5,572,0.32,486,0.18,1
6,5,296,2,10,5,0,666,0.42,420,0.58,1
6,6,80,0,0,300,0.5,1700,0.5,1
6,7,210,0,0,300,0.5,572,0.32,486,0.18,1
6,8,539,1,0,300,0.5,572,0.32,486,0.18,1
6,9,65,1,0,300,0.5,572,0.32,486,0.18,1
6,10,922,0,0,666,0.42,420,0.58,1
6,11,945,1,0,300,0.5,572,0.32,486,0.18,1
7,0,781,2,10,5,0,300,0.5,572,0.32,486,0.18,1
7,1,282,2,10,5,0,500,0.6,1000,0.2,1400,0.2,1
7,2,324,0,0,666,0.42,420,0.58,1
7,3,621,0,0,300,0.5,1700,0.5,1
7,4,702,1,0,300,0.5,1700,0.5,1
7,5,530,0,0,300,0.5,572,0.32,486,0.18,1
7,6,300,0,0,500,0.6,1000,0.2,1400,0.2,1
7,7,701,1,0,300,0.5,572,0.32,486,0.18,1
7,8,454,1,0,300,0.5,1700,0.5,1
7,9,192,2,10,5,0,300,0.5,572,0.32,486,0.18,1
7,10,81,1,0,300,0.5,1700,0.5,1
7,11,956,1,0,300,0.5,1700,0.5,1
8,0,451,0,0,666,0.42,420,0.58,1
8,1,992,1,0,500,0.6,1000,0.2,1400,0.2,1
8,2,249,0,0,500,0.6,1000,0.2,1400,0.2,1
8,3,603,1,0,300,0.5,572,0.32,486,0.18,1
8,4,904,0,0,500,0.6,1000,0.2,1400,0.2,1
8,5,233,1,0,500,0.6,1000,0.2,1400,0.2,1
8,6,278,2,10,5,0,300,0.5,572,0.32,486,0.18,1
8,7,112,0,0,500,0.6,1000,0.2,1400,0.2,1
8,8,942,0,0,300,0.5,572,0.32,486,0.18,1
8,9,916,2,10,5,0,300,0.5,1700,0.5,1
8,10,696,0,0,300,0.5,572,0.32,486,0.18,1
8,11,236,1,0,300,0.5,572,0.32,486,0.18,1
9,0,102,1,0,300,0.5,572,0.32,486,0.18,1
9,1,182,2,10,5,0,300,0.5,572,0.32,486,0.18,1
9,2,696,1,0,500,0.6,1000,0.2,1400,0.2,1
9,3,539,1,0,300,0.5,572,0.32,486,0.18,1
9,4,208,0,0,666,0.42,420,0.58,1
9,5,313,0,0,500,0.6,1000,0.2,1400,0.2,1
9,6,425,2,10,5,0,300,0.5,1700,0.5,1
9,7,755,1,0,666,0.42,420,0.58,1
9,8,102,2,10,5,0,300,0.5,1700,0.5,1
9,9,983,2,10,5,0,300,0.5,572,0.32,486,0.18,1
9,10,879,2,10,5,0,300,0.5,572,0.32,486,0.18,1
9,11,71,0,0,500,0.6,1000,0.2,1400,0.2,1
10,0,552,0,0,500,0.6,1000,0.2,1400,0.2,1
10,1,292,2,10,5,0,500,0.6,1000,0.2,1400,0.2,1
10,2,119,0,0,300,0.5,1700,0.5,1
10,3,782,0,0,300,0.5,572,0.32,486,0.18,1
10,4,617,1,0,666,0.42,420,0.58,1
10,5,205,2,10,5,0,500,0.6,1000,0.2,1400,0.2,1
10,6,904,2,10,5,0,300,0.5,572,0.32,486,0.18,1
10,7,550,2,10,5,0,666,0.42,420,0.58,1
10,8,306,1,0,300,0.5,572,0.32,486,0.18,1
10,9,509,2,10,5,0,500,0.6,1000,0.2,1400,0.2,1
10,10,776,1,0,300,0.5,1700,0.5,1
10,11,224,0,0,300,0.5,572,0.32,486,0.18,1
11,0,461,0,0,500,0.6,1000,0.2,1400,0.2,1
11,1,347,0,0,300,0.5,1700,0.5,1
11,2,701,2,10,5,0,666,0.42,420,0.58,1
11,3,127,2,10,5,0,300,0.5,572,0.32,486,0.18,1
11,4,429,0,0,300,0.5,572,0.32,486,0.18,1
11,5,541,1,0,500,0.6,1000,0.2,1400,0.2,1
11,6,806,1,0,666,0.42,420,0.58,1
11,7,214,2,10,5,0,300,0.5,572,0.32,486,0.18,1
11,8,505,1,0,300,0.5,1700,0.5,1
11,9,881,1,0,666,0.42,420,0.58,1
11,10,108,2,10,5,0,300,0.5,572,0.32,486,0.18,1
11,11,298,1,0,300,0.5,572,0.32,486,0.18,1
