0,0,974,0,0,500,0.6,1000,0.2,1400,0.2,1
0,1,88,2,10,5,0,300,0.5,1700,0.5,1
0,2,175,0,0,500,0.6,1000,0.2,1400,0.2,1
0,3,291,0,0,300,0.5,1700,0.5,1
0,4,308,2,10,5,0,666,0.42,420,0.58,1
0,5,17,1,0,500,0.6,1000,0.2,1400,0.2,1
0,6,772,1,0,300,0.5,572,0.32,486,0.18,1
0,7,362,0,0,500,0.6,1000,0.2,1400,0.2,1
0,8,605,2,10,5,0,300,0.5,572,0.32,486,0.18,1
0,9,554,0,0,500,0.6,1000,0.2,1400,0.2,1
0,10,738,1,0,500,0.6,1000,0.2,1400,0.2,1
0,11,423,1,0,300,0.5,1700,0.5,1
1,0,278,0,0,666,0.42,420,0.58,0
1,1,907,1,0,300,0.5,572,0.32,486,0.18,0
1,2,762,1,0,666,0.42,420,0.58,0
1,3,890,2,10,5,0,300,0.5,1700,0.5,0
1,4,936,2,10,5,0,300,0.5,572,0.32,486,0.18,0
1,5,470,1,0,300,0.5,1700,0.5,0
1,6,439,0,0,500,0.6,1000,0.2,1400,0.2,0
1,7,235,0,0,300,0.5,1700,0.5,0
1,8,206,2,10,5,0,666,0.42,420,0.58,0
1,9,956,2,10,5,0,300,0.5,572,0.32,486,0.18,0
1,10,96,0,0,666,0.42,420,0.58,0
1,11,350,2,10,5,0,300,0.5,1700,0.5,0
2,0,63,0,0,300,0.5,1700,0.5,1
2,1,635,0,0,300,0.5,1700,0.5,1
2,2,698,1,0,300,0.5,572,0.32,486,0.18,1
2,3,496,2,10,5,0,500,0.6,1000,0.2,1400,0.2,1
2,4,730,0,0,500,0.6,1000,0.2,1400,0.2,1
2,5,398,1,0,666,0.42,420,0.58,1
2,6,216,2,10,5,0,500,0.6,1000,0.2,1400,0.2,1
2,7,670,1,0,666,0.42,420,0.58,1
2,8,379,2,10,5,0,300,0.5,572,0.32,486,0.18,1
2,9,240,1,0,500,0.6,1000,0.2,1400,0.2,1
2,10,925,1,0,500,0.6,1000,0.2,1400,0.2,1
2,11,601,2,10,5,0,666,0.42,420,0.58,1
3,0,230,2,10,5,0,666,0.42,420,0.58,1
3,1,801,2,10,5,0,666,0.42,420,0.58,1
3,2,47,2,10,5,0,300,0.5,1700,0.5,1
3,3,172,0,0,300,0.5,1700,0.5,1
3,4,385,2,10,5,0,666,0.42,420,0.58,1
3,5,309,0,0,300,0.5,1700,0.5,1
3,6,771,2,10,5,0,300,0.5,572,0.32,486,0.18,1
3,7,248,1,0,500,0.6,1000,0.2,1400,0.2,1
3,8,193,0,0,300,0.5,1700,0.5,1
3,9,166,2,10,5,0,666,0.42,420,0.58,1
3,10,793,1,0,666,0.42,420,0.58,1
3,11,481,0,0,300,0.5,572,0.32,486,0.18,1
4,0,193,1,0,666,0.42,420,0.58,1
4,1,830,1,0,300,0.5,572,0.32,486,0.18,1
4,2,330,2,10,5,0,666,0.42,420,0.58,1
4,3,1000,2,10,5,0,300,0.5,1700,0.5,1
4,4,826,0,0,300,0.5,1700,0.5,1
4,5,373,1,0,300,0.5,1700,0.5,1
4,6,169,1,0,500,0.6,1000,0.2,1400,0.2,1
4,7,337,2,10,5,0,666,0.42,420,0.58,1
4,8,117,0,0,666,0.42,420,0.58,1
4,9,70,0,0,666,0.42,420,0.58,1
4,10,527,2,10,5,0,666,0.42,420,0.58,1
4,11,157,2,10,5,0,666,0.42,420,0.58,1
5,0,114,1,0,666,0.42,420,0.58,1
5,1,747,1,0,300,0.5,1700,0.5,1
5,2,84,1,0,666,0.42,420,0.58,1
5,3,705,1,0,500,0.6,1000,0.2,1400,0.2,1
5,4,828,0,0,666,0.42,420,0.58,1
5,5,934,1,0,300,0.5,572,0.32,486,0.18,1
5,6,562,2,10,5,0,666,0.42,420,0.58,1
5,7,609,1,0,300,0.5,572,0.32,486,0.18,1
5,8,429,2,10,5,0,500,0.6,1000,0.2,1400,0.2,1
5,9,176,2,10,5,0,300,0.5,572,0.32,486,0.18,1
5,10,523,0,0,300,0.5,1700,0.5,1
5,11,149,0,0,300,0.5,572,0.32,486,0.18,1
6,0,648,2,10,5,0,300,0.5,572,0.32,486,0.18,1
6,1,414,2,10,5,0,300,0.5,1700,0.5,1
6,2,463,2,10,5,0,300,0.5,572,0.32,486,0.18,1
6,3,252,1,0,300,0.5,572,0.32,486,0.18,1
6,4,326,0,0,300,0.5,572,0.32,486,0.18,1
6,5,17,2,10,5,0,500,0.6,1000,0.2,1400,0.2,1
6,6,929,2,10,5,0,300,0.5,1700,0.5,1
6,7,641,1,0,666,0.42,420,0.58,1
6,8,961,2,10,5,0,500,0.6,1000,0.2,1400,0.2,1
6,9,159,0,0,500,0.6,1000,0.2,1400,0.2,1
6,10,552,1,0,500,0.6,1000,0.2,1400,0.2,1
6,11,81,0,0,300,0.5,572,0.32,486,0.18,1
7,0,534,0,0,300,0.5,572,0.32,486,0.18,1
7,1,38,1,0,666,0.42,420,0.58,1
7,2,883,0,0,666,0.42,420,0.58,1
7,3,850,2,10,5,0,300,0.5,1700,0.5,1
7,4,183,0,0,500,0.6,1000,0.2,1400,0.2,1
7,5,651,0,0,666,0.42,420,0.58,1
7,6,389,2,10,5,0,500,0.6,1000,0.2,1400,0.2,1
7,7,228,0,0,300,0.5,572,0.32,486,0.18,1
7,8,717,1,0,300,0.5,1700,0.5,1
7,9,16,1,0,300,0.5,1700,0.5,1
7,10,164,2,10,5,0,300,0.5,572,0.32,486,0.18,1
7,11,321,0,0,500,0.6,1000,0.2,1400,0.2,1
8,0,636,0,0,300,0.5,1700,0.5,1
8,1,341,0,0,666,0.42,420,0.58,1
8,2,481,2,10,5,0,300,0.5,572,0.32,486,0.18,1
8,3,208,1,0,300,0.5,572,0.32,486,0.18,1
8,4,477,1,0,500,0.6,1000,0.2,1400,0.2,1
8,5,931,1,0,666,0.42,420,0.58,1
8,6,663,1,0,500,0.6,1000,0.2,1400,0.2,1
8,7,377,1,0,666,0.42,420,0.58,1
8,8,397,0,0,500,0.6,1000,0.2,1400,0.2,1
8,9,206,0,0,300,0.5,572,0.32,486,0.18,1
8,10,292,1,0,300,0.5,572,0.32,486,0.18,1
8,11,108,0,0,300,0.5,572,0.32,486,0.18,1
9,0,709,0,0,300,0.5,572,0.32,486,0.18,1
9,1,818,2,10,5,0,300,0.5,572,0.32,486,0.18,1
9,2,198,1,0,300,0.5,572,0.32,486,0.18,1
9,3,984,2,10,5,0,500,0.6,1000,0.2,1400,0.2,1
9,4,14,1,0,666,0.42,420,0.58,1
9,5,391,2,10,5,0,500,0.6,1000,0.2,1400,0.2,1
9,6,24,1,0,500,0.6,1000,0.2,1400,0.2,1
9,7,870,0,0,500,0.6,1000,0.2,1400,0.2,1
9,8,383,0,0,500,0.6,1000,0.2,1400,0.2,1
9,9,937,1,0,500,0.6,1000,0.2,1400,0.2,1
9,10,355,0,0,666,0.42,420,0.58,1
9,11,143,2,10,5,0,666,0.42,420,0.58,1
10,0,685,1,0,300,0.5,1700,0.5,1
10,1,884,0,0,300,0.5,1700,0.5,1
10,2,435,1,0,300,0.5,1700,0.5,1
10,3,782,0,0,300,0.5,1700,0.5,1
10,4,719,1,0,300,0.5,572,0.32,486,0.18,1
10,5,585,1,0,500,0.6,1000,0.2,1400,0.2,1
10,6,379,1,0,500,0.6,1000,0.2,1400,0.2,1
10,7,322,1,0,500,0.6,1000,0.2,1400,0.2,1
10,8,229,2,10,5,0,300,0.5,572,0.32,486,0.18,1
10,9,875,2,10,5,0,300,0.5,1700,0.5,1
10,10,133,2,10,5,0,300,0.5,572,0.32,486,0.18,1
10,11,869,0,0,666,0.42,420,0.58,1
11,0,424,0,0,666,0.42,420,0.58,1
11,1,775,0,0,300,0.5,572,0.32,486,0.18,1
11,2,374,2,10,5,0,666,0.42,420,0.58,1
11,3,880,2,10,5,0,300,0.5,572,0.32,486,0.18,1
11,4,1000,2,10,5,0,500,0.6,1000,0.2,1400,0.2,1
11,5,572,0,0,500,0.6,1000,0.2,1400,0.2,1
11,6,655,1,0,300,0.5,572,0.32,486,0.18,1
11,7,590,1,0,300,0.5,1700,0.5,1
11,8,564,2,10,5,0,300,0.5,572,0.32,486,0.18,1
11,9,115,1,0,300,0.5,572,0.32,486,0.18,1
11,10,698,0,0,300,0.5,1700,0.5,1
11,11,213,0,0,300,0.5,1700,0.5,1
