0,0,955,2,10,5,0,300,0.5,572,0.32,486,0.18,1
0,1,360,1,0,300,0.5,572,0.32,486,0.18,1
0,2,272,1,0,666,0.42,420,0.58,1
0,3,921,1,0,300,0.5,1700,0.5,1
0,4,483,2,10,5,0,300,0.5,572,0.32,486,0.18,1
0,5,357,2,10,5,0,300,0.5,1700,0.5,1
0,6,355,0,0,300,0.5,572,0.32,486,0.18,1
0,7,36,0,0,300,0.5,1700,0.5,1
0,8,937,2,10,5,0,300,0.5,1700,0.5,1
0,9,126,0,0,300,0.5,572,0.32,486,0.18,1
0,10,988,1,0,500,0.6,1000,0.2,1400,0.2,1
0,11,354,1,0,500,0.6,1000,0.2,1400,0.2,1
1,0,839,0,0,300,0.5,572,0.32,486,0.18,0
1,1,117,0,0,500,0.6,1000,0.2,1400,0.2,0
1,2,539,1,0,500,0.6,1000,0.2,1400,0.2,0
1,3,505,2,10,5,0,500,0.6,1000,0.2,1400,0.2,0
1,4,385,1,0,300,0.5,572,0.32,486,0.18,0
1,5,610,1,0,500,0.6,1000,0.2,1400,0.2,0
1,6,399,2,10,5,0,500,0.6,1000,0.2,1400,0.2,0
1,7,239,0,0,300,0.5,1700,0.5,0
1,8,720,1,0,666,0.42,420,0.58,0
1,9,755,0,0,666,0.42,420,0.58,0
1,10,919,2,10,5,0,666,0.42,420,0.58,0
1,11,894,2,10,5,0,300,0.5,572,0.32,486,0.18,0
2,0,718,1,0,500,0.6,1000,0.2,1400,0.2,1
2,1,155,2,10,5,0,500,0.6,1000,0.2,1400,0.2,1
2,2,32,0,0,500,0.6,1000,0.2,1400,0.2,1
2,3,328,1,0,500,0.6,1000,0.2,1400,0.2,1
2,4,526,0,0,666,0.42,420,0.58,1
2,5,995,0,0,300,0.5,572,0.32,486,0.18,1
2,6,546,0,0,666,0.42,420,0.58,1
2,7,47,2,10,5,0,300,0.5,572,0.32,486,0.18,1
2,8,975,2,10,5,0,500,0.6,1000,0.2,1400,0.2,1
2,9,81,0,0,300,0.5,1700,0.5,1
2,10,858,1,0,300,0.5,572,0.32,486,0.18,1
2,11,276,0,0,666,0.42,420,0.58,1
3,0,493,2,10,5,0,500,0.6,1000,0.2,1400,0.2,1
3,1,307,1,0,500,0.6,1000,0.2,1400,0.2,1
3,2,472,2,10,5,0,666,0.42,420,0.58,1
3,3,167,0,0,500,0.6,1000,0.2,1400,0.2,1
3,4,568,2,10,5,0,300,0.5,572,0.32,486,0.18,1
3,5,725,1,0,300,0.5,1700,0.5,1
3,6,225,2,10,5,0,500,0.6,1000,0.2,1400,0.2,1
3,7,438,1,0,300,0.5,1700,0.5,1
3,8,647,0,0,666,0.42,420,0.58,1
3,9,35,2,10,5,0,666,0.42,420,0.58,1
3,10,60,2,10,5,0,500,0.6,1000,0.2,1400,0.2,1
3,11,794,0,0,300,0.5,1700,0.5,1
4,0,524,0,0,300,0.5,572,0.32,486,0.18,1
4,1,322,0,0,500,0.6,1000,0.2,1400,0.2,1
4,2,272,2,10,5,0,300,0.5,572,0.32,486,0.18,1
4,3,628,0,0,300,0.5,1700,0.5,1
4,4,963,0,0,300,0.5,572,0.32,486,0.18,1
4,5,721,1,0,666,0.42,420,0.58,1
4,6,38,1,0,500,0.6,1000,0.2,1400,0.2,1
4,7,95,1,0,300,0.5,572,0.32,486,0.18,1
4,8,587,2,10,5,0,500,0.6,1000,0.2,1400,0.2,1
4,9,690,2,10,5,0,500,0.6,1000,0.2,1400,0.2,1
4,10,369,0,0,300,0.5,1700,0.5,1
4,11,61,2,10,5,0,300,0.5,1700,0.5,1
5,0,852,1,0,666,0.42,420,0.58,1
5,1,485,1,0,666,0.42,420,0.58,1
5,2,984,2,10,5,0,666,0.42,420,0.58,1
5,3,729,2,10,5,0,500,0.6,1000,0.2,1400,0.2,1
5,4,419,0,0,300,0.5,1700,0.5,1
5,5,813,2,10,5,0,666,0.42,420,0.58,1
5,6,262,2,10,5,0,500,0.6,1000,0.2,1400,0.2,1
5,7,244,1,0,500,0.6,1000,0.2,1400,0.2,1
5,8,642,1,0,300,0.5,572,0.32,486,0.18,1
5,9,999,2,10,5,0,500,0.6,1000,0.2,1400,0.2,1
5,10,512,0,0,300,0.5,572,0.32,486,0.18,1
5,11,605,1,0,500,0.6,1000,0.2,1400,0.2,1
6,0,440,2,10,5,0,300,0.5,1700,0.5,1
6,1,388,0,0,500,0.6,1000,0.2,1400,0.2,1
6,2,661,0,0,666,0.42,420,0.58,1
6,3,264,0,0,300,0.5,1700,0.5,1
6,4,674,2,10,5,0,500,0.6,1000,0.2,1400,0.2,1
6,5,606,2,10,5,0,300,0.5,572,0.32,486,0.18,1
6,6,808,1,0,500,0.6,1000,0.2,1400,0.2,1
6,7,339,0,0,300,0.5,1700,0.5,1
6,8,787,0,0,500,0.6,1000,0.2,1400,0.2,1
6,9,504,0,0,500,0.6,1000,0.2,1400,0.2,1
6,10,835,0,0,300,0.5,572,0.32,486,0.18,1
6,11,788,2,10,5,0,300,0.5,1700,0.5,1
7,0,202,2,10,5,0,300,0.5,572,0.32,486,0.18,1
7,1,427,1,0,500,0.6,1000,0.2,1400,0.2,1
7,2,459,1,0,300,0.5,572,0.32,486,0.18,1
7,3,918,1,0,666,0.42,420,0.58,1
7,4,396,0,0,300,0.5,1700,0.5,1
7,5,475,0,0,300,0.5,572,0.32,486,0.18,1
7,6,308,2,10,5,0,666,0.42,420,0.58,1
7,7,736,0,0,300,0.5,1700,0.5,1
7,8,60,2,10,5,0,666,0.42,420,0.58,1
7,9,256,1,0,666,0.42,420,0.58,1
7,10,862,0,0,300,0.5,1700,0.5,1
7,11,212,0,0,300,0.5,1700,0.5,1
8,0,868,2,10,5,0,666,0.42,420,0.58,1
8,1,211,2,10,5,0,666,0.42,420,0.58,1
8,2,93,0,0,666,0.42,420,0.58,1
8,3,689,0,0,300,0.5,572,0.32,486,0.18,1
8,4,700,1,0,666,0.42,420,0.58,1
8,5,214,2,10,5,0,666,0.42,420,0.58,1
8,6,417,1,0,666,0.42,420,0.58,1
8,7,546,2,10,5,0,300,0.5,572,0.32,486,0.18,1
8,8,93,2,10,5,0,500,0.6,1000,0.2,1400,0.2,1
8,9,182,2,10,5,0,500,0.6,1000,0.2,1400,0.2,1
8,10,677,2,10,5,0,500,0.6,1000,0.2,1400,0.2,1
8,11,767,1,0,300,0.5,1700,0.5,1
9,0,640,1,0,300,0.5,572,0.32,486,0.18,1
9,1,978,2,10,5,0,300,0.5,1700,0.5,1
9,2,754,2,10,5,0,666,0.42,420,0.58,1
9,3,642,2,10,5,0,500,0.6,1000,0.2,1400,0.2,1
9,4,580,2,10,5,0,300,0.5,1700,0.5,1
9,5,258,1,0,300,0.5,1700,0.5,1
9,6,20,1,0,500,0.6,1000,0.2,1400,0.2,1
9,7,173,1,0,300,0.5,1700,0.5,1
9,8,321,0,0,300,0.5,1700,0.5,1
9,9,413,2,10,5,0,666,0.42,420,0.58,1
9,10,174,1,0,500,0.6,1000,0.2,1400,0.2,1
9,11,806,2,10,5,0,300,0.5,1700,0.5,1
10,0,688,0,0,300,0.5,1700,0.5,1
10,1,294,2,10,5,0,300,0.5,572,0.32,486,0.18,1
10,2,806,2,10,5,0,500,0.6,1000,0.2,1400,0.2,1
10,3,432,1,0,300,0.5,572,0.32,486,0.18,1
10,4,803,2,10,5,0,666,0.42,420,0.58,1
10,5,905,2,10,5,0,666,0.42,420,0.58,1
10,6,109,1,0,666,0.42,420,0.58,1
10,7,690,2,10,5,0,666,0.42,420,0.58,1
10,8,293,1,0,300,0.5,1700,0.5,1
10,9,451,0,0,666,0.42,420,0.58,1
10,10,297,2,10,5,0,666,0.42,420,0.58,1
10,11,967,2,10,5,0,300,0.5,572,0.32,486,0.18,1
11,0,897,2,10,5,0,300,0.5,572,0.32,486,0.18,1
11,1,351,1,0,666,0.42,420,0.58,1
11,2,476,2,10,5,0,666,0.42,420,0.58,1
11,3,759,0,0,666,0.42,420,0.58,1
11,4,965,2,10,5,0,300,0.5,1700,0.5,1
11,5,349,2,10,5,0,500,0.6,1000,0.2,1400,0.2,1
11,6,830,2,10,5,0,500,0.6,1000,0.2,1400,0.2,1
11,7,963,0,0,300,0.5,572,0.32,486,0.18,1
11,8,808,2,10,5,0,500,0.6,1000,0.2,1400,0.2,1
11,9,175,0,0,300,0.5,1700,0.5,1
11,10,325,0,0,500,0.6,1000,0.2,1400,0.2,1
11,11,679,0,0,500,0.6,1000,0.2,1400,0.2,1
