0,0,456,0,0,300,0.5,572,0.32,486,0.18,1
0,1,609,2,10,5,0,666,0.42,420,0.58,1
0,2,563,0,0,500,0.6,1000,0.2,1400,0.2,1
0,3,105,1,0,300,0.5,572,0.32,486,0.18,1
0,4,501,1,0,666,0.42,420,0.58,1
0,5,115,2,10,5,0,500,0.6,1000,0.2,1400,0.2,1
0,6,804,2,10,5,0,666,0.42,420,0.58,1
0,7,369,0,0,500,0.6,1000,0.2,1400,0.2,1
0,8,102,1,0,300,0.5,572,0.32,486,0.18,1
0,9,19,2,10,5,0,666,0.42,420,0.58,1
0,10,109,1,0,500,0.6,1000,0.2,1400,0.2,1
0,11,838,1,0,300,0.5,1700,0.5,1
1,0,742,2,10,5,0,500,0.6,1000,0.2,1400,0.2,0
1,1,192,0,0,666,0.42,420,0.58,0
1,2,232,0,0,300,0.5,572,0.32,486,0.18,0
1,3,706,0,0,500,0.6,1000,0.2,1400,0.2,0
1,4,644,0,0,666,0.42,420,0.58,0
1,5,923,0,0,300,0.5,572,0.32,486,0.18,0
1,6,755,0,0,300,0.5,572,0.32,486,0.18,0
1,7,578,1,0,300,0.5,1700,0.5,0
1,8,598,2,10,5,0,300,0.5,572,0.32,486,0.18,0
1,9,777,1,0,500,0.6,1000,0.2,1400,0.2,0
1,10,363,1,0,500,0.6,1000,0.2,1400,0.2,0
1,11,678,2,10,5,0,666,0.42,420,0.58,0
2,0,273,0,0,666,0.42,420,0.58,1
2,1,790,0,0,500,0.6,1000,0.2,1400,0.2,1
2,2,268,0,0,300,0.5,572,0.32,486,0.18,1
2,3,640,0,0,666,0.42,420,0.58,1
2,4,401,0,0,666,0.42,420,0.58,1
2,5,117,2,10,5,0,500,0.6,1000,0.2,1400,0.2,1
2,6,987,2,10,5,0,666,0.42,420,0.58,1
2,7,518,0,0,300,0.5,572,0.32,486,0.18,1
2,8,70,1,0,300,0.5,572,0.32,486,0.18,1
2,9,405,2,10,5,0,300,0.5,572,0.32,486,0.18,1
2,10,626,0,0,666,0.42,420,0.58,1
2,11,631,1,0,300,0.5,1700,0.5,1
3,0,388,0,0,666,0.42,420,0.58,1
3,1,538,1,0,300,0.5,572,0.32,486,0.18,1
3,2,479,2,10,5,0,666,0.42,420,0.58,1
3,3,155,0,0,300,0.5,1700,0.5,1
3,4,629,2,10,5,0,300,0.5,572,0.32,486,0.18,1
3,5,793,1,0,500,0.6,1000,0.2,1400,0.2,1
3,6,989,0,0,300,0.5,572,0.32,486,0.18,1
3,7,329,0,0,300,0.5,572,0.32,486,0.18,1
3,8,770,1,0,300,0.5,1700,0.5,1
3,9,400,1,0,666,0.42,420,0.58,1
3,10,161,1,0,666,0.42,420,0.58,1
3,11,445,1,0,500,0.6,1000,0.2,1400,0.2,1
4,0,589,0,0,300,0.5,1700,0.5,1
4,1,310,1,0,300,0.5,1700,0.5,1
4,2,685,2,10,5,0,300,0.5,1700,0.5,1
4,3,411,2,10,5,0,300,0.5,1700,0.5,1
4,4,462,1,0,666,0.42,420,0.58,1
4,5,906,1,0,500,0.6,1000,0.2,1400,0.2,1
4,6,460,2,10,5,0,300,0.5,1700,0.5,1
4,7,372,2,10,5,0,500,0.6,1000,0.2,1400,0.2,1
4,8,992,1,0,666,0.42,420,0.58,1
4,9,483,2,10,5,0,300,0.5,572,0.32,486,0.18,1
4,10,442,2,10,5,0,300,0.5,572,0.32,486,0.18,1
4,11,217,1,0,300,0.5,1700,0.5,1
5,0,403,1,0,300,0.5,1700,0.5,1
5,1,314,1,0,666,0.42,420,0.58,1
5,2,26,0,0,666,0.42,420,0.58,1
5,3,491,2,10,5,0,666,0.42,420,0.58,1
5,4,904,0,0,666,0.42,420,0.58,1
5,5,535,1,0,300,0.5,1700,0.5,1
5,6,120,0,0,300,0.5,572,0.32,486,0.18,1
5,7,906,1,0,666,0.42,420,0.58,1
5,8,861,1,0,500,0.6,1000,0.2,1400,0.2,1
5,9,181,0,0,500,0.6,1000,0.2,1400,0.2,1
5,10,104,1,0,500,0.6,1000,0.2,1400,0.2,1
5,11,957,2,10,5,0,300,0.5,572,0.32,486,0.18,1
6,0,899,1,0,666,0.42,420,0.58,1
6,1,50,2,10,5,0,300,0.5,572,0.32,486,0.18,1
6,2,415,0,0,500,0.6,1000,0.2,1400,0.2,1
6,3,204,0,0,300,0.5,572,0.32,486,0.18,1
6,4,89,0,0,500,0.6,1000,0.2,1400,0.2,1
6,5,407,1,0,666,0.42,420,0.58,1
6,6,81,1,0,300,0.5,1700,0.5,1
6,7,129,0,0,300,0.5,1700,0.5,1
6,8,740,0,0,300,0.5,1700,0.5,1
6,9,328,1,0,500,0.6,1000,0.2,1400,0.2,1
6,10,657,2,10,5,0,500,0.6,1000,0.2,1400,0.2,1
6,11,658,0,0,300,0.5,1700,0.5,1
7,0,808,1,0,300,0.5,1700,0.5,1
7,1,631,2,10,5,0,300,0.5,572,0.32,486,0.18,1
7,2,814,1,0,300,0.5,1700,0.5,1
7,3,220,1,0,500,0.6,1000,0.2,1400,0.2,1
7,4,781,1,0,300,0.5,572,0.32,486,0.18,1
7,5,134,2,10,5,0,500,0.6,1000,0.2,1400,0.2,1
7,6,42,1,0,666,0.42,420,0.58,1
7,7,192,1,0,300,0.5,1700,0.5,1
7,8,509,0,0,666,0.42,420,0.58,1
7,9,45,0,0,500,0.6,1000,0.2,1400,0.2,1
7,10,251,0,0,300,0.5,572,0.32,486,0.18,1
7,11,684,2,10,5,0,300,0.5,1700,0.5,1
8,0,213,2,10,5,0,500,0.6,1000,0.2,1400,0.2,1
8,1,711,0,0,500,0.6,1000,0.2,1400,0.2,1
8,2,311,1,0,500,0.6,1000,0.2,1400,0.2,1
8,3,429,1,0,300,0.5,1700,0.5,1
8,4,466,0,0,666,0.42,420,0.58,1
8,5,964,1,0,666,0.42,420,0.58,1
8,6,385,0,0,300,0.5,1700,0.5,1
8,7,130,1,0,500,0.6,1000,0.2,1400,0.2,1
8,8,758,0,0,300,0.5,1700,0.5,1
8,9,210,1,0,300,0.5,1700,0.5,1
8,10,19,0,0,300,0.5,1700,0.5,1
8,11,712,1,0,300,0.5,572,0.32,486,0.18,1
9,0,335,0,0,300,0.5,572,0.32,486,0.18,1
9,1,259,2,10,5,0,300,0.5,572,0.32,486,0.18,1
9,2,679,1,0,666,0.42,420,0.58,1
9,3,614,1,0,666,0.42,420,0.58,1
9,4,797,2,10,5,0,666,0.42,420,0.58,1
9,5,598,0,0,500,0.6,1000,0.2,1400,0.2,1
9,6,378,1,0,666,0.42,420,0.58,1
9,7,95,2,10,5,0,500,0.6,1000,0.2,1400,0.2,1
9,8,398,2,10,5,0,500,0.6,1000,0.2,1400,0.2,1
9,9,537,1,0,300,0.5,1700,0.5,1
9,10,607,1,0,300,0.5,572,0.32,486,0.18,1
9,11,683,2,10,5,0,300,0.5,1700,0.5,1
10,0,298,1,0,300,0.5,572,0.32,486,0.18,1
10,1,544,1,0,666,0.42,420,0.58,1
10,2,953,0,0,500,0.6,1000,0.2,1400,0.2,1
10,3,761,2,10,5,0,300,0.5,1700,0.5,1
10,4,192,0,0,300,0.5,1700,0.5,1
10,5,480,0,0,666,0.42,420,0.58,1
10,6,799,0,0,300,0.5,1700,0.5,1
10,7,90,2,10,5,0,300,0.5,572,0.32,486,0.18,1
10,8,373,0,0,300,0.5,1700,0.5,1
10,9,163,2,10,5,0,500,0.6,1000,0.2,1400,0.2,1
10,10,310,1,0,300,0.5,1700,0.5,1
10,11,67,2,10,5,0,300,0.5,572,0.32,486,0.18,1
11,0,807,1,0,666,0.42,420,0.58,1
11,1,357,0,0,300,0.5,1700,0.5,1
11,2,947,2,10,5,0,500,0.6,1000,0.2,1400,0.2,1
11,3,834,0,0,300,0.5,572,0.32,486,0.18,1
11,4,715,2,10,5,0,666,0.42,420,0.58,1
11,5,359,2,10,5,0,500,0.6,1000,0.2,1400,0.2,1
11,6,471,0,0,500,0.6,1000,0.2,1400,0.2,1
11,7,262,2,10,5,0,300,0.5,1700,0.5,1
11,8,251,1,0,300,0.5,1700,0.5,1
11,9,42,1,0,500,0.6,1000,0.2,1400,0.2,1
11,10,830,0,0,300,0.5,1700,0.5,1
11,11,614,2,10,5,0,666,0.42,420,0.58,1
