0,0,681,0,0,666,0.42,420,0.58,1
0,1,315,1,0,300,0.5,1700,0.5,1
0,2,508,2,10,5,0,300,0.5,1700,0.5,1
0,3,47,2,10,5,0,666,0.42,420,0.58,1
0,4,74,0,0,666,0.42,420,0.58,1
0,5,125,1,0,300,0.5,1700,0.5,1
0,6,307,1,0,666,0.42,420,0.58,1
0,7,288,2,10,5,0,300,0.5,572,0.32,486,0.18,1
0,8,983,1,0,666,0.42,420,0.58,1
0,9,962,2,10,5,0,300,0.5,1700,0.5,1
0,10,49,0,0,300,0.5,1700,0.5,1
0,11,28,1,0,666,0.42,420,0.58,1
1,0,878,0,0,300,0.5,572,0.32,486,0.18,0
1,1,597,0,0,300,0.5,1700,0.5,0
1,2,248,2,10,5,0,666,0.42,420,0.58,0
1,3,592,2,10,5,0,500,0.6,1000,0.2,1400,0.2,0
1,4,693,0,0,300,0.5,1700,0.5,0
1,5,281,1,0,666,0.42,420,0.58,0
1,6,631,0,0,300,0.5,572,0.32,486,0.18,0
1,7,349,1,0,300,0.5,1700,0.5,0
1,8,498,0,0,500,0.6,1000,0.2,1400,0.2,0
1,9,324,1,0,300,0.5,1700,0.5,0
1,10,581,0,0,300,0.5,1700,0.5,0
1,11,944,1,0,500,0.6,1000,0.2,1400,0.2,0
2,0,458,0,0,300,0.5,1700,0.5,1
2,1,11,0,0,500,0.6,1000,0.2,1400,0.2,1
2,2,399,1,0,300,0.5,1700,0.5,1
2,3,778,0,0,300,0.5,1700,0.5,1
2,4,803,2,10,5,0,500,0.6,1000,0.2,1400,0.2,1
2,5,768,0,0,500,0.6,1000,0.2,1400,0.2,1
2,6,578,1,0,666,0.42,420,0.58,1
2,7,411,1,0,500,0.6,1000,0.2,1400,0.2,1
2,8,722,2,10,5,0,500,0.6,1000,0.2,1400,0.2,1
2,9,982,1,0,300,0.5,572,0.32,486,0.18,1
2,10,382,1,0,300,0.5,1700,0.5,1
2,11,130,2,10,5,0,666,0.42,420,0.58,1
3,0,572,0,0,300,0.5,1700,0.5,1
3,1,20,0,0,666,0.42,420,0.58,1
3,2,850,0,0,666,0.42,420,0.58,1
3,3,571,0,0,666,0.42,420,0.58,1
3,4,170,2,10,5,0,500,0.6,1000,0.2,1400,0.2,1
3,5,314,2,10,5,0,666,0.42,420,0.58,1
3,6,420,1,0,300,0.5,572,0.32,486,0.18,1
3,7,697,2,10,5,0,300,0.5,572,0.32,486,0.18,1
3,8,191,1,0,500,0.6,1000,0.2,1400,0.2,1
3,9,903,2,10,5,0,500,0.6,1000,0.2,1400,0.2,1
3,10,298,1,0,300,0.5,572,0.32,486,0.18,1
3,11,997,1,0,666,0.42,420,0.58,1
4,0,369,2,10,5,0,500,0.6,1000,0.2,1400,0.2,1
4,1,966,1,0,300,0.5,1700,0.5,1
4,2,981,2,10,5,0,500,0.6,1000,0.2,1400,0.2,1
4,3,681,2,10,5,0,666,0.42,420,0.58,1
4,4,769,0,0,300,0.5,1700,0.5,1
4,5,105,2,10,5,0,300,0.5,1700,0.5,1
4,6,957,0,0,666,0.42,420,0.58,1
4,7,315,0,0,300,0.5,1700,0.5,1
4,8,478,2,10,5,0,666,0.42,420,0.58,1
4,9,919,2,10,5,0,500,0.6,1000,0.2,1400,0.2,1
4,10,28,2,10,5,0,500,0.6,1000,0.2,1400,0.2,1
4,11,550,2,10,5,0,666,0.42,420,0.58,1
5,0,956,0,0,666,0.42,420,0.58,1
5,1,879,1,0,300,0.5,572,0.32,486,0.18,1
5,2,239,0,0,666,0.42,420,0.58,1
5,3,245,2,10,5,0,666,0.42,420,0.58,1
5,4,53,2,10,5,0,500,0.6,1000,0.2,1400,0.2,1
5,5,57,2,10,5,0,300,0.5,572,0.32,486,0.18,1
5,6,857,2,10,5,0,500,0.6,1000,0.2,1400,0.2,1
5,7,567,1,0,666,0.42,420,0.58,1
5,8,438,2,10,5,0,300,0.5,572,0.32,486,0.18,1
5,9,31,0,0,666,0.42,420,0.58,1
5,10,488,0,0,300,0.5,572,0.32,486,0.18,1
5,11,831,2,10,5,0,300,0.5,1700,0.5,1
6,0,326,2,10,5,0,500,0.6,1000,0.2,1400,0.2,1
6,1,891,1,0,300,0.5,1700,0.5,1
6,2,713,2,10,5,0,300,0.5,1700,0.5,1
6,3,574,0,0,500,0.6,1000,0.2,1400,0.2,1
6,4,840,0,0,666,0.42,420,0.58,1
6,5,194,0,0,666,0.42,420,0.58,1
6,6,72,0,0,300,0.5,1700,0.5,1
6,7,751,1,0,666,0.42,420,0.58,1
6,8,697,0,0,300,0.5,572,0.32,486,0.18,1
6,9,279,0,0,300,0.5,572,0.32,486,0.18,1
6,10,870,1,0,666,0.42,420,0.58,1
6,11,286,0,0,666,0.42,420,0.58,1
7,0,322,2,10,5,0,500,0.6,1000,0.2,1400,0.2,1
7,1,897,2,10,5,0,666,0.42,420,0.58,1
7,2,704,1,0,666,0.42,420,0.58,1
7,3,31,2,10,5,0,500,0.6,1000,0.2,1400,0.2,1
7,4,92,0,0,300,0.5,572,0.32,486,0.18,1
7,5,64,1,0,666,0.42,420,0.58,1
7,6,188,1,0,300,0.5,1700,0.5,1
7,7,631,2,10,5,0,500,0.6,1000,0.2,1400,0.2,1
7,8,739,1,0,300,0.5,1700,0.5,1
7,9,411,1,0,500,0.6,1000,0.2,1400,0.2,1
7,10,122,1,0,500,0.6,1000,0.2,1400,0.2,1
7,11,426,0,0,666,0.42,420,0.58,1
8,0,306,0,0,666,0.42,420,0.58,1
8,1,56,1,0,300,0.5,572,0.32,486,0.18,1
8,2,412,1,0,300,0.5,572,0.32,486,0.18,1
8,3,545,1,0,300,0.5,572,0.32,486,0.18,1
8,4,174,2,10,5,0,300,0.5,1700,0.5,1
8,5,730,2,10,5,0,300,0.5,1700,0.5,1
8,6,507,1,0,500,0.6,1000,0.2,1400,0.2,1
8,7,414,2,10,5,0,666,0.42,420,0.58,1
8,8,896,1,0,300,0.5,1700,0.5,1
8,9,211,2,10,5,0,300,0.5,572,0.32,486,0.18,1
8,10,349,2,10,5,0,666,0.42,420,0.58,1
8,11,568,0,0,300,0.5,572,0.32,486,0.18,1
9,0,963,0,0,300,0.5,572,0.32,486,0.18,1
9,1,630,0,0,500,0.6,1000,0.2,1400,0.2,1
9,2,237,2,10,5,0,300,0.5,1700,0.5,1
9,3,606,2,10,5,0,666,0.42,420,0.58,1
9,4,412,1,0,500,0.6,1000,0.2,1400,0.2,1
9,5,679,0,0,300,0.5,572,0.32,486,0.18,1
9,6,476,1,0,300,0.5,1700,0.5,1
9,7,227,2,10,5,0,300,0.5,572,0.32,486,0.18,1
9,8,484,2,10,5,0,300,0.5,1700,0.5,1
9,9,785,1,0,300,0.5,1700,0.5,1
9,10,639,0,0,300,0.5,1700,0.5,1
9,11,616,2,10,5,0,300,0.5,1700,0.5,1
10,0,994,1,0,300,0.5,1700,0.5,1
10,1,528,1,0,666,0.42,420,0.58,1
10,2,67,2,10,5,0,500,0.6,1000,0.2,1400,0.2,1
10,3,896,2,10,5,0,500,0.6,1000,0.2,1400,0.2,1
10,4,413,1,0,666,0.42,420,0.58,1
10,5,997,0,0,300,0.5,1700,0.5,1
10,6,486,1,0,500,0.6,1000,0.2,1400,0.2,1
10,7,828,2,10,5,0,300,0.5,572,0.32,486,0.18,1
10,8,92,0,0,300,0.5,572,0.32,486,0.18,1
10,9,69,1,0,300,0.5,572,0.32,486,0.18,1
10,10,643,2,10,5,0,300,0.5,1700,0.5,1
10,11,472,0,0,300,0.5,1700,0.5,1
11,0,711,2,10,5,0,300,0.5,572,0.32,486,0.18,1
11,1,969,1,0,666,0.42,420,0.58,1
11,2,875,2,10,5,0,500,0.6,1000,0.2,1400,0.2,1
11,3,457,2,10,5,0,500,0.6,1000,0.2,1400,0.2,1
11,4,342,0,0,300,0.5,1700,0.5,1
11,5,874,1,0,300,0.5,572,0.32,486,0.18,1
11,6,955,1,0,300,0.5,572,0.32,486,0.18,1
11,7,398,2,10,5,0,300,0.5,572,0.32,486,0.18,1
11,8,383,2,10,5,0,300,0.5,572,0.32,486,0.18,1
11,9,719,1,0,300,0.5,572,0.32,486,0.18,1
11,10,38,2,10,5,0,300,0.5,572,0.32,486,0.18,1
11,11,70,2,10,5,0,300,0.5,572,0.32,486,0.18,1
