0,0,668,0,0,300,0.5,1700,0.5,1
0,1,316,1,0,300,0.5,1700,0.5,1
0,2,42,1,0,666,0.42,420,0.58,1
0,3,410,1,0,300,0.5,1700,0.5,1
0,4,46,2,10,5,0,500,0.6,1000,0.2,1400,0.2,1
0,5,660,1,0,500,0.6,1000,0.2,1400,0.2,1
0,6,966,1,0,500,0.6,1000,0.2,1400,0.2,1
0,7,320,1,0,500,0.6,1000,0.2,1400,0.2,1
0,8,139,0,0,300,0.5,572,0.32,486,0.18,1
0,9,424,1,0,300,0.5,1700,0.5,1
0,10,176,1,0,500,0.6,1000,0.2,1400,0.2,1
0,11,371,2,10,5,0,666,0.42,420,0.58,1
1,0,742,1,0,300,0.5,1700,0.5,0
1,1,551,2,10,5,0,666,0.42,420,0.58,0
1,2,732,1,0,300,0.5,1700,0.5,0
1,3,703,0,0,500,0.6,1000,0.2,1400,0.2,0
1,4,248,0,0,300,0.5,572,0.32,486,0.18,0
1,5,142,2,10,5,0,300,0.5,572,0.32,486,0.18,0
1,6,853,2,10,5,0,300,0.5,572,0.32,486,0.18,0
1,7,23,0,0,500,0.6,1000,0.2,1400,0.2,0
1,8,533,2,10,5,0,300,0.5,1700,0.5,0
1,9,495,1,0,500,0.6,1000,0.2,1400,0.2,0
1,10,704,1,0,500,0.6,1000,0.2,1400,0.2,0
1,11,101,2,10,5,0,500,0.6,1000,0.2,1400,0.2,0
2,0,488,2,10,5,0,300,0.5,1700,0.5,1
2,1,684,2,10,5,0,300,0.5,1700,0.5,1
2,2,149,0,0,300,0.5,572,0.32,486,0.18,1
2,3,381,0,0,666,0.42,420,0.58,1
2,4,467,0,0,300,0.5,1700,0.5,1
2,5,975,1,0,500,0.6,1000,0.2,1400,0.2,1
2,6,671,1,0,500,0.6,1000,0.2,1400,0.2,1
2,7,960,2,10,5,0,666,0.42,420,0.58,1
2,8,145,2,10,5,0,300,0.5,572,0.32,486,0.18,1
2,9,638,1,0,300,0.5,1700,0.5,1
2,10,477,1,0,300,0.5,572,0.32,486,0.18,1
2,11,915,0,0,300,0.5,1700,0.5,1
3,0,655,0,0,300,0.5,1700,0.5,1
3,1,805,2,10,5,0,300,0.5,572,0.32,486,0.18,1
3,2,278,1,0,666,0.42,420,0.58,1
3,3,961,0,0,500,0.6,1000,0.2,1400,0.2,1
3,4,729,2,10,5,0,300,0.5,1700,0.5,1
3,5,74,2,10,5,0,300,0.5,1700,0.5,1
3,6,487,2,10,5,0,666,0.42,420,0.58,1
3,7,611,2,10,5,0,500,0.6,1000,0.2,1400,0.2,1
3,8,269,0,0,300,0.5,572,0.32,486,0.18,1
3,9,749,1,0,300,0.5,572,0.32,486,0.18,1
3,10,459,2,10,5,0,300,0.5,572,0.32,486,0.18,1
3,11,849,0,0,500,0.6,1000,0.2,1400,0.2,1
4,0,407,1,0,300,0.5,572,0.32,486,0.18,1
4,1,533,1,0,500,0.6,1000,0.2,1400,0.2,1
4,2,680,2,10,5,0,500,0.6,1000,0.2,1400,0.2,1
4,3,916,2,10,5,0,300,0.5,572,0.32,486,0.18,1
4,4,396,1,0,666,0.42,420,0.58,1
4,5,392,0,0,666,0.42,420,0.58,1
4,6,417,2,10,5,0,300,0.5,1700,0.5,1
4,7,723,1,0,300,0.5,572,0.32,486,0.18,1
4,8,901,2,10,5,0,666,0.42,420,0.58,1
4,9,657,2,10,5,0,300,0.5,572,0.32,486,0.18,1
4,10,30,2,10,5,0,300,0.5,1700,0.5,1
4,11,178,2,10,5,0,300,0.5,572,0.32,486,0.18,1
5,0,199,2,10,5,0,666,0.42,420,0.58,1
5,1,892,1,0,666,0.42,420,0.58,1
5,2,859,0,0,300,0.5,1700,0.5,1
5,3,533,0,0,500,0.6,1000,0.2,1400,0.2,1
5,4,877,1,0,666,0.42,420,0.58,1
5,5,962,1,0,666,0.42,420,0.58,1
5,6,465,1,0,300,0.5,572,0.32,486,0.18,1
5,7,768,2,10,5,0,300,0.5,1700,0.5,1
5,8,813,0,0,300,0.5,1700,0.5,1
5,9,523,0,0,300,0.5,1700,0.5,1
5,10,417,1,0,300,0.5,572,0.32,486,0.18,1
5,11,156,1,0,666,0.42,420,0.58,1
6,0,583,1,0,300,0.5,1700,0.5,1
6,1,837,0,0,300,0.5,572,0.32,486,0.18,1
6,2,430,1,0,300,0.5,572,0.32,486,0.18,1
6,3,464,2,10,5,0,500,0.6,1000,0.2,1400,0.2,1
6,4,16,2,10,5,0,500,0.6,1000,0.2,1400,0.2,1
6,5,35,0,0,666,0.42,420,0.58,1
6,6,175,1,0,666,0.42,420,0.58,1
6,7,341,1,0,300,0.5,1700,0.5,1
6,8,706,0,0,300,0.5,572,0.32,486,0.18,1
6,9,804,2,10,5,0,500,0.6,1000,0.2,1400,0.2,1
6,10,500,2,10,5,0,500,0.6,1000,0.2,1400,0.2,1
6,11,394,2,10,5,0,500,0.6,1000,0.2,1400,0.2,1
7,0,414,0,0,500,0.6,1000,0.2,1400,0.2,1
7,1,469,2,10,5,0,300,0.5,572,0.32,486,0.18,1
7,2,627,0,0,500,0.6,1000,0.2,1400,0.2,1
7,3,192,0,0,300,0.5,572,0.32,486,0.18,1
7,4,690,1,0,300,0.5,1700,0.5,1
7,5,982,0,0,500,0.6,1000,0.2,1400,0.2,1
7,6,74,1,0,500,0.6,1000,0.2,1400,0.2,1
7,7,440,2,10,5,0,300,0.5,1700,0.5,1
7,8,756,1,0,300,0.5,572,0.32,486,0.18,1
7,9,577,1,0,666,0.42,420,0.58,1
7,10,685,0,0,300,0.5,572,0.32,486,0.18,1
7,11,425,1,0,300,0.5,1700,0.5,1
8,0,455,1,0,300,0.5,1700,0.5,1
8,1,155,0,0,500,0.6,1000,0.2,1400,0.2,1
8,2,359,0,0,300,0.5,1700,0.5,1
8,3,332,0,0,300,0.5,1700,0.5,1
8,4,911,1,0,666,0.42,420,0.58,1
8,5,505,0,0,666,0.42,420,0.58,1
8,6,162,2,10,5,0,300,0.5,1700,0.5,1
8,7,611,2,10,5,0,300,0.5,1700,0.5,1
8,8,221,2,10,5,0,666,0.42,420,0.58,1
8,9,157,0,0,300,0.5,572,0.32,486,0.18,1
8,10,763,0,0,300,0.5,572,0.32,486,0.18,1
8,11,892,1,0,300,0.5,1700,0.5,1
9,0,658,2,10,5,0,300,0.5,572,0.32,486,0.18,1
9,1,394,1,0,300,0.5,572,0.32,486,0.18,1
9,2,268,1,0,666,0.42,420,0.58,1
9,3,155,1,0,666,0.42,420,0.58,1
9,4,332,0,0,500,0.6,1000,0.2,1400,0.2,1
9,5,702,0,0,300,0.5,572,0.32,486,0.18,1
9,6,455,2,10,5,0,300,0.5,1700,0.5,1
9,7,305,1,0,300,0.5,572,0.32,486,0.18,1
9,8,389,0,0,300,0.5,572,0.32,486,0.18,1
9,9,304,2,10,5,0,666,0.42,420,0.58,1
9,10,680,2,10,5,0,300,0.5,1700,0.5,1
9,11,386,0,0,300,0.5,572,0.32,486,0.18,1
10,0,220,0,0,300,0.5,572,0.32,486,0.18,1
10,1,159,1,0,300,0.5,1700,0.5,1
10,2,471,1,0,666,0.42,420,0.58,1
10,3,961,2,10,5,0,300,0.5,572,0.32,486,0.18,1
10,4,846,2,10,5,0,500,0.6,1000,0.2,1400,0.2,1
10,5,113,2,10,5,0,300,0.5,572,0.32,486,0.18,1
10,6,884,2,10,5,0,300,0.5,572,0.32,486,0.18,1
10,7,679,1,0,500,0.6,1000,0.2,1400,0.2,1
10,8,177,1,0,300,0.5,572,0.32,486,0.18,1
10,9,723,1,0,666,0.42,420,0.58,1
10,10,566,0,0,300,0.5,572,0.32,486,0.18,1
10,11,58,1,0,500,0.6,1000,0.2,1400,0.2,1
11,0,416,1,0,300,0.5,1700,0.5,1
11,1,822,1,0,300,0.5,1700,0.5,1
11,2,132,2,10,5,0,666,0.42,420,0.58,1
11,3,595,1,0,300,0.5,572,0.32,486,0.18,1
11,4,385,1,0,500,0.6,1000,0.2,1400,0.2,1
11,5,611,2,10,5,0,300,0.5,572,0.32,486,0.18,1
11,6,800,1,0,300,0.5,572,0.32,486,0.18,1
11,7,146,1,0,300,0.5,572,0.32,486,0.18,1
11,8,993,1,0,300,0.5,572,0.32,486,0.18,1
11,9,299,2,10,5,0,300,0.5,572,0.32,486,0.18,1
11,10,274,1,0,666,0.42,420,0.58,1
11,11,993,1,0,666,0.42,420,0.58,1
