0,0,116,2,10,5,0,300,0.5,1700,0.5,1
0,1,681,0,0,500,0.6,1000,0.2,1400,0.2,1
0,2,226,0,0,300,0.5,572,0.32,486,0.18,1
0,3,702,1,0,666,0.42,420,0.58,1
0,4,578,2,10,5,0,300,0.5,1700,0.5,1
0,5,259,2,10,5,0,500,0.6,1000,0.2,1400,0.2,1
0,6,782,0,0,500,0.6,1000,0.2,1400,0.2,1
0,7,580,1,0,500,0.6,1000,0.2,1400,0.2,1
0,8,985,0,0,666,0.42,420,0.58,1
0,9,579,1,0,300,0.5,572,0.32,486,0.18,1
0,10,222,1,0,666,0.42,420,0.58,1
0,11,700,0,0,300,0.5,1700,0.5,1
1,0,765,1,0,300,0.5,1700,0.5,0
1,1,280,1,0,500,0.6,1000,0.2,1400,0.2,0
1,2,861,0,0,666,0.42,420,0.58,0
1,3,281,1,0,300,0.5,572,0.32,486,0.18,0
1,4,624,0,0,500,0.6,1000,0.2,1400,0.2,0
1,5,944,0,0,500,0.6,1000,0.2,1400,0.2,0
1,6,239,1,0,666,0.42,420,0.58,0
1,7,773,1,0,666,0.42,420,0.58,0
1,8,137,1,0,500,0.6,1000,0.2,1400,0.2,0
1,9,161,0,0,300,0.5,572,0.32,486,0.18,0
1,10,617,1,0,300,0.5,1700,0.5,0
1,11,501,2,10,5,0,300,0.5,572,0.32,486,0.18,0
2,0,652,1,0,300,0.5,572,0.32,486,0.18,1
2,1,29,0,0,300,0.5,572,0.32,486,0.18,1
2,2,770,1,0,300,0.5,572,0.32,486,0.18,1
2,3,481,1,0,300,0.5,1700,0.5,1
2,4,489,2,10,5,0,500,0.6,1000,0.2,1400,0.2,1
2,5,771,0,0,300,0.5,572,0.32,486,0.18,1
2,6,106,0,0,300,0.5,572,0.32,486,0.18,1
2,7,852,1,0,666,0.42,420,0.58,1
2,8,824,1,0,300,0.5,572,0.32,486,0.18,1
2,9,279,2,10,5,0,500,0.6,1000,0.2,1400,0.2,1
2,10,189,2,10,5,0,500,0.6,1000,0.2,1400,0.2,1
2,11,820,0,0,300,0.5,572,0.32,486,0.18,1
3,0,651,2,10,5,0,500,0.6,1000,0.2,1400,0.2,1
3,1,765,1,0,666,0.42,420,0.58,1
3,2,629,2,10,5,0,500,0.6,1000,0.2,1400,0.2,1
3,3,183,1,0,666,0.42,420,0.58,1
3,4,923,0,0,300,0.5,1700,0.5,1
3,5,520,2,10,5,0,300,0.5,572,0.32,486,0.18,1
3,6,601,2,10,5,0,500,0.6,1000,0.2,1400,0.2,1
3,7,852,2,10,5,0,666,0.42,420,0.58,1
3,8,922,2,10,5,0,500,0.6,1000,0.2,1400,0.2,1
3,9,845,0,0,500,0.6,1000,0.2,1400,0.2,1
3,10,806,0,0,500,0.6,1000,0.2,1400,0.2,1
3,11,916,0,0,500,0.6,1000,0.2,1400,0.2,1
4,0,246,1,0,300,0.5,1700,0.5,1
4,1,489,2,10,5,0,300,0.5,1700,0.5,1
4,2,213,1,0,666,0.42,420,0.58,1
4,3,453,2,10,5,0,300,0.5,1700,0.5,1
4,4,880,1,0,666,0.42,420,0.58,1
4,5,463,1,0,500,0.6,1000,0.2,1400,0.2,1
4,6,592,1,0,300,0.5,572,0.32,486,0.18,1
4,7,129,1,0,500,0.6,1000,0.2,1400,0.2,1
4,8,559,0,0,300,0.5,572,0.32,486,0.18,1
4,9,845,0,0,500,0.6,1000,0.2,1400,0.2,1
4,10,253,1,0,500,0.6,1000,0.2,1400,0.2,1
4,11,87,2,10,5,0,500,0.6,1000,0.2,1400,0.2,1
5,0,88,0,0,666,0.42,420,0.58,1
5,1,675,2,10,5,0,300,0.5,1700,0.5,1
5,2,494,1,0,300,0.5,572,0.32,486,0.18,1
5,3,91,0,0,300,0.5,1700,0.5,1
5,4,667,1,0,500,0.6,1000,0.2,1400,0.2,1
5,5,840,2,10,5,0,300,0.5,1700,0.5,1
5,6,455,0,0,300,0.5,572,0.32,486,0.18,1
5,7,284,0,0,300,0.5,572,0.32,486,0.18,1
5,8,14,0,0,300,0.5,572,0.32,486,0.18,1
5,9,434,1,0,500,0.6,1000,0.2,1400,0.2,1
5,10,463,1,0,300,0.5,572,0.32,486,0.18,1
5,11,593,0,0,500,0.6,1000,0.2,1400,0.2,1
6,0,55,1,0,300,0.5,572,0.32,486,0.18,1
6,1,71,0,0,300,0.5,572,0.32,486,0.18,1
6,2,656,0,0,666,0.42,420,0.58,1
6,3,465,1,0,500,0.6,1000,0.2,1400,0.2,1
6,4,771,0,0,300,0.5,572,0.32,486,0.18,1
6,5,656,2,10,5,0,300,0.5,572,0.32,486,0.18,1
6,6,75,1,0,666,0.42,420,0.58,1
6,7,700,0,0,500,0.6,1000,0.2,1400,0.2,1
6,8,228,0,0,666,0.42,420,0.58,1
6,9,135,2,10,5,0,666,0.42,420,0.58,1
6,10,952,0,0,300,0.5,572,0.32,486,0.18,1
6,11,468,2,10,5,0,300,0.5,572,0.32,486,0.18,1
7,0,750,0,0,300,0.5,572,0.32,486,0.18,1
7,1,488,1,0,300,0.5,572,0.32,486,0.18,1
7,2,199,2,10,5,0,300,0.5,572,0.32,486,0.18,1
7,3,590,1,0,300,0.5,572,0.32,486,0.18,1
7,4,784,2,10,5,0,300,0.5,1700,0.5,1
7,5,78,1,0,300,0.5,1700,0.5,1
7,6,840,2,10,5,0,300,0.5,572,0.32,486,0.18,1
7,7,490,0,0,300,0.5,1700,0.5,1
7,8,960,0,0,300,0.5,572,0.32,486,0.18,1
7,9,580,1,0,666,0.42,420,0.58,1
7,10,688,0,0,500,0.6,1000,0.2,1400,0.2,1
7,11,768,2,10,5,0,666,0.42,420,0.58,1
8,0,773,1,0,300,0.5,572,0.32,486,0.18,1
8,1,473,1,0,300,0.5,572,0.32,486,0.18,1
8,2,266,0,0,300,0.5,572,0.32,486,0.18,1
8,3,718,2,10,5,0,666,0.42,420,0.58,1
8,4,761,1,0,500,0.6,1000,0.2,1400,0.2,1
8,5,901,0,0,500,0.6,1000,0.2,1400,0.2,1
8,6,573,1,0,666,0.42,420,0.58,1
8,7,171,2,10,5,0,666,0.42,420,0.58,1
8,8,687,1,0,500,0.6,1000,0.2,1400,0.2,1
8,9,910,2,10,5,0,500,0.6,1000,0.2,1400,0.2,1
8,10,245,2,10,5,0,666,0.42,420,0.58,1
8,11,959,1,0,300,0.5,1700,0.5,1
9,0,558,0,0,300,0.5,572,0.32,486,0.18,1
9,1,904,1,0,300,0.5,1700,0.5,1
9,2,797,0,0,666,0.42,420,0.58,1
9,3,260,2,10,5,0,300,0.5,1700,0.5,1
9,4,488,0,0,666,0.42,420,0.58,1
9,5,294,0,0,666,0.42,420,0.58,1
9,6,731,0,0,666,0.42,420,0.58,1
9,7,535,0,0,666,0.42,420,0.58,1
9,8,40,2,10,5,0,666,0.42,420,0.58,1
9,9,667,0,0,500,0.6,1000,0.2,1400,0.2,1
9,10,199,0,0,666,0.42,420,0.58,1
9,11,623,0,0,666,0.42,420,0.58,1
10,0,652,1,0,300,0.5,572,0.32,486,0.18,1
10,1,965,0,0,666,0.42,420,0.58,1
10,2,161,1,0,666,0.42,420,0.58,1
10,3,660,1,0,300,0.5,572,0.32,486,0.18,1
10,4,300,0,0,300,0.5,1700,0.5,1
10,5,155,1,0,500,0.6,1000,0.2,1400,0.2,1
10,6,923,1,0,500,0.6,1000,0.2,1400,0.2,1
10,7,428,0,0,666,0.42,420,0.58,1
10,8,897,1,0,300,0.5,572,0.32,486,0.18,1
10,9,393,2,10,5,0,666,0.42,420,0.58,1
10,10,354,1,0,300,0.5,572,0.32,486,0.18,1
10,11,611,2,10,5,0,500,0.6,1000,0.2,1400,0.2,1
11,0,993,2,10,5,0,500,0.6,1000,0.2,1400,0.2,1
11,1,767,2,10,5,0,666,0.42,420,0.58,1
11,2,690,1,0,300,0.5,1700,0.5,1
11,3,57,1,0,300,0.5,1700,0.5,1
11,4,729,0,0,500,0.6,1000,0.2,1400,0.2,1
11,5,917,0,0,300,0.5,1700,0.5,1
11,6,136,2,10,5,0,500,0.6,1000,0.2,1400,0.2,1
11,7,112,0,0,500,0.6,1000,0.2,1400,0.2,1
11,8,994,1,0,300,0.5,1700,0.5,1
11,9,479,1,0,300,0.5,572,0.32,486,0.18,1
11,10,391,0,0,666,0.42,420,0.58,1
11,11,56,2,10,5,0,500,0.6,1000,0.2,1400,0.2,1
