0,0,176,1,0,500,0.6,1000,0.2,1400,0.2,1
0,1,657,0,0,500,0.6,1000,0.2,1400,0.2,1
0,2,25,0,0,500,0.6,1000,0.2,1400,0.2,1
0,3,458,1,0,500,0.6,1000,0.2,1400,0.2,1
0,4,187,1,0,300,0.5,572,0.32,486,0.18,1
0,5,207,1,0,666,0.42,420,0.58,1
0,6,688,2,10,5,0,666,0.42,420,0.58,1
0,7,570,2,10,5,0,500,0.6,1000,0.2,1400,0.2,1
0,8,740,1,0,500,0.6,1000,0.2,1400,0.2,1
0,9,660,1,0,666,0.42,420,0.58,1
0,10,467,1,0,666,0.42,420,0.58,1
0,11,64,1,0,500,0.6,1000,0.2,1400,0.2,1
1,0,218,1,0,300,0.5,572,0.32,486,0.18,0
1,1,341,1,0,300,0.5,1700,0.5,0
1,2,65,1,0,300,0.5,572,0.32,486,0.18,0
1,3,189,2,10,5,0,500,0.6,1000,0.2,1400,0.2,0
1,4,42,1,0,666,0.42,420,0.58,0
1,5,221,0,0,500,0.6,1000,0.2,1400,0.2,0
1,6,183,2,10,5,0,666,0.42,420,0.58,0
1,7,275,2,10,5,0,666,0.42,420,0.58,0
1,8,581,2,10,5,0,500,0.6,1000,0.2,1400,0.2,0
1,9,401,1,0,500,0.6,1000,0.2,1400,0.2,0
1,10,557,1,0,500,0.6,1000,0.2,1400,0.2,0
1,11,161,1,0,300,0.5,572,0.32,486,0.18,0
2,0,425,0,0,300,0.5,572,0.32,486,0.18,1
2,1,960,2,10,5,0,300,0.5,572,0.32,486,0.18,1
2,2,426,2,10,5,0,300,0.5,1700,0.5,1
2,3,892,1,0,300,0.5,1700,0.5,1
2,4,283,1,0,666,0.42,420,0.58,1
2,5,568,2,10,5,0,500,0.6,1000,0.2,1400,0.2,1
2,6,590,2,10,5,0,500,0.6,1000,0.2,1400,0.2,1
2,7,605,1,0,500,0.6,1000,0.2,1400,0.2,1
2,8,596,1,0,300,0.5,572,0.32,486,0.18,1
2,9,306,1,0,300,0.5,1700,0.5,1
2,10,716,0,0,666,0.42,420,0.58,1
2,11,785,1,0,500,0.6,1000,0.2,1400,0.2,1
3,0,494,1,0,300,0.5,572,0.32,486,0.18,1
3,1,474,1,0,300,0.5,572,0.32,486,0.18,1
3,2,646,2,10,5,0,666,0.42,420,0.58,1
3,3,187,0,0,666,0.42,420,0.58,1
3,4,625,2,10,5,0,300,0.5,1700,0.5,1
3,5,188,2,10,5,0,300,0.5,572,0.32,486,0.18,1
3,6,131,1,0,300,0.5,572,0.32,486,0.18,1
3,7,154,0,0,300,0.5,1700,0.5,1
3,8,503,1,0,300,0.5,572,0.32,486,0.18,1
3,9,295,1,0,666,0.42,420,0.58,1
3,10,678,1,0,300,0.5,1700,0.5,1
3,11,483,1,0,500,0.6,1000,0.2,1400,0.2,1
4,0,645,1,0,300,0.5,1700,0.5,1
4,1,127,0,0,300,0.5,572,0.32,486,0.18,1
4,2,457,0,0,300,0.5,572,0.32,486,0.18,1
4,3,118,2,10,5,0,300,0.5,1700,0.5,1
4,4,938,1,0,300,0.5,1700,0.5,1
4,5,968,0,0,500,0.6,1000,0.2,1400,0.2,1
4,6,281,1,0,500,0.6,1000,0.2,1400,0.2,1
4,7,392,0,0,500,0.6,1000,0.2,1400,0.2,1
4,8,522,2,10,5,0,500,0.6,1000,0.2,1400,0.2,1
4,9,673,1,0,300,0.5,572,0.32,486,0.18,1
4,10,103,2,10,5,0,500,0.6,1000,0.2,1400,0.2,1
4,11,198,2,10,5,0,300,0.5,572,0.32,486,0.18,1
5,0,873,1,0,300,0.5,572,0.32,486,0.18,1
5,1,560,1,0,300,0.5,572,0.32,486,0.18,1
5,2,11,1,0,500,0.6,1000,0.2,1400,0.2,1
5,3,799,0,0,666,0.42,420,0.58,1
5,4,739,0,0,300,0.5,1700,0.5,1
5,5,931,2,10,5,0,300,0.5,572,0.32,486,0.18,1
5,6,549,2,10,5,0,500,0.6,1000,0.2,1400,0.2,1
5,7,121,1,0,300,0.5,572,0.32,486,0.18,1
5,8,972,2,10,5,0,300,0.5,572,0.32,486,0.18,1
5,9,841,0,0,300,0.5,1700,0.5,1
5,10,383,1,0,500,0.6,1000,0.2,1400,0.2,1
5,11,79,2,10,5,0,500,0.6,1000,0.2,1400,0.2,1
6,0,671,0,0,666,0.42,420,0.58,1
6,1,90,0,0,666,0.42,420,0.58,1
6,2,91,1,0,666,0.42,420,0.58,1
6,3,461,0,0,500,0.6,1000,0.2,1400,0.2,1
6,4,947,2,10,5,0,666,0.42,420,0.58,1
6,5,406,1,0,300,0.5,1700,0.5,1
6,6,889,2,10,5,0,666,0.42,420,0.58,1
6,7,588,2,10,5,0,300,0.5,1700,0.5,1
6,8,190,2,10,5,0,300,0.5,1700,0.5,1
6,9,169,1,0,666,0.42,420,0.58,1
6,10,649,1,0,666,0.42,420,0.58,1
6,11,373,1,0,666,0.42,420,0.58,1
7,0,245,2,10,5,0,666,0.42,420,0.58,1
7,1,189,1,0,300,0.5,572,0.32,486,0.18,1
7,2,578,1,0,500,0.6,1000,0.2,1400,0.2,1
7,3,378,1,0,300,0.5,572,0.32,486,0.18,1
7,4,272,0,0,300,0.5,1700,0.5,1
7,5,377,0,0,666,0.42,420,0.58,1
7,6,422,0,0,500,0.6,1000,0.2,1400,0.2,1
7,7,175,1,0,666,0.42,420,0.58,1
7,8,126,1,0,300,0.5,572,0.32,486,0.18,1
7,9,645,2,10,5,0,300,0.5,1700,0.5,1
7,10,946,2,10,5,0,300,0.5,1700,0.5,1
7,11,391,1,0,300,0.5,572,0.32,486,0.18,1
8,0,844,2,10,5,0,500,0.6,1000,0.2,1400,0.2,1
8,1,414,2,10,5,0,666,0.42,420,0.58,1
8,2,589,1,0,300,0.5,1700,0.5,1
8,3,71,0,0,300,0.5,1700,0.5,1
8,4,615,2,10,5,0,300,0.5,1700,0.5,1
8,5,845,0,0,500,0.6,1000,0.2,1400,0.2,1
8,6,540,0,0,500,0.6,1000,0.2,1400,0.2,1
8,7,595,0,0,300,0.5,572,0.32,486,0.18,1
8,8,927,2,10,5,0,300,0.5,1700,0.5,1
8,9,695,0,0,300,0.5,572,0.32,486,0.18,1
8,10,625,2,10,5,0,300,0.5,572,0.32,486,0.18,1
8,11,613,2,10,5,0,300,0.5,1700,0.5,1
9,0,838,2,10,5,0,300,0.5,1700,0.5,1
9,1,215,2,10,5,0,300,0.5,1700,0.5,1
9,2,766,2,10,5,0,666,0.42,420,0.58,1
9,3,927,1,0,300,0.5,572,0.32,486,0.18,1
9,4,670,2,10,5,0,300,0.5,572,0.32,486,0.18,1
9,5,559,1,0,666,0.42,420,0.58,1
9,6,616,0,0,300,0.5,572,0.32,486,0.18,1
9,7,616,2,10,5,0,666,0.42,420,0.58,1
9,8,853,0,0,300,0.5,1700,0.5,1
9,9,937,0,0,500,0.6,1000,0.2,1400,0.2,1
9,10,731,2,10,5,0,500,0.6,1000,0.2,1400,0.2,1
9,11,642,0,0,500,0.6,1000,0.2,1400,0.2,1
10,0,299,1,0,300,0.5,1700,0.5,1
10,1,10,0,0,300,0.5,1700,0.5,1
10,2,704,2,10,5,0,300,0.5,572,0.32,486,0.18,1
10,3,820,1,0,300,0.5,572,0.32,486,0.18,1
10,4,534,2,10,5,0,300,0.5,572,0.32,486,0.18,1
10,5,855,1,0,300,0.5,572,0.32,486,0.18,1
10,6,918,1,0,500,0.6,1000,0.2,1400,0.2,1
10,7,928,2,10,5,0,300,0.5,1700,0.5,1
10,8,712,2,10,5,0,300,0.5,572,0.32,486,0.18,1
10,9,180,2,10,5,0,300,0.5,572,0.32,486,0.18,1
10,10,588,2,10,5,0,300,0.5,572,0.32,486,0.18,1
10,11,525,1,0,666,0.42,420,0.58,1
11,0,121,2,10,5,0,300,0.5,572,0.32,486,0.18,1
11,1,476,1,0,666,0.42,420,0.58,1
11,2,91,2,10,5,0,666,0.42,420,0.58,1
11,3,115,2,10,5,0,300,0.5,1700,0.5,1
11,4,34,1,0,500,0.6,1000,0.2,1400,0.2,1
11,5,372,2,10,5,0,666,0.42,420,0.58,1
11,6,509,0,0,300,0.5,572,0.32,486,0.18,1
11,7,965,1,0,300,0.5,1700,0.5,1
11,8,487,1,0,300,0.5,572,0.32,486,0.18,1
11,9,556,1,0,666,0.42,420,0.58,1
11,10,674,0,0,300,0.5,572,0.32,486,0.18,1
11,11,763,2,10,5,0,300,0.5,1700,0.5,1
