0,0,919,1,0,666,0.42,420,0.58,1
0,1,810,1,0,300,0.5,572,0.32,486,0.18,1
0,2,769,1,0,300,0.5,572,0.32,486,0.18,1
0,3,851,1,0,500,0.6,1000,0.2,1400,0.2,1
0,4,651,1,0,500,0.6,1000,0.2,1400,0.2,1
0,5,461,2,10,5,0,500,0.6,1000,0.2,1400,0.2,1
0,6,704,2,10,5,0,500,0.6,1000,0.2,1400,0.2,1
0,7,533,1,0,300,0.5,572,0.32,486,0.18,1
0,8,248,2,10,5,0,500,0.6,1000,0.2,1400,0.2,1
0,9,858,1,0,500,0.6,1000,0.2,1400,0.2,1
0,10,807,0,0,666,0.42,420,0.58,1
0,11,870,0,0,666,0.42,420,0.58,1
1,0,165,2,10,5,0,300,0.5,572,0.32,486,0.18,0
1,1,764,1,0,300,0.5,572,0.32,486,0.18,0
1,2,872,1,0,666,0.42,420,0.58,0
1,3,608,0,0,300,0.5,1700,0.5,0
1,4,388,0,0,500,0.6,1000,0.2,1400,0.2,0
1,5,768,0,0,300,0.5,1700,0.5,0
1,6,211,2,10,5,0,666,0.42,420,0.58,0
1,7,325,1,0,300,0.5,572,0.32,486,0.18,0
1,8,910,2,10,5,0,300,0.5,572,0.32,486,0.18,0
1,9,972,2,10,5,0,500,0.6,1000,0.2,1400,0.2,0
1,10,893,0,0,666,0.42,420,0.58,0
1,11,17,2,10,5,0,500,0.6,1000,0.2,1400,0.2,0
2,0,317,0,0,300,0.5,1700,0.5,1
2,1,489,1,0,300,0.5,572,0.32,486,0.18,1
2,2,362,0,0,300,0.5,1700,0.5,1
2,3,381,0,0,300,0.5,1700,0.5,1
2,4,86,0,0,500,0.6,1000,0.2,1400,0.2,1
2,5,363,2,10,5,0,500,0.6,1000,0.2,1400,0.2,1
2,6,435,1,0,666,0.42,420,0.58,1
2,7,790,1,0,666,0.42,420,0.58,1
2,8,639,1,0,300,0.5,1700,0.5,1
2,9,874,0,0,500,0.6,1000,0.2,1400,0.2,1
2,10,516,0,0,500,0.6,1000,0.2,1400,0.2,1
2,11,101,1,0,300,0.5,1700,0.5,1
3,0,717,2,10,5,0,300,0.5,572,0.32,486,0.18,1
3,1,636,2,10,5,0,300,0.5,1700,0.5,1
3,2,936,0,0,300,0.5,1700,0.5,1
3,3,621,0,0,666,0.42,420,0.58,1
3,4,583,2,10,5,0,300,0.5,1700,0.5,1
3,5,526,0,0,300,0.5,572,0.32,486,0.18,1
3,6,805,0,0,666,0.42,420,0.58,1
3,7,673,2,10,5,0,500,0.6,1000,0.2,1400,0.2,1
3,8,828,2,10,5,0,300,0.5,1700,0.5,1
3,9,918,0,0,500,0.6,1000,0.2,1400,0.2,1
3,10,115,1,0,500,0.6,1000,0.2,1400,0.2,1
3,11,578,0,0,666,0.42,420,0.58,1
4,0,69,1,0,300,0.5,1700,0.5,1
4,1,697,0,0,666,0.42,420,0.58,1
4,2,626,2,10,5,0,300,0.5,1700,0.5,1
4,3,860,0,0,300,0.5,1700,0.5,1
4,4,654,1,0,666,0.42,420,0.58,1
4,5,372,0,0,500,0.6,1000,0.2,1400,0.2,1
4,6,610,0,0,500,0.6,1000,0.2,1400,0.2,1
4,7,495,1,0,300,0.5,1700,0.5,1
4,8,326,2,10,5,0,666,0.42,420,0.58,1
4,9,842,0,0,300,0.5,572,0.32,486,0.18,1
4,10,382,2,10,5,0,500,0.6,1000,0.2,1400,0.2,1
4,11,119,1,0,300,0.5,572,0.32,486,0.18,1
5,0,748,0,0,500,0.6,1000,0.2,1400,0.2,1
5,1,423,1,0,300,0.5,572,0.32,486,0.18,1
5,2,549,0,0,666,0.42,420,0.58,1
5,3,841,1,0,500,0.6,1000,0.2,1400,0.2,1
5,4,607,0,0,666,0.42,420,0.58,1
5,5,114,1,0,666,0.42,420,0.58,1
5,6,50,2,10,5,0,500,0.6,1000,0.2,1400,0.2,1
5,7,331,2,10,5,0,300,0.5,572,0.32,486,0.18,1
5,8,396,1,0,300,0.5,572,0.32,486,0.18,1
5,9,339,2,10,5,0,300,0.5,572,0.32,486,0.18,1
5,10,863,1,0,500,0.6,1000,0.2,1400,0.2,1
5,11,531,2,10,5,0,300,0.5,1700,0.5,1
6,0,163,2,10,5,0,500,0.6,1000,0.2,1400,0.2,1
6,1,647,1,0,500,0.6,1000,0.2,1400,0.2,1
6,2,23,1,0,300,0.5,572,0.32,486,0.18,1
6,3,989,2,10,5,0,666,0.42,420,0.58,1
6,4,321,0,0,666,0.42,420,0.58,1
6,5,778,2,10,5,0,300,0.5,572,0.32,486,0.18,1
6,6,431,1,0,300,0.5,572,0.32,486,0.18,1
6,7,214,2,10,5,0,300,0.5,1700,0.5,1
6,8,752,1,0,666,0.42,420,0.58,1
6,9,494,0,0,300,0.5,1700,0.5,1
6,10,363,0,0,500,0.6,1000,0.2,1400,0.2,1
6,11,67,2,10,5,0,500,0.6,1000,0.2,1400,0.2,1
7,0,648,0,0,300,0.5,1700,0.5,1
7,1,608,0,0,300,0.5,572,0.32,486,0.18,1
7,2,471,2,10,5,0,300,0.5,572,0.32,486,0.18,1
7,3,323,1,0,666,0.42,420,0.58,1
7,4,621,0,0,500,0.6,1000,0.2,1400,0.2,1
7,5,337,0,0,300,0.5,1700,0.5,1
7,6,381,1,0,300,0.5,572,0.32,486,0.18,1
7,7,940,1,0,300,0.5,1700,0.5,1
7,8,411,0,0,666,0.42,420,0.58,1
7,9,764,0,0,300,0.5,572,0.32,486,0.18,1
7,10,747,1,0,500,0.6,1000,0.2,1400,0.2,1
7,11,880,0,0,300,0.5,1700,0.5,1
8,0,433,1,0,300,0.5,572,0.32,486,0.18,1
8,1,862,2,10,5,0,300,0.5,572,0.32,486,0.18,1
8,2,377,2,10,5,0,500,0.6,1000,0.2,1400,0.2,1
8,3,700,0,0,666,0.42,420,0.58,1
8,4,640,2,10,5,0,500,0.6,1000,0.2,1400,0.2,1
8,5,684,2,10,5,0,300,0.5,572,0.32,486,0.18,1
8,6,496,0,0,500,0.6,1000,0.2,1400,0.2,1
8,7,102,2,10,5,0,666,0.42,420,0.58,1
8,8,314,0,0,500,0.6,1000,0.2,1400,0.2,1
8,9,773,2,10,5,0,300,0.5,572,0.32,486,0.18,1
8,10,455,0,0,666,0.42,420,0.58,1
8,11,626,2,10,5,0,300,0.5,1700,0.5,1
9,0,474,1,0,500,0.6,1000,0.2,1400,0.2,1
9,1,835,2,10,5,0,500,0.6,1000,0.2,1400,0.2,1
9,2,220,0,0,300,0.5,1700,0.5,1
9,3,646,2,10,5,0,500,0.6,1000,0.2,1400,0.2,1
9,4,287,0,0,300,0.5,572,0.32,486,0.18,1
9,5,378,2,10,5,0,300,0.5,1700,0.5,1
9,6,569,0,0,300,0.5,1700,0.5,1
9,7,138,1,0,500,0.6,1000,0.2,1400,0.2,1
9,8,291,1,0,666,0.42,420,0.58,1
9,9,285,1,0,300,0.5,1700,0.5,1
9,10,723,1,0,300,0.5,572,0.32,486,0.18,1
9,11,710,2,10,5,0,500,0.6,1000,0.2,1400,0.2,1
10,0,422,1,0,666,0.42,420,0.58,1
10,1,347,0,0,300,0.5,572,0.32,486,0.18,1
10,2,479,2,10,5,0,300,0.5,572,0.32,486,0.18,1
10,3,457,0,0,300,0.5,1700,0.5,1
10,4,852,1,0,300,0.5,1700,0.5,1
10,5,692,2,10,5,0,300,0.5,572,0.32,486,0.18,1
10,6,230,1,0,300,0.5,572,0.32,486,0.18,1
10,7,567,1,0,500,0.6,1000,0.2,1400,0.2,1
10,8,478,1,0,500,0.6,1000,0.2,1400,0.2,1
10,9,306,2,10,5,0,666,0.42,420,0.58,1
10,10,482,0,0,500,0.6,1000,0.2,1400,0.2,1
10,11,50,2,10,5,0,300,0.5,572,0.32,486,0.18,1
11,0,119,0,0,666,0.42,420,0.58,1
11,1,837,2,10,5,0,500,0.6,1000,0.2,1400,0.2,1
11,2,317,0,0,300,0.5,1700,0.5,1
11,3,265,1,0,666,0.42,420,0.58,1
11,4,791,0,0,666,0.42,420,0.58,1
11,5,384,0,0,666,0.42,420,0.58,1
11,6,149,1,0,666,0.42,420,0.58,1
11,7,42,2,10,5,0,500,0.6,1000,0.2,1400,0.2,1
11,8,370,1,0,666,0.42,420,0.58,1
11,9,91,2,10,5,0,666,0.42,420,0.58,1
11,10,266,2,10,5,0,666,0.42,420,0.58,1
11,11,509,2,10,5,0,300,0.5,1700,0.5,1
