0,0,703,2,10,5,0,500,0.6,1000,0.2,1400,0.2,1
0,1,224,0,0,300,0.5,1700,0.5,1
0,2,520,2,10,5,0,500,0.6,1000,0.2,1400,0.2,1
0,3,623,2,10,5,0,666,0.42,420,0.58,1
0,4,893,0,0,300,0.5,572,0.32,486,0.18,1
0,5,850,0,0,666,0.42,420,0.58,1
0,6,327,2,10,5,0,300,0.5,572,0.32,486,0.18,1
0,7,601,1,0,666,0.42,420,0.58,1
0,8,493,2,10,5,0,300,0.5,1700,0.5,1
0,9,153,1,0,300,0.5,572,0.32,486,0.18,1
0,10,482,2,10,5,0,500,0.6,1000,0.2,1400,0.2,1
0,11,165,0,0,300,0.5,572,0.32,486,0.18,1
1,0,826,1,0,300,0.5,1700,0.5,0
1,1,152,0,0,300,0.5,572,0.32,486,0.18,0
1,2,997,1,0,666,0.42,420,0.58,0
1,3,704,0,0,300,0.5,1700,0.5,0
1,4,99,0,0,500,0.6,1000,0.2,1400,0.2,0
1,5,661,1,0,500,0.6,1000,0.2,1400,0.2,0
1,6,942,1,0,500,0.6,1000,0.2,1400,0.2,0
1,7,285,0,0,300,0.5,572,0.32,486,0.18,0
1,8,252,2,10,5,0,300,0.5,1700,0.5,0
1,9,266,2,10,5,0,666,0.42,420,0.58,0
1,10,102,1,0,500,0.6,1000,0.2,1400,0.2,0
1,11,414,0,0,300,0.5,572,0.32,486,0.18,0
2,0,987,0,0,300,0.5,572,0.32,486,0.18,1
2,1,227,0,0,500,0.6,1000,0.2,1400,0.2,1
2,2,305,1,0,666,0.42,420,0.58,1
2,3,165,2,10,5,0,300,0.5,572,0.32,486,0.18,1
2,4,946,2,10,5,0,500,0.6,1000,0.2,1400,0.2,1
2,5,753,2,10,5,0,500,0.6,1000,0.2,1400,0.2,1
2,6,912,0,0,500,0.6,1000,0.2,1400,0.2,1
2,7,93,1,0,300,0.5,1700,0.5,1
2,8,527,2,10,5,0,300,0.5,572,0.32,486,0.18,1
2,9,778,2,10,5,0,300,0.5,1700,0.5,1
2,10,791,2,10,5,0,300,0.5,572,0.32,486,0.18,1
2,11,323,0,0,300,0.5,572,0.32,486,0.18,1
3,0,116,0,0,300,0.5,572,0.32,486,0.18,1
3,1,53,0,0,500,0.6,1000,0.2,1400,0.2,1
3,2,393,1,0,300,0.5,1700,0.5,1
3,3,269,0,0,300,0.5,1700,0.5,1
3,4,273,0,0,500,0.6,1000,0.2,1400,0.2,1
3,5,206,2,10,5,0,500,0.6,1000,0.2,1400,0.2,1
3,6,507,0,0,300,0.5,1700,0.5,1
3,7,674,2,10,5,0,500,0.6,1000,0.2,1400,0.2,1
3,8,502,2,10,5,0,500,0.6,1000,0.2,1400,0.2,1
3,9,131,0,0,666,0.42,420,0.58,1
3,10,364,1,0,300,0.5,1700,0.5,1
3,11,508,1,0,300,0.5,572,0.32,486,0.18,1
4,0,265,0,0,300,0.5,1700,0.5,1
4,1,969,0,0,300,0.5,572,0.32,486,0.18,1
4,2,438,2,10,5,0,300,0.5,572,0.32,486,0.18,1
4,3,661,1,0,300,0.5,1700,0.5,1
4,4,508,2,10,5,0,300,0.5,1700,0.5,1
4,5,47,1,0,500,0.6,1000,0.2,1400,0.2,1
4,6,473,2,10,5,0,300,0.5,572,0.32,486,0.18,1
4,7,635,2,10,5,0,500,0.6,1000,0.2,1400,0.2,1
4,8,276,1,0,300,0.5,572,0.32,486,0.18,1
4,9,557,2,10,5,0,300,0.5,572,0.32,486,0.18,1
4,10,686,0,0,300,0.5,572,0.32,486,0.18,1
4,11,698,2,10,5,0,300,0.5,572,0.32,486,0.18,1
5,0,796,2,10,5,0,300,0.5,572,0.32,486,0.18,1
5,1,860,2,10,5,0,300,0.5,572,0.32,486,0.18,1
5,2,62,1,0,500,0.6,1000,0.2,1400,0.2,1
5,3,218,2,10,5,0,300,0.5,1700,0.5,1
5,4,875,1,0,300,0.5,1700,0.5,1
5,5,990,1,0,500,0.6,1000,0.2,1400,0.2,1
5,6,626,0,0,500,0.6,1000,0.2,1400,0.2,1
5,7,299,1,0,300,0.5,1700,0.5,1
5,8,128,2,10,5,0,666,0.42,420,0.58,1
5,9,63,1,0,500,0.6,1000,0.2,1400,0.2,1
5,10,363,2,10,5,0,300,0.5,1700,0.5,1
5,11,885,0,0,666,0.42,420,0.58,1
6,0,883,1,0,666,0.42,420,0.58,1
6,1,715,1,0,300,0.5,572,0.32,486,0.18,1
6,2,842,2,10,5,0,666,0.42,420,0.58,1
6,3,743,2,10,5,0,300,0.5,1700,0.5,1
6,4,661,2,10,5,0,300,0.5,1700,0.5,1
6,5,99,0,0,300,0.5,572,0.32,486,0.18,1
6,6,605,0,0,300,0.5,572,0.32,486,0.18,1
6,7,97,2,10,5,0,300,0.5,1700,0.5,1
6,8,715,1,0,500,0.6,1000,0.2,1400,0.2,1
6,9,627,2,10,5,0,666,0.42,420,0.58,1
6,10,507,1,0,666,0.42,420,0.58,1
6,11,395,0,0,500,0.6,1000,0.2,1400,0.2,1
7,0,315,0,0,500,0.6,1000,0.2,1400,0.2,1
7,1,298,1,0,300,0.5,572,0.32,486,0.18,1
7,2,435,0,0,300,0.5,572,0.32,486,0.18,1
7,3,518,1,0,300,0.5,1700,0.5,1
7,4,591,1,0,500,0.6,1000,0.2,1400,0.2,1
7,5,33,0,0,500,0.6,1000,0.2,1400,0.2,1
7,6,230,2,10,5,0,300,0.5,572,0.32,486,0.18,1
7,7,579,0,0,300,0.5,572,0.32,486,0.18,1
7,8,729,2,10,5,0,300,0.5,572,0.32,486,0.18,1
7,9,716,0,0,666,0.42,420,0.58,1
7,10,443,1,0,666,0.42,420,0.58,1
7,11,944,2,10,5,0,300,0.5,1700,0.5,1
8,0,99,2,10,5,0,300,0.5,1700,0.5,1
8,1,953,1,0,300,0.5,572,0.32,486,0.18,1
8,2,627,2,10,5,0,666,0.42,420,0.58,1
8,3,461,2,10,5,0,300,0.5,1700,0.5,1
8,4,705,2,10,5,0,300,0.5,1700,0.5,1
8,5,586,0,0,500,0.6,1000,0.2,1400,0.2,1
8,6,213,2,10,5,0,300,0.5,572,0.32,486,0.18,1
8,7,830,2,10,5,0,666,0.42,420,0.58,1
8,8,120,0,0,300,0.5,572,0.32,486,0.18,1
8,9,196,1,0,300,0.5,572,0.32,486,0.18,1
8,10,755,1,0,666,0.42,420,0.58,1
8,11,731,0,0,300,0.5,1700,0.5,1
9,0,145,2,10,5,0,666,0.42,420,0.58,1
9,1,271,2,10,5,0,500,0.6,1000,0.2,1400,0.2,1
9,2,100,2,10,5,0,300,0.5,572,0.32,486,0.18,1
9,3,342,0,0,300,0.5,572,0.32,486,0.18,1
9,4,814,1,0,500,0.6,1000,0.2,1400,0.2,1
9,5,322,2,10,5,0,666,0.42,420,0.58,1
9,6,617,1,0,500,0.6,1000,0.2,1400,0.2,1
9,7,697,1,0,300,0.5,572,0.32,486,0.18,1
9,8,210,0,0,300,0.5,1700,0.5,1
9,9,836,0,0,500,0.6,1000,0.2,1400,0.2,1
9,10,996,1,0,300,0.5,1700,0.5,1
9,11,111,1,0,300,0.5,572,0.32,486,0.18,1
10,0,916,1,0,500,0.6,1000,0.2,1400,0.2,1
10,1,645,0,0,500,0.6,1000,0.2,1400,0.2,1
10,2,740,1,0,666,0.42,420,0.58,1
10,3,552,1,0,300,0.5,572,0.32,486,0.18,1
10,4,368,1,0,300,0.5,572,0.32,486,0.18,1
10,5,933,1,0,300,0.5,1700,0.5,1
10,6,72,0,0,300,0.5,572,0.32,486,0.18,1
10,7,820,0,0,300,0.5,572,0.32,486,0.18,1
10,8,485,1,0,500,0.6,1000,0.2,1400,0.2,1
10,9,92,1,0,666,0.42,420,0.58,1
10,10,637,1,0,300,0.5,1700,0.5,1
10,11,941,0,0,300,0.5,572,0.32,486,0.18,1
11,0,626,0,0,666,0.42,420,0.58,1
11,1,661,1,0,500,0.6,1000,0.2,1400,0.2,1
11,2,848,2,10,5,0,300,0.5,1700,0.5,1
11,3,542,1,0,500,0.6,1000,0.2,1400,0.2,1
11,4,706,0,0,500,0.6,1000,0.2,1400,0.2,1
11,5,602,0,0,300,0.5,1700,0.5,1
11,6,508,1,0,666,0.42,420,0.58,1
11,7,348,2,10,5,0,500,0.6,1000,0.2,1400,0.2,1
11,8,386,2,10,5,0,666,0.42,420,0.58,1
11,9,573,1,0,500,0.6,1000,0.2,1400,0.2,1
11,10,130,2,10,5,0,666,0.42,420,0.58,1
11,11,564,0,0,666,0.42,420,0.58,1
