0,0,393,2,10,5,0,500,0.6,1000,0.2,1400,0.2,1
0,1,666,1,0,300,0.5,572,0.32,486,0.18,1
0,2,483,2,10,5,0,300,0.5,1700,0.5,1
0,3,969,0,0,300,0.5,572,0.32,486,0.18,1
0,4,722,2,10,5,0,666,0.42,420,0.58,1
0,5,594,0,0,300,0.5,1700,0.5,1
0,6,975,1,0,300,0.5,572,0.32,486,0.18,1
0,7,141,2,10,5,0,666,0.42,420,0.58,1
0,8,351,1,0,300,0.5,572,0.32,486,0.18,1
0,9,795,2,10,5,0,500,0.6,1000,0.2,1400,0.2,1
0,10,401,1,0,500,0.6,1000,0.2,1400,0.2,1
0,11,61,2,10,5,0,500,0.6,1000,0.2,1400,0.2,1
1,0,160,1,0,300,0.5,1700,0.5,0
1,1,904,2,10,5,0,500,0.6,1000,0.2,1400,0.2,0
1,2,356,0,0,300,0.5,572,0.32,486,0.18,0
1,3,521,1,0,300,0.5,572,0.32,486,0.18,0
1,4,804,0,0,666,0.42,420,0.58,0
1,5,922,0,0,300,0.5,1700,0.5,0
1,6,652,0,0,300,0.5,572,0.32,486,0.18,0
1,7,40,1,0,666,0.42,420,0.58,0
1,8,660,0,0,300,0.5,572,0.32,486,0.18,0
1,9,26,0,0,300,0.5,572,0.32,486,0.18,0
1,10,775,2,10,5,0,300,0.5,572,0.32,486,0.18,0
1,11,524,1,0,500,0.6,1000,0.2,1400,0.2,0
2,0,363,0,0,300,0.5,1700,0.5,1
2,1,633,1,0,666,0.42,420,0.58,1
2,2,248,1,0,500,0.6,1000,0.2,1400,0.2,1
2,3,499,1,0,500,0.6,1000,0.2,1400,0.2,1
2,4,725,2,10,5,0,666,0.42,420,0.58,1
2,5,574,2,10,5,0,300,0.5,1700,0.5,1
2,6,124,0,0,500,0.6,1000,0.2,1400,0.2,1
2,7,436,2,10,5,0,300,0.5,1700,0.5,1
2,8,250,0,0,300,0.5,572,0.32,486,0.18,1
2,9,167,2,10,5,0,500,0.6,1000,0.2,1400,0.2,1
2,10,463,0,0,300,0.5,1700,0.5,1
2,11,51,0,0,300,0.5,572,0.32,486,0.18,1
3,0,350,2,10,5,0,300,0.5,572,0.32,486,0.18,1
3,1,772,2,10,5,0,300,0.5,572,0.32,486,0.18,1
3,2,15,1,0,300,0.5,1700,0.5,1
3,3,48,1,0,300,0.5,1700,0.5,1
3,4,493,2,10,5,0,300,0.5,572,0.32,486,0.18,1
3,5,929,2,10,5,0,300,0.5,1700,0.5,1
3,6,953,0,0,500,0.6,1000,0.2,1400,0.2,1
3,7,490,0,0,666,0.42,420,0.58,1
3,8,441,0,0,300,0.5,572,0.32,486,0.18,1
3,9,541,2,10,5,0,300,0.5,1700,0.5,1
3,10,681,1,0,300,0.5,1700,0.5,1
3,11,856,2,10,5,0,666,0.42,420,0.58,1
4,0,267,0,0,300,0.5,572,0.32,486,0.18,1
4,1,221,2,10,5,0,666,0.42,420,0.58,1
4,2,255,1,0,300,0.5,1700,0.5,1
4,3,863,1,0,666,0.42,420,0.58,1
4,4,127,1,0,666,0.42,420,0.58,1
4,5,827,1,0,300,0.5,572,0.32,486,0.18,1
4,6,962,2,10,5,0,500,0.6,1000,0.2,1400,0.2,1
4,7,168,2,10,5,0,666,0.42,420,0.58,1
4,8,820,2,10,5,0,300,0.5,1700,0.5,1
4,9,919,1,0,300,0.5,572,0.32,486,0.18,1
4,10,189,0,0,300,0.5,572,0.32,486,0.18,1
4,11,401,1,0,300,0.5,1700,0.5,1
5,0,405,0,0,300,0.5,572,0.32,486,0.18,1
5,1,876,0,0,666,0.42,420,0.58,1
5,2,427,2,10,5,0,300,0.5,572,0.32,486,0.18,1
5,3,155,0,0,666,0.42,420,0.58,1
5,4,533,2,10,5,0,300,0.5,572,0.32,486,0.18,1
5,5,574,2,10,5,0,500,0.6,1000,0.2,1400,0.2,1
5,6,201,2,10,5,0,300,0.5,572,0.32,486,0.18,1
5,7,962,2,10,5,0,300,0.5,1700,0.5,1
5,8,856,0,0,300,0.5,1700,0.5,1
5,9,648,2,10,5,0,300,0.5,1700,0.5,1
5,10,976,2,10,5,0,300,0.5,572,0.32,486,0.18,1
5,11,847,0,0,666,0.42,420,0.58,1
6,0,979,0,0,300,0.5,572,0.32,486,0.18,1
6,1,186,0,0,300,0.5,1700,0.5,1
6,2,66,2,10,5,0,666,0.42,420,0.58,1
6,3,727,0,0,500,0.6,1000,0.2,1400,0.2,1
6,4,473,2,10,5,0,300,0.5,572,0.32,486,0.18,1
6,5,646,2,10,5,0,300,0.5,572,0.32,486,0.18,1
6,6,855,2,10,5,0,300,0.5,1700,0.5,1
6,7,581,2,10,5,0,666,0.42,420,0.58,1
6,8,235,2,10,5,0,300,0.5,572,0.32,486,0.18,1
6,9,729,0,0,666,0.42,420,0.58,1
6,10,990,1,0,300,0.5,572,0.32,486,0.18,1
6,11,261,1,0,500,0.6,1000,0.2,1400,0.2,1
7,0,629,0,0,300,0.5,1700,0.5,1
7,1,742,0,0,300,0.5,1700,0.5,1
7,2,632,1,0,300,0.5,572,0.32,486,0.18,1
7,3,308,0,0,666,0.42,420,0.58,1
7,4,259,1,0,666,0.42,420,0.58,1
7,5,370,2,10,5,0,666,0.42,420,0.58,1
7,6,408,1,0,300,0.5,1700,0.5,1
7,7,333,1,0,300,0.5,1700,0.5,1
7,8,884,0,0,500,0.6,1000,0.2,1400,0.2,1
7,9,875,2,10,5,0,300,0.5,572,0.32,486,0.18,1
7,10,368,2,10,5,0,500,0.6,1000,0.2,1400,0.2,1
7,11,779,2,10,5,0,500,0.6,1000,0.2,1400,0.2,1
8,0,335,2,10,5,0,500,0.6,1000,0.2,1400,0.2,1
8,1,170,2,10,5,0,500,0.6,1000,0.2,1400,0.2,1
8,2,573,2,10,5,0,300,0.5,1700,0.5,1
8,3,73,0,0,500,0.6,1000,0.2,1400,0.2,1
8,4,605,1,0,300,0.5,1700,0.5,1
8,5,932,0,0,300,0.5,1700,0.5,1
8,6,10,0,0,500,0.6,1000,0.2,1400,0.2,1
8,7,736,1,0,300,0.5,1700,0.5,1
8,8,218,1,0,666,0.42,420,0.58,1
8,9,40,2,10,5,0,666,0.42,420,0.58,1
8,10,330,1,0,500,0.6,1000,0.2,1400,0.2,1
8,11,97,1,0,666,0.42,420,0.58,1
9,0,216,1,0,500,0.6,1000,0.2,1400,0.2,1
9,1,767,1,0,666,0.42,420,0.58,1
9,2,423,2,10,5,0,500,0.6,1000,0.2,1400,0.2,1
9,3,818,2,10,5,0,300,0.5,1700,0.5,1
9,4,840,1,0,666,0.42,420,0.58,1
9,5,109,1,0,500,0.6,1000,0.2,1400,0.2,1
9,6,952,2,10,5,0,666,0.42,420,0.58,1
9,7,87,2,10,5,0,666,0.42,420,0.58,1
9,8,751,0,0,666,0.42,420,0.58,1
9,9,16,0,0,500,0.6,1000,0.2,1400,0.2,1
9,10,799,2,10,5,0,500,0.6,1000,0.2,1400,0.2,1
9,11,364,2,10,5,0,300,0.5,1700,0.5,1
10,0,482,0,0,500,0.6,1000,0.2,1400,0.2,1
10,1,312,0,0,300,0.5,572,0.32,486,0.18,1
10,2,710,2,10,5,0,666,0.42,420,0.58,1
10,3,644,2,10,5,0,300,0.5,1700,0.5,1
10,4,22,0,0,300,0.5,572,0.32,486,0.18,1
10,5,906,1,0,500,0.6,1000,0.2,1400,0.2,1
10,6,23,2,10,5,0,300,0.5,1700,0.5,1
10,7,864,1,0,300,0.5,1700,0.5,1
10,8,558,1,0,500,0.6,1000,0.2,1400,0.2,1
10,9,526,1,0,666,0.42,420,0.58,1
10,10,240,1,0,300,0.5,572,0.32,486,0.18,1
10,11,253,2,10,5,0,500,0.6,1000,0.2,1400,0.2,1
11,0,611,0,0,666,0.42,420,0.58,1
11,1,144,1,0,666,0.42,420,0.58,1
11,2,486,2,10,5,0,500,0.6,1000,0.2,1400,0.2,1
11,3,216,0,0,666,0.42,420,0.58,1
11,4,989,1,0,500,0.6,1000,0.2,1400,0.2,1
11,5,91,2,10,5,0,300,0.5,1700,0.5,1
11,6,48,2,10,5,0,500,0.6,1000,0.2,1400,0.2,1
11,7,364,0,0,666,0.42,420,0.58,1
11,8,937,2,10,5,0,666,0.42,420,0.58,1
11,9,421,2,10,5,0,666,0.42,420,0.58,1
11,10,427,1,0,300,0.5,572,0.32,486,0.18,1
11,11,306,1,0,666,0.42,420,0.58,1
