0,0,623,1,0,666,0.42,420,0.58,1
0,1,33,1,0,500,0.6,1000,0.2,1400,0.2,1
0,2,119,2,10,5,0,500,0.6,1000,0.2,1400,0.2,1
0,3,23,2,10,5,0,666,0.42,420,0.58,1
0,4,632,2,10,5,0,300,0.5,572,0.32,486,0.18,1
0,5,623,2,10,5,0,300,0.5,1700,0.5,1
0,6,447,2,10,5,0,666,0.42,420,0.58,1
0,7,672,2,10,5,0,666,0.42,420,0.58,1
0,8,966,2,10,5,0,300,0.5,1700,0.5,1
0,9,771,2,10,5,0,500,0.6,1000,0.2,1400,0.2,1
0,10,635,1,0,300,0.5,1700,0.5,1
0,11,895,1,0,666,0.42,420,0.58,1
1,0,446,0,0,500,0.6,1000,0.2,1400,0.2,0
1,1,932,1,0,666,0.42,420,0.58,0
1,2,541,0,0,666,0.42,420,0.58,0
1,3,553,1,0,666,0.42,420,0.58,0
1,4,254,0,0,300,0.5,572,0.32,486,0.18,0
1,5,467,0,0,300,0.5,1700,0.5,0
1,6,221,0,0,300,0.5,572,0.32,486,0.18,0
1,7,765,2,10,5,0,300,0.5,572,0.32,486,0.18,0
1,8,931,2,10,5,0,666,0.42,420,0.58,0
1,9,160,1,0,300,0.5,572,0.32,486,0.18,0
1,10,806,0,0,300,0.5,1700,0.5,0
1,11,869,2,10,5,0,300,0.5,1700,0.5,0
2,0,339,0,0,666,0.42,420,0.58,1
2,1,332,2,10,5,0,300,0.5,572,0.32,486,0.18,1
2,2,552,1,0,300,0.5,1700,0.5,1
2,3,482,0,0,300,0.5,1700,0.5,1
2,4,854,0,0,500,0.6,1000,0.2,1400,0.2,1
2,5,605,0,0,500,0.6,1000,0.2,1400,0.2,1
2,6,903,2,10,5,0,666,0.42,420,0.58,1
2,7,164,1,0,500,0.6,1000,0.2,1400,0.2,1
2,8,476,2,10,5,0,300,0.5,572,0.32,486,0.18,1
2,9,374,2,10,5,0,666,0.42,420,0.58,1
2,10,329,1,0,300,0.5,572,0.32,486,0.18,1
2,11,517,2,10,5,0,300,0.5,572,0.32,486,0.18,1
3,0,417,0,0,500,0.6,1000,0.2,1400,0.2,1
3,1,882,1,0,500,0.6,1000,0.2,1400,0.2,1
3,2,654,1,0,666,0.42,420,0.58,1
3,3,901,0,0,300,0.5,572,0.32,486,0.18,1
3,4,891,2,10,5,0,300,0.5,572,0.32,486,0.18,1
3,5,225,2,10,5,0,300,0.5,572,0.32,486,0.18,1
3,6,279,1,0,666,0.42,420,0.58,1
3,7,42,1,0,300,0.5,572,0.32,486,0.18,1
3,8,613,2,10,5,0,500,0.6,1000,0.2,1400,0.2,1
3,9,558,2,10,5,0,500,0.6,1000,0.2,1400,0.2,1
3,10,233,0,0,300,0.5,572,0.32,486,0.18,1
3,11,573,1,0,500,0.6,1000,0.2,1400,0.2,1
4,0,914,2,10,5,0,666,0.42,420,0.58,1
4,1,377,2,10,5,0,500,0.6,1000,0.2,1400,0.2,1
4,2,986,1,0,300,0.5,572,0.32,486,0.18,1
4,3,255,0,0,300,0.5,1700,0.5,1
4,4,549,2,10,5,0,500,0.6,1000,0.2,1400,0.2,1
4,5,805,2,10,5,0,500,0.6,1000,0.2,1400,0.2,1
4,6,542,0,0,500,0.6,1000,0.2,1400,0.2,1
4,7,597,2,10,5,0,300,0.5,572,0.32,486,0.18,1
4,8,883,1,0,666,0.42,420,0.58,1
4,9,272,2,10,5,0,300,0.5,1700,0.5,1
4,10,992,0,0,300,0.5,572,0.32,486,0.18,1
4,11,688,2,10,5,0,500,0.6,1000,0.2,1400,0.2,1
5,0,827,2,10,5,0,666,0.42,420,0.58,1
5,1,986,0,0,500,0.6,1000,0.2,1400,0.2,1
5,2,50,2,10,5,0,300,0.5,1700,0.5,1
5,3,232,2,10,5,0,666,0.42,420,0.58,1
5,4,388,2,10,5,0,666,0.42,420,0.58,1
5,5,763,1,0,300,0.5,1700,0.5,1
5,6,766,1,0,500,0.6,1000,0.2,1400,0.2,1
5,7,734,0,0,500,0.6,1000,0.2,1400,0.2,1
5,8,685,0,0,666,0.42,420,0.58,1
5,9,196,0,0,300,0.5,572,0.32,486,0.18,1
5,10,146,1,0,300,0.5,572,0.32,486,0.18,1
5,11,695,2,10,5,0,300,0.5,572,0.32,486,0.18,1
6,0,543,1,0,666,0.42,420,0.58,1
6,1,724,1,0,500,0.6,1000,0.2,1400,0.2,1
6,2,35,0,0,300,0.5,1700,0.5,1
6,3,46,0,0,300,0.5,1700,0.5,1
6,4,25,2,10,5,0,300,0.5,572,0.32,486,0.18,1
6,5,510,2,10,5,0,300,0.5,572,0.32,486,0.18,1
6,6,631,2,10,5,0,666,0.42,420,0.58,1
6,7,370,1,0,500,0.6,1000,0.2,1400,0.2,1
6,8,774,0,0,300,0.5,1700,0.5,1
6,9,472,1,0,666,0.42,420,0.58,1
6,10,754,2,10,5,0,300,0.5,1700,0.5,1
6,11,500,0,0,300,0.5,1700,0.5,1
7,0,799,2,10,5,0,666,0.42,420,0.58,1
7,1,126,2,10,5,0,300,0.5,572,0.32,486,0.18,1
7,2,992,2,10,5,0,300,0.5,1700,0.5,1
7,3,660,0,0,666,0.42,420,0.58,1
7,4,769,1,0,500,0.6,1000,0.2,1400,0.2,1
7,5,445,0,0,300,0.5,572,0.32,486,0.18,1
7,6,891,0,0,500,0.6,1000,0.2,1400,0.2,1
7,7,835,1,0,666,0.42,420,0.58,1
7,8,912,1,0,300,0.5,1700,0.5,1
7,9,679,2,10,5,0,300,0.5,1700,0.5,1
7,10,965,2,10,5,0,500,0.6,1000,0.2,1400,0.2,1
7,11,296,1,0,300,0.5,572,0.32,486,0.18,1
8,0,919,1,0,300,0.5,1700,0.5,1
8,1,510,1,0,500,0.6,1000,0.2,1400,0.2,1
8,2,343,1,0,300,0.5,572,0.32,486,0.18,1
8,3,541,2,10,5,0,666,0.42,420,0.58,1
8,4,331,1,0,300,0.5,572,0.32,486,0.18,1
8,5,123,1,0,666,0.42,420,0.58,1
8,6,355,1,0,300,0.5,572,0.32,486,0.18,1
8,7,922,0,0,300,0.5,1700,0.5,1
8,8,542,2,10,5,0,300,0.5,572,0.32,486,0.18,1
8,9,783,0,0,300,0.5,1700,0.5,1
8,10,289,0,0,500,0.6,1000,0.2,1400,0.2,1
8,11,784,2,10,5,0,500,0.6,1000,0.2,1400,0.2,1
9,0,189,1,0,500,0.6,1000,0.2,1400,0.2,1
9,1,735,0,0,666,0.42,420,0.58,1
9,2,242,0,0,300,0.5,1700,0.5,1
9,3,491,0,0,500,0.6,1000,0.2,1400,0.2,1
9,4,146,1,0,300,0.5,572,0.32,486,0.18,1
9,5,796,1,0,500,0.6,1000,0.2,1400,0.2,1
9,6,985,2,10,5,0,300,0.5,572,0.32,486,0.18,1
9,7,225,0,0,300,0.5,572,0.32,486,0.18,1
9,8,415,2,10,5,0,300,0.5,572,0.32,486,0.18,1
9,9,962,1,0,500,0.6,1000,0.2,1400,0.2,1
9,10,247,2,10,5,0,666,0.42,420,0.58,1
9,11,288,1,0,300,0.5,572,0.32,486,0.18,1
10,0,500,0,0,500,0.6,1000,0.2,1400,0.2,1
10,1,693,1,0,300,0.5,1700,0.5,1
10,2,881,2,10,5,0,666,0.42,420,0.58,1
10,3,937,0,0,500,0.6,1000,0.2,1400,0.2,1
10,4,130,0,0,666,0.42,420,0.58,1
10,5,534,1,0,300,0.5,572,0.32,486,0.18,1
10,6,622,1,0,300,0.5,1700,0.5,1
10,7,995,2,10,5,0,500,0.6,1000,0.2,1400,0.2,1
10,8,280,0,0,300,0.5,1700,0.5,1
10,9,821,1,0,666,0.42,420,0.58,1
10,10,978,1,0,300,0.5,1700,0.5,1
10,11,14,1,0,500,0.6,1000,0.2,1400,0.2,1
11,0,464,1,0,500,0.6,1000,0.2,1400,0.2,1
11,1,791,2,10,5,0,666,0.42,420,0.58,1
11,2,108,0,0,666,0.42,420,0.58,1
11,3,348,1,0,666,0.42,420,0.58,1
11,4,495,1,0,300,0.5,1700,0.5,1
11,5,952,2,10,5,0,666,0.42,420,0.58,1
11,6,870,1,0,300,0.5,572,0.32,486,0.18,1
11,7,448,2,10,5,0,300,0.5,1700,0.5,1
11,8,562,0,0,500,0.6,1000,0.2,1400,0.2,1
11,9,256,0,0,300,0.5,1700,0.5,1
11,10,26,1,0,666,0.42,420,0.58,1
11,11,852,1,0,300,0.5,572,0.32,486,0.18,1
