0,0,632,0,0,300,0.5,572,0.32,486,0.18,1
0,1,992,0,0,300,0.5,1700,0.5,1
0,2,474,1,0,666,0.42,420,0.58,1
0,3,40,2,10,5,0,300,0.5,572,0.32,486,0.18,1
0,4,602,0,0,300,0.5,1700,0.5,1
0,5,844,1,0,666,0.42,420,0.58,1
0,6,879,0,0,300,0.5,572,0.32,486,0.18,1
0,7,216,2,10,5,0,300,0.5,572,0.32,486,0.18,1
0,8,363,2,10,5,0,300,0.5,1700,0.5,1
0,9,691,1,0,300,0.5,1700,0.5,1
0,10,202,2,10,5,0,500,0.6,1000,0.2,1400,0.2,1
0,11,820,0,0,300,0.5,572,0.32,486,0.18,1
1,0,546,0,0,500,0.6,1000,0.2,1400,0.2,0
1,1,236,0,0,666,0.42,420,0.58,0
1,2,25,0,0,300,0.5,1700,0.5,0
1,3,207,0,0,666,0.42,420,0.58,0
1,4,502,0,0,500,0.6,1000,0.2,1400,0.2,0
1,5,643,0,0,300,0.5,1700,0.5,0
1,6,726,1,0,666,0.42,420,0.58,0
1,7,225,2,10,5,0,500,0.6,1000,0.2,1400,0.2,0
1,8,462,0,0,666,0.42,420,0.58,0
1,9,644,1,0,500,0.6,1000,0.2,1400,0.2,0
1,10,301,0,0,300,0.5,572,0.32,486,0.18,0
1,11,679,1,0,300,0.5,572,0.32,486,0.18,0
2,0,226,0,0,300,0.5,1700,0.5,1
2,1,23,0,0,300,0.5,1700,0.5,1
2,2,472,1,0,500,0.6,1000,0.2,1400,0.2,1
2,3,409,0,0,300,0.5,572,0.32,486,0.18,1
2,4,245,0,0,666,0.42,420,0.58,1
2,5,37,0,0,500,0.6,1000,0.2,1400,0.2,1
2,6,705,0,0,666,0.42,420,0.58,1
2,7,476,0,0,300,0.5,572,0.32,486,0.18,1
2,8,491,2,10,5,0,500,0.6,1000,0.2,1400,0.2,1
2,9,387,1,0,666,0.42,420,0.58,1
2,10,351,1,0,666,0.42,420,0.58,1
2,11,164,0,0,300,0.5,572,0.32,486,0.18,1
3,0,42,1,0,500,0.6,1000,0.2,1400,0.2,1
3,1,574,0,0,300,0.5,572,0.32,486,0.18,1
3,2,866,2,10,5,0,666,0.42,420,0.58,1
3,3,370,2,10,5,0,300,0.5,572,0.32,486,0.18,1
3,4,271,0,0,500,0.6,1000,0.2,1400,0.2,1
3,5,483,0,0,300,0.5,1700,0.5,1
3,6,861,2,10,5,0,500,0.6,1000,0.2,1400,0.2,1
3,7,952,2,10,5,0,500,0.6,1000,0.2,1400,0.2,1
3,8,925,2,10,5,0,666,0.42,420,0.58,1
3,9,298,2,10,5,0,666,0.42,420,0.58,1
3,10,473,2,10,5,0,300,0.5,572,0.32,486,0.18,1
3,11,867,1,0,666,0.42,420,0.58,1
4,0,544,1,0,300,0.5,572,0.32,486,0.18,1
4,1,214,0,0,666,0.42,420,0.58,1
4,2,582,2,10,5,0,300,0.5,572,0.32,486,0.18,1
4,3,305,2,10,5,0,300,0.5,1700,0.5,1
4,4,439,2,10,5,0,500,0.6,1000,0.2,1400,0.2,1
4,5,525,0,0,666,0.42,420,0.58,1
4,6,779,0,0,300,0.5,1700,0.5,1
4,7,239,0,0,666,0.42,420,0.58,1
4,8,952,2,10,5,0,500,0.6,1000,0.2,1400,0.2,1
4,9,849,0,0,300,0.5,1700,0.5,1
4,10,165,2,10,5,0,300,0.5,572,0.32,486,0.18,1
4,11,307,1,0,300,0.5,572,0.32,486,0.18,1
5,0,662,1,0,300,0.5,1700,0.5,1
5,1,53,0,0,500,0.6,1000,0.2,1400,0.2,1
5,2,486,1,0,300,0.5,1700,0.5,1
5,3,49,1,0,500,0.6,1000,0.2,1400,0.2,1
5,4,152,0,0,666,0.42,420,0.58,1
5,5,841,2,10,5,0,666,0.42,420,0.58,1
5,6,636,1,0,300,0.5,1700,0.5,1
5,7,555,2,10,5,0,300,0.5,572,0.32,486,0.18,1
5,8,672,2,10,5,0,666,0.42,420,0.58,1
5,9,605,1,0,300,0.5,1700,0.5,1
5,10,300,1,0,300,0.5,572,0.32,486,0.18,1
5,11,903,0,0,300,0.5,572,0.32,486,0.18,1
6,0,850,2,10,5,0,500,0.6,1000,0.2,1400,0.2,1
6,1,843,1,0,500,0.6,1000,0.2,1400,0.2,1
6,2,673,0,0,500,0.6,1000,0.2,1400,0.2,1
6,3,322,1,0,500,0.6,1000,0.2,1400,0.2,1
6,4,500,1,0,300,0.5,1700,0.5,1
6,5,666,2,10,5,0,500,0.6,1000,0.2,1400,0.2,1
6,6,319,0,0,666,0.42,420,0.58,1
6,7,161,0,0,666,0.42,420,0.58,1
6,8,722,1,0,300,0.5,1700,0.5,1
6,9,953,1,0,666,0.42,420,0.58,1
6,10,682,2,10,5,0,500,0.6,1000,0.2,1400,0.2,1
6,11,916,1,0,500,0.6,1000,0.2,1400,0.2,1
7,0,648,2,10,5,0,300,0.5,572,0.32,486,0.18,1
7,1,644,1,0,300,0.5,572,0.32,486,0.18,1
7,2,809,1,0,300,0.5,572,0.32,486,0.18,1
7,3,663,1,0,666,0.42,420,0.58,1
7,4,349,0,0,500,0.6,1000,0.2,1400,0.2,1
7,5,421,0,0,300,0.5,572,0.32,486,0.18,1
7,6,861,2,10,5,0,300,0.5,1700,0.5,1
7,7,212,1,0,666,0.42,420,0.58,1
7,8,814,2,10,5,0,300,0.5,1700,0.5,1
7,9,269,0,0,500,0.6,1000,0.2,1400,0.2,1
7,10,239,1,0,300,0.5,1700,0.5,1
7,11,36,2,10,5,0,500,0.6,1000,0.2,1400,0.2,1
8,0,775,2,10,5,0,500,0.6,1000,0.2,1400,0.2,1
8,1,481,2,10,5,0,300,0.5,572,0.32,486,0.18,1
8,2,630,1,0,500,0.6,1000,0.2,1400,0.2,1
8,3,32,1,0,666,0.42,420,0.58,1
8,4,790,2,10,5,0,300,0.5,572,0.32,486,0.18,1
8,5,811,0,0,300,0.5,572,0.32,486,0.18,1
8,6,386,2,10,5,0,666,0.42,420,0.58,1
8,7,122,0,0,300,0.5,572,0.32,486,0.18,1
8,8,93,0,0,500,0.6,1000,0.2,1400,0.2,1
8,9,243,0,0,300,0.5,572,0.32,486,0.18,1
8,10,961,2,10,5,0,500,0.6,1000,0.2,1400,0.2,1
8,11,791,2,10,5,0,666,0.42,420,0.58,1
9,0,302,2,10,5,0,666,0.42,420,0.58,1
9,1,806,2,10,5,0,300,0.5,1700,0.5,1
9,2,371,1,0,300,0.5,1700,0.5,1
9,3,148,0,0,500,0.6,1000,0.2,1400,0.2,1
9,4,933,2,10,5,0,500,0.6,1000,0.2,1400,0.2,1
9,5,310,2,10,5,0,500,0.6,1000,0.2,1400,0.2,1
9,6,150,0,0,500,0.6,1000,0.2,1400,0.2,1
9,7,741,0,0,666,0.42,420,0.58,1
9,8,640,0,0,666,0.42,420,0.58,1
9,9,754,0,0,300,0.5,1700,0.5,1
9,10,124,0,0,666,0.42,420,0.58,1
9,11,558,0,0,500,0.6,1000,0.2,1400,0.2,1
10,0,23,1,0,500,0.6,1000,0.2,1400,0.2,1
10,1,362,2,10,5,0,300,0.5,1700,0.5,1
10,2,551,1,0,300,0.5,1700,0.5,1
10,3,790,0,0,666,0.42,420,0.58,1
10,4,694,2,10,5,0,500,0.6,1000,0.2,1400,0.2,1
10,5,280,1,0,500,0.6,1000,0.2,1400,0.2,1
10,6,841,0,0,300,0.5,572,0.32,486,0.18,1
10,7,438,0,0,666,0.42,420,0.58,1
10,8,799,2,10,5,0,300,0.5,1700,0.5,1
10,9,639,2,10,5,0,500,0.6,1000,0.2,1400,0.2,1
10,10,360,1,0,500,0.6,1000,0.2,1400,0.2,1
10,11,642,1,0,300,0.5,572,0.32,486,0.18,1
11,0,922,1,0,300,0.5,1700,0.5,1
11,1,714,0,0,666,0.42,420,0.58,1
11,2,784,1,0,300,0.5,1700,0.5,1
11,3,621,2,10,5,0,666,0.42,420,0.58,1
11,4,840,2,10,5,0,300,0.5,1700,0.5,1
11,5,822,0,0,300,0.5,572,0.32,486,0.18,1
11,6,56,2,10,5,0,500,0.6,1000,0.2,1400,0.2,1
11,7,330,2,10,5,0,666,0.42,420,0.58,1
11,8,960,1,0,300,0.5,572,0.32,486,0.18,1
11,9,242,2,10,5,0,300,0.5,1700,0.5,1
11,10,436,0,0,300,0.5,1700,0.5,1
11,11,850,1,0,300,0.5,572,0.32,486,0.18,1
