0,0,912,0,0,500,0.6,1000,0.2,1400,0.2,1
0,1,862,0,0,666,0.42,420,0.58,1
0,2,299,2,10,5,0,500,0.6,1000,0.2,1400,0.2,1
0,3,594,1,0,666,0.42,420,0.58,1
0,4,663,2,10,5,0,300,0.5,1700,0.5,1
0,5,461,1,0,300,0.5,1700,0.5,1
0,6,394,1,0,500,0.6,1000,0.2,1400,0.2,1
0,7,683,1,0,666,0.42,420,0.58,1
0,8,428,1,0,300,0.5,1700,0.5,1
0,9,559,2,10,5,0,666,0.42,420,0.58,1
0,10,28,2,10,5,0,500,0.6,1000,0.2,1400,0.2,1
0,11,271,0,0,666,0.42,420,0.58,1
1,0,901,2,10,5,0,300,0.5,1700,0.5,0
1,1,835,0,0,666,0.42,420,0.58,0
1,2,418,1,0,500,0.6,1000,0.2,1400,0.2,0
1,3,643,2,10,5,0,500,0.6,1000,0.2,1400,0.2,0
1,4,908,0,0,300,0.5,1700,0.5,0
1,5,435,2,10,5,0,300,0.5,1700,0.5,0
1,6,902,1,0,666,0.42,420,0.58,0
1,7,316,0,0,666,0.42,420,0.58,0
1,8,80,0,0,300,0.5,572,0.32,486,0.18,0
1,9,599,2,10,5,0,300,0.5,1700,0.5,0
1,10,549,1,0,666,0.42,420,0.58,0
1,11,524,0,0,500,0.6,1000,0.2,1400,0.2,0
2,0,54,0,0,300,0.5,1700,0.5,1
2,1,300,2,10,5,0,300,0.5,572,0.32,486,0.18,1
2,2,655,0,0,500,0.6,1000,0.2,1400,0.2,1
2,3,156,2,10,5,0,300,0.5,572,0.32,486,0.18,1
2,4,48,0,0,500,0.6,1000,0.2,1400,0.2,1
2,5,798,2,10,5,0,300,0.5,1700,0.5,1
2,6,725,0,0,500,0.6,1000,0.2,1400,0.2,1
2,7,210,0,0,300,0.5,572,0.32,486,0.18,1
2,8,103,1,0,300,0.5,572,0.32,486,0.18,1
2,9,36,2,10,5,0,500,0.6,1000,0.2,1400,0.2,1
2,10,815,1,0,300,0.5,1700,0.5,1
2,11,726,0,0,300,0.5,572,0.32,486,0.18,1
3,0,136,2,10,5,0,300,0.5,1700,0.5,1
3,1,636,0,0,300,0.5,1700,0.5,1
3,2,920,2,10,5,0,300,0.5,572,0.32,486,0.18,1
3,3,89,2,10,5,0,300,0.5,572,0.32,486,0.18,1
3,4,11,2,10,5,0,500,0.6,1000,0.2,1400,0.2,1
3,5,765,0,0,300,0.5,1700,0.5,1
3,6,315,0,0,500,0.6,1000,0.2,1400,0.2,1
3,7,449,2,10,5,0,666,0.42,420,0.58,1
3,8,994,2,10,5,0,666,0.42,420,0.58,1
3,9,260,0,0,300,0.5,572,0.32,486,0.18,1
3,10,304,0,0,300,0.5,572,0.32,486,0.18,1
3,11,991,2,10,5,0,666,0.42,420,0.58,1
4,0,467,0,0,300,0.5,1700,0.5,1
4,1,236,0,0,300,0.5,1700,0.5,1
4,2,642,1,0,300,0.5,1700,0.5,1
4,3,251,2,10,5,0,500,0.6,1000,0.2,1400,0.2,1
4,4,930,2,10,5,0,300,0.5,572,0.32,486,0.18,1
4,5,743,0,0,300,0.5,572,0.32,486,0.18,1
4,6,136,2,10,5,0,300,0.5,572,0.32,486,0.18,1
4,7,794,2,10,5,0,666,0.42,420,0.58,1
4,8,548,1,0,666,0.42,420,0.58,1
4,9,888,1,0,500,0.6,1000,0.2,1400,0.2,1
4,10,151,1,0,666,0.42,420,0.58,1
4,11,56,0,0,300,0.5,1700,0.5,1
5,0,211,1,0,300,0.5,1700,0.5,1
5,1,563,0,0,666,0.42,420,0.58,1
5,2,462,1,0,300,0.5,572,0.32,486,0.18,1
5,3,343,0,0,500,0.6,1000,0.2,1400,0.2,1
5,4,346,1,0,300,0.5,1700,0.5,1
5,5,243,2,10,5,0,300,0.5,1700,0.5,1
5,6,450,1,0,500,0.6,1000,0.2,1400,0.2,1
5,7,894,0,0,300,0.5,572,0.32,486,0.18,1
5,8,615,1,0,500,0.6,1000,0.2,1400,0.2,1
5,9,113,0,0,300,0.5,572,0.32,486,0.18,1
5,10,146,0,0,300,0.5,572,0.32,486,0.18,1
5,11,126,0,0,666,0.42,420,0.58,1
6,0,86,1,0,300,0.5,1700,0.5,1
6,1,830,2,10,5,0,300,0.5,1700,0.5,1
6,2,850,1,0,300,0.5,1700,0.5,1
6,3,529,0,0,300,0.5,1700,0.5,1
6,4,672,2,10,5,0,300,0.5,572,0.32,486,0.18,1
6,5,197,1,0,666,0.42,420,0.58,1
6,6,961,0,0,500,0.6,1000,0.2,1400,0.2,1
6,7,547,1,0,300,0.5,1700,0.5,1
6,8,315,0,0,300,0.5,1700,0.5,1
6,9,663,1,0,300,0.5,572,0.32,486,0.18,1
6,10,952,1,0,500,0.6,1000,0.2,1400,0.2,1
6,11,411,0,0,500,0.6,1000,0.2,1400,0.2,1
7,0,348,1,0,500,0.6,1000,0.2,1400,0.2,1
7,1,305,0,0,300,0.5,572,0.32,486,0.18,1
7,2,108,1,0,300,0.5,572,0.32,486,0.18,1
7,3,614,0,0,300,0.5,572,0.32,486,0.18,1
7,4,832,1,0,300,0.5,572,0.32,486,0.18,1
7,5,578,1,0,666,0.42,420,0.58,1
7,6,863,0,0,300,0.5,572,0.32,486,0.18,1
7,7,934,2,10,5,0,300,0.5,572,0.32,486,0.18,1
7,8,789,2,10,5,0,300,0.5,572,0.32,486,0.18,1
7,9,840,2,10,5,0,666,0.42,420,0.58,1
7,10,983,2,10,5,0,300,0.5,1700,0.5,1
7,11,501,1,0,500,0.6,1000,0.2,1400,0.2,1
8,0,232,0,0,300,0.5,572,0.32,486,0.18,1
8,1,379,1,0,666,0.42,420,0.58,1
8,2,347,0,0,300,0.5,1700,0.5,1
8,3,186,2,10,5,0,666,0.42,420,0.58,1
8,4,357,0,0,300,0.5,1700,0.5,1
8,5,129,0,0,500,0.6,1000,0.2,1400,0.2,1
8,6,827,0,0,300,0.5,1700,0.5,1
8,7,771,2,10,5,0,666,0.42,420,0.58,1
8,8,436,2,10,5,0,300,0.5,1700,0.5,1
8,9,133,1,0,300,0.5,572,0.32,486,0.18,1
8,10,406,1,0,500,0.6,1000,0.2,1400,0.2,1
8,11,631,2,10,5,0,300,0.5,572,0.32,486,0.18,1
9,0,909,2,10,5,0,300,0.5,1700,0.5,1
9,1,702,2,10,5,0,500,0.6,1000,0.2,1400,0.2,1
9,2,729,2,10,5,0,300,0.5,1700,0.5,1
9,3,404,0,0,666,0.42,420,0.58,1
9,4,985,2,10,5,0,666,0.42,420,0.58,1
9,5,27,1,0,300,0.5,572,0.32,486,0.18,1
9,6,473,1,0,500,0.6,1000,0.2,1400,0.2,1
9,7,11,2,10,5,0,666,0.42,420,0.58,1
9,8,575,1,0,300,0.5,1700,0.5,1
9,9,958,1,0,666,0.42,420,0.58,1
9,10,969,0,0,666,0.42,420,0.58,1
9,11,832,2,10,5,0,300,0.5,1700,0.5,1
10,0,293,0,0,666,0.42,420,0.58,1
10,1,968,0,0,666,0.42,420,0.58,1
10,2,246,1,0,500,0.6,1000,0.2,1400,0.2,1
10,3,949,2,10,5,0,500,0.6,1000,0.2,1400,0.2,1
10,4,56,1,0,300,0.5,572,0.32,486,0.18,1
10,5,831,2,10,5,0,300,0.5,572,0.32,486,0.18,1
10,6,532,2,10,5,0,300,0.5,1700,0.5,1
10,7,439,2,10,5,0,300,0.5,1700,0.5,1
10,8,237,0,0,500,0.6,1000,0.2,1400,0.2,1
10,9,508,1,0,300,0.5,1700,0.5,1
10,10,542,0,0,666,0.42,420,0.58,1
10,11,418,0,0,300,0.5,1700,0.5,1
11,0,512,0,0,300,0.5,572,0.32,486,0.18,1
11,1,996,2,10,5,0,666,0.42,420,0.58,1
11,2,505,0,0,300,0.5,572,0.32,486,0.18,1
11,3,489,2,10,5,0,300,0.5,572,0.32,486,0.18,1
11,4,585,1,0,666,0.42,420,0.58,1
11,5,267,2,10,5,0,300,0.5,572,0.32,486,0.18,1
11,6,47,0,0,300,0.5,1700,0.5,1
11,7,306,2,10,5,0,300,0.5,572,0.32,486,0.18,1
11,8,854,1,0,300,0.5,1700,0.5,1
11,9,458,2,10,5,0,300,0.5,572,0.32,486,0.18,1
11,10,639,1,0,300,0.5,572,0.32,486,0.18,1
11,11,492,0,0,300,0.5,572,0.32,486,0.18,1
