0,0,446,0,0,300,0.5,572,0.32,486,0.18,1
0,1,442,2,10,5,0,666,0.42,420,0.58,1
0,2,366,2,10,5,0,300,0.5,1700,0.5,1
0,3,532,1,0,300,0.5,1700,0.5,1
0,4,868,2,10,5,0,300,0.5,1700,0.5,1
0,5,955,2,10,5,0,500,0.6,1000,0.2,1400,0.2,1
0,6,234,1,0,500,0.6,1000,0.2,1400,0.2,1
0,7,581,1,0,300,0.5,572,0.32,486,0.18,1
0,8,272,0,0,300,0.5,572,0.32,486,0.18,1
0,9,777,2,10,5,0,500,0.6,1000,0.2,1400,0.2,1
0,10,708,2,10,5,0,300,0.5,572,0.32,486,0.18,1
0,11,182,2,10,5,0,666,0.42,420,0.58,1
1,0,438,0,0,666,0.42,420,0.58,0
1,1,608,0,0,666,0.42,420,0.58,0
1,2,113,2,10,5,0,500,0.6,1000,0.2,1400,0.2,0
1,3,949,2,10,5,0,300,0.5,572,0.32,486,0.18,0
1,4,480,1,0,666,0.42,420,0.58,0
1,5,529,0,0,300,0.5,1700,0.5,0
1,6,149,1,0,300,0.5,1700,0.5,0
1,7,731,0,0,300,0.5,1700,0.5,0
1,8,502,1,0,300,0.5,1700,0.5,0
1,9,13,1,0,500,0.6,1000,0.2,1400,0.2,0
1,10,464,1,0,300,0.5,1700,0.5,0
1,11,32,1,0,300,0.5,572,0.32,486,0.18,0
2,0,476,2,10,5,0,666,0.42,420,0.58,1
2,1,242,1,0,300,0.5,572,0.32,486,0.18,1
2,2,199,2,10,5,0,300,0.5,1700,0.5,1
2,3,487,2,10,5,0,500,0.6,1000,0.2,1400,0.2,1
2,4,295,1,0,666,0.42,420,0.58,1
2,5,372,2,10,5,0,300,0.5,1700,0.5,1
2,6,943,0,0,300,0.5,572,0.32,486,0.18,1
2,7,843,1,0,500,0.6,1000,0.2,1400,0.2,1
2,8,530,0,0,500,0.6,1000,0.2,1400,0.2,1
2,9,74,2,10,5,0,666,0.42,420,0.58,1
2,10,118,0,0,300,0.5,572,0.32,486,0.18,1
2,11,430,1,0,500,0.6,1000,0.2,1400,0.2,1
3,0,601,0,0,300,0.5,1700,0.5,1
3,1,446,2,10,5,0,300,0.5,572,0.32,486,0.18,1
3,2,989,0,0,300,0.5,572,0.32,486,0.18,1
3,3,569,0,0,666,0.42,420,0.58,1
3,4,758,2,10,5,0,666,0.42,420,0.58,1
3,5,860,1,0,300,0.5,572,0.32,486,0.18,1
3,6,62,2,10,5,0,300,0.5,1700,0.5,1
3,7,236,1,0,500,0.6,1000,0.2,1400,0.2,1
3,8,377,1,0,500,0.6,1000,0.2,1400,0.2,1
3,9,763,2,10,5,0,300,0.5,572,0.32,486,0.18,1
3,10,682,1,0,300,0.5,1700,0.5,1
3,11,945,0,0,300,0.5,1700,0.5,1
4,0,649,0,0,666,0.42,420,0.58,1
4,1,693,0,0,300,0.5,1700,0.5,1
4,2,70,2,10,5,0,300,0.5,1700,0.5,1
4,3,231,1,0,666,0.42,420,0.58,1
4,4,766,0,0,300,0.5,572,0.32,486,0.18,1
4,5,73,2,10,5,0,300,0.5,1700,0.5,1
4,6,88,0,0,666,0.42,420,0.58,1
4,7,69,0,0,300,0.5,572,0.32,486,0.18,1
4,8,68,1,0,500,0.6,1000,0.2,1400,0.2,1
4,9,280,0,0,500,0.6,1000,0.2,1400,0.2,1
4,10,869,2,10,5,0,300,0.5,572,0.32,486,0.18,1
4,11,846,0,0,300,0.5,572,0.32,486,0.18,1
5,0,485,0,0,300,0.5,572,0.32,486,0.18,1
5,1,56,0,0,300,0.5,1700,0.5,1
5,2,643,2,10,5,0,300,0.5,572,0.32,486,0.18,1
5,3,192,0,0,300,0.5,572,0.32,486,0.18,1
5,4,226,2,10,5,0,300,0.5,572,0.32,486,0.18,1
5,5,161,1,0,300,0.5,1700,0.5,1
5,6,655,1,0,666,0.42,420,0.58,1
5,7,785,0,0,300,0.5,572,0.32,486,0.18,1
5,8,545,1,0,300,0.5,1700,0.5,1
5,9,932,1,0,300,0.5,572,0.32,486,0.18,1
5,10,453,0,0,500,0.6,1000,0.2,1400,0.2,1
5,11,453,2,10,5,0,500,0.6,1000,0.2,1400,0.2,1
6,0,155,0,0,666,0.42,420,0.58,1
6,1,757,0,0,500,0.6,1000,0.2,1400,0.2,1
6,2,30,2,10,5,0,300,0.5,1700,0.5,1
6,3,391,0,0,300,0.5,1700,0.5,1
6,4,85,0,0,500,0.6,1000,0.2,1400,0.2,1
6,5,813,2,10,5,0,300,0.5,1700,0.5,1
6,6,218,0,0,300,0.5,572,0.32,486,0.18,1
6,7,74,0,0,500,0.6,1000,0.2,1400,0.2,1
6,8,832,0,0,300,0.5,572,0.32,486,0.18,1
6,9,669,0,0,300,0.5,572,0.32,486,0.18,1
6,10,165,0,0,300,0.5,572,0.32,486,0.18,1
6,11,933,1,0,300,0.5,1700,0.5,1
7,0,424,2,10,5,0,500,0.6,1000,0.2,1400,0.2,1
7,1,988,2,10,5,0,300,0.5,572,0.32,486,0.18,1
7,2,773,2,10,5,0,300,0.5,1700,0.5,1
7,3,926,0,0,500,0.6,1000,0.2,1400,0.2,1
7,4,224,1,0,666,0.42,420,0.58,1
7,5,198,1,0,300,0.5,572,0.32,486,0.18,1
7,6,992,1,0,300,0.5,1700,0.5,1
7,7,221,0,0,300,0.5,1700,0.5,1
7,8,345,0,0,666,0.42,420,0.58,1
7,9,608,2,10,5,0,500,0.6,1000,0.2,1400,0.2,1
7,10,998,1,0,300,0.5,572,0.32,486,0.18,1
7,11,11,2,10,5,0,500,0.6,1000,0.2,1400,0.2,1
8,0,198,1,0,300,0.5,572,0.32,486,0.18,1
8,1,905,0,0,666,0.42,420,0.58,1
8,2,656,2,10,5,0,300,0.5,572,0.32,486,0.18,1
8,3,499,2,10,5,0,300,0.5,1700,0.5,1
8,4,780,1,0,300,0.5,572,0.32,486,0.18,1
8,5,298,1,0,500,0.6,1000,0.2,1400,0.2,1
8,6,485,2,10,5,0,300,0.5,1700,0.5,1
8,7,854,0,0,300,0.5,572,0.32,486,0.18,1
8,8,531,2,10,5,0,500,0.6,1000,0.2,1400,0.2,1
8,9,258,0,0,500,0.6,1000,0.2,1400,0.2,1
8,10,135,0,0,666,0.42,420,0.58,1
8,11,936,0,0,300,0.5,1700,0.5,1
9,0,28,2,10,5,0,500,0.6,1000,0.2,1400,0.2,1
9,1,96,2,10,5,0,300,0.5,572,0.32,486,0.18,1
9,2,11,1,0,666,0.42,420,0.58,1
9,3,490,0,0,500,0.6,1000,0.2,1400,0.2,1
9,4,578,1,0,300,0.5,572,0.32,486,0.18,1
9,5,673,0,0,666,0.42,420,0.58,1
9,6,867,1,0,500,0.6,1000,0.2,1400,0.2,1
9,7,565,0,0,300,0.5,572,0.32,486,0.18,1
9,8,663,1,0,300,0.5,1700,0.5,1
9,9,39,2,10,5,0,500,0.6,1000,0.2,1400,0.2,1
9,10,252,1,0,300,0.5,1700,0.5,1
9,11,542,2,10,5,0,300,0.5,572,0.32,486,0.18,1
10,0,99,0,0,300,0.5,1700,0.5,1
10,1,937,1,0,300,0.5,1700,0.5,1
10,2,109,0,0,500,0.6,1000,0.2,1400,0.2,1
10,3,634,2,10,5,0,300,0.5,572,0.32,486,0.18,1
10,4,827,1,0,300,0.5,1700,0.5,1
10,5,38,2,10,5,0,500,0.6,1000,0.2,1400,0.2,1
10,6,948,2,10,5,0,300,0.5,572,0.32,486,0.18,1
10,7,713,2,10,5,0,666,0.42,420,0.58,1
10,8,867,2,10,5,0,500,0.6,1000,0.2,1400,0.2,1
10,9,949,0,0,666,0.42,420,0.58,1
10,10,117,2,10,5,0,500,0.6,1000,0.2,1400,0.2,1
10,11,168,1,0,300,0.5,1700,0.5,1
11,0,575,2,10,5,0,300,0.5,1700,0.5,1
11,1,95,0,0,300,0.5,1700,0.5,1
11,2,601,1,0,500,0.6,1000,0.2,1400,0.2,1
11,3,538,2,10,5,0,666,0.42,420,0.58,1
11,4,38,1,0,300,0.5,572,0.32,486,0.18,1
11,5,952,1,0,666,0.42,420,0.58,1
11,6,414,0,0,300,0.5,1700,0.5,1
11,7,536,1,0,300,0.5,1700,0.5,1
11,8,240,1,0,300,0.5,1700,0.5,1
11,9,274,1,0,300,0.5,1700,0.5,1
11,10,659,1,0,500,0.6,1000,0.2,1400,0.2,1
11,11,889,0,0,500,0.6,1000,0.2,1400,0.2,1
