0,0,345,1,0,300,0.5,1700,0.5,1
0,1,243,1,0,666,0.42,420,0.58,1
0,2,142,2,10,5,0,300,0.5,1700,0.5,1
0,3,642,2,10,5,0,500,0.6,1000,0.2,1400,0.2,1
0,4,646,1,0,300,0.5,572,0.32,486,0.18,1
0,5,731,1,0,500,0.6,1000,0.2,1400,0.2,1
0,6,588,0,0,300,0.5,572,0.32,486,0.18,1
0,7,765,1,0,500,0.6,1000,0.2,1400,0.2,1
0,8,254,1,0,300,0.5,572,0.32,486,0.18,1
0,9,866,1,0,500,0.6,1000,0.2,1400,0.2,1
0,10,505,0,0,666,0.42,420,0.58,1
0,11,704,0,0,300,0.5,572,0.32,486,0.18,1
1,0,418,1,0,666,0.42,420,0.58,0
1,1,886,1,0,666,0.42,420,0.58,0
1,2,188,2,10,5,0,500,0.6,1000,0.2,1400,0.2,0
1,3,415,2,10,5,0,666,0.42,420,0.58,0
1,4,409,0,0,300,0.5,1700,0.5,0
1,5,366,2,10,5,0,666,0.42,420,0.58,0
1,6,494,0,0,666,0.42,420,0.58,0
1,7,78,1,0,300,0.5,572,0.32,486,0.18,0
1,8,105,1,0,300,0.5,572,0.32,486,0.18,0
1,9,470,0,0,300,0.5,572,0.32,486,0.18,0
1,10,276,2,10,5,0,300,0.5,572,0.32,486,0.18,0
1,11,376,2,10,5,0,500,0.6,1000,0.2,1400,0.2,0
2,0,145,0,0,500,0.6,1000,0.2,1400,0.2,1
2,1,953,0,0,500,0.6,1000,0.2,1400,0.2,1
2,2,861,0,0,666,0.42,420,0.58,1
2,3,488,1,0,500,0.6,1000,0.2,1400,0.2,1
2,4,192,2,10,5,0,300,0.5,1700,0.5,1
2,5,169,1,0,500,0.6,1000,0.2,1400,0.2,1
2,6,689,1,0,666,0.42,420,0.58,1
2,7,744,0,0,300,0.5,1700,0.5,1
2,8,759,1,0,666,0.42,420,0.58,1
2,9,832,2,10,5,0,300,0.5,572,0.32,486,0.18,1
2,10,782,2,10,5,0,500,0.6,1000,0.2,1400,0.2,1
2,11,860,2,10,5,0,300,0.5,1700,0.5,1
3,0,675,0,0,666,0.42,420,0.58,1
3,1,849,1,0,300,0.5,1700,0.5,1
3,2,57,2,10,5,0,300,0.5,572,0.32,486,0.18,1
3,3,968,0,0,666,0.42,420,0.58,1
3,4,42,0,0,300,0.5,1700,0.5,1
3,5,670,1,0,300,0.5,1700,0.5,1
3,6,875,0,0,300,0.5,572,0.32,486,0.18,1
3,7,778,0,0,300,0.5,572,0.32,486,0.18,1
3,8,330,1,0,666,0.42,420,0.58,1
3,9,102,1,0,300,0.5,1700,0.5,1
3,10,428,2,10,5,0,500,0.6,1000,0.2,1400,0.2,1
3,11,167,2,10,5,0,300,0.5,1700,0.5,1
4,0,271,1,0,300,0.5,572,0.32,486,0.18,1
4,1,795,0,0,300,0.5,572,0.32,486,0.18,1
4,2,904,0,0,666,0.42,420,0.58,1
4,3,908,0,0,300,0.5,1700,0.5,1
4,4,695,1,0,300,0.5,1700,0.5,1
4,5,401,2,10,5,0,666,0.42,420,0.58,1
4,6,832,1,0,666,0.42,420,0.58,1
4,7,104,0,0,500,0.6,1000,0.2,1400,0.2,1
4,8,133,1,0,300,0.5,1700,0.5,1
4,9,167,1,0,300,0.5,572,0.32,486,0.18,1
4,10,673,2,10,5,0,500,0.6,1000,0.2,1400,0.2,1
4,11,41,1,0,300,0.5,1700,0.5,1
5,0,152,2,10,5,0,500,0.6,1000,0.2,1400,0.2,1
5,1,515,2,10,5,0,300,0.5,1700,0.5,1
5,2,212,2,10,5,0,666,0.42,420,0.58,1
5,3,959,2,10,5,0,300,0.5,572,0.32,486,0.18,1
5,4,556,2,10,5,0,666,0.42,420,0.58,1
5,5,857,2,10,5,0,500,0.6,1000,0.2,1400,0.2,1
5,6,150,1,0,666,0.42,420,0.58,1
5,7,905,0,0,300,0.5,1700,0.5,1
5,8,896,1,0,500,0.6,1000,0.2,1400,0.2,1
5,9,701,0,0,500,0.6,1000,0.2,1400,0.2,1
5,10,657,0,0,300,0.5,1700,0.5,1
5,11,553,2,10,5,0,300,0.5,572,0.32,486,0.18,1
6,0,651,1,0,500,0.6,1000,0.2,1400,0.2,1
6,1,691,1,0,300,0.5,572,0.32,486,0.18,1
6,2,571,2,10,5,0,666,0.42,420,0.58,1
6,3,903,1,0,300,0.5,572,0.32,486,0.18,1
6,4,73,2,10,5,0,500,0.6,1000,0.2,1400,0.2,1
6,5,685,1,0,300,0.5,572,0.32,486,0.18,1
6,6,918,2,10,5,0,300,0.5,1700,0.5,1
6,7,812,2,10,5,0,300,0.5,572,0.32,486,0.18,1
6,8,535,2,10,5,0,300,0.5,572,0.32,486,0.18,1
6,9,822,2,10,5,0,500,0.6,1000,0.2,1400,0.2,1
6,10,910,2,10,5,0,500,0.6,1000,0.2,1400,0.2,1
6,11,471,0,0,300,0.5,572,0.32,486,0.18,1
7,0,81,0,0,300,0.5,572,0.32,486,0.18,1
7,1,21,2,10,5,0,500,0.6,1000,0.2,1400,0.2,1
7,2,1000,1,0,300,0.5,1700,0.5,1
7,3,596,0,0,666,0.42,420,0.58,1
7,4,49,1,0,300,0.5,1700,0.5,1
7,5,108,2,10,5,0,500,0.6,1000,0.2,1400,0.2,1
7,6,484,2,10,5,0,300,0.5,572,0.32,486,0.18,1
7,7,898,1,0,300,0.5,1700,0.5,1
7,8,754,1,0,300,0.5,572,0.32,486,0.18,1
7,9,15,0,0,666,0.42,420,0.58,1
7,10,469,2,10,5,0,500,0.6,1000,0.2,1400,0.2,1
7,11,252,2,10,5,0,500,0.6,1000,0.2,1400,0.2,1
8,0,839,2,10,5,0,300,0.5,572,0.32,486,0.18,1
8,1,467,1,0,500,0.6,1000,0.2,1400,0.2,1
8,2,135,0,0,500,0.6,1000,0.2,1400,0.2,1
8,3,773,2,10,5,0,666,0.42,420,0.58,1
8,4,984,1,0,500,0.6,1000,0.2,1400,0.2,1
8,5,558,0,0,300,0.5,572,0.32,486,0.18,1
8,6,884,1,0,300,0.5,572,0.32,486,0.18,1
8,7,292,2,10,5,0,666,0.42,420,0.58,1
8,8,142,0,0,300,0.5,1700,0.5,1
8,9,265,0,0,666,0.42,420,0.58,1
8,10,87,2,10,5,0,500,0.6,1000,0.2,1400,0.2,1
8,11,595,0,0,300,0.5,1700,0.5,1
9,0,373,2,10,5,0,300,0.5,572,0.32,486,0.18,1
9,1,496,1,0,666,0.42,420,0.58,1
9,2,382,0,0,300,0.5,572,0.32,486,0.18,1
9,3,19,0,0,500,0.6,1000,0.2,1400,0.2,1
9,4,161,1,0,300,0.5,572,0.32,486,0.18,1
9,5,305,2,10,5,0,500,0.6,1000,0.2,1400,0.2,1
9,6,537,1,0,500,0.6,1000,0.2,1400,0.2,1
9,7,801,1,0,666,0.42,420,0.58,1
9,8,13,0,0,500,0.6,1000,0.2,1400,0.2,1
9,9,910,0,0,300,0.5,1700,0.5,1
9,10,34,1,0,300,0.5,1700,0.5,1
9,11,33,2,10,5,0,300,0.5,572,0.32,486,0.18,1
10,0,534,0,0,300,0.5,1700,0.5,1
10,1,225,2,10,5,0,300,0.5,572,0.32,486,0.18,1
10,2,392,0,0,300,0.5,572,0.32,486,0.18,1
10,3,606,1,0,300,0.5,572,0.32,486,0.18,1
10,4,837,1,0,300,0.5,1700,0.5,1
10,5,476,0,0,666,0.42,420,0.58,1
10,6,902,0,0,300,0.5,572,0.32,486,0.18,1
10,7,260,2,10,5,0,300,0.5,572,0.32,486,0.18,1
10,8,164,2,10,5,0,666,0.42,420,0.58,1
10,9,166,2,10,5,0,300,0.5,1700,0.5,1
10,10,429,2,10,5,0,300,0.5,1700,0.5,1
10,11,901,2,10,5,0,500,0.6,1000,0.2,1400,0.2,1
11,0,412,1,0,500,0.6,1000,0.2,1400,0.2,1
11,1,664,2,10,5,0,500,0.6,1000,0.2,1400,0.2,1
11,2,996,1,0,300,0.5,1700,0.5,1
11,3,107,0,0,666,0.42,420,0.58,1
11,4,744,2,10,5,0,300,0.5,1700,0.5,1
11,5,575,0,0,666,0.42,420,0.58,1
11,6,708,0,0,300,0.5,1700,0.5,1
11,7,476,2,10,5,0,300,0.5,1700,0.5,1
11,8,566,2,10,5,0,300,0.5,1700,0.5,1
11,9,54,0,0,666,0.42,420,0.58,1
11,10,287,0,0,666,0.42,420,0.58,1
11,11,888,0,0,300,0.5,1700,0.5,1
