0,0,256,1,0,300,0.5,1700,0.5,1
0,1,50,0,0,300,0.5,1700,0.5,1
0,2,35,0,0,500,0.6,1000,0.2,1400,0.2,1
0,3,41,1,0,500,0.6,1000,0.2,1400,0.2,1
0,4,496,1,0,300,0.5,1700,0.5,1
0,5,37,0,0,300,0.5,1700,0.5,1
0,6,80,0,0,300,0.5,1700,0.5,1
0,7,257,2,10,5,0,500,0.6,1000,0.2,1400,0.2,1
0,8,110,2,10,5,0,300,0.5,572,0.32,486,0.18,1
0,9,599,1,0,300,0.5,572,0.32,486,0.18,1
0,10,77,2,10,5,0,500,0.6,1000,0.2,1400,0.2,1
0,11,109,1,0,300,0.5,572,0.32,486,0.18,1
1,0,882,2,10,5,0,500,0.6,1000,0.2,1400,0.2,0
1,1,24,2,10,5,0,500,0.6,1000,0.2,1400,0.2,0
1,2,319,0,0,300,0.5,572,0.32,486,0.18,0
1,3,472,1,0,300,0.5,1700,0.5,0
1,4,110,2,10,5,0,300,0.5,1700,0.5,0
1,5,687,1,0,500,0.6,1000,0.2,1400,0.2,0
1,6,75,1,0,666,0.42,420,0.58,0
1,7,470,2,10,5,0,666,0.42,420,0.58,0
1,8,211,2,10,5,0,666,0.42,420,0.58,0
1,9,963,2,10,5,0,300,0.5,572,0.32,486,0.18,0
1,10,356,0,0,666,0.42,420,0.58,0
1,11,914,1,0,300,0.5,1700,0.5,0
2,0,232,2,10,5,0,666,0.42,420,0.58,1
2,1,441,2,10,5,0,300,0.5,1700,0.5,1
2,2,566,2,10,5,0,666,0.42,420,0.58,1
2,3,903,2,10,5,0,300,0.5,572,0.32,486,0.18,1
2,4,283,0,0,300,0.5,1700,0.5,1
2,5,624,0,0,500,0.6,1000,0.2,1400,0.2,1
2,6,420,2,10,5,0,300,0.5,572,0.32,486,0.18,1
2,7,631,0,0,500,0.6,1000,0.2,1400,0.2,1
2,8,537,0,0,500,0.6,1000,0.2,1400,0.2,1
2,9,917,0,0,500,0.6,1000,0.2,1400,0.2,1
2,10,105,2,10,5,0,300,0.5,1700,0.5,1
2,11,663,2,10,5,0,300,0.5,572,0.32,486,0.18,1
3,0,63,1,0,300,0.5,572,0.32,486,0.18,1
3,1,621,2,10,5,0,300,0.5,1700,0.5,1
3,2,469,1,0,666,0.42,420,0.58,1
3,3,77,0,0,500,0.6,1000,0.2,1400,0.2,1
3,4,797,0,0,666,0.42,420,0.58,1
3,5,372,2,10,5,0,300,0.5,1700,0.5,1
3,6,11,1,0,300,0.5,1700,0.5,1
3,7,735,2,10,5,0,300,0.5,572,0.32,486,0.18,1
3,8,946,2,10,5,0,666,0.42,420,0.58,1
3,9,936,2,10,5,0,500,0.6,1000,0.2,1400,0.2,1
3,10,551,0,0,500,0.6,1000,0.2,1400,0.2,1
3,11,897,0,0,300,0.5,572,0.32,486,0.18,1
4,0,878,2,10,5,0,666,0.42,420,0.58,1
4,1,830,1,0,666,0.42,420,0.58,1
4,2,185,1,0,666,0.42,420,0.58,1
4,3,409,1,0,300,0.5,572,0.32,486,0.18,1
4,4,987,2,10,5,0,300,0.5,1700,0.5,1
4,5,16,2,10,5,0,500,0.6,1000,0.2,1400,0.2,1
4,6,30,1,0,500,0.6,1000,0.2,1400,0.2,1
4,7,869,2,10,5,0,300,0.5,572,0.32,486,0.18,1
4,8,611,2,10,5,0,500,0.6,1000,0.2,1400,0.2,1
4,9,335,0,0,300,0.5,1700,0.5,1
4,10,459,1,0,300,0.5,572,0.32,486,0.18,1
4,11,527,2,10,5,0,300,0.5,1700,0.5,1
5,0,173,0,0,500,0.6,1000,0.2,1400,0.2,1
5,1,413,0,0,300,0.5,572,0.32,486,0.18,1
5,2,582,0,0,300,0.5,572,0.32,486,0.18,1
5,3,309,2,10,5,0,500,0.6,1000,0.2,1400,0.2,1
5,4,547,2,10,5,0,300,0.5,1700,0.5,1
5,5,523,2,10,5,0,666,0.42,420,0.58,1
5,6,801,1,0,300,0.5,572,0.32,486,0.18,1
5,7,688,2,10,5,0,300,0.5,1700,0.5,1
5,8,464,0,0,666,0.42,420,0.58,1
5,9,598,2,10,5,0,300,0.5,1700,0.5,1
5,10,478,1,0,666,0.42,420,0.58,1
5,11,428,1,0,500,0.6,1000,0.2,1400,0.2,1
6,0,44,2,10,5,0,500,0.6,1000,0.2,1400,0.2,1
6,1,88,1,0,500,0.6,1000,0.2,1400,0.2,1
6,2,669,1,0,300,0.5,1700,0.5,1
6,3,273,2,10,5,0,500,0.6,1000,0.2,1400,0.2,1
6,4,355,0,0,666,0.42,420,0.58,1
6,5,906,1,0,300,0.5,572,0.32,486,0.18,1
6,6,686,1,0,500,0.6,1000,0.2,1400,0.2,1
6,7,441,0,0,300,0.5,572,0.32,486,0.18,1
6,8,382,0,0,666,0.42,420,0.58,1
6,9,552,1,0,300,0.5,1700,0.5,1
6,10,177,0,0,300,0.5,1700,0.5,1
6,11,72,2,10,5,0,300,0.5,1700,0.5,1
7,0,309,0,0,300,0.5,572,0.32,486,0.18,1
7,1,415,1,0,500,0.6,1000,0.2,1400,0.2,1
7,2,423,0,0,300,0.5,572,0.32,486,0.18,1
7,3,677,1,0,300,0.5,1700,0.5,1
7,4,965,0,0,300,0.5,1700,0.5,1
7,5,952,0,0,300,0.5,572,0.32,486,0.18,1
7,6,147,1,0,666,0.42,420,0.58,1
7,7,646,0,0,666,0.42,420,0.58,1
7,8,1000,1,0,300,0.5,1700,0.5,1
7,9,49,1,0,500,0.6,1000,0.2,1400,0.2,1
7,10,27,2,10,5,0,300,0.5,1700,0.5,1
7,11,462,1,0,300,0.5,1700,0.5,1
8,0,742,2,10,5,0,300,0.5,572,0.32,486,0.18,1
8,1,448,1,0,300,0.5,572,0.32,486,0.18,1
8,2,587,0,0,666,0.42,420,0.58,1
8,3,988,2,10,5,0,666,0.42,420,0.58,1
8,4,310,0,0,666,0.42,420,0.58,1
8,5,711,2,10,5,0,500,0.6,1000,0.2,1400,0.2,1
8,6,446,1,0,300,0.5,572,0.32,486,0.18,1
8,7,957,1,0,500,0.6,1000,0.2,1400,0.2,1
8,8,543,0,0,300,0.5,572,0.32,486,0.18,1
8,9,447,2,10,5,0,500,0.6,1000,0.2,1400,0.2,1
8,10,209,1,0,300,0.5,572,0.32,486,0.18,1
8,11,262,1,0,300,0.5,1700,0.5,1
9,0,597,1,0,666,0.42,420,0.58,1
9,1,462,1,0,666,0.42,420,0.58,1
9,2,693,0,0,300,0.5,1700,0.5,1
9,3,905,2,10,5,0,666,0.42,420,0.58,1
9,4,969,1,0,666,0.42,420,0.58,1
9,5,836,2,10,5,0,666,0.42,420,0.58,1
9,6,22,1,0,300,0.5,1700,0.5,1
9,7,544,1,0,300,0.5,1700,0.5,1
9,8,767,2,10,5,0,300,0.5,1700,0.5,1
9,9,198,1,0,500,0.6,1000,0.2,1400,0.2,1
9,10,275,2,10,5,0,666,0.42,420,0.58,1
9,11,677,0,0,300,0.5,1700,0.5,1
10,0,842,1,0,500,0.6,1000,0.2,1400,0.2,1
10,1,476,1,0,300,0.5,1700,0.5,1
10,2,888,2,10,5,0,666,0.42,420,0.58,1
10,3,259,2,10,5,0,500,0.6,1000,0.2,1400,0.2,1
10,4,335,2,10,5,0,666,0.42,420,0.58,1
10,5,113,2,10,5,0,500,0.6,1000,0.2,1400,0.2,1
10,6,396,2,10,5,0,300,0.5,572,0.32,486,0.18,1
10,7,690,2,10,5,0,300,0.5,1700,0.5,1
10,8,274,1,0,500,0.6,1000,0.2,1400,0.2,1
10,9,153,2,10,5,0,300,0.5,572,0.32,486,0.18,1
10,10,306,0,0,500,0.6,1000,0.2,1400,0.2,1
10,11,160,2,10,5,0,300,0.5,1700,0.5,1
11,0,319,2,10,5,0,500,0.6,1000,0.2,1400,0.2,1
11,1,294,1,0,666,0.42,420,0.58,1
11,2,438,2,10,5,0,500,0.6,1000,0.2,1400,0.2,1
11,3,724,2,10,5,0,666,0.42,420,0.58,1
11,4,336,0,0,500,0.6,1000,0.2,1400,0.2,1
11,5,982,0,0,300,0.5,572,0.32,486,0.18,1
11,6,415,1,0,500,0.6,1000,0.2,1400,0.2,1
11,7,472,2,10,5,0,666,0.42,420,0.58,1
11,8,612,1,0,500,0.6,1000,0.2,1400,0.2,1
11,9,63,1,0,300,0.5,1700,0.5,1
11,10,508,0,0,500,0.6,1000,0.2,1400,0.2,1
11,11,633,1,0,666,0.42,420,0.58,1
