0,0,100,1,0,500,0.6,1000,0.2,1400,0.2,1
0,1,587,2,10,5,0,300,0.5,1700,0.5,1
0,2,43,1,0,500,0.6,1000,0.2,1400,0.2,1
0,3,154,0,0,666,0.42,420,0.58,1
0,4,999,0,0,300,0.5,572,0.32,486,0.18,1
0,5,933,1,0,500,0.6,1000,0.2,1400,0.2,1
0,6,32,0,0,500,0.6,1000,0.2,1400,0.2,1
0,7,777,1,0,300,0.5,572,0.32,486,0.18,1
0,8,212,1,0,300,0.5,572,0.32,486,0.18,1
0,9,229,1,0,666,0.42,420,0.58,1
0,10,236,0,0,666,0.42,420,0.58,1
0,11,360,2,10,5,0,300,0.5,572,0.32,486,0.18,1
1,0,48,2,10,5,0,300,0.5,572,0.32,486,0.18,0
1,1,885,0,0,300,0.5,1700,0.5,0
1,2,301,2,10,5,0,666,0.42,420,0.58,0
1,3,764,2,10,5,0,300,0.5,572,0.32,486,0.18,0
1,4,224,0,0,500,0.6,1000,0.2,1400,0.2,0
1,5,122,0,0,300,0.5,1700,0.5,0
1,6,533,1,0,300,0.5,1700,0.5,0
1,7,520,2,10,5,0,300,0.5,572,0.32,486,0.18,0
1,8,534,2,10,5,0,300,0.5,572,0.32,486,0.18,0
1,9,871,1,0,500,0.6,1000,0.2,1400,0.2,0
1,10,903,0,0,500,0.6,1000,0.2,1400,0.2,0
1,11,979,0,0,300,0.5,1700,0.5,0
2,0,1000,2,10,5,0,500,0.6,1000,0.2,1400,0.2,1
2,1,522,2,10,5,0,666,0.42,420,0.58,1
2,2,642,1,0,300,0.5,572,0.32,486,0.18,1
2,3,626,0,0,300,0.5,572,0.32,486,0.18,1
2,4,413,2,10,5,0,500,0.6,1000,0.2,1400,0.2,1
2,5,452,1,0,500,0.6,1000,0.2,1400,0.2,1
2,6,613,2,10,5,0,666,0.42,420,0.58,1
2,7,265,1,0,300,0.5,1700,0.5,1
2,8,390,1,0,300,0.5,1700,0.5,1
2,9,774,0,0,300,0.5,1700,0.5,1
2,10,394,0,0,300,0.5,1700,0.5,1
2,11,693,0,0,300,0.5,1700,0.5,1
3,0,343,0,0,666,0.42,420,0.58,1
3,1,107,2,10,5,0,300,0.5,572,0.32,486,0.18,1
3,2,670,0,0,300,0.5,1700,0.5,1
3,3,670,2,10,5,0,300,0.5,572,0.32,486,0.18,1
3,4,156,0,0,500,0.6,1000,0.2,1400,0.2,1
3,5,540,0,0,500,0.6,1000,0.2,1400,0.2,1
3,6,898,0,0,300,0.5,1700,0.5,1
3,7,558,0,0,300,0.5,1700,0.5,1
3,8,871,1,0,500,0.6,1000,0.2,1400,0.2,1
3,9,255,0,0,666,0.42,420,0.58,1
3,10,163,2,10,5,0,300,0.5,572,0.32,486,0.18,1
3,11,797,2,10,5,0,300,0.5,1700,0.5,1
4,0,43,1,0,500,0.6,1000,0.2,1400,0.2,1
4,1,109,0,0,300,0.5,572,0.32,486,0.18,1
4,2,125,2,10,5,0,666,0.42,420,0.58,1
4,3,441,0,0,500,0.6,1000,0.2,1400,0.2,1
4,4,379,1,0,300,0.5,1700,0.5,1
4,5,866,2,10,5,0,300,0.5,572,0.32,486,0.18,1
4,6,303,0,0,500,0.6,1000,0.2,1400,0.2,1
4,7,207,2,10,5,0,300,0.5,1700,0.5,1
4,8,275,2,10,5,0,300,0.5,1700,0.5,1
4,9,994,0,0,666,0.42,420,0.58,1
4,10,833,0,0,300,0.5,1700,0.5,1
4,11,307,2,10,5,0,300,0.5,1700,0.5,1
5,0,488,2,10,5,0,300,0.5,572,0.32,486,0.18,1
5,1,215,1,0,300,0.5,572,0.32,486,0.18,1
5,2,14,2,10,5,0,500,0.6,1000,0.2,1400,0.2,1
5,3,970,1,0,500,0.6,1000,0.2,1400,0.2,1
5,4,208,0,0,300,0.5,572,0.32,486,0.18,1
5,5,567,0,0,300,0.5,1700,0.5,1
5,6,848,0,0,500,0.6,1000,0.2,1400,0.2,1
5,7,32,0,0,666,0.42,420,0.58,1
5,8,475,1,0,666,0.42,420,0.58,1
5,9,247,0,0,666,0.42,420,0.58,1
5,10,615,1,0,300,0.5,1700,0.5,1
5,11,740,0,0,300,0.5,572,0.32,486,0.18,1
6,0,706,0,0,666,0.42,420,0.58,1
6,1,808,2,10,5,0,300,0.5,572,0.32,486,0.18,1
6,2,953,2,10,5,0,300,0.5,1700,0.5,1
6,3,969,0,0,300,0.5,1700,0.5,1
6,4,338,0,0,500,0.6,1000,0.2,1400,0.2,1
6,5,624,2,10,5,0,666,0.42,420,0.58,1
6,6,120,0,0,500,0.6,1000,0.2,1400,0.2,1
6,7,818,0,0,500,0.6,1000,0.2,1400,0.2,1
6,8,144,1,0,300,0.5,1700,0.5,1
6,9,165,0,0,300,0.5,572,0.32,486,0.18,1
6,10,18,2,10,5,0,300,0.5,1700,0.5,1
6,11,853,0,0,666,0.42,420,0.58,1
7,0,45,0,0,300,0.5,572,0.32,486,0.18,1
7,1,780,0,0,300,0.5,572,0.32,486,0.18,1
7,2,975,1,0,300,0.5,572,0.32,486,0.18,1
7,3,912,1,0,666,0.42,420,0.58,1
7,4,584,1,0,666,0.42,420,0.58,1
7,5,933,1,0,666,0.42,420,0.58,1
7,6,88,0,0,300,0.5,572,0.32,486,0.18,1
7,7,681,2,10,5,0,300,0.5,572,0.32,486,0.18,1
7,8,460,1,0,500,0.6,1000,0.2,1400,0.2,1
7,9,566,1,0,500,0.6,1000,0.2,1400,0.2,1
7,10,925,1,0,300,0.5,1700,0.5,1
7,11,425,0,0,666,0.42,420,0.58,1
8,0,889,0,0,300,0.5,1700,0.5,1
8,1,632,0,0,666,0.42,420,0.58,1
8,2,366,0,0,666,0.42,420,0.58,1
8,3,84,2,10,5,0,666,0.42,420,0.58,1
8,4,879,2,10,5,0,300,0.5,572,0.32,486,0.18,1
8,5,630,0,0,666,0.42,420,0.58,1
8,6,130,1,0,500,0.6,1000,0.2,1400,0.2,1
8,7,268,2,10,5,0,666,0.42,420,0.58,1
8,8,71,0,0,300,0.5,572,0.32,486,0.18,1
8,9,372,2,10,5,0,300,0.5,572,0.32,486,0.18,1
8,10,380,0,0,666,0.42,420,0.58,1
8,11,634,2,10,5,0,666,0.42,420,0.58,1
9,0,737,0,0,500,0.6,1000,0.2,1400,0.2,1
9,1,750,0,0,300,0.5,572,0.32,486,0.18,1
9,2,755,0,0,500,0.6,1000,0.2,1400,0.2,1
9,3,275,0,0,300,0.5,572,0.32,486,0.18,1
9,4,411,0,0,666,0.42,420,0.58,1
9,5,102,2,10,5,0,300,0.5,1700,0.5,1
9,6,201,1,0,300,0.5,572,0.32,486,0.18,1
9,7,76,1,0,300,0.5,1700,0.5,1
9,8,269,2,10,5,0,500,0.6,1000,0.2,1400,0.2,1
9,9,488,0,0,300,0.5,572,0.32,486,0.18,1
9,10,107,1,0,300,0.5,1700,0.5,1
9,11,33,0,0,666,0.42,420,0.58,1
10,0,398,2,10,5,0,300,0.5,572,0.32,486,0.18,1
10,1,321,1,0,500,0.6,1000,0.2,1400,0.2,1
10,2,70,2,10,5,0,666,0.42,420,0.58,1
10,3,409,2,10,5,0,300,0.5,572,0.32,486,0.18,1
10,4,171,2,10,5,0,666,0.42,420,0.58,1
10,5,487,2,10,5,0,300,0.5,1700,0.5,1
10,6,384,0,0,300,0.5,572,0.32,486,0.18,1
10,7,917,1,0,300,0.5,572,0.32,486,0.18,1
10,8,35,1,0,666,0.42,420,0.58,1
10,9,382,2,10,5,0,300,0.5,572,0.32,486,0.18,1
10,10,265,2,10,5,0,300,0.5,572,0.32,486,0.18,1
10,11,654,0,0,500,0.6,1000,0.2,1400,0.2,1
11,0,417,1,0,500,0.6,1000,0.2,1400,0.2,1
11,1,12,2,10,5,0,300,0.5,1700,0.5,1
11,2,638,2,10,5,0,500,0.6,1000,0.2,1400,0.2,1
11,3,164,2,10,5,0,300,0.5,572,0.32,486,0.18,1
11,4,364,2,10,5,0,300,0.5,1700,0.5,1
11,5,981,1,0,666,0.42,420,0.58,1
11,6,953,0,0,300,0.5,572,0.32,486,0.18,1
11,7,503,0,0,666,0.42,420,0.58,1
11,8,825,2,10,5,0,500,0.6,1000,0.2,1400,0.2,1
11,9,775,0,0,666,0.42,420,0.58,1
11,10,41,0,0,500,0.6,1000,0.2,1400,0.2,1
11,11,643,0,0,500,0.6,1000,0.2,1400,0.2,1
