0,0,942,0,0,500,0.6,1000,0.2,1400,0.2,1
0,1,323,1,0,300,0.5,1700,0.5,1
0,2,799,0,0,666,0.42,420,0.58,1
0,3,409,2,10,5,0,500,0.6,1000,0.2,1400,0.2,1
0,4,495,2,10,5,0,300,0.5,572,0.32,486,0.18,1
0,5,676,1,0,500,0.6,1000,0.2,1400,0.2,1
0,6,676,2,10,5,0,300,0.5,1700,0.5,1
0,7,964,1,0,666,0.42,420,0.58,1
0,8,771,0,0,300,0.5,572,0.32,486,0.18,1
0,9,538,0,0,300,0.5,1700,0.5,1
0,10,326,2,10,5,0,300,0.5,572,0.32,486,0.18,1
0,11,151,2,10,5,0,666,0.42,420,0.58,1
1,0,140,0,0,666,0.42,420,0.58,0
1,1,439,2,10,5,0,500,0.6,1000,0.2,1400,0.2,0
1,2,307,2,10,5,0,666,0.42,420,0.58,0
1,3,183,0,0,500,0.6,1000,0.2,1400,0.2,0
1,4,745,1,0,666,0.42,420,0.58,0
1,5,372,1,0,500,0.6,1000,0.2,1400,0.2,0
1,6,627,2,10,5,0,300,0.5,572,0.32,486,0.18,0
1,7,567,1,0,300,0.5,572,0.32,486,0.18,0
1,8,209,2,10,5,0,300,0.5,1700,0.5,0
1,9,98,0,0,500,0.6,1000,0.2,1400,0.2,0
1,10,567,0,0,500,0.6,1000,0.2,1400,0.2,0
1,11,969,2,10,5,0,300,0.5,1700,0.5,0
2,0,928,1,0,300,0.5,1700,0.5,1
2,1,469,1,0,300,0.5,1700,0.5,1
2,2,103,2,10,5,0,666,0.42,420,0.58,1
2,3,270,2,10,5,0,666,0.42,420,0.58,1
2,4,636,0,0,300,0.5,572,0.32,486,0.18,1
2,5,120,0,0,300,0.5,1700,0.5,1
2,6,80,1,0,500,0.6,1000,0.2,1400,0.2,1
2,7,896,2,10,5,0,500,0.6,1000,0.2,1400,0.2,1
2,8,243,0,0,666,0.42,420,0.58,1
2,9,423,0,0,300,0.5,572,0.32,486,0.18,1
2,10,824,2,10,5,0,666,0.42,420,0.58,1
2,11,259,2,10,5,0,666,0.42,420,0.58,1
3,0,41,1,0,666,0.42,420,0.58,1
3,1,401,2,10,5,0,300,0.5,572,0.32,486,0.18,1
3,2,875,0,0,300,0.5,572,0.32,486,0.18,1
3,3,388,2,10,5,0,666,0.42,420,0.58,1
3,4,664,2,10,5,0,300,0.5,572,0.32,486,0.18,1
3,5,68,1,0,500,0.6,1000,0.2,1400,0.2,1
3,6,748,2,10,5,0,666,0.42,420,0.58,1
3,7,807,1,0,300,0.5,1700,0.5,1
3,8,29,1,0,300,0.5,572,0.32,486,0.18,1
3,9,792,2,10,5,0,300,0.5,1700,0.5,1
3,10,76,1,0,666,0.42,420,0.58,1
3,11,986,1,0,500,0.6,1000,0.2,1400,0.2,1
4,0,955,0,0,300,0.5,1700,0.5,1
4,1,680,1,0,300,0.5,1700,0.5,1
4,2,614,1,0,300,0.5,572,0.32,486,0.18,1
4,3,865,1,0,300,0.5,1700,0.5,1
4,4,38,1,0,500,0.6,1000,0.2,1400,0.2,1
4,5,550,2,10,5,0,300,0.5,1700,0.5,1
4,6,132,2,10,5,0,666,0.42,420,0.58,1
4,7,541,0,0,500,0.6,1000,0.2,1400,0.2,1
4,8,311,0,0,300,0.5,572,0.32,486,0.18,1
4,9,538,2,10,5,0,666,0.42,420,0.58,1
4,10,67,0,0,300,0.5,572,0.32,486,0.18,1
4,11,288,2,10,5,0,666,0.42,420,0.58,1
5,0,401,2,10,5,0,300,0.5,572,0.32,486,0.18,1
5,1,349,1,0,500,0.6,1000,0.2,1400,0.2,1
5,2,923,2,10,5,0,500,0.6,1000,0.2,1400,0.2,1
5,3,473,2,10,5,0,666,0.42,420,0.58,1
5,4,492,0,0,300,0.5,572,0.32,486,0.18,1
5,5,867,1,0,300,0.5,572,0.32,486,0.18,1
5,6,293,0,0,500,0.6,1000,0.2,1400,0.2,1
5,7,400,1,0,666,0.42,420,0.58,1
5,8,455,0,0,300,0.5,1700,0.5,1
5,9,538,0,0,500,0.6,1000,0.2,1400,0.2,1
5,10,212,0,0,666,0.42,420,0.58,1
5,11,92,1,0,300,0.5,572,0.32,486,0.18,1
6,0,528,0,0,666,0.42,420,0.58,1
6,1,154,2,10,5,0,666,0.42,420,0.58,1
6,2,649,2,10,5,0,500,0.6,1000,0.2,1400,0.2,1
6,3,942,2,10,5,0,300,0.5,1700,0.5,1
6,4,581,1,0,300,0.5,572,0.32,486,0.18,1
6,5,49,2,10,5,0,500,0.6,1000,0.2,1400,0.2,1
6,6,996,1,0,300,0.5,572,0.32,486,0.18,1
6,7,215,2,10,5,0,666,0.42,420,0.58,1
6,8,452,1,0,666,0.42,420,0.58,1
6,9,786,1,0,500,0.6,1000,0.2,1400,0.2,1
6,10,906,1,0,500,0.6,1000,0.2,1400,0.2,1
6,11,251,1,0,500,0.6,1000,0.2,1400,0.2,1
7,0,553,1,0,666,0.42,420,0.58,1
7,1,491,0,0,666,0.42,420,0.58,1
7,2,473,1,0,300,0.5,1700,0.5,1
7,3,413,1,0,300,0.5,1700,0.5,1
7,4,183,0,0,300,0.5,1700,0.5,1
7,5,253,0,0,500,0.6,1000,0.2,1400,0.2,1
7,6,733,2,10,5,0,300,0.5,1700,0.5,1
7,7,711,2,10,5,0,300,0.5,572,0.32,486,0.18,1
7,8,983,1,0,300,0.5,1700,0.5,1
7,9,16,0,0,300,0.5,572,0.32,486,0.18,1
7,10,451,1,0,666,0.42,420,0.58,1
7,11,64,1,0,666,0.42,420,0.58,1
8,0,67,0,0,500,0.6,1000,0.2,1400,0.2,1
8,1,718,1,0,300,0.5,1700,0.5,1
8,2,382,1,0,300,0.5,1700,0.5,1
8,3,371,1,0,500,0.6,1000,0.2,1400,0.2,1
8,4,501,2,10,5,0,666,0.42,420,0.58,1
8,5,41,2,10,5,0,300,0.5,1700,0.5,1
8,6,70,1,0,500,0.6,1000,0.2,1400,0.2,1
8,7,770,0,0,500,0.6,1000,0.2,1400,0.2,1
8,8,560,0,0,300,0.5,572,0.32,486,0.18,1
8,9,244,1,0,666,0.42,420,0.58,1
8,10,171,2,10,5,0,500,0.6,1000,0.2,1400,0.2,1
8,11,859,2,10,5,0,500,0.6,1000,0.2,1400,0.2,1
9,0,243,0,0,300,0.5,1700,0.5,1
9,1,168,1,0,666,0.42,420,0.58,1
9,2,592,1,0,500,0.6,1000,0.2,1400,0.2,1
9,3,844,2,10,5,0,300,0.5,1700,0.5,1
9,4,959,2,10,5,0,500,0.6,1000,0.2,1400,0.2,1
9,5,609,1,0,500,0.6,1000,0.2,1400,0.2,1
9,6,123,2,10,5,0,300,0.5,1700,0.5,1
9,7,434,0,0,300,0.5,1700,0.5,1
9,8,922,2,10,5,0,300,0.5,1700,0.5,1
9,9,884,1,0,300,0.5,1700,0.5,1
9,10,156,2,10,5,0,300,0.5,572,0.32,486,0.18,1
9,11,106,0,0,300,0.5,572,0.32,486,0.18,1
10,0,154,1,0,300,0.5,1700,0.5,1
10,1,595,2,10,5,0,300,0.5,572,0.32,486,0.18,1
10,2,946,1,0,300,0.5,572,0.32,486,0.18,1
10,3,920,1,0,666,0.42,420,0.58,1
10,4,658,1,0,300,0.5,572,0.32,486,0.18,1
10,5,111,2,10,5,0,300,0.5,1700,0.5,1
10,6,172,1,0,300,0.5,572,0.32,486,0.18,1
10,7,730,2,10,5,0,500,0.6,1000,0.2,1400,0.2,1
10,8,806,0,0,300,0.5,1700,0.5,1
10,9,513,1,0,300,0.5,572,0.32,486,0.18,1
10,10,18,2,10,5,0,666,0.42,420,0.58,1
10,11,763,1,0,300,0.5,572,0.32,486,0.18,1
11,0,789,1,0,666,0.42,420,0.58,1
11,1,939,1,0,500,0.6,1000,0.2,1400,0.2,1
11,2,658,0,0,300,0.5,572,0.32,486,0.18,1
11,3,388,2,10,5,0,500,0.6,1000,0.2,1400,0.2,1
11,4,714,0,0,500,0.6,1000,0.2,1400,0.2,1
11,5,988,2,10,5,0,500,0.6,1000,0.2,1400,0.2,1
11,6,996,2,10,5,0,300,0.5,572,0.32,486,0.18,1
11,7,201,1,0,300,0.5,572,0.32,486,0.18,1
11,8,779,0,0,666,0.42,420,0.58,1
11,9,954,1,0,666,0.42,420,0.58,1
11,10,475,2,10,5,0,300,0.5,1700,0.5,1
11,11,384,1,0,666,0.42,420,0.58,1
