0,0,557,2,10,5,0,300,0.5,1700,0.5,1
0,1,715,2,10,5,0,666,0.42,420,0.58,1
0,2,569,0,0,300,0.5,1700,0.5,1
0,3,590,1,0,300,0.5,572,0.32,486,0.18,1
0,4,37,2,10,5,0,666,0.42,420,0.58,1
0,5,743,2,10,5,0,300,0.5,572,0.32,486,0.18,1
0,6,328,1,0,500,0.6,1000,0.2,1400,0.2,1
0,7,151,0,0,500,0.6,1000,0.2,1400,0.2,1
0,8,252,1,0,300,0.5,572,0.32,486,0.18,1
0,9,478,1,0,300,0.5,572,0.32,486,0.18,1
0,10,11,0,0,300,0.5,572,0.32,486,0.18,1
0,11,918,2,10,5,0,500,0.6,1000,0.2,1400,0.2,1
1,0,348,0,0,300,0.5,1700,0.5,0
1,1,441,1,0,300,0.5,572,0.32,486,0.18,0
1,2,671,0,0,500,0.6,1000,0.2,1400,0.2,0
1,3,278,1,0,666,0.42,420,0.58,0
1,4,229,2,10,5,0,300,0.5,572,0.32,486,0.18,0
1,5,543,1,0,666,0.42,420,0.58,0
1,6,581,1,0,666,0.42,420,0.58,0
1,7,339,1,0,300,0.5,572,0.32,486,0.18,0
1,8,290,2,10,5,0,300,0.5,572,0.32,486,0.18,0
1,9,147,0,0,666,0.42,420,0.58,0
1,10,555,2,10,5,0,500,0.6,1000,0.2,1400,0.2,0
1,11,206,2,10,5,0,300,0.5,1700,0.5,0
2,0,189,0,0,666,0.42,420,0.58,1
2,1,74,1,0,300,0.5,1700,0.5,1
2,2,147,0,0,300,0.5,1700,0.5,1
2,3,666,2,10,5,0,300,0.5,572,0.32,486,0.18,1
2,4,969,1,0,500,0.6,1000,0.2,1400,0.2,1
2,5,233,0,0,666,0.42,420,0.58,1
2,6,994,0,0,300,0.5,1700,0.5,1
2,7,786,2,10,5,0,300,0.5,572,0.32,486,0.18,1
2,8,849,1,0,300,0.5,572,0.32,486,0.18,1
2,9,969,0,0,300,0.5,572,0.32,486,0.18,1
2,10,303,1,0,300,0.5,1700,0.5,1
2,11,764,1,0,500,0.6,1000,0.2,1400,0.2,1
3,0,118,0,0,300,0.5,572,0.32,486,0.18,1
3,1,221,2,10,5,0,300,0.5,572,0.32,486,0.18,1
3,2,293,2,10,5,0,300,0.5,1700,0.5,1
3,3,744,1,0,666,0.42,420,0.58,1
3,4,826,0,0,500,0.6,1000,0.2,1400,0.2,1
3,5,805,0,0,300,0.5,1700,0.5,1
3,6,124,2,10,5,0,300,0.5,1700,0.5,1
3,7,860,0,0,500,0.6,1000,0.2,1400,0.2,1
3,8,745,1,0,500,0.6,1000,0.2,1400,0.2,1
3,9,677,0,0,666,0.42,420,0.58,1
3,10,945,1,0,666,0.42,420,0.58,1
3,11,765,1,0,300,0.5,1700,0.5,1
4,0,364,2,10,5,0,666,0.42,420,0.58,1
4,1,347,2,10,5,0,500,0.6,1000,0.2,1400,0.2,1
4,2,915,0,0,300,0.5,1700,0.5,1
4,3,798,2,10,5,0,300,0.5,1700,0.5,1
4,4,509,1,0,666,0.42,420,0.58,1
4,5,487,0,0,300,0.5,1700,0.5,1
4,6,265,2,10,5,0,300,0.5,572,0.32,486,0.18,1
4,7,231,0,0,500,0.6,1000,0.2,1400,0.2,1
4,8,78,0,0,666,0.42,420,0.58,1
4,9,583,1,0,300,0.5,1700,0.5,1
4,10,114,1,0,666,0.42,420,0.58,1
4,11,600,1,0,300,0.5,1700,0.5,1
5,0,307,2,10,5,0,500,0.6,1000,0.2,1400,0.2,1
5,1,478,1,0,666,0.42,420,0.58,1
5,2,126,2,10,5,0,300,0.5,1700,0.5,1
5,3,854,1,0,300,0.5,1700,0.5,1
5,4,194,2,10,5,0,666,0.42,420,0.58,1
5,5,893,2,10,5,0,300,0.5,1700,0.5,1
5,6,478,0,0,666,0.42,420,0.58,1
5,7,870,1,0,300,0.5,1700,0.5,1
5,8,602,1,0,300,0.5,572,0.32,486,0.18,1
5,9,150,2,10,5,0,300,0.5,572,0.32,486,0.18,1
5,10,798,0,0,666,0.42,420,0.58,1
5,11,477,1,0,300,0.5,1700,0.5,1
6,0,73,0,0,300,0.5,1700,0.5,1
6,1,356,2,10,5,0,666,0.42,420,0.58,1
6,2,164,0,0,666,0.42,420,0.58,1
6,3,355,1,0,666,0.42,420,0.58,1
6,4,967,1,0,500,0.6,1000,0.2,1400,0.2,1
6,5,121,0,0,500,0.6,1000,0.2,1400,0.2,1
6,6,282,1,0,300,0.5,1700,0.5,1
6,7,290,1,0,300,0.5,1700,0.5,1
6,8,624,1,0,666,0.42,420,0.58,1
6,9,278,2,10,5,0,300,0.5,1700,0.5,1
6,10,714,0,0,666,0.42,420,0.58,1
6,11,842,2,10,5,0,666,0.42,420,0.58,1
7,0,741,0,0,300,0.5,572,0.32,486,0.18,1
7,1,360,2,10,5,0,300,0.5,1700,0.5,1
7,2,83,0,0,300,0.5,572,0.32,486,0.18,1
7,3,214,2,10,5,0,500,0.6,1000,0.2,1400,0.2,1
7,4,413,1,0,300,0.5,1700,0.5,1
7,5,775,1,0,300,0.5,572,0.32,486,0.18,1
7,6,901,1,0,300,0.5,572,0.32,486,0.18,1
7,7,837,1,0,500,0.6,1000,0.2,1400,0.2,1
7,8,996,0,0,666,0.42,420,0.58,1
7,9,307,2,10,5,0,300,0.5,572,0.32,486,0.18,1
7,10,686,0,0,300,0.5,1700,0.5,1
7,11,254,0,0,300,0.5,572,0.32,486,0.18,1
8,0,508,2,10,5,0,500,0.6,1000,0.2,1400,0.2,1
8,1,778,1,0,500,0.6,1000,0.2,1400,0.2,1
8,2,27,2,10,5,0,300,0.5,1700,0.5,1
8,3,308,1,0,300,0.5,1700,0.5,1
8,4,378,2,10,5,0,300,0.5,572,0.32,486,0.18,1
8,5,434,2,10,5,0,300,0.5,572,0.32,486,0.18,1
8,6,308,0,0,300,0.5,572,0.32,486,0.18,1
8,7,274,0,0,300,0.5,572,0.32,486,0.18,1
8,8,749,1,0,300,0.5,1700,0.5,1
8,9,720,2,10,5,0,300,0.5,572,0.32,486,0.18,1
8,10,580,1,0,500,0.6,1000,0.2,1400,0.2,1
8,11,758,2,10,5,0,666,0.42,420,0.58,1
9,0,543,2,10,5,0,300,0.5,572,0.32,486,0.18,1
9,1,854,2,10,5,0,300,0.5,1700,0.5,1
9,2,988,2,10,5,0,300,0.5,572,0.32,486,0.18,1
9,3,871,0,0,300,0.5,1700,0.5,1
9,4,439,0,0,666,0.42,420,0.58,1
9,5,708,2,10,5,0,300,0.5,572,0.32,486,0.18,1
9,6,468,2,10,5,0,500,0.6,1000,0.2,1400,0.2,1
9,7,380,1,0,500,0.6,1000,0.2,1400,0.2,1
9,8,234,0,0,300,0.5,1700,0.5,1
9,9,803,0,0,666,0.42,420,0.58,1
9,10,748,0,0,300,0.5,572,0.32,486,0.18,1
9,11,668,1,0,500,0.6,1000,0.2,1400,0.2,1
10,0,361,1,0,500,0.6,1000,0.2,1400,0.2,1
10,1,706,1,0,300,0.5,572,0.32,486,0.18,1
10,2,855,0,0,300,0.5,572,0.32,486,0.18,1
10,3,768,1,0,300,0.5,572,0.32,486,0.18,1
10,4,274,2,10,5,0,300,0.5,572,0.32,486,0.18,1
10,5,545,1,0,666,0.42,420,0.58,1
10,6,146,1,0,500,0.6,1000,0.2,1400,0.2,1
10,7,218,1,0,300,0.5,1700,0.5,1
10,8,675,2,10,5,0,300,0.5,572,0.32,486,0.18,1
10,9,597,1,0,300,0.5,1700,0.5,1
10,10,989,2,10,5,0,500,0.6,1000,0.2,1400,0.2,1
10,11,201,1,0,666,0.42,420,0.58,1
11,0,715,1,0,300,0.5,572,0.32,486,0.18,1
11,1,460,1,0,300,0.5,1700,0.5,1
11,2,809,2,10,5,0,300,0.5,572,0.32,486,0.18,1
11,3,349,0,0,500,0.6,1000,0.2,1400,0.2,1
11,4,433,0,0,666,0.42,420,0.58,1
11,5,664,0,0,300,0.5,1700,0.5,1
11,6,890,0,0,500,0.6,1000,0.2,1400,0.2,1
11,7,337,2,10,5,0,300,0.5,572,0.32,486,0.18,1
11,8,277,2,10,5,0,666,0.42,420,0.58,1
11,9,773,0,0,500,0.6,1000,0.2,1400,0.2,1
11,10,872,0,0,500,0.6,1000,0.2,1400,0.2,1
11,11,549,1,0,300,0.5,572,0.32,486,0.18,1
