0,0,914,0,0,300,0.5,1700,0.5,1
0,1,943,2,10,5,0,300,0.5,1700,0.5,1
0,2,864,1,0,300,0.5,572,0.32,486,0.18,1
0,3,700,2,10,5,0,300,0.5,572,0.32,486,0.18,1
0,4,113,2,10,5,0,300,0.5,572,0.32,486,0.18,1
0,5,624,0,0,300,0.5,1700,0.5,1
0,6,804,2,10,5,0,300,0.5,1700,0.5,1
0,7,369,1,0,300,0.5,1700,0.5,1
0,8,725,2,10,5,0,300,0.5,1700,0.5,1
0,9,758,0,0,500,0.6,1000,0.2,1400,0.2,1
0,10,582,0,0,666,0.42,420,0.58,1
0,11,924,0,0,300,0.5,572,0.32,486,0.18,1
1,0,910,1,0,500,0.6,1000,0.2,1400,0.2,0
1,1,101,2,10,5,0,300,0.5,1700,0.5,0
1,2,375,2,10,5,0,300,0.5,1700,0.5,0
1,3,290,2,10,5,0,666,0.42,420,0.58,0
1,4,593,0,0,666,0.42,420,0.58,0
1,5,109,0,0,300,0.5,572,0.32,486,0.18,0
1,6,109,1,0,300,0.5,572,0.32,486,0.18,0
1,7,664,0,0,666,0.42,420,0.58,0
1,8,922,0,0,666,0.42,420,0.58,0
1,9,273,2,10,5,0,300,0.5,572,0.32,486,0.18,0
1,10,788,1,0,300,0.5,1700,0.5,0
1,11,143,1,0,500,0.6,1000,0.2,1400,0.2,0
2,0,609,2,10,5,0,300,0.5,572,0.32,486,0.18,1
2,1,726,0,0,300,0.5,1700,0.5,1
2,2,89,2,10,5,0,666,0.42,420,0.58,1
2,3,921,0,0,300,0.5,1700,0.5,1
2,4,346,1,0,300,0.5,1700,0.5,1
2,5,407,2,10,5,0,500,0.6,1000,0.2,1400,0.2,1
2,6,578,0,0,300,0.5,1700,0.5,1
2,7,640,1,0,666,0.42,420,0.58,1
2,8,228,0,0,500,0.6,1000,0.2,1400,0.2,1
2,9,998,2,10,5,0,300,0.5,1700,0.5,1
2,10,64,1,0,300,0.5,1700,0.5,1
2,11,460,2,10,5,0,666,0.42,420,0.58,1
3,0,837,0,0,300,0.5,1700,0.5,1
3,1,471,2,10,5,0,666,0.42,420,0.58,1
3,2,265,0,0,300,0.5,572,0.32,486,0.18,1
3,3,782,2,10,5,0,300,0.5,1700,0.5,1
3,4,535,0,0,300,0.5,572,0.32,486,0.18,1
3,5,93,1,0,500,0.6,1000,0.2,1400,0.2,1
3,6,816,1,0,300,0.5,1700,0.5,1
3,7,284,0,0,666,0.42,420,0.58,1
3,8,803,2,10,5,0,300,0.5,1700,0.5,1
3,9,331,2,10,5,0,300,0.5,572,0.32,486,0.18,1
3,10,457,1,0,666,0.42,420,0.58,1
3,11,559,0,0,300,0.5,572,0.32,486,0.18,1
4,0,959,0,0,300,0.5,1700,0.5,1
4,1,763,2,10,5,0,500,0.6,1000,0.2,1400,0.2,1
4,2,254,2,10,5,0,300,0.5,1700,0.5,1
4,3,236,1,0,300,0.5,1700,0.5,1
4,4,521,1,0,500,0.6,1000,0.2,1400,0.2,1
4,5,87,1,0,500,0.6,1000,0.2,1400,0.2,1
4,6,360,1,0,500,0.6,1000,0.2,1400,0.2,1
4,7,147,1,0,500,0.6,1000,0.2,1400,0.2,1
4,8,688,0,0,666,0.42,420,0.58,1
4,9,406,0,0,666,0.42,420,0.58,1
4,10,559,2,10,5,0,500,0.6,1000,0.2,1400,0.2,1
4,11,364,1,0,300,0.5,1700,0.5,1
5,0,655,0,0,500,0.6,1000,0.2,1400,0.2,1
5,1,641,0,0,300,0.5,1700,0.5,1
5,2,435,1,0,500,0.6,1000,0.2,1400,0.2,1
5,3,485,1,0,300,0.5,1700,0.5,1
5,4,361,0,0,300,0.5,1700,0.5,1
5,5,516,0,0,500,0.6,1000,0.2,1400,0.2,1
5,6,335,2,10,5,0,300,0.5,572,0.32,486,0.18,1
5,7,402,2,10,5,0,666,0.42,420,0.58,1
5,8,552,1,0,500,0.6,1000,0.2,1400,0.2,1
5,9,934,2,10,5,0,300,0.5,1700,0.5,1
5,10,287,0,0,666,0.42,420,0.58,1
5,11,10,0,0,300,0.5,572,0.32,486,0.18,1
6,0,370,2,10,5,0,300,0.5,1700,0.5,1
6,1,771,1,0,666,0.42,420,0.58,1
6,2,127,0,0,500,0.6,1000,0.2,1400,0.2,1
6,3,811,0,0,500,0.6,1000,0.2,1400,0.2,1
6,4,992,1,0,500,0.6,1000,0.2,1400,0.2,1
6,5,839,0,0,500,0.6,1000,0.2,1400,0.2,1
6,6,614,0,0,500,0.6,1000,0.2,1400,0.2,1
6,7,454,0,0,300,0.5,1700,0.5,1
6,8,162,2,10,5,0,500,0.6,1000,0.2,1400,0.2,1
6,9,488,1,0,300,0.5,1700,0.5,1
6,10,684,1,0,500,0.6,1000,0.2,1400,0.2,1
6,11,804,2,10,5,0,500,0.6,1000,0.2,1400,0.2,1
7,0,949,1,0,666,0.42,420,0.58,1
7,1,714,1,0,666,0.42,420,0.58,1
7,2,568,1,0,300,0.5,1700,0.5,1
7,3,622,1,0,300,0.5,572,0.32,486,0.18,1
7,4,491,2,10,5,0,666,0.42,420,0.58,1
7,5,842,0,0,666,0.42,420,0.58,1
7,6,296,2,10,5,0,500,0.6,1000,0.2,1400,0.2,1
7,7,747,1,0,666,0.42,420,0.58,1
7,8,372,1,0,500,0.6,1000,0.2,1400,0.2,1
7,9,856,2,10,5,0,666,0.42,420,0.58,1
7,10,362,2,10,5,0,300,0.5,572,0.32,486,0.18,1
7,11,299,0,0,500,0.6,1000,0.2,1400,0.2,1
8,0,306,1,0,666,0.42,420,0.58,1
8,1,577,1,0,300,0.5,572,0.32,486,0.18,1
8,2,911,2,10,5,0,300,0.5,572,0.32,486,0.18,1
8,3,831,2,10,5,0,500,0.6,1000,0.2,1400,0.2,1
8,4,969,0,0,666,0.42,420,0.58,1
8,5,924,0,0,300,0.5,572,0.32,486,0.18,1
8,6,158,2,10,5,0,300,0.5,1700,0.5,1
8,7,820,0,0,500,0.6,1000,0.2,1400,0.2,1
8,8,726,2,10,5,0,500,0.6,1000,0.2,1400,0.2,1
8,9,873,1,0,666,0.42,420,0.58,1
8,10,742,0,0,500,0.6,1000,0.2,1400,0.2,1
8,11,468,0,0,666,0.42,420,0.58,1
9,0,112,1,0,666,0.42,420,0.58,1
9,1,58,1,0,300,0.5,572,0.32,486,0.18,1
9,2,546,1,0,300,0.5,1700,0.5,1
9,3,594,2,10,5,0,300,0.5,1700,0.5,1
9,4,656,0,0,500,0.6,1000,0.2,1400,0.2,1
9,5,568,1,0,666,0.42,420,0.58,1
9,6,340,1,0,500,0.6,1000,0.2,1400,0.2,1
9,7,980,1,0,500,0.6,1000,0.2,1400,0.2,1
9,8,878,1,0,300,0.5,1700,0.5,1
9,9,475,2,10,5,0,666,0.42,420,0.58,1
9,10,948,0,0,300,0.5,572,0.32,486,0.18,1
9,11,101,1,0,300,0.5,1700,0.5,1
10,0,237,1,0,666,0.42,420,0.58,1
10,1,628,0,0,500,0.6,1000,0.2,1400,0.2,1
10,2,193,2,10,5,0,500,0.6,1000,0.2,1400,0.2,1
10,3,222,0,0,300,0.5,572,0.32,486,0.18,1
10,4,252,2,10,5,0,500,0.6,1000,0.2,1400,0.2,1
10,5,259,0,0,666,0.42,420,0.58,1
10,6,190,2,10,5,0,500,0.6,1000,0.2,1400,0.2,1
10,7,312,1,0,300,0.5,572,0.32,486,0.18,1
10,8,312,2,10,5,0,300,0.5,572,0.32,486,0.18,1
10,9,182,0,0,300,0.5,572,0.32,486,0.18,1
10,10,565,1,0,666,0.42,420,0.58,1
10,11,203,2,10,5,0,666,0.42,420,0.58,1
11,0,640,1,0,300,0.5,572,0.32,486,0.18,1
11,1,362,0,0,666,0.42,420,0.58,1
11,2,409,1,0,300,0.5,1700,0.5,1
11,3,220,2,10,5,0,666,0.42,420,0.58,1
11,4,112,2,10,5,0,666,0.42,420,0.58,1
11,5,576,0,0,300,0.5,1700,0.5,1
11,6,386,0,0,300,0.5,1700,0.5,1
11,7,363,2,10,5,0,500,0.6,1000,0.2,1400,0.2,1
11,8,358,0,0,300,0.5,1700,0.5,1
11,9,107,1,0,666,0.42,420,0.58,1
11,10,588,2,10,5,0,666,0.42,420,0.58,1
11,11,868,2,10,5,0,300,0.5,1700,0.5,1
