0,0,918,0,0,666,0.42,420,0.58,1
0,1,237,0,0,300,0.5,1700,0.5,1
0,2,219,0,0,300,0.5,1700,0.5,1
0,3,86,2,10,5,0,500,0.6,1000,0.2,1400,0.2,1
0,4,357,2,10,5,0,300,0.5,1700,0.5,1
0,5,405,0,0,300,0.5,1700,0.5,1
0,6,871,0,0,300,0.5,1700,0.5,1
0,7,450,2,10,5,0,300,0.5,572,0.32,486,0.18,1
0,8,962,2,10,5,0,300,0.5,572,0.32,486,0.18,1
0,9,854,2,10,5,0,500,0.6,1000,0.2,1400,0.2,1
0,10,58,2,10,5,0,300,0.5,572,0.32,486,0.18,1
0,11,675,2,10,5,0,300,0.5,1700,0.5,1
1,0,301,0,0,666,0.42,420,0.58,0
1,1,116,1,0,300,0.5,1700,0.5,0
1,2,465,1,0,500,0.6,1000,0.2,1400,0.2,0
1,3,309,1,0,300,0.5,572,0.32,486,0.18,0
1,4,742,2,10,5,0,300,0.5,1700,0.5,0
1,5,172,2,10,5,0,300,0.5,1700,0.5,0
1,6,952,1,0,300,0.5,1700,0.5,0
1,7,430,0,0,300,0.5,572,0.32,486,0.18,0
1,8,257,1,0,500,0.6,1000,0.2,1400,0.2,0
1,9,769,2,10,5,0,666,0.42,420,0.58,0
1,10,228,0,0,666,0.42,420,0.58,0
1,11,309,2,10,5,0,300,0.5,572,0.32,486,0.18,0
2,0,175,1,0,666,0.42,420,0.58,1
2,1,866,1,0,666,0.42,420,0.58,1
2,2,902,2,10,5,0,300,0.5,572,0.32,486,0.18,1
2,3,732,1,0,300,0.5,1700,0.5,1
2,4,257,0,0,500,0.6,1000,0.2,1400,0.2,1
2,5,590,2,10,5,0,300,0.5,1700,0.5,1
2,6,697,0,0,300,0.5,1700,0.5,1
2,7,884,2,10,5,0,500,0.6,1000,0.2,1400,0.2,1
2,8,371,1,0,500,0.6,1000,0.2,1400,0.2,1
2,9,155,0,0,666,0.42,420,0.58,1
2,10,995,0,0,500,0.6,1000,0.2,1400,0.2,1
2,11,501,0,0,666,0.42,420,0.58,1
3,0,934,2,10,5,0,500,0.6,1000,0.2,1400,0.2,1
3,1,350,0,0,300,0.5,1700,0.5,1
3,2,625,2,10,5,0,300,0.5,1700,0.5,1
3,3,348,0,0,500,0.6,1000,0.2,1400,0.2,1
3,4,897,1,0,300,0.5,572,0.32,486,0.18,1
3,5,656,1,0,300,0.5,1700,0.5,1
3,6,953,0,0,300,0.5,572,0.32,486,0.18,1
3,7,704,1,0,500,0.6,1000,0.2,1400,0.2,1
3,8,476,2,10,5,0,300,0.5,1700,0.5,1
3,9,589,2,10,5,0,300,0.5,1700,0.5,1
3,10,534,1,0,300,0.5,1700,0.5,1
3,11,29,2,10,5,0,300,0.5,572,0.32,486,0.18,1
4,0,478,0,0,500,0.6,1000,0.2,1400,0.2,1
4,1,891,2,10,5,0,300,0.5,572,0.32,486,0.18,1
4,2,479,1,0,300,0.5,1700,0.5,1
4,3,814,0,0,300,0.5,1700,0.5,1
4,4,242,0,0,666,0.42,420,0.58,1
4,5,896,0,0,300,0.5,572,0.32,486,0.18,1
4,6,305,2,10,5,0,300,0.5,1700,0.5,1
4,7,461,1,0,300,0.5,572,0.32,486,0.18,1
4,8,948,0,0,300,0.5,1700,0.5,1
4,9,444,1,0,666,0.42,420,0.58,1
4,10,637,1,0,300,0.5,1700,0.5,1
4,11,800,0,0,666,0.42,420,0.58,1
5,0,562,0,0,300,0.5,1700,0.5,1
5,1,191,2,10,5,0,500,0.6,1000,0.2,1400,0.2,1
5,2,69,2,10,5,0,666,0.42,420,0.58,1
5,3,179,2,10,5,0,500,0.6,1000,0.2,1400,0.2,1
5,4,924,1,0,500,0.6,1000,0.2,1400,0.2,1
5,5,648,2,10,5,0,300,0.5,1700,0.5,1
5,6,114,1,0,300,0.5,1700,0.5,1
5,7,487,1,0,666,0.42,420,0.58,1
5,8,848,1,0,666,0.42,420,0.58,1
5,9,813,0,0,300,0.5,572,0.32,486,0.18,1
5,10,358,0,0,300,0.5,1700,0.5,1
5,11,229,0,0,666,0.42,420,0.58,1
6,0,424,2,10,5,0,300,0.5,1700,0.5,1
6,1,249,1,0,300,0.5,1700,0.5,1
6,2,189,2,10,5,0,666,0.42,420,0.58,1
6,3,580,2,10,5,0,300,0.5,1700,0.5,1
6,4,42,1,0,300,0.5,1700,0.5,1
6,5,985,0,0,300,0.5,572,0.32,486,0.18,1
6,6,389,0,0,300,0.5,1700,0.5,1
6,7,827,2,10,5,0,500,0.6,1000,0.2,1400,0.2,1
6,8,165,2,10,5,0,300,0.5,572,0.32,486,0.18,1
6,9,208,2,10,5,0,300,0.5,572,0.32,486,0.18,1
6,10,594,1,0,300,0.5,1700,0.5,1
6,11,386,2,10,5,0,500,0.6,1000,0.2,1400,0.2,1
7,0,326,0,0,300,0.5,572,0.32,486,0.18,1
7,1,812,0,0,300,0.5,1700,0.5,1
7,2,914,2,10,5,0,300,0.5,572,0.32,486,0.18,1
7,3,343,0,0,500,0.6,1000,0.2,1400,0.2,1
7,4,940,2,10,5,0,500,0.6,1000,0.2,1400,0.2,1
7,5,699,1,0,666,0.42,420,0.58,1
7,6,387,2,10,5,0,500,0.6,1000,0.2,1400,0.2,1
7,7,415,1,0,300,0.5,572,0.32,486,0.18,1
7,8,518,2,10,5,0,300,0.5,1700,0.5,1
7,9,264,2,10,5,0,300,0.5,572,0.32,486,0.18,1
7,10,637,0,0,300,0.5,572,0.32,486,0.18,1
7,11,61,0,0,300,0.5,572,0.32,486,0.18,1
8,0,559,2,10,5,0,666,0.42,420,0.58,1
8,1,902,0,0,666,0.42,420,0.58,1
8,2,617,2,10,5,0,300,0.5,1700,0.5,1
8,3,489,0,0,300,0.5,572,0.32,486,0.18,1
8,4,440,2,10,5,0,300,0.5,572,0.32,486,0.18,1
8,5,842,0,0,666,0.42,420,0.58,1
8,6,494,1,0,300,0.5,572,0.32,486,0.18,1
8,7,811,2,10,5,0,300,0.5,1700,0.5,1
8,8,372,2,10,5,0,300,0.5,1700,0.5,1
8,9,558,2,10,5,0,300,0.5,572,0.32,486,0.18,1
8,10,998,0,0,666,0.42,420,0.58,1
8,11,476,2,10,5,0,666,0.42,420,0.58,1
9,0,358,0,0,300,0.5,572,0.32,486,0.18,1
9,1,897,2,10,5,0,666,0.42,420,0.58,1
9,2,132,1,0,300,0.5,1700,0.5,1
9,3,802,1,0,300,0.5,1700,0.5,1
9,4,998,0,0,666,0.42,420,0.58,1
9,5,794,2,10,5,0,500,0.6,1000,0.2,1400,0.2,1
9,6,992,2,10,5,0,500,0.6,1000,0.2,1400,0.2,1
9,7,249,0,0,666,0.42,420,0.58,1
9,8,675,1,0,300,0.5,572,0.32,486,0.18,1
9,9,348,0,0,300,0.5,1700,0.5,1
9,10,168,0,0,300,0.5,1700,0.5,1
9,11,827,0,0,500,0.6,1000,0.2,1400,0.2,1
10,0,197,0,0,300,0.5,572,0.32,486,0.18,1
10,1,984,0,0,500,0.6,1000,0.2,1400,0.2,1
10,2,892,2,10,5,0,300,0.5,572,0.32,486,0.18,1
10,3,372,0,0,300,0.5,572,0.32,486,0.18,1
10,4,485,1,0,300,0.5,572,0.32,486,0.18,1
10,5,827,1,0,300,0.5,572,0.32,486,0.18,1
10,6,99,0,0,300,0.5,1700,0.5,1
10,7,271,1,0,300,0.5,572,0.32,486,0.18,1
10,8,656,2,10,5,0,666,0.42,420,0.58,1
10,9,259,2,10,5,0,500,0.6,1000,0.2,1400,0.2,1
10,10,270,1,0,666,0.42,420,0.58,1
10,11,261,1,0,300,0.5,1700,0.5,1
11,0,550,2,10,5,0,666,0.42,420,0.58,1
11,1,366,0,0,500,0.6,1000,0.2,1400,0.2,1
11,2,561,2,10,5,0,666,0.42,420,0.58,1
11,3,745,2,10,5,0,300,0.5,572,0.32,486,0.18,1
11,4,648,0,0,666,0.42,420,0.58,1
11,5,613,2,10,5,0,300,0.5,1700,0.5,1
11,6,288,0,0,666,0.42,420,0.58,1
11,7,380,1,0,666,0.42,420,0.58,1
11,8,454,1,0,300,0.5,572,0.32,486,0.18,1
11,9,935,0,0,300,0.5,1700,0.5,1
11,10,589,1,0,666,0.42,420,0.58,1
11,11,339,2,10,5,0,666,0.42,420,0.58,1
