0,0,3858,0,0,300,0.5,1700,0.5,1
0,1,247,2,10,5,0,666,0.42,420,0.58,1
0,2,1338,2,10,5,0,300,0.5,1700,0.5,1
0,3,9586,2,10,5,0,300,0.5,572,0.32,486,0.18,1
0,4,11089,2,10,5,0,300,0.5,1700,0.5,1
0,5,9577,0,0,500,0.6,1000,0.2,1400,0.2,1
0,6,350,0,0,666,0.42,420,0.58,1
0,7,4153,2,10,5,0,300,0.5,1700,0.5,1
0,8,4991,2,10,5,0,300,0.5,572,0.32,486,0.18,1
0,9,4058,2,10,5,0,500,0.6,1000,0.2,1400,0.2,1
0,10,11836,0,0,500,0.6,1000,0.2,1400,0.2,1
0,11,4826,0,0,300,0.5,1700,0.5,1
1,0,9979,2,10,5,0,500,0.6,1000,0.2,1400,0.2,1
1,1,3198,2,10,5,0,666,0.42,420,0.58,1
1,2,2721,2,10,5,0,300,0.5,1700,0.5,0
1,3,2184,1,0,300,0.5,1700,0.5,1
1,4,14091,0,0,500,0.6,1000,0.2,1400,0.2,1
1,5,3344,2,10,5,0,666,0.42,420,0.58,1
1,6,7116,2,10,5,0,300,0.5,572,0.32,486,0.18,1
1,7,8236,0,0,300,0.5,1700,0.5,1
1,8,1591,1,0,300,0.5,572,0.32,486,0.18,1
1,9,4125,2,10,5,0,300,0.5,1700,0.5,1
1,10,9152,2,10,5,0,500,0.6,1000,0.2,1400,0.2,1
1,11,1898,0,0,300,0.5,1700,0.5,1
2,0,10640,2,10,5,0,666,0.42,420,0.58,1
2,1,12139,2,10,5,0,300,0.5,572,0.32,486,0.18,1
2,2,8042,2,10,5,0,500,0.6,1000,0.2,1400,0.2,1
2,3,6562,0,0,300,0.5,1700,0.5,1
2,4,115,1,0,300,0.5,1700,0.5,1
2,5,14982,0,0,500,0.6,1000,0.2,1400,0.2,1
2,6,197,0,0,500,0.6,1000,0.2,1400,0.2,1
2,7,14703,0,0,500,0.6,1000,0.2,1400,0.2,1
2,8,10338,0,0,666,0.42,420,0.58,1
2,9,10401,2,10,5,0,500,0.6,1000,0.2,1400,0.2,1
2,10,14780,1,0,300,0.5,1700,0.5,1
2,11,1166,1,0,500,0.6,1000,0.2,1400,0.2,1
3,0,11537,0,0,300,0.5,1700,0.5,1
3,1,823,2,10,5,0,666,0.42,420,0.58,1
3,2,2893,0,0,300,0.5,572,0.32,486,0.18,1
3,3,10839,2,10,5,0,300,0.5,1700,0.5,1
3,4,7837,2,10,5,0,300,0.5,1700,0.5,1
3,5,8407,1,0,300,0.5,572,0.32,486,0.18,1
3,6,4453,2,10,5,0,500,0.6,1000,0.2,1400,0.2,1
3,7,7991,1,0,500,0.6,1000,0.2,1400,0.2,1
3,8,14112,0,0,666,0.42,420,0.58,1
3,9,9021,2,10,5,0,500,0.6,1000,0.2,1400,0.2,1
3,10,4267,2,10,5,0,300,0.5,1700,0.5,1
3,11,9262,0,0,666,0.42,420,0.58,1
4,0,4460,0,0,666,0.42,420,0.58,1
4,1,7538,0,0,666,0.42,420,0.58,1
4,2,14545,0,0,500,0.6,1000,0.2,1400,0.2,1
4,3,3277,1,0,666,0.42,420,0.58,1
4,4,4889,0,0,300,0.5,1700,0.5,1
4,5,3659,0,0,666,0.42,420,0.58,1
4,6,657,0,0,666,0.42,420,0.58,1
4,7,13655,0,0,666,0.42,420,0.58,1
4,8,1138,1,0,666,0.42,420,0.58,1
4,9,1001,2,10,5,0,666,0.42,420,0.58,1
4,10,6462,0,0,300,0.5,572,0.32,486,0.18,1
4,11,14596,1,0,300,0.5,572,0.32,486,0.18,1
5,0,1207,1,0,666,0.42,420,0.58,1
5,1,3630,0,0,300,0.5,572,0.32,486,0.18,1
5,2,13627,2,10,5,0,300,0.5,572,0.32,486,0.18,1
5,3,5580,2,10,5,0,500,0.6,1000,0.2,1400,0.2,1
5,4,14766,2,10,5,0,500,0.6,1000,0.2,1400,0.2,1
5,5,13067,1,0,300,0.5,572,0.32,486,0.18,1
5,6,8347,0,0,500,0.6,1000,0.2,1400,0.2,1
5,7,4856,1,0,500,0.6,1000,0.2,1400,0.2,1
5,8,11209,2,10,5,0,300,0.5,572,0.32,486,0.18,1
5,9,1951,2,10,5,0,500,0.6,1000,0.2,1400,0.2,1
5,10,2784,2,10,5,0,500,0.6,1000,0.2,1400,0.2,1
5,11,5544,2,10,5,0,300,0.5,1700,0.5,1
6,0,7652,0,0,300,0.5,1700,0.5,1
6,1,9340,2,10,5,0,300,0.5,1700,0.5,1
6,2,4307,2,10,5,0,300,0.5,572,0.32,486,0.18,1
6,3,8837,1,0,300,0.5,572,0.32,486,0.18,1
6,4,597,1,0,500,0.6,1000,0.2,1400,0.2,1
6,5,8261,0,0,300,0.5,1700,0.5,1
6,6,7355,0,0,300,0.5,572,0.32,486,0.18,1
6,7,472,2,10,5,0,300,0.5,572,0.32,486,0.18,1
6,8,4917,0,0,300,0.5,1700,0.5,1
6,9,11454,1,0,300,0.5,572,0.32,486,0.18,1
6,10,13379,2,10,5,0,666,0.42,420,0.58,1
6,11,1096,0,0,300,0.5,1700,0.5,1
7,0,999,1,0,300,0.5,572,0.32,486,0.18,1
7,1,8314,0,0,666,0.42,420,0.58,1
7,2,101,1,0,300,0.5,572,0.32,486,0.18,1
7,3,9986,2,10,5,0,300,0.5,1700,0.5,1
7,4,5669,2,10,5,0,300,0.5,572,0.32,486,0.18,1
7,5,7181,1,0,500,0.6,1000,0.2,1400,0.2,1
7,6,8849,2,10,5,0,300,0.5,572,0.32,486,0.18,1
7,7,10293,1,0,666,0.42,420,0.58,1
7,8,10858,2,10,5,0,500,0.6,1000,0.2,1400,0.2,1
7,9,2816,2,10,5,0,666,0.42,420,0.58,1
7,10,9314,2,10,5,0,300,0.5,572,0.32,486,0.18,1
7,11,1844,0,0,500,0.6,1000,0.2,1400,0.2,1
8,0,9273,2,10,5,0,300,0.5,1700,0.5,1
8,1,12491,0,0,666,0.42,420,0.58,1
8,2,8829,0,0,300,0.5,572,0.32,486,0.18,1
8,3,3631,1,0,666,0.42,420,0.58,1
8,4,1878,2,10,5,0,300,0.5,1700,0.5,1
8,5,12347,0,0,300,0.5,1700,0.5,1
8,6,984,1,0,300,0.5,1700,0.5,1
8,7,5296,1,0,300,0.5,572,0.32,486,0.18,1
8,8,13889,0,0,300,0.5,1700,0.5,1
8,9,6572,2,10,5,0,500,0.6,1000,0.2,1400,0.2,1
8,10,5443,1,0,500,0.6,1000,0.2,1400,0.2,1
8,11,9352,1,0,500,0.6,1000,0.2,1400,0.2,1
9,0,11555,2,10,5,0,500,0.6,1000,0.2,1400,0.2,1
9,1,2805,2,10,5,0,666,0.42,420,0.58,1
9,2,5460,1,0,300,0.5,572,0.32,486,0.18,1
9,3,3385,2,10,5,0,500,0.6,1000,0.2,1400,0.2,1
9,4,5522,0,0,666,0.42,420,0.58,1
9,5,12036,1,0,666,0.42,420,0.58,1
9,6,13009,2,10,5,0,500,0.6,1000,0.2,1400,0.2,1
9,7,4725,1,0,666,0.42,420,0.58,1
9,8,7331,1,0,666,0.42,420,0.58,1
9,9,566,0,0,500,0.6,1000,0.2,1400,0.2,1
9,10,10123,0,0,666,0.42,420,0.58,1
9,11,1129,1,0,300,0.5,572,0.32,486,0.18,1
10,0,9280,0,0,300,0.5,572,0.32,486,0.18,1
10,1,14473,1,0,666,0.42,420,0.58,1
10,2,11796,2,10,5,0,666,0.42,420,0.58,1
10,3,3866,2,10,5,0,666,0.42,420,0.58,1
10,4,7897,2,10,5,0,300,0.5,1700,0.5,1
10,5,6030,0,0,500,0.6,1000,0.2,1400,0.2,1
10,6,2341,2,10,5,0,300,0.5,1700,0.5,1
10,7,8697,0,0,666,0.42,420,0.58,1
10,8,9030,0,0,500,0.6,1000,0.2,1400,0.2,1
10,9,10865,0,0,300,0.5,1700,0.5,1
10,10,3834,1,0,666,0.42,420,0.58,1
10,11,3404,1,0,666,0.42,420,0.58,1
11,0,14318,2,10,5,0,666,0.42,420,0.58,1
11,1,8717,2,10,5,0,300,0.5,1700,0.5,1
11,2,13869,2,10,5,0,666,0.42,420,0.58,1
11,3,7518,0,0,500,0.6,1000,0.2,1400,0.2,1
11,4,1700,0,0,300,0.5,572,0.32,486,0.18,1
11,5,408,2,10,5,0,666,0.42,420,0.58,1
11,6,5662,0,0,300,0.5,572,0.32,486,0.18,1
11,7,1430,2,10,5,0,300,0.5,572,0.32,486,0.18,1
11,8,13393,2,10,5,0,666,0.42,420,0.58,1
11,9,2026,0,0,500,0.6,1000,0.2,1400,0.2,1
11,10,9091,0,0,666,0.42,420,0.58,1
11,11,7100,0,0,300,0.5,1700,0.5,1
