0,0,14502,2,10,5,0,300,0.5,1700,0.5,1
0,1,9798,0,0,300,0.5,1700,0.5,1
0,2,3460,2,10,5,0,300,0.5,572,0.32,486,0.18,1
0,3,7935,0,0,300,0.5,1700,0.5,1
0,4,4195,2,10,5,0,300,0.5,572,0.32,486,0.18,1
0,5,13462,2,10,5,0,300,0.5,1700,0.5,1
0,6,8904,0,0,500,0.6,1000,0.2,1400,0.2,1
0,7,1243,0,0,500,0.6,1000,0.2,1400,0.2,1
0,8,14405,0,0,300,0.5,1700,0.5,1
0,9,7007,2,10,5,0,500,0.6,1000,0.2,1400,0.2,1
0,10,9013,0,0,300,0.5,1700,0.5,1
0,11,1710,0,0,500,0.6,1000,0.2,1400,0.2,1
1,0,10500,0,0,666,0.42,420,0.58,1
1,1,89,1,0,300,0.5,572,0.32,486,0.18,1
1,2,2250,1,0,300,0.5,572,0.32,486,0.18,0
1,3,13757,1,0,300,0.5,572,0.32,486,0.18,1
1,4,10820,0,0,666,0.42,420,0.58,1
1,5,13373,1,0,300,0.5,1700,0.5,1
1,6,14645,1,0,300,0.5,572,0.32,486,0.18,1
1,7,6678,1,0,500,0.6,1000,0.2,1400,0.2,1
1,8,12095,1,0,300,0.5,572,0.32,486,0.18,1
1,9,11829,2,10,5,0,500,0.6,1000,0.2,1400,0.2,1
1,10,4987,0,0,500,0.6,1000,0.2,1400,0.2,1
1,11,7592,2,10,5,0,300,0.5,572,0.32,486,0.18,1
2,0,13621,2,10,5,0,300,0.5,1700,0.5,1
2,1,9036,2,10,5,0,300,0.5,1700,0.5,1
2,2,4630,0,0,300,0.5,1700,0.5,1
2,3,13567,2,10,5,0,666,0.42,420,0.58,1
2,4,14536,1,0,300,0.5,1700,0.5,1
2,5,7178,0,0,666,0.42,420,0.58,1
2,6,3747,1,0,500,0.6,1000,0.2,1400,0.2,1
2,7,448,1,0,300,0.5,1700,0.5,1
2,8,3111,0,0,666,0.42,420,0.58,1
2,9,496,1,0,300,0.5,1700,0.5,1
2,10,5735,2,10,5,0,666,0.42,420,0.58,1
2,11,14797,1,0,500,0.6,1000,0.2,1400,0.2,1
3,0,11950,0,0,300,0.5,572,0.32,486,0.18,1
3,1,8707,2,10,5,0,500,0.6,1000,0.2,1400,0.2,1
3,2,7393,0,0,666,0.42,420,0.58,1
3,3,4828,1,0,500,0.6,1000,0.2,1400,0.2,1
3,4,6303,1,0,300,0.5,1700,0.5,1
3,5,5630,0,0,666,0.42,420,0.58,1
3,6,2091,1,0,666,0.42,420,0.58,1
3,7,1789,0,0,300,0.5,572,0.32,486,0.18,1
3,8,13252,0,0,300,0.5,572,0.32,486,0.18,1
3,9,2871,0,0,500,0.6,1000,0.2,1400,0.2,1
3,10,4718,1,0,300,0.5,1700,0.5,1
3,11,5640,0,0,500,0.6,1000,0.2,1400,0.2,1
4,0,12155,1,0,500,0.6,1000,0.2,1400,0.2,1
4,1,7016,2,10,5,0,300,0.5,572,0.32,486,0.18,1
4,2,135,1,0,500,0.6,1000,0.2,1400,0.2,1
4,3,12607,0,0,300,0.5,1700,0.5,1
4,4,13860,2,10,5,0,500,0.6,1000,0.2,1400,0.2,1
4,5,557,1,0,300,0.5,572,0.32,486,0.18,1
4,6,693,2,10,5,0,300,0.5,572,0.32,486,0.18,1
4,7,13421,1,0,666,0.42,420,0.58,1
4,8,4697,1,0,666,0.42,420,0.58,1
4,9,7224,2,10,5,0,500,0.6,1000,0.2,1400,0.2,1
4,10,3395,0,0,500,0.6,1000,0.2,1400,0.2,1
4,11,3231,1,0,300,0.5,572,0.32,486,0.18,1
5,0,4847,1,0,300,0.5,572,0.32,486,0.18,1
5,1,11085,0,0,666,0.42,420,0.58,1
5,2,6946,0,0,300,0.5,1700,0.5,1
5,3,3989,0,0,300,0.5,1700,0.5,1
5,4,4263,2,10,5,0,666,0.42,420,0.58,1
5,5,8282,2,10,5,0,300,0.5,1700,0.5,1
5,6,5993,2,10,5,0,300,0.5,1700,0.5,1
5,7,5687,1,0,500,0.6,1000,0.2,1400,0.2,1
5,8,4257,0,0,666,0.42,420,0.58,1
5,9,7017,2,10,5,0,666,0.42,420,0.58,1
5,10,6385,2,10,5,0,500,0.6,1000,0.2,1400,0.2,1
5,11,10051,0,0,300,0.5,572,0.32,486,0.18,1
6,0,7953,2,10,5,0,666,0.42,420,0.58,1
6,1,12174,0,0,300,0.5,572,0.32,486,0.18,1
6,2,3752,0,0,500,0.6,1000,0.2,1400,0.2,1
6,3,10172,0,0,300,0.5,572,0.32,486,0.18,1
6,4,3663,0,0,300,0.5,1700,0.5,1
6,5,6552,1,0,300,0.5,572,0.32,486,0.18,1
6,6,6783,1,0,500,0.6,1000,0.2,1400,0.2,1
6,7,14474,2,10,5,0,666,0.42,420,0.58,1
6,8,7613,1,0,300,0.5,572,0.32,486,0.18,1
6,9,13127,1,0,300,0.5,1700,0.5,1
6,10,8261,1,0,666,0.42,420,0.58,1
6,11,7954,0,0,300,0.5,572,0.32,486,0.18,1
7,0,4762,2,10,5,0,300,0.5,1700,0.5,1
7,1,5217,2,10,5,0,300,0.5,572,0.32,486,0.18,1
7,2,6294,1,0,500,0.6,1000,0.2,1400,0.2,1
7,3,9153,0,0,300,0.5,572,0.32,486,0.18,1
7,4,13584,2,10,5,0,300,0.5,1700,0.5,1
7,5,9040,2,10,5,0,500,0.6,1000,0.2,1400,0.2,1
7,6,10025,0,0,300,0.5,1700,0.5,1
7,7,12628,0,0,300,0.5,1700,0.5,1
7,8,4265,1,0,300,0.5,572,0.32,486,0.18,1
7,9,14273,2,10,5,0,300,0.5,572,0.32,486,0.18,1
7,10,9056,2,10,5,0,300,0.5,572,0.32,486,0.18,1
7,11,1844,0,0,300,0.5,572,0.32,486,0.18,1
8,0,12105,2,10,5,0,666,0.42,420,0.58,1
8,1,11573,1,0,300,0.5,1700,0.5,1
8,2,8136,2,10,5,0,666,0.42,420,0.58,1
8,3,12331,1,0,300,0.5,1700,0.5,1
8,4,12167,1,0,666,0.42,420,0.58,1
8,5,3742,1,0,500,0.6,1000,0.2,1400,0.2,1
8,6,8275,1,0,300,0.5,1700,0.5,1
8,7,10857,1,0,666,0.42,420,0.58,1
8,8,10878,1,0,300,0.5,1700,0.5,1
8,9,140,2,10,5,0,300,0.5,1700,0.5,1
8,10,10328,0,0,300,0.5,572,0.32,486,0.18,1
8,11,2848,0,0,500,0.6,1000,0.2,1400,0.2,1
9,0,10351,2,10,5,0,500,0.6,1000,0.2,1400,0.2,1
9,1,875,0,0,300,0.5,1700,0.5,1
9,2,12364,1,0,300,0.5,572,0.32,486,0.18,1
9,3,11254,0,0,300,0.5,572,0.32,486,0.18,1
9,4,13511,1,0,666,0.42,420,0.58,1
9,5,10086,2,10,5,0,500,0.6,1000,0.2,1400,0.2,1
9,6,12057,1,0,500,0.6,1000,0.2,1400,0.2,1
9,7,5825,1,0,300,0.5,572,0.32,486,0.18,1
9,8,13966,2,10,5,0,300,0.5,572,0.32,486,0.18,1
9,9,12177,1,0,666,0.42,420,0.58,1
9,10,11391,2,10,5,0,666,0.42,420,0.58,1
9,11,3647,1,0,300,0.5,1700,0.5,1
10,0,5051,0,0,666,0.42,420,0.58,1
10,1,8062,2,10,5,0,300,0.5,1700,0.5,1
10,2,8654,2,10,5,0,500,0.6,1000,0.2,1400,0.2,1
10,3,13164,2,10,5,0,500,0.6,1000,0.2,1400,0.2,1
10,4,14515,2,10,5,0,666,0.42,420,0.58,1
10,5,5125,0,0,666,0.42,420,0.58,1
10,6,12143,0,0,500,0.6,1000,0.2,1400,0.2,1
10,7,480,2,10,5,0,500,0.6,1000,0.2,1400,0.2,1
10,8,4627,1,0,300,0.5,1700,0.5,1
10,9,14148,1,0,300,0.5,572,0.32,486,0.18,1
10,10,8093,0,0,300,0.5,572,0.32,486,0.18,1
10,11,7189,1,0,500,0.6,1000,0.2,1400,0.2,1
11,0,5268,1,0,666,0.42,420,0.58,1
11,1,6562,0,0,666,0.42,420,0.58,1
11,2,4244,2,10,5,0,300,0.5,1700,0.5,1
11,3,14501,1,0,300,0.5,1700,0.5,1
11,4,7593,0,0,500,0.6,1000,0.2,1400,0.2,1
11,5,13560,0,0,666,0.42,420,0.58,1
11,6,3844,1,0,300,0.5,1700,0.5,1
11,7,14764,1,0,666,0.42,420,0.58,1
11,8,2780,1,0,300,0.5,1700,0.5,1
11,9,10944,0,0,500,0.6,1000,0.2,1400,0.2,1
11,10,3304,1,0,666,0.42,420,0.58,1
11,11,10744,2,10,5,0,500,0.6,1000,0.2,1400,0.2,1
