0,0,4484,1,0,500,0.6,1000,0.2,1400,0.2,1
0,1,6376,1,0,300,0.5,1700,0.5,1
0,2,6402,2,10,5,0,300,0.5,572,0.32,486,0.18,1
0,3,1651,2,10,5,0,666,0.42,420,0.58,1
0,4,1970,0,0,500,0.6,1000,0.2,1400,0.2,1
0,5,3489,1,0,666,0.42,420,0.58,1
0,6,2151,0,0,300,0.5,572,0.32,486,0.18,1
0,7,9773,1,0,300,0.5,572,0.32,486,0.18,1
0,8,1578,2,10,5,0,666,0.42,420,0.58,1
0,9,3708,1,0,666,0.42,420,0.58,1
0,10,7393,0,0,500,0.6,1000,0.2,1400,0.2,1
0,11,3345,0,0,666,0.42,420,0.58,1
1,0,10566,2,10,5,0,300,0.5,1700,0.5,1
1,1,9147,0,0,300,0.5,572,0.32,486,0.18,1
1,2,9639,1,0,300,0.5,572,0.32,486,0.18,0
1,3,7318,0,0,300,0.5,572,0.32,486,0.18,1
1,4,12928,1,0,500,0.6,1000,0.2,1400,0.2,1
1,5,14694,2,10,5,0,300,0.5,572,0.32,486,0.18,1
1,6,2514,0,0,500,0.6,1000,0.2,1400,0.2,1
1,7,13748,1,0,300,0.5,1700,0.5,1
1,8,1915,2,10,5,0,500,0.6,1000,0.2,1400,0.2,1
1,9,9648,1,0,300,0.5,1700,0.5,1
1,10,8112,1,0,300,0.5,1700,0.5,1
1,11,11833,2,10,5,0,666,0.42,420,0.58,1
2,0,3352,0,0,500,0.6,1000,0.2,1400,0.2,1
2,1,12133,0,0,300,0.5,1700,0.5,1
2,2,6325,1,0,300,0.5,1700,0.5,1
2,3,9194,0,0,300,0.5,1700,0.5,1
2,4,12233,1,0,300,0.5,572,0.32,486,0.18,1
2,5,2976,0,0,300,0.5,1700,0.5,1
2,6,9669,2,10,5,0,300,0.5,1700,0.5,1
2,7,12632,1,0,300,0.5,572,0.32,486,0.18,1
2,8,9607,2,10,5,0,666,0.42,420,0.58,1
2,9,8247,2,10,5,0,300,0.5,1700,0.5,1
2,10,8803,1,0,500,0.6,1000,0.2,1400,0.2,1
2,11,8355,2,10,5,0,500,0.6,1000,0.2,1400,0.2,1
3,0,11676,0,0,300,0.5,1700,0.5,1
3,1,6177,0,0,500,0.6,1000,0.2,1400,0.2,1
3,2,6773,0,0,500,0.6,1000,0.2,1400,0.2,1
3,3,7973,1,0,666,0.42,420,0.58,1
3,4,14990,1,0,500,0.6,1000,0.2,1400,0.2,1
3,5,9397,2,10,5,0,500,0.6,1000,0.2,1400,0.2,1
3,6,3532,2,10,5,0,666,0.42,420,0.58,1
3,7,3417,2,10,5,0,300,0.5,1700,0.5,1
3,8,6574,0,0,666,0.42,420,0.58,1
3,9,11106,2,10,5,0,300,0.5,572,0.32,486,0.18,1
3,10,8450,0,0,500,0.6,1000,0.2,1400,0.2,1
3,11,11530,0,0,666,0.42,420,0.58,1
4,0,4447,1,0,500,0.6,1000,0.2,1400,0.2,1
4,1,13472,1,0,500,0.6,1000,0.2,1400,0.2,1
4,2,213,2,10,5,0,666,0.42,420,0.58,1
4,3,14312,0,0,300,0.5,1700,0.5,1
4,4,4682,0,0,300,0.5,1700,0.5,1
4,5,14607,0,0,300,0.5,1700,0.5,1
4,6,8288,1,0,666,0.42,420,0.58,1
4,7,13691,1,0,300,0.5,572,0.32,486,0.18,1
4,8,9770,2,10,5,0,300,0.5,1700,0.5,1
4,9,1811,2,10,5,0,666,0.42,420,0.58,1
4,10,5069,0,0,666,0.42,420,0.58,1
4,11,10141,0,0,500,0.6,1000,0.2,1400,0.2,1
5,0,6977,0,0,666,0.42,420,0.58,1
5,1,9362,1,0,500,0.6,1000,0.2,1400,0.2,1
5,2,10581,2,10,5,0,300,0.5,572,0.32,486,0.18,1
5,3,4786,2,10,5,0,500,0.6,1000,0.2,1400,0.2,1
5,4,6122,1,0,300,0.5,1700,0.5,1
5,5,11440,1,0,500,0.6,1000,0.2,1400,0.2,1
5,6,8038,0,0,300,0.5,1700,0.5,1
5,7,3289,1,0,300,0.5,572,0.32,486,0.18,1
5,8,9621,0,0,666,0.42,420,0.58,1
5,9,1512,1,0,666,0.42,420,0.58,1
5,10,593,1,0,300,0.5,1700,0.5,1
5,11,13615,0,0,666,0.42,420,0.58,1
6,0,9025,2,10,5,0,300,0.5,572,0.32,486,0.18,1
6,1,10824,2,10,5,0,300,0.5,1700,0.5,1
6,2,12886,0,0,500,0.6,1000,0.2,1400,0.2,1
6,3,6060,2,10,5,0,300,0.5,1700,0.5,1
6,4,8717,2,10,5,0,300,0.5,1700,0.5,1
6,5,3200,2,10,5,0,666,0.42,420,0.58,1
6,6,6410,2,10,5,0,666,0.42,420,0.58,1
6,7,49,0,0,300,0.5,572,0.32,486,0.18,1
6,8,1885,2,10,5,0,300,0.5,1700,0.5,1
6,9,11735,1,0,666,0.42,420,0.58,1
6,10,4718,0,0,300,0.5,572,0.32,486,0.18,1
6,11,4827,0,0,500,0.6,1000,0.2,1400,0.2,1
7,0,357,0,0,300,0.5,572,0.32,486,0.18,1
7,1,2260,0,0,666,0.42,420,0.58,1
7,2,6219,1,0,300,0.5,1700,0.5,1
7,3,8448,2,10,5,0,500,0.6,1000,0.2,1400,0.2,1
7,4,7994,1,0,300,0.5,572,0.32,486,0.18,1
7,5,4323,1,0,300,0.5,1700,0.5,1
7,6,2203,0,0,300,0.5,572,0.32,486,0.18,1
7,7,12744,1,0,300,0.5,572,0.32,486,0.18,1
7,8,8722,2,10,5,0,300,0.5,572,0.32,486,0.18,1
7,9,13564,1,0,300,0.5,1700,0.5,1
7,10,10495,1,0,300,0.5,572,0.32,486,0.18,1
7,11,13820,1,0,300,0.5,1700,0.5,1
8,0,12616,2,10,5,0,300,0.5,572,0.32,486,0.18,1
8,1,530,2,10,5,0,666,0.42,420,0.58,1
8,2,3060,2,10,5,0,300,0.5,1700,0.5,1
8,3,2887,2,10,5,0,300,0.5,572,0.32,486,0.18,1
8,4,13329,2,10,5,0,300,0.5,572,0.32,486,0.18,1
8,5,7767,1,0,666,0.42,420,0.58,1
8,6,13737,1,0,300,0.5,572,0.32,486,0.18,1
8,7,348,1,0,500,0.6,1000,0.2,1400,0.2,1
8,8,6564,1,0,666,0.42,420,0.58,1
8,9,13359,0,0,500,0.6,1000,0.2,1400,0.2,1
8,10,14170,2,10,5,0,500,0.6,1000,0.2,1400,0.2,1
8,11,6052,2,10,5,0,300,0.5,572,0.32,486,0.18,1
9,0,7834,1,0,300,0.5,572,0.32,486,0.18,1
9,1,3391,1,0,500,0.6,1000,0.2,1400,0.2,1
9,2,12699,0,0,300,0.5,572,0.32,486,0.18,1
9,3,3489,1,0,300,0.5,1700,0.5,1
9,4,8167,2,10,5,0,300,0.5,1700,0.5,1
9,5,9716,2,10,5,0,666,0.42,420,0.58,1
9,6,10616,2,10,5,0,666,0.42,420,0.58,1
9,7,4318,2,10,5,0,300,0.5,1700,0.5,1
9,8,10297,1,0,300,0.5,572,0.32,486,0.18,1
9,9,2445,1,0,300,0.5,1700,0.5,1
9,10,11087,2,10,5,0,500,0.6,1000,0.2,1400,0.2,1
9,11,6945,0,0,500,0.6,1000,0.2,1400,0.2,1
10,0,7035,2,10,5,0,666,0.42,420,0.58,1
10,1,7097,0,0,300,0.5,572,0.32,486,0.18,1
10,2,3571,1,0,666,0.42,420,0.58,1
10,3,2206,1,0,300,0.5,572,0.32,486,0.18,1
10,4,14601,1,0,300,0.5,1700,0.5,1
10,5,412,1,0,666,0.42,420,0.58,1
10,6,7166,1,0,300,0.5,572,0.32,486,0.18,1
10,7,291,1,0,300,0.5,1700,0.5,1
10,8,6046,2,10,5,0,300,0.5,572,0.32,486,0.18,1
10,9,13380,1,0,666,0.42,420,0.58,1
10,10,6856,0,0,500,0.6,1000,0.2,1400,0.2,1
10,11,7258,0,0,300,0.5,1700,0.5,1
11,0,5381,2,10,5,0,300,0.5,1700,0.5,1
11,1,3999,1,0,500,0.6,1000,0.2,1400,0.2,1
11,2,7696,0,0,500,0.6,1000,0.2,1400,0.2,1
11,3,14313,0,0,500,0.6,1000,0.2,1400,0.2,1
11,4,4901,0,0,500,0.6,1000,0.2,1400,0.2,1
11,5,5161,0,0,300,0.5,1700,0.5,1
11,6,10826,1,0,300,0.5,1700,0.5,1
11,7,14906,1,0,300,0.5,1700,0.5,1
11,8,5226,1,0,500,0.6,1000,0.2,1400,0.2,1
11,9,7544,0,0,300,0.5,572,0.32,486,0.18,1
11,10,5904,1,0,300,0.5,1700,0.5,1
11,11,5753,2,10,5,0,300,0.5,1700,0.5,1
