0,0,1204,2,10,5,0,500,0.6,1000,0.2,1400,0.2,1
0,1,9002,1,0,500,0.6,1000,0.2,1400,0.2,1
0,2,10944,0,0,500,0.6,1000,0.2,1400,0.2,1
0,3,5813,0,0,300,0.5,572,0.32,486,0.18,1
0,4,4017,1,0,666,0.42,420,0.58,1
0,5,3364,2,10,5,0,500,0.6,1000,0.2,1400,0.2,1
0,6,3212,2,10,5,0,666,0.42,420,0.58,1
0,7,2758,1,0,666,0.42,420,0.58,1
0,8,692,0,0,500,0.6,1000,0.2,1400,0.2,1
0,9,10107,1,0,666,0.42,420,0.58,1
0,10,8048,2,10,5,0,300,0.5,1700,0.5,1
0,11,13216,1,0,300,0.5,572,0.32,486,0.18,1
1,0,3406,1,0,500,0.6,1000,0.2,1400,0.2,1
1,1,1321,1,0,300,0.5,1700,0.5,1
1,2,3057,2,10,5,0,666,0.42,420,0.58,0
1,3,945,0,0,500,0.6,1000,0.2,1400,0.2,1
1,4,494,0,0,500,0.6,1000,0.2,1400,0.2,1
1,5,5574,0,0,300,0.5,1700,0.5,1
1,6,11843,2,10,5,0,300,0.5,1700,0.5,1
1,7,8406,2,10,5,0,300,0.5,572,0.32,486,0.18,1
1,8,10798,1,0,500,0.6,1000,0.2,1400,0.2,1
1,9,14878,0,0,300,0.5,572,0.32,486,0.18,1
1,10,6833,1,0,500,0.6,1000,0.2,1400,0.2,1
1,11,14828,0,0,666,0.42,420,0.58,1
2,0,8141,2,10,5,0,300,0.5,1700,0.5,1
2,1,11984,0,0,300,0.5,572,0.32,486,0.18,1
2,2,11783,0,0,500,0.6,1000,0.2,1400,0.2,1
2,3,5916,1,0,500,0.6,1000,0.2,1400,0.2,1
2,4,7063,0,0,666,0.42,420,0.58,1
2,5,6916,0,0,500,0.6,1000,0.2,1400,0.2,1
2,6,108,2,10,5,0,300,0.5,1700,0.5,1
2,7,6787,1,0,500,0.6,1000,0.2,1400,0.2,1
2,8,276,0,0,300,0.5,1700,0.5,1
2,9,12668,2,10,5,0,300,0.5,572,0.32,486,0.18,1
2,10,3420,2,10,5,0,666,0.42,420,0.58,1
2,11,11585,0,0,500,0.6,1000,0.2,1400,0.2,1
3,0,10036,1,0,300,0.5,572,0.32,486,0.18,1
3,1,13354,1,0,666,0.42,420,0.58,1
3,2,14497,2,10,5,0,666,0.42,420,0.58,1
3,3,7922,1,0,300,0.5,572,0.32,486,0.18,1
3,4,4924,1,0,300,0.5,1700,0.5,1
3,5,8941,0,0,666,0.42,420,0.58,1
3,6,10257,1,0,300,0.5,572,0.32,486,0.18,1
3,7,480,2,10,5,0,500,0.6,1000,0.2,1400,0.2,1
3,8,10154,1,0,300,0.5,1700,0.5,1
3,9,11135,0,0,300,0.5,1700,0.5,1
3,10,5142,2,10,5,0,500,0.6,1000,0.2,1400,0.2,1
3,11,13353,1,0,300,0.5,1700,0.5,1
4,0,8211,0,0,300,0.5,572,0.32,486,0.18,1
4,1,3308,2,10,5,0,300,0.5,572,0.32,486,0.18,1
4,2,8418,2,10,5,0,500,0.6,1000,0.2,1400,0.2,1
4,3,4310,0,0,300,0.5,572,0.32,486,0.18,1
4,4,11064,2,10,5,0,666,0.42,420,0.58,1
4,5,10052,1,0,300,0.5,1700,0.5,1
4,6,13407,1,0,500,0.6,1000,0.2,1400,0.2,1
4,7,7447,2,10,5,0,666,0.42,420,0.58,1
4,8,2041,1,0,300,0.5,1700,0.5,1
4,9,3132,2,10,5,0,300,0.5,572,0.32,486,0.18,1
4,10,13912,0,0,666,0.42,420,0.58,1
4,11,4342,1,0,666,0.42,420,0.58,1
5,0,14257,1,0,666,0.42,420,0.58,1
5,1,12587,1,0,500,0.6,1000,0.2,1400,0.2,1
5,2,4009,2,10,5,0,300,0.5,1700,0.5,1
5,3,5534,1,0,300,0.5,1700,0.5,1
5,4,13474,0,0,300,0.5,572,0.32,486,0.18,1
5,5,2409,1,0,500,0.6,1000,0.2,1400,0.2,1
5,6,13733,0,0,300,0.5,572,0.32,486,0.18,1
5,7,10762,1,0,666,0.42,420,0.58,1
5,8,13859,2,10,5,0,300,0.5,572,0.32,486,0.18,1
5,9,14273,0,0,300,0.5,1700,0.5,1
5,10,7519,0,0,300,0.5,1700,0.5,1
5,11,4415,1,0,300,0.5,1700,0.5,1
6,0,10849,0,0,300,0.5,1700,0.5,1
6,1,7728,1,0,300,0.5,572,0.32,486,0.18,1
6,2,10327,2,10,5,0,300,0.5,572,0.32,486,0.18,1
6,3,1462,1,0,500,0.6,1000,0.2,1400,0.2,1
6,4,4532,1,0,300,0.5,572,0.32,486,0.18,1
6,5,8270,2,10,5,0,300,0.5,572,0.32,486,0.18,1
6,6,241,1,0,500,0.6,1000,0.2,1400,0.2,1
6,7,3271,2,10,5,0,300,0.5,1700,0.5,1
6,8,14502,0,0,300,0.5,1700,0.5,1
6,9,13899,2,10,5,0,300,0.5,1700,0.5,1
6,10,4819,2,10,5,0,300,0.5,572,0.32,486,0.18,1
6,11,8121,2,10,5,0,500,0.6,1000,0.2,1400,0.2,1
7,0,7245,0,0,300,0.5,1700,0.5,1
7,1,4859,0,0,666,0.42,420,0.58,1
7,2,2779,2,10,5,0,300,0.5,572,0.32,486,0.18,1
7,3,8251,2,10,5,0,666,0.42,420,0.58,1
7,4,11374,0,0,666,0.42,420,0.58,1
7,5,2690,2,10,5,0,300,0.5,572,0.32,486,0.18,1
7,6,4849,1,0,300,0.5,572,0.32,486,0.18,1
7,7,9328,1,0,300,0.5,1700,0.5,1
7,8,3384,1,0,500,0.6,1000,0.2,1400,0.2,1
7,9,11616,1,0,500,0.6,1000,0.2,1400,0.2,1
7,10,2478,1,0,300,0.5,572,0.32,486,0.18,1
7,11,10516,1,0,500,0.6,1000,0.2,1400,0.2,1
8,0,7657,1,0,300,0.5,572,0.32,486,0.18,1
8,1,8302,1,0,300,0.5,1700,0.5,1
8,2,10051,0,0,500,0.6,1000,0.2,1400,0.2,1
8,3,188,2,10,5,0,300,0.5,1700,0.5,1
8,4,8470,0,0,300,0.5,572,0.32,486,0.18,1
8,5,5612,2,10,5,0,666,0.42,420,0.58,1
8,6,5566,2,10,5,0,300,0.5,572,0.32,486,0.18,1
8,7,3719,0,0,300,0.5,572,0.32,486,0.18,1
8,8,12075,2,10,5,0,666,0.42,420,0.58,1
8,9,11320,2,10,5,0,500,0.6,1000,0.2,1400,0.2,1
8,10,8856,0,0,300,0.5,1700,0.5,1
8,11,13845,1,0,300,0.5,1700,0.5,1
9,0,8516,1,0,300,0.5,1700,0.5,1
9,1,5614,2,10,5,0,300,0.5,572,0.32,486,0.18,1
9,2,2453,0,0,300,0.5,572,0.32,486,0.18,1
9,3,9650,2,10,5,0,500,0.6,1000,0.2,1400,0.2,1
9,4,9578,1,0,500,0.6,1000,0.2,1400,0.2,1
9,5,11063,2,10,5,0,666,0.42,420,0.58,1
9,6,11535,1,0,300,0.5,1700,0.5,1
9,7,12217,2,10,5,0,500,0.6,1000,0.2,1400,0.2,1
9,8,7497,2,10,5,0,666,0.42,420,0.58,1
9,9,2596,0,0,300,0.5,572,0.32,486,0.18,1
9,10,10231,2,10,5,0,666,0.42,420,0.58,1
9,11,5794,1,0,300,0.5,1700,0.5,1
10,0,9195,2,10,5,0,500,0.6,1000,0.2,1400,0.2,1
10,1,6069,1,0,666,0.42,420,0.58,1
10,2,562,2,10,5,0,666,0.42,420,0.58,1
10,3,1718,2,10,5,0,300,0.5,1700,0.5,1
10,4,7383,1,0,300,0.5,572,0.32,486,0.18,1
10,5,6146,1,0,666,0.42,420,0.58,1
10,6,5217,1,0,500,0.6,1000,0.2,1400,0.2,1
10,7,77,1,0,500,0.6,1000,0.2,1400,0.2,1
10,8,12270,2,10,5,0,300,0.5,572,0.32,486,0.18,1
10,9,3762,2,10,5,0,300,0.5,572,0.32,486,0.18,1
10,10,7968,1,0,500,0.6,1000,0.2,1400,0.2,1
10,11,6137,1,0,300,0.5,572,0.32,486,0.18,1
11,0,13417,0,0,500,0.6,1000,0.2,1400,0.2,1
11,1,8663,1,0,500,0.6,1000,0.2,1400,0.2,1
11,2,2990,2,10,5,0,500,0.6,1000,0.2,1400,0.2,1
11,3,2537,0,0,300,0.5,1700,0.5,1
11,4,1273,1,0,666,0.42,420,0.58,1
11,5,3549,2,10,5,0,300,0.5,572,0.32,486,0.18,1
11,6,7939,1,0,666,0.42,420,0.58,1
11,7,13226,0,0,666,0.42,420,0.58,1
11,8,8838,0,0,500,0.6,1000,0.2,1400,0.2,1
11,9,1292,0,0,300,0.5,572,0.32,486,0.18,1
11,10,7332,2,10,5,0,500,0.6,1000,0.2,1400,0.2,1
11,11,1990,0,0,300,0.5,1700,0.5,1
