0,0,8147,2,10,5,0,666,0.42,420,0.58,1
0,1,4093,0,0,666,0.42,420,0.58,1
0,2,5283,0,0,666,0.42,420,0.58,1
0,3,5432,2,10,5,0,666,0.42,420,0.58,1
0,4,529,1,0,666,0.42,420,0.58,1
0,5,12806,1,0,500,0.6,1000,0.2,1400,0.2,1
0,6,11051,1,0,666,0.42,420,0.58,1
0,7,9758,1,0,300,0.5,1700,0.5,1
0,8,1055,1,0,500,0.6,1000,0.2,1400,0.2,1
0,9,380,2,10,5,0,300,0.5,1700,0.5,1
0,10,13838,0,0,300,0.5,572,0.32,486,0.18,1
0,11,5224,2,10,5,0,300,0.5,572,0.32,486,0.18,1
1,0,2035,2,10,5,0,500,0.6,1000,0.2,1400,0.2,1
1,1,204,1,0,500,0.6,1000,0.2,1400,0.2,1
1,2,12321,1,0,300,0.5,572,0.32,486,0.18,0
1,3,2912,2,10,5,0,500,0.6,1000,0.2,1400,0.2,1
1,4,7647,0,0,666,0.42,420,0.58,1
1,5,12829,2,10,5,0,300,0.5,572,0.32,486,0.18,1
1,6,5940,1,0,300,0.5,1700,0.5,1
1,7,5122,0,0,666,0.42,420,0.58,1
1,8,7862,0,0,300,0.5,1700,0.5,1
1,9,13928,1,0,300,0.5,572,0.32,486,0.18,1
1,10,7409,1,0,300,0.5,1700,0.5,1
1,11,2593,1,0,500,0.6,1000,0.2,1400,0.2,1
2,0,3391,2,10,5,0,300,0.5,572,0.32,486,0.18,1
2,1,13570,2,10,5,0,300,0.5,1700,0.5,1
2,2,6166,0,0,500,0.6,1000,0.2,1400,0.2,1
2,3,2125,1,0,300,0.5,572,0.32,486,0.18,1
2,4,3073,0,0,666,0.42,420,0.58,1
2,5,11533,1,0,666,0.42,420,0.58,1
2,6,8983,0,0,500,0.6,1000,0.2,1400,0.2,1
2,7,10268,1,0,666,0.42,420,0.58,1
2,8,2394,0,0,500,0.6,1000,0.2,1400,0.2,1
2,9,286,1,0,300,0.5,1700,0.5,1
2,10,3110,1,0,500,0.6,1000,0.2,1400,0.2,1
2,11,12187,0,0,300,0.5,1700,0.5,1
3,0,10110,2,10,5,0,300,0.5,1700,0.5,1
3,1,8208,2,10,5,0,300,0.5,572,0.32,486,0.18,1
3,2,1052,2,10,5,0,300,0.5,572,0.32,486,0.18,1
3,3,4124,0,0,666,0.42,420,0.58,1
3,4,4584,0,0,300,0.5,572,0.32,486,0.18,1
3,5,13964,2,10,5,0,500,0.6,1000,0.2,1400,0.2,1
3,6,10409,2,10,5,0,500,0.6,1000,0.2,1400,0.2,1
3,7,12752,0,0,666,0.42,420,0.58,1
3,8,4832,1,0,500,0.6,1000,0.2,1400,0.2,1
3,9,10394,0,0,666,0.42,420,0.58,1
3,10,9023,2,10,5,0,300,0.5,1700,0.5,1
3,11,4210,2,10,5,0,500,0.6,1000,0.2,1400,0.2,1
4,0,10123,1,0,300,0.5,1700,0.5,1
4,1,10218,1,0,300,0.5,572,0.32,486,0.18,1
4,2,2378,1,0,300,0.5,572,0.32,486,0.18,1
4,3,7887,2,10,5,0,666,0.42,420,0.58,1
4,4,581,1,0,300,0.5,1700,0.5,1
4,5,3947,1,0,300,0.5,572,0.32,486,0.18,1
4,6,12925,0,0,500,0.6,1000,0.2,1400,0.2,1
4,7,14431,1,0,300,0.5,1700,0.5,1
4,8,12324,0,0,300,0.5,1700,0.5,1
4,9,3826,0,0,500,0.6,1000,0.2,1400,0.2,1
4,10,1621,1,0,300,0.5,572,0.32,486,0.18,1
4,11,9422,2,10,5,0,300,0.5,572,0.32,486,0.18,1
5,0,10485,1,0,666,0.42,420,0.58,1
5,1,7513,0,0,500,0.6,1000,0.2,1400,0.2,1
5,2,10741,1,0,666,0.42,420,0.58,1
5,3,13643,1,0,300,0.5,1700,0.5,1
5,4,12216,0,0,500,0.6,1000,0.2,1400,0.2,1
5,5,2812,1,0,300,0.5,1700,0.5,1
5,6,2846,1,0,300,0.5,1700,0.5,1
5,7,136,1,0,500,0.6,1000,0.2,1400,0.2,1
5,8,14413,1,0,300,0.5,572,0.32,486,0.18,1
5,9,6399,0,0,500,0.6,1000,0.2,1400,0.2,1
5,10,14986,2,10,5,0,300,0.5,1700,0.5,1
5,11,815,0,0,300,0.5,572,0.32,486,0.18,1
6,0,5627,0,0,500,0.6,1000,0.2,1400,0.2,1
6,1,1895,2,10,5,0,300,0.5,572,0.32,486,0.18,1
6,2,2723,1,0,666,0.42,420,0.58,1
6,3,12909,2,10,5,0,666,0.42,420,0.58,1
6,4,9530,0,0,500,0.6,1000,0.2,1400,0.2,1
6,5,6395,2,10,5,0,666,0.42,420,0.58,1
6,6,768,2,10,5,0,666,0.42,420,0.58,1
6,7,9104,0,0,300,0.5,1700,0.5,1
6,8,3861,1,0,300,0.5,572,0.32,486,0.18,1
6,9,5424,1,0,666,0.42,420,0.58,1
6,10,7657,0,0,300,0.5,1700,0.5,1
6,11,3354,0,0,300,0.5,572,0.32,486,0.18,1
7,0,1675,0,0,666,0.42,420,0.58,1
7,1,8414,1,0,300,0.5,1700,0.5,1
7,2,5343,0,0,300,0.5,572,0.32,486,0.18,1
7,3,9146,0,0,500,0.6,1000,0.2,1400,0.2,1
7,4,3775,2,10,5,0,500,0.6,1000,0.2,1400,0.2,1
7,5,8462,0,0,300,0.5,1700,0.5,1
7,6,605,2,10,5,0,300,0.5,572,0.32,486,0.18,1
7,7,123,2,10,5,0,666,0.42,420,0.58,1
7,8,10589,2,10,5,0,300,0.5,572,0.32,486,0.18,1
7,9,5712,2,10,5,0,666,0.42,420,0.58,1
7,10,10201,2,10,5,0,666,0.42,420,0.58,1
7,11,11785,2,10,5,0,500,0.6,1000,0.2,1400,0.2,1
8,0,7205,0,0,500,0.6,1000,0.2,1400,0.2,1
8,1,3033,2,10,5,0,666,0.42,420,0.58,1
8,2,13438,0,0,300,0.5,1700,0.5,1
8,3,11435,0,0,300,0.5,572,0.32,486,0.18,1
8,4,6511,0,0,666,0.42,420,0.58,1
8,5,11264,2,10,5,0,300,0.5,1700,0.5,1
8,6,1802,0,0,300,0.5,1700,0.5,1
8,7,6795,0,0,300,0.5,572,0.32,486,0.18,1
8,8,4192,1,0,300,0.5,1700,0.5,1
8,9,6237,2,10,5,0,300,0.5,1700,0.5,1
8,10,12552,0,0,666,0.42,420,0.58,1
8,11,14019,0,0,500,0.6,1000,0.2,1400,0.2,1
9,0,12133,2,10,5,0,300,0.5,1700,0.5,1
9,1,946,1,0,666,0.42,420,0.58,1
9,2,12796,2,10,5,0,300,0.5,572,0.32,486,0.18,1
9,3,8829,0,0,300,0.5,1700,0.5,1
9,4,4868,2,10,5,0,666,0.42,420,0.58,1
9,5,361,2,10,5,0,300,0.5,1700,0.5,1
9,6,1445,1,0,300,0.5,1700,0.5,1
9,7,1852,2,10,5,0,300,0.5,572,0.32,486,0.18,1
9,8,9469,1,0,300,0.5,1700,0.5,1
9,9,5693,2,10,5,0,300,0.5,1700,0.5,1
9,10,13625,2,10,5,0,666,0.42,420,0.58,1
9,11,1985,0,0,300,0.5,572,0.32,486,0.18,1
10,0,12123,0,0,300,0.5,572,0.32,486,0.18,1
10,1,6855,1,0,300,0.5,572,0.32,486,0.18,1
10,2,7329,1,0,300,0.5,1700,0.5,1
10,3,4184,0,0,666,0.42,420,0.58,1
10,4,243,2,10,5,0,300,0.5,1700,0.5,1
10,5,3926,0,0,666,0.42,420,0.58,1
10,6,917,2,10,5,0,300,0.5,1700,0.5,1
10,7,8415,2,10,5,0,666,0.42,420,0.58,1
10,8,3873,2,10,5,0,300,0.5,1700,0.5,1
10,9,2686,2,10,5,0,300,0.5,572,0.32,486,0.18,1
10,10,7984,2,10,5,0,666,0.42,420,0.58,1
10,11,5516,1,0,666,0.42,420,0.58,1
11,0,8342,2,10,5,0,666,0.42,420,0.58,1
11,1,9900,0,0,500,0.6,1000,0.2,1400,0.2,1
11,2,6799,1,0,500,0.6,1000,0.2,1400,0.2,1
11,3,1472,1,0,300,0.5,572,0.32,486,0.18,1
11,4,1152,1,0,666,0.42,420,0.58,1
11,5,14628,1,0,500,0.6,1000,0.2,1400,0.2,1
11,6,6077,0,0,666,0.42,420,0.58,1
11,7,10667,0,0,666,0.42,420,0.58,1
11,8,5314,0,0,666,0.42,420,0.58,1
11,9,2696,1,0,500,0.6,1000,0.2,1400,0.2,1
11,10,3902,0,0,500,0.6,1000,0.2,1400,0.2,1
11,11,11766,1,0,300,0.5,1700,0.5,1
