0,0,8461,1,0,500,0.6,1000,0.2,1400,0.2,1
0,1,14820,0,0,500,0.6,1000,0.2,1400,0.2,1
0,2,11820,2,10,5,0,500,0.6,1000,0.2,1400,0.2,1
0,3,6646,2,10,5,0,666,0.42,420,0.58,1
0,4,5730,0,0,300,0.5,1700,0.5,1
0,5,13993,0,0,300,0.5,1700,0.5,1
0,6,2135,0,0,666,0.42,420,0.58,1
0,7,1181,0,0,666,0.42,420,0.58,1
0,8,296,2,10,5,0,500,0.6,1000,0.2,1400,0.2,1
0,9,13243,2,10,5,0,666,0.42,420,0.58,1
0,10,533,1,0,666,0.42,420,0.58,1
0,11,13907,2,10,5,0,500,0.6,1000,0.2,1400,0.2,1
1,0,10826,1,0,500,0.6,1000,0.2,1400,0.2,1
1,1,10226,2,10,5,0,666,0.42,420,0.58,1
1,2,14747,2,10,5,0,500,0.6,1000,0.2,1400,0.2,0
1,3,3951,1,0,666,0.42,420,0.58,1
1,4,10458,1,0,300,0.5,1700,0.5,1
1,5,2091,0,0,300,0.5,1700,0.5,1
1,6,12962,1,0,300,0.5,1700,0.5,1
1,7,7162,2,10,5,0,300,0.5,572,0.32,486,0.18,1
1,8,14959,1,0,300,0.5,572,0.32,486,0.18,1
1,9,4871,1,0,500,0.6,1000,0.2,1400,0.2,1
1,10,9111,0,0,500,0.6,1000,0.2,1400,0.2,1
1,11,7251,1,0,300,0.5,572,0.32,486,0.18,1
2,0,4979,1,0,500,0.6,1000,0.2,1400,0.2,1
2,1,12661,1,0,300,0.5,572,0.32,486,0.18,1
2,2,4692,1,0,500,0.6,1000,0.2,1400,0.2,1
2,3,1923,0,0,300,0.5,1700,0.5,1
2,4,6352,2,10,5,0,500,0.6,1000,0.2,1400,0.2,1
2,5,6295,0,0,300,0.5,1700,0.5,1
2,6,10170,0,0,500,0.6,1000,0.2,1400,0.2,1
2,7,3123,1,0,500,0.6,1000,0.2,1400,0.2,1
2,8,3288,1,0,300,0.5,1700,0.5,1
2,9,13795,1,0,300,0.5,1700,0.5,1
2,10,10574,2,10,5,0,300,0.5,1700,0.5,1
2,11,14448,0,0,300,0.5,1700,0.5,1
3,0,1431,2,10,5,0,500,0.6,1000,0.2,1400,0.2,1
3,1,832,0,0,300,0.5,1700,0.5,1
3,2,13430,1,0,300,0.5,1700,0.5,1
3,3,2671,2,10,5,0,500,0.6,1000,0.2,1400,0.2,1
3,4,10907,1,0,300,0.5,1700,0.5,1
3,5,1415,0,0,666,0.42,420,0.58,1
3,6,3585,0,0,300,0.5,1700,0.5,1
3,7,11973,2,10,5,0,300,0.5,572,0.32,486,0.18,1
3,8,811,1,0,666,0.42,420,0.58,1
3,9,2836,2,10,5,0,300,0.5,572,0.32,486,0.18,1
3,10,9365,1,0,300,0.5,1700,0.5,1
3,11,12894,0,0,666,0.42,420,0.58,1
4,0,4149,1,0,300,0.5,1700,0.5,1
4,1,4813,1,0,300,0.5,1700,0.5,1
4,2,4349,1,0,300,0.5,1700,0.5,1
4,3,10020,1,0,300,0.5,572,0.32,486,0.18,1
4,4,3407,1,0,300,0.5,1700,0.5,1
4,5,7919,0,0,500,0.6,1000,0.2,1400,0.2,1
4,6,6456,2,10,5,0,666,0.42,420,0.58,1
4,7,8029,1,0,500,0.6,1000,0.2,1400,0.2,1
4,8,10354,1,0,500,0.6,1000,0.2,1400,0.2,1
4,9,14467,0,0,300,0.5,572,0.32,486,0.18,1
4,10,11885,1,0,300,0.5,1700,0.5,1
4,11,3309,0,0,300,0.5,572,0.32,486,0.18,1
5,0,11380,1,0,300,0.5,572,0.32,486,0.18,1
5,1,6127,0,0,500,0.6,1000,0.2,1400,0.2,1
5,2,12897,1,0,500,0.6,1000,0.2,1400,0.2,1
5,3,706,2,10,5,0,300,0.5,572,0.32,486,0.18,1
5,4,8562,2,10,5,0,300,0.5,572,0.32,486,0.18,1
5,5,2681,0,0,666,0.42,420,0.58,1
5,6,4268,0,0,300,0.5,572,0.32,486,0.18,1
5,7,12998,1,0,300,0.5,572,0.32,486,0.18,1
5,8,2048,2,10,5,0,666,0.42,420,0.58,1
5,9,8969,0,0,666,0.42,420,0.58,1
5,10,7818,2,10,5,0,666,0.42,420,0.58,1
5,11,1276,2,10,5,0,666,0.42,420,0.58,1
6,0,12722,2,10,5,0,300,0.5,1700,0.5,1
6,1,1182,1,0,300,0.5,572,0.32,486,0.18,1
6,2,11793,1,0,300,0.5,1700,0.5,1
6,3,11428,1,0,500,0.6,1000,0.2,1400,0.2,1
6,4,5801,0,0,300,0.5,572,0.32,486,0.18,1
6,5,1176,1,0,300,0.5,572,0.32,486,0.18,1
6,6,4893,1,0,300,0.5,572,0.32,486,0.18,1
6,7,433,2,10,5,0,300,0.5,572,0.32,486,0.18,1
6,8,1173,2,10,5,0,300,0.5,572,0.32,486,0.18,1
6,9,5718,1,0,666,0.42,420,0.58,1
6,10,6530,1,0,666,0.42,420,0.58,1
6,11,12868,1,0,666,0.42,420,0.58,1
7,0,7311,0,0,300,0.5,572,0.32,486,0.18,1
7,1,466,0,0,500,0.6,1000,0.2,1400,0.2,1
7,2,2203,1,0,300,0.5,572,0.32,486,0.18,1
7,3,7048,0,0,666,0.42,420,0.58,1
7,4,7188,0,0,300,0.5,572,0.32,486,0.18,1
7,5,4843,0,0,300,0.5,572,0.32,486,0.18,1
7,6,1997,0,0,666,0.42,420,0.58,1
7,7,2109,0,0,666,0.42,420,0.58,1
7,8,12228,0,0,300,0.5,1700,0.5,1
7,9,7351,0,0,300,0.5,1700,0.5,1
7,10,8860,0,0,500,0.6,1000,0.2,1400,0.2,1
7,11,10732,0,0,300,0.5,572,0.32,486,0.18,1
8,0,13677,0,0,300,0.5,572,0.32,486,0.18,1
8,1,10608,1,0,300,0.5,1700,0.5,1
8,2,1990,0,0,300,0.5,1700,0.5,1
8,3,2616,0,0,300,0.5,572,0.32,486,0.18,1
8,4,120,0,0,300,0.5,1700,0.5,1
8,5,1908,2,10,5,0,300,0.5,1700,0.5,1
8,6,3543,1,0,666,0.42,420,0.58,1
8,7,5723,1,0,300,0.5,572,0.32,486,0.18,1
8,8,568,0,0,666,0.42,420,0.58,1
8,9,9825,2,10,5,0,666,0.42,420,0.58,1
8,10,13368,0,0,300,0.5,1700,0.5,1
8,11,9622,0,0,666,0.42,420,0.58,1
9,0,779,1,0,300,0.5,572,0.32,486,0.18,1
9,1,12973,1,0,500,0.6,1000,0.2,1400,0.2,1
9,2,67,2,10,5,0,300,0.5,1700,0.5,1
9,3,935,2,10,5,0,666,0.42,420,0.58,1
9,4,7533,2,10,5,0,300,0.5,1700,0.5,1
9,5,3338,1,0,500,0.6,1000,0.2,1400,0.2,1
9,6,8943,1,0,666,0.42,420,0.58,1
9,7,9069,0,0,300,0.5,572,0.32,486,0.18,1
9,8,12421,1,0,300,0.5,1700,0.5,1
9,9,4858,2,10,5,0,666,0.42,420,0.58,1
9,10,11310,0,0,300,0.5,572,0.32,486,0.18,1
9,11,14284,0,0,300,0.5,1700,0.5,1
10,0,5308,0,0,500,0.6,1000,0.2,1400,0.2,1
10,1,572,2,10,5,0,300,0.5,572,0.32,486,0.18,1
10,2,223,1,0,500,0.6,1000,0.2,1400,0.2,1
10,3,7240,0,0,666,0.42,420,0.58,1
10,4,7561,1,0,500,0.6,1000,0.2,1400,0.2,1
10,5,5347,0,0,500,0.6,1000,0.2,1400,0.2,1
10,6,4198,2,10,5,0,666,0.42,420,0.58,1
10,7,2045,2,10,5,0,300,0.5,1700,0.5,1
10,8,6960,0,0,300,0.5,572,0.32,486,0.18,1
10,9,4696,1,0,300,0.5,1700,0.5,1
10,10,2019,0,0,300,0.5,1700,0.5,1
10,11,7017,0,0,300,0.5,1700,0.5,1
11,0,10986,2,10,5,0,300,0.5,1700,0.5,1
11,1,9518,2,10,5,0,300,0.5,572,0.32,486,0.18,1
11,2,12323,0,0,500,0.6,1000,0.2,1400,0.2,1
11,3,11963,0,0,300,0.5,1700,0.5,1
11,4,5135,0,0,500,0.6,1000,0.2,1400,0.2,1
11,5,13831,2,10,5,0,300,0.5,1700,0.5,1
11,6,3199,2,10,5,0,500,0.6,1000,0.2,1400,0.2,1
11,7,2779,1,0,300,0.5,572,0.32,486,0.18,1
11,8,3989,1,0,300,0.5,572,0.32,486,0.18,1
11,9,4959,0,0,666,0.42,420,0.58,1
11,10,5119,0,0,300,0.5,1700,0.5,1
11,11,1295,2,10,5,0,300,0.5,1700,0.5,1
