0,0,2363,2,10,5,0,666,0.42,420,0.58,1
0,1,8480,0,0,300,0.5,572,0.32,486,0.18,1
0,2,11663,0,0,300,0.5,1700,0.5,1
0,3,10484,0,0,300,0.5,572,0.32,486,0.18,1
0,4,14309,1,0,300,0.5,572,0.32,486,0.18,1
0,5,12508,2,10,5,0,500,0.6,1000,0.2,1400,0.2,1
0,6,8000,2,10,5,0,300,0.5,572,0.32,486,0.18,1
0,7,13298,2,10,5,0,666,0.42,420,0.58,1
0,8,3240,2,10,5,0,300,0.5,1700,0.5,1
0,9,11236,1,0,300,0.5,1700,0.5,1
0,10,13355,2,10,5,0,666,0.42,420,0.58,1
0,11,2628,1,0,666,0.42,420,0.58,1
1,0,3669,1,0,500,0.6,1000,0.2,1400,0.2,1
1,1,3550,1,0,300,0.5,572,0.32,486,0.18,1
1,2,10344,0,0,300,0.5,1700,0.5,0
1,3,12553,0,0,666,0.42,420,0.58,1
1,4,498,0,0,300,0.5,1700,0.5,1
1,5,11146,2,10,5,0,500,0.6,1000,0.2,1400,0.2,1
1,6,13061,2,10,5,0,500,0.6,1000,0.2,1400,0.2,1
1,7,4615,1,0,500,0.6,1000,0.2,1400,0.2,1
1,8,14323,0,0,500,0.6,1000,0.2,1400,0.2,1
1,9,11386,1,0,666,0.42,420,0.58,1
1,10,8742,0,0,500,0.6,1000,0.2,1400,0.2,1
1,11,11536,0,0,300,0.5,1700,0.5,1
2,0,1503,0,0,300,0.5,1700,0.5,1
2,1,13299,2,10,5,0,666,0.42,420,0.58,1
2,2,11950,1,0,300,0.5,572,0.32,486,0.18,1
2,3,8883,2,10,5,0,300,0.5,572,0.32,486,0.18,1
2,4,14956,2,10,5,0,300,0.5,1700,0.5,1
2,5,13109,1,0,300,0.5,572,0.32,486,0.18,1
2,6,170,1,0,500,0.6,1000,0.2,1400,0.2,1
2,7,13722,0,0,300,0.5,572,0.32,486,0.18,1
2,8,10651,0,0,300,0.5,1700,0.5,1
2,9,11564,2,10,5,0,666,0.42,420,0.58,1
2,10,4840,0,0,666,0.42,420,0.58,1
2,11,10445,0,0,666,0.42,420,0.58,1
3,0,10705,2,10,5,0,300,0.5,572,0.32,486,0.18,1
3,1,3601,2,10,5,0,300,0.5,572,0.32,486,0.18,1
3,2,8374,2,10,5,0,500,0.6,1000,0.2,1400,0.2,1
3,3,5266,0,0,300,0.5,572,0.32,486,0.18,1
3,4,11206,2,10,5,0,666,0.42,420,0.58,1
3,5,9434,2,10,5,0,300,0.5,572,0.32,486,0.18,1
3,6,6558,2,10,5,0,300,0.5,1700,0.5,1
3,7,13655,0,0,300,0.5,572,0.32,486,0.18,1
3,8,12094,1,0,500,0.6,1000,0.2,1400,0.2,1
3,9,3583,2,10,5,0,500,0.6,1000,0.2,1400,0.2,1
3,10,2305,0,0,300,0.5,1700,0.5,1
3,11,14955,0,0,500,0.6,1000,0.2,1400,0.2,1
4,0,13072,0,0,666,0.42,420,0.58,1
4,1,10501,2,10,5,0,300,0.5,1700,0.5,1
4,2,1987,1,0,300,0.5,1700,0.5,1
4,3,2212,0,0,500,0.6,1000,0.2,1400,0.2,1
4,4,12583,0,0,300,0.5,1700,0.5,1
4,5,10105,0,0,500,0.6,1000,0.2,1400,0.2,1
4,6,10655,2,10,5,0,300,0.5,1700,0.5,1
4,7,14769,1,0,666,0.42,420,0.58,1
4,8,8033,1,0,500,0.6,1000,0.2,1400,0.2,1
4,9,9807,2,10,5,0,666,0.42,420,0.58,1
4,10,2418,0,0,666,0.42,420,0.58,1
4,11,11475,1,0,300,0.5,1700,0.5,1
5,0,8360,0,0,666,0.42,420,0.58,1
5,1,689,2,10,5,0,500,0.6,1000,0.2,1400,0.2,1
5,2,2635,0,0,666,0.42,420,0.58,1
5,3,12031,1,0,500,0.6,1000,0.2,1400,0.2,1
5,4,7973,2,10,5,0,300,0.5,1700,0.5,1
5,5,8032,0,0,500,0.6,1000,0.2,1400,0.2,1
5,6,2049,0,0,666,0.42,420,0.58,1
5,7,3269,1,0,300,0.5,572,0.32,486,0.18,1
5,8,10552,2,10,5,0,300,0.5,1700,0.5,1
5,9,9639,0,0,300,0.5,1700,0.5,1
5,10,8783,2,10,5,0,666,0.42,420,0.58,1
5,11,12550,0,0,300,0.5,572,0.32,486,0.18,1
6,0,2217,2,10,5,0,666,0.42,420,0.58,1
6,1,13428,0,0,500,0.6,1000,0.2,1400,0.2,1
6,2,827,1,0,500,0.6,1000,0.2,1400,0.2,1
6,3,13169,1,0,300,0.5,572,0.32,486,0.18,1
6,4,12047,2,10,5,0,500,0.6,1000,0.2,1400,0.2,1
6,5,8330,1,0,500,0.6,1000,0.2,1400,0.2,1
6,6,7568,0,0,300,0.5,1700,0.5,1
6,7,14850,0,0,666,0.42,420,0.58,1
6,8,473,1,0,300,0.5,572,0.32,486,0.18,1
6,9,1188,0,0,300,0.5,1700,0.5,1
6,10,3397,0,0,300,0.5,1700,0.5,1
6,11,4307,1,0,500,0.6,1000,0.2,1400,0.2,1
7,0,9412,1,0,300,0.5,1700,0.5,1
7,1,11141,1,0,300,0.5,1700,0.5,1
7,2,9637,1,0,666,0.42,420,0.58,1
7,3,5814,2,10,5,0,300,0.5,1700,0.5,1
7,4,10196,1,0,300,0.5,1700,0.5,1
7,5,6439,1,0,666,0.42,420,0.58,1
7,6,11405,0,0,300,0.5,572,0.32,486,0.18,1
7,7,10252,0,0,300,0.5,572,0.32,486,0.18,1
7,8,6229,1,0,666,0.42,420,0.58,1
7,9,10876,2,10,5,0,300,0.5,572,0.32,486,0.18,1
7,10,10623,0,0,300,0.5,572,0.32,486,0.18,1
7,11,8656,2,10,5,0,666,0.42,420,0.58,1
8,0,5339,1,0,500,0.6,1000,0.2,1400,0.2,1
8,1,14084,1,0,300,0.5,572,0.32,486,0.18,1
8,2,5544,2,10,5,0,666,0.42,420,0.58,1
8,3,12387,0,0,300,0.5,572,0.32,486,0.18,1
8,4,11458,1,0,500,0.6,1000,0.2,1400,0.2,1
8,5,10684,0,0,300,0.5,1700,0.5,1
8,6,10925,0,0,300,0.5,1700,0.5,1
8,7,1875,0,0,666,0.42,420,0.58,1
8,8,4327,2,10,5,0,500,0.6,1000,0.2,1400,0.2,1
8,9,5556,1,0,300,0.5,572,0.32,486,0.18,1
8,10,8701,1,0,666,0.42,420,0.58,1
8,11,14919,1,0,500,0.6,1000,0.2,1400,0.2,1
9,0,13200,2,10,5,0,500,0.6,1000,0.2,1400,0.2,1
9,1,12596,2,10,5,0,500,0.6,1000,0.2,1400,0.2,1
9,2,3111,1,0,666,0.42,420,0.58,1
9,3,8751,0,0,300,0.5,572,0.32,486,0.18,1
9,4,9126,2,10,5,0,666,0.42,420,0.58,1
9,5,7525,0,0,666,0.42,420,0.58,1
9,6,821,2,10,5,0,500,0.6,1000,0.2,1400,0.2,1
9,7,14898,1,0,500,0.6,1000,0.2,1400,0.2,1
9,8,11808,2,10,5,0,666,0.42,420,0.58,1
9,9,10131,0,0,666,0.42,420,0.58,1
9,10,13672,0,0,500,0.6,1000,0.2,1400,0.2,1
9,11,1278,2,10,5,0,300,0.5,572,0.32,486,0.18,1
10,0,1433,2,10,5,0,300,0.5,572,0.32,486,0.18,1
10,1,10312,2,10,5,0,300,0.5,1700,0.5,1
10,2,12277,1,0,500,0.6,1000,0.2,1400,0.2,1
10,3,13595,1,0,500,0.6,1000,0.2,1400,0.2,1
10,4,4337,2,10,5,0,666,0.42,420,0.58,1
10,5,12750,1,0,500,0.6,1000,0.2,1400,0.2,1
10,6,1899,1,0,666,0.42,420,0.58,1
10,7,13522,1,0,500,0.6,1000,0.2,1400,0.2,1
10,8,1786,0,0,500,0.6,1000,0.2,1400,0.2,1
10,9,3083,2,10,5,0,300,0.5,572,0.32,486,0.18,1
10,10,3593,0,0,666,0.42,420,0.58,1
10,11,7374,2,10,5,0,666,0.42,420,0.58,1
11,0,9467,1,0,300,0.5,1700,0.5,1
11,1,14947,1,0,300,0.5,1700,0.5,1
11,2,5569,0,0,666,0.42,420,0.58,1
11,3,9225,1,0,500,0.6,1000,0.2,1400,0.2,1
11,4,3346,2,10,5,0,666,0.42,420,0.58,1
11,5,9352,1,0,300,0.5,1700,0.5,1
11,6,8121,2,10,5,0,500,0.6,1000,0.2,1400,0.2,1
11,7,515,1,0,666,0.42,420,0.58,1
11,8,7939,0,0,500,0.6,1000,0.2,1400,0.2,1
11,9,7622,2,10,5,0,666,0.42,420,0.58,1
11,10,9261,0,0,500,0.6,1000,0.2,1400,0.2,1
11,11,7656,0,0,300,0.5,1700,0.5,1
