0,0,12943,2,10,5,0,500,0.6,1000,0.2,1400,0.2,1
0,1,5408,2,10,5,0,300,0.5,1700,0.5,1
0,2,13596,1,0,500,0.6,1000,0.2,1400,0.2,1
0,3,9895,0,0,300,0.5,572,0.32,486,0.18,1
0,4,4246,0,0,300,0.5,1700,0.5,1
0,5,1805,0,0,300,0.5,572,0.32,486,0.18,1
0,6,10052,0,0,500,0.6,1000,0.2,1400,0.2,1
0,7,5648,1,0,666,0.42,420,0.58,1
0,8,12230,2,10,5,0,300,0.5,1700,0.5,1
0,9,13265,0,0,300,0.5,1700,0.5,1
0,10,2356,0,0,666,0.42,420,0.58,1
0,11,11744,1,0,500,0.6,1000,0.2,1400,0.2,1
1,0,8748,2,10,5,0,500,0.6,1000,0.2,1400,0.2,1
1,1,833,0,0,300,0.5,1700,0.5,1
1,2,12564,2,10,5,0,666,0.42,420,0.58,0
1,3,9410,2,10,5,0,500,0.6,1000,0.2,1400,0.2,1
1,4,9401,0,0,300,0.5,572,0.32,486,0.18,1
1,5,8659,1,0,500,0.6,1000,0.2,1400,0.2,1
1,6,11165,1,0,500,0.6,1000,0.2,1400,0.2,1
1,7,7173,0,0,666,0.42,420,0.58,1
1,8,12148,2,10,5,0,500,0.6,1000,0.2,1400,0.2,1
1,9,3599,0,0,300,0.5,1700,0.5,1
1,10,14724,2,10,5,0,300,0.5,572,0.32,486,0.18,1
1,11,4590,0,0,300,0.5,572,0.32,486,0.18,1
2,0,3690,0,0,666,0.42,420,0.58,1
2,1,11215,1,0,300,0.5,572,0.32,486,0.18,1
2,2,13142,2,10,5,0,300,0.5,1700,0.5,1
2,3,14690,2,10,5,0,300,0.5,572,0.32,486,0.18,1
2,4,13672,1,0,300,0.5,1700,0.5,1
2,5,13973,1,0,300,0.5,572,0.32,486,0.18,1
2,6,6371,2,10,5,0,666,0.42,420,0.58,1
2,7,10025,2,10,5,0,500,0.6,1000,0.2,1400,0.2,1
2,8,10606,1,0,300,0.5,572,0.32,486,0.18,1
2,9,6745,2,10,5,0,666,0.42,420,0.58,1
2,10,4793,2,10,5,0,666,0.42,420,0.58,1
2,11,5446,2,10,5,0,666,0.42,420,0.58,1
3,0,1133,0,0,666,0.42,420,0.58,1
3,1,6960,2,10,5,0,300,0.5,572,0.32,486,0.18,1
3,2,2085,2,10,5,0,666,0.42,420,0.58,1
3,3,1009,0,0,300,0.5,1700,0.5,1
3,4,12112,0,0,666,0.42,420,0.58,1
3,5,2198,1,0,500,0.6,1000,0.2,1400,0.2,1
3,6,6209,2,10,5,0,500,0.6,1000,0.2,1400,0.2,1
3,7,4088,0,0,666,0.42,420,0.58,1
3,8,423,0,0,300,0.5,1700,0.5,1
3,9,12065,0,0,300,0.5,1700,0.5,1
3,10,1387,2,10,5,0,500,0.6,1000,0.2,1400,0.2,1
3,11,8581,0,0,500,0.6,1000,0.2,1400,0.2,1
4,0,1778,1,0,500,0.6,1000,0.2,1400,0.2,1
4,1,2394,2,10,5,0,666,0.42,420,0.58,1
4,2,13914,0,0,300,0.5,1700,0.5,1
4,3,10784,1,0,300,0.5,1700,0.5,1
4,4,5658,2,10,5,0,300,0.5,1700,0.5,1
4,5,7582,1,0,500,0.6,1000,0.2,1400,0.2,1
4,6,8083,2,10,5,0,666,0.42,420,0.58,1
4,7,12373,1,0,500,0.6,1000,0.2,1400,0.2,1
4,8,14350,1,0,300,0.5,572,0.32,486,0.18,1
4,9,12664,1,0,666,0.42,420,0.58,1
4,10,1351,2,10,5,0,666,0.42,420,0.58,1
4,11,13145,0,0,300,0.5,572,0.32,486,0.18,1
5,0,12816,1,0,300,0.5,1700,0.5,1
5,1,9691,0,0,300,0.5,572,0.32,486,0.18,1
5,2,3694,2,10,5,0,500,0.6,1000,0.2,1400,0.2,1
5,3,6309,1,0,300,0.5,572,0.32,486,0.18,1
5,4,12201,1,0,300,0.5,572,0.32,486,0.18,1
5,5,13651,2,10,5,0,300,0.5,1700,0.5,1
5,6,14228,2,10,5,0,300,0.5,572,0.32,486,0.18,1
5,7,2883,0,0,300,0.5,572,0.32,486,0.18,1
5,8,7914,0,0,300,0.5,1700,0.5,1
5,9,4741,1,0,300,0.5,1700,0.5,1
5,10,11411,1,0,666,0.42,420,0.58,1
5,11,728,0,0,300,0.5,1700,0.5,1
6,0,684,2,10,5,0,300,0.5,572,0.32,486,0.18,1
6,1,2168,2,10,5,0,666,0.42,420,0.58,1
6,2,8474,2,10,5,0,300,0.5,1700,0.5,1
6,3,2254,1,0,666,0.42,420,0.58,1
6,4,1534,2,10,5,0,666,0.42,420,0.58,1
6,5,6651,1,0,500,0.6,1000,0.2,1400,0.2,1
6,6,8097,2,10,5,0,300,0.5,572,0.32,486,0.18,1
6,7,7297,0,0,300,0.5,1700,0.5,1
6,8,9988,2,10,5,0,500,0.6,1000,0.2,1400,0.2,1
6,9,5822,0,0,666,0.42,420,0.58,1
6,10,4953,1,0,500,0.6,1000,0.2,1400,0.2,1
6,11,13106,2,10,5,0,666,0.42,420,0.58,1
7,0,2168,0,0,500,0.6,1000,0.2,1400,0.2,1
7,1,12611,1,0,666,0.42,420,0.58,1
7,2,2989,0,0,500,0.6,1000,0.2,1400,0.2,1
7,3,7986,1,0,300,0.5,572,0.32,486,0.18,1
7,4,8082,1,0,500,0.6,1000,0.2,1400,0.2,1
7,5,7204,0,0,666,0.42,420,0.58,1
7,6,4382,1,0,300,0.5,1700,0.5,1
7,7,13483,0,0,300,0.5,572,0.32,486,0.18,1
7,8,5409,1,0,300,0.5,572,0.32,486,0.18,1
7,9,5131,0,0,500,0.6,1000,0.2,1400,0.2,1
7,10,8388,1,0,500,0.6,1000,0.2,1400,0.2,1
7,11,2465,1,0,300,0.5,572,0.32,486,0.18,1
8,0,2977,2,10,5,0,500,0.6,1000,0.2,1400,0.2,1
8,1,8029,2,10,5,0,300,0.5,1700,0.5,1
8,2,14791,1,0,300,0.5,1700,0.5,1
8,3,2495,0,0,300,0.5,1700,0.5,1
8,4,9953,1,0,300,0.5,572,0.32,486,0.18,1
8,5,942,1,0,300,0.5,572,0.32,486,0.18,1
8,6,12217,1,0,300,0.5,1700,0.5,1
8,7,4591,0,0,300,0.5,1700,0.5,1
8,8,13506,2,10,5,0,300,0.5,1700,0.5,1
8,9,1645,0,0,300,0.5,1700,0.5,1
8,10,4798,1,0,300,0.5,1700,0.5,1
8,11,4513,0,0,666,0.42,420,0.58,1
9,0,12303,1,0,300,0.5,572,0.32,486,0.18,1
9,1,9656,1,0,500,0.6,1000,0.2,1400,0.2,1
9,2,13094,0,0,300,0.5,1700,0.5,1
9,3,12771,1,0,666,0.42,420,0.58,1
9,4,2882,2,10,5,0,500,0.6,1000,0.2,1400,0.2,1
9,5,4162,2,10,5,0,300,0.5,1700,0.5,1
9,6,8688,0,0,500,0.6,1000,0.2,1400,0.2,1
9,7,4991,0,0,300,0.5,1700,0.5,1
9,8,8032,2,10,5,0,666,0.42,420,0.58,1
9,9,5399,2,10,5,0,666,0.42,420,0.58,1
9,10,9040,0,0,300,0.5,1700,0.5,1
9,11,9291,2,10,5,0,500,0.6,1000,0.2,1400,0.2,1
10,0,11352,2,10,5,0,300,0.5,1700,0.5,1
10,1,5101,0,0,500,0.6,1000,0.2,1400,0.2,1
10,2,2284,1,0,500,0.6,1000,0.2,1400,0.2,1
10,3,5423,1,0,666,0.42,420,0.58,1
10,4,2902,2,10,5,0,500,0.6,1000,0.2,1400,0.2,1
10,5,11177,2,10,5,0,300,0.5,572,0.32,486,0.18,1
10,6,10635,0,0,300,0.5,1700,0.5,1
10,7,1396,0,0,300,0.5,1700,0.5,1
10,8,4547,1,0,300,0.5,1700,0.5,1
10,9,5687,0,0,500,0.6,1000,0.2,1400,0.2,1
10,10,3300,0,0,300,0.5,1700,0.5,1
10,11,1985,0,0,500,0.6,1000,0.2,1400,0.2,1
11,0,5073,1,0,666,0.42,420,0.58,1
11,1,11665,2,10,5,0,300,0.5,572,0.32,486,0.18,1
11,2,6238,1,0,300,0.5,1700,0.5,1
11,3,13998,2,10,5,0,300,0.5,572,0.32,486,0.18,1
11,4,9436,1,0,300,0.5,572,0.32,486,0.18,1
11,5,13614,2,10,5,0,500,0.6,1000,0.2,1400,0.2,1
11,6,4959,1,0,500,0.6,1000,0.2,1400,0.2,1
11,7,740,2,10,5,0,300,0.5,1700,0.5,1
11,8,2730,1,0,300,0.5,572,0.32,486,0.18,1
11,9,4487,1,0,300,0.5,1700,0.5,1
11,10,10347,0,0,500,0.6,1000,0.2,1400,0.2,1
11,11,6463,1,0,666,0.42,420,0.58,1
