0,0,5499,0,0,666,0.42,420,0.58,1
0,1,11718,1,0,300,0.5,1700,0.5,1
0,2,4134,0,0,300,0.5,1700,0.5,1
0,3,12769,2,10,5,0,666,0.42,420,0.58,1
0,4,4814,1,0,666,0.42,420,0.58,1
0,5,8343,0,0,300,0.5,1700,0.5,1
0,6,12168,2,10,5,0,300,0.5,572,0.32,486,0.18,1
0,7,6258,2,10,5,0,300,0.5,1700,0.5,1
0,8,8998,2,10,5,0,666,0.42,420,0.58,1
0,9,2099,2,10,5,0,300,0.5,572,0.32,486,0.18,1
0,10,10083,0,0,300,0.5,1700,0.5,1
0,11,11457,1,0,500,0.6,1000,0.2,1400,0.2,1
1,0,9012,0,0,300,0.5,1700,0.5,1
1,1,10381,2,10,5,0,300,0.5,1700,0.5,1
1,2,9135,2,10,5,0,300,0.5,572,0.32,486,0.18,0
1,3,14436,1,0,300,0.5,1700,0.5,1
1,4,10893,2,10,5,0,666,0.42,420,0.58,1
1,5,12086,2,10,5,0,300,0.5,1700,0.5,1
1,6,1625,1,0,300,0.5,572,0.32,486,0.18,1
1,7,9144,2,10,5,0,300,0.5,1700,0.5,1
1,8,7158,2,10,5,0,500,0.6,1000,0.2,1400,0.2,1
1,9,1694,1,0,666,0.42,420,0.58,1
1,10,5887,0,0,500,0.6,1000,0.2,1400,0.2,1
1,11,1785,1,0,300,0.5,572,0.32,486,0.18,1
2,0,4879,2,10,5,0,300,0.5,572,0.32,486,0.18,1
2,1,10579,1,0,300,0.5,572,0.32,486,0.18,1
2,2,6518,0,0,300,0.5,1700,0.5,1
2,3,8073,0,0,500,0.6,1000,0.2,1400,0.2,1
2,4,10215,0,0,666,0.42,420,0.58,1
2,5,8481,0,0,500,0.6,1000,0.2,1400,0.2,1
2,6,10796,2,10,5,0,300,0.5,1700,0.5,1
2,7,3023,1,0,300,0.5,1700,0.5,1
2,8,9782,0,0,300,0.5,1700,0.5,1
2,9,313,2,10,5,0,300,0.5,572,0.32,486,0.18,1
2,10,14440,0,0,666,0.42,420,0.58,1
2,11,12200,0,0,300,0.5,572,0.32,486,0.18,1
3,0,1553,1,0,300,0.5,572,0.32,486,0.18,1
3,1,8545,2,10,5,0,300,0.5,572,0.32,486,0.18,1
3,2,8387,2,10,5,0,300,0.5,572,0.32,486,0.18,1
3,3,13589,0,0,666,0.42,420,0.58,1
3,4,14141,0,0,500,0.6,1000,0.2,1400,0.2,1
3,5,9275,1,0,666,0.42,420,0.58,1
3,6,9336,2,10,5,0,666,0.42,420,0.58,1
3,7,11533,1,0,300,0.5,572,0.32,486,0.18,1
3,8,2437,0,0,666,0.42,420,0.58,1
3,9,6459,0,0,300,0.5,1700,0.5,1
3,10,104,2,10,5,0,666,0.42,420,0.58,1
3,11,86,0,0,500,0.6,1000,0.2,1400,0.2,1
4,0,335,0,0,300,0.5,1700,0.5,1
4,1,9118,2,10,5,0,300,0.5,1700,0.5,1
4,2,12007,1,0,300,0.5,572,0.32,486,0.18,1
4,3,5667,2,10,5,0,300,0.5,572,0.32,486,0.18,1
4,4,9051,1,0,500,0.6,1000,0.2,1400,0.2,1
4,5,12600,1,0,300,0.5,572,0.32,486,0.18,1
4,6,12007,2,10,5,0,300,0.5,572,0.32,486,0.18,1
4,7,353,1,0,666,0.42,420,0.58,1
4,8,8722,2,10,5,0,666,0.42,420,0.58,1
4,9,842,0,0,300,0.5,572,0.32,486,0.18,1
4,10,14472,2,10,5,0,666,0.42,420,0.58,1
4,11,2189,0,0,666,0.42,420,0.58,1
5,0,4910,1,0,666,0.42,420,0.58,1
5,1,9856,0,0,300,0.5,1700,0.5,1
5,2,13330,2,10,5,0,666,0.42,420,0.58,1
5,3,5776,2,10,5,0,500,0.6,1000,0.2,1400,0.2,1
5,4,14798,0,0,300,0.5,1700,0.5,1
5,5,2874,1,0,500,0.6,1000,0.2,1400,0.2,1
5,6,11874,2,10,5,0,300,0.5,572,0.32,486,0.18,1
5,7,10712,0,0,500,0.6,1000,0.2,1400,0.2,1
5,8,12862,2,10,5,0,666,0.42,420,0.58,1
5,9,8625,0,0,300,0.5,572,0.32,486,0.18,1
5,10,2196,0,0,666,0.42,420,0.58,1
5,11,8681,1,0,500,0.6,1000,0.2,1400,0.2,1
6,0,6471,0,0,500,0.6,1000,0.2,1400,0.2,1
6,1,8050,1,0,500,0.6,1000,0.2,1400,0.2,1
6,2,6452,1,0,666,0.42,420,0.58,1
6,3,14952,2,10,5,0,300,0.5,1700,0.5,1
6,4,11235,1,0,500,0.6,1000,0.2,1400,0.2,1
6,5,11793,1,0,300,0.5,1700,0.5,1
6,6,4509,0,0,666,0.42,420,0.58,1
6,7,8330,2,10,5,0,300,0.5,572,0.32,486,0.18,1
6,8,11740,0,0,300,0.5,572,0.32,486,0.18,1
6,9,13368,0,0,300,0.5,1700,0.5,1
6,10,3721,2,10,5,0,300,0.5,1700,0.5,1
6,11,9887,2,10,5,0,300,0.5,1700,0.5,1
7,0,12608,0,0,666,0.42,420,0.58,1
7,1,12704,0,0,666,0.42,420,0.58,1
7,2,4861,2,10,5,0,666,0.42,420,0.58,1
7,3,14625,1,0,666,0.42,420,0.58,1
7,4,2623,2,10,5,0,300,0.5,1700,0.5,1
7,5,10853,1,0,300,0.5,1700,0.5,1
7,6,12506,2,10,5,0,300,0.5,572,0.32,486,0.18,1
7,7,2289,0,0,500,0.6,1000,0.2,1400,0.2,1
7,8,568,0,0,500,0.6,1000,0.2,1400,0.2,1
7,9,1707,0,0,300,0.5,1700,0.5,1
7,10,12942,0,0,666,0.42,420,0.58,1
7,11,3234,2,10,5,0,500,0.6,1000,0.2,1400,0.2,1
8,0,6863,2,10,5,0,300,0.5,1700,0.5,1
8,1,14449,0,0,300,0.5,1700,0.5,1
8,2,14187,1,0,666,0.42,420,0.58,1
8,3,4830,2,10,5,0,300,0.5,572,0.32,486,0.18,1
8,4,4953,2,10,5,0,300,0.5,1700,0.5,1
8,5,11298,2,10,5,0,300,0.5,1700,0.5,1
8,6,9637,0,0,300,0.5,1700,0.5,1
8,7,14849,0,0,500,0.6,1000,0.2,1400,0.2,1
8,8,7645,2,10,5,0,300,0.5,572,0.32,486,0.18,1
8,9,1460,0,0,500,0.6,1000,0.2,1400,0.2,1
8,10,13198,0,0,300,0.5,572,0.32,486,0.18,1
8,11,11558,0,0,666,0.42,420,0.58,1
9,0,452,0,0,300,0.5,572,0.32,486,0.18,1
9,1,9160,1,0,300,0.5,1700,0.5,1
9,2,10923,2,10,5,0,500,0.6,1000,0.2,1400,0.2,1
9,3,12373,0,0,500,0.6,1000,0.2,1400,0.2,1
9,4,6651,0,0,666,0.42,420,0.58,1
9,5,2883,1,0,300,0.5,572,0.32,486,0.18,1
9,6,10505,0,0,666,0.42,420,0.58,1
9,7,14013,0,0,500,0.6,1000,0.2,1400,0.2,1
9,8,2708,1,0,666,0.42,420,0.58,1
9,9,172,0,0,666,0.42,420,0.58,1
9,10,8882,1,0,300,0.5,572,0.32,486,0.18,1
9,11,11271,1,0,500,0.6,1000,0.2,1400,0.2,1
10,0,12433,0,0,300,0.5,1700,0.5,1
10,1,11414,1,0,666,0.42,420,0.58,1
10,2,10177,0,0,666,0.42,420,0.58,1
10,3,12409,2,10,5,0,300,0.5,572,0.32,486,0.18,1
10,4,855,2,10,5,0,300,0.5,1700,0.5,1
10,5,6943,1,0,300,0.5,1700,0.5,1
10,6,8571,2,10,5,0,500,0.6,1000,0.2,1400,0.2,1
10,7,912,0,0,300,0.5,1700,0.5,1
10,8,6892,2,10,5,0,300,0.5,1700,0.5,1
10,9,7918,0,0,300,0.5,572,0.32,486,0.18,1
10,10,2457,2,10,5,0,300,0.5,1700,0.5,1
10,11,4778,1,0,300,0.5,1700,0.5,1
11,0,3854,1,0,666,0.42,420,0.58,1
11,1,1171,0,0,300,0.5,1700,0.5,1
11,2,10065,1,0,500,0.6,1000,0.2,1400,0.2,1
11,3,2718,0,0,666,0.42,420,0.58,1
11,4,13033,1,0,500,0.6,1000,0.2,1400,0.2,1
11,5,13447,1,0,300,0.5,1700,0.5,1
11,6,11049,2,10,5,0,300,0.5,572,0.32,486,0.18,1
11,7,7919,1,0,500,0.6,1000,0.2,1400,0.2,1
11,8,7410,1,0,500,0.6,1000,0.2,1400,0.2,1
11,9,757,0,0,300,0.5,572,0.32,486,0.18,1
11,10,4794,0,0,666,0.42,420,0.58,1
11,11,3737,2,10,5,0,666,0.42,420,0.58,1
