0,0,251,0,0,500,0.6,1000,0.2,1400,0.2,1
0,1,13185,0,0,666,0.42,420,0.58,1
0,2,3605,0,0,300,0.5,572,0.32,486,0.18,1
0,3,11159,2,10,5,0,500,0.6,1000,0.2,1400,0.2,1
0,4,1222,0,0,300,0.5,572,0.32,486,0.18,1
0,5,1134,0,0,300,0.5,1700,0.5,1
0,6,14760,1,0,666,0.42,420,0.58,1
0,7,1645,1,0,300,0.5,1700,0.5,1
0,8,6190,2,10,5,0,500,0.6,1000,0.2,1400,0.2,1
0,9,9890,2,10,5,0,666,0.42,420,0.58,1
0,10,13402,1,0,666,0.42,420,0.58,1
0,11,4580,2,10,5,0,666,0.42,420,0.58,1
1,0,2302,2,10,5,0,300,0.5,1700,0.5,1
1,1,333,1,0,300,0.5,1700,0.5,1
1,2,12675,2,10,5,0,300,0.5,572,0.32,486,0.18,0
1,3,8005,0,0,300,0.5,1700,0.5,1
1,4,737,0,0,666,0.42,420,0.58,1
1,5,5079,1,0,666,0.42,420,0.58,1
1,6,10114,0,0,300,0.5,1700,0.5,1
1,7,5294,0,0,300,0.5,1700,0.5,1
1,8,10298,0,0,300,0.5,1700,0.5,1
1,9,9394,2,10,5,0,300,0.5,1700,0.5,1
1,10,5542,0,0,666,0.42,420,0.58,1
1,11,1219,1,0,500,0.6,1000,0.2,1400,0.2,1
2,0,3491,0,0,300,0.5,1700,0.5,1
2,1,7489,2,10,5,0,300,0.5,1700,0.5,1
2,2,10149,1,0,300,0.5,572,0.32,486,0.18,1
2,3,580,2,10,5,0,500,0.6,1000,0.2,1400,0.2,1
2,4,14597,0,0,666,0.42,420,0.58,1
2,5,10239,2,10,5,0,300,0.5,572,0.32,486,0.18,1
2,6,11578,1,0,500,0.6,1000,0.2,1400,0.2,1
2,7,9356,0,0,666,0.42,420,0.58,1
2,8,8440,1,0,666,0.42,420,0.58,1
2,9,13631,0,0,300,0.5,1700,0.5,1
2,10,4258,0,0,300,0.5,572,0.32,486,0.18,1
2,11,14263,1,0,300,0.5,572,0.32,486,0.18,1
3,0,13174,0,0,666,0.42,420,0.58,1
3,1,6022,2,10,5,0,300,0.5,1700,0.5,1
3,2,1519,0,0,300,0.5,572,0.32,486,0.18,1
3,3,4510,2,10,5,0,300,0.5,1700,0.5,1
3,4,1548,0,0,300,0.5,572,0.32,486,0.18,1
3,5,10730,1,0,300,0.5,572,0.32,486,0.18,1
3,6,14239,1,0,300,0.5,1700,0.5,1
3,7,11712,2,10,5,0,666,0.42,420,0.58,1
3,8,10349,2,10,5,0,300,0.5,572,0.32,486,0.18,1
3,9,1497,2,10,5,0,300,0.5,1700,0.5,1
3,10,7780,2,10,5,0,300,0.5,572,0.32,486,0.18,1
3,11,4141,2,10,5,0,300,0.5,1700,0.5,1
4,0,9165,1,0,500,0.6,1000,0.2,1400,0.2,1
4,1,7792,2,10,5,0,300,0.5,572,0.32,486,0.18,1
4,2,7562,0,0,500,0.6,1000,0.2,1400,0.2,1
4,3,12310,2,10,5,0,300,0.5,572,0.32,486,0.18,1
4,4,7276,1,0,300,0.5,1700,0.5,1
4,5,7880,2,10,5,0,666,0.42,420,0.58,1
4,6,6107,0,0,666,0.42,420,0.58,1
4,7,4540,2,10,5,0,300,0.5,1700,0.5,1
4,8,19,2,10,5,0,300,0.5,572,0.32,486,0.18,1
4,9,10798,0,0,300,0.5,1700,0.5,1
4,10,37,2,10,5,0,300,0.5,1700,0.5,1
4,11,653,2,10,5,0,666,0.42,420,0.58,1
5,0,13443,2,10,5,0,300,0.5,1700,0.5,1
5,1,1860,1,0,300,0.5,1700,0.5,1
5,2,8940,0,0,300,0.5,1700,0.5,1
5,3,2096,2,10,5,0,300,0.5,572,0.32,486,0.18,1
5,4,13247,0,0,300,0.5,572,0.32,486,0.18,1
5,5,822,1,0,666,0.42,420,0.58,1
5,6,11967,2,10,5,0,666,0.42,420,0.58,1
5,7,4473,0,0,666,0.42,420,0.58,1
5,8,5848,0,0,500,0.6,1000,0.2,1400,0.2,1
5,9,9763,2,10,5,0,500,0.6,1000,0.2,1400,0.2,1
5,10,5480,2,10,5,0,300,0.5,1700,0.5,1
5,11,266,1,0,666,0.42,420,0.58,1
6,0,11883,0,0,666,0.42,420,0.58,1
6,1,5627,1,0,666,0.42,420,0.58,1
6,2,3163,2,10,5,0,666,0.42,420,0.58,1
6,3,12878,0,0,300,0.5,1700,0.5,1
6,4,10562,0,0,666,0.42,420,0.58,1
6,5,4403,2,10,5,0,300,0.5,572,0.32,486,0.18,1
6,6,8391,0,0,300,0.5,1700,0.5,1
6,7,7943,1,0,500,0.6,1000,0.2,1400,0.2,1
6,8,8102,0,0,500,0.6,1000,0.2,1400,0.2,1
6,9,10463,0,0,500,0.6,1000,0.2,1400,0.2,1
6,10,13808,2,10,5,0,300,0.5,1700,0.5,1
6,11,6253,1,0,300,0.5,1700,0.5,1
7,0,12635,1,0,500,0.6,1000,0.2,1400,0.2,1
7,1,1755,2,10,5,0,500,0.6,1000,0.2,1400,0.2,1
7,2,14738,2,10,5,0,500,0.6,1000,0.2,1400,0.2,1
7,3,5256,2,10,5,0,500,0.6,1000,0.2,1400,0.2,1
7,4,11754,0,0,300,0.5,1700,0.5,1
7,5,2159,1,0,666,0.42,420,0.58,1
7,6,13466,0,0,300,0.5,1700,0.5,1
7,7,14384,1,0,666,0.42,420,0.58,1
7,8,10877,1,0,300,0.5,1700,0.5,1
7,9,6169,1,0,500,0.6,1000,0.2,1400,0.2,1
7,10,13698,0,0,300,0.5,1700,0.5,1
7,11,10875,0,0,300,0.5,1700,0.5,1
8,0,455,1,0,666,0.42,420,0.58,1
8,1,5026,1,0,300,0.5,572,0.32,486,0.18,1
8,2,11088,2,10,5,0,500,0.6,1000,0.2,1400,0.2,1
8,3,6575,1,0,300,0.5,572,0.32,486,0.18,1
8,4,636,0,0,300,0.5,1700,0.5,1
8,5,1321,2,10,5,0,666,0.42,420,0.58,1
8,6,13690,2,10,5,0,300,0.5,572,0.32,486,0.18,1
8,7,6038,2,10,5,0,300,0.5,572,0.32,486,0.18,1
8,8,7151,0,0,300,0.5,1700,0.5,1
8,9,12054,0,0,500,0.6,1000,0.2,1400,0.2,1
8,10,5927,0,0,666,0.42,420,0.58,1
8,11,8851,0,0,300,0.5,572,0.32,486,0.18,1
9,0,3708,2,10,5,0,300,0.5,1700,0.5,1
9,1,4922,1,0,300,0.5,572,0.32,486,0.18,1
9,2,13124,2,10,5,0,300,0.5,1700,0.5,1
9,3,5640,0,0,666,0.42,420,0.58,1
9,4,6276,2,10,5,0,300,0.5,1700,0.5,1
9,5,6267,2,10,5,0,300,0.5,1700,0.5,1
9,6,13841,1,0,300,0.5,572,0.32,486,0.18,1
9,7,1469,0,0,666,0.42,420,0.58,1
9,8,10340,2,10,5,0,666,0.42,420,0.58,1
9,9,8935,1,0,500,0.6,1000,0.2,1400,0.2,1
9,10,12018,2,10,5,0,666,0.42,420,0.58,1
9,11,10709,2,10,5,0,500,0.6,1000,0.2,1400,0.2,1
10,0,9122,1,0,500,0.6,1000,0.2,1400,0.2,1
10,1,12690,0,0,500,0.6,1000,0.2,1400,0.2,1
10,2,1233,0,0,500,0.6,1000,0.2,1400,0.2,1
10,3,1656,0,0,666,0.42,420,0.58,1
10,4,5123,2,10,5,0,300,0.5,1700,0.5,1
10,5,3623,2,10,5,0,300,0.5,1700,0.5,1
10,6,4891,2,10,5,0,666,0.42,420,0.58,1
10,7,4342,1,0,666,0.42,420,0.58,1
10,8,9375,2,10,5,0,500,0.6,1000,0.2,1400,0.2,1
10,9,13521,0,0,500,0.6,1000,0.2,1400,0.2,1
10,10,6769,0,0,666,0.42,420,0.58,1
10,11,12447,0,0,666,0.42,420,0.58,1
11,0,4333,0,0,500,0.6,1000,0.2,1400,0.2,1
11,1,5293,0,0,666,0.42,420,0.58,1
11,2,11218,1,0,300,0.5,1700,0.5,1
11,3,6390,0,0,666,0.42,420,0.58,1
11,4,9015,0,0,300,0.5,1700,0.5,1
11,5,2179,0,0,300,0.5,572,0.32,486,0.18,1
11,6,2798,2,10,5,0,666,0.42,420,0.58,1
11,7,13575,1,0,500,0.6,1000,0.2,1400,0.2,1
11,8,9007,2,10,5,0,300,0.5,572,0.32,486,0.18,1
11,9,5260,2,10,5,0,666,0.42,420,0.58,1
11,10,14323,0,0,666,0.42,420,0.58,1
11,11,11349,0,0,666,0.42,420,0.58,1
