0,0,9558,1,0,500,0.6,1000,0.2,1400,0.2,1
0,1,13154,2,10,5,0,500,0.6,1000,0.2,1400,0.2,1
0,2,4677,1,0,300,0.5,1700,0.5,1
0,3,13876,2,10,5,0,666,0.42,420,0.58,1
0,4,9658,1,0,300,0.5,572,0.32,486,0.18,1
0,5,14868,1,0,300,0.5,1700,0.5,1
0,6,3947,2,10,5,0,500,0.6,1000,0.2,1400,0.2,1
0,7,9319,0,0,300,0.5,1700,0.5,1
0,8,2369,1,0,300,0.5,1700,0.5,1
0,9,8604,2,10,5,0,500,0.6,1000,0.2,1400,0.2,1
0,10,10762,1,0,500,0.6,1000,0.2,1400,0.2,1
0,11,3558,2,10,5,0,500,0.6,1000,0.2,1400,0.2,1
1,0,5502,2,10,5,0,300,0.5,1700,0.5,1
1,1,2368,0,0,500,0.6,1000,0.2,1400,0.2,1
1,2,1699,0,0,500,0.6,1000,0.2,1400,0.2,0
1,3,10540,0,0,500,0.6,1000,0.2,1400,0.2,1
1,4,1011,1,0,300,0.5,1700,0.5,1
1,5,14941,1,0,300,0.5,572,0.32,486,0.18,1
1,6,5303,0,0,500,0.6,1000,0.2,1400,0.2,1
1,7,5761,1,0,300,0.5,1700,0.5,1
1,8,14245,1,0,666,0.42,420,0.58,1
1,9,5637,0,0,300,0.5,1700,0.5,1
1,10,12652,0,0,500,0.6,1000,0.2,1400,0.2,1
1,11,4615,1,0,500,0.6,1000,0.2,1400,0.2,1
2,0,766,2,10,5,0,500,0.6,1000,0.2,1400,0.2,1
2,1,6142,0,0,300,0.5,1700,0.5,1
2,2,10519,0,0,666,0.42,420,0.58,1
2,3,13742,2,10,5,0,300,0.5,572,0.32,486,0.18,1
2,4,7852,0,0,300,0.5,572,0.32,486,0.18,1
2,5,986,0,0,666,0.42,420,0.58,1
2,6,10680,2,10,5,0,666,0.42,420,0.58,1
2,7,1551,2,10,5,0,300,0.5,572,0.32,486,0.18,1
2,8,11786,2,10,5,0,500,0.6,1000,0.2,1400,0.2,1
2,9,9001,0,0,300,0.5,1700,0.5,1
2,10,1641,1,0,300,0.5,572,0.32,486,0.18,1
2,11,9180,2,10,5,0,666,0.42,420,0.58,1
3,0,10608,2,10,5,0,500,0.6,1000,0.2,1400,0.2,1
3,1,1534,1,0,666,0.42,420,0.58,1
3,2,11618,1,0,300,0.5,1700,0.5,1
3,3,10851,2,10,5,0,666,0.42,420,0.58,1
3,4,11934,2,10,5,0,500,0.6,1000,0.2,1400,0.2,1
3,5,11259,0,0,300,0.5,1700,0.5,1
3,6,4485,0,0,500,0.6,1000,0.2,1400,0.2,1
3,7,12054,0,0,300,0.5,1700,0.5,1
3,8,4990,0,0,500,0.6,1000,0.2,1400,0.2,1
3,9,3750,0,0,666,0.42,420,0.58,1
3,10,9165,1,0,300,0.5,572,0.32,486,0.18,1
3,11,7542,0,0,500,0.6,1000,0.2,1400,0.2,1
4,0,4657,1,0,666,0.42,420,0.58,1
4,1,2635,0,0,300,0.5,572,0.32,486,0.18,1
4,2,4558,0,0,300,0.5,1700,0.5,1
4,3,5314,0,0,300,0.5,572,0.32,486,0.18,1
4,4,1283,1,0,300,0.5,1700,0.5,1
4,5,9462,2,10,5,0,300,0.5,572,0.32,486,0.18,1
4,6,10983,2,10,5,0,300,0.5,1700,0.5,1
4,7,217,1,0,500,0.6,1000,0.2,1400,0.2,1
4,8,4253,1,0,300,0.5,572,0.32,486,0.18,1
4,9,13607,0,0,300,0.5,572,0.32,486,0.18,1
4,10,7897,2,10,5,0,300,0.5,1700,0.5,1
4,11,14287,2,10,5,0,300,0.5,1700,0.5,1
5,0,10407,0,0,500,0.6,1000,0.2,1400,0.2,1
5,1,10238,2,10,5,0,300,0.5,1700,0.5,1
5,2,9473,2,10,5,0,300,0.5,1700,0.5,1
5,3,8544,1,0,500,0.6,1000,0.2,1400,0.2,1
5,4,8632,0,0,300,0.5,572,0.32,486,0.18,1
5,5,11049,2,10,5,0,500,0.6,1000,0.2,1400,0.2,1
5,6,1920,2,10,5,0,300,0.5,572,0.32,486,0.18,1
5,7,1875,1,0,300,0.5,1700,0.5,1
5,8,12068,1,0,300,0.5,1700,0.5,1
5,9,11026,0,0,666,0.42,420,0.58,1
5,10,11538,0,0,666,0.42,420,0.58,1
5,11,6326,2,10,5,0,666,0.42,420,0.58,1
6,0,13987,2,10,5,0,300,0.5,1700,0.5,1
6,1,10385,1,0,300,0.5,1700,0.5,1
6,2,11682,1,0,300,0.5,1700,0.5,1
6,3,9308,2,10,5,0,500,0.6,1000,0.2,1400,0.2,1
6,4,5376,1,0,500,0.6,1000,0.2,1400,0.2,1
6,5,49,1,0,300,0.5,572,0.32,486,0.18,1
6,6,5254,1,0,500,0.6,1000,0.2,1400,0.2,1
6,7,12366,2,10,5,0,500,0.6,1000,0.2,1400,0.2,1
6,8,11001,2,10,5,0,666,0.42,420,0.58,1
6,9,3964,2,10,5,0,666,0.42,420,0.58,1
6,10,8689,2,10,5,0,666,0.42,420,0.58,1
6,11,2627,1,0,666,0.42,420,0.58,1
7,0,4773,0,0,500,0.6,1000,0.2,1400,0.2,1
7,1,5034,0,0,300,0.5,572,0.32,486,0.18,1
7,2,4640,1,0,666,0.42,420,0.58,1
7,3,6896,2,10,5,0,500,0.6,1000,0.2,1400,0.2,1
7,4,12768,1,0,300,0.5,572,0.32,486,0.18,1
7,5,11254,0,0,666,0.42,420,0.58,1
7,6,2742,2,10,5,0,300,0.5,1700,0.5,1
7,7,4750,0,0,300,0.5,1700,0.5,1
7,8,5227,0,0,500,0.6,1000,0.2,1400,0.2,1
7,9,13829,0,0,666,0.42,420,0.58,1
7,10,3280,1,0,500,0.6,1000,0.2,1400,0.2,1
7,11,11173,1,0,300,0.5,1700,0.5,1
8,0,12420,0,0,500,0.6,1000,0.2,1400,0.2,1
8,1,4998,2,10,5,0,300,0.5,572,0.32,486,0.18,1
8,2,13725,1,0,300,0.5,572,0.32,486,0.18,1
8,3,8322,2,10,5,0,300,0.5,1700,0.5,1
8,4,7841,1,0,500,0.6,1000,0.2,1400,0.2,1
8,5,6272,1,0,666,0.42,420,0.58,1
8,6,9146,2,10,5,0,500,0.6,1000,0.2,1400,0.2,1
8,7,5274,0,0,300,0.5,572,0.32,486,0.18,1
8,8,10547,1,0,300,0.5,1700,0.5,1
8,9,8001,1,0,666,0.42,420,0.58,1
8,10,1744,2,10,5,0,666,0.42,420,0.58,1
8,11,200,2,10,5,0,300,0.5,1700,0.5,1
9,0,4861,2,10,5,0,500,0.6,1000,0.2,1400,0.2,1
9,1,5183,0,0,300,0.5,572,0.32,486,0.18,1
9,2,8390,2,10,5,0,300,0.5,572,0.32,486,0.18,1
9,3,9499,0,0,300,0.5,1700,0.5,1
9,4,13985,1,0,500,0.6,1000,0.2,1400,0.2,1
9,5,4121,1,0,300,0.5,572,0.32,486,0.18,1
9,6,2675,1,0,500,0.6,1000,0.2,1400,0.2,1
9,7,6947,2,10,5,0,300,0.5,1700,0.5,1
9,8,8561,1,0,500,0.6,1000,0.2,1400,0.2,1
9,9,7791,2,10,5,0,300,0.5,572,0.32,486,0.18,1
9,10,5276,1,0,666,0.42,420,0.58,1
9,11,10751,2,10,5,0,300,0.5,1700,0.5,1
10,0,7675,2,10,5,0,666,0.42,420,0.58,1
10,1,10561,1,0,300,0.5,1700,0.5,1
10,2,970,1,0,500,0.6,1000,0.2,1400,0.2,1
10,3,2692,1,0,666,0.42,420,0.58,1
10,4,4774,1,0,666,0.42,420,0.58,1
10,5,9586,1,0,300,0.5,572,0.32,486,0.18,1
10,6,7400,1,0,300,0.5,572,0.32,486,0.18,1
10,7,3249,1,0,666,0.42,420,0.58,1
10,8,136,2,10,5,0,300,0.5,1700,0.5,1
10,9,4897,2,10,5,0,300,0.5,1700,0.5,1
10,10,11680,1,0,300,0.5,1700,0.5,1
10,11,7799,2,10,5,0,666,0.42,420,0.58,1
11,0,12952,2,10,5,0,500,0.6,1000,0.2,1400,0.2,1
11,1,2096,0,0,300,0.5,1700,0.5,1
11,2,2191,0,0,500,0.6,1000,0.2,1400,0.2,1
11,3,3211,0,0,300,0.5,1700,0.5,1
11,4,7885,0,0,300,0.5,1700,0.5,1
11,5,6331,2,10,5,0,300,0.5,572,0.32,486,0.18,1
11,6,726,2,10,5,0,666,0.42,420,0.58,1
11,7,10161,1,0,500,0.6,1000,0.2,1400,0.2,1
11,8,11018,2,10,5,0,500,0.6,1000,0.2,1400,0.2,1
11,9,546,0,0,300,0.5,572,0.32,486,0.18,1
11,10,12277,1,0,500,0.6,1000,0.2,1400,0.2,1
11,11,2414,1,0,500,0.6,1000,0.2,1400,0.2,1
