0,0,4873,0,0,666,0.42,420,0.58,1
0,1,10358,0,0,300,0.5,1700,0.5,1
0,2,4551,0,0,666,0.42,420,0.58,1
0,3,14174,1,0,500,0.6,1000,0.2,1400,0.2,1
0,4,3192,0,0,300,0.5,572,0.32,486,0.18,1
0,5,6071,2,10,5,0,666,0.42,420,0.58,1
0,6,6959,1,0,300,0.5,572,0.32,486,0.18,1
0,7,14610,0,0,300,0.5,572,0.32,486,0.18,1
0,8,3034,0,0,500,0.6,1000,0.2,1400,0.2,1
0,9,8351,0,0,300,0.5,572,0.32,486,0.18,1
0,10,7682,1,0,666,0.42,420,0.58,1
0,11,8035,0,0,500,0.6,1000,0.2,1400,0.2,1
1,0,4183,0,0,500,0.6,1000,0.2,1400,0.2,1
1,1,12232,2,10,5,0,500,0.6,1000,0.2,1400,0.2,1
1,2,14273,0,0,666,0.42,420,0.58,0
1,3,14489,2,10,5,0,500,0.6,1000,0.2,1400,0.2,1
1,4,10164,1,0,500,0.6,1000,0.2,1400,0.2,1
1,5,7255,1,0,300,0.5,572,0.32,486,0.18,1
1,6,3009,1,0,300,0.5,572,0.32,486,0.18,1
1,7,1530,0,0,300,0.5,572,0.32,486,0.18,1
1,8,4313,2,10,5,0,300,0.5,572,0.32,486,0.18,1
1,9,13212,2,10,5,0,666,0.42,420,0.58,1
1,10,1793,0,0,300,0.5,572,0.32,486,0.18,1
1,11,14350,0,0,300,0.5,572,0.32,486,0.18,1
2,0,751,0,0,300,0.5,1700,0.5,1
2,1,10305,1,0,666,0.42,420,0.58,1
2,2,3058,1,0,300,0.5,1700,0.5,1
2,3,3473,0,0,300,0.5,572,0.32,486,0.18,1
2,4,5182,2,10,5,0,300,0.5,1700,0.5,1
2,5,10907,0,0,500,0.6,1000,0.2,1400,0.2,1
2,6,3198,2,10,5,0,300,0.5,1700,0.5,1
2,7,4470,0,0,500,0.6,1000,0.2,1400,0.2,1
2,8,7370,0,0,500,0.6,1000,0.2,1400,0.2,1
2,9,4460,2,10,5,0,500,0.6,1000,0.2,1400,0.2,1
2,10,9899,1,0,500,0.6,1000,0.2,1400,0.2,1
2,11,6895,2,10,5,0,666,0.42,420,0.58,1
3,0,3654,0,0,666,0.42,420,0.58,1
3,1,8093,2,10,5,0,300,0.5,572,0.32,486,0.18,1
3,2,5283,0,0,300,0.5,1700,0.5,1
3,3,9026,2,10,5,0,666,0.42,420,0.58,1
3,4,11763,1,0,300,0.5,572,0.32,486,0.18,1
3,5,6499,2,10,5,0,300,0.5,572,0.32,486,0.18,1
3,6,854,2,10,5,0,300,0.5,1700,0.5,1
3,7,10422,2,10,5,0,500,0.6,1000,0.2,1400,0.2,1
3,8,3688,0,0,500,0.6,1000,0.2,1400,0.2,1
3,9,2616,2,10,5,0,300,0.5,1700,0.5,1
3,10,2881,0,0,300,0.5,572,0.32,486,0.18,1
3,11,4151,0,0,300,0.5,572,0.32,486,0.18,1
4,0,4602,0,0,666,0.42,420,0.58,1
4,1,11800,2,10,5,0,300,0.5,1700,0.5,1
4,2,12942,2,10,5,0,666,0.42,420,0.58,1
4,3,4261,2,10,5,0,500,0.6,1000,0.2,1400,0.2,1
4,4,6542,0,0,300,0.5,572,0.32,486,0.18,1
4,5,6337,2,10,5,0,500,0.6,1000,0.2,1400,0.2,1
4,6,9802,1,0,500,0.6,1000,0.2,1400,0.2,1
4,7,9845,1,0,300,0.5,1700,0.5,1
4,8,1544,1,0,500,0.6,1000,0.2,1400,0.2,1
4,9,10254,1,0,300,0.5,1700,0.5,1
4,10,11814,2,10,5,0,300,0.5,572,0.32,486,0.18,1
4,11,6661,0,0,666,0.42,420,0.58,1
5,0,9395,0,0,300,0.5,1700,0.5,1
5,1,6272,2,10,5,0,300,0.5,1700,0.5,1
5,2,6100,0,0,666,0.42,420,0.58,1
5,3,4018,1,0,666,0.42,420,0.58,1
5,4,2309,2,10,5,0,666,0.42,420,0.58,1
5,5,559,2,10,5,0,500,0.6,1000,0.2,1400,0.2,1
5,6,2138,1,0,500,0.6,1000,0.2,1400,0.2,1
5,7,3466,0,0,300,0.5,572,0.32,486,0.18,1
5,8,10829,1,0,666,0.42,420,0.58,1
5,9,12076,0,0,300,0.5,572,0.32,486,0.18,1
5,10,14261,2,10,5,0,300,0.5,572,0.32,486,0.18,1
5,11,182,2,10,5,0,500,0.6,1000,0.2,1400,0.2,1
6,0,5853,1,0,500,0.6,1000,0.2,1400,0.2,1
6,1,13784,1,0,500,0.6,1000,0.2,1400,0.2,1
6,2,7154,0,0,666,0.42,420,0.58,1
6,3,9945,0,0,300,0.5,572,0.32,486,0.18,1
6,4,8215,0,0,300,0.5,1700,0.5,1
6,5,10187,2,10,5,0,300,0.5,1700,0.5,1
6,6,3984,2,10,5,0,300,0.5,572,0.32,486,0.18,1
6,7,7163,0,0,500,0.6,1000,0.2,1400,0.2,1
6,8,9856,0,0,666,0.42,420,0.58,1
6,9,10287,1,0,666,0.42,420,0.58,1
6,10,4302,1,0,300,0.5,572,0.32,486,0.18,1
6,11,7283,0,0,300,0.5,572,0.32,486,0.18,1
7,0,8830,0,0,666,0.42,420,0.58,1
7,1,13845,1,0,300,0.5,1700,0.5,1
7,2,11234,1,0,500,0.6,1000,0.2,1400,0.2,1
7,3,7680,0,0,300,0.5,572,0.32,486,0.18,1
7,4,5753,1,0,300,0.5,572,0.32,486,0.18,1
7,5,809,1,0,300,0.5,572,0.32,486,0.18,1
7,6,12234,0,0,300,0.5,1700,0.5,1
7,7,5127,2,10,5,0,300,0.5,1700,0.5,1
7,8,5012,2,10,5,0,300,0.5,1700,0.5,1
7,9,9000,2,10,5,0,666,0.42,420,0.58,1
7,10,8671,2,10,5,0,300,0.5,1700,0.5,1
7,11,651,0,0,500,0.6,1000,0.2,1400,0.2,1
8,0,593,0,0,300,0.5,1700,0.5,1
8,1,5057,2,10,5,0,666,0.42,420,0.58,1
8,2,5454,0,0,666,0.42,420,0.58,1
8,3,293,1,0,666,0.42,420,0.58,1
8,4,13386,0,0,300,0.5,572,0.32,486,0.18,1
8,5,2782,1,0,300,0.5,1700,0.5,1
8,6,10600,2,10,5,0,666,0.42,420,0.58,1
8,7,9033,0,0,300,0.5,572,0.32,486,0.18,1
8,8,10052,1,0,666,0.42,420,0.58,1
8,9,5415,1,0,500,0.6,1000,0.2,1400,0.2,1
8,10,6224,0,0,666,0.42,420,0.58,1
8,11,309,0,0,666,0.42,420,0.58,1
9,0,5917,1,0,666,0.42,420,0.58,1
9,1,13986,0,0,500,0.6,1000,0.2,1400,0.2,1
9,2,624,1,0,300,0.5,1700,0.5,1
9,3,14562,2,10,5,0,300,0.5,572,0.32,486,0.18,1
9,4,14792,1,0,300,0.5,1700,0.5,1
9,5,11491,0,0,300,0.5,1700,0.5,1
9,6,4932,1,0,666,0.42,420,0.58,1
9,7,1905,0,0,500,0.6,1000,0.2,1400,0.2,1
9,8,10569,0,0,300,0.5,1700,0.5,1
9,9,2920,2,10,5,0,300,0.5,572,0.32,486,0.18,1
9,10,8339,2,10,5,0,500,0.6,1000,0.2,1400,0.2,1
9,11,3616,1,0,300,0.5,1700,0.5,1
10,0,4440,2,10,5,0,500,0.6,1000,0.2,1400,0.2,1
10,1,1288,2,10,5,0,666,0.42,420,0.58,1
10,2,10781,1,0,300,0.5,572,0.32,486,0.18,1
10,3,3905,0,0,666,0.42,420,0.58,1
10,4,10389,1,0,300,0.5,1700,0.5,1
10,5,3016,1,0,500,0.6,1000,0.2,1400,0.2,1
10,6,13901,2,10,5,0,300,0.5,1700,0.5,1
10,7,11331,2,10,5,0,300,0.5,1700,0.5,1
10,8,14754,0,0,300,0.5,572,0.32,486,0.18,1
10,9,7040,0,0,300,0.5,1700,0.5,1
10,10,5704,2,10,5,0,666,0.42,420,0.58,1
10,11,297,2,10,5,0,500,0.6,1000,0.2,1400,0.2,1
11,0,7442,0,0,666,0.42,420,0.58,1
11,1,14977,1,0,300,0.5,1700,0.5,1
11,2,13843,1,0,666,0.42,420,0.58,1
11,3,3477,0,0,300,0.5,1700,0.5,1
11,4,3521,0,0,300,0.5,1700,0.5,1
11,5,3200,0,0,300,0.5,572,0.32,486,0.18,1
11,6,1356,0,0,300,0.5,572,0.32,486,0.18,1
11,7,2924,1,0,300,0.5,572,0.32,486,0.18,1
11,8,14459,1,0,300,0.5,1700,0.5,1
11,9,11613,0,0,300,0.5,572,0.32,486,0.18,1
11,10,463,1,0,500,0.6,1000,0.2,1400,0.2,1
11,11,1071,2,10,5,0,300,0.5,572,0.32,486,0.18,1
