0,0,4460,2,10,5,0,300,0.5,572,0.32,486,0.18,1
0,1,6152,2,10,5,0,666,0.42,420,0.58,1
0,2,8995,1,0,300,0.5,572,0.32,486,0.18,1
0,3,8558,0,0,500,0.6,1000,0.2,1400,0.2,1
0,4,11627,2,10,5,0,300,0.5,1700,0.5,1
0,5,9478,2,10,5,0,500,0.6,1000,0.2,1400,0.2,1
0,6,2067,0,0,300,0.5,1700,0.5,1
0,7,14172,1,0,300,0.5,572,0.32,486,0.18,1
0,8,1509,0,0,500,0.6,1000,0.2,1400,0.2,1
0,9,10487,1,0,500,0.6,1000,0.2,1400,0.2,1
0,10,13285,1,0,500,0.6,1000,0.2,1400,0.2,1
0,11,6620,2,10,5,0,300,0.5,572,0.32,486,0.18,1
1,0,12898,2,10,5,0,300,0.5,572,0.32,486,0.18,1
1,1,14741,0,0,500,0.6,1000,0.2,1400,0.2,1
1,2,3531,2,10,5,0,300,0.5,1700,0.5,0
1,3,4684,1,0,666,0.42,420,0.58,1
1,4,11276,0,0,300,0.5,1700,0.5,1
1,5,2835,2,10,5,0,666,0.42,420,0.58,1
1,6,14076,0,0,500,0.6,1000,0.2,1400,0.2,1
1,7,14446,2,10,5,0,300,0.5,1700,0.5,1
1,8,13840,2,10,5,0,500,0.6,1000,0.2,1400,0.2,1
1,9,7693,2,10,5,0,666,0.42,420,0.58,1
1,10,4946,2,10,5,0,500,0.6,1000,0.2,1400,0.2,1
1,11,827,0,0,300,0.5,1700,0.5,1
2,0,14500,2,10,5,0,300,0.5,1700,0.5,1
2,1,9557,1,0,500,0.6,1000,0.2,1400,0.2,1
2,2,8869,0,0,500,0.6,1000,0.2,1400,0.2,1
2,3,7982,0,0,500,0.6,1000,0.2,1400,0.2,1
2,4,9239,0,0,666,0.42,420,0.58,1
2,5,12425,2,10,5,0,666,0.42,420,0.58,1
2,6,14920,0,0,300,0.5,572,0.32,486,0.18,1
2,7,3196,2,10,5,0,500,0.6,1000,0.2,1400,0.2,1
2,8,11808,2,10,5,0,300,0.5,1700,0.5,1
2,9,14075,2,10,5,0,500,0.6,1000,0.2,1400,0.2,1
2,10,4968,1,0,666,0.42,420,0.58,1
2,11,9420,1,0,666,0.42,420,0.58,1
3,0,9464,1,0,500,0.6,1000,0.2,1400,0.2,1
3,1,4518,1,0,666,0.42,420,0.58,1
3,2,13689,2,10,5,0,666,0.42,420,0.58,1
3,3,1906,0,0,300,0.5,1700,0.5,1
3,4,11964,0,0,300,0.5,572,0.32,486,0.18,1
3,5,7560,0,0,300,0.5,572,0.32,486,0.18,1
3,6,9191,0,0,666,0.42,420,0.58,1
3,7,8161,1,0,300,0.5,572,0.32,486,0.18,1
3,8,1712,2,10,5,0,300,0.5,572,0.32,486,0.18,1
3,9,3722,2,10,5,0,300,0.5,572,0.32,486,0.18,1
3,10,14076,2,10,5,0,500,0.6,1000,0.2,1400,0.2,1
3,11,5986,0,0,300,0.5,1700,0.5,1
4,0,14045,1,0,300,0.5,1700,0.5,1
4,1,3410,0,0,300,0.5,1700,0.5,1
4,2,2661,0,0,500,0.6,1000,0.2,1400,0.2,1
4,3,5095,1,0,300,0.5,572,0.32,486,0.18,1
4,4,8249,0,0,500,0.6,1000,0.2,1400,0.2,1
4,5,9802,1,0,666,0.42,420,0.58,1
4,6,10454,2,10,5,0,300,0.5,572,0.32,486,0.18,1
4,7,13246,2,10,5,0,300,0.5,1700,0.5,1
4,8,9845,2,10,5,0,666,0.42,420,0.58,1
4,9,250,1,0,300,0.5,572,0.32,486,0.18,1
4,10,10680,0,0,300,0.5,572,0.32,486,0.18,1
4,11,3364,2,10,5,0,300,0.5,572,0.32,486,0.18,1
5,0,5697,0,0,666,0.42,420,0.58,1
5,1,6159,1,0,500,0.6,1000,0.2,1400,0.2,1
5,2,14520,1,0,300,0.5,572,0.32,486,0.18,1
5,3,1476,0,0,300,0.5,1700,0.5,1
5,4,14251,0,0,500,0.6,1000,0.2,1400,0.2,1
5,5,1049,1,0,500,0.6,1000,0.2,1400,0.2,1
5,6,13763,0,0,666,0.42,420,0.58,1
5,7,10964,2,10,5,0,500,0.6,1000,0.2,1400,0.2,1
5,8,5061,2,10,5,0,300,0.5,1700,0.5,1
5,9,7267,1,0,300,0.5,572,0.32,486,0.18,1
5,10,1029,1,0,300,0.5,1700,0.5,1
5,11,8655,1,0,300,0.5,1700,0.5,1
6,0,6624,1,0,666,0.42,420,0.58,1
6,1,4773,2,10,5,0,666,0.42,420,0.58,1
6,2,10988,2,10,5,0,500,0.6,1000,0.2,1400,0.2,1
6,3,7609,0,0,666,0.42,420,0.58,1
6,4,8855,0,0,300,0.5,1700,0.5,1
6,5,14762,0,0,500,0.6,1000,0.2,1400,0.2,1
6,6,8644,0,0,300,0.5,1700,0.5,1
6,7,10404,2,10,5,0,666,0.42,420,0.58,1
6,8,12091,1,0,300,0.5,572,0.32,486,0.18,1
6,9,12616,1,0,300,0.5,572,0.32,486,0.18,1
6,10,124,1,0,300,0.5,1700,0.5,1
6,11,4667,0,0,300,0.5,572,0.32,486,0.18,1
7,0,3945,2,10,5,0,666,0.42,420,0.58,1
7,1,5516,2,10,5,0,500,0.6,1000,0.2,1400,0.2,1
7,2,428,2,10,5,0,500,0.6,1000,0.2,1400,0.2,1
7,3,13041,1,0,300,0.5,572,0.32,486,0.18,1
7,4,6896,2,10,5,0,500,0.6,1000,0.2,1400,0.2,1
7,5,1298,0,0,300,0.5,572,0.32,486,0.18,1
7,6,12213,2,10,5,0,300,0.5,1700,0.5,1
7,7,13097,0,0,300,0.5,1700,0.5,1
7,8,841,1,0,666,0.42,420,0.58,1
7,9,8566,2,10,5,0,300,0.5,572,0.32,486,0.18,1
7,10,6478,1,0,666,0.42,420,0.58,1
7,11,11125,1,0,500,0.6,1000,0.2,1400,0.2,1
8,0,11555,1,0,666,0.42,420,0.58,1
8,1,7421,1,0,500,0.6,1000,0.2,1400,0.2,1
8,2,11776,2,10,5,0,300,0.5,1700,0.5,1
8,3,9543,0,0,666,0.42,420,0.58,1
8,4,4429,1,0,300,0.5,1700,0.5,1
8,5,5258,1,0,500,0.6,1000,0.2,1400,0.2,1
8,6,4037,0,0,666,0.42,420,0.58,1
8,7,1104,0,0,666,0.42,420,0.58,1
8,8,10461,1,0,500,0.6,1000,0.2,1400,0.2,1
8,9,11333,1,0,300,0.5,1700,0.5,1
8,10,4632,0,0,500,0.6,1000,0.2,1400,0.2,1
8,11,9546,0,0,666,0.42,420,0.58,1
9,0,2651,2,10,5,0,500,0.6,1000,0.2,1400,0.2,1
9,1,5338,1,0,666,0.42,420,0.58,1
9,2,4938,2,10,5,0,300,0.5,1700,0.5,1
9,3,11484,1,0,500,0.6,1000,0.2,1400,0.2,1
9,4,3754,2,10,5,0,300,0.5,1700,0.5,1
9,5,6399,0,0,500,0.6,1000,0.2,1400,0.2,1
9,6,10406,1,0,500,0.6,1000,0.2,1400,0.2,1
9,7,10387,1,0,300,0.5,572,0.32,486,0.18,1
9,8,2698,0,0,666,0.42,420,0.58,1
9,9,818,0,0,500,0.6,1000,0.2,1400,0.2,1
9,10,10270,0,0,666,0.42,420,0.58,1
9,11,12599,1,0,500,0.6,1000,0.2,1400,0.2,1
10,0,9513,1,0,500,0.6,1000,0.2,1400,0.2,1
10,1,8466,1,0,300,0.5,1700,0.5,1
10,2,4268,2,10,5,0,500,0.6,1000,0.2,1400,0.2,1
10,3,7460,2,10,5,0,500,0.6,1000,0.2,1400,0.2,1
10,4,2641,2,10,5,0,666,0.42,420,0.58,1
10,5,14825,1,0,666,0.42,420,0.58,1
10,6,14636,2,10,5,0,300,0.5,572,0.32,486,0.18,1
10,7,8326,2,10,5,0,300,0.5,1700,0.5,1
10,8,3336,0,0,300,0.5,572,0.32,486,0.18,1
10,9,8790,1,0,500,0.6,1000,0.2,1400,0.2,1
10,10,2980,0,0,666,0.42,420,0.58,1
10,11,5056,1,0,300,0.5,1700,0.5,1
11,0,617,1,0,500,0.6,1000,0.2,1400,0.2,1
11,1,1951,1,0,500,0.6,1000,0.2,1400,0.2,1
11,2,2702,2,10,5,0,300,0.5,572,0.32,486,0.18,1
11,3,2853,0,0,500,0.6,1000,0.2,1400,0.2,1
11,4,12055,2,10,5,0,500,0.6,1000,0.2,1400,0.2,1
11,5,726,0,0,666,0.42,420,0.58,1
11,6,12261,1,0,300,0.5,572,0.32,486,0.18,1
11,7,9081,2,10,5,0,500,0.6,1000,0.2,1400,0.2,1
11,8,660,1,0,300,0.5,572,0.32,486,0.18,1
11,9,7787,0,0,300,0.5,572,0.32,486,0.18,1
11,10,14004,0,0,500,0.6,1000,0.2,1400,0.2,1
11,11,8398,2,10,5,0,666,0.42,420,0.58,1
