0,0,12395,2,10,5,0,300,0.5,1700,0.5,1
0,1,11230,0,0,300,0.5,572,0.32,486,0.18,1
0,2,10861,1,0,300,0.5,1700,0.5,1
0,3,5848,2,10,5,0,500,0.6,1000,0.2,1400,0.2,1
0,4,4721,2,10,5,0,300,0.5,1700,0.5,1
0,5,13362,1,0,500,0.6,1000,0.2,1400,0.2,1
0,6,1001,1,0,666,0.42,420,0.58,1
0,7,12255,1,0,300,0.5,572,0.32,486,0.18,1
0,8,984,0,0,500,0.6,1000,0.2,1400,0.2,1
0,9,5765,2,10,5,0,666,0.42,420,0.58,1
0,10,2547,1,0,500,0.6,1000,0.2,1400,0.2,1
0,11,1542,2,10,5,0,300,0.5,572,0.32,486,0.18,1
1,0,3788,2,10,5,0,666,0.42,420,0.58,1
1,1,1246,1,0,300,0.5,1700,0.5,1
1,2,834,1,0,500,0.6,1000,0.2,1400,0.2,0
1,3,12997,2,10,5,0,300,0.5,1700,0.5,1
1,4,10709,1,0,500,0.6,1000,0.2,1400,0.2,1
1,5,14100,1,0,300,0.5,572,0.32,486,0.18,1
1,6,13687,2,10,5,0,300,0.5,572,0.32,486,0.18,1
1,7,13313,2,10,5,0,300,0.5,1700,0.5,1
1,8,14164,1,0,300,0.5,572,0.32,486,0.18,1
1,9,2866,0,0,300,0.5,572,0.32,486,0.18,1
1,10,7927,1,0,300,0.5,572,0.32,486,0.18,1
1,11,8520,0,0,500,0.6,1000,0.2,1400,0.2,1
2,0,5337,1,0,300,0.5,1700,0.5,1
2,1,9621,2,10,5,0,300,0.5,572,0.32,486,0.18,1
2,2,4242,0,0,666,0.42,420,0.58,1
2,3,4499,0,0,500,0.6,1000,0.2,1400,0.2,1
2,4,4847,2,10,5,0,500,0.6,1000,0.2,1400,0.2,1
2,5,6039,0,0,666,0.42,420,0.58,1
2,6,3664,1,0,666,0.42,420,0.58,1
2,7,11123,2,10,5,0,666,0.42,420,0.58,1
2,8,1549,0,0,666,0.42,420,0.58,1
2,9,14582,1,0,500,0.6,1000,0.2,1400,0.2,1
2,10,2372,0,0,300,0.5,1700,0.5,1
2,11,8637,1,0,300,0.5,1700,0.5,1
3,0,6798,1,0,666,0.42,420,0.58,1
3,1,5324,1,0,300,0.5,572,0.32,486,0.18,1
3,2,9359,2,10,5,0,300,0.5,572,0.32,486,0.18,1
3,3,12629,2,10,5,0,500,0.6,1000,0.2,1400,0.2,1
3,4,4441,0,0,300,0.5,572,0.32,486,0.18,1
3,5,1189,0,0,300,0.5,1700,0.5,1
3,6,1347,2,10,5,0,300,0.5,1700,0.5,1
3,7,3747,0,0,666,0.42,420,0.58,1
3,8,6329,0,0,666,0.42,420,0.58,1
3,9,11737,2,10,5,0,300,0.5,572,0.32,486,0.18,1
3,10,737,2,10,5,0,500,0.6,1000,0.2,1400,0.2,1
3,11,3340,2,10,5,0,500,0.6,1000,0.2,1400,0.2,1
4,0,14663,2,10,5,0,300,0.5,572,0.32,486,0.18,1
4,1,2238,0,0,500,0.6,1000,0.2,1400,0.2,1
4,2,4030,0,0,666,0.42,420,0.58,1
4,3,12779,1,0,300,0.5,1700,0.5,1
4,4,1900,1,0,666,0.42,420,0.58,1
4,5,8628,2,10,5,0,500,0.6,1000,0.2,1400,0.2,1
4,6,5972,2,10,5,0,300,0.5,1700,0.5,1
4,7,8992,1,0,300,0.5,572,0.32,486,0.18,1
4,8,5006,1,0,666,0.42,420,0.58,1
4,9,803,0,0,300,0.5,1700,0.5,1
4,10,5957,1,0,500,0.6,1000,0.2,1400,0.2,1
4,11,12772,2,10,5,0,666,0.42,420,0.58,1
5,0,1135,1,0,300,0.5,1700,0.5,1
5,1,14814,1,0,300,0.5,1700,0.5,1
5,2,13752,2,10,5,0,300,0.5,1700,0.5,1
5,3,1888,1,0,300,0.5,572,0.32,486,0.18,1
5,4,11564,2,10,5,0,300,0.5,1700,0.5,1
5,5,1659,1,0,500,0.6,1000,0.2,1400,0.2,1
5,6,3670,1,0,500,0.6,1000,0.2,1400,0.2,1
5,7,12976,2,10,5,0,666,0.42,420,0.58,1
5,8,3849,1,0,500,0.6,1000,0.2,1400,0.2,1
5,9,524,0,0,300,0.5,572,0.32,486,0.18,1
5,10,10291,1,0,666,0.42,420,0.58,1
5,11,2458,2,10,5,0,300,0.5,572,0.32,486,0.18,1
6,0,1202,1,0,300,0.5,572,0.32,486,0.18,1
6,1,10298,1,0,500,0.6,1000,0.2,1400,0.2,1
6,2,11103,1,0,666,0.42,420,0.58,1
6,3,7295,1,0,300,0.5,572,0.32,486,0.18,1
6,4,1456,1,0,500,0.6,1000,0.2,1400,0.2,1
6,5,9917,2,10,5,0,500,0.6,1000,0.2,1400,0.2,1
6,6,9298,2,10,5,0,300,0.5,1700,0.5,1
6,7,1828,1,0,500,0.6,1000,0.2,1400,0.2,1
6,8,5392,2,10,5,0,500,0.6,1000,0.2,1400,0.2,1
6,9,8572,0,0,500,0.6,1000,0.2,1400,0.2,1
6,10,12859,0,0,300,0.5,1700,0.5,1
6,11,3198,1,0,666,0.42,420,0.58,1
7,0,5851,0,0,666,0.42,420,0.58,1
7,1,6904,1,0,500,0.6,1000,0.2,1400,0.2,1
7,2,3050,0,0,666,0.42,420,0.58,1
7,3,14151,2,10,5,0,500,0.6,1000,0.2,1400,0.2,1
7,4,8894,1,0,300,0.5,572,0.32,486,0.18,1
7,5,9267,2,10,5,0,666,0.42,420,0.58,1
7,6,6561,1,0,666,0.42,420,0.58,1
7,7,6107,2,10,5,0,300,0.5,572,0.32,486,0.18,1
7,8,3886,1,0,666,0.42,420,0.58,1
7,9,3190,2,10,5,0,300,0.5,572,0.32,486,0.18,1
7,10,12240,0,0,666,0.42,420,0.58,1
7,11,12215,1,0,666,0.42,420,0.58,1
8,0,6422,2,10,5,0,300,0.5,1700,0.5,1
8,1,12184,1,0,666,0.42,420,0.58,1
8,2,6195,1,0,300,0.5,572,0.32,486,0.18,1
8,3,1933,1,0,300,0.5,1700,0.5,1
8,4,3547,2,10,5,0,666,0.42,420,0.58,1
8,5,4257,0,0,500,0.6,1000,0.2,1400,0.2,1
8,6,12233,1,0,300,0.5,1700,0.5,1
8,7,12225,1,0,500,0.6,1000,0.2,1400,0.2,1
8,8,7530,0,0,300,0.5,1700,0.5,1
8,9,8610,0,0,666,0.42,420,0.58,1
8,10,3811,0,0,666,0.42,420,0.58,1
8,11,2826,0,0,300,0.5,1700,0.5,1
9,0,11645,1,0,300,0.5,572,0.32,486,0.18,1
9,1,13603,1,0,300,0.5,572,0.32,486,0.18,1
9,2,8878,2,10,5,0,500,0.6,1000,0.2,1400,0.2,1
9,3,4024,1,0,500,0.6,1000,0.2,1400,0.2,1
9,4,12841,1,0,300,0.5,1700,0.5,1
9,5,401,1,0,500,0.6,1000,0.2,1400,0.2,1
9,6,9620,1,0,500,0.6,1000,0.2,1400,0.2,1
9,7,10417,2,10,5,0,500,0.6,1000,0.2,1400,0.2,1
9,8,14295,2,10,5,0,300,0.5,572,0.32,486,0.18,1
9,9,12696,0,0,300,0.5,572,0.32,486,0.18,1
9,10,1924,0,0,300,0.5,572,0.32,486,0.18,1
9,11,783,1,0,500,0.6,1000,0.2,1400,0.2,1
10,0,541,0,0,300,0.5,572,0.32,486,0.18,1
10,1,13931,1,0,300,0.5,572,0.32,486,0.18,1
10,2,2967,1,0,666,0.42,420,0.58,1
10,3,6070,0,0,300,0.5,1700,0.5,1
10,4,14209,2,10,5,0,300,0.5,572,0.32,486,0.18,1
10,5,14969,2,10,5,0,500,0.6,1000,0.2,1400,0.2,1
10,6,2942,0,0,300,0.5,572,0.32,486,0.18,1
10,7,2241,1,0,500,0.6,1000,0.2,1400,0.2,1
10,8,2217,1,0,666,0.42,420,0.58,1
10,9,13382,1,0,300,0.5,1700,0.5,1
10,10,3528,1,0,300,0.5,1700,0.5,1
10,11,10563,1,0,666,0.42,420,0.58,1
11,0,5535,1,0,300,0.5,572,0.32,486,0.18,1
11,1,8220,1,0,666,0.42,420,0.58,1
11,2,4925,2,10,5,0,300,0.5,1700,0.5,1
11,3,6486,1,0,666,0.42,420,0.58,1
11,4,4674,0,0,300,0.5,572,0.32,486,0.18,1
11,5,10451,1,0,666,0.42,420,0.58,1
11,6,6008,2,10,5,0,300,0.5,1700,0.5,1
11,7,10936,1,0,666,0.42,420,0.58,1
11,8,3488,0,0,300,0.5,572,0.32,486,0.18,1
11,9,3622,2,10,5,0,300,0.5,1700,0.5,1
11,10,5826,1,0,300,0.5,1700,0.5,1
11,11,4560,0,0,500,0.6,1000,0.2,1400,0.2,1
