0,0,11234,2,10,5,0,666,0.42,420,0.58,1
0,1,10732,1,0,300,0.5,572,0.32,486,0.18,1
0,2,7816,2,10,5,0,666,0.42,420,0.58,1
0,3,3077,0,0,500,0.6,1000,0.2,1400,0.2,1
0,4,11249,0,0,300,0.5,1700,0.5,1
0,5,1925,2,10,5,0,500,0.6,1000,0.2,1400,0.2,1
0,6,1594,1,0,666,0.42,420,0.58,1
0,7,4396,1,0,300,0.5,572,0.32,486,0.18,1
0,8,7766,2,10,5,0,300,0.5,572,0.32,486,0.18,1
0,9,13566,0,0,300,0.5,1700,0.5,1
0,10,1382,2,10,5,0,300,0.5,1700,0.5,1
0,11,8231,0,0,666,0.42,420,0.58,1
1,0,1322,1,0,300,0.5,572,0.32,486,0.18,1
1,1,11760,1,0,666,0.42,420,0.58,1
1,2,13938,1,0,666,0.42,420,0.58,0
1,3,13561,1,0,300,0.5,1700,0.5,1
1,4,2645,2,10,5,0,500,0.6,1000,0.2,1400,0.2,1
1,5,8421,0,0,500,0.6,1000,0.2,1400,0.2,1
1,6,4385,0,0,500,0.6,1000,0.2,1400,0.2,1
1,7,7731,1,0,300,0.5,572,0.32,486,0.18,1
1,8,10476,0,0,300,0.5,1700,0.5,1
1,9,12657,0,0,300,0.5,1700,0.5,1
1,10,1200,1,0,666,0.42,420,0.58,1
1,11,10253,1,0,300,0.5,1700,0.5,1
2,0,6091,0,0,500,0.6,1000,0.2,1400,0.2,1
2,1,5601,1,0,300,0.5,572,0.32,486,0.18,1
2,2,4606,1,0,300,0.5,572,0.32,486,0.18,1
2,3,12987,2,10,5,0,300,0.5,1700,0.5,1
2,4,11339,2,10,5,0,300,0.5,1700,0.5,1
2,5,8710,2,10,5,0,500,0.6,1000,0.2,1400,0.2,1
2,6,6983,2,10,5,0,300,0.5,572,0.32,486,0.18,1
2,7,11181,0,0,500,0.6,1000,0.2,1400,0.2,1
2,8,2554,1,0,500,0.6,1000,0.2,1400,0.2,1
2,9,10082,2,10,5,0,300,0.5,1700,0.5,1
2,10,10268,0,0,300,0.5,1700,0.5,1
2,11,443,0,0,500,0.6,1000,0.2,1400,0.2,1
3,0,5983,0,0,300,0.5,1700,0.5,1
3,1,8003,1,0,300,0.5,572,0.32,486,0.18,1
3,2,14853,2,10,5,0,300,0.5,1700,0.5,1
3,3,10566,0,0,666,0.42,420,0.58,1
3,4,9674,2,10,5,0,500,0.6,1000,0.2,1400,0.2,1
3,5,6456,2,10,5,0,300,0.5,572,0.32,486,0.18,1
3,6,9713,2,10,5,0,300,0.5,1700,0.5,1
3,7,7249,1,0,300,0.5,572,0.32,486,0.18,1
3,8,288,2,10,5,0,300,0.5,1700,0.5,1
3,9,9769,0,0,300,0.5,1700,0.5,1
3,10,6124,0,0,500,0.6,1000,0.2,1400,0.2,1
3,11,13151,0,0,300,0.5,1700,0.5,1
4,0,13591,1,0,300,0.5,1700,0.5,1
4,1,10397,0,0,300,0.5,572,0.32,486,0.18,1
4,2,5402,0,0,666,0.42,420,0.58,1
4,3,3143,1,0,300,0.5,572,0.32,486,0.18,1
4,4,9733,0,0,666,0.42,420,0.58,1
4,5,3086,1,0,300,0.5,1700,0.5,1
4,6,7337,1,0,300,0.5,572,0.32,486,0.18,1
4,7,1142,2,10,5,0,300,0.5,1700,0.5,1
4,8,7519,1,0,666,0.42,420,0.58,1
4,9,11144,2,10,5,0,500,0.6,1000,0.2,1400,0.2,1
4,10,4473,2,10,5,0,500,0.6,1000,0.2,1400,0.2,1
4,11,7412,0,0,300,0.5,572,0.32,486,0.18,1
5,0,9671,1,0,500,0.6,1000,0.2,1400,0.2,1
5,1,782,1,0,666,0.42,420,0.58,1
5,2,14864,2,10,5,0,300,0.5,1700,0.5,1
5,3,10302,2,10,5,0,300,0.5,1700,0.5,1
5,4,10051,1,0,500,0.6,1000,0.2,1400,0.2,1
5,5,9600,1,0,500,0.6,1000,0.2,1400,0.2,1
5,6,7692,1,0,300,0.5,1700,0.5,1
5,7,12459,1,0,300,0.5,572,0.32,486,0.18,1
5,8,5315,1,0,300,0.5,572,0.32,486,0.18,1
5,9,11983,1,0,666,0.42,420,0.58,1
5,10,6209,1,0,300,0.5,572,0.32,486,0.18,1
5,11,14007,2,10,5,0,300,0.5,572,0.32,486,0.18,1
6,0,10968,0,0,300,0.5,572,0.32,486,0.18,1
6,1,4275,1,0,300,0.5,1700,0.5,1
6,2,11771,1,0,300,0.5,1700,0.5,1
6,3,8274,0,0,300,0.5,572,0.32,486,0.18,1
6,4,2074,2,10,5,0,300,0.5,1700,0.5,1
6,5,11927,0,0,300,0.5,1700,0.5,1
6,6,5863,1,0,300,0.5,572,0.32,486,0.18,1
6,7,9168,1,0,666,0.42,420,0.58,1
6,8,10731,0,0,500,0.6,1000,0.2,1400,0.2,1
6,9,9476,2,10,5,0,500,0.6,1000,0.2,1400,0.2,1
6,10,12036,1,0,500,0.6,1000,0.2,1400,0.2,1
6,11,876,2,10,5,0,300,0.5,572,0.32,486,0.18,1
7,0,6777,2,10,5,0,500,0.6,1000,0.2,1400,0.2,1
7,1,3734,1,0,500,0.6,1000,0.2,1400,0.2,1
7,2,3789,1,0,666,0.42,420,0.58,1
7,3,616,1,0,666,0.42,420,0.58,1
7,4,7327,0,0,500,0.6,1000,0.2,1400,0.2,1
7,5,9746,1,0,300,0.5,1700,0.5,1
7,6,11858,2,10,5,0,500,0.6,1000,0.2,1400,0.2,1
7,7,7368,1,0,300,0.5,572,0.32,486,0.18,1
7,8,6315,1,0,666,0.42,420,0.58,1
7,9,7182,0,0,300,0.5,1700,0.5,1
7,10,10021,2,10,5,0,300,0.5,572,0.32,486,0.18,1
7,11,2714,0,0,500,0.6,1000,0.2,1400,0.2,1
8,0,1943,1,0,666,0.42,420,0.58,1
8,1,10914,0,0,666,0.42,420,0.58,1
8,2,5523,1,0,666,0.42,420,0.58,1
8,3,5817,0,0,300,0.5,572,0.32,486,0.18,1
8,4,8454,1,0,300,0.5,572,0.32,486,0.18,1
8,5,981,1,0,666,0.42,420,0.58,1
8,6,2598,1,0,300,0.5,1700,0.5,1
8,7,11302,0,0,300,0.5,1700,0.5,1
8,8,5576,0,0,666,0.42,420,0.58,1
8,9,9623,1,0,666,0.42,420,0.58,1
8,10,483,0,0,300,0.5,572,0.32,486,0.18,1
8,11,8660,0,0,300,0.5,572,0.32,486,0.18,1
9,0,8147,1,0,500,0.6,1000,0.2,1400,0.2,1
9,1,954,2,10,5,0,500,0.6,1000,0.2,1400,0.2,1
9,2,11398,2,10,5,0,500,0.6,1000,0.2,1400,0.2,1
9,3,14438,2,10,5,0,300,0.5,1700,0.5,1
9,4,4096,0,0,300,0.5,1700,0.5,1
9,5,3302,0,0,666,0.42,420,0.58,1
9,6,91,1,0,500,0.6,1000,0.2,1400,0.2,1
9,7,1053,0,0,666,0.42,420,0.58,1
9,8,122,0,0,500,0.6,1000,0.2,1400,0.2,1
9,9,3169,0,0,300,0.5,572,0.32,486,0.18,1
9,10,4714,1,0,300,0.5,1700,0.5,1
9,11,12342,2,10,5,0,300,0.5,1700,0.5,1
10,0,5394,2,10,5,0,666,0.42,420,0.58,1
10,1,7857,0,0,500,0.6,1000,0.2,1400,0.2,1
10,2,4299,0,0,300,0.5,572,0.32,486,0.18,1
10,3,4742,2,10,5,0,666,0.42,420,0.58,1
10,4,3540,2,10,5,0,300,0.5,572,0.32,486,0.18,1
10,5,11104,1,0,300,0.5,1700,0.5,1
10,6,11287,1,0,666,0.42,420,0.58,1
10,7,8501,0,0,300,0.5,1700,0.5,1
10,8,24,1,0,666,0.42,420,0.58,1
10,9,9131,0,0,666,0.42,420,0.58,1
10,10,5588,1,0,666,0.42,420,0.58,1
10,11,853,0,0,300,0.5,1700,0.5,1
11,0,3506,1,0,300,0.5,1700,0.5,1
11,1,10554,2,10,5,0,300,0.5,1700,0.5,1
11,2,12277,1,0,300,0.5,572,0.32,486,0.18,1
11,3,13678,0,0,666,0.42,420,0.58,1
11,4,1775,2,10,5,0,500,0.6,1000,0.2,1400,0.2,1
11,5,5331,2,10,5,0,500,0.6,1000,0.2,1400,0.2,1
11,6,5797,1,0,500,0.6,1000,0.2,1400,0.2,1
11,7,2661,1,0,300,0.5,572,0.32,486,0.18,1
11,8,3318,2,10,5,0,300,0.5,1700,0.5,1
11,9,841,1,0,300,0.5,1700,0.5,1
11,10,10367,0,0,300,0.5,1700,0.5,1
11,11,9033,2,10,5,0,500,0.6,1000,0.2,1400,0.2,1
