0,0,8894,0,0,500,0.6,1000,0.2,1400,0.2,1
0,1,5365,1,0,500,0.6,1000,0.2,1400,0.2,1
0,2,1598,2,10,5,0,666,0.42,420,0.58,1
0,3,6621,0,0,666,0.42,420,0.58,1
0,4,10262,1,0,666,0.42,420,0.58,1
0,5,10875,0,0,300,0.5,1700,0.5,1
0,6,11728,0,0,666,0.42,420,0.58,1
0,7,7878,0,0,300,0.5,572,0.32,486,0.18,1
0,8,10544,2,10,5,0,666,0.42,420,0.58,1
0,9,9765,2,10,5,0,300,0.5,1700,0.5,1
0,10,12268,2,10,5,0,500,0.6,1000,0.2,1400,0.2,1
0,11,10985,2,10,5,0,666,0.42,420,0.58,1
1,0,3976,1,0,666,0.42,420,0.58,1
1,1,9673,2,10,5,0,300,0.5,1700,0.5,1
1,2,1096,0,0,666,0.42,420,0.58,0
1,3,6702,2,10,5,0,300,0.5,1700,0.5,1
1,4,2549,2,10,5,0,300,0.5,1700,0.5,1
1,5,5748,1,0,300,0.5,1700,0.5,1
1,6,7632,1,0,300,0.5,572,0.32,486,0.18,1
1,7,2505,0,0,500,0.6,1000,0.2,1400,0.2,1
1,8,6312,0,0,500,0.6,1000,0.2,1400,0.2,1
1,9,10196,2,10,5,0,666,0.42,420,0.58,1
1,10,6578,2,10,5,0,300,0.5,572,0.32,486,0.18,1
1,11,12467,1,0,300,0.5,1700,0.5,1
2,0,2887,1,0,666,0.42,420,0.58,1
2,1,1610,0,0,300,0.5,1700,0.5,1
2,2,1725,2,10,5,0,666,0.42,420,0.58,1
2,3,8016,2,10,5,0,666,0.42,420,0.58,1
2,4,5342,1,0,666,0.42,420,0.58,1
2,5,11169,0,0,500,0.6,1000,0.2,1400,0.2,1
2,6,10716,0,0,666,0.42,420,0.58,1
2,7,3608,1,0,500,0.6,1000,0.2,1400,0.2,1
2,8,4310,1,0,300,0.5,1700,0.5,1
2,9,5662,1,0,300,0.5,572,0.32,486,0.18,1
2,10,2541,0,0,300,0.5,572,0.32,486,0.18,1
2,11,2144,2,10,5,0,500,0.6,1000,0.2,1400,0.2,1
3,0,9226,0,0,666,0.42,420,0.58,1
3,1,9166,0,0,300,0.5,572,0.32,486,0.18,1
3,2,13843,0,0,500,0.6,1000,0.2,1400,0.2,1
3,3,9747,1,0,500,0.6,1000,0.2,1400,0.2,1
3,4,14079,2,10,5,0,666,0.42,420,0.58,1
3,5,13918,0,0,300,0.5,572,0.32,486,0.18,1
3,6,11115,2,10,5,0,300,0.5,1700,0.5,1
3,7,3200,0,0,666,0.42,420,0.58,1
3,8,11616,2,10,5,0,666,0.42,420,0.58,1
3,9,11781,1,0,500,0.6,1000,0.2,1400,0.2,1
3,10,3467,0,0,300,0.5,1700,0.5,1
3,11,5277,0,0,300,0.5,1700,0.5,1
4,0,13908,2,10,5,0,500,0.6,1000,0.2,1400,0.2,1
4,1,3061,2,10,5,0,300,0.5,1700,0.5,1
4,2,6725,2,10,5,0,300,0.5,572,0.32,486,0.18,1
4,3,7994,2,10,5,0,500,0.6,1000,0.2,1400,0.2,1
4,4,12988,1,0,500,0.6,1000,0.2,1400,0.2,1
4,5,8244,0,0,300,0.5,572,0.32,486,0.18,1
4,6,4377,2,10,5,0,500,0.6,1000,0.2,1400,0.2,1
4,7,9031,1,0,300,0.5,1700,0.5,1
4,8,14066,0,0,500,0.6,1000,0.2,1400,0.2,1
4,9,2075,1,0,500,0.6,1000,0.2,1400,0.2,1
4,10,10282,2,10,5,0,666,0.42,420,0.58,1
4,11,6347,1,0,666,0.42,420,0.58,1
5,0,6439,0,0,666,0.42,420,0.58,1
5,1,7114,1,0,300,0.5,572,0.32,486,0.18,1
5,2,1969,1,0,500,0.6,1000,0.2,1400,0.2,1
5,3,4976,1,0,300,0.5,1700,0.5,1
5,4,5082,1,0,300,0.5,572,0.32,486,0.18,1
5,5,3727,1,0,300,0.5,572,0.32,486,0.18,1
5,6,9700,1,0,666,0.42,420,0.58,1
5,7,10092,2,10,5,0,666,0.42,420,0.58,1
5,8,3448,2,10,5,0,300,0.5,572,0.32,486,0.18,1
5,9,9391,0,0,500,0.6,1000,0.2,1400,0.2,1
5,10,7621,0,0,666,0.42,420,0.58,1
5,11,3749,2,10,5,0,500,0.6,1000,0.2,1400,0.2,1
6,0,1707,0,0,300,0.5,1700,0.5,1
6,1,2179,2,10,5,0,300,0.5,1700,0.5,1
6,2,4726,0,0,300,0.5,1700,0.5,1
6,3,9865,2,10,5,0,666,0.42,420,0.58,1
6,4,2270,0,0,666,0.42,420,0.58,1
6,5,5467,1,0,666,0.42,420,0.58,1
6,6,8068,0,0,500,0.6,1000,0.2,1400,0.2,1
6,7,10724,2,10,5,0,500,0.6,1000,0.2,1400,0.2,1
6,8,3003,0,0,300,0.5,572,0.32,486,0.18,1
6,9,11089,0,0,300,0.5,1700,0.5,1
6,10,14500,2,10,5,0,666,0.42,420,0.58,1
6,11,3400,0,0,666,0.42,420,0.58,1
7,0,11347,1,0,300,0.5,572,0.32,486,0.18,1
7,1,9172,0,0,666,0.42,420,0.58,1
7,2,4755,2,10,5,0,500,0.6,1000,0.2,1400,0.2,1
7,3,8751,2,10,5,0,300,0.5,1700,0.5,1
7,4,3861,1,0,666,0.42,420,0.58,1
7,5,926,0,0,500,0.6,1000,0.2,1400,0.2,1
7,6,12298,2,10,5,0,666,0.42,420,0.58,1
7,7,8016,2,10,5,0,300,0.5,572,0.32,486,0.18,1
7,8,8984,1,0,300,0.5,1700,0.5,1
7,9,9646,1,0,300,0.5,1700,0.5,1
7,10,4181,1,0,500,0.6,1000,0.2,1400,0.2,1
7,11,12190,1,0,666,0.42,420,0.58,1
8,0,4824,2,10,5,0,500,0.6,1000,0.2,1400,0.2,1
8,1,1099,0,0,500,0.6,1000,0.2,1400,0.2,1
8,2,7766,0,0,300,0.5,572,0.32,486,0.18,1
8,3,3955,2,10,5,0,500,0.6,1000,0.2,1400,0.2,1
8,4,8487,2,10,5,0,300,0.5,572,0.32,486,0.18,1
8,5,11214,0,0,300,0.5,1700,0.5,1
8,6,11960,0,0,500,0.6,1000,0.2,1400,0.2,1
8,7,1456,2,10,5,0,300,0.5,1700,0.5,1
8,8,7685,0,0,500,0.6,1000,0.2,1400,0.2,1
8,9,4864,0,0,666,0.42,420,0.58,1
8,10,14567,1,0,500,0.6,1000,0.2,1400,0.2,1
8,11,9278,0,0,300,0.5,1700,0.5,1
9,0,6607,0,0,500,0.6,1000,0.2,1400,0.2,1
9,1,948,0,0,300,0.5,1700,0.5,1
9,2,2536,1,0,666,0.42,420,0.58,1
9,3,968,1,0,300,0.5,572,0.32,486,0.18,1
9,4,3637,0,0,300,0.5,572,0.32,486,0.18,1
9,5,7624,2,10,5,0,300,0.5,1700,0.5,1
9,6,159,0,0,666,0.42,420,0.58,1
9,7,4246,0,0,300,0.5,1700,0.5,1
9,8,5848,1,0,300,0.5,572,0.32,486,0.18,1
9,9,9658,1,0,500,0.6,1000,0.2,1400,0.2,1
9,10,1250,2,10,5,0,300,0.5,572,0.32,486,0.18,1
9,11,5390,0,0,666,0.42,420,0.58,1
10,0,12085,2,10,5,0,300,0.5,1700,0.5,1
10,1,7274,2,10,5,0,300,0.5,1700,0.5,1
10,2,1523,2,10,5,0,500,0.6,1000,0.2,1400,0.2,1
10,3,11293,1,0,300,0.5,572,0.32,486,0.18,1
10,4,4247,0,0,300,0.5,572,0.32,486,0.18,1
10,5,11887,0,0,666,0.42,420,0.58,1
10,6,7443,2,10,5,0,300,0.5,1700,0.5,1
10,7,8800,0,0,300,0.5,1700,0.5,1
10,8,5363,0,0,500,0.6,1000,0.2,1400,0.2,1
10,9,12876,2,10,5,0,300,0.5,572,0.32,486,0.18,1
10,10,6448,2,10,5,0,300,0.5,1700,0.5,1
10,11,8390,2,10,5,0,666,0.42,420,0.58,1
11,0,9938,1,0,666,0.42,420,0.58,1
11,1,11082,1,0,666,0.42,420,0.58,1
11,2,4623,2,10,5,0,300,0.5,1700,0.5,1
11,3,10868,2,10,5,0,666,0.42,420,0.58,1
11,4,10733,1,0,300,0.5,572,0.32,486,0.18,1
11,5,1075,1,0,666,0.42,420,0.58,1
11,6,2832,1,0,300,0.5,572,0.32,486,0.18,1
11,7,12335,0,0,666,0.42,420,0.58,1
11,8,6292,2,10,5,0,500,0.6,1000,0.2,1400,0.2,1
11,9,10460,2,10,5,0,666,0.42,420,0.58,1
11,10,6610,1,0,300,0.5,572,0.32,486,0.18,1
11,11,6268,2,10,5,0,300,0.5,572,0.32,486,0.18,1
