0,0,7474,0,0,300,0.5,1700,0.5,1
0,1,6052,1,0,666,0.42,420,0.58,1
0,2,13020,1,0,300,0.5,572,0.32,486,0.18,1
0,3,2008,0,0,300,0.5,572,0.32,486,0.18,1
0,4,114,2,10,5,0,666,0.42,420,0.58,1
0,5,9413,2,10,5,0,666,0.42,420,0.58,1
0,6,5540,1,0,300,0.5,572,0.32,486,0.18,1
0,7,7904,2,10,5,0,300,0.5,1700,0.5,1
0,8,980,1,0,666,0.42,420,0.58,1
0,9,3371,2,10,5,0,666,0.42,420,0.58,1
0,10,13964,2,10,5,0,666,0.42,420,0.58,1
0,11,1143,1,0,300,0.5,572,0.32,486,0.18,1
1,0,2886,1,0,300,0.5,572,0.32,486,0.18,1
1,1,12306,0,0,300,0.5,1700,0.5,1
1,2,2864,2,10,5,0,300,0.5,572,0.32,486,0.18,0
1,3,7585,1,0,300,0.5,572,0.32,486,0.18,1
1,4,608,2,10,5,0,666,0.42,420,0.58,1
1,5,10763,0,0,300,0.5,572,0.32,486,0.18,1
1,6,1809,2,10,5,0,500,0.6,1000,0.2,1400,0.2,1
1,7,13067,0,0,300,0.5,1700,0.5,1
1,8,7655,0,0,300,0.5,572,0.32,486,0.18,1
1,9,11226,1,0,300,0.5,1700,0.5,1
1,10,3578,0,0,300,0.5,572,0.32,486,0.18,1
1,11,7550,1,0,666,0.42,420,0.58,1
2,0,4003,2,10,5,0,500,0.6,1000,0.2,1400,0.2,1
2,1,7046,0,0,666,0.42,420,0.58,1
2,2,3070,1,0,300,0.5,1700,0.5,1
2,3,38,0,0,300,0.5,572,0.32,486,0.18,1
2,4,6992,0,0,500,0.6,1000,0.2,1400,0.2,1
2,5,13663,1,0,666,0.42,420,0.58,1
2,6,8907,0,0,300,0.5,1700,0.5,1
2,7,14685,1,0,666,0.42,420,0.58,1
2,8,13179,0,0,300,0.5,572,0.32,486,0.18,1
2,9,11238,0,0,300,0.5,572,0.32,486,0.18,1
2,10,14735,2,10,5,0,300,0.5,572,0.32,486,0.18,1
2,11,12601,1,0,666,0.42,420,0.58,1
3,0,7905,1,0,500,0.6,1000,0.2,1400,0.2,1
3,1,712,2,10,5,0,666,0.42,420,0.58,1
3,2,8147,0,0,300,0.5,572,0.32,486,0.18,1
3,3,5599,0,0,666,0.42,420,0.58,1
3,4,7096,1,0,300,0.5,572,0.32,486,0.18,1
3,5,12816,0,0,500,0.6,1000,0.2,1400,0.2,1
3,6,14130,2,10,5,0,300,0.5,572,0.32,486,0.18,1
3,7,10892,1,0,666,0.42,420,0.58,1
3,8,4792,0,0,666,0.42,420,0.58,1
3,9,14891,2,10,5,0,300,0.5,1700,0.5,1
3,10,11168,2,10,5,0,300,0.5,572,0.32,486,0.18,1
3,11,7323,2,10,5,0,300,0.5,572,0.32,486,0.18,1
4,0,7519,2,10,5,0,666,0.42,420,0.58,1
4,1,11765,0,0,300,0.5,1700,0.5,1
4,2,4703,2,10,5,0,666,0.42,420,0.58,1
4,3,568,1,0,300,0.5,1700,0.5,1
4,4,5700,1,0,300,0.5,572,0.32,486,0.18,1
4,5,4394,0,0,300,0.5,1700,0.5,1
4,6,5223,1,0,666,0.42,420,0.58,1
4,7,5819,1,0,500,0.6,1000,0.2,1400,0.2,1
4,8,9157,2,10,5,0,666,0.42,420,0.58,1
4,9,11211,2,10,5,0,300,0.5,572,0.32,486,0.18,1
4,10,2428,1,0,500,0.6,1000,0.2,1400,0.2,1
4,11,7764,2,10,5,0,666,0.42,420,0.58,1
5,0,7218,1,0,500,0.6,1000,0.2,1400,0.2,1
5,1,3432,0,0,300,0.5,572,0.32,486,0.18,1
5,2,13638,2,10,5,0,300,0.5,1700,0.5,1
5,3,10703,1,0,300,0.5,1700,0.5,1
5,4,4342,1,0,300,0.5,1700,0.5,1
5,5,13091,2,10,5,0,300,0.5,572,0.32,486,0.18,1
5,6,51,1,0,500,0.6,1000,0.2,1400,0.2,1
5,7,8815,0,0,666,0.42,420,0.58,1
5,8,1031,1,0,666,0.42,420,0.58,1
5,9,8251,2,10,5,0,500,0.6,1000,0.2,1400,0.2,1
5,10,13007,0,0,300,0.5,572,0.32,486,0.18,1
5,11,10729,0,0,300,0.5,1700,0.5,1
6,0,3039,2,10,5,0,300,0.5,572,0.32,486,0.18,1
6,1,14876,2,10,5,0,666,0.42,420,0.58,1
6,2,11768,2,10,5,0,500,0.6,1000,0.2,1400,0.2,1
6,3,12100,2,10,5,0,500,0.6,1000,0.2,1400,0.2,1
6,4,9343,2,10,5,0,666,0.42,420,0.58,1
6,5,5591,2,10,5,0,300,0.5,572,0.32,486,0.18,1
6,6,7653,1,0,500,0.6,1000,0.2,1400,0.2,1
6,7,13623,0,0,666,0.42,420,0.58,1
6,8,6931,1,0,500,0.6,1000,0.2,1400,0.2,1
6,9,7294,0,0,300,0.5,572,0.32,486,0.18,1
6,10,2541,1,0,666,0.42,420,0.58,1
6,11,14359,2,10,5,0,300,0.5,572,0.32,486,0.18,1
7,0,6709,0,0,500,0.6,1000,0.2,1400,0.2,1
7,1,9938,0,0,300,0.5,1700,0.5,1
7,2,11535,1,0,300,0.5,572,0.32,486,0.18,1
7,3,4680,2,10,5,0,300,0.5,1700,0.5,1
7,4,9310,1,0,500,0.6,1000,0.2,1400,0.2,1
7,5,4810,2,10,5,0,300,0.5,572,0.32,486,0.18,1
7,6,10117,0,0,500,0.6,1000,0.2,1400,0.2,1
7,7,3134,2,10,5,0,666,0.42,420,0.58,1
7,8,13190,2,10,5,0,500,0.6,1000,0.2,1400,0.2,1
7,9,8731,0,0,500,0.6,1000,0.2,1400,0.2,1
7,10,14350,0,0,666,0.42,420,0.58,1
7,11,13442,1,0,666,0.42,420,0.58,1
8,0,9328,1,0,666,0.42,420,0.58,1
8,1,11311,1,0,666,0.42,420,0.58,1
8,2,14570,2,10,5,0,300,0.5,1700,0.5,1
8,3,5309,1,0,500,0.6,1000,0.2,1400,0.2,1
8,4,9149,0,0,500,0.6,1000,0.2,1400,0.2,1
8,5,9941,0,0,666,0.42,420,0.58,1
8,6,987,0,0,500,0.6,1000,0.2,1400,0.2,1
8,7,10649,0,0,500,0.6,1000,0.2,1400,0.2,1
8,8,8966,2,10,5,0,300,0.5,572,0.32,486,0.18,1
8,9,4606,2,10,5,0,666,0.42,420,0.58,1
8,10,912,2,10,5,0,666,0.42,420,0.58,1
8,11,3045,1,0,300,0.5,572,0.32,486,0.18,1
9,0,13731,0,0,666,0.42,420,0.58,1
9,1,3702,2,10,5,0,300,0.5,572,0.32,486,0.18,1
9,2,1463,2,10,5,0,500,0.6,1000,0.2,1400,0.2,1
9,3,5794,0,0,300,0.5,1700,0.5,1
9,4,1200,1,0,300,0.5,572,0.32,486,0.18,1
9,5,12325,2,10,5,0,300,0.5,572,0.32,486,0.18,1
9,6,449,1,0,666,0.42,420,0.58,1
9,7,10937,1,0,500,0.6,1000,0.2,1400,0.2,1
9,8,9248,1,0,300,0.5,572,0.32,486,0.18,1
9,9,9161,0,0,500,0.6,1000,0.2,1400,0.2,1
9,10,4153,1,0,300,0.5,1700,0.5,1
9,11,389,2,10,5,0,300,0.5,572,0.32,486,0.18,1
10,0,1545,1,0,300,0.5,1700,0.5,1
10,1,823,0,0,300,0.5,572,0.32,486,0.18,1
10,2,5496,0,0,666,0.42,420,0.58,1
10,3,11201,1,0,500,0.6,1000,0.2,1400,0.2,1
10,4,7778,1,0,666,0.42,420,0.58,1
10,5,11401,2,10,5,0,500,0.6,1000,0.2,1400,0.2,1
10,6,11688,0,0,300,0.5,572,0.32,486,0.18,1
10,7,2336,1,0,666,0.42,420,0.58,1
10,8,11626,2,10,5,0,300,0.5,572,0.32,486,0.18,1
10,9,4171,2,10,5,0,300,0.5,1700,0.5,1
10,10,5282,2,10,5,0,666,0.42,420,0.58,1
10,11,12401,1,0,300,0.5,1700,0.5,1
11,0,4680,1,0,300,0.5,1700,0.5,1
11,1,5665,1,0,300,0.5,572,0.32,486,0.18,1
11,2,9884,2,10,5,0,666,0.42,420,0.58,1
11,3,1254,1,0,300,0.5,572,0.32,486,0.18,1
11,4,7531,0,0,300,0.5,572,0.32,486,0.18,1
11,5,10686,1,0,666,0.42,420,0.58,1
11,6,5532,2,10,5,0,500,0.6,1000,0.2,1400,0.2,1
11,7,665,1,0,500,0.6,1000,0.2,1400,0.2,1
11,8,5825,0,0,666,0.42,420,0.58,1
11,9,7759,2,10,5,0,300,0.5,1700,0.5,1
11,10,12149,2,10,5,0,300,0.5,572,0.32,486,0.18,1
11,11,9122,1,0,300,0.5,1700,0.5,1
