0,0,12308,2,10,5,0,500,0.6,1000,0.2,1400,0.2,1
0,1,2662,2,10,5,0,300,0.5,1700,0.5,1
0,2,14674,0,0,500,0.6,1000,0.2,1400,0.2,1
0,3,5597,2,10,5,0,500,0.6,1000,0.2,1400,0.2,1
0,4,14054,1,0,500,0.6,1000,0.2,1400,0.2,1
0,5,8132,0,0,300,0.5,572,0.32,486,0.18,1
0,6,4493,2,10,5,0,500,0.6,1000,0.2,1400,0.2,1
0,7,10317,0,0,500,0.6,1000,0.2,1400,0.2,1
0,8,6608,0,0,500,0.6,1000,0.2,1400,0.2,1
0,9,7169,1,0,300,0.5,1700,0.5,1
0,10,2422,2,10,5,0,500,0.6,1000,0.2,1400,0.2,1
0,11,1761,2,10,5,0,500,0.6,1000,0.2,1400,0.2,1
1,0,10487,0,0,500,0.6,1000,0.2,1400,0.2,1
1,1,14370,2,10,5,0,666,0.42,420,0.58,1
1,2,1556,0,0,666,0.42,420,0.58,0
1,3,3250,1,0,666,0.42,420,0.58,1
1,4,10185,0,0,666,0.42,420,0.58,1
1,5,13040,0,0,666,0.42,420,0.58,1
1,6,11312,0,0,666,0.42,420,0.58,1
1,7,13901,2,10,5,0,666,0.42,420,0.58,1
1,8,9058,0,0,300,0.5,572,0.32,486,0.18,1
1,9,4175,1,0,666,0.42,420,0.58,1
1,10,13086,0,0,300,0.5,1700,0.5,1
1,11,1081,2,10,5,0,500,0.6,1000,0.2,1400,0.2,1
2,0,4477,0,0,300,0.5,1700,0.5,1
2,1,18,2,10,5,0,500,0.6,1000,0.2,1400,0.2,1
2,2,5154,0,0,300,0.5,1700,0.5,1
2,3,12182,2,10,5,0,300,0.5,572,0.32,486,0.18,1
2,4,5025,1,0,300,0.5,572,0.32,486,0.18,1
2,5,7363,0,0,500,0.6,1000,0.2,1400,0.2,1
2,6,13997,1,0,300,0.5,572,0.32,486,0.18,1
2,7,8304,0,0,300,0.5,572,0.32,486,0.18,1
2,8,10954,0,0,500,0.6,1000,0.2,1400,0.2,1
2,9,1628,1,0,300,0.5,1700,0.5,1
2,10,4574,1,0,666,0.42,420,0.58,1
2,11,2059,2,10,5,0,500,0.6,1000,0.2,1400,0.2,1
3,0,12526,1,0,500,0.6,1000,0.2,1400,0.2,1
3,1,3005,2,10,5,0,300,0.5,1700,0.5,1
3,2,7693,2,10,5,0,666,0.42,420,0.58,1
3,3,14542,1,0,666,0.42,420,0.58,1
3,4,12466,0,0,300,0.5,572,0.32,486,0.18,1
3,5,6322,0,0,666,0.42,420,0.58,1
3,6,1193,0,0,666,0.42,420,0.58,1
3,7,8560,1,0,300,0.5,572,0.32,486,0.18,1
3,8,1157,0,0,300,0.5,1700,0.5,1
3,9,7741,2,10,5,0,300,0.5,1700,0.5,1
3,10,13526,0,0,300,0.5,572,0.32,486,0.18,1
3,11,8465,1,0,500,0.6,1000,0.2,1400,0.2,1
4,0,12729,1,0,300,0.5,1700,0.5,1
4,1,12459,2,10,5,0,300,0.5,572,0.32,486,0.18,1
4,2,3628,2,10,5,0,666,0.42,420,0.58,1
4,3,7427,2,10,5,0,500,0.6,1000,0.2,1400,0.2,1
4,4,4856,0,0,500,0.6,1000,0.2,1400,0.2,1
4,5,13982,0,0,666,0.42,420,0.58,1
4,6,13518,0,0,300,0.5,572,0.32,486,0.18,1
4,7,13147,1,0,300,0.5,1700,0.5,1
4,8,248,0,0,666,0.42,420,0.58,1
4,9,11504,0,0,300,0.5,1700,0.5,1
4,10,212,1,0,300,0.5,572,0.32,486,0.18,1
4,11,7161,2,10,5,0,300,0.5,1700,0.5,1
5,0,9940,0,0,300,0.5,572,0.32,486,0.18,1
5,1,6562,1,0,500,0.6,1000,0.2,1400,0.2,1
5,2,10648,2,10,5,0,666,0.42,420,0.58,1
5,3,2521,2,10,5,0,300,0.5,572,0.32,486,0.18,1
5,4,6341,2,10,5,0,500,0.6,1000,0.2,1400,0.2,1
5,5,2680,2,10,5,0,300,0.5,572,0.32,486,0.18,1
5,6,5392,0,0,300,0.5,572,0.32,486,0.18,1
5,7,14881,1,0,300,0.5,1700,0.5,1
5,8,9044,1,0,666,0.42,420,0.58,1
5,9,4009,0,0,500,0.6,1000,0.2,1400,0.2,1
5,10,8342,2,10,5,0,500,0.6,1000,0.2,1400,0.2,1
5,11,3013,1,0,300,0.5,1700,0.5,1
6,0,13051,1,0,666,0.42,420,0.58,1
6,1,10456,2,10,5,0,300,0.5,572,0.32,486,0.18,1
6,2,5712,2,10,5,0,500,0.6,1000,0.2,1400,0.2,1
6,3,2325,0,0,300,0.5,1700,0.5,1
6,4,3661,1,0,666,0.42,420,0.58,1
6,5,8533,2,10,5,0,300,0.5,1700,0.5,1
6,6,2272,0,0,300,0.5,1700,0.5,1
6,7,3368,1,0,300,0.5,1700,0.5,1
6,8,14392,0,0,300,0.5,572,0.32,486,0.18,1
6,9,3436,0,0,666,0.42,420,0.58,1
6,10,9605,2,10,5,0,500,0.6,1000,0.2,1400,0.2,1
6,11,9937,0,0,500,0.6,1000,0.2,1400,0.2,1
7,0,14517,2,10,5,0,666,0.42,420,0.58,1
7,1,11132,1,0,300,0.5,1700,0.5,1
7,2,5979,1,0,666,0.42,420,0.58,1
7,3,4524,1,0,666,0.42,420,0.58,1
7,4,9094,2,10,5,0,300,0.5,1700,0.5,1
7,5,14964,1,0,666,0.42,420,0.58,1
7,6,13335,2,10,5,0,666,0.42,420,0.58,1
7,7,729,1,0,300,0.5,572,0.32,486,0.18,1
7,8,13713,2,10,5,0,666,0.42,420,0.58,1
7,9,14392,2,10,5,0,500,0.6,1000,0.2,1400,0.2,1
7,10,10269,0,0,300,0.5,572,0.32,486,0.18,1
7,11,2908,2,10,5,0,500,0.6,1000,0.2,1400,0.2,1
8,0,12194,1,0,300,0.5,1700,0.5,1
8,1,1154,2,10,5,0,300,0.5,1700,0.5,1
8,2,8896,1,0,300,0.5,1700,0.5,1
8,3,2217,1,0,300,0.5,1700,0.5,1
8,4,43,2,10,5,0,300,0.5,572,0.32,486,0.18,1
8,5,11228,2,10,5,0,500,0.6,1000,0.2,1400,0.2,1
8,6,660,0,0,666,0.42,420,0.58,1
8,7,8914,0,0,300,0.5,1700,0.5,1
8,8,12129,2,10,5,0,300,0.5,1700,0.5,1
8,9,4136,0,0,300,0.5,1700,0.5,1
8,10,11213,2,10,5,0,300,0.5,1700,0.5,1
8,11,88,2,10,5,0,300,0.5,572,0.32,486,0.18,1
9,0,6991,1,0,666,0.42,420,0.58,1
9,1,6615,0,0,300,0.5,572,0.32,486,0.18,1
9,2,8492,2,10,5,0,500,0.6,1000,0.2,1400,0.2,1
9,3,1759,2,10,5,0,500,0.6,1000,0.2,1400,0.2,1
9,4,221,2,10,5,0,666,0.42,420,0.58,1
9,5,9965,2,10,5,0,300,0.5,572,0.32,486,0.18,1
9,6,9829,2,10,5,0,300,0.5,1700,0.5,1
9,7,7006,2,10,5,0,666,0.42,420,0.58,1
9,8,10617,2,10,5,0,666,0.42,420,0.58,1
9,9,9814,2,10,5,0,300,0.5,1700,0.5,1
9,10,12200,2,10,5,0,500,0.6,1000,0.2,1400,0.2,1
9,11,10023,1,0,300,0.5,1700,0.5,1
10,0,14182,1,0,666,0.42,420,0.58,1
10,1,6987,0,0,500,0.6,1000,0.2,1400,0.2,1
10,2,14769,1,0,666,0.42,420,0.58,1
10,3,8509,0,0,666,0.42,420,0.58,1
10,4,8712,1,0,666,0.42,420,0.58,1
10,5,3921,0,0,300,0.5,572,0.32,486,0.18,1
10,6,7335,0,0,300,0.5,1700,0.5,1
10,7,3397,0,0,300,0.5,572,0.32,486,0.18,1
10,8,12102,2,10,5,0,300,0.5,572,0.32,486,0.18,1
10,9,14752,2,10,5,0,666,0.42,420,0.58,1
10,10,2417,1,0,300,0.5,572,0.32,486,0.18,1
10,11,12753,0,0,300,0.5,1700,0.5,1
11,0,13758,2,10,5,0,300,0.5,1700,0.5,1
11,1,5286,0,0,666,0.42,420,0.58,1
11,2,5172,2,10,5,0,300,0.5,572,0.32,486,0.18,1
11,3,8695,1,0,300,0.5,1700,0.5,1
11,4,7571,0,0,300,0.5,1700,0.5,1
11,5,13521,0,0,500,0.6,1000,0.2,1400,0.2,1
11,6,9539,0,0,500,0.6,1000,0.2,1400,0.2,1
11,7,14299,2,10,5,0,666,0.42,420,0.58,1
11,8,2479,1,0,500,0.6,1000,0.2,1400,0.2,1
11,9,7475,2,10,5,0,300,0.5,572,0.32,486,0.18,1
11,10,5840,2,10,5,0,666,0.42,420,0.58,1
11,11,5120,1,0,300,0.5,572,0.32,486,0.18,1
