0,0,967,1,0,300,0.5,572,0.32,486,0.18,1
0,1,8903,0,0,300,0.5,572,0.32,486,0.18,1
0,2,8065,1,0,300,0.5,572,0.32,486,0.18,1
0,3,6159,2,10,5,0,300,0.5,1700,0.5,1
0,4,7637,1,0,666,0.42,420,0.58,1
0,5,2060,0,0,300,0.5,572,0.32,486,0.18,1
0,6,7108,0,0,300,0.5,572,0.32,486,0.18,1
0,7,12036,2,10,5,0,500,0.6,1000,0.2,1400,0.2,1
0,8,5638,0,0,300,0.5,572,0.32,486,0.18,1
0,9,4697,2,10,5,0,300,0.5,572,0.32,486,0.18,1
0,10,8891,1,0,500,0.6,1000,0.2,1400,0.2,1
0,11,9739,2,10,5,0,500,0.6,1000,0.2,1400,0.2,1
1,0,12402,1,0,500,0.6,1000,0.2,1400,0.2,1
1,1,9795,2,10,5,0,300,0.5,1700,0.5,1
1,2,12696,0,0,666,0.42,420,0.58,0
1,3,12655,2,10,5,0,500,0.6,1000,0.2,1400,0.2,1
1,4,4143,0,0,666,0.42,420,0.58,1
1,5,4544,1,0,666,0.42,420,0.58,1
1,6,1532,0,0,500,0.6,1000,0.2,1400,0.2,1
1,7,2186,1,0,300,0.5,572,0.32,486,0.18,1
1,8,12521,1,0,300,0.5,1700,0.5,1
1,9,6673,0,0,300,0.5,1700,0.5,1
1,10,3565,2,10,5,0,300,0.5,572,0.32,486,0.18,1
1,11,10619,2,10,5,0,666,0.42,420,0.58,1
2,0,12741,0,0,500,0.6,1000,0.2,1400,0.2,1
2,1,6984,2,10,5,0,666,0.42,420,0.58,1
2,2,14555,0,0,300,0.5,572,0.32,486,0.18,1
2,3,4074,2,10,5,0,666,0.42,420,0.58,1
2,4,3445,2,10,5,0,500,0.6,1000,0.2,1400,0.2,1
2,5,8211,2,10,5,0,666,0.42,420,0.58,1
2,6,14720,0,0,300,0.5,572,0.32,486,0.18,1
2,7,13981,2,10,5,0,300,0.5,1700,0.5,1
2,8,3806,2,10,5,0,300,0.5,572,0.32,486,0.18,1
2,9,11266,1,0,300,0.5,572,0.32,486,0.18,1
2,10,386,1,0,666,0.42,420,0.58,1
2,11,6599,2,10,5,0,500,0.6,1000,0.2,1400,0.2,1
3,0,10469,1,0,500,0.6,1000,0.2,1400,0.2,1
3,1,2256,1,0,666,0.42,420,0.58,1
3,2,2993,0,0,300,0.5,1700,0.5,1
3,3,302,0,0,300,0.5,572,0.32,486,0.18,1
3,4,11655,2,10,5,0,666,0.42,420,0.58,1
3,5,270,0,0,300,0.5,572,0.32,486,0.18,1
3,6,3351,2,10,5,0,666,0.42,420,0.58,1
3,7,3709,1,0,500,0.6,1000,0.2,1400,0.2,1
3,8,8860,0,0,300,0.5,1700,0.5,1
3,9,10229,1,0,666,0.42,420,0.58,1
3,10,5668,1,0,500,0.6,1000,0.2,1400,0.2,1
3,11,14198,1,0,666,0.42,420,0.58,1
4,0,14407,1,0,666,0.42,420,0.58,1
4,1,1053,1,0,666,0.42,420,0.58,1
4,2,5523,1,0,300,0.5,1700,0.5,1
4,3,6643,2,10,5,0,300,0.5,1700,0.5,1
4,4,2251,2,10,5,0,500,0.6,1000,0.2,1400,0.2,1
4,5,9276,0,0,300,0.5,1700,0.5,1
4,6,2014,1,0,300,0.5,1700,0.5,1
4,7,5922,1,0,500,0.6,1000,0.2,1400,0.2,1
4,8,11161,2,10,5,0,666,0.42,420,0.58,1
4,9,1526,2,10,5,0,500,0.6,1000,0.2,1400,0.2,1
4,10,6639,0,0,300,0.5,572,0.32,486,0.18,1
4,11,468,1,0,666,0.42,420,0.58,1
5,0,3846,1,0,666,0.42,420,0.58,1
5,1,4712,2,10,5,0,300,0.5,572,0.32,486,0.18,1
5,2,3298,0,0,300,0.5,572,0.32,486,0.18,1
5,3,3764,1,0,300,0.5,1700,0.5,1
5,4,11263,2,10,5,0,300,0.5,572,0.32,486,0.18,1
5,5,3285,2,10,5,0,300,0.5,1700,0.5,1
5,6,649,2,10,5,0,300,0.5,572,0.32,486,0.18,1
5,7,3358,2,10,5,0,300,0.5,1700,0.5,1
5,8,6639,0,0,500,0.6,1000,0.2,1400,0.2,1
5,9,9342,1,0,300,0.5,1700,0.5,1
5,10,11105,2,10,5,0,300,0.5,1700,0.5,1
5,11,11693,1,0,500,0.6,1000,0.2,1400,0.2,1
6,0,2622,2,10,5,0,666,0.42,420,0.58,1
6,1,11543,0,0,300,0.5,572,0.32,486,0.18,1
6,2,13353,2,10,5,0,666,0.42,420,0.58,1
6,3,4436,2,10,5,0,500,0.6,1000,0.2,1400,0.2,1
6,4,6432,1,0,300,0.5,572,0.32,486,0.18,1
6,5,8515,0,0,300,0.5,1700,0.5,1
6,6,9436,2,10,5,0,300,0.5,1700,0.5,1
6,7,1442,2,10,5,0,300,0.5,572,0.32,486,0.18,1
6,8,9683,1,0,300,0.5,572,0.32,486,0.18,1
6,9,6021,0,0,300,0.5,572,0.32,486,0.18,1
6,10,4342,2,10,5,0,500,0.6,1000,0.2,1400,0.2,1
6,11,4874,1,0,666,0.42,420,0.58,1
7,0,14491,0,0,500,0.6,1000,0.2,1400,0.2,1
7,1,7872,2,10,5,0,666,0.42,420,0.58,1
7,2,14685,2,10,5,0,500,0.6,1000,0.2,1400,0.2,1
7,3,10801,0,0,300,0.5,1700,0.5,1
7,4,6724,1,0,300,0.5,572,0.32,486,0.18,1
7,5,3709,2,10,5,0,500,0.6,1000,0.2,1400,0.2,1
7,6,11683,0,0,666,0.42,420,0.58,1
7,7,5687,1,0,300,0.5,572,0.32,486,0.18,1
7,8,8098,0,0,300,0.5,1700,0.5,1
7,9,11816,0,0,300,0.5,572,0.32,486,0.18,1
7,10,5208,2,10,5,0,500,0.6,1000,0.2,1400,0.2,1
7,11,4876,0,0,300,0.5,1700,0.5,1
8,0,13203,2,10,5,0,500,0.6,1000,0.2,1400,0.2,1
8,1,11752,1,0,500,0.6,1000,0.2,1400,0.2,1
8,2,8853,1,0,666,0.42,420,0.58,1
8,3,429,0,0,500,0.6,1000,0.2,1400,0.2,1
8,4,6405,1,0,500,0.6,1000,0.2,1400,0.2,1
8,5,9325,1,0,666,0.42,420,0.58,1
8,6,7212,2,10,5,0,500,0.6,1000,0.2,1400,0.2,1
8,7,5626,0,0,666,0.42,420,0.58,1
8,8,12551,1,0,500,0.6,1000,0.2,1400,0.2,1
8,9,5014,2,10,5,0,300,0.5,1700,0.5,1
8,10,6112,1,0,500,0.6,1000,0.2,1400,0.2,1
8,11,9751,1,0,666,0.42,420,0.58,1
9,0,11667,2,10,5,0,300,0.5,1700,0.5,1
9,1,9755,1,0,500,0.6,1000,0.2,1400,0.2,1
9,2,14087,0,0,300,0.5,572,0.32,486,0.18,1
9,3,691,2,10,5,0,500,0.6,1000,0.2,1400,0.2,1
9,4,12347,0,0,500,0.6,1000,0.2,1400,0.2,1
9,5,1633,1,0,666,0.42,420,0.58,1
9,6,5314,0,0,300,0.5,572,0.32,486,0.18,1
9,7,11601,1,0,300,0.5,1700,0.5,1
9,8,9359,1,0,500,0.6,1000,0.2,1400,0.2,1
9,9,13050,1,0,500,0.6,1000,0.2,1400,0.2,1
9,10,3624,0,0,500,0.6,1000,0.2,1400,0.2,1
9,11,9123,1,0,300,0.5,1700,0.5,1
10,0,494,1,0,666,0.42,420,0.58,1
10,1,3807,2,10,5,0,500,0.6,1000,0.2,1400,0.2,1
10,2,626,2,10,5,0,300,0.5,572,0.32,486,0.18,1
10,3,13640,1,0,300,0.5,1700,0.5,1
10,4,11076,0,0,666,0.42,420,0.58,1
10,5,11282,1,0,500,0.6,1000,0.2,1400,0.2,1
10,6,10979,1,0,300,0.5,572,0.32,486,0.18,1
10,7,28,0,0,300,0.5,1700,0.5,1
10,8,7242,1,0,666,0.42,420,0.58,1
10,9,1334,2,10,5,0,500,0.6,1000,0.2,1400,0.2,1
10,10,10378,2,10,5,0,500,0.6,1000,0.2,1400,0.2,1
10,11,1648,2,10,5,0,300,0.5,1700,0.5,1
11,0,8729,2,10,5,0,500,0.6,1000,0.2,1400,0.2,1
11,1,9484,2,10,5,0,300,0.5,572,0.32,486,0.18,1
11,2,11394,0,0,300,0.5,1700,0.5,1
11,3,14697,2,10,5,0,300,0.5,1700,0.5,1
11,4,8232,2,10,5,0,300,0.5,572,0.32,486,0.18,1
11,5,160,1,0,500,0.6,1000,0.2,1400,0.2,1
11,6,1299,1,0,500,0.6,1000,0.2,1400,0.2,1
11,7,5620,2,10,5,0,300,0.5,572,0.32,486,0.18,1
11,8,10120,0,0,300,0.5,572,0.32,486,0.18,1
11,9,4309,1,0,500,0.6,1000,0.2,1400,0.2,1
11,10,7477,2,10,5,0,300,0.5,1700,0.5,1
11,11,10793,1,0,300,0.5,572,0.32,486,0.18,1
