0,0,8955,1,0,300,0.5,572,0.32,486,0.18,1
0,1,2614,1,0,666,0.42,420,0.58,1
0,2,11093,0,0,666,0.42,420,0.58,1
0,3,994,0,0,666,0.42,420,0.58,1
0,4,1247,0,0,500,0.6,1000,0.2,1400,0.2,1
0,5,5932,0,0,300,0.5,1700,0.5,1
0,6,7865,2,10,5,0,300,0.5,572,0.32,486,0.18,1
0,7,5861,0,0,666,0.42,420,0.58,1
0,8,6217,2,10,5,0,300,0.5,572,0.32,486,0.18,1
0,9,4465,2,10,5,0,300,0.5,1700,0.5,1
0,10,12499,0,0,300,0.5,1700,0.5,1
0,11,558,1,0,500,0.6,1000,0.2,1400,0.2,1
1,0,11925,0,0,300,0.5,1700,0.5,1
1,1,14979,1,0,500,0.6,1000,0.2,1400,0.2,1
1,2,1312,2,10,5,0,300,0.5,1700,0.5,0
1,3,7828,1,0,500,0.6,1000,0.2,1400,0.2,1
1,4,12420,1,0,300,0.5,572,0.32,486,0.18,1
1,5,8680,1,0,300,0.5,572,0.32,486,0.18,1
1,6,3195,0,0,666,0.42,420,0.58,1
1,7,860,0,0,300,0.5,1700,0.5,1
1,8,14622,1,0,666,0.42,420,0.58,1
1,9,11389,0,0,666,0.42,420,0.58,1
1,10,12003,0,0,300,0.5,572,0.32,486,0.18,1
1,11,6446,1,0,300,0.5,1700,0.5,1
2,0,12337,0,0,666,0.42,420,0.58,1
2,1,12020,0,0,500,0.6,1000,0.2,1400,0.2,1
2,2,8880,0,0,300,0.5,1700,0.5,1
2,3,2751,0,0,300,0.5,572,0.32,486,0.18,1
2,4,13879,2,10,5,0,300,0.5,1700,0.5,1
2,5,7518,1,0,300,0.5,1700,0.5,1
2,6,13259,1,0,500,0.6,1000,0.2,1400,0.2,1
2,7,10131,1,0,500,0.6,1000,0.2,1400,0.2,1
2,8,9777,2,10,5,0,666,0.42,420,0.58,1
2,9,13904,1,0,500,0.6,1000,0.2,1400,0.2,1
2,10,4944,2,10,5,0,300,0.5,572,0.32,486,0.18,1
2,11,121,0,0,666,0.42,420,0.58,1
3,0,4857,0,0,300,0.5,572,0.32,486,0.18,1
3,1,6100,0,0,500,0.6,1000,0.2,1400,0.2,1
3,2,10669,0,0,300,0.5,572,0.32,486,0.18,1
3,3,14925,0,0,666,0.42,420,0.58,1
3,4,12781,2,10,5,0,300,0.5,1700,0.5,1
3,5,4005,0,0,500,0.6,1000,0.2,1400,0.2,1
3,6,12920,1,0,500,0.6,1000,0.2,1400,0.2,1
3,7,3374,0,0,666,0.42,420,0.58,1
3,8,5596,2,10,5,0,666,0.42,420,0.58,1
3,9,10461,2,10,5,0,300,0.5,1700,0.5,1
3,10,10241,0,0,300,0.5,572,0.32,486,0.18,1
3,11,11312,1,0,300,0.5,572,0.32,486,0.18,1
4,0,8015,0,0,500,0.6,1000,0.2,1400,0.2,1
4,1,11538,1,0,666,0.42,420,0.58,1
4,2,3305,0,0,500,0.6,1000,0.2,1400,0.2,1
4,3,6145,1,0,300,0.5,1700,0.5,1
4,4,3370,0,0,666,0.42,420,0.58,1
4,5,9116,0,0,300,0.5,1700,0.5,1
4,6,6677,1,0,300,0.5,1700,0.5,1
4,7,12989,0,0,300,0.5,572,0.32,486,0.18,1
4,8,12976,1,0,666,0.42,420,0.58,1
4,9,9170,0,0,666,0.42,420,0.58,1
4,10,10811,1,0,300,0.5,572,0.32,486,0.18,1
4,11,12427,1,0,500,0.6,1000,0.2,1400,0.2,1
5,0,13556,2,10,5,0,300,0.5,572,0.32,486,0.18,1
5,1,3338,0,0,300,0.5,1700,0.5,1
5,2,7830,0,0,300,0.5,1700,0.5,1
5,3,8007,2,10,5,0,300,0.5,572,0.32,486,0.18,1
5,4,4905,2,10,5,0,500,0.6,1000,0.2,1400,0.2,1
5,5,13172,1,0,666,0.42,420,0.58,1
5,6,10810,0,0,500,0.6,1000,0.2,1400,0.2,1
5,7,6111,1,0,666,0.42,420,0.58,1
5,8,9616,0,0,666,0.42,420,0.58,1
5,9,4917,0,0,500,0.6,1000,0.2,1400,0.2,1
5,10,2906,1,0,500,0.6,1000,0.2,1400,0.2,1
5,11,9621,2,10,5,0,666,0.42,420,0.58,1
6,0,9431,1,0,500,0.6,1000,0.2,1400,0.2,1
6,1,1990,2,10,5,0,500,0.6,1000,0.2,1400,0.2,1
6,2,10784,0,0,300,0.5,1700,0.5,1
6,3,14332,2,10,5,0,500,0.6,1000,0.2,1400,0.2,1
6,4,11776,0,0,300,0.5,572,0.32,486,0.18,1
6,5,4915,2,10,5,0,300,0.5,1700,0.5,1
6,6,2496,2,10,5,0,500,0.6,1000,0.2,1400,0.2,1
6,7,11851,1,0,500,0.6,1000,0.2,1400,0.2,1
6,8,10885,0,0,300,0.5,1700,0.5,1
6,9,3199,0,0,500,0.6,1000,0.2,1400,0.2,1
6,10,173,2,10,5,0,500,0.6,1000,0.2,1400,0.2,1
6,11,4176,2,10,5,0,500,0.6,1000,0.2,1400,0.2,1
7,0,4979,1,0,666,0.42,420,0.58,1
7,1,14954,0,0,300,0.5,572,0.32,486,0.18,1
7,2,14727,1,0,300,0.5,572,0.32,486,0.18,1
7,3,13088,1,0,500,0.6,1000,0.2,1400,0.2,1
7,4,10544,0,0,300,0.5,1700,0.5,1
7,5,4526,1,0,500,0.6,1000,0.2,1400,0.2,1
7,6,13992,0,0,500,0.6,1000,0.2,1400,0.2,1
7,7,7715,0,0,666,0.42,420,0.58,1
7,8,1310,0,0,300,0.5,1700,0.5,1
7,9,10794,0,0,300,0.5,572,0.32,486,0.18,1
7,10,887,0,0,500,0.6,1000,0.2,1400,0.2,1
7,11,6364,2,10,5,0,300,0.5,1700,0.5,1
8,0,11773,2,10,5,0,300,0.5,1700,0.5,1
8,1,8729,1,0,300,0.5,1700,0.5,1
8,2,2026,0,0,666,0.42,420,0.58,1
8,3,8495,2,10,5,0,300,0.5,1700,0.5,1
8,4,11745,1,0,300,0.5,1700,0.5,1
8,5,1997,1,0,300,0.5,1700,0.5,1
8,6,13643,1,0,666,0.42,420,0.58,1
8,7,4081,0,0,500,0.6,1000,0.2,1400,0.2,1
8,8,13271,1,0,300,0.5,1700,0.5,1
8,9,3643,1,0,300,0.5,572,0.32,486,0.18,1
8,10,8428,0,0,666,0.42,420,0.58,1
8,11,3023,1,0,300,0.5,1700,0.5,1
9,0,1658,0,0,500,0.6,1000,0.2,1400,0.2,1
9,1,13064,0,0,300,0.5,572,0.32,486,0.18,1
9,2,7330,0,0,300,0.5,572,0.32,486,0.18,1
9,3,11664,0,0,300,0.5,572,0.32,486,0.18,1
9,4,4024,2,10,5,0,500,0.6,1000,0.2,1400,0.2,1
9,5,574,2,10,5,0,300,0.5,572,0.32,486,0.18,1
9,6,14644,1,0,300,0.5,572,0.32,486,0.18,1
9,7,3541,0,0,666,0.42,420,0.58,1
9,8,10387,1,0,300,0.5,572,0.32,486,0.18,1
9,9,14968,0,0,300,0.5,1700,0.5,1
9,10,14217,2,10,5,0,500,0.6,1000,0.2,1400,0.2,1
9,11,326,1,0,500,0.6,1000,0.2,1400,0.2,1
10,0,8760,0,0,300,0.5,1700,0.5,1
10,1,416,0,0,300,0.5,572,0.32,486,0.18,1
10,2,311,0,0,500,0.6,1000,0.2,1400,0.2,1
10,3,7136,0,0,300,0.5,1700,0.5,1
10,4,243,2,10,5,0,300,0.5,1700,0.5,1
10,5,12654,2,10,5,0,300,0.5,572,0.32,486,0.18,1
10,6,12002,2,10,5,0,300,0.5,1700,0.5,1
10,7,2969,0,0,300,0.5,1700,0.5,1
10,8,12977,0,0,500,0.6,1000,0.2,1400,0.2,1
10,9,1140,2,10,5,0,500,0.6,1000,0.2,1400,0.2,1
10,10,5687,0,0,300,0.5,1700,0.5,1
10,11,13791,2,10,5,0,300,0.5,1700,0.5,1
11,0,13861,0,0,300,0.5,572,0.32,486,0.18,1
11,1,13322,1,0,300,0.5,1700,0.5,1
11,2,3184,0,0,300,0.5,572,0.32,486,0.18,1
11,3,8478,2,10,5,0,666,0.42,420,0.58,1
11,4,6707,0,0,300,0.5,572,0.32,486,0.18,1
11,5,4904,0,0,666,0.42,420,0.58,1
11,6,10413,0,0,666,0.42,420,0.58,1
11,7,7046,2,10,5,0,500,0.6,1000,0.2,1400,0.2,1
11,8,14873,2,10,5,0,500,0.6,1000,0.2,1400,0.2,1
11,9,12257,0,0,300,0.5,1700,0.5,1
11,10,5894,1,0,300,0.5,1700,0.5,1
11,11,4524,0,0,300,0.5,1700,0.5,1
