0,0,9359,1,0,500,0.6,1000,0.2,1400,0.2,1
0,1,10985,0,0,500,0.6,1000,0.2,1400,0.2,1
0,2,13392,1,0,300,0.5,572,0.32,486,0.18,1
0,3,7844,1,0,300,0.5,572,0.32,486,0.18,1
0,4,3776,1,0,300,0.5,572,0.32,486,0.18,1
0,5,1782,2,10,5,0,300,0.5,572,0.32,486,0.18,1
0,6,5979,0,0,300,0.5,572,0.32,486,0.18,1
0,7,2775,0,0,500,0.6,1000,0.2,1400,0.2,1
0,8,3483,2,10,5,0,666,0.42,420,0.58,1
0,9,13575,2,10,5,0,300,0.5,572,0.32,486,0.18,1
0,10,7668,2,10,5,0,300,0.5,1700,0.5,1
0,11,288,1,0,300,0.5,1700,0.5,1
1,0,13449,1,0,300,0.5,572,0.32,486,0.18,1
1,1,6247,1,0,666,0.42,420,0.58,1
1,2,3983,1,0,300,0.5,572,0.32,486,0.18,0
1,3,5434,0,0,666,0.42,420,0.58,1
1,4,14570,1,0,666,0.42,420,0.58,1
1,5,9360,0,0,666,0.42,420,0.58,1
1,6,4640,2,10,5,0,300,0.5,572,0.32,486,0.18,1
1,7,4585,2,10,5,0,300,0.5,1700,0.5,1
1,8,7689,2,10,5,0,500,0.6,1000,0.2,1400,0.2,1
1,9,14108,1,0,666,0.42,420,0.58,1
1,10,14166,2,10,5,0,500,0.6,1000,0.2,1400,0.2,1
1,11,6734,0,0,300,0.5,1700,0.5,1
2,0,5575,1,0,500,0.6,1000,0.2,1400,0.2,1
2,1,13560,0,0,300,0.5,572,0.32,486,0.18,1
2,2,9208,2,10,5,0,300,0.5,572,0.32,486,0.18,1
2,3,11482,1,0,300,0.5,572,0.32,486,0.18,1
2,4,12546,0,0,500,0.6,1000,0.2,1400,0.2,1
2,5,1909,0,0,300,0.5,572,0.32,486,0.18,1
2,6,4920,0,0,300,0.5,1700,0.5,1
2,7,7756,0,0,666,0.42,420,0.58,1
2,8,14519,1,0,300,0.5,1700,0.5,1
2,9,3073,2,10,5,0,300,0.5,572,0.32,486,0.18,1
2,10,11309,0,0,666,0.42,420,0.58,1
2,11,2082,1,0,300,0.5,572,0.32,486,0.18,1
3,0,8537,2,10,5,0,300,0.5,1700,0.5,1
3,1,12579,2,10,5,0,500,0.6,1000,0.2,1400,0.2,1
3,2,7865,0,0,300,0.5,572,0.32,486,0.18,1
3,3,9548,1,0,666,0.42,420,0.58,1
3,4,1836,1,0,300,0.5,572,0.32,486,0.18,1
3,5,7379,0,0,300,0.5,572,0.32,486,0.18,1
3,6,13333,0,0,666,0.42,420,0.58,1
3,7,1755,0,0,300,0.5,572,0.32,486,0.18,1
3,8,9255,0,0,666,0.42,420,0.58,1
3,9,755,0,0,300,0.5,572,0.32,486,0.18,1
3,10,5401,2,10,5,0,300,0.5,572,0.32,486,0.18,1
3,11,2853,2,10,5,0,300,0.5,572,0.32,486,0.18,1
4,0,8351,0,0,300,0.5,1700,0.5,1
4,1,7099,1,0,300,0.5,572,0.32,486,0.18,1
4,2,6392,2,10,5,0,500,0.6,1000,0.2,1400,0.2,1
4,3,14941,0,0,300,0.5,572,0.32,486,0.18,1
4,4,3886,2,10,5,0,500,0.6,1000,0.2,1400,0.2,1
4,5,7445,0,0,300,0.5,572,0.32,486,0.18,1
4,6,1430,0,0,500,0.6,1000,0.2,1400,0.2,1
4,7,9221,0,0,300,0.5,572,0.32,486,0.18,1
4,8,10395,2,10,5,0,300,0.5,572,0.32,486,0.18,1
4,9,11199,0,0,300,0.5,1700,0.5,1
4,10,1082,1,0,300,0.5,572,0.32,486,0.18,1
4,11,5581,1,0,300,0.5,1700,0.5,1
5,0,2310,2,10,5,0,500,0.6,1000,0.2,1400,0.2,1
5,1,3157,1,0,666,0.42,420,0.58,1
5,2,12799,0,0,666,0.42,420,0.58,1
5,3,1519,1,0,666,0.42,420,0.58,1
5,4,4829,1,0,300,0.5,572,0.32,486,0.18,1
5,5,5109,2,10,5,0,300,0.5,572,0.32,486,0.18,1
5,6,14436,2,10,5,0,300,0.5,1700,0.5,1
5,7,3518,1,0,666,0.42,420,0.58,1
5,8,12609,1,0,666,0.42,420,0.58,1
5,9,9582,1,0,300,0.5,572,0.32,486,0.18,1
5,10,9601,2,10,5,0,666,0.42,420,0.58,1
5,11,11995,1,0,300,0.5,572,0.32,486,0.18,1
6,0,4978,0,0,666,0.42,420,0.58,1
6,1,5607,0,0,500,0.6,1000,0.2,1400,0.2,1
6,2,11114,1,0,300,0.5,572,0.32,486,0.18,1
6,3,2704,1,0,500,0.6,1000,0.2,1400,0.2,1
6,4,10077,0,0,666,0.42,420,0.58,1
6,5,13539,2,10,5,0,500,0.6,1000,0.2,1400,0.2,1
6,6,3494,0,0,666,0.42,420,0.58,1
6,7,5172,0,0,500,0.6,1000,0.2,1400,0.2,1
6,8,12575,2,10,5,0,500,0.6,1000,0.2,1400,0.2,1
6,9,7007,0,0,666,0.42,420,0.58,1
6,10,9526,2,10,5,0,500,0.6,1000,0.2,1400,0.2,1
6,11,2171,1,0,500,0.6,1000,0.2,1400,0.2,1
7,0,13595,1,0,500,0.6,1000,0.2,1400,0.2,1
7,1,1946,2,10,5,0,500,0.6,1000,0.2,1400,0.2,1
7,2,6003,2,10,5,0,300,0.5,1700,0.5,1
7,3,1560,0,0,300,0.5,1700,0.5,1
7,4,6493,1,0,300,0.5,572,0.32,486,0.18,1
7,5,4396,1,0,666,0.42,420,0.58,1
7,6,273,2,10,5,0,666,0.42,420,0.58,1
7,7,1546,0,0,300,0.5,572,0.32,486,0.18,1
7,8,5108,2,10,5,0,300,0.5,572,0.32,486,0.18,1
7,9,1079,1,0,666,0.42,420,0.58,1
7,10,12325,2,10,5,0,300,0.5,572,0.32,486,0.18,1
7,11,13653,2,10,5,0,500,0.6,1000,0.2,1400,0.2,1
8,0,2713,1,0,300,0.5,572,0.32,486,0.18,1
8,1,3774,1,0,300,0.5,572,0.32,486,0.18,1
8,2,12369,2,10,5,0,300,0.5,572,0.32,486,0.18,1
8,3,672,0,0,666,0.42,420,0.58,1
8,4,5623,0,0,300,0.5,1700,0.5,1
8,5,5911,1,0,666,0.42,420,0.58,1
8,6,4804,0,0,300,0.5,572,0.32,486,0.18,1
8,7,9719,0,0,300,0.5,1700,0.5,1
8,8,8205,0,0,300,0.5,1700,0.5,1
8,9,12149,0,0,666,0.42,420,0.58,1
8,10,4431,1,0,300,0.5,572,0.32,486,0.18,1
8,11,9804,0,0,300,0.5,1700,0.5,1
9,0,522,0,0,300,0.5,572,0.32,486,0.18,1
9,1,14066,1,0,300,0.5,572,0.32,486,0.18,1
9,2,8824,2,10,5,0,500,0.6,1000,0.2,1400,0.2,1
9,3,3023,1,0,500,0.6,1000,0.2,1400,0.2,1
9,4,12285,2,10,5,0,300,0.5,1700,0.5,1
9,5,5301,0,0,666,0.42,420,0.58,1
9,6,5790,1,0,500,0.6,1000,0.2,1400,0.2,1
9,7,4846,0,0,300,0.5,572,0.32,486,0.18,1
9,8,2389,0,0,300,0.5,1700,0.5,1
9,9,8403,0,0,300,0.5,1700,0.5,1
9,10,7313,2,10,5,0,500,0.6,1000,0.2,1400,0.2,1
9,11,14179,0,0,666,0.42,420,0.58,1
10,0,12602,2,10,5,0,666,0.42,420,0.58,1
10,1,11770,2,10,5,0,300,0.5,1700,0.5,1
10,2,14359,1,0,666,0.42,420,0.58,1
10,3,8543,0,0,300,0.5,1700,0.5,1
10,4,12825,0,0,500,0.6,1000,0.2,1400,0.2,1
10,5,8136,2,10,5,0,666,0.42,420,0.58,1
10,6,5072,2,10,5,0,500,0.6,1000,0.2,1400,0.2,1
10,7,6306,1,0,300,0.5,572,0.32,486,0.18,1
10,8,224,0,0,300,0.5,572,0.32,486,0.18,1
10,9,12443,2,10,5,0,500,0.6,1000,0.2,1400,0.2,1
10,10,4329,1,0,300,0.5,572,0.32,486,0.18,1
10,11,7091,2,10,5,0,300,0.5,1700,0.5,1
11,0,7944,0,0,300,0.5,572,0.32,486,0.18,1
11,1,2110,1,0,300,0.5,572,0.32,486,0.18,1
11,2,9995,2,10,5,0,300,0.5,572,0.32,486,0.18,1
11,3,14341,2,10,5,0,300,0.5,572,0.32,486,0.18,1
11,4,5080,0,0,666,0.42,420,0.58,1
11,5,4246,2,10,5,0,666,0.42,420,0.58,1
11,6,3690,0,0,300,0.5,1700,0.5,1
11,7,5508,0,0,500,0.6,1000,0.2,1400,0.2,1
11,8,7778,2,10,5,0,666,0.42,420,0.58,1
11,9,14987,0,0,500,0.6,1000,0.2,1400,0.2,1
11,10,4281,2,10,5,0,300,0.5,572,0.32,486,0.18,1
11,11,13365,1,0,500,0.6,1000,0.2,1400,0.2,1
