0,0,4072,0,0,666,0.42,420,0.58,1
0,1,11791,0,0,666,0.42,420,0.58,1
0,2,8371,1,0,300,0.5,572,0.32,486,0.18,1
0,3,13854,0,0,500,0.6,1000,0.2,1400,0.2,1
0,4,2113,1,0,300,0.5,572,0.32,486,0.18,1
0,5,1764,2,10,5,0,300,0.5,1700,0.5,1
0,6,11139,1,0,666,0.42,420,0.58,1
0,7,14317,0,0,666,0.42,420,0.58,1
0,8,9624,1,0,500,0.6,1000,0.2,1400,0.2,1
0,9,11324,1,0,666,0.42,420,0.58,1
0,10,10573,1,0,300,0.5,1700,0.5,1
0,11,9156,2,10,5,0,300,0.5,572,0.32,486,0.18,1
1,0,10670,1,0,666,0.42,420,0.58,1
1,1,7618,2,10,5,0,300,0.5,1700,0.5,1
1,2,4413,1,0,300,0.5,572,0.32,486,0.18,0
1,3,2769,2,10,5,0,500,0.6,1000,0.2,1400,0.2,1
1,4,11428,2,10,5,0,300,0.5,1700,0.5,1
1,5,3072,2,10,5,0,666,0.42,420,0.58,1
1,6,2832,1,0,666,0.42,420,0.58,1
1,7,11870,0,0,666,0.42,420,0.58,1
1,8,4931,1,0,300,0.5,1700,0.5,1
1,9,9789,2,10,5,0,300,0.5,1700,0.5,1
1,10,104,1,0,666,0.42,420,0.58,1
1,11,3936,1,0,666,0.42,420,0.58,1
2,0,8167,1,0,500,0.6,1000,0.2,1400,0.2,1
2,1,2056,2,10,5,0,300,0.5,1700,0.5,1
2,2,290,2,10,5,0,666,0.42,420,0.58,1
2,3,9167,2,10,5,0,300,0.5,572,0.32,486,0.18,1
2,4,11313,0,0,500,0.6,1000,0.2,1400,0.2,1
2,5,6596,2,10,5,0,500,0.6,1000,0.2,1400,0.2,1
2,6,538,2,10,5,0,300,0.5,572,0.32,486,0.18,1
2,7,10876,0,0,300,0.5,572,0.32,486,0.18,1
2,8,12327,1,0,500,0.6,1000,0.2,1400,0.2,1
2,9,13285,1,0,300,0.5,572,0.32,486,0.18,1
2,10,4470,2,10,5,0,300,0.5,572,0.32,486,0.18,1
2,11,13239,0,0,300,0.5,1700,0.5,1
3,0,5905,0,0,300,0.5,572,0.32,486,0.18,1
3,1,4027,0,0,500,0.6,1000,0.2,1400,0.2,1
3,2,3620,2,10,5,0,666,0.42,420,0.58,1
3,3,13323,0,0,300,0.5,1700,0.5,1
3,4,7689,0,0,300,0.5,1700,0.5,1
3,5,6582,2,10,5,0,500,0.6,1000,0.2,1400,0.2,1
3,6,6104,0,0,300,0.5,572,0.32,486,0.18,1
3,7,14094,1,0,666,0.42,420,0.58,1
3,8,3492,0,0,666,0.42,420,0.58,1
3,9,11046,2,10,5,0,300,0.5,572,0.32,486,0.18,1
3,10,4754,0,0,300,0.5,1700,0.5,1
3,11,13121,0,0,666,0.42,420,0.58,1
4,0,5156,1,0,666,0.42,420,0.58,1
4,1,13860,2,10,5,0,300,0.5,1700,0.5,1
4,2,3298,0,0,300,0.5,572,0.32,486,0.18,1
4,3,3422,0,0,666,0.42,420,0.58,1
4,4,1130,0,0,300,0.5,1700,0.5,1
4,5,7553,0,0,500,0.6,1000,0.2,1400,0.2,1
4,6,11997,1,0,300,0.5,1700,0.5,1
4,7,7441,1,0,500,0.6,1000,0.2,1400,0.2,1
4,8,14134,1,0,500,0.6,1000,0.2,1400,0.2,1
4,9,10040,1,0,300,0.5,1700,0.5,1
4,10,3120,0,0,300,0.5,572,0.32,486,0.18,1
4,11,8394,2,10,5,0,500,0.6,1000,0.2,1400,0.2,1
5,0,10656,2,10,5,0,666,0.42,420,0.58,1
5,1,4304,0,0,666,0.42,420,0.58,1
5,2,1992,1,0,300,0.5,572,0.32,486,0.18,1
5,3,12167,0,0,300,0.5,572,0.32,486,0.18,1
5,4,14291,1,0,300,0.5,1700,0.5,1
5,5,5592,1,0,300,0.5,572,0.32,486,0.18,1
5,6,12759,0,0,300,0.5,1700,0.5,1
5,7,9835,2,10,5,0,300,0.5,1700,0.5,1
5,8,13041,1,0,300,0.5,572,0.32,486,0.18,1
5,9,1346,2,10,5,0,666,0.42,420,0.58,1
5,10,10980,1,0,300,0.5,1700,0.5,1
5,11,3507,1,0,500,0.6,1000,0.2,1400,0.2,1
6,0,4035,2,10,5,0,300,0.5,572,0.32,486,0.18,1
6,1,11323,2,10,5,0,500,0.6,1000,0.2,1400,0.2,1
6,2,4947,1,0,500,0.6,1000,0.2,1400,0.2,1
6,3,12716,0,0,300,0.5,1700,0.5,1
6,4,5438,0,0,300,0.5,572,0.32,486,0.18,1
6,5,146,1,0,666,0.42,420,0.58,1
6,6,13098,1,0,300,0.5,572,0.32,486,0.18,1
6,7,2821,2,10,5,0,500,0.6,1000,0.2,1400,0.2,1
6,8,594,0,0,500,0.6,1000,0.2,1400,0.2,1
6,9,13093,1,0,500,0.6,1000,0.2,1400,0.2,1
6,10,8214,0,0,666,0.42,420,0.58,1
6,11,12353,1,0,500,0.6,1000,0.2,1400,0.2,1
7,0,10108,0,0,666,0.42,420,0.58,1
7,1,14400,0,0,300,0.5,572,0.32,486,0.18,1
7,2,11103,2,10,5,0,300,0.5,1700,0.5,1
7,3,5514,2,10,5,0,300,0.5,572,0.32,486,0.18,1
7,4,10567,1,0,300,0.5,1700,0.5,1
7,5,13337,2,10,5,0,666,0.42,420,0.58,1
7,6,12710,2,10,5,0,300,0.5,1700,0.5,1
7,7,2456,0,0,666,0.42,420,0.58,1
7,8,13327,2,10,5,0,500,0.6,1000,0.2,1400,0.2,1
7,9,2029,2,10,5,0,500,0.6,1000,0.2,1400,0.2,1
7,10,12082,1,0,666,0.42,420,0.58,1
7,11,7557,1,0,500,0.6,1000,0.2,1400,0.2,1
8,0,10149,1,0,300,0.5,1700,0.5,1
8,1,11097,2,10,5,0,666,0.42,420,0.58,1
8,2,9738,0,0,666,0.42,420,0.58,1
8,3,7457,2,10,5,0,500,0.6,1000,0.2,1400,0.2,1
8,4,2063,2,10,5,0,500,0.6,1000,0.2,1400,0.2,1
8,5,5509,0,0,300,0.5,1700,0.5,1
8,6,1990,0,0,500,0.6,1000,0.2,1400,0.2,1
8,7,11226,1,0,300,0.5,1700,0.5,1
8,8,6490,0,0,300,0.5,572,0.32,486,0.18,1
8,9,5014,2,10,5,0,666,0.42,420,0.58,1
8,10,8089,1,0,500,0.6,1000,0.2,1400,0.2,1
8,11,14967,0,0,500,0.6,1000,0.2,1400,0.2,1
9,0,178,1,0,300,0.5,1700,0.5,1
9,1,7316,1,0,500,0.6,1000,0.2,1400,0.2,1
9,2,9596,2,10,5,0,300,0.5,572,0.32,486,0.18,1
9,3,1018,2,10,5,0,300,0.5,572,0.32,486,0.18,1
9,4,4360,0,0,500,0.6,1000,0.2,1400,0.2,1
9,5,10311,1,0,500,0.6,1000,0.2,1400,0.2,1
9,6,11729,2,10,5,0,500,0.6,1000,0.2,1400,0.2,1
9,7,7002,0,0,500,0.6,1000,0.2,1400,0.2,1
9,8,12697,0,0,666,0.42,420,0.58,1
9,9,6114,1,0,300,0.5,1700,0.5,1
9,10,1292,2,10,5,0,300,0.5,572,0.32,486,0.18,1
9,11,2794,2,10,5,0,500,0.6,1000,0.2,1400,0.2,1
10,0,14227,0,0,500,0.6,1000,0.2,1400,0.2,1
10,1,12749,1,0,666,0.42,420,0.58,1
10,2,2095,0,0,300,0.5,1700,0.5,1
10,3,705,2,10,5,0,666,0.42,420,0.58,1
10,4,11841,1,0,300,0.5,1700,0.5,1
10,5,6049,0,0,666,0.42,420,0.58,1
10,6,13904,2,10,5,0,666,0.42,420,0.58,1
10,7,3098,2,10,5,0,666,0.42,420,0.58,1
10,8,9334,1,0,500,0.6,1000,0.2,1400,0.2,1
10,9,11449,2,10,5,0,666,0.42,420,0.58,1
10,10,7104,1,0,666,0.42,420,0.58,1
10,11,2472,2,10,5,0,500,0.6,1000,0.2,1400,0.2,1
11,0,2259,0,0,666,0.42,420,0.58,1
11,1,11112,2,10,5,0,666,0.42,420,0.58,1
11,2,5621,1,0,300,0.5,572,0.32,486,0.18,1
11,3,9465,1,0,300,0.5,572,0.32,486,0.18,1
11,4,4224,2,10,5,0,666,0.42,420,0.58,1
11,5,236,2,10,5,0,666,0.42,420,0.58,1
11,6,6417,0,0,300,0.5,1700,0.5,1
11,7,7781,0,0,500,0.6,1000,0.2,1400,0.2,1
11,8,11318,2,10,5,0,500,0.6,1000,0.2,1400,0.2,1
11,9,8946,2,10,5,0,666,0.42,420,0.58,1
11,10,798,1,0,500,0.6,1000,0.2,1400,0.2,1
11,11,1376,1,0,300,0.5,572,0.32,486,0.18,1
