0,0,4786,0,0,500,0.6,1000,0.2,1400,0.2,1
0,1,1746,0,0,500,0.6,1000,0.2,1400,0.2,1
0,2,3468,0,0,500,0.6,1000,0.2,1400,0.2,1
0,3,11569,2,10,5,0,500,0.6,1000,0.2,1400,0.2,1
0,4,602,0,0,300,0.5,1700,0.5,1
0,5,2292,0,0,300,0.5,1700,0.5,1
0,6,1758,2,10,5,0,300,0.5,572,0.32,486,0.18,1
0,7,37,2,10,5,0,500,0.6,1000,0.2,1400,0.2,1
0,8,14868,0,0,300,0.5,572,0.32,486,0.18,1
0,9,12328,2,10,5,0,500,0.6,1000,0.2,1400,0.2,1
0,10,496,2,10,5,0,666,0.42,420,0.58,1
0,11,6073,1,0,666,0.42,420,0.58,1
1,0,9675,1,0,300,0.5,1700,0.5,1
1,1,873,2,10,5,0,666,0.42,420,0.58,1
1,2,12991,2,10,5,0,500,0.6,1000,0.2,1400,0.2,0
1,3,8605,0,0,300,0.5,572,0.32,486,0.18,1
1,4,12458,1,0,300,0.5,1700,0.5,1
1,5,6229,2,10,5,0,300,0.5,572,0.32,486,0.18,1
1,6,4986,0,0,300,0.5,572,0.32,486,0.18,1
1,7,446,2,10,5,0,666,0.42,420,0.58,1
1,8,4632,1,0,300,0.5,572,0.32,486,0.18,1
1,9,14268,1,0,300,0.5,572,0.32,486,0.18,1
1,10,14560,2,10,5,0,300,0.5,572,0.32,486,0.18,1
1,11,14618,2,10,5,0,300,0.5,572,0.32,486,0.18,1
2,0,13881,1,0,300,0.5,1700,0.5,1
2,1,9997,2,10,5,0,666,0.42,420,0.58,1
2,2,9623,2,10,5,0,300,0.5,572,0.32,486,0.18,1
2,3,2358,0,0,666,0.42,420,0.58,1
2,4,2129,2,10,5,0,500,0.6,1000,0.2,1400,0.2,1
2,5,6227,2,10,5,0,300,0.5,572,0.32,486,0.18,1
2,6,3687,0,0,300,0.5,572,0.32,486,0.18,1
2,7,14852,1,0,666,0.42,420,0.58,1
2,8,4561,1,0,300,0.5,572,0.32,486,0.18,1
2,9,6029,2,10,5,0,500,0.6,1000,0.2,1400,0.2,1
2,10,14494,1,0,500,0.6,1000,0.2,1400,0.2,1
2,11,7910,1,0,300,0.5,1700,0.5,1
3,0,4673,0,0,300,0.5,1700,0.5,1
3,1,12684,2,10,5,0,300,0.5,572,0.32,486,0.18,1
3,2,9608,2,10,5,0,300,0.5,572,0.32,486,0.18,1
3,3,14373,1,0,500,0.6,1000,0.2,1400,0.2,1
3,4,11723,1,0,300,0.5,572,0.32,486,0.18,1
3,5,4780,2,10,5,0,300,0.5,1700,0.5,1
3,6,3882,2,10,5,0,500,0.6,1000,0.2,1400,0.2,1
3,7,7047,0,0,300,0.5,1700,0.5,1
3,8,11368,0,0,666,0.42,420,0.58,1
3,9,10418,1,0,300,0.5,572,0.32,486,0.18,1
3,10,154,1,0,300,0.5,572,0.32,486,0.18,1
3,11,3565,2,10,5,0,666,0.42,420,0.58,1
4,0,2625,0,0,666,0.42,420,0.58,1
4,1,5208,0,0,666,0.42,420,0.58,1
4,2,8385,1,0,666,0.42,420,0.58,1
4,3,11646,0,0,300,0.5,572,0.32,486,0.18,1
4,4,11396,1,0,666,0.42,420,0.58,1
4,5,3904,2,10,5,0,300,0.5,572,0.32,486,0.18,1
4,6,9166,1,0,300,0.5,1700,0.5,1
4,7,14090,0,0,500,0.6,1000,0.2,1400,0.2,1
4,8,4396,0,0,666,0.42,420,0.58,1
4,9,4740,1,0,300,0.5,572,0.32,486,0.18,1
4,10,12601,2,10,5,0,500,0.6,1000,0.2,1400,0.2,1
4,11,14954,0,0,300,0.5,1700,0.5,1
5,0,12268,2,10,5,0,300,0.5,572,0.32,486,0.18,1
5,1,9976,2,10,5,0,300,0.5,1700,0.5,1
5,2,8486,1,0,300,0.5,1700,0.5,1
5,3,4881,2,10,5,0,666,0.42,420,0.58,1
5,4,8359,0,0,666,0.42,420,0.58,1
5,5,563,2,10,5,0,300,0.5,1700,0.5,1
5,6,3646,1,0,500,0.6,1000,0.2,1400,0.2,1
5,7,3412,1,0,300,0.5,1700,0.5,1
5,8,3697,2,10,5,0,300,0.5,1700,0.5,1
5,9,13895,1,0,300,0.5,572,0.32,486,0.18,1
5,10,11545,2,10,5,0,300,0.5,572,0.32,486,0.18,1
5,11,12330,1,0,300,0.5,572,0.32,486,0.18,1
6,0,5708,1,0,300,0.5,1700,0.5,1
6,1,5769,1,0,500,0.6,1000,0.2,1400,0.2,1
6,2,4378,1,0,666,0.42,420,0.58,1
6,3,7347,0,0,300,0.5,1700,0.5,1
6,4,769,2,10,5,0,300,0.5,1700,0.5,1
6,5,14471,2,10,5,0,666,0.42,420,0.58,1
6,6,6918,1,0,666,0.42,420,0.58,1
6,7,5916,0,0,300,0.5,572,0.32,486,0.18,1
6,8,2726,2,10,5,0,300,0.5,1700,0.5,1
6,9,6160,0,0,300,0.5,572,0.32,486,0.18,1
6,10,12738,1,0,300,0.5,1700,0.5,1
6,11,11098,0,0,300,0.5,1700,0.5,1
7,0,766,2,10,5,0,300,0.5,1700,0.5,1
7,1,1970,1,0,300,0.5,572,0.32,486,0.18,1
7,2,1784,1,0,300,0.5,1700,0.5,1
7,3,12838,0,0,300,0.5,572,0.32,486,0.18,1
7,4,5029,1,0,300,0.5,1700,0.5,1
7,5,12581,1,0,666,0.42,420,0.58,1
7,6,4672,1,0,300,0.5,1700,0.5,1
7,7,8321,0,0,300,0.5,572,0.32,486,0.18,1
7,8,971,2,10,5,0,500,0.6,1000,0.2,1400,0.2,1
7,9,4230,2,10,5,0,666,0.42,420,0.58,1
7,10,577,1,0,666,0.42,420,0.58,1
7,11,9282,2,10,5,0,500,0.6,1000,0.2,1400,0.2,1
8,0,6399,2,10,5,0,500,0.6,1000,0.2,1400,0.2,1
8,1,2401,0,0,300,0.5,572,0.32,486,0.18,1
8,2,13707,2,10,5,0,666,0.42,420,0.58,1
8,3,9235,1,0,300,0.5,572,0.32,486,0.18,1
8,4,8554,0,0,500,0.6,1000,0.2,1400,0.2,1
8,5,6205,0,0,300,0.5,572,0.32,486,0.18,1
8,6,14454,0,0,300,0.5,572,0.32,486,0.18,1
8,7,7202,0,0,300,0.5,572,0.32,486,0.18,1
8,8,10704,0,0,300,0.5,1700,0.5,1
8,9,11033,2,10,5,0,666,0.42,420,0.58,1
8,10,7847,0,0,300,0.5,572,0.32,486,0.18,1
8,11,5883,0,0,300,0.5,572,0.32,486,0.18,1
9,0,12463,1,0,300,0.5,1700,0.5,1
9,1,9872,1,0,300,0.5,572,0.32,486,0.18,1
9,2,9749,0,0,300,0.5,572,0.32,486,0.18,1
9,3,3842,1,0,666,0.42,420,0.58,1
9,4,11013,1,0,300,0.5,1700,0.5,1
9,5,14073,1,0,300,0.5,572,0.32,486,0.18,1
9,6,8044,2,10,5,0,500,0.6,1000,0.2,1400,0.2,1
9,7,8948,0,0,666,0.42,420,0.58,1
9,8,8907,2,10,5,0,300,0.5,1700,0.5,1
9,9,12888,1,0,666,0.42,420,0.58,1
9,10,10656,1,0,300,0.5,1700,0.5,1
9,11,4231,1,0,300,0.5,1700,0.5,1
10,0,10043,1,0,500,0.6,1000,0.2,1400,0.2,1
10,1,11424,1,0,666,0.42,420,0.58,1
10,2,720,1,0,500,0.6,1000,0.2,1400,0.2,1
10,3,10178,0,0,500,0.6,1000,0.2,1400,0.2,1
10,4,4642,2,10,5,0,500,0.6,1000,0.2,1400,0.2,1
10,5,11309,2,10,5,0,666,0.42,420,0.58,1
10,6,6563,2,10,5,0,300,0.5,572,0.32,486,0.18,1
10,7,8183,0,0,300,0.5,1700,0.5,1
10,8,10387,0,0,300,0.5,572,0.32,486,0.18,1
10,9,13267,2,10,5,0,300,0.5,1700,0.5,1
10,10,8124,0,0,666,0.42,420,0.58,1
10,11,11988,1,0,300,0.5,572,0.32,486,0.18,1
11,0,9597,2,10,5,0,300,0.5,1700,0.5,1
11,1,8612,2,10,5,0,666,0.42,420,0.58,1
11,2,14510,1,0,300,0.5,572,0.32,486,0.18,1
11,3,1656,2,10,5,0,300,0.5,572,0.32,486,0.18,1
11,4,7487,2,10,5,0,666,0.42,420,0.58,1
11,5,1698,2,10,5,0,666,0.42,420,0.58,1
11,6,3775,1,0,666,0.42,420,0.58,1
11,7,9542,0,0,300,0.5,572,0.32,486,0.18,1
11,8,6195,1,0,666,0.42,420,0.58,1
11,9,5482,0,0,666,0.42,420,0.58,1
11,10,8446,2,10,5,0,300,0.5,572,0.32,486,0.18,1
11,11,11409,0,0,666,0.42,420,0.58,1
