0,0,3673,1,0,300,0.5,572,0.32,486,0.18,1
0,1,5162,1,0,666,0.42,420,0.58,1
0,2,2805,0,0,500,0.6,1000,0.2,1400,0.2,1
0,3,4220,0,0,300,0.5,1700,0.5,1
0,4,12224,2,10,5,0,666,0.42,420,0.58,1
0,5,9181,0,0,300,0.5,1700,0.5,1
0,6,4643,0,0,666,0.42,420,0.58,1
0,7,5877,2,10,5,0,300,0.5,1700,0.5,1
0,8,10053,0,0,300,0.5,1700,0.5,1
0,9,1622,2,10,5,0,300,0.5,1700,0.5,1
0,10,482,0,0,500,0.6,1000,0.2,1400,0.2,1
0,11,14841,2,10,5,0,666,0.42,420,0.58,1
1,0,5541,0,0,500,0.6,1000,0.2,1400,0.2,1
1,1,12949,1,0,300,0.5,1700,0.5,1
1,2,4667,2,10,5,0,666,0.42,420,0.58,0
1,3,4649,1,0,300,0.5,572,0.32,486,0.18,1
1,4,7598,0,0,666,0.42,420,0.58,1
1,5,14400,2,10,5,0,666,0.42,420,0.58,1
1,6,13932,2,10,5,0,666,0.42,420,0.58,1
1,7,9459,2,10,5,0,300,0.5,572,0.32,486,0.18,1
1,8,11384,2,10,5,0,666,0.42,420,0.58,1
1,9,2601,1,0,300,0.5,572,0.32,486,0.18,1
1,10,3646,0,0,666,0.42,420,0.58,1
1,11,3541,0,0,500,0.6,1000,0.2,1400,0.2,1
2,0,7595,0,0,300,0.5,1700,0.5,1
2,1,5164,2,10,5,0,500,0.6,1000,0.2,1400,0.2,1
2,2,3569,1,0,300,0.5,1700,0.5,1
2,3,12156,2,10,5,0,300,0.5,572,0.32,486,0.18,1
2,4,14165,0,0,300,0.5,572,0.32,486,0.18,1
2,5,11648,0,0,666,0.42,420,0.58,1
2,6,8818,2,10,5,0,500,0.6,1000,0.2,1400,0.2,1
2,7,2769,2,10,5,0,300,0.5,572,0.32,486,0.18,1
2,8,14679,1,0,300,0.5,1700,0.5,1
2,9,7703,1,0,300,0.5,1700,0.5,1
2,10,12762,2,10,5,0,666,0.42,420,0.58,1
2,11,9951,1,0,300,0.5,572,0.32,486,0.18,1
3,0,4372,2,10,5,0,300,0.5,1700,0.5,1
3,1,3463,2,10,5,0,300,0.5,1700,0.5,1
3,2,4689,2,10,5,0,500,0.6,1000,0.2,1400,0.2,1
3,3,3844,0,0,666,0.42,420,0.58,1
3,4,11408,2,10,5,0,300,0.5,572,0.32,486,0.18,1
3,5,9584,0,0,500,0.6,1000,0.2,1400,0.2,1
3,6,14331,2,10,5,0,666,0.42,420,0.58,1
3,7,4059,1,0,666,0.42,420,0.58,1
3,8,11892,2,10,5,0,500,0.6,1000,0.2,1400,0.2,1
3,9,11183,0,0,500,0.6,1000,0.2,1400,0.2,1
3,10,11941,2,10,5,0,300,0.5,572,0.32,486,0.18,1
3,11,3446,2,10,5,0,666,0.42,420,0.58,1
4,0,394,2,10,5,0,300,0.5,572,0.32,486,0.18,1
4,1,6298,2,10,5,0,500,0.6,1000,0.2,1400,0.2,1
4,2,567,0,0,300,0.5,572,0.32,486,0.18,1
4,3,4003,1,0,666,0.42,420,0.58,1
4,4,13377,1,0,300,0.5,1700,0.5,1
4,5,14566,1,0,300,0.5,572,0.32,486,0.18,1
4,6,13395,2,10,5,0,300,0.5,572,0.32,486,0.18,1
4,7,6220,1,0,500,0.6,1000,0.2,1400,0.2,1
4,8,13613,1,0,300,0.5,1700,0.5,1
4,9,14692,1,0,300,0.5,572,0.32,486,0.18,1
4,10,3205,0,0,300,0.5,572,0.32,486,0.18,1
4,11,5516,1,0,666,0.42,420,0.58,1
5,0,11563,2,10,5,0,300,0.5,1700,0.5,1
5,1,6506,1,0,666,0.42,420,0.58,1
5,2,3486,2,10,5,0,300,0.5,1700,0.5,1
5,3,10975,1,0,666,0.42,420,0.58,1
5,4,4428,0,0,300,0.5,572,0.32,486,0.18,1
5,5,7931,2,10,5,0,666,0.42,420,0.58,1
5,6,7583,1,0,500,0.6,1000,0.2,1400,0.2,1
5,7,14287,1,0,666,0.42,420,0.58,1
5,8,10736,2,10,5,0,500,0.6,1000,0.2,1400,0.2,1
5,9,6030,0,0,500,0.6,1000,0.2,1400,0.2,1
5,10,14340,0,0,500,0.6,1000,0.2,1400,0.2,1
5,11,6531,1,0,666,0.42,420,0.58,1
6,0,11519,0,0,666,0.42,420,0.58,1
6,1,12939,2,10,5,0,500,0.6,1000,0.2,1400,0.2,1
6,2,834,1,0,300,0.5,572,0.32,486,0.18,1
6,3,11616,0,0,500,0.6,1000,0.2,1400,0.2,1
6,4,6033,2,10,5,0,666,0.42,420,0.58,1
6,5,3688,0,0,300,0.5,1700,0.5,1
6,6,4625,0,0,500,0.6,1000,0.2,1400,0.2,1
6,7,1530,1,0,500,0.6,1000,0.2,1400,0.2,1
6,8,11023,0,0,666,0.42,420,0.58,1
6,9,14661,1,0,500,0.6,1000,0.2,1400,0.2,1
6,10,6850,2,10,5,0,666,0.42,420,0.58,1
6,11,8810,1,0,500,0.6,1000,0.2,1400,0.2,1
7,0,12256,2,10,5,0,300,0.5,1700,0.5,1
7,1,3498,1,0,500,0.6,1000,0.2,1400,0.2,1
7,2,5630,0,0,500,0.6,1000,0.2,1400,0.2,1
7,3,13060,1,0,300,0.5,572,0.32,486,0.18,1
7,4,8963,1,0,300,0.5,572,0.32,486,0.18,1
7,5,845,1,0,666,0.42,420,0.58,1
7,6,12044,2,10,5,0,300,0.5,1700,0.5,1
7,7,13962,2,10,5,0,300,0.5,1700,0.5,1
7,8,12675,1,0,666,0.42,420,0.58,1
7,9,1700,2,10,5,0,500,0.6,1000,0.2,1400,0.2,1
7,10,13971,2,10,5,0,500,0.6,1000,0.2,1400,0.2,1
7,11,4632,0,0,500,0.6,1000,0.2,1400,0.2,1
8,0,8470,2,10,5,0,300,0.5,572,0.32,486,0.18,1
8,1,8747,0,0,666,0.42,420,0.58,1
8,2,7138,2,10,5,0,300,0.5,572,0.32,486,0.18,1
8,3,8393,0,0,500,0.6,1000,0.2,1400,0.2,1
8,4,1067,1,0,500,0.6,1000,0.2,1400,0.2,1
8,5,4392,0,0,300,0.5,1700,0.5,1
8,6,1248,2,10,5,0,500,0.6,1000,0.2,1400,0.2,1
8,7,2693,1,0,500,0.6,1000,0.2,1400,0.2,1
8,8,395,2,10,5,0,500,0.6,1000,0.2,1400,0.2,1
8,9,10569,0,0,500,0.6,1000,0.2,1400,0.2,1
8,10,10608,1,0,300,0.5,1700,0.5,1
8,11,6031,0,0,300,0.5,572,0.32,486,0.18,1
9,0,7239,2,10,5,0,500,0.6,1000,0.2,1400,0.2,1
9,1,6269,2,10,5,0,500,0.6,1000,0.2,1400,0.2,1
9,2,729,2,10,5,0,666,0.42,420,0.58,1
9,3,1321,1,0,500,0.6,1000,0.2,1400,0.2,1
9,4,12414,1,0,500,0.6,1000,0.2,1400,0.2,1
9,5,6781,0,0,300,0.5,1700,0.5,1
9,6,552,2,10,5,0,500,0.6,1000,0.2,1400,0.2,1
9,7,6676,0,0,300,0.5,572,0.32,486,0.18,1
9,8,12410,1,0,666,0.42,420,0.58,1
9,9,1318,0,0,300,0.5,1700,0.5,1
9,10,13279,1,0,500,0.6,1000,0.2,1400,0.2,1
9,11,5040,2,10,5,0,300,0.5,572,0.32,486,0.18,1
10,0,14567,1,0,300,0.5,572,0.32,486,0.18,1
10,1,8638,0,0,666,0.42,420,0.58,1
10,2,10893,0,0,300,0.5,572,0.32,486,0.18,1
10,3,98,2,10,5,0,666,0.42,420,0.58,1
10,4,4733,1,0,300,0.5,572,0.32,486,0.18,1
10,5,1067,0,0,300,0.5,572,0.32,486,0.18,1
10,6,9296,1,0,500,0.6,1000,0.2,1400,0.2,1
10,7,7815,2,10,5,0,666,0.42,420,0.58,1
10,8,3790,0,0,300,0.5,1700,0.5,1
10,9,1842,1,0,300,0.5,572,0.32,486,0.18,1
10,10,9908,0,0,500,0.6,1000,0.2,1400,0.2,1
10,11,5756,2,10,5,0,666,0.42,420,0.58,1
11,0,9817,2,10,5,0,500,0.6,1000,0.2,1400,0.2,1
11,1,6921,0,0,666,0.42,420,0.58,1
11,2,4223,2,10,5,0,300,0.5,1700,0.5,1
11,3,6947,1,0,666,0.42,420,0.58,1
11,4,10804,1,0,300,0.5,1700,0.5,1
11,5,5915,2,10,5,0,500,0.6,1000,0.2,1400,0.2,1
11,6,1225,2,10,5,0,666,0.42,420,0.58,1
11,7,2603,0,0,300,0.5,1700,0.5,1
11,8,14342,1,0,500,0.6,1000,0.2,1400,0.2,1
11,9,994,1,0,300,0.5,1700,0.5,1
11,10,13937,0,0,500,0.6,1000,0.2,1400,0.2,1
11,11,8259,1,0,300,0.5,572,0.32,486,0.18,1
