0,0,197,0,0,500,0.6,1000,0.2,1400,0.2,1
0,1,9616,2,10,5,0,666,0.42,420,0.58,1
0,2,5701,0,0,300,0.5,1700,0.5,1
0,3,14974,2,10,5,0,666,0.42,420,0.58,1
0,4,1562,1,0,300,0.5,572,0.32,486,0.18,1
0,5,1562,0,0,500,0.6,1000,0.2,1400,0.2,1
0,6,2024,2,10,5,0,500,0.6,1000,0.2,1400,0.2,1
0,7,9809,2,10,5,0,500,0.6,1000,0.2,1400,0.2,1
0,8,5863,0,0,300,0.5,572,0.32,486,0.18,1
0,9,10168,0,0,666,0.42,420,0.58,1
0,10,1240,1,0,300,0.5,1700,0.5,1
0,11,1838,0,0,300,0.5,1700,0.5,1
1,0,4176,0,0,666,0.42,420,0.58,1
1,1,14633,1,0,300,0.5,1700,0.5,1
1,2,2688,2,10,5,0,500,0.6,1000,0.2,1400,0.2,0
1,3,6419,1,0,300,0.5,572,0.32,486,0.18,1
1,4,7981,0,0,300,0.5,1700,0.5,1
1,5,9816,1,0,666,0.42,420,0.58,1
1,6,5010,0,0,300,0.5,572,0.32,486,0.18,1
1,7,6231,1,0,300,0.5,1700,0.5,1
1,8,865,1,0,666,0.42,420,0.58,1
1,9,6701,0,0,300,0.5,572,0.32,486,0.18,1
1,10,14760,2,10,5,0,300,0.5,1700,0.5,1
1,11,13787,2,10,5,0,666,0.42,420,0.58,1
2,0,14603,0,0,300,0.5,572,0.32,486,0.18,1
2,1,12801,0,0,300,0.5,572,0.32,486,0.18,1
2,2,2118,0,0,500,0.6,1000,0.2,1400,0.2,1
2,3,4538,0,0,666,0.42,420,0.58,1
2,4,14918,1,0,300,0.5,1700,0.5,1
2,5,8884,0,0,300,0.5,572,0.32,486,0.18,1
2,6,2539,2,10,5,0,500,0.6,1000,0.2,1400,0.2,1
2,7,13710,1,0,300,0.5,1700,0.5,1
2,8,3084,0,0,500,0.6,1000,0.2,1400,0.2,1
2,9,9312,0,0,500,0.6,1000,0.2,1400,0.2,1
2,10,11227,1,0,300,0.5,572,0.32,486,0.18,1
2,11,133,1,0,500,0.6,1000,0.2,1400,0.2,1
3,0,9456,1,0,500,0.6,1000,0.2,1400,0.2,1
3,1,7631,1,0,666,0.42,420,0.58,1
3,2,9251,0,0,500,0.6,1000,0.2,1400,0.2,1
3,3,7173,2,10,5,0,666,0.42,420,0.58,1
3,4,351,0,0,500,0.6,1000,0.2,1400,0.2,1
3,5,3461,1,0,300,0.5,1700,0.5,1
3,6,12314,2,10,5,0,300,0.5,1700,0.5,1
3,7,13414,0,0,666,0.42,420,0.58,1
3,8,14543,0,0,300,0.5,572,0.32,486,0.18,1
3,9,7914,2,10,5,0,666,0.42,420,0.58,1
3,10,12129,2,10,5,0,300,0.5,1700,0.5,1
3,11,7590,1,0,300,0.5,1700,0.5,1
4,0,3394,0,0,300,0.5,1700,0.5,1
4,1,3681,0,0,666,0.42,420,0.58,1
4,2,7490,0,0,300,0.5,1700,0.5,1
4,3,12471,2,10,5,0,300,0.5,572,0.32,486,0.18,1
4,4,4469,0,0,300,0.5,1700,0.5,1
4,5,2086,1,0,300,0.5,572,0.32,486,0.18,1
4,6,810,2,10,5,0,500,0.6,1000,0.2,1400,0.2,1
4,7,12030,0,0,666,0.42,420,0.58,1
4,8,2704,1,0,300,0.5,1700,0.5,1
4,9,7922,1,0,666,0.42,420,0.58,1
4,10,12785,1,0,666,0.42,420,0.58,1
4,11,9566,0,0,500,0.6,1000,0.2,1400,0.2,1
5,0,2065,1,0,300,0.5,1700,0.5,1
5,1,386,0,0,300,0.5,1700,0.5,1
5,2,10405,1,0,300,0.5,572,0.32,486,0.18,1
5,3,8770,0,0,500,0.6,1000,0.2,1400,0.2,1
5,4,6103,2,10,5,0,300,0.5,572,0.32,486,0.18,1
5,5,5894,1,0,300,0.5,1700,0.5,1
5,6,11278,1,0,500,0.6,1000,0.2,1400,0.2,1
5,7,4925,0,0,300,0.5,1700,0.5,1
5,8,4352,1,0,666,0.42,420,0.58,1
5,9,7210,1,0,500,0.6,1000,0.2,1400,0.2,1
5,10,446,0,0,300,0.5,1700,0.5,1
5,11,9755,1,0,666,0.42,420,0.58,1
6,0,1022,2,10,5,0,500,0.6,1000,0.2,1400,0.2,1
6,1,12442,0,0,300,0.5,1700,0.5,1
6,2,11741,0,0,500,0.6,1000,0.2,1400,0.2,1
6,3,14324,0,0,666,0.42,420,0.58,1
6,4,4839,0,0,500,0.6,1000,0.2,1400,0.2,1
6,5,11903,0,0,500,0.6,1000,0.2,1400,0.2,1
6,6,5160,1,0,500,0.6,1000,0.2,1400,0.2,1
6,7,2300,0,0,500,0.6,1000,0.2,1400,0.2,1
6,8,3127,1,0,666,0.42,420,0.58,1
6,9,4164,0,0,300,0.5,572,0.32,486,0.18,1
6,10,10220,0,0,666,0.42,420,0.58,1
6,11,6989,2,10,5,0,666,0.42,420,0.58,1
7,0,1346,2,10,5,0,300,0.5,1700,0.5,1
7,1,8279,1,0,300,0.5,1700,0.5,1
7,2,9560,2,10,5,0,300,0.5,572,0.32,486,0.18,1
7,3,3709,0,0,500,0.6,1000,0.2,1400,0.2,1
7,4,513,2,10,5,0,300,0.5,1700,0.5,1
7,5,7321,2,10,5,0,300,0.5,1700,0.5,1
7,6,10316,0,0,300,0.5,1700,0.5,1
7,7,6174,2,10,5,0,666,0.42,420,0.58,1
7,8,14913,2,10,5,0,500,0.6,1000,0.2,1400,0.2,1
7,9,14323,0,0,300,0.5,572,0.32,486,0.18,1
7,10,1846,2,10,5,0,500,0.6,1000,0.2,1400,0.2,1
7,11,9149,1,0,300,0.5,572,0.32,486,0.18,1
8,0,8280,1,0,666,0.42,420,0.58,1
8,1,8729,0,0,300,0.5,572,0.32,486,0.18,1
8,2,7601,1,0,500,0.6,1000,0.2,1400,0.2,1
8,3,11138,1,0,300,0.5,572,0.32,486,0.18,1
8,4,11455,2,10,5,0,666,0.42,420,0.58,1
8,5,3873,2,10,5,0,500,0.6,1000,0.2,1400,0.2,1
8,6,5421,1,0,300,0.5,1700,0.5,1
8,7,524,1,0,500,0.6,1000,0.2,1400,0.2,1
8,8,14257,2,10,5,0,300,0.5,572,0.32,486,0.18,1
8,9,13441,2,10,5,0,300,0.5,572,0.32,486,0.18,1
8,10,8721,1,0,666,0.42,420,0.58,1
8,11,12385,1,0,300,0.5,572,0.32,486,0.18,1
9,0,8398,1,0,300,0.5,572,0.32,486,0.18,1
9,1,4413,2,10,5,0,300,0.5,572,0.32,486,0.18,1
9,2,14885,0,0,500,0.6,1000,0.2,1400,0.2,1
9,3,4765,1,0,666,0.42,420,0.58,1
9,4,12816,1,0,300,0.5,572,0.32,486,0.18,1
9,5,2863,2,10,5,0,300,0.5,1700,0.5,1
9,6,12335,1,0,300,0.5,572,0.32,486,0.18,1
9,7,13922,2,10,5,0,666,0.42,420,0.58,1
9,8,8512,0,0,500,0.6,1000,0.2,1400,0.2,1
9,9,3210,0,0,300,0.5,1700,0.5,1
9,10,14365,0,0,500,0.6,1000,0.2,1400,0.2,1
9,11,5977,2,10,5,0,300,0.5,1700,0.5,1
10,0,9245,1,0,300,0.5,1700,0.5,1
10,1,11793,1,0,300,0.5,1700,0.5,1
10,2,10780,1,0,500,0.6,1000,0.2,1400,0.2,1
10,3,13672,2,10,5,0,666,0.42,420,0.58,1
10,4,7783,2,10,5,0,500,0.6,1000,0.2,1400,0.2,1
10,5,3284,0,0,666,0.42,420,0.58,1
10,6,1838,1,0,666,0.42,420,0.58,1
10,7,10531,0,0,666,0.42,420,0.58,1
10,8,6486,0,0,300,0.5,572,0.32,486,0.18,1
10,9,4392,0,0,300,0.5,1700,0.5,1
10,10,5573,0,0,500,0.6,1000,0.2,1400,0.2,1
10,11,11790,2,10,5,0,300,0.5,1700,0.5,1
11,0,9443,0,0,300,0.5,1700,0.5,1
11,1,10554,1,0,300,0.5,1700,0.5,1
11,2,4945,1,0,666,0.42,420,0.58,1
11,3,4840,0,0,500,0.6,1000,0.2,1400,0.2,1
11,4,500,2,10,5,0,500,0.6,1000,0.2,1400,0.2,1
11,5,5422,2,10,5,0,300,0.5,1700,0.5,1
11,6,13648,0,0,300,0.5,1700,0.5,1
11,7,2297,2,10,5,0,500,0.6,1000,0.2,1400,0.2,1
11,8,12497,0,0,500,0.6,1000,0.2,1400,0.2,1
11,9,12243,2,10,5,0,500,0.6,1000,0.2,1400,0.2,1
11,10,3052,1,0,666,0.42,420,0.58,1
11,11,12805,2,10,5,0,666,0.42,420,0.58,1
