0,0,6470,1,0,666,0.42,420,0.58,1
0,1,3415,2,10,5,0,300,0.5,1700,0.5,1
0,2,7353,0,0,300,0.5,1700,0.5,1
0,3,1480,2,10,5,0,300,0.5,572,0.32,486,0.18,1
0,4,2125,2,10,5,0,300,0.5,1700,0.5,1
0,5,11391,2,10,5,0,300,0.5,1700,0.5,1
0,6,10305,1,0,666,0.42,420,0.58,1
0,7,5937,1,0,500,0.6,1000,0.2,1400,0.2,1
0,8,6848,0,0,300,0.5,1700,0.5,1
0,9,5359,0,0,300,0.5,1700,0.5,1
0,10,6877,1,0,300,0.5,1700,0.5,1
0,11,249,2,10,5,0,666,0.42,420,0.58,1
1,0,12492,0,0,300,0.5,1700,0.5,1
1,1,3394,2,10,5,0,500,0.6,1000,0.2,1400,0.2,1
1,2,13361,1,0,500,0.6,1000,0.2,1400,0.2,0
1,3,5659,1,0,300,0.5,1700,0.5,1
1,4,8588,0,0,300,0.5,572,0.32,486,0.18,1
1,5,1183,1,0,300,0.5,1700,0.5,1
1,6,8487,2,10,5,0,666,0.42,420,0.58,1
1,7,8301,1,0,666,0.42,420,0.58,1
1,8,5289,1,0,666,0.42,420,0.58,1
1,9,14503,2,10,5,0,666,0.42,420,0.58,1
1,10,12757,2,10,5,0,500,0.6,1000,0.2,1400,0.2,1
1,11,11412,2,10,5,0,300,0.5,572,0.32,486,0.18,1
2,0,2337,0,0,300,0.5,572,0.32,486,0.18,1
2,1,9569,1,0,666,0.42,420,0.58,1
2,2,14034,2,10,5,0,666,0.42,420,0.58,1
2,3,9434,1,0,666,0.42,420,0.58,1
2,4,7892,1,0,300,0.5,572,0.32,486,0.18,1
2,5,6193,2,10,5,0,666,0.42,420,0.58,1
2,6,10139,1,0,500,0.6,1000,0.2,1400,0.2,1
2,7,14620,2,10,5,0,500,0.6,1000,0.2,1400,0.2,1
2,8,10587,0,0,500,0.6,1000,0.2,1400,0.2,1
2,9,14148,1,0,300,0.5,572,0.32,486,0.18,1
2,10,8526,2,10,5,0,300,0.5,1700,0.5,1
2,11,2564,0,0,300,0.5,572,0.32,486,0.18,1
3,0,6650,2,10,5,0,300,0.5,1700,0.5,1
3,1,5008,0,0,300,0.5,1700,0.5,1
3,2,7614,1,0,300,0.5,1700,0.5,1
3,3,5946,1,0,666,0.42,420,0.58,1
3,4,8599,2,10,5,0,300,0.5,572,0.32,486,0.18,1
3,5,13813,1,0,666,0.42,420,0.58,1
3,6,8727,2,10,5,0,300,0.5,1700,0.5,1
3,7,600,2,10,5,0,300,0.5,572,0.32,486,0.18,1
3,8,2266,0,0,300,0.5,1700,0.5,1
3,9,1109,0,0,300,0.5,1700,0.5,1
3,10,9814,0,0,300,0.5,1700,0.5,1
3,11,13160,0,0,666,0.42,420,0.58,1
4,0,6797,1,0,300,0.5,1700,0.5,1
4,1,12787,1,0,300,0.5,572,0.32,486,0.18,1
4,2,14611,2,10,5,0,500,0.6,1000,0.2,1400,0.2,1
4,3,7038,2,10,5,0,500,0.6,1000,0.2,1400,0.2,1
4,4,11146,0,0,300,0.5,1700,0.5,1
4,5,6341,1,0,666,0.42,420,0.58,1
4,6,8092,2,10,5,0,500,0.6,1000,0.2,1400,0.2,1
4,7,3896,0,0,500,0.6,1000,0.2,1400,0.2,1
4,8,7606,1,0,666,0.42,420,0.58,1
4,9,9657,1,0,300,0.5,1700,0.5,1
4,10,11771,2,10,5,0,300,0.5,572,0.32,486,0.18,1
4,11,1005,2,10,5,0,300,0.5,1700,0.5,1
5,0,8832,1,0,300,0.5,1700,0.5,1
5,1,11139,1,0,500,0.6,1000,0.2,1400,0.2,1
5,2,4714,0,0,300,0.5,1700,0.5,1
5,3,1898,1,0,300,0.5,1700,0.5,1
5,4,3926,1,0,300,0.5,1700,0.5,1
5,5,13071,2,10,5,0,300,0.5,1700,0.5,1
5,6,6803,0,0,300,0.5,1700,0.5,1
5,7,14301,2,10,5,0,300,0.5,1700,0.5,1
5,8,693,2,10,5,0,500,0.6,1000,0.2,1400,0.2,1
5,9,8714,2,10,5,0,500,0.6,1000,0.2,1400,0.2,1
5,10,14558,1,0,300,0.5,572,0.32,486,0.18,1
5,11,148,0,0,300,0.5,1700,0.5,1
6,0,12001,0,0,300,0.5,1700,0.5,1
6,1,3685,1,0,500,0.6,1000,0.2,1400,0.2,1
6,2,8655,1,0,300,0.5,572,0.32,486,0.18,1
6,3,9583,2,10,5,0,300,0.5,1700,0.5,1
6,4,724,2,10,5,0,666,0.42,420,0.58,1
6,5,376,0,0,500,0.6,1000,0.2,1400,0.2,1
6,6,2626,0,0,666,0.42,420,0.58,1
6,7,14083,1,0,500,0.6,1000,0.2,1400,0.2,1
6,8,5289,2,10,5,0,666,0.42,420,0.58,1
6,9,2569,2,10,5,0,300,0.5,1700,0.5,1
6,10,906,1,0,300,0.5,1700,0.5,1
6,11,3804,1,0,300,0.5,572,0.32,486,0.18,1
7,0,9628,0,0,300,0.5,572,0.32,486,0.18,1
7,1,5131,2,10,5,0,500,0.6,1000,0.2,1400,0.2,1
7,2,4065,0,0,300,0.5,572,0.32,486,0.18,1
7,3,2270,1,0,300,0.5,572,0.32,486,0.18,1
7,4,14066,0,0,300,0.5,1700,0.5,1
7,5,3707,1,0,666,0.42,420,0.58,1
7,6,12097,0,0,666,0.42,420,0.58,1
7,7,12548,0,0,500,0.6,1000,0.2,1400,0.2,1
7,8,9706,1,0,500,0.6,1000,0.2,1400,0.2,1
7,9,10713,2,10,5,0,300,0.5,1700,0.5,1
7,10,14071,2,10,5,0,666,0.42,420,0.58,1
7,11,4724,0,0,300,0.5,1700,0.5,1
8,0,3524,1,0,300,0.5,1700,0.5,1
8,1,8963,0,0,300,0.5,1700,0.5,1
8,2,8628,0,0,666,0.42,420,0.58,1
8,3,10486,0,0,666,0.42,420,0.58,1
8,4,10959,0,0,666,0.42,420,0.58,1
8,5,12532,0,0,666,0.42,420,0.58,1
8,6,14554,1,0,500,0.6,1000,0.2,1400,0.2,1
8,7,12823,2,10,5,0,666,0.42,420,0.58,1
8,8,12354,2,10,5,0,500,0.6,1000,0.2,1400,0.2,1
8,9,3287,0,0,500,0.6,1000,0.2,1400,0.2,1
8,10,1672,2,10,5,0,500,0.6,1000,0.2,1400,0.2,1
8,11,10893,0,0,300,0.5,572,0.32,486,0.18,1
9,0,8722,1,0,666,0.42,420,0.58,1
9,1,6516,1,0,300,0.5,1700,0.5,1
9,2,13778,0,0,666,0.42,420,0.58,1
9,3,9814,2,10,5,0,300,0.5,1700,0.5,1
9,4,1673,0,0,666,0.42,420,0.58,1
9,5,7191,1,0,666,0.42,420,0.58,1
9,6,14718,0,0,300,0.5,572,0.32,486,0.18,1
9,7,3727,1,0,300,0.5,572,0.32,486,0.18,1
9,8,10293,1,0,300,0.5,1700,0.5,1
9,9,2121,1,0,300,0.5,572,0.32,486,0.18,1
9,10,11127,0,0,300,0.5,572,0.32,486,0.18,1
9,11,3720,2,10,5,0,300,0.5,1700,0.5,1
10,0,9667,2,10,5,0,300,0.5,1700,0.5,1
10,1,13072,2,10,5,0,666,0.42,420,0.58,1
10,2,14411,0,0,500,0.6,1000,0.2,1400,0.2,1
10,3,1711,1,0,500,0.6,1000,0.2,1400,0.2,1
10,4,1218,1,0,300,0.5,572,0.32,486,0.18,1
10,5,6546,0,0,300,0.5,1700,0.5,1
10,6,11416,2,10,5,0,500,0.6,1000,0.2,1400,0.2,1
10,7,12000,0,0,666,0.42,420,0.58,1
10,8,3851,1,0,500,0.6,1000,0.2,1400,0.2,1
10,9,11626,0,0,500,0.6,1000,0.2,1400,0.2,1
10,10,6457,2,10,5,0,666,0.42,420,0.58,1
10,11,4589,1,0,666,0.42,420,0.58,1
11,0,3056,0,0,300,0.5,572,0.32,486,0.18,1
11,1,11030,0,0,300,0.5,1700,0.5,1
11,2,435,0,0,300,0.5,572,0.32,486,0.18,1
11,3,2215,0,0,300,0.5,572,0.32,486,0.18,1
11,4,126,1,0,500,0.6,1000,0.2,1400,0.2,1
11,5,8599,2,10,5,0,666,0.42,420,0.58,1
11,6,12381,2,10,5,0,500,0.6,1000,0.2,1400,0.2,1
11,7,537,0,0,666,0.42,420,0.58,1
11,8,11769,2,10,5,0,300,0.5,572,0.32,486,0.18,1
11,9,10037,2,10,5,0,300,0.5,1700,0.5,1
11,10,679,1,0,300,0.5,572,0.32,486,0.18,1
11,11,12195,0,0,300,0.5,1700,0.5,1
