0,0,12060,1,0,300,0.5,1700,0.5,1
0,1,7650,0,0,300,0.5,1700,0.5,1
0,2,6066,0,0,500,0.6,1000,0.2,1400,0.2,1
0,3,8553,1,0,300,0.5,1700,0.5,1
0,4,10895,2,10,5,0,300,0.5,572,0.32,486,0.18,1
0,5,12060,1,0,300,0.5,572,0.32,486,0.18,1
0,6,10727,0,0,666,0.42,420,0.58,1
0,7,253,2,10,5,0,500,0.6,1000,0.2,1400,0.2,1
0,8,6908,1,0,300,0.5,572,0.32,486,0.18,1
0,9,4041,1,0,666,0.42,420,0.58,1
0,10,14006,2,10,5,0,300,0.5,572,0.32,486,0.18,1
0,11,1871,0,0,500,0.6,1000,0.2,1400,0.2,1
1,0,9391,1,0,300,0.5,1700,0.5,1
1,1,11002,1,0,300,0.5,1700,0.5,1
1,2,2638,0,0,300,0.5,572,0.32,486,0.18,0
1,3,14263,2,10,5,0,300,0.5,572,0.32,486,0.18,1
1,4,5582,1,0,666,0.42,420,0.58,1
1,5,10154,2,10,5,0,500,0.6,1000,0.2,1400,0.2,1
1,6,10059,1,0,300,0.5,572,0.32,486,0.18,1
1,7,13652,1,0,500,0.6,1000,0.2,1400,0.2,1
1,8,5295,1,0,300,0.5,1700,0.5,1
1,9,4005,1,0,300,0.5,572,0.32,486,0.18,1
1,10,1818,1,0,300,0.5,1700,0.5,1
1,11,3381,2,10,5,0,500,0.6,1000,0.2,1400,0.2,1
2,0,6041,2,10,5,0,666,0.42,420,0.58,1
2,1,2028,1,0,300,0.5,1700,0.5,1
2,2,5723,2,10,5,0,300,0.5,1700,0.5,1
2,3,2714,0,0,666,0.42,420,0.58,1
2,4,10051,0,0,500,0.6,1000,0.2,1400,0.2,1
2,5,1566,1,0,500,0.6,1000,0.2,1400,0.2,1
2,6,8411,0,0,300,0.5,1700,0.5,1
2,7,8000,1,0,300,0.5,1700,0.5,1
2,8,4934,0,0,666,0.42,420,0.58,1
2,9,6786,1,0,300,0.5,1700,0.5,1
2,10,11252,0,0,300,0.5,1700,0.5,1
2,11,4054,2,10,5,0,500,0.6,1000,0.2,1400,0.2,1
3,0,8780,2,10,5,0,300,0.5,1700,0.5,1
3,1,3898,0,0,500,0.6,1000,0.2,1400,0.2,1
3,2,4736,1,0,666,0.42,420,0.58,1
3,3,5529,0,0,500,0.6,1000,0.2,1400,0.2,1
3,4,2984,1,0,500,0.6,1000,0.2,1400,0.2,1
3,5,12233,2,10,5,0,300,0.5,1700,0.5,1
3,6,4964,2,10,5,0,500,0.6,1000,0.2,1400,0.2,1
3,7,428,2,10,5,0,300,0.5,1700,0.5,1
3,8,6370,2,10,5,0,666,0.42,420,0.58,1
3,9,1663,2,10,5,0,300,0.5,572,0.32,486,0.18,1
3,10,6790,0,0,300,0.5,1700,0.5,1
3,11,2166,1,0,500,0.6,1000,0.2,1400,0.2,1
4,0,6312,2,10,5,0,666,0.42,420,0.58,1
4,1,3170,1,0,300,0.5,572,0.32,486,0.18,1
4,2,11852,1,0,300,0.5,572,0.32,486,0.18,1
4,3,2527,2,10,5,0,300,0.5,1700,0.5,1
4,4,12556,1,0,300,0.5,572,0.32,486,0.18,1
4,5,6286,1,0,500,0.6,1000,0.2,1400,0.2,1
4,6,10515,2,10,5,0,300,0.5,572,0.32,486,0.18,1
4,7,5653,1,0,300,0.5,572,0.32,486,0.18,1
4,8,6175,2,10,5,0,300,0.5,1700,0.5,1
4,9,4897,0,0,300,0.5,572,0.32,486,0.18,1
4,10,9867,1,0,300,0.5,1700,0.5,1
4,11,6158,2,10,5,0,300,0.5,572,0.32,486,0.18,1
5,0,12253,1,0,300,0.5,1700,0.5,1
5,1,2232,1,0,666,0.42,420,0.58,1
5,2,14297,1,0,666,0.42,420,0.58,1
5,3,2037,2,10,5,0,500,0.6,1000,0.2,1400,0.2,1
5,4,2477,0,0,300,0.5,1700,0.5,1
5,5,12334,0,0,500,0.6,1000,0.2,1400,0.2,1
5,6,9182,1,0,500,0.6,1000,0.2,1400,0.2,1
5,7,11366,0,0,300,0.5,572,0.32,486,0.18,1
5,8,730,1,0,300,0.5,1700,0.5,1
5,9,105,1,0,666,0.42,420,0.58,1
5,10,4770,2,10,5,0,666,0.42,420,0.58,1
5,11,1007,0,0,500,0.6,1000,0.2,1400,0.2,1
6,0,11766,0,0,300,0.5,1700,0.5,1
6,1,2188,2,10,5,0,500,0.6,1000,0.2,1400,0.2,1
6,2,3789,1,0,300,0.5,572,0.32,486,0.18,1
6,3,10940,2,10,5,0,300,0.5,1700,0.5,1
6,4,2879,2,10,5,0,666,0.42,420,0.58,1
6,5,3475,2,10,5,0,500,0.6,1000,0.2,1400,0.2,1
6,6,14718,1,0,300,0.5,572,0.32,486,0.18,1
6,7,6253,1,0,666,0.42,420,0.58,1
6,8,12482,1,0,300,0.5,572,0.32,486,0.18,1
6,9,10113,2,10,5,0,666,0.42,420,0.58,1
6,10,832,2,10,5,0,666,0.42,420,0.58,1
6,11,5089,1,0,666,0.42,420,0.58,1
7,0,11684,1,0,666,0.42,420,0.58,1
7,1,4084,2,10,5,0,666,0.42,420,0.58,1
7,2,9283,1,0,500,0.6,1000,0.2,1400,0.2,1
7,3,7215,0,0,300,0.5,1700,0.5,1
7,4,12341,1,0,500,0.6,1000,0.2,1400,0.2,1
7,5,3069,1,0,666,0.42,420,0.58,1
7,6,3761,0,0,666,0.42,420,0.58,1
7,7,6054,2,10,5,0,300,0.5,1700,0.5,1
7,8,5118,0,0,500,0.6,1000,0.2,1400,0.2,1
7,9,9061,0,0,300,0.5,572,0.32,486,0.18,1
7,10,6450,2,10,5,0,500,0.6,1000,0.2,1400,0.2,1
7,11,11799,1,0,300,0.5,572,0.32,486,0.18,1
8,0,13391,1,0,300,0.5,572,0.32,486,0.18,1
8,1,3943,0,0,300,0.5,572,0.32,486,0.18,1
8,2,13616,0,0,300,0.5,1700,0.5,1
8,3,4219,1,0,300,0.5,1700,0.5,1
8,4,12814,1,0,666,0.42,420,0.58,1
8,5,1995,0,0,666,0.42,420,0.58,1
8,6,2747,1,0,666,0.42,420,0.58,1
8,7,12429,0,0,500,0.6,1000,0.2,1400,0.2,1
8,8,12647,0,0,666,0.42,420,0.58,1
8,9,8161,1,0,666,0.42,420,0.58,1
8,10,109,0,0,666,0.42,420,0.58,1
8,11,10186,0,0,300,0.5,1700,0.5,1
9,0,9893,1,0,666,0.42,420,0.58,1
9,1,13582,2,10,5,0,300,0.5,1700,0.5,1
9,2,9642,1,0,500,0.6,1000,0.2,1400,0.2,1
9,3,9900,0,0,300,0.5,1700,0.5,1
9,4,4329,1,0,500,0.6,1000,0.2,1400,0.2,1
9,5,7239,1,0,300,0.5,572,0.32,486,0.18,1
9,6,2386,1,0,666,0.42,420,0.58,1
9,7,9073,1,0,500,0.6,1000,0.2,1400,0.2,1
9,8,11153,1,0,300,0.5,572,0.32,486,0.18,1
9,9,9389,2,10,5,0,666,0.42,420,0.58,1
9,10,13631,1,0,666,0.42,420,0.58,1
9,11,7060,0,0,300,0.5,572,0.32,486,0.18,1
10,0,3105,2,10,5,0,500,0.6,1000,0.2,1400,0.2,1
10,1,13240,0,0,300,0.5,572,0.32,486,0.18,1
10,2,8686,2,10,5,0,666,0.42,420,0.58,1
10,3,7892,2,10,5,0,500,0.6,1000,0.2,1400,0.2,1
10,4,11429,1,0,300,0.5,1700,0.5,1
10,5,435,2,10,5,0,300,0.5,1700,0.5,1
10,6,14875,0,0,300,0.5,1700,0.5,1
10,7,10532,1,0,500,0.6,1000,0.2,1400,0.2,1
10,8,10989,1,0,300,0.5,572,0.32,486,0.18,1
10,9,11575,0,0,500,0.6,1000,0.2,1400,0.2,1
10,10,11712,1,0,500,0.6,1000,0.2,1400,0.2,1
10,11,14139,2,10,5,0,500,0.6,1000,0.2,1400,0.2,1
11,0,5769,2,10,5,0,300,0.5,572,0.32,486,0.18,1
11,1,10086,2,10,5,0,500,0.6,1000,0.2,1400,0.2,1
11,2,9961,0,0,666,0.42,420,0.58,1
11,3,13473,2,10,5,0,300,0.5,1700,0.5,1
11,4,73,0,0,300,0.5,1700,0.5,1
11,5,6612,1,0,666,0.42,420,0.58,1
11,6,12223,0,0,666,0.42,420,0.58,1
11,7,3169,1,0,300,0.5,1700,0.5,1
11,8,12635,2,10,5,0,300,0.5,572,0.32,486,0.18,1
11,9,14624,1,0,300,0.5,572,0.32,486,0.18,1
11,10,11118,1,0,500,0.6,1000,0.2,1400,0.2,1
11,11,8493,1,0,666,0.42,420,0.58,1
