0,0,11238,0,0,500,0.6,1000,0.2,1400,0.2,1
0,1,4917,2,10,5,0,300,0.5,572,0.32,486,0.18,1
0,2,10031,0,0,666,0.42,420,0.58,1
0,3,2338,0,0,666,0.42,420,0.58,1
0,4,6915,1,0,300,0.5,572,0.32,486,0.18,1
0,5,12781,1,0,300,0.5,572,0.32,486,0.18,1
0,6,6073,2,10,5,0,300,0.5,572,0.32,486,0.18,1
0,7,10806,2,10,5,0,666,0.42,420,0.58,1
0,8,8678,0,0,300,0.5,572,0.32,486,0.18,1
0,9,11409,1,0,500,0.6,1000,0.2,1400,0.2,1
0,10,10855,2,10,5,0,666,0.42,420,0.58,1
0,11,2181,2,10,5,0,300,0.5,572,0.32,486,0.18,1
1,0,12689,0,0,500,0.6,1000,0.2,1400,0.2,1
1,1,13230,0,0,300,0.5,572,0.32,486,0.18,1
1,2,4395,1,0,500,0.6,1000,0.2,1400,0.2,0
1,3,5563,1,0,500,0.6,1000,0.2,1400,0.2,1
1,4,12693,1,0,666,0.42,420,0.58,1
1,5,14362,0,0,500,0.6,1000,0.2,1400,0.2,1
1,6,7740,2,10,5,0,666,0.42,420,0.58,1
1,7,6945,2,10,5,0,666,0.42,420,0.58,1
1,8,3022,1,0,500,0.6,1000,0.2,1400,0.2,1
1,9,8487,1,0,666,0.42,420,0.58,1
1,10,6903,2,10,5,0,500,0.6,1000,0.2,1400,0.2,1
1,11,3424,1,0,300,0.5,572,0.32,486,0.18,1
2,0,11076,0,0,666,0.42,420,0.58,1
2,1,11034,2,10,5,0,300,0.5,1700,0.5,1
2,2,5575,1,0,300,0.5,1700,0.5,1
2,3,9877,1,0,300,0.5,572,0.32,486,0.18,1
2,4,13988,1,0,500,0.6,1000,0.2,1400,0.2,1
2,5,1789,2,10,5,0,300,0.5,1700,0.5,1
2,6,3431,2,10,5,0,666,0.42,420,0.58,1
2,7,6940,0,0,300,0.5,572,0.32,486,0.18,1
2,8,2278,2,10,5,0,300,0.5,572,0.32,486,0.18,1
2,9,8567,0,0,300,0.5,572,0.32,486,0.18,1
2,10,8487,0,0,666,0.42,420,0.58,1
2,11,1200,0,0,300,0.5,572,0.32,486,0.18,1
3,0,13525,0,0,500,0.6,1000,0.2,1400,0.2,1
3,1,6523,2,10,5,0,300,0.5,1700,0.5,1
3,2,10155,2,10,5,0,300,0.5,1700,0.5,1
3,3,8295,1,0,666,0.42,420,0.58,1
3,4,8029,0,0,666,0.42,420,0.58,1
3,5,2046,1,0,300,0.5,1700,0.5,1
3,6,7309,1,0,300,0.5,572,0.32,486,0.18,1
3,7,8101,1,0,666,0.42,420,0.58,1
3,8,6533,1,0,666,0.42,420,0.58,1
3,9,8740,0,0,300,0.5,1700,0.5,1
3,10,10556,2,10,5,0,300,0.5,572,0.32,486,0.18,1
3,11,14700,0,0,666,0.42,420,0.58,1
4,0,5913,2,10,5,0,300,0.5,1700,0.5,1
4,1,8685,1,0,500,0.6,1000,0.2,1400,0.2,1
4,2,9421,1,0,300,0.5,572,0.32,486,0.18,1
4,3,11886,0,0,300,0.5,1700,0.5,1
4,4,1891,1,0,500,0.6,1000,0.2,1400,0.2,1
4,5,10245,1,0,500,0.6,1000,0.2,1400,0.2,1
4,6,2280,2,10,5,0,300,0.5,1700,0.5,1
4,7,8268,1,0,300,0.5,1700,0.5,1
4,8,3506,1,0,500,0.6,1000,0.2,1400,0.2,1
4,9,3683,0,0,300,0.5,572,0.32,486,0.18,1
4,10,100,2,10,5,0,666,0.42,420,0.58,1
4,11,3363,1,0,300,0.5,1700,0.5,1
5,0,4938,1,0,300,0.5,1700,0.5,1
5,1,9704,2,10,5,0,666,0.42,420,0.58,1
5,2,11749,2,10,5,0,666,0.42,420,0.58,1
5,3,2161,2,10,5,0,500,0.6,1000,0.2,1400,0.2,1
5,4,3497,2,10,5,0,300,0.5,572,0.32,486,0.18,1
5,5,14764,2,10,5,0,666,0.42,420,0.58,1
5,6,5479,0,0,300,0.5,572,0.32,486,0.18,1
5,7,8946,2,10,5,0,666,0.42,420,0.58,1
5,8,5891,2,10,5,0,300,0.5,572,0.32,486,0.18,1
5,9,6127,2,10,5,0,500,0.6,1000,0.2,1400,0.2,1
5,10,4677,2,10,5,0,300,0.5,1700,0.5,1
5,11,1923,1,0,300,0.5,1700,0.5,1
6,0,7385,1,0,300,0.5,572,0.32,486,0.18,1
6,1,14204,2,10,5,0,300,0.5,572,0.32,486,0.18,1
6,2,6361,0,0,300,0.5,1700,0.5,1
6,3,10616,2,10,5,0,666,0.42,420,0.58,1
6,4,7984,0,0,300,0.5,1700,0.5,1
6,5,3848,0,0,300,0.5,572,0.32,486,0.18,1
6,6,3133,1,0,300,0.5,1700,0.5,1
6,7,288,2,10,5,0,500,0.6,1000,0.2,1400,0.2,1
6,8,3044,1,0,300,0.5,572,0.32,486,0.18,1
6,9,7111,2,10,5,0,300,0.5,1700,0.5,1
6,10,12016,2,10,5,0,500,0.6,1000,0.2,1400,0.2,1
6,11,12288,1,0,500,0.6,1000,0.2,1400,0.2,1
7,0,7248,2,10,5,0,300,0.5,572,0.32,486,0.18,1
7,1,14485,0,0,500,0.6,1000,0.2,1400,0.2,1
7,2,7816,0,0,666,0.42,420,0.58,1
7,3,2962,0,0,300,0.5,572,0.32,486,0.18,1
7,4,100,2,10,5,0,300,0.5,572,0.32,486,0.18,1
7,5,3692,2,10,5,0,300,0.5,1700,0.5,1
7,6,14747,1,0,300,0.5,1700,0.5,1
7,7,3064,2,10,5,0,500,0.6,1000,0.2,1400,0.2,1
7,8,12828,1,0,500,0.6,1000,0.2,1400,0.2,1
7,9,3640,0,0,500,0.6,1000,0.2,1400,0.2,1
7,10,533,2,10,5,0,300,0.5,572,0.32,486,0.18,1
7,11,7500,2,10,5,0,300,0.5,572,0.32,486,0.18,1
8,0,2241,1,0,300,0.5,1700,0.5,1
8,1,14732,2,10,5,0,500,0.6,1000,0.2,1400,0.2,1
8,2,11373,0,0,666,0.42,420,0.58,1
8,3,7178,0,0,666,0.42,420,0.58,1
8,4,5592,1,0,300,0.5,572,0.32,486,0.18,1
8,5,5635,1,0,300,0.5,1700,0.5,1
8,6,5774,2,10,5,0,300,0.5,1700,0.5,1
8,7,3557,0,0,666,0.42,420,0.58,1
8,8,6821,0,0,300,0.5,1700,0.5,1
8,9,3924,0,0,666,0.42,420,0.58,1
8,10,1232,0,0,300,0.5,1700,0.5,1
8,11,3268,2,10,5,0,300,0.5,1700,0.5,1
9,0,5005,2,10,5,0,666,0.42,420,0.58,1
9,1,2581,1,0,500,0.6,1000,0.2,1400,0.2,1
9,2,14334,1,0,500,0.6,1000,0.2,1400,0.2,1
9,3,848,2,10,5,0,666,0.42,420,0.58,1
9,4,11095,1,0,666,0.42,420,0.58,1
9,5,4933,2,10,5,0,666,0.42,420,0.58,1
9,6,11328,2,10,5,0,300,0.5,572,0.32,486,0.18,1
9,7,7867,0,0,300,0.5,572,0.32,486,0.18,1
9,8,9441,1,0,500,0.6,1000,0.2,1400,0.2,1
9,9,6301,1,0,300,0.5,1700,0.5,1
9,10,5051,2,10,5,0,300,0.5,572,0.32,486,0.18,1
9,11,13070,2,10,5,0,666,0.42,420,0.58,1
10,0,12757,0,0,500,0.6,1000,0.2,1400,0.2,1
10,1,1207,0,0,666,0.42,420,0.58,1
10,2,1524,2,10,5,0,300,0.5,572,0.32,486,0.18,1
10,3,9128,1,0,500,0.6,1000,0.2,1400,0.2,1
10,4,3845,2,10,5,0,300,0.5,1700,0.5,1
10,5,1364,1,0,500,0.6,1000,0.2,1400,0.2,1
10,6,6951,1,0,500,0.6,1000,0.2,1400,0.2,1
10,7,1711,2,10,5,0,300,0.5,1700,0.5,1
10,8,8931,1,0,300,0.5,1700,0.5,1
10,9,5893,0,0,300,0.5,572,0.32,486,0.18,1
10,10,980,1,0,300,0.5,572,0.32,486,0.18,1
10,11,4974,2,10,5,0,500,0.6,1000,0.2,1400,0.2,1
11,0,5050,0,0,500,0.6,1000,0.2,1400,0.2,1
11,1,13223,2,10,5,0,500,0.6,1000,0.2,1400,0.2,1
11,2,3579,0,0,666,0.42,420,0.58,1
11,3,11576,2,10,5,0,300,0.5,1700,0.5,1
11,4,13140,0,0,300,0.5,572,0.32,486,0.18,1
11,5,13381,1,0,666,0.42,420,0.58,1
11,6,13968,1,0,300,0.5,572,0.32,486,0.18,1
11,7,6265,0,0,500,0.6,1000,0.2,1400,0.2,1
11,8,12606,0,0,666,0.42,420,0.58,1
11,9,13997,0,0,300,0.5,572,0.32,486,0.18,1
11,10,7348,0,0,666,0.42,420,0.58,1
11,11,14749,0,0,300,0.5,1700,0.5,1
