0,0,7713,2,10,5,0,500,0.6,1000,0.2,1400,0.2,1
0,1,14578,0,0,666,0.42,420,0.58,1
0,2,10396,2,10,5,0,666,0.42,420,0.58,1
0,3,5400,2,10,5,0,300,0.5,1700,0.5,1
0,4,3548,1,0,300,0.5,572,0.32,486,0.18,1
0,5,14915,1,0,666,0.42,420,0.58,1
0,6,14981,0,0,300,0.5,572,0.32,486,0.18,1
0,7,4663,2,10,5,0,300,0.5,572,0.32,486,0.18,1
0,8,9733,1,0,500,0.6,1000,0.2,1400,0.2,1
0,9,7718,1,0,500,0.6,1000,0.2,1400,0.2,1
0,10,11805,1,0,500,0.6,1000,0.2,1400,0.2,1
0,11,4027,2,10,5,0,300,0.5,572,0.32,486,0.18,1
1,0,4764,2,10,5,0,666,0.42,420,0.58,1
1,1,6507,2,10,5,0,500,0.6,1000,0.2,1400,0.2,1
1,2,1899,1,0,500,0.6,1000,0.2,1400,0.2,0
1,3,11256,1,0,500,0.6,1000,0.2,1400,0.2,1
1,4,6692,1,0,300,0.5,1700,0.5,1
1,5,2097,2,10,5,0,300,0.5,1700,0.5,1
1,6,4863,1,0,666,0.42,420,0.58,1
1,7,9033,2,10,5,0,666,0.42,420,0.58,1
1,8,9018,0,0,500,0.6,1000,0.2,1400,0.2,1
1,9,13631,0,0,300,0.5,572,0.32,486,0.18,1
1,10,4809,0,0,500,0.6,1000,0.2,1400,0.2,1
1,11,12492,0,0,300,0.5,572,0.32,486,0.18,1
2,0,14996,1,0,500,0.6,1000,0.2,1400,0.2,1
2,1,9459,1,0,300,0.5,1700,0.5,1
2,2,2749,2,10,5,0,300,0.5,1700,0.5,1
2,3,3593,1,0,300,0.5,572,0.32,486,0.18,1
2,4,9296,2,10,5,0,300,0.5,572,0.32,486,0.18,1
2,5,4443,0,0,300,0.5,572,0.32,486,0.18,1
2,6,1447,1,0,300,0.5,1700,0.5,1
2,7,503,2,10,5,0,500,0.6,1000,0.2,1400,0.2,1
2,8,1615,0,0,666,0.42,420,0.58,1
2,9,10428,2,10,5,0,300,0.5,1700,0.5,1
2,10,2366,1,0,300,0.5,1700,0.5,1
2,11,1264,1,0,500,0.6,1000,0.2,1400,0.2,1
3,0,4554,0,0,300,0.5,1700,0.5,1
3,1,11791,0,0,300,0.5,1700,0.5,1
3,2,7857,0,0,300,0.5,572,0.32,486,0.18,1
3,3,12416,0,0,500,0.6,1000,0.2,1400,0.2,1
3,4,6654,1,0,300,0.5,1700,0.5,1
3,5,6960,0,0,300,0.5,1700,0.5,1
3,6,1280,2,10,5,0,300,0.5,572,0.32,486,0.18,1
3,7,6377,0,0,500,0.6,1000,0.2,1400,0.2,1
3,8,13921,2,10,5,0,300,0.5,1700,0.5,1
3,9,12916,1,0,500,0.6,1000,0.2,1400,0.2,1
3,10,11553,1,0,300,0.5,1700,0.5,1
3,11,3015,1,0,300,0.5,572,0.32,486,0.18,1
4,0,11299,2,10,5,0,300,0.5,572,0.32,486,0.18,1
4,1,12269,0,0,500,0.6,1000,0.2,1400,0.2,1
4,2,3754,2,10,5,0,300,0.5,572,0.32,486,0.18,1
4,3,14395,2,10,5,0,300,0.5,572,0.32,486,0.18,1
4,4,6049,0,0,300,0.5,572,0.32,486,0.18,1
4,5,2068,0,0,500,0.6,1000,0.2,1400,0.2,1
4,6,14621,1,0,666,0.42,420,0.58,1
4,7,10213,2,10,5,0,500,0.6,1000,0.2,1400,0.2,1
4,8,9204,0,0,300,0.5,1700,0.5,1
4,9,451,1,0,500,0.6,1000,0.2,1400,0.2,1
4,10,9269,0,0,300,0.5,1700,0.5,1
4,11,11501,1,0,666,0.42,420,0.58,1
5,0,9010,2,10,5,0,500,0.6,1000,0.2,1400,0.2,1
5,1,8990,1,0,300,0.5,572,0.32,486,0.18,1
5,2,371,2,10,5,0,666,0.42,420,0.58,1
5,3,8297,1,0,666,0.42,420,0.58,1
5,4,5595,0,0,500,0.6,1000,0.2,1400,0.2,1
5,5,136,1,0,500,0.6,1000,0.2,1400,0.2,1
5,6,6254,2,10,5,0,300,0.5,572,0.32,486,0.18,1
5,7,8893,2,10,5,0,500,0.6,1000,0.2,1400,0.2,1
5,8,13774,2,10,5,0,666,0.42,420,0.58,1
5,9,1336,2,10,5,0,500,0.6,1000,0.2,1400,0.2,1
5,10,11302,0,0,500,0.6,1000,0.2,1400,0.2,1
5,11,1827,1,0,666,0.42,420,0.58,1
6,0,6660,0,0,300,0.5,572,0.32,486,0.18,1
6,1,6105,0,0,300,0.5,1700,0.5,1
6,2,8684,1,0,500,0.6,1000,0.2,1400,0.2,1
6,3,2795,2,10,5,0,666,0.42,420,0.58,1
6,4,11274,0,0,666,0.42,420,0.58,1
6,5,3688,1,0,666,0.42,420,0.58,1
6,6,1418,2,10,5,0,300,0.5,1700,0.5,1
6,7,7450,1,0,300,0.5,572,0.32,486,0.18,1
6,8,832,1,0,500,0.6,1000,0.2,1400,0.2,1
6,9,13870,2,10,5,0,300,0.5,572,0.32,486,0.18,1
6,10,675,2,10,5,0,300,0.5,1700,0.5,1
6,11,2098,2,10,5,0,666,0.42,420,0.58,1
7,0,10209,2,10,5,0,666,0.42,420,0.58,1
7,1,14895,0,0,300,0.5,1700,0.5,1
7,2,8248,1,0,300,0.5,1700,0.5,1
7,3,5674,1,0,666,0.42,420,0.58,1
7,4,1821,2,10,5,0,300,0.5,572,0.32,486,0.18,1
7,5,11630,1,0,666,0.42,420,0.58,1
7,6,2427,2,10,5,0,666,0.42,420,0.58,1
7,7,7352,2,10,5,0,666,0.42,420,0.58,1
7,8,12291,2,10,5,0,500,0.6,1000,0.2,1400,0.2,1
7,9,12026,2,10,5,0,300,0.5,1700,0.5,1
7,10,10064,0,0,300,0.5,572,0.32,486,0.18,1
7,11,9740,1,0,500,0.6,1000,0.2,1400,0.2,1
8,0,5070,2,10,5,0,300,0.5,1700,0.5,1
8,1,8995,0,0,666,0.42,420,0.58,1
8,2,6568,2,10,5,0,300,0.5,572,0.32,486,0.18,1
8,3,14260,1,0,666,0.42,420,0.58,1
8,4,8089,0,0,666,0.42,420,0.58,1
8,5,6526,2,10,5,0,300,0.5,572,0.32,486,0.18,1
8,6,13819,1,0,666,0.42,420,0.58,1
8,7,8188,2,10,5,0,300,0.5,572,0.32,486,0.18,1
8,8,6312,0,0,300,0.5,572,0.32,486,0.18,1
8,9,478,0,0,300,0.5,1700,0.5,1
8,10,5817,2,10,5,0,300,0.5,572,0.32,486,0.18,1
8,11,12645,0,0,500,0.6,1000,0.2,1400,0.2,1
9,0,13484,2,10,5,0,500,0.6,1000,0.2,1400,0.2,1
9,1,14985,0,0,666,0.42,420,0.58,1
9,2,7878,2,10,5,0,666,0.42,420,0.58,1
9,3,12229,1,0,666,0.42,420,0.58,1
9,4,11497,0,0,500,0.6,1000,0.2,1400,0.2,1
9,5,8081,2,10,5,0,300,0.5,572,0.32,486,0.18,1
9,6,9304,0,0,500,0.6,1000,0.2,1400,0.2,1
9,7,7448,0,0,666,0.42,420,0.58,1
9,8,9886,1,0,300,0.5,1700,0.5,1
9,9,12975,2,10,5,0,300,0.5,572,0.32,486,0.18,1
9,10,1212,0,0,666,0.42,420,0.58,1
9,11,11666,0,0,500,0.6,1000,0.2,1400,0.2,1
10,0,10026,0,0,500,0.6,1000,0.2,1400,0.2,1
10,1,11326,2,10,5,0,500,0.6,1000,0.2,1400,0.2,1
10,2,13917,1,0,500,0.6,1000,0.2,1400,0.2,1
10,3,2630,0,0,666,0.42,420,0.58,1
10,4,2707,0,0,300,0.5,1700,0.5,1
10,5,9622,2,10,5,0,300,0.5,1700,0.5,1
10,6,5536,1,0,300,0.5,572,0.32,486,0.18,1
10,7,9326,2,10,5,0,666,0.42,420,0.58,1
10,8,12554,2,10,5,0,500,0.6,1000,0.2,1400,0.2,1
10,9,8754,0,0,500,0.6,1000,0.2,1400,0.2,1
10,10,369,1,0,666,0.42,420,0.58,1
10,11,3505,2,10,5,0,300,0.5,572,0.32,486,0.18,1
11,0,5613,2,10,5,0,500,0.6,1000,0.2,1400,0.2,1
11,1,14481,1,0,300,0.5,1700,0.5,1
11,2,3475,0,0,666,0.42,420,0.58,1
11,3,8287,1,0,300,0.5,572,0.32,486,0.18,1
11,4,4403,2,10,5,0,300,0.5,572,0.32,486,0.18,1
11,5,2883,0,0,500,0.6,1000,0.2,1400,0.2,1
11,6,4472,2,10,5,0,300,0.5,572,0.32,486,0.18,1
11,7,3943,2,10,5,0,300,0.5,1700,0.5,1
11,8,7998,0,0,300,0.5,572,0.32,486,0.18,1
11,9,5578,1,0,666,0.42,420,0.58,1
11,10,1190,0,0,300,0.5,572,0.32,486,0.18,1
11,11,12923,0,0,300,0.5,572,0.32,486,0.18,1
