0,0,8766,1,0,500,0.6,1000,0.2,1400,0.2,1
0,1,9443,1,0,300,0.5,572,0.32,486,0.18,1
0,2,11508,0,0,666,0.42,420,0.58,1
0,3,13257,0,0,300,0.5,1700,0.5,1
0,4,6906,0,0,666,0.42,420,0.58,1
0,5,6749,1,0,500,0.6,1000,0.2,1400,0.2,1
0,6,4925,1,0,666,0.42,420,0.58,1
0,7,14091,0,0,500,0.6,1000,0.2,1400,0.2,1
0,8,10419,1,0,300,0.5,572,0.32,486,0.18,1
0,9,7758,2,10,5,0,666,0.42,420,0.58,1
0,10,1780,2,10,5,0,500,0.6,1000,0.2,1400,0.2,1
0,11,955,1,0,500,0.6,1000,0.2,1400,0.2,1
1,0,6763,2,10,5,0,300,0.5,1700,0.5,1
1,1,523,2,10,5,0,300,0.5,572,0.32,486,0.18,1
1,2,3370,0,0,300,0.5,1700,0.5,0
1,3,7935,0,0,300,0.5,572,0.32,486,0.18,1
1,4,7576,2,10,5,0,300,0.5,572,0.32,486,0.18,1
1,5,13895,1,0,500,0.6,1000,0.2,1400,0.2,1
1,6,7669,0,0,666,0.42,420,0.58,1
1,7,11470,0,0,300,0.5,1700,0.5,1
1,8,8781,0,0,666,0.42,420,0.58,1
1,9,9750,0,0,666,0.42,420,0.58,1
1,10,10613,2,10,5,0,300,0.5,1700,0.5,1
1,11,13120,0,0,300,0.5,1700,0.5,1
2,0,8376,1,0,500,0.6,1000,0.2,1400,0.2,1
2,1,5892,2,10,5,0,500,0.6,1000,0.2,1400,0.2,1
2,2,4832,0,0,300,0.5,1700,0.5,1
2,3,2049,1,0,300,0.5,572,0.32,486,0.18,1
2,4,11104,2,10,5,0,300,0.5,1700,0.5,1
2,5,6970,1,0,300,0.5,572,0.32,486,0.18,1
2,6,887,1,0,300,0.5,1700,0.5,1
2,7,10114,2,10,5,0,500,0.6,1000,0.2,1400,0.2,1
2,8,9478,0,0,666,0.42,420,0.58,1
2,9,12293,0,0,500,0.6,1000,0.2,1400,0.2,1
2,10,10141,1,0,300,0.5,1700,0.5,1
2,11,11055,0,0,666,0.42,420,0.58,1
3,0,8432,1,0,666,0.42,420,0.58,1
3,1,682,2,10,5,0,300,0.5,1700,0.5,1
3,2,3689,1,0,300,0.5,572,0.32,486,0.18,1
3,3,6984,1,0,666,0.42,420,0.58,1
3,4,12553,1,0,300,0.5,572,0.32,486,0.18,1
3,5,2092,1,0,500,0.6,1000,0.2,1400,0.2,1
3,6,4210,2,10,5,0,666,0.42,420,0.58,1
3,7,9253,2,10,5,0,500,0.6,1000,0.2,1400,0.2,1
3,8,10563,1,0,500,0.6,1000,0.2,1400,0.2,1
3,9,5997,2,10,5,0,300,0.5,572,0.32,486,0.18,1
3,10,3605,2,10,5,0,500,0.6,1000,0.2,1400,0.2,1
3,11,5599,1,0,300,0.5,1700,0.5,1
4,0,13560,1,0,666,0.42,420,0.58,1
4,1,12131,1,0,666,0.42,420,0.58,1
4,2,7209,2,10,5,0,300,0.5,1700,0.5,1
4,3,4938,0,0,666,0.42,420,0.58,1
4,4,10675,0,0,666,0.42,420,0.58,1
4,5,5375,2,10,5,0,300,0.5,1700,0.5,1
4,6,10696,0,0,300,0.5,572,0.32,486,0.18,1
4,7,7736,0,0,500,0.6,1000,0.2,1400,0.2,1
4,8,1753,1,0,666,0.42,420,0.58,1
4,9,4176,0,0,300,0.5,1700,0.5,1
4,10,3460,0,0,300,0.5,1700,0.5,1
4,11,12414,0,0,500,0.6,1000,0.2,1400,0.2,1
5,0,5722,2,10,5,0,666,0.42,420,0.58,1
5,1,13395,2,10,5,0,300,0.5,1700,0.5,1
5,2,6959,1,0,300,0.5,572,0.32,486,0.18,1
5,3,13769,2,10,5,0,300,0.5,1700,0.5,1
5,4,5298,0,0,500,0.6,1000,0.2,1400,0.2,1
5,5,8164,2,10,5,0,666,0.42,420,0.58,1
5,6,3127,2,10,5,0,300,0.5,572,0.32,486,0.18,1
5,7,12254,1,0,300,0.5,572,0.32,486,0.18,1
5,8,3616,2,10,5,0,300,0.5,1700,0.5,1
5,9,10054,0,0,300,0.5,1700,0.5,1
5,10,12425,0,0,500,0.6,1000,0.2,1400,0.2,1
5,11,3860,1,0,666,0.42,420,0.58,1
6,0,1570,1,0,300,0.5,1700,0.5,1
6,1,10164,0,0,300,0.5,572,0.32,486,0.18,1
6,2,11874,1,0,500,0.6,1000,0.2,1400,0.2,1
6,3,3002,1,0,300,0.5,572,0.32,486,0.18,1
6,4,5467,0,0,500,0.6,1000,0.2,1400,0.2,1
6,5,7836,1,0,300,0.5,572,0.32,486,0.18,1
6,6,2426,2,10,5,0,300,0.5,572,0.32,486,0.18,1
6,7,2949,1,0,300,0.5,572,0.32,486,0.18,1
6,8,11898,1,0,666,0.42,420,0.58,1
6,9,7279,2,10,5,0,666,0.42,420,0.58,1
6,10,7177,0,0,666,0.42,420,0.58,1
6,11,2092,0,0,300,0.5,1700,0.5,1
7,0,2622,2,10,5,0,300,0.5,572,0.32,486,0.18,1
7,1,690,0,0,300,0.5,1700,0.5,1
7,2,1406,0,0,300,0.5,1700,0.5,1
7,3,12720,2,10,5,0,666,0.42,420,0.58,1
7,4,7364,1,0,500,0.6,1000,0.2,1400,0.2,1
7,5,7694,0,0,666,0.42,420,0.58,1
7,6,4097,0,0,666,0.42,420,0.58,1
7,7,5338,0,0,666,0.42,420,0.58,1
7,8,533,0,0,500,0.6,1000,0.2,1400,0.2,1
7,9,2611,1,0,666,0.42,420,0.58,1
7,10,1964,1,0,300,0.5,1700,0.5,1
7,11,6579,1,0,300,0.5,572,0.32,486,0.18,1
8,0,7574,0,0,500,0.6,1000,0.2,1400,0.2,1
8,1,1860,1,0,300,0.5,1700,0.5,1
8,2,664,2,10,5,0,666,0.42,420,0.58,1
8,3,10510,1,0,300,0.5,1700,0.5,1
8,4,4900,2,10,5,0,666,0.42,420,0.58,1
8,5,11899,1,0,666,0.42,420,0.58,1
8,6,12245,1,0,300,0.5,1700,0.5,1
8,7,919,2,10,5,0,666,0.42,420,0.58,1
8,8,6056,1,0,666,0.42,420,0.58,1
8,9,11793,1,0,300,0.5,1700,0.5,1
8,10,5009,1,0,500,0.6,1000,0.2,1400,0.2,1
8,11,14786,0,0,666,0.42,420,0.58,1
9,0,3149,2,10,5,0,300,0.5,1700,0.5,1
9,1,12139,0,0,300,0.5,572,0.32,486,0.18,1
9,2,12808,2,10,5,0,300,0.5,572,0.32,486,0.18,1
9,3,1044,2,10,5,0,666,0.42,420,0.58,1
9,4,12283,2,10,5,0,500,0.6,1000,0.2,1400,0.2,1
9,5,12794,2,10,5,0,666,0.42,420,0.58,1
9,6,3214,2,10,5,0,300,0.5,1700,0.5,1
9,7,1085,1,0,300,0.5,572,0.32,486,0.18,1
9,8,5927,1,0,666,0.42,420,0.58,1
9,9,4741,2,10,5,0,300,0.5,1700,0.5,1
9,10,12449,0,0,666,0.42,420,0.58,1
9,11,9074,2,10,5,0,300,0.5,1700,0.5,1
10,0,8154,2,10,5,0,300,0.5,572,0.32,486,0.18,1
10,1,12150,2,10,5,0,500,0.6,1000,0.2,1400,0.2,1
10,2,14447,2,10,5,0,300,0.5,572,0.32,486,0.18,1
10,3,3813,0,0,500,0.6,1000,0.2,1400,0.2,1
10,4,11832,1,0,500,0.6,1000,0.2,1400,0.2,1
10,5,14381,2,10,5,0,500,0.6,1000,0.2,1400,0.2,1
10,6,8303,0,0,500,0.6,1000,0.2,1400,0.2,1
10,7,734,2,10,5,0,500,0.6,1000,0.2,1400,0.2,1
10,8,8039,0,0,500,0.6,1000,0.2,1400,0.2,1
10,9,11937,2,10,5,0,300,0.5,1700,0.5,1
10,10,7038,2,10,5,0,300,0.5,572,0.32,486,0.18,1
10,11,555,2,10,5,0,500,0.6,1000,0.2,1400,0.2,1
11,0,14668,2,10,5,0,300,0.5,572,0.32,486,0.18,1
11,1,14955,0,0,500,0.6,1000,0.2,1400,0.2,1
11,2,3167,1,0,666,0.42,420,0.58,1
11,3,4312,0,0,300,0.5,572,0.32,486,0.18,1
11,4,10988,1,0,666,0.42,420,0.58,1
11,5,9696,0,0,300,0.5,1700,0.5,1
11,6,11838,2,10,5,0,300,0.5,572,0.32,486,0.18,1
11,7,8762,1,0,666,0.42,420,0.58,1
11,8,10579,2,10,5,0,300,0.5,1700,0.5,1
11,9,11103,0,0,666,0.42,420,0.58,1
11,10,6863,0,0,500,0.6,1000,0.2,1400,0.2,1
11,11,11369,0,0,300,0.5,1700,0.5,1
