0,0,1662,1,0,666,0.42,420,0.58,1
0,1,8354,0,0,300,0.5,1700,0.5,1
0,2,3751,0,0,300,0.5,572,0.32,486,0.18,1
0,3,9644,1,0,300,0.5,572,0.32,486,0.18,1
0,4,5332,2,10,5,0,300,0.5,1700,0.5,1
0,5,14033,1,0,300,0.5,572,0.32,486,0.18,1
0,6,6363,1,0,300,0.5,572,0.32,486,0.18,1
0,7,3681,1,0,300,0.5,572,0.32,486,0.18,1
0,8,3190,2,10,5,0,666,0.42,420,0.58,1
0,9,6454,0,0,300,0.5,572,0.32,486,0.18,1
0,10,4895,2,10,5,0,300,0.5,572,0.32,486,0.18,1
0,11,6232,0,0,666,0.42,420,0.58,1
1,0,5356,1,0,300,0.5,572,0.32,486,0.18,1
1,1,3277,0,0,300,0.5,1700,0.5,1
1,2,8765,1,0,666,0.42,420,0.58,0
1,3,8348,1,0,500,0.6,1000,0.2,1400,0.2,1
1,4,10800,1,0,500,0.6,1000,0.2,1400,0.2,1
1,5,76,1,0,500,0.6,1000,0.2,1400,0.2,1
1,6,5858,1,0,300,0.5,572,0.32,486,0.18,1
1,7,13457,1,0,300,0.5,572,0.32,486,0.18,1
1,8,10515,1,0,300,0.5,1700,0.5,1
1,9,8588,1,0,500,0.6,1000,0.2,1400,0.2,1
1,10,12642,1,0,300,0.5,572,0.32,486,0.18,1
1,11,2411,1,0,666,0.42,420,0.58,1
2,0,6318,1,0,300,0.5,1700,0.5,1
2,1,10077,1,0,666,0.42,420,0.58,1
2,2,7405,1,0,666,0.42,420,0.58,1
2,3,8550,0,0,300,0.5,572,0.32,486,0.18,1
2,4,4704,2,10,5,0,300,0.5,1700,0.5,1
2,5,12586,2,10,5,0,300,0.5,1700,0.5,1
2,6,10027,0,0,500,0.6,1000,0.2,1400,0.2,1
2,7,2100,0,0,500,0.6,1000,0.2,1400,0.2,1
2,8,907,0,0,300,0.5,1700,0.5,1
2,9,10802,1,0,666,0.42,420,0.58,1
2,10,14717,2,10,5,0,300,0.5,572,0.32,486,0.18,1
2,11,11132,0,0,300,0.5,1700,0.5,1
3,0,6373,0,0,666,0.42,420,0.58,1
3,1,7203,1,0,300,0.5,572,0.32,486,0.18,1
3,2,1562,1,0,500,0.6,1000,0.2,1400,0.2,1
3,3,2199,2,10,5,0,300,0.5,1700,0.5,1
3,4,10388,1,0,300,0.5,1700,0.5,1
3,5,7945,0,0,666,0.42,420,0.58,1
3,6,6440,0,0,300,0.5,1700,0.5,1
3,7,6600,1,0,666,0.42,420,0.58,1
3,8,6243,1,0,666,0.42,420,0.58,1
3,9,6943,2,10,5,0,500,0.6,1000,0.2,1400,0.2,1
3,10,5142,2,10,5,0,500,0.6,1000,0.2,1400,0.2,1
3,11,10923,0,0,500,0.6,1000,0.2,1400,0.2,1
4,0,11195,2,10,5,0,300,0.5,1700,0.5,1
4,1,1585,0,0,300,0.5,1700,0.5,1
4,2,10419,0,0,300,0.5,572,0.32,486,0.18,1
4,3,8957,0,0,666,0.42,420,0.58,1
4,4,12097,1,0,500,0.6,1000,0.2,1400,0.2,1
4,5,6175,1,0,666,0.42,420,0.58,1
4,6,8835,1,0,300,0.5,1700,0.5,1
4,7,11959,1,0,300,0.5,572,0.32,486,0.18,1
4,8,5054,0,0,500,0.6,1000,0.2,1400,0.2,1
4,9,13343,2,10,5,0,300,0.5,572,0.32,486,0.18,1
4,10,7387,2,10,5,0,300,0.5,1700,0.5,1
4,11,10427,2,10,5,0,500,0.6,1000,0.2,1400,0.2,1
5,0,1109,0,0,300,0.5,572,0.32,486,0.18,1
5,1,12951,1,0,300,0.5,572,0.32,486,0.18,1
5,2,6604,2,10,5,0,300,0.5,572,0.32,486,0.18,1
5,3,14654,0,0,300,0.5,1700,0.5,1
5,4,2476,2,10,5,0,300,0.5,1700,0.5,1
5,5,1313,2,10,5,0,666,0.42,420,0.58,1
5,6,3397,1,0,666,0.42,420,0.58,1
5,7,1394,0,0,300,0.5,1700,0.5,1
5,8,10350,2,10,5,0,500,0.6,1000,0.2,1400,0.2,1
5,9,12469,2,10,5,0,666,0.42,420,0.58,1
5,10,14017,2,10,5,0,500,0.6,1000,0.2,1400,0.2,1
5,11,3757,2,10,5,0,500,0.6,1000,0.2,1400,0.2,1
6,0,12706,0,0,500,0.6,1000,0.2,1400,0.2,1
6,1,11326,2,10,5,0,300,0.5,1700,0.5,1
6,2,2995,0,0,666,0.42,420,0.58,1
6,3,3011,2,10,5,0,666,0.42,420,0.58,1
6,4,4768,0,0,300,0.5,1700,0.5,1
6,5,8475,2,10,5,0,300,0.5,572,0.32,486,0.18,1
6,6,9780,2,10,5,0,300,0.5,1700,0.5,1
6,7,11072,1,0,300,0.5,572,0.32,486,0.18,1
6,8,5383,1,0,300,0.5,572,0.32,486,0.18,1
6,9,12069,0,0,300,0.5,572,0.32,486,0.18,1
6,10,13730,0,0,666,0.42,420,0.58,1
6,11,11505,2,10,5,0,500,0.6,1000,0.2,1400,0.2,1
7,0,14895,0,0,500,0.6,1000,0.2,1400,0.2,1
7,1,10238,0,0,300,0.5,1700,0.5,1
7,2,9175,2,10,5,0,300,0.5,1700,0.5,1
7,3,3927,1,0,300,0.5,572,0.32,486,0.18,1
7,4,11759,2,10,5,0,500,0.6,1000,0.2,1400,0.2,1
7,5,7643,0,0,300,0.5,1700,0.5,1
7,6,2534,2,10,5,0,300,0.5,1700,0.5,1
7,7,4214,0,0,500,0.6,1000,0.2,1400,0.2,1
7,8,1655,1,0,666,0.42,420,0.58,1
7,9,4811,2,10,5,0,300,0.5,572,0.32,486,0.18,1
7,10,12797,2,10,5,0,666,0.42,420,0.58,1
7,11,8007,2,10,5,0,300,0.5,572,0.32,486,0.18,1
8,0,12944,1,0,300,0.5,1700,0.5,1
8,1,1964,1,0,300,0.5,1700,0.5,1
8,2,190,0,0,500,0.6,1000,0.2,1400,0.2,1
8,3,4268,2,10,5,0,666,0.42,420,0.58,1
8,4,14712,0,0,666,0.42,420,0.58,1
8,5,2849,2,10,5,0,300,0.5,1700,0.5,1
8,6,4164,2,10,5,0,300,0.5,572,0.32,486,0.18,1
8,7,6561,2,10,5,0,500,0.6,1000,0.2,1400,0.2,1
8,8,13000,1,0,300,0.5,572,0.32,486,0.18,1
8,9,410,0,0,666,0.42,420,0.58,1
8,10,2508,2,10,5,0,666,0.42,420,0.58,1
8,11,8668,1,0,500,0.6,1000,0.2,1400,0.2,1
9,0,4717,1,0,666,0.42,420,0.58,1
9,1,5269,2,10,5,0,500,0.6,1000,0.2,1400,0.2,1
9,2,11119,0,0,300,0.5,572,0.32,486,0.18,1
9,3,2356,1,0,300,0.5,1700,0.5,1
9,4,1502,1,0,300,0.5,572,0.32,486,0.18,1
9,5,13460,1,0,300,0.5,572,0.32,486,0.18,1
9,6,9848,2,10,5,0,300,0.5,572,0.32,486,0.18,1
9,7,110,2,10,5,0,300,0.5,572,0.32,486,0.18,1
9,8,1640,2,10,5,0,300,0.5,1700,0.5,1
9,9,9754,0,0,666,0.42,420,0.58,1
9,10,9247,0,0,300,0.5,572,0.32,486,0.18,1
9,11,12495,1,0,300,0.5,572,0.32,486,0.18,1
10,0,7517,1,0,300,0.5,572,0.32,486,0.18,1
10,1,8644,1,0,300,0.5,1700,0.5,1
10,2,8812,0,0,300,0.5,1700,0.5,1
10,3,2723,1,0,666,0.42,420,0.58,1
10,4,12886,2,10,5,0,300,0.5,572,0.32,486,0.18,1
10,5,6070,1,0,300,0.5,1700,0.5,1
10,6,11179,0,0,666,0.42,420,0.58,1
10,7,14034,0,0,300,0.5,1700,0.5,1
10,8,6677,2,10,5,0,500,0.6,1000,0.2,1400,0.2,1
10,9,4384,1,0,500,0.6,1000,0.2,1400,0.2,1
10,10,12730,2,10,5,0,300,0.5,572,0.32,486,0.18,1
10,11,13727,2,10,5,0,500,0.6,1000,0.2,1400,0.2,1
11,0,11144,0,0,666,0.42,420,0.58,1
11,1,3454,1,0,300,0.5,572,0.32,486,0.18,1
11,2,2337,2,10,5,0,300,0.5,1700,0.5,1
11,3,9876,1,0,500,0.6,1000,0.2,1400,0.2,1
11,4,8721,1,0,300,0.5,572,0.32,486,0.18,1
11,5,1472,0,0,300,0.5,1700,0.5,1
11,6,13537,0,0,300,0.5,1700,0.5,1
11,7,13627,0,0,300,0.5,572,0.32,486,0.18,1
11,8,13482,1,0,666,0.42,420,0.58,1
11,9,1708,1,0,300,0.5,1700,0.5,1
11,10,444,0,0,666,0.42,420,0.58,1
11,11,4901,0,0,300,0.5,572,0.32,486,0.18,1
