0,0,4541,0,0,300,0.5,1700,0.5,1
0,1,10016,0,0,300,0.5,1700,0.5,1
0,2,7622,2,10,5,0,300,0.5,572,0.32,486,0.18,1
0,3,9694,0,0,300,0.5,572,0.32,486,0.18,1
0,4,2107,0,0,300,0.5,1700,0.5,1
0,5,12954,1,0,500,0.6,1000,0.2,1400,0.2,1
0,6,1767,1,0,666,0.42,420,0.58,1
0,7,13720,1,0,300,0.5,1700,0.5,1
0,8,12560,0,0,666,0.42,420,0.58,1
0,9,13118,1,0,300,0.5,572,0.32,486,0.18,1
0,10,14048,0,0,300,0.5,572,0.32,486,0.18,1
0,11,7876,0,0,500,0.6,1000,0.2,1400,0.2,1
1,0,2335,0,0,300,0.5,1700,0.5,1
1,1,1995,2,10,5,0,300,0.5,572,0.32,486,0.18,1
1,2,10289,1,0,300,0.5,1700,0.5,0
1,3,8526,2,10,5,0,500,0.6,1000,0.2,1400,0.2,1
1,4,9005,0,0,500,0.6,1000,0.2,1400,0.2,1
1,5,14904,1,0,500,0.6,1000,0.2,1400,0.2,1
1,6,3565,1,0,666,0.42,420,0.58,1
1,7,12236,1,0,300,0.5,1700,0.5,1
1,8,8229,0,0,300,0.5,1700,0.5,1
1,9,9442,0,0,666,0.42,420,0.58,1
1,10,2954,2,10,5,0,666,0.42,420,0.58,1
1,11,3763,2,10,5,0,300,0.5,572,0.32,486,0.18,1
2,0,14877,2,10,5,0,300,0.5,1700,0.5,1
2,1,2333,0,0,500,0.6,1000,0.2,1400,0.2,1
2,2,4225,1,0,300,0.5,1700,0.5,1
2,3,8374,2,10,5,0,500,0.6,1000,0.2,1400,0.2,1
2,4,2868,1,0,666,0.42,420,0.58,1
2,5,1320,2,10,5,0,666,0.42,420,0.58,1
2,6,13351,0,0,666,0.42,420,0.58,1
2,7,7988,2,10,5,0,666,0.42,420,0.58,1
2,8,809,1,0,666,0.42,420,0.58,1
2,9,992,0,0,300,0.5,1700,0.5,1
2,10,11385,1,0,300,0.5,572,0.32,486,0.18,1
2,11,12602,0,0,300,0.5,572,0.32,486,0.18,1
3,0,13778,0,0,300,0.5,1700,0.5,1
3,1,14772,1,0,300,0.5,1700,0.5,1
3,2,1449,2,10,5,0,666,0.42,420,0.58,1
3,3,14045,1,0,300,0.5,1700,0.5,1
3,4,14397,1,0,500,0.6,1000,0.2,1400,0.2,1
3,5,3711,0,0,300,0.5,572,0.32,486,0.18,1
3,6,5768,0,0,300,0.5,572,0.32,486,0.18,1
3,7,12335,0,0,300,0.5,1700,0.5,1
3,8,12228,1,0,500,0.6,1000,0.2,1400,0.2,1
3,9,6306,2,10,5,0,300,0.5,572,0.32,486,0.18,1
3,10,13995,2,10,5,0,500,0.6,1000,0.2,1400,0.2,1
3,11,13706,2,10,5,0,666,0.42,420,0.58,1
4,0,1895,2,10,5,0,300,0.5,572,0.32,486,0.18,1
4,1,11213,2,10,5,0,300,0.5,1700,0.5,1
4,2,5004,2,10,5,0,300,0.5,1700,0.5,1
4,3,5586,0,0,666,0.42,420,0.58,1
4,4,11164,0,0,300,0.5,572,0.32,486,0.18,1
4,5,11271,2,10,5,0,666,0.42,420,0.58,1
4,6,10301,1,0,300,0.5,1700,0.5,1
4,7,6749,2,10,5,0,300,0.5,1700,0.5,1
4,8,8456,1,0,300,0.5,1700,0.5,1
4,9,2565,2,10,5,0,300,0.5,1700,0.5,1
4,10,13182,0,0,300,0.5,1700,0.5,1
4,11,3099,0,0,300,0.5,1700,0.5,1
5,0,8258,1,0,666,0.42,420,0.58,1
5,1,5526,1,0,300,0.5,572,0.32,486,0.18,1
5,2,10797,2,10,5,0,300,0.5,572,0.32,486,0.18,1
5,3,4194,0,0,666,0.42,420,0.58,1
5,4,1186,2,10,5,0,666,0.42,420,0.58,1
5,5,13021,0,0,666,0.42,420,0.58,1
5,6,8337,1,0,300,0.5,1700,0.5,1
5,7,9017,0,0,500,0.6,1000,0.2,1400,0.2,1
5,8,12394,0,0,500,0.6,1000,0.2,1400,0.2,1
5,9,14727,2,10,5,0,300,0.5,1700,0.5,1
5,10,7380,0,0,300,0.5,1700,0.5,1
5,11,11625,0,0,300,0.5,572,0.32,486,0.18,1
6,0,13615,0,0,666,0.42,420,0.58,1
6,1,12970,2,10,5,0,666,0.42,420,0.58,1
6,2,10936,2,10,5,0,666,0.42,420,0.58,1
6,3,11428,2,10,5,0,500,0.6,1000,0.2,1400,0.2,1
6,4,13550,0,0,300,0.5,1700,0.5,1
6,5,8376,2,10,5,0,300,0.5,1700,0.5,1
6,6,8408,0,0,500,0.6,1000,0.2,1400,0.2,1
6,7,4500,0,0,300,0.5,572,0.32,486,0.18,1
6,8,1885,2,10,5,0,300,0.5,1700,0.5,1
6,9,12930,2,10,5,0,500,0.6,1000,0.2,1400,0.2,1
6,10,2781,0,0,300,0.5,1700,0.5,1
6,11,8730,1,0,500,0.6,1000,0.2,1400,0.2,1
7,0,7251,0,0,666,0.42,420,0.58,1
7,1,8977,1,0,300,0.5,572,0.32,486,0.18,1
7,2,1837,0,0,300,0.5,1700,0.5,1
7,3,8538,0,0,500,0.6,1000,0.2,1400,0.2,1
7,4,2468,2,10,5,0,500,0.6,1000,0.2,1400,0.2,1
7,5,2629,2,10,5,0,300,0.5,1700,0.5,1
7,6,1902,0,0,500,0.6,1000,0.2,1400,0.2,1
7,7,3955,1,0,300,0.5,572,0.32,486,0.18,1
7,8,2592,1,0,300,0.5,1700,0.5,1
7,9,7722,2,10,5,0,500,0.6,1000,0.2,1400,0.2,1
7,10,14419,2,10,5,0,666,0.42,420,0.58,1
7,11,7633,2,10,5,0,500,0.6,1000,0.2,1400,0.2,1
8,0,5371,1,0,666,0.42,420,0.58,1
8,1,7241,0,0,300,0.5,572,0.32,486,0.18,1
8,2,8749,2,10,5,0,300,0.5,572,0.32,486,0.18,1
8,3,9343,2,10,5,0,300,0.5,1700,0.5,1
8,4,11036,2,10,5,0,300,0.5,1700,0.5,1
8,5,8940,0,0,300,0.5,572,0.32,486,0.18,1
8,6,6353,2,10,5,0,300,0.5,572,0.32,486,0.18,1
8,7,8986,2,10,5,0,300,0.5,572,0.32,486,0.18,1
8,8,10739,0,0,300,0.5,572,0.32,486,0.18,1
8,9,14897,1,0,666,0.42,420,0.58,1
8,10,12560,2,10,5,0,300,0.5,572,0.32,486,0.18,1
8,11,4823,1,0,666,0.42,420,0.58,1
9,0,8918,0,0,500,0.6,1000,0.2,1400,0.2,1
9,1,1675,2,10,5,0,300,0.5,572,0.32,486,0.18,1
9,2,2571,1,0,500,0.6,1000,0.2,1400,0.2,1
9,3,5985,2,10,5,0,666,0.42,420,0.58,1
9,4,14004,2,10,5,0,300,0.5,1700,0.5,1
9,5,12252,0,0,500,0.6,1000,0.2,1400,0.2,1
9,6,774,0,0,500,0.6,1000,0.2,1400,0.2,1
9,7,11025,1,0,300,0.5,572,0.32,486,0.18,1
9,8,8014,0,0,666,0.42,420,0.58,1
9,9,4650,1,0,666,0.42,420,0.58,1
9,10,3889,2,10,5,0,666,0.42,420,0.58,1
9,11,13924,1,0,666,0.42,420,0.58,1
10,0,1778,0,0,300,0.5,572,0.32,486,0.18,1
10,1,3371,0,0,666,0.42,420,0.58,1
10,2,2034,0,0,300,0.5,1700,0.5,1
10,3,9079,0,0,500,0.6,1000,0.2,1400,0.2,1
10,4,14175,0,0,500,0.6,1000,0.2,1400,0.2,1
10,5,10633,0,0,300,0.5,572,0.32,486,0.18,1
10,6,1611,0,0,300,0.5,1700,0.5,1
10,7,3104,2,10,5,0,300,0.5,572,0.32,486,0.18,1
10,8,7022,1,0,500,0.6,1000,0.2,1400,0.2,1
10,9,9585,1,0,300,0.5,572,0.32,486,0.18,1
10,10,4397,0,0,300,0.5,572,0.32,486,0.18,1
10,11,13940,1,0,666,0.42,420,0.58,1
11,0,175,1,0,300,0.5,1700,0.5,1
11,1,6729,0,0,500,0.6,1000,0.2,1400,0.2,1
11,2,215,2,10,5,0,300,0.5,572,0.32,486,0.18,1
11,3,7950,0,0,300,0.5,1700,0.5,1
11,4,6943,1,0,500,0.6,1000,0.2,1400,0.2,1
11,5,523,0,0,666,0.42,420,0.58,1
11,6,9462,0,0,300,0.5,572,0.32,486,0.18,1
11,7,4199,2,10,5,0,500,0.6,1000,0.2,1400,0.2,1
11,8,586,1,0,300,0.5,572,0.32,486,0.18,1
11,9,12313,1,0,300,0.5,572,0.32,486,0.18,1
11,10,13456,2,10,5,0,500,0.6,1000,0.2,1400,0.2,1
11,11,11794,1,0,500,0.6,1000,0.2,1400,0.2,1
