0,0,6036,2,10,5,0,300,0.5,572,0.32,486,0.18,1
0,1,648,1,0,300,0.5,572,0.32,486,0.18,1
0,2,164,2,10,5,0,666,0.42,420,0.58,1
0,3,72,0,0,300,0.5,1700,0.5,1
0,4,5709,0,0,300,0.5,572,0.32,486,0.18,1
0,5,11627,2,10,5,0,300,0.5,1700,0.5,1
0,6,10192,0,0,300,0.5,1700,0.5,1
0,7,13806,2,10,5,0,300,0.5,572,0.32,486,0.18,1
0,8,3391,0,0,666,0.42,420,0.58,1
0,9,7770,1,0,300,0.5,572,0.32,486,0.18,1
0,10,3274,2,10,5,0,300,0.5,572,0.32,486,0.18,1
0,11,1989,2,10,5,0,666,0.42,420,0.58,1
1,0,12245,0,0,500,0.6,1000,0.2,1400,0.2,1
1,1,14699,0,0,300,0.5,572,0.32,486,0.18,1
1,2,12384,0,0,300,0.5,572,0.32,486,0.18,0
1,3,5597,2,10,5,0,300,0.5,1700,0.5,1
1,4,3025,1,0,666,0.42,420,0.58,1
1,5,272,0,0,300,0.5,1700,0.5,1
1,6,144,0,0,500,0.6,1000,0.2,1400,0.2,1
1,7,12057,2,10,5,0,666,0.42,420,0.58,1
1,8,12374,2,10,5,0,300,0.5,1700,0.5,1
1,9,11299,2,10,5,0,300,0.5,1700,0.5,1
1,10,4628,0,0,500,0.6,1000,0.2,1400,0.2,1
1,11,9809,1,0,300,0.5,572,0.32,486,0.18,1
2,0,97,2,10,5,0,500,0.6,1000,0.2,1400,0.2,1
2,1,14750,0,0,300,0.5,572,0.32,486,0.18,1
2,2,12769,2,10,5,0,666,0.42,420,0.58,1
2,3,1650,2,10,5,0,500,0.6,1000,0.2,1400,0.2,1
2,4,4989,0,0,500,0.6,1000,0.2,1400,0.2,1
2,5,7081,0,0,300,0.5,1700,0.5,1
2,6,953,0,0,500,0.6,1000,0.2,1400,0.2,1
2,7,12453,0,0,300,0.5,572,0.32,486,0.18,1
2,8,5267,1,0,300,0.5,572,0.32,486,0.18,1
2,9,8141,1,0,666,0.42,420,0.58,1
2,10,3387,1,0,500,0.6,1000,0.2,1400,0.2,1
2,11,7073,0,0,300,0.5,1700,0.5,1
3,0,3420,1,0,666,0.42,420,0.58,1
3,1,13988,0,0,666,0.42,420,0.58,1
3,2,14553,2,10,5,0,300,0.5,1700,0.5,1
3,3,2534,0,0,300,0.5,1700,0.5,1
3,4,13192,1,0,666,0.42,420,0.58,1
3,5,10562,0,0,300,0.5,1700,0.5,1
3,6,5053,0,0,300,0.5,572,0.32,486,0.18,1
3,7,5313,0,0,500,0.6,1000,0.2,1400,0.2,1
3,8,864,2,10,5,0,666,0.42,420,0.58,1
3,9,12502,2,10,5,0,500,0.6,1000,0.2,1400,0.2,1
3,10,6431,1,0,666,0.42,420,0.58,1
3,11,5816,2,10,5,0,300,0.5,1700,0.5,1
4,0,4459,0,0,300,0.5,1700,0.5,1
4,1,11509,1,0,666,0.42,420,0.58,1
4,2,13258,2,10,5,0,666,0.42,420,0.58,1
4,3,9130,2,10,5,0,500,0.6,1000,0.2,1400,0.2,1
4,4,11928,2,10,5,0,666,0.42,420,0.58,1
4,5,1468,1,0,500,0.6,1000,0.2,1400,0.2,1
4,6,10848,2,10,5,0,300,0.5,1700,0.5,1
4,7,12470,2,10,5,0,500,0.6,1000,0.2,1400,0.2,1
4,8,12553,2,10,5,0,300,0.5,572,0.32,486,0.18,1
4,9,5222,0,0,300,0.5,572,0.32,486,0.18,1
4,10,795,2,10,5,0,500,0.6,1000,0.2,1400,0.2,1
4,11,9758,0,0,300,0.5,572,0.32,486,0.18,1
5,0,12329,0,0,300,0.5,572,0.32,486,0.18,1
5,1,11457,1,0,500,0.6,1000,0.2,1400,0.2,1
5,2,7799,2,10,5,0,500,0.6,1000,0.2,1400,0.2,1
5,3,1148,2,10,5,0,500,0.6,1000,0.2,1400,0.2,1
5,4,13533,1,0,300,0.5,1700,0.5,1
5,5,1432,2,10,5,0,300,0.5,572,0.32,486,0.18,1
5,6,1551,0,0,500,0.6,1000,0.2,1400,0.2,1
5,7,9016,2,10,5,0,300,0.5,572,0.32,486,0.18,1
5,8,7481,2,10,5,0,300,0.5,572,0.32,486,0.18,1
5,9,4204,2,10,5,0,300,0.5,1700,0.5,1
5,10,7471,1,0,500,0.6,1000,0.2,1400,0.2,1
5,11,10486,0,0,300,0.5,1700,0.5,1
6,0,6356,2,10,5,0,300,0.5,572,0.32,486,0.18,1
6,1,14821,0,0,300,0.5,572,0.32,486,0.18,1
6,2,2211,0,0,666,0.42,420,0.58,1
6,3,6853,2,10,5,0,666,0.42,420,0.58,1
6,4,3010,0,0,300,0.5,1700,0.5,1
6,5,8483,1,0,500,0.6,1000,0.2,1400,0.2,1
6,6,13442,1,0,300,0.5,1700,0.5,1
6,7,6545,0,0,300,0.5,1700,0.5,1
6,8,1711,0,0,666,0.42,420,0.58,1
6,9,12782,1,0,300,0.5,1700,0.5,1
6,10,8132,1,0,300,0.5,572,0.32,486,0.18,1
6,11,7641,2,10,5,0,300,0.5,1700,0.5,1
7,0,667,0,0,300,0.5,572,0.32,486,0.18,1
7,1,11112,1,0,500,0.6,1000,0.2,1400,0.2,1
7,2,11855,2,10,5,0,500,0.6,1000,0.2,1400,0.2,1
7,3,5915,1,0,500,0.6,1000,0.2,1400,0.2,1
7,4,8799,1,0,666,0.42,420,0.58,1
7,5,183,1,0,666,0.42,420,0.58,1
7,6,9786,2,10,5,0,300,0.5,572,0.32,486,0.18,1
7,7,12759,2,10,5,0,500,0.6,1000,0.2,1400,0.2,1
7,8,12157,0,0,500,0.6,1000,0.2,1400,0.2,1
7,9,5393,0,0,666,0.42,420,0.58,1
7,10,2243,0,0,666,0.42,420,0.58,1
7,11,11484,2,10,5,0,666,0.42,420,0.58,1
8,0,9643,0,0,666,0.42,420,0.58,1
8,1,3940,2,10,5,0,300,0.5,572,0.32,486,0.18,1
8,2,303,0,0,300,0.5,1700,0.5,1
8,3,4389,0,0,666,0.42,420,0.58,1
8,4,4469,0,0,300,0.5,1700,0.5,1
8,5,4317,0,0,300,0.5,572,0.32,486,0.18,1
8,6,8732,2,10,5,0,666,0.42,420,0.58,1
8,7,8450,0,0,500,0.6,1000,0.2,1400,0.2,1
8,8,1735,2,10,5,0,300,0.5,1700,0.5,1
8,9,11148,1,0,666,0.42,420,0.58,1
8,10,8196,2,10,5,0,300,0.5,572,0.32,486,0.18,1
8,11,4728,0,0,300,0.5,572,0.32,486,0.18,1
9,0,10966,2,10,5,0,666,0.42,420,0.58,1
9,1,1587,1,0,666,0.42,420,0.58,1
9,2,11120,1,0,500,0.6,1000,0.2,1400,0.2,1
9,3,11732,1,0,500,0.6,1000,0.2,1400,0.2,1
9,4,9333,2,10,5,0,666,0.42,420,0.58,1
9,5,6208,1,0,300,0.5,572,0.32,486,0.18,1
9,6,11677,1,0,666,0.42,420,0.58,1
9,7,9003,1,0,666,0.42,420,0.58,1
9,8,13146,0,0,500,0.6,1000,0.2,1400,0.2,1
9,9,1345,0,0,300,0.5,572,0.32,486,0.18,1
9,10,2694,1,0,300,0.5,572,0.32,486,0.18,1
9,11,2545,2,10,5,0,666,0.42,420,0.58,1
10,0,8781,0,0,300,0.5,1700,0.5,1
10,1,727,1,0,666,0.42,420,0.58,1
10,2,11024,0,0,500,0.6,1000,0.2,1400,0.2,1
10,3,4268,2,10,5,0,666,0.42,420,0.58,1
10,4,8914,2,10,5,0,300,0.5,572,0.32,486,0.18,1
10,5,13711,0,0,300,0.5,572,0.32,486,0.18,1
10,6,14917,2,10,5,0,300,0.5,572,0.32,486,0.18,1
10,7,4330,1,0,666,0.42,420,0.58,1
10,8,9959,2,10,5,0,500,0.6,1000,0.2,1400,0.2,1
10,9,9516,1,0,500,0.6,1000,0.2,1400,0.2,1
10,10,6368,1,0,300,0.5,1700,0.5,1
10,11,605,0,0,666,0.42,420,0.58,1
11,0,9647,0,0,300,0.5,572,0.32,486,0.18,1
11,1,11061,1,0,300,0.5,1700,0.5,1
11,2,11121,2,10,5,0,500,0.6,1000,0.2,1400,0.2,1
11,3,12258,1,0,300,0.5,1700,0.5,1
11,4,1643,1,0,300,0.5,1700,0.5,1
11,5,13594,2,10,5,0,666,0.42,420,0.58,1
11,6,12184,0,0,300,0.5,572,0.32,486,0.18,1
11,7,9149,0,0,500,0.6,1000,0.2,1400,0.2,1
11,8,4615,1,0,300,0.5,1700,0.5,1
11,9,4616,1,0,500,0.6,1000,0.2,1400,0.2,1
11,10,102,2,10,5,0,500,0.6,1000,0.2,1400,0.2,1
11,11,14968,1,0,500,0.6,1000,0.2,1400,0.2,1
