0,0,2028,0,0,500,0.6,1000,0.2,1400,0.2,1
0,1,9760,2,10,5,0,300,0.5,572,0.32,486,0.18,1
0,2,7381,2,10,5,0,300,0.5,572,0.32,486,0.18,1
0,3,2722,0,0,300,0.5,1700,0.5,1
0,4,1875,1,0,500,0.6,1000,0.2,1400,0.2,1
0,5,4197,2,10,5,0,500,0.6,1000,0.2,1400,0.2,1
0,6,1105,1,0,666,0.42,420,0.58,1
0,7,7871,1,0,300,0.5,1700,0.5,1
0,8,13525,2,10,5,0,666,0.42,420,0.58,1
0,9,1694,0,0,666,0.42,420,0.58,1
0,10,1580,2,10,5,0,500,0.6,1000,0.2,1400,0.2,1
0,11,2661,2,10,5,0,300,0.5,572,0.32,486,0.18,1
1,0,9131,1,0,300,0.5,1700,0.5,1
1,1,8149,2,10,5,0,300,0.5,572,0.32,486,0.18,1
1,2,1970,0,0,300,0.5,572,0.32,486,0.18,0
1,3,4756,1,0,300,0.5,572,0.32,486,0.18,1
1,4,11272,2,10,5,0,300,0.5,572,0.32,486,0.18,1
1,5,8334,1,0,500,0.6,1000,0.2,1400,0.2,1
1,6,11675,0,0,300,0.5,572,0.32,486,0.18,1
1,7,12786,0,0,300,0.5,572,0.32,486,0.18,1
1,8,8263,1,0,500,0.6,1000,0.2,1400,0.2,1
1,9,4926,0,0,500,0.6,1000,0.2,1400,0.2,1
1,10,1543,2,10,5,0,300,0.5,1700,0.5,1
1,11,305,1,0,300,0.5,572,0.32,486,0.18,1
2,0,14359,0,0,500,0.6,1000,0.2,1400,0.2,1
2,1,11995,1,0,666,0.42,420,0.58,1
2,2,851,0,0,300,0.5,572,0.32,486,0.18,1
2,3,11436,2,10,5,0,300,0.5,572,0.32,486,0.18,1
2,4,1224,0,0,300,0.5,1700,0.5,1
2,5,3129,0,0,300,0.5,572,0.32,486,0.18,1
2,6,14144,1,0,300,0.5,572,0.32,486,0.18,1
2,7,5650,2,10,5,0,300,0.5,572,0.32,486,0.18,1
2,8,6521,1,0,500,0.6,1000,0.2,1400,0.2,1
2,9,5211,0,0,300,0.5,1700,0.5,1
2,10,4626,2,10,5,0,300,0.5,1700,0.5,1
2,11,3887,2,10,5,0,666,0.42,420,0.58,1
3,0,2122,0,0,300,0.5,1700,0.5,1
3,1,4914,0,0,666,0.42,420,0.58,1
3,2,14438,1,0,300,0.5,1700,0.5,1
3,3,5729,1,0,500,0.6,1000,0.2,1400,0.2,1
3,4,1123,0,0,500,0.6,1000,0.2,1400,0.2,1
3,5,14700,2,10,5,0,500,0.6,1000,0.2,1400,0.2,1
3,6,10387,1,0,666,0.42,420,0.58,1
3,7,8158,1,0,666,0.42,420,0.58,1
3,8,6656,1,0,300,0.5,1700,0.5,1
3,9,8857,2,10,5,0,500,0.6,1000,0.2,1400,0.2,1
3,10,7345,1,0,666,0.42,420,0.58,1
3,11,10164,2,10,5,0,666,0.42,420,0.58,1
4,0,8330,2,10,5,0,666,0.42,420,0.58,1
4,1,12986,0,0,666,0.42,420,0.58,1
4,2,8636,0,0,666,0.42,420,0.58,1
4,3,12695,0,0,300,0.5,572,0.32,486,0.18,1
4,4,8193,2,10,5,0,300,0.5,572,0.32,486,0.18,1
4,5,13122,2,10,5,0,500,0.6,1000,0.2,1400,0.2,1
4,6,12887,2,10,5,0,300,0.5,1700,0.5,1
4,7,14678,0,0,300,0.5,572,0.32,486,0.18,1
4,8,10211,0,0,500,0.6,1000,0.2,1400,0.2,1
4,9,5602,0,0,500,0.6,1000,0.2,1400,0.2,1
4,10,8630,0,0,500,0.6,1000,0.2,1400,0.2,1
4,11,6383,2,10,5,0,300,0.5,1700,0.5,1
5,0,9403,2,10,5,0,300,0.5,572,0.32,486,0.18,1
5,1,14651,0,0,300,0.5,1700,0.5,1
5,2,10017,0,0,300,0.5,1700,0.5,1
5,3,8477,2,10,5,0,300,0.5,1700,0.5,1
5,4,3242,0,0,666,0.42,420,0.58,1
5,5,10812,2,10,5,0,300,0.5,572,0.32,486,0.18,1
5,6,2620,0,0,300,0.5,1700,0.5,1
5,7,5341,1,0,300,0.5,1700,0.5,1
5,8,2800,2,10,5,0,300,0.5,572,0.32,486,0.18,1
5,9,10759,1,0,666,0.42,420,0.58,1
5,10,5005,1,0,300,0.5,572,0.32,486,0.18,1
5,11,10945,1,0,500,0.6,1000,0.2,1400,0.2,1
6,0,7087,0,0,500,0.6,1000,0.2,1400,0.2,1
6,1,4405,1,0,300,0.5,572,0.32,486,0.18,1
6,2,9918,2,10,5,0,300,0.5,572,0.32,486,0.18,1
6,3,1275,2,10,5,0,666,0.42,420,0.58,1
6,4,8906,1,0,300,0.5,572,0.32,486,0.18,1
6,5,3117,0,0,666,0.42,420,0.58,1
6,6,2119,2,10,5,0,300,0.5,1700,0.5,1
6,7,13435,2,10,5,0,300,0.5,572,0.32,486,0.18,1
6,8,5633,2,10,5,0,300,0.5,1700,0.5,1
6,9,2342,0,0,666,0.42,420,0.58,1
6,10,2383,1,0,666,0.42,420,0.58,1
6,11,14628,1,0,500,0.6,1000,0.2,1400,0.2,1
7,0,1103,1,0,300,0.5,1700,0.5,1
7,1,13284,0,0,500,0.6,1000,0.2,1400,0.2,1
7,2,9853,1,0,300,0.5,572,0.32,486,0.18,1
7,3,13498,2,10,5,0,300,0.5,1700,0.5,1
7,4,7375,2,10,5,0,500,0.6,1000,0.2,1400,0.2,1
7,5,6715,0,0,666,0.42,420,0.58,1
7,6,12981,1,0,300,0.5,572,0.32,486,0.18,1
7,7,8519,0,0,666,0.42,420,0.58,1
7,8,2791,1,0,300,0.5,572,0.32,486,0.18,1
7,9,6461,0,0,300,0.5,1700,0.5,1
7,10,6998,0,0,300,0.5,1700,0.5,1
7,11,10463,0,0,666,0.42,420,0.58,1
8,0,12415,1,0,300,0.5,572,0.32,486,0.18,1
8,1,1756,1,0,500,0.6,1000,0.2,1400,0.2,1
8,2,13713,1,0,666,0.42,420,0.58,1
8,3,1264,1,0,300,0.5,1700,0.5,1
8,4,3116,0,0,666,0.42,420,0.58,1
8,5,14612,0,0,500,0.6,1000,0.2,1400,0.2,1
8,6,2098,2,10,5,0,300,0.5,572,0.32,486,0.18,1
8,7,12878,0,0,500,0.6,1000,0.2,1400,0.2,1
8,8,3410,2,10,5,0,500,0.6,1000,0.2,1400,0.2,1
8,9,9846,2,10,5,0,300,0.5,572,0.32,486,0.18,1
8,10,11157,2,10,5,0,300,0.5,572,0.32,486,0.18,1
8,11,10355,1,0,300,0.5,1700,0.5,1
9,0,9385,2,10,5,0,666,0.42,420,0.58,1
9,1,933,2,10,5,0,300,0.5,1700,0.5,1
9,2,8824,1,0,300,0.5,572,0.32,486,0.18,1
9,3,2943,0,0,500,0.6,1000,0.2,1400,0.2,1
9,4,1738,1,0,666,0.42,420,0.58,1
9,5,6153,0,0,300,0.5,572,0.32,486,0.18,1
9,6,8703,0,0,300,0.5,1700,0.5,1
9,7,5334,0,0,300,0.5,572,0.32,486,0.18,1
9,8,4432,2,10,5,0,500,0.6,1000,0.2,1400,0.2,1
9,9,11389,2,10,5,0,300,0.5,572,0.32,486,0.18,1
9,10,8917,0,0,666,0.42,420,0.58,1
9,11,7935,2,10,5,0,300,0.5,1700,0.5,1
10,0,10244,0,0,300,0.5,572,0.32,486,0.18,1
10,1,8489,1,0,300,0.5,572,0.32,486,0.18,1
10,2,229,1,0,300,0.5,572,0.32,486,0.18,1
10,3,2193,2,10,5,0,300,0.5,572,0.32,486,0.18,1
10,4,1955,2,10,5,0,500,0.6,1000,0.2,1400,0.2,1
10,5,891,0,0,300,0.5,572,0.32,486,0.18,1
10,6,12635,0,0,666,0.42,420,0.58,1
10,7,10536,0,0,300,0.5,1700,0.5,1
10,8,14335,1,0,500,0.6,1000,0.2,1400,0.2,1
10,9,13267,2,10,5,0,666,0.42,420,0.58,1
10,10,5606,1,0,666,0.42,420,0.58,1
10,11,12125,2,10,5,0,300,0.5,572,0.32,486,0.18,1
11,0,13783,2,10,5,0,300,0.5,1700,0.5,1
11,1,2502,2,10,5,0,300,0.5,572,0.32,486,0.18,1
11,2,4905,1,0,666,0.42,420,0.58,1
11,3,6075,2,10,5,0,500,0.6,1000,0.2,1400,0.2,1
11,4,13216,0,0,666,0.42,420,0.58,1
11,5,6828,1,0,666,0.42,420,0.58,1
11,6,9816,1,0,666,0.42,420,0.58,1
11,7,9118,1,0,300,0.5,572,0.32,486,0.18,1
11,8,9547,1,0,666,0.42,420,0.58,1
11,9,13197,1,0,500,0.6,1000,0.2,1400,0.2,1
11,10,4006,0,0,666,0.42,420,0.58,1
11,11,3626,2,10,5,0,300,0.5,572,0.32,486,0.18,1
