0,0,12511,1,0,300,0.5,572,0.32,486,0.18,1
0,1,5760,1,0,300,0.5,572,0.32,486,0.18,1
0,2,5534,0,0,666,0.42,420,0.58,1
0,3,6488,1,0,300,0.5,1700,0.5,1
0,4,6745,1,0,300,0.5,572,0.32,486,0.18,1
0,5,8412,2,10,5,0,666,0.42,420,0.58,1
0,6,5029,0,0,666,0.42,420,0.58,1
0,7,8853,1,0,500,0.6,1000,0.2,1400,0.2,1
0,8,14140,2,10,5,0,666,0.42,420,0.58,1
0,9,2371,0,0,666,0.42,420,0.58,1
0,10,10474,0,0,300,0.5,572,0.32,486,0.18,1
0,11,6522,2,10,5,0,300,0.5,1700,0.5,1
1,0,8874,1,0,300,0.5,572,0.32,486,0.18,1
1,1,9213,1,0,666,0.42,420,0.58,1
1,2,3002,0,0,500,0.6,1000,0.2,1400,0.2,0
1,3,3390,1,0,666,0.42,420,0.58,1
1,4,14404,1,0,300,0.5,572,0.32,486,0.18,1
1,5,14447,2,10,5,0,666,0.42,420,0.58,1
1,6,10286,0,0,500,0.6,1000,0.2,1400,0.2,1
1,7,1636,0,0,300,0.5,1700,0.5,1
1,8,7436,2,10,5,0,500,0.6,1000,0.2,1400,0.2,1
1,9,10359,1,0,300,0.5,572,0.32,486,0.18,1
1,10,4933,1,0,500,0.6,1000,0.2,1400,0.2,1
1,11,13604,0,0,300,0.5,572,0.32,486,0.18,1
2,0,10221,2,10,5,0,500,0.6,1000,0.2,1400,0.2,1
2,1,9598,0,0,300,0.5,1700,0.5,1
2,2,7045,2,10,5,0,666,0.42,420,0.58,1
2,3,981,1,0,300,0.5,572,0.32,486,0.18,1
2,4,14029,2,10,5,0,300,0.5,1700,0.5,1
2,5,13013,0,0,666,0.42,420,0.58,1
2,6,3963,2,10,5,0,300,0.5,1700,0.5,1
2,7,2454,0,0,300,0.5,1700,0.5,1
2,8,1811,1,0,300,0.5,1700,0.5,1
2,9,11900,2,10,5,0,500,0.6,1000,0.2,1400,0.2,1
2,10,1077,1,0,666,0.42,420,0.58,1
2,11,14940,1,0,300,0.5,1700,0.5,1
3,0,10729,0,0,300,0.5,572,0.32,486,0.18,1
3,1,13329,0,0,666,0.42,420,0.58,1
3,2,11324,2,10,5,0,300,0.5,1700,0.5,1
3,3,2120,0,0,300,0.5,1700,0.5,1
3,4,2434,0,0,300,0.5,572,0.32,486,0.18,1
3,5,2748,2,10,5,0,300,0.5,572,0.32,486,0.18,1
3,6,11589,0,0,300,0.5,572,0.32,486,0.18,1
3,7,6960,1,0,300,0.5,572,0.32,486,0.18,1
3,8,12782,1,0,666,0.42,420,0.58,1
3,9,12832,0,0,500,0.6,1000,0.2,1400,0.2,1
3,10,11745,0,0,500,0.6,1000,0.2,1400,0.2,1
3,11,7655,1,0,666,0.42,420,0.58,1
4,0,1511,0,0,300,0.5,572,0.32,486,0.18,1
4,1,3400,2,10,5,0,500,0.6,1000,0.2,1400,0.2,1
4,2,14246,0,0,300,0.5,572,0.32,486,0.18,1
4,3,3237,2,10,5,0,500,0.6,1000,0.2,1400,0.2,1
4,4,6707,1,0,666,0.42,420,0.58,1
4,5,7763,2,10,5,0,300,0.5,572,0.32,486,0.18,1
4,6,7741,2,10,5,0,666,0.42,420,0.58,1
4,7,9524,2,10,5,0,300,0.5,572,0.32,486,0.18,1
4,8,14801,1,0,300,0.5,572,0.32,486,0.18,1
4,9,3106,0,0,300,0.5,1700,0.5,1
4,10,12690,1,0,500,0.6,1000,0.2,1400,0.2,1
4,11,11785,1,0,500,0.6,1000,0.2,1400,0.2,1
5,0,7334,1,0,300,0.5,572,0.32,486,0.18,1
5,1,7737,1,0,500,0.6,1000,0.2,1400,0.2,1
5,2,12615,2,10,5,0,300,0.5,1700,0.5,1
5,3,8888,2,10,5,0,300,0.5,572,0.32,486,0.18,1
5,4,13708,1,0,500,0.6,1000,0.2,1400,0.2,1
5,5,13507,0,0,300,0.5,572,0.32,486,0.18,1
5,6,9283,1,0,300,0.5,572,0.32,486,0.18,1
5,7,13992,0,0,300,0.5,1700,0.5,1
5,8,627,0,0,500,0.6,1000,0.2,1400,0.2,1
5,9,9207,1,0,500,0.6,1000,0.2,1400,0.2,1
5,10,14957,2,10,5,0,666,0.42,420,0.58,1
5,11,10014,2,10,5,0,666,0.42,420,0.58,1
6,0,491,0,0,666,0.42,420,0.58,1
6,1,14749,1,0,300,0.5,572,0.32,486,0.18,1
6,2,13884,0,0,300,0.5,1700,0.5,1
6,3,9136,0,0,300,0.5,572,0.32,486,0.18,1
6,4,3314,0,0,500,0.6,1000,0.2,1400,0.2,1
6,5,3593,1,0,300,0.5,572,0.32,486,0.18,1
6,6,11475,1,0,666,0.42,420,0.58,1
6,7,2256,2,10,5,0,300,0.5,1700,0.5,1
6,8,9797,0,0,500,0.6,1000,0.2,1400,0.2,1
6,9,5439,1,0,666,0.42,420,0.58,1
6,10,13804,1,0,300,0.5,572,0.32,486,0.18,1
6,11,2493,2,10,5,0,500,0.6,1000,0.2,1400,0.2,1
7,0,12935,0,0,300,0.5,572,0.32,486,0.18,1
7,1,10757,2,10,5,0,500,0.6,1000,0.2,1400,0.2,1
7,2,1899,2,10,5,0,666,0.42,420,0.58,1
7,3,14469,2,10,5,0,300,0.5,1700,0.5,1
7,4,9039,2,10,5,0,300,0.5,1700,0.5,1
7,5,12834,2,10,5,0,300,0.5,1700,0.5,1
7,6,7626,2,10,5,0,500,0.6,1000,0.2,1400,0.2,1
7,7,12147,2,10,5,0,300,0.5,572,0.32,486,0.18,1
7,8,1201,0,0,300,0.5,572,0.32,486,0.18,1
7,9,9910,1,0,666,0.42,420,0.58,1
7,10,11667,0,0,300,0.5,1700,0.5,1
7,11,13030,2,10,5,0,300,0.5,572,0.32,486,0.18,1
8,0,1262,1,0,300,0.5,1700,0.5,1
8,1,456,1,0,666,0.42,420,0.58,1
8,2,10105,2,10,5,0,300,0.5,572,0.32,486,0.18,1
8,3,121,0,0,300,0.5,572,0.32,486,0.18,1
8,4,4285,2,10,5,0,666,0.42,420,0.58,1
8,5,5248,1,0,300,0.5,1700,0.5,1
8,6,1384,2,10,5,0,666,0.42,420,0.58,1
8,7,11942,2,10,5,0,300,0.5,572,0.32,486,0.18,1
8,8,8945,2,10,5,0,300,0.5,572,0.32,486,0.18,1
8,9,4669,1,0,666,0.42,420,0.58,1
8,10,1312,0,0,300,0.5,1700,0.5,1
8,11,803,2,10,5,0,300,0.5,1700,0.5,1
9,0,10432,0,0,300,0.5,572,0.32,486,0.18,1
9,1,7601,1,0,666,0.42,420,0.58,1
9,2,13214,1,0,300,0.5,572,0.32,486,0.18,1
9,3,10851,1,0,300,0.5,1700,0.5,1
9,4,2531,2,10,5,0,500,0.6,1000,0.2,1400,0.2,1
9,5,2726,1,0,300,0.5,572,0.32,486,0.18,1
9,6,1192,0,0,300,0.5,572,0.32,486,0.18,1
9,7,6733,2,10,5,0,666,0.42,420,0.58,1
9,8,8685,1,0,666,0.42,420,0.58,1
9,9,7571,1,0,300,0.5,572,0.32,486,0.18,1
9,10,9381,0,0,300,0.5,1700,0.5,1
9,11,1253,1,0,300,0.5,572,0.32,486,0.18,1
10,0,5218,2,10,5,0,500,0.6,1000,0.2,1400,0.2,1
10,1,7723,2,10,5,0,500,0.6,1000,0.2,1400,0.2,1
10,2,8223,2,10,5,0,666,0.42,420,0.58,1
10,3,7092,1,0,300,0.5,1700,0.5,1
10,4,5602,2,10,5,0,300,0.5,1700,0.5,1
10,5,14245,1,0,666,0.42,420,0.58,1
10,6,335,0,0,500,0.6,1000,0.2,1400,0.2,1
10,7,5088,0,0,500,0.6,1000,0.2,1400,0.2,1
10,8,4986,1,0,666,0.42,420,0.58,1
10,9,11749,0,0,300,0.5,1700,0.5,1
10,10,4440,1,0,500,0.6,1000,0.2,1400,0.2,1
10,11,11443,2,10,5,0,666,0.42,420,0.58,1
11,0,5670,2,10,5,0,300,0.5,572,0.32,486,0.18,1
11,1,4302,0,0,500,0.6,1000,0.2,1400,0.2,1
11,2,14717,1,0,500,0.6,1000,0.2,1400,0.2,1
11,3,10868,2,10,5,0,666,0.42,420,0.58,1
11,4,8202,1,0,300,0.5,572,0.32,486,0.18,1
11,5,6619,1,0,666,0.42,420,0.58,1
11,6,13437,0,0,666,0.42,420,0.58,1
11,7,6738,2,10,5,0,300,0.5,1700,0.5,1
11,8,407,0,0,300,0.5,1700,0.5,1
11,9,9400,2,10,5,0,300,0.5,572,0.32,486,0.18,1
11,10,9695,2,10,5,0,500,0.6,1000,0.2,1400,0.2,1
11,11,3163,1,0,500,0.6,1000,0.2,1400,0.2,1
