0,0,4080,2,10,5,0,500,0.6,1000,0.2,1400,0.2,1
0,1,13422,2,10,5,0,300,0.5,1700,0.5,1
0,2,4926,2,10,5,0,666,0.42,420,0.58,1
0,3,9421,2,10,5,0,500,0.6,1000,0.2,1400,0.2,1
0,4,10659,2,10,5,0,666,0.42,420,0.58,1
0,5,6513,1,0,666,0.42,420,0.58,1
0,6,14913,0,0,300,0.5,1700,0.5,1
0,7,11172,2,10,5,0,300,0.5,1700,0.5,1
0,8,11824,1,0,666,0.42,420,0.58,1
0,9,14120,1,0,300,0.5,572,0.32,486,0.18,1
0,10,12011,0,0,300,0.5,1700,0.5,1
0,11,9965,0,0,500,0.6,1000,0.2,1400,0.2,1
1,0,4714,2,10,5,0,666,0.42,420,0.58,1
1,1,3378,0,0,666,0.42,420,0.58,1
1,2,1433,2,10,5,0,300,0.5,572,0.32,486,0.18,0
1,3,12398,0,0,300,0.5,1700,0.5,1
1,4,12937,0,0,300,0.5,1700,0.5,1
1,5,5838,2,10,5,0,500,0.6,1000,0.2,1400,0.2,1
1,6,6505,0,0,666,0.42,420,0.58,1
1,7,1817,2,10,5,0,500,0.6,1000,0.2,1400,0.2,1
1,8,13193,0,0,666,0.42,420,0.58,1
1,9,5953,2,10,5,0,666,0.42,420,0.58,1
1,10,6795,2,10,5,0,300,0.5,572,0.32,486,0.18,1
1,11,3010,0,0,300,0.5,1700,0.5,1
2,0,9120,2,10,5,0,500,0.6,1000,0.2,1400,0.2,1
2,1,11318,1,0,500,0.6,1000,0.2,1400,0.2,1
2,2,5634,1,0,300,0.5,1700,0.5,1
2,3,5608,1,0,300,0.5,1700,0.5,1
2,4,6758,0,0,300,0.5,572,0.32,486,0.18,1
2,5,7758,2,10,5,0,666,0.42,420,0.58,1
2,6,1251,1,0,500,0.6,1000,0.2,1400,0.2,1
2,7,12388,1,0,500,0.6,1000,0.2,1400,0.2,1
2,8,6955,1,0,300,0.5,572,0.32,486,0.18,1
2,9,11528,1,0,666,0.42,420,0.58,1
2,10,4246,0,0,666,0.42,420,0.58,1
2,11,5199,0,0,666,0.42,420,0.58,1
3,0,12395,1,0,300,0.5,572,0.32,486,0.18,1
3,1,10129,1,0,300,0.5,572,0.32,486,0.18,1
3,2,2285,1,0,300,0.5,1700,0.5,1
3,3,13191,0,0,300,0.5,572,0.32,486,0.18,1
3,4,9703,1,0,666,0.42,420,0.58,1
3,5,14178,1,0,300,0.5,572,0.32,486,0.18,1
3,6,6734,1,0,666,0.42,420,0.58,1
3,7,5423,2,10,5,0,500,0.6,1000,0.2,1400,0.2,1
3,8,14023,1,0,300,0.5,572,0.32,486,0.18,1
3,9,45,1,0,300,0.5,1700,0.5,1
3,10,954,1,0,666,0.42,420,0.58,1
3,11,3666,1,0,666,0.42,420,0.58,1
4,0,1617,1,0,300,0.5,572,0.32,486,0.18,1
4,1,716,1,0,666,0.42,420,0.58,1
4,2,11328,0,0,666,0.42,420,0.58,1
4,3,1071,1,0,300,0.5,1700,0.5,1
4,4,130,1,0,500,0.6,1000,0.2,1400,0.2,1
4,5,5293,2,10,5,0,300,0.5,1700,0.5,1
4,6,13964,2,10,5,0,666,0.42,420,0.58,1
4,7,12763,2,10,5,0,500,0.6,1000,0.2,1400,0.2,1
4,8,6351,0,0,300,0.5,572,0.32,486,0.18,1
4,9,7059,2,10,5,0,666,0.42,420,0.58,1
4,10,3685,1,0,300,0.5,572,0.32,486,0.18,1
4,11,13857,1,0,300,0.5,572,0.32,486,0.18,1
5,0,14303,0,0,666,0.42,420,0.58,1
5,1,5989,2,10,5,0,300,0.5,572,0.32,486,0.18,1
5,2,4574,0,0,300,0.5,572,0.32,486,0.18,1
5,3,10738,0,0,300,0.5,572,0.32,486,0.18,1
5,4,8112,1,0,500,0.6,1000,0.2,1400,0.2,1
5,5,696,0,0,500,0.6,1000,0.2,1400,0.2,1
5,6,5308,1,0,666,0.42,420,0.58,1
5,7,8804,0,0,666,0.42,420,0.58,1
5,8,12622,2,10,5,0,300,0.5,1700,0.5,1
5,9,8134,0,0,666,0.42,420,0.58,1
5,10,13072,1,0,666,0.42,420,0.58,1
5,11,3943,1,0,300,0.5,1700,0.5,1
6,0,4287,0,0,666,0.42,420,0.58,1
6,1,9511,0,0,300,0.5,572,0.32,486,0.18,1
6,2,5034,1,0,500,0.6,1000,0.2,1400,0.2,1
6,3,3846,2,10,5,0,300,0.5,1700,0.5,1
6,4,13059,1,0,300,0.5,572,0.32,486,0.18,1
6,5,3887,0,0,666,0.42,420,0.58,1
6,6,7132,2,10,5,0,666,0.42,420,0.58,1
6,7,10738,1,0,500,0.6,1000,0.2,1400,0.2,1
6,8,7110,1,0,500,0.6,1000,0.2,1400,0.2,1
6,9,5396,1,0,300,0.5,572,0.32,486,0.18,1
6,10,2491,2,10,5,0,500,0.6,1000,0.2,1400,0.2,1
6,11,4891,0,0,300,0.5,1700,0.5,1
7,0,10139,1,0,500,0.6,1000,0.2,1400,0.2,1
7,1,10548,2,10,5,0,666,0.42,420,0.58,1
7,2,3488,2,10,5,0,300,0.5,572,0.32,486,0.18,1
7,3,3824,2,10,5,0,300,0.5,572,0.32,486,0.18,1
7,4,4597,2,10,5,0,666,0.42,420,0.58,1
7,5,13355,0,0,300,0.5,1700,0.5,1
7,6,12706,2,10,5,0,300,0.5,1700,0.5,1
7,7,11095,1,0,500,0.6,1000,0.2,1400,0.2,1
7,8,3348,2,10,5,0,666,0.42,420,0.58,1
7,9,10473,1,0,500,0.6,1000,0.2,1400,0.2,1
7,10,12252,0,0,300,0.5,1700,0.5,1
7,11,10993,1,0,300,0.5,572,0.32,486,0.18,1
8,0,12215,2,10,5,0,666,0.42,420,0.58,1
8,1,8478,0,0,500,0.6,1000,0.2,1400,0.2,1
8,2,988,1,0,300,0.5,1700,0.5,1
8,3,9062,1,0,666,0.42,420,0.58,1
8,4,9723,0,0,300,0.5,1700,0.5,1
8,5,5542,0,0,300,0.5,1700,0.5,1
8,6,3195,0,0,300,0.5,1700,0.5,1
8,7,966,1,0,500,0.6,1000,0.2,1400,0.2,1
8,8,13083,0,0,666,0.42,420,0.58,1
8,9,8287,1,0,300,0.5,1700,0.5,1
8,10,8818,2,10,5,0,500,0.6,1000,0.2,1400,0.2,1
8,11,9497,2,10,5,0,500,0.6,1000,0.2,1400,0.2,1
9,0,11651,0,0,666,0.42,420,0.58,1
9,1,1254,0,0,300,0.5,572,0.32,486,0.18,1
9,2,6241,1,0,666,0.42,420,0.58,1
9,3,4259,2,10,5,0,300,0.5,1700,0.5,1
9,4,7718,2,10,5,0,500,0.6,1000,0.2,1400,0.2,1
9,5,5012,1,0,666,0.42,420,0.58,1
9,6,4138,1,0,500,0.6,1000,0.2,1400,0.2,1
9,7,2536,0,0,666,0.42,420,0.58,1
9,8,12722,0,0,500,0.6,1000,0.2,1400,0.2,1
9,9,12686,1,0,300,0.5,1700,0.5,1
9,10,4901,2,10,5,0,300,0.5,572,0.32,486,0.18,1
9,11,7900,2,10,5,0,500,0.6,1000,0.2,1400,0.2,1
10,0,2423,0,0,666,0.42,420,0.58,1
10,1,740,1,0,300,0.5,1700,0.5,1
10,2,1859,0,0,666,0.42,420,0.58,1
10,3,919,0,0,300,0.5,572,0.32,486,0.18,1
10,4,8548,1,0,666,0.42,420,0.58,1
10,5,2283,2,10,5,0,500,0.6,1000,0.2,1400,0.2,1
10,6,689,0,0,300,0.5,572,0.32,486,0.18,1
10,7,7383,2,10,5,0,300,0.5,1700,0.5,1
10,8,478,0,0,300,0.5,1700,0.5,1
10,9,2816,1,0,666,0.42,420,0.58,1
10,10,10111,0,0,300,0.5,1700,0.5,1
10,11,2847,0,0,300,0.5,1700,0.5,1
11,0,13896,0,0,666,0.42,420,0.58,1
11,1,14642,0,0,300,0.5,572,0.32,486,0.18,1
11,2,11369,0,0,300,0.5,1700,0.5,1
11,3,9744,1,0,300,0.5,572,0.32,486,0.18,1
11,4,10800,0,0,500,0.6,1000,0.2,1400,0.2,1
11,5,5570,2,10,5,0,300,0.5,572,0.32,486,0.18,1
11,6,10739,0,0,300,0.5,572,0.32,486,0.18,1
11,7,791,0,0,300,0.5,1700,0.5,1
11,8,14985,2,10,5,0,500,0.6,1000,0.2,1400,0.2,1
11,9,12954,0,0,500,0.6,1000,0.2,1400,0.2,1
11,10,9475,1,0,500,0.6,1000,0.2,1400,0.2,1
11,11,11369,0,0,300,0.5,572,0.32,486,0.18,1
