0,0,5584,0,0,500,0.6,1000,0.2,1400,0.2,1
0,1,13526,1,0,300,0.5,572,0.32,486,0.18,1
0,2,12371,1,0,500,0.6,1000,0.2,1400,0.2,1
0,3,2684,1,0,300,0.5,572,0.32,486,0.18,1
0,4,12642,0,0,300,0.5,1700,0.5,1
0,5,8437,2,10,5,0,666,0.42,420,0.58,1
0,6,14947,1,0,500,0.6,1000,0.2,1400,0.2,1
0,7,5820,0,0,500,0.6,1000,0.2,1400,0.2,1
0,8,9747,0,0,666,0.42,420,0.58,1
0,9,13333,2,10,5,0,666,0.42,420,0.58,1
0,10,11021,0,0,500,0.6,1000,0.2,1400,0.2,1
0,11,6513,2,10,5,0,666,0.42,420,0.58,1
1,0,11267,2,10,5,0,300,0.5,1700,0.5,1
1,1,8535,0,0,666,0.42,420,0.58,1
1,2,1407,2,10,5,0,300,0.5,1700,0.5,0
1,3,4311,2,10,5,0,300,0.5,1700,0.5,1
1,4,9565,1,0,500,0.6,1000,0.2,1400,0.2,1
1,5,11282,1,0,300,0.5,1700,0.5,1
1,6,6883,1,0,300,0.5,572,0.32,486,0.18,1
1,7,4713,1,0,666,0.42,420,0.58,1
1,8,654,0,0,666,0.42,420,0.58,1
1,9,7423,0,0,300,0.5,572,0.32,486,0.18,1
1,10,5030,2,10,5,0,300,0.5,572,0.32,486,0.18,1
1,11,8971,0,0,300,0.5,572,0.32,486,0.18,1
2,0,3775,1,0,300,0.5,572,0.32,486,0.18,1
2,1,6434,1,0,500,0.6,1000,0.2,1400,0.2,1
2,2,9956,1,0,666,0.42,420,0.58,1
2,3,10435,0,0,666,0.42,420,0.58,1
2,4,8203,0,0,500,0.6,1000,0.2,1400,0.2,1
2,5,13217,0,0,300,0.5,572,0.32,486,0.18,1
2,6,14830,0,0,500,0.6,1000,0.2,1400,0.2,1
2,7,515,1,0,500,0.6,1000,0.2,1400,0.2,1
2,8,6016,2,10,5,0,300,0.5,572,0.32,486,0.18,1
2,9,450,2,10,5,0,666,0.42,420,0.58,1
2,10,2426,0,0,500,0.6,1000,0.2,1400,0.2,1
2,11,3523,0,0,666,0.42,420,0.58,1
3,0,1056,2,10,5,0,666,0.42,420,0.58,1
3,1,4468,2,10,5,0,666,0.42,420,0.58,1
3,2,7921,0,0,300,0.5,1700,0.5,1
3,3,3638,0,0,300,0.5,572,0.32,486,0.18,1
3,4,3532,0,0,300,0.5,572,0.32,486,0.18,1
3,5,3429,0,0,500,0.6,1000,0.2,1400,0.2,1
3,6,9955,2,10,5,0,666,0.42,420,0.58,1
3,7,5712,1,0,666,0.42,420,0.58,1
3,8,7568,2,10,5,0,300,0.5,1700,0.5,1
3,9,6740,2,10,5,0,500,0.6,1000,0.2,1400,0.2,1
3,10,2600,1,0,500,0.6,1000,0.2,1400,0.2,1
3,11,10950,2,10,5,0,300,0.5,1700,0.5,1
4,0,4910,0,0,666,0.42,420,0.58,1
4,1,9763,0,0,666,0.42,420,0.58,1
4,2,6683,0,0,500,0.6,1000,0.2,1400,0.2,1
4,3,1647,1,0,300,0.5,572,0.32,486,0.18,1
4,4,13198,2,10,5,0,300,0.5,572,0.32,486,0.18,1
4,5,4797,1,0,500,0.6,1000,0.2,1400,0.2,1
4,6,5880,1,0,300,0.5,572,0.32,486,0.18,1
4,7,11175,0,0,666,0.42,420,0.58,1
4,8,1937,1,0,300,0.5,572,0.32,486,0.18,1
4,9,3195,0,0,300,0.5,572,0.32,486,0.18,1
4,10,13839,0,0,666,0.42,420,0.58,1
4,11,206,0,0,500,0.6,1000,0.2,1400,0.2,1
5,0,13204,1,0,666,0.42,420,0.58,1
5,1,12758,1,0,500,0.6,1000,0.2,1400,0.2,1
5,2,2108,1,0,500,0.6,1000,0.2,1400,0.2,1
5,3,7409,0,0,666,0.42,420,0.58,1
5,4,7315,1,0,300,0.5,1700,0.5,1
5,5,4202,2,10,5,0,500,0.6,1000,0.2,1400,0.2,1
5,6,2103,2,10,5,0,300,0.5,1700,0.5,1
5,7,9523,1,0,666,0.42,420,0.58,1
5,8,9336,2,10,5,0,300,0.5,1700,0.5,1
5,9,8319,0,0,666,0.42,420,0.58,1
5,10,14231,1,0,300,0.5,572,0.32,486,0.18,1
5,11,2749,0,0,300,0.5,1700,0.5,1
6,0,10998,1,0,300,0.5,1700,0.5,1
6,1,10706,0,0,500,0.6,1000,0.2,1400,0.2,1
6,2,10241,0,0,300,0.5,1700,0.5,1
6,3,7015,0,0,300,0.5,572,0.32,486,0.18,1
6,4,5683,2,10,5,0,300,0.5,572,0.32,486,0.18,1
6,5,4010,0,0,300,0.5,572,0.32,486,0.18,1
6,6,12875,1,0,300,0.5,572,0.32,486,0.18,1
6,7,11702,2,10,5,0,666,0.42,420,0.58,1
6,8,7022,1,0,666,0.42,420,0.58,1
6,9,12027,0,0,300,0.5,1700,0.5,1
6,10,11521,1,0,666,0.42,420,0.58,1
6,11,2614,2,10,5,0,666,0.42,420,0.58,1
7,0,2579,1,0,500,0.6,1000,0.2,1400,0.2,1
7,1,8566,1,0,666,0.42,420,0.58,1
7,2,10168,1,0,300,0.5,572,0.32,486,0.18,1
7,3,6549,1,0,666,0.42,420,0.58,1
7,4,3584,1,0,300,0.5,1700,0.5,1
7,5,13623,0,0,500,0.6,1000,0.2,1400,0.2,1
7,6,5991,0,0,300,0.5,1700,0.5,1
7,7,9339,2,10,5,0,666,0.42,420,0.58,1
7,8,13236,2,10,5,0,300,0.5,572,0.32,486,0.18,1
7,9,7382,1,0,300,0.5,572,0.32,486,0.18,1
7,10,11842,1,0,500,0.6,1000,0.2,1400,0.2,1
7,11,5251,0,0,666,0.42,420,0.58,1
8,0,10141,1,0,300,0.5,572,0.32,486,0.18,1
8,1,5185,2,10,5,0,500,0.6,1000,0.2,1400,0.2,1
8,2,13799,1,0,500,0.6,1000,0.2,1400,0.2,1
8,3,1630,2,10,5,0,300,0.5,1700,0.5,1
8,4,9684,0,0,500,0.6,1000,0.2,1400,0.2,1
8,5,2280,0,0,300,0.5,1700,0.5,1
8,6,407,0,0,500,0.6,1000,0.2,1400,0.2,1
8,7,9374,2,10,5,0,500,0.6,1000,0.2,1400,0.2,1
8,8,8662,1,0,300,0.5,1700,0.5,1
8,9,14622,2,10,5,0,300,0.5,572,0.32,486,0.18,1
8,10,8181,2,10,5,0,500,0.6,1000,0.2,1400,0.2,1
8,11,10391,0,0,666,0.42,420,0.58,1
9,0,6507,2,10,5,0,500,0.6,1000,0.2,1400,0.2,1
9,1,5287,0,0,300,0.5,1700,0.5,1
9,2,14453,0,0,500,0.6,1000,0.2,1400,0.2,1
9,3,12070,1,0,300,0.5,572,0.32,486,0.18,1
9,4,9838,0,0,300,0.5,1700,0.5,1
9,5,5793,1,0,300,0.5,572,0.32,486,0.18,1
9,6,4174,0,0,500,0.6,1000,0.2,1400,0.2,1
9,7,4220,0,0,300,0.5,572,0.32,486,0.18,1
9,8,3370,2,10,5,0,300,0.5,1700,0.5,1
9,9,14442,1,0,666,0.42,420,0.58,1
9,10,535,2,10,5,0,500,0.6,1000,0.2,1400,0.2,1
9,11,8802,1,0,300,0.5,572,0.32,486,0.18,1
10,0,10228,0,0,300,0.5,572,0.32,486,0.18,1
10,1,9802,0,0,500,0.6,1000,0.2,1400,0.2,1
10,2,10762,0,0,300,0.5,1700,0.5,1
10,3,5580,2,10,5,0,300,0.5,1700,0.5,1
10,4,3435,0,0,666,0.42,420,0.58,1
10,5,5496,0,0,300,0.5,1700,0.5,1
10,6,9601,2,10,5,0,300,0.5,572,0.32,486,0.18,1
10,7,8703,0,0,500,0.6,1000,0.2,1400,0.2,1
10,8,5273,2,10,5,0,300,0.5,1700,0.5,1
10,9,6827,0,0,666,0.42,420,0.58,1
10,10,14649,0,0,300,0.5,572,0.32,486,0.18,1
10,11,3894,2,10,5,0,300,0.5,1700,0.5,1
11,0,12333,0,0,300,0.5,572,0.32,486,0.18,1
11,1,8033,1,0,300,0.5,572,0.32,486,0.18,1
11,2,793,1,0,666,0.42,420,0.58,1
11,3,8310,0,0,666,0.42,420,0.58,1
11,4,10872,1,0,500,0.6,1000,0.2,1400,0.2,1
11,5,4289,2,10,5,0,500,0.6,1000,0.2,1400,0.2,1
11,6,2144,1,0,666,0.42,420,0.58,1
11,7,2758,1,0,300,0.5,572,0.32,486,0.18,1
11,8,13576,0,0,300,0.5,572,0.32,486,0.18,1
11,9,14798,0,0,500,0.6,1000,0.2,1400,0.2,1
11,10,6969,2,10,5,0,500,0.6,1000,0.2,1400,0.2,1
11,11,6430,0,0,666,0.42,420,0.58,1
