0,0,10545,0,0,666,0.42,420,0.58,1
0,1,5362,1,0,666,0.42,420,0.58,1
0,2,6509,1,0,300,0.5,1700,0.5,1
0,3,5306,2,10,5,0,666,0.42,420,0.58,1
0,4,2212,2,10,5,0,300,0.5,572,0.32,486,0.18,1
0,5,14623,0,0,300,0.5,572,0.32,486,0.18,1
0,6,14458,0,0,500,0.6,1000,0.2,1400,0.2,1
0,7,5768,2,10,5,0,500,0.6,1000,0.2,1400,0.2,1
0,8,4952,0,0,300,0.5,1700,0.5,1
0,9,7311,2,10,5,0,500,0.6,1000,0.2,1400,0.2,1
0,10,173,1,0,666,0.42,420,0.58,1
0,11,2801,0,0,300,0.5,572,0.32,486,0.18,1
1,0,545,1,0,300,0.5,1700,0.5,1
1,1,13497,0,0,300,0.5,1700,0.5,1
1,2,1860,0,0,300,0.5,1700,0.5,0
1,3,9506,1,0,300,0.5,572,0.32,486,0.18,1
1,4,10007,1,0,500,0.6,1000,0.2,1400,0.2,1
1,5,14963,2,10,5,0,500,0.6,1000,0.2,1400,0.2,1
1,6,3614,1,0,666,0.42,420,0.58,1
1,7,4664,1,0,666,0.42,420,0.58,1
1,8,11322,1,0,666,0.42,420,0.58,1
1,9,9952,0,0,666,0.42,420,0.58,1
1,10,11249,2,10,5,0,666,0.42,420,0.58,1
1,11,10718,1,0,300,0.5,572,0.32,486,0.18,1
2,0,9024,2,10,5,0,300,0.5,1700,0.5,1
2,1,3770,0,0,500,0.6,1000,0.2,1400,0.2,1
2,2,13935,1,0,666,0.42,420,0.58,1
2,3,11587,2,10,5,0,300,0.5,572,0.32,486,0.18,1
2,4,5190,2,10,5,0,300,0.5,572,0.32,486,0.18,1
2,5,3433,1,0,666,0.42,420,0.58,1
2,6,8118,2,10,5,0,666,0.42,420,0.58,1
2,7,10834,0,0,300,0.5,572,0.32,486,0.18,1
2,8,263,1,0,500,0.6,1000,0.2,1400,0.2,1
2,9,9910,1,0,666,0.42,420,0.58,1
2,10,5971,1,0,666,0.42,420,0.58,1
2,11,7437,1,0,300,0.5,572,0.32,486,0.18,1
3,0,5969,2,10,5,0,500,0.6,1000,0.2,1400,0.2,1
3,1,9973,1,0,300,0.5,1700,0.5,1
3,2,3855,0,0,666,0.42,420,0.58,1
3,3,1877,2,10,5,0,300,0.5,1700,0.5,1
3,4,12772,2,10,5,0,500,0.6,1000,0.2,1400,0.2,1
3,5,3444,2,10,5,0,300,0.5,572,0.32,486,0.18,1
3,6,13467,0,0,500,0.6,1000,0.2,1400,0.2,1
3,7,5622,1,0,300,0.5,1700,0.5,1
3,8,6440,0,0,666,0.42,420,0.58,1
3,9,7045,0,0,500,0.6,1000,0.2,1400,0.2,1
3,10,3832,2,10,5,0,300,0.5,1700,0.5,1
3,11,14730,2,10,5,0,666,0.42,420,0.58,1
4,0,8482,1,0,500,0.6,1000,0.2,1400,0.2,1
4,1,13850,0,0,300,0.5,572,0.32,486,0.18,1
4,2,919,0,0,300,0.5,572,0.32,486,0.18,1
4,3,2123,2,10,5,0,300,0.5,572,0.32,486,0.18,1
4,4,8369,0,0,666,0.42,420,0.58,1
4,5,5035,0,0,666,0.42,420,0.58,1
4,6,1957,0,0,666,0.42,420,0.58,1
4,7,9157,0,0,300,0.5,1700,0.5,1
4,8,3363,0,0,300,0.5,1700,0.5,1
4,9,1608,0,0,300,0.5,1700,0.5,1
4,10,9316,1,0,666,0.42,420,0.58,1
4,11,11259,1,0,300,0.5,1700,0.5,1
5,0,10977,2,10,5,0,500,0.6,1000,0.2,1400,0.2,1
5,1,4516,2,10,5,0,666,0.42,420,0.58,1
5,2,9391,0,0,300,0.5,572,0.32,486,0.18,1
5,3,13865,0,0,500,0.6,1000,0.2,1400,0.2,1
5,4,3193,2,10,5,0,500,0.6,1000,0.2,1400,0.2,1
5,5,742,1,0,500,0.6,1000,0.2,1400,0.2,1
5,6,6389,0,0,300,0.5,1700,0.5,1
5,7,9389,1,0,666,0.42,420,0.58,1
5,8,10324,0,0,300,0.5,1700,0.5,1
5,9,8852,2,10,5,0,300,0.5,572,0.32,486,0.18,1
5,10,896,1,0,500,0.6,1000,0.2,1400,0.2,1
5,11,12586,0,0,300,0.5,1700,0.5,1
6,0,12631,1,0,300,0.5,572,0.32,486,0.18,1
6,1,3403,2,10,5,0,300,0.5,1700,0.5,1
6,2,13396,1,0,300,0.5,1700,0.5,1
6,3,1487,1,0,300,0.5,1700,0.5,1
6,4,8746,0,0,300,0.5,1700,0.5,1
6,5,922,1,0,666,0.42,420,0.58,1
6,6,14862,1,0,300,0.5,572,0.32,486,0.18,1
6,7,8719,0,0,300,0.5,1700,0.5,1
6,8,5006,0,0,300,0.5,572,0.32,486,0.18,1
6,9,6032,0,0,666,0.42,420,0.58,1
6,10,10803,0,0,300,0.5,1700,0.5,1
6,11,11353,2,10,5,0,666,0.42,420,0.58,1
7,0,8299,0,0,300,0.5,1700,0.5,1
7,1,12905,2,10,5,0,666,0.42,420,0.58,1
7,2,6769,2,10,5,0,300,0.5,572,0.32,486,0.18,1
7,3,11454,2,10,5,0,500,0.6,1000,0.2,1400,0.2,1
7,4,1152,0,0,300,0.5,1700,0.5,1
7,5,3140,0,0,300,0.5,572,0.32,486,0.18,1
7,6,6694,2,10,5,0,500,0.6,1000,0.2,1400,0.2,1
7,7,1820,1,0,300,0.5,1700,0.5,1
7,8,4725,2,10,5,0,500,0.6,1000,0.2,1400,0.2,1
7,9,13545,0,0,300,0.5,572,0.32,486,0.18,1
7,10,6971,0,0,666,0.42,420,0.58,1
7,11,9162,0,0,500,0.6,1000,0.2,1400,0.2,1
8,0,304,1,0,300,0.5,1700,0.5,1
8,1,14972,0,0,300,0.5,572,0.32,486,0.18,1
8,2,10178,2,10,5,0,666,0.42,420,0.58,1
8,3,10553,1,0,500,0.6,1000,0.2,1400,0.2,1
8,4,12600,1,0,300,0.5,572,0.32,486,0.18,1
8,5,5903,0,0,300,0.5,1700,0.5,1
8,6,8920,0,0,300,0.5,1700,0.5,1
8,7,6409,2,10,5,0,300,0.5,1700,0.5,1
8,8,8661,2,10,5,0,666,0.42,420,0.58,1
8,9,5080,0,0,300,0.5,1700,0.5,1
8,10,13290,2,10,5,0,300,0.5,1700,0.5,1
8,11,12405,2,10,5,0,300,0.5,1700,0.5,1
9,0,14743,2,10,5,0,300,0.5,1700,0.5,1
9,1,13469,0,0,300,0.5,1700,0.5,1
9,2,10382,0,0,300,0.5,1700,0.5,1
9,3,12558,2,10,5,0,300,0.5,572,0.32,486,0.18,1
9,4,12791,0,0,666,0.42,420,0.58,1
9,5,2323,0,0,300,0.5,572,0.32,486,0.18,1
9,6,6145,1,0,500,0.6,1000,0.2,1400,0.2,1
9,7,1335,0,0,300,0.5,572,0.32,486,0.18,1
9,8,8583,2,10,5,0,666,0.42,420,0.58,1
9,9,4180,1,0,666,0.42,420,0.58,1
9,10,4836,0,0,500,0.6,1000,0.2,1400,0.2,1
9,11,12887,2,10,5,0,500,0.6,1000,0.2,1400,0.2,1
10,0,14740,2,10,5,0,300,0.5,1700,0.5,1
10,1,1929,1,0,300,0.5,1700,0.5,1
10,2,11605,2,10,5,0,666,0.42,420,0.58,1
10,3,13345,1,0,300,0.5,1700,0.5,1
10,4,6081,1,0,666,0.42,420,0.58,1
10,5,6820,0,0,300,0.5,1700,0.5,1
10,6,6548,0,0,666,0.42,420,0.58,1
10,7,8043,1,0,666,0.42,420,0.58,1
10,8,7183,1,0,300,0.5,572,0.32,486,0.18,1
10,9,5850,0,0,300,0.5,1700,0.5,1
10,10,8429,0,0,300,0.5,1700,0.5,1
10,11,4608,0,0,300,0.5,1700,0.5,1
11,0,12100,2,10,5,0,666,0.42,420,0.58,1
11,1,4842,0,0,500,0.6,1000,0.2,1400,0.2,1
11,2,2080,2,10,5,0,666,0.42,420,0.58,1
11,3,11792,2,10,5,0,300,0.5,1700,0.5,1
11,4,13466,1,0,300,0.5,572,0.32,486,0.18,1
11,5,5437,1,0,500,0.6,1000,0.2,1400,0.2,1
11,6,8509,2,10,5,0,300,0.5,572,0.32,486,0.18,1
11,7,13902,1,0,500,0.6,1000,0.2,1400,0.2,1
11,8,4684,1,0,300,0.5,1700,0.5,1
11,9,6287,1,0,666,0.42,420,0.58,1
11,10,710,1,0,500,0.6,1000,0.2,1400,0.2,1
11,11,14687,2,10,5,0,666,0.42,420,0.58,1
