0,0,579,2,10,5,0,500,0.6,1000,0.2,1400,0.2,1
0,1,151,1,0,500,0.6,1000,0.2,1400,0.2,1
0,2,2900,2,10,5,0,300,0.5,572,0.32,486,0.18,1
0,3,1026,0,0,300,0.5,572,0.32,486,0.18,1
0,4,4040,2,10,5,0,300,0.5,1700,0.5,1
0,5,9863,2,10,5,0,300,0.5,1700,0.5,1
0,6,322,1,0,300,0.5,572,0.32,486,0.18,1
0,7,13625,0,0,666,0.42,420,0.58,1
0,8,5262,0,0,666,0.42,420,0.58,1
0,9,7994,1,0,300,0.5,572,0.32,486,0.18,1
0,10,278,2,10,5,0,300,0.5,572,0.32,486,0.18,1
0,11,5774,1,0,300,0.5,572,0.32,486,0.18,1
1,0,10639,1,0,300,0.5,572,0.32,486,0.18,1
1,1,11259,2,10,5,0,500,0.6,1000,0.2,1400,0.2,1
1,2,7996,1,0,300,0.5,572,0.32,486,0.18,0
1,3,4070,2,10,5,0,666,0.42,420,0.58,1
1,4,6543,2,10,5,0,666,0.42,420,0.58,1
1,5,7936,2,10,5,0,666,0.42,420,0.58,1
1,6,10473,0,0,666,0.42,420,0.58,1
1,7,1169,2,10,5,0,300,0.5,1700,0.5,1
1,8,9970,0,0,300,0.5,1700,0.5,1
1,9,2574,2,10,5,0,500,0.6,1000,0.2,1400,0.2,1
1,10,10679,0,0,300,0.5,572,0.32,486,0.18,1
1,11,8071,2,10,5,0,500,0.6,1000,0.2,1400,0.2,1
2,0,1185,0,0,500,0.6,1000,0.2,1400,0.2,1
2,1,9428,2,10,5,0,300,0.5,572,0.32,486,0.18,1
2,2,2640,2,10,5,0,300,0.5,572,0.32,486,0.18,1
2,3,1414,1,0,666,0.42,420,0.58,1
2,4,8416,0,0,666,0.42,420,0.58,1
2,5,8483,2,10,5,0,300,0.5,1700,0.5,1
2,6,2812,1,0,300,0.5,1700,0.5,1
2,7,4219,2,10,5,0,300,0.5,1700,0.5,1
2,8,3087,2,10,5,0,666,0.42,420,0.58,1
2,9,10067,2,10,5,0,300,0.5,1700,0.5,1
2,10,6057,1,0,500,0.6,1000,0.2,1400,0.2,1
2,11,4665,2,10,5,0,300,0.5,572,0.32,486,0.18,1
3,0,2533,2,10,5,0,500,0.6,1000,0.2,1400,0.2,1
3,1,7970,0,0,300,0.5,1700,0.5,1
3,2,11790,1,0,500,0.6,1000,0.2,1400,0.2,1
3,3,1563,2,10,5,0,500,0.6,1000,0.2,1400,0.2,1
3,4,9603,1,0,500,0.6,1000,0.2,1400,0.2,1
3,5,2165,1,0,500,0.6,1000,0.2,1400,0.2,1
3,6,101,1,0,500,0.6,1000,0.2,1400,0.2,1
3,7,3574,2,10,5,0,666,0.42,420,0.58,1
3,8,8162,1,0,300,0.5,572,0.32,486,0.18,1
3,9,10310,2,10,5,0,300,0.5,1700,0.5,1
3,10,14809,1,0,666,0.42,420,0.58,1
3,11,10022,2,10,5,0,500,0.6,1000,0.2,1400,0.2,1
4,0,14871,0,0,500,0.6,1000,0.2,1400,0.2,1
4,1,9398,2,10,5,0,300,0.5,572,0.32,486,0.18,1
4,2,2542,0,0,500,0.6,1000,0.2,1400,0.2,1
4,3,9372,2,10,5,0,666,0.42,420,0.58,1
4,4,6328,0,0,500,0.6,1000,0.2,1400,0.2,1
4,5,12346,2,10,5,0,666,0.42,420,0.58,1
4,6,8551,2,10,5,0,300,0.5,1700,0.5,1
4,7,5098,0,0,666,0.42,420,0.58,1
4,8,14829,2,10,5,0,300,0.5,572,0.32,486,0.18,1
4,9,12866,0,0,500,0.6,1000,0.2,1400,0.2,1
4,10,5257,2,10,5,0,300,0.5,572,0.32,486,0.18,1
4,11,14001,1,0,500,0.6,1000,0.2,1400,0.2,1
5,0,2868,0,0,300,0.5,572,0.32,486,0.18,1
5,1,12681,2,10,5,0,666,0.42,420,0.58,1
5,2,5482,1,0,666,0.42,420,0.58,1
5,3,7602,1,0,666,0.42,420,0.58,1
5,4,2640,2,10,5,0,500,0.6,1000,0.2,1400,0.2,1
5,5,10309,1,0,666,0.42,420,0.58,1
5,6,14811,0,0,300,0.5,1700,0.5,1
5,7,1440,1,0,300,0.5,572,0.32,486,0.18,1
5,8,9361,0,0,300,0.5,572,0.32,486,0.18,1
5,9,14938,2,10,5,0,300,0.5,572,0.32,486,0.18,1
5,10,10098,1,0,500,0.6,1000,0.2,1400,0.2,1
5,11,6447,0,0,300,0.5,572,0.32,486,0.18,1
6,0,11046,1,0,500,0.6,1000,0.2,1400,0.2,1
6,1,7878,0,0,500,0.6,1000,0.2,1400,0.2,1
6,2,8850,1,0,300,0.5,1700,0.5,1
6,3,11672,0,0,300,0.5,1700,0.5,1
6,4,6573,2,10,5,0,300,0.5,572,0.32,486,0.18,1
6,5,11914,2,10,5,0,666,0.42,420,0.58,1
6,6,11833,0,0,300,0.5,1700,0.5,1
6,7,9502,2,10,5,0,666,0.42,420,0.58,1
6,8,2553,0,0,300,0.5,572,0.32,486,0.18,1
6,9,809,0,0,500,0.6,1000,0.2,1400,0.2,1
6,10,11765,0,0,666,0.42,420,0.58,1
6,11,1082,2,10,5,0,666,0.42,420,0.58,1
7,0,9491,2,10,5,0,300,0.5,572,0.32,486,0.18,1
7,1,5594,1,0,666,0.42,420,0.58,1
7,2,343,0,0,300,0.5,1700,0.5,1
7,3,4572,0,0,300,0.5,572,0.32,486,0.18,1
7,4,262,2,10,5,0,300,0.5,1700,0.5,1
7,5,13455,2,10,5,0,500,0.6,1000,0.2,1400,0.2,1
7,6,8086,1,0,500,0.6,1000,0.2,1400,0.2,1
7,7,9114,1,0,300,0.5,1700,0.5,1
7,8,5110,0,0,500,0.6,1000,0.2,1400,0.2,1
7,9,7462,2,10,5,0,300,0.5,1700,0.5,1
7,10,13979,1,0,300,0.5,572,0.32,486,0.18,1
7,11,3219,2,10,5,0,300,0.5,1700,0.5,1
8,0,4033,2,10,5,0,500,0.6,1000,0.2,1400,0.2,1
8,1,2842,2,10,5,0,666,0.42,420,0.58,1
8,2,3212,0,0,500,0.6,1000,0.2,1400,0.2,1
8,3,7016,1,0,666,0.42,420,0.58,1
8,4,2393,1,0,300,0.5,572,0.32,486,0.18,1
8,5,13750,1,0,500,0.6,1000,0.2,1400,0.2,1
8,6,5242,0,0,500,0.6,1000,0.2,1400,0.2,1
8,7,4820,2,10,5,0,666,0.42,420,0.58,1
8,8,8636,1,0,500,0.6,1000,0.2,1400,0.2,1
8,9,11039,1,0,666,0.42,420,0.58,1
8,10,3719,0,0,500,0.6,1000,0.2,1400,0.2,1
8,11,14895,0,0,500,0.6,1000,0.2,1400,0.2,1
9,0,1279,1,0,300,0.5,1700,0.5,1
9,1,5477,0,0,300,0.5,1700,0.5,1
9,2,13274,2,10,5,0,300,0.5,572,0.32,486,0.18,1
9,3,13447,0,0,666,0.42,420,0.58,1
9,4,5909,0,0,300,0.5,572,0.32,486,0.18,1
9,5,8921,2,10,5,0,500,0.6,1000,0.2,1400,0.2,1
9,6,2127,0,0,300,0.5,572,0.32,486,0.18,1
9,7,12017,0,0,500,0.6,1000,0.2,1400,0.2,1
9,8,8599,2,10,5,0,500,0.6,1000,0.2,1400,0.2,1
9,9,3495,0,0,500,0.6,1000,0.2,1400,0.2,1
9,10,6186,2,10,5,0,300,0.5,572,0.32,486,0.18,1
9,11,8455,2,10,5,0,300,0.5,1700,0.5,1
10,0,13837,2,10,5,0,300,0.5,1700,0.5,1
10,1,5512,1,0,500,0.6,1000,0.2,1400,0.2,1
10,2,6463,0,0,666,0.42,420,0.58,1
10,3,14878,1,0,666,0.42,420,0.58,1
10,4,13959,0,0,500,0.6,1000,0.2,1400,0.2,1
10,5,3805,2,10,5,0,300,0.5,1700,0.5,1
10,6,13459,0,0,300,0.5,1700,0.5,1
10,7,26,1,0,300,0.5,572,0.32,486,0.18,1
10,8,14295,1,0,666,0.42,420,0.58,1
10,9,14313,0,0,666,0.42,420,0.58,1
10,10,1607,2,10,5,0,300,0.5,1700,0.5,1
10,11,3825,1,0,300,0.5,572,0.32,486,0.18,1
11,0,13559,1,0,300,0.5,572,0.32,486,0.18,1
11,1,4656,0,0,300,0.5,572,0.32,486,0.18,1
11,2,673,1,0,300,0.5,1700,0.5,1
11,3,1886,0,0,300,0.5,1700,0.5,1
11,4,628,1,0,300,0.5,1700,0.5,1
11,5,5267,1,0,300,0.5,1700,0.5,1
11,6,5559,0,0,666,0.42,420,0.58,1
11,7,5631,2,10,5,0,500,0.6,1000,0.2,1400,0.2,1
11,8,10883,1,0,300,0.5,572,0.32,486,0.18,1
11,9,10255,0,0,500,0.6,1000,0.2,1400,0.2,1
11,10,10944,2,10,5,0,666,0.42,420,0.58,1
11,11,14068,2,10,5,0,300,0.5,572,0.32,486,0.18,1
