0,0,1496,2,10,5,0,500,0.6,1000,0.2,1400,0.2,1
0,1,7990,0,0,300,0.5,572,0.32,486,0.18,1
0,2,1148,1,0,300,0.5,1700,0.5,1
0,3,4036,0,0,666,0.42,420,0.58,1
0,4,7710,1,0,300,0.5,1700,0.5,1
0,5,5237,2,10,5,0,300,0.5,572,0.32,486,0.18,1
0,6,6175,1,0,500,0.6,1000,0.2,1400,0.2,1
0,7,7443,2,10,5,0,500,0.6,1000,0.2,1400,0.2,1
0,8,13061,2,10,5,0,666,0.42,420,0.58,1
0,9,8550,1,0,666,0.42,420,0.58,1
0,10,11014,2,10,5,0,666,0.42,420,0.58,1
0,11,10113,0,0,500,0.6,1000,0.2,1400,0.2,1
1,0,4544,2,10,5,0,500,0.6,1000,0.2,1400,0.2,1
1,1,13052,0,0,300,0.5,1700,0.5,1
1,2,1150,1,0,500,0.6,1000,0.2,1400,0.2,0
1,3,5149,1,0,500,0.6,1000,0.2,1400,0.2,1
1,4,3644,2,10,5,0,300,0.5,572,0.32,486,0.18,1
1,5,4520,1,0,300,0.5,572,0.32,486,0.18,1
1,6,8906,1,0,500,0.6,1000,0.2,1400,0.2,1
1,7,12883,1,0,300,0.5,572,0.32,486,0.18,1
1,8,1882,0,0,300,0.5,1700,0.5,1
1,9,11759,0,0,300,0.5,1700,0.5,1
1,10,7502,2,10,5,0,500,0.6,1000,0.2,1400,0.2,1
1,11,10726,0,0,300,0.5,572,0.32,486,0.18,1
2,0,4137,0,0,666,0.42,420,0.58,1
2,1,13586,2,10,5,0,500,0.6,1000,0.2,1400,0.2,1
2,2,11150,0,0,300,0.5,1700,0.5,1
2,3,12040,2,10,5,0,500,0.6,1000,0.2,1400,0.2,1
2,4,6923,1,0,300,0.5,572,0.32,486,0.18,1
2,5,5118,2,10,5,0,300,0.5,572,0.32,486,0.18,1
2,6,3736,0,0,666,0.42,420,0.58,1
2,7,6357,1,0,500,0.6,1000,0.2,1400,0.2,1
2,8,5473,2,10,5,0,300,0.5,572,0.32,486,0.18,1
2,9,8517,0,0,666,0.42,420,0.58,1
2,10,976,2,10,5,0,300,0.5,1700,0.5,1
2,11,10953,1,0,300,0.5,1700,0.5,1
3,0,1407,2,10,5,0,500,0.6,1000,0.2,1400,0.2,1
3,1,4142,1,0,300,0.5,572,0.32,486,0.18,1
3,2,6090,0,0,666,0.42,420,0.58,1
3,3,7780,1,0,300,0.5,572,0.32,486,0.18,1
3,4,11583,1,0,666,0.42,420,0.58,1
3,5,14518,2,10,5,0,500,0.6,1000,0.2,1400,0.2,1
3,6,13010,1,0,300,0.5,572,0.32,486,0.18,1
3,7,9947,1,0,500,0.6,1000,0.2,1400,0.2,1
3,8,7306,0,0,300,0.5,572,0.32,486,0.18,1
3,9,8476,1,0,666,0.42,420,0.58,1
3,10,2429,2,10,5,0,500,0.6,1000,0.2,1400,0.2,1
3,11,10455,0,0,666,0.42,420,0.58,1
4,0,8093,1,0,300,0.5,1700,0.5,1
4,1,10828,0,0,666,0.42,420,0.58,1
4,2,12624,0,0,300,0.5,572,0.32,486,0.18,1
4,3,8872,0,0,666,0.42,420,0.58,1
4,4,2139,0,0,300,0.5,1700,0.5,1
4,5,2609,1,0,300,0.5,1700,0.5,1
4,6,9661,1,0,300,0.5,1700,0.5,1
4,7,13350,0,0,300,0.5,1700,0.5,1
4,8,4388,1,0,666,0.42,420,0.58,1
4,9,3958,2,10,5,0,300,0.5,1700,0.5,1
4,10,97,0,0,300,0.5,1700,0.5,1
4,11,7337,2,10,5,0,300,0.5,572,0.32,486,0.18,1
5,0,5172,0,0,666,0.42,420,0.58,1
5,1,915,0,0,300,0.5,1700,0.5,1
5,2,2598,2,10,5,0,300,0.5,1700,0.5,1
5,3,13185,1,0,666,0.42,420,0.58,1
5,4,9344,2,10,5,0,500,0.6,1000,0.2,1400,0.2,1
5,5,2100,2,10,5,0,300,0.5,572,0.32,486,0.18,1
5,6,12638,2,10,5,0,500,0.6,1000,0.2,1400,0.2,1
5,7,5710,1,0,300,0.5,1700,0.5,1
5,8,3488,0,0,300,0.5,1700,0.5,1
5,9,5992,2,10,5,0,500,0.6,1000,0.2,1400,0.2,1
5,10,4318,2,10,5,0,300,0.5,572,0.32,486,0.18,1
5,11,8447,2,10,5,0,300,0.5,1700,0.5,1
6,0,10145,0,0,300,0.5,1700,0.5,1
6,1,2422,1,0,500,0.6,1000,0.2,1400,0.2,1
6,2,6687,1,0,500,0.6,1000,0.2,1400,0.2,1
6,3,7525,2,10,5,0,666,0.42,420,0.58,1
6,4,9572,1,0,300,0.5,572,0.32,486,0.18,1
6,5,6876,2,10,5,0,300,0.5,572,0.32,486,0.18,1
6,6,2932,1,0,300,0.5,572,0.32,486,0.18,1
6,7,13780,1,0,300,0.5,572,0.32,486,0.18,1
6,8,4918,1,0,300,0.5,572,0.32,486,0.18,1
6,9,12467,2,10,5,0,300,0.5,1700,0.5,1
6,10,4238,0,0,666,0.42,420,0.58,1
6,11,8347,2,10,5,0,666,0.42,420,0.58,1
7,0,6890,0,0,300,0.5,572,0.32,486,0.18,1
7,1,6804,0,0,500,0.6,1000,0.2,1400,0.2,1
7,2,8703,1,0,666,0.42,420,0.58,1
7,3,13957,0,0,666,0.42,420,0.58,1
7,4,12950,0,0,500,0.6,1000,0.2,1400,0.2,1
7,5,1702,2,10,5,0,300,0.5,1700,0.5,1
7,6,14932,2,10,5,0,500,0.6,1000,0.2,1400,0.2,1
7,7,9052,1,0,300,0.5,572,0.32,486,0.18,1
7,8,14926,2,10,5,0,666,0.42,420,0.58,1
7,9,14642,2,10,5,0,300,0.5,572,0.32,486,0.18,1
7,10,12137,0,0,300,0.5,572,0.32,486,0.18,1
7,11,4758,2,10,5,0,666,0.42,420,0.58,1
8,0,10587,1,0,300,0.5,572,0.32,486,0.18,1
8,1,10416,2,10,5,0,300,0.5,1700,0.5,1
8,2,4649,2,10,5,0,500,0.6,1000,0.2,1400,0.2,1
8,3,3841,2,10,5,0,666,0.42,420,0.58,1
8,4,3289,0,0,500,0.6,1000,0.2,1400,0.2,1
8,5,5502,1,0,300,0.5,1700,0.5,1
8,6,13529,1,0,666,0.42,420,0.58,1
8,7,13456,2,10,5,0,300,0.5,1700,0.5,1
8,8,4211,2,10,5,0,500,0.6,1000,0.2,1400,0.2,1
8,9,13470,2,10,5,0,666,0.42,420,0.58,1
8,10,4787,0,0,300,0.5,572,0.32,486,0.18,1
8,11,576,0,0,300,0.5,1700,0.5,1
9,0,9760,0,0,666,0.42,420,0.58,1
9,1,693,2,10,5,0,300,0.5,1700,0.5,1
9,2,11873,1,0,666,0.42,420,0.58,1
9,3,10057,2,10,5,0,500,0.6,1000,0.2,1400,0.2,1
9,4,1940,2,10,5,0,666,0.42,420,0.58,1
9,5,2662,0,0,300,0.5,572,0.32,486,0.18,1
9,6,8918,2,10,5,0,300,0.5,572,0.32,486,0.18,1
9,7,12407,1,0,300,0.5,572,0.32,486,0.18,1
9,8,6821,0,0,500,0.6,1000,0.2,1400,0.2,1
9,9,4993,1,0,300,0.5,1700,0.5,1
9,10,4967,0,0,300,0.5,572,0.32,486,0.18,1
9,11,2765,0,0,500,0.6,1000,0.2,1400,0.2,1
10,0,5510,0,0,300,0.5,572,0.32,486,0.18,1
10,1,11095,0,0,500,0.6,1000,0.2,1400,0.2,1
10,2,12571,0,0,500,0.6,1000,0.2,1400,0.2,1
10,3,4645,1,0,300,0.5,572,0.32,486,0.18,1
10,4,13045,2,10,5,0,300,0.5,1700,0.5,1
10,5,2048,1,0,500,0.6,1000,0.2,1400,0.2,1
10,6,6471,0,0,666,0.42,420,0.58,1
10,7,1991,2,10,5,0,666,0.42,420,0.58,1
10,8,1330,0,0,300,0.5,572,0.32,486,0.18,1
10,9,4809,2,10,5,0,300,0.5,572,0.32,486,0.18,1
10,10,4899,2,10,5,0,300,0.5,572,0.32,486,0.18,1
10,11,9413,0,0,300,0.5,572,0.32,486,0.18,1
11,0,13114,1,0,666,0.42,420,0.58,1
11,1,11727,1,0,300,0.5,1700,0.5,1
11,2,14961,2,10,5,0,666,0.42,420,0.58,1
11,3,2395,2,10,5,0,300,0.5,572,0.32,486,0.18,1
11,4,13109,2,10,5,0,300,0.5,572,0.32,486,0.18,1
11,5,10578,2,10,5,0,500,0.6,1000,0.2,1400,0.2,1
11,6,74,2,10,5,0,300,0.5,572,0.32,486,0.18,1
11,7,2486,1,0,300,0.5,1700,0.5,1
11,8,10657,0,0,666,0.42,420,0.58,1
11,9,1904,0,0,300,0.5,1700,0.5,1
11,10,2178,1,0,500,0.6,1000,0.2,1400,0.2,1
11,11,11476,0,0,500,0.6,1000,0.2,1400,0.2,1
