0,0,11647,1,0,666,0.42,420,0.58,1
0,1,13692,2,10,5,0,666,0.42,420,0.58,1
0,2,10664,2,10,5,0,300,0.5,1700,0.5,1
0,3,1324,1,0,300,0.5,1700,0.5,1
0,4,1497,0,0,666,0.42,420,0.58,1
0,5,9248,2,10,5,0,666,0.42,420,0.58,1
0,6,10280,2,10,5,0,300,0.5,1700,0.5,1
0,7,5478,2,10,5,0,666,0.42,420,0.58,1
0,8,5127,2,10,5,0,500,0.6,1000,0.2,1400,0.2,1
0,9,1061,0,0,500,0.6,1000,0.2,1400,0.2,1
0,10,2090,1,0,300,0.5,572,0.32,486,0.18,1
0,11,13140,0,0,500,0.6,1000,0.2,1400,0.2,1
1,0,8524,0,0,666,0.42,420,0.58,1
1,1,12751,2,10,5,0,666,0.42,420,0.58,1
1,2,14380,1,0,666,0.42,420,0.58,0
1,3,836,2,10,5,0,300,0.5,572,0.32,486,0.18,1
1,4,10287,1,0,300,0.5,1700,0.5,1
1,5,2561,2,10,5,0,300,0.5,572,0.32,486,0.18,1
1,6,4841,1,0,300,0.5,1700,0.5,1
1,7,12473,1,0,500,0.6,1000,0.2,1400,0.2,1
1,8,6819,2,10,5,0,300,0.5,572,0.32,486,0.18,1
1,9,12182,2,10,5,0,300,0.5,572,0.32,486,0.18,1
1,10,3198,0,0,500,0.6,1000,0.2,1400,0.2,1
1,11,6645,0,0,300,0.5,572,0.32,486,0.18,1
2,0,3662,0,0,666,0.42,420,0.58,1
2,1,138,2,10,5,0,500,0.6,1000,0.2,1400,0.2,1
2,2,14432,2,10,5,0,666,0.42,420,0.58,1
2,3,7688,0,0,300,0.5,1700,0.5,1
2,4,2733,1,0,300,0.5,572,0.32,486,0.18,1
2,5,1534,1,0,300,0.5,1700,0.5,1
2,6,4443,2,10,5,0,666,0.42,420,0.58,1
2,7,8804,1,0,300,0.5,1700,0.5,1
2,8,6488,2,10,5,0,300,0.5,572,0.32,486,0.18,1
2,9,13008,2,10,5,0,300,0.5,1700,0.5,1
2,10,7681,2,10,5,0,300,0.5,1700,0.5,1
2,11,5888,0,0,300,0.5,1700,0.5,1
3,0,4323,2,10,5,0,300,0.5,1700,0.5,1
3,1,3908,1,0,500,0.6,1000,0.2,1400,0.2,1
3,2,13141,0,0,666,0.42,420,0.58,1
3,3,12494,1,0,666,0.42,420,0.58,1
3,4,7196,0,0,500,0.6,1000,0.2,1400,0.2,1
3,5,738,1,0,666,0.42,420,0.58,1
3,6,11396,2,10,5,0,300,0.5,1700,0.5,1
3,7,5767,1,0,500,0.6,1000,0.2,1400,0.2,1
3,8,6898,0,0,300,0.5,1700,0.5,1
3,9,13637,0,0,300,0.5,1700,0.5,1
3,10,11855,2,10,5,0,300,0.5,572,0.32,486,0.18,1
3,11,9672,2,10,5,0,300,0.5,572,0.32,486,0.18,1
4,0,8499,2,10,5,0,666,0.42,420,0.58,1
4,1,12091,2,10,5,0,666,0.42,420,0.58,1
4,2,725,2,10,5,0,500,0.6,1000,0.2,1400,0.2,1
4,3,12606,0,0,300,0.5,1700,0.5,1
4,4,1607,2,10,5,0,500,0.6,1000,0.2,1400,0.2,1
4,5,6607,1,0,666,0.42,420,0.58,1
4,6,9960,0,0,666,0.42,420,0.58,1
4,7,8436,2,10,5,0,300,0.5,572,0.32,486,0.18,1
4,8,13792,2,10,5,0,666,0.42,420,0.58,1
4,9,14987,1,0,300,0.5,1700,0.5,1
4,10,13125,1,0,500,0.6,1000,0.2,1400,0.2,1
4,11,12425,1,0,666,0.42,420,0.58,1
5,0,14492,0,0,666,0.42,420,0.58,1
5,1,7601,1,0,300,0.5,572,0.32,486,0.18,1
5,2,12154,1,0,300,0.5,1700,0.5,1
5,3,9731,1,0,666,0.42,420,0.58,1
5,4,8023,1,0,666,0.42,420,0.58,1
5,5,14034,2,10,5,0,500,0.6,1000,0.2,1400,0.2,1
5,6,3891,0,0,300,0.5,1700,0.5,1
5,7,4272,1,0,300,0.5,1700,0.5,1
5,8,4526,1,0,300,0.5,1700,0.5,1
5,9,3987,2,10,5,0,500,0.6,1000,0.2,1400,0.2,1
5,10,12437,1,0,666,0.42,420,0.58,1
5,11,11752,2,10,5,0,300,0.5,1700,0.5,1
6,0,12648,1,0,666,0.42,420,0.58,1
6,1,14678,0,0,300,0.5,1700,0.5,1
6,2,14771,1,0,500,0.6,1000,0.2,1400,0.2,1
6,3,236,0,0,500,0.6,1000,0.2,1400,0.2,1
6,4,11419,1,0,666,0.42,420,0.58,1
6,5,2363,0,0,300,0.5,572,0.32,486,0.18,1
6,6,2842,0,0,666,0.42,420,0.58,1
6,7,5835,0,0,300,0.5,1700,0.5,1
6,8,10942,1,0,300,0.5,572,0.32,486,0.18,1
6,9,14770,1,0,666,0.42,420,0.58,1
6,10,4045,1,0,300,0.5,1700,0.5,1
6,11,5317,1,0,300,0.5,1700,0.5,1
7,0,2033,1,0,300,0.5,1700,0.5,1
7,1,14153,0,0,300,0.5,1700,0.5,1
7,2,14721,2,10,5,0,300,0.5,572,0.32,486,0.18,1
7,3,4904,0,0,666,0.42,420,0.58,1
7,4,11304,1,0,666,0.42,420,0.58,1
7,5,6041,1,0,666,0.42,420,0.58,1
7,6,5583,2,10,5,0,666,0.42,420,0.58,1
7,7,7480,2,10,5,0,300,0.5,572,0.32,486,0.18,1
7,8,10458,1,0,300,0.5,572,0.32,486,0.18,1
7,9,10022,0,0,300,0.5,572,0.32,486,0.18,1
7,10,12473,2,10,5,0,300,0.5,572,0.32,486,0.18,1
7,11,8100,2,10,5,0,666,0.42,420,0.58,1
8,0,2424,0,0,500,0.6,1000,0.2,1400,0.2,1
8,1,11144,1,0,300,0.5,1700,0.5,1
8,2,7192,0,0,500,0.6,1000,0.2,1400,0.2,1
8,3,10813,1,0,666,0.42,420,0.58,1
8,4,1006,2,10,5,0,300,0.5,572,0.32,486,0.18,1
8,5,1799,0,0,500,0.6,1000,0.2,1400,0.2,1
8,6,13229,1,0,300,0.5,1700,0.5,1
8,7,11746,0,0,666,0.42,420,0.58,1
8,8,14453,0,0,500,0.6,1000,0.2,1400,0.2,1
8,9,3266,0,0,666,0.42,420,0.58,1
8,10,7857,0,0,500,0.6,1000,0.2,1400,0.2,1
8,11,13192,0,0,300,0.5,1700,0.5,1
9,0,10153,2,10,5,0,300,0.5,572,0.32,486,0.18,1
9,1,13862,2,10,5,0,666,0.42,420,0.58,1
9,2,5602,1,0,300,0.5,1700,0.5,1
9,3,13637,0,0,666,0.42,420,0.58,1
9,4,7108,0,0,300,0.5,572,0.32,486,0.18,1
9,5,4150,0,0,666,0.42,420,0.58,1
9,6,7472,2,10,5,0,300,0.5,1700,0.5,1
9,7,13694,2,10,5,0,300,0.5,1700,0.5,1
9,8,7728,0,0,300,0.5,572,0.32,486,0.18,1
9,9,14108,0,0,300,0.5,1700,0.5,1
9,10,14107,2,10,5,0,300,0.5,572,0.32,486,0.18,1
9,11,4249,2,10,5,0,500,0.6,1000,0.2,1400,0.2,1
10,0,3726,1,0,666,0.42,420,0.58,1
10,1,12326,0,0,500,0.6,1000,0.2,1400,0.2,1
10,2,13432,2,10,5,0,300,0.5,1700,0.5,1
10,3,11346,2,10,5,0,300,0.5,572,0.32,486,0.18,1
10,4,12638,2,10,5,0,500,0.6,1000,0.2,1400,0.2,1
10,5,14126,1,0,300,0.5,572,0.32,486,0.18,1
10,6,14488,0,0,500,0.6,1000,0.2,1400,0.2,1
10,7,13957,1,0,300,0.5,572,0.32,486,0.18,1
10,8,5999,2,10,5,0,666,0.42,420,0.58,1
10,9,10944,1,0,300,0.5,572,0.32,486,0.18,1
10,10,10257,2,10,5,0,300,0.5,572,0.32,486,0.18,1
10,11,6049,0,0,500,0.6,1000,0.2,1400,0.2,1
11,0,5028,2,10,5,0,500,0.6,1000,0.2,1400,0.2,1
11,1,1171,2,10,5,0,666,0.42,420,0.58,1
11,2,10979,2,10,5,0,500,0.6,1000,0.2,1400,0.2,1
11,3,14042,1,0,300,0.5,1700,0.5,1
11,4,1207,2,10,5,0,300,0.5,572,0.32,486,0.18,1
11,5,784,2,10,5,0,666,0.42,420,0.58,1
11,6,4929,2,10,5,0,500,0.6,1000,0.2,1400,0.2,1
11,7,6227,0,0,666,0.42,420,0.58,1
11,8,11615,1,0,666,0.42,420,0.58,1
11,9,3646,1,0,300,0.5,572,0.32,486,0.18,1
11,10,9496,2,10,5,0,300,0.5,1700,0.5,1
11,11,14048,2,10,5,0,300,0.5,1700,0.5,1
