0,0,6106,1,0,666,0.42,420,0.58,1
0,1,11316,1,0,666,0.42,420,0.58,1
0,2,9999,0,0,300,0.5,572,0.32,486,0.18,1
0,3,6245,0,0,300,0.5,1700,0.5,1
0,4,12518,1,0,300,0.5,572,0.32,486,0.18,1
0,5,13969,0,0,666,0.42,420,0.58,1
0,6,2280,0,0,666,0.42,420,0.58,1
0,7,11913,0,0,500,0.6,1000,0.2,1400,0.2,1
0,8,5870,0,0,300,0.5,572,0.32,486,0.18,1
0,9,9671,0,0,666,0.42,420,0.58,1
0,10,11470,1,0,300,0.5,572,0.32,486,0.18,1
0,11,14218,1,0,300,0.5,1700,0.5,1
1,0,7490,0,0,500,0.6,1000,0.2,1400,0.2,1
1,1,2123,2,10,5,0,300,0.5,572,0.32,486,0.18,1
1,2,13312,2,10,5,0,500,0.6,1000,0.2,1400,0.2,0
1,3,14752,1,0,300,0.5,572,0.32,486,0.18,1
1,4,5213,1,0,500,0.6,1000,0.2,1400,0.2,1
1,5,5003,2,10,5,0,300,0.5,1700,0.5,1
1,6,9248,0,0,666,0.42,420,0.58,1
1,7,13831,2,10,5,0,300,0.5,572,0.32,486,0.18,1
1,8,1812,0,0,666,0.42,420,0.58,1
1,9,8119,2,10,5,0,300,0.5,1700,0.5,1
1,10,12833,0,0,300,0.5,572,0.32,486,0.18,1
1,11,4697,2,10,5,0,300,0.5,1700,0.5,1
2,0,339,0,0,300,0.5,1700,0.5,1
2,1,10225,0,0,300,0.5,572,0.32,486,0.18,1
2,2,13997,2,10,5,0,300,0.5,572,0.32,486,0.18,1
2,3,5558,1,0,300,0.5,1700,0.5,1
2,4,7539,0,0,500,0.6,1000,0.2,1400,0.2,1
2,5,1917,0,0,666,0.42,420,0.58,1
2,6,14384,1,0,666,0.42,420,0.58,1
2,7,5940,0,0,666,0.42,420,0.58,1
2,8,13216,1,0,300,0.5,572,0.32,486,0.18,1
2,9,9866,1,0,300,0.5,1700,0.5,1
2,10,7569,2,10,5,0,300,0.5,1700,0.5,1
2,11,11569,2,10,5,0,300,0.5,1700,0.5,1
3,0,2684,0,0,300,0.5,1700,0.5,1
3,1,5161,1,0,500,0.6,1000,0.2,1400,0.2,1
3,2,4404,0,0,500,0.6,1000,0.2,1400,0.2,1
3,3,12864,2,10,5,0,300,0.5,1700,0.5,1
3,4,9515,0,0,500,0.6,1000,0.2,1400,0.2,1
3,5,11563,1,0,500,0.6,1000,0.2,1400,0.2,1
3,6,2388,1,0,300,0.5,572,0.32,486,0.18,1
3,7,6918,0,0,500,0.6,1000,0.2,1400,0.2,1
3,8,9876,0,0,500,0.6,1000,0.2,1400,0.2,1
3,9,6070,0,0,666,0.42,420,0.58,1
3,10,7165,0,0,500,0.6,1000,0.2,1400,0.2,1
3,11,7639,2,10,5,0,300,0.5,572,0.32,486,0.18,1
4,0,3580,0,0,300,0.5,1700,0.5,1
4,1,7937,1,0,300,0.5,1700,0.5,1
4,2,3801,2,10,5,0,666,0.42,420,0.58,1
4,3,4536,2,10,5,0,300,0.5,572,0.32,486,0.18,1
4,4,12867,0,0,666,0.42,420,0.58,1
4,5,10066,0,0,666,0.42,420,0.58,1
4,6,10849,0,0,666,0.42,420,0.58,1
4,7,1887,1,0,666,0.42,420,0.58,1
4,8,4533,1,0,666,0.42,420,0.58,1
4,9,5318,2,10,5,0,500,0.6,1000,0.2,1400,0.2,1
4,10,14506,0,0,666,0.42,420,0.58,1
4,11,7470,2,10,5,0,300,0.5,1700,0.5,1
5,0,9741,1,0,500,0.6,1000,0.2,1400,0.2,1
5,1,2908,0,0,666,0.42,420,0.58,1
5,2,1001,2,10,5,0,500,0.6,1000,0.2,1400,0.2,1
5,3,1307,2,10,5,0,300,0.5,572,0.32,486,0.18,1
5,4,12491,2,10,5,0,300,0.5,1700,0.5,1
5,5,8618,1,0,666,0.42,420,0.58,1
5,6,5100,1,0,500,0.6,1000,0.2,1400,0.2,1
5,7,12814,2,10,5,0,300,0.5,572,0.32,486,0.18,1
5,8,11925,2,10,5,0,666,0.42,420,0.58,1
5,9,7046,2,10,5,0,300,0.5,1700,0.5,1
5,10,8449,2,10,5,0,300,0.5,1700,0.5,1
5,11,12199,1,0,300,0.5,1700,0.5,1
6,0,14125,1,0,300,0.5,1700,0.5,1
6,1,674,1,0,666,0.42,420,0.58,1
6,2,12777,0,0,300,0.5,572,0.32,486,0.18,1
6,3,1024,1,0,300,0.5,1700,0.5,1
6,4,13171,0,0,666,0.42,420,0.58,1
6,5,11152,1,0,300,0.5,1700,0.5,1
6,6,8415,1,0,300,0.5,572,0.32,486,0.18,1
6,7,8109,1,0,666,0.42,420,0.58,1
6,8,13978,2,10,5,0,666,0.42,420,0.58,1
6,9,10697,1,0,300,0.5,1700,0.5,1
6,10,13017,2,10,5,0,500,0.6,1000,0.2,1400,0.2,1
6,11,3770,0,0,300,0.5,1700,0.5,1
7,0,6761,1,0,300,0.5,572,0.32,486,0.18,1
7,1,3735,1,0,666,0.42,420,0.58,1
7,2,8638,2,10,5,0,500,0.6,1000,0.2,1400,0.2,1
7,3,6061,0,0,300,0.5,1700,0.5,1
7,4,7945,2,10,5,0,500,0.6,1000,0.2,1400,0.2,1
7,5,13252,0,0,666,0.42,420,0.58,1
7,6,4180,1,0,500,0.6,1000,0.2,1400,0.2,1
7,7,8788,1,0,500,0.6,1000,0.2,1400,0.2,1
7,8,11691,1,0,300,0.5,572,0.32,486,0.18,1
7,9,7462,1,0,300,0.5,572,0.32,486,0.18,1
7,10,9757,1,0,500,0.6,1000,0.2,1400,0.2,1
7,11,9249,0,0,300,0.5,1700,0.5,1
8,0,7940,2,10,5,0,300,0.5,572,0.32,486,0.18,1
8,1,8290,0,0,666,0.42,420,0.58,1
8,2,4979,1,0,666,0.42,420,0.58,1
8,3,5739,2,10,5,0,666,0.42,420,0.58,1
8,4,14379,1,0,500,0.6,1000,0.2,1400,0.2,1
8,5,17,1,0,300,0.5,572,0.32,486,0.18,1
8,6,4371,1,0,500,0.6,1000,0.2,1400,0.2,1
8,7,2874,0,0,500,0.6,1000,0.2,1400,0.2,1
8,8,9881,1,0,300,0.5,572,0.32,486,0.18,1
8,9,7766,0,0,500,0.6,1000,0.2,1400,0.2,1
8,10,8131,0,0,500,0.6,1000,0.2,1400,0.2,1
8,11,2694,1,0,500,0.6,1000,0.2,1400,0.2,1
9,0,8694,2,10,5,0,300,0.5,572,0.32,486,0.18,1
9,1,4046,0,0,300,0.5,572,0.32,486,0.18,1
9,2,3025,1,0,500,0.6,1000,0.2,1400,0.2,1
9,3,8504,2,10,5,0,300,0.5,1700,0.5,1
9,4,10454,2,10,5,0,300,0.5,1700,0.5,1
9,5,6530,2,10,5,0,500,0.6,1000,0.2,1400,0.2,1
9,6,2595,0,0,300,0.5,1700,0.5,1
9,7,12804,2,10,5,0,500,0.6,1000,0.2,1400,0.2,1
9,8,2656,2,10,5,0,500,0.6,1000,0.2,1400,0.2,1
9,9,12024,0,0,300,0.5,572,0.32,486,0.18,1
9,10,11729,0,0,300,0.5,1700,0.5,1
9,11,10393,1,0,666,0.42,420,0.58,1
10,0,7115,2,10,5,0,300,0.5,572,0.32,486,0.18,1
10,1,8078,1,0,500,0.6,1000,0.2,1400,0.2,1
10,2,4534,0,0,500,0.6,1000,0.2,1400,0.2,1
10,3,10914,2,10,5,0,500,0.6,1000,0.2,1400,0.2,1
10,4,2526,0,0,500,0.6,1000,0.2,1400,0.2,1
10,5,2646,2,10,5,0,300,0.5,1700,0.5,1
10,6,2333,0,0,666,0.42,420,0.58,1
10,7,8111,1,0,300,0.5,1700,0.5,1
10,8,10687,0,0,300,0.5,572,0.32,486,0.18,1
10,9,6195,0,0,500,0.6,1000,0.2,1400,0.2,1
10,10,4979,0,0,500,0.6,1000,0.2,1400,0.2,1
10,11,10032,0,0,666,0.42,420,0.58,1
11,0,3188,0,0,300,0.5,1700,0.5,1
11,1,9770,1,0,500,0.6,1000,0.2,1400,0.2,1
11,2,8069,2,10,5,0,300,0.5,572,0.32,486,0.18,1
11,3,5596,0,0,666,0.42,420,0.58,1
11,4,1633,2,10,5,0,300,0.5,572,0.32,486,0.18,1
11,5,364,1,0,300,0.5,1700,0.5,1
11,6,3300,1,0,300,0.5,1700,0.5,1
11,7,6102,1,0,666,0.42,420,0.58,1
11,8,6624,0,0,666,0.42,420,0.58,1
11,9,8565,2,10,5,0,300,0.5,1700,0.5,1
11,10,7555,0,0,666,0.42,420,0.58,1
11,11,14443,2,10,5,0,300,0.5,1700,0.5,1
