0,0,14848,1,0,500,0.6,1000,0.2,1400,0.2,1
0,1,5584,2,10,5,0,300,0.5,1700,0.5,1
0,2,10917,0,0,500,0.6,1000,0.2,1400,0.2,1
0,3,1412,2,10,5,0,500,0.6,1000,0.2,1400,0.2,1
0,4,6766,2,10,5,0,300,0.5,1700,0.5,1
0,5,5840,1,0,500,0.6,1000,0.2,1400,0.2,1
0,6,2753,2,10,5,0,500,0.6,1000,0.2,1400,0.2,1
0,7,11702,0,0,500,0.6,1000,0.2,1400,0.2,1
0,8,5969,1,0,666,0.42,420,0.58,1
0,9,8931,2,10,5,0,300,0.5,1700,0.5,1
0,10,14117,2,10,5,0,666,0.42,420,0.58,1
0,11,11062,1,0,300,0.5,1700,0.5,1
1,0,7973,2,10,5,0,300,0.5,1700,0.5,1
1,1,9915,2,10,5,0,300,0.5,1700,0.5,1
1,2,4129,0,0,666,0.42,420,0.58,0
1,3,2466,1,0,300,0.5,572,0.32,486,0.18,1
1,4,4629,0,0,666,0.42,420,0.58,1
1,5,11199,1,0,300,0.5,572,0.32,486,0.18,1
1,6,2396,1,0,500,0.6,1000,0.2,1400,0.2,1
1,7,11081,1,0,300,0.5,1700,0.5,1
1,8,13498,1,0,666,0.42,420,0.58,1
1,9,6762,0,0,300,0.5,1700,0.5,1
1,10,12820,2,10,5,0,300,0.5,572,0.32,486,0.18,1
1,11,11892,0,0,666,0.42,420,0.58,1
2,0,6988,1,0,666,0.42,420,0.58,1
2,1,7265,1,0,666,0.42,420,0.58,1
2,2,8232,2,10,5,0,300,0.5,572,0.32,486,0.18,1
2,3,6746,2,10,5,0,300,0.5,572,0.32,486,0.18,1
2,4,14005,0,0,300,0.5,1700,0.5,1
2,5,2211,0,0,300,0.5,572,0.32,486,0.18,1
2,6,3310,1,0,300,0.5,572,0.32,486,0.18,1
2,7,6910,0,0,300,0.5,572,0.32,486,0.18,1
2,8,6154,1,0,300,0.5,572,0.32,486,0.18,1
2,9,648,0,0,300,0.5,572,0.32,486,0.18,1
2,10,3479,0,0,300,0.5,572,0.32,486,0.18,1
2,11,14865,1,0,666,0.42,420,0.58,1
3,0,12437,1,0,300,0.5,1700,0.5,1
3,1,2542,2,10,5,0,300,0.5,572,0.32,486,0.18,1
3,2,12640,1,0,300,0.5,572,0.32,486,0.18,1
3,3,6797,1,0,500,0.6,1000,0.2,1400,0.2,1
3,4,10386,2,10,5,0,300,0.5,1700,0.5,1
3,5,2173,2,10,5,0,300,0.5,1700,0.5,1
3,6,4689,1,0,666,0.42,420,0.58,1
3,7,4881,1,0,300,0.5,572,0.32,486,0.18,1
3,8,3931,2,10,5,0,500,0.6,1000,0.2,1400,0.2,1
3,9,9675,1,0,500,0.6,1000,0.2,1400,0.2,1
3,10,11287,2,10,5,0,666,0.42,420,0.58,1
3,11,10072,2,10,5,0,666,0.42,420,0.58,1
4,0,12611,0,0,300,0.5,572,0.32,486,0.18,1
4,1,9158,0,0,300,0.5,1700,0.5,1
4,2,14402,0,0,300,0.5,1700,0.5,1
4,3,3610,0,0,666,0.42,420,0.58,1
4,4,11640,1,0,500,0.6,1000,0.2,1400,0.2,1
4,5,4486,2,10,5,0,300,0.5,1700,0.5,1
4,6,12580,2,10,5,0,300,0.5,1700,0.5,1
4,7,4362,2,10,5,0,500,0.6,1000,0.2,1400,0.2,1
4,8,14434,2,10,5,0,300,0.5,1700,0.5,1
4,9,178,1,0,300,0.5,1700,0.5,1
4,10,3372,2,10,5,0,300,0.5,1700,0.5,1
4,11,3549,0,0,666,0.42,420,0.58,1
5,0,14298,2,10,5,0,666,0.42,420,0.58,1
5,1,11917,0,0,666,0.42,420,0.58,1
5,2,3173,0,0,300,0.5,572,0.32,486,0.18,1
5,3,12636,2,10,5,0,500,0.6,1000,0.2,1400,0.2,1
5,4,503,0,0,500,0.6,1000,0.2,1400,0.2,1
5,5,10153,0,0,300,0.5,1700,0.5,1
5,6,2014,1,0,300,0.5,1700,0.5,1
5,7,9839,1,0,500,0.6,1000,0.2,1400,0.2,1
5,8,13281,0,0,500,0.6,1000,0.2,1400,0.2,1
5,9,3406,0,0,500,0.6,1000,0.2,1400,0.2,1
5,10,3140,0,0,666,0.42,420,0.58,1
5,11,638,0,0,500,0.6,1000,0.2,1400,0.2,1
6,0,13336,0,0,300,0.5,1700,0.5,1
6,1,13500,1,0,300,0.5,1700,0.5,1
6,2,1019,1,0,300,0.5,1700,0.5,1
6,3,10294,2,10,5,0,666,0.42,420,0.58,1
6,4,12279,1,0,300,0.5,1700,0.5,1
6,5,3773,0,0,300,0.5,1700,0.5,1
6,6,14,2,10,5,0,666,0.42,420,0.58,1
6,7,11789,1,0,500,0.6,1000,0.2,1400,0.2,1
6,8,1323,1,0,666,0.42,420,0.58,1
6,9,9602,1,0,500,0.6,1000,0.2,1400,0.2,1
6,10,9454,1,0,300,0.5,572,0.32,486,0.18,1
6,11,1193,1,0,666,0.42,420,0.58,1
7,0,3646,2,10,5,0,666,0.42,420,0.58,1
7,1,3492,1,0,666,0.42,420,0.58,1
7,2,1691,1,0,300,0.5,572,0.32,486,0.18,1
7,3,7493,2,10,5,0,300,0.5,1700,0.5,1
7,4,2721,0,0,666,0.42,420,0.58,1
7,5,14614,2,10,5,0,300,0.5,1700,0.5,1
7,6,11144,0,0,666,0.42,420,0.58,1
7,7,7321,0,0,300,0.5,1700,0.5,1
7,8,11982,1,0,500,0.6,1000,0.2,1400,0.2,1
7,9,14185,1,0,500,0.6,1000,0.2,1400,0.2,1
7,10,9570,1,0,300,0.5,572,0.32,486,0.18,1
7,11,12449,0,0,300,0.5,572,0.32,486,0.18,1
8,0,13670,1,0,300,0.5,1700,0.5,1
8,1,13806,2,10,5,0,300,0.5,572,0.32,486,0.18,1
8,2,11585,2,10,5,0,300,0.5,572,0.32,486,0.18,1
8,3,12853,2,10,5,0,666,0.42,420,0.58,1
8,4,547,2,10,5,0,300,0.5,572,0.32,486,0.18,1
8,5,10977,1,0,666,0.42,420,0.58,1
8,6,5190,2,10,5,0,666,0.42,420,0.58,1
8,7,5365,1,0,300,0.5,572,0.32,486,0.18,1
8,8,10399,0,0,666,0.42,420,0.58,1
8,9,608,1,0,300,0.5,1700,0.5,1
8,10,13163,1,0,300,0.5,572,0.32,486,0.18,1
8,11,8798,0,0,500,0.6,1000,0.2,1400,0.2,1
9,0,13957,1,0,666,0.42,420,0.58,1
9,1,13608,1,0,666,0.42,420,0.58,1
9,2,9571,1,0,300,0.5,1700,0.5,1
9,3,14714,1,0,300,0.5,1700,0.5,1
9,4,2253,0,0,300,0.5,572,0.32,486,0.18,1
9,5,6871,0,0,500,0.6,1000,0.2,1400,0.2,1
9,6,8885,2,10,5,0,500,0.6,1000,0.2,1400,0.2,1
9,7,3119,1,0,500,0.6,1000,0.2,1400,0.2,1
9,8,10215,0,0,300,0.5,1700,0.5,1
9,9,2771,0,0,500,0.6,1000,0.2,1400,0.2,1
9,10,888,0,0,300,0.5,1700,0.5,1
9,11,3486,0,0,666,0.42,420,0.58,1
10,0,8448,0,0,666,0.42,420,0.58,1
10,1,7610,2,10,5,0,300,0.5,1700,0.5,1
10,2,14717,2,10,5,0,300,0.5,1700,0.5,1
10,3,13390,2,10,5,0,300,0.5,1700,0.5,1
10,4,667,2,10,5,0,300,0.5,1700,0.5,1
10,5,6385,2,10,5,0,300,0.5,1700,0.5,1
10,6,927,2,10,5,0,666,0.42,420,0.58,1
10,7,1512,2,10,5,0,666,0.42,420,0.58,1
10,8,2304,0,0,300,0.5,1700,0.5,1
10,9,5165,1,0,300,0.5,572,0.32,486,0.18,1
10,10,10479,0,0,500,0.6,1000,0.2,1400,0.2,1
10,11,8208,2,10,5,0,300,0.5,572,0.32,486,0.18,1
11,0,14370,0,0,500,0.6,1000,0.2,1400,0.2,1
11,1,10266,1,0,500,0.6,1000,0.2,1400,0.2,1
11,2,4686,2,10,5,0,666,0.42,420,0.58,1
11,3,8319,1,0,666,0.42,420,0.58,1
11,4,690,2,10,5,0,300,0.5,572,0.32,486,0.18,1
11,5,7220,2,10,5,0,500,0.6,1000,0.2,1400,0.2,1
11,6,2351,0,0,666,0.42,420,0.58,1
11,7,2661,0,0,300,0.5,572,0.32,486,0.18,1
11,8,13124,1,0,300,0.5,1700,0.5,1
11,9,4679,1,0,500,0.6,1000,0.2,1400,0.2,1
11,10,13969,1,0,500,0.6,1000,0.2,1400,0.2,1
11,11,1506,0,0,500,0.6,1000,0.2,1400,0.2,1
