0,0,10705,1,0,500,0.6,1000,0.2,1400,0.2,1
0,1,8442,0,0,500,0.6,1000,0.2,1400,0.2,1
0,2,6542,1,0,666,0.42,420,0.58,1
0,3,10331,0,0,666,0.42,420,0.58,1
0,4,5398,2,10,5,0,500,0.6,1000,0.2,1400,0.2,1
0,5,6950,2,10,5,0,500,0.6,1000,0.2,1400,0.2,1
0,6,8796,2,10,5,0,300,0.5,572,0.32,486,0.18,1
0,7,6957,1,0,300,0.5,572,0.32,486,0.18,1
0,8,13051,1,0,500,0.6,1000,0.2,1400,0.2,1
0,9,3724,2,10,5,0,300,0.5,572,0.32,486,0.18,1
0,10,7946,2,10,5,0,300,0.5,572,0.32,486,0.18,1
0,11,3385,1,0,500,0.6,1000,0.2,1400,0.2,1
1,0,5455,1,0,300,0.5,572,0.32,486,0.18,1
1,1,14723,0,0,500,0.6,1000,0.2,1400,0.2,1
1,2,515,1,0,500,0.6,1000,0.2,1400,0.2,0
1,3,5639,2,10,5,0,500,0.6,1000,0.2,1400,0.2,1
1,4,5784,0,0,300,0.5,572,0.32,486,0.18,1
1,5,14100,0,0,300,0.5,572,0.32,486,0.18,1
1,6,3868,1,0,500,0.6,1000,0.2,1400,0.2,1
1,7,315,0,0,300,0.5,572,0.32,486,0.18,1
1,8,6828,1,0,666,0.42,420,0.58,1
1,9,10461,2,10,5,0,666,0.42,420,0.58,1
1,10,4562,2,10,5,0,666,0.42,420,0.58,1
1,11,13651,0,0,300,0.5,572,0.32,486,0.18,1
2,0,13973,1,0,300,0.5,1700,0.5,1
2,1,63,1,0,300,0.5,1700,0.5,1
2,2,6767,0,0,666,0.42,420,0.58,1
2,3,13461,0,0,666,0.42,420,0.58,1
2,4,3067,1,0,500,0.6,1000,0.2,1400,0.2,1
2,5,8224,0,0,300,0.5,572,0.32,486,0.18,1
2,6,12875,1,0,300,0.5,1700,0.5,1
2,7,252,0,0,300,0.5,572,0.32,486,0.18,1
2,8,10424,0,0,300,0.5,572,0.32,486,0.18,1
2,9,2441,2,10,5,0,300,0.5,1700,0.5,1
2,10,13912,1,0,300,0.5,1700,0.5,1
2,11,81,2,10,5,0,300,0.5,1700,0.5,1
3,0,142,1,0,500,0.6,1000,0.2,1400,0.2,1
3,1,7847,0,0,500,0.6,1000,0.2,1400,0.2,1
3,2,2325,2,10,5,0,666,0.42,420,0.58,1
3,3,6798,2,10,5,0,500,0.6,1000,0.2,1400,0.2,1
3,4,11777,0,0,300,0.5,1700,0.5,1
3,5,14528,2,10,5,0,500,0.6,1000,0.2,1400,0.2,1
3,6,4780,1,0,300,0.5,1700,0.5,1
3,7,5423,2,10,5,0,300,0.5,1700,0.5,1
3,8,1734,2,10,5,0,500,0.6,1000,0.2,1400,0.2,1
3,9,10648,0,0,300,0.5,572,0.32,486,0.18,1
3,10,543,2,10,5,0,666,0.42,420,0.58,1
3,11,10187,2,10,5,0,300,0.5,1700,0.5,1
4,0,6108,2,10,5,0,500,0.6,1000,0.2,1400,0.2,1
4,1,2675,0,0,500,0.6,1000,0.2,1400,0.2,1
4,2,9905,2,10,5,0,500,0.6,1000,0.2,1400,0.2,1
4,3,2958,2,10,5,0,500,0.6,1000,0.2,1400,0.2,1
4,4,14559,0,0,666,0.42,420,0.58,1
4,5,5654,0,0,500,0.6,1000,0.2,1400,0.2,1
4,6,6575,0,0,666,0.42,420,0.58,1
4,7,5031,0,0,666,0.42,420,0.58,1
4,8,11152,0,0,300,0.5,1700,0.5,1
4,9,9077,2,10,5,0,500,0.6,1000,0.2,1400,0.2,1
4,10,1763,2,10,5,0,666,0.42,420,0.58,1
4,11,2342,0,0,300,0.5,572,0.32,486,0.18,1
5,0,441,0,0,300,0.5,572,0.32,486,0.18,1
5,1,6307,1,0,300,0.5,572,0.32,486,0.18,1
5,2,9579,1,0,300,0.5,572,0.32,486,0.18,1
5,3,1515,2,10,5,0,300,0.5,1700,0.5,1
5,4,5834,2,10,5,0,666,0.42,420,0.58,1
5,5,14668,2,10,5,0,666,0.42,420,0.58,1
5,6,2704,0,0,300,0.5,1700,0.5,1
5,7,2228,0,0,300,0.5,572,0.32,486,0.18,1
5,8,8047,0,0,500,0.6,1000,0.2,1400,0.2,1
5,9,852,0,0,300,0.5,572,0.32,486,0.18,1
5,10,10790,2,10,5,0,666,0.42,420,0.58,1
5,11,7370,2,10,5,0,300,0.5,572,0.32,486,0.18,1
6,0,7981,1,0,300,0.5,572,0.32,486,0.18,1
6,1,11247,1,0,300,0.5,572,0.32,486,0.18,1
6,2,14159,2,10,5,0,300,0.5,572,0.32,486,0.18,1
6,3,10098,1,0,666,0.42,420,0.58,1
6,4,1345,2,10,5,0,300,0.5,1700,0.5,1
6,5,511,0,0,300,0.5,1700,0.5,1
6,6,4602,2,10,5,0,666,0.42,420,0.58,1
6,7,4289,0,0,500,0.6,1000,0.2,1400,0.2,1
6,8,3636,0,0,300,0.5,1700,0.5,1
6,9,7199,2,10,5,0,666,0.42,420,0.58,1
6,10,12424,2,10,5,0,300,0.5,1700,0.5,1
6,11,1762,1,0,666,0.42,420,0.58,1
7,0,6523,1,0,500,0.6,1000,0.2,1400,0.2,1
7,1,7573,2,10,5,0,500,0.6,1000,0.2,1400,0.2,1
7,2,4157,0,0,300,0.5,572,0.32,486,0.18,1
7,3,1321,1,0,300,0.5,572,0.32,486,0.18,1
7,4,10097,2,10,5,0,300,0.5,572,0.32,486,0.18,1
7,5,14010,2,10,5,0,300,0.5,572,0.32,486,0.18,1
7,6,3973,0,0,300,0.5,572,0.32,486,0.18,1
7,7,1372,1,0,666,0.42,420,0.58,1
7,8,2207,2,10,5,0,300,0.5,572,0.32,486,0.18,1
7,9,3086,2,10,5,0,300,0.5,572,0.32,486,0.18,1
7,10,4502,1,0,300,0.5,1700,0.5,1
7,11,13100,0,0,500,0.6,1000,0.2,1400,0.2,1
8,0,10199,2,10,5,0,666,0.42,420,0.58,1
8,1,14971,2,10,5,0,666,0.42,420,0.58,1
8,2,7547,2,10,5,0,666,0.42,420,0.58,1
8,3,12262,1,0,300,0.5,1700,0.5,1
8,4,8858,0,0,300,0.5,572,0.32,486,0.18,1
8,5,8375,2,10,5,0,300,0.5,572,0.32,486,0.18,1
8,6,4605,2,10,5,0,500,0.6,1000,0.2,1400,0.2,1
8,7,3568,2,10,5,0,300,0.5,1700,0.5,1
8,8,2043,0,0,666,0.42,420,0.58,1
8,9,12477,2,10,5,0,666,0.42,420,0.58,1
8,10,14808,0,0,500,0.6,1000,0.2,1400,0.2,1
8,11,3457,2,10,5,0,300,0.5,1700,0.5,1
9,0,5375,1,0,666,0.42,420,0.58,1
9,1,3110,0,0,666,0.42,420,0.58,1
9,2,8288,1,0,300,0.5,1700,0.5,1
9,3,2365,0,0,300,0.5,572,0.32,486,0.18,1
9,4,1018,0,0,666,0.42,420,0.58,1
9,5,6578,0,0,300,0.5,572,0.32,486,0.18,1
9,6,4105,0,0,500,0.6,1000,0.2,1400,0.2,1
9,7,9619,0,0,300,0.5,1700,0.5,1
9,8,7308,2,10,5,0,500,0.6,1000,0.2,1400,0.2,1
9,9,13291,2,10,5,0,300,0.5,1700,0.5,1
9,10,4287,0,0,300,0.5,572,0.32,486,0.18,1
9,11,4675,0,0,300,0.5,1700,0.5,1
10,0,12261,0,0,300,0.5,572,0.32,486,0.18,1
10,1,1657,0,0,666,0.42,420,0.58,1
10,2,3339,0,0,300,0.5,1700,0.5,1
10,3,12644,2,10,5,0,500,0.6,1000,0.2,1400,0.2,1
10,4,12441,0,0,500,0.6,1000,0.2,1400,0.2,1
10,5,285,2,10,5,0,500,0.6,1000,0.2,1400,0.2,1
10,6,7079,1,0,300,0.5,572,0.32,486,0.18,1
10,7,12918,2,10,5,0,300,0.5,1700,0.5,1
10,8,3812,1,0,666,0.42,420,0.58,1
10,9,9251,0,0,300,0.5,1700,0.5,1
10,10,9074,0,0,500,0.6,1000,0.2,1400,0.2,1
10,11,9263,1,0,300,0.5,1700,0.5,1
11,0,9908,2,10,5,0,300,0.5,1700,0.5,1
11,1,4797,0,0,300,0.5,572,0.32,486,0.18,1
11,2,574,1,0,300,0.5,572,0.32,486,0.18,1
11,3,10534,0,0,300,0.5,572,0.32,486,0.18,1
11,4,9954,2,10,5,0,666,0.42,420,0.58,1
11,5,8687,2,10,5,0,500,0.6,1000,0.2,1400,0.2,1
11,6,824,0,0,300,0.5,572,0.32,486,0.18,1
11,7,5966,2,10,5,0,500,0.6,1000,0.2,1400,0.2,1
11,8,8530,1,0,500,0.6,1000,0.2,1400,0.2,1
11,9,12853,0,0,300,0.5,1700,0.5,1
11,10,431,2,10,5,0,500,0.6,1000,0.2,1400,0.2,1
11,11,4044,2,10,5,0,300,0.5,1700,0.5,1
