0,0,12907,0,0,300,0.5,1700,0.5,1
0,1,1527,0,0,300,0.5,1700,0.5,1
0,2,13268,0,0,500,0.6,1000,0.2,1400,0.2,1
0,3,12233,1,0,300,0.5,1700,0.5,1
0,4,28,1,0,666,0.42,420,0.58,1
0,5,14972,0,0,300,0.5,572,0.32,486,0.18,1
0,6,2445,0,0,300,0.5,1700,0.5,1
0,7,1324,1,0,300,0.5,1700,0.5,1
0,8,4718,0,0,500,0.6,1000,0.2,1400,0.2,1
0,9,11388,1,0,666,0.42,420,0.58,1
0,10,12963,0,0,300,0.5,572,0.32,486,0.18,1
0,11,12941,0,0,300,0.5,572,0.32,486,0.18,1
1,0,10303,1,0,300,0.5,1700,0.5,1
1,1,7151,0,0,300,0.5,1700,0.5,1
1,2,1182,2,10,5,0,300,0.5,572,0.32,486,0.18,0
1,3,12013,1,0,300,0.5,572,0.32,486,0.18,1
1,4,12071,2,10,5,0,500,0.6,1000,0.2,1400,0.2,1
1,5,11289,0,0,300,0.5,572,0.32,486,0.18,1
1,6,13964,2,10,5,0,300,0.5,572,0.32,486,0.18,1
1,7,9573,1,0,500,0.6,1000,0.2,1400,0.2,1
1,8,4061,0,0,500,0.6,1000,0.2,1400,0.2,1
1,9,4869,1,0,300,0.5,572,0.32,486,0.18,1
1,10,2598,2,10,5,0,300,0.5,1700,0.5,1
1,11,5493,1,0,666,0.42,420,0.58,1
2,0,9561,0,0,300,0.5,572,0.32,486,0.18,1
2,1,10306,0,0,666,0.42,420,0.58,1
2,2,8732,0,0,666,0.42,420,0.58,1
2,3,7492,1,0,300,0.5,572,0.32,486,0.18,1
2,4,8587,2,10,5,0,500,0.6,1000,0.2,1400,0.2,1
2,5,2584,2,10,5,0,500,0.6,1000,0.2,1400,0.2,1
2,6,8613,1,0,300,0.5,572,0.32,486,0.18,1
2,7,322,1,0,300,0.5,572,0.32,486,0.18,1
2,8,8051,1,0,300,0.5,572,0.32,486,0.18,1
2,9,1443,0,0,300,0.5,1700,0.5,1
2,10,14345,1,0,666,0.42,420,0.58,1
2,11,877,0,0,500,0.6,1000,0.2,1400,0.2,1
3,0,13013,1,0,300,0.5,572,0.32,486,0.18,1
3,1,11093,1,0,300,0.5,1700,0.5,1
3,2,13432,0,0,300,0.5,1700,0.5,1
3,3,5042,1,0,300,0.5,1700,0.5,1
3,4,706,1,0,500,0.6,1000,0.2,1400,0.2,1
3,5,8774,1,0,300,0.5,572,0.32,486,0.18,1
3,6,10843,2,10,5,0,300,0.5,572,0.32,486,0.18,1
3,7,14804,2,10,5,0,666,0.42,420,0.58,1
3,8,1953,0,0,666,0.42,420,0.58,1
3,9,2071,1,0,300,0.5,572,0.32,486,0.18,1
3,10,11866,1,0,500,0.6,1000,0.2,1400,0.2,1
3,11,9928,1,0,666,0.42,420,0.58,1
4,0,1990,1,0,666,0.42,420,0.58,1
4,1,14888,0,0,500,0.6,1000,0.2,1400,0.2,1
4,2,12204,2,10,5,0,666,0.42,420,0.58,1
4,3,6298,2,10,5,0,300,0.5,572,0.32,486,0.18,1
4,4,10746,0,0,500,0.6,1000,0.2,1400,0.2,1
4,5,12795,2,10,5,0,300,0.5,572,0.32,486,0.18,1
4,6,13538,2,10,5,0,300,0.5,572,0.32,486,0.18,1
4,7,4743,0,0,500,0.6,1000,0.2,1400,0.2,1
4,8,1642,2,10,5,0,666,0.42,420,0.58,1
4,9,14446,1,0,300,0.5,572,0.32,486,0.18,1
4,10,273,2,10,5,0,666,0.42,420,0.58,1
4,11,4581,0,0,300,0.5,572,0.32,486,0.18,1
5,0,14365,2,10,5,0,666,0.42,420,0.58,1
5,1,10483,2,10,5,0,666,0.42,420,0.58,1
5,2,12947,0,0,300,0.5,572,0.32,486,0.18,1
5,3,12039,2,10,5,0,666,0.42,420,0.58,1
5,4,2483,2,10,5,0,500,0.6,1000,0.2,1400,0.2,1
5,5,8733,1,0,666,0.42,420,0.58,1
5,6,7681,1,0,300,0.5,1700,0.5,1
5,7,115,0,0,300,0.5,1700,0.5,1
5,8,11961,2,10,5,0,300,0.5,1700,0.5,1
5,9,3598,0,0,300,0.5,1700,0.5,1
5,10,2980,2,10,5,0,300,0.5,1700,0.5,1
5,11,3207,0,0,300,0.5,1700,0.5,1
6,0,14314,2,10,5,0,500,0.6,1000,0.2,1400,0.2,1
6,1,14562,1,0,300,0.5,1700,0.5,1
6,2,8244,0,0,500,0.6,1000,0.2,1400,0.2,1
6,3,14764,1,0,300,0.5,1700,0.5,1
6,4,13380,2,10,5,0,666,0.42,420,0.58,1
6,5,7369,1,0,300,0.5,572,0.32,486,0.18,1
6,6,911,0,0,666,0.42,420,0.58,1
6,7,410,2,10,5,0,500,0.6,1000,0.2,1400,0.2,1
6,8,12455,0,0,300,0.5,1700,0.5,1
6,9,1044,1,0,500,0.6,1000,0.2,1400,0.2,1
6,10,10353,2,10,5,0,300,0.5,572,0.32,486,0.18,1
6,11,14575,0,0,500,0.6,1000,0.2,1400,0.2,1
7,0,5620,1,0,666,0.42,420,0.58,1
7,1,12086,1,0,500,0.6,1000,0.2,1400,0.2,1
7,2,8409,1,0,666,0.42,420,0.58,1
7,3,8057,1,0,500,0.6,1000,0.2,1400,0.2,1
7,4,11509,0,0,666,0.42,420,0.58,1
7,5,7989,1,0,500,0.6,1000,0.2,1400,0.2,1
7,6,1864,0,0,500,0.6,1000,0.2,1400,0.2,1
7,7,9314,0,0,500,0.6,1000,0.2,1400,0.2,1
7,8,3881,1,0,300,0.5,572,0.32,486,0.18,1
7,9,2909,1,0,500,0.6,1000,0.2,1400,0.2,1
7,10,11287,0,0,300,0.5,1700,0.5,1
7,11,938,2,10,5,0,300,0.5,1700,0.5,1
8,0,398,2,10,5,0,300,0.5,572,0.32,486,0.18,1
8,1,2127,1,0,300,0.5,1700,0.5,1
8,2,12800,0,0,666,0.42,420,0.58,1
8,3,7504,0,0,300,0.5,572,0.32,486,0.18,1
8,4,9999,1,0,666,0.42,420,0.58,1
8,5,10091,0,0,300,0.5,1700,0.5,1
8,6,2149,1,0,500,0.6,1000,0.2,1400,0.2,1
8,7,11648,0,0,500,0.6,1000,0.2,1400,0.2,1
8,8,12509,1,0,300,0.5,1700,0.5,1
8,9,5075,2,10,5,0,500,0.6,1000,0.2,1400,0.2,1
8,10,10564,1,0,666,0.42,420,0.58,1
8,11,10257,2,10,5,0,666,0.42,420,0.58,1
9,0,12308,1,0,300,0.5,572,0.32,486,0.18,1
9,1,8092,0,0,300,0.5,1700,0.5,1
9,2,11653,1,0,666,0.42,420,0.58,1
9,3,13576,2,10,5,0,666,0.42,420,0.58,1
9,4,12633,1,0,300,0.5,1700,0.5,1
9,5,2694,1,0,500,0.6,1000,0.2,1400,0.2,1
9,6,1194,0,0,666,0.42,420,0.58,1
9,7,15000,1,0,300,0.5,1700,0.5,1
9,8,1396,2,10,5,0,300,0.5,572,0.32,486,0.18,1
9,9,13959,0,0,300,0.5,572,0.32,486,0.18,1
9,10,10066,2,10,5,0,300,0.5,1700,0.5,1
9,11,821,1,0,500,0.6,1000,0.2,1400,0.2,1
10,0,9599,1,0,666,0.42,420,0.58,1
10,1,12382,2,10,5,0,500,0.6,1000,0.2,1400,0.2,1
10,2,60,0,0,500,0.6,1000,0.2,1400,0.2,1
10,3,10966,2,10,5,0,500,0.6,1000,0.2,1400,0.2,1
10,4,2772,0,0,300,0.5,572,0.32,486,0.18,1
10,5,10387,2,10,5,0,300,0.5,1700,0.5,1
10,6,7707,0,0,300,0.5,1700,0.5,1
10,7,5970,2,10,5,0,500,0.6,1000,0.2,1400,0.2,1
10,8,2906,0,0,500,0.6,1000,0.2,1400,0.2,1
10,9,453,1,0,300,0.5,572,0.32,486,0.18,1
10,10,4905,1,0,300,0.5,1700,0.5,1
10,11,12346,2,10,5,0,666,0.42,420,0.58,1
11,0,6455,1,0,500,0.6,1000,0.2,1400,0.2,1
11,1,6388,1,0,666,0.42,420,0.58,1
11,2,3760,1,0,300,0.5,1700,0.5,1
11,3,5783,1,0,300,0.5,572,0.32,486,0.18,1
11,4,4713,1,0,300,0.5,572,0.32,486,0.18,1
11,5,386,1,0,300,0.5,572,0.32,486,0.18,1
11,6,6555,1,0,300,0.5,572,0.32,486,0.18,1
11,7,5626,2,10,5,0,300,0.5,572,0.32,486,0.18,1
11,8,6521,1,0,300,0.5,572,0.32,486,0.18,1
11,9,10057,2,10,5,0,666,0.42,420,0.58,1
11,10,12608,1,0,300,0.5,1700,0.5,1
11,11,10513,0,0,300,0.5,1700,0.5,1
