0,0,12257,2,10,5,0,300,0.5,572,0.32,486,0.18,1
0,1,9063,0,0,500,0.6,1000,0.2,1400,0.2,1
0,2,7182,2,10,5,0,300,0.5,1700,0.5,1
0,3,8770,2,10,5,0,666,0.42,420,0.58,1
0,4,14177,1,0,300,0.5,572,0.32,486,0.18,1
0,5,6662,1,0,300,0.5,572,0.32,486,0.18,1
0,6,5875,1,0,300,0.5,572,0.32,486,0.18,1
0,7,2191,2,10,5,0,300,0.5,572,0.32,486,0.18,1
0,8,1732,0,0,300,0.5,572,0.32,486,0.18,1
0,9,7515,0,0,300,0.5,1700,0.5,1
0,10,14501,2,10,5,0,500,0.6,1000,0.2,1400,0.2,1
0,11,10946,1,0,300,0.5,1700,0.5,1
1,0,12735,1,0,300,0.5,572,0.32,486,0.18,1
1,1,1264,1,0,500,0.6,1000,0.2,1400,0.2,1
1,2,3088,0,0,300,0.5,572,0.32,486,0.18,0
1,3,3611,0,0,500,0.6,1000,0.2,1400,0.2,1
1,4,12176,2,10,5,0,666,0.42,420,0.58,1
1,5,8739,0,0,300,0.5,1700,0.5,1
1,6,9240,1,0,666,0.42,420,0.58,1
1,7,7215,0,0,300,0.5,572,0.32,486,0.18,1
1,8,11664,2,10,5,0,500,0.6,1000,0.2,1400,0.2,1
1,9,9041,1,0,500,0.6,1000,0.2,1400,0.2,1
1,10,4634,0,0,300,0.5,572,0.32,486,0.18,1
1,11,5735,1,0,300,0.5,1700,0.5,1
2,0,1351,1,0,300,0.5,572,0.32,486,0.18,1
2,1,8697,0,0,666,0.42,420,0.58,1
2,2,13739,1,0,300,0.5,572,0.32,486,0.18,1
2,3,10660,1,0,300,0.5,1700,0.5,1
2,4,12912,0,0,500,0.6,1000,0.2,1400,0.2,1
2,5,12902,0,0,300,0.5,1700,0.5,1
2,6,14254,0,0,500,0.6,1000,0.2,1400,0.2,1
2,7,2886,2,10,5,0,300,0.5,572,0.32,486,0.18,1
2,8,5964,2,10,5,0,666,0.42,420,0.58,1
2,9,14388,0,0,300,0.5,1700,0.5,1
2,10,1293,0,0,300,0.5,572,0.32,486,0.18,1
2,11,11831,1,0,300,0.5,1700,0.5,1
3,0,8374,1,0,300,0.5,572,0.32,486,0.18,1
3,1,9844,1,0,500,0.6,1000,0.2,1400,0.2,1
3,2,10804,1,0,500,0.6,1000,0.2,1400,0.2,1
3,3,3474,1,0,300,0.5,572,0.32,486,0.18,1
3,4,3839,0,0,500,0.6,1000,0.2,1400,0.2,1
3,5,11574,2,10,5,0,300,0.5,1700,0.5,1
3,6,3348,2,10,5,0,500,0.6,1000,0.2,1400,0.2,1
3,7,6952,2,10,5,0,500,0.6,1000,0.2,1400,0.2,1
3,8,8925,1,0,500,0.6,1000,0.2,1400,0.2,1
3,9,10222,1,0,666,0.42,420,0.58,1
3,10,10976,0,0,500,0.6,1000,0.2,1400,0.2,1
3,11,2038,0,0,666,0.42,420,0.58,1
4,0,1890,0,0,666,0.42,420,0.58,1
4,1,11436,1,0,666,0.42,420,0.58,1
4,2,5118,2,10,5,0,300,0.5,1700,0.5,1
4,3,14919,0,0,666,0.42,420,0.58,1
4,4,9392,2,10,5,0,666,0.42,420,0.58,1
4,5,6335,2,10,5,0,500,0.6,1000,0.2,1400,0.2,1
4,6,5466,1,0,300,0.5,572,0.32,486,0.18,1
4,7,1937,2,10,5,0,500,0.6,1000,0.2,1400,0.2,1
4,8,1150,0,0,500,0.6,1000,0.2,1400,0.2,1
4,9,14545,0,0,500,0.6,1000,0.2,1400,0.2,1
4,10,5353,1,0,300,0.5,1700,0.5,1
4,11,5847,0,0,500,0.6,1000,0.2,1400,0.2,1
5,0,14964,1,0,300,0.5,572,0.32,486,0.18,1
5,1,9897,1,0,300,0.5,1700,0.5,1
5,2,7443,2,10,5,0,500,0.6,1000,0.2,1400,0.2,1
5,3,11575,1,0,500,0.6,1000,0.2,1400,0.2,1
5,4,3071,2,10,5,0,300,0.5,1700,0.5,1
5,5,1469,2,10,5,0,300,0.5,1700,0.5,1
5,6,3710,2,10,5,0,300,0.5,1700,0.5,1
5,7,14582,1,0,300,0.5,572,0.32,486,0.18,1
5,8,13568,1,0,666,0.42,420,0.58,1
5,9,9204,0,0,666,0.42,420,0.58,1
5,10,13175,0,0,300,0.5,572,0.32,486,0.18,1
5,11,11540,2,10,5,0,500,0.6,1000,0.2,1400,0.2,1
6,0,9641,0,0,500,0.6,1000,0.2,1400,0.2,1
6,1,8079,1,0,300,0.5,572,0.32,486,0.18,1
6,2,6772,0,0,300,0.5,572,0.32,486,0.18,1
6,3,174,0,0,500,0.6,1000,0.2,1400,0.2,1
6,4,7864,2,10,5,0,300,0.5,572,0.32,486,0.18,1
6,5,2754,1,0,500,0.6,1000,0.2,1400,0.2,1
6,6,4163,2,10,5,0,300,0.5,1700,0.5,1
6,7,2828,2,10,5,0,666,0.42,420,0.58,1
6,8,305,1,0,300,0.5,1700,0.5,1
6,9,947,0,0,300,0.5,1700,0.5,1
6,10,1338,1,0,300,0.5,1700,0.5,1
6,11,6802,1,0,300,0.5,1700,0.5,1
7,0,1415,1,0,300,0.5,572,0.32,486,0.18,1
7,1,11270,1,0,500,0.6,1000,0.2,1400,0.2,1
7,2,12189,1,0,500,0.6,1000,0.2,1400,0.2,1
7,3,8445,2,10,5,0,300,0.5,572,0.32,486,0.18,1
7,4,6990,1,0,500,0.6,1000,0.2,1400,0.2,1
7,5,13711,0,0,300,0.5,572,0.32,486,0.18,1
7,6,5000,1,0,500,0.6,1000,0.2,1400,0.2,1
7,7,7708,2,10,5,0,300,0.5,572,0.32,486,0.18,1
7,8,14398,2,10,5,0,300,0.5,1700,0.5,1
7,9,12353,0,0,300,0.5,572,0.32,486,0.18,1
7,10,4183,0,0,666,0.42,420,0.58,1
7,11,881,0,0,300,0.5,1700,0.5,1
8,0,8905,0,0,666,0.42,420,0.58,1
8,1,3643,2,10,5,0,666,0.42,420,0.58,1
8,2,10771,0,0,500,0.6,1000,0.2,1400,0.2,1
8,3,8485,0,0,300,0.5,1700,0.5,1
8,4,1212,0,0,300,0.5,1700,0.5,1
8,5,14364,2,10,5,0,500,0.6,1000,0.2,1400,0.2,1
8,6,7253,2,10,5,0,666,0.42,420,0.58,1
8,7,3594,2,10,5,0,666,0.42,420,0.58,1
8,8,10722,1,0,666,0.42,420,0.58,1
8,9,14498,2,10,5,0,300,0.5,1700,0.5,1
8,10,2853,1,0,300,0.5,1700,0.5,1
8,11,9871,1,0,300,0.5,572,0.32,486,0.18,1
9,0,7166,0,0,300,0.5,572,0.32,486,0.18,1
9,1,9008,2,10,5,0,300,0.5,572,0.32,486,0.18,1
9,2,1651,1,0,500,0.6,1000,0.2,1400,0.2,1
9,3,4100,2,10,5,0,300,0.5,572,0.32,486,0.18,1
9,4,8869,0,0,666,0.42,420,0.58,1
9,5,1618,1,0,300,0.5,572,0.32,486,0.18,1
9,6,4181,2,10,5,0,500,0.6,1000,0.2,1400,0.2,1
9,7,11072,2,10,5,0,300,0.5,572,0.32,486,0.18,1
9,8,4942,2,10,5,0,300,0.5,1700,0.5,1
9,9,1205,1,0,666,0.42,420,0.58,1
9,10,9504,1,0,500,0.6,1000,0.2,1400,0.2,1
9,11,3828,1,0,300,0.5,1700,0.5,1
10,0,3556,2,10,5,0,300,0.5,572,0.32,486,0.18,1
10,1,3045,1,0,300,0.5,572,0.32,486,0.18,1
10,2,9939,1,0,300,0.5,1700,0.5,1
10,3,12821,2,10,5,0,300,0.5,572,0.32,486,0.18,1
10,4,438,0,0,300,0.5,572,0.32,486,0.18,1
10,5,7362,2,10,5,0,300,0.5,1700,0.5,1
10,6,5857,1,0,666,0.42,420,0.58,1
10,7,10489,0,0,300,0.5,1700,0.5,1
10,8,10004,1,0,666,0.42,420,0.58,1
10,9,3934,2,10,5,0,300,0.5,1700,0.5,1
10,10,5428,0,0,500,0.6,1000,0.2,1400,0.2,1
10,11,5491,0,0,300,0.5,1700,0.5,1
11,0,4372,1,0,300,0.5,1700,0.5,1
11,1,1133,0,0,300,0.5,1700,0.5,1
11,2,10223,2,10,5,0,500,0.6,1000,0.2,1400,0.2,1
11,3,11230,1,0,500,0.6,1000,0.2,1400,0.2,1
11,4,3018,2,10,5,0,666,0.42,420,0.58,1
11,5,4803,1,0,300,0.5,572,0.32,486,0.18,1
11,6,7445,0,0,300,0.5,1700,0.5,1
11,7,10073,2,10,5,0,500,0.6,1000,0.2,1400,0.2,1
11,8,14647,0,0,500,0.6,1000,0.2,1400,0.2,1
11,9,571,0,0,666,0.42,420,0.58,1
11,10,3549,1,0,666,0.42,420,0.58,1
11,11,7048,2,10,5,0,300,0.5,572,0.32,486,0.18,1
