0,0,2460,2,10,5,0,666,0.42,420,0.58,1
0,1,9334,2,10,5,0,300,0.5,572,0.32,486,0.18,1
0,2,3369,2,10,5,0,666,0.42,420,0.58,1
0,3,11378,1,0,666,0.42,420,0.58,1
0,4,612,1,0,500,0.6,1000,0.2,1400,0.2,1
0,5,9790,0,0,666,0.42,420,0.58,1
0,6,4083,1,0,300,0.5,572,0.32,486,0.18,1
0,7,7317,0,0,500,0.6,1000,0.2,1400,0.2,1
0,8,9119,0,0,300,0.5,1700,0.5,1
0,9,14549,0,0,300,0.5,1700,0.5,1
0,10,13406,2,10,5,0,666,0.42,420,0.58,1
0,11,11988,0,0,500,0.6,1000,0.2,1400,0.2,1
1,0,7689,1,0,300,0.5,572,0.32,486,0.18,1
1,1,10054,2,10,5,0,300,0.5,1700,0.5,1
1,2,10128,0,0,666,0.42,420,0.58,0
1,3,8272,2,10,5,0,300,0.5,572,0.32,486,0.18,1
1,4,9612,1,0,500,0.6,1000,0.2,1400,0.2,1
1,5,6374,2,10,5,0,500,0.6,1000,0.2,1400,0.2,1
1,6,6645,1,0,300,0.5,572,0.32,486,0.18,1
1,7,7210,2,10,5,0,666,0.42,420,0.58,1
1,8,11866,0,0,500,0.6,1000,0.2,1400,0.2,1
1,9,14772,1,0,300,0.5,1700,0.5,1
1,10,3835,0,0,500,0.6,1000,0.2,1400,0.2,1
1,11,176,0,0,500,0.6,1000,0.2,1400,0.2,1
2,0,4278,0,0,500,0.6,1000,0.2,1400,0.2,1
2,1,11536,0,0,666,0.42,420,0.58,1
2,2,4005,2,10,5,0,666,0.42,420,0.58,1
2,3,13717,0,0,666,0.42,420,0.58,1
2,4,14692,2,10,5,0,666,0.42,420,0.58,1
2,5,4530,0,0,500,0.6,1000,0.2,1400,0.2,1
2,6,4379,2,10,5,0,666,0.42,420,0.58,1
2,7,11795,0,0,666,0.42,420,0.58,1
2,8,13816,0,0,300,0.5,1700,0.5,1
2,9,11285,2,10,5,0,300,0.5,1700,0.5,1
2,10,5466,0,0,300,0.5,572,0.32,486,0.18,1
2,11,2500,1,0,666,0.42,420,0.58,1
3,0,9059,1,0,300,0.5,1700,0.5,1
3,1,298,1,0,666,0.42,420,0.58,1
3,2,6711,1,0,500,0.6,1000,0.2,1400,0.2,1
3,3,11024,1,0,500,0.6,1000,0.2,1400,0.2,1
3,4,11340,2,10,5,0,666,0.42,420,0.58,1
3,5,5154,1,0,666,0.42,420,0.58,1
3,6,3325,0,0,300,0.5,572,0.32,486,0.18,1
3,7,1049,0,0,300,0.5,1700,0.5,1
3,8,5594,1,0,500,0.6,1000,0.2,1400,0.2,1
3,9,14484,2,10,5,0,300,0.5,1700,0.5,1
3,10,10212,1,0,300,0.5,572,0.32,486,0.18,1
3,11,14319,1,0,300,0.5,1700,0.5,1
4,0,9835,2,10,5,0,666,0.42,420,0.58,1
4,1,10137,1,0,500,0.6,1000,0.2,1400,0.2,1
4,2,2215,0,0,300,0.5,1700,0.5,1
4,3,4277,0,0,666,0.42,420,0.58,1
4,4,8658,2,10,5,0,666,0.42,420,0.58,1
4,5,2921,0,0,500,0.6,1000,0.2,1400,0.2,1
4,6,7223,1,0,300,0.5,572,0.32,486,0.18,1
4,7,13015,0,0,300,0.5,1700,0.5,1
4,8,178,1,0,300,0.5,1700,0.5,1
4,9,11680,2,10,5,0,300,0.5,572,0.32,486,0.18,1
4,10,2033,0,0,666,0.42,420,0.58,1
4,11,11476,1,0,300,0.5,1700,0.5,1
5,0,13515,0,0,300,0.5,572,0.32,486,0.18,1
5,1,9976,2,10,5,0,300,0.5,572,0.32,486,0.18,1
5,2,7628,1,0,500,0.6,1000,0.2,1400,0.2,1
5,3,3876,0,0,300,0.5,572,0.32,486,0.18,1
5,4,5625,0,0,666,0.42,420,0.58,1
5,5,1597,0,0,300,0.5,572,0.32,486,0.18,1
5,6,14378,0,0,500,0.6,1000,0.2,1400,0.2,1
5,7,9736,0,0,500,0.6,1000,0.2,1400,0.2,1
5,8,2843,2,10,5,0,300,0.5,572,0.32,486,0.18,1
5,9,9617,0,0,666,0.42,420,0.58,1
5,10,8685,1,0,666,0.42,420,0.58,1
5,11,14072,0,0,300,0.5,572,0.32,486,0.18,1
6,0,2065,0,0,300,0.5,572,0.32,486,0.18,1
6,1,6947,0,0,300,0.5,572,0.32,486,0.18,1
6,2,6200,0,0,500,0.6,1000,0.2,1400,0.2,1
6,3,6333,2,10,5,0,666,0.42,420,0.58,1
6,4,3533,2,10,5,0,300,0.5,572,0.32,486,0.18,1
6,5,1050,0,0,300,0.5,572,0.32,486,0.18,1
6,6,2174,0,0,300,0.5,1700,0.5,1
6,7,6382,1,0,666,0.42,420,0.58,1
6,8,12579,0,0,500,0.6,1000,0.2,1400,0.2,1
6,9,6477,1,0,300,0.5,1700,0.5,1
6,10,11768,1,0,300,0.5,572,0.32,486,0.18,1
6,11,5392,2,10,5,0,300,0.5,1700,0.5,1
7,0,7157,1,0,300,0.5,1700,0.5,1
7,1,14330,0,0,666,0.42,420,0.58,1
7,2,11736,2,10,5,0,500,0.6,1000,0.2,1400,0.2,1
7,3,1951,0,0,500,0.6,1000,0.2,1400,0.2,1
7,4,6897,2,10,5,0,300,0.5,1700,0.5,1
7,5,6590,1,0,300,0.5,572,0.32,486,0.18,1
7,6,3503,2,10,5,0,666,0.42,420,0.58,1
7,7,7686,1,0,300,0.5,572,0.32,486,0.18,1
7,8,9525,0,0,500,0.6,1000,0.2,1400,0.2,1
7,9,1424,2,10,5,0,500,0.6,1000,0.2,1400,0.2,1
7,10,14789,0,0,500,0.6,1000,0.2,1400,0.2,1
7,11,12431,0,0,300,0.5,1700,0.5,1
8,0,11378,0,0,300,0.5,572,0.32,486,0.18,1
8,1,6962,2,10,5,0,300,0.5,572,0.32,486,0.18,1
8,2,12555,1,0,300,0.5,1700,0.5,1
8,3,3883,2,10,5,0,300,0.5,572,0.32,486,0.18,1
8,4,4154,2,10,5,0,500,0.6,1000,0.2,1400,0.2,1
8,5,7376,0,0,300,0.5,1700,0.5,1
8,6,12355,1,0,500,0.6,1000,0.2,1400,0.2,1
8,7,9496,1,0,666,0.42,420,0.58,1
8,8,6944,1,0,300,0.5,1700,0.5,1
8,9,4555,2,10,5,0,500,0.6,1000,0.2,1400,0.2,1
8,10,9574,2,10,5,0,666,0.42,420,0.58,1
8,11,11786,1,0,500,0.6,1000,0.2,1400,0.2,1
9,0,12277,1,0,666,0.42,420,0.58,1
9,1,13868,2,10,5,0,300,0.5,572,0.32,486,0.18,1
9,2,8891,0,0,300,0.5,572,0.32,486,0.18,1
9,3,9140,1,0,500,0.6,1000,0.2,1400,0.2,1
9,4,9123,2,10,5,0,300,0.5,572,0.32,486,0.18,1
9,5,2580,2,10,5,0,666,0.42,420,0.58,1
9,6,7592,0,0,666,0.42,420,0.58,1
9,7,4966,1,0,500,0.6,1000,0.2,1400,0.2,1
9,8,11482,1,0,300,0.5,572,0.32,486,0.18,1
9,9,1866,2,10,5,0,666,0.42,420,0.58,1
9,10,13841,2,10,5,0,666,0.42,420,0.58,1
9,11,6325,0,0,300,0.5,572,0.32,486,0.18,1
10,0,10816,1,0,300,0.5,1700,0.5,1
10,1,11449,0,0,500,0.6,1000,0.2,1400,0.2,1
10,2,1346,0,0,500,0.6,1000,0.2,1400,0.2,1
10,3,7198,1,0,500,0.6,1000,0.2,1400,0.2,1
10,4,12114,2,10,5,0,666,0.42,420,0.58,1
10,5,12270,2,10,5,0,300,0.5,1700,0.5,1
10,6,6211,1,0,300,0.5,572,0.32,486,0.18,1
10,7,6228,2,10,5,0,666,0.42,420,0.58,1
10,8,14226,1,0,666,0.42,420,0.58,1
10,9,4487,0,0,666,0.42,420,0.58,1
10,10,2670,0,0,500,0.6,1000,0.2,1400,0.2,1
10,11,140,2,10,5,0,500,0.6,1000,0.2,1400,0.2,1
11,0,1645,1,0,500,0.6,1000,0.2,1400,0.2,1
11,1,13491,0,0,666,0.42,420,0.58,1
11,2,9192,1,0,300,0.5,1700,0.5,1
11,3,3467,2,10,5,0,300,0.5,1700,0.5,1
11,4,3898,2,10,5,0,300,0.5,572,0.32,486,0.18,1
11,5,9998,1,0,300,0.5,1700,0.5,1
11,6,3425,0,0,300,0.5,572,0.32,486,0.18,1
11,7,5566,0,0,666,0.42,420,0.58,1
11,8,13374,2,10,5,0,666,0.42,420,0.58,1
11,9,4388,2,10,5,0,500,0.6,1000,0.2,1400,0.2,1
11,10,9175,2,10,5,0,300,0.5,572,0.32,486,0.18,1
11,11,8662,2,10,5,0,300,0.5,572,0.32,486,0.18,1
