0,0,2728,0,0,300,0.5,1700,0.5,1
0,1,5403,1,0,666,0.42,420,0.58,1
0,2,5443,0,0,500,0.6,1000,0.2,1400,0.2,1
0,3,9982,1,0,500,0.6,1000,0.2,1400,0.2,1
0,4,12717,1,0,300,0.5,572,0.32,486,0.18,1
0,5,6797,1,0,300,0.5,1700,0.5,1
0,6,14278,0,0,300,0.5,572,0.32,486,0.18,1
0,7,5291,0,0,300,0.5,572,0.32,486,0.18,1
0,8,12726,0,0,500,0.6,1000,0.2,1400,0.2,1
0,9,10022,1,0,300,0.5,572,0.32,486,0.18,1
0,10,7440,1,0,666,0.42,420,0.58,1
0,11,14669,2,10,5,0,300,0.5,572,0.32,486,0.18,1
1,0,12478,2,10,5,0,300,0.5,1700,0.5,1
1,1,5841,2,10,5,0,666,0.42,420,0.58,1
1,2,14366,1,0,300,0.5,1700,0.5,0
1,3,1994,2,10,5,0,300,0.5,1700,0.5,1
1,4,7970,2,10,5,0,666,0.42,420,0.58,1
1,5,1924,0,0,666,0.42,420,0.58,1
1,6,6605,1,0,300,0.5,1700,0.5,1
1,7,6871,2,10,5,0,300,0.5,572,0.32,486,0.18,1
1,8,12325,2,10,5,0,300,0.5,1700,0.5,1
1,9,10209,2,10,5,0,666,0.42,420,0.58,1
1,10,7625,2,10,5,0,666,0.42,420,0.58,1
1,11,1736,0,0,666,0.42,420,0.58,1
2,0,12606,1,0,500,0.6,1000,0.2,1400,0.2,1
2,1,13906,2,10,5,0,666,0.42,420,0.58,1
2,2,1913,0,0,500,0.6,1000,0.2,1400,0.2,1
2,3,14239,1,0,300,0.5,1700,0.5,1
2,4,5363,1,0,300,0.5,1700,0.5,1
2,5,690,1,0,300,0.5,572,0.32,486,0.18,1
2,6,7992,0,0,666,0.42,420,0.58,1
2,7,2738,2,10,5,0,500,0.6,1000,0.2,1400,0.2,1
2,8,9611,2,10,5,0,666,0.42,420,0.58,1
2,9,8752,1,0,500,0.6,1000,0.2,1400,0.2,1
2,10,12639,0,0,666,0.42,420,0.58,1
2,11,2669,0,0,666,0.42,420,0.58,1
3,0,13425,2,10,5,0,300,0.5,1700,0.5,1
3,1,5875,1,0,500,0.6,1000,0.2,1400,0.2,1
3,2,8823,1,0,300,0.5,1700,0.5,1
3,3,13880,0,0,666,0.42,420,0.58,1
3,4,9578,0,0,666,0.42,420,0.58,1
3,5,5243,1,0,666,0.42,420,0.58,1
3,6,2046,0,0,300,0.5,572,0.32,486,0.18,1
3,7,5180,0,0,300,0.5,1700,0.5,1
3,8,11428,0,0,300,0.5,572,0.32,486,0.18,1
3,9,2687,1,0,500,0.6,1000,0.2,1400,0.2,1
3,10,2826,1,0,666,0.42,420,0.58,1
3,11,3506,0,0,300,0.5,572,0.32,486,0.18,1
4,0,1036,1,0,666,0.42,420,0.58,1
4,1,2493,0,0,500,0.6,1000,0.2,1400,0.2,1
4,2,2530,1,0,300,0.5,572,0.32,486,0.18,1
4,3,4107,2,10,5,0,500,0.6,1000,0.2,1400,0.2,1
4,4,2526,2,10,5,0,300,0.5,1700,0.5,1
4,5,5579,2,10,5,0,500,0.6,1000,0.2,1400,0.2,1
4,6,12502,2,10,5,0,300,0.5,572,0.32,486,0.18,1
4,7,8118,0,0,500,0.6,1000,0.2,1400,0.2,1
4,8,13124,1,0,300,0.5,1700,0.5,1
4,9,390,2,10,5,0,666,0.42,420,0.58,1
4,10,9046,2,10,5,0,300,0.5,572,0.32,486,0.18,1
4,11,9161,1,0,666,0.42,420,0.58,1
5,0,14070,2,10,5,0,300,0.5,1700,0.5,1
5,1,13728,2,10,5,0,300,0.5,1700,0.5,1
5,2,5324,2,10,5,0,666,0.42,420,0.58,1
5,3,10438,1,0,500,0.6,1000,0.2,1400,0.2,1
5,4,11244,2,10,5,0,300,0.5,1700,0.5,1
5,5,6231,1,0,300,0.5,572,0.32,486,0.18,1
5,6,13768,0,0,666,0.42,420,0.58,1
5,7,6701,0,0,500,0.6,1000,0.2,1400,0.2,1
5,8,5358,0,0,666,0.42,420,0.58,1
5,9,11120,1,0,500,0.6,1000,0.2,1400,0.2,1
5,10,687,2,10,5,0,500,0.6,1000,0.2,1400,0.2,1
5,11,11947,0,0,500,0.6,1000,0.2,1400,0.2,1
6,0,11498,2,10,5,0,500,0.6,1000,0.2,1400,0.2,1
6,1,2603,2,10,5,0,500,0.6,1000,0.2,1400,0.2,1
6,2,12195,2,10,5,0,300,0.5,572,0.32,486,0.18,1
6,3,4616,0,0,300,0.5,572,0.32,486,0.18,1
6,4,11623,2,10,5,0,300,0.5,1700,0.5,1
6,5,12920,1,0,300,0.5,1700,0.5,1
6,6,8244,0,0,300,0.5,572,0.32,486,0.18,1
6,7,7152,1,0,500,0.6,1000,0.2,1400,0.2,1
6,8,7000,1,0,666,0.42,420,0.58,1
6,9,2328,2,10,5,0,300,0.5,1700,0.5,1
6,10,11602,2,10,5,0,666,0.42,420,0.58,1
6,11,910,0,0,300,0.5,1700,0.5,1
7,0,14507,1,0,500,0.6,1000,0.2,1400,0.2,1
7,1,9822,0,0,300,0.5,572,0.32,486,0.18,1
7,2,5246,0,0,500,0.6,1000,0.2,1400,0.2,1
7,3,10325,0,0,300,0.5,1700,0.5,1
7,4,5086,1,0,666,0.42,420,0.58,1
7,5,1830,2,10,5,0,500,0.6,1000,0.2,1400,0.2,1
7,6,2023,0,0,300,0.5,572,0.32,486,0.18,1
7,7,770,0,0,300,0.5,572,0.32,486,0.18,1
7,8,13247,1,0,666,0.42,420,0.58,1
7,9,4125,1,0,666,0.42,420,0.58,1
7,10,1249,1,0,300,0.5,1700,0.5,1
7,11,11756,1,0,300,0.5,572,0.32,486,0.18,1
8,0,14590,0,0,500,0.6,1000,0.2,1400,0.2,1
8,1,13941,2,10,5,0,666,0.42,420,0.58,1
8,2,6842,1,0,666,0.42,420,0.58,1
8,3,3193,2,10,5,0,300,0.5,572,0.32,486,0.18,1
8,4,12665,0,0,300,0.5,572,0.32,486,0.18,1
8,5,9659,0,0,500,0.6,1000,0.2,1400,0.2,1
8,6,13383,1,0,500,0.6,1000,0.2,1400,0.2,1
8,7,1124,1,0,300,0.5,572,0.32,486,0.18,1
8,8,3182,0,0,666,0.42,420,0.58,1
8,9,9253,1,0,666,0.42,420,0.58,1
8,10,2716,0,0,666,0.42,420,0.58,1
8,11,9448,0,0,300,0.5,1700,0.5,1
9,0,5916,2,10,5,0,300,0.5,572,0.32,486,0.18,1
9,1,9549,1,0,300,0.5,572,0.32,486,0.18,1
9,2,2997,0,0,666,0.42,420,0.58,1
9,3,4558,0,0,666,0.42,420,0.58,1
9,4,3774,2,10,5,0,300,0.5,1700,0.5,1
9,5,11285,2,10,5,0,666,0.42,420,0.58,1
9,6,14130,0,0,300,0.5,1700,0.5,1
9,7,517,2,10,5,0,500,0.6,1000,0.2,1400,0.2,1
9,8,14059,1,0,300,0.5,1700,0.5,1
9,9,10137,2,10,5,0,666,0.42,420,0.58,1
9,10,3868,1,0,666,0.42,420,0.58,1
9,11,11417,0,0,300,0.5,1700,0.5,1
10,0,11861,1,0,300,0.5,572,0.32,486,0.18,1
10,1,2067,2,10,5,0,300,0.5,1700,0.5,1
10,2,12478,0,0,300,0.5,572,0.32,486,0.18,1
10,3,8694,0,0,500,0.6,1000,0.2,1400,0.2,1
10,4,12060,1,0,500,0.6,1000,0.2,1400,0.2,1
10,5,3260,2,10,5,0,500,0.6,1000,0.2,1400,0.2,1
10,6,5431,0,0,300,0.5,572,0.32,486,0.18,1
10,7,7493,0,0,500,0.6,1000,0.2,1400,0.2,1
10,8,6526,2,10,5,0,666,0.42,420,0.58,1
10,9,9478,1,0,300,0.5,1700,0.5,1
10,10,1059,0,0,666,0.42,420,0.58,1
10,11,5499,1,0,500,0.6,1000,0.2,1400,0.2,1
11,0,9620,2,10,5,0,500,0.6,1000,0.2,1400,0.2,1
11,1,13569,2,10,5,0,500,0.6,1000,0.2,1400,0.2,1
11,2,8845,2,10,5,0,300,0.5,572,0.32,486,0.18,1
11,3,6969,1,0,500,0.6,1000,0.2,1400,0.2,1
11,4,1689,1,0,666,0.42,420,0.58,1
11,5,6923,1,0,666,0.42,420,0.58,1
11,6,14349,1,0,300,0.5,572,0.32,486,0.18,1
11,7,13128,1,0,300,0.5,1700,0.5,1
11,8,11705,2,10,5,0,300,0.5,1700,0.5,1
11,9,1289,2,10,5,0,500,0.6,1000,0.2,1400,0.2,1
11,10,6657,1,0,666,0.42,420,0.58,1
11,11,4908,0,0,300,0.5,1700,0.5,1
