0,0,13181,0,0,666,0.42,420,0.58,1
0,1,13044,2,10,5,0,666,0.42,420,0.58,1
0,2,3485,0,0,500,0.6,1000,0.2,1400,0.2,1
0,3,4771,1,0,300,0.5,572,0.32,486,0.18,1
0,4,145,0,0,300,0.5,572,0.32,486,0.18,1
0,5,5137,2,10,5,0,500,0.6,1000,0.2,1400,0.2,1
0,6,9163,2,10,5,0,666,0.42,420,0.58,1
0,7,11608,1,0,300,0.5,1700,0.5,1
0,8,13970,1,0,300,0.5,1700,0.5,1
0,9,14897,2,10,5,0,666,0.42,420,0.58,1
0,10,1540,0,0,500,0.6,1000,0.2,1400,0.2,1
0,11,10118,0,0,666,0.42,420,0.58,1
1,0,8709,2,10,5,0,500,0.6,1000,0.2,1400,0.2,1
1,1,14687,1,0,300,0.5,572,0.32,486,0.18,1
1,2,12270,2,10,5,0,500,0.6,1000,0.2,1400,0.2,0
1,3,9620,1,0,666,0.42,420,0.58,1
1,4,4973,2,10,5,0,300,0.5,572,0.32,486,0.18,1
1,5,1923,0,0,300,0.5,572,0.32,486,0.18,1
1,6,14264,0,0,666,0.42,420,0.58,1
1,7,10037,1,0,300,0.5,1700,0.5,1
1,8,10372,0,0,300,0.5,1700,0.5,1
1,9,12112,0,0,666,0.42,420,0.58,1
1,10,11084,0,0,300,0.5,572,0.32,486,0.18,1
1,11,10799,2,10,5,0,300,0.5,572,0.32,486,0.18,1
2,0,9899,0,0,500,0.6,1000,0.2,1400,0.2,1
2,1,632,0,0,500,0.6,1000,0.2,1400,0.2,1
2,2,8603,0,0,300,0.5,572,0.32,486,0.18,1
2,3,8611,2,10,5,0,300,0.5,572,0.32,486,0.18,1
2,4,5279,0,0,300,0.5,572,0.32,486,0.18,1
2,5,11720,2,10,5,0,300,0.5,1700,0.5,1
2,6,12916,0,0,666,0.42,420,0.58,1
2,7,4773,1,0,300,0.5,572,0.32,486,0.18,1
2,8,14006,1,0,300,0.5,572,0.32,486,0.18,1
2,9,5740,0,0,666,0.42,420,0.58,1
2,10,9151,2,10,5,0,300,0.5,1700,0.5,1
2,11,1913,0,0,666,0.42,420,0.58,1
3,0,12653,0,0,300,0.5,572,0.32,486,0.18,1
3,1,7621,0,0,500,0.6,1000,0.2,1400,0.2,1
3,2,6595,2,10,5,0,300,0.5,1700,0.5,1
3,3,13823,2,10,5,0,500,0.6,1000,0.2,1400,0.2,1
3,4,8295,0,0,300,0.5,572,0.32,486,0.18,1
3,5,2225,2,10,5,0,300,0.5,572,0.32,486,0.18,1
3,6,4957,0,0,666,0.42,420,0.58,1
3,7,10737,0,0,300,0.5,1700,0.5,1
3,8,12407,2,10,5,0,300,0.5,572,0.32,486,0.18,1
3,9,8504,1,0,300,0.5,1700,0.5,1
3,10,11160,1,0,300,0.5,572,0.32,486,0.18,1
3,11,4080,0,0,300,0.5,1700,0.5,1
4,0,1050,2,10,5,0,666,0.42,420,0.58,1
4,1,5609,0,0,500,0.6,1000,0.2,1400,0.2,1
4,2,8019,1,0,666,0.42,420,0.58,1
4,3,3964,0,0,500,0.6,1000,0.2,1400,0.2,1
4,4,14174,1,0,300,0.5,572,0.32,486,0.18,1
4,5,12784,1,0,666,0.42,420,0.58,1
4,6,9579,1,0,666,0.42,420,0.58,1
4,7,10896,2,10,5,0,666,0.42,420,0.58,1
4,8,721,0,0,500,0.6,1000,0.2,1400,0.2,1
4,9,6059,2,10,5,0,300,0.5,572,0.32,486,0.18,1
4,10,10509,0,0,666,0.42,420,0.58,1
4,11,847,0,0,666,0.42,420,0.58,1
5,0,12531,2,10,5,0,300,0.5,572,0.32,486,0.18,1
5,1,59,0,0,500,0.6,1000,0.2,1400,0.2,1
5,2,1926,1,0,300,0.5,1700,0.5,1
5,3,5959,2,10,5,0,666,0.42,420,0.58,1
5,4,13842,2,10,5,0,300,0.5,1700,0.5,1
5,5,12471,2,10,5,0,300,0.5,572,0.32,486,0.18,1
5,6,8624,0,0,300,0.5,572,0.32,486,0.18,1
5,7,4095,1,0,300,0.5,572,0.32,486,0.18,1
5,8,10129,2,10,5,0,300,0.5,1700,0.5,1
5,9,9181,0,0,666,0.42,420,0.58,1
5,10,1581,1,0,500,0.6,1000,0.2,1400,0.2,1
5,11,1027,1,0,300,0.5,1700,0.5,1
6,0,6280,2,10,5,0,300,0.5,572,0.32,486,0.18,1
6,1,5093,0,0,666,0.42,420,0.58,1
6,2,589,2,10,5,0,666,0.42,420,0.58,1
6,3,3468,2,10,5,0,500,0.6,1000,0.2,1400,0.2,1
6,4,12666,0,0,300,0.5,1700,0.5,1
6,5,10940,1,0,300,0.5,1700,0.5,1
6,6,11669,1,0,500,0.6,1000,0.2,1400,0.2,1
6,7,9993,2,10,5,0,666,0.42,420,0.58,1
6,8,4603,1,0,300,0.5,572,0.32,486,0.18,1
6,9,2188,0,0,300,0.5,572,0.32,486,0.18,1
6,10,7805,2,10,5,0,500,0.6,1000,0.2,1400,0.2,1
6,11,499,0,0,300,0.5,1700,0.5,1
7,0,7971,1,0,500,0.6,1000,0.2,1400,0.2,1
7,1,10963,0,0,300,0.5,1700,0.5,1
7,2,6710,2,10,5,0,300,0.5,572,0.32,486,0.18,1
7,3,3607,1,0,300,0.5,1700,0.5,1
7,4,13400,0,0,666,0.42,420,0.58,1
7,5,13520,2,10,5,0,300,0.5,572,0.32,486,0.18,1
7,6,9108,1,0,300,0.5,572,0.32,486,0.18,1
7,7,4594,0,0,300,0.5,572,0.32,486,0.18,1
7,8,7096,1,0,500,0.6,1000,0.2,1400,0.2,1
7,9,84,2,10,5,0,666,0.42,420,0.58,1
7,10,563,0,0,500,0.6,1000,0.2,1400,0.2,1
7,11,860,2,10,5,0,300,0.5,572,0.32,486,0.18,1
8,0,6537,1,0,300,0.5,1700,0.5,1
8,1,14616,1,0,300,0.5,572,0.32,486,0.18,1
8,2,10144,2,10,5,0,300,0.5,1700,0.5,1
8,3,10114,1,0,666,0.42,420,0.58,1
8,4,9674,2,10,5,0,300,0.5,1700,0.5,1
8,5,9139,0,0,300,0.5,1700,0.5,1
8,6,1823,0,0,300,0.5,1700,0.5,1
8,7,4737,0,0,300,0.5,572,0.32,486,0.18,1
8,8,6723,0,0,300,0.5,1700,0.5,1
8,9,9908,2,10,5,0,300,0.5,572,0.32,486,0.18,1
8,10,12877,0,0,300,0.5,1700,0.5,1
8,11,7443,2,10,5,0,300,0.5,572,0.32,486,0.18,1
9,0,14082,1,0,300,0.5,572,0.32,486,0.18,1
9,1,2450,2,10,5,0,300,0.5,572,0.32,486,0.18,1
9,2,8873,1,0,300,0.5,572,0.32,486,0.18,1
9,3,9691,2,10,5,0,300,0.5,1700,0.5,1
9,4,1680,1,0,300,0.5,1700,0.5,1
9,5,9258,2,10,5,0,300,0.5,1700,0.5,1
9,6,3437,2,10,5,0,666,0.42,420,0.58,1
9,7,1869,2,10,5,0,500,0.6,1000,0.2,1400,0.2,1
9,8,10920,1,0,300,0.5,572,0.32,486,0.18,1
9,9,11427,2,10,5,0,666,0.42,420,0.58,1
9,10,153,2,10,5,0,300,0.5,572,0.32,486,0.18,1
9,11,9321,0,0,500,0.6,1000,0.2,1400,0.2,1
10,0,4197,2,10,5,0,300,0.5,572,0.32,486,0.18,1
10,1,6041,2,10,5,0,300,0.5,572,0.32,486,0.18,1
10,2,7087,1,0,300,0.5,1700,0.5,1
10,3,2558,1,0,500,0.6,1000,0.2,1400,0.2,1
10,4,6669,1,0,666,0.42,420,0.58,1
10,5,8207,2,10,5,0,500,0.6,1000,0.2,1400,0.2,1
10,6,3662,1,0,300,0.5,572,0.32,486,0.18,1
10,7,654,1,0,300,0.5,572,0.32,486,0.18,1
10,8,5677,2,10,5,0,500,0.6,1000,0.2,1400,0.2,1
10,9,1239,2,10,5,0,300,0.5,572,0.32,486,0.18,1
10,10,2892,2,10,5,0,300,0.5,1700,0.5,1
10,11,10215,2,10,5,0,300,0.5,572,0.32,486,0.18,1
11,0,2667,1,0,500,0.6,1000,0.2,1400,0.2,1
11,1,10826,2,10,5,0,300,0.5,572,0.32,486,0.18,1
11,2,5861,0,0,300,0.5,572,0.32,486,0.18,1
11,3,6052,2,10,5,0,666,0.42,420,0.58,1
11,4,2749,1,0,300,0.5,572,0.32,486,0.18,1
11,5,11497,2,10,5,0,300,0.5,572,0.32,486,0.18,1
11,6,11609,1,0,500,0.6,1000,0.2,1400,0.2,1
11,7,1237,2,10,5,0,300,0.5,1700,0.5,1
11,8,13287,1,0,500,0.6,1000,0.2,1400,0.2,1
11,9,4938,2,10,5,0,666,0.42,420,0.58,1
11,10,9699,0,0,666,0.42,420,0.58,1
11,11,13649,2,10,5,0,500,0.6,1000,0.2,1400,0.2,1
