0,0,4750,0,0,500,0.6,1000,0.2,1400,0.2,1
0,1,283,0,0,300,0.5,572,0.32,486,0.18,1
0,2,1549,0,0,500,0.6,1000,0.2,1400,0.2,1
0,3,6345,1,0,666,0.42,420,0.58,1
0,4,6881,2,10,5,0,300,0.5,1700,0.5,1
0,5,3539,2,10,5,0,300,0.5,572,0.32,486,0.18,1
0,6,4006,2,10,5,0,300,0.5,572,0.32,486,0.18,1
0,7,7846,2,10,5,0,300,0.5,572,0.32,486,0.18,1
0,8,9993,2,10,5,0,666,0.42,420,0.58,1
0,9,11946,1,0,300,0.5,572,0.32,486,0.18,1
0,10,4778,1,0,500,0.6,1000,0.2,1400,0.2,1
0,11,396,2,10,5,0,300,0.5,572,0.32,486,0.18,1
1,0,9677,0,0,500,0.6,1000,0.2,1400,0.2,1
1,1,14878,1,0,300,0.5,1700,0.5,1
1,2,4635,2,10,5,0,500,0.6,1000,0.2,1400,0.2,0
1,3,298,1,0,666,0.42,420,0.58,1
1,4,1778,1,0,500,0.6,1000,0.2,1400,0.2,1
1,5,7078,0,0,300,0.5,572,0.32,486,0.18,1
1,6,8068,1,0,300,0.5,1700,0.5,1
1,7,14353,0,0,500,0.6,1000,0.2,1400,0.2,1
1,8,13487,0,0,300,0.5,572,0.32,486,0.18,1
1,9,11558,2,10,5,0,300,0.5,1700,0.5,1
1,10,1178,0,0,300,0.5,572,0.32,486,0.18,1
1,11,1944,1,0,666,0.42,420,0.58,1
2,0,13084,1,0,300,0.5,1700,0.5,1
2,1,1894,0,0,300,0.5,1700,0.5,1
2,2,9563,2,10,5,0,300,0.5,1700,0.5,1
2,3,9215,0,0,300,0.5,1700,0.5,1
2,4,834,2,10,5,0,500,0.6,1000,0.2,1400,0.2,1
2,5,826,0,0,666,0.42,420,0.58,1
2,6,13035,0,0,300,0.5,572,0.32,486,0.18,1
2,7,8228,2,10,5,0,300,0.5,1700,0.5,1
2,8,12902,2,10,5,0,300,0.5,572,0.32,486,0.18,1
2,9,14139,0,0,666,0.42,420,0.58,1
2,10,1331,2,10,5,0,500,0.6,1000,0.2,1400,0.2,1
2,11,6804,1,0,500,0.6,1000,0.2,1400,0.2,1
3,0,14866,0,0,500,0.6,1000,0.2,1400,0.2,1
3,1,9799,2,10,5,0,666,0.42,420,0.58,1
3,2,10231,2,10,5,0,300,0.5,572,0.32,486,0.18,1
3,3,7861,0,0,300,0.5,1700,0.5,1
3,4,7255,2,10,5,0,666,0.42,420,0.58,1
3,5,1855,1,0,500,0.6,1000,0.2,1400,0.2,1
3,6,920,0,0,666,0.42,420,0.58,1
3,7,4835,1,0,666,0.42,420,0.58,1
3,8,6687,1,0,666,0.42,420,0.58,1
3,9,4378,0,0,300,0.5,1700,0.5,1
3,10,5659,0,0,666,0.42,420,0.58,1
3,11,12713,1,0,666,0.42,420,0.58,1
4,0,6287,1,0,300,0.5,572,0.32,486,0.18,1
4,1,14114,1,0,300,0.5,1700,0.5,1
4,2,1518,0,0,300,0.5,572,0.32,486,0.18,1
4,3,11170,1,0,300,0.5,1700,0.5,1
4,4,2678,2,10,5,0,300,0.5,572,0.32,486,0.18,1
4,5,4420,2,10,5,0,666,0.42,420,0.58,1
4,6,6868,0,0,300,0.5,572,0.32,486,0.18,1
4,7,1374,1,0,666,0.42,420,0.58,1
4,8,937,2,10,5,0,666,0.42,420,0.58,1
4,9,1229,0,0,666,0.42,420,0.58,1
4,10,7225,1,0,500,0.6,1000,0.2,1400,0.2,1
4,11,12257,1,0,300,0.5,572,0.32,486,0.18,1
5,0,5168,0,0,500,0.6,1000,0.2,1400,0.2,1
5,1,14179,2,10,5,0,666,0.42,420,0.58,1
5,2,14031,1,0,666,0.42,420,0.58,1
5,3,6303,2,10,5,0,666,0.42,420,0.58,1
5,4,889,1,0,500,0.6,1000,0.2,1400,0.2,1
5,5,1444,0,0,666,0.42,420,0.58,1
5,6,6954,0,0,300,0.5,572,0.32,486,0.18,1
5,7,9563,0,0,500,0.6,1000,0.2,1400,0.2,1
5,8,7649,2,10,5,0,666,0.42,420,0.58,1
5,9,1036,0,0,300,0.5,1700,0.5,1
5,10,13901,1,0,500,0.6,1000,0.2,1400,0.2,1
5,11,7748,0,0,300,0.5,1700,0.5,1
6,0,6130,1,0,500,0.6,1000,0.2,1400,0.2,1
6,1,2680,0,0,300,0.5,572,0.32,486,0.18,1
6,2,7995,1,0,300,0.5,1700,0.5,1
6,3,11141,0,0,300,0.5,1700,0.5,1
6,4,2948,0,0,300,0.5,572,0.32,486,0.18,1
6,5,10322,2,10,5,0,300,0.5,572,0.32,486,0.18,1
6,6,3256,1,0,666,0.42,420,0.58,1
6,7,14028,1,0,666,0.42,420,0.58,1
6,8,13704,1,0,300,0.5,572,0.32,486,0.18,1
6,9,12378,2,10,5,0,666,0.42,420,0.58,1
6,10,4424,2,10,5,0,500,0.6,1000,0.2,1400,0.2,1
6,11,1892,1,0,300,0.5,1700,0.5,1
7,0,9637,1,0,500,0.6,1000,0.2,1400,0.2,1
7,1,6910,1,0,666,0.42,420,0.58,1
7,2,1060,0,0,666,0.42,420,0.58,1
7,3,10245,2,10,5,0,300,0.5,572,0.32,486,0.18,1
7,4,14779,1,0,666,0.42,420,0.58,1
7,5,2947,2,10,5,0,500,0.6,1000,0.2,1400,0.2,1
7,6,9919,2,10,5,0,666,0.42,420,0.58,1
7,7,9981,0,0,300,0.5,1700,0.5,1
7,8,14530,2,10,5,0,300,0.5,1700,0.5,1
7,9,5201,2,10,5,0,500,0.6,1000,0.2,1400,0.2,1
7,10,12971,0,0,300,0.5,572,0.32,486,0.18,1
7,11,2373,1,0,666,0.42,420,0.58,1
8,0,5567,2,10,5,0,300,0.5,1700,0.5,1
8,1,2225,1,0,666,0.42,420,0.58,1
8,2,3059,0,0,666,0.42,420,0.58,1
8,3,12508,1,0,300,0.5,1700,0.5,1
8,4,5054,1,0,500,0.6,1000,0.2,1400,0.2,1
8,5,808,0,0,666,0.42,420,0.58,1
8,6,8994,1,0,300,0.5,572,0.32,486,0.18,1
8,7,5135,1,0,300,0.5,1700,0.5,1
8,8,4998,0,0,666,0.42,420,0.58,1
8,9,3071,2,10,5,0,666,0.42,420,0.58,1
8,10,992,1,0,666,0.42,420,0.58,1
8,11,14437,1,0,300,0.5,1700,0.5,1
9,0,2606,1,0,300,0.5,572,0.32,486,0.18,1
9,1,11405,1,0,666,0.42,420,0.58,1
9,2,13880,2,10,5,0,300,0.5,572,0.32,486,0.18,1
9,3,13300,0,0,500,0.6,1000,0.2,1400,0.2,1
9,4,6788,0,0,500,0.6,1000,0.2,1400,0.2,1
9,5,4837,2,10,5,0,300,0.5,572,0.32,486,0.18,1
9,6,2606,0,0,500,0.6,1000,0.2,1400,0.2,1
9,7,10680,0,0,500,0.6,1000,0.2,1400,0.2,1
9,8,13209,2,10,5,0,300,0.5,572,0.32,486,0.18,1
9,9,3295,2,10,5,0,666,0.42,420,0.58,1
9,10,3482,0,0,500,0.6,1000,0.2,1400,0.2,1
9,11,8668,1,0,300,0.5,572,0.32,486,0.18,1
10,0,6513,2,10,5,0,666,0.42,420,0.58,1
10,1,2607,2,10,5,0,300,0.5,572,0.32,486,0.18,1
10,2,4910,0,0,300,0.5,572,0.32,486,0.18,1
10,3,4146,2,10,5,0,500,0.6,1000,0.2,1400,0.2,1
10,4,4260,1,0,500,0.6,1000,0.2,1400,0.2,1
10,5,11729,2,10,5,0,500,0.6,1000,0.2,1400,0.2,1
10,6,13677,0,0,666,0.42,420,0.58,1
10,7,1796,0,0,666,0.42,420,0.58,1
10,8,5264,2,10,5,0,500,0.6,1000,0.2,1400,0.2,1
10,9,2730,0,0,500,0.6,1000,0.2,1400,0.2,1
10,10,12058,1,0,500,0.6,1000,0.2,1400,0.2,1
10,11,763,1,0,500,0.6,1000,0.2,1400,0.2,1
11,0,1397,0,0,300,0.5,572,0.32,486,0.18,1
11,1,1105,2,10,5,0,300,0.5,1700,0.5,1
11,2,9523,0,0,300,0.5,572,0.32,486,0.18,1
11,3,180,2,10,5,0,300,0.5,1700,0.5,1
11,4,13900,1,0,300,0.5,1700,0.5,1
11,5,2818,2,10,5,0,300,0.5,1700,0.5,1
11,6,10919,1,0,666,0.42,420,0.58,1
11,7,4616,2,10,5,0,300,0.5,572,0.32,486,0.18,1
11,8,375,1,0,300,0.5,572,0.32,486,0.18,1
11,9,12843,0,0,300,0.5,572,0.32,486,0.18,1
11,10,1289,2,10,5,0,500,0.6,1000,0.2,1400,0.2,1
11,11,6594,0,0,500,0.6,1000,0.2,1400,0.2,1
