0,0,822,0,0,300,0.5,572,0.32,486,0.18,1
0,1,400,2,10,5,0,666,0.42,420,0.58,1
0,2,9323,1,0,300,0.5,1700,0.5,1
0,3,1674,2,10,5,0,500,0.6,1000,0.2,1400,0.2,1
0,4,6366,1,0,300,0.5,1700,0.5,1
0,5,221,0,0,300,0.5,1700,0.5,1
0,6,12562,0,0,300,0.5,572,0.32,486,0.18,1
0,7,14294,1,0,300,0.5,572,0.32,486,0.18,1
0,8,11992,0,0,300,0.5,572,0.32,486,0.18,1
0,9,4319,2,10,5,0,300,0.5,572,0.32,486,0.18,1
0,10,9010,0,0,666,0.42,420,0.58,1
0,11,12839,2,10,5,0,500,0.6,1000,0.2,1400,0.2,1
1,0,7965,1,0,500,0.6,1000,0.2,1400,0.2,1
1,1,14852,0,0,300,0.5,572,0.32,486,0.18,1
1,2,8463,0,0,300,0.5,1700,0.5,0
1,3,8185,1,0,300,0.5,572,0.32,486,0.18,1
1,4,11476,2,10,5,0,500,0.6,1000,0.2,1400,0.2,1
1,5,2964,2,10,5,0,300,0.5,572,0.32,486,0.18,1
1,6,3574,2,10,5,0,300,0.5,572,0.32,486,0.18,1
1,7,14469,1,0,500,0.6,1000,0.2,1400,0.2,1
1,8,5126,0,0,300,0.5,572,0.32,486,0.18,1
1,9,11662,0,0,666,0.42,420,0.58,1
1,10,5642,0,0,300,0.5,572,0.32,486,0.18,1
1,11,5277,2,10,5,0,300,0.5,1700,0.5,1
2,0,5469,1,0,666,0.42,420,0.58,1
2,1,4311,2,10,5,0,300,0.5,1700,0.5,1
2,2,8825,1,0,300,0.5,1700,0.5,1
2,3,9118,0,0,300,0.5,1700,0.5,1
2,4,11527,0,0,300,0.5,572,0.32,486,0.18,1
2,5,10017,2,10,5,0,666,0.42,420,0.58,1
2,6,100,2,10,5,0,300,0.5,1700,0.5,1
2,7,3454,2,10,5,0,500,0.6,1000,0.2,1400,0.2,1
2,8,11390,1,0,500,0.6,1000,0.2,1400,0.2,1
2,9,171,2,10,5,0,300,0.5,1700,0.5,1
2,10,10002,1,0,500,0.6,1000,0.2,1400,0.2,1
2,11,13464,1,0,300,0.5,572,0.32,486,0.18,1
3,0,8045,0,0,666,0.42,420,0.58,1
3,1,632,0,0,500,0.6,1000,0.2,1400,0.2,1
3,2,6829,1,0,666,0.42,420,0.58,1
3,3,7056,1,0,300,0.5,572,0.32,486,0.18,1
3,4,5474,0,0,300,0.5,572,0.32,486,0.18,1
3,5,7731,0,0,500,0.6,1000,0.2,1400,0.2,1
3,6,5569,2,10,5,0,666,0.42,420,0.58,1
3,7,9850,1,0,300,0.5,572,0.32,486,0.18,1
3,8,7023,2,10,5,0,300,0.5,1700,0.5,1
3,9,5478,1,0,666,0.42,420,0.58,1
3,10,11083,2,10,5,0,300,0.5,572,0.32,486,0.18,1
3,11,1930,0,0,666,0.42,420,0.58,1
4,0,13878,1,0,300,0.5,572,0.32,486,0.18,1
4,1,14754,2,10,5,0,300,0.5,1700,0.5,1
4,2,2325,0,0,666,0.42,420,0.58,1
4,3,5545,0,0,666,0.42,420,0.58,1
4,4,7794,2,10,5,0,500,0.6,1000,0.2,1400,0.2,1
4,5,12808,2,10,5,0,500,0.6,1000,0.2,1400,0.2,1
4,6,11134,0,0,500,0.6,1000,0.2,1400,0.2,1
4,7,11500,0,0,500,0.6,1000,0.2,1400,0.2,1
4,8,8482,2,10,5,0,300,0.5,1700,0.5,1
4,9,6916,1,0,500,0.6,1000,0.2,1400,0.2,1
4,10,3133,2,10,5,0,300,0.5,572,0.32,486,0.18,1
4,11,11195,0,0,666,0.42,420,0.58,1
5,0,10637,1,0,300,0.5,1700,0.5,1
5,1,4420,2,10,5,0,666,0.42,420,0.58,1
5,2,12771,1,0,300,0.5,1700,0.5,1
5,3,743,2,10,5,0,300,0.5,1700,0.5,1
5,4,1370,0,0,666,0.42,420,0.58,1
5,5,8201,2,10,5,0,666,0.42,420,0.58,1
5,6,5640,1,0,300,0.5,572,0.32,486,0.18,1
5,7,7487,2,10,5,0,500,0.6,1000,0.2,1400,0.2,1
5,8,8934,0,0,300,0.5,1700,0.5,1
5,9,13124,0,0,300,0.5,1700,0.5,1
5,10,5494,1,0,666,0.42,420,0.58,1
5,11,2659,0,0,500,0.6,1000,0.2,1400,0.2,1
6,0,13262,2,10,5,0,300,0.5,1700,0.5,1
6,1,7688,1,0,300,0.5,1700,0.5,1
6,2,1388,0,0,300,0.5,1700,0.5,1
6,3,3232,1,0,666,0.42,420,0.58,1
6,4,333,0,0,500,0.6,1000,0.2,1400,0.2,1
6,5,4879,1,0,300,0.5,572,0.32,486,0.18,1
6,6,9302,2,10,5,0,666,0.42,420,0.58,1
6,7,12393,2,10,5,0,300,0.5,1700,0.5,1
6,8,3840,1,0,300,0.5,572,0.32,486,0.18,1
6,9,6334,2,10,5,0,300,0.5,572,0.32,486,0.18,1
6,10,7271,2,10,5,0,500,0.6,1000,0.2,1400,0.2,1
6,11,11978,2,10,5,0,666,0.42,420,0.58,1
7,0,1464,2,10,5,0,500,0.6,1000,0.2,1400,0.2,1
7,1,1341,2,10,5,0,666,0.42,420,0.58,1
7,2,2432,1,0,666,0.42,420,0.58,1
7,3,3434,2,10,5,0,500,0.6,1000,0.2,1400,0.2,1
7,4,2420,0,0,300,0.5,1700,0.5,1
7,5,12089,2,10,5,0,666,0.42,420,0.58,1
7,6,10982,0,0,300,0.5,1700,0.5,1
7,7,6404,2,10,5,0,500,0.6,1000,0.2,1400,0.2,1
7,8,8903,1,0,300,0.5,1700,0.5,1
7,9,10930,0,0,300,0.5,1700,0.5,1
7,10,10175,2,10,5,0,500,0.6,1000,0.2,1400,0.2,1
7,11,3554,0,0,300,0.5,572,0.32,486,0.18,1
8,0,10670,0,0,500,0.6,1000,0.2,1400,0.2,1
8,1,6653,0,0,300,0.5,572,0.32,486,0.18,1
8,2,10828,2,10,5,0,500,0.6,1000,0.2,1400,0.2,1
8,3,10403,0,0,300,0.5,1700,0.5,1
8,4,3816,0,0,666,0.42,420,0.58,1
8,5,4929,2,10,5,0,666,0.42,420,0.58,1
8,6,7593,2,10,5,0,500,0.6,1000,0.2,1400,0.2,1
8,7,1581,1,0,666,0.42,420,0.58,1
8,8,1906,0,0,666,0.42,420,0.58,1
8,9,3348,0,0,666,0.42,420,0.58,1
8,10,5366,1,0,300,0.5,572,0.32,486,0.18,1
8,11,1333,1,0,300,0.5,572,0.32,486,0.18,1
9,0,13060,2,10,5,0,666,0.42,420,0.58,1
9,1,1964,2,10,5,0,300,0.5,572,0.32,486,0.18,1
9,2,4723,2,10,5,0,666,0.42,420,0.58,1
9,3,6005,1,0,666,0.42,420,0.58,1
9,4,6852,0,0,300,0.5,572,0.32,486,0.18,1
9,5,13033,2,10,5,0,300,0.5,572,0.32,486,0.18,1
9,6,10608,2,10,5,0,300,0.5,1700,0.5,1
9,7,13780,0,0,500,0.6,1000,0.2,1400,0.2,1
9,8,4656,2,10,5,0,300,0.5,572,0.32,486,0.18,1
9,9,2621,0,0,300,0.5,572,0.32,486,0.18,1
9,10,8101,1,0,300,0.5,572,0.32,486,0.18,1
9,11,11264,2,10,5,0,300,0.5,1700,0.5,1
10,0,6753,2,10,5,0,500,0.6,1000,0.2,1400,0.2,1
10,1,5664,2,10,5,0,300,0.5,572,0.32,486,0.18,1
10,2,4824,0,0,500,0.6,1000,0.2,1400,0.2,1
10,3,13384,0,0,300,0.5,1700,0.5,1
10,4,3634,0,0,300,0.5,1700,0.5,1
10,5,6067,1,0,500,0.6,1000,0.2,1400,0.2,1
10,6,3979,0,0,500,0.6,1000,0.2,1400,0.2,1
10,7,2615,0,0,666,0.42,420,0.58,1
10,8,3619,2,10,5,0,500,0.6,1000,0.2,1400,0.2,1
10,9,800,1,0,300,0.5,572,0.32,486,0.18,1
10,10,6063,0,0,300,0.5,1700,0.5,1
10,11,11117,2,10,5,0,300,0.5,572,0.32,486,0.18,1
11,0,7254,0,0,500,0.6,1000,0.2,1400,0.2,1
11,1,38,0,0,300,0.5,1700,0.5,1
11,2,3434,0,0,666,0.42,420,0.58,1
11,3,14919,1,0,500,0.6,1000,0.2,1400,0.2,1
11,4,4887,1,0,300,0.5,1700,0.5,1
11,5,11595,1,0,300,0.5,1700,0.5,1
11,6,12961,0,0,300,0.5,1700,0.5,1
11,7,2125,1,0,300,0.5,572,0.32,486,0.18,1
11,8,5657,1,0,300,0.5,572,0.32,486,0.18,1
11,9,2669,2,10,5,0,500,0.6,1000,0.2,1400,0.2,1
11,10,10032,2,10,5,0,300,0.5,1700,0.5,1
11,11,1329,0,0,500,0.6,1000,0.2,1400,0.2,1
