0,0,11603,2,10,5,0,666,0.42,420,0.58,1
0,1,14623,1,0,500,0.6,1000,0.2,1400,0.2,1
0,2,4469,0,0,666,0.42,420,0.58,1
0,3,11858,0,0,666,0.42,420,0.58,1
0,4,12291,1,0,300,0.5,572,0.32,486,0.18,1
0,5,418,1,0,500,0.6,1000,0.2,1400,0.2,1
0,6,13212,1,0,500,0.6,1000,0.2,1400,0.2,1
0,7,13749,2,10,5,0,500,0.6,1000,0.2,1400,0.2,1
0,8,8247,0,0,300,0.5,572,0.32,486,0.18,1
0,9,2241,2,10,5,0,300,0.5,572,0.32,486,0.18,1
0,10,10869,1,0,300,0.5,1700,0.5,1
0,11,7559,1,0,500,0.6,1000,0.2,1400,0.2,1
1,0,6678,1,0,666,0.42,420,0.58,1
1,1,9467,1,0,300,0.5,1700,0.5,1
1,2,3064,2,10,5,0,666,0.42,420,0.58,0
1,3,14091,2,10,5,0,300,0.5,1700,0.5,1
1,4,4704,2,10,5,0,300,0.5,572,0.32,486,0.18,1
1,5,2493,0,0,300,0.5,572,0.32,486,0.18,1
1,6,7222,0,0,300,0.5,1700,0.5,1
1,7,11490,1,0,300,0.5,572,0.32,486,0.18,1
1,8,4208,2,10,5,0,666,0.42,420,0.58,1
1,9,8575,2,10,5,0,300,0.5,1700,0.5,1
1,10,3067,2,10,5,0,300,0.5,1700,0.5,1
1,11,3969,0,0,666,0.42,420,0.58,1
2,0,6665,2,10,5,0,500,0.6,1000,0.2,1400,0.2,1
2,1,11733,0,0,300,0.5,572,0.32,486,0.18,1
2,2,8683,2,10,5,0,300,0.5,572,0.32,486,0.18,1
2,3,5119,1,0,300,0.5,572,0.32,486,0.18,1
2,4,7602,0,0,300,0.5,1700,0.5,1
2,5,7093,1,0,666,0.42,420,0.58,1
2,6,780,0,0,666,0.42,420,0.58,1
2,7,9252,0,0,500,0.6,1000,0.2,1400,0.2,1
2,8,4115,0,0,500,0.6,1000,0.2,1400,0.2,1
2,9,6474,0,0,300,0.5,572,0.32,486,0.18,1
2,10,13355,0,0,500,0.6,1000,0.2,1400,0.2,1
2,11,9356,0,0,300,0.5,572,0.32,486,0.18,1
3,0,625,2,10,5,0,500,0.6,1000,0.2,1400,0.2,1
3,1,8621,0,0,666,0.42,420,0.58,1
3,2,8658,1,0,500,0.6,1000,0.2,1400,0.2,1
3,3,5833,0,0,300,0.5,1700,0.5,1
3,4,3192,0,0,300,0.5,1700,0.5,1
3,5,2424,2,10,5,0,300,0.5,572,0.32,486,0.18,1
3,6,11342,2,10,5,0,300,0.5,1700,0.5,1
3,7,13516,1,0,500,0.6,1000,0.2,1400,0.2,1
3,8,9365,2,10,5,0,300,0.5,1700,0.5,1
3,9,11288,0,0,300,0.5,1700,0.5,1
3,10,4949,1,0,300,0.5,572,0.32,486,0.18,1
3,11,6076,0,0,300,0.5,1700,0.5,1
4,0,9726,0,0,500,0.6,1000,0.2,1400,0.2,1
4,1,4781,0,0,300,0.5,572,0.32,486,0.18,1
4,2,1895,0,0,500,0.6,1000,0.2,1400,0.2,1
4,3,10742,1,0,666,0.42,420,0.58,1
4,4,6608,1,0,300,0.5,572,0.32,486,0.18,1
4,5,7217,0,0,666,0.42,420,0.58,1
4,6,964,0,0,666,0.42,420,0.58,1
4,7,837,0,0,300,0.5,572,0.32,486,0.18,1
4,8,5156,0,0,500,0.6,1000,0.2,1400,0.2,1
4,9,10792,1,0,500,0.6,1000,0.2,1400,0.2,1
4,10,8034,1,0,300,0.5,572,0.32,486,0.18,1
4,11,13027,1,0,500,0.6,1000,0.2,1400,0.2,1
5,0,7964,2,10,5,0,666,0.42,420,0.58,1
5,1,3942,2,10,5,0,300,0.5,572,0.32,486,0.18,1
5,2,14292,2,10,5,0,666,0.42,420,0.58,1
5,3,8778,0,0,666,0.42,420,0.58,1
5,4,6473,1,0,666,0.42,420,0.58,1
5,5,11996,0,0,300,0.5,1700,0.5,1
5,6,2263,1,0,500,0.6,1000,0.2,1400,0.2,1
5,7,13165,0,0,300,0.5,1700,0.5,1
5,8,13172,1,0,300,0.5,1700,0.5,1
5,9,13509,0,0,666,0.42,420,0.58,1
5,10,8034,1,0,666,0.42,420,0.58,1
5,11,13603,2,10,5,0,300,0.5,1700,0.5,1
6,0,10413,2,10,5,0,500,0.6,1000,0.2,1400,0.2,1
6,1,1485,2,10,5,0,500,0.6,1000,0.2,1400,0.2,1
6,2,8660,0,0,300,0.5,1700,0.5,1
6,3,1958,2,10,5,0,300,0.5,572,0.32,486,0.18,1
6,4,3495,1,0,500,0.6,1000,0.2,1400,0.2,1
6,5,3200,0,0,666,0.42,420,0.58,1
6,6,11506,2,10,5,0,666,0.42,420,0.58,1
6,7,594,1,0,500,0.6,1000,0.2,1400,0.2,1
6,8,7824,0,0,500,0.6,1000,0.2,1400,0.2,1
6,9,8518,0,0,500,0.6,1000,0.2,1400,0.2,1
6,10,11631,0,0,500,0.6,1000,0.2,1400,0.2,1
6,11,8591,2,10,5,0,300,0.5,1700,0.5,1
7,0,7869,1,0,300,0.5,1700,0.5,1
7,1,4487,0,0,300,0.5,1700,0.5,1
7,2,8967,0,0,300,0.5,1700,0.5,1
7,3,13164,0,0,300,0.5,1700,0.5,1
7,4,13768,2,10,5,0,500,0.6,1000,0.2,1400,0.2,1
7,5,7633,1,0,666,0.42,420,0.58,1
7,6,2097,1,0,300,0.5,1700,0.5,1
7,7,13306,0,0,500,0.6,1000,0.2,1400,0.2,1
7,8,12048,1,0,300,0.5,572,0.32,486,0.18,1
7,9,10438,2,10,5,0,300,0.5,1700,0.5,1
7,10,9165,0,0,666,0.42,420,0.58,1
7,11,6571,2,10,5,0,666,0.42,420,0.58,1
8,0,3214,2,10,5,0,500,0.6,1000,0.2,1400,0.2,1
8,1,8782,0,0,300,0.5,572,0.32,486,0.18,1
8,2,798,0,0,666,0.42,420,0.58,1
8,3,14711,0,0,666,0.42,420,0.58,1
8,4,13742,1,0,300,0.5,572,0.32,486,0.18,1
8,5,4335,1,0,500,0.6,1000,0.2,1400,0.2,1
8,6,1453,1,0,666,0.42,420,0.58,1
8,7,13636,2,10,5,0,666,0.42,420,0.58,1
8,8,4563,1,0,500,0.6,1000,0.2,1400,0.2,1
8,9,14600,2,10,5,0,300,0.5,572,0.32,486,0.18,1
8,10,9146,0,0,666,0.42,420,0.58,1
8,11,10094,0,0,666,0.42,420,0.58,1
9,0,5070,1,0,666,0.42,420,0.58,1
9,1,13918,1,0,666,0.42,420,0.58,1
9,2,8094,0,0,300,0.5,572,0.32,486,0.18,1
9,3,13085,2,10,5,0,300,0.5,572,0.32,486,0.18,1
9,4,2402,0,0,500,0.6,1000,0.2,1400,0.2,1
9,5,12871,2,10,5,0,300,0.5,1700,0.5,1
9,6,7756,0,0,500,0.6,1000,0.2,1400,0.2,1
9,7,4846,1,0,666,0.42,420,0.58,1
9,8,5900,2,10,5,0,666,0.42,420,0.58,1
9,9,129,1,0,500,0.6,1000,0.2,1400,0.2,1
9,10,7693,2,10,5,0,666,0.42,420,0.58,1
9,11,10986,2,10,5,0,300,0.5,1700,0.5,1
10,0,10618,1,0,300,0.5,572,0.32,486,0.18,1
10,1,4775,2,10,5,0,500,0.6,1000,0.2,1400,0.2,1
10,2,1896,2,10,5,0,666,0.42,420,0.58,1
10,3,9170,1,0,500,0.6,1000,0.2,1400,0.2,1
10,4,14386,1,0,500,0.6,1000,0.2,1400,0.2,1
10,5,1645,2,10,5,0,300,0.5,1700,0.5,1
10,6,2020,2,10,5,0,500,0.6,1000,0.2,1400,0.2,1
10,7,2770,2,10,5,0,500,0.6,1000,0.2,1400,0.2,1
10,8,2203,1,0,500,0.6,1000,0.2,1400,0.2,1
10,9,6648,1,0,666,0.42,420,0.58,1
10,10,11852,2,10,5,0,300,0.5,572,0.32,486,0.18,1
10,11,1299,2,10,5,0,666,0.42,420,0.58,1
11,0,2563,2,10,5,0,300,0.5,1700,0.5,1
11,1,14495,2,10,5,0,300,0.5,572,0.32,486,0.18,1
11,2,803,0,0,300,0.5,572,0.32,486,0.18,1
11,3,11173,2,10,5,0,500,0.6,1000,0.2,1400,0.2,1
11,4,13427,1,0,300,0.5,572,0.32,486,0.18,1
11,5,5276,0,0,666,0.42,420,0.58,1
11,6,798,2,10,5,0,300,0.5,1700,0.5,1
11,7,10519,1,0,500,0.6,1000,0.2,1400,0.2,1
11,8,758,0,0,666,0.42,420,0.58,1
11,9,12517,1,0,666,0.42,420,0.58,1
11,10,3367,0,0,300,0.5,572,0.32,486,0.18,1
11,11,11842,2,10,5,0,300,0.5,572,0.32,486,0.18,1
