0,0,9493,2,10,5,0,666,0.42,420,0.58,1
0,1,3971,0,0,300,0.5,1700,0.5,1
0,2,14594,1,0,300,0.5,1700,0.5,1
0,3,13992,0,0,300,0.5,1700,0.5,1
0,4,2212,2,10,5,0,300,0.5,1700,0.5,1
0,5,1416,0,0,300,0.5,572,0.32,486,0.18,1
0,6,664,1,0,500,0.6,1000,0.2,1400,0.2,1
0,7,11525,1,0,500,0.6,1000,0.2,1400,0.2,1
0,8,8573,1,0,300,0.5,572,0.32,486,0.18,1
0,9,12049,2,10,5,0,300,0.5,1700,0.5,1
0,10,1878,0,0,300,0.5,1700,0.5,1
0,11,10488,1,0,666,0.42,420,0.58,1
1,0,3696,1,0,500,0.6,1000,0.2,1400,0.2,1
1,1,13113,1,0,500,0.6,1000,0.2,1400,0.2,1
1,2,12057,1,0,300,0.5,572,0.32,486,0.18,0
1,3,9795,1,0,300,0.5,572,0.32,486,0.18,1
1,4,14023,1,0,300,0.5,1700,0.5,1
1,5,3219,2,10,5,0,300,0.5,1700,0.5,1
1,6,13356,1,0,300,0.5,1700,0.5,1
1,7,5857,2,10,5,0,300,0.5,572,0.32,486,0.18,1
1,8,722,0,0,300,0.5,1700,0.5,1
1,9,13798,0,0,500,0.6,1000,0.2,1400,0.2,1
1,10,6327,2,10,5,0,666,0.42,420,0.58,1
1,11,2412,2,10,5,0,666,0.42,420,0.58,1
2,0,5869,2,10,5,0,300,0.5,1700,0.5,1
2,1,8023,1,0,300,0.5,1700,0.5,1
2,2,6548,1,0,300,0.5,1700,0.5,1
2,3,13248,2,10,5,0,300,0.5,572,0.32,486,0.18,1
2,4,604,2,10,5,0,666,0.42,420,0.58,1
2,5,4898,0,0,666,0.42,420,0.58,1
2,6,12789,1,0,300,0.5,1700,0.5,1
2,7,88,2,10,5,0,300,0.5,1700,0.5,1
2,8,806,1,0,666,0.42,420,0.58,1
2,9,8216,2,10,5,0,300,0.5,572,0.32,486,0.18,1
2,10,11785,2,10,5,0,300,0.5,572,0.32,486,0.18,1
2,11,7339,1,0,300,0.5,572,0.32,486,0.18,1
3,0,5915,0,0,300,0.5,572,0.32,486,0.18,1
3,1,7947,1,0,666,0.42,420,0.58,1
3,2,3775,0,0,300,0.5,572,0.32,486,0.18,1
3,3,514,1,0,300,0.5,1700,0.5,1
3,4,10614,0,0,300,0.5,572,0.32,486,0.18,1
3,5,4095,2,10,5,0,666,0.42,420,0.58,1
3,6,11449,2,10,5,0,300,0.5,572,0.32,486,0.18,1
3,7,10336,0,0,300,0.5,1700,0.5,1
3,8,8760,0,0,300,0.5,1700,0.5,1
3,9,459,2,10,5,0,300,0.5,1700,0.5,1
3,10,1227,0,0,500,0.6,1000,0.2,1400,0.2,1
3,11,3693,1,0,500,0.6,1000,0.2,1400,0.2,1
4,0,1776,1,0,300,0.5,1700,0.5,1
4,1,1456,1,0,500,0.6,1000,0.2,1400,0.2,1
4,2,6852,0,0,666,0.42,420,0.58,1
4,3,8832,2,10,5,0,666,0.42,420,0.58,1
4,4,1072,1,0,500,0.6,1000,0.2,1400,0.2,1
4,5,9839,2,10,5,0,300,0.5,572,0.32,486,0.18,1
4,6,1726,2,10,5,0,300,0.5,1700,0.5,1
4,7,3420,2,10,5,0,300,0.5,572,0.32,486,0.18,1
4,8,2849,1,0,300,0.5,572,0.32,486,0.18,1
4,9,5908,0,0,300,0.5,1700,0.5,1
4,10,4398,2,10,5,0,300,0.5,1700,0.5,1
4,11,3549,1,0,666,0.42,420,0.58,1
5,0,5221,1,0,666,0.42,420,0.58,1
5,1,1954,1,0,666,0.42,420,0.58,1
5,2,9761,1,0,300,0.5,572,0.32,486,0.18,1
5,3,505,1,0,666,0.42,420,0.58,1
5,4,7138,2,10,5,0,300,0.5,572,0.32,486,0.18,1
5,5,1296,0,0,300,0.5,572,0.32,486,0.18,1
5,6,8721,2,10,5,0,300,0.5,1700,0.5,1
5,7,2580,2,10,5,0,500,0.6,1000,0.2,1400,0.2,1
5,8,2577,1,0,666,0.42,420,0.58,1
5,9,1408,0,0,500,0.6,1000,0.2,1400,0.2,1
5,10,12604,1,0,666,0.42,420,0.58,1
5,11,8934,0,0,666,0.42,420,0.58,1
6,0,6489,2,10,5,0,300,0.5,1700,0.5,1
6,1,9161,1,0,300,0.5,572,0.32,486,0.18,1
6,2,10055,2,10,5,0,666,0.42,420,0.58,1
6,3,13256,0,0,666,0.42,420,0.58,1
6,4,606,2,10,5,0,300,0.5,1700,0.5,1
6,5,10066,0,0,500,0.6,1000,0.2,1400,0.2,1
6,6,2144,2,10,5,0,300,0.5,1700,0.5,1
6,7,14311,1,0,500,0.6,1000,0.2,1400,0.2,1
6,8,14974,1,0,300,0.5,1700,0.5,1
6,9,5788,2,10,5,0,500,0.6,1000,0.2,1400,0.2,1
6,10,2816,0,0,500,0.6,1000,0.2,1400,0.2,1
6,11,6469,1,0,300,0.5,572,0.32,486,0.18,1
7,0,14656,2,10,5,0,500,0.6,1000,0.2,1400,0.2,1
7,1,5317,2,10,5,0,300,0.5,572,0.32,486,0.18,1
7,2,13664,0,0,666,0.42,420,0.58,1
7,3,425,1,0,300,0.5,572,0.32,486,0.18,1
7,4,3381,2,10,5,0,300,0.5,1700,0.5,1
7,5,8387,1,0,300,0.5,1700,0.5,1
7,6,14116,1,0,666,0.42,420,0.58,1
7,7,11168,0,0,300,0.5,1700,0.5,1
7,8,8643,1,0,500,0.6,1000,0.2,1400,0.2,1
7,9,10089,0,0,300,0.5,572,0.32,486,0.18,1
7,10,9972,1,0,500,0.6,1000,0.2,1400,0.2,1
7,11,5285,2,10,5,0,666,0.42,420,0.58,1
8,0,699,2,10,5,0,300,0.5,572,0.32,486,0.18,1
8,1,5869,0,0,500,0.6,1000,0.2,1400,0.2,1
8,2,3044,0,0,500,0.6,1000,0.2,1400,0.2,1
8,3,4069,2,10,5,0,300,0.5,572,0.32,486,0.18,1
8,4,14762,1,0,300,0.5,572,0.32,486,0.18,1
8,5,11017,0,0,300,0.5,1700,0.5,1
8,6,14765,2,10,5,0,300,0.5,1700,0.5,1
8,7,4286,0,0,500,0.6,1000,0.2,1400,0.2,1
8,8,12909,1,0,300,0.5,572,0.32,486,0.18,1
8,9,4750,1,0,300,0.5,1700,0.5,1
8,10,8933,0,0,300,0.5,1700,0.5,1
8,11,6100,1,0,500,0.6,1000,0.2,1400,0.2,1
9,0,13012,2,10,5,0,666,0.42,420,0.58,1
9,1,2694,0,0,300,0.5,1700,0.5,1
9,2,14941,0,0,300,0.5,1700,0.5,1
9,3,11388,0,0,500,0.6,1000,0.2,1400,0.2,1
9,4,3342,0,0,300,0.5,1700,0.5,1
9,5,6557,1,0,666,0.42,420,0.58,1
9,6,4538,1,0,666,0.42,420,0.58,1
9,7,8213,0,0,300,0.5,1700,0.5,1
9,8,14580,2,10,5,0,300,0.5,572,0.32,486,0.18,1
9,9,6794,1,0,300,0.5,572,0.32,486,0.18,1
9,10,12914,2,10,5,0,300,0.5,572,0.32,486,0.18,1
9,11,1989,0,0,666,0.42,420,0.58,1
10,0,9060,2,10,5,0,300,0.5,1700,0.5,1
10,1,2845,1,0,500,0.6,1000,0.2,1400,0.2,1
10,2,2384,0,0,666,0.42,420,0.58,1
10,3,5856,1,0,666,0.42,420,0.58,1
10,4,14061,0,0,500,0.6,1000,0.2,1400,0.2,1
10,5,11692,0,0,500,0.6,1000,0.2,1400,0.2,1
10,6,3918,2,10,5,0,300,0.5,572,0.32,486,0.18,1
10,7,8808,1,0,300,0.5,1700,0.5,1
10,8,268,1,0,300,0.5,572,0.32,486,0.18,1
10,9,12758,0,0,300,0.5,572,0.32,486,0.18,1
10,10,8989,2,10,5,0,500,0.6,1000,0.2,1400,0.2,1
10,11,13798,1,0,300,0.5,572,0.32,486,0.18,1
11,0,13766,2,10,5,0,666,0.42,420,0.58,1
11,1,13336,2,10,5,0,666,0.42,420,0.58,1
11,2,6008,0,0,500,0.6,1000,0.2,1400,0.2,1
11,3,13347,1,0,300,0.5,572,0.32,486,0.18,1
11,4,256,2,10,5,0,300,0.5,572,0.32,486,0.18,1
11,5,7454,1,0,666,0.42,420,0.58,1
11,6,5846,1,0,300,0.5,572,0.32,486,0.18,1
11,7,11517,1,0,300,0.5,1700,0.5,1
11,8,14555,0,0,500,0.6,1000,0.2,1400,0.2,1
11,9,1288,0,0,300,0.5,1700,0.5,1
11,10,234,0,0,300,0.5,1700,0.5,1
11,11,12298,1,0,500,0.6,1000,0.2,1400,0.2,1
