0,0,5006,2,10,5,0,500,0.6,1000,0.2,1400,0.2,1
0,1,1645,0,0,500,0.6,1000,0.2,1400,0.2,1
0,2,1456,2,10,5,0,300,0.5,1700,0.5,1
0,3,12886,1,0,300,0.5,572,0.32,486,0.18,1
0,4,6112,2,10,5,0,500,0.6,1000,0.2,1400,0.2,1
0,5,14416,1,0,666,0.42,420,0.58,1
0,6,9933,1,0,300,0.5,1700,0.5,1
0,7,7220,0,0,666,0.42,420,0.58,1
0,8,12358,0,0,300,0.5,572,0.32,486,0.18,1
0,9,9483,2,10,5,0,300,0.5,572,0.32,486,0.18,1
0,10,11657,2,10,5,0,300,0.5,1700,0.5,1
0,11,14206,0,0,500,0.6,1000,0.2,1400,0.2,1
1,0,2698,2,10,5,0,300,0.5,572,0.32,486,0.18,1
1,1,14548,0,0,500,0.6,1000,0.2,1400,0.2,1
1,2,8555,1,0,666,0.42,420,0.58,0
1,3,6360,2,10,5,0,500,0.6,1000,0.2,1400,0.2,1
1,4,12279,2,10,5,0,500,0.6,1000,0.2,1400,0.2,1
1,5,7230,1,0,500,0.6,1000,0.2,1400,0.2,1
1,6,12722,1,0,300,0.5,572,0.32,486,0.18,1
1,7,3500,0,0,300,0.5,1700,0.5,1
1,8,1640,2,10,5,0,300,0.5,572,0.32,486,0.18,1
1,9,8960,1,0,300,0.5,1700,0.5,1
1,10,14508,1,0,500,0.6,1000,0.2,1400,0.2,1
1,11,943,2,10,5,0,500,0.6,1000,0.2,1400,0.2,1
2,0,2373,0,0,300,0.5,572,0.32,486,0.18,1
2,1,8271,2,10,5,0,500,0.6,1000,0.2,1400,0.2,1
2,2,8647,2,10,5,0,300,0.5,1700,0.5,1
2,3,5593,1,0,300,0.5,572,0.32,486,0.18,1
2,4,2397,0,0,300,0.5,1700,0.5,1
2,5,4360,2,10,5,0,300,0.5,1700,0.5,1
2,6,11067,0,0,300,0.5,1700,0.5,1
2,7,7706,0,0,666,0.42,420,0.58,1
2,8,13000,0,0,300,0.5,572,0.32,486,0.18,1
2,9,6539,2,10,5,0,500,0.6,1000,0.2,1400,0.2,1
2,10,8769,1,0,666,0.42,420,0.58,1
2,11,7411,0,0,666,0.42,420,0.58,1
3,0,5494,1,0,500,0.6,1000,0.2,1400,0.2,1
3,1,4800,2,10,5,0,500,0.6,1000,0.2,1400,0.2,1
3,2,4932,0,0,666,0.42,420,0.58,1
3,3,11312,1,0,300,0.5,572,0.32,486,0.18,1
3,4,10220,2,10,5,0,300,0.5,572,0.32,486,0.18,1
3,5,8080,0,0,300,0.5,1700,0.5,1
3,6,8732,2,10,5,0,500,0.6,1000,0.2,1400,0.2,1
3,7,1428,2,10,5,0,300,0.5,1700,0.5,1
3,8,7279,2,10,5,0,666,0.42,420,0.58,1
3,9,6712,1,0,300,0.5,572,0.32,486,0.18,1
3,10,8812,1,0,300,0.5,1700,0.5,1
3,11,8459,0,0,500,0.6,1000,0.2,1400,0.2,1
4,0,13438,0,0,666,0.42,420,0.58,1
4,1,1370,1,0,666,0.42,420,0.58,1
4,2,7930,0,0,666,0.42,420,0.58,1
4,3,3915,0,0,500,0.6,1000,0.2,1400,0.2,1
4,4,4186,2,10,5,0,500,0.6,1000,0.2,1400,0.2,1
4,5,3240,1,0,300,0.5,1700,0.5,1
4,6,12730,1,0,666,0.42,420,0.58,1
4,7,5974,1,0,300,0.5,572,0.32,486,0.18,1
4,8,1105,2,10,5,0,500,0.6,1000,0.2,1400,0.2,1
4,9,6895,2,10,5,0,300,0.5,1700,0.5,1
4,10,12214,1,0,500,0.6,1000,0.2,1400,0.2,1
4,11,8674,2,10,5,0,500,0.6,1000,0.2,1400,0.2,1
5,0,6835,1,0,666,0.42,420,0.58,1
5,1,10739,1,0,300,0.5,1700,0.5,1
5,2,12583,1,0,500,0.6,1000,0.2,1400,0.2,1
5,3,1348,2,10,5,0,300,0.5,1700,0.5,1
5,4,5746,1,0,300,0.5,1700,0.5,1
5,5,5043,0,0,500,0.6,1000,0.2,1400,0.2,1
5,6,870,2,10,5,0,500,0.6,1000,0.2,1400,0.2,1
5,7,4417,2,10,5,0,500,0.6,1000,0.2,1400,0.2,1
5,8,12890,0,0,300,0.5,1700,0.5,1
5,9,1613,2,10,5,0,666,0.42,420,0.58,1
5,10,829,1,0,500,0.6,1000,0.2,1400,0.2,1
5,11,10431,1,0,300,0.5,1700,0.5,1
6,0,10319,0,0,300,0.5,1700,0.5,1
6,1,3859,1,0,300,0.5,572,0.32,486,0.18,1
6,2,6124,0,0,666,0.42,420,0.58,1
6,3,3801,0,0,300,0.5,572,0.32,486,0.18,1
6,4,14634,1,0,500,0.6,1000,0.2,1400,0.2,1
6,5,1104,2,10,5,0,666,0.42,420,0.58,1
6,6,3524,0,0,666,0.42,420,0.58,1
6,7,11723,1,0,300,0.5,572,0.32,486,0.18,1
6,8,14952,2,10,5,0,500,0.6,1000,0.2,1400,0.2,1
6,9,898,1,0,300,0.5,1700,0.5,1
6,10,7052,1,0,666,0.42,420,0.58,1
6,11,6281,0,0,300,0.5,572,0.32,486,0.18,1
7,0,13612,0,0,300,0.5,572,0.32,486,0.18,1
7,1,7608,0,0,666,0.42,420,0.58,1
7,2,13401,0,0,300,0.5,1700,0.5,1
7,3,3444,1,0,300,0.5,1700,0.5,1
7,4,13724,0,0,500,0.6,1000,0.2,1400,0.2,1
7,5,4636,0,0,300,0.5,572,0.32,486,0.18,1
7,6,1891,0,0,300,0.5,1700,0.5,1
7,7,12134,0,0,500,0.6,1000,0.2,1400,0.2,1
7,8,2658,0,0,666,0.42,420,0.58,1
7,9,5186,0,0,666,0.42,420,0.58,1
7,10,8562,2,10,5,0,500,0.6,1000,0.2,1400,0.2,1
7,11,4434,2,10,5,0,300,0.5,572,0.32,486,0.18,1
8,0,8097,1,0,666,0.42,420,0.58,1
8,1,14453,1,0,500,0.6,1000,0.2,1400,0.2,1
8,2,5146,2,10,5,0,300,0.5,572,0.32,486,0.18,1
8,3,12394,2,10,5,0,666,0.42,420,0.58,1
8,4,14764,2,10,5,0,300,0.5,572,0.32,486,0.18,1
8,5,9212,2,10,5,0,500,0.6,1000,0.2,1400,0.2,1
8,6,14444,0,0,500,0.6,1000,0.2,1400,0.2,1
8,7,12410,2,10,5,0,300,0.5,572,0.32,486,0.18,1
8,8,6417,2,10,5,0,500,0.6,1000,0.2,1400,0.2,1
8,9,497,0,0,300,0.5,572,0.32,486,0.18,1
8,10,8503,2,10,5,0,300,0.5,1700,0.5,1
8,11,2633,1,0,666,0.42,420,0.58,1
9,0,1294,0,0,300,0.5,572,0.32,486,0.18,1
9,1,6364,0,0,300,0.5,1700,0.5,1
9,2,4975,1,0,500,0.6,1000,0.2,1400,0.2,1
9,3,13432,1,0,500,0.6,1000,0.2,1400,0.2,1
9,4,2905,0,0,500,0.6,1000,0.2,1400,0.2,1
9,5,1855,2,10,5,0,666,0.42,420,0.58,1
9,6,4357,1,0,666,0.42,420,0.58,1
9,7,7415,2,10,5,0,300,0.5,572,0.32,486,0.18,1
9,8,12101,0,0,666,0.42,420,0.58,1
9,9,4583,0,0,500,0.6,1000,0.2,1400,0.2,1
9,10,6513,0,0,500,0.6,1000,0.2,1400,0.2,1
9,11,1796,1,0,666,0.42,420,0.58,1
10,0,13288,2,10,5,0,300,0.5,572,0.32,486,0.18,1
10,1,6477,2,10,5,0,300,0.5,572,0.32,486,0.18,1
10,2,9642,0,0,300,0.5,1700,0.5,1
10,3,5480,1,0,300,0.5,1700,0.5,1
10,4,13519,2,10,5,0,500,0.6,1000,0.2,1400,0.2,1
10,5,6200,2,10,5,0,666,0.42,420,0.58,1
10,6,13331,0,0,300,0.5,1700,0.5,1
10,7,13802,1,0,666,0.42,420,0.58,1
10,8,5871,2,10,5,0,300,0.5,1700,0.5,1
10,9,3081,2,10,5,0,300,0.5,1700,0.5,1
10,10,3426,0,0,666,0.42,420,0.58,1
10,11,9873,1,0,666,0.42,420,0.58,1
11,0,9869,0,0,500,0.6,1000,0.2,1400,0.2,1
11,1,7319,1,0,666,0.42,420,0.58,1
11,2,7692,1,0,500,0.6,1000,0.2,1400,0.2,1
11,3,9287,0,0,500,0.6,1000,0.2,1400,0.2,1
11,4,8102,0,0,300,0.5,1700,0.5,1
11,5,10275,0,0,666,0.42,420,0.58,1
11,6,3791,1,0,300,0.5,1700,0.5,1
11,7,5588,2,10,5,0,666,0.42,420,0.58,1
11,8,7294,1,0,300,0.5,1700,0.5,1
11,9,14290,2,10,5,0,300,0.5,572,0.32,486,0.18,1
11,10,6407,1,0,666,0.42,420,0.58,1
11,11,12179,2,10,5,0,300,0.5,1700,0.5,1
