0,0,11436,0,0,500,0.6,1000,0.2,1400,0.2,1
0,1,3439,0,0,300,0.5,572,0.32,486,0.18,1
0,2,13435,1,0,666,0.42,420,0.58,1
0,3,7899,0,0,300,0.5,572,0.32,486,0.18,1
0,4,263,0,0,300,0.5,572,0.32,486,0.18,1
0,5,12707,0,0,300,0.5,572,0.32,486,0.18,1
0,6,3070,0,0,300,0.5,1700,0.5,1
0,7,4717,0,0,666,0.42,420,0.58,1
0,8,5916,0,0,300,0.5,1700,0.5,1
0,9,9329,1,0,300,0.5,1700,0.5,1
0,10,10824,2,10,5,0,300,0.5,572,0.32,486,0.18,1
0,11,5321,2,10,5,0,300,0.5,1700,0.5,1
1,0,13598,2,10,5,0,500,0.6,1000,0.2,1400,0.2,1
1,1,1375,0,0,666,0.42,420,0.58,1
1,2,1019,1,0,300,0.5,572,0.32,486,0.18,0
1,3,7161,1,0,500,0.6,1000,0.2,1400,0.2,1
1,4,3635,2,10,5,0,300,0.5,1700,0.5,1
1,5,9001,2,10,5,0,500,0.6,1000,0.2,1400,0.2,1
1,6,3869,1,0,300,0.5,1700,0.5,1
1,7,11307,1,0,666,0.42,420,0.58,1
1,8,8391,0,0,300,0.5,572,0.32,486,0.18,1
1,9,12939,0,0,300,0.5,1700,0.5,1
1,10,6848,2,10,5,0,300,0.5,572,0.32,486,0.18,1
1,11,1276,0,0,300,0.5,572,0.32,486,0.18,1
2,0,14009,0,0,300,0.5,1700,0.5,1
2,1,11459,2,10,5,0,300,0.5,1700,0.5,1
2,2,1873,0,0,666,0.42,420,0.58,1
2,3,11643,1,0,666,0.42,420,0.58,1
2,4,6945,2,10,5,0,300,0.5,1700,0.5,1
2,5,3423,0,0,300,0.5,572,0.32,486,0.18,1
2,6,9008,2,10,5,0,500,0.6,1000,0.2,1400,0.2,1
2,7,8219,1,0,500,0.6,1000,0.2,1400,0.2,1
2,8,6338,2,10,5,0,300,0.5,1700,0.5,1
2,9,14417,0,0,300,0.5,1700,0.5,1
2,10,10288,0,0,300,0.5,572,0.32,486,0.18,1
2,11,9629,0,0,666,0.42,420,0.58,1
3,0,5239,0,0,300,0.5,572,0.32,486,0.18,1
3,1,4008,0,0,300,0.5,572,0.32,486,0.18,1
3,2,13760,0,0,500,0.6,1000,0.2,1400,0.2,1
3,3,9133,2,10,5,0,300,0.5,572,0.32,486,0.18,1
3,4,3471,2,10,5,0,300,0.5,572,0.32,486,0.18,1
3,5,5965,2,10,5,0,500,0.6,1000,0.2,1400,0.2,1
3,6,14679,0,0,500,0.6,1000,0.2,1400,0.2,1
3,7,9098,0,0,666,0.42,420,0.58,1
3,8,7784,0,0,300,0.5,572,0.32,486,0.18,1
3,9,6730,1,0,300,0.5,572,0.32,486,0.18,1
3,10,10894,2,10,5,0,300,0.5,572,0.32,486,0.18,1
3,11,13634,1,0,300,0.5,572,0.32,486,0.18,1
4,0,11165,0,0,666,0.42,420,0.58,1
4,1,1005,1,0,300,0.5,1700,0.5,1
4,2,12153,0,0,500,0.6,1000,0.2,1400,0.2,1
4,3,1963,0,0,666,0.42,420,0.58,1
4,4,3006,1,0,300,0.5,1700,0.5,1
4,5,12828,2,10,5,0,500,0.6,1000,0.2,1400,0.2,1
4,6,13142,2,10,5,0,300,0.5,572,0.32,486,0.18,1
4,7,2751,1,0,500,0.6,1000,0.2,1400,0.2,1
4,8,14789,0,0,300,0.5,572,0.32,486,0.18,1
4,9,11396,0,0,500,0.6,1000,0.2,1400,0.2,1
4,10,1059,2,10,5,0,300,0.5,572,0.32,486,0.18,1
4,11,10274,0,0,500,0.6,1000,0.2,1400,0.2,1
5,0,14296,1,0,300,0.5,572,0.32,486,0.18,1
5,1,10421,1,0,666,0.42,420,0.58,1
5,2,4137,1,0,666,0.42,420,0.58,1
5,3,2327,2,10,5,0,666,0.42,420,0.58,1
5,4,3494,1,0,300,0.5,1700,0.5,1
5,5,7818,1,0,300,0.5,572,0.32,486,0.18,1
5,6,6826,0,0,666,0.42,420,0.58,1
5,7,10972,2,10,5,0,500,0.6,1000,0.2,1400,0.2,1
5,8,4767,2,10,5,0,666,0.42,420,0.58,1
5,9,4292,1,0,666,0.42,420,0.58,1
5,10,8825,1,0,666,0.42,420,0.58,1
5,11,10781,2,10,5,0,300,0.5,572,0.32,486,0.18,1
6,0,9810,2,10,5,0,500,0.6,1000,0.2,1400,0.2,1
6,1,12936,0,0,500,0.6,1000,0.2,1400,0.2,1
6,2,1694,0,0,666,0.42,420,0.58,1
6,3,11021,1,0,666,0.42,420,0.58,1
6,4,7201,1,0,500,0.6,1000,0.2,1400,0.2,1
6,5,3401,0,0,500,0.6,1000,0.2,1400,0.2,1
6,6,3676,0,0,666,0.42,420,0.58,1
6,7,9386,2,10,5,0,300,0.5,572,0.32,486,0.18,1
6,8,7620,2,10,5,0,666,0.42,420,0.58,1
6,9,10240,1,0,500,0.6,1000,0.2,1400,0.2,1
6,10,14698,0,0,500,0.6,1000,0.2,1400,0.2,1
6,11,2509,1,0,300,0.5,572,0.32,486,0.18,1
7,0,10488,2,10,5,0,300,0.5,1700,0.5,1
7,1,3342,0,0,300,0.5,1700,0.5,1
7,2,12205,2,10,5,0,300,0.5,1700,0.5,1
7,3,7826,2,10,5,0,300,0.5,1700,0.5,1
7,4,6881,0,0,300,0.5,572,0.32,486,0.18,1
7,5,2324,2,10,5,0,666,0.42,420,0.58,1
7,6,6096,0,0,300,0.5,572,0.32,486,0.18,1
7,7,11406,2,10,5,0,666,0.42,420,0.58,1
7,8,13587,1,0,300,0.5,572,0.32,486,0.18,1
7,9,14662,0,0,666,0.42,420,0.58,1
7,10,427,0,0,300,0.5,1700,0.5,1
7,11,13121,1,0,300,0.5,572,0.32,486,0.18,1
8,0,4105,0,0,666,0.42,420,0.58,1
8,1,1183,2,10,5,0,666,0.42,420,0.58,1
8,2,737,1,0,300,0.5,1700,0.5,1
8,3,2975,0,0,500,0.6,1000,0.2,1400,0.2,1
8,4,8328,2,10,5,0,300,0.5,572,0.32,486,0.18,1
8,5,4893,0,0,500,0.6,1000,0.2,1400,0.2,1
8,6,6283,0,0,300,0.5,572,0.32,486,0.18,1
8,7,1506,1,0,300,0.5,572,0.32,486,0.18,1
8,8,5327,0,0,300,0.5,1700,0.5,1
8,9,609,2,10,5,0,300,0.5,1700,0.5,1
8,10,789,1,0,300,0.5,572,0.32,486,0.18,1
8,11,217,1,0,300,0.5,572,0.32,486,0.18,1
9,0,903,0,0,500,0.6,1000,0.2,1400,0.2,1
9,1,5379,1,0,500,0.6,1000,0.2,1400,0.2,1
9,2,2847,1,0,300,0.5,572,0.32,486,0.18,1
9,3,4313,1,0,300,0.5,1700,0.5,1
9,4,48,1,0,500,0.6,1000,0.2,1400,0.2,1
9,5,5798,2,10,5,0,300,0.5,572,0.32,486,0.18,1
9,6,9393,1,0,500,0.6,1000,0.2,1400,0.2,1
9,7,14288,0,0,666,0.42,420,0.58,1
9,8,11292,1,0,300,0.5,1700,0.5,1
9,9,4685,1,0,500,0.6,1000,0.2,1400,0.2,1
9,10,10663,2,10,5,0,666,0.42,420,0.58,1
9,11,11371,0,0,500,0.6,1000,0.2,1400,0.2,1
10,0,5729,0,0,300,0.5,1700,0.5,1
10,1,2131,0,0,300,0.5,572,0.32,486,0.18,1
10,2,2696,2,10,5,0,500,0.6,1000,0.2,1400,0.2,1
10,3,14098,1,0,500,0.6,1000,0.2,1400,0.2,1
10,4,2546,2,10,5,0,666,0.42,420,0.58,1
10,5,5483,1,0,300,0.5,572,0.32,486,0.18,1
10,6,782,1,0,500,0.6,1000,0.2,1400,0.2,1
10,7,10281,2,10,5,0,666,0.42,420,0.58,1
10,8,5943,2,10,5,0,500,0.6,1000,0.2,1400,0.2,1
10,9,7106,1,0,666,0.42,420,0.58,1
10,10,9863,0,0,300,0.5,572,0.32,486,0.18,1
10,11,9253,0,0,300,0.5,1700,0.5,1
11,0,2128,0,0,666,0.42,420,0.58,1
11,1,8783,1,0,300,0.5,572,0.32,486,0.18,1
11,2,13384,0,0,666,0.42,420,0.58,1
11,3,4266,0,0,300,0.5,572,0.32,486,0.18,1
11,4,5153,0,0,300,0.5,572,0.32,486,0.18,1
11,5,4335,1,0,300,0.5,572,0.32,486,0.18,1
11,6,6935,1,0,500,0.6,1000,0.2,1400,0.2,1
11,7,4765,1,0,300,0.5,1700,0.5,1
11,8,8363,0,0,666,0.42,420,0.58,1
11,9,10247,0,0,666,0.42,420,0.58,1
11,10,153,2,10,5,0,300,0.5,1700,0.5,1
11,11,12368,2,10,5,0,666,0.42,420,0.58,1
