0,0,14120,2,10,5,0,666,0.42,420,0.58,1
0,1,14757,2,10,5,0,300,0.5,1700,0.5,1
0,2,3757,1,0,666,0.42,420,0.58,1
0,3,13251,1,0,300,0.5,572,0.32,486,0.18,1
0,4,591,1,0,500,0.6,1000,0.2,1400,0.2,1
0,5,1003,0,0,300,0.5,1700,0.5,1
0,6,11686,1,0,300,0.5,572,0.32,486,0.18,1
0,7,4349,0,0,500,0.6,1000,0.2,1400,0.2,1
0,8,13094,2,10,5,0,300,0.5,1700,0.5,1
0,9,4027,0,0,300,0.5,1700,0.5,1
0,10,404,0,0,666,0.42,420,0.58,1
0,11,13323,0,0,300,0.5,1700,0.5,1
1,0,10565,1,0,500,0.6,1000,0.2,1400,0.2,1
1,1,10273,0,0,300,0.5,572,0.32,486,0.18,1
1,2,9216,2,10,5,0,666,0.42,420,0.58,0
1,3,14409,2,10,5,0,300,0.5,1700,0.5,1
1,4,11676,2,10,5,0,300,0.5,572,0.32,486,0.18,1
1,5,5155,1,0,300,0.5,572,0.32,486,0.18,1
1,6,6570,1,0,666,0.42,420,0.58,1
1,7,7126,2,10,5,0,300,0.5,1700,0.5,1
1,8,1926,0,0,666,0.42,420,0.58,1
1,9,10934,1,0,300,0.5,1700,0.5,1
1,10,9424,2,10,5,0,300,0.5,572,0.32,486,0.18,1
1,11,7358,0,0,666,0.42,420,0.58,1
2,0,3888,0,0,500,0.6,1000,0.2,1400,0.2,1
2,1,2422,0,0,666,0.42,420,0.58,1
2,2,4820,0,0,300,0.5,572,0.32,486,0.18,1
2,3,11392,1,0,300,0.5,572,0.32,486,0.18,1
2,4,2092,0,0,300,0.5,572,0.32,486,0.18,1
2,5,2038,0,0,666,0.42,420,0.58,1
2,6,10901,0,0,300,0.5,572,0.32,486,0.18,1
2,7,8077,1,0,300,0.5,572,0.32,486,0.18,1
2,8,10039,2,10,5,0,300,0.5,1700,0.5,1
2,9,5532,0,0,500,0.6,1000,0.2,1400,0.2,1
2,10,2066,0,0,300,0.5,572,0.32,486,0.18,1
2,11,2414,0,0,666,0.42,420,0.58,1
3,0,7474,1,0,300,0.5,1700,0.5,1
3,1,13079,1,0,300,0.5,572,0.32,486,0.18,1
3,2,8239,2,10,5,0,500,0.6,1000,0.2,1400,0.2,1
3,3,3001,2,10,5,0,300,0.5,1700,0.5,1
3,4,12473,1,0,500,0.6,1000,0.2,1400,0.2,1
3,5,8760,1,0,666,0.42,420,0.58,1
3,6,1088,2,10,5,0,300,0.5,572,0.32,486,0.18,1
3,7,9414,1,0,300,0.5,572,0.32,486,0.18,1
3,8,12112,1,0,300,0.5,1700,0.5,1
3,9,4844,1,0,500,0.6,1000,0.2,1400,0.2,1
3,10,9895,2,10,5,0,500,0.6,1000,0.2,1400,0.2,1
3,11,676,2,10,5,0,500,0.6,1000,0.2,1400,0.2,1
4,0,4680,2,10,5,0,300,0.5,572,0.32,486,0.18,1
4,1,3471,1,0,666,0.42,420,0.58,1
4,2,7337,1,0,300,0.5,572,0.32,486,0.18,1
4,3,1719,1,0,666,0.42,420,0.58,1
4,4,13205,2,10,5,0,500,0.6,1000,0.2,1400,0.2,1
4,5,10859,2,10,5,0,300,0.5,572,0.32,486,0.18,1
4,6,8721,1,0,500,0.6,1000,0.2,1400,0.2,1
4,7,11957,0,0,500,0.6,1000,0.2,1400,0.2,1
4,8,3372,1,0,300,0.5,1700,0.5,1
4,9,14537,1,0,300,0.5,1700,0.5,1
4,10,11597,2,10,5,0,500,0.6,1000,0.2,1400,0.2,1
4,11,6674,0,0,500,0.6,1000,0.2,1400,0.2,1
5,0,6360,0,0,300,0.5,1700,0.5,1
5,1,8535,1,0,300,0.5,1700,0.5,1
5,2,11167,2,10,5,0,500,0.6,1000,0.2,1400,0.2,1
5,3,8688,0,0,666,0.42,420,0.58,1
5,4,6034,1,0,666,0.42,420,0.58,1
5,5,10593,0,0,300,0.5,1700,0.5,1
5,6,7798,1,0,666,0.42,420,0.58,1
5,7,2661,2,10,5,0,666,0.42,420,0.58,1
5,8,2089,2,10,5,0,300,0.5,572,0.32,486,0.18,1
5,9,10192,2,10,5,0,300,0.5,572,0.32,486,0.18,1
5,10,483,1,0,300,0.5,572,0.32,486,0.18,1
5,11,5468,1,0,666,0.42,420,0.58,1
6,0,2442,1,0,666,0.42,420,0.58,1
6,1,13284,1,0,300,0.5,1700,0.5,1
6,2,334,1,0,300,0.5,572,0.32,486,0.18,1
6,3,5746,1,0,666,0.42,420,0.58,1
6,4,12973,2,10,5,0,500,0.6,1000,0.2,1400,0.2,1
6,5,2993,1,0,300,0.5,1700,0.5,1
6,6,12567,2,10,5,0,666,0.42,420,0.58,1
6,7,7018,2,10,5,0,300,0.5,572,0.32,486,0.18,1
6,8,3481,2,10,5,0,500,0.6,1000,0.2,1400,0.2,1
6,9,4848,0,0,300,0.5,572,0.32,486,0.18,1
6,10,4128,0,0,300,0.5,1700,0.5,1
6,11,708,2,10,5,0,500,0.6,1000,0.2,1400,0.2,1
7,0,620,2,10,5,0,500,0.6,1000,0.2,1400,0.2,1
7,1,14000,2,10,5,0,300,0.5,572,0.32,486,0.18,1
7,2,12651,2,10,5,0,500,0.6,1000,0.2,1400,0.2,1
7,3,7022,1,0,666,0.42,420,0.58,1
7,4,3763,0,0,500,0.6,1000,0.2,1400,0.2,1
7,5,5402,0,0,300,0.5,1700,0.5,1
7,6,5087,0,0,300,0.5,572,0.32,486,0.18,1
7,7,5220,0,0,500,0.6,1000,0.2,1400,0.2,1
7,8,10909,0,0,300,0.5,1700,0.5,1
7,9,4928,2,10,5,0,300,0.5,572,0.32,486,0.18,1
7,10,317,0,0,300,0.5,1700,0.5,1
7,11,6910,2,10,5,0,666,0.42,420,0.58,1
8,0,10579,0,0,500,0.6,1000,0.2,1400,0.2,1
8,1,11282,0,0,300,0.5,572,0.32,486,0.18,1
8,2,12444,2,10,5,0,666,0.42,420,0.58,1
8,3,11331,2,10,5,0,300,0.5,572,0.32,486,0.18,1
8,4,5637,0,0,300,0.5,1700,0.5,1
8,5,11574,0,0,666,0.42,420,0.58,1
8,6,2177,0,0,666,0.42,420,0.58,1
8,7,2791,0,0,666,0.42,420,0.58,1
8,8,10177,2,10,5,0,666,0.42,420,0.58,1
8,9,1996,2,10,5,0,500,0.6,1000,0.2,1400,0.2,1
8,10,4045,0,0,500,0.6,1000,0.2,1400,0.2,1
8,11,8422,2,10,5,0,500,0.6,1000,0.2,1400,0.2,1
9,0,118,2,10,5,0,500,0.6,1000,0.2,1400,0.2,1
9,1,203,1,0,500,0.6,1000,0.2,1400,0.2,1
9,2,14998,1,0,500,0.6,1000,0.2,1400,0.2,1
9,3,7184,2,10,5,0,300,0.5,572,0.32,486,0.18,1
9,4,4719,0,0,300,0.5,1700,0.5,1
9,5,8168,0,0,300,0.5,1700,0.5,1
9,6,5373,1,0,300,0.5,572,0.32,486,0.18,1
9,7,13674,2,10,5,0,500,0.6,1000,0.2,1400,0.2,1
9,8,766,2,10,5,0,300,0.5,1700,0.5,1
9,9,5102,1,0,300,0.5,1700,0.5,1
9,10,6609,0,0,666,0.42,420,0.58,1
9,11,1201,2,10,5,0,300,0.5,1700,0.5,1
10,0,5374,2,10,5,0,300,0.5,572,0.32,486,0.18,1
10,1,8437,0,0,666,0.42,420,0.58,1
10,2,7371,0,0,300,0.5,1700,0.5,1
10,3,2553,1,0,500,0.6,1000,0.2,1400,0.2,1
10,4,14597,0,0,300,0.5,572,0.32,486,0.18,1
10,5,7363,0,0,500,0.6,1000,0.2,1400,0.2,1
10,6,12378,2,10,5,0,666,0.42,420,0.58,1
10,7,2072,1,0,666,0.42,420,0.58,1
10,8,6671,1,0,300,0.5,1700,0.5,1
10,9,10497,1,0,666,0.42,420,0.58,1
10,10,14001,0,0,500,0.6,1000,0.2,1400,0.2,1
10,11,3455,1,0,666,0.42,420,0.58,1
11,0,13299,0,0,500,0.6,1000,0.2,1400,0.2,1
11,1,4775,2,10,5,0,300,0.5,1700,0.5,1
11,2,2159,2,10,5,0,300,0.5,1700,0.5,1
11,3,3126,0,0,500,0.6,1000,0.2,1400,0.2,1
11,4,8540,0,0,300,0.5,1700,0.5,1
11,5,4713,1,0,300,0.5,572,0.32,486,0.18,1
11,6,6664,1,0,300,0.5,572,0.32,486,0.18,1
11,7,7760,2,10,5,0,666,0.42,420,0.58,1
11,8,6005,2,10,5,0,300,0.5,572,0.32,486,0.18,1
11,9,14297,2,10,5,0,300,0.5,572,0.32,486,0.18,1
11,10,6252,0,0,300,0.5,1700,0.5,1
11,11,5419,2,10,5,0,300,0.5,1700,0.5,1
