0,0,87,2,10,5,0,300,0.5,1700,0.5,1
0,1,8065,0,0,666,0.42,420,0.58,1
0,2,344,1,0,300,0.5,1700,0.5,1
0,3,10628,1,0,300,0.5,1700,0.5,1
0,4,6526,1,0,300,0.5,1700,0.5,1
0,5,728,0,0,300,0.5,1700,0.5,1
0,6,13798,0,0,666,0.42,420,0.58,1
0,7,1375,1,0,666,0.42,420,0.58,1
0,8,5124,2,10,5,0,666,0.42,420,0.58,1
0,9,9597,2,10,5,0,500,0.6,1000,0.2,1400,0.2,1
0,10,7402,0,0,300,0.5,572,0.32,486,0.18,1
0,11,12571,0,0,500,0.6,1000,0.2,1400,0.2,1
1,0,4633,2,10,5,0,500,0.6,1000,0.2,1400,0.2,1
1,1,9723,2,10,5,0,500,0.6,1000,0.2,1400,0.2,1
1,2,12036,2,10,5,0,500,0.6,1000,0.2,1400,0.2,0
1,3,14158,2,10,5,0,500,0.6,1000,0.2,1400,0.2,1
1,4,8184,0,0,666,0.42,420,0.58,1
1,5,12031,1,0,500,0.6,1000,0.2,1400,0.2,1
1,6,10549,2,10,5,0,300,0.5,1700,0.5,1
1,7,2463,1,0,300,0.5,572,0.32,486,0.18,1
1,8,8726,0,0,666,0.42,420,0.58,1
1,9,7389,0,0,300,0.5,572,0.32,486,0.18,1
1,10,4577,2,10,5,0,300,0.5,1700,0.5,1
1,11,14682,2,10,5,0,300,0.5,572,0.32,486,0.18,1
2,0,1118,0,0,500,0.6,1000,0.2,1400,0.2,1
2,1,7267,0,0,300,0.5,572,0.32,486,0.18,1
2,2,11008,0,0,666,0.42,420,0.58,1
2,3,10392,0,0,666,0.42,420,0.58,1
2,4,3519,0,0,500,0.6,1000,0.2,1400,0.2,1
2,5,14726,0,0,500,0.6,1000,0.2,1400,0.2,1
2,6,12198,2,10,5,0,500,0.6,1000,0.2,1400,0.2,1
2,7,14055,0,0,500,0.6,1000,0.2,1400,0.2,1
2,8,4401,2,10,5,0,300,0.5,572,0.32,486,0.18,1
2,9,6645,0,0,666,0.42,420,0.58,1
2,10,6383,2,10,5,0,666,0.42,420,0.58,1
2,11,7328,1,0,300,0.5,1700,0.5,1
3,0,11864,0,0,300,0.5,572,0.32,486,0.18,1
3,1,5460,1,0,666,0.42,420,0.58,1
3,2,3716,1,0,666,0.42,420,0.58,1
3,3,4822,0,0,300,0.5,572,0.32,486,0.18,1
3,4,14982,0,0,666,0.42,420,0.58,1
3,5,12676,2,10,5,0,500,0.6,1000,0.2,1400,0.2,1
3,6,3663,0,0,666,0.42,420,0.58,1
3,7,9514,1,0,300,0.5,1700,0.5,1
3,8,12616,0,0,500,0.6,1000,0.2,1400,0.2,1
3,9,8050,0,0,300,0.5,1700,0.5,1
3,10,5033,0,0,300,0.5,1700,0.5,1
3,11,8241,0,0,300,0.5,572,0.32,486,0.18,1
4,0,7185,2,10,5,0,300,0.5,572,0.32,486,0.18,1
4,1,10430,2,10,5,0,500,0.6,1000,0.2,1400,0.2,1
4,2,11356,2,10,5,0,500,0.6,1000,0.2,1400,0.2,1
4,3,9635,1,0,666,0.42,420,0.58,1
4,4,12284,2,10,5,0,500,0.6,1000,0.2,1400,0.2,1
4,5,2739,0,0,300,0.5,1700,0.5,1
4,6,7826,0,0,666,0.42,420,0.58,1
4,7,5567,2,10,5,0,500,0.6,1000,0.2,1400,0.2,1
4,8,4553,0,0,500,0.6,1000,0.2,1400,0.2,1
4,9,7771,1,0,300,0.5,1700,0.5,1
4,10,6769,2,10,5,0,300,0.5,572,0.32,486,0.18,1
4,11,4855,2,10,5,0,300,0.5,572,0.32,486,0.18,1
5,0,9048,0,0,300,0.5,1700,0.5,1
5,1,10963,0,0,300,0.5,572,0.32,486,0.18,1
5,2,8265,0,0,500,0.6,1000,0.2,1400,0.2,1
5,3,5427,2,10,5,0,500,0.6,1000,0.2,1400,0.2,1
5,4,14233,1,0,300,0.5,1700,0.5,1
5,5,2393,1,0,300,0.5,572,0.32,486,0.18,1
5,6,11476,0,0,666,0.42,420,0.58,1
5,7,253,2,10,5,0,300,0.5,572,0.32,486,0.18,1
5,8,9792,2,10,5,0,300,0.5,1700,0.5,1
5,9,8396,0,0,500,0.6,1000,0.2,1400,0.2,1
5,10,13187,0,0,666,0.42,420,0.58,1
5,11,5592,1,0,666,0.42,420,0.58,1
6,0,14345,1,0,300,0.5,572,0.32,486,0.18,1
6,1,4332,1,0,500,0.6,1000,0.2,1400,0.2,1
6,2,6762,2,10,5,0,300,0.5,1700,0.5,1
6,3,11655,1,0,300,0.5,1700,0.5,1
6,4,9698,2,10,5,0,300,0.5,1700,0.5,1
6,5,5233,2,10,5,0,666,0.42,420,0.58,1
6,6,10239,1,0,300,0.5,1700,0.5,1
6,7,13745,2,10,5,0,300,0.5,572,0.32,486,0.18,1
6,8,11704,2,10,5,0,300,0.5,572,0.32,486,0.18,1
6,9,7350,1,0,300,0.5,572,0.32,486,0.18,1
6,10,4585,0,0,666,0.42,420,0.58,1
6,11,3156,0,0,300,0.5,1700,0.5,1
7,0,6528,1,0,300,0.5,572,0.32,486,0.18,1
7,1,10234,0,0,300,0.5,1700,0.5,1
7,2,2534,2,10,5,0,300,0.5,572,0.32,486,0.18,1
7,3,1588,1,0,666,0.42,420,0.58,1
7,4,13539,0,0,300,0.5,572,0.32,486,0.18,1
7,5,14595,1,0,300,0.5,572,0.32,486,0.18,1
7,6,3039,0,0,300,0.5,572,0.32,486,0.18,1
7,7,5612,2,10,5,0,300,0.5,1700,0.5,1
7,8,14279,0,0,500,0.6,1000,0.2,1400,0.2,1
7,9,12917,2,10,5,0,300,0.5,1700,0.5,1
7,10,5794,1,0,666,0.42,420,0.58,1
7,11,13318,0,0,500,0.6,1000,0.2,1400,0.2,1
8,0,680,0,0,300,0.5,572,0.32,486,0.18,1
8,1,9497,0,0,300,0.5,572,0.32,486,0.18,1
8,2,3784,2,10,5,0,666,0.42,420,0.58,1
8,3,8478,2,10,5,0,300,0.5,572,0.32,486,0.18,1
8,4,12132,2,10,5,0,500,0.6,1000,0.2,1400,0.2,1
8,5,4580,2,10,5,0,500,0.6,1000,0.2,1400,0.2,1
8,6,14511,0,0,666,0.42,420,0.58,1
8,7,8379,2,10,5,0,666,0.42,420,0.58,1
8,8,7750,2,10,5,0,500,0.6,1000,0.2,1400,0.2,1
8,9,4963,2,10,5,0,666,0.42,420,0.58,1
8,10,10269,1,0,500,0.6,1000,0.2,1400,0.2,1
8,11,5583,2,10,5,0,666,0.42,420,0.58,1
9,0,13190,1,0,300,0.5,572,0.32,486,0.18,1
9,1,2544,2,10,5,0,300,0.5,1700,0.5,1
9,2,9249,2,10,5,0,300,0.5,572,0.32,486,0.18,1
9,3,12410,0,0,666,0.42,420,0.58,1
9,4,520,1,0,666,0.42,420,0.58,1
9,5,9333,2,10,5,0,666,0.42,420,0.58,1
9,6,10633,2,10,5,0,666,0.42,420,0.58,1
9,7,140,1,0,300,0.5,1700,0.5,1
9,8,6416,2,10,5,0,500,0.6,1000,0.2,1400,0.2,1
9,9,4074,2,10,5,0,300,0.5,1700,0.5,1
9,10,10518,1,0,300,0.5,572,0.32,486,0.18,1
9,11,7615,0,0,666,0.42,420,0.58,1
10,0,3788,0,0,300,0.5,572,0.32,486,0.18,1
10,1,9874,1,0,300,0.5,1700,0.5,1
10,2,5848,1,0,300,0.5,572,0.32,486,0.18,1
10,3,10612,2,10,5,0,300,0.5,572,0.32,486,0.18,1
10,4,2771,2,10,5,0,300,0.5,1700,0.5,1
10,5,259,1,0,500,0.6,1000,0.2,1400,0.2,1
10,6,12314,0,0,300,0.5,1700,0.5,1
10,7,13493,0,0,500,0.6,1000,0.2,1400,0.2,1
10,8,5541,0,0,666,0.42,420,0.58,1
10,9,6960,0,0,500,0.6,1000,0.2,1400,0.2,1
10,10,5556,0,0,666,0.42,420,0.58,1
10,11,11952,2,10,5,0,666,0.42,420,0.58,1
11,0,7641,2,10,5,0,300,0.5,572,0.32,486,0.18,1
11,1,1898,0,0,300,0.5,1700,0.5,1
11,2,12238,0,0,500,0.6,1000,0.2,1400,0.2,1
11,3,7214,1,0,300,0.5,1700,0.5,1
11,4,2336,2,10,5,0,666,0.42,420,0.58,1
11,5,7003,0,0,300,0.5,572,0.32,486,0.18,1
11,6,11475,0,0,300,0.5,1700,0.5,1
11,7,88,1,0,666,0.42,420,0.58,1
11,8,491,2,10,5,0,500,0.6,1000,0.2,1400,0.2,1
11,9,4018,1,0,500,0.6,1000,0.2,1400,0.2,1
11,10,3307,1,0,300,0.5,1700,0.5,1
11,11,10768,1,0,500,0.6,1000,0.2,1400,0.2,1
