0,0,6624,2,10,5,0,666,0.42,420,0.58,1
0,1,7060,1,0,300,0.5,572,0.32,486,0.18,1
0,2,14250,1,0,500,0.6,1000,0.2,1400,0.2,1
0,3,3183,2,10,5,0,666,0.42,420,0.58,1
0,4,8964,0,0,300,0.5,1700,0.5,1
0,5,4381,2,10,5,0,666,0.42,420,0.58,1
0,6,8576,0,0,300,0.5,572,0.32,486,0.18,1
0,7,13326,2,10,5,0,300,0.5,1700,0.5,1
0,8,14727,0,0,666,0.42,420,0.58,1
0,9,4772,2,10,5,0,300,0.5,572,0.32,486,0.18,1
0,10,2832,2,10,5,0,500,0.6,1000,0.2,1400,0.2,1
0,11,5985,2,10,5,0,300,0.5,572,0.32,486,0.18,1
1,0,6059,1,0,300,0.5,1700,0.5,1
1,1,3076,0,0,666,0.42,420,0.58,1
1,2,1047,1,0,300,0.5,1700,0.5,0
1,3,3753,1,0,666,0.42,420,0.58,1
1,4,9199,1,0,300,0.5,1700,0.5,1
1,5,93,1,0,666,0.42,420,0.58,1
1,6,11252,0,0,500,0.6,1000,0.2,1400,0.2,1
1,7,3163,1,0,300,0.5,1700,0.5,1
1,8,10333,1,0,300,0.5,1700,0.5,1
1,9,5694,0,0,300,0.5,1700,0.5,1
1,10,4610,2,10,5,0,666,0.42,420,0.58,1
1,11,14063,1,0,500,0.6,1000,0.2,1400,0.2,1
2,0,810,1,0,500,0.6,1000,0.2,1400,0.2,1
2,1,12187,0,0,666,0.42,420,0.58,1
2,2,3388,2,10,5,0,500,0.6,1000,0.2,1400,0.2,1
2,3,6627,2,10,5,0,300,0.5,572,0.32,486,0.18,1
2,4,8479,0,0,300,0.5,572,0.32,486,0.18,1
2,5,2664,1,0,666,0.42,420,0.58,1
2,6,2291,0,0,666,0.42,420,0.58,1
2,7,11252,2,10,5,0,500,0.6,1000,0.2,1400,0.2,1
2,8,13486,1,0,300,0.5,572,0.32,486,0.18,1
2,9,8191,0,0,300,0.5,1700,0.5,1
2,10,6101,0,0,300,0.5,572,0.32,486,0.18,1
2,11,13145,2,10,5,0,666,0.42,420,0.58,1
3,0,7987,0,0,666,0.42,420,0.58,1
3,1,6183,2,10,5,0,500,0.6,1000,0.2,1400,0.2,1
3,2,3384,1,0,300,0.5,572,0.32,486,0.18,1
3,3,13076,1,0,500,0.6,1000,0.2,1400,0.2,1
3,4,9891,2,10,5,0,300,0.5,1700,0.5,1
3,5,14595,2,10,5,0,666,0.42,420,0.58,1
3,6,11169,2,10,5,0,500,0.6,1000,0.2,1400,0.2,1
3,7,6570,0,0,300,0.5,572,0.32,486,0.18,1
3,8,5554,2,10,5,0,300,0.5,1700,0.5,1
3,9,14576,2,10,5,0,300,0.5,1700,0.5,1
3,10,2973,0,0,500,0.6,1000,0.2,1400,0.2,1
3,11,10049,2,10,5,0,300,0.5,572,0.32,486,0.18,1
4,0,1200,1,0,300,0.5,572,0.32,486,0.18,1
4,1,3681,1,0,500,0.6,1000,0.2,1400,0.2,1
4,2,13451,2,10,5,0,300,0.5,1700,0.5,1
4,3,3961,0,0,500,0.6,1000,0.2,1400,0.2,1
4,4,8728,2,10,5,0,666,0.42,420,0.58,1
4,5,13995,2,10,5,0,300,0.5,572,0.32,486,0.18,1
4,6,4743,0,0,300,0.5,572,0.32,486,0.18,1
4,7,13271,2,10,5,0,500,0.6,1000,0.2,1400,0.2,1
4,8,10211,1,0,666,0.42,420,0.58,1
4,9,8258,1,0,300,0.5,1700,0.5,1
4,10,13340,1,0,300,0.5,1700,0.5,1
4,11,6075,0,0,666,0.42,420,0.58,1
5,0,1143,1,0,300,0.5,572,0.32,486,0.18,1
5,1,6608,2,10,5,0,666,0.42,420,0.58,1
5,2,12674,1,0,300,0.5,572,0.32,486,0.18,1
5,3,1194,2,10,5,0,666,0.42,420,0.58,1
5,4,1574,0,0,500,0.6,1000,0.2,1400,0.2,1
5,5,1636,1,0,666,0.42,420,0.58,1
5,6,6564,0,0,666,0.42,420,0.58,1
5,7,13994,0,0,300,0.5,1700,0.5,1
5,8,1573,2,10,5,0,500,0.6,1000,0.2,1400,0.2,1
5,9,11952,2,10,5,0,300,0.5,572,0.32,486,0.18,1
5,10,14850,2,10,5,0,300,0.5,1700,0.5,1
5,11,4420,2,10,5,0,300,0.5,1700,0.5,1
6,0,7695,2,10,5,0,300,0.5,1700,0.5,1
6,1,2575,2,10,5,0,500,0.6,1000,0.2,1400,0.2,1
6,2,5850,0,0,500,0.6,1000,0.2,1400,0.2,1
6,3,11024,1,0,300,0.5,1700,0.5,1
6,4,15,1,0,666,0.42,420,0.58,1
6,5,57,2,10,5,0,300,0.5,1700,0.5,1
6,6,1041,0,0,500,0.6,1000,0.2,1400,0.2,1
6,7,13893,2,10,5,0,666,0.42,420,0.58,1
6,8,8786,0,0,300,0.5,572,0.32,486,0.18,1
6,9,6674,2,10,5,0,666,0.42,420,0.58,1
6,10,10432,0,0,500,0.6,1000,0.2,1400,0.2,1
6,11,6355,2,10,5,0,500,0.6,1000,0.2,1400,0.2,1
7,0,3629,2,10,5,0,300,0.5,572,0.32,486,0.18,1
7,1,11427,2,10,5,0,300,0.5,1700,0.5,1
7,2,1964,1,0,500,0.6,1000,0.2,1400,0.2,1
7,3,12574,1,0,666,0.42,420,0.58,1
7,4,9633,0,0,500,0.6,1000,0.2,1400,0.2,1
7,5,9061,0,0,500,0.6,1000,0.2,1400,0.2,1
7,6,5876,2,10,5,0,666,0.42,420,0.58,1
7,7,8072,1,0,300,0.5,572,0.32,486,0.18,1
7,8,4381,1,0,300,0.5,572,0.32,486,0.18,1
7,9,2673,2,10,5,0,300,0.5,572,0.32,486,0.18,1
7,10,9841,2,10,5,0,666,0.42,420,0.58,1
7,11,14770,0,0,300,0.5,1700,0.5,1
8,0,6832,2,10,5,0,300,0.5,1700,0.5,1
8,1,3801,2,10,5,0,300,0.5,572,0.32,486,0.18,1
8,2,11035,1,0,300,0.5,1700,0.5,1
8,3,12479,0,0,300,0.5,572,0.32,486,0.18,1
8,4,1148,0,0,666,0.42,420,0.58,1
8,5,3749,0,0,300,0.5,572,0.32,486,0.18,1
8,6,3303,0,0,666,0.42,420,0.58,1
8,7,2084,0,0,300,0.5,572,0.32,486,0.18,1
8,8,14007,0,0,666,0.42,420,0.58,1
8,9,11992,1,0,500,0.6,1000,0.2,1400,0.2,1
8,10,4941,0,0,300,0.5,572,0.32,486,0.18,1
8,11,6254,1,0,300,0.5,1700,0.5,1
9,0,1787,1,0,300,0.5,572,0.32,486,0.18,1
9,1,5606,1,0,300,0.5,1700,0.5,1
9,2,10029,2,10,5,0,300,0.5,1700,0.5,1
9,3,13238,2,10,5,0,500,0.6,1000,0.2,1400,0.2,1
9,4,13624,2,10,5,0,300,0.5,1700,0.5,1
9,5,1794,2,10,5,0,500,0.6,1000,0.2,1400,0.2,1
9,6,9437,0,0,500,0.6,1000,0.2,1400,0.2,1
9,7,13183,1,0,500,0.6,1000,0.2,1400,0.2,1
9,8,2879,2,10,5,0,666,0.42,420,0.58,1
9,9,6554,2,10,5,0,666,0.42,420,0.58,1
9,10,14426,0,0,666,0.42,420,0.58,1
9,11,5897,2,10,5,0,300,0.5,1700,0.5,1
10,0,14172,0,0,300,0.5,572,0.32,486,0.18,1
10,1,2243,1,0,500,0.6,1000,0.2,1400,0.2,1
10,2,4889,2,10,5,0,300,0.5,1700,0.5,1
10,3,7728,0,0,300,0.5,572,0.32,486,0.18,1
10,4,12418,2,10,5,0,300,0.5,572,0.32,486,0.18,1
10,5,14130,2,10,5,0,300,0.5,572,0.32,486,0.18,1
10,6,7538,0,0,666,0.42,420,0.58,1
10,7,7033,1,0,300,0.5,1700,0.5,1
10,8,847,0,0,300,0.5,572,0.32,486,0.18,1
10,9,1142,1,0,300,0.5,572,0.32,486,0.18,1
10,10,6755,1,0,500,0.6,1000,0.2,1400,0.2,1
10,11,1336,0,0,666,0.42,420,0.58,1
11,0,6289,2,10,5,0,500,0.6,1000,0.2,1400,0.2,1
11,1,3822,2,10,5,0,300,0.5,572,0.32,486,0.18,1
11,2,7133,2,10,5,0,300,0.5,1700,0.5,1
11,3,4918,1,0,300,0.5,1700,0.5,1
11,4,11011,2,10,5,0,666,0.42,420,0.58,1
11,5,12032,2,10,5,0,666,0.42,420,0.58,1
11,6,8964,1,0,500,0.6,1000,0.2,1400,0.2,1
11,7,11259,1,0,666,0.42,420,0.58,1
11,8,9411,0,0,666,0.42,420,0.58,1
11,9,1750,2,10,5,0,500,0.6,1000,0.2,1400,0.2,1
11,10,2836,2,10,5,0,666,0.42,420,0.58,1
11,11,10951,2,10,5,0,666,0.42,420,0.58,1
