0,0,3315,1,0,300,0.5,572,0.32,486,0.18,1
0,1,10604,2,10,5,0,666,0.42,420,0.58,1
0,2,12726,1,0,300,0.5,572,0.32,486,0.18,1
0,3,1648,2,10,5,0,500,0.6,1000,0.2,1400,0.2,1
0,4,11829,0,0,300,0.5,572,0.32,486,0.18,1
0,5,12519,2,10,5,0,300,0.5,1700,0.5,1
0,6,4139,1,0,500,0.6,1000,0.2,1400,0.2,1
0,7,3019,1,0,300,0.5,1700,0.5,1
0,8,12969,2,10,5,0,300,0.5,1700,0.5,1
0,9,14076,1,0,300,0.5,1700,0.5,1
0,10,8220,0,0,300,0.5,572,0.32,486,0.18,1
0,11,14146,2,10,5,0,500,0.6,1000,0.2,1400,0.2,1
1,0,10819,1,0,666,0.42,420,0.58,1
1,1,482,1,0,666,0.42,420,0.58,1
1,2,12374,1,0,300,0.5,572,0.32,486,0.18,0
1,3,1350,0,0,300,0.5,572,0.32,486,0.18,1
1,4,10155,1,0,300,0.5,572,0.32,486,0.18,1
1,5,4012,1,0,500,0.6,1000,0.2,1400,0.2,1
1,6,2958,2,10,5,0,500,0.6,1000,0.2,1400,0.2,1
1,7,10559,0,0,300,0.5,572,0.32,486,0.18,1
1,8,8051,1,0,300,0.5,1700,0.5,1
1,9,10642,2,10,5,0,666,0.42,420,0.58,1
1,10,5090,1,0,300,0.5,572,0.32,486,0.18,1
1,11,9939,0,0,300,0.5,1700,0.5,1
2,0,5423,0,0,300,0.5,572,0.32,486,0.18,1
2,1,12632,0,0,300,0.5,1700,0.5,1
2,2,10098,0,0,666,0.42,420,0.58,1
2,3,8117,2,10,5,0,300,0.5,1700,0.5,1
2,4,1975,1,0,500,0.6,1000,0.2,1400,0.2,1
2,5,13598,1,0,500,0.6,1000,0.2,1400,0.2,1
2,6,3373,1,0,500,0.6,1000,0.2,1400,0.2,1
2,7,10445,2,10,5,0,500,0.6,1000,0.2,1400,0.2,1
2,8,1573,1,0,500,0.6,1000,0.2,1400,0.2,1
2,9,14014,1,0,300,0.5,1700,0.5,1
2,10,6381,2,10,5,0,500,0.6,1000,0.2,1400,0.2,1
2,11,2611,2,10,5,0,300,0.5,572,0.32,486,0.18,1
3,0,12763,2,10,5,0,500,0.6,1000,0.2,1400,0.2,1
3,1,4414,0,0,500,0.6,1000,0.2,1400,0.2,1
3,2,3474,2,10,5,0,666,0.42,420,0.58,1
3,3,8205,2,10,5,0,500,0.6,1000,0.2,1400,0.2,1
3,4,4037,2,10,5,0,300,0.5,572,0.32,486,0.18,1
3,5,3592,2,10,5,0,300,0.5,572,0.32,486,0.18,1
3,6,3589,1,0,500,0.6,1000,0.2,1400,0.2,1
3,7,10382,1,0,300,0.5,1700,0.5,1
3,8,13736,2,10,5,0,666,0.42,420,0.58,1
3,9,3082,1,0,300,0.5,572,0.32,486,0.18,1
3,10,1792,1,0,300,0.5,1700,0.5,1
3,11,7852,2,10,5,0,300,0.5,1700,0.5,1
4,0,1084,1,0,300,0.5,572,0.32,486,0.18,1
4,1,10571,0,0,300,0.5,572,0.32,486,0.18,1
4,2,5922,1,0,500,0.6,1000,0.2,1400,0.2,1
4,3,9031,1,0,666,0.42,420,0.58,1
4,4,7949,1,0,300,0.5,572,0.32,486,0.18,1
4,5,10715,1,0,300,0.5,1700,0.5,1
4,6,7542,2,10,5,0,500,0.6,1000,0.2,1400,0.2,1
4,7,10820,2,10,5,0,666,0.42,420,0.58,1
4,8,1720,1,0,500,0.6,1000,0.2,1400,0.2,1
4,9,14980,1,0,666,0.42,420,0.58,1
4,10,6449,2,10,5,0,666,0.42,420,0.58,1
4,11,11748,0,0,500,0.6,1000,0.2,1400,0.2,1
5,0,6495,1,0,666,0.42,420,0.58,1
5,1,3872,0,0,666,0.42,420,0.58,1
5,2,2285,1,0,666,0.42,420,0.58,1
5,3,4490,1,0,666,0.42,420,0.58,1
5,4,1112,0,0,500,0.6,1000,0.2,1400,0.2,1
5,5,14624,1,0,500,0.6,1000,0.2,1400,0.2,1
5,6,3493,0,0,666,0.42,420,0.58,1
5,7,4749,0,0,300,0.5,572,0.32,486,0.18,1
5,8,14213,1,0,300,0.5,1700,0.5,1
5,9,12081,0,0,666,0.42,420,0.58,1
5,10,7735,0,0,666,0.42,420,0.58,1
5,11,12916,1,0,300,0.5,572,0.32,486,0.18,1
6,0,3863,0,0,666,0.42,420,0.58,1
6,1,7332,2,10,5,0,666,0.42,420,0.58,1
6,2,14470,2,10,5,0,300,0.5,572,0.32,486,0.18,1
6,3,6013,2,10,5,0,666,0.42,420,0.58,1
6,4,6085,1,0,300,0.5,572,0.32,486,0.18,1
6,5,13209,0,0,300,0.5,1700,0.5,1
6,6,12918,0,0,666,0.42,420,0.58,1
6,7,1659,2,10,5,0,500,0.6,1000,0.2,1400,0.2,1
6,8,1845,0,0,300,0.5,572,0.32,486,0.18,1
6,9,3866,0,0,666,0.42,420,0.58,1
6,10,14115,1,0,300,0.5,1700,0.5,1
6,11,125,1,0,666,0.42,420,0.58,1
7,0,116,2,10,5,0,500,0.6,1000,0.2,1400,0.2,1
7,1,11665,1,0,300,0.5,1700,0.5,1
7,2,6901,0,0,666,0.42,420,0.58,1
7,3,10036,0,0,300,0.5,1700,0.5,1
7,4,13592,2,10,5,0,666,0.42,420,0.58,1
7,5,8756,2,10,5,0,500,0.6,1000,0.2,1400,0.2,1
7,6,9012,2,10,5,0,300,0.5,1700,0.5,1
7,7,799,2,10,5,0,300,0.5,1700,0.5,1
7,8,11942,1,0,666,0.42,420,0.58,1
7,9,12269,1,0,300,0.5,572,0.32,486,0.18,1
7,10,159,1,0,666,0.42,420,0.58,1
7,11,2337,2,10,5,0,300,0.5,572,0.32,486,0.18,1
8,0,10981,1,0,500,0.6,1000,0.2,1400,0.2,1
8,1,8112,1,0,300,0.5,572,0.32,486,0.18,1
8,2,1657,1,0,500,0.6,1000,0.2,1400,0.2,1
8,3,14883,0,0,666,0.42,420,0.58,1
8,4,6217,0,0,500,0.6,1000,0.2,1400,0.2,1
8,5,7883,2,10,5,0,300,0.5,572,0.32,486,0.18,1
8,6,5410,0,0,500,0.6,1000,0.2,1400,0.2,1
8,7,5629,2,10,5,0,300,0.5,1700,0.5,1
8,8,533,1,0,300,0.5,572,0.32,486,0.18,1
8,9,8394,1,0,500,0.6,1000,0.2,1400,0.2,1
8,10,8396,2,10,5,0,300,0.5,572,0.32,486,0.18,1
8,11,8414,2,10,5,0,300,0.5,1700,0.5,1
9,0,6332,2,10,5,0,300,0.5,1700,0.5,1
9,1,2293,1,0,300,0.5,1700,0.5,1
9,2,4435,2,10,5,0,500,0.6,1000,0.2,1400,0.2,1
9,3,8428,2,10,5,0,666,0.42,420,0.58,1
9,4,3081,2,10,5,0,500,0.6,1000,0.2,1400,0.2,1
9,5,10071,1,0,500,0.6,1000,0.2,1400,0.2,1
9,6,14133,0,0,300,0.5,1700,0.5,1
9,7,9376,1,0,300,0.5,572,0.32,486,0.18,1
9,8,901,2,10,5,0,300,0.5,1700,0.5,1
9,9,14358,0,0,500,0.6,1000,0.2,1400,0.2,1
9,10,810,0,0,500,0.6,1000,0.2,1400,0.2,1
9,11,5587,1,0,500,0.6,1000,0.2,1400,0.2,1
10,0,10848,2,10,5,0,300,0.5,572,0.32,486,0.18,1
10,1,6813,2,10,5,0,300,0.5,1700,0.5,1
10,2,8430,2,10,5,0,666,0.42,420,0.58,1
10,3,11217,0,0,666,0.42,420,0.58,1
10,4,229,2,10,5,0,666,0.42,420,0.58,1
10,5,11511,2,10,5,0,300,0.5,572,0.32,486,0.18,1
10,6,8181,1,0,666,0.42,420,0.58,1
10,7,14406,0,0,500,0.6,1000,0.2,1400,0.2,1
10,8,6108,0,0,500,0.6,1000,0.2,1400,0.2,1
10,9,12835,2,10,5,0,666,0.42,420,0.58,1
10,10,7839,0,0,300,0.5,1700,0.5,1
10,11,5293,1,0,300,0.5,572,0.32,486,0.18,1
11,0,585,1,0,300,0.5,1700,0.5,1
11,1,13934,0,0,666,0.42,420,0.58,1
11,2,6100,2,10,5,0,666,0.42,420,0.58,1
11,3,9924,1,0,300,0.5,1700,0.5,1
11,4,584,0,0,300,0.5,572,0.32,486,0.18,1
11,5,11684,2,10,5,0,300,0.5,1700,0.5,1
11,6,3924,0,0,300,0.5,1700,0.5,1
11,7,12007,2,10,5,0,500,0.6,1000,0.2,1400,0.2,1
11,8,14944,1,0,666,0.42,420,0.58,1
11,9,10447,1,0,500,0.6,1000,0.2,1400,0.2,1
11,10,3492,2,10,5,0,500,0.6,1000,0.2,1400,0.2,1
11,11,11839,1,0,500,0.6,1000,0.2,1400,0.2,1
