0,0,1235,0,0,500,0.6,1000,0.2,1400,0.2,1
0,1,11391,2,10,5,0,300,0.5,1700,0.5,1
0,2,8664,0,0,300,0.5,572,0.32,486,0.18,1
0,3,14144,2,10,5,0,300,0.5,1700,0.5,1
0,4,6299,2,10,5,0,300,0.5,572,0.32,486,0.18,1
0,5,14061,2,10,5,0,500,0.6,1000,0.2,1400,0.2,1
0,6,4131,2,10,5,0,300,0.5,1700,0.5,1
0,7,4484,2,10,5,0,300,0.5,1700,0.5,1
0,8,9099,2,10,5,0,666,0.42,420,0.58,1
0,9,8376,2,10,5,0,666,0.42,420,0.58,1
0,10,3641,1,0,500,0.6,1000,0.2,1400,0.2,1
0,11,6111,1,0,666,0.42,420,0.58,1
1,0,10692,0,0,666,0.42,420,0.58,1
1,1,4454,1,0,300,0.5,1700,0.5,1
1,2,11167,1,0,666,0.42,420,0.58,0
1,3,5669,1,0,666,0.42,420,0.58,1
1,4,989,0,0,300,0.5,1700,0.5,1
1,5,7512,0,0,300,0.5,1700,0.5,1
1,6,6321,1,0,300,0.5,1700,0.5,1
1,7,5891,1,0,666,0.42,420,0.58,1
1,8,8718,0,0,666,0.42,420,0.58,1
1,9,4040,0,0,300,0.5,1700,0.5,1
1,10,4918,0,0,300,0.5,572,0.32,486,0.18,1
1,11,8194,1,0,300,0.5,572,0.32,486,0.18,1
2,0,12417,0,0,500,0.6,1000,0.2,1400,0.2,1
2,1,13499,1,0,500,0.6,1000,0.2,1400,0.2,1
2,2,12272,2,10,5,0,500,0.6,1000,0.2,1400,0.2,1
2,3,14968,2,10,5,0,666,0.42,420,0.58,1
2,4,7680,1,0,300,0.5,1700,0.5,1
2,5,8112,2,10,5,0,666,0.42,420,0.58,1
2,6,955,1,0,300,0.5,572,0.32,486,0.18,1
2,7,9871,0,0,300,0.5,572,0.32,486,0.18,1
2,8,8534,2,10,5,0,666,0.42,420,0.58,1
2,9,966,2,10,5,0,300,0.5,1700,0.5,1
2,10,5748,0,0,500,0.6,1000,0.2,1400,0.2,1
2,11,6797,0,0,300,0.5,1700,0.5,1
3,0,2282,1,0,500,0.6,1000,0.2,1400,0.2,1
3,1,4688,1,0,666,0.42,420,0.58,1
3,2,1346,2,10,5,0,666,0.42,420,0.58,1
3,3,8978,2,10,5,0,300,0.5,1700,0.5,1
3,4,5148,0,0,300,0.5,1700,0.5,1
3,5,1388,0,0,300,0.5,572,0.32,486,0.18,1
3,6,5095,2,10,5,0,666,0.42,420,0.58,1
3,7,12135,0,0,666,0.42,420,0.58,1
3,8,6935,1,0,300,0.5,572,0.32,486,0.18,1
3,9,11767,2,10,5,0,300,0.5,1700,0.5,1
3,10,513,2,10,5,0,666,0.42,420,0.58,1
3,11,13648,0,0,666,0.42,420,0.58,1
4,0,12620,1,0,666,0.42,420,0.58,1
4,1,177,2,10,5,0,500,0.6,1000,0.2,1400,0.2,1
4,2,14149,2,10,5,0,300,0.5,572,0.32,486,0.18,1
4,3,11558,1,0,666,0.42,420,0.58,1
4,4,5477,2,10,5,0,300,0.5,572,0.32,486,0.18,1
4,5,2842,2,10,5,0,500,0.6,1000,0.2,1400,0.2,1
4,6,6865,1,0,500,0.6,1000,0.2,1400,0.2,1
4,7,3145,2,10,5,0,300,0.5,1700,0.5,1
4,8,9797,1,0,300,0.5,1700,0.5,1
4,9,552,1,0,500,0.6,1000,0.2,1400,0.2,1
4,10,14568,2,10,5,0,500,0.6,1000,0.2,1400,0.2,1
4,11,12571,0,0,666,0.42,420,0.58,1
5,0,5800,1,0,666,0.42,420,0.58,1
5,1,7890,0,0,300,0.5,1700,0.5,1
5,2,4954,2,10,5,0,666,0.42,420,0.58,1
5,3,8428,0,0,300,0.5,572,0.32,486,0.18,1
5,4,1065,1,0,300,0.5,572,0.32,486,0.18,1
5,5,2193,0,0,500,0.6,1000,0.2,1400,0.2,1
5,6,12428,0,0,300,0.5,1700,0.5,1
5,7,10489,1,0,666,0.42,420,0.58,1
5,8,2661,0,0,666,0.42,420,0.58,1
5,9,3564,1,0,666,0.42,420,0.58,1
5,10,7865,1,0,500,0.6,1000,0.2,1400,0.2,1
5,11,6388,0,0,300,0.5,572,0.32,486,0.18,1
6,0,3964,1,0,300,0.5,1700,0.5,1
6,1,10433,2,10,5,0,300,0.5,1700,0.5,1
6,2,1015,1,0,500,0.6,1000,0.2,1400,0.2,1
6,3,5621,1,0,500,0.6,1000,0.2,1400,0.2,1
6,4,14447,1,0,300,0.5,1700,0.5,1
6,5,12068,1,0,500,0.6,1000,0.2,1400,0.2,1
6,6,11594,2,10,5,0,666,0.42,420,0.58,1
6,7,8525,1,0,300,0.5,1700,0.5,1
6,8,10116,2,10,5,0,300,0.5,572,0.32,486,0.18,1
6,9,5724,0,0,300,0.5,1700,0.5,1
6,10,687,1,0,500,0.6,1000,0.2,1400,0.2,1
6,11,4312,2,10,5,0,300,0.5,1700,0.5,1
7,0,416,2,10,5,0,500,0.6,1000,0.2,1400,0.2,1
7,1,13047,0,0,666,0.42,420,0.58,1
7,2,606,0,0,500,0.6,1000,0.2,1400,0.2,1
7,3,8511,1,0,666,0.42,420,0.58,1
7,4,7338,0,0,666,0.42,420,0.58,1
7,5,5710,2,10,5,0,300,0.5,572,0.32,486,0.18,1
7,6,5320,1,0,500,0.6,1000,0.2,1400,0.2,1
7,7,8943,0,0,500,0.6,1000,0.2,1400,0.2,1
7,8,9351,0,0,300,0.5,572,0.32,486,0.18,1
7,9,14254,1,0,500,0.6,1000,0.2,1400,0.2,1
7,10,8521,1,0,500,0.6,1000,0.2,1400,0.2,1
7,11,4910,2,10,5,0,300,0.5,572,0.32,486,0.18,1
8,0,838,2,10,5,0,500,0.6,1000,0.2,1400,0.2,1
8,1,14687,2,10,5,0,666,0.42,420,0.58,1
8,2,12225,1,0,300,0.5,1700,0.5,1
8,3,13083,2,10,5,0,666,0.42,420,0.58,1
8,4,6751,1,0,500,0.6,1000,0.2,1400,0.2,1
8,5,14228,0,0,666,0.42,420,0.58,1
8,6,7210,2,10,5,0,500,0.6,1000,0.2,1400,0.2,1
8,7,9964,1,0,666,0.42,420,0.58,1
8,8,321,2,10,5,0,300,0.5,1700,0.5,1
8,9,8125,1,0,666,0.42,420,0.58,1
8,10,3054,0,0,300,0.5,572,0.32,486,0.18,1
8,11,2558,0,0,300,0.5,572,0.32,486,0.18,1
9,0,1528,0,0,500,0.6,1000,0.2,1400,0.2,1
9,1,4958,1,0,300,0.5,572,0.32,486,0.18,1
9,2,14099,0,0,300,0.5,1700,0.5,1
9,3,9903,2,10,5,0,500,0.6,1000,0.2,1400,0.2,1
9,4,4064,0,0,300,0.5,1700,0.5,1
9,5,9113,0,0,300,0.5,572,0.32,486,0.18,1
9,6,9184,1,0,300,0.5,572,0.32,486,0.18,1
9,7,12096,2,10,5,0,300,0.5,1700,0.5,1
9,8,11607,2,10,5,0,500,0.6,1000,0.2,1400,0.2,1
9,9,7447,0,0,666,0.42,420,0.58,1
9,10,6692,0,0,300,0.5,572,0.32,486,0.18,1
9,11,9091,0,0,500,0.6,1000,0.2,1400,0.2,1
10,0,10414,2,10,5,0,500,0.6,1000,0.2,1400,0.2,1
10,1,1180,2,10,5,0,300,0.5,1700,0.5,1
10,2,7406,1,0,666,0.42,420,0.58,1
10,3,13651,2,10,5,0,666,0.42,420,0.58,1
10,4,11226,1,0,500,0.6,1000,0.2,1400,0.2,1
10,5,10631,0,0,500,0.6,1000,0.2,1400,0.2,1
10,6,10456,1,0,300,0.5,572,0.32,486,0.18,1
10,7,7820,2,10,5,0,300,0.5,572,0.32,486,0.18,1
10,8,14366,0,0,666,0.42,420,0.58,1
10,9,4895,0,0,300,0.5,1700,0.5,1
10,10,13170,1,0,666,0.42,420,0.58,1
10,11,1725,2,10,5,0,300,0.5,572,0.32,486,0.18,1
11,0,352,1,0,500,0.6,1000,0.2,1400,0.2,1
11,1,1732,0,0,300,0.5,572,0.32,486,0.18,1
11,2,10689,1,0,500,0.6,1000,0.2,1400,0.2,1
11,3,3131,1,0,500,0.6,1000,0.2,1400,0.2,1
11,4,7090,1,0,500,0.6,1000,0.2,1400,0.2,1
11,5,7563,2,10,5,0,500,0.6,1000,0.2,1400,0.2,1
11,6,2698,2,10,5,0,500,0.6,1000,0.2,1400,0.2,1
11,7,13546,2,10,5,0,666,0.42,420,0.58,1
11,8,12990,0,0,666,0.42,420,0.58,1
11,9,2466,1,0,300,0.5,572,0.32,486,0.18,1
11,10,3805,2,10,5,0,300,0.5,1700,0.5,1
11,11,6554,2,10,5,0,500,0.6,1000,0.2,1400,0.2,1
