0,0,5149,0,0,666,0.42,420,0.58,1
0,1,3946,1,0,300,0.5,572,0.32,486,0.18,1
0,2,3339,0,0,300,0.5,572,0.32,486,0.18,1
0,3,11587,2,10,5,0,666,0.42,420,0.58,1
0,4,1950,0,0,300,0.5,1700,0.5,1
0,5,8220,0,0,300,0.5,1700,0.5,1
0,6,10376,0,0,666,0.42,420,0.58,1
0,7,13218,2,10,5,0,300,0.5,572,0.32,486,0.18,1
0,8,6051,0,0,300,0.5,1700,0.5,1
0,9,2290,2,10,5,0,666,0.42,420,0.58,1
0,10,6631,1,0,300,0.5,572,0.32,486,0.18,1
0,11,8643,1,0,666,0.42,420,0.58,1
1,0,8301,1,0,666,0.42,420,0.58,1
1,1,3837,2,10,5,0,500,0.6,1000,0.2,1400,0.2,1
1,2,1268,0,0,666,0.42,420,0.58,0
1,3,14693,2,10,5,0,300,0.5,572,0.32,486,0.18,1
1,4,13991,2,10,5,0,300,0.5,572,0.32,486,0.18,1
1,5,3301,1,0,666,0.42,420,0.58,1
1,6,136,2,10,5,0,300,0.5,1700,0.5,1
1,7,2402,0,0,666,0.42,420,0.58,1
1,8,4426,1,0,500,0.6,1000,0.2,1400,0.2,1
1,9,7132,0,0,300,0.5,1700,0.5,1
1,10,2596,2,10,5,0,300,0.5,572,0.32,486,0.18,1
1,11,7225,0,0,666,0.42,420,0.58,1
2,0,14664,1,0,666,0.42,420,0.58,1
2,1,10157,0,0,666,0.42,420,0.58,1
2,2,13054,2,10,5,0,300,0.5,1700,0.5,1
2,3,921,1,0,666,0.42,420,0.58,1
2,4,11112,2,10,5,0,300,0.5,1700,0.5,1
2,5,4123,2,10,5,0,300,0.5,1700,0.5,1
2,6,8388,0,0,500,0.6,1000,0.2,1400,0.2,1
2,7,991,2,10,5,0,300,0.5,572,0.32,486,0.18,1
2,8,778,2,10,5,0,300,0.5,1700,0.5,1
2,9,13749,2,10,5,0,666,0.42,420,0.58,1
2,10,1123,0,0,300,0.5,1700,0.5,1
2,11,13363,1,0,300,0.5,572,0.32,486,0.18,1
3,0,12771,2,10,5,0,666,0.42,420,0.58,1
3,1,4725,2,10,5,0,500,0.6,1000,0.2,1400,0.2,1
3,2,1708,2,10,5,0,500,0.6,1000,0.2,1400,0.2,1
3,3,3392,0,0,500,0.6,1000,0.2,1400,0.2,1
3,4,6004,1,0,500,0.6,1000,0.2,1400,0.2,1
3,5,3850,0,0,300,0.5,572,0.32,486,0.18,1
3,6,6792,2,10,5,0,300,0.5,572,0.32,486,0.18,1
3,7,10980,0,0,500,0.6,1000,0.2,1400,0.2,1
3,8,8462,0,0,300,0.5,572,0.32,486,0.18,1
3,9,7493,0,0,300,0.5,572,0.32,486,0.18,1
3,10,8825,2,10,5,0,300,0.5,572,0.32,486,0.18,1
3,11,265,0,0,666,0.42,420,0.58,1
4,0,5450,1,0,500,0.6,1000,0.2,1400,0.2,1
4,1,1220,0,0,666,0.42,420,0.58,1
4,2,14789,0,0,300,0.5,1700,0.5,1
4,3,8594,2,10,5,0,300,0.5,572,0.32,486,0.18,1
4,4,2938,0,0,300,0.5,572,0.32,486,0.18,1
4,5,9737,0,0,500,0.6,1000,0.2,1400,0.2,1
4,6,4365,0,0,666,0.42,420,0.58,1
4,7,8469,1,0,666,0.42,420,0.58,1
4,8,14058,1,0,666,0.42,420,0.58,1
4,9,3037,0,0,300,0.5,572,0.32,486,0.18,1
4,10,1208,0,0,300,0.5,572,0.32,486,0.18,1
4,11,2254,1,0,300,0.5,572,0.32,486,0.18,1
5,0,7939,2,10,5,0,666,0.42,420,0.58,1
5,1,13932,2,10,5,0,500,0.6,1000,0.2,1400,0.2,1
5,2,3547,0,0,300,0.5,572,0.32,486,0.18,1
5,3,13180,2,10,5,0,666,0.42,420,0.58,1
5,4,8136,2,10,5,0,300,0.5,572,0.32,486,0.18,1
5,5,3826,1,0,300,0.5,572,0.32,486,0.18,1
5,6,11527,2,10,5,0,300,0.5,572,0.32,486,0.18,1
5,7,5148,0,0,300,0.5,1700,0.5,1
5,8,4565,1,0,666,0.42,420,0.58,1
5,9,8048,2,10,5,0,666,0.42,420,0.58,1
5,10,14376,2,10,5,0,300,0.5,1700,0.5,1
5,11,14341,1,0,300,0.5,572,0.32,486,0.18,1
6,0,943,2,10,5,0,666,0.42,420,0.58,1
6,1,11456,2,10,5,0,300,0.5,1700,0.5,1
6,2,2686,1,0,300,0.5,572,0.32,486,0.18,1
6,3,5028,1,0,666,0.42,420,0.58,1
6,4,3691,2,10,5,0,300,0.5,572,0.32,486,0.18,1
6,5,5605,2,10,5,0,300,0.5,572,0.32,486,0.18,1
6,6,9995,0,0,500,0.6,1000,0.2,1400,0.2,1
6,7,9499,0,0,300,0.5,572,0.32,486,0.18,1
6,8,4958,2,10,5,0,666,0.42,420,0.58,1
6,9,9746,0,0,666,0.42,420,0.58,1
6,10,14644,1,0,300,0.5,1700,0.5,1
6,11,6507,2,10,5,0,300,0.5,1700,0.5,1
7,0,4167,2,10,5,0,500,0.6,1000,0.2,1400,0.2,1
7,1,11017,0,0,500,0.6,1000,0.2,1400,0.2,1
7,2,8139,2,10,5,0,300,0.5,572,0.32,486,0.18,1
7,3,9968,2,10,5,0,500,0.6,1000,0.2,1400,0.2,1
7,4,9027,2,10,5,0,300,0.5,1700,0.5,1
7,5,10497,1,0,300,0.5,1700,0.5,1
7,6,5528,1,0,300,0.5,1700,0.5,1
7,7,7443,1,0,300,0.5,572,0.32,486,0.18,1
7,8,11897,2,10,5,0,666,0.42,420,0.58,1
7,9,13026,2,10,5,0,500,0.6,1000,0.2,1400,0.2,1
7,10,9727,1,0,300,0.5,1700,0.5,1
7,11,1832,2,10,5,0,300,0.5,1700,0.5,1
8,0,5659,0,0,300,0.5,572,0.32,486,0.18,1
8,1,8105,1,0,300,0.5,1700,0.5,1
8,2,8347,2,10,5,0,300,0.5,1700,0.5,1
8,3,3794,2,10,5,0,300,0.5,572,0.32,486,0.18,1
8,4,13239,1,0,300,0.5,572,0.32,486,0.18,1
8,5,1012,2,10,5,0,500,0.6,1000,0.2,1400,0.2,1
8,6,2260,2,10,5,0,500,0.6,1000,0.2,1400,0.2,1
8,7,10518,0,0,300,0.5,572,0.32,486,0.18,1
8,8,3662,1,0,300,0.5,572,0.32,486,0.18,1
8,9,6119,2,10,5,0,666,0.42,420,0.58,1
8,10,14407,1,0,300,0.5,1700,0.5,1
8,11,9216,0,0,500,0.6,1000,0.2,1400,0.2,1
9,0,11237,1,0,500,0.6,1000,0.2,1400,0.2,1
9,1,3532,1,0,500,0.6,1000,0.2,1400,0.2,1
9,2,2041,2,10,5,0,666,0.42,420,0.58,1
9,3,11940,1,0,300,0.5,1700,0.5,1
9,4,7206,0,0,666,0.42,420,0.58,1
9,5,8224,0,0,666,0.42,420,0.58,1
9,6,1136,0,0,500,0.6,1000,0.2,1400,0.2,1
9,7,11335,2,10,5,0,666,0.42,420,0.58,1
9,8,2758,2,10,5,0,500,0.6,1000,0.2,1400,0.2,1
9,9,12731,0,0,300,0.5,572,0.32,486,0.18,1
9,10,8208,2,10,5,0,666,0.42,420,0.58,1
9,11,10873,1,0,300,0.5,1700,0.5,1
10,0,1370,1,0,500,0.6,1000,0.2,1400,0.2,1
10,1,11768,1,0,300,0.5,572,0.32,486,0.18,1
10,2,1264,0,0,666,0.42,420,0.58,1
10,3,8714,1,0,666,0.42,420,0.58,1
10,4,6611,1,0,666,0.42,420,0.58,1
10,5,14289,0,0,300,0.5,572,0.32,486,0.18,1
10,6,2645,2,10,5,0,300,0.5,572,0.32,486,0.18,1
10,7,5337,1,0,300,0.5,1700,0.5,1
10,8,14379,1,0,666,0.42,420,0.58,1
10,9,9648,2,10,5,0,300,0.5,572,0.32,486,0.18,1
10,10,13329,0,0,300,0.5,1700,0.5,1
10,11,14987,1,0,500,0.6,1000,0.2,1400,0.2,1
11,0,12173,2,10,5,0,666,0.42,420,0.58,1
11,1,12719,2,10,5,0,300,0.5,572,0.32,486,0.18,1
11,2,706,2,10,5,0,300,0.5,1700,0.5,1
11,3,6279,0,0,300,0.5,1700,0.5,1
11,4,6996,1,0,500,0.6,1000,0.2,1400,0.2,1
11,5,726,1,0,300,0.5,572,0.32,486,0.18,1
11,6,1371,0,0,666,0.42,420,0.58,1
11,7,7420,1,0,300,0.5,1700,0.5,1
11,8,10545,0,0,300,0.5,572,0.32,486,0.18,1
11,9,12526,2,10,5,0,300,0.5,572,0.32,486,0.18,1
11,10,10647,1,0,666,0.42,420,0.58,1
11,11,14337,1,0,666,0.42,420,0.58,1
