0,0,7172,1,0,300,0.5,1700,0.5,1
0,1,4618,2,10,5,0,300,0.5,572,0.32,486,0.18,1
0,2,5607,1,0,300,0.5,572,0.32,486,0.18,1
0,3,12107,1,0,666,0.42,420,0.58,1
0,4,7619,0,0,666,0.42,420,0.58,1
0,5,5641,2,10,5,0,300,0.5,1700,0.5,1
0,6,8246,1,0,666,0.42,420,0.58,1
0,7,9051,1,0,300,0.5,1700,0.5,1
0,8,2108,0,0,500,0.6,1000,0.2,1400,0.2,1
0,9,8144,1,0,300,0.5,572,0.32,486,0.18,1
0,10,11507,2,10,5,0,300,0.5,1700,0.5,1
0,11,8199,2,10,5,0,300,0.5,1700,0.5,1
1,0,13710,1,0,300,0.5,572,0.32,486,0.18,1
1,1,5131,2,10,5,0,300,0.5,572,0.32,486,0.18,1
1,2,6277,2,10,5,0,666,0.42,420,0.58,0
1,3,6367,2,10,5,0,300,0.5,572,0.32,486,0.18,1
1,4,6918,1,0,300,0.5,572,0.32,486,0.18,1
1,5,3989,2,10,5,0,300,0.5,1700,0.5,1
1,6,13578,2,10,5,0,666,0.42,420,0.58,1
1,7,11737,2,10,5,0,500,0.6,1000,0.2,1400,0.2,1
1,8,2396,0,0,666,0.42,420,0.58,1
1,9,8635,1,0,500,0.6,1000,0.2,1400,0.2,1
1,10,1655,2,10,5,0,300,0.5,572,0.32,486,0.18,1
1,11,9110,2,10,5,0,666,0.42,420,0.58,1
2,0,7631,1,0,500,0.6,1000,0.2,1400,0.2,1
2,1,884,0,0,500,0.6,1000,0.2,1400,0.2,1
2,2,12989,1,0,300,0.5,1700,0.5,1
2,3,5721,1,0,300,0.5,1700,0.5,1
2,4,12662,1,0,300,0.5,1700,0.5,1
2,5,14906,2,10,5,0,666,0.42,420,0.58,1
2,6,10129,2,10,5,0,500,0.6,1000,0.2,1400,0.2,1
2,7,14095,1,0,500,0.6,1000,0.2,1400,0.2,1
2,8,12047,0,0,300,0.5,1700,0.5,1
2,9,6842,1,0,300,0.5,1700,0.5,1
2,10,12632,2,10,5,0,300,0.5,1700,0.5,1
2,11,8443,2,10,5,0,500,0.6,1000,0.2,1400,0.2,1
3,0,4620,1,0,500,0.6,1000,0.2,1400,0.2,1
3,1,8173,1,0,300,0.5,572,0.32,486,0.18,1
3,2,2265,1,0,300,0.5,572,0.32,486,0.18,1
3,3,7984,0,0,300,0.5,572,0.32,486,0.18,1
3,4,10218,0,0,300,0.5,572,0.32,486,0.18,1
3,5,14917,0,0,300,0.5,572,0.32,486,0.18,1
3,6,3866,0,0,500,0.6,1000,0.2,1400,0.2,1
3,7,6504,1,0,300,0.5,572,0.32,486,0.18,1
3,8,5008,2,10,5,0,666,0.42,420,0.58,1
3,9,14703,1,0,500,0.6,1000,0.2,1400,0.2,1
3,10,5830,2,10,5,0,300,0.5,572,0.32,486,0.18,1
3,11,371,2,10,5,0,500,0.6,1000,0.2,1400,0.2,1
4,0,9365,0,0,500,0.6,1000,0.2,1400,0.2,1
4,1,11458,0,0,666,0.42,420,0.58,1
4,2,3921,0,0,300,0.5,1700,0.5,1
4,3,9837,0,0,500,0.6,1000,0.2,1400,0.2,1
4,4,14802,0,0,666,0.42,420,0.58,1
4,5,9231,0,0,500,0.6,1000,0.2,1400,0.2,1
4,6,3609,0,0,500,0.6,1000,0.2,1400,0.2,1
4,7,10324,0,0,500,0.6,1000,0.2,1400,0.2,1
4,8,14422,2,10,5,0,666,0.42,420,0.58,1
4,9,10525,1,0,500,0.6,1000,0.2,1400,0.2,1
4,10,10065,0,0,666,0.42,420,0.58,1
4,11,663,0,0,666,0.42,420,0.58,1
5,0,7948,1,0,300,0.5,572,0.32,486,0.18,1
5,1,11481,2,10,5,0,666,0.42,420,0.58,1
5,2,8304,0,0,300,0.5,1700,0.5,1
5,3,7406,1,0,300,0.5,572,0.32,486,0.18,1
5,4,1172,2,10,5,0,300,0.5,1700,0.5,1
5,5,14223,2,10,5,0,500,0.6,1000,0.2,1400,0.2,1
5,6,10332,2,10,5,0,300,0.5,1700,0.5,1
5,7,10437,0,0,666,0.42,420,0.58,1
5,8,10264,0,0,666,0.42,420,0.58,1
5,9,10745,0,0,300,0.5,1700,0.5,1
5,10,5340,1,0,300,0.5,1700,0.5,1
5,11,6361,1,0,300,0.5,1700,0.5,1
6,0,13581,0,0,500,0.6,1000,0.2,1400,0.2,1
6,1,570,2,10,5,0,300,0.5,572,0.32,486,0.18,1
6,2,9376,2,10,5,0,666,0.42,420,0.58,1
6,3,11495,0,0,500,0.6,1000,0.2,1400,0.2,1
6,4,898,2,10,5,0,300,0.5,572,0.32,486,0.18,1
6,5,4790,1,0,300,0.5,1700,0.5,1
6,6,884,1,0,300,0.5,1700,0.5,1
6,7,14830,1,0,500,0.6,1000,0.2,1400,0.2,1
6,8,1455,0,0,500,0.6,1000,0.2,1400,0.2,1
6,9,10416,2,10,5,0,500,0.6,1000,0.2,1400,0.2,1
6,10,1834,0,0,500,0.6,1000,0.2,1400,0.2,1
6,11,7259,2,10,5,0,666,0.42,420,0.58,1
7,0,13393,1,0,666,0.42,420,0.58,1
7,1,9063,1,0,300,0.5,572,0.32,486,0.18,1
7,2,3324,2,10,5,0,300,0.5,1700,0.5,1
7,3,10896,1,0,500,0.6,1000,0.2,1400,0.2,1
7,4,3135,0,0,666,0.42,420,0.58,1
7,5,9521,0,0,666,0.42,420,0.58,1
7,6,13746,2,10,5,0,300,0.5,572,0.32,486,0.18,1
7,7,10815,2,10,5,0,300,0.5,1700,0.5,1
7,8,335,0,0,300,0.5,1700,0.5,1
7,9,13475,1,0,500,0.6,1000,0.2,1400,0.2,1
7,10,11528,1,0,500,0.6,1000,0.2,1400,0.2,1
7,11,14272,1,0,300,0.5,1700,0.5,1
8,0,11400,2,10,5,0,666,0.42,420,0.58,1
8,1,10177,1,0,300,0.5,572,0.32,486,0.18,1
8,2,13919,1,0,500,0.6,1000,0.2,1400,0.2,1
8,3,13263,0,0,300,0.5,1700,0.5,1
8,4,12825,1,0,666,0.42,420,0.58,1
8,5,6747,1,0,666,0.42,420,0.58,1
8,6,3547,1,0,666,0.42,420,0.58,1
8,7,4409,2,10,5,0,500,0.6,1000,0.2,1400,0.2,1
8,8,1285,2,10,5,0,300,0.5,1700,0.5,1
8,9,6683,1,0,500,0.6,1000,0.2,1400,0.2,1
8,10,5002,0,0,500,0.6,1000,0.2,1400,0.2,1
8,11,1135,1,0,300,0.5,572,0.32,486,0.18,1
9,0,4060,0,0,300,0.5,1700,0.5,1
9,1,13839,0,0,300,0.5,1700,0.5,1
9,2,12554,0,0,500,0.6,1000,0.2,1400,0.2,1
9,3,7672,2,10,5,0,300,0.5,572,0.32,486,0.18,1
9,4,10243,1,0,300,0.5,1700,0.5,1
9,5,1298,0,0,666,0.42,420,0.58,1
9,6,752,1,0,300,0.5,572,0.32,486,0.18,1
9,7,2518,0,0,666,0.42,420,0.58,1
9,8,3686,0,0,500,0.6,1000,0.2,1400,0.2,1
9,9,3220,0,0,300,0.5,1700,0.5,1
9,10,3187,1,0,666,0.42,420,0.58,1
9,11,8197,1,0,500,0.6,1000,0.2,1400,0.2,1
10,0,925,1,0,300,0.5,1700,0.5,1
10,1,4790,2,10,5,0,300,0.5,572,0.32,486,0.18,1
10,2,8795,0,0,500,0.6,1000,0.2,1400,0.2,1
10,3,9355,0,0,500,0.6,1000,0.2,1400,0.2,1
10,4,8661,1,0,300,0.5,1700,0.5,1
10,5,600,0,0,500,0.6,1000,0.2,1400,0.2,1
10,6,11834,2,10,5,0,500,0.6,1000,0.2,1400,0.2,1
10,7,4730,1,0,666,0.42,420,0.58,1
10,8,1791,1,0,300,0.5,1700,0.5,1
10,9,2375,1,0,300,0.5,572,0.32,486,0.18,1
10,10,14425,0,0,666,0.42,420,0.58,1
10,11,4151,2,10,5,0,300,0.5,572,0.32,486,0.18,1
11,0,11799,1,0,666,0.42,420,0.58,1
11,1,9598,2,10,5,0,300,0.5,572,0.32,486,0.18,1
11,2,13885,2,10,5,0,500,0.6,1000,0.2,1400,0.2,1
11,3,10173,2,10,5,0,500,0.6,1000,0.2,1400,0.2,1
11,4,13926,2,10,5,0,300,0.5,572,0.32,486,0.18,1
11,5,14579,0,0,500,0.6,1000,0.2,1400,0.2,1
11,6,5911,1,0,500,0.6,1000,0.2,1400,0.2,1
11,7,3044,2,10,5,0,500,0.6,1000,0.2,1400,0.2,1
11,8,14746,0,0,300,0.5,572,0.32,486,0.18,1
11,9,4159,2,10,5,0,666,0.42,420,0.58,1
11,10,10603,2,10,5,0,300,0.5,1700,0.5,1
11,11,2474,1,0,300,0.5,1700,0.5,1
