0,0,11397,2,10,5,0,666,0.42,420,0.58,1
0,1,8909,0,0,666,0.42,420,0.58,1
0,2,11100,2,10,5,0,300,0.5,1700,0.5,1
0,3,3939,0,0,500,0.6,1000,0.2,1400,0.2,1
0,4,7678,0,0,300,0.5,572,0.32,486,0.18,1
0,5,14523,0,0,300,0.5,572,0.32,486,0.18,1
0,6,6182,1,0,500,0.6,1000,0.2,1400,0.2,1
0,7,12037,0,0,300,0.5,1700,0.5,1
0,8,7795,1,0,500,0.6,1000,0.2,1400,0.2,1
0,9,5125,0,0,300,0.5,1700,0.5,1
0,10,4879,0,0,300,0.5,572,0.32,486,0.18,1
0,11,11210,0,0,666,0.42,420,0.58,1
1,0,7321,0,0,666,0.42,420,0.58,1
1,1,11617,2,10,5,0,300,0.5,572,0.32,486,0.18,1
1,2,944,2,10,5,0,500,0.6,1000,0.2,1400,0.2,0
1,3,9307,1,0,300,0.5,572,0.32,486,0.18,1
1,4,9549,1,0,666,0.42,420,0.58,1
1,5,7402,0,0,500,0.6,1000,0.2,1400,0.2,1
1,6,3055,0,0,300,0.5,572,0.32,486,0.18,1
1,7,6798,0,0,500,0.6,1000,0.2,1400,0.2,1
1,8,399,2,10,5,0,666,0.42,420,0.58,1
1,9,7139,0,0,300,0.5,1700,0.5,1
1,10,11307,1,0,500,0.6,1000,0.2,1400,0.2,1
1,11,650,0,0,666,0.42,420,0.58,1
2,0,6046,0,0,500,0.6,1000,0.2,1400,0.2,1
2,1,4141,0,0,300,0.5,1700,0.5,1
2,2,10029,2,10,5,0,300,0.5,572,0.32,486,0.18,1
2,3,2652,0,0,500,0.6,1000,0.2,1400,0.2,1
2,4,2108,0,0,300,0.5,1700,0.5,1
2,5,1287,2,10,5,0,666,0.42,420,0.58,1
2,6,5174,1,0,666,0.42,420,0.58,1
2,7,11404,0,0,666,0.42,420,0.58,1
2,8,3806,0,0,300,0.5,1700,0.5,1
2,9,8379,1,0,500,0.6,1000,0.2,1400,0.2,1
2,10,11106,0,0,666,0.42,420,0.58,1
2,11,7035,2,10,5,0,666,0.42,420,0.58,1
3,0,13152,2,10,5,0,500,0.6,1000,0.2,1400,0.2,1
3,1,493,0,0,300,0.5,572,0.32,486,0.18,1
3,2,611,1,0,666,0.42,420,0.58,1
3,3,5085,1,0,300,0.5,1700,0.5,1
3,4,4363,0,0,500,0.6,1000,0.2,1400,0.2,1
3,5,8381,1,0,666,0.42,420,0.58,1
3,6,14352,1,0,300,0.5,1700,0.5,1
3,7,11010,2,10,5,0,666,0.42,420,0.58,1
3,8,398,2,10,5,0,300,0.5,1700,0.5,1
3,9,10368,2,10,5,0,300,0.5,572,0.32,486,0.18,1
3,10,9600,1,0,500,0.6,1000,0.2,1400,0.2,1
3,11,3683,2,10,5,0,666,0.42,420,0.58,1
4,0,2657,1,0,300,0.5,1700,0.5,1
4,1,14815,1,0,300,0.5,1700,0.5,1
4,2,11431,1,0,500,0.6,1000,0.2,1400,0.2,1
4,3,4020,2,10,5,0,300,0.5,1700,0.5,1
4,4,5402,1,0,300,0.5,572,0.32,486,0.18,1
4,5,2354,2,10,5,0,300,0.5,1700,0.5,1
4,6,5286,0,0,300,0.5,1700,0.5,1
4,7,5774,2,10,5,0,300,0.5,1700,0.5,1
4,8,2044,2,10,5,0,666,0.42,420,0.58,1
4,9,713,0,0,300,0.5,572,0.32,486,0.18,1
4,10,1147,1,0,300,0.5,1700,0.5,1
4,11,11329,1,0,300,0.5,572,0.32,486,0.18,1
5,0,13987,1,0,300,0.5,1700,0.5,1
5,1,472,0,0,500,0.6,1000,0.2,1400,0.2,1
5,2,4507,0,0,666,0.42,420,0.58,1
5,3,5730,1,0,300,0.5,572,0.32,486,0.18,1
5,4,7226,0,0,666,0.42,420,0.58,1
5,5,6849,2,10,5,0,300,0.5,1700,0.5,1
5,6,13863,2,10,5,0,300,0.5,572,0.32,486,0.18,1
5,7,11165,2,10,5,0,300,0.5,1700,0.5,1
5,8,819,1,0,666,0.42,420,0.58,1
5,9,1526,0,0,300,0.5,572,0.32,486,0.18,1
5,10,5961,2,10,5,0,500,0.6,1000,0.2,1400,0.2,1
5,11,3325,1,0,300,0.5,572,0.32,486,0.18,1
6,0,7218,1,0,500,0.6,1000,0.2,1400,0.2,1
6,1,12198,1,0,666,0.42,420,0.58,1
6,2,1875,2,10,5,0,500,0.6,1000,0.2,1400,0.2,1
6,3,2226,2,10,5,0,666,0.42,420,0.58,1
6,4,11244,1,0,300,0.5,1700,0.5,1
6,5,8621,1,0,500,0.6,1000,0.2,1400,0.2,1
6,6,14438,2,10,5,0,500,0.6,1000,0.2,1400,0.2,1
6,7,11743,0,0,300,0.5,1700,0.5,1
6,8,13747,1,0,300,0.5,1700,0.5,1
6,9,4703,0,0,300,0.5,572,0.32,486,0.18,1
6,10,3326,0,0,500,0.6,1000,0.2,1400,0.2,1
6,11,12729,2,10,5,0,500,0.6,1000,0.2,1400,0.2,1
7,0,1495,1,0,500,0.6,1000,0.2,1400,0.2,1
7,1,12216,1,0,300,0.5,572,0.32,486,0.18,1
7,2,1252,0,0,500,0.6,1000,0.2,1400,0.2,1
7,3,3371,1,0,666,0.42,420,0.58,1
7,4,12467,0,0,300,0.5,572,0.32,486,0.18,1
7,5,6601,0,0,500,0.6,1000,0.2,1400,0.2,1
7,6,6004,2,10,5,0,300,0.5,1700,0.5,1
7,7,12885,1,0,500,0.6,1000,0.2,1400,0.2,1
7,8,8189,0,0,300,0.5,1700,0.5,1
7,9,7166,0,0,300,0.5,572,0.32,486,0.18,1
7,10,6276,2,10,5,0,500,0.6,1000,0.2,1400,0.2,1
7,11,11323,1,0,666,0.42,420,0.58,1
8,0,7663,0,0,300,0.5,1700,0.5,1
8,1,712,1,0,300,0.5,1700,0.5,1
8,2,11241,1,0,666,0.42,420,0.58,1
8,3,1178,2,10,5,0,300,0.5,572,0.32,486,0.18,1
8,4,9276,0,0,300,0.5,1700,0.5,1
8,5,4356,1,0,666,0.42,420,0.58,1
8,6,14743,2,10,5,0,300,0.5,572,0.32,486,0.18,1
8,7,5879,2,10,5,0,300,0.5,572,0.32,486,0.18,1
8,8,5805,1,0,300,0.5,1700,0.5,1
8,9,833,1,0,300,0.5,572,0.32,486,0.18,1
8,10,3791,2,10,5,0,500,0.6,1000,0.2,1400,0.2,1
8,11,9842,2,10,5,0,500,0.6,1000,0.2,1400,0.2,1
9,0,11176,0,0,300,0.5,572,0.32,486,0.18,1
9,1,12118,2,10,5,0,300,0.5,1700,0.5,1
9,2,40,2,10,5,0,300,0.5,1700,0.5,1
9,3,1135,1,0,500,0.6,1000,0.2,1400,0.2,1
9,4,9887,1,0,300,0.5,572,0.32,486,0.18,1
9,5,8226,0,0,300,0.5,1700,0.5,1
9,6,7864,2,10,5,0,300,0.5,1700,0.5,1
9,7,13246,0,0,500,0.6,1000,0.2,1400,0.2,1
9,8,6174,1,0,300,0.5,572,0.32,486,0.18,1
9,9,11055,2,10,5,0,666,0.42,420,0.58,1
9,10,6204,1,0,300,0.5,1700,0.5,1
9,11,13203,1,0,500,0.6,1000,0.2,1400,0.2,1
10,0,11062,0,0,300,0.5,1700,0.5,1
10,1,1362,1,0,666,0.42,420,0.58,1
10,2,9816,2,10,5,0,300,0.5,1700,0.5,1
10,3,13199,0,0,666,0.42,420,0.58,1
10,4,623,1,0,666,0.42,420,0.58,1
10,5,1092,1,0,500,0.6,1000,0.2,1400,0.2,1
10,6,12244,0,0,300,0.5,1700,0.5,1
10,7,10279,2,10,5,0,300,0.5,572,0.32,486,0.18,1
10,8,8148,2,10,5,0,500,0.6,1000,0.2,1400,0.2,1
10,9,114,1,0,300,0.5,1700,0.5,1
10,10,787,1,0,666,0.42,420,0.58,1
10,11,14246,2,10,5,0,300,0.5,1700,0.5,1
11,0,4528,1,0,500,0.6,1000,0.2,1400,0.2,1
11,1,12910,1,0,300,0.5,1700,0.5,1
11,2,11610,0,0,300,0.5,1700,0.5,1
11,3,2629,1,0,300,0.5,572,0.32,486,0.18,1
11,4,6971,0,0,300,0.5,572,0.32,486,0.18,1
11,5,7133,2,10,5,0,500,0.6,1000,0.2,1400,0.2,1
11,6,4785,1,0,300,0.5,572,0.32,486,0.18,1
11,7,7405,1,0,300,0.5,1700,0.5,1
11,8,3663,1,0,300,0.5,1700,0.5,1
11,9,4451,2,10,5,0,300,0.5,572,0.32,486,0.18,1
11,10,3228,1,0,300,0.5,1700,0.5,1
11,11,4763,2,10,5,0,300,0.5,1700,0.5,1
