0,0,14110,0,0,666,0.42,420,0.58,1
0,1,2114,2,10,5,0,300,0.5,572,0.32,486,0.18,1
0,2,113,0,0,666,0.42,420,0.58,1
0,3,12325,2,10,5,0,500,0.6,1000,0.2,1400,0.2,1
0,4,11342,0,0,300,0.5,1700,0.5,1
0,5,11312,0,0,500,0.6,1000,0.2,1400,0.2,1
0,6,475,1,0,300,0.5,1700,0.5,1
0,7,5431,2,10,5,0,300,0.5,572,0.32,486,0.18,1
0,8,4682,1,0,300,0.5,1700,0.5,1
0,9,12319,0,0,500,0.6,1000,0.2,1400,0.2,1
0,10,12031,0,0,666,0.42,420,0.58,1
0,11,8909,2,10,5,0,300,0.5,572,0.32,486,0.18,1
1,0,11805,2,10,5,0,666,0.42,420,0.58,1
1,1,1213,2,10,5,0,300,0.5,572,0.32,486,0.18,1
1,2,6557,1,0,666,0.42,420,0.58,0
1,3,13259,1,0,300,0.5,572,0.32,486,0.18,1
1,4,9218,1,0,500,0.6,1000,0.2,1400,0.2,1
1,5,12432,0,0,300,0.5,572,0.32,486,0.18,1
1,6,9843,1,0,666,0.42,420,0.58,1
1,7,1718,0,0,300,0.5,572,0.32,486,0.18,1
1,8,5664,1,0,666,0.42,420,0.58,1
1,9,2016,1,0,666,0.42,420,0.58,1
1,10,7867,2,10,5,0,300,0.5,1700,0.5,1
1,11,5683,1,0,300,0.5,572,0.32,486,0.18,1
2,0,2118,2,10,5,0,666,0.42,420,0.58,1
2,1,3871,1,0,500,0.6,1000,0.2,1400,0.2,1
2,2,14261,1,0,666,0.42,420,0.58,1
2,3,7075,2,10,5,0,666,0.42,420,0.58,1
2,4,901,0,0,300,0.5,1700,0.5,1
2,5,5153,1,0,500,0.6,1000,0.2,1400,0.2,1
2,6,4379,1,0,666,0.42,420,0.58,1
2,7,10711,1,0,500,0.6,1000,0.2,1400,0.2,1
2,8,463,2,10,5,0,666,0.42,420,0.58,1
2,9,6779,2,10,5,0,300,0.5,572,0.32,486,0.18,1
2,10,10758,2,10,5,0,666,0.42,420,0.58,1
2,11,12769,0,0,500,0.6,1000,0.2,1400,0.2,1
3,0,8033,2,10,5,0,300,0.5,1700,0.5,1
3,1,4095,0,0,500,0.6,1000,0.2,1400,0.2,1
3,2,14281,1,0,300,0.5,1700,0.5,1
3,3,4522,0,0,300,0.5,1700,0.5,1
3,4,8417,0,0,300,0.5,572,0.32,486,0.18,1
3,5,6373,2,10,5,0,666,0.42,420,0.58,1
3,6,8576,2,10,5,0,300,0.5,1700,0.5,1
3,7,9952,0,0,300,0.5,1700,0.5,1
3,8,6533,1,0,500,0.6,1000,0.2,1400,0.2,1
3,9,4627,1,0,666,0.42,420,0.58,1
3,10,6850,2,10,5,0,500,0.6,1000,0.2,1400,0.2,1
3,11,12947,2,10,5,0,500,0.6,1000,0.2,1400,0.2,1
4,0,13693,1,0,300,0.5,572,0.32,486,0.18,1
4,1,10384,2,10,5,0,500,0.6,1000,0.2,1400,0.2,1
4,2,11740,2,10,5,0,500,0.6,1000,0.2,1400,0.2,1
4,3,7882,1,0,500,0.6,1000,0.2,1400,0.2,1
4,4,8899,2,10,5,0,666,0.42,420,0.58,1
4,5,6030,1,0,300,0.5,572,0.32,486,0.18,1
4,6,14101,0,0,300,0.5,1700,0.5,1
4,7,14830,1,0,300,0.5,1700,0.5,1
4,8,1058,2,10,5,0,666,0.42,420,0.58,1
4,9,4219,2,10,5,0,300,0.5,1700,0.5,1
4,10,13454,0,0,300,0.5,572,0.32,486,0.18,1
4,11,13357,0,0,300,0.5,572,0.32,486,0.18,1
5,0,398,2,10,5,0,300,0.5,572,0.32,486,0.18,1
5,1,9901,2,10,5,0,300,0.5,572,0.32,486,0.18,1
5,2,13416,1,0,300,0.5,572,0.32,486,0.18,1
5,3,2620,0,0,500,0.6,1000,0.2,1400,0.2,1
5,4,134,2,10,5,0,500,0.6,1000,0.2,1400,0.2,1
5,5,1358,0,0,666,0.42,420,0.58,1
5,6,7507,1,0,500,0.6,1000,0.2,1400,0.2,1
5,7,13641,0,0,500,0.6,1000,0.2,1400,0.2,1
5,8,13362,0,0,500,0.6,1000,0.2,1400,0.2,1
5,9,3716,2,10,5,0,666,0.42,420,0.58,1
5,10,7400,2,10,5,0,500,0.6,1000,0.2,1400,0.2,1
5,11,12041,1,0,666,0.42,420,0.58,1
6,0,14183,0,0,500,0.6,1000,0.2,1400,0.2,1
6,1,12805,1,0,300,0.5,1700,0.5,1
6,2,13996,0,0,300,0.5,572,0.32,486,0.18,1
6,3,3814,0,0,300,0.5,572,0.32,486,0.18,1
6,4,9983,1,0,300,0.5,1700,0.5,1
6,5,14517,2,10,5,0,666,0.42,420,0.58,1
6,6,4853,1,0,300,0.5,1700,0.5,1
6,7,8220,1,0,300,0.5,572,0.32,486,0.18,1
6,8,13174,0,0,300,0.5,1700,0.5,1
6,9,3328,0,0,300,0.5,1700,0.5,1
6,10,5398,0,0,500,0.6,1000,0.2,1400,0.2,1
6,11,14771,0,0,500,0.6,1000,0.2,1400,0.2,1
7,0,13868,2,10,5,0,666,0.42,420,0.58,1
7,1,535,2,10,5,0,300,0.5,572,0.32,486,0.18,1
7,2,8933,1,0,500,0.6,1000,0.2,1400,0.2,1
7,3,5303,0,0,666,0.42,420,0.58,1
7,4,9184,0,0,666,0.42,420,0.58,1
7,5,7593,1,0,500,0.6,1000,0.2,1400,0.2,1
7,6,9001,1,0,300,0.5,572,0.32,486,0.18,1
7,7,6460,1,0,300,0.5,1700,0.5,1
7,8,4784,0,0,300,0.5,1700,0.5,1
7,9,7086,2,10,5,0,300,0.5,1700,0.5,1
7,10,3788,1,0,300,0.5,1700,0.5,1
7,11,2918,0,0,300,0.5,1700,0.5,1
8,0,11486,0,0,666,0.42,420,0.58,1
8,1,6001,1,0,500,0.6,1000,0.2,1400,0.2,1
8,2,13117,2,10,5,0,300,0.5,1700,0.5,1
8,3,7778,0,0,666,0.42,420,0.58,1
8,4,4738,1,0,300,0.5,572,0.32,486,0.18,1
8,5,873,2,10,5,0,300,0.5,1700,0.5,1
8,6,14449,0,0,666,0.42,420,0.58,1
8,7,12684,0,0,666,0.42,420,0.58,1
8,8,1951,1,0,666,0.42,420,0.58,1
8,9,9415,1,0,300,0.5,572,0.32,486,0.18,1
8,10,6464,0,0,300,0.5,572,0.32,486,0.18,1
8,11,351,2,10,5,0,500,0.6,1000,0.2,1400,0.2,1
9,0,5707,1,0,500,0.6,1000,0.2,1400,0.2,1
9,1,5651,0,0,500,0.6,1000,0.2,1400,0.2,1
9,2,1284,2,10,5,0,300,0.5,1700,0.5,1
9,3,10634,1,0,300,0.5,1700,0.5,1
9,4,6852,1,0,300,0.5,572,0.32,486,0.18,1
9,5,7698,1,0,666,0.42,420,0.58,1
9,6,866,2,10,5,0,500,0.6,1000,0.2,1400,0.2,1
9,7,14772,2,10,5,0,500,0.6,1000,0.2,1400,0.2,1
9,8,3903,1,0,300,0.5,572,0.32,486,0.18,1
9,9,6441,0,0,300,0.5,572,0.32,486,0.18,1
9,10,11495,1,0,666,0.42,420,0.58,1
9,11,6475,1,0,500,0.6,1000,0.2,1400,0.2,1
10,0,6446,0,0,300,0.5,1700,0.5,1
10,1,9939,1,0,666,0.42,420,0.58,1
10,2,13730,0,0,666,0.42,420,0.58,1
10,3,3797,2,10,5,0,666,0.42,420,0.58,1
10,4,8803,0,0,300,0.5,572,0.32,486,0.18,1
10,5,12122,2,10,5,0,666,0.42,420,0.58,1
10,6,5969,2,10,5,0,300,0.5,1700,0.5,1
10,7,7237,2,10,5,0,500,0.6,1000,0.2,1400,0.2,1
10,8,816,0,0,300,0.5,1700,0.5,1
10,9,1029,1,0,666,0.42,420,0.58,1
10,10,9989,2,10,5,0,300,0.5,1700,0.5,1
10,11,939,2,10,5,0,666,0.42,420,0.58,1
11,0,1175,1,0,300,0.5,1700,0.5,1
11,1,11359,2,10,5,0,666,0.42,420,0.58,1
11,2,4143,0,0,300,0.5,572,0.32,486,0.18,1
11,3,7796,2,10,5,0,300,0.5,572,0.32,486,0.18,1
11,4,14798,2,10,5,0,500,0.6,1000,0.2,1400,0.2,1
11,5,13853,0,0,500,0.6,1000,0.2,1400,0.2,1
11,6,11565,0,0,300,0.5,1700,0.5,1
11,7,5807,0,0,300,0.5,572,0.32,486,0.18,1
11,8,760,0,0,300,0.5,572,0.32,486,0.18,1
11,9,5539,0,0,500,0.6,1000,0.2,1400,0.2,1
11,10,9782,2,10,5,0,300,0.5,572,0.32,486,0.18,1
11,11,5921,1,0,666,0.42,420,0.58,1
