0,0,4093,2,10,5,0,500,0.6,1000,0.2,1400,0.2,1
0,1,9357,0,0,300,0.5,1700,0.5,1
0,2,10303,1,0,500,0.6,1000,0.2,1400,0.2,1
0,3,6123,0,0,500,0.6,1000,0.2,1400,0.2,1
0,4,14773,1,0,300,0.5,572,0.32,486,0.18,1
0,5,9860,1,0,300,0.5,572,0.32,486,0.18,1
0,6,5485,1,0,300,0.5,572,0.32,486,0.18,1
0,7,14928,1,0,300,0.5,572,0.32,486,0.18,1
0,8,4565,1,0,300,0.5,572,0.32,486,0.18,1
0,9,11344,0,0,666,0.42,420,0.58,1
0,10,2600,1,0,500,0.6,1000,0.2,1400,0.2,1
0,11,4989,0,0,300,0.5,1700,0.5,1
1,0,11012,1,0,300,0.5,572,0.32,486,0.18,1
1,1,11201,1,0,500,0.6,1000,0.2,1400,0.2,1
1,2,6030,1,0,300,0.5,572,0.32,486,0.18,0
1,3,14002,1,0,300,0.5,1700,0.5,1
1,4,34,1,0,300,0.5,572,0.32,486,0.18,1
1,5,3455,0,0,500,0.6,1000,0.2,1400,0.2,1
1,6,8787,1,0,500,0.6,1000,0.2,1400,0.2,1
1,7,10303,0,0,300,0.5,572,0.32,486,0.18,1
1,8,12157,1,0,300,0.5,1700,0.5,1
1,9,919,2,10,5,0,300,0.5,572,0.32,486,0.18,1
1,10,5289,1,0,500,0.6,1000,0.2,1400,0.2,1
1,11,879,2,10,5,0,500,0.6,1000,0.2,1400,0.2,1
2,0,11740,2,10,5,0,500,0.6,1000,0.2,1400,0.2,1
2,1,1195,2,10,5,0,500,0.6,1000,0.2,1400,0.2,1
2,2,5543,2,10,5,0,500,0.6,1000,0.2,1400,0.2,1
2,3,12954,2,10,5,0,500,0.6,1000,0.2,1400,0.2,1
2,4,9385,2,10,5,0,500,0.6,1000,0.2,1400,0.2,1
2,5,11421,0,0,300,0.5,1700,0.5,1
2,6,233,0,0,666,0.42,420,0.58,1
2,7,11623,0,0,300,0.5,1700,0.5,1
2,8,9093,2,10,5,0,666,0.42,420,0.58,1
2,9,1513,1,0,500,0.6,1000,0.2,1400,0.2,1
2,10,13425,0,0,500,0.6,1000,0.2,1400,0.2,1
2,11,12701,0,0,300,0.5,572,0.32,486,0.18,1
3,0,5138,1,0,500,0.6,1000,0.2,1400,0.2,1
3,1,10755,2,10,5,0,300,0.5,1700,0.5,1
3,2,6064,2,10,5,0,666,0.42,420,0.58,1
3,3,8065,0,0,300,0.5,1700,0.5,1
3,4,5848,0,0,666,0.42,420,0.58,1
3,5,7037,1,0,500,0.6,1000,0.2,1400,0.2,1
3,6,10999,0,0,300,0.5,572,0.32,486,0.18,1
3,7,10560,1,0,500,0.6,1000,0.2,1400,0.2,1
3,8,8079,0,0,300,0.5,572,0.32,486,0.18,1
3,9,9439,0,0,666,0.42,420,0.58,1
3,10,11336,1,0,300,0.5,572,0.32,486,0.18,1
3,11,847,1,0,300,0.5,572,0.32,486,0.18,1
4,0,8709,2,10,5,0,300,0.5,572,0.32,486,0.18,1
4,1,1148,1,0,300,0.5,1700,0.5,1
4,2,4033,1,0,666,0.42,420,0.58,1
4,3,14671,2,10,5,0,666,0.42,420,0.58,1
4,4,11956,0,0,500,0.6,1000,0.2,1400,0.2,1
4,5,7187,0,0,300,0.5,572,0.32,486,0.18,1
4,6,3568,2,10,5,0,300,0.5,1700,0.5,1
4,7,9059,0,0,500,0.6,1000,0.2,1400,0.2,1
4,8,8289,1,0,300,0.5,1700,0.5,1
4,9,12881,0,0,666,0.42,420,0.58,1
4,10,4988,0,0,666,0.42,420,0.58,1
4,11,9206,2,10,5,0,300,0.5,572,0.32,486,0.18,1
5,0,8690,0,0,666,0.42,420,0.58,1
5,1,7892,2,10,5,0,666,0.42,420,0.58,1
5,2,7787,1,0,666,0.42,420,0.58,1
5,3,4134,2,10,5,0,500,0.6,1000,0.2,1400,0.2,1
5,4,4583,1,0,300,0.5,1700,0.5,1
5,5,12223,2,10,5,0,300,0.5,1700,0.5,1
5,6,6542,2,10,5,0,300,0.5,572,0.32,486,0.18,1
5,7,4625,0,0,300,0.5,1700,0.5,1
5,8,10363,2,10,5,0,666,0.42,420,0.58,1
5,9,9266,1,0,300,0.5,572,0.32,486,0.18,1
5,10,3874,1,0,300,0.5,1700,0.5,1
5,11,1270,1,0,300,0.5,572,0.32,486,0.18,1
6,0,12527,2,10,5,0,300,0.5,1700,0.5,1
6,1,6627,2,10,5,0,300,0.5,572,0.32,486,0.18,1
6,2,10654,2,10,5,0,666,0.42,420,0.58,1
6,3,3042,0,0,666,0.42,420,0.58,1
6,4,13915,2,10,5,0,300,0.5,1700,0.5,1
6,5,8991,0,0,300,0.5,1700,0.5,1
6,6,10133,0,0,666,0.42,420,0.58,1
6,7,5106,2,10,5,0,300,0.5,572,0.32,486,0.18,1
6,8,11812,1,0,300,0.5,1700,0.5,1
6,9,10508,1,0,500,0.6,1000,0.2,1400,0.2,1
6,10,527,2,10,5,0,666,0.42,420,0.58,1
6,11,5526,2,10,5,0,300,0.5,572,0.32,486,0.18,1
7,0,9715,0,0,666,0.42,420,0.58,1
7,1,10986,2,10,5,0,500,0.6,1000,0.2,1400,0.2,1
7,2,9952,0,0,500,0.6,1000,0.2,1400,0.2,1
7,3,7298,1,0,500,0.6,1000,0.2,1400,0.2,1
7,4,3696,2,10,5,0,500,0.6,1000,0.2,1400,0.2,1
7,5,3757,1,0,500,0.6,1000,0.2,1400,0.2,1
7,6,14862,1,0,300,0.5,572,0.32,486,0.18,1
7,7,13889,0,0,500,0.6,1000,0.2,1400,0.2,1
7,8,14087,0,0,300,0.5,572,0.32,486,0.18,1
7,9,2321,0,0,666,0.42,420,0.58,1
7,10,7958,2,10,5,0,666,0.42,420,0.58,1
7,11,7434,0,0,300,0.5,1700,0.5,1
8,0,5360,1,0,500,0.6,1000,0.2,1400,0.2,1
8,1,9330,1,0,500,0.6,1000,0.2,1400,0.2,1
8,2,6901,1,0,500,0.6,1000,0.2,1400,0.2,1
8,3,2757,0,0,300,0.5,1700,0.5,1
8,4,3212,2,10,5,0,500,0.6,1000,0.2,1400,0.2,1
8,5,9057,2,10,5,0,666,0.42,420,0.58,1
8,6,3219,1,0,300,0.5,572,0.32,486,0.18,1
8,7,9497,1,0,500,0.6,1000,0.2,1400,0.2,1
8,8,6896,1,0,500,0.6,1000,0.2,1400,0.2,1
8,9,6690,0,0,300,0.5,1700,0.5,1
8,10,68,0,0,300,0.5,1700,0.5,1
8,11,1995,1,0,500,0.6,1000,0.2,1400,0.2,1
9,0,11719,1,0,300,0.5,572,0.32,486,0.18,1
9,1,9157,1,0,300,0.5,1700,0.5,1
9,2,757,2,10,5,0,666,0.42,420,0.58,1
9,3,5134,0,0,300,0.5,1700,0.5,1
9,4,1130,1,0,300,0.5,572,0.32,486,0.18,1
9,5,530,0,0,300,0.5,1700,0.5,1
9,6,786,0,0,500,0.6,1000,0.2,1400,0.2,1
9,7,3165,2,10,5,0,500,0.6,1000,0.2,1400,0.2,1
9,8,12988,0,0,500,0.6,1000,0.2,1400,0.2,1
9,9,13922,2,10,5,0,300,0.5,572,0.32,486,0.18,1
9,10,10647,2,10,5,0,300,0.5,1700,0.5,1
9,11,3565,0,0,500,0.6,1000,0.2,1400,0.2,1
10,0,7325,0,0,300,0.5,1700,0.5,1
10,1,1654,2,10,5,0,666,0.42,420,0.58,1
10,2,14088,1,0,300,0.5,1700,0.5,1
10,3,6745,2,10,5,0,500,0.6,1000,0.2,1400,0.2,1
10,4,8196,1,0,300,0.5,1700,0.5,1
10,5,911,2,10,5,0,666,0.42,420,0.58,1
10,6,10860,2,10,5,0,666,0.42,420,0.58,1
10,7,6828,0,0,500,0.6,1000,0.2,1400,0.2,1
10,8,5406,1,0,300,0.5,1700,0.5,1
10,9,13382,0,0,300,0.5,572,0.32,486,0.18,1
10,10,699,2,10,5,0,666,0.42,420,0.58,1
10,11,4914,1,0,666,0.42,420,0.58,1
11,0,14012,1,0,300,0.5,1700,0.5,1
11,1,9525,2,10,5,0,500,0.6,1000,0.2,1400,0.2,1
11,2,2909,1,0,666,0.42,420,0.58,1
11,3,10109,0,0,666,0.42,420,0.58,1
11,4,8787,0,0,300,0.5,1700,0.5,1
11,5,447,2,10,5,0,300,0.5,572,0.32,486,0.18,1
11,6,2982,2,10,5,0,666,0.42,420,0.58,1
11,7,14846,1,0,300,0.5,572,0.32,486,0.18,1
11,8,2852,0,0,300,0.5,572,0.32,486,0.18,1
11,9,11920,1,0,300,0.5,1700,0.5,1
11,10,12170,0,0,300,0.5,572,0.32,486,0.18,1
11,11,5176,2,10,5,0,666,0.42,420,0.58,1
