0,0,13805,1,0,300,0.5,572,0.32,486,0.18,1
0,1,5793,2,10,5,0,300,0.5,1700,0.5,1
0,2,12457,0,0,500,0.6,1000,0.2,1400,0.2,1
0,3,1555,0,0,666,0.42,420,0.58,1
0,4,841,2,10,5,0,500,0.6,1000,0.2,1400,0.2,1
0,5,4155,1,0,300,0.5,572,0.32,486,0.18,1
0,6,12697,2,10,5,0,300,0.5,572,0.32,486,0.18,1
0,7,2479,2,10,5,0,500,0.6,1000,0.2,1400,0.2,1
0,8,10056,0,0,500,0.6,1000,0.2,1400,0.2,1
0,9,8771,2,10,5,0,666,0.42,420,0.58,1
0,10,6699,1,0,300,0.5,1700,0.5,1
0,11,3784,1,0,500,0.6,1000,0.2,1400,0.2,1
1,0,8257,0,0,666,0.42,420,0.58,1
1,1,14624,1,0,300,0.5,572,0.32,486,0.18,1
1,2,4297,1,0,666,0.42,420,0.58,0
1,3,11324,0,0,300,0.5,1700,0.5,1
1,4,3041,2,10,5,0,666,0.42,420,0.58,1
1,5,1436,2,10,5,0,500,0.6,1000,0.2,1400,0.2,1
1,6,6205,0,0,500,0.6,1000,0.2,1400,0.2,1
1,7,11124,0,0,300,0.5,1700,0.5,1
1,8,6936,0,0,500,0.6,1000,0.2,1400,0.2,1
1,9,3565,2,10,5,0,666,0.42,420,0.58,1
1,10,14520,2,10,5,0,500,0.6,1000,0.2,1400,0.2,1
1,11,3726,0,0,300,0.5,1700,0.5,1
2,0,7703,0,0,666,0.42,420,0.58,1
2,1,11360,0,0,300,0.5,1700,0.5,1
2,2,2989,2,10,5,0,300,0.5,572,0.32,486,0.18,1
2,3,5668,1,0,500,0.6,1000,0.2,1400,0.2,1
2,4,9666,2,10,5,0,300,0.5,1700,0.5,1
2,5,2110,0,0,300,0.5,572,0.32,486,0.18,1
2,6,3658,2,10,5,0,300,0.5,1700,0.5,1
2,7,964,0,0,500,0.6,1000,0.2,1400,0.2,1
2,8,8598,2,10,5,0,500,0.6,1000,0.2,1400,0.2,1
2,9,9562,2,10,5,0,666,0.42,420,0.58,1
2,10,10802,2,10,5,0,666,0.42,420,0.58,1
2,11,13925,1,0,300,0.5,572,0.32,486,0.18,1
3,0,5780,0,0,300,0.5,572,0.32,486,0.18,1
3,1,1397,1,0,300,0.5,1700,0.5,1
3,2,12527,0,0,300,0.5,1700,0.5,1
3,3,203,1,0,666,0.42,420,0.58,1
3,4,9702,1,0,300,0.5,572,0.32,486,0.18,1
3,5,8170,2,10,5,0,300,0.5,1700,0.5,1
3,6,2671,0,0,300,0.5,1700,0.5,1
3,7,10266,2,10,5,0,500,0.6,1000,0.2,1400,0.2,1
3,8,6941,1,0,500,0.6,1000,0.2,1400,0.2,1
3,9,8381,1,0,300,0.5,572,0.32,486,0.18,1
3,10,2689,2,10,5,0,300,0.5,572,0.32,486,0.18,1
3,11,3637,1,0,666,0.42,420,0.58,1
4,0,1826,0,0,666,0.42,420,0.58,1
4,1,13833,2,10,5,0,500,0.6,1000,0.2,1400,0.2,1
4,2,4137,1,0,300,0.5,1700,0.5,1
4,3,1812,2,10,5,0,300,0.5,572,0.32,486,0.18,1
4,4,5223,1,0,500,0.6,1000,0.2,1400,0.2,1
4,5,10447,0,0,500,0.6,1000,0.2,1400,0.2,1
4,6,11294,1,0,500,0.6,1000,0.2,1400,0.2,1
4,7,11720,2,10,5,0,500,0.6,1000,0.2,1400,0.2,1
4,8,9345,1,0,500,0.6,1000,0.2,1400,0.2,1
4,9,12902,0,0,300,0.5,1700,0.5,1
4,10,896,1,0,500,0.6,1000,0.2,1400,0.2,1
4,11,8684,1,0,666,0.42,420,0.58,1
5,0,287,1,0,300,0.5,572,0.32,486,0.18,1
5,1,526,0,0,300,0.5,572,0.32,486,0.18,1
5,2,11590,2,10,5,0,500,0.6,1000,0.2,1400,0.2,1
5,3,14237,1,0,666,0.42,420,0.58,1
5,4,9289,1,0,300,0.5,572,0.32,486,0.18,1
5,5,6620,1,0,300,0.5,572,0.32,486,0.18,1
5,6,12400,1,0,300,0.5,572,0.32,486,0.18,1
5,7,7105,0,0,500,0.6,1000,0.2,1400,0.2,1
5,8,4570,0,0,666,0.42,420,0.58,1
5,9,8692,1,0,300,0.5,572,0.32,486,0.18,1
5,10,9352,1,0,666,0.42,420,0.58,1
5,11,12386,0,0,500,0.6,1000,0.2,1400,0.2,1
6,0,4463,2,10,5,0,666,0.42,420,0.58,1
6,1,7128,0,0,666,0.42,420,0.58,1
6,2,13327,2,10,5,0,300,0.5,1700,0.5,1
6,3,9787,0,0,666,0.42,420,0.58,1
6,4,1859,0,0,666,0.42,420,0.58,1
6,5,9544,2,10,5,0,666,0.42,420,0.58,1
6,6,3824,1,0,666,0.42,420,0.58,1
6,7,13960,1,0,666,0.42,420,0.58,1
6,8,1297,0,0,500,0.6,1000,0.2,1400,0.2,1
6,9,6183,0,0,500,0.6,1000,0.2,1400,0.2,1
6,10,5131,1,0,500,0.6,1000,0.2,1400,0.2,1
6,11,1717,2,10,5,0,300,0.5,572,0.32,486,0.18,1
7,0,2110,1,0,300,0.5,572,0.32,486,0.18,1
7,1,9964,0,0,300,0.5,572,0.32,486,0.18,1
7,2,9887,0,0,300,0.5,1700,0.5,1
7,3,4143,1,0,666,0.42,420,0.58,1
7,4,248,0,0,300,0.5,1700,0.5,1
7,5,7561,2,10,5,0,666,0.42,420,0.58,1
7,6,3594,2,10,5,0,300,0.5,572,0.32,486,0.18,1
7,7,5750,0,0,300,0.5,1700,0.5,1
7,8,9948,0,0,300,0.5,572,0.32,486,0.18,1
7,9,11731,2,10,5,0,500,0.6,1000,0.2,1400,0.2,1
7,10,7317,1,0,666,0.42,420,0.58,1
7,11,6704,1,0,300,0.5,572,0.32,486,0.18,1
8,0,5477,2,10,5,0,300,0.5,572,0.32,486,0.18,1
8,1,5576,1,0,666,0.42,420,0.58,1
8,2,13577,0,0,300,0.5,1700,0.5,1
8,3,2132,0,0,300,0.5,572,0.32,486,0.18,1
8,4,10049,2,10,5,0,300,0.5,572,0.32,486,0.18,1
8,5,3620,0,0,500,0.6,1000,0.2,1400,0.2,1
8,6,12661,2,10,5,0,300,0.5,572,0.32,486,0.18,1
8,7,9019,0,0,300,0.5,1700,0.5,1
8,8,9214,1,0,300,0.5,572,0.32,486,0.18,1
8,9,14198,1,0,300,0.5,1700,0.5,1
8,10,4283,1,0,666,0.42,420,0.58,1
8,11,11392,2,10,5,0,300,0.5,1700,0.5,1
9,0,7569,2,10,5,0,500,0.6,1000,0.2,1400,0.2,1
9,1,14632,2,10,5,0,300,0.5,572,0.32,486,0.18,1
9,2,14004,2,10,5,0,300,0.5,1700,0.5,1
9,3,10671,1,0,500,0.6,1000,0.2,1400,0.2,1
9,4,1871,2,10,5,0,300,0.5,1700,0.5,1
9,5,2950,1,0,300,0.5,1700,0.5,1
9,6,3844,1,0,666,0.42,420,0.58,1
9,7,2946,1,0,300,0.5,1700,0.5,1
9,8,196,0,0,500,0.6,1000,0.2,1400,0.2,1
9,9,2230,1,0,300,0.5,1700,0.5,1
9,10,7233,2,10,5,0,666,0.42,420,0.58,1
9,11,12924,1,0,500,0.6,1000,0.2,1400,0.2,1
10,0,5560,2,10,5,0,500,0.6,1000,0.2,1400,0.2,1
10,1,1706,2,10,5,0,666,0.42,420,0.58,1
10,2,5209,0,0,666,0.42,420,0.58,1
10,3,10012,1,0,300,0.5,1700,0.5,1
10,4,9210,2,10,5,0,500,0.6,1000,0.2,1400,0.2,1
10,5,13088,0,0,500,0.6,1000,0.2,1400,0.2,1
10,6,11402,0,0,500,0.6,1000,0.2,1400,0.2,1
10,7,8212,2,10,5,0,300,0.5,572,0.32,486,0.18,1
10,8,3220,0,0,666,0.42,420,0.58,1
10,9,7015,2,10,5,0,300,0.5,572,0.32,486,0.18,1
10,10,14154,1,0,300,0.5,1700,0.5,1
10,11,6790,2,10,5,0,666,0.42,420,0.58,1
11,0,5418,2,10,5,0,500,0.6,1000,0.2,1400,0.2,1
11,1,10608,1,0,300,0.5,1700,0.5,1
11,2,9577,0,0,500,0.6,1000,0.2,1400,0.2,1
11,3,12694,0,0,500,0.6,1000,0.2,1400,0.2,1
11,4,8635,0,0,300,0.5,572,0.32,486,0.18,1
11,5,5396,2,10,5,0,300,0.5,572,0.32,486,0.18,1
11,6,12488,0,0,300,0.5,1700,0.5,1
11,7,13037,0,0,666,0.42,420,0.58,1
11,8,4830,0,0,300,0.5,572,0.32,486,0.18,1
11,9,10068,0,0,300,0.5,572,0.32,486,0.18,1
11,10,2123,0,0,300,0.5,572,0.32,486,0.18,1
11,11,3012,1,0,300,0.5,572,0.32,486,0.18,1
