0,0,8875,0,0,666,0.42,420,0.58,1
0,1,7983,1,0,666,0.42,420,0.58,1
0,2,9526,1,0,300,0.5,572,0.32,486,0.18,1
0,3,9376,0,0,666,0.42,420,0.58,1
0,4,10389,0,0,500,0.6,1000,0.2,1400,0.2,1
0,5,358,2,10,5,0,300,0.5,1700,0.5,1
0,6,648,0,0,300,0.5,572,0.32,486,0.18,1
0,7,6740,2,10,5,0,300,0.5,1700,0.5,1
0,8,2896,2,10,5,0,500,0.6,1000,0.2,1400,0.2,1
0,9,1438,0,0,500,0.6,1000,0.2,1400,0.2,1
0,10,11782,0,0,300,0.5,1700,0.5,1
0,11,10618,1,0,500,0.6,1000,0.2,1400,0.2,1
1,0,1103,1,0,666,0.42,420,0.58,1
1,1,13875,2,10,5,0,300,0.5,1700,0.5,1
1,2,1516,0,0,300,0.5,1700,0.5,0
1,3,13922,2,10,5,0,500,0.6,1000,0.2,1400,0.2,1
1,4,13738,2,10,5,0,666,0.42,420,0.58,1
1,5,769,0,0,500,0.6,1000,0.2,1400,0.2,1
1,6,12308,2,10,5,0,666,0.42,420,0.58,1
1,7,14803,1,0,666,0.42,420,0.58,1
1,8,263,1,0,500,0.6,1000,0.2,1400,0.2,1
1,9,14663,2,10,5,0,300,0.5,1700,0.5,1
1,10,981,1,0,500,0.6,1000,0.2,1400,0.2,1
1,11,3627,0,0,666,0.42,420,0.58,1
2,0,8776,2,10,5,0,666,0.42,420,0.58,1
2,1,7277,0,0,666,0.42,420,0.58,1
2,2,6369,1,0,500,0.6,1000,0.2,1400,0.2,1
2,3,5330,2,10,5,0,500,0.6,1000,0.2,1400,0.2,1
2,4,3506,0,0,300,0.5,1700,0.5,1
2,5,3965,2,10,5,0,500,0.6,1000,0.2,1400,0.2,1
2,6,12774,1,0,500,0.6,1000,0.2,1400,0.2,1
2,7,11229,1,0,500,0.6,1000,0.2,1400,0.2,1
2,8,1428,0,0,300,0.5,1700,0.5,1
2,9,1139,2,10,5,0,300,0.5,1700,0.5,1
2,10,7707,0,0,666,0.42,420,0.58,1
2,11,11293,1,0,300,0.5,572,0.32,486,0.18,1
3,0,12929,1,0,300,0.5,572,0.32,486,0.18,1
3,1,8738,0,0,666,0.42,420,0.58,1
3,2,7734,0,0,300,0.5,1700,0.5,1
3,3,8587,1,0,300,0.5,1700,0.5,1
3,4,8118,1,0,300,0.5,1700,0.5,1
3,5,10512,0,0,666,0.42,420,0.58,1
3,6,11915,1,0,300,0.5,572,0.32,486,0.18,1
3,7,2809,0,0,300,0.5,572,0.32,486,0.18,1
3,8,9943,0,0,300,0.5,572,0.32,486,0.18,1
3,9,8762,0,0,500,0.6,1000,0.2,1400,0.2,1
3,10,3145,0,0,500,0.6,1000,0.2,1400,0.2,1
3,11,6221,1,0,500,0.6,1000,0.2,1400,0.2,1
4,0,5524,0,0,300,0.5,572,0.32,486,0.18,1
4,1,13220,2,10,5,0,500,0.6,1000,0.2,1400,0.2,1
4,2,8782,2,10,5,0,500,0.6,1000,0.2,1400,0.2,1
4,3,3994,0,0,666,0.42,420,0.58,1
4,4,9074,1,0,500,0.6,1000,0.2,1400,0.2,1
4,5,1612,2,10,5,0,500,0.6,1000,0.2,1400,0.2,1
4,6,3988,0,0,666,0.42,420,0.58,1
4,7,6521,0,0,666,0.42,420,0.58,1
4,8,7763,1,0,666,0.42,420,0.58,1
4,9,416,2,10,5,0,300,0.5,1700,0.5,1
4,10,5899,0,0,500,0.6,1000,0.2,1400,0.2,1
4,11,5084,0,0,300,0.5,1700,0.5,1
5,0,645,2,10,5,0,300,0.5,572,0.32,486,0.18,1
5,1,2676,2,10,5,0,300,0.5,1700,0.5,1
5,2,1709,1,0,300,0.5,572,0.32,486,0.18,1
5,3,4866,0,0,300,0.5,572,0.32,486,0.18,1
5,4,11720,2,10,5,0,500,0.6,1000,0.2,1400,0.2,1
5,5,11100,0,0,666,0.42,420,0.58,1
5,6,13327,2,10,5,0,300,0.5,572,0.32,486,0.18,1
5,7,1642,1,0,300,0.5,572,0.32,486,0.18,1
5,8,10231,1,0,300,0.5,1700,0.5,1
5,9,5400,2,10,5,0,300,0.5,572,0.32,486,0.18,1
5,10,14445,2,10,5,0,666,0.42,420,0.58,1
5,11,10847,0,0,666,0.42,420,0.58,1
6,0,10838,2,10,5,0,300,0.5,572,0.32,486,0.18,1
6,1,12294,1,0,500,0.6,1000,0.2,1400,0.2,1
6,2,1527,1,0,300,0.5,1700,0.5,1
6,3,2098,1,0,666,0.42,420,0.58,1
6,4,6543,1,0,500,0.6,1000,0.2,1400,0.2,1
6,5,646,2,10,5,0,300,0.5,572,0.32,486,0.18,1
6,6,2181,0,0,300,0.5,572,0.32,486,0.18,1
6,7,13800,0,0,300,0.5,572,0.32,486,0.18,1
6,8,12935,0,0,666,0.42,420,0.58,1
6,9,13965,0,0,300,0.5,572,0.32,486,0.18,1
6,10,1706,0,0,300,0.5,1700,0.5,1
6,11,912,2,10,5,0,500,0.6,1000,0.2,1400,0.2,1
7,0,7277,1,0,300,0.5,1700,0.5,1
7,1,10715,0,0,666,0.42,420,0.58,1
7,2,9533,2,10,5,0,500,0.6,1000,0.2,1400,0.2,1
7,3,5035,1,0,300,0.5,1700,0.5,1
7,4,1317,1,0,300,0.5,572,0.32,486,0.18,1
7,5,7214,0,0,300,0.5,572,0.32,486,0.18,1
7,6,11293,2,10,5,0,500,0.6,1000,0.2,1400,0.2,1
7,7,10832,0,0,300,0.5,1700,0.5,1
7,8,12782,0,0,300,0.5,572,0.32,486,0.18,1
7,9,9472,2,10,5,0,300,0.5,1700,0.5,1
7,10,12285,0,0,500,0.6,1000,0.2,1400,0.2,1
7,11,10070,2,10,5,0,500,0.6,1000,0.2,1400,0.2,1
8,0,11411,1,0,300,0.5,1700,0.5,1
8,1,4743,2,10,5,0,300,0.5,1700,0.5,1
8,2,14390,2,10,5,0,500,0.6,1000,0.2,1400,0.2,1
8,3,8962,2,10,5,0,300,0.5,572,0.32,486,0.18,1
8,4,5996,0,0,300,0.5,1700,0.5,1
8,5,13643,1,0,500,0.6,1000,0.2,1400,0.2,1
8,6,7413,1,0,666,0.42,420,0.58,1
8,7,12170,2,10,5,0,300,0.5,1700,0.5,1
8,8,8079,0,0,500,0.6,1000,0.2,1400,0.2,1
8,9,1095,1,0,500,0.6,1000,0.2,1400,0.2,1
8,10,1444,2,10,5,0,300,0.5,572,0.32,486,0.18,1
8,11,11171,1,0,500,0.6,1000,0.2,1400,0.2,1
9,0,8328,1,0,666,0.42,420,0.58,1
9,1,6404,1,0,666,0.42,420,0.58,1
9,2,1120,2,10,5,0,666,0.42,420,0.58,1
9,3,9046,2,10,5,0,300,0.5,1700,0.5,1
9,4,8103,2,10,5,0,666,0.42,420,0.58,1
9,5,11044,2,10,5,0,300,0.5,1700,0.5,1
9,6,6378,0,0,300,0.5,1700,0.5,1
9,7,6978,1,0,500,0.6,1000,0.2,1400,0.2,1
9,8,2092,1,0,500,0.6,1000,0.2,1400,0.2,1
9,9,3028,2,10,5,0,666,0.42,420,0.58,1
9,10,13682,1,0,500,0.6,1000,0.2,1400,0.2,1
9,11,4886,2,10,5,0,300,0.5,1700,0.5,1
10,0,1940,1,0,500,0.6,1000,0.2,1400,0.2,1
10,1,8597,2,10,5,0,300,0.5,572,0.32,486,0.18,1
10,2,8694,2,10,5,0,500,0.6,1000,0.2,1400,0.2,1
10,3,4493,2,10,5,0,666,0.42,420,0.58,1
10,4,9671,0,0,300,0.5,572,0.32,486,0.18,1
10,5,9176,2,10,5,0,500,0.6,1000,0.2,1400,0.2,1
10,6,8979,1,0,666,0.42,420,0.58,1
10,7,9443,2,10,5,0,300,0.5,572,0.32,486,0.18,1
10,8,6792,1,0,500,0.6,1000,0.2,1400,0.2,1
10,9,12508,0,0,300,0.5,572,0.32,486,0.18,1
10,10,5837,1,0,300,0.5,1700,0.5,1
10,11,5809,2,10,5,0,300,0.5,1700,0.5,1
11,0,1835,1,0,300,0.5,1700,0.5,1
11,1,5179,2,10,5,0,500,0.6,1000,0.2,1400,0.2,1
11,2,2546,2,10,5,0,300,0.5,1700,0.5,1
11,3,3070,0,0,666,0.42,420,0.58,1
11,4,4642,0,0,500,0.6,1000,0.2,1400,0.2,1
11,5,13918,1,0,300,0.5,1700,0.5,1
11,6,586,2,10,5,0,300,0.5,1700,0.5,1
11,7,13913,1,0,666,0.42,420,0.58,1
11,8,1035,0,0,300,0.5,572,0.32,486,0.18,1
11,9,1344,1,0,300,0.5,1700,0.5,1
11,10,1321,2,10,5,0,500,0.6,1000,0.2,1400,0.2,1
11,11,7093,1,0,500,0.6,1000,0.2,1400,0.2,1
