0,0,11813,2,10,5,0,500,0.6,1000,0.2,1400,0.2,1
0,1,1229,1,0,300,0.5,1700,0.5,1
0,2,136,2,10,5,0,666,0.42,420,0.58,1
0,3,10821,2,10,5,0,500,0.6,1000,0.2,1400,0.2,1
0,4,4795,1,0,300,0.5,1700,0.5,1
0,5,11123,0,0,300,0.5,1700,0.5,1
0,6,1332,0,0,300,0.5,572,0.32,486,0.18,1
0,7,5780,1,0,300,0.5,1700,0.5,1
0,8,3390,1,0,300,0.5,1700,0.5,1
0,9,9598,0,0,300,0.5,572,0.32,486,0.18,1
0,10,8000,0,0,300,0.5,1700,0.5,1
0,11,8686,0,0,500,0.6,1000,0.2,1400,0.2,1
1,0,11179,0,0,500,0.6,1000,0.2,1400,0.2,1
1,1,14861,0,0,500,0.6,1000,0.2,1400,0.2,1
1,2,5667,1,0,300,0.5,1700,0.5,0
1,3,9447,0,0,666,0.42,420,0.58,1
1,4,6813,0,0,300,0.5,1700,0.5,1
1,5,12987,2,10,5,0,300,0.5,1700,0.5,1
1,6,10626,1,0,300,0.5,572,0.32,486,0.18,1
1,7,2363,2,10,5,0,666,0.42,420,0.58,1
1,8,2770,0,0,300,0.5,1700,0.5,1
1,9,11200,0,0,500,0.6,1000,0.2,1400,0.2,1
1,10,6063,2,10,5,0,666,0.42,420,0.58,1
1,11,356,2,10,5,0,300,0.5,572,0.32,486,0.18,1
2,0,5423,2,10,5,0,500,0.6,1000,0.2,1400,0.2,1
2,1,8716,2,10,5,0,300,0.5,572,0.32,486,0.18,1
2,2,9515,0,0,300,0.5,572,0.32,486,0.18,1
2,3,9971,0,0,300,0.5,572,0.32,486,0.18,1
2,4,1933,2,10,5,0,500,0.6,1000,0.2,1400,0.2,1
2,5,1707,0,0,500,0.6,1000,0.2,1400,0.2,1
2,6,13563,2,10,5,0,300,0.5,1700,0.5,1
2,7,14540,2,10,5,0,300,0.5,572,0.32,486,0.18,1
2,8,8470,0,0,300,0.5,572,0.32,486,0.18,1
2,9,3973,0,0,666,0.42,420,0.58,1
2,10,10514,0,0,300,0.5,572,0.32,486,0.18,1
2,11,5906,1,0,300,0.5,1700,0.5,1
3,0,8873,1,0,300,0.5,572,0.32,486,0.18,1
3,1,193,2,10,5,0,300,0.5,572,0.32,486,0.18,1
3,2,4609,0,0,300,0.5,1700,0.5,1
3,3,14845,2,10,5,0,500,0.6,1000,0.2,1400,0.2,1
3,4,8095,2,10,5,0,500,0.6,1000,0.2,1400,0.2,1
3,5,1053,1,0,500,0.6,1000,0.2,1400,0.2,1
3,6,10577,0,0,666,0.42,420,0.58,1
3,7,1295,1,0,500,0.6,1000,0.2,1400,0.2,1
3,8,4684,0,0,666,0.42,420,0.58,1
3,9,11005,0,0,300,0.5,572,0.32,486,0.18,1
3,10,8572,1,0,666,0.42,420,0.58,1
3,11,5200,0,0,300,0.5,1700,0.5,1
4,0,14462,0,0,500,0.6,1000,0.2,1400,0.2,1
4,1,11301,2,10,5,0,500,0.6,1000,0.2,1400,0.2,1
4,2,9443,0,0,500,0.6,1000,0.2,1400,0.2,1
4,3,7944,1,0,500,0.6,1000,0.2,1400,0.2,1
4,4,3768,1,0,666,0.42,420,0.58,1
4,5,9538,2,10,5,0,666,0.42,420,0.58,1
4,6,4645,0,0,666,0.42,420,0.58,1
4,7,449,1,0,666,0.42,420,0.58,1
4,8,14819,2,10,5,0,300,0.5,1700,0.5,1
4,9,13229,0,0,300,0.5,572,0.32,486,0.18,1
4,10,1783,1,0,666,0.42,420,0.58,1
4,11,4718,0,0,300,0.5,1700,0.5,1
5,0,14024,1,0,300,0.5,572,0.32,486,0.18,1
5,1,14835,2,10,5,0,300,0.5,1700,0.5,1
5,2,13764,0,0,500,0.6,1000,0.2,1400,0.2,1
5,3,8022,0,0,666,0.42,420,0.58,1
5,4,3811,1,0,666,0.42,420,0.58,1
5,5,14742,2,10,5,0,300,0.5,1700,0.5,1
5,6,792,2,10,5,0,300,0.5,1700,0.5,1
5,7,12627,2,10,5,0,300,0.5,572,0.32,486,0.18,1
5,8,6545,0,0,500,0.6,1000,0.2,1400,0.2,1
5,9,14696,0,0,300,0.5,1700,0.5,1
5,10,383,1,0,666,0.42,420,0.58,1
5,11,13157,2,10,5,0,666,0.42,420,0.58,1
6,0,11293,2,10,5,0,300,0.5,572,0.32,486,0.18,1
6,1,4740,2,10,5,0,666,0.42,420,0.58,1
6,2,5770,1,0,500,0.6,1000,0.2,1400,0.2,1
6,3,3337,0,0,666,0.42,420,0.58,1
6,4,4416,2,10,5,0,300,0.5,572,0.32,486,0.18,1
6,5,5991,0,0,500,0.6,1000,0.2,1400,0.2,1
6,6,12233,0,0,300,0.5,572,0.32,486,0.18,1
6,7,8258,1,0,300,0.5,572,0.32,486,0.18,1
6,8,11260,2,10,5,0,666,0.42,420,0.58,1
6,9,10711,1,0,500,0.6,1000,0.2,1400,0.2,1
6,10,10408,1,0,300,0.5,1700,0.5,1
6,11,11197,0,0,300,0.5,1700,0.5,1
7,0,4460,0,0,500,0.6,1000,0.2,1400,0.2,1
7,1,4300,2,10,5,0,500,0.6,1000,0.2,1400,0.2,1
7,2,846,1,0,300,0.5,572,0.32,486,0.18,1
7,3,2927,0,0,666,0.42,420,0.58,1
7,4,10734,1,0,500,0.6,1000,0.2,1400,0.2,1
7,5,5374,0,0,300,0.5,572,0.32,486,0.18,1
7,6,8945,2,10,5,0,300,0.5,1700,0.5,1
7,7,7196,1,0,500,0.6,1000,0.2,1400,0.2,1
7,8,12819,1,0,500,0.6,1000,0.2,1400,0.2,1
7,9,12978,2,10,5,0,300,0.5,1700,0.5,1
7,10,14565,0,0,300,0.5,1700,0.5,1
7,11,290,1,0,300,0.5,572,0.32,486,0.18,1
8,0,9297,2,10,5,0,500,0.6,1000,0.2,1400,0.2,1
8,1,4651,1,0,666,0.42,420,0.58,1
8,2,9842,1,0,500,0.6,1000,0.2,1400,0.2,1
8,3,10628,0,0,500,0.6,1000,0.2,1400,0.2,1
8,4,241,2,10,5,0,666,0.42,420,0.58,1
8,5,1983,1,0,500,0.6,1000,0.2,1400,0.2,1
8,6,10522,1,0,300,0.5,572,0.32,486,0.18,1
8,7,3848,1,0,300,0.5,572,0.32,486,0.18,1
8,8,713,1,0,300,0.5,1700,0.5,1
8,9,6381,2,10,5,0,300,0.5,572,0.32,486,0.18,1
8,10,6460,1,0,300,0.5,572,0.32,486,0.18,1
8,11,1126,2,10,5,0,300,0.5,1700,0.5,1
9,0,14703,2,10,5,0,300,0.5,1700,0.5,1
9,1,4717,1,0,300,0.5,572,0.32,486,0.18,1
9,2,11720,2,10,5,0,666,0.42,420,0.58,1
9,3,7378,2,10,5,0,500,0.6,1000,0.2,1400,0.2,1
9,4,3889,2,10,5,0,500,0.6,1000,0.2,1400,0.2,1
9,5,6701,2,10,5,0,666,0.42,420,0.58,1
9,6,191,2,10,5,0,300,0.5,572,0.32,486,0.18,1
9,7,3719,1,0,300,0.5,572,0.32,486,0.18,1
9,8,9463,2,10,5,0,500,0.6,1000,0.2,1400,0.2,1
9,9,8790,0,0,666,0.42,420,0.58,1
9,10,10012,0,0,300,0.5,1700,0.5,1
9,11,14496,2,10,5,0,666,0.42,420,0.58,1
10,0,11002,0,0,666,0.42,420,0.58,1
10,1,3369,1,0,666,0.42,420,0.58,1
10,2,8864,1,0,300,0.5,1700,0.5,1
10,3,11019,0,0,300,0.5,572,0.32,486,0.18,1
10,4,5042,2,10,5,0,300,0.5,572,0.32,486,0.18,1
10,5,589,0,0,500,0.6,1000,0.2,1400,0.2,1
10,6,13402,2,10,5,0,300,0.5,572,0.32,486,0.18,1
10,7,10285,0,0,300,0.5,572,0.32,486,0.18,1
10,8,14021,2,10,5,0,500,0.6,1000,0.2,1400,0.2,1
10,9,14562,2,10,5,0,500,0.6,1000,0.2,1400,0.2,1
10,10,14492,1,0,500,0.6,1000,0.2,1400,0.2,1
10,11,3684,2,10,5,0,300,0.5,572,0.32,486,0.18,1
11,0,14374,1,0,666,0.42,420,0.58,1
11,1,852,1,0,300,0.5,572,0.32,486,0.18,1
11,2,5325,1,0,300,0.5,1700,0.5,1
11,3,3545,1,0,666,0.42,420,0.58,1
11,4,2523,0,0,300,0.5,572,0.32,486,0.18,1
11,5,9047,1,0,500,0.6,1000,0.2,1400,0.2,1
11,6,1229,0,0,500,0.6,1000,0.2,1400,0.2,1
11,7,7170,0,0,300,0.5,1700,0.5,1
11,8,11571,2,10,5,0,666,0.42,420,0.58,1
11,9,7891,0,0,500,0.6,1000,0.2,1400,0.2,1
11,10,12432,1,0,300,0.5,1700,0.5,1
11,11,8826,1,0,300,0.5,1700,0.5,1
