0,0,8742,0,0,500,0.6,1000,0.2,1400,0.2,1
0,1,9209,2,10,5,0,300,0.5,572,0.32,486,0.18,1
0,2,5345,0,0,300,0.5,1700,0.5,1
0,3,14485,2,10,5,0,500,0.6,1000,0.2,1400,0.2,1
0,4,7825,2,10,5,0,300,0.5,1700,0.5,1
0,5,11025,0,0,666,0.42,420,0.58,1
0,6,9968,0,0,500,0.6,1000,0.2,1400,0.2,1
0,7,5432,0,0,300,0.5,1700,0.5,1
0,8,13405,1,0,500,0.6,1000,0.2,1400,0.2,1
0,9,14253,1,0,300,0.5,572,0.32,486,0.18,1
0,10,914,1,0,300,0.5,1700,0.5,1
0,11,11743,1,0,666,0.42,420,0.58,1
1,0,10178,2,10,5,0,666,0.42,420,0.58,1
1,1,1078,0,0,666,0.42,420,0.58,1
1,2,9906,0,0,500,0.6,1000,0.2,1400,0.2,0
1,3,2597,0,0,500,0.6,1000,0.2,1400,0.2,1
1,4,10737,2,10,5,0,300,0.5,1700,0.5,1
1,5,14050,1,0,666,0.42,420,0.58,1
1,6,2872,1,0,500,0.6,1000,0.2,1400,0.2,1
1,7,6473,2,10,5,0,666,0.42,420,0.58,1
1,8,6766,0,0,300,0.5,572,0.32,486,0.18,1
1,9,14942,2,10,5,0,500,0.6,1000,0.2,1400,0.2,1
1,10,6809,1,0,500,0.6,1000,0.2,1400,0.2,1
1,11,5740,2,10,5,0,500,0.6,1000,0.2,1400,0.2,1
2,0,367,1,0,300,0.5,572,0.32,486,0.18,1
2,1,10358,2,10,5,0,300,0.5,1700,0.5,1
2,2,5470,2,10,5,0,500,0.6,1000,0.2,1400,0.2,1
2,3,481,2,10,5,0,300,0.5,1700,0.5,1
2,4,939,1,0,300,0.5,1700,0.5,1
2,5,12456,1,0,300,0.5,572,0.32,486,0.18,1
2,6,13941,2,10,5,0,500,0.6,1000,0.2,1400,0.2,1
2,7,6833,1,0,300,0.5,572,0.32,486,0.18,1
2,8,6789,1,0,300,0.5,1700,0.5,1
2,9,12731,2,10,5,0,300,0.5,1700,0.5,1
2,10,1840,2,10,5,0,666,0.42,420,0.58,1
2,11,475,0,0,500,0.6,1000,0.2,1400,0.2,1
3,0,8454,2,10,5,0,300,0.5,1700,0.5,1
3,1,3363,2,10,5,0,300,0.5,1700,0.5,1
3,2,14284,1,0,500,0.6,1000,0.2,1400,0.2,1
3,3,6592,0,0,666,0.42,420,0.58,1
3,4,7904,1,0,500,0.6,1000,0.2,1400,0.2,1
3,5,5779,2,10,5,0,300,0.5,572,0.32,486,0.18,1
3,6,3643,0,0,300,0.5,572,0.32,486,0.18,1
3,7,8572,1,0,500,0.6,1000,0.2,1400,0.2,1
3,8,3058,2,10,5,0,666,0.42,420,0.58,1
3,9,116,1,0,666,0.42,420,0.58,1
3,10,12993,1,0,666,0.42,420,0.58,1
3,11,8624,0,0,500,0.6,1000,0.2,1400,0.2,1
4,0,3704,2,10,5,0,666,0.42,420,0.58,1
4,1,6380,1,0,300,0.5,572,0.32,486,0.18,1
4,2,9482,2,10,5,0,300,0.5,572,0.32,486,0.18,1
4,3,1547,1,0,300,0.5,572,0.32,486,0.18,1
4,4,4799,2,10,5,0,300,0.5,572,0.32,486,0.18,1
4,5,4266,1,0,300,0.5,1700,0.5,1
4,6,309,1,0,666,0.42,420,0.58,1
4,7,11918,1,0,300,0.5,572,0.32,486,0.18,1
4,8,8997,2,10,5,0,300,0.5,1700,0.5,1
4,9,8230,1,0,666,0.42,420,0.58,1
4,10,9269,0,0,300,0.5,572,0.32,486,0.18,1
4,11,113,0,0,300,0.5,1700,0.5,1
5,0,9832,1,0,300,0.5,572,0.32,486,0.18,1
5,1,3471,1,0,300,0.5,1700,0.5,1
5,2,6074,0,0,300,0.5,572,0.32,486,0.18,1
5,3,1586,1,0,500,0.6,1000,0.2,1400,0.2,1
5,4,10970,1,0,500,0.6,1000,0.2,1400,0.2,1
5,5,244,1,0,300,0.5,1700,0.5,1
5,6,1668,1,0,500,0.6,1000,0.2,1400,0.2,1
5,7,11218,1,0,300,0.5,572,0.32,486,0.18,1
5,8,7232,1,0,300,0.5,1700,0.5,1
5,9,10548,0,0,300,0.5,572,0.32,486,0.18,1
5,10,359,1,0,500,0.6,1000,0.2,1400,0.2,1
5,11,12950,1,0,500,0.6,1000,0.2,1400,0.2,1
6,0,843,1,0,500,0.6,1000,0.2,1400,0.2,1
6,1,7526,0,0,666,0.42,420,0.58,1
6,2,4001,2,10,5,0,500,0.6,1000,0.2,1400,0.2,1
6,3,12060,2,10,5,0,300,0.5,572,0.32,486,0.18,1
6,4,9939,1,0,666,0.42,420,0.58,1
6,5,11234,0,0,666,0.42,420,0.58,1
6,6,11439,0,0,666,0.42,420,0.58,1
6,7,932,1,0,300,0.5,572,0.32,486,0.18,1
6,8,3385,0,0,666,0.42,420,0.58,1
6,9,247,1,0,500,0.6,1000,0.2,1400,0.2,1
6,10,1235,0,0,300,0.5,572,0.32,486,0.18,1
6,11,13764,1,0,666,0.42,420,0.58,1
7,0,634,2,10,5,0,300,0.5,1700,0.5,1
7,1,1203,1,0,300,0.5,572,0.32,486,0.18,1
7,2,309,2,10,5,0,666,0.42,420,0.58,1
7,3,12675,0,0,666,0.42,420,0.58,1
7,4,294,0,0,500,0.6,1000,0.2,1400,0.2,1
7,5,8791,2,10,5,0,500,0.6,1000,0.2,1400,0.2,1
7,6,1282,1,0,666,0.42,420,0.58,1
7,7,9671,0,0,300,0.5,1700,0.5,1
7,8,2061,0,0,500,0.6,1000,0.2,1400,0.2,1
7,9,6915,2,10,5,0,500,0.6,1000,0.2,1400,0.2,1
7,10,6499,1,0,500,0.6,1000,0.2,1400,0.2,1
7,11,6777,2,10,5,0,300,0.5,1700,0.5,1
8,0,12856,0,0,500,0.6,1000,0.2,1400,0.2,1
8,1,14506,0,0,300,0.5,1700,0.5,1
8,2,12195,2,10,5,0,500,0.6,1000,0.2,1400,0.2,1
8,3,5309,0,0,500,0.6,1000,0.2,1400,0.2,1
8,4,8782,0,0,300,0.5,1700,0.5,1
8,5,14546,1,0,500,0.6,1000,0.2,1400,0.2,1
8,6,14659,2,10,5,0,500,0.6,1000,0.2,1400,0.2,1
8,7,14726,1,0,500,0.6,1000,0.2,1400,0.2,1
8,8,11709,2,10,5,0,500,0.6,1000,0.2,1400,0.2,1
8,9,14468,2,10,5,0,300,0.5,1700,0.5,1
8,10,9123,2,10,5,0,300,0.5,1700,0.5,1
8,11,9293,2,10,5,0,300,0.5,572,0.32,486,0.18,1
9,0,2090,1,0,666,0.42,420,0.58,1
9,1,4899,1,0,300,0.5,1700,0.5,1
9,2,581,2,10,5,0,500,0.6,1000,0.2,1400,0.2,1
9,3,384,1,0,300,0.5,1700,0.5,1
9,4,13017,1,0,666,0.42,420,0.58,1
9,5,10800,1,0,666,0.42,420,0.58,1
9,6,2177,1,0,666,0.42,420,0.58,1
9,7,1286,0,0,500,0.6,1000,0.2,1400,0.2,1
9,8,14986,1,0,300,0.5,1700,0.5,1
9,9,3926,1,0,300,0.5,1700,0.5,1
9,10,13123,1,0,300,0.5,572,0.32,486,0.18,1
9,11,7488,2,10,5,0,666,0.42,420,0.58,1
10,0,442,0,0,300,0.5,1700,0.5,1
10,1,6808,0,0,666,0.42,420,0.58,1
10,2,13885,0,0,300,0.5,572,0.32,486,0.18,1
10,3,6039,1,0,300,0.5,572,0.32,486,0.18,1
10,4,5736,0,0,666,0.42,420,0.58,1
10,5,1815,1,0,300,0.5,1700,0.5,1
10,6,8717,1,0,666,0.42,420,0.58,1
10,7,5762,2,10,5,0,300,0.5,572,0.32,486,0.18,1
10,8,3867,2,10,5,0,300,0.5,1700,0.5,1
10,9,6785,2,10,5,0,500,0.6,1000,0.2,1400,0.2,1
10,10,3114,1,0,666,0.42,420,0.58,1
10,11,157,0,0,500,0.6,1000,0.2,1400,0.2,1
11,0,13940,1,0,500,0.6,1000,0.2,1400,0.2,1
11,1,839,0,0,666,0.42,420,0.58,1
11,2,13,2,10,5,0,300,0.5,572,0.32,486,0.18,1
11,3,6332,2,10,5,0,666,0.42,420,0.58,1
11,4,7536,1,0,500,0.6,1000,0.2,1400,0.2,1
11,5,14810,2,10,5,0,300,0.5,1700,0.5,1
11,6,3998,1,0,300,0.5,572,0.32,486,0.18,1
11,7,14278,1,0,300,0.5,572,0.32,486,0.18,1
11,8,6215,2,10,5,0,300,0.5,1700,0.5,1
11,9,12541,2,10,5,0,500,0.6,1000,0.2,1400,0.2,1
11,10,6336,2,10,5,0,500,0.6,1000,0.2,1400,0.2,1
11,11,13252,2,10,5,0,666,0.42,420,0.58,1
