0,0,4177,0,0,666,0.42,420,0.58,1
0,1,14851,1,0,666,0.42,420,0.58,1
0,2,3812,2,10,5,0,666,0.42,420,0.58,1
0,3,3307,1,0,300,0.5,572,0.32,486,0.18,1
0,4,3342,1,0,300,0.5,572,0.32,486,0.18,1
0,5,6254,1,0,500,0.6,1000,0.2,1400,0.2,1
0,6,834,2,10,5,0,300,0.5,1700,0.5,1
0,7,5572,2,10,5,0,300,0.5,1700,0.5,1
0,8,3135,1,0,500,0.6,1000,0.2,1400,0.2,1
0,9,3185,1,0,300,0.5,1700,0.5,1
0,10,11545,1,0,500,0.6,1000,0.2,1400,0.2,1
0,11,12964,0,0,500,0.6,1000,0.2,1400,0.2,1
1,0,7373,1,0,500,0.6,1000,0.2,1400,0.2,1
1,1,8780,0,0,300,0.5,572,0.32,486,0.18,1
1,2,1963,0,0,300,0.5,572,0.32,486,0.18,0
1,3,1543,1,0,300,0.5,1700,0.5,1
1,4,5914,2,10,5,0,300,0.5,572,0.32,486,0.18,1
1,5,11341,2,10,5,0,300,0.5,1700,0.5,1
1,6,10091,2,10,5,0,300,0.5,1700,0.5,1
1,7,4838,1,0,300,0.5,1700,0.5,1
1,8,6226,0,0,300,0.5,572,0.32,486,0.18,1
1,9,2722,2,10,5,0,666,0.42,420,0.58,1
1,10,11544,2,10,5,0,666,0.42,420,0.58,1
1,11,3163,2,10,5,0,300,0.5,1700,0.5,1
2,0,4150,2,10,5,0,300,0.5,572,0.32,486,0.18,1
2,1,197,0,0,300,0.5,572,0.32,486,0.18,1
2,2,7436,1,0,666,0.42,420,0.58,1
2,3,2976,1,0,666,0.42,420,0.58,1
2,4,315,2,10,5,0,666,0.42,420,0.58,1
2,5,5441,2,10,5,0,300,0.5,572,0.32,486,0.18,1
2,6,11929,1,0,300,0.5,572,0.32,486,0.18,1
2,7,3457,0,0,500,0.6,1000,0.2,1400,0.2,1
2,8,13666,0,0,666,0.42,420,0.58,1
2,9,1448,2,10,5,0,500,0.6,1000,0.2,1400,0.2,1
2,10,662,2,10,5,0,500,0.6,1000,0.2,1400,0.2,1
2,11,3677,1,0,666,0.42,420,0.58,1
3,0,11323,2,10,5,0,300,0.5,572,0.32,486,0.18,1
3,1,14902,0,0,666,0.42,420,0.58,1
3,2,6635,2,10,5,0,300,0.5,572,0.32,486,0.18,1
3,3,8040,0,0,300,0.5,1700,0.5,1
3,4,10343,0,0,666,0.42,420,0.58,1
3,5,2556,2,10,5,0,300,0.5,572,0.32,486,0.18,1
3,6,7490,2,10,5,0,300,0.5,572,0.32,486,0.18,1
3,7,3219,0,0,300,0.5,1700,0.5,1
3,8,13674,1,0,300,0.5,1700,0.5,1
3,9,3009,1,0,300,0.5,572,0.32,486,0.18,1
3,10,999,0,0,666,0.42,420,0.58,1
3,11,11931,2,10,5,0,300,0.5,1700,0.5,1
4,0,11776,0,0,666,0.42,420,0.58,1
4,1,9233,1,0,500,0.6,1000,0.2,1400,0.2,1
4,2,1026,2,10,5,0,300,0.5,1700,0.5,1
4,3,13119,0,0,500,0.6,1000,0.2,1400,0.2,1
4,4,3354,0,0,300,0.5,1700,0.5,1
4,5,4692,2,10,5,0,300,0.5,1700,0.5,1
4,6,4409,2,10,5,0,300,0.5,572,0.32,486,0.18,1
4,7,7624,1,0,500,0.6,1000,0.2,1400,0.2,1
4,8,972,1,0,666,0.42,420,0.58,1
4,9,14305,1,0,300,0.5,572,0.32,486,0.18,1
4,10,2630,1,0,300,0.5,1700,0.5,1
4,11,7673,1,0,300,0.5,572,0.32,486,0.18,1
5,0,13193,1,0,666,0.42,420,0.58,1
5,1,7755,0,0,666,0.42,420,0.58,1
5,2,6654,0,0,300,0.5,1700,0.5,1
5,3,10232,1,0,666,0.42,420,0.58,1
5,4,5171,1,0,666,0.42,420,0.58,1
5,5,5949,1,0,300,0.5,572,0.32,486,0.18,1
5,6,6875,0,0,300,0.5,572,0.32,486,0.18,1
5,7,10180,2,10,5,0,300,0.5,572,0.32,486,0.18,1
5,8,2872,1,0,300,0.5,1700,0.5,1
5,9,9560,0,0,300,0.5,1700,0.5,1
5,10,11172,0,0,666,0.42,420,0.58,1
5,11,10270,0,0,500,0.6,1000,0.2,1400,0.2,1
6,0,7416,0,0,666,0.42,420,0.58,1
6,1,12329,2,10,5,0,300,0.5,1700,0.5,1
6,2,14127,2,10,5,0,300,0.5,572,0.32,486,0.18,1
6,3,12599,2,10,5,0,300,0.5,572,0.32,486,0.18,1
6,4,12837,0,0,666,0.42,420,0.58,1
6,5,2125,2,10,5,0,300,0.5,1700,0.5,1
6,6,8469,1,0,666,0.42,420,0.58,1
6,7,9775,1,0,300,0.5,1700,0.5,1
6,8,13414,1,0,500,0.6,1000,0.2,1400,0.2,1
6,9,11604,1,0,300,0.5,1700,0.5,1
6,10,7874,0,0,300,0.5,572,0.32,486,0.18,1
6,11,115,1,0,300,0.5,1700,0.5,1
7,0,13469,2,10,5,0,300,0.5,1700,0.5,1
7,1,3597,2,10,5,0,300,0.5,1700,0.5,1
7,2,10755,1,0,300,0.5,572,0.32,486,0.18,1
7,3,12428,1,0,300,0.5,572,0.32,486,0.18,1
7,4,5404,0,0,300,0.5,572,0.32,486,0.18,1
7,5,8261,2,10,5,0,666,0.42,420,0.58,1
7,6,9658,1,0,500,0.6,1000,0.2,1400,0.2,1
7,7,3832,1,0,666,0.42,420,0.58,1
7,8,13111,2,10,5,0,666,0.42,420,0.58,1
7,9,7662,1,0,666,0.42,420,0.58,1
7,10,8899,1,0,500,0.6,1000,0.2,1400,0.2,1
7,11,911,1,0,300,0.5,572,0.32,486,0.18,1
8,0,8516,0,0,300,0.5,1700,0.5,1
8,1,738,0,0,300,0.5,1700,0.5,1
8,2,3301,0,0,666,0.42,420,0.58,1
8,3,6824,0,0,300,0.5,1700,0.5,1
8,4,6814,1,0,300,0.5,572,0.32,486,0.18,1
8,5,1722,1,0,500,0.6,1000,0.2,1400,0.2,1
8,6,12408,2,10,5,0,500,0.6,1000,0.2,1400,0.2,1
8,7,7916,0,0,300,0.5,1700,0.5,1
8,8,5133,0,0,666,0.42,420,0.58,1
8,9,5731,1,0,300,0.5,572,0.32,486,0.18,1
8,10,6823,1,0,300,0.5,1700,0.5,1
8,11,11440,2,10,5,0,500,0.6,1000,0.2,1400,0.2,1
9,0,11547,0,0,300,0.5,1700,0.5,1
9,1,14326,0,0,300,0.5,572,0.32,486,0.18,1
9,2,7417,0,0,500,0.6,1000,0.2,1400,0.2,1
9,3,11326,0,0,300,0.5,1700,0.5,1
9,4,1727,2,10,5,0,666,0.42,420,0.58,1
9,5,10390,1,0,300,0.5,572,0.32,486,0.18,1
9,6,2838,2,10,5,0,500,0.6,1000,0.2,1400,0.2,1
9,7,11440,1,0,666,0.42,420,0.58,1
9,8,12706,2,10,5,0,666,0.42,420,0.58,1
9,9,3712,0,0,300,0.5,1700,0.5,1
9,10,827,1,0,300,0.5,572,0.32,486,0.18,1
9,11,5365,2,10,5,0,666,0.42,420,0.58,1
10,0,11293,1,0,666,0.42,420,0.58,1
10,1,12699,1,0,300,0.5,1700,0.5,1
10,2,6110,1,0,300,0.5,572,0.32,486,0.18,1
10,3,13863,0,0,300,0.5,1700,0.5,1
10,4,4772,0,0,300,0.5,572,0.32,486,0.18,1
10,5,8741,2,10,5,0,300,0.5,572,0.32,486,0.18,1
10,6,12407,2,10,5,0,300,0.5,572,0.32,486,0.18,1
10,7,700,2,10,5,0,666,0.42,420,0.58,1
10,8,10789,0,0,300,0.5,572,0.32,486,0.18,1
10,9,241,2,10,5,0,300,0.5,1700,0.5,1
10,10,3664,2,10,5,0,666,0.42,420,0.58,1
10,11,8246,2,10,5,0,500,0.6,1000,0.2,1400,0.2,1
11,0,5936,1,0,666,0.42,420,0.58,1
11,1,4116,1,0,300,0.5,1700,0.5,1
11,2,5617,2,10,5,0,500,0.6,1000,0.2,1400,0.2,1
11,3,894,2,10,5,0,666,0.42,420,0.58,1
11,4,3866,2,10,5,0,300,0.5,1700,0.5,1
11,5,13084,0,0,666,0.42,420,0.58,1
11,6,8615,2,10,5,0,666,0.42,420,0.58,1
11,7,12389,0,0,500,0.6,1000,0.2,1400,0.2,1
11,8,7760,2,10,5,0,300,0.5,572,0.32,486,0.18,1
11,9,2076,1,0,300,0.5,1700,0.5,1
11,10,6738,1,0,300,0.5,1700,0.5,1
11,11,1148,2,10,5,0,666,0.42,420,0.58,1
