0,0,3755,2,10,5,0,500,0.6,1000,0.2,1400,0.2,1
0,1,3192,0,0,300,0.5,572,0.32,486,0.18,1
0,2,2552,2,10,5,0,500,0.6,1000,0.2,1400,0.2,1
0,3,12450,2,10,5,0,300,0.5,1700,0.5,1
0,4,6832,2,10,5,0,500,0.6,1000,0.2,1400,0.2,1
0,5,3181,2,10,5,0,300,0.5,1700,0.5,1
0,6,4202,0,0,300,0.5,1700,0.5,1
0,7,7415,2,10,5,0,300,0.5,1700,0.5,1
0,8,12076,1,0,500,0.6,1000,0.2,1400,0.2,1
0,9,8855,2,10,5,0,300,0.5,572,0.32,486,0.18,1
0,10,13206,2,10,5,0,300,0.5,572,0.32,486,0.18,1
0,11,4119,0,0,300,0.5,572,0.32,486,0.18,1
1,0,12179,1,0,666,0.42,420,0.58,1
1,1,7264,0,0,500,0.6,1000,0.2,1400,0.2,1
1,2,6316,2,10,5,0,666,0.42,420,0.58,0
1,3,11228,0,0,500,0.6,1000,0.2,1400,0.2,1
1,4,4654,1,0,500,0.6,1000,0.2,1400,0.2,1
1,5,6808,0,0,500,0.6,1000,0.2,1400,0.2,1
1,6,8701,2,10,5,0,300,0.5,572,0.32,486,0.18,1
1,7,1211,1,0,300,0.5,1700,0.5,1
1,8,6453,1,0,300,0.5,1700,0.5,1
1,9,5986,1,0,300,0.5,1700,0.5,1
1,10,13087,2,10,5,0,500,0.6,1000,0.2,1400,0.2,1
1,11,3713,2,10,5,0,500,0.6,1000,0.2,1400,0.2,1
2,0,4662,2,10,5,0,300,0.5,572,0.32,486,0.18,1
2,1,14778,2,10,5,0,666,0.42,420,0.58,1
2,2,13355,1,0,300,0.5,572,0.32,486,0.18,1
2,3,2706,0,0,500,0.6,1000,0.2,1400,0.2,1
2,4,890,0,0,666,0.42,420,0.58,1
2,5,12091,0,0,666,0.42,420,0.58,1
2,6,1740,0,0,300,0.5,572,0.32,486,0.18,1
2,7,649,0,0,500,0.6,1000,0.2,1400,0.2,1
2,8,13104,1,0,666,0.42,420,0.58,1
2,9,12867,2,10,5,0,666,0.42,420,0.58,1
2,10,6549,0,0,666,0.42,420,0.58,1
2,11,8562,0,0,300,0.5,572,0.32,486,0.18,1
3,0,3922,0,0,300,0.5,572,0.32,486,0.18,1
3,1,14228,1,0,300,0.5,1700,0.5,1
3,2,14418,0,0,500,0.6,1000,0.2,1400,0.2,1
3,3,8819,0,0,500,0.6,1000,0.2,1400,0.2,1
3,4,627,2,10,5,0,666,0.42,420,0.58,1
3,5,3259,2,10,5,0,666,0.42,420,0.58,1
3,6,1891,0,0,500,0.6,1000,0.2,1400,0.2,1
3,7,13157,0,0,300,0.5,1700,0.5,1
3,8,2549,1,0,500,0.6,1000,0.2,1400,0.2,1
3,9,12177,1,0,300,0.5,572,0.32,486,0.18,1
3,10,11833,1,0,666,0.42,420,0.58,1
3,11,14005,0,0,666,0.42,420,0.58,1
4,0,8370,0,0,300,0.5,1700,0.5,1
4,1,8157,2,10,5,0,666,0.42,420,0.58,1
4,2,708,0,0,300,0.5,572,0.32,486,0.18,1
4,3,6075,1,0,500,0.6,1000,0.2,1400,0.2,1
4,4,5824,2,10,5,0,500,0.6,1000,0.2,1400,0.2,1
4,5,3723,1,0,666,0.42,420,0.58,1
4,6,1888,1,0,666,0.42,420,0.58,1
4,7,1274,1,0,300,0.5,572,0.32,486,0.18,1
4,8,13634,1,0,666,0.42,420,0.58,1
4,9,2208,1,0,300,0.5,572,0.32,486,0.18,1
4,10,3165,1,0,300,0.5,572,0.32,486,0.18,1
4,11,4067,1,0,500,0.6,1000,0.2,1400,0.2,1
5,0,202,1,0,666,0.42,420,0.58,1
5,1,5782,2,10,5,0,666,0.42,420,0.58,1
5,2,4981,1,0,500,0.6,1000,0.2,1400,0.2,1
5,3,13626,1,0,500,0.6,1000,0.2,1400,0.2,1
5,4,10280,0,0,300,0.5,1700,0.5,1
5,5,9433,0,0,300,0.5,572,0.32,486,0.18,1
5,6,1442,0,0,500,0.6,1000,0.2,1400,0.2,1
5,7,6422,0,0,500,0.6,1000,0.2,1400,0.2,1
5,8,10246,0,0,300,0.5,572,0.32,486,0.18,1
5,9,14855,2,10,5,0,300,0.5,1700,0.5,1
5,10,593,1,0,500,0.6,1000,0.2,1400,0.2,1
5,11,13896,0,0,300,0.5,1700,0.5,1
6,0,12892,1,0,500,0.6,1000,0.2,1400,0.2,1
6,1,9716,1,0,300,0.5,1700,0.5,1
6,2,407,2,10,5,0,500,0.6,1000,0.2,1400,0.2,1
6,3,11270,0,0,500,0.6,1000,0.2,1400,0.2,1
6,4,13079,1,0,500,0.6,1000,0.2,1400,0.2,1
6,5,12297,0,0,300,0.5,1700,0.5,1
6,6,9048,1,0,500,0.6,1000,0.2,1400,0.2,1
6,7,14264,1,0,300,0.5,572,0.32,486,0.18,1
6,8,11867,1,0,666,0.42,420,0.58,1
6,9,1411,0,0,666,0.42,420,0.58,1
6,10,12319,0,0,500,0.6,1000,0.2,1400,0.2,1
6,11,7918,0,0,300,0.5,1700,0.5,1
7,0,13709,1,0,300,0.5,1700,0.5,1
7,1,5045,2,10,5,0,666,0.42,420,0.58,1
7,2,368,0,0,300,0.5,572,0.32,486,0.18,1
7,3,4351,1,0,300,0.5,1700,0.5,1
7,4,7923,2,10,5,0,300,0.5,572,0.32,486,0.18,1
7,5,11447,0,0,300,0.5,1700,0.5,1
7,6,9790,2,10,5,0,500,0.6,1000,0.2,1400,0.2,1
7,7,1519,2,10,5,0,300,0.5,572,0.32,486,0.18,1
7,8,1285,2,10,5,0,300,0.5,572,0.32,486,0.18,1
7,9,11540,1,0,666,0.42,420,0.58,1
7,10,7395,1,0,500,0.6,1000,0.2,1400,0.2,1
7,11,13991,0,0,666,0.42,420,0.58,1
8,0,1799,0,0,500,0.6,1000,0.2,1400,0.2,1
8,1,13739,1,0,300,0.5,1700,0.5,1
8,2,2205,0,0,666,0.42,420,0.58,1
8,3,14066,1,0,500,0.6,1000,0.2,1400,0.2,1
8,4,9139,0,0,500,0.6,1000,0.2,1400,0.2,1
8,5,8514,0,0,500,0.6,1000,0.2,1400,0.2,1
8,6,7696,1,0,300,0.5,1700,0.5,1
8,7,3935,2,10,5,0,500,0.6,1000,0.2,1400,0.2,1
8,8,1816,0,0,666,0.42,420,0.58,1
8,9,11434,1,0,300,0.5,572,0.32,486,0.18,1
8,10,1182,0,0,300,0.5,572,0.32,486,0.18,1
8,11,5035,0,0,300,0.5,572,0.32,486,0.18,1
9,0,12940,2,10,5,0,300,0.5,1700,0.5,1
9,1,745,1,0,666,0.42,420,0.58,1
9,2,4468,2,10,5,0,666,0.42,420,0.58,1
9,3,3720,0,0,500,0.6,1000,0.2,1400,0.2,1
9,4,1387,1,0,300,0.5,572,0.32,486,0.18,1
9,5,1761,1,0,666,0.42,420,0.58,1
9,6,4234,2,10,5,0,500,0.6,1000,0.2,1400,0.2,1
9,7,12127,0,0,666,0.42,420,0.58,1
9,8,13554,1,0,300,0.5,1700,0.5,1
9,9,285,2,10,5,0,300,0.5,572,0.32,486,0.18,1
9,10,7886,1,0,500,0.6,1000,0.2,1400,0.2,1
9,11,1542,1,0,666,0.42,420,0.58,1
10,0,534,1,0,300,0.5,572,0.32,486,0.18,1
10,1,6690,2,10,5,0,666,0.42,420,0.58,1
10,2,814,0,0,666,0.42,420,0.58,1
10,3,4055,2,10,5,0,300,0.5,1700,0.5,1
10,4,4173,2,10,5,0,300,0.5,1700,0.5,1
10,5,3318,2,10,5,0,500,0.6,1000,0.2,1400,0.2,1
10,6,10700,0,0,300,0.5,1700,0.5,1
10,7,14821,1,0,300,0.5,572,0.32,486,0.18,1
10,8,5974,2,10,5,0,500,0.6,1000,0.2,1400,0.2,1
10,9,3722,1,0,500,0.6,1000,0.2,1400,0.2,1
10,10,3349,2,10,5,0,300,0.5,572,0.32,486,0.18,1
10,11,6223,1,0,300,0.5,1700,0.5,1
11,0,3353,2,10,5,0,666,0.42,420,0.58,1
11,1,12142,0,0,300,0.5,572,0.32,486,0.18,1
11,2,5729,2,10,5,0,500,0.6,1000,0.2,1400,0.2,1
11,3,4381,1,0,500,0.6,1000,0.2,1400,0.2,1
11,4,6794,2,10,5,0,666,0.42,420,0.58,1
11,5,8890,1,0,500,0.6,1000,0.2,1400,0.2,1
11,6,10393,1,0,300,0.5,572,0.32,486,0.18,1
11,7,1260,0,0,300,0.5,572,0.32,486,0.18,1
11,8,6344,2,10,5,0,300,0.5,572,0.32,486,0.18,1
11,9,10888,2,10,5,0,666,0.42,420,0.58,1
11,10,4688,2,10,5,0,300,0.5,572,0.32,486,0.18,1
11,11,3254,2,10,5,0,300,0.5,1700,0.5,1
