0,0,12829,2,10,5,0,300,0.5,1700,0.5,1
0,1,14945,2,10,5,0,500,0.6,1000,0.2,1400,0.2,1
0,2,5167,0,0,500,0.6,1000,0.2,1400,0.2,1
0,3,1000,1,0,500,0.6,1000,0.2,1400,0.2,1
0,4,10433,1,0,300,0.5,1700,0.5,1
0,5,13288,0,0,666,0.42,420,0.58,1
0,6,8853,2,10,5,0,300,0.5,1700,0.5,1
0,7,5428,2,10,5,0,500,0.6,1000,0.2,1400,0.2,1
0,8,8326,1,0,300,0.5,1700,0.5,1
0,9,2623,2,10,5,0,500,0.6,1000,0.2,1400,0.2,1
0,10,8179,2,10,5,0,500,0.6,1000,0.2,1400,0.2,1
0,11,12790,2,10,5,0,666,0.42,420,0.58,1
1,0,10223,1,0,666,0.42,420,0.58,1
1,1,3722,1,0,300,0.5,572,0.32,486,0.18,1
1,2,2384,1,0,300,0.5,1700,0.5,0
1,3,633,0,0,300,0.5,1700,0.5,1
1,4,8032,1,0,300,0.5,572,0.32,486,0.18,1
1,5,14700,0,0,300,0.5,572,0.32,486,0.18,1
1,6,6702,1,0,300,0.5,1700,0.5,1
1,7,6154,2,10,5,0,300,0.5,1700,0.5,1
1,8,3067,1,0,300,0.5,572,0.32,486,0.18,1
1,9,4351,2,10,5,0,300,0.5,572,0.32,486,0.18,1
1,10,5124,0,0,500,0.6,1000,0.2,1400,0.2,1
1,11,8967,2,10,5,0,300,0.5,1700,0.5,1
2,0,13119,1,0,500,0.6,1000,0.2,1400,0.2,1
2,1,13255,0,0,500,0.6,1000,0.2,1400,0.2,1
2,2,8543,0,0,666,0.42,420,0.58,1
2,3,13450,1,0,300,0.5,572,0.32,486,0.18,1
2,4,12776,1,0,300,0.5,572,0.32,486,0.18,1
2,5,12798,0,0,500,0.6,1000,0.2,1400,0.2,1
2,6,10845,2,10,5,0,500,0.6,1000,0.2,1400,0.2,1
2,7,10914,0,0,300,0.5,572,0.32,486,0.18,1
2,8,495,0,0,300,0.5,1700,0.5,1
2,9,13196,0,0,500,0.6,1000,0.2,1400,0.2,1
2,10,14292,0,0,666,0.42,420,0.58,1
2,11,13440,1,0,300,0.5,1700,0.5,1
3,0,3657,1,0,500,0.6,1000,0.2,1400,0.2,1
3,1,2623,2,10,5,0,300,0.5,1700,0.5,1
3,2,11170,2,10,5,0,500,0.6,1000,0.2,1400,0.2,1
3,3,5617,0,0,666,0.42,420,0.58,1
3,4,10366,2,10,5,0,300,0.5,1700,0.5,1
3,5,758,2,10,5,0,300,0.5,572,0.32,486,0.18,1
3,6,8319,1,0,300,0.5,1700,0.5,1
3,7,10530,1,0,300,0.5,572,0.32,486,0.18,1
3,8,14976,1,0,500,0.6,1000,0.2,1400,0.2,1
3,9,6473,2,10,5,0,300,0.5,1700,0.5,1
3,10,1111,0,0,300,0.5,1700,0.5,1
3,11,9982,1,0,500,0.6,1000,0.2,1400,0.2,1
4,0,3103,1,0,300,0.5,1700,0.5,1
4,1,12080,0,0,666,0.42,420,0.58,1
4,2,3261,0,0,666,0.42,420,0.58,1
4,3,8545,2,10,5,0,500,0.6,1000,0.2,1400,0.2,1
4,4,802,2,10,5,0,300,0.5,1700,0.5,1
4,5,1355,2,10,5,0,666,0.42,420,0.58,1
4,6,4926,1,0,300,0.5,572,0.32,486,0.18,1
4,7,11679,2,10,5,0,500,0.6,1000,0.2,1400,0.2,1
4,8,2987,0,0,666,0.42,420,0.58,1
4,9,13859,1,0,666,0.42,420,0.58,1
4,10,10448,1,0,500,0.6,1000,0.2,1400,0.2,1
4,11,6619,0,0,500,0.6,1000,0.2,1400,0.2,1
5,0,2080,2,10,5,0,666,0.42,420,0.58,1
5,1,6769,0,0,300,0.5,572,0.32,486,0.18,1
5,2,2895,2,10,5,0,300,0.5,572,0.32,486,0.18,1
5,3,7317,2,10,5,0,300,0.5,572,0.32,486,0.18,1
5,4,12589,1,0,300,0.5,572,0.32,486,0.18,1
5,5,549,1,0,500,0.6,1000,0.2,1400,0.2,1
5,6,11898,1,0,300,0.5,1700,0.5,1
5,7,456,1,0,300,0.5,572,0.32,486,0.18,1
5,8,13384,2,10,5,0,300,0.5,572,0.32,486,0.18,1
5,9,2213,1,0,500,0.6,1000,0.2,1400,0.2,1
5,10,13586,0,0,300,0.5,1700,0.5,1
5,11,9550,0,0,500,0.6,1000,0.2,1400,0.2,1
6,0,5768,2,10,5,0,300,0.5,572,0.32,486,0.18,1
6,1,8466,2,10,5,0,500,0.6,1000,0.2,1400,0.2,1
6,2,30,1,0,666,0.42,420,0.58,1
6,3,12814,2,10,5,0,300,0.5,572,0.32,486,0.18,1
6,4,7799,2,10,5,0,300,0.5,572,0.32,486,0.18,1
6,5,2540,2,10,5,0,300,0.5,572,0.32,486,0.18,1
6,6,5244,0,0,500,0.6,1000,0.2,1400,0.2,1
6,7,10446,2,10,5,0,300,0.5,572,0.32,486,0.18,1
6,8,4073,2,10,5,0,500,0.6,1000,0.2,1400,0.2,1
6,9,8694,1,0,300,0.5,1700,0.5,1
6,10,5015,2,10,5,0,300,0.5,1700,0.5,1
6,11,9694,2,10,5,0,500,0.6,1000,0.2,1400,0.2,1
7,0,11373,2,10,5,0,500,0.6,1000,0.2,1400,0.2,1
7,1,12618,0,0,300,0.5,572,0.32,486,0.18,1
7,2,14581,0,0,300,0.5,1700,0.5,1
7,3,5946,0,0,666,0.42,420,0.58,1
7,4,1643,0,0,500,0.6,1000,0.2,1400,0.2,1
7,5,12114,2,10,5,0,300,0.5,572,0.32,486,0.18,1
7,6,4370,1,0,500,0.6,1000,0.2,1400,0.2,1
7,7,8680,0,0,300,0.5,572,0.32,486,0.18,1
7,8,3921,1,0,666,0.42,420,0.58,1
7,9,7627,0,0,300,0.5,572,0.32,486,0.18,1
7,10,7997,1,0,500,0.6,1000,0.2,1400,0.2,1
7,11,11252,0,0,500,0.6,1000,0.2,1400,0.2,1
8,0,8952,0,0,300,0.5,572,0.32,486,0.18,1
8,1,2746,2,10,5,0,300,0.5,572,0.32,486,0.18,1
8,2,6409,2,10,5,0,500,0.6,1000,0.2,1400,0.2,1
8,3,9424,1,0,666,0.42,420,0.58,1
8,4,2774,2,10,5,0,500,0.6,1000,0.2,1400,0.2,1
8,5,3861,1,0,300,0.5,572,0.32,486,0.18,1
8,6,9733,1,0,300,0.5,572,0.32,486,0.18,1
8,7,11199,2,10,5,0,666,0.42,420,0.58,1
8,8,9370,0,0,300,0.5,1700,0.5,1
8,9,13337,0,0,300,0.5,572,0.32,486,0.18,1
8,10,2192,0,0,300,0.5,572,0.32,486,0.18,1
8,11,1441,1,0,300,0.5,1700,0.5,1
9,0,2227,0,0,300,0.5,572,0.32,486,0.18,1
9,1,8322,0,0,300,0.5,1700,0.5,1
9,2,4801,0,0,300,0.5,572,0.32,486,0.18,1
9,3,9946,1,0,300,0.5,572,0.32,486,0.18,1
9,4,10847,0,0,500,0.6,1000,0.2,1400,0.2,1
9,5,5181,0,0,300,0.5,1700,0.5,1
9,6,12619,2,10,5,0,500,0.6,1000,0.2,1400,0.2,1
9,7,3659,0,0,666,0.42,420,0.58,1
9,8,2264,0,0,300,0.5,572,0.32,486,0.18,1
9,9,1150,1,0,500,0.6,1000,0.2,1400,0.2,1
9,10,12282,0,0,300,0.5,572,0.32,486,0.18,1
9,11,6661,2,10,5,0,300,0.5,1700,0.5,1
10,0,14568,1,0,300,0.5,572,0.32,486,0.18,1
10,1,1022,1,0,300,0.5,572,0.32,486,0.18,1
10,2,13863,0,0,300,0.5,1700,0.5,1
10,3,11509,1,0,300,0.5,1700,0.5,1
10,4,3744,0,0,300,0.5,1700,0.5,1
10,5,10037,1,0,300,0.5,572,0.32,486,0.18,1
10,6,14249,0,0,300,0.5,1700,0.5,1
10,7,9017,0,0,300,0.5,1700,0.5,1
10,8,9263,0,0,300,0.5,1700,0.5,1
10,9,3801,1,0,500,0.6,1000,0.2,1400,0.2,1
10,10,13335,1,0,300,0.5,1700,0.5,1
10,11,3238,2,10,5,0,666,0.42,420,0.58,1
11,0,11883,2,10,5,0,300,0.5,1700,0.5,1
11,1,13208,1,0,666,0.42,420,0.58,1
11,2,11712,1,0,666,0.42,420,0.58,1
11,3,12935,0,0,300,0.5,572,0.32,486,0.18,1
11,4,183,0,0,500,0.6,1000,0.2,1400,0.2,1
11,5,12830,1,0,300,0.5,572,0.32,486,0.18,1
11,6,7850,2,10,5,0,300,0.5,1700,0.5,1
11,7,7930,2,10,5,0,666,0.42,420,0.58,1
11,8,5905,2,10,5,0,300,0.5,572,0.32,486,0.18,1
11,9,9605,2,10,5,0,500,0.6,1000,0.2,1400,0.2,1
11,10,12659,0,0,666,0.42,420,0.58,1
11,11,12378,2,10,5,0,300,0.5,572,0.32,486,0.18,1
