0,0,12604,2,10,5,0,500,0.6,1000,0.2,1400,0.2,1
0,1,95,1,0,666,0.42,420,0.58,1
0,2,3998,2,10,5,0,300,0.5,572,0.32,486,0.18,1
0,3,4410,1,0,666,0.42,420,0.58,1
0,4,3870,1,0,500,0.6,1000,0.2,1400,0.2,1
0,5,2576,2,10,5,0,500,0.6,1000,0.2,1400,0.2,1
0,6,11158,0,0,500,0.6,1000,0.2,1400,0.2,1
0,7,3353,1,0,666,0.42,420,0.58,1
0,8,10799,1,0,500,0.6,1000,0.2,1400,0.2,1
0,9,2803,2,10,5,0,666,0.42,420,0.58,1
0,10,5827,2,10,5,0,666,0.42,420,0.58,1
0,11,2907,2,10,5,0,300,0.5,1700,0.5,1
1,0,565,0,0,300,0.5,1700,0.5,1
1,1,308,1,0,666,0.42,420,0.58,1
1,2,7736,1,0,300,0.5,1700,0.5,0
1,3,6209,2,10,5,0,300,0.5,1700,0.5,1
1,4,1463,1,0,666,0.42,420,0.58,1
1,5,9267,1,0,666,0.42,420,0.58,1
1,6,9971,1,0,300,0.5,572,0.32,486,0.18,1
1,7,10204,2,10,5,0,500,0.6,1000,0.2,1400,0.2,1
1,8,9983,0,0,300,0.5,572,0.32,486,0.18,1
1,9,1330,1,0,300,0.5,1700,0.5,1
1,10,12818,0,0,300,0.5,572,0.32,486,0.18,1
1,11,6828,2,10,5,0,300,0.5,572,0.32,486,0.18,1
2,0,1937,1,0,500,0.6,1000,0.2,1400,0.2,1
2,1,5100,0,0,666,0.42,420,0.58,1
2,2,4795,2,10,5,0,300,0.5,1700,0.5,1
2,3,6429,0,0,500,0.6,1000,0.2,1400,0.2,1
2,4,11102,1,0,300,0.5,572,0.32,486,0.18,1
2,5,6013,2,10,5,0,300,0.5,572,0.32,486,0.18,1
2,6,1746,0,0,666,0.42,420,0.58,1
2,7,11976,1,0,300,0.5,1700,0.5,1
2,8,1925,1,0,500,0.6,1000,0.2,1400,0.2,1
2,9,12507,1,0,300,0.5,1700,0.5,1
2,10,9537,1,0,300,0.5,572,0.32,486,0.18,1
2,11,8567,1,0,500,0.6,1000,0.2,1400,0.2,1
3,0,466,1,0,666,0.42,420,0.58,1
3,1,6462,0,0,666,0.42,420,0.58,1
3,2,2983,2,10,5,0,666,0.42,420,0.58,1
3,3,9951,2,10,5,0,300,0.5,1700,0.5,1
3,4,4811,2,10,5,0,300,0.5,572,0.32,486,0.18,1
3,5,7813,1,0,300,0.5,1700,0.5,1
3,6,5680,1,0,666,0.42,420,0.58,1
3,7,2536,0,0,300,0.5,572,0.32,486,0.18,1
3,8,12643,1,0,500,0.6,1000,0.2,1400,0.2,1
3,9,10074,1,0,300,0.5,572,0.32,486,0.18,1
3,10,5477,2,10,5,0,500,0.6,1000,0.2,1400,0.2,1
3,11,9421,1,0,666,0.42,420,0.58,1
4,0,2401,0,0,500,0.6,1000,0.2,1400,0.2,1
4,1,2107,0,0,300,0.5,572,0.32,486,0.18,1
4,2,1665,1,0,666,0.42,420,0.58,1
4,3,14651,0,0,300,0.5,1700,0.5,1
4,4,6023,0,0,666,0.42,420,0.58,1
4,5,14195,1,0,300,0.5,572,0.32,486,0.18,1
4,6,1604,2,10,5,0,666,0.42,420,0.58,1
4,7,5999,1,0,300,0.5,572,0.32,486,0.18,1
4,8,9443,1,0,500,0.6,1000,0.2,1400,0.2,1
4,9,13911,0,0,500,0.6,1000,0.2,1400,0.2,1
4,10,8163,0,0,666,0.42,420,0.58,1
4,11,3331,1,0,500,0.6,1000,0.2,1400,0.2,1
5,0,10527,0,0,500,0.6,1000,0.2,1400,0.2,1
5,1,1163,2,10,5,0,300,0.5,1700,0.5,1
5,2,4215,0,0,500,0.6,1000,0.2,1400,0.2,1
5,3,11448,1,0,300,0.5,1700,0.5,1
5,4,12672,2,10,5,0,300,0.5,1700,0.5,1
5,5,9437,0,0,666,0.42,420,0.58,1
5,6,14593,1,0,500,0.6,1000,0.2,1400,0.2,1
5,7,9199,2,10,5,0,300,0.5,1700,0.5,1
5,8,13333,0,0,300,0.5,572,0.32,486,0.18,1
5,9,4255,0,0,666,0.42,420,0.58,1
5,10,2807,0,0,666,0.42,420,0.58,1
5,11,6905,0,0,300,0.5,1700,0.5,1
6,0,5076,0,0,500,0.6,1000,0.2,1400,0.2,1
6,1,3822,2,10,5,0,300,0.5,572,0.32,486,0.18,1
6,2,5289,1,0,666,0.42,420,0.58,1
6,3,12412,1,0,300,0.5,572,0.32,486,0.18,1
6,4,8062,0,0,500,0.6,1000,0.2,1400,0.2,1
6,5,4889,2,10,5,0,666,0.42,420,0.58,1
6,6,13682,0,0,300,0.5,1700,0.5,1
6,7,10109,2,10,5,0,300,0.5,1700,0.5,1
6,8,13170,2,10,5,0,300,0.5,572,0.32,486,0.18,1
6,9,5096,2,10,5,0,666,0.42,420,0.58,1
6,10,1718,1,0,500,0.6,1000,0.2,1400,0.2,1
6,11,3755,0,0,300,0.5,1700,0.5,1
7,0,10603,2,10,5,0,500,0.6,1000,0.2,1400,0.2,1
7,1,8981,0,0,666,0.42,420,0.58,1
7,2,763,0,0,300,0.5,1700,0.5,1
7,3,2452,2,10,5,0,300,0.5,1700,0.5,1
7,4,7290,1,0,500,0.6,1000,0.2,1400,0.2,1
7,5,6480,0,0,666,0.42,420,0.58,1
7,6,14543,2,10,5,0,300,0.5,572,0.32,486,0.18,1
7,7,3718,0,0,300,0.5,1700,0.5,1
7,8,686,1,0,300,0.5,572,0.32,486,0.18,1
7,9,1827,0,0,300,0.5,572,0.32,486,0.18,1
7,10,10515,2,10,5,0,500,0.6,1000,0.2,1400,0.2,1
7,11,12887,0,0,300,0.5,572,0.32,486,0.18,1
8,0,2653,1,0,500,0.6,1000,0.2,1400,0.2,1
8,1,14616,1,0,500,0.6,1000,0.2,1400,0.2,1
8,2,60,2,10,5,0,666,0.42,420,0.58,1
8,3,9676,0,0,666,0.42,420,0.58,1
8,4,9073,0,0,500,0.6,1000,0.2,1400,0.2,1
8,5,8234,1,0,300,0.5,572,0.32,486,0.18,1
8,6,11687,2,10,5,0,300,0.5,1700,0.5,1
8,7,8442,0,0,300,0.5,1700,0.5,1
8,8,6309,2,10,5,0,500,0.6,1000,0.2,1400,0.2,1
8,9,11464,1,0,500,0.6,1000,0.2,1400,0.2,1
8,10,295,2,10,5,0,300,0.5,1700,0.5,1
8,11,345,2,10,5,0,666,0.42,420,0.58,1
9,0,642,2,10,5,0,300,0.5,1700,0.5,1
9,1,3703,1,0,500,0.6,1000,0.2,1400,0.2,1
9,2,12223,1,0,300,0.5,572,0.32,486,0.18,1
9,3,10002,1,0,666,0.42,420,0.58,1
9,4,6333,1,0,500,0.6,1000,0.2,1400,0.2,1
9,5,8811,1,0,500,0.6,1000,0.2,1400,0.2,1
9,6,12894,0,0,666,0.42,420,0.58,1
9,7,14665,0,0,300,0.5,1700,0.5,1
9,8,8946,0,0,666,0.42,420,0.58,1
9,9,4473,1,0,300,0.5,572,0.32,486,0.18,1
9,10,9727,0,0,666,0.42,420,0.58,1
9,11,1865,2,10,5,0,500,0.6,1000,0.2,1400,0.2,1
10,0,11341,0,0,300,0.5,1700,0.5,1
10,1,13770,0,0,666,0.42,420,0.58,1
10,2,1458,2,10,5,0,666,0.42,420,0.58,1
10,3,10341,2,10,5,0,500,0.6,1000,0.2,1400,0.2,1
10,4,6970,2,10,5,0,500,0.6,1000,0.2,1400,0.2,1
10,5,3890,1,0,300,0.5,572,0.32,486,0.18,1
10,6,385,2,10,5,0,500,0.6,1000,0.2,1400,0.2,1
10,7,2089,0,0,300,0.5,572,0.32,486,0.18,1
10,8,7525,2,10,5,0,300,0.5,1700,0.5,1
10,9,12329,1,0,666,0.42,420,0.58,1
10,10,7290,0,0,666,0.42,420,0.58,1
10,11,7393,1,0,300,0.5,1700,0.5,1
11,0,12133,2,10,5,0,300,0.5,572,0.32,486,0.18,1
11,1,14619,1,0,500,0.6,1000,0.2,1400,0.2,1
11,2,10277,1,0,300,0.5,572,0.32,486,0.18,1
11,3,2098,1,0,300,0.5,1700,0.5,1
11,4,5957,2,10,5,0,666,0.42,420,0.58,1
11,5,13222,2,10,5,0,666,0.42,420,0.58,1
11,6,10478,2,10,5,0,500,0.6,1000,0.2,1400,0.2,1
11,7,1878,2,10,5,0,300,0.5,1700,0.5,1
11,8,8166,2,10,5,0,666,0.42,420,0.58,1
11,9,8517,1,0,666,0.42,420,0.58,1
11,10,12761,0,0,300,0.5,1700,0.5,1
11,11,5436,0,0,300,0.5,1700,0.5,1
