0,0,363,0,0,500,0.6,1000,0.2,1400,0.2,1
0,1,12055,0,0,300,0.5,572,0.32,486,0.18,1
0,2,13589,0,0,500,0.6,1000,0.2,1400,0.2,1
0,3,9622,0,0,666,0.42,420,0.58,1
0,4,13458,2,10,5,0,666,0.42,420,0.58,1
0,5,5786,2,10,5,0,500,0.6,1000,0.2,1400,0.2,1
0,6,3756,2,10,5,0,666,0.42,420,0.58,1
0,7,3155,0,0,300,0.5,1700,0.5,1
0,8,9558,1,0,300,0.5,1700,0.5,1
0,9,6354,2,10,5,0,666,0.42,420,0.58,1
0,10,4069,1,0,300,0.5,1700,0.5,1
0,11,5157,2,10,5,0,300,0.5,572,0.32,486,0.18,1
1,0,7095,0,0,500,0.6,1000,0.2,1400,0.2,1
1,1,12368,0,0,300,0.5,572,0.32,486,0.18,1
1,2,3239,1,0,300,0.5,1700,0.5,0
1,3,14980,1,0,300,0.5,1700,0.5,1
1,4,8848,0,0,300,0.5,572,0.32,486,0.18,1
1,5,14226,1,0,666,0.42,420,0.58,1
1,6,2520,0,0,666,0.42,420,0.58,1
1,7,3796,1,0,500,0.6,1000,0.2,1400,0.2,1
1,8,2899,0,0,300,0.5,572,0.32,486,0.18,1
1,9,12048,0,0,300,0.5,572,0.32,486,0.18,1
1,10,14149,2,10,5,0,300,0.5,572,0.32,486,0.18,1
1,11,693,1,0,500,0.6,1000,0.2,1400,0.2,1
2,0,13159,0,0,500,0.6,1000,0.2,1400,0.2,1
2,1,13296,2,10,5,0,300,0.5,572,0.32,486,0.18,1
2,2,9982,1,0,300,0.5,1700,0.5,1
2,3,6078,2,10,5,0,300,0.5,1700,0.5,1
2,4,11106,0,0,666,0.42,420,0.58,1
2,5,3982,2,10,5,0,666,0.42,420,0.58,1
2,6,2115,2,10,5,0,500,0.6,1000,0.2,1400,0.2,1
2,7,6294,1,0,666,0.42,420,0.58,1
2,8,7570,1,0,666,0.42,420,0.58,1
2,9,12541,1,0,666,0.42,420,0.58,1
2,10,4207,1,0,666,0.42,420,0.58,1
2,11,12038,2,10,5,0,300,0.5,572,0.32,486,0.18,1
3,0,5953,1,0,666,0.42,420,0.58,1
3,1,7636,0,0,300,0.5,572,0.32,486,0.18,1
3,2,5520,0,0,300,0.5,572,0.32,486,0.18,1
3,3,1333,0,0,300,0.5,1700,0.5,1
3,4,6710,0,0,666,0.42,420,0.58,1
3,5,12167,2,10,5,0,666,0.42,420,0.58,1
3,6,82,2,10,5,0,300,0.5,1700,0.5,1
3,7,14988,1,0,500,0.6,1000,0.2,1400,0.2,1
3,8,9993,1,0,666,0.42,420,0.58,1
3,9,2071,1,0,300,0.5,572,0.32,486,0.18,1
3,10,4529,0,0,666,0.42,420,0.58,1
3,11,14965,2,10,5,0,300,0.5,572,0.32,486,0.18,1
4,0,9068,2,10,5,0,500,0.6,1000,0.2,1400,0.2,1
4,1,7915,2,10,5,0,300,0.5,1700,0.5,1
4,2,6723,0,0,666,0.42,420,0.58,1
4,3,5511,0,0,300,0.5,1700,0.5,1
4,4,6482,0,0,500,0.6,1000,0.2,1400,0.2,1
4,5,5765,1,0,500,0.6,1000,0.2,1400,0.2,1
4,6,12484,1,0,666,0.42,420,0.58,1
4,7,14116,0,0,666,0.42,420,0.58,1
4,8,2835,2,10,5,0,666,0.42,420,0.58,1
4,9,5417,2,10,5,0,300,0.5,1700,0.5,1
4,10,55,0,0,300,0.5,572,0.32,486,0.18,1
4,11,5941,2,10,5,0,300,0.5,572,0.32,486,0.18,1
5,0,9974,0,0,300,0.5,1700,0.5,1
5,1,2201,1,0,300,0.5,1700,0.5,1
5,2,9143,0,0,300,0.5,1700,0.5,1
5,3,5657,2,10,5,0,666,0.42,420,0.58,1
5,4,10426,0,0,500,0.6,1000,0.2,1400,0.2,1
5,5,14229,2,10,5,0,666,0.42,420,0.58,1
5,6,9191,1,0,666,0.42,420,0.58,1
5,7,6288,1,0,666,0.42,420,0.58,1
5,8,5052,1,0,300,0.5,572,0.32,486,0.18,1
5,9,2043,2,10,5,0,666,0.42,420,0.58,1
5,10,13059,0,0,300,0.5,572,0.32,486,0.18,1
5,11,12844,2,10,5,0,300,0.5,1700,0.5,1
6,0,14425,2,10,5,0,666,0.42,420,0.58,1
6,1,4292,0,0,500,0.6,1000,0.2,1400,0.2,1
6,2,68,0,0,300,0.5,1700,0.5,1
6,3,1012,1,0,300,0.5,572,0.32,486,0.18,1
6,4,13965,0,0,666,0.42,420,0.58,1
6,5,6555,1,0,666,0.42,420,0.58,1
6,6,13658,1,0,300,0.5,572,0.32,486,0.18,1
6,7,13922,1,0,300,0.5,1700,0.5,1
6,8,11523,1,0,666,0.42,420,0.58,1
6,9,13627,0,0,300,0.5,572,0.32,486,0.18,1
6,10,10338,2,10,5,0,300,0.5,572,0.32,486,0.18,1
6,11,12839,2,10,5,0,300,0.5,1700,0.5,1
7,0,5954,1,0,500,0.6,1000,0.2,1400,0.2,1
7,1,11099,0,0,500,0.6,1000,0.2,1400,0.2,1
7,2,12544,2,10,5,0,666,0.42,420,0.58,1
7,3,1273,1,0,666,0.42,420,0.58,1
7,4,7433,0,0,666,0.42,420,0.58,1
7,5,12817,0,0,300,0.5,1700,0.5,1
7,6,7075,0,0,500,0.6,1000,0.2,1400,0.2,1
7,7,14322,1,0,300,0.5,1700,0.5,1
7,8,14755,2,10,5,0,500,0.6,1000,0.2,1400,0.2,1
7,9,12563,2,10,5,0,300,0.5,572,0.32,486,0.18,1
7,10,9746,2,10,5,0,666,0.42,420,0.58,1
7,11,9521,0,0,300,0.5,572,0.32,486,0.18,1
8,0,10555,0,0,500,0.6,1000,0.2,1400,0.2,1
8,1,371,1,0,300,0.5,572,0.32,486,0.18,1
8,2,7091,0,0,666,0.42,420,0.58,1
8,3,13800,0,0,300,0.5,572,0.32,486,0.18,1
8,4,4536,2,10,5,0,500,0.6,1000,0.2,1400,0.2,1
8,5,6464,2,10,5,0,300,0.5,1700,0.5,1
8,6,14780,1,0,500,0.6,1000,0.2,1400,0.2,1
8,7,3904,2,10,5,0,500,0.6,1000,0.2,1400,0.2,1
8,8,13891,2,10,5,0,666,0.42,420,0.58,1
8,9,8192,0,0,300,0.5,1700,0.5,1
8,10,4905,0,0,300,0.5,1700,0.5,1
8,11,1061,2,10,5,0,300,0.5,1700,0.5,1
9,0,561,2,10,5,0,300,0.5,1700,0.5,1
9,1,13546,2,10,5,0,300,0.5,1700,0.5,1
9,2,690,0,0,666,0.42,420,0.58,1
9,3,14565,1,0,666,0.42,420,0.58,1
9,4,7192,1,0,666,0.42,420,0.58,1
9,5,1878,0,0,666,0.42,420,0.58,1
9,6,7313,2,10,5,0,300,0.5,1700,0.5,1
9,7,6238,0,0,500,0.6,1000,0.2,1400,0.2,1
9,8,1043,0,0,300,0.5,1700,0.5,1
9,9,8324,0,0,666,0.42,420,0.58,1
9,10,7344,1,0,666,0.42,420,0.58,1
9,11,6489,1,0,666,0.42,420,0.58,1
10,0,9452,2,10,5,0,300,0.5,572,0.32,486,0.18,1
10,1,14240,1,0,666,0.42,420,0.58,1
10,2,11266,2,10,5,0,300,0.5,1700,0.5,1
10,3,13827,2,10,5,0,300,0.5,572,0.32,486,0.18,1
10,4,931,1,0,300,0.5,1700,0.5,1
10,5,4022,0,0,500,0.6,1000,0.2,1400,0.2,1
10,6,4232,0,0,300,0.5,572,0.32,486,0.18,1
10,7,8857,0,0,300,0.5,1700,0.5,1
10,8,2611,0,0,300,0.5,1700,0.5,1
10,9,9971,2,10,5,0,500,0.6,1000,0.2,1400,0.2,1
10,10,10573,0,0,300,0.5,1700,0.5,1
10,11,2441,0,0,500,0.6,1000,0.2,1400,0.2,1
11,0,4087,2,10,5,0,300,0.5,572,0.32,486,0.18,1
11,1,7315,0,0,666,0.42,420,0.58,1
11,2,14680,1,0,300,0.5,1700,0.5,1
11,3,6445,0,0,300,0.5,1700,0.5,1
11,4,1063,1,0,500,0.6,1000,0.2,1400,0.2,1
11,5,12783,1,0,666,0.42,420,0.58,1
11,6,12511,0,0,666,0.42,420,0.58,1
11,7,2896,2,10,5,0,666,0.42,420,0.58,1
11,8,4465,0,0,666,0.42,420,0.58,1
11,9,4808,1,0,300,0.5,572,0.32,486,0.18,1
11,10,7878,0,0,500,0.6,1000,0.2,1400,0.2,1
11,11,1840,0,0,300,0.5,572,0.32,486,0.18,1
