0,0,10503,2,10,5,0,300,0.5,572,0.32,486,0.18,1
0,1,12725,0,0,500,0.6,1000,0.2,1400,0.2,1
0,2,9644,0,0,500,0.6,1000,0.2,1400,0.2,1
0,3,4120,2,10,5,0,300,0.5,572,0.32,486,0.18,1
0,4,1061,1,0,300,0.5,572,0.32,486,0.18,1
0,5,5861,2,10,5,0,300,0.5,572,0.32,486,0.18,1
0,6,10951,0,0,500,0.6,1000,0.2,1400,0.2,1
0,7,2413,2,10,5,0,300,0.5,572,0.32,486,0.18,1
0,8,6093,2,10,5,0,666,0.42,420,0.58,1
0,9,4399,0,0,666,0.42,420,0.58,1
0,10,5847,0,0,500,0.6,1000,0.2,1400,0.2,1
0,11,607,2,10,5,0,300,0.5,1700,0.5,1
1,0,5059,0,0,666,0.42,420,0.58,1
1,1,1182,0,0,300,0.5,572,0.32,486,0.18,1
1,2,8239,2,10,5,0,666,0.42,420,0.58,0
1,3,9967,2,10,5,0,300,0.5,572,0.32,486,0.18,1
1,4,9538,2,10,5,0,500,0.6,1000,0.2,1400,0.2,1
1,5,1430,2,10,5,0,500,0.6,1000,0.2,1400,0.2,1
1,6,1524,2,10,5,0,500,0.6,1000,0.2,1400,0.2,1
1,7,4477,0,0,300,0.5,572,0.32,486,0.18,1
1,8,501,1,0,300,0.5,1700,0.5,1
1,9,6270,0,0,500,0.6,1000,0.2,1400,0.2,1
1,10,10650,2,10,5,0,300,0.5,1700,0.5,1
1,11,5723,1,0,666,0.42,420,0.58,1
2,0,4783,1,0,500,0.6,1000,0.2,1400,0.2,1
2,1,11808,2,10,5,0,300,0.5,572,0.32,486,0.18,1
2,2,71,0,0,300,0.5,572,0.32,486,0.18,1
2,3,11806,0,0,300,0.5,572,0.32,486,0.18,1
2,4,13741,2,10,5,0,300,0.5,572,0.32,486,0.18,1
2,5,7299,1,0,666,0.42,420,0.58,1
2,6,11944,0,0,300,0.5,1700,0.5,1
2,7,4611,1,0,500,0.6,1000,0.2,1400,0.2,1
2,8,8965,2,10,5,0,500,0.6,1000,0.2,1400,0.2,1
2,9,1188,1,0,300,0.5,572,0.32,486,0.18,1
2,10,3339,1,0,500,0.6,1000,0.2,1400,0.2,1
2,11,5535,0,0,666,0.42,420,0.58,1
3,0,8214,1,0,300,0.5,1700,0.5,1
3,1,2486,0,0,500,0.6,1000,0.2,1400,0.2,1
3,2,11121,2,10,5,0,500,0.6,1000,0.2,1400,0.2,1
3,3,12805,0,0,666,0.42,420,0.58,1
3,4,11098,0,0,500,0.6,1000,0.2,1400,0.2,1
3,5,8414,0,0,500,0.6,1000,0.2,1400,0.2,1
3,6,2437,1,0,500,0.6,1000,0.2,1400,0.2,1
3,7,10496,1,0,300,0.5,1700,0.5,1
3,8,2567,0,0,300,0.5,1700,0.5,1
3,9,10852,0,0,666,0.42,420,0.58,1
3,10,12269,1,0,666,0.42,420,0.58,1
3,11,8355,1,0,300,0.5,1700,0.5,1
4,0,880,0,0,666,0.42,420,0.58,1
4,1,3198,2,10,5,0,666,0.42,420,0.58,1
4,2,14263,1,0,500,0.6,1000,0.2,1400,0.2,1
4,3,4692,2,10,5,0,300,0.5,1700,0.5,1
4,4,9618,2,10,5,0,300,0.5,1700,0.5,1
4,5,1978,0,0,300,0.5,1700,0.5,1
4,6,6744,0,0,500,0.6,1000,0.2,1400,0.2,1
4,7,10768,0,0,500,0.6,1000,0.2,1400,0.2,1
4,8,2659,0,0,666,0.42,420,0.58,1
4,9,7818,1,0,500,0.6,1000,0.2,1400,0.2,1
4,10,6229,1,0,300,0.5,572,0.32,486,0.18,1
4,11,12347,0,0,500,0.6,1000,0.2,1400,0.2,1
5,0,543,2,10,5,0,666,0.42,420,0.58,1
5,1,6858,2,10,5,0,500,0.6,1000,0.2,1400,0.2,1
5,2,7221,0,0,300,0.5,572,0.32,486,0.18,1
5,3,4622,0,0,666,0.42,420,0.58,1
5,4,3550,1,0,666,0.42,420,0.58,1
5,5,10779,2,10,5,0,300,0.5,1700,0.5,1
5,6,12679,0,0,300,0.5,572,0.32,486,0.18,1
5,7,2696,1,0,300,0.5,572,0.32,486,0.18,1
5,8,5438,0,0,300,0.5,1700,0.5,1
5,9,4402,1,0,300,0.5,1700,0.5,1
5,10,11695,2,10,5,0,300,0.5,572,0.32,486,0.18,1
5,11,5199,2,10,5,0,300,0.5,1700,0.5,1
6,0,9400,0,0,500,0.6,1000,0.2,1400,0.2,1
6,1,5886,0,0,666,0.42,420,0.58,1
6,2,14952,1,0,500,0.6,1000,0.2,1400,0.2,1
6,3,815,1,0,300,0.5,572,0.32,486,0.18,1
6,4,3644,1,0,666,0.42,420,0.58,1
6,5,3572,1,0,300,0.5,1700,0.5,1
6,6,9121,0,0,500,0.6,1000,0.2,1400,0.2,1
6,7,1761,1,0,666,0.42,420,0.58,1
6,8,1717,2,10,5,0,666,0.42,420,0.58,1
6,9,7217,1,0,300,0.5,572,0.32,486,0.18,1
6,10,12829,0,0,666,0.42,420,0.58,1
6,11,11293,0,0,500,0.6,1000,0.2,1400,0.2,1
7,0,14110,2,10,5,0,666,0.42,420,0.58,1
7,1,9673,2,10,5,0,666,0.42,420,0.58,1
7,2,2774,1,0,500,0.6,1000,0.2,1400,0.2,1
7,3,10494,1,0,500,0.6,1000,0.2,1400,0.2,1
7,4,12600,2,10,5,0,300,0.5,1700,0.5,1
7,5,635,0,0,500,0.6,1000,0.2,1400,0.2,1
7,6,6445,1,0,666,0.42,420,0.58,1
7,7,4306,0,0,300,0.5,572,0.32,486,0.18,1
7,8,4681,2,10,5,0,300,0.5,1700,0.5,1
7,9,1316,2,10,5,0,666,0.42,420,0.58,1
7,10,12762,2,10,5,0,500,0.6,1000,0.2,1400,0.2,1
7,11,14417,1,0,500,0.6,1000,0.2,1400,0.2,1
8,0,13007,1,0,500,0.6,1000,0.2,1400,0.2,1
8,1,7060,2,10,5,0,300,0.5,1700,0.5,1
8,2,8207,0,0,300,0.5,1700,0.5,1
8,3,4878,0,0,300,0.5,572,0.32,486,0.18,1
8,4,10312,2,10,5,0,300,0.5,572,0.32,486,0.18,1
8,5,13027,1,0,500,0.6,1000,0.2,1400,0.2,1
8,6,11231,2,10,5,0,300,0.5,1700,0.5,1
8,7,3368,2,10,5,0,666,0.42,420,0.58,1
8,8,9805,2,10,5,0,500,0.6,1000,0.2,1400,0.2,1
8,9,12115,1,0,300,0.5,1700,0.5,1
8,10,14476,1,0,666,0.42,420,0.58,1
8,11,3380,1,0,500,0.6,1000,0.2,1400,0.2,1
9,0,987,2,10,5,0,666,0.42,420,0.58,1
9,1,14945,2,10,5,0,300,0.5,1700,0.5,1
9,2,14488,2,10,5,0,300,0.5,572,0.32,486,0.18,1
9,3,7380,0,0,500,0.6,1000,0.2,1400,0.2,1
9,4,10522,1,0,300,0.5,572,0.32,486,0.18,1
9,5,9455,0,0,300,0.5,572,0.32,486,0.18,1
9,6,9588,2,10,5,0,666,0.42,420,0.58,1
9,7,5885,0,0,500,0.6,1000,0.2,1400,0.2,1
9,8,7826,0,0,500,0.6,1000,0.2,1400,0.2,1
9,9,11798,1,0,300,0.5,1700,0.5,1
9,10,4136,1,0,666,0.42,420,0.58,1
9,11,12787,0,0,666,0.42,420,0.58,1
10,0,6112,1,0,500,0.6,1000,0.2,1400,0.2,1
10,1,13528,0,0,666,0.42,420,0.58,1
10,2,7436,0,0,300,0.5,572,0.32,486,0.18,1
10,3,11169,0,0,500,0.6,1000,0.2,1400,0.2,1
10,4,2994,2,10,5,0,300,0.5,1700,0.5,1
10,5,4094,0,0,666,0.42,420,0.58,1
10,6,12895,1,0,300,0.5,1700,0.5,1
10,7,2162,2,10,5,0,300,0.5,1700,0.5,1
10,8,1328,0,0,300,0.5,572,0.32,486,0.18,1
10,9,4382,0,0,300,0.5,1700,0.5,1
10,10,10467,1,0,500,0.6,1000,0.2,1400,0.2,1
10,11,9757,2,10,5,0,500,0.6,1000,0.2,1400,0.2,1
11,0,6716,0,0,300,0.5,572,0.32,486,0.18,1
11,1,2265,1,0,300,0.5,1700,0.5,1
11,2,7619,0,0,500,0.6,1000,0.2,1400,0.2,1
11,3,4592,1,0,500,0.6,1000,0.2,1400,0.2,1
11,4,13882,2,10,5,0,300,0.5,1700,0.5,1
11,5,7457,0,0,300,0.5,1700,0.5,1
11,6,1541,1,0,300,0.5,1700,0.5,1
11,7,8220,0,0,300,0.5,572,0.32,486,0.18,1
11,8,13164,0,0,500,0.6,1000,0.2,1400,0.2,1
11,9,8260,1,0,500,0.6,1000,0.2,1400,0.2,1
11,10,11837,0,0,300,0.5,1700,0.5,1
11,11,1692,2,10,5,0,500,0.6,1000,0.2,1400,0.2,1
