0,0,6734,0,0,300,0.5,572,0.32,486,0.18,1
0,1,13867,2,10,5,0,666,0.42,420,0.58,1
0,2,2781,2,10,5,0,500,0.6,1000,0.2,1400,0.2,1
0,3,2851,2,10,5,0,300,0.5,572,0.32,486,0.18,1
0,4,2380,2,10,5,0,666,0.42,420,0.58,1
0,5,11372,0,0,500,0.6,1000,0.2,1400,0.2,1
0,6,9912,2,10,5,0,666,0.42,420,0.58,1
0,7,12258,2,10,5,0,666,0.42,420,0.58,1
0,8,7758,2,10,5,0,300,0.5,572,0.32,486,0.18,1
0,9,699,2,10,5,0,666,0.42,420,0.58,1
0,10,13286,1,0,500,0.6,1000,0.2,1400,0.2,1
0,11,10147,2,10,5,0,500,0.6,1000,0.2,1400,0.2,1
1,0,8661,1,0,666,0.42,420,0.58,1
1,1,4529,2,10,5,0,666,0.42,420,0.58,1
1,2,6124,1,0,300,0.5,1700,0.5,0
1,3,9529,2,10,5,0,500,0.6,1000,0.2,1400,0.2,1
1,4,10544,0,0,500,0.6,1000,0.2,1400,0.2,1
1,5,4471,2,10,5,0,300,0.5,1700,0.5,1
1,6,7597,0,0,666,0.42,420,0.58,1
1,7,14509,2,10,5,0,666,0.42,420,0.58,1
1,8,5716,1,0,666,0.42,420,0.58,1
1,9,7741,1,0,300,0.5,572,0.32,486,0.18,1
1,10,10765,2,10,5,0,300,0.5,1700,0.5,1
1,11,1853,0,0,300,0.5,572,0.32,486,0.18,1
2,0,1001,0,0,300,0.5,1700,0.5,1
2,1,11641,2,10,5,0,666,0.42,420,0.58,1
2,2,8224,1,0,666,0.42,420,0.58,1
2,3,2978,1,0,500,0.6,1000,0.2,1400,0.2,1
2,4,13216,0,0,666,0.42,420,0.58,1
2,5,9377,2,10,5,0,666,0.42,420,0.58,1
2,6,9115,2,10,5,0,300,0.5,572,0.32,486,0.18,1
2,7,13504,1,0,500,0.6,1000,0.2,1400,0.2,1
2,8,14125,1,0,666,0.42,420,0.58,1
2,9,9281,2,10,5,0,500,0.6,1000,0.2,1400,0.2,1
2,10,7049,0,0,666,0.42,420,0.58,1
2,11,13194,0,0,300,0.5,1700,0.5,1
3,0,11535,1,0,666,0.42,420,0.58,1
3,1,1318,0,0,300,0.5,1700,0.5,1
3,2,11599,2,10,5,0,300,0.5,1700,0.5,1
3,3,13044,2,10,5,0,300,0.5,1700,0.5,1
3,4,12672,2,10,5,0,500,0.6,1000,0.2,1400,0.2,1
3,5,6949,2,10,5,0,500,0.6,1000,0.2,1400,0.2,1
3,6,6177,2,10,5,0,300,0.5,1700,0.5,1
3,7,6473,0,0,666,0.42,420,0.58,1
3,8,7048,0,0,666,0.42,420,0.58,1
3,9,4194,0,0,300,0.5,1700,0.5,1
3,10,1863,0,0,300,0.5,572,0.32,486,0.18,1
3,11,4328,2,10,5,0,666,0.42,420,0.58,1
4,0,4336,2,10,5,0,300,0.5,572,0.32,486,0.18,1
4,1,7583,1,0,300,0.5,1700,0.5,1
4,2,9944,1,0,666,0.42,420,0.58,1
4,3,12746,1,0,500,0.6,1000,0.2,1400,0.2,1
4,4,8999,2,10,5,0,300,0.5,1700,0.5,1
4,5,7341,2,10,5,0,666,0.42,420,0.58,1
4,6,2609,0,0,666,0.42,420,0.58,1
4,7,3034,1,0,666,0.42,420,0.58,1
4,8,12014,2,10,5,0,500,0.6,1000,0.2,1400,0.2,1
4,9,10325,0,0,500,0.6,1000,0.2,1400,0.2,1
4,10,2689,0,0,500,0.6,1000,0.2,1400,0.2,1
4,11,13830,0,0,300,0.5,1700,0.5,1
5,0,13356,1,0,500,0.6,1000,0.2,1400,0.2,1
5,1,13293,2,10,5,0,666,0.42,420,0.58,1
5,2,12898,0,0,300,0.5,572,0.32,486,0.18,1
5,3,14255,1,0,300,0.5,1700,0.5,1
5,4,2029,1,0,666,0.42,420,0.58,1
5,5,956,2,10,5,0,500,0.6,1000,0.2,1400,0.2,1
5,6,7022,0,0,666,0.42,420,0.58,1
5,7,9097,0,0,300,0.5,572,0.32,486,0.18,1
5,8,1296,0,0,666,0.42,420,0.58,1
5,9,5098,0,0,500,0.6,1000,0.2,1400,0.2,1
5,10,7222,0,0,500,0.6,1000,0.2,1400,0.2,1
5,11,5315,2,10,5,0,666,0.42,420,0.58,1
6,0,9418,2,10,5,0,666,0.42,420,0.58,1
6,1,4051,0,0,666,0.42,420,0.58,1
6,2,6071,0,0,500,0.6,1000,0.2,1400,0.2,1
6,3,1573,0,0,300,0.5,1700,0.5,1
6,4,10045,0,0,300,0.5,1700,0.5,1
6,5,14007,2,10,5,0,300,0.5,572,0.32,486,0.18,1
6,6,9574,2,10,5,0,500,0.6,1000,0.2,1400,0.2,1
6,7,14691,0,0,666,0.42,420,0.58,1
6,8,1830,0,0,300,0.5,1700,0.5,1
6,9,6206,0,0,666,0.42,420,0.58,1
6,10,12130,1,0,300,0.5,1700,0.5,1
6,11,12545,1,0,300,0.5,1700,0.5,1
7,0,1385,0,0,300,0.5,1700,0.5,1
7,1,3070,1,0,300,0.5,572,0.32,486,0.18,1
7,2,4377,1,0,300,0.5,572,0.32,486,0.18,1
7,3,13861,1,0,300,0.5,1700,0.5,1
7,4,14135,2,10,5,0,300,0.5,572,0.32,486,0.18,1
7,5,13376,0,0,300,0.5,572,0.32,486,0.18,1
7,6,11487,0,0,500,0.6,1000,0.2,1400,0.2,1
7,7,4718,1,0,300,0.5,1700,0.5,1
7,8,14850,2,10,5,0,666,0.42,420,0.58,1
7,9,4931,2,10,5,0,500,0.6,1000,0.2,1400,0.2,1
7,10,12018,1,0,500,0.6,1000,0.2,1400,0.2,1
7,11,12058,1,0,666,0.42,420,0.58,1
8,0,12303,1,0,666,0.42,420,0.58,1
8,1,5056,1,0,300,0.5,572,0.32,486,0.18,1
8,2,608,0,0,500,0.6,1000,0.2,1400,0.2,1
8,3,6383,2,10,5,0,300,0.5,572,0.32,486,0.18,1
8,4,316,2,10,5,0,300,0.5,1700,0.5,1
8,5,423,0,0,666,0.42,420,0.58,1
8,6,7897,2,10,5,0,300,0.5,1700,0.5,1
8,7,7035,2,10,5,0,666,0.42,420,0.58,1
8,8,2212,0,0,300,0.5,572,0.32,486,0.18,1
8,9,5313,1,0,666,0.42,420,0.58,1
8,10,485,1,0,500,0.6,1000,0.2,1400,0.2,1
8,11,2226,1,0,300,0.5,1700,0.5,1
9,0,9939,0,0,666,0.42,420,0.58,1
9,1,7538,0,0,300,0.5,1700,0.5,1
9,2,894,2,10,5,0,300,0.5,572,0.32,486,0.18,1
9,3,10869,1,0,300,0.5,572,0.32,486,0.18,1
9,4,4440,0,0,666,0.42,420,0.58,1
9,5,10553,1,0,300,0.5,1700,0.5,1
9,6,1598,2,10,5,0,300,0.5,1700,0.5,1
9,7,3191,2,10,5,0,666,0.42,420,0.58,1
9,8,1771,2,10,5,0,300,0.5,572,0.32,486,0.18,1
9,9,419,0,0,300,0.5,1700,0.5,1
9,10,7735,1,0,666,0.42,420,0.58,1
9,11,6854,2,10,5,0,500,0.6,1000,0.2,1400,0.2,1
10,0,5096,1,0,666,0.42,420,0.58,1
10,1,14707,2,10,5,0,666,0.42,420,0.58,1
10,2,10927,0,0,300,0.5,1700,0.5,1
10,3,12328,2,10,5,0,666,0.42,420,0.58,1
10,4,1378,2,10,5,0,300,0.5,1700,0.5,1
10,5,337,2,10,5,0,300,0.5,572,0.32,486,0.18,1
10,6,933,1,0,500,0.6,1000,0.2,1400,0.2,1
10,7,2205,0,0,300,0.5,1700,0.5,1
10,8,6408,1,0,300,0.5,1700,0.5,1
10,9,1080,0,0,300,0.5,572,0.32,486,0.18,1
10,10,133,2,10,5,0,500,0.6,1000,0.2,1400,0.2,1
10,11,12735,2,10,5,0,300,0.5,1700,0.5,1
11,0,11281,2,10,5,0,300,0.5,1700,0.5,1
11,1,9375,0,0,300,0.5,1700,0.5,1
11,2,10364,0,0,300,0.5,572,0.32,486,0.18,1
11,3,2693,1,0,500,0.6,1000,0.2,1400,0.2,1
11,4,10958,2,10,5,0,300,0.5,1700,0.5,1
11,5,8526,0,0,666,0.42,420,0.58,1
11,6,4041,1,0,300,0.5,572,0.32,486,0.18,1
11,7,13176,0,0,666,0.42,420,0.58,1
11,8,10254,1,0,500,0.6,1000,0.2,1400,0.2,1
11,9,11882,2,10,5,0,300,0.5,572,0.32,486,0.18,1
11,10,12688,1,0,666,0.42,420,0.58,1
11,11,9427,1,0,666,0.42,420,0.58,1
