0,0,9857,2,10,5,0,300,0.5,572,0.32,486,0.18,1
0,1,3284,0,0,300,0.5,1700,0.5,1
0,2,14147,0,0,300,0.5,572,0.32,486,0.18,1
0,3,8556,0,0,500,0.6,1000,0.2,1400,0.2,1
0,4,5010,0,0,666,0.42,420,0.58,1
0,5,14490,2,10,5,0,666,0.42,420,0.58,1
0,6,7609,0,0,300,0.5,572,0.32,486,0.18,1
0,7,1315,1,0,500,0.6,1000,0.2,1400,0.2,1
0,8,10178,0,0,666,0.42,420,0.58,1
0,9,2286,1,0,300,0.5,572,0.32,486,0.18,1
0,10,12290,0,0,300,0.5,572,0.32,486,0.18,1
0,11,10993,1,0,500,0.6,1000,0.2,1400,0.2,1
1,0,3495,2,10,5,0,300,0.5,1700,0.5,1
1,1,2776,2,10,5,0,300,0.5,572,0.32,486,0.18,1
1,2,4156,0,0,300,0.5,572,0.32,486,0.18,0
1,3,3232,0,0,666,0.42,420,0.58,1
1,4,3374,2,10,5,0,500,0.6,1000,0.2,1400,0.2,1
1,5,2997,2,10,5,0,500,0.6,1000,0.2,1400,0.2,1
1,6,7072,1,0,666,0.42,420,0.58,1
1,7,4692,2,10,5,0,300,0.5,572,0.32,486,0.18,1
1,8,8843,0,0,500,0.6,1000,0.2,1400,0.2,1
1,9,7779,1,0,666,0.42,420,0.58,1
1,10,13487,1,0,300,0.5,572,0.32,486,0.18,1
1,11,2610,0,0,300,0.5,572,0.32,486,0.18,1
2,0,6532,1,0,666,0.42,420,0.58,1
2,1,5344,1,0,300,0.5,572,0.32,486,0.18,1
2,2,13704,2,10,5,0,500,0.6,1000,0.2,1400,0.2,1
2,3,9766,1,0,300,0.5,572,0.32,486,0.18,1
2,4,9051,0,0,500,0.6,1000,0.2,1400,0.2,1
2,5,7468,2,10,5,0,500,0.6,1000,0.2,1400,0.2,1
2,6,5461,0,0,300,0.5,1700,0.5,1
2,7,11158,2,10,5,0,666,0.42,420,0.58,1
2,8,3476,2,10,5,0,300,0.5,572,0.32,486,0.18,1
2,9,3619,0,0,300,0.5,1700,0.5,1
2,10,9675,0,0,300,0.5,1700,0.5,1
2,11,1902,0,0,500,0.6,1000,0.2,1400,0.2,1
3,0,5808,0,0,666,0.42,420,0.58,1
3,1,8910,0,0,500,0.6,1000,0.2,1400,0.2,1
3,2,7147,0,0,500,0.6,1000,0.2,1400,0.2,1
3,3,13238,0,0,666,0.42,420,0.58,1
3,4,8724,2,10,5,0,300,0.5,572,0.32,486,0.18,1
3,5,14373,0,0,500,0.6,1000,0.2,1400,0.2,1
3,6,1219,0,0,300,0.5,572,0.32,486,0.18,1
3,7,3287,1,0,500,0.6,1000,0.2,1400,0.2,1
3,8,1028,0,0,300,0.5,572,0.32,486,0.18,1
3,9,10040,1,0,300,0.5,1700,0.5,1
3,10,11929,0,0,300,0.5,1700,0.5,1
3,11,8207,1,0,300,0.5,1700,0.5,1
4,0,11202,2,10,5,0,500,0.6,1000,0.2,1400,0.2,1
4,1,13809,1,0,666,0.42,420,0.58,1
4,2,11856,1,0,666,0.42,420,0.58,1
4,3,10131,2,10,5,0,300,0.5,572,0.32,486,0.18,1
4,4,6439,2,10,5,0,666,0.42,420,0.58,1
4,5,5520,1,0,500,0.6,1000,0.2,1400,0.2,1
4,6,3381,2,10,5,0,500,0.6,1000,0.2,1400,0.2,1
4,7,4502,1,0,300,0.5,572,0.32,486,0.18,1
4,8,4612,1,0,300,0.5,1700,0.5,1
4,9,9334,1,0,666,0.42,420,0.58,1
4,10,3946,2,10,5,0,666,0.42,420,0.58,1
4,11,11025,1,0,666,0.42,420,0.58,1
5,0,13476,1,0,300,0.5,572,0.32,486,0.18,1
5,1,7939,1,0,300,0.5,572,0.32,486,0.18,1
5,2,1304,2,10,5,0,500,0.6,1000,0.2,1400,0.2,1
5,3,7592,1,0,300,0.5,572,0.32,486,0.18,1
5,4,10605,2,10,5,0,300,0.5,572,0.32,486,0.18,1
5,5,9775,0,0,300,0.5,1700,0.5,1
5,6,8048,0,0,666,0.42,420,0.58,1
5,7,3810,1,0,666,0.42,420,0.58,1
5,8,12705,1,0,500,0.6,1000,0.2,1400,0.2,1
5,9,14126,1,0,300,0.5,572,0.32,486,0.18,1
5,10,5402,2,10,5,0,666,0.42,420,0.58,1
5,11,14573,2,10,5,0,300,0.5,1700,0.5,1
6,0,4559,2,10,5,0,666,0.42,420,0.58,1
6,1,4866,2,10,5,0,500,0.6,1000,0.2,1400,0.2,1
6,2,8869,0,0,300,0.5,1700,0.5,1
6,3,11697,2,10,5,0,300,0.5,1700,0.5,1
6,4,12533,1,0,500,0.6,1000,0.2,1400,0.2,1
6,5,3586,1,0,666,0.42,420,0.58,1
6,6,2666,2,10,5,0,300,0.5,572,0.32,486,0.18,1
6,7,6022,0,0,666,0.42,420,0.58,1
6,8,6452,1,0,300,0.5,1700,0.5,1
6,9,1715,1,0,300,0.5,1700,0.5,1
6,10,8158,1,0,666,0.42,420,0.58,1
6,11,6594,1,0,500,0.6,1000,0.2,1400,0.2,1
7,0,13859,2,10,5,0,666,0.42,420,0.58,1
7,1,2620,2,10,5,0,300,0.5,572,0.32,486,0.18,1
7,2,5734,1,0,300,0.5,572,0.32,486,0.18,1
7,3,3664,1,0,666,0.42,420,0.58,1
7,4,12364,0,0,300,0.5,1700,0.5,1
7,5,5086,1,0,300,0.5,572,0.32,486,0.18,1
7,6,11702,0,0,300,0.5,572,0.32,486,0.18,1
7,7,12052,2,10,5,0,500,0.6,1000,0.2,1400,0.2,1
7,8,6826,2,10,5,0,300,0.5,572,0.32,486,0.18,1
7,9,5564,1,0,300,0.5,1700,0.5,1
7,10,10511,0,0,666,0.42,420,0.58,1
7,11,6518,1,0,300,0.5,572,0.32,486,0.18,1
8,0,4608,1,0,300,0.5,572,0.32,486,0.18,1
8,1,1860,0,0,300,0.5,572,0.32,486,0.18,1
8,2,8788,1,0,300,0.5,572,0.32,486,0.18,1
8,3,12557,2,10,5,0,300,0.5,1700,0.5,1
8,4,13155,0,0,300,0.5,572,0.32,486,0.18,1
8,5,12940,1,0,500,0.6,1000,0.2,1400,0.2,1
8,6,9322,2,10,5,0,300,0.5,572,0.32,486,0.18,1
8,7,14400,1,0,666,0.42,420,0.58,1
8,8,12694,1,0,500,0.6,1000,0.2,1400,0.2,1
8,9,13504,1,0,300,0.5,572,0.32,486,0.18,1
8,10,8752,2,10,5,0,666,0.42,420,0.58,1
8,11,3000,1,0,500,0.6,1000,0.2,1400,0.2,1
9,0,6091,2,10,5,0,300,0.5,572,0.32,486,0.18,1
9,1,1987,1,0,500,0.6,1000,0.2,1400,0.2,1
9,2,14904,0,0,300,0.5,1700,0.5,1
9,3,10924,2,10,5,0,500,0.6,1000,0.2,1400,0.2,1
9,4,12446,0,0,300,0.5,572,0.32,486,0.18,1
9,5,9562,0,0,300,0.5,1700,0.5,1
9,6,713,1,0,500,0.6,1000,0.2,1400,0.2,1
9,7,9275,1,0,300,0.5,572,0.32,486,0.18,1
9,8,5136,0,0,500,0.6,1000,0.2,1400,0.2,1
9,9,8425,0,0,300,0.5,572,0.32,486,0.18,1
9,10,5336,0,0,666,0.42,420,0.58,1
9,11,2894,0,0,500,0.6,1000,0.2,1400,0.2,1
10,0,7200,1,0,300,0.5,572,0.32,486,0.18,1
10,1,13571,1,0,300,0.5,1700,0.5,1
10,2,12539,1,0,666,0.42,420,0.58,1
10,3,6870,0,0,500,0.6,1000,0.2,1400,0.2,1
10,4,12601,0,0,666,0.42,420,0.58,1
10,5,1619,1,0,300,0.5,572,0.32,486,0.18,1
10,6,5947,0,0,300,0.5,1700,0.5,1
10,7,645,0,0,300,0.5,1700,0.5,1
10,8,4656,1,0,300,0.5,1700,0.5,1
10,9,2678,2,10,5,0,300,0.5,572,0.32,486,0.18,1
10,10,8434,0,0,300,0.5,1700,0.5,1
10,11,5626,1,0,666,0.42,420,0.58,1
11,0,13071,2,10,5,0,666,0.42,420,0.58,1
11,1,6178,0,0,666,0.42,420,0.58,1
11,2,335,0,0,300,0.5,572,0.32,486,0.18,1
11,3,8421,1,0,300,0.5,572,0.32,486,0.18,1
11,4,13234,0,0,500,0.6,1000,0.2,1400,0.2,1
11,5,5499,1,0,500,0.6,1000,0.2,1400,0.2,1
11,6,14154,1,0,300,0.5,1700,0.5,1
11,7,156,0,0,300,0.5,572,0.32,486,0.18,1
11,8,11678,0,0,500,0.6,1000,0.2,1400,0.2,1
11,9,197,2,10,5,0,666,0.42,420,0.58,1
11,10,11144,1,0,500,0.6,1000,0.2,1400,0.2,1
11,11,13209,2,10,5,0,300,0.5,1700,0.5,1
