0,0,14573,2,10,5,0,300,0.5,1700,0.5,1
0,1,13686,0,0,666,0.42,420,0.58,1
0,2,4764,0,0,500,0.6,1000,0.2,1400,0.2,1
0,3,6382,1,0,500,0.6,1000,0.2,1400,0.2,1
0,4,7293,0,0,300,0.5,572,0.32,486,0.18,1
0,5,9563,2,10,5,0,300,0.5,1700,0.5,1
0,6,2805,2,10,5,0,300,0.5,572,0.32,486,0.18,1
0,7,11718,2,10,5,0,500,0.6,1000,0.2,1400,0.2,1
0,8,12550,2,10,5,0,300,0.5,572,0.32,486,0.18,1
0,9,8460,0,0,300,0.5,572,0.32,486,0.18,1
0,10,13642,1,0,300,0.5,572,0.32,486,0.18,1
0,11,7738,2,10,5,0,300,0.5,572,0.32,486,0.18,1
1,0,11716,2,10,5,0,300,0.5,1700,0.5,1
1,1,2500,1,0,500,0.6,1000,0.2,1400,0.2,1
1,2,5122,2,10,5,0,666,0.42,420,0.58,0
1,3,5121,0,0,300,0.5,1700,0.5,1
1,4,12345,1,0,500,0.6,1000,0.2,1400,0.2,1
1,5,12683,2,10,5,0,300,0.5,572,0.32,486,0.18,1
1,6,12089,1,0,300,0.5,1700,0.5,1
1,7,9080,1,0,300,0.5,1700,0.5,1
1,8,7345,1,0,666,0.42,420,0.58,1
1,9,7920,2,10,5,0,300,0.5,572,0.32,486,0.18,1
1,10,9378,1,0,300,0.5,1700,0.5,1
1,11,4259,2,10,5,0,300,0.5,1700,0.5,1
2,0,8257,1,0,300,0.5,572,0.32,486,0.18,1
2,1,607,2,10,5,0,300,0.5,572,0.32,486,0.18,1
2,2,3348,2,10,5,0,500,0.6,1000,0.2,1400,0.2,1
2,3,623,2,10,5,0,300,0.5,572,0.32,486,0.18,1
2,4,14403,0,0,500,0.6,1000,0.2,1400,0.2,1
2,5,11621,1,0,500,0.6,1000,0.2,1400,0.2,1
2,6,7745,0,0,500,0.6,1000,0.2,1400,0.2,1
2,7,10651,1,0,300,0.5,1700,0.5,1
2,8,3839,2,10,5,0,500,0.6,1000,0.2,1400,0.2,1
2,9,8885,2,10,5,0,300,0.5,572,0.32,486,0.18,1
2,10,5266,0,0,500,0.6,1000,0.2,1400,0.2,1
2,11,7691,2,10,5,0,666,0.42,420,0.58,1
3,0,9073,1,0,300,0.5,1700,0.5,1
3,1,860,2,10,5,0,300,0.5,572,0.32,486,0.18,1
3,2,3359,0,0,300,0.5,572,0.32,486,0.18,1
3,3,1853,2,10,5,0,500,0.6,1000,0.2,1400,0.2,1
3,4,4973,0,0,666,0.42,420,0.58,1
3,5,2120,1,0,300,0.5,1700,0.5,1
3,6,7200,0,0,300,0.5,1700,0.5,1
3,7,9211,0,0,500,0.6,1000,0.2,1400,0.2,1
3,8,13495,1,0,500,0.6,1000,0.2,1400,0.2,1
3,9,250,1,0,666,0.42,420,0.58,1
3,10,1911,1,0,666,0.42,420,0.58,1
3,11,11166,0,0,500,0.6,1000,0.2,1400,0.2,1
4,0,7917,2,10,5,0,666,0.42,420,0.58,1
4,1,5822,1,0,666,0.42,420,0.58,1
4,2,3329,1,0,666,0.42,420,0.58,1
4,3,11914,2,10,5,0,300,0.5,1700,0.5,1
4,4,11793,2,10,5,0,300,0.5,1700,0.5,1
4,5,13397,2,10,5,0,300,0.5,572,0.32,486,0.18,1
4,6,11140,1,0,500,0.6,1000,0.2,1400,0.2,1
4,7,14572,1,0,300,0.5,572,0.32,486,0.18,1
4,8,6556,2,10,5,0,300,0.5,1700,0.5,1
4,9,3725,0,0,666,0.42,420,0.58,1
4,10,611,0,0,300,0.5,572,0.32,486,0.18,1
4,11,9627,1,0,666,0.42,420,0.58,1
5,0,11782,2,10,5,0,300,0.5,572,0.32,486,0.18,1
5,1,12664,0,0,666,0.42,420,0.58,1
5,2,2006,2,10,5,0,300,0.5,572,0.32,486,0.18,1
5,3,3154,1,0,500,0.6,1000,0.2,1400,0.2,1
5,4,3286,2,10,5,0,500,0.6,1000,0.2,1400,0.2,1
5,5,11926,0,0,666,0.42,420,0.58,1
5,6,8855,1,0,300,0.5,1700,0.5,1
5,7,10891,1,0,500,0.6,1000,0.2,1400,0.2,1
5,8,2511,1,0,300,0.5,572,0.32,486,0.18,1
5,9,7366,2,10,5,0,666,0.42,420,0.58,1
5,10,14224,1,0,500,0.6,1000,0.2,1400,0.2,1
5,11,3559,2,10,5,0,666,0.42,420,0.58,1
6,0,14558,2,10,5,0,300,0.5,572,0.32,486,0.18,1
6,1,445,0,0,666,0.42,420,0.58,1
6,2,3754,2,10,5,0,666,0.42,420,0.58,1
6,3,1773,2,10,5,0,300,0.5,1700,0.5,1
6,4,10481,2,10,5,0,500,0.6,1000,0.2,1400,0.2,1
6,5,8196,1,0,500,0.6,1000,0.2,1400,0.2,1
6,6,11682,2,10,5,0,666,0.42,420,0.58,1
6,7,10334,1,0,500,0.6,1000,0.2,1400,0.2,1
6,8,6642,2,10,5,0,300,0.5,572,0.32,486,0.18,1
6,9,2921,2,10,5,0,666,0.42,420,0.58,1
6,10,11058,1,0,500,0.6,1000,0.2,1400,0.2,1
6,11,13792,1,0,300,0.5,572,0.32,486,0.18,1
7,0,10134,1,0,500,0.6,1000,0.2,1400,0.2,1
7,1,13562,1,0,666,0.42,420,0.58,1
7,2,4403,0,0,500,0.6,1000,0.2,1400,0.2,1
7,3,2302,1,0,666,0.42,420,0.58,1
7,4,12137,0,0,300,0.5,572,0.32,486,0.18,1
7,5,8303,1,0,300,0.5,1700,0.5,1
7,6,3031,2,10,5,0,500,0.6,1000,0.2,1400,0.2,1
7,7,717,0,0,300,0.5,572,0.32,486,0.18,1
7,8,4499,0,0,666,0.42,420,0.58,1
7,9,11265,1,0,500,0.6,1000,0.2,1400,0.2,1
7,10,11386,0,0,500,0.6,1000,0.2,1400,0.2,1
7,11,2543,0,0,300,0.5,572,0.32,486,0.18,1
8,0,12435,0,0,300,0.5,1700,0.5,1
8,1,14,2,10,5,0,300,0.5,1700,0.5,1
8,2,3089,2,10,5,0,500,0.6,1000,0.2,1400,0.2,1
8,3,9175,2,10,5,0,666,0.42,420,0.58,1
8,4,7416,1,0,300,0.5,572,0.32,486,0.18,1
8,5,1904,2,10,5,0,300,0.5,572,0.32,486,0.18,1
8,6,1981,0,0,500,0.6,1000,0.2,1400,0.2,1
8,7,5536,0,0,300,0.5,1700,0.5,1
8,8,10536,2,10,5,0,300,0.5,572,0.32,486,0.18,1
8,9,14548,0,0,300,0.5,1700,0.5,1
8,10,2568,2,10,5,0,300,0.5,1700,0.5,1
8,11,5581,0,0,666,0.42,420,0.58,1
9,0,10913,1,0,500,0.6,1000,0.2,1400,0.2,1
9,1,80,1,0,300,0.5,572,0.32,486,0.18,1
9,2,663,2,10,5,0,300,0.5,572,0.32,486,0.18,1
9,3,2891,0,0,666,0.42,420,0.58,1
9,4,1248,2,10,5,0,666,0.42,420,0.58,1
9,5,12440,0,0,300,0.5,1700,0.5,1
9,6,2242,2,10,5,0,300,0.5,1700,0.5,1
9,7,1955,2,10,5,0,300,0.5,1700,0.5,1
9,8,8316,2,10,5,0,300,0.5,1700,0.5,1
9,9,10983,2,10,5,0,500,0.6,1000,0.2,1400,0.2,1
9,10,333,1,0,500,0.6,1000,0.2,1400,0.2,1
9,11,3813,0,0,500,0.6,1000,0.2,1400,0.2,1
10,0,3718,2,10,5,0,300,0.5,572,0.32,486,0.18,1
10,1,549,1,0,300,0.5,572,0.32,486,0.18,1
10,2,1579,0,0,500,0.6,1000,0.2,1400,0.2,1
10,3,4760,1,0,500,0.6,1000,0.2,1400,0.2,1
10,4,1283,1,0,300,0.5,572,0.32,486,0.18,1
10,5,1647,0,0,300,0.5,572,0.32,486,0.18,1
10,6,11511,0,0,666,0.42,420,0.58,1
10,7,6684,2,10,5,0,500,0.6,1000,0.2,1400,0.2,1
10,8,3455,0,0,300,0.5,572,0.32,486,0.18,1
10,9,13210,1,0,300,0.5,572,0.32,486,0.18,1
10,10,11979,1,0,500,0.6,1000,0.2,1400,0.2,1
10,11,14334,2,10,5,0,300,0.5,572,0.32,486,0.18,1
11,0,8879,1,0,300,0.5,572,0.32,486,0.18,1
11,1,4330,0,0,500,0.6,1000,0.2,1400,0.2,1
11,2,9149,2,10,5,0,300,0.5,1700,0.5,1
11,3,14065,0,0,300,0.5,1700,0.5,1
11,4,7536,0,0,300,0.5,1700,0.5,1
11,5,3173,2,10,5,0,500,0.6,1000,0.2,1400,0.2,1
11,6,5914,1,0,300,0.5,572,0.32,486,0.18,1
11,7,13585,0,0,666,0.42,420,0.58,1
11,8,10856,0,0,666,0.42,420,0.58,1
11,9,11818,2,10,5,0,666,0.42,420,0.58,1
11,10,293,0,0,300,0.5,572,0.32,486,0.18,1
11,11,1267,1,0,300,0.5,572,0.32,486,0.18,1
