0,0,9684,1,0,500,0.6,1000,0.2,1400,0.2,1
0,1,2121,2,10,5,0,300,0.5,572,0.32,486,0.18,1
0,2,14091,0,0,300,0.5,1700,0.5,1
0,3,8330,2,10,5,0,300,0.5,1700,0.5,1
0,4,9287,2,10,5,0,300,0.5,1700,0.5,1
0,5,9144,0,0,666,0.42,420,0.58,1
0,6,3255,0,0,666,0.42,420,0.58,1
0,7,9878,0,0,300,0.5,1700,0.5,1
0,8,4154,1,0,666,0.42,420,0.58,1
0,9,150,0,0,300,0.5,572,0.32,486,0.18,1
0,10,14158,2,10,5,0,300,0.5,1700,0.5,1
0,11,187,2,10,5,0,300,0.5,1700,0.5,1
1,0,8859,0,0,300,0.5,1700,0.5,1
1,1,14732,1,0,300,0.5,1700,0.5,1
1,2,13368,1,0,300,0.5,572,0.32,486,0.18,0
1,3,3838,1,0,500,0.6,1000,0.2,1400,0.2,1
1,4,11245,1,0,300,0.5,1700,0.5,1
1,5,7205,2,10,5,0,300,0.5,572,0.32,486,0.18,1
1,6,12046,2,10,5,0,300,0.5,572,0.32,486,0.18,1
1,7,7537,1,0,300,0.5,1700,0.5,1
1,8,10206,2,10,5,0,300,0.5,1700,0.5,1
1,9,11944,2,10,5,0,666,0.42,420,0.58,1
1,10,7887,0,0,500,0.6,1000,0.2,1400,0.2,1
1,11,13411,2,10,5,0,300,0.5,1700,0.5,1
2,0,913,1,0,300,0.5,1700,0.5,1
2,1,9207,0,0,666,0.42,420,0.58,1
2,2,699,0,0,300,0.5,1700,0.5,1
2,3,418,1,0,500,0.6,1000,0.2,1400,0.2,1
2,4,7044,2,10,5,0,300,0.5,572,0.32,486,0.18,1
2,5,12697,0,0,300,0.5,572,0.32,486,0.18,1
2,6,11020,2,10,5,0,300,0.5,1700,0.5,1
2,7,1946,2,10,5,0,500,0.6,1000,0.2,1400,0.2,1
2,8,8030,2,10,5,0,666,0.42,420,0.58,1
2,9,4001,1,0,500,0.6,1000,0.2,1400,0.2,1
2,10,4159,2,10,5,0,500,0.6,1000,0.2,1400,0.2,1
2,11,6960,1,0,300,0.5,1700,0.5,1
3,0,6036,2,10,5,0,300,0.5,572,0.32,486,0.18,1
3,1,3715,2,10,5,0,500,0.6,1000,0.2,1400,0.2,1
3,2,11721,1,0,300,0.5,572,0.32,486,0.18,1
3,3,11759,1,0,500,0.6,1000,0.2,1400,0.2,1
3,4,4380,0,0,666,0.42,420,0.58,1
3,5,7803,0,0,666,0.42,420,0.58,1
3,6,4898,2,10,5,0,500,0.6,1000,0.2,1400,0.2,1
3,7,6891,1,0,300,0.5,572,0.32,486,0.18,1
3,8,4512,1,0,300,0.5,1700,0.5,1
3,9,14276,1,0,666,0.42,420,0.58,1
3,10,2072,1,0,300,0.5,1700,0.5,1
3,11,4009,2,10,5,0,666,0.42,420,0.58,1
4,0,4677,0,0,300,0.5,1700,0.5,1
4,1,4835,2,10,5,0,300,0.5,1700,0.5,1
4,2,7814,1,0,300,0.5,572,0.32,486,0.18,1
4,3,6520,1,0,300,0.5,572,0.32,486,0.18,1
4,4,9066,0,0,300,0.5,1700,0.5,1
4,5,1788,1,0,666,0.42,420,0.58,1
4,6,3484,2,10,5,0,300,0.5,572,0.32,486,0.18,1
4,7,8579,2,10,5,0,666,0.42,420,0.58,1
4,8,9038,2,10,5,0,666,0.42,420,0.58,1
4,9,6737,2,10,5,0,500,0.6,1000,0.2,1400,0.2,1
4,10,2755,2,10,5,0,300,0.5,572,0.32,486,0.18,1
4,11,778,2,10,5,0,300,0.5,1700,0.5,1
5,0,12606,1,0,300,0.5,572,0.32,486,0.18,1
5,1,11750,1,0,300,0.5,572,0.32,486,0.18,1
5,2,3109,0,0,300,0.5,572,0.32,486,0.18,1
5,3,1377,0,0,500,0.6,1000,0.2,1400,0.2,1
5,4,13568,1,0,666,0.42,420,0.58,1
5,5,8559,1,0,300,0.5,572,0.32,486,0.18,1
5,6,3764,0,0,300,0.5,1700,0.5,1
5,7,12704,2,10,5,0,300,0.5,572,0.32,486,0.18,1
5,8,12549,1,0,300,0.5,572,0.32,486,0.18,1
5,9,6204,1,0,300,0.5,572,0.32,486,0.18,1
5,10,11393,1,0,666,0.42,420,0.58,1
5,11,693,1,0,666,0.42,420,0.58,1
6,0,8985,1,0,300,0.5,1700,0.5,1
6,1,10305,0,0,500,0.6,1000,0.2,1400,0.2,1
6,2,4609,0,0,300,0.5,1700,0.5,1
6,3,11668,1,0,300,0.5,1700,0.5,1
6,4,11940,2,10,5,0,666,0.42,420,0.58,1
6,5,3119,1,0,666,0.42,420,0.58,1
6,6,9819,1,0,300,0.5,572,0.32,486,0.18,1
6,7,6689,2,10,5,0,300,0.5,1700,0.5,1
6,8,3047,2,10,5,0,666,0.42,420,0.58,1
6,9,3661,2,10,5,0,500,0.6,1000,0.2,1400,0.2,1
6,10,6259,1,0,666,0.42,420,0.58,1
6,11,4086,0,0,300,0.5,1700,0.5,1
7,0,1535,1,0,300,0.5,572,0.32,486,0.18,1
7,1,10210,1,0,300,0.5,1700,0.5,1
7,2,4570,0,0,300,0.5,572,0.32,486,0.18,1
7,3,1270,2,10,5,0,500,0.6,1000,0.2,1400,0.2,1
7,4,4014,0,0,500,0.6,1000,0.2,1400,0.2,1
7,5,14721,0,0,500,0.6,1000,0.2,1400,0.2,1
7,6,9257,1,0,500,0.6,1000,0.2,1400,0.2,1
7,7,7099,2,10,5,0,300,0.5,572,0.32,486,0.18,1
7,8,5443,2,10,5,0,500,0.6,1000,0.2,1400,0.2,1
7,9,1280,0,0,500,0.6,1000,0.2,1400,0.2,1
7,10,11415,0,0,300,0.5,572,0.32,486,0.18,1
7,11,4053,2,10,5,0,666,0.42,420,0.58,1
8,0,2809,0,0,300,0.5,1700,0.5,1
8,1,13788,1,0,500,0.6,1000,0.2,1400,0.2,1
8,2,4999,2,10,5,0,300,0.5,1700,0.5,1
8,3,4305,2,10,5,0,300,0.5,572,0.32,486,0.18,1
8,4,6498,1,0,300,0.5,572,0.32,486,0.18,1
8,5,5480,2,10,5,0,300,0.5,572,0.32,486,0.18,1
8,6,12312,0,0,500,0.6,1000,0.2,1400,0.2,1
8,7,6244,2,10,5,0,500,0.6,1000,0.2,1400,0.2,1
8,8,5355,0,0,666,0.42,420,0.58,1
8,9,2735,1,0,300,0.5,1700,0.5,1
8,10,3724,1,0,500,0.6,1000,0.2,1400,0.2,1
8,11,11153,0,0,300,0.5,1700,0.5,1
9,0,13847,0,0,500,0.6,1000,0.2,1400,0.2,1
9,1,3063,1,0,300,0.5,572,0.32,486,0.18,1
9,2,7386,1,0,500,0.6,1000,0.2,1400,0.2,1
9,3,2295,1,0,300,0.5,1700,0.5,1
9,4,1028,0,0,300,0.5,1700,0.5,1
9,5,14335,2,10,5,0,300,0.5,572,0.32,486,0.18,1
9,6,5706,2,10,5,0,500,0.6,1000,0.2,1400,0.2,1
9,7,5954,0,0,300,0.5,572,0.32,486,0.18,1
9,8,1548,0,0,300,0.5,572,0.32,486,0.18,1
9,9,4427,0,0,300,0.5,572,0.32,486,0.18,1
9,10,4597,2,10,5,0,666,0.42,420,0.58,1
9,11,2205,1,0,500,0.6,1000,0.2,1400,0.2,1
10,0,13542,2,10,5,0,300,0.5,1700,0.5,1
10,1,6743,2,10,5,0,300,0.5,572,0.32,486,0.18,1
10,2,8402,1,0,300,0.5,1700,0.5,1
10,3,4022,0,0,666,0.42,420,0.58,1
10,4,10855,2,10,5,0,300,0.5,1700,0.5,1
10,5,6574,1,0,300,0.5,572,0.32,486,0.18,1
10,6,3315,2,10,5,0,666,0.42,420,0.58,1
10,7,6657,2,10,5,0,666,0.42,420,0.58,1
10,8,6613,1,0,666,0.42,420,0.58,1
10,9,8478,1,0,300,0.5,572,0.32,486,0.18,1
10,10,7167,2,10,5,0,300,0.5,572,0.32,486,0.18,1
10,11,6089,2,10,5,0,300,0.5,1700,0.5,1
11,0,13409,1,0,300,0.5,1700,0.5,1
11,1,5208,1,0,666,0.42,420,0.58,1
11,2,9181,0,0,500,0.6,1000,0.2,1400,0.2,1
11,3,4830,2,10,5,0,500,0.6,1000,0.2,1400,0.2,1
11,4,13915,2,10,5,0,666,0.42,420,0.58,1
11,5,10362,1,0,666,0.42,420,0.58,1
11,6,9089,0,0,300,0.5,572,0.32,486,0.18,1
11,7,1117,0,0,500,0.6,1000,0.2,1400,0.2,1
11,8,13827,2,10,5,0,300,0.5,572,0.32,486,0.18,1
11,9,13795,0,0,500,0.6,1000,0.2,1400,0.2,1
11,10,3114,2,10,5,0,300,0.5,1700,0.5,1
11,11,10309,0,0,300,0.5,1700,0.5,1
