0,0,11903,0,0,666,0.42,420,0.58,1
0,1,9065,1,0,300,0.5,572,0.32,486,0.18,1
0,2,6436,1,0,666,0.42,420,0.58,1
0,3,5354,1,0,500,0.6,1000,0.2,1400,0.2,1
0,4,14237,0,0,500,0.6,1000,0.2,1400,0.2,1
0,5,5809,1,0,300,0.5,572,0.32,486,0.18,1
0,6,5044,0,0,300,0.5,1700,0.5,1
0,7,3001,0,0,300,0.5,572,0.32,486,0.18,1
0,8,9589,2,10,5,0,666,0.42,420,0.58,1
0,9,9006,0,0,500,0.6,1000,0.2,1400,0.2,1
0,10,3839,1,0,300,0.5,572,0.32,486,0.18,1
0,11,13932,2,10,5,0,300,0.5,572,0.32,486,0.18,1
1,0,2587,0,0,300,0.5,1700,0.5,1
1,1,14662,1,0,666,0.42,420,0.58,1
1,2,13812,1,0,666,0.42,420,0.58,0
1,3,12738,0,0,500,0.6,1000,0.2,1400,0.2,1
1,4,2520,2,10,5,0,300,0.5,572,0.32,486,0.18,1
1,5,14980,2,10,5,0,300,0.5,1700,0.5,1
1,6,10589,0,0,300,0.5,572,0.32,486,0.18,1
1,7,4303,2,10,5,0,666,0.42,420,0.58,1
1,8,7570,0,0,500,0.6,1000,0.2,1400,0.2,1
1,9,3032,2,10,5,0,300,0.5,572,0.32,486,0.18,1
1,10,5257,2,10,5,0,500,0.6,1000,0.2,1400,0.2,1
1,11,13288,1,0,300,0.5,1700,0.5,1
2,0,10433,2,10,5,0,666,0.42,420,0.58,1
2,1,8264,2,10,5,0,500,0.6,1000,0.2,1400,0.2,1
2,2,5371,0,0,666,0.42,420,0.58,1
2,3,5811,1,0,666,0.42,420,0.58,1
2,4,1148,0,0,300,0.5,1700,0.5,1
2,5,7564,0,0,300,0.5,1700,0.5,1
2,6,10032,0,0,300,0.5,1700,0.5,1
2,7,4459,2,10,5,0,500,0.6,1000,0.2,1400,0.2,1
2,8,2574,2,10,5,0,300,0.5,572,0.32,486,0.18,1
2,9,14490,2,10,5,0,300,0.5,1700,0.5,1
2,10,44,2,10,5,0,666,0.42,420,0.58,1
2,11,8960,2,10,5,0,300,0.5,572,0.32,486,0.18,1
3,0,6373,2,10,5,0,300,0.5,572,0.32,486,0.18,1
3,1,9660,1,0,666,0.42,420,0.58,1
3,2,2026,1,0,300,0.5,572,0.32,486,0.18,1
3,3,2697,1,0,666,0.42,420,0.58,1
3,4,12406,0,0,500,0.6,1000,0.2,1400,0.2,1
3,5,5015,1,0,300,0.5,572,0.32,486,0.18,1
3,6,7221,0,0,300,0.5,1700,0.5,1
3,7,664,0,0,300,0.5,572,0.32,486,0.18,1
3,8,12882,2,10,5,0,300,0.5,1700,0.5,1
3,9,3362,1,0,500,0.6,1000,0.2,1400,0.2,1
3,10,38,1,0,666,0.42,420,0.58,1
3,11,7071,2,10,5,0,300,0.5,1700,0.5,1
4,0,4145,0,0,300,0.5,572,0.32,486,0.18,1
4,1,2888,0,0,666,0.42,420,0.58,1
4,2,11573,2,10,5,0,666,0.42,420,0.58,1
4,3,13887,0,0,666,0.42,420,0.58,1
4,4,3762,2,10,5,0,666,0.42,420,0.58,1
4,5,8173,1,0,500,0.6,1000,0.2,1400,0.2,1
4,6,10947,0,0,666,0.42,420,0.58,1
4,7,12313,2,10,5,0,300,0.5,1700,0.5,1
4,8,848,2,10,5,0,300,0.5,572,0.32,486,0.18,1
4,9,454,1,0,300,0.5,1700,0.5,1
4,10,14107,1,0,500,0.6,1000,0.2,1400,0.2,1
4,11,5085,2,10,5,0,300,0.5,1700,0.5,1
5,0,4169,0,0,300,0.5,1700,0.5,1
5,1,5363,1,0,300,0.5,1700,0.5,1
5,2,8109,2,10,5,0,666,0.42,420,0.58,1
5,3,3854,0,0,500,0.6,1000,0.2,1400,0.2,1
5,4,13089,1,0,500,0.6,1000,0.2,1400,0.2,1
5,5,3305,2,10,5,0,300,0.5,1700,0.5,1
5,6,4585,2,10,5,0,500,0.6,1000,0.2,1400,0.2,1
5,7,6779,2,10,5,0,500,0.6,1000,0.2,1400,0.2,1
5,8,11919,0,0,500,0.6,1000,0.2,1400,0.2,1
5,9,8796,2,10,5,0,500,0.6,1000,0.2,1400,0.2,1
5,10,12576,0,0,500,0.6,1000,0.2,1400,0.2,1
5,11,7923,1,0,300,0.5,1700,0.5,1
6,0,10479,2,10,5,0,300,0.5,572,0.32,486,0.18,1
6,1,12250,1,0,500,0.6,1000,0.2,1400,0.2,1
6,2,8300,0,0,300,0.5,1700,0.5,1
6,3,3489,0,0,300,0.5,1700,0.5,1
6,4,14962,0,0,300,0.5,1700,0.5,1
6,5,13185,2,10,5,0,300,0.5,1700,0.5,1
6,6,8177,0,0,500,0.6,1000,0.2,1400,0.2,1
6,7,14545,0,0,300,0.5,572,0.32,486,0.18,1
6,8,3105,0,0,666,0.42,420,0.58,1
6,9,12254,0,0,500,0.6,1000,0.2,1400,0.2,1
6,10,5316,2,10,5,0,300,0.5,1700,0.5,1
6,11,4570,0,0,300,0.5,572,0.32,486,0.18,1
7,0,8949,2,10,5,0,666,0.42,420,0.58,1
7,1,12098,2,10,5,0,300,0.5,572,0.32,486,0.18,1
7,2,6756,2,10,5,0,500,0.6,1000,0.2,1400,0.2,1
7,3,12063,0,0,500,0.6,1000,0.2,1400,0.2,1
7,4,1841,0,0,666,0.42,420,0.58,1
7,5,5814,0,0,500,0.6,1000,0.2,1400,0.2,1
7,6,13177,2,10,5,0,300,0.5,572,0.32,486,0.18,1
7,7,3711,0,0,500,0.6,1000,0.2,1400,0.2,1
7,8,3925,1,0,300,0.5,572,0.32,486,0.18,1
7,9,9443,1,0,300,0.5,1700,0.5,1
7,10,1529,1,0,300,0.5,1700,0.5,1
7,11,7210,2,10,5,0,500,0.6,1000,0.2,1400,0.2,1
8,0,6145,2,10,5,0,666,0.42,420,0.58,1
8,1,14590,0,0,500,0.6,1000,0.2,1400,0.2,1
8,2,7771,0,0,300,0.5,572,0.32,486,0.18,1
8,3,3019,1,0,666,0.42,420,0.58,1
8,4,14130,0,0,300,0.5,1700,0.5,1
8,5,11524,1,0,666,0.42,420,0.58,1
8,6,7297,2,10,5,0,300,0.5,572,0.32,486,0.18,1
8,7,11493,0,0,300,0.5,1700,0.5,1
8,8,9392,0,0,500,0.6,1000,0.2,1400,0.2,1
8,9,7192,2,10,5,0,300,0.5,1700,0.5,1
8,10,3094,1,0,300,0.5,1700,0.5,1
8,11,13378,2,10,5,0,500,0.6,1000,0.2,1400,0.2,1
9,0,5218,0,0,300,0.5,1700,0.5,1
9,1,9578,1,0,300,0.5,572,0.32,486,0.18,1
9,2,2523,2,10,5,0,300,0.5,1700,0.5,1
9,3,5487,2,10,5,0,300,0.5,572,0.32,486,0.18,1
9,4,3752,0,0,300,0.5,572,0.32,486,0.18,1
9,5,6655,0,0,666,0.42,420,0.58,1
9,6,1575,0,0,500,0.6,1000,0.2,1400,0.2,1
9,7,3973,2,10,5,0,300,0.5,572,0.32,486,0.18,1
9,8,14307,0,0,666,0.42,420,0.58,1
9,9,9322,0,0,300,0.5,1700,0.5,1
9,10,7106,1,0,500,0.6,1000,0.2,1400,0.2,1
9,11,2977,1,0,500,0.6,1000,0.2,1400,0.2,1
10,0,4707,0,0,500,0.6,1000,0.2,1400,0.2,1
10,1,11066,2,10,5,0,300,0.5,1700,0.5,1
10,2,13970,2,10,5,0,300,0.5,572,0.32,486,0.18,1
10,3,5631,1,0,666,0.42,420,0.58,1
10,4,9478,1,0,666,0.42,420,0.58,1
10,5,424,2,10,5,0,300,0.5,1700,0.5,1
10,6,5321,1,0,666,0.42,420,0.58,1
10,7,4562,0,0,300,0.5,1700,0.5,1
10,8,7999,2,10,5,0,300,0.5,1700,0.5,1
10,9,8392,1,0,666,0.42,420,0.58,1
10,10,288,1,0,300,0.5,1700,0.5,1
10,11,3459,2,10,5,0,666,0.42,420,0.58,1
11,0,241,0,0,300,0.5,572,0.32,486,0.18,1
11,1,5868,1,0,300,0.5,572,0.32,486,0.18,1
11,2,1092,1,0,300,0.5,572,0.32,486,0.18,1
11,3,6463,1,0,300,0.5,572,0.32,486,0.18,1
11,4,9183,0,0,500,0.6,1000,0.2,1400,0.2,1
11,5,12007,1,0,300,0.5,1700,0.5,1
11,6,8590,2,10,5,0,666,0.42,420,0.58,1
11,7,11620,1,0,300,0.5,572,0.32,486,0.18,1
11,8,11797,2,10,5,0,666,0.42,420,0.58,1
11,9,4461,0,0,300,0.5,572,0.32,486,0.18,1
11,10,4735,0,0,300,0.5,572,0.32,486,0.18,1
11,11,8698,2,10,5,0,500,0.6,1000,0.2,1400,0.2,1
