0,0,1208,1,0,300,0.5,572,0.32,486,0.18,1
0,1,12899,2,10,5,0,500,0.6,1000,0.2,1400,0.2,1
0,2,12478,0,0,300,0.5,1700,0.5,1
0,3,14297,1,0,300,0.5,572,0.32,486,0.18,1
0,4,14792,0,0,666,0.42,420,0.58,1
0,5,13591,1,0,666,0.42,420,0.58,1
0,6,10532,2,10,5,0,500,0.6,1000,0.2,1400,0.2,1
0,7,1570,1,0,500,0.6,1000,0.2,1400,0.2,1
0,8,4052,0,0,500,0.6,1000,0.2,1400,0.2,1
0,9,10191,2,10,5,0,300,0.5,572,0.32,486,0.18,1
0,10,11597,1,0,666,0.42,420,0.58,1
0,11,12392,2,10,5,0,300,0.5,572,0.32,486,0.18,1
1,0,4540,2,10,5,0,300,0.5,1700,0.5,1
1,1,9505,1,0,666,0.42,420,0.58,1
1,2,1915,1,0,300,0.5,1700,0.5,0
1,3,7417,2,10,5,0,300,0.5,1700,0.5,1
1,4,14379,0,0,666,0.42,420,0.58,1
1,5,4294,0,0,500,0.6,1000,0.2,1400,0.2,1
1,6,14122,0,0,300,0.5,572,0.32,486,0.18,1
1,7,11562,2,10,5,0,666,0.42,420,0.58,1
1,8,5231,0,0,300,0.5,1700,0.5,1
1,9,7740,0,0,500,0.6,1000,0.2,1400,0.2,1
1,10,10690,2,10,5,0,300,0.5,572,0.32,486,0.18,1
1,11,13493,1,0,500,0.6,1000,0.2,1400,0.2,1
2,0,14860,0,0,300,0.5,572,0.32,486,0.18,1
2,1,7317,2,10,5,0,300,0.5,572,0.32,486,0.18,1
2,2,9307,1,0,300,0.5,572,0.32,486,0.18,1
2,3,4661,2,10,5,0,666,0.42,420,0.58,1
2,4,8408,0,0,300,0.5,572,0.32,486,0.18,1
2,5,4385,1,0,300,0.5,1700,0.5,1
2,6,10321,1,0,300,0.5,1700,0.5,1
2,7,2057,2,10,5,0,300,0.5,1700,0.5,1
2,8,12815,2,10,5,0,500,0.6,1000,0.2,1400,0.2,1
2,9,495,2,10,5,0,300,0.5,1700,0.5,1
2,10,3585,0,0,300,0.5,1700,0.5,1
2,11,11512,0,0,300,0.5,1700,0.5,1
3,0,4834,1,0,300,0.5,1700,0.5,1
3,1,7157,1,0,300,0.5,1700,0.5,1
3,2,8131,2,10,5,0,300,0.5,1700,0.5,1
3,3,10751,2,10,5,0,300,0.5,572,0.32,486,0.18,1
3,4,3285,0,0,666,0.42,420,0.58,1
3,5,9852,0,0,300,0.5,1700,0.5,1
3,6,8795,1,0,300,0.5,572,0.32,486,0.18,1
3,7,4980,1,0,300,0.5,572,0.32,486,0.18,1
3,8,14441,0,0,666,0.42,420,0.58,1
3,9,9075,0,0,300,0.5,1700,0.5,1
3,10,12304,1,0,500,0.6,1000,0.2,1400,0.2,1
3,11,7818,1,0,500,0.6,1000,0.2,1400,0.2,1
4,0,14991,1,0,300,0.5,1700,0.5,1
4,1,7515,1,0,300,0.5,572,0.32,486,0.18,1
4,2,3787,1,0,300,0.5,572,0.32,486,0.18,1
4,3,12155,2,10,5,0,300,0.5,572,0.32,486,0.18,1
4,4,13765,0,0,500,0.6,1000,0.2,1400,0.2,1
4,5,14811,2,10,5,0,300,0.5,572,0.32,486,0.18,1
4,6,2139,2,10,5,0,500,0.6,1000,0.2,1400,0.2,1
4,7,5033,1,0,666,0.42,420,0.58,1
4,8,11076,2,10,5,0,300,0.5,1700,0.5,1
4,9,4933,2,10,5,0,300,0.5,572,0.32,486,0.18,1
4,10,6940,2,10,5,0,500,0.6,1000,0.2,1400,0.2,1
4,11,4919,2,10,5,0,300,0.5,572,0.32,486,0.18,1
5,0,14992,1,0,666,0.42,420,0.58,1
5,1,4770,1,0,300,0.5,572,0.32,486,0.18,1
5,2,6783,2,10,5,0,666,0.42,420,0.58,1
5,3,6749,1,0,666,0.42,420,0.58,1
5,4,6680,1,0,300,0.5,1700,0.5,1
5,5,4776,1,0,300,0.5,572,0.32,486,0.18,1
5,6,12745,1,0,300,0.5,572,0.32,486,0.18,1
5,7,2411,0,0,300,0.5,1700,0.5,1
5,8,12516,1,0,300,0.5,1700,0.5,1
5,9,7244,1,0,666,0.42,420,0.58,1
5,10,5763,0,0,300,0.5,572,0.32,486,0.18,1
5,11,10777,2,10,5,0,500,0.6,1000,0.2,1400,0.2,1
6,0,7715,2,10,5,0,500,0.6,1000,0.2,1400,0.2,1
6,1,1262,2,10,5,0,300,0.5,572,0.32,486,0.18,1
6,2,4196,2,10,5,0,666,0.42,420,0.58,1
6,3,10732,1,0,666,0.42,420,0.58,1
6,4,4852,2,10,5,0,666,0.42,420,0.58,1
6,5,7060,1,0,300,0.5,1700,0.5,1
6,6,14454,1,0,300,0.5,1700,0.5,1
6,7,11767,2,10,5,0,666,0.42,420,0.58,1
6,8,12947,0,0,300,0.5,572,0.32,486,0.18,1
6,9,11314,0,0,500,0.6,1000,0.2,1400,0.2,1
6,10,5629,2,10,5,0,500,0.6,1000,0.2,1400,0.2,1
6,11,9071,1,0,666,0.42,420,0.58,1
7,0,13982,1,0,666,0.42,420,0.58,1
7,1,4529,0,0,666,0.42,420,0.58,1
7,2,14692,2,10,5,0,300,0.5,1700,0.5,1
7,3,14994,2,10,5,0,666,0.42,420,0.58,1
7,4,14765,2,10,5,0,300,0.5,572,0.32,486,0.18,1
7,5,7571,2,10,5,0,666,0.42,420,0.58,1
7,6,14119,1,0,300,0.5,572,0.32,486,0.18,1
7,7,853,1,0,300,0.5,572,0.32,486,0.18,1
7,8,14701,2,10,5,0,300,0.5,572,0.32,486,0.18,1
7,9,13595,1,0,300,0.5,1700,0.5,1
7,10,4516,0,0,500,0.6,1000,0.2,1400,0.2,1
7,11,6374,2,10,5,0,666,0.42,420,0.58,1
8,0,2955,2,10,5,0,500,0.6,1000,0.2,1400,0.2,1
8,1,9016,1,0,300,0.5,572,0.32,486,0.18,1
8,2,4533,1,0,500,0.6,1000,0.2,1400,0.2,1
8,3,4332,1,0,300,0.5,1700,0.5,1
8,4,5275,2,10,5,0,300,0.5,1700,0.5,1
8,5,13586,0,0,300,0.5,1700,0.5,1
8,6,547,0,0,300,0.5,1700,0.5,1
8,7,4812,2,10,5,0,666,0.42,420,0.58,1
8,8,1006,2,10,5,0,300,0.5,1700,0.5,1
8,9,3676,0,0,500,0.6,1000,0.2,1400,0.2,1
8,10,6954,1,0,300,0.5,1700,0.5,1
8,11,13464,2,10,5,0,666,0.42,420,0.58,1
9,0,14010,2,10,5,0,300,0.5,1700,0.5,1
9,1,2232,1,0,300,0.5,1700,0.5,1
9,2,8579,0,0,300,0.5,572,0.32,486,0.18,1
9,3,4803,2,10,5,0,666,0.42,420,0.58,1
9,4,6270,2,10,5,0,300,0.5,572,0.32,486,0.18,1
9,5,14719,0,0,300,0.5,1700,0.5,1
9,6,4701,0,0,666,0.42,420,0.58,1
9,7,5992,1,0,300,0.5,1700,0.5,1
9,8,6517,0,0,300,0.5,1700,0.5,1
9,9,7597,1,0,500,0.6,1000,0.2,1400,0.2,1
9,10,10414,2,10,5,0,300,0.5,1700,0.5,1
9,11,10212,1,0,300,0.5,572,0.32,486,0.18,1
10,0,2169,2,10,5,0,300,0.5,1700,0.5,1
10,1,1575,2,10,5,0,300,0.5,572,0.32,486,0.18,1
10,2,8350,0,0,500,0.6,1000,0.2,1400,0.2,1
10,3,4220,1,0,500,0.6,1000,0.2,1400,0.2,1
10,4,6325,2,10,5,0,500,0.6,1000,0.2,1400,0.2,1
10,5,11133,1,0,666,0.42,420,0.58,1
10,6,5779,2,10,5,0,300,0.5,572,0.32,486,0.18,1
10,7,7389,1,0,500,0.6,1000,0.2,1400,0.2,1
10,8,11315,0,0,300,0.5,572,0.32,486,0.18,1
10,9,11251,0,0,300,0.5,572,0.32,486,0.18,1
10,10,580,1,0,500,0.6,1000,0.2,1400,0.2,1
10,11,11532,1,0,500,0.6,1000,0.2,1400,0.2,1
11,0,14199,2,10,5,0,300,0.5,1700,0.5,1
11,1,10779,1,0,300,0.5,1700,0.5,1
11,2,1138,2,10,5,0,500,0.6,1000,0.2,1400,0.2,1
11,3,558,2,10,5,0,300,0.5,1700,0.5,1
11,4,11550,1,0,300,0.5,572,0.32,486,0.18,1
11,5,3489,1,0,666,0.42,420,0.58,1
11,6,2300,2,10,5,0,500,0.6,1000,0.2,1400,0.2,1
11,7,8080,1,0,500,0.6,1000,0.2,1400,0.2,1
11,8,7430,2,10,5,0,500,0.6,1000,0.2,1400,0.2,1
11,9,12874,2,10,5,0,666,0.42,420,0.58,1
11,10,8035,2,10,5,0,666,0.42,420,0.58,1
11,11,9535,0,0,666,0.42,420,0.58,1
