0,0,10835,1,0,500,0.6,1000,0.2,1400,0.2,1
0,1,4109,0,0,500,0.6,1000,0.2,1400,0.2,1
0,2,8487,2,10,5,0,500,0.6,1000,0.2,1400,0.2,1
0,3,11655,2,10,5,0,666,0.42,420,0.58,1
0,4,12719,0,0,300,0.5,572,0.32,486,0.18,1
0,5,7298,1,0,666,0.42,420,0.58,1
0,6,1627,2,10,5,0,300,0.5,1700,0.5,1
0,7,12970,0,0,500,0.6,1000,0.2,1400,0.2,1
0,8,11873,2,10,5,0,300,0.5,572,0.32,486,0.18,1
0,9,7443,0,0,500,0.6,1000,0.2,1400,0.2,1
0,10,14384,2,10,5,0,500,0.6,1000,0.2,1400,0.2,1
0,11,3948,0,0,300,0.5,1700,0.5,1
1,0,4255,0,0,666,0.42,420,0.58,1
1,1,11823,0,0,666,0.42,420,0.58,1
1,2,14937,2,10,5,0,666,0.42,420,0.58,0
1,3,10809,0,0,300,0.5,572,0.32,486,0.18,1
1,4,8173,0,0,500,0.6,1000,0.2,1400,0.2,1
1,5,13727,0,0,666,0.42,420,0.58,1
1,6,8612,2,10,5,0,300,0.5,572,0.32,486,0.18,1
1,7,10036,0,0,666,0.42,420,0.58,1
1,8,3845,1,0,666,0.42,420,0.58,1
1,9,10702,2,10,5,0,300,0.5,572,0.32,486,0.18,1
1,10,1674,0,0,500,0.6,1000,0.2,1400,0.2,1
1,11,2895,0,0,500,0.6,1000,0.2,1400,0.2,1
2,0,4388,0,0,666,0.42,420,0.58,1
2,1,9069,0,0,300,0.5,572,0.32,486,0.18,1
2,2,71,1,0,666,0.42,420,0.58,1
2,3,6416,2,10,5,0,300,0.5,1700,0.5,1
2,4,7710,1,0,500,0.6,1000,0.2,1400,0.2,1
2,5,13544,0,0,300,0.5,1700,0.5,1
2,6,13336,0,0,500,0.6,1000,0.2,1400,0.2,1
2,7,8768,1,0,300,0.5,572,0.32,486,0.18,1
2,8,9924,1,0,666,0.42,420,0.58,1
2,9,8252,2,10,5,0,300,0.5,1700,0.5,1
2,10,288,0,0,500,0.6,1000,0.2,1400,0.2,1
2,11,14686,0,0,500,0.6,1000,0.2,1400,0.2,1
3,0,1299,0,0,500,0.6,1000,0.2,1400,0.2,1
3,1,5587,1,0,666,0.42,420,0.58,1
3,2,8050,0,0,300,0.5,1700,0.5,1
3,3,3056,2,10,5,0,300,0.5,1700,0.5,1
3,4,227,1,0,666,0.42,420,0.58,1
3,5,2478,1,0,500,0.6,1000,0.2,1400,0.2,1
3,6,5955,0,0,300,0.5,1700,0.5,1
3,7,5369,0,0,300,0.5,1700,0.5,1
3,8,4636,2,10,5,0,300,0.5,572,0.32,486,0.18,1
3,9,8799,1,0,666,0.42,420,0.58,1
3,10,12458,2,10,5,0,666,0.42,420,0.58,1
3,11,11842,2,10,5,0,300,0.5,572,0.32,486,0.18,1
4,0,12271,0,0,500,0.6,1000,0.2,1400,0.2,1
4,1,3606,1,0,500,0.6,1000,0.2,1400,0.2,1
4,2,1693,0,0,300,0.5,1700,0.5,1
4,3,13871,1,0,300,0.5,572,0.32,486,0.18,1
4,4,2624,2,10,5,0,300,0.5,572,0.32,486,0.18,1
4,5,5299,2,10,5,0,500,0.6,1000,0.2,1400,0.2,1
4,6,9481,0,0,300,0.5,1700,0.5,1
4,7,7029,1,0,300,0.5,1700,0.5,1
4,8,4386,1,0,666,0.42,420,0.58,1
4,9,4221,2,10,5,0,666,0.42,420,0.58,1
4,10,13132,1,0,666,0.42,420,0.58,1
4,11,4641,1,0,500,0.6,1000,0.2,1400,0.2,1
5,0,4031,1,0,500,0.6,1000,0.2,1400,0.2,1
5,1,6040,0,0,300,0.5,1700,0.5,1
5,2,7025,0,0,500,0.6,1000,0.2,1400,0.2,1
5,3,11055,0,0,300,0.5,572,0.32,486,0.18,1
5,4,6924,2,10,5,0,300,0.5,1700,0.5,1
5,5,5157,0,0,300,0.5,1700,0.5,1
5,6,408,0,0,666,0.42,420,0.58,1
5,7,3275,2,10,5,0,300,0.5,1700,0.5,1
5,8,3692,2,10,5,0,300,0.5,1700,0.5,1
5,9,9219,0,0,666,0.42,420,0.58,1
5,10,13078,0,0,500,0.6,1000,0.2,1400,0.2,1
5,11,14256,2,10,5,0,666,0.42,420,0.58,1
6,0,1988,2,10,5,0,300,0.5,572,0.32,486,0.18,1
6,1,9048,1,0,666,0.42,420,0.58,1
6,2,13803,2,10,5,0,500,0.6,1000,0.2,1400,0.2,1
6,3,12335,1,0,666,0.42,420,0.58,1
6,4,4525,1,0,300,0.5,1700,0.5,1
6,5,10531,2,10,5,0,666,0.42,420,0.58,1
6,6,4808,2,10,5,0,300,0.5,572,0.32,486,0.18,1
6,7,12213,0,0,500,0.6,1000,0.2,1400,0.2,1
6,8,5009,0,0,300,0.5,1700,0.5,1
6,9,814,1,0,300,0.5,572,0.32,486,0.18,1
6,10,13648,0,0,666,0.42,420,0.58,1
6,11,1245,1,0,666,0.42,420,0.58,1
7,0,5241,2,10,5,0,500,0.6,1000,0.2,1400,0.2,1
7,1,14268,2,10,5,0,300,0.5,1700,0.5,1
7,2,13434,2,10,5,0,666,0.42,420,0.58,1
7,3,8699,0,0,666,0.42,420,0.58,1
7,4,5724,0,0,666,0.42,420,0.58,1
7,5,13851,1,0,500,0.6,1000,0.2,1400,0.2,1
7,6,8660,0,0,300,0.5,1700,0.5,1
7,7,1751,0,0,666,0.42,420,0.58,1
7,8,13716,1,0,300,0.5,572,0.32,486,0.18,1
7,9,3548,2,10,5,0,300,0.5,572,0.32,486,0.18,1
7,10,4277,2,10,5,0,500,0.6,1000,0.2,1400,0.2,1
7,11,14139,2,10,5,0,500,0.6,1000,0.2,1400,0.2,1
8,0,12717,1,0,300,0.5,572,0.32,486,0.18,1
8,1,1226,2,10,5,0,300,0.5,1700,0.5,1
8,2,5002,2,10,5,0,300,0.5,1700,0.5,1
8,3,1201,2,10,5,0,300,0.5,1700,0.5,1
8,4,14487,0,0,300,0.5,572,0.32,486,0.18,1
8,5,10007,0,0,300,0.5,572,0.32,486,0.18,1
8,6,11090,0,0,666,0.42,420,0.58,1
8,7,9973,1,0,500,0.6,1000,0.2,1400,0.2,1
8,8,9909,2,10,5,0,500,0.6,1000,0.2,1400,0.2,1
8,9,5656,2,10,5,0,500,0.6,1000,0.2,1400,0.2,1
8,10,1036,0,0,666,0.42,420,0.58,1
8,11,7094,0,0,300,0.5,1700,0.5,1
9,0,5710,0,0,300,0.5,1700,0.5,1
9,1,4113,2,10,5,0,300,0.5,1700,0.5,1
9,2,6639,0,0,300,0.5,1700,0.5,1
9,3,3403,2,10,5,0,300,0.5,1700,0.5,1
9,4,6949,0,0,666,0.42,420,0.58,1
9,5,8726,1,0,300,0.5,572,0.32,486,0.18,1
9,6,2010,2,10,5,0,300,0.5,1700,0.5,1
9,7,2325,0,0,300,0.5,1700,0.5,1
9,8,7393,2,10,5,0,300,0.5,572,0.32,486,0.18,1
9,9,11275,0,0,300,0.5,1700,0.5,1
9,10,2782,0,0,300,0.5,572,0.32,486,0.18,1
9,11,1515,1,0,666,0.42,420,0.58,1
10,0,3330,1,0,300,0.5,572,0.32,486,0.18,1
10,1,9113,2,10,5,0,300,0.5,572,0.32,486,0.18,1
10,2,4243,2,10,5,0,300,0.5,1700,0.5,1
10,3,8955,2,10,5,0,300,0.5,572,0.32,486,0.18,1
10,4,8086,0,0,666,0.42,420,0.58,1
10,5,10350,0,0,300,0.5,572,0.32,486,0.18,1
10,6,13876,0,0,300,0.5,1700,0.5,1
10,7,3050,2,10,5,0,300,0.5,572,0.32,486,0.18,1
10,8,13262,1,0,300,0.5,572,0.32,486,0.18,1
10,9,11982,1,0,666,0.42,420,0.58,1
10,10,2914,2,10,5,0,666,0.42,420,0.58,1
10,11,5632,1,0,666,0.42,420,0.58,1
11,0,8338,0,0,666,0.42,420,0.58,1
11,1,11254,1,0,666,0.42,420,0.58,1
11,2,7247,2,10,5,0,300,0.5,1700,0.5,1
11,3,9158,1,0,666,0.42,420,0.58,1
11,4,1807,0,0,666,0.42,420,0.58,1
11,5,10460,2,10,5,0,666,0.42,420,0.58,1
11,6,10976,0,0,666,0.42,420,0.58,1
11,7,10162,2,10,5,0,666,0.42,420,0.58,1
11,8,7005,2,10,5,0,300,0.5,1700,0.5,1
11,9,2885,0,0,300,0.5,1700,0.5,1
11,10,992,0,0,666,0.42,420,0.58,1
11,11,6324,0,0,500,0.6,1000,0.2,1400,0.2,1
