0,0,7770,1,0,666,0.42,420,0.58,1
0,1,8164,2,10,5,0,300,0.5,572,0.32,486,0.18,1
0,2,3649,1,0,300,0.5,572,0.32,486,0.18,1
0,3,9457,2,10,5,0,500,0.6,1000,0.2,1400,0.2,1
0,4,7469,2,10,5,0,500,0.6,1000,0.2,1400,0.2,1
0,5,4964,2,10,5,0,666,0.42,420,0.58,1
0,6,6273,1,0,300,0.5,572,0.32,486,0.18,1
0,7,8594,1,0,300,0.5,1700,0.5,1
0,8,14092,1,0,300,0.5,1700,0.5,1
0,9,12992,0,0,500,0.6,1000,0.2,1400,0.2,1
0,10,2933,0,0,300,0.5,1700,0.5,1
0,11,8206,1,0,666,0.42,420,0.58,1
1,0,10632,2,10,5,0,500,0.6,1000,0.2,1400,0.2,1
1,1,6347,0,0,300,0.5,572,0.32,486,0.18,1
1,2,5866,2,10,5,0,666,0.42,420,0.58,0
1,3,1331,2,10,5,0,666,0.42,420,0.58,1
1,4,7702,0,0,300,0.5,1700,0.5,1
1,5,3241,1,0,300,0.5,1700,0.5,1
1,6,12507,0,0,500,0.6,1000,0.2,1400,0.2,1
1,7,10580,2,10,5,0,500,0.6,1000,0.2,1400,0.2,1
1,8,9105,1,0,666,0.42,420,0.58,1
1,9,511,1,0,300,0.5,572,0.32,486,0.18,1
1,10,4866,2,10,5,0,500,0.6,1000,0.2,1400,0.2,1
1,11,6518,1,0,500,0.6,1000,0.2,1400,0.2,1
2,0,556,2,10,5,0,300,0.5,1700,0.5,1
2,1,2555,2,10,5,0,300,0.5,1700,0.5,1
2,2,8965,0,0,300,0.5,1700,0.5,1
2,3,9681,1,0,300,0.5,572,0.32,486,0.18,1
2,4,3881,2,10,5,0,300,0.5,1700,0.5,1
2,5,1694,1,0,500,0.6,1000,0.2,1400,0.2,1
2,6,12244,0,0,300,0.5,1700,0.5,1
2,7,14477,1,0,300,0.5,1700,0.5,1
2,8,10954,2,10,5,0,300,0.5,572,0.32,486,0.18,1
2,9,11265,0,0,666,0.42,420,0.58,1
2,10,5875,2,10,5,0,666,0.42,420,0.58,1
2,11,1455,1,0,300,0.5,1700,0.5,1
3,0,13665,2,10,5,0,300,0.5,1700,0.5,1
3,1,11980,1,0,500,0.6,1000,0.2,1400,0.2,1
3,2,156,1,0,300,0.5,1700,0.5,1
3,3,4778,0,0,666,0.42,420,0.58,1
3,4,2013,2,10,5,0,300,0.5,1700,0.5,1
3,5,11848,0,0,666,0.42,420,0.58,1
3,6,2924,2,10,5,0,300,0.5,572,0.32,486,0.18,1
3,7,3291,0,0,300,0.5,1700,0.5,1
3,8,11380,1,0,300,0.5,572,0.32,486,0.18,1
3,9,9871,0,0,500,0.6,1000,0.2,1400,0.2,1
3,10,12864,1,0,300,0.5,1700,0.5,1
3,11,12956,0,0,666,0.42,420,0.58,1
4,0,11393,0,0,500,0.6,1000,0.2,1400,0.2,1
4,1,1788,2,10,5,0,300,0.5,572,0.32,486,0.18,1
4,2,1752,1,0,666,0.42,420,0.58,1
4,3,6298,0,0,300,0.5,1700,0.5,1
4,4,11882,2,10,5,0,500,0.6,1000,0.2,1400,0.2,1
4,5,10106,1,0,300,0.5,1700,0.5,1
4,6,13879,2,10,5,0,666,0.42,420,0.58,1
4,7,13019,2,10,5,0,300,0.5,1700,0.5,1
4,8,5646,2,10,5,0,666,0.42,420,0.58,1
4,9,6467,1,0,300,0.5,1700,0.5,1
4,10,10697,0,0,500,0.6,1000,0.2,1400,0.2,1
4,11,6459,0,0,500,0.6,1000,0.2,1400,0.2,1
5,0,14334,0,0,500,0.6,1000,0.2,1400,0.2,1
5,1,8415,0,0,300,0.5,572,0.32,486,0.18,1
5,2,12614,0,0,666,0.42,420,0.58,1
5,3,6063,1,0,500,0.6,1000,0.2,1400,0.2,1
5,4,11071,2,10,5,0,500,0.6,1000,0.2,1400,0.2,1
5,5,2301,2,10,5,0,666,0.42,420,0.58,1
5,6,11557,1,0,500,0.6,1000,0.2,1400,0.2,1
5,7,13875,0,0,500,0.6,1000,0.2,1400,0.2,1
5,8,2761,0,0,300,0.5,572,0.32,486,0.18,1
5,9,14803,1,0,666,0.42,420,0.58,1
5,10,7283,2,10,5,0,300,0.5,1700,0.5,1
5,11,807,0,0,666,0.42,420,0.58,1
6,0,5567,1,0,666,0.42,420,0.58,1
6,1,11297,1,0,300,0.5,572,0.32,486,0.18,1
6,2,7491,0,0,666,0.42,420,0.58,1
6,3,6782,0,0,300,0.5,572,0.32,486,0.18,1
6,4,10045,1,0,500,0.6,1000,0.2,1400,0.2,1
6,5,12027,0,0,300,0.5,1700,0.5,1
6,6,92,0,0,500,0.6,1000,0.2,1400,0.2,1
6,7,8022,2,10,5,0,300,0.5,572,0.32,486,0.18,1
6,8,798,0,0,500,0.6,1000,0.2,1400,0.2,1
6,9,11324,1,0,300,0.5,1700,0.5,1
6,10,1114,1,0,500,0.6,1000,0.2,1400,0.2,1
6,11,1549,1,0,300,0.5,572,0.32,486,0.18,1
7,0,14039,2,10,5,0,300,0.5,1700,0.5,1
7,1,7833,0,0,666,0.42,420,0.58,1
7,2,7982,2,10,5,0,300,0.5,1700,0.5,1
7,3,13069,0,0,300,0.5,572,0.32,486,0.18,1
7,4,9681,1,0,500,0.6,1000,0.2,1400,0.2,1
7,5,8823,1,0,500,0.6,1000,0.2,1400,0.2,1
7,6,699,0,0,300,0.5,572,0.32,486,0.18,1
7,7,833,2,10,5,0,666,0.42,420,0.58,1
7,8,12587,2,10,5,0,500,0.6,1000,0.2,1400,0.2,1
7,9,5762,1,0,500,0.6,1000,0.2,1400,0.2,1
7,10,623,1,0,300,0.5,1700,0.5,1
7,11,4456,1,0,500,0.6,1000,0.2,1400,0.2,1
8,0,6787,1,0,300,0.5,1700,0.5,1
8,1,11061,0,0,500,0.6,1000,0.2,1400,0.2,1
8,2,9379,1,0,666,0.42,420,0.58,1
8,3,13200,0,0,500,0.6,1000,0.2,1400,0.2,1
8,4,13251,0,0,300,0.5,572,0.32,486,0.18,1
8,5,11403,1,0,666,0.42,420,0.58,1
8,6,4352,0,0,300,0.5,1700,0.5,1
8,7,11056,2,10,5,0,300,0.5,1700,0.5,1
8,8,8140,0,0,300,0.5,572,0.32,486,0.18,1
8,9,14099,0,0,300,0.5,1700,0.5,1
8,10,1861,1,0,300,0.5,572,0.32,486,0.18,1
8,11,7377,1,0,666,0.42,420,0.58,1
9,0,5504,2,10,5,0,666,0.42,420,0.58,1
9,1,13439,1,0,666,0.42,420,0.58,1
9,2,5815,1,0,300,0.5,1700,0.5,1
9,3,5598,0,0,300,0.5,1700,0.5,1
9,4,4603,0,0,300,0.5,572,0.32,486,0.18,1
9,5,14451,2,10,5,0,300,0.5,1700,0.5,1
9,6,2401,1,0,500,0.6,1000,0.2,1400,0.2,1
9,7,13353,2,10,5,0,300,0.5,1700,0.5,1
9,8,4756,0,0,666,0.42,420,0.58,1
9,9,13414,0,0,500,0.6,1000,0.2,1400,0.2,1
9,10,330,2,10,5,0,300,0.5,1700,0.5,1
9,11,11718,0,0,500,0.6,1000,0.2,1400,0.2,1
10,0,6051,1,0,666,0.42,420,0.58,1
10,1,204,1,0,666,0.42,420,0.58,1
10,2,180,1,0,300,0.5,1700,0.5,1
10,3,14640,1,0,500,0.6,1000,0.2,1400,0.2,1
10,4,2665,2,10,5,0,300,0.5,1700,0.5,1
10,5,10874,0,0,666,0.42,420,0.58,1
10,6,4939,2,10,5,0,300,0.5,572,0.32,486,0.18,1
10,7,8408,2,10,5,0,666,0.42,420,0.58,1
10,8,13186,2,10,5,0,300,0.5,1700,0.5,1
10,9,215,0,0,300,0.5,1700,0.5,1
10,10,3715,2,10,5,0,500,0.6,1000,0.2,1400,0.2,1
10,11,8844,2,10,5,0,300,0.5,572,0.32,486,0.18,1
11,0,467,2,10,5,0,300,0.5,572,0.32,486,0.18,1
11,1,7072,0,0,500,0.6,1000,0.2,1400,0.2,1
11,2,3461,1,0,500,0.6,1000,0.2,1400,0.2,1
11,3,10597,0,0,666,0.42,420,0.58,1
11,4,7697,0,0,500,0.6,1000,0.2,1400,0.2,1
11,5,5538,2,10,5,0,300,0.5,1700,0.5,1
11,6,652,1,0,666,0.42,420,0.58,1
11,7,13163,2,10,5,0,300,0.5,572,0.32,486,0.18,1
11,8,9631,1,0,500,0.6,1000,0.2,1400,0.2,1
11,9,3535,0,0,500,0.6,1000,0.2,1400,0.2,1
11,10,6046,2,10,5,0,666,0.42,420,0.58,1
11,11,4917,1,0,300,0.5,572,0.32,486,0.18,1
