0,0,2313,2,10,5,0,500,0.6,1000,0.2,1400,0.2,1
0,1,12037,2,10,5,0,300,0.5,1700,0.5,1
0,2,14180,1,0,300,0.5,572,0.32,486,0.18,1
0,3,12562,1,0,300,0.5,1700,0.5,1
0,4,967,2,10,5,0,666,0.42,420,0.58,1
0,5,11872,0,0,500,0.6,1000,0.2,1400,0.2,1
0,6,14119,0,0,500,0.6,1000,0.2,1400,0.2,1
0,7,11758,0,0,300,0.5,572,0.32,486,0.18,1
0,8,14813,1,0,300,0.5,1700,0.5,1
0,9,1479,1,0,300,0.5,572,0.32,486,0.18,1
0,10,1649,2,10,5,0,500,0.6,1000,0.2,1400,0.2,1
0,11,9383,0,0,666,0.42,420,0.58,1
1,0,6969,0,0,500,0.6,1000,0.2,1400,0.2,1
1,1,3461,1,0,666,0.42,420,0.58,1
1,2,95,2,10,5,0,300,0.5,1700,0.5,0
1,3,9167,1,0,300,0.5,1700,0.5,1
1,4,12534,0,0,666,0.42,420,0.58,1
1,5,9588,2,10,5,0,500,0.6,1000,0.2,1400,0.2,1
1,6,2412,1,0,300,0.5,572,0.32,486,0.18,1
1,7,5051,2,10,5,0,300,0.5,1700,0.5,1
1,8,12758,1,0,300,0.5,1700,0.5,1
1,9,10415,1,0,300,0.5,1700,0.5,1
1,10,1966,0,0,500,0.6,1000,0.2,1400,0.2,1
1,11,13450,0,0,300,0.5,572,0.32,486,0.18,1
2,0,2615,1,0,500,0.6,1000,0.2,1400,0.2,1
2,1,6534,1,0,666,0.42,420,0.58,1
2,2,3893,0,0,300,0.5,572,0.32,486,0.18,1
2,3,9734,1,0,666,0.42,420,0.58,1
2,4,9342,1,0,666,0.42,420,0.58,1
2,5,11905,2,10,5,0,500,0.6,1000,0.2,1400,0.2,1
2,6,14712,2,10,5,0,300,0.5,572,0.32,486,0.18,1
2,7,14885,1,0,500,0.6,1000,0.2,1400,0.2,1
2,8,6944,1,0,500,0.6,1000,0.2,1400,0.2,1
2,9,7818,2,10,5,0,300,0.5,572,0.32,486,0.18,1
2,10,6065,1,0,300,0.5,1700,0.5,1
2,11,6605,2,10,5,0,300,0.5,1700,0.5,1
3,0,1729,0,0,666,0.42,420,0.58,1
3,1,4052,1,0,666,0.42,420,0.58,1
3,2,12598,1,0,666,0.42,420,0.58,1
3,3,12472,1,0,666,0.42,420,0.58,1
3,4,9447,2,10,5,0,666,0.42,420,0.58,1
3,5,6957,1,0,300,0.5,572,0.32,486,0.18,1
3,6,13990,0,0,300,0.5,1700,0.5,1
3,7,8544,0,0,300,0.5,1700,0.5,1
3,8,2135,0,0,300,0.5,1700,0.5,1
3,9,11814,2,10,5,0,500,0.6,1000,0.2,1400,0.2,1
3,10,727,2,10,5,0,666,0.42,420,0.58,1
3,11,4131,1,0,666,0.42,420,0.58,1
4,0,6454,1,0,300,0.5,572,0.32,486,0.18,1
4,1,13237,2,10,5,0,666,0.42,420,0.58,1
4,2,3395,1,0,300,0.5,572,0.32,486,0.18,1
4,3,1312,1,0,300,0.5,1700,0.5,1
4,4,353,1,0,666,0.42,420,0.58,1
4,5,11140,0,0,500,0.6,1000,0.2,1400,0.2,1
4,6,12817,2,10,5,0,300,0.5,1700,0.5,1
4,7,6063,0,0,666,0.42,420,0.58,1
4,8,6232,2,10,5,0,300,0.5,572,0.32,486,0.18,1
4,9,4406,2,10,5,0,300,0.5,1700,0.5,1
4,10,10875,2,10,5,0,500,0.6,1000,0.2,1400,0.2,1
4,11,13014,2,10,5,0,300,0.5,572,0.32,486,0.18,1
5,0,7954,1,0,300,0.5,572,0.32,486,0.18,1
5,1,6530,2,10,5,0,300,0.5,1700,0.5,1
5,2,7684,1,0,500,0.6,1000,0.2,1400,0.2,1
5,3,11921,0,0,300,0.5,1700,0.5,1
5,4,10956,2,10,5,0,300,0.5,572,0.32,486,0.18,1
5,5,1151,2,10,5,0,300,0.5,572,0.32,486,0.18,1
5,6,12017,0,0,666,0.42,420,0.58,1
5,7,7021,1,0,500,0.6,1000,0.2,1400,0.2,1
5,8,14873,0,0,500,0.6,1000,0.2,1400,0.2,1
5,9,7152,1,0,300,0.5,1700,0.5,1
5,10,1494,0,0,300,0.5,1700,0.5,1
5,11,10964,2,10,5,0,300,0.5,572,0.32,486,0.18,1
6,0,7570,2,10,5,0,500,0.6,1000,0.2,1400,0.2,1
6,1,5544,2,10,5,0,666,0.42,420,0.58,1
6,2,12525,0,0,300,0.5,1700,0.5,1
6,3,7535,2,10,5,0,666,0.42,420,0.58,1
6,4,10815,0,0,300,0.5,1700,0.5,1
6,5,9769,1,0,500,0.6,1000,0.2,1400,0.2,1
6,6,3593,0,0,300,0.5,572,0.32,486,0.18,1
6,7,7530,2,10,5,0,300,0.5,1700,0.5,1
6,8,4201,0,0,500,0.6,1000,0.2,1400,0.2,1
6,9,10188,2,10,5,0,666,0.42,420,0.58,1
6,10,11953,1,0,500,0.6,1000,0.2,1400,0.2,1
6,11,11309,0,0,500,0.6,1000,0.2,1400,0.2,1
7,0,11339,1,0,300,0.5,572,0.32,486,0.18,1
7,1,10060,0,0,300,0.5,572,0.32,486,0.18,1
7,2,5711,2,10,5,0,300,0.5,1700,0.5,1
7,3,1913,2,10,5,0,300,0.5,1700,0.5,1
7,4,13067,1,0,300,0.5,572,0.32,486,0.18,1
7,5,8054,1,0,300,0.5,1700,0.5,1
7,6,11086,2,10,5,0,666,0.42,420,0.58,1
7,7,3698,1,0,300,0.5,572,0.32,486,0.18,1
7,8,8745,0,0,500,0.6,1000,0.2,1400,0.2,1
7,9,7566,0,0,300,0.5,572,0.32,486,0.18,1
7,10,2221,0,0,300,0.5,572,0.32,486,0.18,1
7,11,13774,2,10,5,0,500,0.6,1000,0.2,1400,0.2,1
8,0,1651,1,0,500,0.6,1000,0.2,1400,0.2,1
8,1,10059,2,10,5,0,300,0.5,1700,0.5,1
8,2,5783,1,0,300,0.5,572,0.32,486,0.18,1
8,3,11707,2,10,5,0,666,0.42,420,0.58,1
8,4,6017,1,0,500,0.6,1000,0.2,1400,0.2,1
8,5,3804,0,0,500,0.6,1000,0.2,1400,0.2,1
8,6,3874,1,0,300,0.5,1700,0.5,1
8,7,12984,2,10,5,0,300,0.5,572,0.32,486,0.18,1
8,8,2867,0,0,500,0.6,1000,0.2,1400,0.2,1
8,9,13927,2,10,5,0,500,0.6,1000,0.2,1400,0.2,1
8,10,9307,1,0,300,0.5,1700,0.5,1
8,11,10869,2,10,5,0,300,0.5,572,0.32,486,0.18,1
9,0,10992,1,0,500,0.6,1000,0.2,1400,0.2,1
9,1,12733,1,0,300,0.5,1700,0.5,1
9,2,9438,0,0,666,0.42,420,0.58,1
9,3,944,2,10,5,0,300,0.5,1700,0.5,1
9,4,13871,1,0,500,0.6,1000,0.2,1400,0.2,1
9,5,7120,1,0,500,0.6,1000,0.2,1400,0.2,1
9,6,5432,1,0,300,0.5,572,0.32,486,0.18,1
9,7,9642,2,10,5,0,300,0.5,572,0.32,486,0.18,1
9,8,10325,2,10,5,0,300,0.5,1700,0.5,1
9,9,12074,0,0,500,0.6,1000,0.2,1400,0.2,1
9,10,7956,1,0,300,0.5,1700,0.5,1
9,11,7344,1,0,300,0.5,572,0.32,486,0.18,1
10,0,1058,0,0,300,0.5,1700,0.5,1
10,1,12005,1,0,500,0.6,1000,0.2,1400,0.2,1
10,2,2143,1,0,300,0.5,1700,0.5,1
10,3,14807,1,0,300,0.5,572,0.32,486,0.18,1
10,4,6256,2,10,5,0,300,0.5,572,0.32,486,0.18,1
10,5,5242,2,10,5,0,500,0.6,1000,0.2,1400,0.2,1
10,6,11718,0,0,300,0.5,572,0.32,486,0.18,1
10,7,2473,1,0,666,0.42,420,0.58,1
10,8,14850,0,0,300,0.5,1700,0.5,1
10,9,4004,2,10,5,0,300,0.5,1700,0.5,1
10,10,10059,2,10,5,0,500,0.6,1000,0.2,1400,0.2,1
10,11,3848,1,0,666,0.42,420,0.58,1
11,0,14725,2,10,5,0,300,0.5,1700,0.5,1
11,1,10889,2,10,5,0,300,0.5,1700,0.5,1
11,2,7495,1,0,300,0.5,572,0.32,486,0.18,1
11,3,3755,2,10,5,0,300,0.5,572,0.32,486,0.18,1
11,4,926,2,10,5,0,300,0.5,1700,0.5,1
11,5,12763,1,0,300,0.5,1700,0.5,1
11,6,3615,0,0,500,0.6,1000,0.2,1400,0.2,1
11,7,12497,1,0,666,0.42,420,0.58,1
11,8,5264,2,10,5,0,300,0.5,572,0.32,486,0.18,1
11,9,2341,0,0,300,0.5,1700,0.5,1
11,10,10624,2,10,5,0,300,0.5,1700,0.5,1
11,11,9970,0,0,666,0.42,420,0.58,1
