0,0,5620,0,0,500,0.6,1000,0.2,1400,0.2,1
0,1,10475,1,0,300,0.5,1700,0.5,1
0,2,9498,2,10,5,0,300,0.5,1700,0.5,1
0,3,6395,1,0,666,0.42,420,0.58,1
0,4,7117,2,10,5,0,300,0.5,572,0.32,486,0.18,1
0,5,10978,2,10,5,0,500,0.6,1000,0.2,1400,0.2,1
0,6,11510,0,0,300,0.5,1700,0.5,1
0,7,7782,2,10,5,0,666,0.42,420,0.58,1
0,8,11676,0,0,500,0.6,1000,0.2,1400,0.2,1
0,9,2023,2,10,5,0,300,0.5,1700,0.5,1
0,10,9535,2,10,5,0,666,0.42,420,0.58,1
0,11,9147,1,0,500,0.6,1000,0.2,1400,0.2,1
1,0,5112,1,0,300,0.5,1700,0.5,1
1,1,2985,1,0,666,0.42,420,0.58,1
1,2,1900,1,0,300,0.5,572,0.32,486,0.18,0
1,3,688,0,0,300,0.5,572,0.32,486,0.18,1
1,4,9435,2,10,5,0,300,0.5,572,0.32,486,0.18,1
1,5,9470,1,0,300,0.5,1700,0.5,1
1,6,5092,0,0,300,0.5,572,0.32,486,0.18,1
1,7,14261,2,10,5,0,300,0.5,1700,0.5,1
1,8,6900,1,0,500,0.6,1000,0.2,1400,0.2,1
1,9,152,1,0,500,0.6,1000,0.2,1400,0.2,1
1,10,9742,2,10,5,0,500,0.6,1000,0.2,1400,0.2,1
1,11,904,0,0,666,0.42,420,0.58,1
2,0,9842,1,0,500,0.6,1000,0.2,1400,0.2,1
2,1,6900,0,0,300,0.5,1700,0.5,1
2,2,3804,1,0,300,0.5,1700,0.5,1
2,3,2896,1,0,500,0.6,1000,0.2,1400,0.2,1
2,4,11666,2,10,5,0,500,0.6,1000,0.2,1400,0.2,1
2,5,4699,1,0,500,0.6,1000,0.2,1400,0.2,1
2,6,6050,1,0,666,0.42,420,0.58,1
2,7,9240,0,0,300,0.5,572,0.32,486,0.18,1
2,8,14994,2,10,5,0,666,0.42,420,0.58,1
2,9,7315,1,0,500,0.6,1000,0.2,1400,0.2,1
2,10,4556,1,0,300,0.5,1700,0.5,1
2,11,11269,2,10,5,0,666,0.42,420,0.58,1
3,0,7867,1,0,666,0.42,420,0.58,1
3,1,8998,1,0,300,0.5,572,0.32,486,0.18,1
3,2,1529,1,0,300,0.5,1700,0.5,1
3,3,1294,2,10,5,0,666,0.42,420,0.58,1
3,4,10236,2,10,5,0,500,0.6,1000,0.2,1400,0.2,1
3,5,7330,0,0,666,0.42,420,0.58,1
3,6,13995,0,0,500,0.6,1000,0.2,1400,0.2,1
3,7,8740,2,10,5,0,666,0.42,420,0.58,1
3,8,11966,1,0,500,0.6,1000,0.2,1400,0.2,1
3,9,3935,1,0,666,0.42,420,0.58,1
3,10,8662,1,0,500,0.6,1000,0.2,1400,0.2,1
3,11,2930,0,0,500,0.6,1000,0.2,1400,0.2,1
4,0,6842,1,0,300,0.5,1700,0.5,1
4,1,11484,0,0,666,0.42,420,0.58,1
4,2,13126,1,0,300,0.5,572,0.32,486,0.18,1
4,3,11832,2,10,5,0,300,0.5,1700,0.5,1
4,4,8009,1,0,500,0.6,1000,0.2,1400,0.2,1
4,5,1765,1,0,300,0.5,1700,0.5,1
4,6,4299,2,10,5,0,300,0.5,1700,0.5,1
4,7,632,0,0,300,0.5,1700,0.5,1
4,8,9810,1,0,666,0.42,420,0.58,1
4,9,13455,1,0,666,0.42,420,0.58,1
4,10,6905,1,0,500,0.6,1000,0.2,1400,0.2,1
4,11,4751,1,0,666,0.42,420,0.58,1
5,0,13511,2,10,5,0,300,0.5,1700,0.5,1
5,1,9893,1,0,300,0.5,572,0.32,486,0.18,1
5,2,13270,0,0,500,0.6,1000,0.2,1400,0.2,1
5,3,8332,2,10,5,0,300,0.5,1700,0.5,1
5,4,3773,1,0,300,0.5,572,0.32,486,0.18,1
5,5,14445,0,0,300,0.5,1700,0.5,1
5,6,7477,2,10,5,0,300,0.5,572,0.32,486,0.18,1
5,7,6466,2,10,5,0,666,0.42,420,0.58,1
5,8,5131,1,0,300,0.5,1700,0.5,1
5,9,1386,0,0,300,0.5,1700,0.5,1
5,10,4549,0,0,300,0.5,1700,0.5,1
5,11,5645,0,0,666,0.42,420,0.58,1
6,0,8322,2,10,5,0,300,0.5,572,0.32,486,0.18,1
6,1,52,2,10,5,0,500,0.6,1000,0.2,1400,0.2,1
6,2,8015,1,0,300,0.5,572,0.32,486,0.18,1
6,3,1298,1,0,300,0.5,1700,0.5,1
6,4,12892,1,0,300,0.5,1700,0.5,1
6,5,12636,1,0,666,0.42,420,0.58,1
6,6,11361,1,0,300,0.5,1700,0.5,1
6,7,8402,1,0,500,0.6,1000,0.2,1400,0.2,1
6,8,815,1,0,500,0.6,1000,0.2,1400,0.2,1
6,9,9474,2,10,5,0,500,0.6,1000,0.2,1400,0.2,1
6,10,14141,2,10,5,0,666,0.42,420,0.58,1
6,11,12502,1,0,666,0.42,420,0.58,1
7,0,705,0,0,666,0.42,420,0.58,1
7,1,12202,0,0,300,0.5,1700,0.5,1
7,2,13934,2,10,5,0,500,0.6,1000,0.2,1400,0.2,1
7,3,2030,1,0,300,0.5,572,0.32,486,0.18,1
7,4,5430,0,0,666,0.42,420,0.58,1
7,5,2312,1,0,500,0.6,1000,0.2,1400,0.2,1
7,6,13984,0,0,300,0.5,572,0.32,486,0.18,1
7,7,6791,1,0,666,0.42,420,0.58,1
7,8,3828,2,10,5,0,300,0.5,572,0.32,486,0.18,1
7,9,11172,2,10,5,0,300,0.5,1700,0.5,1
7,10,13457,2,10,5,0,300,0.5,572,0.32,486,0.18,1
7,11,8730,0,0,500,0.6,1000,0.2,1400,0.2,1
8,0,9222,1,0,300,0.5,1700,0.5,1
8,1,12403,1,0,300,0.5,572,0.32,486,0.18,1
8,2,11564,1,0,300,0.5,572,0.32,486,0.18,1
8,3,12618,0,0,300,0.5,572,0.32,486,0.18,1
8,4,14033,2,10,5,0,300,0.5,572,0.32,486,0.18,1
8,5,4859,0,0,666,0.42,420,0.58,1
8,6,13284,0,0,666,0.42,420,0.58,1
8,7,1039,2,10,5,0,666,0.42,420,0.58,1
8,8,5610,2,10,5,0,300,0.5,572,0.32,486,0.18,1
8,9,14726,1,0,300,0.5,572,0.32,486,0.18,1
8,10,10787,1,0,500,0.6,1000,0.2,1400,0.2,1
8,11,7133,2,10,5,0,300,0.5,1700,0.5,1
9,0,7300,1,0,666,0.42,420,0.58,1
9,1,4431,1,0,300,0.5,572,0.32,486,0.18,1
9,2,7682,0,0,300,0.5,1700,0.5,1
9,3,10259,1,0,300,0.5,572,0.32,486,0.18,1
9,4,2836,1,0,666,0.42,420,0.58,1
9,5,5901,1,0,666,0.42,420,0.58,1
9,6,4080,1,0,300,0.5,572,0.32,486,0.18,1
9,7,2122,0,0,500,0.6,1000,0.2,1400,0.2,1
9,8,5265,2,10,5,0,300,0.5,1700,0.5,1
9,9,3323,0,0,666,0.42,420,0.58,1
9,10,4276,2,10,5,0,300,0.5,1700,0.5,1
9,11,6724,1,0,500,0.6,1000,0.2,1400,0.2,1
10,0,1916,0,0,300,0.5,572,0.32,486,0.18,1
10,1,11876,0,0,300,0.5,1700,0.5,1
10,2,1521,1,0,500,0.6,1000,0.2,1400,0.2,1
10,3,4420,2,10,5,0,300,0.5,572,0.32,486,0.18,1
10,4,420,1,0,500,0.6,1000,0.2,1400,0.2,1
10,5,9398,2,10,5,0,500,0.6,1000,0.2,1400,0.2,1
10,6,4622,2,10,5,0,300,0.5,1700,0.5,1
10,7,8461,1,0,300,0.5,1700,0.5,1
10,8,13388,0,0,300,0.5,1700,0.5,1
10,9,12861,2,10,5,0,300,0.5,572,0.32,486,0.18,1
10,10,4451,1,0,300,0.5,572,0.32,486,0.18,1
10,11,14610,0,0,300,0.5,572,0.32,486,0.18,1
11,0,10122,2,10,5,0,666,0.42,420,0.58,1
11,1,6850,0,0,300,0.5,572,0.32,486,0.18,1
11,2,10791,1,0,666,0.42,420,0.58,1
11,3,1029,1,0,500,0.6,1000,0.2,1400,0.2,1
11,4,1039,1,0,300,0.5,1700,0.5,1
11,5,9033,0,0,300,0.5,1700,0.5,1
11,6,518,2,10,5,0,300,0.5,1700,0.5,1
11,7,2661,0,0,500,0.6,1000,0.2,1400,0.2,1
11,8,9221,2,10,5,0,300,0.5,1700,0.5,1
11,9,12733,1,0,666,0.42,420,0.58,1
11,10,12387,0,0,300,0.5,572,0.32,486,0.18,1
11,11,13595,1,0,300,0.5,1700,0.5,1
