0,0,4140,2,10,5,0,300,0.5,1700,0.5,1
0,1,5029,0,0,300,0.5,1700,0.5,1
0,2,5687,1,0,300,0.5,572,0.32,486,0.18,1
0,3,11623,0,0,300,0.5,572,0.32,486,0.18,1
0,4,11081,1,0,666,0.42,420,0.58,1
0,5,9251,2,10,5,0,500,0.6,1000,0.2,1400,0.2,1
0,6,3200,2,10,5,0,300,0.5,572,0.32,486,0.18,1
0,7,12287,1,0,300,0.5,572,0.32,486,0.18,1
0,8,6523,0,0,300,0.5,1700,0.5,1
0,9,722,1,0,300,0.5,1700,0.5,1
0,10,279,2,10,5,0,300,0.5,572,0.32,486,0.18,1
0,11,678,0,0,300,0.5,572,0.32,486,0.18,1
1,0,900,2,10,5,0,300,0.5,572,0.32,486,0.18,1
1,1,13199,1,0,500,0.6,1000,0.2,1400,0.2,1
1,2,7676,0,0,666,0.42,420,0.58,0
1,3,10203,0,0,666,0.42,420,0.58,1
1,4,3405,0,0,300,0.5,572,0.32,486,0.18,1
1,5,5221,0,0,500,0.6,1000,0.2,1400,0.2,1
1,6,1217,2,10,5,0,300,0.5,572,0.32,486,0.18,1
1,7,1278,1,0,666,0.42,420,0.58,1
1,8,6623,2,10,5,0,300,0.5,1700,0.5,1
1,9,1871,1,0,300,0.5,572,0.32,486,0.18,1
1,10,6522,2,10,5,0,666,0.42,420,0.58,1
1,11,12122,2,10,5,0,666,0.42,420,0.58,1
2,0,705,0,0,300,0.5,1700,0.5,1
2,1,384,1,0,300,0.5,572,0.32,486,0.18,1
2,2,11600,2,10,5,0,300,0.5,1700,0.5,1
2,3,719,2,10,5,0,300,0.5,572,0.32,486,0.18,1
2,4,7352,0,0,500,0.6,1000,0.2,1400,0.2,1
2,5,12671,1,0,666,0.42,420,0.58,1
2,6,50,1,0,666,0.42,420,0.58,1
2,7,8017,0,0,300,0.5,1700,0.5,1
2,8,3993,2,10,5,0,666,0.42,420,0.58,1
2,9,8546,2,10,5,0,666,0.42,420,0.58,1
2,10,6271,2,10,5,0,300,0.5,572,0.32,486,0.18,1
2,11,5903,1,0,300,0.5,1700,0.5,1
3,0,12591,1,0,300,0.5,1700,0.5,1
3,1,9247,1,0,300,0.5,572,0.32,486,0.18,1
3,2,11382,0,0,500,0.6,1000,0.2,1400,0.2,1
3,3,5405,0,0,300,0.5,572,0.32,486,0.18,1
3,4,694,1,0,300,0.5,572,0.32,486,0.18,1
3,5,10437,2,10,5,0,300,0.5,572,0.32,486,0.18,1
3,6,14062,1,0,300,0.5,1700,0.5,1
3,7,4881,2,10,5,0,500,0.6,1000,0.2,1400,0.2,1
3,8,2290,2,10,5,0,300,0.5,572,0.32,486,0.18,1
3,9,6682,2,10,5,0,300,0.5,1700,0.5,1
3,10,6269,1,0,666,0.42,420,0.58,1
3,11,640,2,10,5,0,666,0.42,420,0.58,1
4,0,6432,1,0,300,0.5,1700,0.5,1
4,1,8918,2,10,5,0,666,0.42,420,0.58,1
4,2,1515,1,0,300,0.5,1700,0.5,1
4,3,5646,0,0,500,0.6,1000,0.2,1400,0.2,1
4,4,6696,0,0,300,0.5,572,0.32,486,0.18,1
4,5,12824,1,0,300,0.5,572,0.32,486,0.18,1
4,6,9521,2,10,5,0,300,0.5,1700,0.5,1
4,7,12612,0,0,300,0.5,1700,0.5,1
4,8,3877,1,0,300,0.5,1700,0.5,1
4,9,5397,1,0,300,0.5,572,0.32,486,0.18,1
4,10,2075,1,0,500,0.6,1000,0.2,1400,0.2,1
4,11,11365,1,0,300,0.5,572,0.32,486,0.18,1
5,0,6697,0,0,500,0.6,1000,0.2,1400,0.2,1
5,1,13210,2,10,5,0,666,0.42,420,0.58,1
5,2,12947,2,10,5,0,666,0.42,420,0.58,1
5,3,13983,0,0,300,0.5,1700,0.5,1
5,4,9508,1,0,666,0.42,420,0.58,1
5,5,8724,2,10,5,0,666,0.42,420,0.58,1
5,6,13275,2,10,5,0,666,0.42,420,0.58,1
5,7,5884,0,0,500,0.6,1000,0.2,1400,0.2,1
5,8,8315,0,0,500,0.6,1000,0.2,1400,0.2,1
5,9,4330,1,0,500,0.6,1000,0.2,1400,0.2,1
5,10,11560,0,0,666,0.42,420,0.58,1
5,11,12013,1,0,500,0.6,1000,0.2,1400,0.2,1
6,0,7533,0,0,300,0.5,572,0.32,486,0.18,1
6,1,6325,2,10,5,0,300,0.5,1700,0.5,1
6,2,552,1,0,500,0.6,1000,0.2,1400,0.2,1
6,3,12995,2,10,5,0,300,0.5,572,0.32,486,0.18,1
6,4,6147,0,0,666,0.42,420,0.58,1
6,5,4295,1,0,500,0.6,1000,0.2,1400,0.2,1
6,6,8337,1,0,300,0.5,1700,0.5,1
6,7,8749,1,0,500,0.6,1000,0.2,1400,0.2,1
6,8,634,0,0,500,0.6,1000,0.2,1400,0.2,1
6,9,12022,0,0,300,0.5,572,0.32,486,0.18,1
6,10,6863,1,0,300,0.5,1700,0.5,1
6,11,10675,0,0,300,0.5,1700,0.5,1
7,0,1639,0,0,666,0.42,420,0.58,1
7,1,13940,0,0,300,0.5,572,0.32,486,0.18,1
7,2,1813,2,10,5,0,300,0.5,572,0.32,486,0.18,1
7,3,1761,0,0,300,0.5,1700,0.5,1
7,4,9406,0,0,300,0.5,572,0.32,486,0.18,1
7,5,1893,0,0,666,0.42,420,0.58,1
7,6,4816,0,0,666,0.42,420,0.58,1
7,7,3896,2,10,5,0,300,0.5,1700,0.5,1
7,8,11667,1,0,300,0.5,1700,0.5,1
7,9,1800,0,0,666,0.42,420,0.58,1
7,10,10504,1,0,500,0.6,1000,0.2,1400,0.2,1
7,11,210,1,0,500,0.6,1000,0.2,1400,0.2,1
8,0,6882,0,0,300,0.5,572,0.32,486,0.18,1
8,1,10526,1,0,666,0.42,420,0.58,1
8,2,11492,0,0,300,0.5,572,0.32,486,0.18,1
8,3,6809,1,0,500,0.6,1000,0.2,1400,0.2,1
8,4,1628,1,0,500,0.6,1000,0.2,1400,0.2,1
8,5,6042,0,0,500,0.6,1000,0.2,1400,0.2,1
8,6,4722,1,0,666,0.42,420,0.58,1
8,7,2616,0,0,666,0.42,420,0.58,1
8,8,4979,2,10,5,0,300,0.5,572,0.32,486,0.18,1
8,9,10257,1,0,300,0.5,572,0.32,486,0.18,1
8,10,14427,1,0,500,0.6,1000,0.2,1400,0.2,1
8,11,8240,0,0,500,0.6,1000,0.2,1400,0.2,1
9,0,2669,2,10,5,0,300,0.5,1700,0.5,1
9,1,13522,2,10,5,0,666,0.42,420,0.58,1
9,2,7249,0,0,300,0.5,572,0.32,486,0.18,1
9,3,774,1,0,500,0.6,1000,0.2,1400,0.2,1
9,4,8076,2,10,5,0,300,0.5,1700,0.5,1
9,5,13527,1,0,666,0.42,420,0.58,1
9,6,7158,1,0,300,0.5,1700,0.5,1
9,7,6228,2,10,5,0,300,0.5,572,0.32,486,0.18,1
9,8,6618,1,0,300,0.5,572,0.32,486,0.18,1
9,9,3255,1,0,300,0.5,572,0.32,486,0.18,1
9,10,3565,1,0,300,0.5,1700,0.5,1
9,11,11273,2,10,5,0,300,0.5,572,0.32,486,0.18,1
10,0,5123,0,0,666,0.42,420,0.58,1
10,1,14824,2,10,5,0,500,0.6,1000,0.2,1400,0.2,1
10,2,10592,2,10,5,0,300,0.5,1700,0.5,1
10,3,12740,2,10,5,0,666,0.42,420,0.58,1
10,4,8881,2,10,5,0,300,0.5,572,0.32,486,0.18,1
10,5,9757,2,10,5,0,300,0.5,572,0.32,486,0.18,1
10,6,5454,1,0,300,0.5,572,0.32,486,0.18,1
10,7,2758,0,0,300,0.5,572,0.32,486,0.18,1
10,8,12816,0,0,666,0.42,420,0.58,1
10,9,8540,0,0,500,0.6,1000,0.2,1400,0.2,1
10,10,9930,1,0,300,0.5,1700,0.5,1
10,11,7926,1,0,300,0.5,572,0.32,486,0.18,1
11,0,5531,1,0,300,0.5,572,0.32,486,0.18,1
11,1,2934,2,10,5,0,666,0.42,420,0.58,1
11,2,13679,2,10,5,0,300,0.5,572,0.32,486,0.18,1
11,3,10047,2,10,5,0,666,0.42,420,0.58,1
11,4,11047,1,0,666,0.42,420,0.58,1
11,5,7696,0,0,300,0.5,1700,0.5,1
11,6,12766,1,0,500,0.6,1000,0.2,1400,0.2,1
11,7,8424,0,0,300,0.5,1700,0.5,1
11,8,1251,0,0,300,0.5,572,0.32,486,0.18,1
11,9,3836,2,10,5,0,500,0.6,1000,0.2,1400,0.2,1
11,10,2514,2,10,5,0,500,0.6,1000,0.2,1400,0.2,1
11,11,12825,1,0,666,0.42,420,0.58,1
