0,0,2256,2,10,5,0,500,0.6,1000,0.2,1400,0.2,1
0,1,1776,1,0,300,0.5,572,0.32,486,0.18,1
0,2,12599,2,10,5,0,500,0.6,1000,0.2,1400,0.2,1
0,3,11034,0,0,300,0.5,1700,0.5,1
0,4,3060,0,0,666,0.42,420,0.58,1
0,5,9112,1,0,500,0.6,1000,0.2,1400,0.2,1
0,6,2081,1,0,300,0.5,1700,0.5,1
0,7,1942,0,0,300,0.5,1700,0.5,1
0,8,14048,0,0,300,0.5,1700,0.5,1
0,9,3631,2,10,5,0,500,0.6,1000,0.2,1400,0.2,1
0,10,8999,1,0,300,0.5,1700,0.5,1
0,11,14069,0,0,300,0.5,1700,0.5,1
1,0,3691,1,0,666,0.42,420,0.58,1
1,1,13385,1,0,300,0.5,572,0.32,486,0.18,1
1,2,4455,2,10,5,0,500,0.6,1000,0.2,1400,0.2,0
1,3,12637,2,10,5,0,300,0.5,572,0.32,486,0.18,1
1,4,9312,0,0,300,0.5,1700,0.5,1
1,5,10266,0,0,666,0.42,420,0.58,1
1,6,6039,2,10,5,0,666,0.42,420,0.58,1
1,7,3452,1,0,300,0.5,1700,0.5,1
1,8,4029,1,0,666,0.42,420,0.58,1
1,9,5566,0,0,500,0.6,1000,0.2,1400,0.2,1
1,10,4649,0,0,666,0.42,420,0.58,1
1,11,361,0,0,300,0.5,1700,0.5,1
2,0,1395,1,0,300,0.5,572,0.32,486,0.18,1
2,1,9390,2,10,5,0,500,0.6,1000,0.2,1400,0.2,1
2,2,10729,1,0,666,0.42,420,0.58,1
2,3,2338,0,0,666,0.42,420,0.58,1
2,4,14345,0,0,666,0.42,420,0.58,1
2,5,11251,2,10,5,0,300,0.5,1700,0.5,1
2,6,993,1,0,300,0.5,572,0.32,486,0.18,1
2,7,11001,1,0,666,0.42,420,0.58,1
2,8,7521,0,0,300,0.5,572,0.32,486,0.18,1
2,9,8018,2,10,5,0,300,0.5,572,0.32,486,0.18,1
2,10,9348,0,0,300,0.5,572,0.32,486,0.18,1
2,11,1983,1,0,666,0.42,420,0.58,1
3,0,9030,1,0,300,0.5,1700,0.5,1
3,1,4271,0,0,666,0.42,420,0.58,1
3,2,7822,0,0,300,0.5,572,0.32,486,0.18,1
3,3,988,0,0,666,0.42,420,0.58,1
3,4,4450,2,10,5,0,500,0.6,1000,0.2,1400,0.2,1
3,5,2485,1,0,300,0.5,572,0.32,486,0.18,1
3,6,7992,1,0,500,0.6,1000,0.2,1400,0.2,1
3,7,10659,0,0,300,0.5,572,0.32,486,0.18,1
3,8,7487,1,0,500,0.6,1000,0.2,1400,0.2,1
3,9,4345,0,0,666,0.42,420,0.58,1
3,10,1071,0,0,666,0.42,420,0.58,1
3,11,2934,0,0,300,0.5,1700,0.5,1
4,0,13946,1,0,300,0.5,572,0.32,486,0.18,1
4,1,10280,1,0,666,0.42,420,0.58,1
4,2,10399,2,10,5,0,666,0.42,420,0.58,1
4,3,716,1,0,500,0.6,1000,0.2,1400,0.2,1
4,4,7951,1,0,300,0.5,1700,0.5,1
4,5,10407,2,10,5,0,300,0.5,1700,0.5,1
4,6,5056,1,0,300,0.5,572,0.32,486,0.18,1
4,7,10874,2,10,5,0,500,0.6,1000,0.2,1400,0.2,1
4,8,3611,2,10,5,0,300,0.5,572,0.32,486,0.18,1
4,9,8603,1,0,300,0.5,1700,0.5,1
4,10,12164,2,10,5,0,300,0.5,572,0.32,486,0.18,1
4,11,11301,2,10,5,0,300,0.5,1700,0.5,1
5,0,10169,1,0,300,0.5,1700,0.5,1
5,1,12976,2,10,5,0,500,0.6,1000,0.2,1400,0.2,1
5,2,11099,1,0,300,0.5,1700,0.5,1
5,3,9541,0,0,500,0.6,1000,0.2,1400,0.2,1
5,4,1315,2,10,5,0,300,0.5,572,0.32,486,0.18,1
5,5,14297,0,0,500,0.6,1000,0.2,1400,0.2,1
5,6,8955,0,0,300,0.5,572,0.32,486,0.18,1
5,7,7364,2,10,5,0,300,0.5,572,0.32,486,0.18,1
5,8,8049,1,0,300,0.5,1700,0.5,1
5,9,13281,2,10,5,0,500,0.6,1000,0.2,1400,0.2,1
5,10,13817,2,10,5,0,500,0.6,1000,0.2,1400,0.2,1
5,11,5106,1,0,300,0.5,1700,0.5,1
6,0,5322,1,0,500,0.6,1000,0.2,1400,0.2,1
6,1,3405,1,0,300,0.5,572,0.32,486,0.18,1
6,2,7642,0,0,300,0.5,1700,0.5,1
6,3,4745,1,0,500,0.6,1000,0.2,1400,0.2,1
6,4,3662,2,10,5,0,666,0.42,420,0.58,1
6,5,11328,2,10,5,0,666,0.42,420,0.58,1
6,6,1691,1,0,500,0.6,1000,0.2,1400,0.2,1
6,7,7929,0,0,300,0.5,572,0.32,486,0.18,1
6,8,1481,2,10,5,0,300,0.5,572,0.32,486,0.18,1
6,9,11497,0,0,300,0.5,1700,0.5,1
6,10,7548,0,0,300,0.5,1700,0.5,1
6,11,10707,2,10,5,0,300,0.5,572,0.32,486,0.18,1
7,0,14903,0,0,300,0.5,1700,0.5,1
7,1,2292,2,10,5,0,666,0.42,420,0.58,1
7,2,14969,2,10,5,0,500,0.6,1000,0.2,1400,0.2,1
7,3,3342,2,10,5,0,500,0.6,1000,0.2,1400,0.2,1
7,4,7353,2,10,5,0,300,0.5,1700,0.5,1
7,5,9732,1,0,300,0.5,572,0.32,486,0.18,1
7,6,2721,2,10,5,0,300,0.5,1700,0.5,1
7,7,7130,0,0,300,0.5,572,0.32,486,0.18,1
7,8,12996,2,10,5,0,300,0.5,572,0.32,486,0.18,1
7,9,5635,1,0,300,0.5,1700,0.5,1
7,10,12442,2,10,5,0,666,0.42,420,0.58,1
7,11,13560,0,0,666,0.42,420,0.58,1
8,0,8059,0,0,666,0.42,420,0.58,1
8,1,10416,1,0,666,0.42,420,0.58,1
8,2,9351,2,10,5,0,666,0.42,420,0.58,1
8,3,5967,2,10,5,0,300,0.5,572,0.32,486,0.18,1
8,4,205,2,10,5,0,666,0.42,420,0.58,1
8,5,7282,0,0,500,0.6,1000,0.2,1400,0.2,1
8,6,3806,1,0,300,0.5,1700,0.5,1
8,7,1371,0,0,666,0.42,420,0.58,1
8,8,3329,1,0,300,0.5,1700,0.5,1
8,9,8830,1,0,300,0.5,572,0.32,486,0.18,1
8,10,13215,0,0,300,0.5,572,0.32,486,0.18,1
8,11,11770,1,0,666,0.42,420,0.58,1
9,0,7384,1,0,500,0.6,1000,0.2,1400,0.2,1
9,1,5422,2,10,5,0,500,0.6,1000,0.2,1400,0.2,1
9,2,7922,0,0,500,0.6,1000,0.2,1400,0.2,1
9,3,12812,1,0,666,0.42,420,0.58,1
9,4,6316,1,0,300,0.5,572,0.32,486,0.18,1
9,5,2012,2,10,5,0,300,0.5,572,0.32,486,0.18,1
9,6,3537,1,0,300,0.5,1700,0.5,1
9,7,14951,1,0,666,0.42,420,0.58,1
9,8,11763,2,10,5,0,300,0.5,572,0.32,486,0.18,1
9,9,2943,1,0,666,0.42,420,0.58,1
9,10,11495,2,10,5,0,500,0.6,1000,0.2,1400,0.2,1
9,11,4825,0,0,666,0.42,420,0.58,1
10,0,320,2,10,5,0,666,0.42,420,0.58,1
10,1,981,2,10,5,0,500,0.6,1000,0.2,1400,0.2,1
10,2,2157,1,0,300,0.5,1700,0.5,1
10,3,14784,0,0,500,0.6,1000,0.2,1400,0.2,1
10,4,13441,0,0,300,0.5,572,0.32,486,0.18,1
10,5,4904,0,0,666,0.42,420,0.58,1
10,6,930,1,0,300,0.5,1700,0.5,1
10,7,5265,1,0,500,0.6,1000,0.2,1400,0.2,1
10,8,13875,1,0,300,0.5,1700,0.5,1
10,9,2898,1,0,666,0.42,420,0.58,1
10,10,11533,2,10,5,0,300,0.5,1700,0.5,1
10,11,4408,0,0,666,0.42,420,0.58,1
11,0,9753,1,0,300,0.5,572,0.32,486,0.18,1
11,1,7552,1,0,300,0.5,1700,0.5,1
11,2,9140,1,0,300,0.5,572,0.32,486,0.18,1
11,3,2633,2,10,5,0,666,0.42,420,0.58,1
11,4,13137,1,0,300,0.5,1700,0.5,1
11,5,10578,1,0,666,0.42,420,0.58,1
11,6,14401,0,0,300,0.5,572,0.32,486,0.18,1
11,7,3474,0,0,300,0.5,572,0.32,486,0.18,1
11,8,2666,2,10,5,0,300,0.5,1700,0.5,1
11,9,5685,2,10,5,0,300,0.5,572,0.32,486,0.18,1
11,10,8115,0,0,666,0.42,420,0.58,1
11,11,3067,0,0,300,0.5,1700,0.5,1
