0,0,10023,2,10,5,0,300,0.5,572,0.32,486,0.18,1
0,1,25,2,10,5,0,666,0.42,420,0.58,1
0,2,6170,2,10,5,0,300,0.5,572,0.32,486,0.18,1
0,3,4075,2,10,5,0,300,0.5,1700,0.5,1
0,4,3433,2,10,5,0,300,0.5,1700,0.5,1
0,5,624,1,0,300,0.5,572,0.32,486,0.18,1
0,6,11423,2,10,5,0,300,0.5,572,0.32,486,0.18,1
0,7,8662,1,0,500,0.6,1000,0.2,1400,0.2,1
0,8,7915,1,0,300,0.5,572,0.32,486,0.18,1
0,9,13464,0,0,500,0.6,1000,0.2,1400,0.2,1
0,10,12292,1,0,300,0.5,572,0.32,486,0.18,1
0,11,7523,2,10,5,0,300,0.5,1700,0.5,1
1,0,11017,1,0,666,0.42,420,0.58,1
1,1,6216,2,10,5,0,300,0.5,572,0.32,486,0.18,1
1,2,12976,2,10,5,0,666,0.42,420,0.58,0
1,3,12822,1,0,300,0.5,1700,0.5,1
1,4,5480,0,0,666,0.42,420,0.58,1
1,5,5073,0,0,300,0.5,572,0.32,486,0.18,1
1,6,1140,1,0,666,0.42,420,0.58,1
1,7,10020,1,0,500,0.6,1000,0.2,1400,0.2,1
1,8,1487,1,0,500,0.6,1000,0.2,1400,0.2,1
1,9,13616,0,0,500,0.6,1000,0.2,1400,0.2,1
1,10,8624,1,0,666,0.42,420,0.58,1
1,11,12967,1,0,300,0.5,1700,0.5,1
2,0,1071,0,0,500,0.6,1000,0.2,1400,0.2,1
2,1,2621,0,0,300,0.5,572,0.32,486,0.18,1
2,2,6781,1,0,666,0.42,420,0.58,1
2,3,9628,0,0,300,0.5,572,0.32,486,0.18,1
2,4,4908,0,0,666,0.42,420,0.58,1
2,5,2854,0,0,300,0.5,572,0.32,486,0.18,1
2,6,14939,2,10,5,0,500,0.6,1000,0.2,1400,0.2,1
2,7,14352,1,0,300,0.5,572,0.32,486,0.18,1
2,8,12734,1,0,666,0.42,420,0.58,1
2,9,2026,2,10,5,0,500,0.6,1000,0.2,1400,0.2,1
2,10,5618,1,0,500,0.6,1000,0.2,1400,0.2,1
2,11,5860,0,0,666,0.42,420,0.58,1
3,0,1186,2,10,5,0,300,0.5,572,0.32,486,0.18,1
3,1,568,1,0,300,0.5,572,0.32,486,0.18,1
3,2,5381,0,0,300,0.5,1700,0.5,1
3,3,481,0,0,666,0.42,420,0.58,1
3,4,5142,2,10,5,0,666,0.42,420,0.58,1
3,5,13462,0,0,666,0.42,420,0.58,1
3,6,6123,2,10,5,0,500,0.6,1000,0.2,1400,0.2,1
3,7,4050,1,0,300,0.5,1700,0.5,1
3,8,8277,1,0,666,0.42,420,0.58,1
3,9,3005,0,0,300,0.5,572,0.32,486,0.18,1
3,10,14409,2,10,5,0,300,0.5,1700,0.5,1
3,11,945,1,0,500,0.6,1000,0.2,1400,0.2,1
4,0,5262,0,0,300,0.5,572,0.32,486,0.18,1
4,1,9254,0,0,300,0.5,1700,0.5,1
4,2,9720,1,0,666,0.42,420,0.58,1
4,3,2344,1,0,500,0.6,1000,0.2,1400,0.2,1
4,4,10057,1,0,300,0.5,1700,0.5,1
4,5,6740,0,0,666,0.42,420,0.58,1
4,6,14271,0,0,500,0.6,1000,0.2,1400,0.2,1
4,7,8361,0,0,666,0.42,420,0.58,1
4,8,394,0,0,300,0.5,1700,0.5,1
4,9,8046,1,0,300,0.5,572,0.32,486,0.18,1
4,10,14136,1,0,300,0.5,1700,0.5,1
4,11,12651,2,10,5,0,300,0.5,572,0.32,486,0.18,1
5,0,6130,2,10,5,0,500,0.6,1000,0.2,1400,0.2,1
5,1,10014,1,0,300,0.5,1700,0.5,1
5,2,12380,0,0,300,0.5,572,0.32,486,0.18,1
5,3,3808,2,10,5,0,500,0.6,1000,0.2,1400,0.2,1
5,4,72,0,0,500,0.6,1000,0.2,1400,0.2,1
5,5,7747,1,0,666,0.42,420,0.58,1
5,6,5421,0,0,300,0.5,572,0.32,486,0.18,1
5,7,5655,0,0,666,0.42,420,0.58,1
5,8,13828,1,0,666,0.42,420,0.58,1
5,9,1611,1,0,666,0.42,420,0.58,1
5,10,644,1,0,300,0.5,572,0.32,486,0.18,1
5,11,9816,2,10,5,0,500,0.6,1000,0.2,1400,0.2,1
6,0,6603,1,0,300,0.5,572,0.32,486,0.18,1
6,1,8104,1,0,300,0.5,572,0.32,486,0.18,1
6,2,10126,0,0,666,0.42,420,0.58,1
6,3,7898,2,10,5,0,300,0.5,1700,0.5,1
6,4,7006,2,10,5,0,300,0.5,1700,0.5,1
6,5,7230,2,10,5,0,300,0.5,1700,0.5,1
6,6,11184,2,10,5,0,300,0.5,1700,0.5,1
6,7,6357,2,10,5,0,666,0.42,420,0.58,1
6,8,6909,2,10,5,0,300,0.5,1700,0.5,1
6,9,7910,0,0,666,0.42,420,0.58,1
6,10,13947,0,0,300,0.5,1700,0.5,1
6,11,13406,1,0,666,0.42,420,0.58,1
7,0,7369,2,10,5,0,300,0.5,1700,0.5,1
7,1,9016,0,0,500,0.6,1000,0.2,1400,0.2,1
7,2,9058,0,0,666,0.42,420,0.58,1
7,3,3273,2,10,5,0,500,0.6,1000,0.2,1400,0.2,1
7,4,11613,1,0,300,0.5,572,0.32,486,0.18,1
7,5,9109,2,10,5,0,666,0.42,420,0.58,1
7,6,401,0,0,500,0.6,1000,0.2,1400,0.2,1
7,7,572,1,0,300,0.5,572,0.32,486,0.18,1
7,8,11796,1,0,666,0.42,420,0.58,1
7,9,6209,2,10,5,0,500,0.6,1000,0.2,1400,0.2,1
7,10,10541,1,0,300,0.5,572,0.32,486,0.18,1
7,11,3317,0,0,500,0.6,1000,0.2,1400,0.2,1
8,0,11903,1,0,300,0.5,1700,0.5,1
8,1,8672,2,10,5,0,300,0.5,1700,0.5,1
8,2,5720,0,0,666,0.42,420,0.58,1
8,3,6898,1,0,666,0.42,420,0.58,1
8,4,9170,1,0,666,0.42,420,0.58,1
8,5,12753,0,0,300,0.5,572,0.32,486,0.18,1
8,6,55,1,0,500,0.6,1000,0.2,1400,0.2,1
8,7,11631,1,0,300,0.5,1700,0.5,1
8,8,4351,1,0,300,0.5,1700,0.5,1
8,9,932,1,0,300,0.5,572,0.32,486,0.18,1
8,10,3317,0,0,500,0.6,1000,0.2,1400,0.2,1
8,11,9910,0,0,666,0.42,420,0.58,1
9,0,10598,1,0,500,0.6,1000,0.2,1400,0.2,1
9,1,13356,0,0,300,0.5,572,0.32,486,0.18,1
9,2,13,2,10,5,0,666,0.42,420,0.58,1
9,3,7046,1,0,500,0.6,1000,0.2,1400,0.2,1
9,4,8846,2,10,5,0,500,0.6,1000,0.2,1400,0.2,1
9,5,6596,1,0,300,0.5,572,0.32,486,0.18,1
9,6,4085,1,0,300,0.5,572,0.32,486,0.18,1
9,7,13031,2,10,5,0,500,0.6,1000,0.2,1400,0.2,1
9,8,11824,2,10,5,0,666,0.42,420,0.58,1
9,9,4302,2,10,5,0,500,0.6,1000,0.2,1400,0.2,1
9,10,2040,0,0,666,0.42,420,0.58,1
9,11,13311,1,0,300,0.5,572,0.32,486,0.18,1
10,0,9098,1,0,500,0.6,1000,0.2,1400,0.2,1
10,1,12869,2,10,5,0,500,0.6,1000,0.2,1400,0.2,1
10,2,11863,1,0,500,0.6,1000,0.2,1400,0.2,1
10,3,13219,1,0,666,0.42,420,0.58,1
10,4,601,1,0,666,0.42,420,0.58,1
10,5,12605,1,0,500,0.6,1000,0.2,1400,0.2,1
10,6,10452,1,0,500,0.6,1000,0.2,1400,0.2,1
10,7,14282,2,10,5,0,300,0.5,572,0.32,486,0.18,1
10,8,2893,2,10,5,0,500,0.6,1000,0.2,1400,0.2,1
10,9,1129,1,0,500,0.6,1000,0.2,1400,0.2,1
10,10,3184,2,10,5,0,300,0.5,572,0.32,486,0.18,1
10,11,1959,2,10,5,0,500,0.6,1000,0.2,1400,0.2,1
11,0,8097,0,0,500,0.6,1000,0.2,1400,0.2,1
11,1,11223,1,0,300,0.5,1700,0.5,1
11,2,12670,2,10,5,0,300,0.5,572,0.32,486,0.18,1
11,3,1377,2,10,5,0,300,0.5,572,0.32,486,0.18,1
11,4,8783,1,0,300,0.5,1700,0.5,1
11,5,9242,1,0,666,0.42,420,0.58,1
11,6,9294,2,10,5,0,300,0.5,572,0.32,486,0.18,1
11,7,13483,0,0,300,0.5,1700,0.5,1
11,8,2151,1,0,666,0.42,420,0.58,1
11,9,10625,2,10,5,0,666,0.42,420,0.58,1
11,10,12786,2,10,5,0,500,0.6,1000,0.2,1400,0.2,1
11,11,14005,0,0,666,0.42,420,0.58,1
