0,0,8322,2,10,5,0,300,0.5,1700,0.5,1
0,1,4505,2,10,5,0,300,0.5,572,0.32,486,0.18,1
0,2,9052,0,0,500,0.6,1000,0.2,1400,0.2,1
0,3,1986,0,0,300,0.5,572,0.32,486,0.18,1
0,4,1323,1,0,300,0.5,1700,0.5,1
0,5,2996,2,10,5,0,500,0.6,1000,0.2,1400,0.2,1
0,6,6944,1,0,300,0.5,1700,0.5,1
0,7,12913,1,0,500,0.6,1000,0.2,1400,0.2,1
0,8,179,1,0,300,0.5,1700,0.5,1
0,9,13549,0,0,500,0.6,1000,0.2,1400,0.2,1
0,10,10905,2,10,5,0,666,0.42,420,0.58,1
0,11,13982,1,0,300,0.5,572,0.32,486,0.18,1
1,0,14506,0,0,666,0.42,420,0.58,1
1,1,9458,2,10,5,0,500,0.6,1000,0.2,1400,0.2,1
1,2,9219,0,0,300,0.5,1700,0.5,0
1,3,5693,2,10,5,0,300,0.5,572,0.32,486,0.18,1
1,4,11553,1,0,500,0.6,1000,0.2,1400,0.2,1
1,5,13841,0,0,666,0.42,420,0.58,1
1,6,13940,0,0,500,0.6,1000,0.2,1400,0.2,1
1,7,5600,2,10,5,0,300,0.5,1700,0.5,1
1,8,2829,2,10,5,0,666,0.42,420,0.58,1
1,9,1245,0,0,300,0.5,572,0.32,486,0.18,1
1,10,14428,0,0,500,0.6,1000,0.2,1400,0.2,1
1,11,8124,1,0,300,0.5,1700,0.5,1
2,0,6999,2,10,5,0,666,0.42,420,0.58,1
2,1,13314,1,0,300,0.5,1700,0.5,1
2,2,3064,1,0,300,0.5,1700,0.5,1
2,3,7463,0,0,500,0.6,1000,0.2,1400,0.2,1
2,4,4131,0,0,300,0.5,1700,0.5,1
2,5,8435,1,0,500,0.6,1000,0.2,1400,0.2,1
2,6,4448,2,10,5,0,666,0.42,420,0.58,1
2,7,2064,2,10,5,0,666,0.42,420,0.58,1
2,8,14217,1,0,500,0.6,1000,0.2,1400,0.2,1
2,9,11446,0,0,300,0.5,572,0.32,486,0.18,1
2,10,9928,0,0,300,0.5,572,0.32,486,0.18,1
2,11,6994,0,0,500,0.6,1000,0.2,1400,0.2,1
3,0,9901,1,0,500,0.6,1000,0.2,1400,0.2,1
3,1,5769,2,10,5,0,300,0.5,572,0.32,486,0.18,1
3,2,14778,1,0,300,0.5,1700,0.5,1
3,3,12960,1,0,500,0.6,1000,0.2,1400,0.2,1
3,4,8708,2,10,5,0,300,0.5,1700,0.5,1
3,5,11490,0,0,300,0.5,1700,0.5,1
3,6,1808,0,0,300,0.5,572,0.32,486,0.18,1
3,7,14064,2,10,5,0,300,0.5,572,0.32,486,0.18,1
3,8,7677,0,0,300,0.5,1700,0.5,1
3,9,1672,2,10,5,0,300,0.5,572,0.32,486,0.18,1
3,10,10315,1,0,300,0.5,1700,0.5,1
3,11,5028,1,0,300,0.5,1700,0.5,1
4,0,12027,1,0,666,0.42,420,0.58,1
4,1,8999,2,10,5,0,666,0.42,420,0.58,1
4,2,4136,0,0,666,0.42,420,0.58,1
4,3,4050,2,10,5,0,300,0.5,1700,0.5,1
4,4,8091,0,0,300,0.5,1700,0.5,1
4,5,9248,0,0,300,0.5,572,0.32,486,0.18,1
4,6,9909,2,10,5,0,300,0.5,1700,0.5,1
4,7,3797,2,10,5,0,666,0.42,420,0.58,1
4,8,7456,1,0,500,0.6,1000,0.2,1400,0.2,1
4,9,9551,2,10,5,0,300,0.5,1700,0.5,1
4,10,1865,2,10,5,0,300,0.5,572,0.32,486,0.18,1
4,11,13296,0,0,666,0.42,420,0.58,1
5,0,14464,2,10,5,0,300,0.5,1700,0.5,1
5,1,10483,1,0,666,0.42,420,0.58,1
5,2,4110,1,0,300,0.5,1700,0.5,1
5,3,5818,2,10,5,0,300,0.5,1700,0.5,1
5,4,3227,2,10,5,0,666,0.42,420,0.58,1
5,5,11993,1,0,300,0.5,1700,0.5,1
5,6,7379,0,0,300,0.5,1700,0.5,1
5,7,7941,0,0,500,0.6,1000,0.2,1400,0.2,1
5,8,2365,1,0,666,0.42,420,0.58,1
5,9,8515,0,0,300,0.5,1700,0.5,1
5,10,9861,1,0,300,0.5,572,0.32,486,0.18,1
5,11,2652,2,10,5,0,500,0.6,1000,0.2,1400,0.2,1
6,0,14380,0,0,666,0.42,420,0.58,1
6,1,7159,0,0,666,0.42,420,0.58,1
6,2,12857,0,0,500,0.6,1000,0.2,1400,0.2,1
6,3,12171,2,10,5,0,300,0.5,572,0.32,486,0.18,1
6,4,7961,0,0,300,0.5,1700,0.5,1
6,5,3644,1,0,666,0.42,420,0.58,1
6,6,7789,1,0,666,0.42,420,0.58,1
6,7,806,1,0,300,0.5,1700,0.5,1
6,8,13535,1,0,500,0.6,1000,0.2,1400,0.2,1
6,9,13312,1,0,666,0.42,420,0.58,1
6,10,11600,2,10,5,0,300,0.5,1700,0.5,1
6,11,11725,0,0,500,0.6,1000,0.2,1400,0.2,1
7,0,956,0,0,300,0.5,572,0.32,486,0.18,1
7,1,13914,2,10,5,0,300,0.5,1700,0.5,1
7,2,1010,1,0,300,0.5,1700,0.5,1
7,3,2800,1,0,666,0.42,420,0.58,1
7,4,901,0,0,500,0.6,1000,0.2,1400,0.2,1
7,5,12309,0,0,300,0.5,572,0.32,486,0.18,1
7,6,7116,0,0,666,0.42,420,0.58,1
7,7,2267,0,0,300,0.5,1700,0.5,1
7,8,11390,0,0,666,0.42,420,0.58,1
7,9,771,1,0,300,0.5,1700,0.5,1
7,10,474,0,0,666,0.42,420,0.58,1
7,11,1303,1,0,300,0.5,1700,0.5,1
8,0,8494,0,0,666,0.42,420,0.58,1
8,1,8771,1,0,300,0.5,572,0.32,486,0.18,1
8,2,1183,2,10,5,0,300,0.5,572,0.32,486,0.18,1
8,3,10230,2,10,5,0,300,0.5,572,0.32,486,0.18,1
8,4,12289,0,0,300,0.5,572,0.32,486,0.18,1
8,5,7245,0,0,500,0.6,1000,0.2,1400,0.2,1
8,6,9850,1,0,300,0.5,572,0.32,486,0.18,1
8,7,14009,0,0,500,0.6,1000,0.2,1400,0.2,1
8,8,13440,0,0,300,0.5,1700,0.5,1
8,9,1811,2,10,5,0,666,0.42,420,0.58,1
8,10,9936,2,10,5,0,500,0.6,1000,0.2,1400,0.2,1
8,11,6771,0,0,500,0.6,1000,0.2,1400,0.2,1
9,0,7019,1,0,500,0.6,1000,0.2,1400,0.2,1
9,1,4990,2,10,5,0,500,0.6,1000,0.2,1400,0.2,1
9,2,1561,0,0,300,0.5,1700,0.5,1
9,3,1934,0,0,300,0.5,572,0.32,486,0.18,1
9,4,5597,2,10,5,0,300,0.5,572,0.32,486,0.18,1
9,5,6060,0,0,666,0.42,420,0.58,1
9,6,12257,1,0,666,0.42,420,0.58,1
9,7,2769,0,0,500,0.6,1000,0.2,1400,0.2,1
9,8,12200,2,10,5,0,500,0.6,1000,0.2,1400,0.2,1
9,9,10673,0,0,300,0.5,572,0.32,486,0.18,1
9,10,11869,2,10,5,0,500,0.6,1000,0.2,1400,0.2,1
9,11,444,2,10,5,0,300,0.5,572,0.32,486,0.18,1
10,0,400,1,0,666,0.42,420,0.58,1
10,1,9748,1,0,500,0.6,1000,0.2,1400,0.2,1
10,2,14342,1,0,300,0.5,572,0.32,486,0.18,1
10,3,9079,0,0,300,0.5,572,0.32,486,0.18,1
10,4,7113,0,0,500,0.6,1000,0.2,1400,0.2,1
10,5,3520,2,10,5,0,300,0.5,1700,0.5,1
10,6,14497,0,0,500,0.6,1000,0.2,1400,0.2,1
10,7,1106,0,0,666,0.42,420,0.58,1
10,8,9621,2,10,5,0,666,0.42,420,0.58,1
10,9,1500,2,10,5,0,300,0.5,1700,0.5,1
10,10,14746,2,10,5,0,300,0.5,1700,0.5,1
10,11,2730,1,0,666,0.42,420,0.58,1
11,0,6699,1,0,500,0.6,1000,0.2,1400,0.2,1
11,1,3759,0,0,666,0.42,420,0.58,1
11,2,1631,2,10,5,0,500,0.6,1000,0.2,1400,0.2,1
11,3,11498,2,10,5,0,300,0.5,572,0.32,486,0.18,1
11,4,4542,1,0,300,0.5,1700,0.5,1
11,5,4376,2,10,5,0,300,0.5,1700,0.5,1
11,6,8077,1,0,300,0.5,572,0.32,486,0.18,1
11,7,11066,0,0,300,0.5,572,0.32,486,0.18,1
11,8,10365,1,0,500,0.6,1000,0.2,1400,0.2,1
11,9,14377,2,10,5,0,500,0.6,1000,0.2,1400,0.2,1
11,10,1106,0,0,666,0.42,420,0.58,1
11,11,74,1,0,666,0.42,420,0.58,1
