0,0,10387,1,0,300,0.5,1700,0.5,1
0,1,1372,2,10,5,0,666,0.42,420,0.58,1
0,2,10962,2,10,5,0,300,0.5,572,0.32,486,0.18,1
0,3,7511,0,0,300,0.5,1700,0.5,1
0,4,12726,2,10,5,0,666,0.42,420,0.58,1
0,5,448,1,0,500,0.6,1000,0.2,1400,0.2,1
0,6,1626,1,0,300,0.5,1700,0.5,1
0,7,1962,2,10,5,0,500,0.6,1000,0.2,1400,0.2,1
0,8,8425,0,0,500,0.6,1000,0.2,1400,0.2,1
0,9,3213,2,10,5,0,300,0.5,572,0.32,486,0.18,1
0,10,7982,1,0,300,0.5,572,0.32,486,0.18,1
0,11,10779,1,0,500,0.6,1000,0.2,1400,0.2,1
1,0,14301,1,0,300,0.5,572,0.32,486,0.18,1
1,1,4194,0,0,500,0.6,1000,0.2,1400,0.2,1
1,2,876,2,10,5,0,500,0.6,1000,0.2,1400,0.2,0
1,3,8769,0,0,500,0.6,1000,0.2,1400,0.2,1
1,4,4868,0,0,666,0.42,420,0.58,1
1,5,14106,1,0,300,0.5,572,0.32,486,0.18,1
1,6,4237,1,0,500,0.6,1000,0.2,1400,0.2,1
1,7,12617,0,0,300,0.5,572,0.32,486,0.18,1
1,8,3758,1,0,300,0.5,1700,0.5,1
1,9,9850,2,10,5,0,300,0.5,1700,0.5,1
1,10,8247,0,0,666,0.42,420,0.58,1
1,11,14525,0,0,500,0.6,1000,0.2,1400,0.2,1
2,0,6281,2,10,5,0,300,0.5,1700,0.5,1
2,1,7807,0,0,300,0.5,572,0.32,486,0.18,1
2,2,14507,2,10,5,0,666,0.42,420,0.58,1
2,3,6654,2,10,5,0,300,0.5,1700,0.5,1
2,4,8408,0,0,300,0.5,572,0.32,486,0.18,1
2,5,6848,2,10,5,0,300,0.5,572,0.32,486,0.18,1
2,6,11551,2,10,5,0,300,0.5,572,0.32,486,0.18,1
2,7,3401,2,10,5,0,300,0.5,572,0.32,486,0.18,1
2,8,4317,0,0,666,0.42,420,0.58,1
2,9,2661,0,0,300,0.5,1700,0.5,1
2,10,7784,0,0,300,0.5,572,0.32,486,0.18,1
2,11,11582,1,0,300,0.5,572,0.32,486,0.18,1
3,0,3099,2,10,5,0,300,0.5,572,0.32,486,0.18,1
3,1,7727,1,0,300,0.5,1700,0.5,1
3,2,12384,2,10,5,0,666,0.42,420,0.58,1
3,3,8774,2,10,5,0,300,0.5,1700,0.5,1
3,4,31,1,0,500,0.6,1000,0.2,1400,0.2,1
3,5,4190,1,0,666,0.42,420,0.58,1
3,6,8664,1,0,666,0.42,420,0.58,1
3,7,4848,2,10,5,0,666,0.42,420,0.58,1
3,8,1038,1,0,666,0.42,420,0.58,1
3,9,12752,1,0,666,0.42,420,0.58,1
3,10,8769,1,0,300,0.5,1700,0.5,1
3,11,434,2,10,5,0,300,0.5,572,0.32,486,0.18,1
4,0,2838,2,10,5,0,300,0.5,572,0.32,486,0.18,1
4,1,11710,1,0,300,0.5,1700,0.5,1
4,2,9355,0,0,300,0.5,1700,0.5,1
4,3,706,0,0,666,0.42,420,0.58,1
4,4,6685,2,10,5,0,300,0.5,572,0.32,486,0.18,1
4,5,14118,2,10,5,0,300,0.5,572,0.32,486,0.18,1
4,6,4412,2,10,5,0,666,0.42,420,0.58,1
4,7,9051,1,0,500,0.6,1000,0.2,1400,0.2,1
4,8,6842,2,10,5,0,500,0.6,1000,0.2,1400,0.2,1
4,9,14766,1,0,500,0.6,1000,0.2,1400,0.2,1
4,10,9773,2,10,5,0,300,0.5,1700,0.5,1
4,11,348,0,0,300,0.5,1700,0.5,1
5,0,9737,0,0,300,0.5,572,0.32,486,0.18,1
5,1,13217,2,10,5,0,666,0.42,420,0.58,1
5,2,13961,0,0,300,0.5,572,0.32,486,0.18,1
5,3,11615,1,0,300,0.5,572,0.32,486,0.18,1
5,4,14322,1,0,300,0.5,1700,0.5,1
5,5,404,2,10,5,0,666,0.42,420,0.58,1
5,6,9112,1,0,666,0.42,420,0.58,1
5,7,686,1,0,300,0.5,572,0.32,486,0.18,1
5,8,626,0,0,500,0.6,1000,0.2,1400,0.2,1
5,9,2996,2,10,5,0,500,0.6,1000,0.2,1400,0.2,1
5,10,8763,2,10,5,0,300,0.5,1700,0.5,1
5,11,7380,1,0,666,0.42,420,0.58,1
6,0,14387,2,10,5,0,300,0.5,572,0.32,486,0.18,1
6,1,2765,2,10,5,0,300,0.5,1700,0.5,1
6,2,8291,0,0,300,0.5,572,0.32,486,0.18,1
6,3,5638,0,0,300,0.5,572,0.32,486,0.18,1
6,4,9103,1,0,500,0.6,1000,0.2,1400,0.2,1
6,5,7765,2,10,5,0,500,0.6,1000,0.2,1400,0.2,1
6,6,8960,1,0,500,0.6,1000,0.2,1400,0.2,1
6,7,10000,0,0,666,0.42,420,0.58,1
6,8,8623,1,0,666,0.42,420,0.58,1
6,9,11786,2,10,5,0,300,0.5,572,0.32,486,0.18,1
6,10,4082,0,0,300,0.5,572,0.32,486,0.18,1
6,11,6560,2,10,5,0,666,0.42,420,0.58,1
7,0,3456,1,0,500,0.6,1000,0.2,1400,0.2,1
7,1,5412,0,0,500,0.6,1000,0.2,1400,0.2,1
7,2,9601,0,0,666,0.42,420,0.58,1
7,3,8229,1,0,300,0.5,572,0.32,486,0.18,1
7,4,9057,1,0,500,0.6,1000,0.2,1400,0.2,1
7,5,9667,0,0,666,0.42,420,0.58,1
7,6,8472,1,0,300,0.5,1700,0.5,1
7,7,2371,2,10,5,0,300,0.5,1700,0.5,1
7,8,11886,0,0,300,0.5,572,0.32,486,0.18,1
7,9,11990,1,0,666,0.42,420,0.58,1
7,10,5009,0,0,666,0.42,420,0.58,1
7,11,9472,2,10,5,0,300,0.5,1700,0.5,1
8,0,250,0,0,300,0.5,1700,0.5,1
8,1,9738,2,10,5,0,300,0.5,572,0.32,486,0.18,1
8,2,1013,2,10,5,0,500,0.6,1000,0.2,1400,0.2,1
8,3,12248,2,10,5,0,300,0.5,1700,0.5,1
8,4,193,2,10,5,0,500,0.6,1000,0.2,1400,0.2,1
8,5,2852,0,0,300,0.5,572,0.32,486,0.18,1
8,6,1934,1,0,666,0.42,420,0.58,1
8,7,6238,1,0,300,0.5,572,0.32,486,0.18,1
8,8,489,2,10,5,0,500,0.6,1000,0.2,1400,0.2,1
8,9,7260,1,0,300,0.5,572,0.32,486,0.18,1
8,10,4093,0,0,666,0.42,420,0.58,1
8,11,1755,0,0,500,0.6,1000,0.2,1400,0.2,1
9,0,4307,0,0,666,0.42,420,0.58,1
9,1,2590,0,0,666,0.42,420,0.58,1
9,2,13201,1,0,300,0.5,572,0.32,486,0.18,1
9,3,8731,1,0,666,0.42,420,0.58,1
9,4,4272,1,0,300,0.5,1700,0.5,1
9,5,10614,1,0,666,0.42,420,0.58,1
9,6,9330,1,0,300,0.5,1700,0.5,1
9,7,9209,1,0,300,0.5,572,0.32,486,0.18,1
9,8,6123,0,0,300,0.5,1700,0.5,1
9,9,11045,0,0,300,0.5,1700,0.5,1
9,10,5446,2,10,5,0,666,0.42,420,0.58,1
9,11,11838,1,0,300,0.5,1700,0.5,1
10,0,3644,0,0,500,0.6,1000,0.2,1400,0.2,1
10,1,10805,0,0,500,0.6,1000,0.2,1400,0.2,1
10,2,1563,0,0,300,0.5,572,0.32,486,0.18,1
10,3,12960,0,0,500,0.6,1000,0.2,1400,0.2,1
10,4,1674,0,0,500,0.6,1000,0.2,1400,0.2,1
10,5,7517,0,0,300,0.5,1700,0.5,1
10,6,8136,1,0,500,0.6,1000,0.2,1400,0.2,1
10,7,10272,1,0,300,0.5,1700,0.5,1
10,8,13828,0,0,500,0.6,1000,0.2,1400,0.2,1
10,9,1368,0,0,500,0.6,1000,0.2,1400,0.2,1
10,10,20,0,0,300,0.5,1700,0.5,1
10,11,6902,0,0,666,0.42,420,0.58,1
11,0,5932,2,10,5,0,666,0.42,420,0.58,1
11,1,6695,2,10,5,0,300,0.5,1700,0.5,1
11,2,14045,0,0,500,0.6,1000,0.2,1400,0.2,1
11,3,6463,1,0,300,0.5,1700,0.5,1
11,4,6278,1,0,300,0.5,1700,0.5,1
11,5,13594,1,0,300,0.5,1700,0.5,1
11,6,6309,1,0,300,0.5,572,0.32,486,0.18,1
11,7,2786,1,0,300,0.5,572,0.32,486,0.18,1
11,8,11872,0,0,300,0.5,572,0.32,486,0.18,1
11,9,75,1,0,666,0.42,420,0.58,1
11,10,8264,0,0,300,0.5,572,0.32,486,0.18,1
11,11,9038,2,10,5,0,500,0.6,1000,0.2,1400,0.2,1
