0,0,9865,1,0,666,0.42,420,0.58,1
0,1,9237,0,0,300,0.5,572,0.32,486,0.18,1
0,2,9728,2,10,5,0,666,0.42,420,0.58,1
0,3,3593,2,10,5,0,500,0.6,1000,0.2,1400,0.2,1
0,4,5837,1,0,300,0.5,1700,0.5,1
0,5,8398,1,0,666,0.42,420,0.58,1
0,6,11583,0,0,300,0.5,572,0.32,486,0.18,1
0,7,7397,1,0,500,0.6,1000,0.2,1400,0.2,1
0,8,10075,0,0,300,0.5,1700,0.5,1
0,9,6762,2,10,5,0,300,0.5,572,0.32,486,0.18,1
0,10,7120,0,0,300,0.5,1700,0.5,1
0,11,12960,1,0,300,0.5,572,0.32,486,0.18,1
1,0,7525,1,0,500,0.6,1000,0.2,1400,0.2,1
1,1,9414,2,10,5,0,500,0.6,1000,0.2,1400,0.2,1
1,2,368,1,0,500,0.6,1000,0.2,1400,0.2,0
1,3,5228,0,0,666,0.42,420,0.58,1
1,4,4989,0,0,500,0.6,1000,0.2,1400,0.2,1
1,5,991,2,10,5,0,500,0.6,1000,0.2,1400,0.2,1
1,6,1081,2,10,5,0,300,0.5,1700,0.5,1
1,7,2881,2,10,5,0,666,0.42,420,0.58,1
1,8,5162,0,0,500,0.6,1000,0.2,1400,0.2,1
1,9,2560,1,0,300,0.5,1700,0.5,1
1,10,9191,2,10,5,0,500,0.6,1000,0.2,1400,0.2,1
1,11,5585,2,10,5,0,300,0.5,1700,0.5,1
2,0,702,0,0,500,0.6,1000,0.2,1400,0.2,1
2,1,8391,0,0,300,0.5,1700,0.5,1
2,2,2965,2,10,5,0,500,0.6,1000,0.2,1400,0.2,1
2,3,6360,1,0,666,0.42,420,0.58,1
2,4,868,0,0,500,0.6,1000,0.2,1400,0.2,1
2,5,5993,1,0,300,0.5,1700,0.5,1
2,6,12649,0,0,500,0.6,1000,0.2,1400,0.2,1
2,7,11508,0,0,300,0.5,1700,0.5,1
2,8,1479,1,0,300,0.5,572,0.32,486,0.18,1
2,9,14677,2,10,5,0,666,0.42,420,0.58,1
2,10,5662,1,0,666,0.42,420,0.58,1
2,11,10110,1,0,300,0.5,572,0.32,486,0.18,1
3,0,8138,0,0,300,0.5,572,0.32,486,0.18,1
3,1,12765,0,0,300,0.5,572,0.32,486,0.18,1
3,2,5364,2,10,5,0,300,0.5,1700,0.5,1
3,3,13713,0,0,500,0.6,1000,0.2,1400,0.2,1
3,4,439,2,10,5,0,666,0.42,420,0.58,1
3,5,10344,1,0,666,0.42,420,0.58,1
3,6,3963,2,10,5,0,300,0.5,572,0.32,486,0.18,1
3,7,9716,0,0,666,0.42,420,0.58,1
3,8,11000,2,10,5,0,300,0.5,1700,0.5,1
3,9,1338,2,10,5,0,300,0.5,1700,0.5,1
3,10,6526,0,0,300,0.5,1700,0.5,1
3,11,11973,1,0,666,0.42,420,0.58,1
4,0,12877,0,0,300,0.5,1700,0.5,1
4,1,4124,0,0,500,0.6,1000,0.2,1400,0.2,1
4,2,7815,2,10,5,0,300,0.5,572,0.32,486,0.18,1
4,3,9644,0,0,300,0.5,1700,0.5,1
4,4,6596,0,0,500,0.6,1000,0.2,1400,0.2,1
4,5,1099,0,0,500,0.6,1000,0.2,1400,0.2,1
4,6,1034,2,10,5,0,300,0.5,1700,0.5,1
4,7,14178,2,10,5,0,300,0.5,1700,0.5,1
4,8,12488,0,0,666,0.42,420,0.58,1
4,9,5730,0,0,300,0.5,572,0.32,486,0.18,1
4,10,12076,0,0,300,0.5,572,0.32,486,0.18,1
4,11,13048,1,0,300,0.5,572,0.32,486,0.18,1
5,0,2469,1,0,300,0.5,1700,0.5,1
5,1,10162,0,0,300,0.5,1700,0.5,1
5,2,2226,2,10,5,0,300,0.5,572,0.32,486,0.18,1
5,3,3379,0,0,666,0.42,420,0.58,1
5,4,6345,1,0,666,0.42,420,0.58,1
5,5,7738,0,0,500,0.6,1000,0.2,1400,0.2,1
5,6,14804,2,10,5,0,666,0.42,420,0.58,1
5,7,2393,2,10,5,0,300,0.5,572,0.32,486,0.18,1
5,8,2495,1,0,300,0.5,1700,0.5,1
5,9,2605,1,0,666,0.42,420,0.58,1
5,10,9790,1,0,500,0.6,1000,0.2,1400,0.2,1
5,11,8910,0,0,300,0.5,1700,0.5,1
6,0,13031,2,10,5,0,300,0.5,572,0.32,486,0.18,1
6,1,6443,2,10,5,0,300,0.5,1700,0.5,1
6,2,10603,1,0,300,0.5,1700,0.5,1
6,3,4919,1,0,300,0.5,572,0.32,486,0.18,1
6,4,5232,1,0,300,0.5,1700,0.5,1
6,5,4441,1,0,500,0.6,1000,0.2,1400,0.2,1
6,6,5099,0,0,300,0.5,1700,0.5,1
6,7,2311,0,0,300,0.5,1700,0.5,1
6,8,9426,0,0,500,0.6,1000,0.2,1400,0.2,1
6,9,5602,2,10,5,0,300,0.5,572,0.32,486,0.18,1
6,10,14194,0,0,500,0.6,1000,0.2,1400,0.2,1
6,11,8690,2,10,5,0,666,0.42,420,0.58,1
7,0,1217,0,0,500,0.6,1000,0.2,1400,0.2,1
7,1,10505,2,10,5,0,300,0.5,572,0.32,486,0.18,1
7,2,11365,1,0,500,0.6,1000,0.2,1400,0.2,1
7,3,12606,1,0,500,0.6,1000,0.2,1400,0.2,1
7,4,3303,1,0,300,0.5,572,0.32,486,0.18,1
7,5,2191,2,10,5,0,666,0.42,420,0.58,1
7,6,13143,0,0,500,0.6,1000,0.2,1400,0.2,1
7,7,4197,1,0,300,0.5,572,0.32,486,0.18,1
7,8,9182,1,0,300,0.5,1700,0.5,1
7,9,4749,1,0,666,0.42,420,0.58,1
7,10,8322,2,10,5,0,300,0.5,572,0.32,486,0.18,1
7,11,3577,0,0,300,0.5,572,0.32,486,0.18,1
8,0,9463,1,0,500,0.6,1000,0.2,1400,0.2,1
8,1,10796,1,0,500,0.6,1000,0.2,1400,0.2,1
8,2,2721,0,0,300,0.5,1700,0.5,1
8,3,6498,1,0,500,0.6,1000,0.2,1400,0.2,1
8,4,2964,2,10,5,0,300,0.5,1700,0.5,1
8,5,2975,0,0,300,0.5,572,0.32,486,0.18,1
8,6,8745,1,0,300,0.5,572,0.32,486,0.18,1
8,7,3373,1,0,300,0.5,1700,0.5,1
8,8,2067,0,0,300,0.5,572,0.32,486,0.18,1
8,9,4953,2,10,5,0,300,0.5,1700,0.5,1
8,10,2804,1,0,300,0.5,1700,0.5,1
8,11,14661,1,0,500,0.6,1000,0.2,1400,0.2,1
9,0,8690,2,10,5,0,500,0.6,1000,0.2,1400,0.2,1
9,1,1014,1,0,666,0.42,420,0.58,1
9,2,4139,2,10,5,0,300,0.5,572,0.32,486,0.18,1
9,3,13786,2,10,5,0,300,0.5,572,0.32,486,0.18,1
9,4,7962,1,0,666,0.42,420,0.58,1
9,5,10668,1,0,500,0.6,1000,0.2,1400,0.2,1
9,6,11487,0,0,300,0.5,1700,0.5,1
9,7,4951,1,0,500,0.6,1000,0.2,1400,0.2,1
9,8,2662,2,10,5,0,300,0.5,572,0.32,486,0.18,1
9,9,565,0,0,500,0.6,1000,0.2,1400,0.2,1
9,10,13419,0,0,666,0.42,420,0.58,1
9,11,6906,1,0,500,0.6,1000,0.2,1400,0.2,1
10,0,14934,1,0,300,0.5,1700,0.5,1
10,1,9127,2,10,5,0,500,0.6,1000,0.2,1400,0.2,1
10,2,10794,2,10,5,0,300,0.5,572,0.32,486,0.18,1
10,3,2046,2,10,5,0,300,0.5,572,0.32,486,0.18,1
10,4,6794,1,0,666,0.42,420,0.58,1
10,5,227,2,10,5,0,300,0.5,1700,0.5,1
10,6,5952,2,10,5,0,300,0.5,1700,0.5,1
10,7,14988,1,0,300,0.5,1700,0.5,1
10,8,12764,1,0,300,0.5,1700,0.5,1
10,9,8250,1,0,300,0.5,1700,0.5,1
10,10,11304,1,0,666,0.42,420,0.58,1
10,11,3559,1,0,666,0.42,420,0.58,1
11,0,12519,0,0,300,0.5,572,0.32,486,0.18,1
11,1,10537,2,10,5,0,300,0.5,1700,0.5,1
11,2,7009,2,10,5,0,300,0.5,572,0.32,486,0.18,1
11,3,3260,1,0,300,0.5,1700,0.5,1
11,4,7677,0,0,300,0.5,1700,0.5,1
11,5,12624,0,0,666,0.42,420,0.58,1
11,6,4752,1,0,500,0.6,1000,0.2,1400,0.2,1
11,7,4233,2,10,5,0,300,0.5,1700,0.5,1
11,8,8726,1,0,666,0.42,420,0.58,1
11,9,10202,1,0,500,0.6,1000,0.2,1400,0.2,1
11,10,14804,1,0,500,0.6,1000,0.2,1400,0.2,1
11,11,5129,2,10,5,0,300,0.5,572,0.32,486,0.18,1
