0,0,13596,1,0,300,0.5,1700,0.5,1
0,1,4420,1,0,666,0.42,420,0.58,1
0,2,11599,0,0,300,0.5,1700,0.5,1
0,3,11857,0,0,666,0.42,420,0.58,1
0,4,10984,1,0,300,0.5,1700,0.5,1
0,5,9051,2,10,5,0,300,0.5,1700,0.5,1
0,6,6591,1,0,500,0.6,1000,0.2,1400,0.2,1
0,7,9939,1,0,500,0.6,1000,0.2,1400,0.2,1
0,8,9089,2,10,5,0,300,0.5,572,0.32,486,0.18,1
0,9,5441,1,0,666,0.42,420,0.58,1
0,10,1607,2,10,5,0,500,0.6,1000,0.2,1400,0.2,1
0,11,806,1,0,300,0.5,572,0.32,486,0.18,1
1,0,11856,2,10,5,0,300,0.5,572,0.32,486,0.18,1
1,1,1237,2,10,5,0,666,0.42,420,0.58,1
1,2,1093,0,0,666,0.42,420,0.58,0
1,3,6189,0,0,300,0.5,1700,0.5,1
1,4,13392,1,0,300,0.5,1700,0.5,1
1,5,8505,0,0,300,0.5,572,0.32,486,0.18,1
1,6,12081,0,0,300,0.5,1700,0.5,1
1,7,1984,0,0,300,0.5,572,0.32,486,0.18,1
1,8,14168,2,10,5,0,300,0.5,1700,0.5,1
1,9,7048,1,0,500,0.6,1000,0.2,1400,0.2,1
1,10,7373,2,10,5,0,666,0.42,420,0.58,1
1,11,3695,1,0,300,0.5,1700,0.5,1
2,0,6993,1,0,500,0.6,1000,0.2,1400,0.2,1
2,1,6089,2,10,5,0,300,0.5,1700,0.5,1
2,2,2250,1,0,666,0.42,420,0.58,1
2,3,3115,2,10,5,0,300,0.5,1700,0.5,1
2,4,12544,2,10,5,0,666,0.42,420,0.58,1
2,5,14174,2,10,5,0,300,0.5,1700,0.5,1
2,6,6710,1,0,300,0.5,572,0.32,486,0.18,1
2,7,5405,0,0,300,0.5,572,0.32,486,0.18,1
2,8,10378,0,0,500,0.6,1000,0.2,1400,0.2,1
2,9,230,2,10,5,0,500,0.6,1000,0.2,1400,0.2,1
2,10,13000,0,0,500,0.6,1000,0.2,1400,0.2,1
2,11,6644,2,10,5,0,500,0.6,1000,0.2,1400,0.2,1
3,0,13615,2,10,5,0,300,0.5,1700,0.5,1
3,1,3511,0,0,300,0.5,1700,0.5,1
3,2,8047,2,10,5,0,300,0.5,572,0.32,486,0.18,1
3,3,12839,0,0,300,0.5,1700,0.5,1
3,4,4563,1,0,500,0.6,1000,0.2,1400,0.2,1
3,5,12384,2,10,5,0,300,0.5,1700,0.5,1
3,6,10551,2,10,5,0,666,0.42,420,0.58,1
3,7,11218,2,10,5,0,300,0.5,572,0.32,486,0.18,1
3,8,8177,2,10,5,0,666,0.42,420,0.58,1
3,9,2422,0,0,500,0.6,1000,0.2,1400,0.2,1
3,10,9270,0,0,300,0.5,1700,0.5,1
3,11,11880,2,10,5,0,666,0.42,420,0.58,1
4,0,6327,0,0,666,0.42,420,0.58,1
4,1,12635,0,0,500,0.6,1000,0.2,1400,0.2,1
4,2,8027,1,0,500,0.6,1000,0.2,1400,0.2,1
4,3,7448,1,0,666,0.42,420,0.58,1
4,4,14961,1,0,300,0.5,1700,0.5,1
4,5,1987,1,0,500,0.6,1000,0.2,1400,0.2,1
4,6,9655,0,0,300,0.5,1700,0.5,1
4,7,6079,1,0,500,0.6,1000,0.2,1400,0.2,1
4,8,10976,2,10,5,0,666,0.42,420,0.58,1
4,9,618,1,0,666,0.42,420,0.58,1
4,10,1581,1,0,500,0.6,1000,0.2,1400,0.2,1
4,11,2966,0,0,500,0.6,1000,0.2,1400,0.2,1
5,0,9848,1,0,300,0.5,572,0.32,486,0.18,1
5,1,14317,0,0,300,0.5,1700,0.5,1
5,2,11694,0,0,666,0.42,420,0.58,1
5,3,1047,0,0,666,0.42,420,0.58,1
5,4,4964,1,0,300,0.5,572,0.32,486,0.18,1
5,5,12354,0,0,666,0.42,420,0.58,1
5,6,8952,1,0,300,0.5,572,0.32,486,0.18,1
5,7,3737,0,0,300,0.5,572,0.32,486,0.18,1
5,8,14142,1,0,300,0.5,1700,0.5,1
5,9,14387,0,0,300,0.5,572,0.32,486,0.18,1
5,10,13028,1,0,500,0.6,1000,0.2,1400,0.2,1
5,11,7700,1,0,500,0.6,1000,0.2,1400,0.2,1
6,0,6239,0,0,300,0.5,1700,0.5,1
6,1,8544,0,0,666,0.42,420,0.58,1
6,2,10139,2,10,5,0,666,0.42,420,0.58,1
6,3,8803,2,10,5,0,300,0.5,1700,0.5,1
6,4,10316,0,0,300,0.5,1700,0.5,1
6,5,8622,1,0,500,0.6,1000,0.2,1400,0.2,1
6,6,5453,1,0,500,0.6,1000,0.2,1400,0.2,1
6,7,7375,2,10,5,0,300,0.5,1700,0.5,1
6,8,497,2,10,5,0,300,0.5,1700,0.5,1
6,9,3418,0,0,666,0.42,420,0.58,1
6,10,5421,2,10,5,0,300,0.5,1700,0.5,1
6,11,11306,2,10,5,0,300,0.5,1700,0.5,1
7,0,10492,1,0,300,0.5,572,0.32,486,0.18,1
7,1,7784,2,10,5,0,500,0.6,1000,0.2,1400,0.2,1
7,2,1217,0,0,500,0.6,1000,0.2,1400,0.2,1
7,3,1768,0,0,300,0.5,572,0.32,486,0.18,1
7,4,9504,2,10,5,0,300,0.5,572,0.32,486,0.18,1
7,5,175,0,0,666,0.42,420,0.58,1
7,6,6745,2,10,5,0,300,0.5,1700,0.5,1
7,7,3481,2,10,5,0,500,0.6,1000,0.2,1400,0.2,1
7,8,1364,0,0,666,0.42,420,0.58,1
7,9,11357,1,0,666,0.42,420,0.58,1
7,10,9569,0,0,300,0.5,1700,0.5,1
7,11,5554,2,10,5,0,500,0.6,1000,0.2,1400,0.2,1
8,0,2456,1,0,300,0.5,572,0.32,486,0.18,1
8,1,7822,0,0,666,0.42,420,0.58,1
8,2,11638,0,0,500,0.6,1000,0.2,1400,0.2,1
8,3,186,2,10,5,0,300,0.5,1700,0.5,1
8,4,5028,0,0,300,0.5,572,0.32,486,0.18,1
8,5,3214,0,0,666,0.42,420,0.58,1
8,6,9411,2,10,5,0,500,0.6,1000,0.2,1400,0.2,1
8,7,2939,2,10,5,0,666,0.42,420,0.58,1
8,8,12956,1,0,500,0.6,1000,0.2,1400,0.2,1
8,9,7285,1,0,300,0.5,1700,0.5,1
8,10,3174,0,0,300,0.5,572,0.32,486,0.18,1
8,11,5103,1,0,300,0.5,572,0.32,486,0.18,1
9,0,4082,1,0,300,0.5,1700,0.5,1
9,1,2270,0,0,666,0.42,420,0.58,1
9,2,8763,0,0,300,0.5,572,0.32,486,0.18,1
9,3,10628,2,10,5,0,666,0.42,420,0.58,1
9,4,10381,2,10,5,0,666,0.42,420,0.58,1
9,5,3007,1,0,300,0.5,1700,0.5,1
9,6,2956,0,0,300,0.5,1700,0.5,1
9,7,2381,0,0,666,0.42,420,0.58,1
9,8,7297,1,0,666,0.42,420,0.58,1
9,9,98,2,10,5,0,500,0.6,1000,0.2,1400,0.2,1
9,10,4145,1,0,300,0.5,1700,0.5,1
9,11,11878,1,0,300,0.5,572,0.32,486,0.18,1
10,0,11872,1,0,666,0.42,420,0.58,1
10,1,1122,1,0,300,0.5,572,0.32,486,0.18,1
10,2,6239,1,0,500,0.6,1000,0.2,1400,0.2,1
10,3,7522,0,0,500,0.6,1000,0.2,1400,0.2,1
10,4,9893,0,0,666,0.42,420,0.58,1
10,5,12327,1,0,300,0.5,572,0.32,486,0.18,1
10,6,14215,2,10,5,0,300,0.5,1700,0.5,1
10,7,13826,0,0,300,0.5,572,0.32,486,0.18,1
10,8,14555,0,0,500,0.6,1000,0.2,1400,0.2,1
10,9,5803,1,0,500,0.6,1000,0.2,1400,0.2,1
10,10,10740,0,0,500,0.6,1000,0.2,1400,0.2,1
10,11,14398,0,0,300,0.5,1700,0.5,1
11,0,6843,1,0,500,0.6,1000,0.2,1400,0.2,1
11,1,13292,1,0,300,0.5,572,0.32,486,0.18,1
11,2,7444,2,10,5,0,500,0.6,1000,0.2,1400,0.2,1
11,3,13677,1,0,300,0.5,572,0.32,486,0.18,1
11,4,14721,2,10,5,0,300,0.5,572,0.32,486,0.18,1
11,5,13274,2,10,5,0,300,0.5,572,0.32,486,0.18,1
11,6,10912,2,10,5,0,666,0.42,420,0.58,1
11,7,1722,1,0,500,0.6,1000,0.2,1400,0.2,1
11,8,12368,0,0,300,0.5,572,0.32,486,0.18,1
11,9,3034,1,0,300,0.5,572,0.32,486,0.18,1
11,10,5428,0,0,666,0.42,420,0.58,1
11,11,4234,2,10,5,0,300,0.5,572,0.32,486,0.18,1
