0,0,10786,0,0,500,0.6,1000,0.2,1400,0.2,1
0,1,6446,0,0,300,0.5,572,0.32,486,0.18,1
0,2,2442,2,10,5,0,500,0.6,1000,0.2,1400,0.2,1
0,3,11841,1,0,666,0.42,420,0.58,1
0,4,9359,2,10,5,0,300,0.5,572,0.32,486,0.18,1
0,5,3179,0,0,300,0.5,572,0.32,486,0.18,1
0,6,4445,0,0,300,0.5,1700,0.5,1
0,7,12291,2,10,5,0,666,0.42,420,0.58,1
0,8,3831,2,10,5,0,666,0.42,420,0.58,1
0,9,6842,2,10,5,0,300,0.5,572,0.32,486,0.18,1
0,10,11849,1,0,500,0.6,1000,0.2,1400,0.2,1
0,11,6431,1,0,500,0.6,1000,0.2,1400,0.2,1
1,0,7118,2,10,5,0,300,0.5,572,0.32,486,0.18,1
1,1,5728,1,0,500,0.6,1000,0.2,1400,0.2,1
1,2,8300,2,10,5,0,300,0.5,572,0.32,486,0.18,0
1,3,7433,0,0,300,0.5,1700,0.5,1
1,4,11214,2,10,5,0,300,0.5,572,0.32,486,0.18,1
1,5,12786,1,0,666,0.42,420,0.58,1
1,6,12029,2,10,5,0,300,0.5,572,0.32,486,0.18,1
1,7,4000,1,0,666,0.42,420,0.58,1
1,8,9973,2,10,5,0,300,0.5,572,0.32,486,0.18,1
1,9,4813,0,0,500,0.6,1000,0.2,1400,0.2,1
1,10,1725,1,0,500,0.6,1000,0.2,1400,0.2,1
1,11,8118,1,0,300,0.5,572,0.32,486,0.18,1
2,0,9446,1,0,300,0.5,572,0.32,486,0.18,1
2,1,10978,1,0,500,0.6,1000,0.2,1400,0.2,1
2,2,14206,2,10,5,0,300,0.5,1700,0.5,1
2,3,14277,1,0,300,0.5,1700,0.5,1
2,4,6238,2,10,5,0,300,0.5,1700,0.5,1
2,5,10530,0,0,300,0.5,1700,0.5,1
2,6,4775,2,10,5,0,666,0.42,420,0.58,1
2,7,10321,2,10,5,0,500,0.6,1000,0.2,1400,0.2,1
2,8,11679,1,0,500,0.6,1000,0.2,1400,0.2,1
2,9,8102,0,0,300,0.5,1700,0.5,1
2,10,9343,0,0,300,0.5,572,0.32,486,0.18,1
2,11,1864,1,0,500,0.6,1000,0.2,1400,0.2,1
3,0,1214,2,10,5,0,500,0.6,1000,0.2,1400,0.2,1
3,1,8051,2,10,5,0,500,0.6,1000,0.2,1400,0.2,1
3,2,9574,1,0,300,0.5,572,0.32,486,0.18,1
3,3,5236,2,10,5,0,666,0.42,420,0.58,1
3,4,14531,2,10,5,0,500,0.6,1000,0.2,1400,0.2,1
3,5,12957,2,10,5,0,666,0.42,420,0.58,1
3,6,4894,0,0,300,0.5,1700,0.5,1
3,7,6324,2,10,5,0,300,0.5,1700,0.5,1
3,8,1539,2,10,5,0,500,0.6,1000,0.2,1400,0.2,1
3,9,9112,0,0,666,0.42,420,0.58,1
3,10,10639,1,0,666,0.42,420,0.58,1
3,11,13645,0,0,500,0.6,1000,0.2,1400,0.2,1
4,0,13332,0,0,300,0.5,572,0.32,486,0.18,1
4,1,4302,1,0,300,0.5,1700,0.5,1
4,2,995,1,0,500,0.6,1000,0.2,1400,0.2,1
4,3,5571,0,0,300,0.5,1700,0.5,1
4,4,2228,0,0,500,0.6,1000,0.2,1400,0.2,1
4,5,380,0,0,300,0.5,1700,0.5,1
4,6,14680,2,10,5,0,300,0.5,1700,0.5,1
4,7,14015,1,0,500,0.6,1000,0.2,1400,0.2,1
4,8,11020,0,0,300,0.5,1700,0.5,1
4,9,2888,1,0,500,0.6,1000,0.2,1400,0.2,1
4,10,3775,0,0,300,0.5,572,0.32,486,0.18,1
4,11,13543,1,0,666,0.42,420,0.58,1
5,0,13077,2,10,5,0,500,0.6,1000,0.2,1400,0.2,1
5,1,8238,0,0,500,0.6,1000,0.2,1400,0.2,1
5,2,3465,2,10,5,0,300,0.5,1700,0.5,1
5,3,4749,0,0,666,0.42,420,0.58,1
5,4,14101,1,0,300,0.5,572,0.32,486,0.18,1
5,5,9506,2,10,5,0,300,0.5,572,0.32,486,0.18,1
5,6,7429,2,10,5,0,300,0.5,572,0.32,486,0.18,1
5,7,14626,1,0,500,0.6,1000,0.2,1400,0.2,1
5,8,2919,2,10,5,0,300,0.5,1700,0.5,1
5,9,6223,2,10,5,0,666,0.42,420,0.58,1
5,10,11794,0,0,666,0.42,420,0.58,1
5,11,5967,1,0,500,0.6,1000,0.2,1400,0.2,1
6,0,14629,0,0,300,0.5,572,0.32,486,0.18,1
6,1,8425,2,10,5,0,300,0.5,1700,0.5,1
6,2,141,2,10,5,0,300,0.5,572,0.32,486,0.18,1
6,3,14349,0,0,300,0.5,1700,0.5,1
6,4,14500,0,0,500,0.6,1000,0.2,1400,0.2,1
6,5,12363,1,0,300,0.5,1700,0.5,1
6,6,258,0,0,666,0.42,420,0.58,1
6,7,11856,1,0,300,0.5,1700,0.5,1
6,8,3431,2,10,5,0,300,0.5,1700,0.5,1
6,9,2773,1,0,300,0.5,1700,0.5,1
6,10,14239,2,10,5,0,500,0.6,1000,0.2,1400,0.2,1
6,11,13388,1,0,500,0.6,1000,0.2,1400,0.2,1
7,0,12417,0,0,500,0.6,1000,0.2,1400,0.2,1
7,1,8775,2,10,5,0,300,0.5,1700,0.5,1
7,2,2478,1,0,500,0.6,1000,0.2,1400,0.2,1
7,3,996,1,0,300,0.5,572,0.32,486,0.18,1
7,4,1471,0,0,666,0.42,420,0.58,1
7,5,8937,0,0,666,0.42,420,0.58,1
7,6,12639,0,0,666,0.42,420,0.58,1
7,7,5410,0,0,500,0.6,1000,0.2,1400,0.2,1
7,8,5744,0,0,300,0.5,1700,0.5,1
7,9,12833,1,0,300,0.5,1700,0.5,1
7,10,11141,2,10,5,0,500,0.6,1000,0.2,1400,0.2,1
7,11,11658,0,0,666,0.42,420,0.58,1
8,0,12513,1,0,300,0.5,1700,0.5,1
8,1,1397,1,0,300,0.5,1700,0.5,1
8,2,1245,2,10,5,0,666,0.42,420,0.58,1
8,3,5235,0,0,500,0.6,1000,0.2,1400,0.2,1
8,4,1455,2,10,5,0,666,0.42,420,0.58,1
8,5,6067,2,10,5,0,500,0.6,1000,0.2,1400,0.2,1
8,6,9698,0,0,666,0.42,420,0.58,1
8,7,11317,1,0,666,0.42,420,0.58,1
8,8,12773,2,10,5,0,500,0.6,1000,0.2,1400,0.2,1
8,9,14016,0,0,500,0.6,1000,0.2,1400,0.2,1
8,10,9869,0,0,300,0.5,1700,0.5,1
8,11,3730,0,0,666,0.42,420,0.58,1
9,0,7108,2,10,5,0,500,0.6,1000,0.2,1400,0.2,1
9,1,9945,1,0,300,0.5,572,0.32,486,0.18,1
9,2,14168,1,0,500,0.6,1000,0.2,1400,0.2,1
9,3,11967,2,10,5,0,500,0.6,1000,0.2,1400,0.2,1
9,4,2783,2,10,5,0,666,0.42,420,0.58,1
9,5,14545,1,0,300,0.5,572,0.32,486,0.18,1
9,6,3872,1,0,300,0.5,572,0.32,486,0.18,1
9,7,12283,2,10,5,0,300,0.5,1700,0.5,1
9,8,14258,0,0,500,0.6,1000,0.2,1400,0.2,1
9,9,4150,2,10,5,0,500,0.6,1000,0.2,1400,0.2,1
9,10,10216,2,10,5,0,666,0.42,420,0.58,1
9,11,11470,2,10,5,0,666,0.42,420,0.58,1
10,0,5424,0,0,666,0.42,420,0.58,1
10,1,14231,2,10,5,0,500,0.6,1000,0.2,1400,0.2,1
10,2,169,1,0,500,0.6,1000,0.2,1400,0.2,1
10,3,8252,0,0,300,0.5,1700,0.5,1
10,4,7473,2,10,5,0,666,0.42,420,0.58,1
10,5,5093,0,0,300,0.5,572,0.32,486,0.18,1
10,6,10351,0,0,500,0.6,1000,0.2,1400,0.2,1
10,7,8826,1,0,500,0.6,1000,0.2,1400,0.2,1
10,8,8788,2,10,5,0,300,0.5,1700,0.5,1
10,9,14231,0,0,500,0.6,1000,0.2,1400,0.2,1
10,10,14600,1,0,300,0.5,1700,0.5,1
10,11,8715,2,10,5,0,300,0.5,572,0.32,486,0.18,1
11,0,1558,2,10,5,0,666,0.42,420,0.58,1
11,1,666,0,0,500,0.6,1000,0.2,1400,0.2,1
11,2,7655,0,0,666,0.42,420,0.58,1
11,3,12472,0,0,500,0.6,1000,0.2,1400,0.2,1
11,4,14227,2,10,5,0,300,0.5,572,0.32,486,0.18,1
11,5,54,0,0,500,0.6,1000,0.2,1400,0.2,1
11,6,13508,0,0,666,0.42,420,0.58,1
11,7,10375,2,10,5,0,300,0.5,572,0.32,486,0.18,1
11,8,5112,2,10,5,0,300,0.5,572,0.32,486,0.18,1
11,9,280,0,0,300,0.5,572,0.32,486,0.18,1
11,10,5934,1,0,300,0.5,572,0.32,486,0.18,1
11,11,2196,2,10,5,0,300,0.5,572,0.32,486,0.18,1
