0,0,12402,1,0,300,0.5,1700,0.5,1
0,1,9975,2,10,5,0,500,0.6,1000,0.2,1400,0.2,1
0,2,9994,0,0,666,0.42,420,0.58,1
0,3,5276,0,0,500,0.6,1000,0.2,1400,0.2,1
0,4,9202,2,10,5,0,300,0.5,572,0.32,486,0.18,1
0,5,2766,2,10,5,0,500,0.6,1000,0.2,1400,0.2,1
0,6,678,0,0,300,0.5,1700,0.5,1
0,7,11472,0,0,300,0.5,572,0.32,486,0.18,1
0,8,4596,0,0,500,0.6,1000,0.2,1400,0.2,1
0,9,407,1,0,300,0.5,572,0.32,486,0.18,1
0,10,2591,2,10,5,0,300,0.5,1700,0.5,1
0,11,238,2,10,5,0,500,0.6,1000,0.2,1400,0.2,1
1,0,8337,0,0,500,0.6,1000,0.2,1400,0.2,1
1,1,2208,0,0,500,0.6,1000,0.2,1400,0.2,1
1,2,12234,2,10,5,0,666,0.42,420,0.58,0
1,3,8037,0,0,666,0.42,420,0.58,1
1,4,5916,2,10,5,0,500,0.6,1000,0.2,1400,0.2,1
1,5,12565,1,0,666,0.42,420,0.58,1
1,6,2902,0,0,300,0.5,572,0.32,486,0.18,1
1,7,1793,1,0,300,0.5,572,0.32,486,0.18,1
1,8,677,1,0,300,0.5,572,0.32,486,0.18,1
1,9,2002,2,10,5,0,300,0.5,572,0.32,486,0.18,1
1,10,14443,0,0,300,0.5,572,0.32,486,0.18,1
1,11,12869,1,0,300,0.5,1700,0.5,1
2,0,6393,1,0,300,0.5,572,0.32,486,0.18,1
2,1,12260,2,10,5,0,666,0.42,420,0.58,1
2,2,11211,1,0,666,0.42,420,0.58,1
2,3,4030,2,10,5,0,500,0.6,1000,0.2,1400,0.2,1
2,4,3594,0,0,300,0.5,1700,0.5,1
2,5,14240,0,0,300,0.5,1700,0.5,1
2,6,14527,2,10,5,0,300,0.5,1700,0.5,1
2,7,10874,1,0,500,0.6,1000,0.2,1400,0.2,1
2,8,8390,1,0,666,0.42,420,0.58,1
2,9,7396,2,10,5,0,300,0.5,1700,0.5,1
2,10,8588,0,0,666,0.42,420,0.58,1
2,11,4809,0,0,666,0.42,420,0.58,1
3,0,11579,2,10,5,0,666,0.42,420,0.58,1
3,1,4559,2,10,5,0,500,0.6,1000,0.2,1400,0.2,1
3,2,13965,1,0,666,0.42,420,0.58,1
3,3,1864,1,0,500,0.6,1000,0.2,1400,0.2,1
3,4,10181,2,10,5,0,500,0.6,1000,0.2,1400,0.2,1
3,5,564,1,0,300,0.5,1700,0.5,1
3,6,9002,2,10,5,0,300,0.5,1700,0.5,1
3,7,3684,1,0,300,0.5,572,0.32,486,0.18,1
3,8,6676,2,10,5,0,300,0.5,572,0.32,486,0.18,1
3,9,9392,1,0,666,0.42,420,0.58,1
3,10,13101,1,0,300,0.5,572,0.32,486,0.18,1
3,11,5732,2,10,5,0,500,0.6,1000,0.2,1400,0.2,1
4,0,1531,1,0,300,0.5,1700,0.5,1
4,1,7052,1,0,300,0.5,572,0.32,486,0.18,1
4,2,14660,0,0,300,0.5,1700,0.5,1
4,3,8161,2,10,5,0,500,0.6,1000,0.2,1400,0.2,1
4,4,5866,2,10,5,0,666,0.42,420,0.58,1
4,5,14620,0,0,500,0.6,1000,0.2,1400,0.2,1
4,6,3403,2,10,5,0,500,0.6,1000,0.2,1400,0.2,1
4,7,9330,0,0,300,0.5,572,0.32,486,0.18,1
4,8,4693,2,10,5,0,300,0.5,572,0.32,486,0.18,1
4,9,13261,0,0,300,0.5,1700,0.5,1
4,10,7909,1,0,300,0.5,1700,0.5,1
4,11,13092,2,10,5,0,300,0.5,1700,0.5,1
5,0,13100,2,10,5,0,666,0.42,420,0.58,1
5,1,794,2,10,5,0,500,0.6,1000,0.2,1400,0.2,1
5,2,3831,1,0,500,0.6,1000,0.2,1400,0.2,1
5,3,13978,1,0,300,0.5,1700,0.5,1
5,4,6196,2,10,5,0,300,0.5,572,0.32,486,0.18,1
5,5,13437,1,0,500,0.6,1000,0.2,1400,0.2,1
5,6,8943,0,0,300,0.5,572,0.32,486,0.18,1
5,7,11490,1,0,500,0.6,1000,0.2,1400,0.2,1
5,8,1932,1,0,666,0.42,420,0.58,1
5,9,7721,0,0,500,0.6,1000,0.2,1400,0.2,1
5,10,7103,0,0,300,0.5,1700,0.5,1
5,11,5989,1,0,500,0.6,1000,0.2,1400,0.2,1
6,0,5078,0,0,500,0.6,1000,0.2,1400,0.2,1
6,1,1996,0,0,300,0.5,572,0.32,486,0.18,1
6,2,94,1,0,666,0.42,420,0.58,1
6,3,876,1,0,500,0.6,1000,0.2,1400,0.2,1
6,4,951,1,0,300,0.5,1700,0.5,1
6,5,3694,2,10,5,0,666,0.42,420,0.58,1
6,6,8933,1,0,500,0.6,1000,0.2,1400,0.2,1
6,7,10128,0,0,666,0.42,420,0.58,1
6,8,3716,2,10,5,0,666,0.42,420,0.58,1
6,9,1621,1,0,500,0.6,1000,0.2,1400,0.2,1
6,10,11952,0,0,300,0.5,572,0.32,486,0.18,1
6,11,5718,0,0,300,0.5,572,0.32,486,0.18,1
7,0,11352,2,10,5,0,666,0.42,420,0.58,1
7,1,10567,2,10,5,0,500,0.6,1000,0.2,1400,0.2,1
7,2,9181,0,0,500,0.6,1000,0.2,1400,0.2,1
7,3,5647,0,0,500,0.6,1000,0.2,1400,0.2,1
7,4,9784,2,10,5,0,666,0.42,420,0.58,1
7,5,6189,1,0,500,0.6,1000,0.2,1400,0.2,1
7,6,1752,0,0,666,0.42,420,0.58,1
7,7,12087,2,10,5,0,666,0.42,420,0.58,1
7,8,2067,2,10,5,0,300,0.5,1700,0.5,1
7,9,4166,2,10,5,0,500,0.6,1000,0.2,1400,0.2,1
7,10,4234,0,0,666,0.42,420,0.58,1
7,11,14826,1,0,300,0.5,1700,0.5,1
8,0,4144,2,10,5,0,500,0.6,1000,0.2,1400,0.2,1
8,1,12738,0,0,300,0.5,572,0.32,486,0.18,1
8,2,10461,1,0,300,0.5,1700,0.5,1
8,3,3641,2,10,5,0,300,0.5,572,0.32,486,0.18,1
8,4,12225,0,0,500,0.6,1000,0.2,1400,0.2,1
8,5,10140,1,0,300,0.5,572,0.32,486,0.18,1
8,6,1998,1,0,300,0.5,572,0.32,486,0.18,1
8,7,3420,1,0,300,0.5,572,0.32,486,0.18,1
8,8,7353,2,10,5,0,300,0.5,572,0.32,486,0.18,1
8,9,3039,1,0,500,0.6,1000,0.2,1400,0.2,1
8,10,10309,1,0,500,0.6,1000,0.2,1400,0.2,1
8,11,4055,0,0,500,0.6,1000,0.2,1400,0.2,1
9,0,12502,1,0,300,0.5,572,0.32,486,0.18,1
9,1,11474,1,0,500,0.6,1000,0.2,1400,0.2,1
9,2,1006,1,0,500,0.6,1000,0.2,1400,0.2,1
9,3,10220,1,0,666,0.42,420,0.58,1
9,4,3084,0,0,300,0.5,1700,0.5,1
9,5,818,1,0,666,0.42,420,0.58,1
9,6,1532,2,10,5,0,666,0.42,420,0.58,1
9,7,7002,1,0,300,0.5,1700,0.5,1
9,8,10437,2,10,5,0,300,0.5,572,0.32,486,0.18,1
9,9,11891,0,0,666,0.42,420,0.58,1
9,10,8365,1,0,666,0.42,420,0.58,1
9,11,11243,0,0,300,0.5,1700,0.5,1
10,0,402,1,0,300,0.5,1700,0.5,1
10,1,2152,1,0,500,0.6,1000,0.2,1400,0.2,1
10,2,14976,1,0,300,0.5,1700,0.5,1
10,3,5292,2,10,5,0,500,0.6,1000,0.2,1400,0.2,1
10,4,2873,1,0,300,0.5,1700,0.5,1
10,5,10189,2,10,5,0,666,0.42,420,0.58,1
10,6,12328,0,0,666,0.42,420,0.58,1
10,7,10816,2,10,5,0,666,0.42,420,0.58,1
10,8,845,2,10,5,0,300,0.5,572,0.32,486,0.18,1
10,9,3107,0,0,666,0.42,420,0.58,1
10,10,5994,0,0,300,0.5,572,0.32,486,0.18,1
10,11,5720,1,0,300,0.5,1700,0.5,1
11,0,5829,1,0,300,0.5,572,0.32,486,0.18,1
11,1,2437,0,0,666,0.42,420,0.58,1
11,2,13798,0,0,300,0.5,572,0.32,486,0.18,1
11,3,8588,0,0,300,0.5,1700,0.5,1
11,4,3622,0,0,666,0.42,420,0.58,1
11,5,10048,1,0,300,0.5,572,0.32,486,0.18,1
11,6,8951,1,0,300,0.5,1700,0.5,1
11,7,12370,0,0,300,0.5,572,0.32,486,0.18,1
11,8,10556,0,0,300,0.5,1700,0.5,1
11,9,8952,2,10,5,0,300,0.5,1700,0.5,1
11,10,7102,0,0,500,0.6,1000,0.2,1400,0.2,1
11,11,13133,1,0,300,0.5,572,0.32,486,0.18,1
