0,0,12225,0,0,666,0.42,420,0.58,1
0,1,4308,2,10,5,0,300,0.5,572,0.32,486,0.18,1
0,2,11881,2,10,5,0,300,0.5,1700,0.5,1
0,3,11698,2,10,5,0,300,0.5,572,0.32,486,0.18,1
0,4,213,1,0,300,0.5,572,0.32,486,0.18,1
0,5,5973,1,0,300,0.5,1700,0.5,1
0,6,12201,2,10,5,0,500,0.6,1000,0.2,1400,0.2,1
0,7,10062,0,0,666,0.42,420,0.58,1
0,8,9060,1,0,666,0.42,420,0.58,1
0,9,9964,0,0,500,0.6,1000,0.2,1400,0.2,1
0,10,14409,0,0,300,0.5,572,0.32,486,0.18,1
0,11,8453,0,0,300,0.5,572,0.32,486,0.18,1
1,0,3476,2,10,5,0,300,0.5,1700,0.5,1
1,1,10426,0,0,666,0.42,420,0.58,1
1,2,13,1,0,300,0.5,1700,0.5,0
1,3,6087,1,0,300,0.5,1700,0.5,1
1,4,1250,0,0,500,0.6,1000,0.2,1400,0.2,1
1,5,680,1,0,666,0.42,420,0.58,1
1,6,14412,0,0,300,0.5,1700,0.5,1
1,7,3156,2,10,5,0,300,0.5,572,0.32,486,0.18,1
1,8,3343,0,0,300,0.5,1700,0.5,1
1,9,6657,2,10,5,0,300,0.5,572,0.32,486,0.18,1
1,10,7136,1,0,666,0.42,420,0.58,1
1,11,6650,0,0,300,0.5,1700,0.5,1
2,0,9935,2,10,5,0,666,0.42,420,0.58,1
2,1,10317,1,0,500,0.6,1000,0.2,1400,0.2,1
2,2,4780,1,0,300,0.5,572,0.32,486,0.18,1
2,3,8286,0,0,666,0.42,420,0.58,1
2,4,7326,2,10,5,0,666,0.42,420,0.58,1
2,5,13546,2,10,5,0,300,0.5,572,0.32,486,0.18,1
2,6,5958,1,0,300,0.5,1700,0.5,1
2,7,7001,0,0,500,0.6,1000,0.2,1400,0.2,1
2,8,11911,0,0,300,0.5,572,0.32,486,0.18,1
2,9,11314,2,10,5,0,500,0.6,1000,0.2,1400,0.2,1
2,10,10813,0,0,300,0.5,572,0.32,486,0.18,1
2,11,11926,2,10,5,0,300,0.5,1700,0.5,1
3,0,12465,1,0,500,0.6,1000,0.2,1400,0.2,1
3,1,9219,0,0,300,0.5,572,0.32,486,0.18,1
3,2,2951,0,0,300,0.5,1700,0.5,1
3,3,13269,2,10,5,0,666,0.42,420,0.58,1
3,4,8113,0,0,300,0.5,572,0.32,486,0.18,1
3,5,4879,0,0,300,0.5,572,0.32,486,0.18,1
3,6,4847,1,0,500,0.6,1000,0.2,1400,0.2,1
3,7,11460,2,10,5,0,300,0.5,1700,0.5,1
3,8,1350,2,10,5,0,500,0.6,1000,0.2,1400,0.2,1
3,9,11033,2,10,5,0,300,0.5,572,0.32,486,0.18,1
3,10,8849,1,0,666,0.42,420,0.58,1
3,11,2323,2,10,5,0,500,0.6,1000,0.2,1400,0.2,1
4,0,4167,1,0,300,0.5,1700,0.5,1
4,1,9907,1,0,300,0.5,1700,0.5,1
4,2,10437,2,10,5,0,300,0.5,572,0.32,486,0.18,1
4,3,8252,0,0,666,0.42,420,0.58,1
4,4,13824,1,0,666,0.42,420,0.58,1
4,5,10515,0,0,300,0.5,1700,0.5,1
4,6,12950,2,10,5,0,300,0.5,572,0.32,486,0.18,1
4,7,209,2,10,5,0,300,0.5,572,0.32,486,0.18,1
4,8,1505,0,0,300,0.5,572,0.32,486,0.18,1
4,9,755,2,10,5,0,300,0.5,572,0.32,486,0.18,1
4,10,6416,0,0,300,0.5,1700,0.5,1
4,11,5879,2,10,5,0,300,0.5,572,0.32,486,0.18,1
5,0,8309,0,0,300,0.5,572,0.32,486,0.18,1
5,1,10602,0,0,666,0.42,420,0.58,1
5,2,13200,2,10,5,0,666,0.42,420,0.58,1
5,3,3904,0,0,666,0.42,420,0.58,1
5,4,2212,1,0,300,0.5,572,0.32,486,0.18,1
5,5,7561,2,10,5,0,500,0.6,1000,0.2,1400,0.2,1
5,6,10604,1,0,666,0.42,420,0.58,1
5,7,3538,0,0,666,0.42,420,0.58,1
5,8,7261,2,10,5,0,300,0.5,1700,0.5,1
5,9,14289,0,0,500,0.6,1000,0.2,1400,0.2,1
5,10,4533,1,0,300,0.5,572,0.32,486,0.18,1
5,11,13365,1,0,500,0.6,1000,0.2,1400,0.2,1
6,0,6283,2,10,5,0,500,0.6,1000,0.2,1400,0.2,1
6,1,8316,0,0,300,0.5,1700,0.5,1
6,2,1847,2,10,5,0,666,0.42,420,0.58,1
6,3,6750,2,10,5,0,500,0.6,1000,0.2,1400,0.2,1
6,4,11327,2,10,5,0,300,0.5,572,0.32,486,0.18,1
6,5,2612,2,10,5,0,666,0.42,420,0.58,1
6,6,13832,1,0,300,0.5,1700,0.5,1
6,7,3218,2,10,5,0,300,0.5,1700,0.5,1
6,8,1229,1,0,300,0.5,572,0.32,486,0.18,1
6,9,8397,2,10,5,0,666,0.42,420,0.58,1
6,10,4704,1,0,666,0.42,420,0.58,1
6,11,7258,0,0,300,0.5,572,0.32,486,0.18,1
7,0,11564,0,0,300,0.5,572,0.32,486,0.18,1
7,1,14749,1,0,300,0.5,572,0.32,486,0.18,1
7,2,12828,0,0,300,0.5,572,0.32,486,0.18,1
7,3,3950,0,0,666,0.42,420,0.58,1
7,4,6972,2,10,5,0,500,0.6,1000,0.2,1400,0.2,1
7,5,4034,0,0,300,0.5,1700,0.5,1
7,6,13394,2,10,5,0,300,0.5,572,0.32,486,0.18,1
7,7,1046,1,0,500,0.6,1000,0.2,1400,0.2,1
7,8,5603,2,10,5,0,500,0.6,1000,0.2,1400,0.2,1
7,9,14965,0,0,500,0.6,1000,0.2,1400,0.2,1
7,10,12851,0,0,666,0.42,420,0.58,1
7,11,1483,2,10,5,0,300,0.5,1700,0.5,1
8,0,10050,2,10,5,0,666,0.42,420,0.58,1
8,1,7585,2,10,5,0,300,0.5,572,0.32,486,0.18,1
8,2,3899,1,0,666,0.42,420,0.58,1
8,3,5382,0,0,666,0.42,420,0.58,1
8,4,9740,1,0,500,0.6,1000,0.2,1400,0.2,1
8,5,11840,2,10,5,0,300,0.5,572,0.32,486,0.18,1
8,6,1236,1,0,300,0.5,1700,0.5,1
8,7,1148,2,10,5,0,500,0.6,1000,0.2,1400,0.2,1
8,8,882,1,0,300,0.5,1700,0.5,1
8,9,14083,0,0,666,0.42,420,0.58,1
8,10,8378,0,0,300,0.5,572,0.32,486,0.18,1
8,11,6985,2,10,5,0,666,0.42,420,0.58,1
9,0,8618,1,0,300,0.5,1700,0.5,1
9,1,222,0,0,300,0.5,1700,0.5,1
9,2,5286,0,0,500,0.6,1000,0.2,1400,0.2,1
9,3,3215,2,10,5,0,300,0.5,1700,0.5,1
9,4,13864,0,0,300,0.5,572,0.32,486,0.18,1
9,5,12924,0,0,300,0.5,1700,0.5,1
9,6,4536,1,0,500,0.6,1000,0.2,1400,0.2,1
9,7,4164,0,0,300,0.5,1700,0.5,1
9,8,12605,2,10,5,0,666,0.42,420,0.58,1
9,9,3016,0,0,300,0.5,1700,0.5,1
9,10,2313,2,10,5,0,500,0.6,1000,0.2,1400,0.2,1
9,11,14680,1,0,300,0.5,572,0.32,486,0.18,1
10,0,14640,1,0,500,0.6,1000,0.2,1400,0.2,1
10,1,12667,1,0,300,0.5,572,0.32,486,0.18,1
10,2,14574,2,10,5,0,500,0.6,1000,0.2,1400,0.2,1
10,3,14858,0,0,666,0.42,420,0.58,1
10,4,4925,1,0,300,0.5,1700,0.5,1
10,5,4133,2,10,5,0,300,0.5,1700,0.5,1
10,6,2751,2,10,5,0,500,0.6,1000,0.2,1400,0.2,1
10,7,9577,1,0,500,0.6,1000,0.2,1400,0.2,1
10,8,10997,0,0,500,0.6,1000,0.2,1400,0.2,1
10,9,4569,2,10,5,0,300,0.5,1700,0.5,1
10,10,9330,0,0,300,0.5,1700,0.5,1
10,11,84,2,10,5,0,300,0.5,1700,0.5,1
11,0,14432,0,0,666,0.42,420,0.58,1
11,1,13531,2,10,5,0,300,0.5,1700,0.5,1
11,2,8383,2,10,5,0,500,0.6,1000,0.2,1400,0.2,1
11,3,13918,2,10,5,0,666,0.42,420,0.58,1
11,4,7059,0,0,300,0.5,1700,0.5,1
11,5,14926,2,10,5,0,666,0.42,420,0.58,1
11,6,1467,0,0,300,0.5,572,0.32,486,0.18,1
11,7,5418,2,10,5,0,500,0.6,1000,0.2,1400,0.2,1
11,8,10227,1,0,300,0.5,572,0.32,486,0.18,1
11,9,10461,2,10,5,0,666,0.42,420,0.58,1
11,10,6759,1,0,500,0.6,1000,0.2,1400,0.2,1
11,11,12894,0,0,300,0.5,1700,0.5,1
