0,0,3534,0,0,666,0.42,420,0.58,1
0,1,6322,2,10,5,0,666,0.42,420,0.58,1
0,2,8907,1,0,666,0.42,420,0.58,1
0,3,4280,2,10,5,0,666,0.42,420,0.58,1
0,4,13278,0,0,666,0.42,420,0.58,1
0,5,4098,1,0,300,0.5,1700,0.5,1
0,6,5569,0,0,500,0.6,1000,0.2,1400,0.2,1
0,7,12425,1,0,666,0.42,420,0.58,1
0,8,3917,2,10,5,0,666,0.42,420,0.58,1
0,9,1690,1,0,500,0.6,1000,0.2,1400,0.2,1
0,10,4351,0,0,300,0.5,572,0.32,486,0.18,1
0,11,5919,1,0,666,0.42,420,0.58,1
1,0,14244,0,0,300,0.5,1700,0.5,1
1,1,5301,0,0,300,0.5,1700,0.5,1
1,2,4049,2,10,5,0,300,0.5,1700,0.5,0
1,3,533,1,0,300,0.5,572,0.32,486,0.18,1
1,4,13460,0,0,666,0.42,420,0.58,1
1,5,8292,2,10,5,0,300,0.5,572,0.32,486,0.18,1
1,6,14887,0,0,666,0.42,420,0.58,1
1,7,8424,0,0,666,0.42,420,0.58,1
1,8,14320,2,10,5,0,300,0.5,1700,0.5,1
1,9,1115,0,0,300,0.5,572,0.32,486,0.18,1
1,10,5039,0,0,300,0.5,1700,0.5,1
1,11,5900,1,0,500,0.6,1000,0.2,1400,0.2,1
2,0,3517,1,0,300,0.5,1700,0.5,1
2,1,12221,0,0,666,0.42,420,0.58,1
2,2,1455,1,0,300,0.5,572,0.32,486,0.18,1
2,3,6788,2,10,5,0,666,0.42,420,0.58,1
2,4,777,1,0,666,0.42,420,0.58,1
2,5,247,0,0,300,0.5,1700,0.5,1
2,6,13162,1,0,500,0.6,1000,0.2,1400,0.2,1
2,7,14537,1,0,666,0.42,420,0.58,1
2,8,7007,0,0,300,0.5,1700,0.5,1
2,9,11129,2,10,5,0,666,0.42,420,0.58,1
2,10,3634,1,0,666,0.42,420,0.58,1
2,11,6560,1,0,300,0.5,1700,0.5,1
3,0,7418,1,0,300,0.5,1700,0.5,1
3,1,5363,0,0,666,0.42,420,0.58,1
3,2,6179,2,10,5,0,666,0.42,420,0.58,1
3,3,6959,0,0,666,0.42,420,0.58,1
3,4,14541,1,0,300,0.5,1700,0.5,1
3,5,12227,1,0,300,0.5,572,0.32,486,0.18,1
3,6,10763,1,0,300,0.5,572,0.32,486,0.18,1
3,7,2762,1,0,666,0.42,420,0.58,1
3,8,6019,1,0,300,0.5,572,0.32,486,0.18,1
3,9,12789,2,10,5,0,300,0.5,572,0.32,486,0.18,1
3,10,7482,0,0,300,0.5,1700,0.5,1
3,11,4989,0,0,300,0.5,572,0.32,486,0.18,1
4,0,2572,0,0,666,0.42,420,0.58,1
4,1,13037,2,10,5,0,666,0.42,420,0.58,1
4,2,3394,1,0,300,0.5,1700,0.5,1
4,3,2807,0,0,500,0.6,1000,0.2,1400,0.2,1
4,4,14979,1,0,500,0.6,1000,0.2,1400,0.2,1
4,5,9205,1,0,300,0.5,572,0.32,486,0.18,1
4,6,8997,0,0,300,0.5,572,0.32,486,0.18,1
4,7,13298,0,0,300,0.5,1700,0.5,1
4,8,9713,2,10,5,0,500,0.6,1000,0.2,1400,0.2,1
4,9,917,0,0,500,0.6,1000,0.2,1400,0.2,1
4,10,12887,0,0,300,0.5,1700,0.5,1
4,11,8936,2,10,5,0,300,0.5,572,0.32,486,0.18,1
5,0,4109,2,10,5,0,500,0.6,1000,0.2,1400,0.2,1
5,1,9025,2,10,5,0,666,0.42,420,0.58,1
5,2,299,0,0,300,0.5,1700,0.5,1
5,3,11448,0,0,666,0.42,420,0.58,1
5,4,14034,2,10,5,0,666,0.42,420,0.58,1
5,5,12684,1,0,500,0.6,1000,0.2,1400,0.2,1
5,6,6147,0,0,300,0.5,1700,0.5,1
5,7,11104,2,10,5,0,300,0.5,1700,0.5,1
5,8,4220,1,0,300,0.5,572,0.32,486,0.18,1
5,9,13090,0,0,300,0.5,1700,0.5,1
5,10,9802,1,0,300,0.5,1700,0.5,1
5,11,4786,0,0,300,0.5,572,0.32,486,0.18,1
6,0,613,1,0,666,0.42,420,0.58,1
6,1,11937,2,10,5,0,500,0.6,1000,0.2,1400,0.2,1
6,2,12976,1,0,666,0.42,420,0.58,1
6,3,1291,2,10,5,0,666,0.42,420,0.58,1
6,4,8228,2,10,5,0,300,0.5,1700,0.5,1
6,5,1610,2,10,5,0,300,0.5,1700,0.5,1
6,6,9322,0,0,300,0.5,1700,0.5,1
6,7,677,0,0,300,0.5,572,0.32,486,0.18,1
6,8,6736,1,0,666,0.42,420,0.58,1
6,9,6267,0,0,666,0.42,420,0.58,1
6,10,1267,1,0,300,0.5,1700,0.5,1
6,11,4845,1,0,666,0.42,420,0.58,1
7,0,5226,1,0,300,0.5,572,0.32,486,0.18,1
7,1,12822,2,10,5,0,666,0.42,420,0.58,1
7,2,4288,2,10,5,0,500,0.6,1000,0.2,1400,0.2,1
7,3,1783,0,0,500,0.6,1000,0.2,1400,0.2,1
7,4,13776,1,0,300,0.5,572,0.32,486,0.18,1
7,5,10471,2,10,5,0,300,0.5,1700,0.5,1
7,6,14076,0,0,666,0.42,420,0.58,1
7,7,853,2,10,5,0,300,0.5,572,0.32,486,0.18,1
7,8,198,1,0,300,0.5,572,0.32,486,0.18,1
7,9,675,1,0,300,0.5,1700,0.5,1
7,10,2466,2,10,5,0,300,0.5,572,0.32,486,0.18,1
7,11,8829,0,0,300,0.5,572,0.32,486,0.18,1
8,0,10789,0,0,666,0.42,420,0.58,1
8,1,8186,0,0,666,0.42,420,0.58,1
8,2,3711,1,0,666,0.42,420,0.58,1
8,3,5388,1,0,500,0.6,1000,0.2,1400,0.2,1
8,4,11239,2,10,5,0,300,0.5,572,0.32,486,0.18,1
8,5,2691,0,0,666,0.42,420,0.58,1
8,6,7799,0,0,500,0.6,1000,0.2,1400,0.2,1
8,7,4145,1,0,500,0.6,1000,0.2,1400,0.2,1
8,8,13071,0,0,666,0.42,420,0.58,1
8,9,11245,2,10,5,0,500,0.6,1000,0.2,1400,0.2,1
8,10,11801,2,10,5,0,666,0.42,420,0.58,1
8,11,14663,2,10,5,0,666,0.42,420,0.58,1
9,0,1829,0,0,300,0.5,1700,0.5,1
9,1,5598,1,0,666,0.42,420,0.58,1
9,2,12573,1,0,300,0.5,1700,0.5,1
9,3,6592,1,0,300,0.5,1700,0.5,1
9,4,12689,0,0,666,0.42,420,0.58,1
9,5,1101,1,0,666,0.42,420,0.58,1
9,6,6243,1,0,300,0.5,572,0.32,486,0.18,1
9,7,4420,2,10,5,0,300,0.5,572,0.32,486,0.18,1
9,8,13119,2,10,5,0,300,0.5,1700,0.5,1
9,9,11871,2,10,5,0,500,0.6,1000,0.2,1400,0.2,1
9,10,3003,1,0,300,0.5,1700,0.5,1
9,11,5309,0,0,500,0.6,1000,0.2,1400,0.2,1
10,0,12577,2,10,5,0,666,0.42,420,0.58,1
10,1,6928,1,0,500,0.6,1000,0.2,1400,0.2,1
10,2,12485,1,0,666,0.42,420,0.58,1
10,3,14622,1,0,300,0.5,572,0.32,486,0.18,1
10,4,4382,1,0,666,0.42,420,0.58,1
10,5,6691,2,10,5,0,300,0.5,572,0.32,486,0.18,1
10,6,13335,1,0,500,0.6,1000,0.2,1400,0.2,1
10,7,14959,0,0,666,0.42,420,0.58,1
10,8,9948,2,10,5,0,300,0.5,572,0.32,486,0.18,1
10,9,5868,1,0,666,0.42,420,0.58,1
10,10,2217,1,0,300,0.5,572,0.32,486,0.18,1
10,11,14644,2,10,5,0,500,0.6,1000,0.2,1400,0.2,1
11,0,1993,2,10,5,0,666,0.42,420,0.58,1
11,1,13735,2,10,5,0,300,0.5,572,0.32,486,0.18,1
11,2,8027,0,0,500,0.6,1000,0.2,1400,0.2,1
11,3,751,2,10,5,0,300,0.5,572,0.32,486,0.18,1
11,4,11323,2,10,5,0,300,0.5,572,0.32,486,0.18,1
11,5,4556,1,0,500,0.6,1000,0.2,1400,0.2,1
11,6,4267,0,0,666,0.42,420,0.58,1
11,7,4982,2,10,5,0,300,0.5,572,0.32,486,0.18,1
11,8,10096,0,0,300,0.5,1700,0.5,1
11,9,9626,0,0,666,0.42,420,0.58,1
11,10,10624,0,0,300,0.5,1700,0.5,1
11,11,14419,1,0,666,0.42,420,0.58,1
