0,0,8375,0,0,666,0.42,420,0.58,1
0,1,13609,2,10,5,0,300,0.5,1700,0.5,1
0,2,8828,1,0,300,0.5,1700,0.5,1
0,3,13976,2,10,5,0,300,0.5,1700,0.5,1
0,4,11997,1,0,500,0.6,1000,0.2,1400,0.2,1
0,5,4659,2,10,5,0,666,0.42,420,0.58,1
0,6,10249,0,0,500,0.6,1000,0.2,1400,0.2,1
0,7,9476,2,10,5,0,300,0.5,572,0.32,486,0.18,1
0,8,2230,0,0,300,0.5,1700,0.5,1
0,9,7391,2,10,5,0,666,0.42,420,0.58,1
0,10,1512,0,0,300,0.5,1700,0.5,1
0,11,14779,0,0,500,0.6,1000,0.2,1400,0.2,1
1,0,12375,0,0,300,0.5,1700,0.5,1
1,1,8296,2,10,5,0,300,0.5,1700,0.5,1
1,2,10753,1,0,666,0.42,420,0.58,0
1,3,5803,2,10,5,0,500,0.6,1000,0.2,1400,0.2,1
1,4,6308,1,0,500,0.6,1000,0.2,1400,0.2,1
1,5,11261,0,0,666,0.42,420,0.58,1
1,6,5742,1,0,500,0.6,1000,0.2,1400,0.2,1
1,7,2292,0,0,300,0.5,572,0.32,486,0.18,1
1,8,14049,1,0,666,0.42,420,0.58,1
1,9,7295,0,0,500,0.6,1000,0.2,1400,0.2,1
1,10,922,0,0,500,0.6,1000,0.2,1400,0.2,1
1,11,12961,1,0,500,0.6,1000,0.2,1400,0.2,1
2,0,6333,1,0,300,0.5,1700,0.5,1
2,1,118,1,0,666,0.42,420,0.58,1
2,2,11920,0,0,500,0.6,1000,0.2,1400,0.2,1
2,3,6604,2,10,5,0,300,0.5,1700,0.5,1
2,4,9229,2,10,5,0,666,0.42,420,0.58,1
2,5,8573,0,0,666,0.42,420,0.58,1
2,6,5770,0,0,500,0.6,1000,0.2,1400,0.2,1
2,7,13681,0,0,300,0.5,1700,0.5,1
2,8,11703,0,0,300,0.5,572,0.32,486,0.18,1
2,9,9043,0,0,500,0.6,1000,0.2,1400,0.2,1
2,10,6731,2,10,5,0,500,0.6,1000,0.2,1400,0.2,1
2,11,5850,0,0,666,0.42,420,0.58,1
3,0,12350,0,0,666,0.42,420,0.58,1
3,1,3463,1,0,300,0.5,572,0.32,486,0.18,1
3,2,10798,1,0,666,0.42,420,0.58,1
3,3,7501,2,10,5,0,500,0.6,1000,0.2,1400,0.2,1
3,4,11951,2,10,5,0,300,0.5,572,0.32,486,0.18,1
3,5,14134,0,0,300,0.5,572,0.32,486,0.18,1
3,6,1864,2,10,5,0,300,0.5,1700,0.5,1
3,7,3706,0,0,300,0.5,572,0.32,486,0.18,1
3,8,5279,1,0,300,0.5,1700,0.5,1
3,9,1547,1,0,300,0.5,1700,0.5,1
3,10,14864,0,0,300,0.5,1700,0.5,1
3,11,12516,1,0,300,0.5,572,0.32,486,0.18,1
4,0,8301,0,0,666,0.42,420,0.58,1
4,1,1176,0,0,300,0.5,1700,0.5,1
4,2,8926,0,0,666,0.42,420,0.58,1
4,3,4200,0,0,666,0.42,420,0.58,1
4,4,13359,0,0,300,0.5,572,0.32,486,0.18,1
4,5,1111,1,0,666,0.42,420,0.58,1
4,6,10463,0,0,666,0.42,420,0.58,1
4,7,11145,0,0,500,0.6,1000,0.2,1400,0.2,1
4,8,14555,2,10,5,0,666,0.42,420,0.58,1
4,9,3373,0,0,300,0.5,1700,0.5,1
4,10,10345,2,10,5,0,500,0.6,1000,0.2,1400,0.2,1
4,11,14576,0,0,500,0.6,1000,0.2,1400,0.2,1
5,0,987,1,0,300,0.5,572,0.32,486,0.18,1
5,1,9476,2,10,5,0,500,0.6,1000,0.2,1400,0.2,1
5,2,1310,0,0,300,0.5,1700,0.5,1
5,3,14787,1,0,666,0.42,420,0.58,1
5,4,10084,0,0,300,0.5,1700,0.5,1
5,5,5691,0,0,666,0.42,420,0.58,1
5,6,4438,2,10,5,0,300,0.5,1700,0.5,1
5,7,7880,0,0,300,0.5,1700,0.5,1
5,8,8786,2,10,5,0,500,0.6,1000,0.2,1400,0.2,1
5,9,7632,0,0,500,0.6,1000,0.2,1400,0.2,1
5,10,12966,2,10,5,0,666,0.42,420,0.58,1
5,11,4235,1,0,300,0.5,572,0.32,486,0.18,1
6,0,1044,1,0,300,0.5,572,0.32,486,0.18,1
6,1,9004,1,0,300,0.5,572,0.32,486,0.18,1
6,2,536,0,0,300,0.5,1700,0.5,1
6,3,7198,2,10,5,0,500,0.6,1000,0.2,1400,0.2,1
6,4,8156,1,0,300,0.5,1700,0.5,1
6,5,6829,0,0,666,0.42,420,0.58,1
6,6,2674,0,0,500,0.6,1000,0.2,1400,0.2,1
6,7,8200,0,0,300,0.5,1700,0.5,1
6,8,7781,2,10,5,0,666,0.42,420,0.58,1
6,9,6443,2,10,5,0,300,0.5,1700,0.5,1
6,10,7164,1,0,500,0.6,1000,0.2,1400,0.2,1
6,11,10674,1,0,300,0.5,1700,0.5,1
7,0,2482,2,10,5,0,666,0.42,420,0.58,1
7,1,1827,0,0,300,0.5,1700,0.5,1
7,2,4030,2,10,5,0,666,0.42,420,0.58,1
7,3,11927,2,10,5,0,300,0.5,572,0.32,486,0.18,1
7,4,7982,2,10,5,0,666,0.42,420,0.58,1
7,5,4141,0,0,500,0.6,1000,0.2,1400,0.2,1
7,6,5703,0,0,500,0.6,1000,0.2,1400,0.2,1
7,7,11293,2,10,5,0,300,0.5,572,0.32,486,0.18,1
7,8,5177,2,10,5,0,300,0.5,572,0.32,486,0.18,1
7,9,6785,2,10,5,0,666,0.42,420,0.58,1
7,10,11353,0,0,666,0.42,420,0.58,1
7,11,955,2,10,5,0,500,0.6,1000,0.2,1400,0.2,1
8,0,3320,0,0,300,0.5,1700,0.5,1
8,1,3498,2,10,5,0,300,0.5,572,0.32,486,0.18,1
8,2,10766,1,0,300,0.5,572,0.32,486,0.18,1
8,3,6153,0,0,300,0.5,572,0.32,486,0.18,1
8,4,303,0,0,666,0.42,420,0.58,1
8,5,7027,0,0,300,0.5,572,0.32,486,0.18,1
8,6,12261,1,0,300,0.5,572,0.32,486,0.18,1
8,7,188,0,0,500,0.6,1000,0.2,1400,0.2,1
8,8,3007,2,10,5,0,300,0.5,1700,0.5,1
8,9,3385,0,0,300,0.5,1700,0.5,1
8,10,10735,1,0,666,0.42,420,0.58,1
8,11,14614,1,0,500,0.6,1000,0.2,1400,0.2,1
9,0,8616,2,10,5,0,500,0.6,1000,0.2,1400,0.2,1
9,1,12697,2,10,5,0,500,0.6,1000,0.2,1400,0.2,1
9,2,5633,2,10,5,0,500,0.6,1000,0.2,1400,0.2,1
9,3,11771,0,0,300,0.5,1700,0.5,1
9,4,11662,2,10,5,0,300,0.5,572,0.32,486,0.18,1
9,5,8438,0,0,300,0.5,572,0.32,486,0.18,1
9,6,2573,1,0,666,0.42,420,0.58,1
9,7,10588,0,0,666,0.42,420,0.58,1
9,8,3501,0,0,300,0.5,572,0.32,486,0.18,1
9,9,4629,1,0,300,0.5,572,0.32,486,0.18,1
9,10,7434,0,0,300,0.5,1700,0.5,1
9,11,4307,2,10,5,0,500,0.6,1000,0.2,1400,0.2,1
10,0,6196,2,10,5,0,500,0.6,1000,0.2,1400,0.2,1
10,1,12341,2,10,5,0,300,0.5,572,0.32,486,0.18,1
10,2,6487,0,0,666,0.42,420,0.58,1
10,3,11480,1,0,300,0.5,572,0.32,486,0.18,1
10,4,9004,2,10,5,0,500,0.6,1000,0.2,1400,0.2,1
10,5,6145,2,10,5,0,300,0.5,1700,0.5,1
10,6,4216,1,0,300,0.5,1700,0.5,1
10,7,998,0,0,500,0.6,1000,0.2,1400,0.2,1
10,8,14743,2,10,5,0,300,0.5,572,0.32,486,0.18,1
10,9,524,1,0,300,0.5,1700,0.5,1
10,10,11182,2,10,5,0,666,0.42,420,0.58,1
10,11,9690,1,0,500,0.6,1000,0.2,1400,0.2,1
11,0,13896,2,10,5,0,666,0.42,420,0.58,1
11,1,4384,2,10,5,0,300,0.5,1700,0.5,1
11,2,2852,0,0,500,0.6,1000,0.2,1400,0.2,1
11,3,6673,2,10,5,0,500,0.6,1000,0.2,1400,0.2,1
11,4,4308,1,0,300,0.5,1700,0.5,1
11,5,2697,1,0,666,0.42,420,0.58,1
11,6,7146,0,0,300,0.5,572,0.32,486,0.18,1
11,7,116,1,0,300,0.5,572,0.32,486,0.18,1
11,8,13199,2,10,5,0,666,0.42,420,0.58,1
11,9,14698,1,0,500,0.6,1000,0.2,1400,0.2,1
11,10,10053,2,10,5,0,300,0.5,1700,0.5,1
11,11,8365,0,0,300,0.5,572,0.32,486,0.18,1
