0,0,5706,1,0,300,0.5,1700,0.5,1
0,1,6423,0,0,666,0.42,420,0.58,1
0,2,1926,1,0,300,0.5,1700,0.5,1
0,3,11731,1,0,300,0.5,1700,0.5,1
0,4,5208,1,0,300,0.5,1700,0.5,1
0,5,9426,2,10,5,0,500,0.6,1000,0.2,1400,0.2,1
0,6,2914,2,10,5,0,300,0.5,1700,0.5,1
0,7,3884,2,10,5,0,666,0.42,420,0.58,1
0,8,3406,2,10,5,0,300,0.5,1700,0.5,1
0,9,14395,1,0,500,0.6,1000,0.2,1400,0.2,1
0,10,10764,2,10,5,0,500,0.6,1000,0.2,1400,0.2,1
0,11,10749,0,0,300,0.5,1700,0.5,1
1,0,13178,1,0,300,0.5,1700,0.5,1
1,1,2299,0,0,666,0.42,420,0.58,1
1,2,6069,2,10,5,0,300,0.5,1700,0.5,0
1,3,3600,0,0,500,0.6,1000,0.2,1400,0.2,1
1,4,3126,2,10,5,0,500,0.6,1000,0.2,1400,0.2,1
1,5,4339,2,10,5,0,300,0.5,1700,0.5,1
1,6,9512,1,0,500,0.6,1000,0.2,1400,0.2,1
1,7,14295,1,0,300,0.5,1700,0.5,1
1,8,13502,2,10,5,0,666,0.42,420,0.58,1
1,9,7168,1,0,500,0.6,1000,0.2,1400,0.2,1
1,10,4554,0,0,666,0.42,420,0.58,1
1,11,14647,1,0,500,0.6,1000,0.2,1400,0.2,1
2,0,3611,0,0,300,0.5,572,0.32,486,0.18,1
2,1,524,1,0,300,0.5,1700,0.5,1
2,2,6819,2,10,5,0,500,0.6,1000,0.2,1400,0.2,1
2,3,1437,2,10,5,0,300,0.5,572,0.32,486,0.18,1
2,4,3033,2,10,5,0,300,0.5,1700,0.5,1
2,5,2800,0,0,300,0.5,1700,0.5,1
2,6,10810,1,0,300,0.5,572,0.32,486,0.18,1
2,7,8366,2,10,5,0,300,0.5,572,0.32,486,0.18,1
2,8,13031,0,0,666,0.42,420,0.58,1
2,9,8221,1,0,300,0.5,1700,0.5,1
2,10,1411,1,0,300,0.5,1700,0.5,1
2,11,6142,0,0,300,0.5,1700,0.5,1
3,0,10235,0,0,300,0.5,1700,0.5,1
3,1,7553,1,0,300,0.5,1700,0.5,1
3,2,1778,2,10,5,0,666,0.42,420,0.58,1
3,3,835,2,10,5,0,500,0.6,1000,0.2,1400,0.2,1
3,4,11945,2,10,5,0,300,0.5,1700,0.5,1
3,5,9593,2,10,5,0,500,0.6,1000,0.2,1400,0.2,1
3,6,4229,2,10,5,0,500,0.6,1000,0.2,1400,0.2,1
3,7,8068,2,10,5,0,300,0.5,1700,0.5,1
3,8,7425,0,0,500,0.6,1000,0.2,1400,0.2,1
3,9,14688,1,0,300,0.5,1700,0.5,1
3,10,4510,1,0,500,0.6,1000,0.2,1400,0.2,1
3,11,11935,0,0,300,0.5,1700,0.5,1
4,0,4767,1,0,666,0.42,420,0.58,1
4,1,12801,0,0,500,0.6,1000,0.2,1400,0.2,1
4,2,5163,2,10,5,0,500,0.6,1000,0.2,1400,0.2,1
4,3,9942,0,0,300,0.5,1700,0.5,1
4,4,4547,1,0,300,0.5,1700,0.5,1
4,5,522,2,10,5,0,666,0.42,420,0.58,1
4,6,1109,1,0,300,0.5,1700,0.5,1
4,7,10572,0,0,300,0.5,572,0.32,486,0.18,1
4,8,11311,0,0,666,0.42,420,0.58,1
4,9,2554,1,0,300,0.5,572,0.32,486,0.18,1
4,10,9674,1,0,500,0.6,1000,0.2,1400,0.2,1
4,11,8158,0,0,300,0.5,572,0.32,486,0.18,1
5,0,9214,2,10,5,0,500,0.6,1000,0.2,1400,0.2,1
5,1,8154,1,0,500,0.6,1000,0.2,1400,0.2,1
5,2,11619,0,0,300,0.5,1700,0.5,1
5,3,8951,1,0,300,0.5,1700,0.5,1
5,4,7817,0,0,300,0.5,1700,0.5,1
5,5,3883,1,0,300,0.5,1700,0.5,1
5,6,3937,2,10,5,0,300,0.5,572,0.32,486,0.18,1
5,7,7708,0,0,500,0.6,1000,0.2,1400,0.2,1
5,8,12733,1,0,300,0.5,1700,0.5,1
5,9,13851,0,0,666,0.42,420,0.58,1
5,10,459,0,0,500,0.6,1000,0.2,1400,0.2,1
5,11,11904,0,0,500,0.6,1000,0.2,1400,0.2,1
6,0,5580,0,0,300,0.5,1700,0.5,1
6,1,3810,1,0,300,0.5,1700,0.5,1
6,2,14812,0,0,300,0.5,572,0.32,486,0.18,1
6,3,7586,2,10,5,0,500,0.6,1000,0.2,1400,0.2,1
6,4,1821,0,0,666,0.42,420,0.58,1
6,5,11153,2,10,5,0,500,0.6,1000,0.2,1400,0.2,1
6,6,10958,0,0,666,0.42,420,0.58,1
6,7,4985,1,0,666,0.42,420,0.58,1
6,8,7751,2,10,5,0,500,0.6,1000,0.2,1400,0.2,1
6,9,11680,0,0,666,0.42,420,0.58,1
6,10,2454,2,10,5,0,500,0.6,1000,0.2,1400,0.2,1
6,11,11878,1,0,300,0.5,572,0.32,486,0.18,1
7,0,7782,0,0,300,0.5,572,0.32,486,0.18,1
7,1,8153,2,10,5,0,666,0.42,420,0.58,1
7,2,1172,1,0,300,0.5,572,0.32,486,0.18,1
7,3,8394,2,10,5,0,300,0.5,572,0.32,486,0.18,1
7,4,10742,0,0,300,0.5,572,0.32,486,0.18,1
7,5,7838,0,0,300,0.5,1700,0.5,1
7,6,3131,0,0,300,0.5,572,0.32,486,0.18,1
7,7,14730,1,0,666,0.42,420,0.58,1
7,8,7780,2,10,5,0,500,0.6,1000,0.2,1400,0.2,1
7,9,5798,0,0,300,0.5,1700,0.5,1
7,10,13126,1,0,300,0.5,1700,0.5,1
7,11,13872,1,0,500,0.6,1000,0.2,1400,0.2,1
8,0,12177,1,0,300,0.5,572,0.32,486,0.18,1
8,1,699,2,10,5,0,300,0.5,572,0.32,486,0.18,1
8,2,11430,2,10,5,0,666,0.42,420,0.58,1
8,3,9071,1,0,300,0.5,572,0.32,486,0.18,1
8,4,12883,0,0,300,0.5,572,0.32,486,0.18,1
8,5,2352,1,0,300,0.5,1700,0.5,1
8,6,13101,1,0,300,0.5,572,0.32,486,0.18,1
8,7,10696,1,0,666,0.42,420,0.58,1
8,8,10549,1,0,300,0.5,572,0.32,486,0.18,1
8,9,4871,2,10,5,0,300,0.5,572,0.32,486,0.18,1
8,10,12719,0,0,300,0.5,572,0.32,486,0.18,1
8,11,2991,1,0,300,0.5,1700,0.5,1
9,0,5328,1,0,666,0.42,420,0.58,1
9,1,9785,1,0,300,0.5,1700,0.5,1
9,2,1502,0,0,300,0.5,572,0.32,486,0.18,1
9,3,6375,0,0,666,0.42,420,0.58,1
9,4,3164,1,0,666,0.42,420,0.58,1
9,5,3908,0,0,666,0.42,420,0.58,1
9,6,5270,0,0,500,0.6,1000,0.2,1400,0.2,1
9,7,13296,2,10,5,0,666,0.42,420,0.58,1
9,8,13875,0,0,300,0.5,1700,0.5,1
9,9,4911,2,10,5,0,300,0.5,572,0.32,486,0.18,1
9,10,10117,0,0,300,0.5,1700,0.5,1
9,11,10547,1,0,666,0.42,420,0.58,1
10,0,14478,1,0,300,0.5,1700,0.5,1
10,1,3523,0,0,300,0.5,572,0.32,486,0.18,1
10,2,14758,1,0,300,0.5,572,0.32,486,0.18,1
10,3,9677,2,10,5,0,300,0.5,1700,0.5,1
10,4,870,1,0,666,0.42,420,0.58,1
10,5,5657,2,10,5,0,300,0.5,572,0.32,486,0.18,1
10,6,2931,2,10,5,0,300,0.5,572,0.32,486,0.18,1
10,7,8247,0,0,666,0.42,420,0.58,1
10,8,9277,1,0,300,0.5,572,0.32,486,0.18,1
10,9,9816,1,0,666,0.42,420,0.58,1
10,10,8420,0,0,300,0.5,572,0.32,486,0.18,1
10,11,12224,0,0,666,0.42,420,0.58,1
11,0,370,0,0,666,0.42,420,0.58,1
11,1,13943,1,0,500,0.6,1000,0.2,1400,0.2,1
11,2,7542,1,0,300,0.5,572,0.32,486,0.18,1
11,3,918,1,0,300,0.5,572,0.32,486,0.18,1
11,4,10184,1,0,300,0.5,572,0.32,486,0.18,1
11,5,11230,1,0,666,0.42,420,0.58,1
11,6,761,1,0,666,0.42,420,0.58,1
11,7,6425,1,0,666,0.42,420,0.58,1
11,8,12538,2,10,5,0,500,0.6,1000,0.2,1400,0.2,1
11,9,6070,2,10,5,0,300,0.5,572,0.32,486,0.18,1
11,10,13342,2,10,5,0,300,0.5,1700,0.5,1
11,11,7612,1,0,300,0.5,572,0.32,486,0.18,1
