0,0,8359,2,10,5,0,300,0.5,572,0.32,486,0.18,1
0,1,9954,1,0,500,0.6,1000,0.2,1400,0.2,1
0,2,9882,1,0,300,0.5,572,0.32,486,0.18,1
0,3,10097,0,0,300,0.5,1700,0.5,1
0,4,12056,1,0,500,0.6,1000,0.2,1400,0.2,1
0,5,2208,2,10,5,0,666,0.42,420,0.58,1
0,6,6491,2,10,5,0,300,0.5,572,0.32,486,0.18,1
0,7,5684,2,10,5,0,300,0.5,1700,0.5,1
0,8,11050,1,0,500,0.6,1000,0.2,1400,0.2,1
0,9,9441,2,10,5,0,500,0.6,1000,0.2,1400,0.2,1
0,10,4450,1,0,300,0.5,1700,0.5,1
0,11,4326,2,10,5,0,666,0.42,420,0.58,1
1,0,5403,0,0,300,0.5,1700,0.5,1
1,1,7912,1,0,666,0.42,420,0.58,1
1,2,8012,1,0,300,0.5,572,0.32,486,0.18,0
1,3,12339,1,0,666,0.42,420,0.58,1
1,4,9130,0,0,300,0.5,572,0.32,486,0.18,1
1,5,6671,0,0,666,0.42,420,0.58,1
1,6,2263,0,0,500,0.6,1000,0.2,1400,0.2,1
1,7,6018,2,10,5,0,666,0.42,420,0.58,1
1,8,8017,2,10,5,0,500,0.6,1000,0.2,1400,0.2,1
1,9,3039,1,0,300,0.5,1700,0.5,1
1,10,9466,0,0,500,0.6,1000,0.2,1400,0.2,1
1,11,14662,2,10,5,0,500,0.6,1000,0.2,1400,0.2,1
2,0,10095,0,0,500,0.6,1000,0.2,1400,0.2,1
2,1,14501,2,10,5,0,300,0.5,572,0.32,486,0.18,1
2,2,7387,2,10,5,0,666,0.42,420,0.58,1
2,3,9180,2,10,5,0,666,0.42,420,0.58,1
2,4,13281,0,0,666,0.42,420,0.58,1
2,5,8841,0,0,666,0.42,420,0.58,1
2,6,237,0,0,666,0.42,420,0.58,1
2,7,14563,1,0,666,0.42,420,0.58,1
2,8,2270,1,0,500,0.6,1000,0.2,1400,0.2,1
2,9,1196,0,0,300,0.5,1700,0.5,1
2,10,4908,0,0,300,0.5,1700,0.5,1
2,11,14500,2,10,5,0,300,0.5,1700,0.5,1
3,0,249,0,0,300,0.5,572,0.32,486,0.18,1
3,1,13983,2,10,5,0,666,0.42,420,0.58,1
3,2,12012,1,0,300,0.5,572,0.32,486,0.18,1
3,3,10007,0,0,300,0.5,572,0.32,486,0.18,1
3,4,2342,1,0,300,0.5,572,0.32,486,0.18,1
3,5,12950,1,0,500,0.6,1000,0.2,1400,0.2,1
3,6,5707,0,0,300,0.5,572,0.32,486,0.18,1
3,7,6054,0,0,500,0.6,1000,0.2,1400,0.2,1
3,8,13223,0,0,500,0.6,1000,0.2,1400,0.2,1
3,9,3275,1,0,666,0.42,420,0.58,1
3,10,11718,0,0,500,0.6,1000,0.2,1400,0.2,1
3,11,6799,1,0,500,0.6,1000,0.2,1400,0.2,1
4,0,12889,1,0,300,0.5,572,0.32,486,0.18,1
4,1,2982,2,10,5,0,666,0.42,420,0.58,1
4,2,8796,1,0,500,0.6,1000,0.2,1400,0.2,1
4,3,6441,2,10,5,0,500,0.6,1000,0.2,1400,0.2,1
4,4,1461,0,0,300,0.5,572,0.32,486,0.18,1
4,5,1305,1,0,300,0.5,572,0.32,486,0.18,1
4,6,2582,0,0,666,0.42,420,0.58,1
4,7,3259,1,0,300,0.5,1700,0.5,1
4,8,14466,0,0,500,0.6,1000,0.2,1400,0.2,1
4,9,11436,1,0,500,0.6,1000,0.2,1400,0.2,1
4,10,10926,0,0,666,0.42,420,0.58,1
4,11,5577,2,10,5,0,300,0.5,572,0.32,486,0.18,1
5,0,477,1,0,500,0.6,1000,0.2,1400,0.2,1
5,1,11176,0,0,300,0.5,1700,0.5,1
5,2,1494,0,0,666,0.42,420,0.58,1
5,3,10048,0,0,300,0.5,1700,0.5,1
5,4,9404,0,0,666,0.42,420,0.58,1
5,5,12198,0,0,500,0.6,1000,0.2,1400,0.2,1
5,6,12617,0,0,666,0.42,420,0.58,1
5,7,5922,2,10,5,0,300,0.5,572,0.32,486,0.18,1
5,8,11908,1,0,300,0.5,1700,0.5,1
5,9,4287,2,10,5,0,666,0.42,420,0.58,1
5,10,3215,2,10,5,0,300,0.5,572,0.32,486,0.18,1
5,11,14967,1,0,666,0.42,420,0.58,1
6,0,13904,0,0,300,0.5,1700,0.5,1
6,1,3120,2,10,5,0,666,0.42,420,0.58,1
6,2,12139,2,10,5,0,300,0.5,572,0.32,486,0.18,1
6,3,3184,0,0,666,0.42,420,0.58,1
6,4,3443,0,0,666,0.42,420,0.58,1
6,5,14592,2,10,5,0,300,0.5,1700,0.5,1
6,6,7900,0,0,300,0.5,572,0.32,486,0.18,1
6,7,7177,1,0,500,0.6,1000,0.2,1400,0.2,1
6,8,1100,0,0,500,0.6,1000,0.2,1400,0.2,1
6,9,6033,2,10,5,0,300,0.5,572,0.32,486,0.18,1
6,10,2440,1,0,300,0.5,1700,0.5,1
6,11,10578,0,0,300,0.5,1700,0.5,1
7,0,11910,2,10,5,0,500,0.6,1000,0.2,1400,0.2,1
7,1,9616,1,0,300,0.5,1700,0.5,1
7,2,571,1,0,666,0.42,420,0.58,1
7,3,10496,1,0,500,0.6,1000,0.2,1400,0.2,1
7,4,10015,2,10,5,0,300,0.5,572,0.32,486,0.18,1
7,5,8045,1,0,300,0.5,572,0.32,486,0.18,1
7,6,2147,2,10,5,0,666,0.42,420,0.58,1
7,7,8125,1,0,666,0.42,420,0.58,1
7,8,14485,2,10,5,0,500,0.6,1000,0.2,1400,0.2,1
7,9,6580,2,10,5,0,300,0.5,572,0.32,486,0.18,1
7,10,10049,0,0,500,0.6,1000,0.2,1400,0.2,1
7,11,1533,2,10,5,0,300,0.5,572,0.32,486,0.18,1
8,0,12458,1,0,500,0.6,1000,0.2,1400,0.2,1
8,1,1969,2,10,5,0,300,0.5,1700,0.5,1
8,2,3841,1,0,666,0.42,420,0.58,1
8,3,12285,2,10,5,0,300,0.5,1700,0.5,1
8,4,1766,0,0,500,0.6,1000,0.2,1400,0.2,1
8,5,3199,0,0,300,0.5,1700,0.5,1
8,6,13153,2,10,5,0,300,0.5,1700,0.5,1
8,7,708,0,0,500,0.6,1000,0.2,1400,0.2,1
8,8,13105,2,10,5,0,500,0.6,1000,0.2,1400,0.2,1
8,9,7366,1,0,666,0.42,420,0.58,1
8,10,6003,1,0,500,0.6,1000,0.2,1400,0.2,1
8,11,3439,2,10,5,0,300,0.5,572,0.32,486,0.18,1
9,0,14168,0,0,300,0.5,572,0.32,486,0.18,1
9,1,6925,2,10,5,0,300,0.5,572,0.32,486,0.18,1
9,2,10017,1,0,300,0.5,1700,0.5,1
9,3,14063,0,0,500,0.6,1000,0.2,1400,0.2,1
9,4,10095,0,0,666,0.42,420,0.58,1
9,5,8030,1,0,500,0.6,1000,0.2,1400,0.2,1
9,6,4149,0,0,500,0.6,1000,0.2,1400,0.2,1
9,7,7511,2,10,5,0,666,0.42,420,0.58,1
9,8,10577,2,10,5,0,500,0.6,1000,0.2,1400,0.2,1
9,9,13964,1,0,300,0.5,572,0.32,486,0.18,1
9,10,5467,0,0,500,0.6,1000,0.2,1400,0.2,1
9,11,13341,2,10,5,0,500,0.6,1000,0.2,1400,0.2,1
10,0,11941,1,0,300,0.5,572,0.32,486,0.18,1
10,1,5478,1,0,666,0.42,420,0.58,1
10,2,12939,0,0,500,0.6,1000,0.2,1400,0.2,1
10,3,11315,2,10,5,0,500,0.6,1000,0.2,1400,0.2,1
10,4,6081,0,0,300,0.5,1700,0.5,1
10,5,11024,1,0,300,0.5,1700,0.5,1
10,6,2139,2,10,5,0,300,0.5,1700,0.5,1
10,7,139,0,0,500,0.6,1000,0.2,1400,0.2,1
10,8,3579,0,0,500,0.6,1000,0.2,1400,0.2,1
10,9,12559,1,0,300,0.5,572,0.32,486,0.18,1
10,10,14023,0,0,500,0.6,1000,0.2,1400,0.2,1
10,11,9635,0,0,500,0.6,1000,0.2,1400,0.2,1
11,0,2397,1,0,500,0.6,1000,0.2,1400,0.2,1
11,1,7972,0,0,666,0.42,420,0.58,1
11,2,4391,1,0,666,0.42,420,0.58,1
11,3,4013,2,10,5,0,300,0.5,572,0.32,486,0.18,1
11,4,10588,0,0,666,0.42,420,0.58,1
11,5,10113,2,10,5,0,300,0.5,1700,0.5,1
11,6,12118,2,10,5,0,300,0.5,572,0.32,486,0.18,1
11,7,13670,2,10,5,0,300,0.5,1700,0.5,1
11,8,8361,1,0,500,0.6,1000,0.2,1400,0.2,1
11,9,14278,2,10,5,0,666,0.42,420,0.58,1
11,10,9699,0,0,666,0.42,420,0.58,1
11,11,5149,0,0,300,0.5,572,0.32,486,0.18,1
