0,0,13675,2,10,5,0,500,0.6,1000,0.2,1400,0.2,1
0,1,11276,0,0,300,0.5,572,0.32,486,0.18,1
0,2,7680,1,0,666,0.42,420,0.58,1
0,3,14745,1,0,300,0.5,1700,0.5,1
0,4,7380,0,0,666,0.42,420,0.58,1
0,5,2271,0,0,300,0.5,572,0.32,486,0.18,1
0,6,10783,0,0,300,0.5,572,0.32,486,0.18,1
0,7,12271,2,10,5,0,666,0.42,420,0.58,1
0,8,11813,2,10,5,0,666,0.42,420,0.58,1
0,9,2172,0,0,666,0.42,420,0.58,1
0,10,14100,1,0,300,0.5,572,0.32,486,0.18,1
0,11,3543,1,0,500,0.6,1000,0.2,1400,0.2,1
1,0,8938,1,0,500,0.6,1000,0.2,1400,0.2,1
1,1,14964,0,0,300,0.5,572,0.32,486,0.18,1
1,2,10237,2,10,5,0,300,0.5,572,0.32,486,0.18,0
1,3,5802,0,0,300,0.5,1700,0.5,1
1,4,2582,1,0,300,0.5,572,0.32,486,0.18,1
1,5,2860,1,0,666,0.42,420,0.58,1
1,6,9849,0,0,500,0.6,1000,0.2,1400,0.2,1
1,7,11901,2,10,5,0,300,0.5,1700,0.5,1
1,8,2076,2,10,5,0,300,0.5,1700,0.5,1
1,9,8943,0,0,666,0.42,420,0.58,1
1,10,6406,0,0,300,0.5,1700,0.5,1
1,11,1630,1,0,300,0.5,1700,0.5,1
2,0,6198,1,0,500,0.6,1000,0.2,1400,0.2,1
2,1,7741,2,10,5,0,300,0.5,1700,0.5,1
2,2,443,1,0,500,0.6,1000,0.2,1400,0.2,1
2,3,2618,1,0,300,0.5,1700,0.5,1
2,4,9873,1,0,300,0.5,1700,0.5,1
2,5,9849,2,10,5,0,300,0.5,1700,0.5,1
2,6,7815,2,10,5,0,500,0.6,1000,0.2,1400,0.2,1
2,7,14400,1,0,300,0.5,572,0.32,486,0.18,1
2,8,13997,2,10,5,0,300,0.5,1700,0.5,1
2,9,4198,0,0,666,0.42,420,0.58,1
2,10,10352,2,10,5,0,300,0.5,572,0.32,486,0.18,1
2,11,7951,2,10,5,0,300,0.5,1700,0.5,1
3,0,11825,2,10,5,0,666,0.42,420,0.58,1
3,1,10836,0,0,500,0.6,1000,0.2,1400,0.2,1
3,2,14988,1,0,666,0.42,420,0.58,1
3,3,11054,0,0,666,0.42,420,0.58,1
3,4,8712,2,10,5,0,300,0.5,572,0.32,486,0.18,1
3,5,5549,1,0,666,0.42,420,0.58,1
3,6,10494,2,10,5,0,500,0.6,1000,0.2,1400,0.2,1
3,7,3361,0,0,500,0.6,1000,0.2,1400,0.2,1
3,8,12955,0,0,300,0.5,1700,0.5,1
3,9,13546,0,0,500,0.6,1000,0.2,1400,0.2,1
3,10,1256,1,0,666,0.42,420,0.58,1
3,11,12943,1,0,300,0.5,572,0.32,486,0.18,1
4,0,13684,2,10,5,0,500,0.6,1000,0.2,1400,0.2,1
4,1,8401,0,0,666,0.42,420,0.58,1
4,2,1714,0,0,666,0.42,420,0.58,1
4,3,14305,0,0,300,0.5,1700,0.5,1
4,4,2351,0,0,666,0.42,420,0.58,1
4,5,3176,0,0,300,0.5,1700,0.5,1
4,6,1968,2,10,5,0,300,0.5,1700,0.5,1
4,7,9165,1,0,500,0.6,1000,0.2,1400,0.2,1
4,8,10441,0,0,300,0.5,1700,0.5,1
4,9,3207,1,0,500,0.6,1000,0.2,1400,0.2,1
4,10,12384,0,0,666,0.42,420,0.58,1
4,11,2893,0,0,666,0.42,420,0.58,1
5,0,3086,0,0,666,0.42,420,0.58,1
5,1,5339,1,0,500,0.6,1000,0.2,1400,0.2,1
5,2,14130,0,0,300,0.5,1700,0.5,1
5,3,13489,0,0,300,0.5,1700,0.5,1
5,4,11054,0,0,666,0.42,420,0.58,1
5,5,12837,2,10,5,0,300,0.5,572,0.32,486,0.18,1
5,6,12364,1,0,500,0.6,1000,0.2,1400,0.2,1
5,7,2648,2,10,5,0,300,0.5,1700,0.5,1
5,8,12107,1,0,300,0.5,1700,0.5,1
5,9,7502,0,0,300,0.5,1700,0.5,1
5,10,14194,2,10,5,0,300,0.5,1700,0.5,1
5,11,13258,0,0,300,0.5,572,0.32,486,0.18,1
6,0,2366,2,10,5,0,300,0.5,1700,0.5,1
6,1,4985,2,10,5,0,300,0.5,572,0.32,486,0.18,1
6,2,4743,2,10,5,0,666,0.42,420,0.58,1
6,3,10525,2,10,5,0,500,0.6,1000,0.2,1400,0.2,1
6,4,10500,2,10,5,0,500,0.6,1000,0.2,1400,0.2,1
6,5,2746,2,10,5,0,500,0.6,1000,0.2,1400,0.2,1
6,6,5090,2,10,5,0,500,0.6,1000,0.2,1400,0.2,1
6,7,7290,2,10,5,0,500,0.6,1000,0.2,1400,0.2,1
6,8,9975,2,10,5,0,300,0.5,1700,0.5,1
6,9,7112,1,0,500,0.6,1000,0.2,1400,0.2,1
6,10,9187,0,0,666,0.42,420,0.58,1
6,11,14132,0,0,300,0.5,1700,0.5,1
7,0,14068,0,0,666,0.42,420,0.58,1
7,1,14791,0,0,500,0.6,1000,0.2,1400,0.2,1
7,2,9567,0,0,300,0.5,572,0.32,486,0.18,1
7,3,5324,1,0,300,0.5,572,0.32,486,0.18,1
7,4,11427,2,10,5,0,500,0.6,1000,0.2,1400,0.2,1
7,5,199,2,10,5,0,500,0.6,1000,0.2,1400,0.2,1
7,6,13404,2,10,5,0,300,0.5,1700,0.5,1
7,7,7712,1,0,300,0.5,1700,0.5,1
7,8,14474,0,0,500,0.6,1000,0.2,1400,0.2,1
7,9,383,0,0,300,0.5,572,0.32,486,0.18,1
7,10,6724,0,0,666,0.42,420,0.58,1
7,11,8607,1,0,666,0.42,420,0.58,1
8,0,3919,1,0,666,0.42,420,0.58,1
8,1,7512,1,0,500,0.6,1000,0.2,1400,0.2,1
8,2,6275,0,0,300,0.5,1700,0.5,1
8,3,12594,2,10,5,0,666,0.42,420,0.58,1
8,4,1670,2,10,5,0,300,0.5,572,0.32,486,0.18,1
8,5,2918,2,10,5,0,300,0.5,1700,0.5,1
8,6,12600,1,0,300,0.5,572,0.32,486,0.18,1
8,7,1370,2,10,5,0,300,0.5,572,0.32,486,0.18,1
8,8,543,1,0,666,0.42,420,0.58,1
8,9,7692,0,0,300,0.5,1700,0.5,1
8,10,13043,0,0,300,0.5,572,0.32,486,0.18,1
8,11,1233,0,0,300,0.5,1700,0.5,1
9,0,1471,2,10,5,0,300,0.5,572,0.32,486,0.18,1
9,1,14147,0,0,500,0.6,1000,0.2,1400,0.2,1
9,2,5802,1,0,300,0.5,1700,0.5,1
9,3,5007,1,0,666,0.42,420,0.58,1
9,4,11183,0,0,666,0.42,420,0.58,1
9,5,14985,1,0,500,0.6,1000,0.2,1400,0.2,1
9,6,14091,0,0,300,0.5,1700,0.5,1
9,7,10762,0,0,300,0.5,572,0.32,486,0.18,1
9,8,9925,2,10,5,0,300,0.5,572,0.32,486,0.18,1
9,9,1926,1,0,500,0.6,1000,0.2,1400,0.2,1
9,10,3294,0,0,666,0.42,420,0.58,1
9,11,13333,0,0,666,0.42,420,0.58,1
10,0,12706,1,0,500,0.6,1000,0.2,1400,0.2,1
10,1,8399,0,0,666,0.42,420,0.58,1
10,2,1521,1,0,666,0.42,420,0.58,1
10,3,858,0,0,300,0.5,1700,0.5,1
10,4,13351,0,0,500,0.6,1000,0.2,1400,0.2,1
10,5,2472,0,0,500,0.6,1000,0.2,1400,0.2,1
10,6,5366,1,0,300,0.5,1700,0.5,1
10,7,5245,1,0,300,0.5,572,0.32,486,0.18,1
10,8,13628,1,0,666,0.42,420,0.58,1
10,9,9155,0,0,300,0.5,572,0.32,486,0.18,1
10,10,13142,2,10,5,0,300,0.5,572,0.32,486,0.18,1
10,11,10686,2,10,5,0,666,0.42,420,0.58,1
11,0,8919,1,0,500,0.6,1000,0.2,1400,0.2,1
11,1,168,0,0,300,0.5,1700,0.5,1
11,2,944,2,10,5,0,300,0.5,572,0.32,486,0.18,1
11,3,11240,2,10,5,0,666,0.42,420,0.58,1
11,4,7511,1,0,300,0.5,1700,0.5,1
11,5,14229,1,0,300,0.5,572,0.32,486,0.18,1
11,6,10642,0,0,666,0.42,420,0.58,1
11,7,6942,0,0,300,0.5,1700,0.5,1
11,8,10936,2,10,5,0,500,0.6,1000,0.2,1400,0.2,1
11,9,6191,2,10,5,0,666,0.42,420,0.58,1
11,10,1156,2,10,5,0,500,0.6,1000,0.2,1400,0.2,1
11,11,8253,1,0,500,0.6,1000,0.2,1400,0.2,1
