0,0,42,0,0,500,0.6,1000,0.2,1400,0.2,1
0,1,12103,1,0,500,0.6,1000,0.2,1400,0.2,1
0,2,5273,1,0,500,0.6,1000,0.2,1400,0.2,1
0,3,4067,2,10,5,0,300,0.5,1700,0.5,1
0,4,10505,1,0,666,0.42,420,0.58,1
0,5,194,1,0,300,0.5,572,0.32,486,0.18,1
0,6,13274,0,0,666,0.42,420,0.58,1
0,7,12021,2,10,5,0,300,0.5,572,0.32,486,0.18,1
0,8,3559,1,0,666,0.42,420,0.58,1
0,9,6744,1,0,300,0.5,572,0.32,486,0.18,1
0,10,5114,2,10,5,0,300,0.5,1700,0.5,1
0,11,13782,2,10,5,0,500,0.6,1000,0.2,1400,0.2,1
1,0,12078,2,10,5,0,300,0.5,1700,0.5,1
1,1,4997,1,0,300,0.5,1700,0.5,1
1,2,4318,2,10,5,0,666,0.42,420,0.58,0
1,3,12331,1,0,666,0.42,420,0.58,1
1,4,4388,1,0,666,0.42,420,0.58,1
1,5,14689,1,0,300,0.5,1700,0.5,1
1,6,11193,2,10,5,0,300,0.5,1700,0.5,1
1,7,10684,2,10,5,0,500,0.6,1000,0.2,1400,0.2,1
1,8,12962,0,0,666,0.42,420,0.58,1
1,9,11236,1,0,300,0.5,572,0.32,486,0.18,1
1,10,10887,2,10,5,0,300,0.5,572,0.32,486,0.18,1
1,11,6122,2,10,5,0,300,0.5,572,0.32,486,0.18,1
2,0,11232,0,0,500,0.6,1000,0.2,1400,0.2,1
2,1,4190,1,0,300,0.5,1700,0.5,1
2,2,8834,2,10,5,0,500,0.6,1000,0.2,1400,0.2,1
2,3,3281,2,10,5,0,500,0.6,1000,0.2,1400,0.2,1
2,4,10463,0,0,666,0.42,420,0.58,1
2,5,3192,1,0,666,0.42,420,0.58,1
2,6,11477,2,10,5,0,300,0.5,572,0.32,486,0.18,1
2,7,9235,2,10,5,0,500,0.6,1000,0.2,1400,0.2,1
2,8,11612,1,0,500,0.6,1000,0.2,1400,0.2,1
2,9,9744,1,0,300,0.5,572,0.32,486,0.18,1
2,10,5126,1,0,500,0.6,1000,0.2,1400,0.2,1
2,11,983,1,0,500,0.6,1000,0.2,1400,0.2,1
3,0,12255,1,0,500,0.6,1000,0.2,1400,0.2,1
3,1,12711,2,10,5,0,666,0.42,420,0.58,1
3,2,13243,0,0,500,0.6,1000,0.2,1400,0.2,1
3,3,6652,2,10,5,0,666,0.42,420,0.58,1
3,4,7845,1,0,666,0.42,420,0.58,1
3,5,9447,2,10,5,0,300,0.5,1700,0.5,1
3,6,3564,1,0,300,0.5,572,0.32,486,0.18,1
3,7,13149,0,0,300,0.5,572,0.32,486,0.18,1
3,8,14974,0,0,300,0.5,1700,0.5,1
3,9,14957,0,0,666,0.42,420,0.58,1
3,10,11759,1,0,666,0.42,420,0.58,1
3,11,1075,1,0,300,0.5,1700,0.5,1
4,0,12161,0,0,300,0.5,572,0.32,486,0.18,1
4,1,14412,2,10,5,0,500,0.6,1000,0.2,1400,0.2,1
4,2,11235,0,0,300,0.5,572,0.32,486,0.18,1
4,3,1023,2,10,5,0,300,0.5,1700,0.5,1
4,4,8245,0,0,300,0.5,1700,0.5,1
4,5,11855,2,10,5,0,666,0.42,420,0.58,1
4,6,8981,1,0,500,0.6,1000,0.2,1400,0.2,1
4,7,14724,0,0,300,0.5,1700,0.5,1
4,8,9956,1,0,300,0.5,1700,0.5,1
4,9,2118,1,0,500,0.6,1000,0.2,1400,0.2,1
4,10,2396,2,10,5,0,300,0.5,1700,0.5,1
4,11,3331,1,0,300,0.5,572,0.32,486,0.18,1
5,0,10567,0,0,666,0.42,420,0.58,1
5,1,12815,1,0,666,0.42,420,0.58,1
5,2,3927,2,10,5,0,300,0.5,1700,0.5,1
5,3,7365,0,0,500,0.6,1000,0.2,1400,0.2,1
5,4,903,2,10,5,0,666,0.42,420,0.58,1
5,5,774,1,0,666,0.42,420,0.58,1
5,6,11844,0,0,300,0.5,1700,0.5,1
5,7,14632,2,10,5,0,500,0.6,1000,0.2,1400,0.2,1
5,8,1378,2,10,5,0,666,0.42,420,0.58,1
5,9,8325,2,10,5,0,300,0.5,1700,0.5,1
5,10,2400,1,0,300,0.5,572,0.32,486,0.18,1
5,11,10585,1,0,666,0.42,420,0.58,1
6,0,13279,1,0,500,0.6,1000,0.2,1400,0.2,1
6,1,4291,0,0,500,0.6,1000,0.2,1400,0.2,1
6,2,8274,2,10,5,0,300,0.5,1700,0.5,1
6,3,5414,2,10,5,0,666,0.42,420,0.58,1
6,4,8892,2,10,5,0,300,0.5,1700,0.5,1
6,5,14294,2,10,5,0,500,0.6,1000,0.2,1400,0.2,1
6,6,1804,0,0,666,0.42,420,0.58,1
6,7,13767,1,0,300,0.5,572,0.32,486,0.18,1
6,8,5435,0,0,300,0.5,572,0.32,486,0.18,1
6,9,3354,1,0,300,0.5,1700,0.5,1
6,10,6936,2,10,5,0,300,0.5,572,0.32,486,0.18,1
6,11,8877,0,0,500,0.6,1000,0.2,1400,0.2,1
7,0,8316,2,10,5,0,300,0.5,1700,0.5,1
7,1,195,2,10,5,0,500,0.6,1000,0.2,1400,0.2,1
7,2,10302,0,0,300,0.5,572,0.32,486,0.18,1
7,3,13392,0,0,300,0.5,572,0.32,486,0.18,1
7,4,14469,1,0,300,0.5,572,0.32,486,0.18,1
7,5,10920,2,10,5,0,500,0.6,1000,0.2,1400,0.2,1
7,6,5229,1,0,666,0.42,420,0.58,1
7,7,3331,1,0,666,0.42,420,0.58,1
7,8,9918,2,10,5,0,666,0.42,420,0.58,1
7,9,6325,2,10,5,0,500,0.6,1000,0.2,1400,0.2,1
7,10,8479,2,10,5,0,300,0.5,572,0.32,486,0.18,1
7,11,13408,0,0,300,0.5,572,0.32,486,0.18,1
8,0,3425,1,0,300,0.5,572,0.32,486,0.18,1
8,1,9251,1,0,666,0.42,420,0.58,1
8,2,2011,1,0,500,0.6,1000,0.2,1400,0.2,1
8,3,12090,1,0,500,0.6,1000,0.2,1400,0.2,1
8,4,1241,0,0,666,0.42,420,0.58,1
8,5,509,0,0,300,0.5,572,0.32,486,0.18,1
8,6,13598,0,0,666,0.42,420,0.58,1
8,7,7978,2,10,5,0,300,0.5,1700,0.5,1
8,8,6132,1,0,500,0.6,1000,0.2,1400,0.2,1
8,9,3845,2,10,5,0,300,0.5,572,0.32,486,0.18,1
8,10,9145,0,0,300,0.5,1700,0.5,1
8,11,2389,2,10,5,0,666,0.42,420,0.58,1
9,0,11802,2,10,5,0,300,0.5,1700,0.5,1
9,1,10405,2,10,5,0,666,0.42,420,0.58,1
9,2,14362,0,0,666,0.42,420,0.58,1
9,3,4419,1,0,500,0.6,1000,0.2,1400,0.2,1
9,4,7555,0,0,300,0.5,1700,0.5,1
9,5,1778,1,0,666,0.42,420,0.58,1
9,6,5984,1,0,500,0.6,1000,0.2,1400,0.2,1
9,7,4182,2,10,5,0,500,0.6,1000,0.2,1400,0.2,1
9,8,7395,1,0,666,0.42,420,0.58,1
9,9,1091,2,10,5,0,666,0.42,420,0.58,1
9,10,5108,2,10,5,0,300,0.5,572,0.32,486,0.18,1
9,11,7102,0,0,300,0.5,1700,0.5,1
10,0,8731,2,10,5,0,666,0.42,420,0.58,1
10,1,10020,1,0,666,0.42,420,0.58,1
10,2,4346,2,10,5,0,500,0.6,1000,0.2,1400,0.2,1
10,3,9860,2,10,5,0,300,0.5,572,0.32,486,0.18,1
10,4,13908,0,0,500,0.6,1000,0.2,1400,0.2,1
10,5,12670,0,0,300,0.5,572,0.32,486,0.18,1
10,6,8359,2,10,5,0,300,0.5,1700,0.5,1
10,7,8436,2,10,5,0,500,0.6,1000,0.2,1400,0.2,1
10,8,9265,2,10,5,0,300,0.5,572,0.32,486,0.18,1
10,9,12121,2,10,5,0,666,0.42,420,0.58,1
10,10,7569,2,10,5,0,300,0.5,1700,0.5,1
10,11,3910,0,0,300,0.5,1700,0.5,1
11,0,12773,0,0,500,0.6,1000,0.2,1400,0.2,1
11,1,3174,0,0,300,0.5,572,0.32,486,0.18,1
11,2,13968,1,0,500,0.6,1000,0.2,1400,0.2,1
11,3,7347,1,0,500,0.6,1000,0.2,1400,0.2,1
11,4,7178,0,0,666,0.42,420,0.58,1
11,5,10562,2,10,5,0,300,0.5,1700,0.5,1
11,6,14603,2,10,5,0,500,0.6,1000,0.2,1400,0.2,1
11,7,113,0,0,666,0.42,420,0.58,1
11,8,14941,0,0,666,0.42,420,0.58,1
11,9,10397,2,10,5,0,300,0.5,572,0.32,486,0.18,1
11,10,2076,1,0,300,0.5,1700,0.5,1
11,11,11070,2,10,5,0,300,0.5,1700,0.5,1
