0,0,12555,2,10,5,0,300,0.5,1700,0.5,1
0,1,12700,0,0,666,0.42,420,0.58,1
0,2,2120,0,0,500,0.6,1000,0.2,1400,0.2,1
0,3,4527,2,10,5,0,666,0.42,420,0.58,1
0,4,14798,1,0,500,0.6,1000,0.2,1400,0.2,1
0,5,2651,2,10,5,0,300,0.5,572,0.32,486,0.18,1
0,6,3878,1,0,500,0.6,1000,0.2,1400,0.2,1
0,7,4228,0,0,500,0.6,1000,0.2,1400,0.2,1
0,8,2195,0,0,300,0.5,572,0.32,486,0.18,1
0,9,5725,2,10,5,0,500,0.6,1000,0.2,1400,0.2,1
0,10,7757,1,0,666,0.42,420,0.58,1
0,11,5601,0,0,300,0.5,1700,0.5,1
1,0,14882,2,10,5,0,300,0.5,572,0.32,486,0.18,1
1,1,4225,0,0,300,0.5,1700,0.5,1
1,2,4948,0,0,500,0.6,1000,0.2,1400,0.2,0
1,3,8221,1,0,666,0.42,420,0.58,1
1,4,2951,1,0,666,0.42,420,0.58,1
1,5,1242,0,0,300,0.5,572,0.32,486,0.18,1
1,6,2659,0,0,300,0.5,1700,0.5,1
1,7,6082,2,10,5,0,666,0.42,420,0.58,1
1,8,4508,0,0,300,0.5,572,0.32,486,0.18,1
1,9,8832,0,0,300,0.5,572,0.32,486,0.18,1
1,10,14209,1,0,666,0.42,420,0.58,1
1,11,2184,1,0,300,0.5,572,0.32,486,0.18,1
2,0,1939,0,0,666,0.42,420,0.58,1
2,1,13573,2,10,5,0,300,0.5,1700,0.5,1
2,2,3409,0,0,300,0.5,1700,0.5,1
2,3,9637,2,10,5,0,300,0.5,1700,0.5,1
2,4,14562,1,0,666,0.42,420,0.58,1
2,5,5343,0,0,666,0.42,420,0.58,1
2,6,14010,0,0,500,0.6,1000,0.2,1400,0.2,1
2,7,97,2,10,5,0,300,0.5,1700,0.5,1
2,8,583,0,0,500,0.6,1000,0.2,1400,0.2,1
2,9,9397,0,0,300,0.5,1700,0.5,1
2,10,10140,0,0,500,0.6,1000,0.2,1400,0.2,1
2,11,6007,1,0,500,0.6,1000,0.2,1400,0.2,1
3,0,6399,1,0,300,0.5,572,0.32,486,0.18,1
3,1,10777,0,0,300,0.5,572,0.32,486,0.18,1
3,2,7212,1,0,300,0.5,1700,0.5,1
3,3,14146,2,10,5,0,666,0.42,420,0.58,1
3,4,8432,1,0,300,0.5,572,0.32,486,0.18,1
3,5,12262,1,0,666,0.42,420,0.58,1
3,6,12907,0,0,666,0.42,420,0.58,1
3,7,2234,2,10,5,0,666,0.42,420,0.58,1
3,8,8828,2,10,5,0,666,0.42,420,0.58,1
3,9,1287,1,0,300,0.5,572,0.32,486,0.18,1
3,10,13299,2,10,5,0,300,0.5,572,0.32,486,0.18,1
3,11,1306,0,0,500,0.6,1000,0.2,1400,0.2,1
4,0,10510,1,0,666,0.42,420,0.58,1
4,1,7641,0,0,300,0.5,572,0.32,486,0.18,1
4,2,9140,0,0,300,0.5,1700,0.5,1
4,3,5955,2,10,5,0,300,0.5,572,0.32,486,0.18,1
4,4,4298,0,0,300,0.5,572,0.32,486,0.18,1
4,5,3991,2,10,5,0,300,0.5,1700,0.5,1
4,6,6421,2,10,5,0,300,0.5,572,0.32,486,0.18,1
4,7,12346,2,10,5,0,500,0.6,1000,0.2,1400,0.2,1
4,8,10388,0,0,666,0.42,420,0.58,1
4,9,10756,0,0,300,0.5,1700,0.5,1
4,10,4365,0,0,666,0.42,420,0.58,1
4,11,14748,0,0,300,0.5,572,0.32,486,0.18,1
5,0,7328,0,0,300,0.5,572,0.32,486,0.18,1
5,1,11817,0,0,666,0.42,420,0.58,1
5,2,9225,1,0,300,0.5,572,0.32,486,0.18,1
5,3,14198,1,0,666,0.42,420,0.58,1
5,4,666,1,0,300,0.5,572,0.32,486,0.18,1
5,5,14305,0,0,500,0.6,1000,0.2,1400,0.2,1
5,6,559,1,0,300,0.5,1700,0.5,1
5,7,5778,0,0,300,0.5,1700,0.5,1
5,8,487,1,0,666,0.42,420,0.58,1
5,9,14816,2,10,5,0,300,0.5,572,0.32,486,0.18,1
5,10,2749,1,0,666,0.42,420,0.58,1
5,11,3938,1,0,300,0.5,572,0.32,486,0.18,1
6,0,1237,1,0,300,0.5,1700,0.5,1
6,1,5386,0,0,666,0.42,420,0.58,1
6,2,8182,2,10,5,0,500,0.6,1000,0.2,1400,0.2,1
6,3,2884,2,10,5,0,500,0.6,1000,0.2,1400,0.2,1
6,4,4214,1,0,666,0.42,420,0.58,1
6,5,10595,2,10,5,0,666,0.42,420,0.58,1
6,6,12680,0,0,300,0.5,572,0.32,486,0.18,1
6,7,9976,1,0,666,0.42,420,0.58,1
6,8,13977,1,0,300,0.5,572,0.32,486,0.18,1
6,9,14063,1,0,300,0.5,572,0.32,486,0.18,1
6,10,7311,1,0,500,0.6,1000,0.2,1400,0.2,1
6,11,12177,0,0,300,0.5,572,0.32,486,0.18,1
7,0,68,2,10,5,0,300,0.5,572,0.32,486,0.18,1
7,1,11337,0,0,300,0.5,1700,0.5,1
7,2,14280,2,10,5,0,300,0.5,1700,0.5,1
7,3,13180,0,0,666,0.42,420,0.58,1
7,4,10536,2,10,5,0,666,0.42,420,0.58,1
7,5,11085,2,10,5,0,666,0.42,420,0.58,1
7,6,3721,2,10,5,0,500,0.6,1000,0.2,1400,0.2,1
7,7,13906,1,0,300,0.5,572,0.32,486,0.18,1
7,8,14103,0,0,666,0.42,420,0.58,1
7,9,11538,2,10,5,0,500,0.6,1000,0.2,1400,0.2,1
7,10,11037,1,0,300,0.5,1700,0.5,1
7,11,10349,0,0,300,0.5,1700,0.5,1
8,0,12943,1,0,300,0.5,1700,0.5,1
8,1,2987,2,10,5,0,666,0.42,420,0.58,1
8,2,7121,1,0,666,0.42,420,0.58,1
8,3,13329,2,10,5,0,300,0.5,572,0.32,486,0.18,1
8,4,8484,1,0,300,0.5,572,0.32,486,0.18,1
8,5,3680,1,0,300,0.5,572,0.32,486,0.18,1
8,6,2036,0,0,300,0.5,1700,0.5,1
8,7,7543,0,0,500,0.6,1000,0.2,1400,0.2,1
8,8,7389,0,0,300,0.5,1700,0.5,1
8,9,9037,1,0,300,0.5,1700,0.5,1
8,10,2021,0,0,666,0.42,420,0.58,1
8,11,13355,1,0,666,0.42,420,0.58,1
9,0,1332,2,10,5,0,300,0.5,572,0.32,486,0.18,1
9,1,6724,1,0,500,0.6,1000,0.2,1400,0.2,1
9,2,7993,1,0,666,0.42,420,0.58,1
9,3,9453,2,10,5,0,500,0.6,1000,0.2,1400,0.2,1
9,4,10535,1,0,666,0.42,420,0.58,1
9,5,8869,0,0,500,0.6,1000,0.2,1400,0.2,1
9,6,4340,2,10,5,0,300,0.5,1700,0.5,1
9,7,6096,2,10,5,0,500,0.6,1000,0.2,1400,0.2,1
9,8,670,1,0,500,0.6,1000,0.2,1400,0.2,1
9,9,551,1,0,300,0.5,572,0.32,486,0.18,1
9,10,2631,1,0,500,0.6,1000,0.2,1400,0.2,1
9,11,1477,0,0,500,0.6,1000,0.2,1400,0.2,1
10,0,2174,2,10,5,0,500,0.6,1000,0.2,1400,0.2,1
10,1,4545,0,0,666,0.42,420,0.58,1
10,2,2437,2,10,5,0,500,0.6,1000,0.2,1400,0.2,1
10,3,12834,2,10,5,0,500,0.6,1000,0.2,1400,0.2,1
10,4,11210,2,10,5,0,500,0.6,1000,0.2,1400,0.2,1
10,5,3548,2,10,5,0,300,0.5,572,0.32,486,0.18,1
10,6,6334,0,0,300,0.5,572,0.32,486,0.18,1
10,7,3250,1,0,500,0.6,1000,0.2,1400,0.2,1
10,8,3181,2,10,5,0,666,0.42,420,0.58,1
10,9,847,0,0,300,0.5,572,0.32,486,0.18,1
10,10,11825,2,10,5,0,500,0.6,1000,0.2,1400,0.2,1
10,11,3485,1,0,666,0.42,420,0.58,1
11,0,86,2,10,5,0,500,0.6,1000,0.2,1400,0.2,1
11,1,10934,2,10,5,0,300,0.5,1700,0.5,1
11,2,10100,0,0,666,0.42,420,0.58,1
11,3,10789,1,0,300,0.5,572,0.32,486,0.18,1
11,4,7620,2,10,5,0,500,0.6,1000,0.2,1400,0.2,1
11,5,2473,0,0,300,0.5,1700,0.5,1
11,6,6976,0,0,300,0.5,572,0.32,486,0.18,1
11,7,2589,1,0,300,0.5,572,0.32,486,0.18,1
11,8,9295,0,0,300,0.5,572,0.32,486,0.18,1
11,9,12050,2,10,5,0,500,0.6,1000,0.2,1400,0.2,1
11,10,3646,1,0,500,0.6,1000,0.2,1400,0.2,1
11,11,10736,0,0,300,0.5,572,0.32,486,0.18,1
