0,0,714,0,0,666,0.42,420,0.58,1
0,1,8292,2,10,5,0,666,0.42,420,0.58,1
0,2,8001,2,10,5,0,300,0.5,572,0.32,486,0.18,1
0,3,12830,1,0,300,0.5,1700,0.5,1
0,4,3433,2,10,5,0,300,0.5,1700,0.5,1
0,5,9663,1,0,300,0.5,1700,0.5,1
0,6,4366,2,10,5,0,666,0.42,420,0.58,1
0,7,10711,0,0,300,0.5,572,0.32,486,0.18,1
0,8,13022,1,0,500,0.6,1000,0.2,1400,0.2,1
0,9,9081,1,0,300,0.5,572,0.32,486,0.18,1
0,10,2362,0,0,500,0.6,1000,0.2,1400,0.2,1
0,11,4244,2,10,5,0,300,0.5,572,0.32,486,0.18,1
1,0,5343,0,0,300,0.5,572,0.32,486,0.18,1
1,1,14712,1,0,300,0.5,572,0.32,486,0.18,1
1,2,301,1,0,500,0.6,1000,0.2,1400,0.2,0
1,3,1729,1,0,666,0.42,420,0.58,1
1,4,1769,1,0,300,0.5,572,0.32,486,0.18,1
1,5,180,2,10,5,0,300,0.5,1700,0.5,1
1,6,1625,1,0,500,0.6,1000,0.2,1400,0.2,1
1,7,965,1,0,300,0.5,572,0.32,486,0.18,1
1,8,1300,2,10,5,0,300,0.5,1700,0.5,1
1,9,1795,2,10,5,0,500,0.6,1000,0.2,1400,0.2,1
1,10,7332,1,0,500,0.6,1000,0.2,1400,0.2,1
1,11,4255,2,10,5,0,666,0.42,420,0.58,1
2,0,12209,0,0,300,0.5,572,0.32,486,0.18,1
2,1,10762,1,0,300,0.5,572,0.32,486,0.18,1
2,2,11857,0,0,300,0.5,572,0.32,486,0.18,1
2,3,6489,1,0,300,0.5,572,0.32,486,0.18,1
2,4,1452,0,0,500,0.6,1000,0.2,1400,0.2,1
2,5,7023,2,10,5,0,666,0.42,420,0.58,1
2,6,5462,0,0,500,0.6,1000,0.2,1400,0.2,1
2,7,8973,0,0,666,0.42,420,0.58,1
2,8,3313,0,0,300,0.5,1700,0.5,1
2,9,8937,1,0,300,0.5,1700,0.5,1
2,10,10721,2,10,5,0,300,0.5,572,0.32,486,0.18,1
2,11,12177,0,0,300,0.5,1700,0.5,1
3,0,2872,1,0,500,0.6,1000,0.2,1400,0.2,1
3,1,5329,2,10,5,0,300,0.5,572,0.32,486,0.18,1
3,2,1794,2,10,5,0,666,0.42,420,0.58,1
3,3,2100,1,0,300,0.5,572,0.32,486,0.18,1
3,4,14913,0,0,500,0.6,1000,0.2,1400,0.2,1
3,5,10147,1,0,300,0.5,572,0.32,486,0.18,1
3,6,10760,2,10,5,0,666,0.42,420,0.58,1
3,7,9171,2,10,5,0,500,0.6,1000,0.2,1400,0.2,1
3,8,5705,2,10,5,0,300,0.5,1700,0.5,1
3,9,2680,0,0,300,0.5,1700,0.5,1
3,10,9052,2,10,5,0,666,0.42,420,0.58,1
3,11,495,1,0,300,0.5,1700,0.5,1
4,0,2075,1,0,300,0.5,1700,0.5,1
4,1,2255,2,10,5,0,500,0.6,1000,0.2,1400,0.2,1
4,2,1129,2,10,5,0,500,0.6,1000,0.2,1400,0.2,1
4,3,14612,2,10,5,0,300,0.5,572,0.32,486,0.18,1
4,4,1131,0,0,500,0.6,1000,0.2,1400,0.2,1
4,5,11932,1,0,300,0.5,1700,0.5,1
4,6,2232,0,0,300,0.5,1700,0.5,1
4,7,741,1,0,666,0.42,420,0.58,1
4,8,8725,2,10,5,0,300,0.5,572,0.32,486,0.18,1
4,9,10946,1,0,300,0.5,1700,0.5,1
4,10,4781,2,10,5,0,300,0.5,572,0.32,486,0.18,1
4,11,1830,1,0,300,0.5,1700,0.5,1
5,0,10711,1,0,666,0.42,420,0.58,1
5,1,2112,1,0,500,0.6,1000,0.2,1400,0.2,1
5,2,8270,2,10,5,0,666,0.42,420,0.58,1
5,3,6607,2,10,5,0,500,0.6,1000,0.2,1400,0.2,1
5,4,8905,2,10,5,0,300,0.5,572,0.32,486,0.18,1
5,5,6210,2,10,5,0,300,0.5,572,0.32,486,0.18,1
5,6,6823,0,0,300,0.5,1700,0.5,1
5,7,1745,0,0,300,0.5,572,0.32,486,0.18,1
5,8,2079,0,0,500,0.6,1000,0.2,1400,0.2,1
5,9,6038,1,0,666,0.42,420,0.58,1
5,10,8458,0,0,500,0.6,1000,0.2,1400,0.2,1
5,11,9370,2,10,5,0,500,0.6,1000,0.2,1400,0.2,1
6,0,13352,0,0,300,0.5,1700,0.5,1
6,1,3355,2,10,5,0,300,0.5,572,0.32,486,0.18,1
6,2,13916,2,10,5,0,300,0.5,1700,0.5,1
6,3,2304,2,10,5,0,666,0.42,420,0.58,1
6,4,13779,2,10,5,0,500,0.6,1000,0.2,1400,0.2,1
6,5,14279,2,10,5,0,300,0.5,572,0.32,486,0.18,1
6,6,3182,1,0,666,0.42,420,0.58,1
6,7,8853,0,0,500,0.6,1000,0.2,1400,0.2,1
6,8,11320,2,10,5,0,300,0.5,572,0.32,486,0.18,1
6,9,7730,1,0,300,0.5,1700,0.5,1
6,10,6565,0,0,666,0.42,420,0.58,1
6,11,8415,2,10,5,0,666,0.42,420,0.58,1
7,0,9737,0,0,500,0.6,1000,0.2,1400,0.2,1
7,1,3698,2,10,5,0,300,0.5,1700,0.5,1
7,2,9610,1,0,300,0.5,572,0.32,486,0.18,1
7,3,14505,0,0,500,0.6,1000,0.2,1400,0.2,1
7,4,9908,1,0,666,0.42,420,0.58,1
7,5,12160,2,10,5,0,300,0.5,572,0.32,486,0.18,1
7,6,2339,0,0,300,0.5,572,0.32,486,0.18,1
7,7,5821,1,0,300,0.5,572,0.32,486,0.18,1
7,8,12576,2,10,5,0,500,0.6,1000,0.2,1400,0.2,1
7,9,9949,0,0,666,0.42,420,0.58,1
7,10,10356,1,0,300,0.5,1700,0.5,1
7,11,47,1,0,300,0.5,1700,0.5,1
8,0,1006,2,10,5,0,300,0.5,1700,0.5,1
8,1,6966,1,0,300,0.5,572,0.32,486,0.18,1
8,2,13399,1,0,666,0.42,420,0.58,1
8,3,4494,2,10,5,0,300,0.5,572,0.32,486,0.18,1
8,4,13296,0,0,300,0.5,1700,0.5,1
8,5,2517,0,0,300,0.5,1700,0.5,1
8,6,3509,2,10,5,0,300,0.5,572,0.32,486,0.18,1
8,7,12496,2,10,5,0,500,0.6,1000,0.2,1400,0.2,1
8,8,1318,1,0,666,0.42,420,0.58,1
8,9,1862,0,0,300,0.5,1700,0.5,1
8,10,9219,1,0,500,0.6,1000,0.2,1400,0.2,1
8,11,1625,2,10,5,0,300,0.5,572,0.32,486,0.18,1
9,0,2091,2,10,5,0,300,0.5,572,0.32,486,0.18,1
9,1,6666,1,0,300,0.5,572,0.32,486,0.18,1
9,2,6270,1,0,300,0.5,572,0.32,486,0.18,1
9,3,6984,1,0,666,0.42,420,0.58,1
9,4,12304,0,0,300,0.5,572,0.32,486,0.18,1
9,5,1072,2,10,5,0,300,0.5,1700,0.5,1
9,6,1299,0,0,500,0.6,1000,0.2,1400,0.2,1
9,7,5201,1,0,300,0.5,1700,0.5,1
9,8,4936,0,0,666,0.42,420,0.58,1
9,9,7036,1,0,500,0.6,1000,0.2,1400,0.2,1
9,10,6496,1,0,500,0.6,1000,0.2,1400,0.2,1
9,11,1352,1,0,500,0.6,1000,0.2,1400,0.2,1
10,0,12327,1,0,666,0.42,420,0.58,1
10,1,3803,0,0,300,0.5,572,0.32,486,0.18,1
10,2,12819,1,0,500,0.6,1000,0.2,1400,0.2,1
10,3,846,2,10,5,0,666,0.42,420,0.58,1
10,4,3539,1,0,300,0.5,1700,0.5,1
10,5,7659,1,0,500,0.6,1000,0.2,1400,0.2,1
10,6,13668,1,0,666,0.42,420,0.58,1
10,7,4062,0,0,300,0.5,572,0.32,486,0.18,1
10,8,3790,2,10,5,0,300,0.5,572,0.32,486,0.18,1
10,9,208,1,0,300,0.5,572,0.32,486,0.18,1
10,10,14415,2,10,5,0,300,0.5,1700,0.5,1
10,11,8978,1,0,300,0.5,1700,0.5,1
11,0,2392,0,0,666,0.42,420,0.58,1
11,1,7023,0,0,300,0.5,1700,0.5,1
11,2,3747,2,10,5,0,300,0.5,1700,0.5,1
11,3,8472,2,10,5,0,300,0.5,1700,0.5,1
11,4,6567,1,0,300,0.5,1700,0.5,1
11,5,11588,1,0,500,0.6,1000,0.2,1400,0.2,1
11,6,4551,1,0,666,0.42,420,0.58,1
11,7,9188,0,0,666,0.42,420,0.58,1
11,8,9398,0,0,300,0.5,1700,0.5,1
11,9,11627,2,10,5,0,300,0.5,572,0.32,486,0.18,1
11,10,6844,1,0,500,0.6,1000,0.2,1400,0.2,1
11,11,10274,2,10,5,0,300,0.5,572,0.32,486,0.18,1
