0,0,11406,0,0,300,0.5,572,0.32,486,0.18,1
0,1,1975,2,10,5,0,300,0.5,572,0.32,486,0.18,1
0,2,8309,2,10,5,0,300,0.5,1700,0.5,1
0,3,8580,1,0,300,0.5,1700,0.5,1
0,4,10901,1,0,300,0.5,1700,0.5,1
0,5,3635,2,10,5,0,666,0.42,420,0.58,1
0,6,9591,2,10,5,0,666,0.42,420,0.58,1
0,7,14046,1,0,300,0.5,572,0.32,486,0.18,1
0,8,3777,1,0,500,0.6,1000,0.2,1400,0.2,1
0,9,577,0,0,300,0.5,1700,0.5,1
0,10,10433,0,0,300,0.5,572,0.32,486,0.18,1
0,11,13872,0,0,300,0.5,572,0.32,486,0.18,1
1,0,3267,1,0,300,0.5,1700,0.5,1
1,1,8818,2,10,5,0,300,0.5,1700,0.5,1
1,2,9312,2,10,5,0,666,0.42,420,0.58,0
1,3,12991,2,10,5,0,300,0.5,1700,0.5,1
1,4,2724,1,0,666,0.42,420,0.58,1
1,5,5217,2,10,5,0,500,0.6,1000,0.2,1400,0.2,1
1,6,2891,1,0,500,0.6,1000,0.2,1400,0.2,1
1,7,6923,0,0,666,0.42,420,0.58,1
1,8,14166,2,10,5,0,300,0.5,1700,0.5,1
1,9,2563,0,0,300,0.5,572,0.32,486,0.18,1
1,10,10211,0,0,666,0.42,420,0.58,1
1,11,10155,1,0,300,0.5,572,0.32,486,0.18,1
2,0,14792,0,0,500,0.6,1000,0.2,1400,0.2,1
2,1,833,1,0,300,0.5,1700,0.5,1
2,2,8686,2,10,5,0,300,0.5,572,0.32,486,0.18,1
2,3,7096,0,0,300,0.5,572,0.32,486,0.18,1
2,4,11369,1,0,500,0.6,1000,0.2,1400,0.2,1
2,5,1745,2,10,5,0,500,0.6,1000,0.2,1400,0.2,1
2,6,11385,1,0,300,0.5,1700,0.5,1
2,7,492,2,10,5,0,300,0.5,1700,0.5,1
2,8,2233,1,0,300,0.5,572,0.32,486,0.18,1
2,9,1261,2,10,5,0,300,0.5,572,0.32,486,0.18,1
2,10,3703,0,0,500,0.6,1000,0.2,1400,0.2,1
2,11,6031,1,0,300,0.5,572,0.32,486,0.18,1
3,0,2262,1,0,500,0.6,1000,0.2,1400,0.2,1
3,1,2678,2,10,5,0,300,0.5,572,0.32,486,0.18,1
3,2,8446,1,0,666,0.42,420,0.58,1
3,3,6741,1,0,300,0.5,572,0.32,486,0.18,1
3,4,1147,1,0,500,0.6,1000,0.2,1400,0.2,1
3,5,11925,0,0,666,0.42,420,0.58,1
3,6,7420,2,10,5,0,300,0.5,1700,0.5,1
3,7,12493,2,10,5,0,500,0.6,1000,0.2,1400,0.2,1
3,8,9488,0,0,300,0.5,1700,0.5,1
3,9,14719,0,0,300,0.5,1700,0.5,1
3,10,8505,0,0,300,0.5,572,0.32,486,0.18,1
3,11,10580,2,10,5,0,500,0.6,1000,0.2,1400,0.2,1
4,0,2838,0,0,500,0.6,1000,0.2,1400,0.2,1
4,1,4283,1,0,300,0.5,572,0.32,486,0.18,1
4,2,5873,0,0,500,0.6,1000,0.2,1400,0.2,1
4,3,13722,0,0,300,0.5,1700,0.5,1
4,4,10283,0,0,500,0.6,1000,0.2,1400,0.2,1
4,5,1531,0,0,666,0.42,420,0.58,1
4,6,10562,0,0,300,0.5,572,0.32,486,0.18,1
4,7,10102,1,0,666,0.42,420,0.58,1
4,8,14561,2,10,5,0,500,0.6,1000,0.2,1400,0.2,1
4,9,12268,2,10,5,0,300,0.5,1700,0.5,1
4,10,4149,2,10,5,0,500,0.6,1000,0.2,1400,0.2,1
4,11,12991,2,10,5,0,300,0.5,572,0.32,486,0.18,1
5,0,12249,0,0,300,0.5,572,0.32,486,0.18,1
5,1,14656,2,10,5,0,300,0.5,572,0.32,486,0.18,1
5,2,4582,0,0,300,0.5,1700,0.5,1
5,3,7667,2,10,5,0,666,0.42,420,0.58,1
5,4,12368,2,10,5,0,500,0.6,1000,0.2,1400,0.2,1
5,5,14661,0,0,300,0.5,1700,0.5,1
5,6,1304,2,10,5,0,300,0.5,572,0.32,486,0.18,1
5,7,3862,2,10,5,0,666,0.42,420,0.58,1
5,8,12066,1,0,300,0.5,1700,0.5,1
5,9,9572,2,10,5,0,300,0.5,572,0.32,486,0.18,1
5,10,5626,2,10,5,0,500,0.6,1000,0.2,1400,0.2,1
5,11,1405,2,10,5,0,300,0.5,1700,0.5,1
6,0,14111,2,10,5,0,300,0.5,572,0.32,486,0.18,1
6,1,221,1,0,300,0.5,1700,0.5,1
6,2,5167,2,10,5,0,666,0.42,420,0.58,1
6,3,422,2,10,5,0,300,0.5,1700,0.5,1
6,4,6456,0,0,300,0.5,1700,0.5,1
6,5,5446,2,10,5,0,300,0.5,1700,0.5,1
6,6,1145,2,10,5,0,666,0.42,420,0.58,1
6,7,4554,1,0,300,0.5,572,0.32,486,0.18,1
6,8,1706,0,0,300,0.5,572,0.32,486,0.18,1
6,9,9282,2,10,5,0,300,0.5,572,0.32,486,0.18,1
6,10,399,2,10,5,0,300,0.5,572,0.32,486,0.18,1
6,11,13490,0,0,300,0.5,1700,0.5,1
7,0,234,0,0,500,0.6,1000,0.2,1400,0.2,1
7,1,985,0,0,666,0.42,420,0.58,1
7,2,10066,1,0,300,0.5,1700,0.5,1
7,3,8934,2,10,5,0,666,0.42,420,0.58,1
7,4,2296,0,0,300,0.5,572,0.32,486,0.18,1
7,5,1243,0,0,500,0.6,1000,0.2,1400,0.2,1
7,6,3946,0,0,666,0.42,420,0.58,1
7,7,14307,2,10,5,0,666,0.42,420,0.58,1
7,8,9273,0,0,300,0.5,572,0.32,486,0.18,1
7,9,14906,2,10,5,0,500,0.6,1000,0.2,1400,0.2,1
7,10,5712,0,0,300,0.5,1700,0.5,1
7,11,8998,2,10,5,0,500,0.6,1000,0.2,1400,0.2,1
8,0,4005,2,10,5,0,300,0.5,1700,0.5,1
8,1,2656,0,0,500,0.6,1000,0.2,1400,0.2,1
8,2,3729,1,0,500,0.6,1000,0.2,1400,0.2,1
8,3,7748,2,10,5,0,300,0.5,1700,0.5,1
8,4,13136,0,0,300,0.5,1700,0.5,1
8,5,10287,1,0,500,0.6,1000,0.2,1400,0.2,1
8,6,5590,1,0,300,0.5,1700,0.5,1
8,7,14850,2,10,5,0,300,0.5,572,0.32,486,0.18,1
8,8,12717,0,0,300,0.5,572,0.32,486,0.18,1
8,9,14670,1,0,666,0.42,420,0.58,1
8,10,3611,0,0,300,0.5,1700,0.5,1
8,11,463,2,10,5,0,500,0.6,1000,0.2,1400,0.2,1
9,0,9533,0,0,666,0.42,420,0.58,1
9,1,5335,0,0,666,0.42,420,0.58,1
9,2,8277,0,0,300,0.5,572,0.32,486,0.18,1
9,3,695,2,10,5,0,300,0.5,572,0.32,486,0.18,1
9,4,12219,2,10,5,0,300,0.5,1700,0.5,1
9,5,2593,2,10,5,0,300,0.5,572,0.32,486,0.18,1
9,6,14973,1,0,666,0.42,420,0.58,1
9,7,2226,0,0,666,0.42,420,0.58,1
9,8,524,0,0,300,0.5,572,0.32,486,0.18,1
9,9,9223,2,10,5,0,300,0.5,1700,0.5,1
9,10,6231,2,10,5,0,300,0.5,572,0.32,486,0.18,1
9,11,12798,2,10,5,0,500,0.6,1000,0.2,1400,0.2,1
10,0,14505,2,10,5,0,300,0.5,1700,0.5,1
10,1,11819,1,0,300,0.5,572,0.32,486,0.18,1
10,2,9645,1,0,666,0.42,420,0.58,1
10,3,6579,2,10,5,0,300,0.5,572,0.32,486,0.18,1
10,4,6066,0,0,300,0.5,1700,0.5,1
10,5,10755,1,0,666,0.42,420,0.58,1
10,6,13252,2,10,5,0,500,0.6,1000,0.2,1400,0.2,1
10,7,9745,0,0,500,0.6,1000,0.2,1400,0.2,1
10,8,11311,2,10,5,0,300,0.5,572,0.32,486,0.18,1
10,9,4115,2,10,5,0,500,0.6,1000,0.2,1400,0.2,1
10,10,4799,2,10,5,0,666,0.42,420,0.58,1
10,11,14036,1,0,500,0.6,1000,0.2,1400,0.2,1
11,0,14816,2,10,5,0,666,0.42,420,0.58,1
11,1,7757,0,0,500,0.6,1000,0.2,1400,0.2,1
11,2,14776,0,0,500,0.6,1000,0.2,1400,0.2,1
11,3,213,0,0,500,0.6,1000,0.2,1400,0.2,1
11,4,13495,1,0,666,0.42,420,0.58,1
11,5,9069,1,0,300,0.5,572,0.32,486,0.18,1
11,6,1861,2,10,5,0,500,0.6,1000,0.2,1400,0.2,1
11,7,6085,1,0,500,0.6,1000,0.2,1400,0.2,1
11,8,443,2,10,5,0,300,0.5,572,0.32,486,0.18,1
11,9,8844,0,0,300,0.5,1700,0.5,1
11,10,12963,2,10,5,0,666,0.42,420,0.58,1
11,11,10103,1,0,300,0.5,1700,0.5,1
