0,0,4519,0,0,500,0.6,1000,0.2,1400,0.2,1
0,1,9670,1,0,300,0.5,572,0.32,486,0.18,1
0,2,1972,0,0,300,0.5,572,0.32,486,0.18,1
0,3,8270,0,0,300,0.5,1700,0.5,1
0,4,783,2,10,5,0,666,0.42,420,0.58,1
0,5,2705,2,10,5,0,666,0.42,420,0.58,1
0,6,5447,0,0,500,0.6,1000,0.2,1400,0.2,1
0,7,11712,1,0,300,0.5,572,0.32,486,0.18,1
0,8,1608,2,10,5,0,666,0.42,420,0.58,1
0,9,2633,0,0,666,0.42,420,0.58,1
0,10,1843,2,10,5,0,500,0.6,1000,0.2,1400,0.2,1
0,11,4567,0,0,500,0.6,1000,0.2,1400,0.2,1
1,0,2766,0,0,500,0.6,1000,0.2,1400,0.2,1
1,1,12804,2,10,5,0,500,0.6,1000,0.2,1400,0.2,1
1,2,13202,0,0,300,0.5,572,0.32,486,0.18,0
1,3,10330,2,10,5,0,300,0.5,1700,0.5,1
1,4,10220,1,0,666,0.42,420,0.58,1
1,5,11183,2,10,5,0,300,0.5,1700,0.5,1
1,6,1464,2,10,5,0,300,0.5,1700,0.5,1
1,7,11592,1,0,666,0.42,420,0.58,1
1,8,6045,2,10,5,0,666,0.42,420,0.58,1
1,9,8073,2,10,5,0,300,0.5,572,0.32,486,0.18,1
1,10,2017,1,0,500,0.6,1000,0.2,1400,0.2,1
1,11,13528,2,10,5,0,666,0.42,420,0.58,1
2,0,5176,1,0,300,0.5,1700,0.5,1
2,1,5783,0,0,300,0.5,1700,0.5,1
2,2,9591,0,0,300,0.5,572,0.32,486,0.18,1
2,3,3190,1,0,500,0.6,1000,0.2,1400,0.2,1
2,4,895,2,10,5,0,666,0.42,420,0.58,1
2,5,1932,2,10,5,0,300,0.5,572,0.32,486,0.18,1
2,6,6444,0,0,500,0.6,1000,0.2,1400,0.2,1
2,7,6304,0,0,300,0.5,572,0.32,486,0.18,1
2,8,59,1,0,666,0.42,420,0.58,1
2,9,5831,2,10,5,0,300,0.5,572,0.32,486,0.18,1
2,10,5936,2,10,5,0,300,0.5,1700,0.5,1
2,11,9880,1,0,500,0.6,1000,0.2,1400,0.2,1
3,0,5378,1,0,500,0.6,1000,0.2,1400,0.2,1
3,1,5326,2,10,5,0,300,0.5,572,0.32,486,0.18,1
3,2,1674,0,0,300,0.5,572,0.32,486,0.18,1
3,3,2049,1,0,300,0.5,572,0.32,486,0.18,1
3,4,10744,0,0,500,0.6,1000,0.2,1400,0.2,1
3,5,13820,0,0,500,0.6,1000,0.2,1400,0.2,1
3,6,9983,0,0,666,0.42,420,0.58,1
3,7,2793,0,0,500,0.6,1000,0.2,1400,0.2,1
3,8,6125,2,10,5,0,300,0.5,572,0.32,486,0.18,1
3,9,12874,2,10,5,0,300,0.5,1700,0.5,1
3,10,14411,2,10,5,0,300,0.5,572,0.32,486,0.18,1
3,11,11206,2,10,5,0,500,0.6,1000,0.2,1400,0.2,1
4,0,10327,1,0,300,0.5,572,0.32,486,0.18,1
4,1,10710,2,10,5,0,500,0.6,1000,0.2,1400,0.2,1
4,2,8647,2,10,5,0,300,0.5,1700,0.5,1
4,3,7680,1,0,666,0.42,420,0.58,1
4,4,4521,1,0,500,0.6,1000,0.2,1400,0.2,1
4,5,12933,0,0,300,0.5,572,0.32,486,0.18,1
4,6,536,1,0,300,0.5,572,0.32,486,0.18,1
4,7,14266,1,0,500,0.6,1000,0.2,1400,0.2,1
4,8,10786,1,0,500,0.6,1000,0.2,1400,0.2,1
4,9,4396,0,0,666,0.42,420,0.58,1
4,10,464,0,0,300,0.5,1700,0.5,1
4,11,224,1,0,300,0.5,1700,0.5,1
5,0,2024,1,0,300,0.5,1700,0.5,1
5,1,6677,2,10,5,0,666,0.42,420,0.58,1
5,2,13811,0,0,300,0.5,572,0.32,486,0.18,1
5,3,2863,1,0,300,0.5,1700,0.5,1
5,4,3175,1,0,500,0.6,1000,0.2,1400,0.2,1
5,5,4544,2,10,5,0,300,0.5,572,0.32,486,0.18,1
5,6,5410,0,0,500,0.6,1000,0.2,1400,0.2,1
5,7,520,1,0,666,0.42,420,0.58,1
5,8,689,1,0,300,0.5,1700,0.5,1
5,9,7676,2,10,5,0,300,0.5,1700,0.5,1
5,10,6410,2,10,5,0,500,0.6,1000,0.2,1400,0.2,1
5,11,9963,0,0,300,0.5,572,0.32,486,0.18,1
6,0,10800,2,10,5,0,500,0.6,1000,0.2,1400,0.2,1
6,1,2596,1,0,500,0.6,1000,0.2,1400,0.2,1
6,2,14708,1,0,666,0.42,420,0.58,1
6,3,1105,2,10,5,0,300,0.5,1700,0.5,1
6,4,1393,1,0,300,0.5,1700,0.5,1
6,5,5183,0,0,666,0.42,420,0.58,1
6,6,10185,2,10,5,0,500,0.6,1000,0.2,1400,0.2,1
6,7,10590,2,10,5,0,666,0.42,420,0.58,1
6,8,1222,2,10,5,0,300,0.5,572,0.32,486,0.18,1
6,9,7935,0,0,300,0.5,1700,0.5,1
6,10,2524,1,0,300,0.5,1700,0.5,1
6,11,7796,1,0,300,0.5,572,0.32,486,0.18,1
7,0,2442,0,0,500,0.6,1000,0.2,1400,0.2,1
7,1,11793,2,10,5,0,500,0.6,1000,0.2,1400,0.2,1
7,2,9635,2,10,5,0,666,0.42,420,0.58,1
7,3,10262,1,0,666,0.42,420,0.58,1
7,4,5998,2,10,5,0,500,0.6,1000,0.2,1400,0.2,1
7,5,11554,1,0,500,0.6,1000,0.2,1400,0.2,1
7,6,13538,0,0,300,0.5,1700,0.5,1
7,7,14746,1,0,666,0.42,420,0.58,1
7,8,8703,0,0,500,0.6,1000,0.2,1400,0.2,1
7,9,10984,2,10,5,0,300,0.5,572,0.32,486,0.18,1
7,10,3306,0,0,300,0.5,572,0.32,486,0.18,1
7,11,8977,2,10,5,0,300,0.5,572,0.32,486,0.18,1
8,0,6158,2,10,5,0,666,0.42,420,0.58,1
8,1,1496,0,0,300,0.5,1700,0.5,1
8,2,3135,2,10,5,0,300,0.5,1700,0.5,1
8,3,120,2,10,5,0,300,0.5,572,0.32,486,0.18,1
8,4,4183,2,10,5,0,666,0.42,420,0.58,1
8,5,14639,0,0,300,0.5,1700,0.5,1
8,6,6849,1,0,300,0.5,572,0.32,486,0.18,1
8,7,13423,1,0,500,0.6,1000,0.2,1400,0.2,1
8,8,539,0,0,300,0.5,1700,0.5,1
8,9,2610,0,0,300,0.5,1700,0.5,1
8,10,7393,0,0,300,0.5,572,0.32,486,0.18,1
8,11,5594,0,0,500,0.6,1000,0.2,1400,0.2,1
9,0,9194,1,0,300,0.5,572,0.32,486,0.18,1
9,1,10329,2,10,5,0,666,0.42,420,0.58,1
9,2,5293,1,0,500,0.6,1000,0.2,1400,0.2,1
9,3,12437,1,0,300,0.5,1700,0.5,1
9,4,1605,1,0,300,0.5,1700,0.5,1
9,5,13916,2,10,5,0,300,0.5,1700,0.5,1
9,6,3476,0,0,300,0.5,572,0.32,486,0.18,1
9,7,14880,2,10,5,0,300,0.5,572,0.32,486,0.18,1
9,8,3661,0,0,500,0.6,1000,0.2,1400,0.2,1
9,9,5118,1,0,300,0.5,572,0.32,486,0.18,1
9,10,10030,0,0,300,0.5,1700,0.5,1
9,11,1385,2,10,5,0,500,0.6,1000,0.2,1400,0.2,1
10,0,14165,2,10,5,0,300,0.5,572,0.32,486,0.18,1
10,1,12570,0,0,300,0.5,1700,0.5,1
10,2,1835,1,0,500,0.6,1000,0.2,1400,0.2,1
10,3,2381,1,0,300,0.5,572,0.32,486,0.18,1
10,4,5881,0,0,300,0.5,1700,0.5,1
10,5,3117,1,0,500,0.6,1000,0.2,1400,0.2,1
10,6,11618,2,10,5,0,500,0.6,1000,0.2,1400,0.2,1
10,7,11070,2,10,5,0,300,0.5,572,0.32,486,0.18,1
10,8,12234,2,10,5,0,300,0.5,572,0.32,486,0.18,1
10,9,12319,1,0,300,0.5,572,0.32,486,0.18,1
10,10,13834,1,0,300,0.5,1700,0.5,1
10,11,12439,2,10,5,0,300,0.5,572,0.32,486,0.18,1
11,0,80,1,0,500,0.6,1000,0.2,1400,0.2,1
11,1,4764,2,10,5,0,300,0.5,1700,0.5,1
11,2,9591,2,10,5,0,500,0.6,1000,0.2,1400,0.2,1
11,3,11270,2,10,5,0,666,0.42,420,0.58,1
11,4,648,1,0,300,0.5,1700,0.5,1
11,5,4628,2,10,5,0,666,0.42,420,0.58,1
11,6,4934,1,0,300,0.5,572,0.32,486,0.18,1
11,7,8792,0,0,300,0.5,572,0.32,486,0.18,1
11,8,9721,2,10,5,0,300,0.5,1700,0.5,1
11,9,7572,2,10,5,0,666,0.42,420,0.58,1
11,10,10419,0,0,300,0.5,1700,0.5,1
11,11,3242,2,10,5,0,500,0.6,1000,0.2,1400,0.2,1
