0,0,6472,1,0,666,0.42,420,0.58,1
0,1,5961,1,0,666,0.42,420,0.58,1
0,2,3013,2,10,5,0,300,0.5,1700,0.5,1
0,3,3122,2,10,5,0,666,0.42,420,0.58,1
0,4,7475,0,0,300,0.5,1700,0.5,1
0,5,3461,0,0,666,0.42,420,0.58,1
0,6,9137,2,10,5,0,300,0.5,572,0.32,486,0.18,1
0,7,11533,1,0,666,0.42,420,0.58,1
0,8,6390,0,0,300,0.5,572,0.32,486,0.18,1
0,9,1131,0,0,300,0.5,1700,0.5,1
0,10,13949,0,0,300,0.5,1700,0.5,1
0,11,10721,2,10,5,0,300,0.5,572,0.32,486,0.18,1
1,0,8290,0,0,300,0.5,572,0.32,486,0.18,1
1,1,14831,2,10,5,0,300,0.5,1700,0.5,1
1,2,206,1,0,666,0.42,420,0.58,0
1,3,10105,1,0,300,0.5,572,0.32,486,0.18,1
1,4,3853,1,0,300,0.5,572,0.32,486,0.18,1
1,5,5258,2,10,5,0,666,0.42,420,0.58,1
1,6,3496,1,0,666,0.42,420,0.58,1
1,7,10721,2,10,5,0,666,0.42,420,0.58,1
1,8,2519,0,0,300,0.5,1700,0.5,1
1,9,5621,0,0,300,0.5,1700,0.5,1
1,10,1443,1,0,666,0.42,420,0.58,1
1,11,11265,2,10,5,0,300,0.5,1700,0.5,1
2,0,3842,1,0,500,0.6,1000,0.2,1400,0.2,1
2,1,8062,0,0,300,0.5,1700,0.5,1
2,2,9156,2,10,5,0,666,0.42,420,0.58,1
2,3,5024,0,0,300,0.5,1700,0.5,1
2,4,893,0,0,666,0.42,420,0.58,1
2,5,2757,0,0,666,0.42,420,0.58,1
2,6,14316,1,0,300,0.5,572,0.32,486,0.18,1
2,7,12529,1,0,666,0.42,420,0.58,1
2,8,6067,2,10,5,0,300,0.5,1700,0.5,1
2,9,12398,0,0,666,0.42,420,0.58,1
2,10,5834,0,0,500,0.6,1000,0.2,1400,0.2,1
2,11,1424,1,0,300,0.5,1700,0.5,1
3,0,3174,0,0,300,0.5,1700,0.5,1
3,1,6229,0,0,666,0.42,420,0.58,1
3,2,2538,0,0,300,0.5,1700,0.5,1
3,3,12413,1,0,300,0.5,1700,0.5,1
3,4,1203,1,0,666,0.42,420,0.58,1
3,5,10840,2,10,5,0,500,0.6,1000,0.2,1400,0.2,1
3,6,7045,2,10,5,0,300,0.5,572,0.32,486,0.18,1
3,7,5658,1,0,666,0.42,420,0.58,1
3,8,12585,1,0,666,0.42,420,0.58,1
3,9,3438,1,0,666,0.42,420,0.58,1
3,10,9504,1,0,500,0.6,1000,0.2,1400,0.2,1
3,11,8473,0,0,300,0.5,1700,0.5,1
4,0,9287,0,0,500,0.6,1000,0.2,1400,0.2,1
4,1,12118,0,0,300,0.5,1700,0.5,1
4,2,8411,1,0,500,0.6,1000,0.2,1400,0.2,1
4,3,13602,0,0,300,0.5,572,0.32,486,0.18,1
4,4,6918,2,10,5,0,500,0.6,1000,0.2,1400,0.2,1
4,5,2597,0,0,500,0.6,1000,0.2,1400,0.2,1
4,6,13933,0,0,666,0.42,420,0.58,1
4,7,12981,2,10,5,0,500,0.6,1000,0.2,1400,0.2,1
4,8,12453,1,0,500,0.6,1000,0.2,1400,0.2,1
4,9,6284,2,10,5,0,300,0.5,572,0.32,486,0.18,1
4,10,9968,2,10,5,0,500,0.6,1000,0.2,1400,0.2,1
4,11,5640,0,0,666,0.42,420,0.58,1
5,0,179,2,10,5,0,666,0.42,420,0.58,1
5,1,898,2,10,5,0,500,0.6,1000,0.2,1400,0.2,1
5,2,13418,1,0,500,0.6,1000,0.2,1400,0.2,1
5,3,6918,1,0,666,0.42,420,0.58,1
5,4,7938,1,0,500,0.6,1000,0.2,1400,0.2,1
5,5,3456,0,0,300,0.5,1700,0.5,1
5,6,217,1,0,300,0.5,1700,0.5,1
5,7,9861,0,0,500,0.6,1000,0.2,1400,0.2,1
5,8,14442,2,10,5,0,666,0.42,420,0.58,1
5,9,9006,1,0,666,0.42,420,0.58,1
5,10,4351,0,0,666,0.42,420,0.58,1
5,11,4193,0,0,300,0.5,572,0.32,486,0.18,1
6,0,13671,0,0,500,0.6,1000,0.2,1400,0.2,1
6,1,2112,2,10,5,0,300,0.5,572,0.32,486,0.18,1
6,2,3277,0,0,500,0.6,1000,0.2,1400,0.2,1
6,3,12566,0,0,300,0.5,572,0.32,486,0.18,1
6,4,12619,2,10,5,0,300,0.5,1700,0.5,1
6,5,6487,0,0,500,0.6,1000,0.2,1400,0.2,1
6,6,14914,0,0,500,0.6,1000,0.2,1400,0.2,1
6,7,13883,0,0,500,0.6,1000,0.2,1400,0.2,1
6,8,6446,0,0,666,0.42,420,0.58,1
6,9,10632,1,0,300,0.5,572,0.32,486,0.18,1
6,10,4663,2,10,5,0,300,0.5,572,0.32,486,0.18,1
6,11,12055,2,10,5,0,666,0.42,420,0.58,1
7,0,8811,2,10,5,0,300,0.5,1700,0.5,1
7,1,10856,1,0,300,0.5,1700,0.5,1
7,2,4909,0,0,300,0.5,572,0.32,486,0.18,1
7,3,10001,0,0,500,0.6,1000,0.2,1400,0.2,1
7,4,10604,0,0,300,0.5,572,0.32,486,0.18,1
7,5,651,0,0,666,0.42,420,0.58,1
7,6,531,2,10,5,0,300,0.5,1700,0.5,1
7,7,4222,1,0,666,0.42,420,0.58,1
7,8,5736,1,0,300,0.5,572,0.32,486,0.18,1
7,9,11740,1,0,500,0.6,1000,0.2,1400,0.2,1
7,10,6093,2,10,5,0,300,0.5,1700,0.5,1
7,11,6790,1,0,500,0.6,1000,0.2,1400,0.2,1
8,0,934,0,0,300,0.5,1700,0.5,1
8,1,1270,2,10,5,0,300,0.5,572,0.32,486,0.18,1
8,2,8055,1,0,300,0.5,1700,0.5,1
8,3,13724,1,0,300,0.5,572,0.32,486,0.18,1
8,4,10573,0,0,300,0.5,572,0.32,486,0.18,1
8,5,7150,0,0,300,0.5,1700,0.5,1
8,6,11691,0,0,300,0.5,572,0.32,486,0.18,1
8,7,6340,1,0,300,0.5,572,0.32,486,0.18,1
8,8,5903,2,10,5,0,500,0.6,1000,0.2,1400,0.2,1
8,9,14803,2,10,5,0,300,0.5,572,0.32,486,0.18,1
8,10,834,2,10,5,0,300,0.5,572,0.32,486,0.18,1
8,11,11418,1,0,300,0.5,1700,0.5,1
9,0,11649,0,0,666,0.42,420,0.58,1
9,1,6183,2,10,5,0,500,0.6,1000,0.2,1400,0.2,1
9,2,6781,1,0,300,0.5,572,0.32,486,0.18,1
9,3,727,0,0,300,0.5,1700,0.5,1
9,4,9279,1,0,300,0.5,572,0.32,486,0.18,1
9,5,13119,2,10,5,0,300,0.5,1700,0.5,1
9,6,13634,1,0,300,0.5,1700,0.5,1
9,7,1083,0,0,666,0.42,420,0.58,1
9,8,2433,0,0,300,0.5,572,0.32,486,0.18,1
9,9,3570,2,10,5,0,300,0.5,572,0.32,486,0.18,1
9,10,9324,1,0,300,0.5,1700,0.5,1
9,11,1619,1,0,300,0.5,1700,0.5,1
10,0,6912,0,0,300,0.5,1700,0.5,1
10,1,3516,2,10,5,0,500,0.6,1000,0.2,1400,0.2,1
10,2,9144,1,0,300,0.5,572,0.32,486,0.18,1
10,3,5001,1,0,666,0.42,420,0.58,1
10,4,1513,2,10,5,0,500,0.6,1000,0.2,1400,0.2,1
10,5,10556,0,0,300,0.5,1700,0.5,1
10,6,534,2,10,5,0,500,0.6,1000,0.2,1400,0.2,1
10,7,3126,1,0,500,0.6,1000,0.2,1400,0.2,1
10,8,3206,0,0,666,0.42,420,0.58,1
10,9,1317,1,0,666,0.42,420,0.58,1
10,10,8734,0,0,300,0.5,572,0.32,486,0.18,1
10,11,9185,2,10,5,0,300,0.5,572,0.32,486,0.18,1
11,0,10012,2,10,5,0,300,0.5,1700,0.5,1
11,1,14603,2,10,5,0,500,0.6,1000,0.2,1400,0.2,1
11,2,9640,1,0,300,0.5,572,0.32,486,0.18,1
11,3,8001,0,0,300,0.5,1700,0.5,1
11,4,4947,2,10,5,0,500,0.6,1000,0.2,1400,0.2,1
11,5,13483,1,0,500,0.6,1000,0.2,1400,0.2,1
11,6,8156,1,0,666,0.42,420,0.58,1
11,7,6832,2,10,5,0,500,0.6,1000,0.2,1400,0.2,1
11,8,12703,1,0,300,0.5,572,0.32,486,0.18,1
11,9,3360,0,0,300,0.5,1700,0.5,1
11,10,8815,1,0,666,0.42,420,0.58,1
11,11,1027,1,0,300,0.5,572,0.32,486,0.18,1
