0,0,3299,0,0,300,0.5,1700,0.5,1
0,1,11127,2,10,5,0,666,0.42,420,0.58,1
0,2,11496,1,0,300,0.5,1700,0.5,1
0,3,14017,2,10,5,0,666,0.42,420,0.58,1
0,4,13012,0,0,300,0.5,1700,0.5,1
0,5,9129,2,10,5,0,300,0.5,572,0.32,486,0.18,1
0,6,8126,2,10,5,0,300,0.5,572,0.32,486,0.18,1
0,7,5447,0,0,300,0.5,1700,0.5,1
0,8,12865,2,10,5,0,666,0.42,420,0.58,1
0,9,1345,1,0,666,0.42,420,0.58,1
0,10,11795,1,0,666,0.42,420,0.58,1
0,11,1840,0,0,300,0.5,1700,0.5,1
1,0,1544,1,0,500,0.6,1000,0.2,1400,0.2,1
1,1,8158,2,10,5,0,300,0.5,1700,0.5,1
1,2,11055,0,0,300,0.5,1700,0.5,0
1,3,1657,1,0,666,0.42,420,0.58,1
1,4,8437,1,0,500,0.6,1000,0.2,1400,0.2,1
1,5,8900,1,0,300,0.5,1700,0.5,1
1,6,5904,1,0,300,0.5,1700,0.5,1
1,7,2484,0,0,300,0.5,572,0.32,486,0.18,1
1,8,508,0,0,300,0.5,572,0.32,486,0.18,1
1,9,8015,0,0,300,0.5,572,0.32,486,0.18,1
1,10,2243,0,0,300,0.5,572,0.32,486,0.18,1
1,11,12204,0,0,666,0.42,420,0.58,1
2,0,314,0,0,300,0.5,572,0.32,486,0.18,1
2,1,12351,2,10,5,0,500,0.6,1000,0.2,1400,0.2,1
2,2,6805,2,10,5,0,300,0.5,1700,0.5,1
2,3,9551,1,0,300,0.5,572,0.32,486,0.18,1
2,4,8955,2,10,5,0,300,0.5,1700,0.5,1
2,5,9817,1,0,300,0.5,1700,0.5,1
2,6,11470,0,0,666,0.42,420,0.58,1
2,7,8413,2,10,5,0,666,0.42,420,0.58,1
2,8,2912,1,0,300,0.5,572,0.32,486,0.18,1
2,9,14621,0,0,500,0.6,1000,0.2,1400,0.2,1
2,10,9731,0,0,300,0.5,1700,0.5,1
2,11,2213,1,0,500,0.6,1000,0.2,1400,0.2,1
3,0,1563,0,0,666,0.42,420,0.58,1
3,1,6558,0,0,666,0.42,420,0.58,1
3,2,13361,2,10,5,0,500,0.6,1000,0.2,1400,0.2,1
3,3,11208,0,0,300,0.5,1700,0.5,1
3,4,9787,1,0,300,0.5,572,0.32,486,0.18,1
3,5,4269,0,0,500,0.6,1000,0.2,1400,0.2,1
3,6,6424,2,10,5,0,500,0.6,1000,0.2,1400,0.2,1
3,7,2581,0,0,300,0.5,572,0.32,486,0.18,1
3,8,13682,1,0,300,0.5,1700,0.5,1
3,9,13794,0,0,500,0.6,1000,0.2,1400,0.2,1
3,10,1393,2,10,5,0,666,0.42,420,0.58,1
3,11,8717,1,0,300,0.5,1700,0.5,1
4,0,10584,0,0,666,0.42,420,0.58,1
4,1,11080,0,0,300,0.5,572,0.32,486,0.18,1
4,2,14505,2,10,5,0,300,0.5,572,0.32,486,0.18,1
4,3,9838,1,0,300,0.5,1700,0.5,1
4,4,8898,2,10,5,0,500,0.6,1000,0.2,1400,0.2,1
4,5,7352,1,0,300,0.5,1700,0.5,1
4,6,10357,1,0,666,0.42,420,0.58,1
4,7,8808,2,10,5,0,300,0.5,572,0.32,486,0.18,1
4,8,3755,1,0,666,0.42,420,0.58,1
4,9,1032,2,10,5,0,300,0.5,1700,0.5,1
4,10,5091,0,0,666,0.42,420,0.58,1
4,11,2770,1,0,300,0.5,572,0.32,486,0.18,1
5,0,5034,0,0,300,0.5,1700,0.5,1
5,1,8181,2,10,5,0,300,0.5,572,0.32,486,0.18,1
5,2,14608,2,10,5,0,666,0.42,420,0.58,1
5,3,8287,2,10,5,0,500,0.6,1000,0.2,1400,0.2,1
5,4,12138,1,0,300,0.5,572,0.32,486,0.18,1
5,5,1826,0,0,300,0.5,1700,0.5,1
5,6,8958,1,0,500,0.6,1000,0.2,1400,0.2,1
5,7,11996,1,0,300,0.5,1700,0.5,1
5,8,4920,0,0,500,0.6,1000,0.2,1400,0.2,1
5,9,1984,2,10,5,0,300,0.5,1700,0.5,1
5,10,13139,1,0,300,0.5,1700,0.5,1
5,11,13611,1,0,666,0.42,420,0.58,1
6,0,8846,1,0,666,0.42,420,0.58,1
6,1,14118,0,0,666,0.42,420,0.58,1
6,2,12318,2,10,5,0,300,0.5,1700,0.5,1
6,3,9020,2,10,5,0,500,0.6,1000,0.2,1400,0.2,1
6,4,2792,2,10,5,0,500,0.6,1000,0.2,1400,0.2,1
6,5,2348,1,0,300,0.5,572,0.32,486,0.18,1
6,6,1695,1,0,300,0.5,572,0.32,486,0.18,1
6,7,11043,0,0,666,0.42,420,0.58,1
6,8,536,0,0,300,0.5,572,0.32,486,0.18,1
6,9,2447,2,10,5,0,300,0.5,1700,0.5,1
6,10,9049,2,10,5,0,500,0.6,1000,0.2,1400,0.2,1
6,11,9294,0,0,300,0.5,1700,0.5,1
7,0,1462,0,0,300,0.5,1700,0.5,1
7,1,14493,0,0,300,0.5,1700,0.5,1
7,2,4153,0,0,666,0.42,420,0.58,1
7,3,4906,1,0,666,0.42,420,0.58,1
7,4,5968,2,10,5,0,300,0.5,572,0.32,486,0.18,1
7,5,3149,0,0,666,0.42,420,0.58,1
7,6,9002,1,0,500,0.6,1000,0.2,1400,0.2,1
7,7,9729,0,0,666,0.42,420,0.58,1
7,8,8573,2,10,5,0,300,0.5,1700,0.5,1
7,9,7194,2,10,5,0,666,0.42,420,0.58,1
7,10,8377,1,0,500,0.6,1000,0.2,1400,0.2,1
7,11,13190,0,0,300,0.5,572,0.32,486,0.18,1
8,0,12096,1,0,666,0.42,420,0.58,1
8,1,107,1,0,300,0.5,572,0.32,486,0.18,1
8,2,3042,0,0,500,0.6,1000,0.2,1400,0.2,1
8,3,116,2,10,5,0,666,0.42,420,0.58,1
8,4,7787,0,0,500,0.6,1000,0.2,1400,0.2,1
8,5,12737,1,0,666,0.42,420,0.58,1
8,6,8766,0,0,300,0.5,572,0.32,486,0.18,1
8,7,14570,1,0,666,0.42,420,0.58,1
8,8,14415,2,10,5,0,666,0.42,420,0.58,1
8,9,6629,0,0,666,0.42,420,0.58,1
8,10,14197,2,10,5,0,300,0.5,572,0.32,486,0.18,1
8,11,11240,2,10,5,0,500,0.6,1000,0.2,1400,0.2,1
9,0,13902,2,10,5,0,300,0.5,1700,0.5,1
9,1,11932,1,0,666,0.42,420,0.58,1
9,2,9007,0,0,500,0.6,1000,0.2,1400,0.2,1
9,3,13455,1,0,500,0.6,1000,0.2,1400,0.2,1
9,4,1268,2,10,5,0,300,0.5,1700,0.5,1
9,5,1120,1,0,666,0.42,420,0.58,1
9,6,14964,2,10,5,0,300,0.5,1700,0.5,1
9,7,1910,2,10,5,0,666,0.42,420,0.58,1
9,8,3367,2,10,5,0,666,0.42,420,0.58,1
9,9,3105,2,10,5,0,300,0.5,572,0.32,486,0.18,1
9,10,11689,0,0,300,0.5,1700,0.5,1
9,11,6544,2,10,5,0,300,0.5,1700,0.5,1
10,0,10913,2,10,5,0,500,0.6,1000,0.2,1400,0.2,1
10,1,9754,0,0,500,0.6,1000,0.2,1400,0.2,1
10,2,6817,1,0,300,0.5,1700,0.5,1
10,3,11684,2,10,5,0,300,0.5,572,0.32,486,0.18,1
10,4,7918,2,10,5,0,300,0.5,572,0.32,486,0.18,1
10,5,7330,0,0,300,0.5,572,0.32,486,0.18,1
10,6,1608,0,0,300,0.5,1700,0.5,1
10,7,7554,0,0,500,0.6,1000,0.2,1400,0.2,1
10,8,9060,2,10,5,0,300,0.5,1700,0.5,1
10,9,5273,1,0,300,0.5,572,0.32,486,0.18,1
10,10,11334,0,0,300,0.5,572,0.32,486,0.18,1
10,11,4059,0,0,666,0.42,420,0.58,1
11,0,4661,2,10,5,0,300,0.5,1700,0.5,1
11,1,10393,2,10,5,0,300,0.5,1700,0.5,1
11,2,3175,0,0,300,0.5,572,0.32,486,0.18,1
11,3,14463,1,0,300,0.5,1700,0.5,1
11,4,14618,2,10,5,0,300,0.5,1700,0.5,1
11,5,5771,2,10,5,0,300,0.5,1700,0.5,1
11,6,722,1,0,300,0.5,572,0.32,486,0.18,1
11,7,6389,0,0,300,0.5,572,0.32,486,0.18,1
11,8,14017,0,0,500,0.6,1000,0.2,1400,0.2,1
11,9,8894,1,0,300,0.5,1700,0.5,1
11,10,13645,2,10,5,0,500,0.6,1000,0.2,1400,0.2,1
11,11,4402,1,0,666,0.42,420,0.58,1
