0,0,5825,2,10,5,0,300,0.5,572,0.32,486,0.18,1
0,1,10831,1,0,666,0.42,420,0.58,1
0,2,8264,0,0,300,0.5,572,0.32,486,0.18,1
0,3,2110,0,0,300,0.5,1700,0.5,1
0,4,12823,1,0,666,0.42,420,0.58,1
0,5,1886,1,0,500,0.6,1000,0.2,1400,0.2,1
0,6,12925,2,10,5,0,300,0.5,572,0.32,486,0.18,1
0,7,8483,1,0,500,0.6,1000,0.2,1400,0.2,1
0,8,4775,0,0,500,0.6,1000,0.2,1400,0.2,1
0,9,14123,1,0,300,0.5,1700,0.5,1
0,10,4398,0,0,666,0.42,420,0.58,1
0,11,979,0,0,300,0.5,572,0.32,486,0.18,1
1,0,1326,0,0,300,0.5,1700,0.5,1
1,1,6422,2,10,5,0,300,0.5,572,0.32,486,0.18,1
1,2,584,1,0,300,0.5,1700,0.5,0
1,3,14310,1,0,300,0.5,1700,0.5,1
1,4,11348,1,0,500,0.6,1000,0.2,1400,0.2,1
1,5,7420,1,0,666,0.42,420,0.58,1
1,6,4879,0,0,300,0.5,1700,0.5,1
1,7,5436,0,0,500,0.6,1000,0.2,1400,0.2,1
1,8,2067,2,10,5,0,500,0.6,1000,0.2,1400,0.2,1
1,9,625,1,0,300,0.5,1700,0.5,1
1,10,12988,2,10,5,0,300,0.5,572,0.32,486,0.18,1
1,11,9137,0,0,500,0.6,1000,0.2,1400,0.2,1
2,0,4087,2,10,5,0,500,0.6,1000,0.2,1400,0.2,1
2,1,3215,1,0,300,0.5,572,0.32,486,0.18,1
2,2,7265,2,10,5,0,300,0.5,1700,0.5,1
2,3,1168,1,0,500,0.6,1000,0.2,1400,0.2,1
2,4,6183,0,0,300,0.5,1700,0.5,1
2,5,7137,2,10,5,0,300,0.5,572,0.32,486,0.18,1
2,6,6352,1,0,300,0.5,572,0.32,486,0.18,1
2,7,11075,2,10,5,0,666,0.42,420,0.58,1
2,8,803,0,0,500,0.6,1000,0.2,1400,0.2,1
2,9,3202,1,0,666,0.42,420,0.58,1
2,10,14823,1,0,300,0.5,572,0.32,486,0.18,1
2,11,11907,1,0,300,0.5,1700,0.5,1
3,0,6450,2,10,5,0,500,0.6,1000,0.2,1400,0.2,1
3,1,8912,1,0,300,0.5,1700,0.5,1
3,2,1187,2,10,5,0,500,0.6,1000,0.2,1400,0.2,1
3,3,5640,0,0,500,0.6,1000,0.2,1400,0.2,1
3,4,6413,2,10,5,0,666,0.42,420,0.58,1
3,5,10385,2,10,5,0,666,0.42,420,0.58,1
3,6,5766,1,0,500,0.6,1000,0.2,1400,0.2,1
3,7,5175,0,0,300,0.5,572,0.32,486,0.18,1
3,8,5101,0,0,500,0.6,1000,0.2,1400,0.2,1
3,9,11755,2,10,5,0,300,0.5,1700,0.5,1
3,10,13080,2,10,5,0,666,0.42,420,0.58,1
3,11,13804,1,0,666,0.42,420,0.58,1
4,0,2188,1,0,300,0.5,1700,0.5,1
4,1,11848,1,0,300,0.5,572,0.32,486,0.18,1
4,2,7916,0,0,666,0.42,420,0.58,1
4,3,8122,1,0,666,0.42,420,0.58,1
4,4,7042,2,10,5,0,666,0.42,420,0.58,1
4,5,14319,0,0,300,0.5,572,0.32,486,0.18,1
4,6,13340,0,0,666,0.42,420,0.58,1
4,7,14928,1,0,500,0.6,1000,0.2,1400,0.2,1
4,8,14446,0,0,300,0.5,1700,0.5,1
4,9,6667,1,0,300,0.5,1700,0.5,1
4,10,1816,2,10,5,0,666,0.42,420,0.58,1
4,11,12365,0,0,500,0.6,1000,0.2,1400,0.2,1
5,0,9294,0,0,300,0.5,572,0.32,486,0.18,1
5,1,13407,0,0,300,0.5,572,0.32,486,0.18,1
5,2,2147,2,10,5,0,666,0.42,420,0.58,1
5,3,693,1,0,300,0.5,572,0.32,486,0.18,1
5,4,6273,2,10,5,0,500,0.6,1000,0.2,1400,0.2,1
5,5,1099,1,0,300,0.5,572,0.32,486,0.18,1
5,6,3652,1,0,500,0.6,1000,0.2,1400,0.2,1
5,7,2701,1,0,300,0.5,572,0.32,486,0.18,1
5,8,5540,1,0,666,0.42,420,0.58,1
5,9,5001,0,0,300,0.5,1700,0.5,1
5,10,13520,1,0,666,0.42,420,0.58,1
5,11,14338,1,0,300,0.5,572,0.32,486,0.18,1
6,0,3511,1,0,300,0.5,572,0.32,486,0.18,1
6,1,2631,1,0,500,0.6,1000,0.2,1400,0.2,1
6,2,8183,0,0,300,0.5,1700,0.5,1
6,3,511,0,0,500,0.6,1000,0.2,1400,0.2,1
6,4,2280,2,10,5,0,300,0.5,572,0.32,486,0.18,1
6,5,5763,2,10,5,0,666,0.42,420,0.58,1
6,6,9276,2,10,5,0,500,0.6,1000,0.2,1400,0.2,1
6,7,5320,1,0,300,0.5,572,0.32,486,0.18,1
6,8,12971,1,0,666,0.42,420,0.58,1
6,9,6445,2,10,5,0,500,0.6,1000,0.2,1400,0.2,1
6,10,9850,1,0,500,0.6,1000,0.2,1400,0.2,1
6,11,8269,0,0,666,0.42,420,0.58,1
7,0,3772,0,0,300,0.5,572,0.32,486,0.18,1
7,1,823,1,0,500,0.6,1000,0.2,1400,0.2,1
7,2,14932,1,0,666,0.42,420,0.58,1
7,3,8717,1,0,300,0.5,1700,0.5,1
7,4,2032,2,10,5,0,666,0.42,420,0.58,1
7,5,13871,1,0,300,0.5,1700,0.5,1
7,6,8255,1,0,300,0.5,1700,0.5,1
7,7,11647,0,0,300,0.5,1700,0.5,1
7,8,4490,2,10,5,0,666,0.42,420,0.58,1
7,9,2724,2,10,5,0,300,0.5,1700,0.5,1
7,10,4253,1,0,300,0.5,1700,0.5,1
7,11,13955,1,0,500,0.6,1000,0.2,1400,0.2,1
8,0,4391,0,0,500,0.6,1000,0.2,1400,0.2,1
8,1,7050,2,10,5,0,666,0.42,420,0.58,1
8,2,11327,1,0,666,0.42,420,0.58,1
8,3,11831,2,10,5,0,666,0.42,420,0.58,1
8,4,8536,0,0,300,0.5,1700,0.5,1
8,5,10137,1,0,666,0.42,420,0.58,1
8,6,4141,1,0,666,0.42,420,0.58,1
8,7,6141,0,0,666,0.42,420,0.58,1
8,8,6774,1,0,300,0.5,1700,0.5,1
8,9,752,1,0,500,0.6,1000,0.2,1400,0.2,1
8,10,3092,2,10,5,0,666,0.42,420,0.58,1
8,11,6687,0,0,300,0.5,1700,0.5,1
9,0,13212,1,0,300,0.5,1700,0.5,1
9,1,3003,0,0,666,0.42,420,0.58,1
9,2,9607,1,0,300,0.5,572,0.32,486,0.18,1
9,3,8375,2,10,5,0,666,0.42,420,0.58,1
9,4,14802,2,10,5,0,500,0.6,1000,0.2,1400,0.2,1
9,5,1703,1,0,300,0.5,1700,0.5,1
9,6,24,0,0,300,0.5,1700,0.5,1
9,7,9979,2,10,5,0,300,0.5,572,0.32,486,0.18,1
9,8,2647,0,0,300,0.5,1700,0.5,1
9,9,2259,2,10,5,0,300,0.5,572,0.32,486,0.18,1
9,10,3571,0,0,300,0.5,572,0.32,486,0.18,1
9,11,913,2,10,5,0,300,0.5,572,0.32,486,0.18,1
10,0,14008,0,0,300,0.5,1700,0.5,1
10,1,670,0,0,500,0.6,1000,0.2,1400,0.2,1
10,2,147,0,0,300,0.5,572,0.32,486,0.18,1
10,3,11758,2,10,5,0,500,0.6,1000,0.2,1400,0.2,1
10,4,13406,0,0,300,0.5,572,0.32,486,0.18,1
10,5,14969,0,0,666,0.42,420,0.58,1
10,6,11105,2,10,5,0,300,0.5,572,0.32,486,0.18,1
10,7,6559,0,0,500,0.6,1000,0.2,1400,0.2,1
10,8,5323,0,0,300,0.5,1700,0.5,1
10,9,12645,2,10,5,0,500,0.6,1000,0.2,1400,0.2,1
10,10,762,0,0,500,0.6,1000,0.2,1400,0.2,1
10,11,5084,1,0,300,0.5,572,0.32,486,0.18,1
11,0,4441,1,0,500,0.6,1000,0.2,1400,0.2,1
11,1,2749,1,0,500,0.6,1000,0.2,1400,0.2,1
11,2,6593,2,10,5,0,300,0.5,1700,0.5,1
11,3,13396,1,0,500,0.6,1000,0.2,1400,0.2,1
11,4,12963,1,0,300,0.5,1700,0.5,1
11,5,1825,0,0,300,0.5,572,0.32,486,0.18,1
11,6,3501,0,0,500,0.6,1000,0.2,1400,0.2,1
11,7,9496,2,10,5,0,300,0.5,572,0.32,486,0.18,1
11,8,2375,0,0,300,0.5,572,0.32,486,0.18,1
11,9,6778,1,0,666,0.42,420,0.58,1
11,10,5281,2,10,5,0,300,0.5,572,0.32,486,0.18,1
11,11,5380,1,0,300,0.5,572,0.32,486,0.18,1
