0,0,8681,0,0,500,0.6,1000,0.2,1400,0.2,1
0,1,1708,1,0,666,0.42,420,0.58,1
0,2,1444,0,0,300,0.5,572,0.32,486,0.18,1
0,3,2612,0,0,666,0.42,420,0.58,1
0,4,6583,2,10,5,0,500,0.6,1000,0.2,1400,0.2,1
0,5,4035,2,10,5,0,666,0.42,420,0.58,1
0,6,1274,1,0,300,0.5,572,0.32,486,0.18,1
0,7,5223,1,0,300,0.5,572,0.32,486,0.18,1
0,8,8399,1,0,300,0.5,572,0.32,486,0.18,1
0,9,7256,0,0,300,0.5,1700,0.5,1
0,10,14258,2,10,5,0,300,0.5,572,0.32,486,0.18,1
0,11,12322,0,0,666,0.42,420,0.58,1
1,0,11900,0,0,300,0.5,572,0.32,486,0.18,1
1,1,7040,2,10,5,0,666,0.42,420,0.58,1
1,2,1934,2,10,5,0,500,0.6,1000,0.2,1400,0.2,0
1,3,5993,1,0,300,0.5,1700,0.5,1
1,4,11411,2,10,5,0,666,0.42,420,0.58,1
1,5,7226,0,0,666,0.42,420,0.58,1
1,6,3227,0,0,300,0.5,572,0.32,486,0.18,1
1,7,8905,1,0,666,0.42,420,0.58,1
1,8,12505,2,10,5,0,666,0.42,420,0.58,1
1,9,462,0,0,300,0.5,572,0.32,486,0.18,1
1,10,360,0,0,666,0.42,420,0.58,1
1,11,11378,1,0,300,0.5,1700,0.5,1
2,0,2669,0,0,300,0.5,1700,0.5,1
2,1,2887,1,0,300,0.5,1700,0.5,1
2,2,12934,1,0,300,0.5,1700,0.5,1
2,3,9666,2,10,5,0,666,0.42,420,0.58,1
2,4,13690,1,0,666,0.42,420,0.58,1
2,5,9334,1,0,300,0.5,572,0.32,486,0.18,1
2,6,9637,1,0,666,0.42,420,0.58,1
2,7,609,2,10,5,0,500,0.6,1000,0.2,1400,0.2,1
2,8,5258,1,0,500,0.6,1000,0.2,1400,0.2,1
2,9,14095,0,0,500,0.6,1000,0.2,1400,0.2,1
2,10,12046,1,0,300,0.5,1700,0.5,1
2,11,6825,0,0,300,0.5,1700,0.5,1
3,0,141,1,0,500,0.6,1000,0.2,1400,0.2,1
3,1,1178,2,10,5,0,300,0.5,572,0.32,486,0.18,1
3,2,3547,1,0,300,0.5,1700,0.5,1
3,3,3801,2,10,5,0,300,0.5,572,0.32,486,0.18,1
3,4,1071,2,10,5,0,666,0.42,420,0.58,1
3,5,4276,0,0,666,0.42,420,0.58,1
3,6,4879,0,0,300,0.5,572,0.32,486,0.18,1
3,7,13567,0,0,300,0.5,572,0.32,486,0.18,1
3,8,11269,1,0,300,0.5,1700,0.5,1
3,9,9336,2,10,5,0,300,0.5,572,0.32,486,0.18,1
3,10,7677,1,0,300,0.5,1700,0.5,1
3,11,10961,0,0,300,0.5,572,0.32,486,0.18,1
4,0,7221,2,10,5,0,300,0.5,1700,0.5,1
4,1,1981,0,0,500,0.6,1000,0.2,1400,0.2,1
4,2,7541,0,0,666,0.42,420,0.58,1
4,3,8458,0,0,300,0.5,1700,0.5,1
4,4,10678,1,0,500,0.6,1000,0.2,1400,0.2,1
4,5,12983,1,0,666,0.42,420,0.58,1
4,6,6262,0,0,500,0.6,1000,0.2,1400,0.2,1
4,7,6037,0,0,300,0.5,1700,0.5,1
4,8,10660,2,10,5,0,666,0.42,420,0.58,1
4,9,14537,2,10,5,0,500,0.6,1000,0.2,1400,0.2,1
4,10,5323,1,0,666,0.42,420,0.58,1
4,11,7468,0,0,300,0.5,572,0.32,486,0.18,1
5,0,8593,1,0,500,0.6,1000,0.2,1400,0.2,1
5,1,861,1,0,300,0.5,1700,0.5,1
5,2,8869,1,0,500,0.6,1000,0.2,1400,0.2,1
5,3,8389,1,0,666,0.42,420,0.58,1
5,4,9756,1,0,300,0.5,1700,0.5,1
5,5,11996,2,10,5,0,666,0.42,420,0.58,1
5,6,10730,0,0,300,0.5,1700,0.5,1
5,7,12627,0,0,300,0.5,1700,0.5,1
5,8,14205,0,0,500,0.6,1000,0.2,1400,0.2,1
5,9,3725,1,0,500,0.6,1000,0.2,1400,0.2,1
5,10,3928,2,10,5,0,666,0.42,420,0.58,1
5,11,11273,2,10,5,0,500,0.6,1000,0.2,1400,0.2,1
6,0,9688,2,10,5,0,300,0.5,1700,0.5,1
6,1,6668,2,10,5,0,666,0.42,420,0.58,1
6,2,14798,0,0,300,0.5,1700,0.5,1
6,3,3441,2,10,5,0,300,0.5,1700,0.5,1
6,4,14866,1,0,500,0.6,1000,0.2,1400,0.2,1
6,5,10533,0,0,300,0.5,572,0.32,486,0.18,1
6,6,3157,1,0,300,0.5,1700,0.5,1
6,7,4070,2,10,5,0,300,0.5,572,0.32,486,0.18,1
6,8,4134,0,0,666,0.42,420,0.58,1
6,9,233,1,0,500,0.6,1000,0.2,1400,0.2,1
6,10,1373,2,10,5,0,300,0.5,572,0.32,486,0.18,1
6,11,8707,2,10,5,0,500,0.6,1000,0.2,1400,0.2,1
7,0,992,2,10,5,0,300,0.5,572,0.32,486,0.18,1
7,1,14036,1,0,500,0.6,1000,0.2,1400,0.2,1
7,2,12909,2,10,5,0,300,0.5,1700,0.5,1
7,3,13529,2,10,5,0,666,0.42,420,0.58,1
7,4,8868,1,0,300,0.5,1700,0.5,1
7,5,5373,2,10,5,0,500,0.6,1000,0.2,1400,0.2,1
7,6,10757,1,0,300,0.5,572,0.32,486,0.18,1
7,7,13529,0,0,300,0.5,1700,0.5,1
7,8,14523,2,10,5,0,666,0.42,420,0.58,1
7,9,10742,2,10,5,0,300,0.5,1700,0.5,1
7,10,6354,1,0,666,0.42,420,0.58,1
7,11,10307,1,0,300,0.5,572,0.32,486,0.18,1
8,0,5425,2,10,5,0,666,0.42,420,0.58,1
8,1,13066,2,10,5,0,500,0.6,1000,0.2,1400,0.2,1
8,2,11416,0,0,300,0.5,572,0.32,486,0.18,1
8,3,11523,2,10,5,0,666,0.42,420,0.58,1
8,4,9838,2,10,5,0,500,0.6,1000,0.2,1400,0.2,1
8,5,4350,2,10,5,0,666,0.42,420,0.58,1
8,6,2515,0,0,500,0.6,1000,0.2,1400,0.2,1
8,7,9045,2,10,5,0,300,0.5,572,0.32,486,0.18,1
8,8,5815,0,0,300,0.5,1700,0.5,1
8,9,10852,1,0,666,0.42,420,0.58,1
8,10,2240,0,0,300,0.5,1700,0.5,1
8,11,3483,1,0,300,0.5,1700,0.5,1
9,0,8935,1,0,666,0.42,420,0.58,1
9,1,12750,2,10,5,0,500,0.6,1000,0.2,1400,0.2,1
9,2,7135,0,0,500,0.6,1000,0.2,1400,0.2,1
9,3,3251,1,0,666,0.42,420,0.58,1
9,4,4330,1,0,666,0.42,420,0.58,1
9,5,10075,0,0,666,0.42,420,0.58,1
9,6,9516,2,10,5,0,300,0.5,572,0.32,486,0.18,1
9,7,1911,1,0,666,0.42,420,0.58,1
9,8,5276,1,0,300,0.5,572,0.32,486,0.18,1
9,9,10943,1,0,500,0.6,1000,0.2,1400,0.2,1
9,10,12944,1,0,300,0.5,572,0.32,486,0.18,1
9,11,6937,0,0,666,0.42,420,0.58,1
10,0,469,2,10,5,0,666,0.42,420,0.58,1
10,1,10898,1,0,500,0.6,1000,0.2,1400,0.2,1
10,2,7513,0,0,300,0.5,1700,0.5,1
10,3,6841,1,0,300,0.5,1700,0.5,1
10,4,6553,1,0,300,0.5,572,0.32,486,0.18,1
10,5,2469,2,10,5,0,666,0.42,420,0.58,1
10,6,3340,2,10,5,0,300,0.5,572,0.32,486,0.18,1
10,7,14796,2,10,5,0,666,0.42,420,0.58,1
10,8,187,0,0,300,0.5,572,0.32,486,0.18,1
10,9,10625,1,0,500,0.6,1000,0.2,1400,0.2,1
10,10,10132,2,10,5,0,300,0.5,572,0.32,486,0.18,1
10,11,1206,1,0,300,0.5,572,0.32,486,0.18,1
11,0,11031,2,10,5,0,500,0.6,1000,0.2,1400,0.2,1
11,1,3804,1,0,500,0.6,1000,0.2,1400,0.2,1
11,2,7986,2,10,5,0,300,0.5,1700,0.5,1
11,3,1944,1,0,300,0.5,572,0.32,486,0.18,1
11,4,14180,2,10,5,0,500,0.6,1000,0.2,1400,0.2,1
11,5,14260,2,10,5,0,300,0.5,572,0.32,486,0.18,1
11,6,2030,2,10,5,0,300,0.5,572,0.32,486,0.18,1
11,7,699,0,0,300,0.5,572,0.32,486,0.18,1
11,8,4964,0,0,500,0.6,1000,0.2,1400,0.2,1
11,9,3756,2,10,5,0,300,0.5,1700,0.5,1
11,10,11878,2,10,5,0,300,0.5,1700,0.5,1
11,11,13258,2,10,5,0,666,0.42,420,0.58,1
