0,0,6084,0,0,500,0.6,1000,0.2,1400,0.2,1
0,1,13219,0,0,666,0.42,420,0.58,1
0,2,13555,1,0,300,0.5,572,0.32,486,0.18,1
0,3,5634,2,10,5,0,666,0.42,420,0.58,1
0,4,3669,1,0,666,0.42,420,0.58,1
0,5,12327,1,0,300,0.5,572,0.32,486,0.18,1
0,6,8704,2,10,5,0,300,0.5,572,0.32,486,0.18,1
0,7,7930,1,0,666,0.42,420,0.58,1
0,8,5754,2,10,5,0,300,0.5,1700,0.5,1
0,9,14483,0,0,300,0.5,1700,0.5,1
0,10,192,2,10,5,0,500,0.6,1000,0.2,1400,0.2,1
0,11,7936,0,0,300,0.5,572,0.32,486,0.18,1
1,0,6767,1,0,666,0.42,420,0.58,1
1,1,3596,1,0,500,0.6,1000,0.2,1400,0.2,1
1,2,6942,0,0,500,0.6,1000,0.2,1400,0.2,0
1,3,11614,2,10,5,0,500,0.6,1000,0.2,1400,0.2,1
1,4,6909,0,0,666,0.42,420,0.58,1
1,5,12858,1,0,300,0.5,1700,0.5,1
1,6,11805,2,10,5,0,300,0.5,1700,0.5,1
1,7,10761,0,0,666,0.42,420,0.58,1
1,8,3860,0,0,666,0.42,420,0.58,1
1,9,14327,1,0,300,0.5,1700,0.5,1
1,10,4416,2,10,5,0,666,0.42,420,0.58,1
1,11,2936,0,0,666,0.42,420,0.58,1
2,0,13390,0,0,500,0.6,1000,0.2,1400,0.2,1
2,1,9385,1,0,666,0.42,420,0.58,1
2,2,1627,0,0,300,0.5,572,0.32,486,0.18,1
2,3,14212,2,10,5,0,300,0.5,572,0.32,486,0.18,1
2,4,7034,2,10,5,0,666,0.42,420,0.58,1
2,5,7982,2,10,5,0,300,0.5,1700,0.5,1
2,6,1337,0,0,500,0.6,1000,0.2,1400,0.2,1
2,7,7209,1,0,300,0.5,572,0.32,486,0.18,1
2,8,11191,2,10,5,0,666,0.42,420,0.58,1
2,9,614,1,0,666,0.42,420,0.58,1
2,10,1950,1,0,666,0.42,420,0.58,1
2,11,6683,1,0,666,0.42,420,0.58,1
3,0,5504,2,10,5,0,666,0.42,420,0.58,1
3,1,7366,0,0,666,0.42,420,0.58,1
3,2,2610,0,0,666,0.42,420,0.58,1
3,3,299,1,0,500,0.6,1000,0.2,1400,0.2,1
3,4,11601,1,0,666,0.42,420,0.58,1
3,5,7106,0,0,300,0.5,1700,0.5,1
3,6,469,0,0,300,0.5,572,0.32,486,0.18,1
3,7,2203,2,10,5,0,666,0.42,420,0.58,1
3,8,13075,1,0,300,0.5,1700,0.5,1
3,9,6447,0,0,300,0.5,1700,0.5,1
3,10,12795,2,10,5,0,500,0.6,1000,0.2,1400,0.2,1
3,11,12086,1,0,300,0.5,572,0.32,486,0.18,1
4,0,6690,1,0,666,0.42,420,0.58,1
4,1,9208,1,0,666,0.42,420,0.58,1
4,2,6920,1,0,666,0.42,420,0.58,1
4,3,10810,2,10,5,0,300,0.5,1700,0.5,1
4,4,7005,1,0,500,0.6,1000,0.2,1400,0.2,1
4,5,5034,0,0,500,0.6,1000,0.2,1400,0.2,1
4,6,9642,2,10,5,0,666,0.42,420,0.58,1
4,7,5506,2,10,5,0,300,0.5,572,0.32,486,0.18,1
4,8,6902,0,0,300,0.5,572,0.32,486,0.18,1
4,9,5016,1,0,300,0.5,572,0.32,486,0.18,1
4,10,2163,2,10,5,0,300,0.5,572,0.32,486,0.18,1
4,11,12637,2,10,5,0,300,0.5,572,0.32,486,0.18,1
5,0,2854,0,0,500,0.6,1000,0.2,1400,0.2,1
5,1,375,0,0,300,0.5,1700,0.5,1
5,2,13525,0,0,300,0.5,572,0.32,486,0.18,1
5,3,5420,1,0,500,0.6,1000,0.2,1400,0.2,1
5,4,9689,1,0,666,0.42,420,0.58,1
5,5,7988,0,0,300,0.5,572,0.32,486,0.18,1
5,6,8748,1,0,666,0.42,420,0.58,1
5,7,10346,1,0,300,0.5,572,0.32,486,0.18,1
5,8,13930,0,0,300,0.5,1700,0.5,1
5,9,9464,1,0,300,0.5,572,0.32,486,0.18,1
5,10,11759,0,0,666,0.42,420,0.58,1
5,11,14926,2,10,5,0,500,0.6,1000,0.2,1400,0.2,1
6,0,4838,1,0,300,0.5,572,0.32,486,0.18,1
6,1,6567,0,0,500,0.6,1000,0.2,1400,0.2,1
6,2,6830,2,10,5,0,300,0.5,1700,0.5,1
6,3,12763,1,0,300,0.5,1700,0.5,1
6,4,2529,0,0,666,0.42,420,0.58,1
6,5,3752,1,0,300,0.5,1700,0.5,1
6,6,9854,0,0,500,0.6,1000,0.2,1400,0.2,1
6,7,14917,1,0,300,0.5,572,0.32,486,0.18,1
6,8,9328,0,0,300,0.5,1700,0.5,1
6,9,7632,0,0,500,0.6,1000,0.2,1400,0.2,1
6,10,11109,0,0,666,0.42,420,0.58,1
6,11,303,1,0,300,0.5,572,0.32,486,0.18,1
7,0,1218,0,0,666,0.42,420,0.58,1
7,1,8633,2,10,5,0,500,0.6,1000,0.2,1400,0.2,1
7,2,7613,0,0,300,0.5,1700,0.5,1
7,3,14738,1,0,666,0.42,420,0.58,1
7,4,4818,2,10,5,0,666,0.42,420,0.58,1
7,5,9862,1,0,666,0.42,420,0.58,1
7,6,11995,2,10,5,0,300,0.5,1700,0.5,1
7,7,6630,0,0,300,0.5,1700,0.5,1
7,8,10141,1,0,666,0.42,420,0.58,1
7,9,13296,1,0,500,0.6,1000,0.2,1400,0.2,1
7,10,3719,0,0,666,0.42,420,0.58,1
7,11,10196,1,0,300,0.5,572,0.32,486,0.18,1
8,0,12597,0,0,666,0.42,420,0.58,1
8,1,7719,1,0,500,0.6,1000,0.2,1400,0.2,1
8,2,14766,1,0,500,0.6,1000,0.2,1400,0.2,1
8,3,11783,2,10,5,0,300,0.5,1700,0.5,1
8,4,2997,1,0,666,0.42,420,0.58,1
8,5,7932,0,0,300,0.5,572,0.32,486,0.18,1
8,6,13454,1,0,300,0.5,572,0.32,486,0.18,1
8,7,10738,1,0,300,0.5,572,0.32,486,0.18,1
8,8,1773,0,0,500,0.6,1000,0.2,1400,0.2,1
8,9,8571,1,0,300,0.5,572,0.32,486,0.18,1
8,10,2602,0,0,300,0.5,572,0.32,486,0.18,1
8,11,8131,1,0,666,0.42,420,0.58,1
9,0,4547,0,0,300,0.5,572,0.32,486,0.18,1
9,1,6199,2,10,5,0,300,0.5,572,0.32,486,0.18,1
9,2,6441,0,0,300,0.5,1700,0.5,1
9,3,5567,2,10,5,0,500,0.6,1000,0.2,1400,0.2,1
9,4,4738,2,10,5,0,300,0.5,572,0.32,486,0.18,1
9,5,7019,1,0,500,0.6,1000,0.2,1400,0.2,1
9,6,1351,1,0,300,0.5,572,0.32,486,0.18,1
9,7,14491,2,10,5,0,500,0.6,1000,0.2,1400,0.2,1
9,8,2121,1,0,500,0.6,1000,0.2,1400,0.2,1
9,9,8508,0,0,500,0.6,1000,0.2,1400,0.2,1
9,10,1388,2,10,5,0,500,0.6,1000,0.2,1400,0.2,1
9,11,14971,0,0,666,0.42,420,0.58,1
10,0,7353,0,0,666,0.42,420,0.58,1
10,1,14179,2,10,5,0,500,0.6,1000,0.2,1400,0.2,1
10,2,5676,0,0,300,0.5,572,0.32,486,0.18,1
10,3,2481,1,0,300,0.5,1700,0.5,1
10,4,6147,0,0,666,0.42,420,0.58,1
10,5,3918,1,0,500,0.6,1000,0.2,1400,0.2,1
10,6,14962,0,0,300,0.5,572,0.32,486,0.18,1
10,7,6429,0,0,300,0.5,1700,0.5,1
10,8,29,2,10,5,0,666,0.42,420,0.58,1
10,9,7025,1,0,300,0.5,572,0.32,486,0.18,1
10,10,9314,0,0,500,0.6,1000,0.2,1400,0.2,1
10,11,9686,2,10,5,0,500,0.6,1000,0.2,1400,0.2,1
11,0,10652,1,0,300,0.5,1700,0.5,1
11,1,1335,1,0,300,0.5,572,0.32,486,0.18,1
11,2,2615,0,0,300,0.5,572,0.32,486,0.18,1
11,3,4492,1,0,300,0.5,1700,0.5,1
11,4,11553,1,0,500,0.6,1000,0.2,1400,0.2,1
11,5,7532,2,10,5,0,300,0.5,1700,0.5,1
11,6,8306,1,0,500,0.6,1000,0.2,1400,0.2,1
11,7,10443,2,10,5,0,300,0.5,1700,0.5,1
11,8,10996,1,0,500,0.6,1000,0.2,1400,0.2,1
11,9,14599,2,10,5,0,300,0.5,572,0.32,486,0.18,1
11,10,7771,0,0,500,0.6,1000,0.2,1400,0.2,1
11,11,12321,0,0,300,0.5,1700,0.5,1
