0,0,572,2,10,5,0,666,0.42,420,0.58,1
0,1,340,0,0,300,0.5,572,0.32,486,0.18,1
0,2,12371,2,10,5,0,300,0.5,572,0.32,486,0.18,1
0,3,2369,2,10,5,0,300,0.5,1700,0.5,1
0,4,7825,2,10,5,0,300,0.5,1700,0.5,1
0,5,3031,0,0,300,0.5,572,0.32,486,0.18,1
0,6,12957,1,0,300,0.5,1700,0.5,1
0,7,12432,2,10,5,0,500,0.6,1000,0.2,1400,0.2,1
0,8,6259,1,0,300,0.5,1700,0.5,1
0,9,2592,2,10,5,0,500,0.6,1000,0.2,1400,0.2,1
0,10,13804,2,10,5,0,666,0.42,420,0.58,1
0,11,6542,0,0,300,0.5,1700,0.5,1
1,0,3515,0,0,500,0.6,1000,0.2,1400,0.2,1
1,1,8781,0,0,300,0.5,1700,0.5,1
1,2,10193,2,10,5,0,500,0.6,1000,0.2,1400,0.2,0
1,3,4710,2,10,5,0,300,0.5,572,0.32,486,0.18,1
1,4,10045,2,10,5,0,300,0.5,572,0.32,486,0.18,1
1,5,1293,2,10,5,0,500,0.6,1000,0.2,1400,0.2,1
1,6,6237,2,10,5,0,500,0.6,1000,0.2,1400,0.2,1
1,7,7517,1,0,666,0.42,420,0.58,1
1,8,5968,0,0,300,0.5,1700,0.5,1
1,9,2885,1,0,500,0.6,1000,0.2,1400,0.2,1
1,10,6129,0,0,666,0.42,420,0.58,1
1,11,11350,0,0,666,0.42,420,0.58,1
2,0,11428,0,0,300,0.5,1700,0.5,1
2,1,10505,2,10,5,0,500,0.6,1000,0.2,1400,0.2,1
2,2,7367,1,0,500,0.6,1000,0.2,1400,0.2,1
2,3,13972,0,0,300,0.5,572,0.32,486,0.18,1
2,4,11353,1,0,666,0.42,420,0.58,1
2,5,14024,0,0,300,0.5,572,0.32,486,0.18,1
2,6,12203,0,0,500,0.6,1000,0.2,1400,0.2,1
2,7,7446,0,0,666,0.42,420,0.58,1
2,8,14126,2,10,5,0,666,0.42,420,0.58,1
2,9,10292,2,10,5,0,300,0.5,1700,0.5,1
2,10,6970,0,0,300,0.5,1700,0.5,1
2,11,13706,0,0,666,0.42,420,0.58,1
3,0,1855,2,10,5,0,666,0.42,420,0.58,1
3,1,11540,1,0,300,0.5,1700,0.5,1
3,2,10756,1,0,500,0.6,1000,0.2,1400,0.2,1
3,3,12191,1,0,500,0.6,1000,0.2,1400,0.2,1
3,4,14990,1,0,666,0.42,420,0.58,1
3,5,13421,0,0,300,0.5,572,0.32,486,0.18,1
3,6,6731,1,0,300,0.5,1700,0.5,1
3,7,14257,1,0,666,0.42,420,0.58,1
3,8,6236,0,0,500,0.6,1000,0.2,1400,0.2,1
3,9,1190,1,0,500,0.6,1000,0.2,1400,0.2,1
3,10,6783,1,0,500,0.6,1000,0.2,1400,0.2,1
3,11,4720,1,0,300,0.5,1700,0.5,1
4,0,5640,1,0,300,0.5,1700,0.5,1
4,1,12728,0,0,300,0.5,1700,0.5,1
4,2,190,2,10,5,0,300,0.5,572,0.32,486,0.18,1
4,3,9096,1,0,500,0.6,1000,0.2,1400,0.2,1
4,4,1152,1,0,666,0.42,420,0.58,1
4,5,3457,1,0,666,0.42,420,0.58,1
4,6,4187,0,0,300,0.5,572,0.32,486,0.18,1
4,7,12788,1,0,500,0.6,1000,0.2,1400,0.2,1
4,8,12126,2,10,5,0,300,0.5,572,0.32,486,0.18,1
4,9,2715,2,10,5,0,300,0.5,1700,0.5,1
4,10,1413,0,0,300,0.5,1700,0.5,1
4,11,4054,0,0,666,0.42,420,0.58,1
5,0,2467,0,0,500,0.6,1000,0.2,1400,0.2,1
5,1,10099,2,10,5,0,666,0.42,420,0.58,1
5,2,9100,2,10,5,0,300,0.5,572,0.32,486,0.18,1
5,3,5125,0,0,666,0.42,420,0.58,1
5,4,7669,1,0,300,0.5,1700,0.5,1
5,5,6245,2,10,5,0,500,0.6,1000,0.2,1400,0.2,1
5,6,11948,2,10,5,0,500,0.6,1000,0.2,1400,0.2,1
5,7,6416,1,0,300,0.5,572,0.32,486,0.18,1
5,8,2558,1,0,300,0.5,1700,0.5,1
5,9,5021,2,10,5,0,666,0.42,420,0.58,1
5,10,12897,2,10,5,0,300,0.5,1700,0.5,1
5,11,1302,0,0,300,0.5,1700,0.5,1
6,0,7724,2,10,5,0,666,0.42,420,0.58,1
6,1,13928,0,0,300,0.5,1700,0.5,1
6,2,11830,1,0,300,0.5,1700,0.5,1
6,3,8900,0,0,500,0.6,1000,0.2,1400,0.2,1
6,4,11906,1,0,300,0.5,1700,0.5,1
6,5,9706,0,0,666,0.42,420,0.58,1
6,6,1110,0,0,300,0.5,1700,0.5,1
6,7,6770,0,0,300,0.5,572,0.32,486,0.18,1
6,8,194,0,0,300,0.5,572,0.32,486,0.18,1
6,9,10660,0,0,300,0.5,572,0.32,486,0.18,1
6,10,1974,2,10,5,0,500,0.6,1000,0.2,1400,0.2,1
6,11,9769,1,0,666,0.42,420,0.58,1
7,0,3612,1,0,500,0.6,1000,0.2,1400,0.2,1
7,1,5729,0,0,666,0.42,420,0.58,1
7,2,10137,0,0,500,0.6,1000,0.2,1400,0.2,1
7,3,13459,1,0,666,0.42,420,0.58,1
7,4,14824,1,0,500,0.6,1000,0.2,1400,0.2,1
7,5,9951,2,10,5,0,666,0.42,420,0.58,1
7,6,4479,0,0,500,0.6,1000,0.2,1400,0.2,1
7,7,225,1,0,300,0.5,572,0.32,486,0.18,1
7,8,7194,0,0,666,0.42,420,0.58,1
7,9,2043,2,10,5,0,666,0.42,420,0.58,1
7,10,8491,2,10,5,0,300,0.5,1700,0.5,1
7,11,5850,0,0,300,0.5,1700,0.5,1
8,0,8335,1,0,300,0.5,572,0.32,486,0.18,1
8,1,1507,2,10,5,0,300,0.5,1700,0.5,1
8,2,4561,1,0,666,0.42,420,0.58,1
8,3,10405,1,0,666,0.42,420,0.58,1
8,4,2374,0,0,666,0.42,420,0.58,1
8,5,1197,2,10,5,0,666,0.42,420,0.58,1
8,6,12581,2,10,5,0,300,0.5,1700,0.5,1
8,7,9302,2,10,5,0,300,0.5,572,0.32,486,0.18,1
8,8,14909,0,0,500,0.6,1000,0.2,1400,0.2,1
8,9,5424,0,0,500,0.6,1000,0.2,1400,0.2,1
8,10,1857,1,0,300,0.5,1700,0.5,1
8,11,11805,1,0,300,0.5,1700,0.5,1
9,0,12226,2,10,5,0,300,0.5,572,0.32,486,0.18,1
9,1,4527,1,0,300,0.5,572,0.32,486,0.18,1
9,2,7300,1,0,300,0.5,572,0.32,486,0.18,1
9,3,11841,0,0,500,0.6,1000,0.2,1400,0.2,1
9,4,1020,2,10,5,0,300,0.5,1700,0.5,1
9,5,4700,0,0,500,0.6,1000,0.2,1400,0.2,1
9,6,1328,1,0,300,0.5,1700,0.5,1
9,7,12661,2,10,5,0,300,0.5,1700,0.5,1
9,8,9234,1,0,300,0.5,1700,0.5,1
9,9,12678,2,10,5,0,300,0.5,1700,0.5,1
9,10,2986,0,0,500,0.6,1000,0.2,1400,0.2,1
9,11,2257,1,0,666,0.42,420,0.58,1
10,0,2544,1,0,300,0.5,1700,0.5,1
10,1,8320,2,10,5,0,666,0.42,420,0.58,1
10,2,6596,0,0,500,0.6,1000,0.2,1400,0.2,1
10,3,9523,1,0,300,0.5,572,0.32,486,0.18,1
10,4,14316,1,0,300,0.5,572,0.32,486,0.18,1
10,5,6418,1,0,666,0.42,420,0.58,1
10,6,13804,1,0,666,0.42,420,0.58,1
10,7,10236,2,10,5,0,500,0.6,1000,0.2,1400,0.2,1
10,8,1959,0,0,500,0.6,1000,0.2,1400,0.2,1
10,9,14271,2,10,5,0,500,0.6,1000,0.2,1400,0.2,1
10,10,5010,2,10,5,0,300,0.5,1700,0.5,1
10,11,9726,1,0,666,0.42,420,0.58,1
11,0,5920,1,0,500,0.6,1000,0.2,1400,0.2,1
11,1,14412,0,0,500,0.6,1000,0.2,1400,0.2,1
11,2,1635,1,0,666,0.42,420,0.58,1
11,3,11595,1,0,300,0.5,572,0.32,486,0.18,1
11,4,9717,2,10,5,0,500,0.6,1000,0.2,1400,0.2,1
11,5,7207,2,10,5,0,500,0.6,1000,0.2,1400,0.2,1
11,6,14844,1,0,300,0.5,572,0.32,486,0.18,1
11,7,157,1,0,300,0.5,572,0.32,486,0.18,1
11,8,1906,2,10,5,0,500,0.6,1000,0.2,1400,0.2,1
11,9,8405,1,0,666,0.42,420,0.58,1
11,10,14313,1,0,666,0.42,420,0.58,1
11,11,6094,0,0,500,0.6,1000,0.2,1400,0.2,1
