0,0,8834,2,10,5,0,500,0.6,1000,0.2,1400,0.2,1
0,1,9449,2,10,5,0,300,0.5,1700,0.5,1
0,2,12913,0,0,666,0.42,420,0.58,1
0,3,14060,1,0,300,0.5,1700,0.5,1
0,4,6085,1,0,300,0.5,1700,0.5,1
0,5,532,1,0,300,0.5,1700,0.5,1
0,6,9615,2,10,5,0,666,0.42,420,0.58,1
0,7,6709,0,0,500,0.6,1000,0.2,1400,0.2,1
0,8,8363,0,0,300,0.5,572,0.32,486,0.18,1
0,9,11685,1,0,300,0.5,1700,0.5,1
0,10,10207,2,10,5,0,300,0.5,1700,0.5,1
0,11,10445,1,0,666,0.42,420,0.58,1
1,0,6931,2,10,5,0,500,0.6,1000,0.2,1400,0.2,1
1,1,312,0,0,666,0.42,420,0.58,1
1,2,10941,1,0,500,0.6,1000,0.2,1400,0.2,0
1,3,107,0,0,500,0.6,1000,0.2,1400,0.2,1
1,4,12343,1,0,666,0.42,420,0.58,1
1,5,3470,2,10,5,0,300,0.5,572,0.32,486,0.18,1
1,6,4620,1,0,500,0.6,1000,0.2,1400,0.2,1
1,7,12089,2,10,5,0,300,0.5,572,0.32,486,0.18,1
1,8,2687,2,10,5,0,666,0.42,420,0.58,1
1,9,7190,1,0,300,0.5,572,0.32,486,0.18,1
1,10,6560,2,10,5,0,500,0.6,1000,0.2,1400,0.2,1
1,11,181,0,0,300,0.5,1700,0.5,1
2,0,5933,2,10,5,0,500,0.6,1000,0.2,1400,0.2,1
2,1,13129,1,0,666,0.42,420,0.58,1
2,2,1234,0,0,500,0.6,1000,0.2,1400,0.2,1
2,3,2065,2,10,5,0,300,0.5,572,0.32,486,0.18,1
2,4,2541,2,10,5,0,300,0.5,1700,0.5,1
2,5,5343,0,0,300,0.5,1700,0.5,1
2,6,424,2,10,5,0,500,0.6,1000,0.2,1400,0.2,1
2,7,3779,0,0,500,0.6,1000,0.2,1400,0.2,1
2,8,10698,2,10,5,0,500,0.6,1000,0.2,1400,0.2,1
2,9,1152,2,10,5,0,300,0.5,572,0.32,486,0.18,1
2,10,3903,2,10,5,0,500,0.6,1000,0.2,1400,0.2,1
2,11,4829,0,0,300,0.5,1700,0.5,1
3,0,7970,2,10,5,0,500,0.6,1000,0.2,1400,0.2,1
3,1,12531,1,0,500,0.6,1000,0.2,1400,0.2,1
3,2,12976,0,0,300,0.5,1700,0.5,1
3,3,10721,1,0,500,0.6,1000,0.2,1400,0.2,1
3,4,1967,2,10,5,0,300,0.5,1700,0.5,1
3,5,8078,1,0,300,0.5,1700,0.5,1
3,6,4973,2,10,5,0,300,0.5,572,0.32,486,0.18,1
3,7,14648,2,10,5,0,666,0.42,420,0.58,1
3,8,13909,1,0,666,0.42,420,0.58,1
3,9,12804,0,0,300,0.5,572,0.32,486,0.18,1
3,10,6353,2,10,5,0,666,0.42,420,0.58,1
3,11,5640,2,10,5,0,300,0.5,1700,0.5,1
4,0,9590,2,10,5,0,500,0.6,1000,0.2,1400,0.2,1
4,1,9331,2,10,5,0,300,0.5,1700,0.5,1
4,2,11456,1,0,300,0.5,1700,0.5,1
4,3,14882,2,10,5,0,500,0.6,1000,0.2,1400,0.2,1
4,4,11187,1,0,300,0.5,572,0.32,486,0.18,1
4,5,2575,2,10,5,0,300,0.5,1700,0.5,1
4,6,11514,2,10,5,0,300,0.5,1700,0.5,1
4,7,4647,1,0,500,0.6,1000,0.2,1400,0.2,1
4,8,10212,2,10,5,0,666,0.42,420,0.58,1
4,9,2290,1,0,300,0.5,1700,0.5,1
4,10,14420,1,0,300,0.5,1700,0.5,1
4,11,6038,2,10,5,0,300,0.5,1700,0.5,1
5,0,3698,1,0,300,0.5,572,0.32,486,0.18,1
5,1,4045,1,0,666,0.42,420,0.58,1
5,2,4890,0,0,300,0.5,572,0.32,486,0.18,1
5,3,4092,1,0,300,0.5,1700,0.5,1
5,4,13659,2,10,5,0,300,0.5,1700,0.5,1
5,5,3427,1,0,500,0.6,1000,0.2,1400,0.2,1
5,6,3954,0,0,666,0.42,420,0.58,1
5,7,10525,2,10,5,0,500,0.6,1000,0.2,1400,0.2,1
5,8,5978,0,0,300,0.5,572,0.32,486,0.18,1
5,9,13078,2,10,5,0,300,0.5,1700,0.5,1
5,10,13723,2,10,5,0,666,0.42,420,0.58,1
5,11,1103,0,0,300,0.5,1700,0.5,1
6,0,4650,0,0,300,0.5,572,0.32,486,0.18,1
6,1,5844,1,0,300,0.5,572,0.32,486,0.18,1
6,2,1591,1,0,300,0.5,1700,0.5,1
6,3,13596,2,10,5,0,300,0.5,1700,0.5,1
6,4,4148,0,0,300,0.5,1700,0.5,1
6,5,5557,2,10,5,0,300,0.5,1700,0.5,1
6,6,4809,0,0,666,0.42,420,0.58,1
6,7,7285,2,10,5,0,300,0.5,572,0.32,486,0.18,1
6,8,4473,2,10,5,0,666,0.42,420,0.58,1
6,9,3133,0,0,666,0.42,420,0.58,1
6,10,4180,2,10,5,0,666,0.42,420,0.58,1
6,11,10974,1,0,500,0.6,1000,0.2,1400,0.2,1
7,0,8031,0,0,300,0.5,1700,0.5,1
7,1,7771,0,0,666,0.42,420,0.58,1
7,2,8248,1,0,666,0.42,420,0.58,1
7,3,4465,0,0,300,0.5,1700,0.5,1
7,4,2058,0,0,300,0.5,572,0.32,486,0.18,1
7,5,8007,2,10,5,0,300,0.5,572,0.32,486,0.18,1
7,6,1524,2,10,5,0,300,0.5,1700,0.5,1
7,7,2372,1,0,500,0.6,1000,0.2,1400,0.2,1
7,8,4205,0,0,300,0.5,1700,0.5,1
7,9,7752,0,0,666,0.42,420,0.58,1
7,10,9626,1,0,500,0.6,1000,0.2,1400,0.2,1
7,11,2357,0,0,500,0.6,1000,0.2,1400,0.2,1
8,0,1505,0,0,300,0.5,1700,0.5,1
8,1,533,1,0,300,0.5,572,0.32,486,0.18,1
8,2,11355,0,0,300,0.5,1700,0.5,1
8,3,8228,1,0,300,0.5,572,0.32,486,0.18,1
8,4,11538,1,0,300,0.5,1700,0.5,1
8,5,5321,1,0,666,0.42,420,0.58,1
8,6,14832,0,0,300,0.5,1700,0.5,1
8,7,11526,2,10,5,0,300,0.5,572,0.32,486,0.18,1
8,8,1756,0,0,500,0.6,1000,0.2,1400,0.2,1
8,9,3105,0,0,300,0.5,1700,0.5,1
8,10,2821,2,10,5,0,300,0.5,1700,0.5,1
8,11,9758,1,0,500,0.6,1000,0.2,1400,0.2,1
9,0,11339,1,0,500,0.6,1000,0.2,1400,0.2,1
9,1,10974,2,10,5,0,500,0.6,1000,0.2,1400,0.2,1
9,2,3619,2,10,5,0,666,0.42,420,0.58,1
9,3,5100,0,0,500,0.6,1000,0.2,1400,0.2,1
9,4,14855,1,0,500,0.6,1000,0.2,1400,0.2,1
9,5,13555,0,0,300,0.5,572,0.32,486,0.18,1
9,6,5834,2,10,5,0,300,0.5,572,0.32,486,0.18,1
9,7,3037,2,10,5,0,300,0.5,572,0.32,486,0.18,1
9,8,5351,2,10,5,0,500,0.6,1000,0.2,1400,0.2,1
9,9,5501,2,10,5,0,500,0.6,1000,0.2,1400,0.2,1
9,10,2145,2,10,5,0,300,0.5,1700,0.5,1
9,11,5843,2,10,5,0,500,0.6,1000,0.2,1400,0.2,1
10,0,5997,2,10,5,0,500,0.6,1000,0.2,1400,0.2,1
10,1,1250,2,10,5,0,500,0.6,1000,0.2,1400,0.2,1
10,2,14602,0,0,500,0.6,1000,0.2,1400,0.2,1
10,3,4903,1,0,666,0.42,420,0.58,1
10,4,4723,1,0,300,0.5,1700,0.5,1
10,5,2095,0,0,500,0.6,1000,0.2,1400,0.2,1
10,6,10304,0,0,300,0.5,572,0.32,486,0.18,1
10,7,6295,0,0,500,0.6,1000,0.2,1400,0.2,1
10,8,3032,2,10,5,0,300,0.5,1700,0.5,1
10,9,12068,0,0,300,0.5,572,0.32,486,0.18,1
10,10,1173,1,0,666,0.42,420,0.58,1
10,11,11062,0,0,500,0.6,1000,0.2,1400,0.2,1
11,0,13132,0,0,300,0.5,572,0.32,486,0.18,1
11,1,4808,2,10,5,0,300,0.5,1700,0.5,1
11,2,14965,2,10,5,0,300,0.5,572,0.32,486,0.18,1
11,3,5822,0,0,666,0.42,420,0.58,1
11,4,593,2,10,5,0,300,0.5,572,0.32,486,0.18,1
11,5,11636,1,0,300,0.5,1700,0.5,1
11,6,8091,2,10,5,0,300,0.5,572,0.32,486,0.18,1
11,7,9917,1,0,300,0.5,572,0.32,486,0.18,1
11,8,6645,2,10,5,0,300,0.5,1700,0.5,1
11,9,12011,2,10,5,0,300,0.5,572,0.32,486,0.18,1
11,10,8873,1,0,666,0.42,420,0.58,1
11,11,14465,2,10,5,0,300,0.5,572,0.32,486,0.18,1
