0,0,8955,1,0,300,0.5,572,0.32,486,0.18,1
0,1,7013,2,10,5,0,500,0.6,1000,0.2,1400,0.2,1
0,2,4519,1,0,300,0.5,572,0.32,486,0.18,1
0,3,13109,0,0,300,0.5,1700,0.5,1
0,4,4583,2,10,5,0,666,0.42,420,0.58,1
0,5,12667,1,0,300,0.5,572,0.32,486,0.18,1
0,6,7879,2,10,5,0,666,0.42,420,0.58,1
0,7,6102,2,10,5,0,300,0.5,1700,0.5,1
0,8,10442,2,10,5,0,666,0.42,420,0.58,1
0,9,7060,1,0,500,0.6,1000,0.2,1400,0.2,1
0,10,237,0,0,666,0.42,420,0.58,1
0,11,143,1,0,500,0.6,1000,0.2,1400,0.2,1
1,0,12380,2,10,5,0,300,0.5,572,0.32,486,0.18,1
1,1,1438,1,0,500,0.6,1000,0.2,1400,0.2,1
1,2,7371,0,0,666,0.42,420,0.58,0
1,3,13697,0,0,666,0.42,420,0.58,1
1,4,12063,2,10,5,0,300,0.5,1700,0.5,1
1,5,3293,0,0,500,0.6,1000,0.2,1400,0.2,1
1,6,14704,2,10,5,0,300,0.5,1700,0.5,1
1,7,7478,2,10,5,0,300,0.5,572,0.32,486,0.18,1
1,8,13339,1,0,300,0.5,1700,0.5,1
1,9,2539,1,0,666,0.42,420,0.58,1
1,10,14116,1,0,300,0.5,572,0.32,486,0.18,1
1,11,13546,0,0,300,0.5,1700,0.5,1
2,0,11972,2,10,5,0,300,0.5,1700,0.5,1
2,1,12348,1,0,666,0.42,420,0.58,1
2,2,13185,1,0,500,0.6,1000,0.2,1400,0.2,1
2,3,10269,2,10,5,0,500,0.6,1000,0.2,1400,0.2,1
2,4,4995,2,10,5,0,300,0.5,1700,0.5,1
2,5,14747,2,10,5,0,500,0.6,1000,0.2,1400,0.2,1
2,6,12119,2,10,5,0,500,0.6,1000,0.2,1400,0.2,1
2,7,14176,1,0,666,0.42,420,0.58,1
2,8,2283,2,10,5,0,666,0.42,420,0.58,1
2,9,8265,1,0,300,0.5,1700,0.5,1
2,10,5513,0,0,500,0.6,1000,0.2,1400,0.2,1
2,11,11980,1,0,500,0.6,1000,0.2,1400,0.2,1
3,0,7130,1,0,300,0.5,572,0.32,486,0.18,1
3,1,2050,1,0,666,0.42,420,0.58,1
3,2,6986,0,0,666,0.42,420,0.58,1
3,3,10026,2,10,5,0,300,0.5,1700,0.5,1
3,4,8856,2,10,5,0,666,0.42,420,0.58,1
3,5,1793,1,0,666,0.42,420,0.58,1
3,6,6453,0,0,666,0.42,420,0.58,1
3,7,2044,2,10,5,0,666,0.42,420,0.58,1
3,8,2712,2,10,5,0,300,0.5,1700,0.5,1
3,9,35,0,0,666,0.42,420,0.58,1
3,10,2961,2,10,5,0,500,0.6,1000,0.2,1400,0.2,1
3,11,11856,1,0,500,0.6,1000,0.2,1400,0.2,1
4,0,4338,1,0,300,0.5,572,0.32,486,0.18,1
4,1,5946,2,10,5,0,300,0.5,1700,0.5,1
4,2,8557,2,10,5,0,500,0.6,1000,0.2,1400,0.2,1
4,3,7563,0,0,300,0.5,1700,0.5,1
4,4,12021,2,10,5,0,500,0.6,1000,0.2,1400,0.2,1
4,5,4028,2,10,5,0,500,0.6,1000,0.2,1400,0.2,1
4,6,1071,2,10,5,0,666,0.42,420,0.58,1
4,7,1954,2,10,5,0,300,0.5,1700,0.5,1
4,8,5178,2,10,5,0,500,0.6,1000,0.2,1400,0.2,1
4,9,4032,1,0,300,0.5,1700,0.5,1
4,10,13973,1,0,500,0.6,1000,0.2,1400,0.2,1
4,11,7710,0,0,300,0.5,572,0.32,486,0.18,1
5,0,3913,1,0,300,0.5,572,0.32,486,0.18,1
5,1,12204,0,0,666,0.42,420,0.58,1
5,2,5421,1,0,666,0.42,420,0.58,1
5,3,9426,2,10,5,0,300,0.5,1700,0.5,1
5,4,1133,2,10,5,0,666,0.42,420,0.58,1
5,5,6280,1,0,300,0.5,1700,0.5,1
5,6,6814,0,0,300,0.5,572,0.32,486,0.18,1
5,7,6324,2,10,5,0,300,0.5,1700,0.5,1
5,8,8847,0,0,300,0.5,572,0.32,486,0.18,1
5,9,2452,2,10,5,0,300,0.5,572,0.32,486,0.18,1
5,10,5793,1,0,500,0.6,1000,0.2,1400,0.2,1
5,11,7824,1,0,666,0.42,420,0.58,1
6,0,5732,1,0,300,0.5,1700,0.5,1
6,1,9415,1,0,500,0.6,1000,0.2,1400,0.2,1
6,2,14121,1,0,300,0.5,572,0.32,486,0.18,1
6,3,7511,2,10,5,0,300,0.5,1700,0.5,1
6,4,609,1,0,500,0.6,1000,0.2,1400,0.2,1
6,5,11490,1,0,300,0.5,1700,0.5,1
6,6,363,2,10,5,0,666,0.42,420,0.58,1
6,7,4079,0,0,300,0.5,572,0.32,486,0.18,1
6,8,13185,0,0,300,0.5,1700,0.5,1
6,9,1359,1,0,666,0.42,420,0.58,1
6,10,7585,1,0,300,0.5,1700,0.5,1
6,11,13439,1,0,500,0.6,1000,0.2,1400,0.2,1
7,0,12520,2,10,5,0,500,0.6,1000,0.2,1400,0.2,1
7,1,6238,1,0,500,0.6,1000,0.2,1400,0.2,1
7,2,6064,0,0,300,0.5,1700,0.5,1
7,3,9793,2,10,5,0,300,0.5,1700,0.5,1
7,4,2973,0,0,500,0.6,1000,0.2,1400,0.2,1
7,5,6552,1,0,300,0.5,572,0.32,486,0.18,1
7,6,4773,0,0,500,0.6,1000,0.2,1400,0.2,1
7,7,9239,2,10,5,0,300,0.5,572,0.32,486,0.18,1
7,8,7667,2,10,5,0,500,0.6,1000,0.2,1400,0.2,1
7,9,7824,1,0,300,0.5,572,0.32,486,0.18,1
7,10,12218,1,0,500,0.6,1000,0.2,1400,0.2,1
7,11,11959,2,10,5,0,300,0.5,572,0.32,486,0.18,1
8,0,13169,0,0,300,0.5,1700,0.5,1
8,1,115,2,10,5,0,666,0.42,420,0.58,1
8,2,9309,0,0,300,0.5,572,0.32,486,0.18,1
8,3,13582,2,10,5,0,300,0.5,1700,0.5,1
8,4,3902,0,0,500,0.6,1000,0.2,1400,0.2,1
8,5,5389,0,0,666,0.42,420,0.58,1
8,6,7881,0,0,300,0.5,1700,0.5,1
8,7,9818,0,0,500,0.6,1000,0.2,1400,0.2,1
8,8,6970,2,10,5,0,300,0.5,572,0.32,486,0.18,1
8,9,6559,1,0,300,0.5,1700,0.5,1
8,10,10529,1,0,666,0.42,420,0.58,1
8,11,13159,0,0,300,0.5,572,0.32,486,0.18,1
9,0,431,2,10,5,0,666,0.42,420,0.58,1
9,1,11782,2,10,5,0,300,0.5,572,0.32,486,0.18,1
9,2,10904,1,0,500,0.6,1000,0.2,1400,0.2,1
9,3,10857,0,0,500,0.6,1000,0.2,1400,0.2,1
9,4,14125,0,0,500,0.6,1000,0.2,1400,0.2,1
9,5,5005,2,10,5,0,500,0.6,1000,0.2,1400,0.2,1
9,6,9299,0,0,500,0.6,1000,0.2,1400,0.2,1
9,7,8757,2,10,5,0,300,0.5,572,0.32,486,0.18,1
9,8,3749,0,0,500,0.6,1000,0.2,1400,0.2,1
9,9,7457,1,0,500,0.6,1000,0.2,1400,0.2,1
9,10,5361,2,10,5,0,300,0.5,1700,0.5,1
9,11,3520,1,0,666,0.42,420,0.58,1
10,0,14412,0,0,666,0.42,420,0.58,1
10,1,8083,1,0,666,0.42,420,0.58,1
10,2,1776,1,0,300,0.5,1700,0.5,1
10,3,4480,2,10,5,0,300,0.5,572,0.32,486,0.18,1
10,4,7428,1,0,300,0.5,572,0.32,486,0.18,1
10,5,2528,0,0,500,0.6,1000,0.2,1400,0.2,1
10,6,14208,0,0,666,0.42,420,0.58,1
10,7,6125,1,0,300,0.5,1700,0.5,1
10,8,1284,0,0,300,0.5,572,0.32,486,0.18,1
10,9,6469,1,0,666,0.42,420,0.58,1
10,10,11177,2,10,5,0,666,0.42,420,0.58,1
10,11,9604,0,0,500,0.6,1000,0.2,1400,0.2,1
11,0,6478,2,10,5,0,500,0.6,1000,0.2,1400,0.2,1
11,1,1618,0,0,300,0.5,572,0.32,486,0.18,1
11,2,14713,0,0,666,0.42,420,0.58,1
11,3,7468,0,0,300,0.5,572,0.32,486,0.18,1
11,4,10338,2,10,5,0,666,0.42,420,0.58,1
11,5,4023,2,10,5,0,300,0.5,572,0.32,486,0.18,1
11,6,11072,1,0,300,0.5,572,0.32,486,0.18,1
11,7,9909,0,0,300,0.5,1700,0.5,1
11,8,1643,2,10,5,0,500,0.6,1000,0.2,1400,0.2,1
11,9,1710,0,0,500,0.6,1000,0.2,1400,0.2,1
11,10,3786,0,0,500,0.6,1000,0.2,1400,0.2,1
11,11,10870,0,0,666,0.42,420,0.58,1
