0,0,4314,0,0,300,0.5,572,0.32,486,0.18,1
0,1,9325,2,10,5,0,500,0.6,1000,0.2,1400,0.2,1
0,2,9581,0,0,300,0.5,1700,0.5,1
0,3,12032,0,0,500,0.6,1000,0.2,1400,0.2,1
0,4,8429,0,0,300,0.5,572,0.32,486,0.18,1
0,5,7781,1,0,666,0.42,420,0.58,1
0,6,4669,2,10,5,0,300,0.5,572,0.32,486,0.18,1
0,7,6952,0,0,300,0.5,1700,0.5,1
0,8,1925,0,0,666,0.42,420,0.58,1
0,9,8975,0,0,500,0.6,1000,0.2,1400,0.2,1
0,10,9111,1,0,500,0.6,1000,0.2,1400,0.2,1
0,11,5198,2,10,5,0,666,0.42,420,0.58,1
1,0,13659,2,10,5,0,300,0.5,572,0.32,486,0.18,1
1,1,9539,2,10,5,0,300,0.5,1700,0.5,1
1,2,8332,2,10,5,0,300,0.5,572,0.32,486,0.18,0
1,3,119,1,0,500,0.6,1000,0.2,1400,0.2,1
1,4,9467,1,0,300,0.5,572,0.32,486,0.18,1
1,5,13354,1,0,300,0.5,572,0.32,486,0.18,1
1,6,11615,1,0,300,0.5,572,0.32,486,0.18,1
1,7,3202,2,10,5,0,300,0.5,572,0.32,486,0.18,1
1,8,10367,2,10,5,0,666,0.42,420,0.58,1
1,9,12529,2,10,5,0,300,0.5,572,0.32,486,0.18,1
1,10,2284,1,0,666,0.42,420,0.58,1
1,11,6501,2,10,5,0,300,0.5,1700,0.5,1
2,0,14754,0,0,300,0.5,572,0.32,486,0.18,1
2,1,8835,1,0,300,0.5,1700,0.5,1
2,2,3220,1,0,300,0.5,572,0.32,486,0.18,1
2,3,3520,0,0,300,0.5,572,0.32,486,0.18,1
2,4,218,0,0,500,0.6,1000,0.2,1400,0.2,1
2,5,9591,0,0,500,0.6,1000,0.2,1400,0.2,1
2,6,12264,1,0,300,0.5,572,0.32,486,0.18,1
2,7,11519,2,10,5,0,300,0.5,1700,0.5,1
2,8,13207,2,10,5,0,500,0.6,1000,0.2,1400,0.2,1
2,9,5205,0,0,666,0.42,420,0.58,1
2,10,12690,0,0,666,0.42,420,0.58,1
2,11,9822,1,0,300,0.5,1700,0.5,1
3,0,11847,0,0,300,0.5,572,0.32,486,0.18,1
3,1,1076,1,0,300,0.5,1700,0.5,1
3,2,3303,2,10,5,0,300,0.5,1700,0.5,1
3,3,9461,0,0,300,0.5,572,0.32,486,0.18,1
3,4,4745,2,10,5,0,500,0.6,1000,0.2,1400,0.2,1
3,5,6124,0,0,500,0.6,1000,0.2,1400,0.2,1
3,6,5521,1,0,666,0.42,420,0.58,1
3,7,10996,2,10,5,0,300,0.5,1700,0.5,1
3,8,11751,1,0,500,0.6,1000,0.2,1400,0.2,1
3,9,6319,2,10,5,0,300,0.5,572,0.32,486,0.18,1
3,10,13204,1,0,666,0.42,420,0.58,1
3,11,5818,1,0,300,0.5,572,0.32,486,0.18,1
4,0,11607,1,0,666,0.42,420,0.58,1
4,1,4126,2,10,5,0,500,0.6,1000,0.2,1400,0.2,1
4,2,14215,0,0,300,0.5,1700,0.5,1
4,3,13237,0,0,500,0.6,1000,0.2,1400,0.2,1
4,4,10560,1,0,300,0.5,1700,0.5,1
4,5,8146,2,10,5,0,300,0.5,572,0.32,486,0.18,1
4,6,4046,0,0,300,0.5,1700,0.5,1
4,7,10198,2,10,5,0,300,0.5,572,0.32,486,0.18,1
4,8,12875,1,0,300,0.5,1700,0.5,1
4,9,14092,1,0,666,0.42,420,0.58,1
4,10,11650,0,0,666,0.42,420,0.58,1
4,11,2974,2,10,5,0,666,0.42,420,0.58,1
5,0,1030,0,0,300,0.5,572,0.32,486,0.18,1
5,1,1882,0,0,300,0.5,1700,0.5,1
5,2,2650,2,10,5,0,500,0.6,1000,0.2,1400,0.2,1
5,3,8998,0,0,300,0.5,1700,0.5,1
5,4,1897,0,0,300,0.5,572,0.32,486,0.18,1
5,5,12942,0,0,666,0.42,420,0.58,1
5,6,2227,2,10,5,0,500,0.6,1000,0.2,1400,0.2,1
5,7,10466,1,0,500,0.6,1000,0.2,1400,0.2,1
5,8,7132,2,10,5,0,300,0.5,1700,0.5,1
5,9,9423,2,10,5,0,500,0.6,1000,0.2,1400,0.2,1
5,10,848,1,0,500,0.6,1000,0.2,1400,0.2,1
5,11,9511,2,10,5,0,300,0.5,572,0.32,486,0.18,1
6,0,10350,0,0,500,0.6,1000,0.2,1400,0.2,1
6,1,2739,2,10,5,0,300,0.5,1700,0.5,1
6,2,8275,1,0,300,0.5,572,0.32,486,0.18,1
6,3,14028,0,0,300,0.5,1700,0.5,1
6,4,5240,2,10,5,0,666,0.42,420,0.58,1
6,5,5958,1,0,500,0.6,1000,0.2,1400,0.2,1
6,6,11878,0,0,300,0.5,1700,0.5,1
6,7,4199,1,0,300,0.5,1700,0.5,1
6,8,9669,1,0,666,0.42,420,0.58,1
6,9,7007,1,0,666,0.42,420,0.58,1
6,10,10815,1,0,666,0.42,420,0.58,1
6,11,8744,2,10,5,0,666,0.42,420,0.58,1
7,0,3421,2,10,5,0,300,0.5,572,0.32,486,0.18,1
7,1,4117,0,0,300,0.5,1700,0.5,1
7,2,4722,2,10,5,0,666,0.42,420,0.58,1
7,3,3892,0,0,300,0.5,1700,0.5,1
7,4,3010,2,10,5,0,300,0.5,572,0.32,486,0.18,1
7,5,5812,1,0,300,0.5,572,0.32,486,0.18,1
7,6,10915,2,10,5,0,300,0.5,1700,0.5,1
7,7,11737,2,10,5,0,500,0.6,1000,0.2,1400,0.2,1
7,8,7040,0,0,666,0.42,420,0.58,1
7,9,13628,1,0,300,0.5,1700,0.5,1
7,10,485,1,0,666,0.42,420,0.58,1
7,11,14609,1,0,500,0.6,1000,0.2,1400,0.2,1
8,0,13859,2,10,5,0,500,0.6,1000,0.2,1400,0.2,1
8,1,7661,2,10,5,0,666,0.42,420,0.58,1
8,2,7169,2,10,5,0,300,0.5,1700,0.5,1
8,3,921,2,10,5,0,500,0.6,1000,0.2,1400,0.2,1
8,4,1061,0,0,300,0.5,1700,0.5,1
8,5,8613,1,0,500,0.6,1000,0.2,1400,0.2,1
8,6,8322,0,0,500,0.6,1000,0.2,1400,0.2,1
8,7,9350,2,10,5,0,666,0.42,420,0.58,1
8,8,13485,1,0,666,0.42,420,0.58,1
8,9,2115,1,0,300,0.5,572,0.32,486,0.18,1
8,10,10979,1,0,666,0.42,420,0.58,1
8,11,14494,2,10,5,0,300,0.5,1700,0.5,1
9,0,6094,2,10,5,0,666,0.42,420,0.58,1
9,1,11067,0,0,300,0.5,1700,0.5,1
9,2,7623,2,10,5,0,300,0.5,1700,0.5,1
9,3,805,2,10,5,0,300,0.5,572,0.32,486,0.18,1
9,4,3809,1,0,500,0.6,1000,0.2,1400,0.2,1
9,5,6659,1,0,300,0.5,572,0.32,486,0.18,1
9,6,6203,0,0,300,0.5,1700,0.5,1
9,7,2758,0,0,500,0.6,1000,0.2,1400,0.2,1
9,8,1568,2,10,5,0,300,0.5,1700,0.5,1
9,9,7293,0,0,300,0.5,1700,0.5,1
9,10,6658,2,10,5,0,300,0.5,1700,0.5,1
9,11,213,1,0,300,0.5,1700,0.5,1
10,0,5154,0,0,500,0.6,1000,0.2,1400,0.2,1
10,1,6940,1,0,500,0.6,1000,0.2,1400,0.2,1
10,2,10246,2,10,5,0,500,0.6,1000,0.2,1400,0.2,1
10,3,6574,0,0,666,0.42,420,0.58,1
10,4,14502,0,0,300,0.5,1700,0.5,1
10,5,12146,0,0,666,0.42,420,0.58,1
10,6,1256,1,0,300,0.5,1700,0.5,1
10,7,3973,2,10,5,0,300,0.5,1700,0.5,1
10,8,11039,1,0,500,0.6,1000,0.2,1400,0.2,1
10,9,4412,2,10,5,0,300,0.5,1700,0.5,1
10,10,9500,1,0,300,0.5,1700,0.5,1
10,11,6147,0,0,666,0.42,420,0.58,1
11,0,11460,2,10,5,0,500,0.6,1000,0.2,1400,0.2,1
11,1,14321,0,0,300,0.5,572,0.32,486,0.18,1
11,2,4094,0,0,300,0.5,1700,0.5,1
11,3,3484,1,0,666,0.42,420,0.58,1
11,4,7026,2,10,5,0,300,0.5,1700,0.5,1
11,5,9677,0,0,500,0.6,1000,0.2,1400,0.2,1
11,6,2240,2,10,5,0,666,0.42,420,0.58,1
11,7,8376,1,0,666,0.42,420,0.58,1
11,8,13733,2,10,5,0,300,0.5,1700,0.5,1
11,9,11194,0,0,300,0.5,1700,0.5,1
11,10,4498,0,0,300,0.5,572,0.32,486,0.18,1
11,11,5747,2,10,5,0,300,0.5,1700,0.5,1
