0,0,11370,1,0,500,0.6,1000,0.2,1400,0.2,1
0,1,9752,0,0,666,0.42,420,0.58,1
0,2,10902,0,0,300,0.5,572,0.32,486,0.18,1
0,3,165,2,10,5,0,300,0.5,1700,0.5,1
0,4,12913,0,0,300,0.5,572,0.32,486,0.18,1
0,5,13376,1,0,500,0.6,1000,0.2,1400,0.2,1
0,6,10959,2,10,5,0,300,0.5,572,0.32,486,0.18,1
0,7,10059,2,10,5,0,300,0.5,1700,0.5,1
0,8,7094,1,0,300,0.5,1700,0.5,1
0,9,11728,2,10,5,0,500,0.6,1000,0.2,1400,0.2,1
0,10,14679,0,0,300,0.5,572,0.32,486,0.18,1
0,11,5676,1,0,500,0.6,1000,0.2,1400,0.2,1
1,0,11531,0,0,300,0.5,1700,0.5,1
1,1,9541,2,10,5,0,300,0.5,572,0.32,486,0.18,1
1,2,13954,2,10,5,0,666,0.42,420,0.58,0
1,3,4267,2,10,5,0,500,0.6,1000,0.2,1400,0.2,1
1,4,5317,1,0,666,0.42,420,0.58,1
1,5,621,1,0,300,0.5,572,0.32,486,0.18,1
1,6,5590,0,0,666,0.42,420,0.58,1
1,7,14369,0,0,666,0.42,420,0.58,1
1,8,11586,1,0,666,0.42,420,0.58,1
1,9,6358,1,0,300,0.5,1700,0.5,1
1,10,14896,1,0,500,0.6,1000,0.2,1400,0.2,1
1,11,3663,2,10,5,0,666,0.42,420,0.58,1
2,0,3883,0,0,500,0.6,1000,0.2,1400,0.2,1
2,1,866,1,0,300,0.5,572,0.32,486,0.18,1
2,2,10698,2,10,5,0,666,0.42,420,0.58,1
2,3,10086,1,0,300,0.5,1700,0.5,1
2,4,14974,0,0,300,0.5,572,0.32,486,0.18,1
2,5,14928,1,0,666,0.42,420,0.58,1
2,6,7276,0,0,500,0.6,1000,0.2,1400,0.2,1
2,7,12374,1,0,666,0.42,420,0.58,1
2,8,340,0,0,300,0.5,1700,0.5,1
2,9,10532,2,10,5,0,666,0.42,420,0.58,1
2,10,62,1,0,666,0.42,420,0.58,1
2,11,9885,0,0,300,0.5,1700,0.5,1
3,0,5349,0,0,300,0.5,1700,0.5,1
3,1,7103,0,0,300,0.5,1700,0.5,1
3,2,13153,2,10,5,0,666,0.42,420,0.58,1
3,3,1799,1,0,300,0.5,1700,0.5,1
3,4,2477,1,0,500,0.6,1000,0.2,1400,0.2,1
3,5,8763,2,10,5,0,666,0.42,420,0.58,1
3,6,1263,1,0,500,0.6,1000,0.2,1400,0.2,1
3,7,3543,2,10,5,0,500,0.6,1000,0.2,1400,0.2,1
3,8,3185,2,10,5,0,300,0.5,572,0.32,486,0.18,1
3,9,12744,0,0,300,0.5,1700,0.5,1
3,10,7339,2,10,5,0,666,0.42,420,0.58,1
3,11,7138,0,0,500,0.6,1000,0.2,1400,0.2,1
4,0,11616,0,0,300,0.5,1700,0.5,1
4,1,11456,1,0,500,0.6,1000,0.2,1400,0.2,1
4,2,12044,2,10,5,0,500,0.6,1000,0.2,1400,0.2,1
4,3,12786,0,0,300,0.5,572,0.32,486,0.18,1
4,4,5823,1,0,500,0.6,1000,0.2,1400,0.2,1
4,5,1737,0,0,666,0.42,420,0.58,1
4,6,3314,1,0,300,0.5,1700,0.5,1
4,7,1627,0,0,300,0.5,1700,0.5,1
4,8,4165,2,10,5,0,666,0.42,420,0.58,1
4,9,8186,2,10,5,0,300,0.5,1700,0.5,1
4,10,9360,2,10,5,0,300,0.5,1700,0.5,1
4,11,10057,0,0,666,0.42,420,0.58,1
5,0,11227,1,0,300,0.5,572,0.32,486,0.18,1
5,1,11656,2,10,5,0,300,0.5,572,0.32,486,0.18,1
5,2,688,0,0,300,0.5,1700,0.5,1
5,3,9818,1,0,300,0.5,1700,0.5,1
5,4,13177,1,0,300,0.5,1700,0.5,1
5,5,6313,1,0,666,0.42,420,0.58,1
5,6,2732,0,0,500,0.6,1000,0.2,1400,0.2,1
5,7,6671,0,0,300,0.5,1700,0.5,1
5,8,1257,0,0,666,0.42,420,0.58,1
5,9,12990,0,0,666,0.42,420,0.58,1
5,10,2040,0,0,666,0.42,420,0.58,1
5,11,11703,0,0,300,0.5,1700,0.5,1
6,0,11259,2,10,5,0,500,0.6,1000,0.2,1400,0.2,1
6,1,1292,2,10,5,0,500,0.6,1000,0.2,1400,0.2,1
6,2,1076,2,10,5,0,666,0.42,420,0.58,1
6,3,1988,1,0,500,0.6,1000,0.2,1400,0.2,1
6,4,14958,1,0,666,0.42,420,0.58,1
6,5,762,1,0,300,0.5,572,0.32,486,0.18,1
6,6,11702,2,10,5,0,300,0.5,1700,0.5,1
6,7,4762,0,0,300,0.5,1700,0.5,1
6,8,14202,0,0,666,0.42,420,0.58,1
6,9,8752,2,10,5,0,666,0.42,420,0.58,1
6,10,14596,0,0,500,0.6,1000,0.2,1400,0.2,1
6,11,6813,1,0,666,0.42,420,0.58,1
7,0,11402,1,0,666,0.42,420,0.58,1
7,1,4821,1,0,500,0.6,1000,0.2,1400,0.2,1
7,2,11767,0,0,300,0.5,572,0.32,486,0.18,1
7,3,9262,2,10,5,0,300,0.5,1700,0.5,1
7,4,12756,1,0,300,0.5,572,0.32,486,0.18,1
7,5,4291,2,10,5,0,300,0.5,572,0.32,486,0.18,1
7,6,4127,2,10,5,0,300,0.5,572,0.32,486,0.18,1
7,7,8064,2,10,5,0,300,0.5,572,0.32,486,0.18,1
7,8,14985,1,0,300,0.5,572,0.32,486,0.18,1
7,9,132,2,10,5,0,300,0.5,572,0.32,486,0.18,1
7,10,6536,1,0,500,0.6,1000,0.2,1400,0.2,1
7,11,918,2,10,5,0,300,0.5,1700,0.5,1
8,0,4270,2,10,5,0,500,0.6,1000,0.2,1400,0.2,1
8,1,8980,0,0,300,0.5,1700,0.5,1
8,2,11352,2,10,5,0,666,0.42,420,0.58,1
8,3,7787,0,0,300,0.5,1700,0.5,1
8,4,6559,2,10,5,0,300,0.5,572,0.32,486,0.18,1
8,5,8215,2,10,5,0,666,0.42,420,0.58,1
8,6,10852,0,0,500,0.6,1000,0.2,1400,0.2,1
8,7,8980,1,0,300,0.5,1700,0.5,1
8,8,14503,0,0,500,0.6,1000,0.2,1400,0.2,1
8,9,11540,1,0,666,0.42,420,0.58,1
8,10,279,2,10,5,0,666,0.42,420,0.58,1
8,11,14796,0,0,300,0.5,1700,0.5,1
9,0,537,0,0,500,0.6,1000,0.2,1400,0.2,1
9,1,5023,1,0,500,0.6,1000,0.2,1400,0.2,1
9,2,10472,1,0,500,0.6,1000,0.2,1400,0.2,1
9,3,2330,0,0,500,0.6,1000,0.2,1400,0.2,1
9,4,6197,1,0,666,0.42,420,0.58,1
9,5,3931,0,0,500,0.6,1000,0.2,1400,0.2,1
9,6,9481,2,10,5,0,666,0.42,420,0.58,1
9,7,8562,2,10,5,0,300,0.5,1700,0.5,1
9,8,5783,1,0,300,0.5,1700,0.5,1
9,9,4764,2,10,5,0,300,0.5,1700,0.5,1
9,10,5059,0,0,300,0.5,1700,0.5,1
9,11,6231,2,10,5,0,300,0.5,572,0.32,486,0.18,1
10,0,7699,1,0,300,0.5,1700,0.5,1
10,1,11061,2,10,5,0,300,0.5,572,0.32,486,0.18,1
10,2,460,1,0,500,0.6,1000,0.2,1400,0.2,1
10,3,7878,0,0,300,0.5,572,0.32,486,0.18,1
10,4,5241,1,0,300,0.5,572,0.32,486,0.18,1
10,5,7377,0,0,500,0.6,1000,0.2,1400,0.2,1
10,6,6329,0,0,666,0.42,420,0.58,1
10,7,13800,2,10,5,0,300,0.5,1700,0.5,1
10,8,6335,1,0,300,0.5,572,0.32,486,0.18,1
10,9,13040,1,0,666,0.42,420,0.58,1
10,10,3902,0,0,500,0.6,1000,0.2,1400,0.2,1
10,11,5669,0,0,300,0.5,1700,0.5,1
11,0,2178,0,0,300,0.5,1700,0.5,1
11,1,721,1,0,666,0.42,420,0.58,1
11,2,7339,1,0,500,0.6,1000,0.2,1400,0.2,1
11,3,10885,1,0,300,0.5,572,0.32,486,0.18,1
11,4,6679,2,10,5,0,666,0.42,420,0.58,1
11,5,12657,2,10,5,0,300,0.5,572,0.32,486,0.18,1
11,6,5808,2,10,5,0,500,0.6,1000,0.2,1400,0.2,1
11,7,1467,1,0,666,0.42,420,0.58,1
11,8,2205,2,10,5,0,300,0.5,1700,0.5,1
11,9,10916,1,0,300,0.5,1700,0.5,1
11,10,5366,0,0,300,0.5,572,0.32,486,0.18,1
11,11,10263,0,0,300,0.5,572,0.32,486,0.18,1
