0,0,9320,0,0,500,0.6,1000,0.2,1400,0.2,1
0,1,8756,1,0,300,0.5,1700,0.5,1
0,2,8214,0,0,300,0.5,572,0.32,486,0.18,1
0,3,6551,1,0,300,0.5,1700,0.5,1
0,4,9888,0,0,300,0.5,572,0.32,486,0.18,1
0,5,12277,1,0,666,0.42,420,0.58,1
0,6,8549,1,0,300,0.5,1700,0.5,1
0,7,3535,2,10,5,0,300,0.5,1700,0.5,1
0,8,1364,2,10,5,0,300,0.5,572,0.32,486,0.18,1
0,9,12881,2,10,5,0,666,0.42,420,0.58,1
0,10,1517,0,0,300,0.5,572,0.32,486,0.18,1
0,11,1102,2,10,5,0,300,0.5,572,0.32,486,0.18,1
1,0,8290,1,0,500,0.6,1000,0.2,1400,0.2,1
1,1,12634,0,0,300,0.5,572,0.32,486,0.18,1
1,2,9003,1,0,666,0.42,420,0.58,0
1,3,14597,2,10,5,0,300,0.5,572,0.32,486,0.18,1
1,4,3126,2,10,5,0,300,0.5,1700,0.5,1
1,5,13993,2,10,5,0,666,0.42,420,0.58,1
1,6,6812,2,10,5,0,300,0.5,1700,0.5,1
1,7,9182,2,10,5,0,300,0.5,1700,0.5,1
1,8,6299,1,0,500,0.6,1000,0.2,1400,0.2,1
1,9,545,2,10,5,0,300,0.5,572,0.32,486,0.18,1
1,10,9454,0,0,300,0.5,1700,0.5,1
1,11,6977,0,0,500,0.6,1000,0.2,1400,0.2,1
2,0,4490,1,0,666,0.42,420,0.58,1
2,1,1830,0,0,666,0.42,420,0.58,1
2,2,11840,2,10,5,0,300,0.5,1700,0.5,1
2,3,7854,2,10,5,0,300,0.5,1700,0.5,1
2,4,10900,2,10,5,0,300,0.5,1700,0.5,1
2,5,4568,1,0,666,0.42,420,0.58,1
2,6,7860,2,10,5,0,300,0.5,572,0.32,486,0.18,1
2,7,8328,2,10,5,0,300,0.5,1700,0.5,1
2,8,8537,2,10,5,0,500,0.6,1000,0.2,1400,0.2,1
2,9,7206,0,0,500,0.6,1000,0.2,1400,0.2,1
2,10,6963,1,0,300,0.5,572,0.32,486,0.18,1
2,11,13938,1,0,666,0.42,420,0.58,1
3,0,7907,1,0,666,0.42,420,0.58,1
3,1,1039,2,10,5,0,300,0.5,1700,0.5,1
3,2,1557,2,10,5,0,666,0.42,420,0.58,1
3,3,7219,1,0,300,0.5,572,0.32,486,0.18,1
3,4,5782,0,0,300,0.5,1700,0.5,1
3,5,13692,1,0,300,0.5,1700,0.5,1
3,6,3992,1,0,666,0.42,420,0.58,1
3,7,13083,2,10,5,0,666,0.42,420,0.58,1
3,8,13742,1,0,300,0.5,572,0.32,486,0.18,1
3,9,11224,2,10,5,0,300,0.5,572,0.32,486,0.18,1
3,10,14771,1,0,300,0.5,572,0.32,486,0.18,1
3,11,3167,2,10,5,0,300,0.5,1700,0.5,1
4,0,3341,0,0,300,0.5,572,0.32,486,0.18,1
4,1,7928,2,10,5,0,666,0.42,420,0.58,1
4,2,5496,2,10,5,0,500,0.6,1000,0.2,1400,0.2,1
4,3,2079,2,10,5,0,300,0.5,572,0.32,486,0.18,1
4,4,14549,2,10,5,0,300,0.5,572,0.32,486,0.18,1
4,5,14685,2,10,5,0,300,0.5,1700,0.5,1
4,6,10157,1,0,666,0.42,420,0.58,1
4,7,6836,0,0,666,0.42,420,0.58,1
4,8,12978,0,0,300,0.5,1700,0.5,1
4,9,8233,1,0,500,0.6,1000,0.2,1400,0.2,1
4,10,7771,1,0,500,0.6,1000,0.2,1400,0.2,1
4,11,11718,2,10,5,0,300,0.5,572,0.32,486,0.18,1
5,0,11199,1,0,300,0.5,1700,0.5,1
5,1,10735,0,0,666,0.42,420,0.58,1
5,2,13166,1,0,300,0.5,1700,0.5,1
5,3,3297,0,0,666,0.42,420,0.58,1
5,4,1282,2,10,5,0,500,0.6,1000,0.2,1400,0.2,1
5,5,12810,2,10,5,0,500,0.6,1000,0.2,1400,0.2,1
5,6,8783,1,0,300,0.5,1700,0.5,1
5,7,7012,2,10,5,0,300,0.5,572,0.32,486,0.18,1
5,8,4180,2,10,5,0,300,0.5,572,0.32,486,0.18,1
5,9,7559,0,0,500,0.6,1000,0.2,1400,0.2,1
5,10,4027,0,0,500,0.6,1000,0.2,1400,0.2,1
5,11,5332,1,0,300,0.5,1700,0.5,1
6,0,11675,1,0,666,0.42,420,0.58,1
6,1,5320,0,0,500,0.6,1000,0.2,1400,0.2,1
6,2,2853,2,10,5,0,300,0.5,572,0.32,486,0.18,1
6,3,11393,1,0,300,0.5,572,0.32,486,0.18,1
6,4,3952,1,0,500,0.6,1000,0.2,1400,0.2,1
6,5,2398,0,0,300,0.5,572,0.32,486,0.18,1
6,6,10777,0,0,300,0.5,572,0.32,486,0.18,1
6,7,5048,0,0,500,0.6,1000,0.2,1400,0.2,1
6,8,6105,1,0,300,0.5,572,0.32,486,0.18,1
6,9,351,2,10,5,0,500,0.6,1000,0.2,1400,0.2,1
6,10,10737,1,0,666,0.42,420,0.58,1
6,11,3559,1,0,300,0.5,572,0.32,486,0.18,1
7,0,769,0,0,666,0.42,420,0.58,1
7,1,11758,0,0,300,0.5,1700,0.5,1
7,2,11001,2,10,5,0,300,0.5,572,0.32,486,0.18,1
7,3,14379,2,10,5,0,500,0.6,1000,0.2,1400,0.2,1
7,4,7696,0,0,500,0.6,1000,0.2,1400,0.2,1
7,5,10262,0,0,300,0.5,1700,0.5,1
7,6,5557,2,10,5,0,500,0.6,1000,0.2,1400,0.2,1
7,7,5172,2,10,5,0,300,0.5,1700,0.5,1
7,8,2004,1,0,300,0.5,1700,0.5,1
7,9,13782,1,0,666,0.42,420,0.58,1
7,10,1086,1,0,666,0.42,420,0.58,1
7,11,2781,0,0,300,0.5,1700,0.5,1
8,0,8661,0,0,300,0.5,572,0.32,486,0.18,1
8,1,59,2,10,5,0,666,0.42,420,0.58,1
8,2,5608,1,0,666,0.42,420,0.58,1
8,3,10998,0,0,300,0.5,572,0.32,486,0.18,1
8,4,12149,0,0,300,0.5,572,0.32,486,0.18,1
8,5,4372,2,10,5,0,300,0.5,572,0.32,486,0.18,1
8,6,5547,2,10,5,0,300,0.5,1700,0.5,1
8,7,7364,1,0,666,0.42,420,0.58,1
8,8,9843,0,0,300,0.5,572,0.32,486,0.18,1
8,9,9011,1,0,666,0.42,420,0.58,1
8,10,214,1,0,666,0.42,420,0.58,1
8,11,13386,0,0,300,0.5,1700,0.5,1
9,0,4018,0,0,300,0.5,1700,0.5,1
9,1,13914,0,0,666,0.42,420,0.58,1
9,2,2710,2,10,5,0,666,0.42,420,0.58,1
9,3,3307,2,10,5,0,500,0.6,1000,0.2,1400,0.2,1
9,4,4137,0,0,300,0.5,572,0.32,486,0.18,1
9,5,13591,2,10,5,0,666,0.42,420,0.58,1
9,6,6824,0,0,666,0.42,420,0.58,1
9,7,13419,1,0,300,0.5,572,0.32,486,0.18,1
9,8,14836,0,0,500,0.6,1000,0.2,1400,0.2,1
9,9,1503,0,0,300,0.5,572,0.32,486,0.18,1
9,10,13718,2,10,5,0,300,0.5,1700,0.5,1
9,11,14759,1,0,300,0.5,572,0.32,486,0.18,1
10,0,9058,1,0,300,0.5,572,0.32,486,0.18,1
10,1,5408,2,10,5,0,300,0.5,572,0.32,486,0.18,1
10,2,5991,2,10,5,0,300,0.5,572,0.32,486,0.18,1
10,3,1496,0,0,300,0.5,572,0.32,486,0.18,1
10,4,4514,1,0,666,0.42,420,0.58,1
10,5,12277,0,0,300,0.5,572,0.32,486,0.18,1
10,6,6398,0,0,300,0.5,1700,0.5,1
10,7,4597,0,0,300,0.5,1700,0.5,1
10,8,8098,1,0,500,0.6,1000,0.2,1400,0.2,1
10,9,11781,2,10,5,0,500,0.6,1000,0.2,1400,0.2,1
10,10,2807,1,0,500,0.6,1000,0.2,1400,0.2,1
10,11,13571,0,0,500,0.6,1000,0.2,1400,0.2,1
11,0,4489,1,0,500,0.6,1000,0.2,1400,0.2,1
11,1,1174,0,0,300,0.5,1700,0.5,1
11,2,14615,0,0,666,0.42,420,0.58,1
11,3,8617,0,0,300,0.5,572,0.32,486,0.18,1
11,4,1565,2,10,5,0,500,0.6,1000,0.2,1400,0.2,1
11,5,8555,2,10,5,0,300,0.5,572,0.32,486,0.18,1
11,6,9396,1,0,300,0.5,572,0.32,486,0.18,1
11,7,12342,1,0,666,0.42,420,0.58,1
11,8,14339,0,0,300,0.5,572,0.32,486,0.18,1
11,9,1663,2,10,5,0,300,0.5,1700,0.5,1
11,10,12317,2,10,5,0,300,0.5,1700,0.5,1
11,11,10014,1,0,300,0.5,572,0.32,486,0.18,1
