0,0,1673,0,0,300,0.5,1700,0.5,1
0,1,5715,1,0,300,0.5,1700,0.5,1
0,2,819,1,0,666,0.42,420,0.58,1
0,3,2576,0,0,300,0.5,572,0.32,486,0.18,1
0,4,11060,0,0,300,0.5,1700,0.5,1
0,5,11887,2,10,5,0,500,0.6,1000,0.2,1400,0.2,1
0,6,10905,0,0,500,0.6,1000,0.2,1400,0.2,1
0,7,5150,0,0,300,0.5,572,0.32,486,0.18,1
0,8,2322,0,0,500,0.6,1000,0.2,1400,0.2,1
0,9,950,2,10,5,0,300,0.5,1700,0.5,1
0,10,9402,1,0,300,0.5,572,0.32,486,0.18,1
0,11,7175,2,10,5,0,300,0.5,572,0.32,486,0.18,1
1,0,11819,2,10,5,0,500,0.6,1000,0.2,1400,0.2,1
1,1,4318,2,10,5,0,300,0.5,572,0.32,486,0.18,1
1,2,7025,2,10,5,0,300,0.5,1700,0.5,0
1,3,2696,1,0,300,0.5,572,0.32,486,0.18,1
1,4,10962,0,0,666,0.42,420,0.58,1
1,5,3560,1,0,300,0.5,1700,0.5,1
1,6,10321,1,0,300,0.5,572,0.32,486,0.18,1
1,7,2209,2,10,5,0,500,0.6,1000,0.2,1400,0.2,1
1,8,13409,2,10,5,0,300,0.5,572,0.32,486,0.18,1
1,9,5624,1,0,666,0.42,420,0.58,1
1,10,10166,0,0,666,0.42,420,0.58,1
1,11,3253,1,0,500,0.6,1000,0.2,1400,0.2,1
2,0,2295,2,10,5,0,666,0.42,420,0.58,1
2,1,10447,2,10,5,0,300,0.5,572,0.32,486,0.18,1
2,2,3648,0,0,500,0.6,1000,0.2,1400,0.2,1
2,3,8219,0,0,300,0.5,572,0.32,486,0.18,1
2,4,11429,0,0,300,0.5,1700,0.5,1
2,5,8041,2,10,5,0,666,0.42,420,0.58,1
2,6,11037,1,0,300,0.5,1700,0.5,1
2,7,4043,0,0,666,0.42,420,0.58,1
2,8,13964,0,0,300,0.5,572,0.32,486,0.18,1
2,9,6926,2,10,5,0,500,0.6,1000,0.2,1400,0.2,1
2,10,5339,0,0,300,0.5,1700,0.5,1
2,11,9658,2,10,5,0,300,0.5,1700,0.5,1
3,0,7160,1,0,666,0.42,420,0.58,1
3,1,12069,2,10,5,0,500,0.6,1000,0.2,1400,0.2,1
3,2,10818,2,10,5,0,500,0.6,1000,0.2,1400,0.2,1
3,3,2178,2,10,5,0,300,0.5,572,0.32,486,0.18,1
3,4,7450,2,10,5,0,666,0.42,420,0.58,1
3,5,6574,0,0,300,0.5,1700,0.5,1
3,6,12910,1,0,300,0.5,1700,0.5,1
3,7,11166,2,10,5,0,300,0.5,1700,0.5,1
3,8,9724,1,0,666,0.42,420,0.58,1
3,9,12202,2,10,5,0,300,0.5,572,0.32,486,0.18,1
3,10,7865,1,0,500,0.6,1000,0.2,1400,0.2,1
3,11,5118,1,0,666,0.42,420,0.58,1
4,0,8820,1,0,666,0.42,420,0.58,1
4,1,10174,1,0,300,0.5,572,0.32,486,0.18,1
4,2,1862,2,10,5,0,500,0.6,1000,0.2,1400,0.2,1
4,3,11896,0,0,500,0.6,1000,0.2,1400,0.2,1
4,4,6007,0,0,500,0.6,1000,0.2,1400,0.2,1
4,5,5723,2,10,5,0,300,0.5,1700,0.5,1
4,6,9972,0,0,300,0.5,1700,0.5,1
4,7,8000,1,0,666,0.42,420,0.58,1
4,8,9597,2,10,5,0,666,0.42,420,0.58,1
4,9,6792,0,0,300,0.5,1700,0.5,1
4,10,7316,2,10,5,0,300,0.5,572,0.32,486,0.18,1
4,11,994,2,10,5,0,300,0.5,1700,0.5,1
5,0,8835,0,0,300,0.5,1700,0.5,1
5,1,5415,1,0,300,0.5,1700,0.5,1
5,2,7811,0,0,300,0.5,572,0.32,486,0.18,1
5,3,12030,1,0,300,0.5,572,0.32,486,0.18,1
5,4,4169,2,10,5,0,666,0.42,420,0.58,1
5,5,3979,0,0,300,0.5,572,0.32,486,0.18,1
5,6,5715,1,0,300,0.5,1700,0.5,1
5,7,10202,0,0,300,0.5,1700,0.5,1
5,8,7557,0,0,666,0.42,420,0.58,1
5,9,9037,1,0,300,0.5,572,0.32,486,0.18,1
5,10,5483,1,0,500,0.6,1000,0.2,1400,0.2,1
5,11,11391,0,0,500,0.6,1000,0.2,1400,0.2,1
6,0,4414,0,0,300,0.5,1700,0.5,1
6,1,4288,1,0,666,0.42,420,0.58,1
6,2,12598,0,0,666,0.42,420,0.58,1
6,3,10667,1,0,300,0.5,572,0.32,486,0.18,1
6,4,6479,0,0,666,0.42,420,0.58,1
6,5,10578,2,10,5,0,300,0.5,1700,0.5,1
6,6,12866,2,10,5,0,300,0.5,572,0.32,486,0.18,1
6,7,5987,1,0,500,0.6,1000,0.2,1400,0.2,1
6,8,14587,1,0,666,0.42,420,0.58,1
6,9,12221,2,10,5,0,300,0.5,572,0.32,486,0.18,1
6,10,14815,2,10,5,0,300,0.5,1700,0.5,1
6,11,7865,2,10,5,0,300,0.5,572,0.32,486,0.18,1
7,0,11240,1,0,300,0.5,1700,0.5,1
7,1,11731,0,0,666,0.42,420,0.58,1
7,2,14197,1,0,500,0.6,1000,0.2,1400,0.2,1
7,3,7080,0,0,500,0.6,1000,0.2,1400,0.2,1
7,4,9977,2,10,5,0,300,0.5,572,0.32,486,0.18,1
7,5,417,1,0,666,0.42,420,0.58,1
7,6,8439,1,0,300,0.5,1700,0.5,1
7,7,3291,0,0,500,0.6,1000,0.2,1400,0.2,1
7,8,5695,0,0,666,0.42,420,0.58,1
7,9,11896,0,0,300,0.5,572,0.32,486,0.18,1
7,10,12711,0,0,300,0.5,572,0.32,486,0.18,1
7,11,795,1,0,300,0.5,1700,0.5,1
8,0,6093,2,10,5,0,666,0.42,420,0.58,1
8,1,14278,0,0,300,0.5,572,0.32,486,0.18,1
8,2,4572,0,0,500,0.6,1000,0.2,1400,0.2,1
8,3,5476,1,0,500,0.6,1000,0.2,1400,0.2,1
8,4,10281,2,10,5,0,500,0.6,1000,0.2,1400,0.2,1
8,5,5776,0,0,300,0.5,1700,0.5,1
8,6,11613,0,0,666,0.42,420,0.58,1
8,7,1240,1,0,300,0.5,1700,0.5,1
8,8,13969,0,0,666,0.42,420,0.58,1
8,9,6415,1,0,666,0.42,420,0.58,1
8,10,1497,2,10,5,0,300,0.5,572,0.32,486,0.18,1
8,11,9411,0,0,500,0.6,1000,0.2,1400,0.2,1
9,0,14370,2,10,5,0,300,0.5,572,0.32,486,0.18,1
9,1,7115,2,10,5,0,666,0.42,420,0.58,1
9,2,3192,2,10,5,0,300,0.5,1700,0.5,1
9,3,2967,2,10,5,0,666,0.42,420,0.58,1
9,4,1826,2,10,5,0,300,0.5,572,0.32,486,0.18,1
9,5,6601,2,10,5,0,500,0.6,1000,0.2,1400,0.2,1
9,6,3834,0,0,300,0.5,572,0.32,486,0.18,1
9,7,7305,1,0,666,0.42,420,0.58,1
9,8,12268,0,0,300,0.5,572,0.32,486,0.18,1
9,9,5614,0,0,666,0.42,420,0.58,1
9,10,1102,1,0,300,0.5,572,0.32,486,0.18,1
9,11,3219,0,0,666,0.42,420,0.58,1
10,0,12888,0,0,300,0.5,572,0.32,486,0.18,1
10,1,11139,2,10,5,0,666,0.42,420,0.58,1
10,2,11101,0,0,666,0.42,420,0.58,1
10,3,14842,1,0,666,0.42,420,0.58,1
10,4,8663,1,0,300,0.5,1700,0.5,1
10,5,10408,2,10,5,0,500,0.6,1000,0.2,1400,0.2,1
10,6,270,0,0,666,0.42,420,0.58,1
10,7,11520,1,0,300,0.5,572,0.32,486,0.18,1
10,8,7836,0,0,300,0.5,572,0.32,486,0.18,1
10,9,7751,0,0,500,0.6,1000,0.2,1400,0.2,1
10,10,4233,2,10,5,0,300,0.5,572,0.32,486,0.18,1
10,11,12228,1,0,300,0.5,1700,0.5,1
11,0,2161,0,0,666,0.42,420,0.58,1
11,1,5449,2,10,5,0,300,0.5,1700,0.5,1
11,2,3008,2,10,5,0,500,0.6,1000,0.2,1400,0.2,1
11,3,11749,1,0,300,0.5,572,0.32,486,0.18,1
11,4,5184,2,10,5,0,500,0.6,1000,0.2,1400,0.2,1
11,5,5807,2,10,5,0,666,0.42,420,0.58,1
11,6,4021,2,10,5,0,300,0.5,572,0.32,486,0.18,1
11,7,13909,2,10,5,0,300,0.5,1700,0.5,1
11,8,12677,0,0,666,0.42,420,0.58,1
11,9,13135,1,0,300,0.5,572,0.32,486,0.18,1
11,10,12512,1,0,300,0.5,1700,0.5,1
11,11,2856,1,0,666,0.42,420,0.58,1
