0,0,6862,1,0,300,0.5,572,0.32,486,0.18,1
0,1,1391,1,0,300,0.5,572,0.32,486,0.18,1
0,2,2188,0,0,300,0.5,572,0.32,486,0.18,1
0,3,809,1,0,300,0.5,1700,0.5,1
0,4,12448,1,0,500,0.6,1000,0.2,1400,0.2,1
0,5,5409,1,0,666,0.42,420,0.58,1
0,6,752,0,0,500,0.6,1000,0.2,1400,0.2,1
0,7,6329,1,0,666,0.42,420,0.58,1
0,8,14649,1,0,300,0.5,572,0.32,486,0.18,1
0,9,3324,1,0,300,0.5,572,0.32,486,0.18,1
0,10,1627,1,0,300,0.5,572,0.32,486,0.18,1
0,11,9035,1,0,500,0.6,1000,0.2,1400,0.2,1
1,0,6258,0,0,666,0.42,420,0.58,1
1,1,7377,1,0,300,0.5,1700,0.5,1
1,2,12425,0,0,500,0.6,1000,0.2,1400,0.2,0
1,3,1493,2,10,5,0,300,0.5,1700,0.5,1
1,4,13021,2,10,5,0,666,0.42,420,0.58,1
1,5,1343,1,0,300,0.5,1700,0.5,1
1,6,7567,2,10,5,0,666,0.42,420,0.58,1
1,7,9960,0,0,300,0.5,1700,0.5,1
1,8,2003,0,0,500,0.6,1000,0.2,1400,0.2,1
1,9,8259,2,10,5,0,666,0.42,420,0.58,1
1,10,10515,1,0,500,0.6,1000,0.2,1400,0.2,1
1,11,8130,1,0,300,0.5,572,0.32,486,0.18,1
2,0,11196,0,0,666,0.42,420,0.58,1
2,1,14523,2,10,5,0,666,0.42,420,0.58,1
2,2,4764,2,10,5,0,666,0.42,420,0.58,1
2,3,3678,0,0,500,0.6,1000,0.2,1400,0.2,1
2,4,1486,2,10,5,0,300,0.5,1700,0.5,1
2,5,6048,1,0,300,0.5,1700,0.5,1
2,6,547,2,10,5,0,500,0.6,1000,0.2,1400,0.2,1
2,7,10618,2,10,5,0,500,0.6,1000,0.2,1400,0.2,1
2,8,11272,2,10,5,0,300,0.5,572,0.32,486,0.18,1
2,9,13911,2,10,5,0,500,0.6,1000,0.2,1400,0.2,1
2,10,7263,2,10,5,0,300,0.5,1700,0.5,1
2,11,4466,1,0,300,0.5,1700,0.5,1
3,0,884,0,0,300,0.5,1700,0.5,1
3,1,13700,2,10,5,0,500,0.6,1000,0.2,1400,0.2,1
3,2,13743,2,10,5,0,300,0.5,1700,0.5,1
3,3,747,0,0,300,0.5,1700,0.5,1
3,4,11338,0,0,300,0.5,572,0.32,486,0.18,1
3,5,11130,0,0,666,0.42,420,0.58,1
3,6,11241,1,0,500,0.6,1000,0.2,1400,0.2,1
3,7,11186,2,10,5,0,300,0.5,1700,0.5,1
3,8,14608,2,10,5,0,666,0.42,420,0.58,1
3,9,3915,0,0,666,0.42,420,0.58,1
3,10,14851,2,10,5,0,300,0.5,572,0.32,486,0.18,1
3,11,1640,2,10,5,0,300,0.5,1700,0.5,1
4,0,6282,1,0,666,0.42,420,0.58,1
4,1,13891,1,0,300,0.5,1700,0.5,1
4,2,13188,1,0,300,0.5,572,0.32,486,0.18,1
4,3,12695,1,0,300,0.5,1700,0.5,1
4,4,6401,2,10,5,0,300,0.5,572,0.32,486,0.18,1
4,5,5907,2,10,5,0,666,0.42,420,0.58,1
4,6,758,0,0,300,0.5,1700,0.5,1
4,7,8226,0,0,300,0.5,572,0.32,486,0.18,1
4,8,7469,1,0,666,0.42,420,0.58,1
4,9,13355,2,10,5,0,500,0.6,1000,0.2,1400,0.2,1
4,10,413,1,0,300,0.5,1700,0.5,1
4,11,14900,2,10,5,0,300,0.5,1700,0.5,1
5,0,3839,1,0,666,0.42,420,0.58,1
5,1,5096,2,10,5,0,666,0.42,420,0.58,1
5,2,6821,1,0,500,0.6,1000,0.2,1400,0.2,1
5,3,3277,0,0,500,0.6,1000,0.2,1400,0.2,1
5,4,6895,1,0,666,0.42,420,0.58,1
5,5,4946,0,0,300,0.5,572,0.32,486,0.18,1
5,6,11339,0,0,300,0.5,1700,0.5,1
5,7,11603,0,0,300,0.5,572,0.32,486,0.18,1
5,8,11007,1,0,666,0.42,420,0.58,1
5,9,3853,0,0,666,0.42,420,0.58,1
5,10,14570,2,10,5,0,500,0.6,1000,0.2,1400,0.2,1
5,11,6768,2,10,5,0,666,0.42,420,0.58,1
6,0,1727,2,10,5,0,300,0.5,1700,0.5,1
6,1,2634,2,10,5,0,300,0.5,572,0.32,486,0.18,1
6,2,5379,2,10,5,0,300,0.5,572,0.32,486,0.18,1
6,3,14634,2,10,5,0,666,0.42,420,0.58,1
6,4,11670,0,0,666,0.42,420,0.58,1
6,5,13587,1,0,666,0.42,420,0.58,1
6,6,9993,2,10,5,0,666,0.42,420,0.58,1
6,7,13389,2,10,5,0,500,0.6,1000,0.2,1400,0.2,1
6,8,14480,1,0,300,0.5,1700,0.5,1
6,9,4491,0,0,666,0.42,420,0.58,1
6,10,13212,2,10,5,0,300,0.5,1700,0.5,1
6,11,3265,0,0,500,0.6,1000,0.2,1400,0.2,1
7,0,11236,2,10,5,0,666,0.42,420,0.58,1
7,1,1747,1,0,500,0.6,1000,0.2,1400,0.2,1
7,2,4064,1,0,300,0.5,572,0.32,486,0.18,1
7,3,1415,2,10,5,0,500,0.6,1000,0.2,1400,0.2,1
7,4,5619,1,0,666,0.42,420,0.58,1
7,5,13014,1,0,666,0.42,420,0.58,1
7,6,3968,0,0,666,0.42,420,0.58,1
7,7,5505,1,0,500,0.6,1000,0.2,1400,0.2,1
7,8,4559,1,0,500,0.6,1000,0.2,1400,0.2,1
7,9,3257,2,10,5,0,300,0.5,1700,0.5,1
7,10,7716,0,0,666,0.42,420,0.58,1
7,11,11350,2,10,5,0,300,0.5,572,0.32,486,0.18,1
8,0,3566,1,0,300,0.5,1700,0.5,1
8,1,9082,1,0,300,0.5,1700,0.5,1
8,2,8868,2,10,5,0,300,0.5,1700,0.5,1
8,3,13772,0,0,300,0.5,572,0.32,486,0.18,1
8,4,11209,0,0,500,0.6,1000,0.2,1400,0.2,1
8,5,2724,0,0,300,0.5,572,0.32,486,0.18,1
8,6,11843,0,0,500,0.6,1000,0.2,1400,0.2,1
8,7,8309,1,0,666,0.42,420,0.58,1
8,8,1301,1,0,300,0.5,1700,0.5,1
8,9,3504,2,10,5,0,666,0.42,420,0.58,1
8,10,1516,1,0,666,0.42,420,0.58,1
8,11,9622,1,0,300,0.5,572,0.32,486,0.18,1
9,0,1469,1,0,500,0.6,1000,0.2,1400,0.2,1
9,1,12163,0,0,300,0.5,572,0.32,486,0.18,1
9,2,7485,1,0,666,0.42,420,0.58,1
9,3,10411,2,10,5,0,300,0.5,572,0.32,486,0.18,1
9,4,5155,0,0,300,0.5,1700,0.5,1
9,5,7683,0,0,300,0.5,572,0.32,486,0.18,1
9,6,7747,1,0,666,0.42,420,0.58,1
9,7,4901,1,0,300,0.5,1700,0.5,1
9,8,1693,2,10,5,0,300,0.5,572,0.32,486,0.18,1
9,9,4734,2,10,5,0,300,0.5,1700,0.5,1
9,10,7835,1,0,666,0.42,420,0.58,1
9,11,6685,2,10,5,0,300,0.5,572,0.32,486,0.18,1
10,0,8634,0,0,666,0.42,420,0.58,1
10,1,4000,0,0,300,0.5,572,0.32,486,0.18,1
10,2,11149,2,10,5,0,300,0.5,1700,0.5,1
10,3,7044,2,10,5,0,300,0.5,572,0.32,486,0.18,1
10,4,11441,1,0,300,0.5,572,0.32,486,0.18,1
10,5,12255,1,0,300,0.5,1700,0.5,1
10,6,3425,0,0,500,0.6,1000,0.2,1400,0.2,1
10,7,5386,0,0,500,0.6,1000,0.2,1400,0.2,1
10,8,12474,2,10,5,0,300,0.5,572,0.32,486,0.18,1
10,9,3759,0,0,300,0.5,572,0.32,486,0.18,1
10,10,3641,1,0,300,0.5,1700,0.5,1
10,11,7956,0,0,500,0.6,1000,0.2,1400,0.2,1
11,0,14992,2,10,5,0,300,0.5,1700,0.5,1
11,1,8866,0,0,300,0.5,572,0.32,486,0.18,1
11,2,3819,0,0,500,0.6,1000,0.2,1400,0.2,1
11,3,7605,1,0,300,0.5,572,0.32,486,0.18,1
11,4,14548,2,10,5,0,500,0.6,1000,0.2,1400,0.2,1
11,5,13079,1,0,300,0.5,572,0.32,486,0.18,1
11,6,2746,2,10,5,0,500,0.6,1000,0.2,1400,0.2,1
11,7,6210,2,10,5,0,300,0.5,572,0.32,486,0.18,1
11,8,9269,0,0,300,0.5,572,0.32,486,0.18,1
11,9,7323,2,10,5,0,666,0.42,420,0.58,1
11,10,1561,0,0,300,0.5,1700,0.5,1
11,11,2877,0,0,666,0.42,420,0.58,1
