0,0,7658,0,0,300,0.5,572,0.32,486,0.18,1
0,1,12810,1,0,666,0.42,420,0.58,1
0,2,6719,0,0,500,0.6,1000,0.2,1400,0.2,1
0,3,5451,0,0,500,0.6,1000,0.2,1400,0.2,1
0,4,7668,1,0,666,0.42,420,0.58,1
0,5,4523,1,0,300,0.5,1700,0.5,1
0,6,9390,1,0,500,0.6,1000,0.2,1400,0.2,1
0,7,9250,1,0,300,0.5,1700,0.5,1
0,8,12471,1,0,300,0.5,572,0.32,486,0.18,1
0,9,3550,0,0,666,0.42,420,0.58,1
0,10,9124,1,0,300,0.5,1700,0.5,1
0,11,11061,0,0,300,0.5,1700,0.5,1
1,0,8277,2,10,5,0,666,0.42,420,0.58,1
1,1,7776,0,0,500,0.6,1000,0.2,1400,0.2,1
1,2,2742,1,0,500,0.6,1000,0.2,1400,0.2,0
1,3,4347,0,0,300,0.5,1700,0.5,1
1,4,13566,0,0,300,0.5,572,0.32,486,0.18,1
1,5,12624,1,0,300,0.5,1700,0.5,1
1,6,4999,0,0,666,0.42,420,0.58,1
1,7,9789,2,10,5,0,666,0.42,420,0.58,1
1,8,12425,1,0,300,0.5,1700,0.5,1
1,9,1174,1,0,666,0.42,420,0.58,1
1,10,5274,0,0,500,0.6,1000,0.2,1400,0.2,1
1,11,6681,0,0,300,0.5,1700,0.5,1
2,0,14630,0,0,666,0.42,420,0.58,1
2,1,7447,2,10,5,0,300,0.5,572,0.32,486,0.18,1
2,2,13776,2,10,5,0,300,0.5,1700,0.5,1
2,3,6913,0,0,500,0.6,1000,0.2,1400,0.2,1
2,4,4277,2,10,5,0,300,0.5,1700,0.5,1
2,5,9935,1,0,300,0.5,1700,0.5,1
2,6,5353,1,0,666,0.42,420,0.58,1
2,7,7731,0,0,666,0.42,420,0.58,1
2,8,14769,2,10,5,0,500,0.6,1000,0.2,1400,0.2,1
2,9,6636,2,10,5,0,666,0.42,420,0.58,1
2,10,5021,1,0,300,0.5,1700,0.5,1
2,11,8716,0,0,300,0.5,572,0.32,486,0.18,1
3,0,10277,1,0,300,0.5,1700,0.5,1
3,1,402,2,10,5,0,300,0.5,572,0.32,486,0.18,1
3,2,7512,0,0,500,0.6,1000,0.2,1400,0.2,1
3,3,8704,1,0,300,0.5,572,0.32,486,0.18,1
3,4,7150,0,0,300,0.5,572,0.32,486,0.18,1
3,5,2089,0,0,300,0.5,572,0.32,486,0.18,1
3,6,5770,0,0,300,0.5,1700,0.5,1
3,7,385,0,0,300,0.5,1700,0.5,1
3,8,6770,2,10,5,0,666,0.42,420,0.58,1
3,9,12586,2,10,5,0,300,0.5,1700,0.5,1
3,10,2594,0,0,300,0.5,1700,0.5,1
3,11,12559,1,0,500,0.6,1000,0.2,1400,0.2,1
4,0,5045,1,0,500,0.6,1000,0.2,1400,0.2,1
4,1,5011,2,10,5,0,300,0.5,1700,0.5,1
4,2,2782,2,10,5,0,500,0.6,1000,0.2,1400,0.2,1
4,3,11862,1,0,300,0.5,1700,0.5,1
4,4,8278,2,10,5,0,500,0.6,1000,0.2,1400,0.2,1
4,5,13668,1,0,300,0.5,1700,0.5,1
4,6,6413,1,0,300,0.5,572,0.32,486,0.18,1
4,7,3521,0,0,300,0.5,1700,0.5,1
4,8,5553,2,10,5,0,500,0.6,1000,0.2,1400,0.2,1
4,9,9531,0,0,666,0.42,420,0.58,1
4,10,2658,2,10,5,0,666,0.42,420,0.58,1
4,11,3503,1,0,300,0.5,1700,0.5,1
5,0,9784,1,0,500,0.6,1000,0.2,1400,0.2,1
5,1,6075,0,0,300,0.5,1700,0.5,1
5,2,5045,0,0,666,0.42,420,0.58,1
5,3,31,0,0,500,0.6,1000,0.2,1400,0.2,1
5,4,5309,1,0,500,0.6,1000,0.2,1400,0.2,1
5,5,14609,0,0,300,0.5,1700,0.5,1
5,6,14392,1,0,666,0.42,420,0.58,1
5,7,9559,1,0,300,0.5,1700,0.5,1
5,8,13020,1,0,300,0.5,572,0.32,486,0.18,1
5,9,5576,2,10,5,0,300,0.5,572,0.32,486,0.18,1
5,10,11087,1,0,300,0.5,1700,0.5,1
5,11,8427,1,0,666,0.42,420,0.58,1
6,0,791,1,0,300,0.5,572,0.32,486,0.18,1
6,1,5505,0,0,500,0.6,1000,0.2,1400,0.2,1
6,2,1688,0,0,500,0.6,1000,0.2,1400,0.2,1
6,3,13037,0,0,300,0.5,572,0.32,486,0.18,1
6,4,10170,1,0,300,0.5,1700,0.5,1
6,5,6370,2,10,5,0,500,0.6,1000,0.2,1400,0.2,1
6,6,13227,0,0,300,0.5,1700,0.5,1
6,7,1283,1,0,300,0.5,572,0.32,486,0.18,1
6,8,2982,2,10,5,0,500,0.6,1000,0.2,1400,0.2,1
6,9,9696,2,10,5,0,300,0.5,572,0.32,486,0.18,1
6,10,13257,0,0,666,0.42,420,0.58,1
6,11,4126,0,0,300,0.5,572,0.32,486,0.18,1
7,0,7195,1,0,300,0.5,1700,0.5,1
7,1,5920,1,0,500,0.6,1000,0.2,1400,0.2,1
7,2,8648,0,0,300,0.5,1700,0.5,1
7,3,6734,2,10,5,0,500,0.6,1000,0.2,1400,0.2,1
7,4,2048,2,10,5,0,500,0.6,1000,0.2,1400,0.2,1
7,5,14441,1,0,500,0.6,1000,0.2,1400,0.2,1
7,6,13277,2,10,5,0,300,0.5,572,0.32,486,0.18,1
7,7,5842,2,10,5,0,500,0.6,1000,0.2,1400,0.2,1
7,8,6852,0,0,666,0.42,420,0.58,1
7,9,773,1,0,500,0.6,1000,0.2,1400,0.2,1
7,10,9488,1,0,666,0.42,420,0.58,1
7,11,2661,0,0,300,0.5,1700,0.5,1
8,0,2995,0,0,666,0.42,420,0.58,1
8,1,12023,0,0,300,0.5,572,0.32,486,0.18,1
8,2,731,0,0,300,0.5,572,0.32,486,0.18,1
8,3,6458,2,10,5,0,300,0.5,572,0.32,486,0.18,1
8,4,14947,2,10,5,0,300,0.5,572,0.32,486,0.18,1
8,5,12191,2,10,5,0,300,0.5,572,0.32,486,0.18,1
8,6,5191,0,0,500,0.6,1000,0.2,1400,0.2,1
8,7,8476,0,0,666,0.42,420,0.58,1
8,8,12114,0,0,300,0.5,572,0.32,486,0.18,1
8,9,59,1,0,300,0.5,1700,0.5,1
8,10,6411,0,0,666,0.42,420,0.58,1
8,11,12533,1,0,300,0.5,1700,0.5,1
9,0,3061,2,10,5,0,300,0.5,1700,0.5,1
9,1,2812,0,0,300,0.5,572,0.32,486,0.18,1
9,2,7243,1,0,300,0.5,572,0.32,486,0.18,1
9,3,9853,2,10,5,0,300,0.5,572,0.32,486,0.18,1
9,4,7053,1,0,300,0.5,1700,0.5,1
9,5,4342,1,0,500,0.6,1000,0.2,1400,0.2,1
9,6,9643,0,0,300,0.5,1700,0.5,1
9,7,8195,2,10,5,0,500,0.6,1000,0.2,1400,0.2,1
9,8,14060,0,0,300,0.5,572,0.32,486,0.18,1
9,9,13790,0,0,500,0.6,1000,0.2,1400,0.2,1
9,10,435,0,0,300,0.5,572,0.32,486,0.18,1
9,11,7008,1,0,300,0.5,572,0.32,486,0.18,1
10,0,6063,1,0,300,0.5,1700,0.5,1
10,1,5073,2,10,5,0,500,0.6,1000,0.2,1400,0.2,1
10,2,14654,1,0,500,0.6,1000,0.2,1400,0.2,1
10,3,9665,0,0,300,0.5,572,0.32,486,0.18,1
10,4,4626,1,0,500,0.6,1000,0.2,1400,0.2,1
10,5,2959,0,0,300,0.5,572,0.32,486,0.18,1
10,6,11280,2,10,5,0,666,0.42,420,0.58,1
10,7,1704,2,10,5,0,500,0.6,1000,0.2,1400,0.2,1
10,8,12081,0,0,300,0.5,572,0.32,486,0.18,1
10,9,14110,0,0,666,0.42,420,0.58,1
10,10,14082,2,10,5,0,300,0.5,1700,0.5,1
10,11,10452,0,0,300,0.5,1700,0.5,1
11,0,5696,1,0,300,0.5,1700,0.5,1
11,1,2778,1,0,300,0.5,1700,0.5,1
11,2,1147,1,0,300,0.5,572,0.32,486,0.18,1
11,3,8430,0,0,300,0.5,572,0.32,486,0.18,1
11,4,12012,0,0,500,0.6,1000,0.2,1400,0.2,1
11,5,6330,1,0,666,0.42,420,0.58,1
11,6,4993,1,0,666,0.42,420,0.58,1
11,7,1894,0,0,666,0.42,420,0.58,1
11,8,541,0,0,666,0.42,420,0.58,1
11,9,20,1,0,500,0.6,1000,0.2,1400,0.2,1
11,10,11733,0,0,300,0.5,1700,0.5,1
11,11,5993,1,0,500,0.6,1000,0.2,1400,0.2,1
