0,0,6483,1,0,666,0.42,420,0.58,1
0,1,11340,1,0,300,0.5,572,0.32,486,0.18,1
0,2,13748,2,10,5,0,666,0.42,420,0.58,1
0,3,6183,0,0,300,0.5,1700,0.5,1
0,4,8644,0,0,300,0.5,572,0.32,486,0.18,1
0,5,8389,1,0,666,0.42,420,0.58,1
0,6,4879,2,10,5,0,300,0.5,1700,0.5,1
0,7,9911,0,0,300,0.5,572,0.32,486,0.18,1
0,8,1369,1,0,500,0.6,1000,0.2,1400,0.2,1
0,9,14956,0,0,666,0.42,420,0.58,1
0,10,5720,0,0,500,0.6,1000,0.2,1400,0.2,1
0,11,3304,2,10,5,0,300,0.5,572,0.32,486,0.18,1
1,0,13282,0,0,300,0.5,1700,0.5,1
1,1,13159,2,10,5,0,300,0.5,572,0.32,486,0.18,1
1,2,4710,0,0,300,0.5,572,0.32,486,0.18,0
1,3,14451,0,0,300,0.5,1700,0.5,1
1,4,7562,2,10,5,0,300,0.5,572,0.32,486,0.18,1
1,5,11005,1,0,300,0.5,1700,0.5,1
1,6,4586,0,0,300,0.5,572,0.32,486,0.18,1
1,7,13743,2,10,5,0,666,0.42,420,0.58,1
1,8,10975,2,10,5,0,300,0.5,1700,0.5,1
1,9,5363,2,10,5,0,500,0.6,1000,0.2,1400,0.2,1
1,10,11671,1,0,300,0.5,1700,0.5,1
1,11,3760,1,0,300,0.5,572,0.32,486,0.18,1
2,0,6209,2,10,5,0,500,0.6,1000,0.2,1400,0.2,1
2,1,13702,0,0,666,0.42,420,0.58,1
2,2,2404,2,10,5,0,300,0.5,1700,0.5,1
2,3,365,2,10,5,0,300,0.5,1700,0.5,1
2,4,789,2,10,5,0,666,0.42,420,0.58,1
2,5,12244,2,10,5,0,666,0.42,420,0.58,1
2,6,13055,0,0,300,0.5,572,0.32,486,0.18,1
2,7,12152,0,0,300,0.5,572,0.32,486,0.18,1
2,8,14820,2,10,5,0,500,0.6,1000,0.2,1400,0.2,1
2,9,6169,1,0,300,0.5,572,0.32,486,0.18,1
2,10,5790,1,0,300,0.5,1700,0.5,1
2,11,12719,1,0,300,0.5,1700,0.5,1
3,0,9640,1,0,300,0.5,572,0.32,486,0.18,1
3,1,1103,0,0,666,0.42,420,0.58,1
3,2,5338,2,10,5,0,300,0.5,1700,0.5,1
3,3,11331,2,10,5,0,300,0.5,1700,0.5,1
3,4,12768,1,0,300,0.5,1700,0.5,1
3,5,1822,0,0,300,0.5,1700,0.5,1
3,6,4163,1,0,666,0.42,420,0.58,1
3,7,13156,2,10,5,0,500,0.6,1000,0.2,1400,0.2,1
3,8,13781,1,0,666,0.42,420,0.58,1
3,9,8570,1,0,300,0.5,572,0.32,486,0.18,1
3,10,12923,1,0,500,0.6,1000,0.2,1400,0.2,1
3,11,1359,2,10,5,0,300,0.5,1700,0.5,1
4,0,9032,1,0,300,0.5,1700,0.5,1
4,1,3757,2,10,5,0,300,0.5,1700,0.5,1
4,2,10453,0,0,666,0.42,420,0.58,1
4,3,13978,2,10,5,0,300,0.5,572,0.32,486,0.18,1
4,4,4425,0,0,300,0.5,1700,0.5,1
4,5,8423,1,0,666,0.42,420,0.58,1
4,6,8093,1,0,300,0.5,1700,0.5,1
4,7,7406,1,0,300,0.5,1700,0.5,1
4,8,2916,2,10,5,0,300,0.5,1700,0.5,1
4,9,11232,2,10,5,0,500,0.6,1000,0.2,1400,0.2,1
4,10,4187,2,10,5,0,300,0.5,1700,0.5,1
4,11,7217,2,10,5,0,666,0.42,420,0.58,1
5,0,4209,1,0,300,0.5,572,0.32,486,0.18,1
5,1,14939,2,10,5,0,300,0.5,1700,0.5,1
5,2,14956,0,0,500,0.6,1000,0.2,1400,0.2,1
5,3,8375,0,0,300,0.5,572,0.32,486,0.18,1
5,4,12688,2,10,5,0,300,0.5,1700,0.5,1
5,5,5546,0,0,300,0.5,1700,0.5,1
5,6,11526,2,10,5,0,666,0.42,420,0.58,1
5,7,9483,0,0,666,0.42,420,0.58,1
5,8,2474,2,10,5,0,300,0.5,1700,0.5,1
5,9,279,1,0,666,0.42,420,0.58,1
5,10,10853,2,10,5,0,300,0.5,1700,0.5,1
5,11,9827,0,0,500,0.6,1000,0.2,1400,0.2,1
6,0,9280,1,0,666,0.42,420,0.58,1
6,1,13531,2,10,5,0,500,0.6,1000,0.2,1400,0.2,1
6,2,4773,1,0,666,0.42,420,0.58,1
6,3,4539,0,0,300,0.5,1700,0.5,1
6,4,13698,1,0,666,0.42,420,0.58,1
6,5,8115,1,0,666,0.42,420,0.58,1
6,6,11078,0,0,300,0.5,572,0.32,486,0.18,1
6,7,11802,0,0,300,0.5,572,0.32,486,0.18,1
6,8,13295,0,0,500,0.6,1000,0.2,1400,0.2,1
6,9,11213,1,0,500,0.6,1000,0.2,1400,0.2,1
6,10,11271,1,0,300,0.5,1700,0.5,1
6,11,10058,2,10,5,0,666,0.42,420,0.58,1
7,0,6463,0,0,300,0.5,1700,0.5,1
7,1,7042,1,0,300,0.5,1700,0.5,1
7,2,1133,1,0,666,0.42,420,0.58,1
7,3,7820,1,0,666,0.42,420,0.58,1
7,4,9388,2,10,5,0,300,0.5,1700,0.5,1
7,5,8864,1,0,300,0.5,1700,0.5,1
7,6,669,1,0,300,0.5,1700,0.5,1
7,7,4016,2,10,5,0,666,0.42,420,0.58,1
7,8,2362,2,10,5,0,300,0.5,572,0.32,486,0.18,1
7,9,11673,2,10,5,0,666,0.42,420,0.58,1
7,10,5327,0,0,666,0.42,420,0.58,1
7,11,13505,2,10,5,0,300,0.5,1700,0.5,1
8,0,8413,0,0,500,0.6,1000,0.2,1400,0.2,1
8,1,12219,2,10,5,0,300,0.5,572,0.32,486,0.18,1
8,2,9231,1,0,500,0.6,1000,0.2,1400,0.2,1
8,3,305,2,10,5,0,666,0.42,420,0.58,1
8,4,6563,1,0,500,0.6,1000,0.2,1400,0.2,1
8,5,7844,0,0,500,0.6,1000,0.2,1400,0.2,1
8,6,4700,2,10,5,0,500,0.6,1000,0.2,1400,0.2,1
8,7,7125,0,0,300,0.5,572,0.32,486,0.18,1
8,8,12907,0,0,300,0.5,1700,0.5,1
8,9,2262,1,0,500,0.6,1000,0.2,1400,0.2,1
8,10,8176,1,0,300,0.5,1700,0.5,1
8,11,3762,1,0,666,0.42,420,0.58,1
9,0,2293,2,10,5,0,500,0.6,1000,0.2,1400,0.2,1
9,1,11718,1,0,500,0.6,1000,0.2,1400,0.2,1
9,2,2797,1,0,300,0.5,572,0.32,486,0.18,1
9,3,14727,1,0,666,0.42,420,0.58,1
9,4,6218,0,0,300,0.5,1700,0.5,1
9,5,2958,1,0,666,0.42,420,0.58,1
9,6,8565,0,0,300,0.5,572,0.32,486,0.18,1
9,7,8785,0,0,300,0.5,572,0.32,486,0.18,1
9,8,1764,2,10,5,0,666,0.42,420,0.58,1
9,9,14227,0,0,300,0.5,1700,0.5,1
9,10,8584,0,0,300,0.5,572,0.32,486,0.18,1
9,11,11943,2,10,5,0,300,0.5,1700,0.5,1
10,0,13361,1,0,300,0.5,1700,0.5,1
10,1,8234,0,0,300,0.5,572,0.32,486,0.18,1
10,2,5458,0,0,500,0.6,1000,0.2,1400,0.2,1
10,3,14959,2,10,5,0,666,0.42,420,0.58,1
10,4,9565,2,10,5,0,300,0.5,572,0.32,486,0.18,1
10,5,14763,0,0,500,0.6,1000,0.2,1400,0.2,1
10,6,10388,2,10,5,0,666,0.42,420,0.58,1
10,7,10452,2,10,5,0,300,0.5,572,0.32,486,0.18,1
10,8,7056,2,10,5,0,300,0.5,1700,0.5,1
10,9,2784,2,10,5,0,666,0.42,420,0.58,1
10,10,4556,1,0,300,0.5,572,0.32,486,0.18,1
10,11,11840,0,0,500,0.6,1000,0.2,1400,0.2,1
11,0,13612,0,0,666,0.42,420,0.58,1
11,1,2923,0,0,300,0.5,1700,0.5,1
11,2,10380,1,0,300,0.5,572,0.32,486,0.18,1
11,3,14032,2,10,5,0,300,0.5,572,0.32,486,0.18,1
11,4,3354,2,10,5,0,500,0.6,1000,0.2,1400,0.2,1
11,5,5728,0,0,666,0.42,420,0.58,1
11,6,2741,1,0,300,0.5,1700,0.5,1
11,7,11392,0,0,300,0.5,572,0.32,486,0.18,1
11,8,11373,0,0,300,0.5,572,0.32,486,0.18,1
11,9,6691,2,10,5,0,666,0.42,420,0.58,1
11,10,3610,2,10,5,0,300,0.5,572,0.32,486,0.18,1
11,11,7049,2,10,5,0,300,0.5,1700,0.5,1
