0,0,9320,1,0,666,0.42,420,0.58,1
0,1,169,0,0,666,0.42,420,0.58,1
0,2,3714,1,0,300,0.5,1700,0.5,1
0,3,9503,2,10,5,0,500,0.6,1000,0.2,1400,0.2,1
0,4,10230,0,0,300,0.5,1700,0.5,1
0,5,14735,2,10,5,0,300,0.5,1700,0.5,1
0,6,2043,1,0,300,0.5,1700,0.5,1
0,7,2053,0,0,300,0.5,1700,0.5,1
0,8,4932,0,0,300,0.5,1700,0.5,1
0,9,2839,0,0,666,0.42,420,0.58,1
0,10,11029,0,0,300,0.5,572,0.32,486,0.18,1
0,11,1248,2,10,5,0,300,0.5,572,0.32,486,0.18,1
1,0,14779,2,10,5,0,300,0.5,1700,0.5,1
1,1,4783,1,0,300,0.5,572,0.32,486,0.18,1
1,2,6366,2,10,5,0,300,0.5,572,0.32,486,0.18,0
1,3,3874,1,0,500,0.6,1000,0.2,1400,0.2,1
1,4,363,0,0,666,0.42,420,0.58,1
1,5,9767,0,0,300,0.5,1700,0.5,1
1,6,9762,2,10,5,0,500,0.6,1000,0.2,1400,0.2,1
1,7,11777,1,0,300,0.5,572,0.32,486,0.18,1
1,8,2392,1,0,300,0.5,572,0.32,486,0.18,1
1,9,5676,1,0,300,0.5,1700,0.5,1
1,10,2366,2,10,5,0,666,0.42,420,0.58,1
1,11,10706,0,0,300,0.5,572,0.32,486,0.18,1
2,0,14154,1,0,666,0.42,420,0.58,1
2,1,2476,1,0,666,0.42,420,0.58,1
2,2,6963,1,0,500,0.6,1000,0.2,1400,0.2,1
2,3,10527,1,0,500,0.6,1000,0.2,1400,0.2,1
2,4,186,0,0,300,0.5,572,0.32,486,0.18,1
2,5,5202,2,10,5,0,300,0.5,1700,0.5,1
2,6,12584,1,0,300,0.5,572,0.32,486,0.18,1
2,7,6939,1,0,500,0.6,1000,0.2,1400,0.2,1
2,8,1436,0,0,300,0.5,572,0.32,486,0.18,1
2,9,8805,2,10,5,0,300,0.5,572,0.32,486,0.18,1
2,10,2622,1,0,666,0.42,420,0.58,1
2,11,6279,1,0,500,0.6,1000,0.2,1400,0.2,1
3,0,8575,1,0,500,0.6,1000,0.2,1400,0.2,1
3,1,14021,2,10,5,0,300,0.5,572,0.32,486,0.18,1
3,2,1298,0,0,666,0.42,420,0.58,1
3,3,974,2,10,5,0,666,0.42,420,0.58,1
3,4,14279,1,0,300,0.5,572,0.32,486,0.18,1
3,5,5193,0,0,300,0.5,572,0.32,486,0.18,1
3,6,598,2,10,5,0,300,0.5,1700,0.5,1
3,7,6912,2,10,5,0,500,0.6,1000,0.2,1400,0.2,1
3,8,11072,2,10,5,0,666,0.42,420,0.58,1
3,9,2652,1,0,300,0.5,572,0.32,486,0.18,1
3,10,2180,0,0,500,0.6,1000,0.2,1400,0.2,1
3,11,8190,0,0,300,0.5,572,0.32,486,0.18,1
4,0,8557,0,0,500,0.6,1000,0.2,1400,0.2,1
4,1,4966,2,10,5,0,300,0.5,1700,0.5,1
4,2,1480,0,0,500,0.6,1000,0.2,1400,0.2,1
4,3,4492,1,0,300,0.5,1700,0.5,1
4,4,3625,1,0,500,0.6,1000,0.2,1400,0.2,1
4,5,12418,2,10,5,0,300,0.5,572,0.32,486,0.18,1
4,6,5642,1,0,300,0.5,572,0.32,486,0.18,1
4,7,14987,2,10,5,0,300,0.5,1700,0.5,1
4,8,9415,2,10,5,0,300,0.5,572,0.32,486,0.18,1
4,9,8325,2,10,5,0,666,0.42,420,0.58,1
4,10,13312,1,0,666,0.42,420,0.58,1
4,11,14994,2,10,5,0,300,0.5,1700,0.5,1
5,0,12639,0,0,500,0.6,1000,0.2,1400,0.2,1
5,1,1328,2,10,5,0,300,0.5,1700,0.5,1
5,2,3097,2,10,5,0,500,0.6,1000,0.2,1400,0.2,1
5,3,10799,0,0,500,0.6,1000,0.2,1400,0.2,1
5,4,7250,1,0,500,0.6,1000,0.2,1400,0.2,1
5,5,2618,0,0,666,0.42,420,0.58,1
5,6,12277,1,0,666,0.42,420,0.58,1
5,7,11970,0,0,300,0.5,1700,0.5,1
5,8,8974,1,0,300,0.5,572,0.32,486,0.18,1
5,9,6358,2,10,5,0,300,0.5,572,0.32,486,0.18,1
5,10,5274,2,10,5,0,500,0.6,1000,0.2,1400,0.2,1
5,11,14061,1,0,666,0.42,420,0.58,1
6,0,10890,1,0,500,0.6,1000,0.2,1400,0.2,1
6,1,7065,0,0,500,0.6,1000,0.2,1400,0.2,1
6,2,11012,0,0,666,0.42,420,0.58,1
6,3,21,1,0,500,0.6,1000,0.2,1400,0.2,1
6,4,1030,2,10,5,0,500,0.6,1000,0.2,1400,0.2,1
6,5,14796,1,0,300,0.5,1700,0.5,1
6,6,11275,1,0,500,0.6,1000,0.2,1400,0.2,1
6,7,6629,1,0,666,0.42,420,0.58,1
6,8,10618,0,0,300,0.5,1700,0.5,1
6,9,12502,0,0,300,0.5,572,0.32,486,0.18,1
6,10,11383,2,10,5,0,300,0.5,1700,0.5,1
6,11,1535,1,0,300,0.5,572,0.32,486,0.18,1
7,0,11287,0,0,300,0.5,572,0.32,486,0.18,1
7,1,2085,1,0,300,0.5,1700,0.5,1
7,2,13481,0,0,500,0.6,1000,0.2,1400,0.2,1
7,3,11759,1,0,500,0.6,1000,0.2,1400,0.2,1
7,4,11695,0,0,300,0.5,1700,0.5,1
7,5,12633,2,10,5,0,300,0.5,1700,0.5,1
7,6,8900,0,0,300,0.5,1700,0.5,1
7,7,9523,1,0,300,0.5,1700,0.5,1
7,8,9433,1,0,666,0.42,420,0.58,1
7,9,5452,2,10,5,0,300,0.5,572,0.32,486,0.18,1
7,10,2468,0,0,500,0.6,1000,0.2,1400,0.2,1
7,11,3049,0,0,500,0.6,1000,0.2,1400,0.2,1
8,0,6388,2,10,5,0,500,0.6,1000,0.2,1400,0.2,1
8,1,8267,1,0,666,0.42,420,0.58,1
8,2,9452,1,0,500,0.6,1000,0.2,1400,0.2,1
8,3,14625,2,10,5,0,500,0.6,1000,0.2,1400,0.2,1
8,4,5457,0,0,300,0.5,572,0.32,486,0.18,1
8,5,9897,2,10,5,0,666,0.42,420,0.58,1
8,6,2455,0,0,666,0.42,420,0.58,1
8,7,6018,0,0,666,0.42,420,0.58,1
8,8,8573,2,10,5,0,666,0.42,420,0.58,1
8,9,5470,0,0,300,0.5,572,0.32,486,0.18,1
8,10,10457,0,0,300,0.5,572,0.32,486,0.18,1
8,11,7881,0,0,500,0.6,1000,0.2,1400,0.2,1
9,0,11438,0,0,300,0.5,572,0.32,486,0.18,1
9,1,1855,2,10,5,0,666,0.42,420,0.58,1
9,2,1155,2,10,5,0,300,0.5,1700,0.5,1
9,3,9305,0,0,300,0.5,572,0.32,486,0.18,1
9,4,11033,0,0,300,0.5,1700,0.5,1
9,5,8961,2,10,5,0,500,0.6,1000,0.2,1400,0.2,1
9,6,7528,1,0,300,0.5,1700,0.5,1
9,7,9389,2,10,5,0,300,0.5,572,0.32,486,0.18,1
9,8,3095,1,0,300,0.5,572,0.32,486,0.18,1
9,9,12259,1,0,666,0.42,420,0.58,1
9,10,6747,1,0,500,0.6,1000,0.2,1400,0.2,1
9,11,3230,0,0,300,0.5,1700,0.5,1
10,0,8212,0,0,500,0.6,1000,0.2,1400,0.2,1
10,1,9775,0,0,300,0.5,1700,0.5,1
10,2,14766,1,0,300,0.5,1700,0.5,1
10,3,2969,2,10,5,0,300,0.5,1700,0.5,1
10,4,14673,0,0,500,0.6,1000,0.2,1400,0.2,1
10,5,12666,2,10,5,0,300,0.5,572,0.32,486,0.18,1
10,6,9424,0,0,500,0.6,1000,0.2,1400,0.2,1
10,7,7906,2,10,5,0,500,0.6,1000,0.2,1400,0.2,1
10,8,1183,0,0,300,0.5,572,0.32,486,0.18,1
10,9,9972,1,0,300,0.5,1700,0.5,1
10,10,6042,0,0,666,0.42,420,0.58,1
10,11,5618,1,0,300,0.5,572,0.32,486,0.18,1
11,0,3274,0,0,500,0.6,1000,0.2,1400,0.2,1
11,1,12738,2,10,5,0,666,0.42,420,0.58,1
11,2,12730,0,0,300,0.5,1700,0.5,1
11,3,6595,0,0,300,0.5,572,0.32,486,0.18,1
11,4,2059,2,10,5,0,666,0.42,420,0.58,1
11,5,7663,1,0,500,0.6,1000,0.2,1400,0.2,1
11,6,3478,1,0,300,0.5,1700,0.5,1
11,7,5480,1,0,300,0.5,1700,0.5,1
11,8,5382,1,0,300,0.5,1700,0.5,1
11,9,8964,1,0,300,0.5,572,0.32,486,0.18,1
11,10,2937,0,0,666,0.42,420,0.58,1
11,11,13208,0,0,666,0.42,420,0.58,1
