0,0,4042,0,0,300,0.5,572,0.32,486,0.18,1
0,1,2959,0,0,300,0.5,1700,0.5,1
0,2,5638,0,0,500,0.6,1000,0.2,1400,0.2,1
0,3,4047,0,0,300,0.5,572,0.32,486,0.18,1
0,4,212,0,0,300,0.5,572,0.32,486,0.18,1
0,5,10321,1,0,666,0.42,420,0.58,1
0,6,9732,2,10,5,0,666,0.42,420,0.58,1
0,7,11131,2,10,5,0,300,0.5,572,0.32,486,0.18,1
0,8,2683,2,10,5,0,300,0.5,572,0.32,486,0.18,1
0,9,12832,2,10,5,0,300,0.5,572,0.32,486,0.18,1
0,10,8005,1,0,300,0.5,572,0.32,486,0.18,1
0,11,13771,0,0,666,0.42,420,0.58,1
1,0,13232,1,0,300,0.5,1700,0.5,1
1,1,2222,0,0,300,0.5,572,0.32,486,0.18,1
1,2,5676,0,0,666,0.42,420,0.58,0
1,3,2780,0,0,666,0.42,420,0.58,1
1,4,5362,1,0,500,0.6,1000,0.2,1400,0.2,1
1,5,2488,0,0,500,0.6,1000,0.2,1400,0.2,1
1,6,11618,2,10,5,0,300,0.5,1700,0.5,1
1,7,14506,2,10,5,0,300,0.5,1700,0.5,1
1,8,4418,2,10,5,0,300,0.5,572,0.32,486,0.18,1
1,9,8491,2,10,5,0,300,0.5,572,0.32,486,0.18,1
1,10,10530,1,0,300,0.5,1700,0.5,1
1,11,10180,1,0,500,0.6,1000,0.2,1400,0.2,1
2,0,5331,2,10,5,0,300,0.5,1700,0.5,1
2,1,783,2,10,5,0,666,0.42,420,0.58,1
2,2,3984,0,0,300,0.5,572,0.32,486,0.18,1
2,3,1822,1,0,300,0.5,572,0.32,486,0.18,1
2,4,7145,2,10,5,0,666,0.42,420,0.58,1
2,5,4086,1,0,300,0.5,572,0.32,486,0.18,1
2,6,9740,1,0,666,0.42,420,0.58,1
2,7,14634,1,0,300,0.5,1700,0.5,1
2,8,12644,0,0,300,0.5,572,0.32,486,0.18,1
2,9,4118,0,0,300,0.5,572,0.32,486,0.18,1
2,10,2639,2,10,5,0,300,0.5,572,0.32,486,0.18,1
2,11,13808,1,0,500,0.6,1000,0.2,1400,0.2,1
3,0,4419,0,0,300,0.5,1700,0.5,1
3,1,10481,0,0,300,0.5,1700,0.5,1
3,2,9680,1,0,500,0.6,1000,0.2,1400,0.2,1
3,3,7111,0,0,300,0.5,572,0.32,486,0.18,1
3,4,5382,0,0,666,0.42,420,0.58,1
3,5,848,0,0,666,0.42,420,0.58,1
3,6,9037,2,10,5,0,666,0.42,420,0.58,1
3,7,3814,2,10,5,0,300,0.5,572,0.32,486,0.18,1
3,8,8709,2,10,5,0,300,0.5,572,0.32,486,0.18,1
3,9,4679,0,0,500,0.6,1000,0.2,1400,0.2,1
3,10,4808,0,0,500,0.6,1000,0.2,1400,0.2,1
3,11,4615,2,10,5,0,300,0.5,572,0.32,486,0.18,1
4,0,4833,0,0,500,0.6,1000,0.2,1400,0.2,1
4,1,971,2,10,5,0,666,0.42,420,0.58,1
4,2,6073,0,0,666,0.42,420,0.58,1
4,3,3124,0,0,300,0.5,572,0.32,486,0.18,1
4,4,7465,1,0,300,0.5,1700,0.5,1
4,5,6610,2,10,5,0,300,0.5,1700,0.5,1
4,6,5946,1,0,666,0.42,420,0.58,1
4,7,4515,0,0,666,0.42,420,0.58,1
4,8,9226,0,0,666,0.42,420,0.58,1
4,9,4473,2,10,5,0,300,0.5,1700,0.5,1
4,10,4725,2,10,5,0,300,0.5,1700,0.5,1
4,11,2007,0,0,300,0.5,572,0.32,486,0.18,1
5,0,8790,0,0,666,0.42,420,0.58,1
5,1,12703,0,0,666,0.42,420,0.58,1
5,2,3905,0,0,300,0.5,1700,0.5,1
5,3,9989,1,0,666,0.42,420,0.58,1
5,4,13678,1,0,666,0.42,420,0.58,1
5,5,3810,2,10,5,0,300,0.5,572,0.32,486,0.18,1
5,6,3101,1,0,300,0.5,572,0.32,486,0.18,1
5,7,4885,2,10,5,0,500,0.6,1000,0.2,1400,0.2,1
5,8,12466,2,10,5,0,500,0.6,1000,0.2,1400,0.2,1
5,9,2155,0,0,666,0.42,420,0.58,1
5,10,5189,1,0,500,0.6,1000,0.2,1400,0.2,1
5,11,1974,2,10,5,0,300,0.5,572,0.32,486,0.18,1
6,0,1354,2,10,5,0,300,0.5,1700,0.5,1
6,1,14731,1,0,300,0.5,572,0.32,486,0.18,1
6,2,6004,1,0,300,0.5,572,0.32,486,0.18,1
6,3,9548,1,0,300,0.5,1700,0.5,1
6,4,8981,1,0,666,0.42,420,0.58,1
6,5,1310,0,0,500,0.6,1000,0.2,1400,0.2,1
6,6,2534,1,0,666,0.42,420,0.58,1
6,7,2078,0,0,300,0.5,1700,0.5,1
6,8,13850,2,10,5,0,300,0.5,1700,0.5,1
6,9,473,0,0,300,0.5,572,0.32,486,0.18,1
6,10,14937,1,0,500,0.6,1000,0.2,1400,0.2,1
6,11,7345,1,0,666,0.42,420,0.58,1
7,0,11098,0,0,666,0.42,420,0.58,1
7,1,12241,2,10,5,0,500,0.6,1000,0.2,1400,0.2,1
7,2,1607,2,10,5,0,666,0.42,420,0.58,1
7,3,8484,0,0,300,0.5,572,0.32,486,0.18,1
7,4,1915,1,0,666,0.42,420,0.58,1
7,5,6903,2,10,5,0,300,0.5,1700,0.5,1
7,6,8764,1,0,500,0.6,1000,0.2,1400,0.2,1
7,7,323,2,10,5,0,666,0.42,420,0.58,1
7,8,14319,0,0,300,0.5,1700,0.5,1
7,9,3701,1,0,300,0.5,1700,0.5,1
7,10,13433,1,0,500,0.6,1000,0.2,1400,0.2,1
7,11,5961,1,0,500,0.6,1000,0.2,1400,0.2,1
8,0,11054,2,10,5,0,500,0.6,1000,0.2,1400,0.2,1
8,1,4960,0,0,500,0.6,1000,0.2,1400,0.2,1
8,2,7455,0,0,300,0.5,1700,0.5,1
8,3,4297,1,0,500,0.6,1000,0.2,1400,0.2,1
8,4,9039,1,0,500,0.6,1000,0.2,1400,0.2,1
8,5,9857,2,10,5,0,666,0.42,420,0.58,1
8,6,5908,1,0,300,0.5,572,0.32,486,0.18,1
8,7,14874,0,0,666,0.42,420,0.58,1
8,8,4653,1,0,500,0.6,1000,0.2,1400,0.2,1
8,9,1078,2,10,5,0,500,0.6,1000,0.2,1400,0.2,1
8,10,14639,1,0,500,0.6,1000,0.2,1400,0.2,1
8,11,6598,2,10,5,0,300,0.5,1700,0.5,1
9,0,10560,0,0,300,0.5,572,0.32,486,0.18,1
9,1,1208,1,0,300,0.5,1700,0.5,1
9,2,12521,2,10,5,0,666,0.42,420,0.58,1
9,3,507,2,10,5,0,300,0.5,572,0.32,486,0.18,1
9,4,7963,0,0,666,0.42,420,0.58,1
9,5,8513,2,10,5,0,666,0.42,420,0.58,1
9,6,937,2,10,5,0,500,0.6,1000,0.2,1400,0.2,1
9,7,218,2,10,5,0,500,0.6,1000,0.2,1400,0.2,1
9,8,13050,2,10,5,0,666,0.42,420,0.58,1
9,9,211,1,0,300,0.5,572,0.32,486,0.18,1
9,10,7552,2,10,5,0,300,0.5,1700,0.5,1
9,11,5816,1,0,500,0.6,1000,0.2,1400,0.2,1
10,0,3933,2,10,5,0,500,0.6,1000,0.2,1400,0.2,1
10,1,1330,2,10,5,0,500,0.6,1000,0.2,1400,0.2,1
10,2,6511,2,10,5,0,666,0.42,420,0.58,1
10,3,2036,2,10,5,0,500,0.6,1000,0.2,1400,0.2,1
10,4,4564,2,10,5,0,300,0.5,1700,0.5,1
10,5,199,2,10,5,0,300,0.5,1700,0.5,1
10,6,14871,2,10,5,0,666,0.42,420,0.58,1
10,7,14828,1,0,666,0.42,420,0.58,1
10,8,14975,2,10,5,0,666,0.42,420,0.58,1
10,9,9640,1,0,500,0.6,1000,0.2,1400,0.2,1
10,10,11272,1,0,300,0.5,1700,0.5,1
10,11,11588,0,0,500,0.6,1000,0.2,1400,0.2,1
11,0,911,0,0,666,0.42,420,0.58,1
11,1,13721,0,0,300,0.5,572,0.32,486,0.18,1
11,2,11460,1,0,666,0.42,420,0.58,1
11,3,2296,0,0,300,0.5,1700,0.5,1
11,4,11125,0,0,300,0.5,1700,0.5,1
11,5,12253,2,10,5,0,300,0.5,1700,0.5,1
11,6,10631,0,0,300,0.5,1700,0.5,1
11,7,9214,0,0,500,0.6,1000,0.2,1400,0.2,1
11,8,2019,1,0,666,0.42,420,0.58,1
11,9,13766,1,0,300,0.5,1700,0.5,1
11,10,12456,2,10,5,0,666,0.42,420,0.58,1
11,11,12427,0,0,300,0.5,572,0.32,486,0.18,1
