0,0,14603,0,0,666,0.42,420,0.58,1
0,1,5128,0,0,300,0.5,572,0.32,486,0.18,1
0,2,3690,1,0,500,0.6,1000,0.2,1400,0.2,1
0,3,13522,2,10,5,0,300,0.5,1700,0.5,1
0,4,5196,1,0,500,0.6,1000,0.2,1400,0.2,1
0,5,3970,2,10,5,0,300,0.5,572,0.32,486,0.18,1
0,6,11367,1,0,500,0.6,1000,0.2,1400,0.2,1
0,7,5904,1,0,500,0.6,1000,0.2,1400,0.2,1
0,8,11922,2,10,5,0,300,0.5,572,0.32,486,0.18,1
0,9,13913,2,10,5,0,666,0.42,420,0.58,1
0,10,11037,0,0,500,0.6,1000,0.2,1400,0.2,1
0,11,1761,0,0,500,0.6,1000,0.2,1400,0.2,1
1,0,2780,2,10,5,0,300,0.5,572,0.32,486,0.18,1
1,1,7984,0,0,500,0.6,1000,0.2,1400,0.2,1
1,2,9479,2,10,5,0,300,0.5,1700,0.5,0
1,3,231,1,0,666,0.42,420,0.58,1
1,4,5070,1,0,666,0.42,420,0.58,1
1,5,7725,1,0,300,0.5,1700,0.5,1
1,6,2815,2,10,5,0,500,0.6,1000,0.2,1400,0.2,1
1,7,14155,1,0,500,0.6,1000,0.2,1400,0.2,1
1,8,9802,2,10,5,0,300,0.5,572,0.32,486,0.18,1
1,9,4549,0,0,500,0.6,1000,0.2,1400,0.2,1
1,10,10317,0,0,300,0.5,1700,0.5,1
1,11,11195,2,10,5,0,666,0.42,420,0.58,1
2,0,6158,2,10,5,0,300,0.5,1700,0.5,1
2,1,13962,0,0,300,0.5,572,0.32,486,0.18,1
2,2,8472,0,0,300,0.5,572,0.32,486,0.18,1
2,3,3146,0,0,300,0.5,1700,0.5,1
2,4,13445,2,10,5,0,500,0.6,1000,0.2,1400,0.2,1
2,5,4619,2,10,5,0,300,0.5,1700,0.5,1
2,6,5885,2,10,5,0,500,0.6,1000,0.2,1400,0.2,1
2,7,2047,0,0,300,0.5,1700,0.5,1
2,8,1491,1,0,666,0.42,420,0.58,1
2,9,7230,0,0,666,0.42,420,0.58,1
2,10,8099,2,10,5,0,500,0.6,1000,0.2,1400,0.2,1
2,11,13870,1,0,300,0.5,1700,0.5,1
3,0,5942,2,10,5,0,500,0.6,1000,0.2,1400,0.2,1
3,1,2763,1,0,300,0.5,572,0.32,486,0.18,1
3,2,3385,2,10,5,0,666,0.42,420,0.58,1
3,3,1404,1,0,666,0.42,420,0.58,1
3,4,9630,0,0,500,0.6,1000,0.2,1400,0.2,1
3,5,5611,0,0,300,0.5,1700,0.5,1
3,6,44,0,0,300,0.5,1700,0.5,1
3,7,9326,0,0,666,0.42,420,0.58,1
3,8,4919,2,10,5,0,666,0.42,420,0.58,1
3,9,8086,0,0,300,0.5,1700,0.5,1
3,10,6199,1,0,666,0.42,420,0.58,1
3,11,13651,2,10,5,0,666,0.42,420,0.58,1
4,0,13170,1,0,300,0.5,572,0.32,486,0.18,1
4,1,7572,1,0,500,0.6,1000,0.2,1400,0.2,1
4,2,4465,0,0,300,0.5,1700,0.5,1
4,3,1350,2,10,5,0,300,0.5,1700,0.5,1
4,4,1357,0,0,300,0.5,572,0.32,486,0.18,1
4,5,5148,0,0,300,0.5,572,0.32,486,0.18,1
4,6,13011,2,10,5,0,666,0.42,420,0.58,1
4,7,13053,0,0,666,0.42,420,0.58,1
4,8,13797,2,10,5,0,300,0.5,1700,0.5,1
4,9,4558,1,0,666,0.42,420,0.58,1
4,10,12151,0,0,666,0.42,420,0.58,1
4,11,13493,0,0,666,0.42,420,0.58,1
5,0,9159,1,0,666,0.42,420,0.58,1
5,1,3330,1,0,300,0.5,572,0.32,486,0.18,1
5,2,6748,0,0,300,0.5,572,0.32,486,0.18,1
5,3,9302,0,0,666,0.42,420,0.58,1
5,4,747,2,10,5,0,666,0.42,420,0.58,1
5,5,5195,2,10,5,0,500,0.6,1000,0.2,1400,0.2,1
5,6,3026,2,10,5,0,500,0.6,1000,0.2,1400,0.2,1
5,7,8889,1,0,500,0.6,1000,0.2,1400,0.2,1
5,8,7181,0,0,300,0.5,1700,0.5,1
5,9,6692,0,0,666,0.42,420,0.58,1
5,10,9331,0,0,300,0.5,1700,0.5,1
5,11,11674,1,0,300,0.5,1700,0.5,1
6,0,354,2,10,5,0,500,0.6,1000,0.2,1400,0.2,1
6,1,10445,1,0,300,0.5,572,0.32,486,0.18,1
6,2,2870,0,0,300,0.5,572,0.32,486,0.18,1
6,3,2694,0,0,666,0.42,420,0.58,1
6,4,168,2,10,5,0,500,0.6,1000,0.2,1400,0.2,1
6,5,8982,2,10,5,0,300,0.5,572,0.32,486,0.18,1
6,6,9798,0,0,300,0.5,1700,0.5,1
6,7,13010,1,0,500,0.6,1000,0.2,1400,0.2,1
6,8,1393,0,0,666,0.42,420,0.58,1
6,9,12804,1,0,500,0.6,1000,0.2,1400,0.2,1
6,10,8463,1,0,300,0.5,1700,0.5,1
6,11,7471,2,10,5,0,300,0.5,1700,0.5,1
7,0,243,0,0,300,0.5,572,0.32,486,0.18,1
7,1,14174,0,0,500,0.6,1000,0.2,1400,0.2,1
7,2,6695,1,0,500,0.6,1000,0.2,1400,0.2,1
7,3,5065,0,0,500,0.6,1000,0.2,1400,0.2,1
7,4,7182,0,0,300,0.5,572,0.32,486,0.18,1
7,5,3734,1,0,500,0.6,1000,0.2,1400,0.2,1
7,6,5066,2,10,5,0,300,0.5,572,0.32,486,0.18,1
7,7,6252,2,10,5,0,500,0.6,1000,0.2,1400,0.2,1
7,8,5013,2,10,5,0,500,0.6,1000,0.2,1400,0.2,1
7,9,1313,0,0,666,0.42,420,0.58,1
7,10,11597,0,0,500,0.6,1000,0.2,1400,0.2,1
7,11,9901,0,0,300,0.5,1700,0.5,1
8,0,14973,1,0,300,0.5,572,0.32,486,0.18,1
8,1,13157,0,0,300,0.5,1700,0.5,1
8,2,10036,1,0,666,0.42,420,0.58,1
8,3,3956,2,10,5,0,300,0.5,572,0.32,486,0.18,1
8,4,4175,0,0,300,0.5,1700,0.5,1
8,5,2405,0,0,666,0.42,420,0.58,1
8,6,3316,2,10,5,0,300,0.5,1700,0.5,1
8,7,13877,0,0,666,0.42,420,0.58,1
8,8,13526,0,0,666,0.42,420,0.58,1
8,9,2375,1,0,666,0.42,420,0.58,1
8,10,14535,2,10,5,0,500,0.6,1000,0.2,1400,0.2,1
8,11,12234,2,10,5,0,500,0.6,1000,0.2,1400,0.2,1
9,0,3915,1,0,300,0.5,1700,0.5,1
9,1,3979,2,10,5,0,300,0.5,1700,0.5,1
9,2,6538,1,0,300,0.5,1700,0.5,1
9,3,5225,2,10,5,0,500,0.6,1000,0.2,1400,0.2,1
9,4,6808,0,0,300,0.5,572,0.32,486,0.18,1
9,5,7678,2,10,5,0,666,0.42,420,0.58,1
9,6,13508,2,10,5,0,300,0.5,572,0.32,486,0.18,1
9,7,10939,1,0,666,0.42,420,0.58,1
9,8,6103,2,10,5,0,500,0.6,1000,0.2,1400,0.2,1
9,9,7508,1,0,666,0.42,420,0.58,1
9,10,10840,2,10,5,0,300,0.5,572,0.32,486,0.18,1
9,11,10814,2,10,5,0,300,0.5,1700,0.5,1
10,0,10244,2,10,5,0,500,0.6,1000,0.2,1400,0.2,1
10,1,3821,0,0,500,0.6,1000,0.2,1400,0.2,1
10,2,6668,1,0,300,0.5,1700,0.5,1
10,3,10595,0,0,300,0.5,1700,0.5,1
10,4,99,0,0,666,0.42,420,0.58,1
10,5,8148,0,0,300,0.5,572,0.32,486,0.18,1
10,6,2638,2,10,5,0,500,0.6,1000,0.2,1400,0.2,1
10,7,11002,0,0,300,0.5,572,0.32,486,0.18,1
10,8,408,1,0,500,0.6,1000,0.2,1400,0.2,1
10,9,1369,0,0,500,0.6,1000,0.2,1400,0.2,1
10,10,4233,2,10,5,0,300,0.5,572,0.32,486,0.18,1
10,11,2230,2,10,5,0,500,0.6,1000,0.2,1400,0.2,1
11,0,6360,1,0,666,0.42,420,0.58,1
11,1,12592,0,0,300,0.5,1700,0.5,1
11,2,8109,0,0,300,0.5,1700,0.5,1
11,3,3015,1,0,500,0.6,1000,0.2,1400,0.2,1
11,4,8185,2,10,5,0,666,0.42,420,0.58,1
11,5,10230,1,0,500,0.6,1000,0.2,1400,0.2,1
11,6,3717,2,10,5,0,300,0.5,572,0.32,486,0.18,1
11,7,9081,0,0,300,0.5,572,0.32,486,0.18,1
11,8,10673,2,10,5,0,300,0.5,572,0.32,486,0.18,1
11,9,14501,2,10,5,0,300,0.5,1700,0.5,1
11,10,10985,1,0,300,0.5,572,0.32,486,0.18,1
11,11,4614,0,0,300,0.5,1700,0.5,1
