0,0,6690,1,0,500,0.6,1000,0.2,1400,0.2,1
0,1,1353,1,0,300,0.5,1700,0.5,1
0,2,8696,0,0,500,0.6,1000,0.2,1400,0.2,1
0,3,10885,0,0,300,0.5,1700,0.5,1
0,4,6669,1,0,666,0.42,420,0.58,1
0,5,257,2,10,5,0,500,0.6,1000,0.2,1400,0.2,1
0,6,10471,2,10,5,0,300,0.5,1700,0.5,1
0,7,11789,2,10,5,0,300,0.5,572,0.32,486,0.18,1
0,8,6725,1,0,300,0.5,1700,0.5,1
0,9,14750,0,0,300,0.5,572,0.32,486,0.18,1
0,10,9183,0,0,666,0.42,420,0.58,1
0,11,7685,2,10,5,0,666,0.42,420,0.58,1
1,0,4988,0,0,666,0.42,420,0.58,1
1,1,6880,1,0,300,0.5,1700,0.5,1
1,2,8162,0,0,500,0.6,1000,0.2,1400,0.2,0
1,3,11343,0,0,500,0.6,1000,0.2,1400,0.2,1
1,4,12540,2,10,5,0,666,0.42,420,0.58,1
1,5,9647,2,10,5,0,666,0.42,420,0.58,1
1,6,13361,2,10,5,0,300,0.5,1700,0.5,1
1,7,7422,0,0,500,0.6,1000,0.2,1400,0.2,1
1,8,8894,2,10,5,0,300,0.5,1700,0.5,1
1,9,3012,2,10,5,0,300,0.5,1700,0.5,1
1,10,3627,0,0,300,0.5,572,0.32,486,0.18,1
1,11,4173,0,0,300,0.5,1700,0.5,1
2,0,3801,1,0,500,0.6,1000,0.2,1400,0.2,1
2,1,12139,0,0,300,0.5,1700,0.5,1
2,2,11884,0,0,666,0.42,420,0.58,1
2,3,9804,1,0,300,0.5,1700,0.5,1
2,4,1340,0,0,300,0.5,1700,0.5,1
2,5,11460,0,0,666,0.42,420,0.58,1
2,6,3883,1,0,300,0.5,1700,0.5,1
2,7,2326,0,0,500,0.6,1000,0.2,1400,0.2,1
2,8,623,0,0,666,0.42,420,0.58,1
2,9,5695,0,0,300,0.5,572,0.32,486,0.18,1
2,10,3569,2,10,5,0,300,0.5,572,0.32,486,0.18,1
2,11,3938,0,0,500,0.6,1000,0.2,1400,0.2,1
3,0,2720,1,0,666,0.42,420,0.58,1
3,1,5949,0,0,300,0.5,572,0.32,486,0.18,1
3,2,13763,2,10,5,0,300,0.5,572,0.32,486,0.18,1
3,3,6178,0,0,300,0.5,572,0.32,486,0.18,1
3,4,7431,1,0,500,0.6,1000,0.2,1400,0.2,1
3,5,11121,2,10,5,0,300,0.5,572,0.32,486,0.18,1
3,6,10080,0,0,300,0.5,572,0.32,486,0.18,1
3,7,5791,2,10,5,0,300,0.5,572,0.32,486,0.18,1
3,8,7467,0,0,500,0.6,1000,0.2,1400,0.2,1
3,9,7060,1,0,500,0.6,1000,0.2,1400,0.2,1
3,10,595,1,0,500,0.6,1000,0.2,1400,0.2,1
3,11,50,1,0,300,0.5,572,0.32,486,0.18,1
4,0,9310,2,10,5,0,500,0.6,1000,0.2,1400,0.2,1
4,1,3262,1,0,300,0.5,572,0.32,486,0.18,1
4,2,13482,0,0,300,0.5,572,0.32,486,0.18,1
4,3,14283,0,0,300,0.5,572,0.32,486,0.18,1
4,4,13182,1,0,300,0.5,1700,0.5,1
4,5,2136,2,10,5,0,666,0.42,420,0.58,1
4,6,13585,1,0,666,0.42,420,0.58,1
4,7,12350,0,0,300,0.5,1700,0.5,1
4,8,1029,2,10,5,0,666,0.42,420,0.58,1
4,9,115,2,10,5,0,300,0.5,1700,0.5,1
4,10,12004,1,0,300,0.5,572,0.32,486,0.18,1
4,11,4508,0,0,500,0.6,1000,0.2,1400,0.2,1
5,0,1666,0,0,300,0.5,572,0.32,486,0.18,1
5,1,2319,2,10,5,0,666,0.42,420,0.58,1
5,2,1378,1,0,300,0.5,1700,0.5,1
5,3,2622,1,0,300,0.5,572,0.32,486,0.18,1
5,4,12592,1,0,300,0.5,1700,0.5,1
5,5,6364,0,0,300,0.5,1700,0.5,1
5,6,1500,0,0,300,0.5,572,0.32,486,0.18,1
5,7,11455,2,10,5,0,300,0.5,1700,0.5,1
5,8,6594,0,0,666,0.42,420,0.58,1
5,9,8282,0,0,300,0.5,1700,0.5,1
5,10,14633,1,0,300,0.5,1700,0.5,1
5,11,2304,0,0,500,0.6,1000,0.2,1400,0.2,1
6,0,251,2,10,5,0,500,0.6,1000,0.2,1400,0.2,1
6,1,816,1,0,666,0.42,420,0.58,1
6,2,900,0,0,300,0.5,1700,0.5,1
6,3,2985,1,0,500,0.6,1000,0.2,1400,0.2,1
6,4,9833,2,10,5,0,666,0.42,420,0.58,1
6,5,9292,1,0,666,0.42,420,0.58,1
6,6,2606,0,0,300,0.5,1700,0.5,1
6,7,10585,1,0,666,0.42,420,0.58,1
6,8,3941,2,10,5,0,666,0.42,420,0.58,1
6,9,8020,2,10,5,0,500,0.6,1000,0.2,1400,0.2,1
6,10,3630,2,10,5,0,300,0.5,572,0.32,486,0.18,1
6,11,3864,2,10,5,0,666,0.42,420,0.58,1
7,0,8079,1,0,666,0.42,420,0.58,1
7,1,12310,0,0,500,0.6,1000,0.2,1400,0.2,1
7,2,9366,2,10,5,0,300,0.5,1700,0.5,1
7,3,90,0,0,300,0.5,572,0.32,486,0.18,1
7,4,5831,0,0,300,0.5,1700,0.5,1
7,5,14702,2,10,5,0,500,0.6,1000,0.2,1400,0.2,1
7,6,10857,1,0,500,0.6,1000,0.2,1400,0.2,1
7,7,14434,2,10,5,0,666,0.42,420,0.58,1
7,8,10176,0,0,300,0.5,1700,0.5,1
7,9,894,2,10,5,0,500,0.6,1000,0.2,1400,0.2,1
7,10,8476,1,0,500,0.6,1000,0.2,1400,0.2,1
7,11,14774,2,10,5,0,666,0.42,420,0.58,1
8,0,6574,1,0,300,0.5,572,0.32,486,0.18,1
8,1,12389,0,0,300,0.5,572,0.32,486,0.18,1
8,2,3605,2,10,5,0,500,0.6,1000,0.2,1400,0.2,1
8,3,3384,0,0,666,0.42,420,0.58,1
8,4,7203,2,10,5,0,500,0.6,1000,0.2,1400,0.2,1
8,5,9258,1,0,500,0.6,1000,0.2,1400,0.2,1
8,6,10092,0,0,300,0.5,572,0.32,486,0.18,1
8,7,14635,1,0,666,0.42,420,0.58,1
8,8,3678,2,10,5,0,300,0.5,1700,0.5,1
8,9,9826,2,10,5,0,300,0.5,572,0.32,486,0.18,1
8,10,13456,0,0,300,0.5,1700,0.5,1
8,11,11281,2,10,5,0,300,0.5,1700,0.5,1
9,0,10881,2,10,5,0,500,0.6,1000,0.2,1400,0.2,1
9,1,1391,2,10,5,0,300,0.5,1700,0.5,1
9,2,12068,0,0,500,0.6,1000,0.2,1400,0.2,1
9,3,13179,0,0,500,0.6,1000,0.2,1400,0.2,1
9,4,3716,1,0,300,0.5,1700,0.5,1
9,5,12969,0,0,500,0.6,1000,0.2,1400,0.2,1
9,6,13824,0,0,500,0.6,1000,0.2,1400,0.2,1
9,7,14019,1,0,500,0.6,1000,0.2,1400,0.2,1
9,8,12952,2,10,5,0,500,0.6,1000,0.2,1400,0.2,1
9,9,14889,2,10,5,0,500,0.6,1000,0.2,1400,0.2,1
9,10,12792,2,10,5,0,500,0.6,1000,0.2,1400,0.2,1
9,11,9554,1,0,500,0.6,1000,0.2,1400,0.2,1
10,0,1414,2,10,5,0,666,0.42,420,0.58,1
10,1,2643,0,0,300,0.5,1700,0.5,1
10,2,10415,0,0,300,0.5,1700,0.5,1
10,3,7505,0,0,300,0.5,1700,0.5,1
10,4,74,0,0,300,0.5,1700,0.5,1
10,5,2916,2,10,5,0,300,0.5,572,0.32,486,0.18,1
10,6,9134,1,0,300,0.5,1700,0.5,1
10,7,8139,1,0,500,0.6,1000,0.2,1400,0.2,1
10,8,13887,1,0,666,0.42,420,0.58,1
10,9,4738,1,0,300,0.5,1700,0.5,1
10,10,3488,2,10,5,0,666,0.42,420,0.58,1
10,11,9257,2,10,5,0,300,0.5,1700,0.5,1
11,0,13699,1,0,500,0.6,1000,0.2,1400,0.2,1
11,1,1948,2,10,5,0,666,0.42,420,0.58,1
11,2,12292,2,10,5,0,666,0.42,420,0.58,1
11,3,9883,1,0,300,0.5,572,0.32,486,0.18,1
11,4,11964,1,0,500,0.6,1000,0.2,1400,0.2,1
11,5,4912,1,0,300,0.5,572,0.32,486,0.18,1
11,6,9480,2,10,5,0,300,0.5,572,0.32,486,0.18,1
11,7,9752,1,0,500,0.6,1000,0.2,1400,0.2,1
11,8,5776,2,10,5,0,500,0.6,1000,0.2,1400,0.2,1
11,9,1407,1,0,500,0.6,1000,0.2,1400,0.2,1
11,10,10371,2,10,5,0,300,0.5,1700,0.5,1
11,11,273,1,0,300,0.5,572,0.32,486,0.18,1
