0,0,10799,1,0,666,0.42,420,0.58,1
0,1,3619,2,10,5,0,300,0.5,572,0.32,486,0.18,1
0,2,2308,1,0,300,0.5,1700,0.5,1
0,3,5519,0,0,500,0.6,1000,0.2,1400,0.2,1
0,4,1421,1,0,300,0.5,572,0.32,486,0.18,1
0,5,12240,2,10,5,0,300,0.5,572,0.32,486,0.18,1
0,6,1648,1,0,500,0.6,1000,0.2,1400,0.2,1
0,7,1944,1,0,300,0.5,572,0.32,486,0.18,1
0,8,1856,0,0,300,0.5,572,0.32,486,0.18,1
0,9,4140,2,10,5,0,666,0.42,420,0.58,1
0,10,2865,1,0,300,0.5,1700,0.5,1
0,11,12977,2,10,5,0,300,0.5,1700,0.5,1
1,0,10456,2,10,5,0,666,0.42,420,0.58,1
1,1,9596,0,0,500,0.6,1000,0.2,1400,0.2,1
1,2,11315,2,10,5,0,666,0.42,420,0.58,0
1,3,7608,2,10,5,0,500,0.6,1000,0.2,1400,0.2,1
1,4,537,2,10,5,0,300,0.5,1700,0.5,1
1,5,11808,0,0,300,0.5,1700,0.5,1
1,6,7831,1,0,666,0.42,420,0.58,1
1,7,11537,0,0,666,0.42,420,0.58,1
1,8,13134,0,0,500,0.6,1000,0.2,1400,0.2,1
1,9,11627,2,10,5,0,666,0.42,420,0.58,1
1,10,1275,1,0,300,0.5,1700,0.5,1
1,11,4028,1,0,300,0.5,572,0.32,486,0.18,1
2,0,12528,1,0,500,0.6,1000,0.2,1400,0.2,1
2,1,5506,0,0,300,0.5,1700,0.5,1
2,2,6556,1,0,300,0.5,1700,0.5,1
2,3,12329,2,10,5,0,300,0.5,1700,0.5,1
2,4,13667,1,0,300,0.5,572,0.32,486,0.18,1
2,5,7985,1,0,666,0.42,420,0.58,1
2,6,4670,1,0,300,0.5,572,0.32,486,0.18,1
2,7,10052,0,0,300,0.5,1700,0.5,1
2,8,4775,1,0,300,0.5,572,0.32,486,0.18,1
2,9,514,1,0,666,0.42,420,0.58,1
2,10,14756,1,0,300,0.5,1700,0.5,1
2,11,4289,0,0,500,0.6,1000,0.2,1400,0.2,1
3,0,2866,2,10,5,0,500,0.6,1000,0.2,1400,0.2,1
3,1,14456,1,0,666,0.42,420,0.58,1
3,2,14746,2,10,5,0,500,0.6,1000,0.2,1400,0.2,1
3,3,14982,2,10,5,0,300,0.5,1700,0.5,1
3,4,7877,0,0,666,0.42,420,0.58,1
3,5,13708,2,10,5,0,300,0.5,1700,0.5,1
3,6,5873,2,10,5,0,300,0.5,572,0.32,486,0.18,1
3,7,11488,1,0,300,0.5,572,0.32,486,0.18,1
3,8,5842,1,0,500,0.6,1000,0.2,1400,0.2,1
3,9,12093,1,0,300,0.5,1700,0.5,1
3,10,11824,2,10,5,0,666,0.42,420,0.58,1
3,11,14305,2,10,5,0,666,0.42,420,0.58,1
4,0,8722,0,0,300,0.5,1700,0.5,1
4,1,2094,0,0,300,0.5,572,0.32,486,0.18,1
4,2,12315,0,0,500,0.6,1000,0.2,1400,0.2,1
4,3,5599,0,0,300,0.5,572,0.32,486,0.18,1
4,4,5367,1,0,666,0.42,420,0.58,1
4,5,4984,0,0,300,0.5,1700,0.5,1
4,6,14990,1,0,300,0.5,1700,0.5,1
4,7,2886,0,0,300,0.5,1700,0.5,1
4,8,11669,0,0,666,0.42,420,0.58,1
4,9,4354,1,0,300,0.5,572,0.32,486,0.18,1
4,10,13840,1,0,300,0.5,572,0.32,486,0.18,1
4,11,4873,0,0,500,0.6,1000,0.2,1400,0.2,1
5,0,5046,2,10,5,0,666,0.42,420,0.58,1
5,1,14168,2,10,5,0,300,0.5,572,0.32,486,0.18,1
5,2,10102,0,0,666,0.42,420,0.58,1
5,3,12724,1,0,500,0.6,1000,0.2,1400,0.2,1
5,4,7503,2,10,5,0,666,0.42,420,0.58,1
5,5,658,2,10,5,0,300,0.5,1700,0.5,1
5,6,6663,1,0,500,0.6,1000,0.2,1400,0.2,1
5,7,7045,0,0,500,0.6,1000,0.2,1400,0.2,1
5,8,14371,2,10,5,0,500,0.6,1000,0.2,1400,0.2,1
5,9,5951,2,10,5,0,666,0.42,420,0.58,1
5,10,1868,0,0,666,0.42,420,0.58,1
5,11,9011,0,0,500,0.6,1000,0.2,1400,0.2,1
6,0,8887,0,0,300,0.5,572,0.32,486,0.18,1
6,1,11397,0,0,300,0.5,1700,0.5,1
6,2,12547,2,10,5,0,300,0.5,572,0.32,486,0.18,1
6,3,11394,2,10,5,0,500,0.6,1000,0.2,1400,0.2,1
6,4,14728,2,10,5,0,500,0.6,1000,0.2,1400,0.2,1
6,5,12846,2,10,5,0,666,0.42,420,0.58,1
6,6,4708,2,10,5,0,300,0.5,572,0.32,486,0.18,1
6,7,8920,0,0,500,0.6,1000,0.2,1400,0.2,1
6,8,5376,0,0,300,0.5,572,0.32,486,0.18,1
6,9,13069,1,0,500,0.6,1000,0.2,1400,0.2,1
6,10,4060,1,0,300,0.5,1700,0.5,1
6,11,300,2,10,5,0,300,0.5,1700,0.5,1
7,0,8964,0,0,300,0.5,572,0.32,486,0.18,1
7,1,9781,2,10,5,0,500,0.6,1000,0.2,1400,0.2,1
7,2,10927,1,0,500,0.6,1000,0.2,1400,0.2,1
7,3,9684,2,10,5,0,300,0.5,1700,0.5,1
7,4,10794,0,0,300,0.5,1700,0.5,1
7,5,2045,0,0,300,0.5,1700,0.5,1
7,6,832,1,0,500,0.6,1000,0.2,1400,0.2,1
7,7,11667,1,0,666,0.42,420,0.58,1
7,8,10151,1,0,666,0.42,420,0.58,1
7,9,10700,0,0,300,0.5,572,0.32,486,0.18,1
7,10,8433,1,0,666,0.42,420,0.58,1
7,11,9878,1,0,666,0.42,420,0.58,1
8,0,2195,1,0,300,0.5,572,0.32,486,0.18,1
8,1,9987,0,0,300,0.5,1700,0.5,1
8,2,13972,0,0,300,0.5,572,0.32,486,0.18,1
8,3,13397,0,0,300,0.5,1700,0.5,1
8,4,2679,1,0,500,0.6,1000,0.2,1400,0.2,1
8,5,11031,2,10,5,0,666,0.42,420,0.58,1
8,6,2910,1,0,666,0.42,420,0.58,1
8,7,5279,1,0,666,0.42,420,0.58,1
8,8,761,0,0,300,0.5,1700,0.5,1
8,9,3262,0,0,300,0.5,1700,0.5,1
8,10,7770,2,10,5,0,500,0.6,1000,0.2,1400,0.2,1
8,11,13455,2,10,5,0,300,0.5,572,0.32,486,0.18,1
9,0,7382,1,0,300,0.5,1700,0.5,1
9,1,13471,2,10,5,0,300,0.5,572,0.32,486,0.18,1
9,2,13300,1,0,500,0.6,1000,0.2,1400,0.2,1
9,3,2696,1,0,300,0.5,1700,0.5,1
9,4,2063,2,10,5,0,666,0.42,420,0.58,1
9,5,14813,0,0,300,0.5,1700,0.5,1
9,6,14979,1,0,500,0.6,1000,0.2,1400,0.2,1
9,7,13049,0,0,300,0.5,572,0.32,486,0.18,1
9,8,5213,0,0,300,0.5,572,0.32,486,0.18,1
9,9,4029,2,10,5,0,666,0.42,420,0.58,1
9,10,10179,2,10,5,0,500,0.6,1000,0.2,1400,0.2,1
9,11,9878,2,10,5,0,666,0.42,420,0.58,1
10,0,1299,1,0,300,0.5,572,0.32,486,0.18,1
10,1,7739,1,0,300,0.5,572,0.32,486,0.18,1
10,2,1864,0,0,300,0.5,572,0.32,486,0.18,1
10,3,14325,0,0,666,0.42,420,0.58,1
10,4,9766,0,0,666,0.42,420,0.58,1
10,5,11173,0,0,300,0.5,572,0.32,486,0.18,1
10,6,11894,2,10,5,0,300,0.5,1700,0.5,1
10,7,9702,1,0,500,0.6,1000,0.2,1400,0.2,1
10,8,10964,1,0,300,0.5,572,0.32,486,0.18,1
10,9,12319,2,10,5,0,500,0.6,1000,0.2,1400,0.2,1
10,10,5215,1,0,300,0.5,1700,0.5,1
10,11,3513,1,0,500,0.6,1000,0.2,1400,0.2,1
11,0,8726,2,10,5,0,500,0.6,1000,0.2,1400,0.2,1
11,1,4430,2,10,5,0,666,0.42,420,0.58,1
11,2,4237,2,10,5,0,666,0.42,420,0.58,1
11,3,10057,0,0,300,0.5,572,0.32,486,0.18,1
11,4,5654,2,10,5,0,300,0.5,1700,0.5,1
11,5,9174,1,0,500,0.6,1000,0.2,1400,0.2,1
11,6,7389,1,0,300,0.5,572,0.32,486,0.18,1
11,7,11503,1,0,500,0.6,1000,0.2,1400,0.2,1
11,8,11743,1,0,500,0.6,1000,0.2,1400,0.2,1
11,9,2541,2,10,5,0,500,0.6,1000,0.2,1400,0.2,1
11,10,11339,0,0,300,0.5,572,0.32,486,0.18,1
11,11,9641,0,0,666,0.42,420,0.58,1
