0,0,6332,2,10,5,0,666,0.42,420,0.58,1
0,1,11133,0,0,300,0.5,572,0.32,486,0.18,1
0,2,4657,2,10,5,0,300,0.5,1700,0.5,1
0,3,14322,1,0,666,0.42,420,0.58,1
0,4,10345,1,0,500,0.6,1000,0.2,1400,0.2,1
0,5,11378,1,0,300,0.5,1700,0.5,1
0,6,877,2,10,5,0,666,0.42,420,0.58,1
0,7,12706,2,10,5,0,500,0.6,1000,0.2,1400,0.2,1
0,8,3332,1,0,666,0.42,420,0.58,1
0,9,9824,0,0,666,0.42,420,0.58,1
0,10,3019,2,10,5,0,666,0.42,420,0.58,1
0,11,2008,2,10,5,0,500,0.6,1000,0.2,1400,0.2,1
1,0,13687,2,10,5,0,500,0.6,1000,0.2,1400,0.2,1
1,1,14984,0,0,300,0.5,572,0.32,486,0.18,1
1,2,9003,0,0,500,0.6,1000,0.2,1400,0.2,0
1,3,14461,1,0,500,0.6,1000,0.2,1400,0.2,1
1,4,7115,0,0,300,0.5,572,0.32,486,0.18,1
1,5,3852,1,0,500,0.6,1000,0.2,1400,0.2,1
1,6,2190,0,0,300,0.5,1700,0.5,1
1,7,5112,2,10,5,0,666,0.42,420,0.58,1
1,8,723,1,0,500,0.6,1000,0.2,1400,0.2,1
1,9,8369,1,0,666,0.42,420,0.58,1
1,10,3891,1,0,300,0.5,572,0.32,486,0.18,1
1,11,2794,2,10,5,0,300,0.5,1700,0.5,1
2,0,780,0,0,666,0.42,420,0.58,1
2,1,13871,2,10,5,0,300,0.5,1700,0.5,1
2,2,7010,0,0,300,0.5,572,0.32,486,0.18,1
2,3,11661,0,0,300,0.5,1700,0.5,1
2,4,10749,2,10,5,0,300,0.5,1700,0.5,1
2,5,10523,1,0,666,0.42,420,0.58,1
2,6,9000,1,0,300,0.5,1700,0.5,1
2,7,5127,2,10,5,0,666,0.42,420,0.58,1
2,8,5758,2,10,5,0,300,0.5,572,0.32,486,0.18,1
2,9,10462,2,10,5,0,666,0.42,420,0.58,1
2,10,3417,2,10,5,0,300,0.5,572,0.32,486,0.18,1
2,11,4834,1,0,300,0.5,572,0.32,486,0.18,1
3,0,4269,1,0,500,0.6,1000,0.2,1400,0.2,1
3,1,13250,0,0,300,0.5,572,0.32,486,0.18,1
3,2,10610,0,0,300,0.5,1700,0.5,1
3,3,14489,2,10,5,0,300,0.5,572,0.32,486,0.18,1
3,4,848,0,0,666,0.42,420,0.58,1
3,5,3251,0,0,666,0.42,420,0.58,1
3,6,6754,0,0,300,0.5,572,0.32,486,0.18,1
3,7,4437,0,0,500,0.6,1000,0.2,1400,0.2,1
3,8,9547,2,10,5,0,666,0.42,420,0.58,1
3,9,9451,1,0,300,0.5,1700,0.5,1
3,10,13494,2,10,5,0,500,0.6,1000,0.2,1400,0.2,1
3,11,1272,1,0,666,0.42,420,0.58,1
4,0,4121,0,0,300,0.5,1700,0.5,1
4,1,1794,0,0,500,0.6,1000,0.2,1400,0.2,1
4,2,10057,0,0,500,0.6,1000,0.2,1400,0.2,1
4,3,4233,2,10,5,0,666,0.42,420,0.58,1
4,4,205,0,0,300,0.5,572,0.32,486,0.18,1
4,5,7307,2,10,5,0,300,0.5,1700,0.5,1
4,6,13895,1,0,666,0.42,420,0.58,1
4,7,1765,0,0,300,0.5,1700,0.5,1
4,8,7004,2,10,5,0,300,0.5,1700,0.5,1
4,9,14677,2,10,5,0,300,0.5,1700,0.5,1
4,10,10847,2,10,5,0,300,0.5,572,0.32,486,0.18,1
4,11,11551,0,0,300,0.5,572,0.32,486,0.18,1
5,0,4374,2,10,5,0,666,0.42,420,0.58,1
5,1,9645,0,0,500,0.6,1000,0.2,1400,0.2,1
5,2,10233,1,0,300,0.5,1700,0.5,1
5,3,14791,0,0,300,0.5,1700,0.5,1
5,4,10848,0,0,300,0.5,572,0.32,486,0.18,1
5,5,7199,2,10,5,0,666,0.42,420,0.58,1
5,6,7127,0,0,500,0.6,1000,0.2,1400,0.2,1
5,7,14317,2,10,5,0,300,0.5,1700,0.5,1
5,8,7102,1,0,300,0.5,572,0.32,486,0.18,1
5,9,176,2,10,5,0,666,0.42,420,0.58,1
5,10,150,0,0,500,0.6,1000,0.2,1400,0.2,1
5,11,1125,0,0,300,0.5,572,0.32,486,0.18,1
6,0,11064,1,0,500,0.6,1000,0.2,1400,0.2,1
6,1,489,0,0,500,0.6,1000,0.2,1400,0.2,1
6,2,11927,0,0,300,0.5,1700,0.5,1
6,3,389,0,0,666,0.42,420,0.58,1
6,4,6668,0,0,300,0.5,1700,0.5,1
6,5,4548,1,0,300,0.5,1700,0.5,1
6,6,4388,1,0,666,0.42,420,0.58,1
6,7,2793,1,0,300,0.5,1700,0.5,1
6,8,2760,0,0,300,0.5,572,0.32,486,0.18,1
6,9,3061,2,10,5,0,300,0.5,1700,0.5,1
6,10,5220,0,0,300,0.5,572,0.32,486,0.18,1
6,11,3426,2,10,5,0,500,0.6,1000,0.2,1400,0.2,1
7,0,6069,1,0,300,0.5,1700,0.5,1
7,1,13142,0,0,500,0.6,1000,0.2,1400,0.2,1
7,2,1696,2,10,5,0,300,0.5,1700,0.5,1
7,3,8726,0,0,500,0.6,1000,0.2,1400,0.2,1
7,4,12514,0,0,300,0.5,572,0.32,486,0.18,1
7,5,689,1,0,300,0.5,572,0.32,486,0.18,1
7,6,12019,2,10,5,0,666,0.42,420,0.58,1
7,7,4306,0,0,666,0.42,420,0.58,1
7,8,5058,0,0,666,0.42,420,0.58,1
7,9,693,2,10,5,0,300,0.5,1700,0.5,1
7,10,8960,2,10,5,0,666,0.42,420,0.58,1
7,11,3243,1,0,300,0.5,1700,0.5,1
8,0,13439,1,0,666,0.42,420,0.58,1
8,1,1086,1,0,666,0.42,420,0.58,1
8,2,14612,1,0,500,0.6,1000,0.2,1400,0.2,1
8,3,3847,0,0,500,0.6,1000,0.2,1400,0.2,1
8,4,94,0,0,666,0.42,420,0.58,1
8,5,14643,0,0,500,0.6,1000,0.2,1400,0.2,1
8,6,1089,0,0,666,0.42,420,0.58,1
8,7,7958,2,10,5,0,666,0.42,420,0.58,1
8,8,8552,1,0,500,0.6,1000,0.2,1400,0.2,1
8,9,1648,1,0,300,0.5,572,0.32,486,0.18,1
8,10,1924,1,0,300,0.5,572,0.32,486,0.18,1
8,11,2822,0,0,666,0.42,420,0.58,1
9,0,12945,2,10,5,0,300,0.5,572,0.32,486,0.18,1
9,1,3859,2,10,5,0,500,0.6,1000,0.2,1400,0.2,1
9,2,14003,2,10,5,0,300,0.5,1700,0.5,1
9,3,8081,1,0,300,0.5,1700,0.5,1
9,4,9181,0,0,500,0.6,1000,0.2,1400,0.2,1
9,5,3969,1,0,300,0.5,1700,0.5,1
9,6,8242,2,10,5,0,666,0.42,420,0.58,1
9,7,5893,2,10,5,0,666,0.42,420,0.58,1
9,8,9323,1,0,500,0.6,1000,0.2,1400,0.2,1
9,9,8700,0,0,300,0.5,1700,0.5,1
9,10,14645,0,0,300,0.5,1700,0.5,1
9,11,1453,1,0,300,0.5,572,0.32,486,0.18,1
10,0,9147,1,0,666,0.42,420,0.58,1
10,1,12081,2,10,5,0,666,0.42,420,0.58,1
10,2,9094,0,0,300,0.5,572,0.32,486,0.18,1
10,3,4635,0,0,300,0.5,572,0.32,486,0.18,1
10,4,9077,0,0,666,0.42,420,0.58,1
10,5,1695,1,0,666,0.42,420,0.58,1
10,6,2916,0,0,500,0.6,1000,0.2,1400,0.2,1
10,7,7866,2,10,5,0,500,0.6,1000,0.2,1400,0.2,1
10,8,11474,1,0,300,0.5,1700,0.5,1
10,9,5505,1,0,300,0.5,572,0.32,486,0.18,1
10,10,7809,2,10,5,0,300,0.5,572,0.32,486,0.18,1
10,11,11,2,10,5,0,666,0.42,420,0.58,1
11,0,12485,2,10,5,0,300,0.5,1700,0.5,1
11,1,10371,2,10,5,0,300,0.5,572,0.32,486,0.18,1
11,2,11930,1,0,500,0.6,1000,0.2,1400,0.2,1
11,3,1076,2,10,5,0,300,0.5,572,0.32,486,0.18,1
11,4,11799,0,0,666,0.42,420,0.58,1
11,5,10733,1,0,300,0.5,1700,0.5,1
11,6,13789,2,10,5,0,300,0.5,1700,0.5,1
11,7,8564,0,0,666,0.42,420,0.58,1
11,8,12150,2,10,5,0,666,0.42,420,0.58,1
11,9,13431,0,0,500,0.6,1000,0.2,1400,0.2,1
11,10,8292,1,0,500,0.6,1000,0.2,1400,0.2,1
11,11,13970,0,0,300,0.5,1700,0.5,1
