0,0,10995,2,10,5,0,500,0.6,1000,0.2,1400,0.2,1
0,1,1100,0,0,300,0.5,1700,0.5,1
0,2,5023,2,10,5,0,300,0.5,572,0.32,486,0.18,1
0,3,14655,2,10,5,0,500,0.6,1000,0.2,1400,0.2,1
0,4,7154,0,0,500,0.6,1000,0.2,1400,0.2,1
0,5,10024,0,0,300,0.5,1700,0.5,1
0,6,1942,0,0,500,0.6,1000,0.2,1400,0.2,1
0,7,6798,1,0,500,0.6,1000,0.2,1400,0.2,1
0,8,7416,0,0,666,0.42,420,0.58,1
0,9,6943,0,0,500,0.6,1000,0.2,1400,0.2,1
0,10,3123,1,0,666,0.42,420,0.58,1
0,11,14250,2,10,5,0,300,0.5,572,0.32,486,0.18,1
1,0,5989,2,10,5,0,300,0.5,1700,0.5,1
1,1,7295,0,0,666,0.42,420,0.58,1
1,2,11385,0,0,666,0.42,420,0.58,0
1,3,11134,2,10,5,0,500,0.6,1000,0.2,1400,0.2,1
1,4,7376,2,10,5,0,300,0.5,572,0.32,486,0.18,1
1,5,3619,2,10,5,0,300,0.5,572,0.32,486,0.18,1
1,6,7678,1,0,500,0.6,1000,0.2,1400,0.2,1
1,7,13726,2,10,5,0,300,0.5,1700,0.5,1
1,8,8705,1,0,500,0.6,1000,0.2,1400,0.2,1
1,9,11238,1,0,300,0.5,1700,0.5,1
1,10,3458,1,0,500,0.6,1000,0.2,1400,0.2,1
1,11,3624,2,10,5,0,300,0.5,1700,0.5,1
2,0,11969,0,0,300,0.5,572,0.32,486,0.18,1
2,1,3701,1,0,300,0.5,572,0.32,486,0.18,1
2,2,9689,2,10,5,0,500,0.6,1000,0.2,1400,0.2,1
2,3,3206,2,10,5,0,300,0.5,1700,0.5,1
2,4,8088,1,0,666,0.42,420,0.58,1
2,5,7299,1,0,300,0.5,1700,0.5,1
2,6,11475,2,10,5,0,666,0.42,420,0.58,1
2,7,2313,0,0,300,0.5,1700,0.5,1
2,8,11202,2,10,5,0,300,0.5,572,0.32,486,0.18,1
2,9,2482,2,10,5,0,300,0.5,1700,0.5,1
2,10,9647,2,10,5,0,300,0.5,1700,0.5,1
2,11,8632,2,10,5,0,500,0.6,1000,0.2,1400,0.2,1
3,0,4979,1,0,500,0.6,1000,0.2,1400,0.2,1
3,1,6928,0,0,666,0.42,420,0.58,1
3,2,6352,2,10,5,0,300,0.5,572,0.32,486,0.18,1
3,3,11797,1,0,300,0.5,1700,0.5,1
3,4,8269,0,0,300,0.5,572,0.32,486,0.18,1
3,5,6520,0,0,300,0.5,1700,0.5,1
3,6,8861,2,10,5,0,300,0.5,1700,0.5,1
3,7,5413,2,10,5,0,666,0.42,420,0.58,1
3,8,12082,2,10,5,0,500,0.6,1000,0.2,1400,0.2,1
3,9,3496,1,0,500,0.6,1000,0.2,1400,0.2,1
3,10,8071,1,0,500,0.6,1000,0.2,1400,0.2,1
3,11,12199,0,0,300,0.5,572,0.32,486,0.18,1
4,0,3496,0,0,500,0.6,1000,0.2,1400,0.2,1
4,1,13971,1,0,300,0.5,1700,0.5,1
4,2,12309,0,0,500,0.6,1000,0.2,1400,0.2,1
4,3,8591,2,10,5,0,300,0.5,572,0.32,486,0.18,1
4,4,9546,1,0,500,0.6,1000,0.2,1400,0.2,1
4,5,2877,0,0,666,0.42,420,0.58,1
4,6,525,0,0,300,0.5,572,0.32,486,0.18,1
4,7,12712,0,0,300,0.5,1700,0.5,1
4,8,10369,1,0,666,0.42,420,0.58,1
4,9,6847,1,0,300,0.5,1700,0.5,1
4,10,8272,1,0,666,0.42,420,0.58,1
4,11,5368,1,0,300,0.5,1700,0.5,1
5,0,9020,0,0,666,0.42,420,0.58,1
5,1,2245,1,0,300,0.5,572,0.32,486,0.18,1
5,2,8573,0,0,300,0.5,1700,0.5,1
5,3,257,2,10,5,0,500,0.6,1000,0.2,1400,0.2,1
5,4,3435,1,0,300,0.5,1700,0.5,1
5,5,6013,0,0,666,0.42,420,0.58,1
5,6,5171,0,0,500,0.6,1000,0.2,1400,0.2,1
5,7,4637,1,0,300,0.5,572,0.32,486,0.18,1
5,8,12355,2,10,5,0,500,0.6,1000,0.2,1400,0.2,1
5,9,13313,0,0,300,0.5,572,0.32,486,0.18,1
5,10,14463,2,10,5,0,666,0.42,420,0.58,1
5,11,9737,0,0,300,0.5,572,0.32,486,0.18,1
6,0,10906,0,0,300,0.5,1700,0.5,1
6,1,10532,2,10,5,0,300,0.5,1700,0.5,1
6,2,13511,2,10,5,0,300,0.5,572,0.32,486,0.18,1
6,3,1241,2,10,5,0,500,0.6,1000,0.2,1400,0.2,1
6,4,5885,2,10,5,0,500,0.6,1000,0.2,1400,0.2,1
6,5,6758,0,0,500,0.6,1000,0.2,1400,0.2,1
6,6,1459,2,10,5,0,500,0.6,1000,0.2,1400,0.2,1
6,7,12840,1,0,300,0.5,1700,0.5,1
6,8,9231,2,10,5,0,500,0.6,1000,0.2,1400,0.2,1
6,9,9550,0,0,666,0.42,420,0.58,1
6,10,3101,0,0,300,0.5,572,0.32,486,0.18,1
6,11,1924,2,10,5,0,666,0.42,420,0.58,1
7,0,3489,2,10,5,0,666,0.42,420,0.58,1
7,1,8954,0,0,300,0.5,572,0.32,486,0.18,1
7,2,13473,2,10,5,0,666,0.42,420,0.58,1
7,3,5944,1,0,666,0.42,420,0.58,1
7,4,4616,2,10,5,0,500,0.6,1000,0.2,1400,0.2,1
7,5,10903,1,0,300,0.5,1700,0.5,1
7,6,2838,0,0,500,0.6,1000,0.2,1400,0.2,1
7,7,10049,2,10,5,0,300,0.5,572,0.32,486,0.18,1
7,8,10324,2,10,5,0,300,0.5,1700,0.5,1
7,9,9314,1,0,500,0.6,1000,0.2,1400,0.2,1
7,10,9703,2,10,5,0,300,0.5,1700,0.5,1
7,11,6012,0,0,500,0.6,1000,0.2,1400,0.2,1
8,0,2564,1,0,300,0.5,572,0.32,486,0.18,1
8,1,2368,2,10,5,0,666,0.42,420,0.58,1
8,2,10479,0,0,300,0.5,1700,0.5,1
8,3,5891,2,10,5,0,666,0.42,420,0.58,1
8,4,11932,1,0,300,0.5,1700,0.5,1
8,5,1495,0,0,300,0.5,572,0.32,486,0.18,1
8,6,8316,2,10,5,0,300,0.5,572,0.32,486,0.18,1
8,7,8114,1,0,300,0.5,572,0.32,486,0.18,1
8,8,7594,0,0,300,0.5,1700,0.5,1
8,9,11848,0,0,666,0.42,420,0.58,1
8,10,2344,2,10,5,0,300,0.5,572,0.32,486,0.18,1
8,11,9720,1,0,500,0.6,1000,0.2,1400,0.2,1
9,0,387,2,10,5,0,300,0.5,1700,0.5,1
9,1,3741,1,0,300,0.5,572,0.32,486,0.18,1
9,2,294,1,0,300,0.5,1700,0.5,1
9,3,10042,1,0,500,0.6,1000,0.2,1400,0.2,1
9,4,2399,0,0,300,0.5,572,0.32,486,0.18,1
9,5,8707,2,10,5,0,300,0.5,572,0.32,486,0.18,1
9,6,7598,0,0,666,0.42,420,0.58,1
9,7,777,1,0,500,0.6,1000,0.2,1400,0.2,1
9,8,4149,2,10,5,0,300,0.5,572,0.32,486,0.18,1
9,9,332,1,0,666,0.42,420,0.58,1
9,10,13697,2,10,5,0,300,0.5,1700,0.5,1
9,11,8514,0,0,300,0.5,1700,0.5,1
10,0,1303,0,0,500,0.6,1000,0.2,1400,0.2,1
10,1,4511,2,10,5,0,300,0.5,1700,0.5,1
10,2,7267,1,0,300,0.5,1700,0.5,1
10,3,790,1,0,666,0.42,420,0.58,1
10,4,3874,0,0,666,0.42,420,0.58,1
10,5,5820,2,10,5,0,666,0.42,420,0.58,1
10,6,7096,1,0,300,0.5,1700,0.5,1
10,7,3417,1,0,300,0.5,572,0.32,486,0.18,1
10,8,6420,1,0,666,0.42,420,0.58,1
10,9,9033,1,0,666,0.42,420,0.58,1
10,10,10537,1,0,500,0.6,1000,0.2,1400,0.2,1
10,11,12126,1,0,300,0.5,1700,0.5,1
11,0,3543,2,10,5,0,300,0.5,572,0.32,486,0.18,1
11,1,12109,0,0,666,0.42,420,0.58,1
11,2,5352,2,10,5,0,300,0.5,1700,0.5,1
11,3,3325,0,0,300,0.5,572,0.32,486,0.18,1
11,4,10962,1,0,300,0.5,1700,0.5,1
11,5,1965,2,10,5,0,500,0.6,1000,0.2,1400,0.2,1
11,6,7879,0,0,500,0.6,1000,0.2,1400,0.2,1
11,7,9488,2,10,5,0,500,0.6,1000,0.2,1400,0.2,1
11,8,25,0,0,300,0.5,572,0.32,486,0.18,1
11,9,13918,2,10,5,0,300,0.5,572,0.32,486,0.18,1
11,10,8123,0,0,300,0.5,572,0.32,486,0.18,1
11,11,5637,1,0,666,0.42,420,0.58,1
