0,0,4726,2,10,5,0,500,0.6,1000,0.2,1400,0.2,1
0,1,2717,0,0,500,0.6,1000,0.2,1400,0.2,1
0,2,12713,1,0,666,0.42,420,0.58,1
0,3,984,2,10,5,0,500,0.6,1000,0.2,1400,0.2,1
0,4,4207,1,0,666,0.42,420,0.58,1
0,5,7698,0,0,666,0.42,420,0.58,1
0,6,5871,1,0,500,0.6,1000,0.2,1400,0.2,1
0,7,10777,2,10,5,0,300,0.5,572,0.32,486,0.18,1
0,8,9994,0,0,300,0.5,572,0.32,486,0.18,1
0,9,9610,0,0,300,0.5,1700,0.5,1
0,10,732,1,0,300,0.5,1700,0.5,1
0,11,10748,1,0,666,0.42,420,0.58,1
1,0,13827,0,0,300,0.5,572,0.32,486,0.18,1
1,1,910,2,10,5,0,300,0.5,572,0.32,486,0.18,1
1,2,6171,2,10,5,0,300,0.5,572,0.32,486,0.18,0
1,3,7127,0,0,300,0.5,572,0.32,486,0.18,1
1,4,6121,1,0,300,0.5,572,0.32,486,0.18,1
1,5,7736,0,0,300,0.5,1700,0.5,1
1,6,2125,2,10,5,0,300,0.5,572,0.32,486,0.18,1
1,7,5318,0,0,300,0.5,572,0.32,486,0.18,1
1,8,3389,2,10,5,0,300,0.5,572,0.32,486,0.18,1
1,9,12014,0,0,666,0.42,420,0.58,1
1,10,7821,2,10,5,0,500,0.6,1000,0.2,1400,0.2,1
1,11,1405,0,0,300,0.5,1700,0.5,1
2,0,12087,1,0,500,0.6,1000,0.2,1400,0.2,1
2,1,14525,2,10,5,0,666,0.42,420,0.58,1
2,2,4533,0,0,500,0.6,1000,0.2,1400,0.2,1
2,3,8506,2,10,5,0,500,0.6,1000,0.2,1400,0.2,1
2,4,1219,0,0,500,0.6,1000,0.2,1400,0.2,1
2,5,9874,0,0,500,0.6,1000,0.2,1400,0.2,1
2,6,8133,2,10,5,0,666,0.42,420,0.58,1
2,7,13208,2,10,5,0,300,0.5,1700,0.5,1
2,8,7205,1,0,300,0.5,1700,0.5,1
2,9,3605,1,0,300,0.5,1700,0.5,1
2,10,7192,2,10,5,0,300,0.5,572,0.32,486,0.18,1
2,11,5618,1,0,666,0.42,420,0.58,1
3,0,9408,1,0,666,0.42,420,0.58,1
3,1,6373,2,10,5,0,300,0.5,1700,0.5,1
3,2,11684,2,10,5,0,500,0.6,1000,0.2,1400,0.2,1
3,3,1805,0,0,666,0.42,420,0.58,1
3,4,9363,1,0,666,0.42,420,0.58,1
3,5,4993,0,0,500,0.6,1000,0.2,1400,0.2,1
3,6,5920,2,10,5,0,300,0.5,1700,0.5,1
3,7,9410,0,0,500,0.6,1000,0.2,1400,0.2,1
3,8,12478,1,0,500,0.6,1000,0.2,1400,0.2,1
3,9,10077,2,10,5,0,666,0.42,420,0.58,1
3,10,6200,1,0,300,0.5,1700,0.5,1
3,11,7662,0,0,300,0.5,572,0.32,486,0.18,1
4,0,6464,1,0,666,0.42,420,0.58,1
4,1,4965,1,0,300,0.5,1700,0.5,1
4,2,13086,1,0,300,0.5,572,0.32,486,0.18,1
4,3,7926,0,0,300,0.5,572,0.32,486,0.18,1
4,4,9371,0,0,300,0.5,1700,0.5,1
4,5,11475,1,0,300,0.5,1700,0.5,1
4,6,5566,2,10,5,0,300,0.5,572,0.32,486,0.18,1
4,7,2582,2,10,5,0,500,0.6,1000,0.2,1400,0.2,1
4,8,5292,2,10,5,0,500,0.6,1000,0.2,1400,0.2,1
4,9,11699,1,0,300,0.5,1700,0.5,1
4,10,10911,2,10,5,0,300,0.5,1700,0.5,1
4,11,10924,1,0,300,0.5,1700,0.5,1
5,0,3638,0,0,666,0.42,420,0.58,1
5,1,7493,2,10,5,0,500,0.6,1000,0.2,1400,0.2,1
5,2,13950,1,0,300,0.5,572,0.32,486,0.18,1
5,3,6008,2,10,5,0,300,0.5,1700,0.5,1
5,4,6607,2,10,5,0,300,0.5,572,0.32,486,0.18,1
5,5,397,1,0,500,0.6,1000,0.2,1400,0.2,1
5,6,2118,0,0,300,0.5,1700,0.5,1
5,7,10832,1,0,500,0.6,1000,0.2,1400,0.2,1
5,8,9547,1,0,500,0.6,1000,0.2,1400,0.2,1
5,9,429,2,10,5,0,666,0.42,420,0.58,1
5,10,1052,0,0,666,0.42,420,0.58,1
5,11,11630,2,10,5,0,500,0.6,1000,0.2,1400,0.2,1
6,0,1795,1,0,666,0.42,420,0.58,1
6,1,5255,2,10,5,0,300,0.5,1700,0.5,1
6,2,5197,1,0,300,0.5,572,0.32,486,0.18,1
6,3,1462,2,10,5,0,500,0.6,1000,0.2,1400,0.2,1
6,4,8833,0,0,500,0.6,1000,0.2,1400,0.2,1
6,5,2356,1,0,300,0.5,1700,0.5,1
6,6,6164,0,0,500,0.6,1000,0.2,1400,0.2,1
6,7,6261,2,10,5,0,500,0.6,1000,0.2,1400,0.2,1
6,8,422,2,10,5,0,666,0.42,420,0.58,1
6,9,14161,2,10,5,0,666,0.42,420,0.58,1
6,10,9918,0,0,500,0.6,1000,0.2,1400,0.2,1
6,11,2185,1,0,300,0.5,1700,0.5,1
7,0,8175,2,10,5,0,666,0.42,420,0.58,1
7,1,3263,1,0,300,0.5,1700,0.5,1
7,2,12591,2,10,5,0,666,0.42,420,0.58,1
7,3,4405,2,10,5,0,666,0.42,420,0.58,1
7,4,9937,1,0,500,0.6,1000,0.2,1400,0.2,1
7,5,3387,0,0,666,0.42,420,0.58,1
7,6,4686,2,10,5,0,500,0.6,1000,0.2,1400,0.2,1
7,7,11011,1,0,300,0.5,572,0.32,486,0.18,1
7,8,12422,1,0,666,0.42,420,0.58,1
7,9,2750,0,0,300,0.5,1700,0.5,1
7,10,6507,1,0,500,0.6,1000,0.2,1400,0.2,1
7,11,8150,1,0,300,0.5,1700,0.5,1
8,0,9787,0,0,300,0.5,572,0.32,486,0.18,1
8,1,12491,2,10,5,0,666,0.42,420,0.58,1
8,2,6413,0,0,500,0.6,1000,0.2,1400,0.2,1
8,3,1573,1,0,300,0.5,1700,0.5,1
8,4,1835,1,0,500,0.6,1000,0.2,1400,0.2,1
8,5,2095,2,10,5,0,300,0.5,1700,0.5,1
8,6,9668,2,10,5,0,500,0.6,1000,0.2,1400,0.2,1
8,7,1814,2,10,5,0,300,0.5,572,0.32,486,0.18,1
8,8,3530,1,0,300,0.5,1700,0.5,1
8,9,5375,1,0,300,0.5,572,0.32,486,0.18,1
8,10,3450,1,0,300,0.5,572,0.32,486,0.18,1
8,11,14742,2,10,5,0,300,0.5,572,0.32,486,0.18,1
9,0,7755,2,10,5,0,666,0.42,420,0.58,1
9,1,9158,0,0,500,0.6,1000,0.2,1400,0.2,1
9,2,10345,1,0,500,0.6,1000,0.2,1400,0.2,1
9,3,9429,2,10,5,0,300,0.5,1700,0.5,1
9,4,3443,1,0,500,0.6,1000,0.2,1400,0.2,1
9,5,7724,0,0,500,0.6,1000,0.2,1400,0.2,1
9,6,6623,0,0,666,0.42,420,0.58,1
9,7,4505,0,0,666,0.42,420,0.58,1
9,8,1789,1,0,500,0.6,1000,0.2,1400,0.2,1
9,9,2495,2,10,5,0,666,0.42,420,0.58,1
9,10,5051,2,10,5,0,300,0.5,1700,0.5,1
9,11,12969,1,0,500,0.6,1000,0.2,1400,0.2,1
10,0,14031,1,0,666,0.42,420,0.58,1
10,1,8227,2,10,5,0,300,0.5,1700,0.5,1
10,2,6429,1,0,666,0.42,420,0.58,1
10,3,3767,0,0,500,0.6,1000,0.2,1400,0.2,1
10,4,11202,0,0,666,0.42,420,0.58,1
10,5,10765,2,10,5,0,500,0.6,1000,0.2,1400,0.2,1
10,6,10598,2,10,5,0,300,0.5,1700,0.5,1
10,7,10628,0,0,500,0.6,1000,0.2,1400,0.2,1
10,8,173,0,0,300,0.5,1700,0.5,1
10,9,12740,2,10,5,0,300,0.5,1700,0.5,1
10,10,14718,2,10,5,0,500,0.6,1000,0.2,1400,0.2,1
10,11,13671,0,0,300,0.5,1700,0.5,1
11,0,12162,1,0,666,0.42,420,0.58,1
11,1,10450,1,0,300,0.5,1700,0.5,1
11,2,4787,2,10,5,0,300,0.5,1700,0.5,1
11,3,1907,1,0,666,0.42,420,0.58,1
11,4,10595,2,10,5,0,500,0.6,1000,0.2,1400,0.2,1
11,5,1121,2,10,5,0,666,0.42,420,0.58,1
11,6,9885,0,0,666,0.42,420,0.58,1
11,7,9431,0,0,300,0.5,572,0.32,486,0.18,1
11,8,11899,2,10,5,0,300,0.5,1700,0.5,1
11,9,7874,0,0,500,0.6,1000,0.2,1400,0.2,1
11,10,3873,0,0,300,0.5,1700,0.5,1
11,11,11595,1,0,666,0.42,420,0.58,1
