0,0,8324,0,0,300,0.5,572,0.32,486,0.18,1
0,1,1724,1,0,300,0.5,1700,0.5,1
0,2,7340,1,0,666,0.42,420,0.58,1
0,3,303,1,0,666,0.42,420,0.58,1
0,4,1906,2,10,5,0,666,0.42,420,0.58,1
0,5,6021,2,10,5,0,666,0.42,420,0.58,1
0,6,14157,0,0,666,0.42,420,0.58,1
0,7,3618,2,10,5,0,500,0.6,1000,0.2,1400,0.2,1
0,8,14060,0,0,500,0.6,1000,0.2,1400,0.2,1
0,9,11693,1,0,300,0.5,572,0.32,486,0.18,1
0,10,4155,2,10,5,0,300,0.5,1700,0.5,1
0,11,9066,2,10,5,0,500,0.6,1000,0.2,1400,0.2,1
1,0,3448,2,10,5,0,500,0.6,1000,0.2,1400,0.2,1
1,1,1306,0,0,666,0.42,420,0.58,1
1,2,799,2,10,5,0,666,0.42,420,0.58,0
1,3,7542,2,10,5,0,300,0.5,572,0.32,486,0.18,1
1,4,14717,0,0,500,0.6,1000,0.2,1400,0.2,1
1,5,3239,1,0,300,0.5,1700,0.5,1
1,6,1916,2,10,5,0,666,0.42,420,0.58,1
1,7,10455,1,0,300,0.5,1700,0.5,1
1,8,6160,2,10,5,0,666,0.42,420,0.58,1
1,9,6583,2,10,5,0,300,0.5,1700,0.5,1
1,10,9421,1,0,500,0.6,1000,0.2,1400,0.2,1
1,11,13871,0,0,666,0.42,420,0.58,1
2,0,3028,0,0,300,0.5,1700,0.5,1
2,1,9356,2,10,5,0,666,0.42,420,0.58,1
2,2,6858,2,10,5,0,500,0.6,1000,0.2,1400,0.2,1
2,3,13155,2,10,5,0,300,0.5,1700,0.5,1
2,4,14061,1,0,500,0.6,1000,0.2,1400,0.2,1
2,5,5594,2,10,5,0,300,0.5,572,0.32,486,0.18,1
2,6,1680,1,0,500,0.6,1000,0.2,1400,0.2,1
2,7,7942,1,0,666,0.42,420,0.58,1
2,8,4345,1,0,300,0.5,1700,0.5,1
2,9,7874,1,0,300,0.5,1700,0.5,1
2,10,10515,0,0,500,0.6,1000,0.2,1400,0.2,1
2,11,2322,1,0,300,0.5,572,0.32,486,0.18,1
3,0,30,1,0,666,0.42,420,0.58,1
3,1,7737,1,0,500,0.6,1000,0.2,1400,0.2,1
3,2,7536,1,0,300,0.5,1700,0.5,1
3,3,8962,1,0,300,0.5,1700,0.5,1
3,4,5274,2,10,5,0,300,0.5,572,0.32,486,0.18,1
3,5,5601,0,0,666,0.42,420,0.58,1
3,6,8413,2,10,5,0,666,0.42,420,0.58,1
3,7,1786,1,0,666,0.42,420,0.58,1
3,8,4773,2,10,5,0,300,0.5,1700,0.5,1
3,9,13962,0,0,300,0.5,1700,0.5,1
3,10,556,2,10,5,0,500,0.6,1000,0.2,1400,0.2,1
3,11,6835,1,0,500,0.6,1000,0.2,1400,0.2,1
4,0,7064,2,10,5,0,666,0.42,420,0.58,1
4,1,9508,1,0,666,0.42,420,0.58,1
4,2,3641,0,0,666,0.42,420,0.58,1
4,3,3286,1,0,300,0.5,1700,0.5,1
4,4,14831,2,10,5,0,300,0.5,1700,0.5,1
4,5,1592,2,10,5,0,666,0.42,420,0.58,1
4,6,6543,0,0,500,0.6,1000,0.2,1400,0.2,1
4,7,12982,1,0,300,0.5,572,0.32,486,0.18,1
4,8,4922,0,0,666,0.42,420,0.58,1
4,9,2005,0,0,500,0.6,1000,0.2,1400,0.2,1
4,10,169,0,0,300,0.5,572,0.32,486,0.18,1
4,11,11747,1,0,666,0.42,420,0.58,1
5,0,2247,2,10,5,0,300,0.5,1700,0.5,1
5,1,1330,2,10,5,0,300,0.5,572,0.32,486,0.18,1
5,2,3925,0,0,300,0.5,1700,0.5,1
5,3,5896,1,0,500,0.6,1000,0.2,1400,0.2,1
5,4,10827,2,10,5,0,666,0.42,420,0.58,1
5,5,4945,0,0,300,0.5,572,0.32,486,0.18,1
5,6,3366,2,10,5,0,500,0.6,1000,0.2,1400,0.2,1
5,7,6660,0,0,500,0.6,1000,0.2,1400,0.2,1
5,8,14583,2,10,5,0,300,0.5,572,0.32,486,0.18,1
5,9,4720,1,0,500,0.6,1000,0.2,1400,0.2,1
5,10,11766,1,0,666,0.42,420,0.58,1
5,11,14241,1,0,300,0.5,572,0.32,486,0.18,1
6,0,3310,1,0,300,0.5,1700,0.5,1
6,1,9242,2,10,5,0,300,0.5,572,0.32,486,0.18,1
6,2,3862,2,10,5,0,500,0.6,1000,0.2,1400,0.2,1
6,3,9733,1,0,300,0.5,572,0.32,486,0.18,1
6,4,6872,1,0,666,0.42,420,0.58,1
6,5,2777,0,0,666,0.42,420,0.58,1
6,6,683,0,0,300,0.5,572,0.32,486,0.18,1
6,7,2086,0,0,300,0.5,572,0.32,486,0.18,1
6,8,1670,1,0,666,0.42,420,0.58,1
6,9,299,1,0,500,0.6,1000,0.2,1400,0.2,1
6,10,3758,1,0,300,0.5,1700,0.5,1
6,11,5537,2,10,5,0,666,0.42,420,0.58,1
7,0,3082,1,0,300,0.5,572,0.32,486,0.18,1
7,1,8717,1,0,500,0.6,1000,0.2,1400,0.2,1
7,2,12602,1,0,300,0.5,572,0.32,486,0.18,1
7,3,1036,1,0,300,0.5,572,0.32,486,0.18,1
7,4,3936,0,0,300,0.5,572,0.32,486,0.18,1
7,5,5957,1,0,500,0.6,1000,0.2,1400,0.2,1
7,6,14291,2,10,5,0,300,0.5,1700,0.5,1
7,7,9444,2,10,5,0,300,0.5,572,0.32,486,0.18,1
7,8,4012,2,10,5,0,300,0.5,572,0.32,486,0.18,1
7,9,2676,2,10,5,0,300,0.5,1700,0.5,1
7,10,4785,2,10,5,0,300,0.5,1700,0.5,1
7,11,11055,0,0,300,0.5,572,0.32,486,0.18,1
8,0,4831,1,0,500,0.6,1000,0.2,1400,0.2,1
8,1,6314,2,10,5,0,300,0.5,572,0.32,486,0.18,1
8,2,10660,1,0,300,0.5,572,0.32,486,0.18,1
8,3,12559,1,0,300,0.5,1700,0.5,1
8,4,12038,2,10,5,0,300,0.5,572,0.32,486,0.18,1
8,5,14764,0,0,500,0.6,1000,0.2,1400,0.2,1
8,6,7044,2,10,5,0,500,0.6,1000,0.2,1400,0.2,1
8,7,4780,1,0,300,0.5,572,0.32,486,0.18,1
8,8,14073,0,0,500,0.6,1000,0.2,1400,0.2,1
8,9,10237,2,10,5,0,666,0.42,420,0.58,1
8,10,11899,2,10,5,0,300,0.5,572,0.32,486,0.18,1
8,11,1193,0,0,300,0.5,572,0.32,486,0.18,1
9,0,9904,1,0,300,0.5,1700,0.5,1
9,1,5343,2,10,5,0,300,0.5,1700,0.5,1
9,2,2529,0,0,300,0.5,572,0.32,486,0.18,1
9,3,4288,2,10,5,0,500,0.6,1000,0.2,1400,0.2,1
9,4,9679,1,0,666,0.42,420,0.58,1
9,5,14389,1,0,666,0.42,420,0.58,1
9,6,6878,2,10,5,0,300,0.5,1700,0.5,1
9,7,13779,1,0,500,0.6,1000,0.2,1400,0.2,1
9,8,5162,0,0,300,0.5,572,0.32,486,0.18,1
9,9,5375,2,10,5,0,666,0.42,420,0.58,1
9,10,1192,0,0,300,0.5,1700,0.5,1
9,11,9360,2,10,5,0,300,0.5,1700,0.5,1
10,0,8588,2,10,5,0,300,0.5,572,0.32,486,0.18,1
10,1,3230,1,0,300,0.5,1700,0.5,1
10,2,10836,1,0,500,0.6,1000,0.2,1400,0.2,1
10,3,8908,2,10,5,0,500,0.6,1000,0.2,1400,0.2,1
10,4,10557,1,0,666,0.42,420,0.58,1
10,5,629,1,0,666,0.42,420,0.58,1
10,6,4722,2,10,5,0,300,0.5,572,0.32,486,0.18,1
10,7,10591,0,0,500,0.6,1000,0.2,1400,0.2,1
10,8,2179,2,10,5,0,666,0.42,420,0.58,1
10,9,8051,2,10,5,0,300,0.5,1700,0.5,1
10,10,12874,0,0,300,0.5,572,0.32,486,0.18,1
10,11,14203,2,10,5,0,500,0.6,1000,0.2,1400,0.2,1
11,0,13267,0,0,300,0.5,1700,0.5,1
11,1,1979,0,0,300,0.5,572,0.32,486,0.18,1
11,2,4253,2,10,5,0,300,0.5,1700,0.5,1
11,3,1082,0,0,300,0.5,572,0.32,486,0.18,1
11,4,1685,0,0,300,0.5,1700,0.5,1
11,5,4943,0,0,666,0.42,420,0.58,1
11,6,1846,0,0,666,0.42,420,0.58,1
11,7,9985,1,0,300,0.5,1700,0.5,1
11,8,718,2,10,5,0,300,0.5,572,0.32,486,0.18,1
11,9,9588,1,0,500,0.6,1000,0.2,1400,0.2,1
11,10,10889,2,10,5,0,300,0.5,1700,0.5,1
11,11,1028,0,0,300,0.5,572,0.32,486,0.18,1
