0,0,1113,2,10,5,0,300,0.5,1700,0.5,1
0,1,1246,1,0,666,0.42,420,0.58,1
0,2,8180,2,10,5,0,300,0.5,572,0.32,486,0.18,1
0,3,8175,0,0,500,0.6,1000,0.2,1400,0.2,1
0,4,4336,2,10,5,0,300,0.5,572,0.32,486,0.18,1
0,5,4649,0,0,666,0.42,420,0.58,1
0,6,11868,2,10,5,0,666,0.42,420,0.58,1
0,7,14673,2,10,5,0,666,0.42,420,0.58,1
0,8,4620,2,10,5,0,500,0.6,1000,0.2,1400,0.2,1
0,9,1955,0,0,500,0.6,1000,0.2,1400,0.2,1
0,10,6941,1,0,300,0.5,1700,0.5,1
0,11,1405,0,0,300,0.5,1700,0.5,1
1,0,9428,0,0,666,0.42,420,0.58,1
1,1,12554,1,0,666,0.42,420,0.58,1
1,2,14027,0,0,666,0.42,420,0.58,0
1,3,14680,2,10,5,0,300,0.5,572,0.32,486,0.18,1
1,4,10450,1,0,300,0.5,1700,0.5,1
1,5,10841,1,0,500,0.6,1000,0.2,1400,0.2,1
1,6,777,2,10,5,0,666,0.42,420,0.58,1
1,7,3808,0,0,666,0.42,420,0.58,1
1,8,1074,1,0,300,0.5,1700,0.5,1
1,9,6216,2,10,5,0,300,0.5,572,0.32,486,0.18,1
1,10,5135,0,0,500,0.6,1000,0.2,1400,0.2,1
1,11,6788,2,10,5,0,666,0.42,420,0.58,1
2,0,13314,0,0,300,0.5,1700,0.5,1
2,1,2087,1,0,300,0.5,1700,0.5,1
2,2,4202,2,10,5,0,300,0.5,1700,0.5,1
2,3,8522,2,10,5,0,300,0.5,1700,0.5,1
2,4,8664,1,0,666,0.42,420,0.58,1
2,5,14509,2,10,5,0,500,0.6,1000,0.2,1400,0.2,1
2,6,5552,1,0,666,0.42,420,0.58,1
2,7,120,2,10,5,0,300,0.5,572,0.32,486,0.18,1
2,8,13466,0,0,300,0.5,572,0.32,486,0.18,1
2,9,3385,2,10,5,0,666,0.42,420,0.58,1
2,10,11223,1,0,666,0.42,420,0.58,1
2,11,3136,1,0,500,0.6,1000,0.2,1400,0.2,1
3,0,13758,0,0,300,0.5,1700,0.5,1
3,1,12508,1,0,666,0.42,420,0.58,1
3,2,8651,0,0,500,0.6,1000,0.2,1400,0.2,1
3,3,5178,2,10,5,0,500,0.6,1000,0.2,1400,0.2,1
3,4,3587,2,10,5,0,300,0.5,572,0.32,486,0.18,1
3,5,472,0,0,666,0.42,420,0.58,1
3,6,792,2,10,5,0,500,0.6,1000,0.2,1400,0.2,1
3,7,13883,0,0,500,0.6,1000,0.2,1400,0.2,1
3,8,2267,0,0,300,0.5,1700,0.5,1
3,9,4833,0,0,300,0.5,572,0.32,486,0.18,1
3,10,12601,2,10,5,0,666,0.42,420,0.58,1
3,11,8718,0,0,500,0.6,1000,0.2,1400,0.2,1
4,0,511,2,10,5,0,666,0.42,420,0.58,1
4,1,14705,2,10,5,0,300,0.5,1700,0.5,1
4,2,3191,0,0,500,0.6,1000,0.2,1400,0.2,1
4,3,3463,1,0,300,0.5,1700,0.5,1
4,4,14088,0,0,500,0.6,1000,0.2,1400,0.2,1
4,5,10239,0,0,500,0.6,1000,0.2,1400,0.2,1
4,6,1895,0,0,666,0.42,420,0.58,1
4,7,11465,1,0,300,0.5,572,0.32,486,0.18,1
4,8,11005,2,10,5,0,500,0.6,1000,0.2,1400,0.2,1
4,9,13148,2,10,5,0,300,0.5,572,0.32,486,0.18,1
4,10,9398,1,0,300,0.5,572,0.32,486,0.18,1
4,11,7546,0,0,300,0.5,572,0.32,486,0.18,1
5,0,4176,1,0,300,0.5,572,0.32,486,0.18,1
5,1,14251,0,0,300,0.5,572,0.32,486,0.18,1
5,2,112,2,10,5,0,300,0.5,1700,0.5,1
5,3,14005,0,0,500,0.6,1000,0.2,1400,0.2,1
5,4,6949,1,0,300,0.5,572,0.32,486,0.18,1
5,5,7105,2,10,5,0,500,0.6,1000,0.2,1400,0.2,1
5,6,13044,0,0,300,0.5,1700,0.5,1
5,7,6061,1,0,300,0.5,1700,0.5,1
5,8,4371,0,0,666,0.42,420,0.58,1
5,9,2824,1,0,300,0.5,572,0.32,486,0.18,1
5,10,11187,1,0,300,0.5,572,0.32,486,0.18,1
5,11,10482,2,10,5,0,500,0.6,1000,0.2,1400,0.2,1
6,0,12,2,10,5,0,666,0.42,420,0.58,1
6,1,8061,0,0,300,0.5,1700,0.5,1
6,2,4239,1,0,666,0.42,420,0.58,1
6,3,9615,0,0,666,0.42,420,0.58,1
6,4,2165,0,0,300,0.5,1700,0.5,1
6,5,8395,0,0,500,0.6,1000,0.2,1400,0.2,1
6,6,12527,2,10,5,0,666,0.42,420,0.58,1
6,7,9986,1,0,666,0.42,420,0.58,1
6,8,7242,0,0,300,0.5,572,0.32,486,0.18,1
6,9,6871,2,10,5,0,500,0.6,1000,0.2,1400,0.2,1
6,10,9676,1,0,666,0.42,420,0.58,1
6,11,10794,2,10,5,0,300,0.5,572,0.32,486,0.18,1
7,0,9040,1,0,666,0.42,420,0.58,1
7,1,11298,1,0,300,0.5,572,0.32,486,0.18,1
7,2,4865,0,0,666,0.42,420,0.58,1
7,3,5994,0,0,666,0.42,420,0.58,1
7,4,9490,0,0,300,0.5,572,0.32,486,0.18,1
7,5,13672,2,10,5,0,300,0.5,572,0.32,486,0.18,1
7,6,10364,1,0,666,0.42,420,0.58,1
7,7,3870,0,0,500,0.6,1000,0.2,1400,0.2,1
7,8,3268,1,0,666,0.42,420,0.58,1
7,9,2564,2,10,5,0,500,0.6,1000,0.2,1400,0.2,1
7,10,3581,1,0,300,0.5,1700,0.5,1
7,11,5747,2,10,5,0,300,0.5,572,0.32,486,0.18,1
8,0,521,0,0,666,0.42,420,0.58,1
8,1,624,0,0,500,0.6,1000,0.2,1400,0.2,1
8,2,3760,1,0,666,0.42,420,0.58,1
8,3,12300,2,10,5,0,300,0.5,1700,0.5,1
8,4,5959,2,10,5,0,300,0.5,1700,0.5,1
8,5,5246,1,0,300,0.5,1700,0.5,1
8,6,928,2,10,5,0,666,0.42,420,0.58,1
8,7,4927,2,10,5,0,500,0.6,1000,0.2,1400,0.2,1
8,8,6431,1,0,300,0.5,1700,0.5,1
8,9,4666,1,0,300,0.5,1700,0.5,1
8,10,727,0,0,300,0.5,1700,0.5,1
8,11,14144,2,10,5,0,666,0.42,420,0.58,1
9,0,10450,0,0,500,0.6,1000,0.2,1400,0.2,1
9,1,2411,2,10,5,0,666,0.42,420,0.58,1
9,2,5057,1,0,300,0.5,1700,0.5,1
9,3,7871,2,10,5,0,300,0.5,1700,0.5,1
9,4,6545,2,10,5,0,666,0.42,420,0.58,1
9,5,8519,2,10,5,0,500,0.6,1000,0.2,1400,0.2,1
9,6,13451,0,0,500,0.6,1000,0.2,1400,0.2,1
9,7,5237,2,10,5,0,300,0.5,1700,0.5,1
9,8,3094,0,0,666,0.42,420,0.58,1
9,9,3542,0,0,300,0.5,1700,0.5,1
9,10,12724,1,0,666,0.42,420,0.58,1
9,11,2148,1,0,666,0.42,420,0.58,1
10,0,5341,2,10,5,0,300,0.5,1700,0.5,1
10,1,11346,0,0,500,0.6,1000,0.2,1400,0.2,1
10,2,11313,0,0,300,0.5,572,0.32,486,0.18,1
10,3,9245,0,0,666,0.42,420,0.58,1
10,4,4038,2,10,5,0,500,0.6,1000,0.2,1400,0.2,1
10,5,7213,0,0,500,0.6,1000,0.2,1400,0.2,1
10,6,8936,2,10,5,0,300,0.5,572,0.32,486,0.18,1
10,7,14245,2,10,5,0,500,0.6,1000,0.2,1400,0.2,1
10,8,11843,1,0,500,0.6,1000,0.2,1400,0.2,1
10,9,10815,2,10,5,0,500,0.6,1000,0.2,1400,0.2,1
10,10,13527,0,0,300,0.5,572,0.32,486,0.18,1
10,11,10439,2,10,5,0,500,0.6,1000,0.2,1400,0.2,1
11,0,12625,2,10,5,0,500,0.6,1000,0.2,1400,0.2,1
11,1,11445,0,0,500,0.6,1000,0.2,1400,0.2,1
11,2,5522,1,0,300,0.5,572,0.32,486,0.18,1
11,3,11555,0,0,666,0.42,420,0.58,1
11,4,4411,0,0,300,0.5,1700,0.5,1
11,5,10554,2,10,5,0,666,0.42,420,0.58,1
11,6,359,2,10,5,0,300,0.5,1700,0.5,1
11,7,3145,2,10,5,0,300,0.5,1700,0.5,1
11,8,1084,0,0,300,0.5,572,0.32,486,0.18,1
11,9,1538,2,10,5,0,500,0.6,1000,0.2,1400,0.2,1
11,10,6139,2,10,5,0,500,0.6,1000,0.2,1400,0.2,1
11,11,10272,0,0,300,0.5,1700,0.5,1
