0,0,1406,2,10,5,0,300,0.5,572,0.32,486,0.18,1
0,1,7423,1,0,666,0.42,420,0.58,1
0,2,7656,1,0,666,0.42,420,0.58,1
0,3,2171,2,10,5,0,300,0.5,572,0.32,486,0.18,1
0,4,7448,1,0,300,0.5,572,0.32,486,0.18,1
0,5,9768,2,10,5,0,300,0.5,1700,0.5,1
0,6,2773,2,10,5,0,300,0.5,1700,0.5,1
0,7,12956,0,0,666,0.42,420,0.58,1
0,8,6724,1,0,500,0.6,1000,0.2,1400,0.2,1
0,9,12501,1,0,500,0.6,1000,0.2,1400,0.2,1
0,10,7685,2,10,5,0,300,0.5,1700,0.5,1
0,11,3377,2,10,5,0,300,0.5,572,0.32,486,0.18,1
1,0,5849,2,10,5,0,666,0.42,420,0.58,1
1,1,11617,1,0,500,0.6,1000,0.2,1400,0.2,1
1,2,6404,1,0,300,0.5,572,0.32,486,0.18,0
1,3,10118,0,0,300,0.5,572,0.32,486,0.18,1
1,4,11288,1,0,666,0.42,420,0.58,1
1,5,3217,1,0,300,0.5,1700,0.5,1
1,6,10124,1,0,300,0.5,1700,0.5,1
1,7,6693,2,10,5,0,300,0.5,1700,0.5,1
1,8,2072,2,10,5,0,666,0.42,420,0.58,1
1,9,11817,0,0,300,0.5,572,0.32,486,0.18,1
1,10,354,0,0,300,0.5,572,0.32,486,0.18,1
1,11,9543,1,0,500,0.6,1000,0.2,1400,0.2,1
2,0,11947,2,10,5,0,666,0.42,420,0.58,1
2,1,8928,1,0,300,0.5,572,0.32,486,0.18,1
2,2,1784,2,10,5,0,300,0.5,572,0.32,486,0.18,1
2,3,9664,2,10,5,0,666,0.42,420,0.58,1
2,4,7696,2,10,5,0,500,0.6,1000,0.2,1400,0.2,1
2,5,2692,2,10,5,0,300,0.5,572,0.32,486,0.18,1
2,6,4392,2,10,5,0,300,0.5,572,0.32,486,0.18,1
2,7,9653,2,10,5,0,300,0.5,572,0.32,486,0.18,1
2,8,9003,0,0,500,0.6,1000,0.2,1400,0.2,1
2,9,1955,1,0,500,0.6,1000,0.2,1400,0.2,1
2,10,10402,2,10,5,0,300,0.5,1700,0.5,1
2,11,2449,2,10,5,0,300,0.5,572,0.32,486,0.18,1
3,0,10432,0,0,500,0.6,1000,0.2,1400,0.2,1
3,1,4587,1,0,500,0.6,1000,0.2,1400,0.2,1
3,2,9921,1,0,666,0.42,420,0.58,1
3,3,14901,1,0,666,0.42,420,0.58,1
3,4,10894,0,0,666,0.42,420,0.58,1
3,5,11509,0,0,300,0.5,572,0.32,486,0.18,1
3,6,5984,2,10,5,0,300,0.5,572,0.32,486,0.18,1
3,7,2007,1,0,666,0.42,420,0.58,1
3,8,2572,2,10,5,0,500,0.6,1000,0.2,1400,0.2,1
3,9,11730,1,0,666,0.42,420,0.58,1
3,10,576,2,10,5,0,300,0.5,1700,0.5,1
3,11,8802,0,0,666,0.42,420,0.58,1
4,0,10288,1,0,300,0.5,572,0.32,486,0.18,1
4,1,6714,2,10,5,0,500,0.6,1000,0.2,1400,0.2,1
4,2,3446,0,0,666,0.42,420,0.58,1
4,3,8464,1,0,500,0.6,1000,0.2,1400,0.2,1
4,4,12862,2,10,5,0,666,0.42,420,0.58,1
4,5,3658,0,0,666,0.42,420,0.58,1
4,6,14556,1,0,300,0.5,1700,0.5,1
4,7,3330,1,0,300,0.5,572,0.32,486,0.18,1
4,8,8415,2,10,5,0,666,0.42,420,0.58,1
4,9,6018,1,0,666,0.42,420,0.58,1
4,10,10091,0,0,300,0.5,572,0.32,486,0.18,1
4,11,11507,1,0,500,0.6,1000,0.2,1400,0.2,1
5,0,10095,1,0,666,0.42,420,0.58,1
5,1,11597,1,0,300,0.5,572,0.32,486,0.18,1
5,2,3813,2,10,5,0,666,0.42,420,0.58,1
5,3,14969,0,0,666,0.42,420,0.58,1
5,4,13436,0,0,300,0.5,1700,0.5,1
5,5,11427,0,0,300,0.5,572,0.32,486,0.18,1
5,6,5035,1,0,666,0.42,420,0.58,1
5,7,11299,1,0,500,0.6,1000,0.2,1400,0.2,1
5,8,1890,2,10,5,0,500,0.6,1000,0.2,1400,0.2,1
5,9,4162,0,0,666,0.42,420,0.58,1
5,10,3693,0,0,666,0.42,420,0.58,1
5,11,7273,2,10,5,0,500,0.6,1000,0.2,1400,0.2,1
6,0,10655,1,0,500,0.6,1000,0.2,1400,0.2,1
6,1,2239,2,10,5,0,300,0.5,572,0.32,486,0.18,1
6,2,1312,2,10,5,0,300,0.5,1700,0.5,1
6,3,13250,0,0,300,0.5,1700,0.5,1
6,4,14082,2,10,5,0,300,0.5,1700,0.5,1
6,5,10564,2,10,5,0,300,0.5,572,0.32,486,0.18,1
6,6,712,0,0,500,0.6,1000,0.2,1400,0.2,1
6,7,9035,0,0,300,0.5,1700,0.5,1
6,8,3105,0,0,300,0.5,1700,0.5,1
6,9,11341,0,0,300,0.5,572,0.32,486,0.18,1
6,10,8254,0,0,300,0.5,1700,0.5,1
6,11,115,1,0,300,0.5,1700,0.5,1
7,0,5609,2,10,5,0,300,0.5,1700,0.5,1
7,1,6345,0,0,300,0.5,1700,0.5,1
7,2,13163,2,10,5,0,666,0.42,420,0.58,1
7,3,13393,1,0,300,0.5,1700,0.5,1
7,4,5229,2,10,5,0,500,0.6,1000,0.2,1400,0.2,1
7,5,5527,1,0,300,0.5,572,0.32,486,0.18,1
7,6,743,0,0,666,0.42,420,0.58,1
7,7,2732,1,0,300,0.5,1700,0.5,1
7,8,4770,0,0,500,0.6,1000,0.2,1400,0.2,1
7,9,12152,2,10,5,0,500,0.6,1000,0.2,1400,0.2,1
7,10,6654,2,10,5,0,666,0.42,420,0.58,1
7,11,11535,2,10,5,0,300,0.5,572,0.32,486,0.18,1
8,0,6066,1,0,300,0.5,1700,0.5,1
8,1,8892,0,0,500,0.6,1000,0.2,1400,0.2,1
8,2,10183,0,0,666,0.42,420,0.58,1
8,3,7331,2,10,5,0,300,0.5,572,0.32,486,0.18,1
8,4,14342,0,0,300,0.5,572,0.32,486,0.18,1
8,5,13300,2,10,5,0,500,0.6,1000,0.2,1400,0.2,1
8,6,10195,0,0,666,0.42,420,0.58,1
8,7,142,0,0,666,0.42,420,0.58,1
8,8,12246,0,0,300,0.5,572,0.32,486,0.18,1
8,9,9565,0,0,300,0.5,572,0.32,486,0.18,1
8,10,8008,2,10,5,0,300,0.5,1700,0.5,1
8,11,8276,1,0,500,0.6,1000,0.2,1400,0.2,1
9,0,6797,2,10,5,0,300,0.5,1700,0.5,1
9,1,3796,0,0,300,0.5,1700,0.5,1
9,2,7309,0,0,300,0.5,1700,0.5,1
9,3,8639,1,0,300,0.5,1700,0.5,1
9,4,5108,0,0,300,0.5,1700,0.5,1
9,5,3844,0,0,300,0.5,572,0.32,486,0.18,1
9,6,8277,0,0,300,0.5,1700,0.5,1
9,7,2876,2,10,5,0,300,0.5,1700,0.5,1
9,8,11762,1,0,500,0.6,1000,0.2,1400,0.2,1
9,9,13484,0,0,666,0.42,420,0.58,1
9,10,7325,1,0,300,0.5,572,0.32,486,0.18,1
9,11,5817,0,0,500,0.6,1000,0.2,1400,0.2,1
10,0,7891,2,10,5,0,666,0.42,420,0.58,1
10,1,12754,0,0,300,0.5,572,0.32,486,0.18,1
10,2,10705,0,0,666,0.42,420,0.58,1
10,3,11484,1,0,300,0.5,572,0.32,486,0.18,1
10,4,3825,1,0,666,0.42,420,0.58,1
10,5,12213,2,10,5,0,300,0.5,1700,0.5,1
10,6,6395,0,0,500,0.6,1000,0.2,1400,0.2,1
10,7,7441,0,0,666,0.42,420,0.58,1
10,8,4263,2,10,5,0,666,0.42,420,0.58,1
10,9,1992,0,0,500,0.6,1000,0.2,1400,0.2,1
10,10,13036,1,0,300,0.5,1700,0.5,1
10,11,11946,1,0,300,0.5,572,0.32,486,0.18,1
11,0,894,0,0,300,0.5,1700,0.5,1
11,1,2922,1,0,500,0.6,1000,0.2,1400,0.2,1
11,2,3152,1,0,500,0.6,1000,0.2,1400,0.2,1
11,3,9577,0,0,300,0.5,1700,0.5,1
11,4,1978,0,0,500,0.6,1000,0.2,1400,0.2,1
11,5,1198,2,10,5,0,300,0.5,1700,0.5,1
11,6,9260,1,0,300,0.5,1700,0.5,1
11,7,3240,1,0,300,0.5,1700,0.5,1
11,8,4562,0,0,300,0.5,1700,0.5,1
11,9,2013,2,10,5,0,500,0.6,1000,0.2,1400,0.2,1
11,10,8894,0,0,300,0.5,1700,0.5,1
11,11,7095,2,10,5,0,300,0.5,1700,0.5,1
