0,0,11883,2,10,5,0,300,0.5,572,0.32,486,0.18,1
0,1,13926,2,10,5,0,300,0.5,572,0.32,486,0.18,1
0,2,13146,0,0,300,0.5,572,0.32,486,0.18,1
0,3,10214,2,10,5,0,300,0.5,1700,0.5,1
0,4,10287,2,10,5,0,666,0.42,420,0.58,1
0,5,388,1,0,300,0.5,572,0.32,486,0.18,1
0,6,10652,0,0,500,0.6,1000,0.2,1400,0.2,1
0,7,12240,1,0,300,0.5,1700,0.5,1
0,8,12562,2,10,5,0,500,0.6,1000,0.2,1400,0.2,1
0,9,925,2,10,5,0,300,0.5,572,0.32,486,0.18,1
0,10,10076,0,0,300,0.5,572,0.32,486,0.18,1
0,11,8484,2,10,5,0,300,0.5,1700,0.5,1
1,0,14652,2,10,5,0,300,0.5,1700,0.5,1
1,1,4776,2,10,5,0,300,0.5,572,0.32,486,0.18,1
1,2,2863,1,0,500,0.6,1000,0.2,1400,0.2,0
1,3,12590,1,0,300,0.5,572,0.32,486,0.18,1
1,4,6603,1,0,300,0.5,1700,0.5,1
1,5,3050,0,0,666,0.42,420,0.58,1
1,6,2873,1,0,300,0.5,572,0.32,486,0.18,1
1,7,6824,2,10,5,0,300,0.5,572,0.32,486,0.18,1
1,8,13939,1,0,500,0.6,1000,0.2,1400,0.2,1
1,9,12530,1,0,500,0.6,1000,0.2,1400,0.2,1
1,10,1755,1,0,300,0.5,572,0.32,486,0.18,1
1,11,6154,2,10,5,0,500,0.6,1000,0.2,1400,0.2,1
2,0,1019,2,10,5,0,300,0.5,572,0.32,486,0.18,1
2,1,1662,1,0,300,0.5,572,0.32,486,0.18,1
2,2,13413,0,0,300,0.5,1700,0.5,1
2,3,10344,0,0,300,0.5,1700,0.5,1
2,4,8930,2,10,5,0,300,0.5,1700,0.5,1
2,5,1585,1,0,666,0.42,420,0.58,1
2,6,14124,2,10,5,0,300,0.5,1700,0.5,1
2,7,5603,2,10,5,0,666,0.42,420,0.58,1
2,8,8327,1,0,500,0.6,1000,0.2,1400,0.2,1
2,9,1212,1,0,300,0.5,1700,0.5,1
2,10,980,2,10,5,0,666,0.42,420,0.58,1
2,11,11497,2,10,5,0,666,0.42,420,0.58,1
3,0,8478,2,10,5,0,666,0.42,420,0.58,1
3,1,329,0,0,300,0.5,572,0.32,486,0.18,1
3,2,1354,1,0,300,0.5,572,0.32,486,0.18,1
3,3,4854,1,0,666,0.42,420,0.58,1
3,4,5906,1,0,666,0.42,420,0.58,1
3,5,1938,2,10,5,0,300,0.5,1700,0.5,1
3,6,10344,0,0,500,0.6,1000,0.2,1400,0.2,1
3,7,14208,1,0,500,0.6,1000,0.2,1400,0.2,1
3,8,7880,1,0,666,0.42,420,0.58,1
3,9,10268,2,10,5,0,300,0.5,572,0.32,486,0.18,1
3,10,5086,1,0,300,0.5,572,0.32,486,0.18,1
3,11,3395,1,0,666,0.42,420,0.58,1
4,0,9170,0,0,666,0.42,420,0.58,1
4,1,11493,2,10,5,0,500,0.6,1000,0.2,1400,0.2,1
4,2,627,1,0,666,0.42,420,0.58,1
4,3,10002,0,0,300,0.5,1700,0.5,1
4,4,10056,2,10,5,0,300,0.5,572,0.32,486,0.18,1
4,5,13785,1,0,666,0.42,420,0.58,1
4,6,4540,2,10,5,0,300,0.5,572,0.32,486,0.18,1
4,7,9011,2,10,5,0,500,0.6,1000,0.2,1400,0.2,1
4,8,7016,1,0,300,0.5,572,0.32,486,0.18,1
4,9,3494,0,0,300,0.5,1700,0.5,1
4,10,11573,2,10,5,0,500,0.6,1000,0.2,1400,0.2,1
4,11,12438,2,10,5,0,300,0.5,1700,0.5,1
5,0,7297,0,0,500,0.6,1000,0.2,1400,0.2,1
5,1,3144,2,10,5,0,300,0.5,1700,0.5,1
5,2,5933,1,0,500,0.6,1000,0.2,1400,0.2,1
5,3,11330,1,0,500,0.6,1000,0.2,1400,0.2,1
5,4,1667,0,0,500,0.6,1000,0.2,1400,0.2,1
5,5,12433,2,10,5,0,300,0.5,1700,0.5,1
5,6,4891,2,10,5,0,300,0.5,1700,0.5,1
5,7,4761,1,0,300,0.5,572,0.32,486,0.18,1
5,8,5687,1,0,300,0.5,572,0.32,486,0.18,1
5,9,5597,0,0,300,0.5,1700,0.5,1
5,10,14901,1,0,300,0.5,572,0.32,486,0.18,1
5,11,7995,1,0,666,0.42,420,0.58,1
6,0,320,2,10,5,0,666,0.42,420,0.58,1
6,1,900,0,0,666,0.42,420,0.58,1
6,2,13670,1,0,666,0.42,420,0.58,1
6,3,7433,1,0,666,0.42,420,0.58,1
6,4,11714,2,10,5,0,500,0.6,1000,0.2,1400,0.2,1
6,5,9100,2,10,5,0,300,0.5,572,0.32,486,0.18,1
6,6,12439,2,10,5,0,666,0.42,420,0.58,1
6,7,3957,0,0,300,0.5,1700,0.5,1
6,8,12803,2,10,5,0,300,0.5,572,0.32,486,0.18,1
6,9,10747,0,0,300,0.5,1700,0.5,1
6,10,9786,2,10,5,0,300,0.5,1700,0.5,1
6,11,13604,0,0,300,0.5,572,0.32,486,0.18,1
7,0,9499,0,0,300,0.5,572,0.32,486,0.18,1
7,1,8039,1,0,300,0.5,572,0.32,486,0.18,1
7,2,14136,1,0,500,0.6,1000,0.2,1400,0.2,1
7,3,3986,2,10,5,0,300,0.5,572,0.32,486,0.18,1
7,4,2649,0,0,300,0.5,1700,0.5,1
7,5,1477,1,0,300,0.5,572,0.32,486,0.18,1
7,6,3070,0,0,500,0.6,1000,0.2,1400,0.2,1
7,7,12607,1,0,300,0.5,1700,0.5,1
7,8,10063,2,10,5,0,300,0.5,1700,0.5,1
7,9,4172,0,0,666,0.42,420,0.58,1
7,10,1506,1,0,300,0.5,572,0.32,486,0.18,1
7,11,7347,1,0,666,0.42,420,0.58,1
8,0,7694,1,0,300,0.5,1700,0.5,1
8,1,3770,1,0,300,0.5,572,0.32,486,0.18,1
8,2,13955,1,0,300,0.5,1700,0.5,1
8,3,4138,1,0,300,0.5,572,0.32,486,0.18,1
8,4,1254,2,10,5,0,500,0.6,1000,0.2,1400,0.2,1
8,5,3248,2,10,5,0,300,0.5,1700,0.5,1
8,6,11164,1,0,300,0.5,572,0.32,486,0.18,1
8,7,6530,1,0,300,0.5,572,0.32,486,0.18,1
8,8,8140,0,0,500,0.6,1000,0.2,1400,0.2,1
8,9,12509,0,0,500,0.6,1000,0.2,1400,0.2,1
8,10,1318,1,0,666,0.42,420,0.58,1
8,11,2086,1,0,666,0.42,420,0.58,1
9,0,2209,2,10,5,0,300,0.5,1700,0.5,1
9,1,4480,0,0,300,0.5,1700,0.5,1
9,2,9566,0,0,500,0.6,1000,0.2,1400,0.2,1
9,3,9022,1,0,500,0.6,1000,0.2,1400,0.2,1
9,4,10261,2,10,5,0,300,0.5,1700,0.5,1
9,5,7229,2,10,5,0,300,0.5,572,0.32,486,0.18,1
9,6,7165,2,10,5,0,300,0.5,572,0.32,486,0.18,1
9,7,4971,1,0,666,0.42,420,0.58,1
9,8,7683,0,0,666,0.42,420,0.58,1
9,9,10007,2,10,5,0,500,0.6,1000,0.2,1400,0.2,1
9,10,14599,1,0,300,0.5,572,0.32,486,0.18,1
9,11,5043,2,10,5,0,300,0.5,1700,0.5,1
10,0,2412,1,0,666,0.42,420,0.58,1
10,1,8647,0,0,500,0.6,1000,0.2,1400,0.2,1
10,2,14607,0,0,500,0.6,1000,0.2,1400,0.2,1
10,3,11140,2,10,5,0,666,0.42,420,0.58,1
10,4,2403,1,0,500,0.6,1000,0.2,1400,0.2,1
10,5,3804,1,0,500,0.6,1000,0.2,1400,0.2,1
10,6,14918,2,10,5,0,500,0.6,1000,0.2,1400,0.2,1
10,7,11320,1,0,500,0.6,1000,0.2,1400,0.2,1
10,8,8965,0,0,300,0.5,1700,0.5,1
10,9,7206,2,10,5,0,666,0.42,420,0.58,1
10,10,1238,0,0,300,0.5,572,0.32,486,0.18,1
10,11,478,2,10,5,0,300,0.5,572,0.32,486,0.18,1
11,0,4775,2,10,5,0,300,0.5,1700,0.5,1
11,1,193,1,0,500,0.6,1000,0.2,1400,0.2,1
11,2,9454,2,10,5,0,300,0.5,1700,0.5,1
11,3,8688,1,0,666,0.42,420,0.58,1
11,4,6734,0,0,300,0.5,572,0.32,486,0.18,1
11,5,12688,2,10,5,0,666,0.42,420,0.58,1
11,6,10322,1,0,300,0.5,1700,0.5,1
11,7,5207,1,0,500,0.6,1000,0.2,1400,0.2,1
11,8,5917,1,0,300,0.5,1700,0.5,1
11,9,6375,1,0,500,0.6,1000,0.2,1400,0.2,1
11,10,7035,1,0,300,0.5,572,0.32,486,0.18,1
11,11,14629,0,0,300,0.5,572,0.32,486,0.18,1
