0,0,7466,2,10,5,0,500,0.6,1000,0.2,1400,0.2,1
0,1,6534,2,10,5,0,300,0.5,1700,0.5,1
0,2,1433,2,10,5,0,666,0.42,420,0.58,1
0,3,5007,2,10,5,0,666,0.42,420,0.58,1
0,4,9604,2,10,5,0,300,0.5,1700,0.5,1
0,5,10278,0,0,500,0.6,1000,0.2,1400,0.2,1
0,6,2256,2,10,5,0,300,0.5,572,0.32,486,0.18,1
0,7,9083,0,0,300,0.5,572,0.32,486,0.18,1
0,8,8964,1,0,500,0.6,1000,0.2,1400,0.2,1
0,9,1788,1,0,500,0.6,1000,0.2,1400,0.2,1
0,10,12326,2,10,5,0,666,0.42,420,0.58,1
0,11,3626,0,0,666,0.42,420,0.58,1
1,0,7875,1,0,500,0.6,1000,0.2,1400,0.2,1
1,1,5786,0,0,500,0.6,1000,0.2,1400,0.2,1
1,2,12596,0,0,300,0.5,572,0.32,486,0.18,0
1,3,382,2,10,5,0,300,0.5,572,0.32,486,0.18,1
1,4,4240,2,10,5,0,300,0.5,572,0.32,486,0.18,1
1,5,10159,2,10,5,0,300,0.5,572,0.32,486,0.18,1
1,6,9583,0,0,666,0.42,420,0.58,1
1,7,4300,1,0,666,0.42,420,0.58,1
1,8,9417,2,10,5,0,300,0.5,1700,0.5,1
1,9,3151,0,0,300,0.5,1700,0.5,1
1,10,10663,2,10,5,0,300,0.5,572,0.32,486,0.18,1
1,11,8384,1,0,666,0.42,420,0.58,1
2,0,3330,2,10,5,0,500,0.6,1000,0.2,1400,0.2,1
2,1,3975,0,0,300,0.5,572,0.32,486,0.18,1
2,2,244,1,0,666,0.42,420,0.58,1
2,3,13469,2,10,5,0,666,0.42,420,0.58,1
2,4,5128,1,0,300,0.5,572,0.32,486,0.18,1
2,5,8714,2,10,5,0,300,0.5,1700,0.5,1
2,6,14096,1,0,300,0.5,572,0.32,486,0.18,1
2,7,11804,1,0,300,0.5,572,0.32,486,0.18,1
2,8,9493,2,10,5,0,666,0.42,420,0.58,1
2,9,8021,2,10,5,0,500,0.6,1000,0.2,1400,0.2,1
2,10,8543,1,0,300,0.5,1700,0.5,1
2,11,12910,1,0,300,0.5,1700,0.5,1
3,0,3462,1,0,300,0.5,572,0.32,486,0.18,1
3,1,8227,1,0,300,0.5,1700,0.5,1
3,2,1356,0,0,300,0.5,572,0.32,486,0.18,1
3,3,553,1,0,500,0.6,1000,0.2,1400,0.2,1
3,4,14707,1,0,666,0.42,420,0.58,1
3,5,6517,2,10,5,0,666,0.42,420,0.58,1
3,6,12239,1,0,500,0.6,1000,0.2,1400,0.2,1
3,7,14229,2,10,5,0,666,0.42,420,0.58,1
3,8,1840,2,10,5,0,300,0.5,572,0.32,486,0.18,1
3,9,5338,2,10,5,0,500,0.6,1000,0.2,1400,0.2,1
3,10,13993,2,10,5,0,666,0.42,420,0.58,1
3,11,3542,0,0,300,0.5,1700,0.5,1
4,0,7317,0,0,300,0.5,572,0.32,486,0.18,1
4,1,5180,1,0,500,0.6,1000,0.2,1400,0.2,1
4,2,12841,1,0,300,0.5,572,0.32,486,0.18,1
4,3,4089,1,0,300,0.5,572,0.32,486,0.18,1
4,4,12654,2,10,5,0,300,0.5,1700,0.5,1
4,5,567,0,0,300,0.5,572,0.32,486,0.18,1
4,6,10107,1,0,500,0.6,1000,0.2,1400,0.2,1
4,7,3581,0,0,300,0.5,572,0.32,486,0.18,1
4,8,2373,1,0,666,0.42,420,0.58,1
4,9,12408,1,0,300,0.5,1700,0.5,1
4,10,8450,1,0,500,0.6,1000,0.2,1400,0.2,1
4,11,8965,0,0,300,0.5,572,0.32,486,0.18,1
5,0,10186,0,0,300,0.5,572,0.32,486,0.18,1
5,1,8826,0,0,666,0.42,420,0.58,1
5,2,11287,1,0,500,0.6,1000,0.2,1400,0.2,1
5,3,3692,0,0,300,0.5,1700,0.5,1
5,4,8825,2,10,5,0,300,0.5,1700,0.5,1
5,5,8641,2,10,5,0,300,0.5,1700,0.5,1
5,6,14151,2,10,5,0,300,0.5,572,0.32,486,0.18,1
5,7,1311,2,10,5,0,666,0.42,420,0.58,1
5,8,922,1,0,666,0.42,420,0.58,1
5,9,1137,0,0,300,0.5,572,0.32,486,0.18,1
5,10,11308,1,0,500,0.6,1000,0.2,1400,0.2,1
5,11,10911,2,10,5,0,500,0.6,1000,0.2,1400,0.2,1
6,0,783,2,10,5,0,666,0.42,420,0.58,1
6,1,7766,2,10,5,0,300,0.5,1700,0.5,1
6,2,10610,0,0,500,0.6,1000,0.2,1400,0.2,1
6,3,7336,2,10,5,0,300,0.5,1700,0.5,1
6,4,10987,2,10,5,0,300,0.5,572,0.32,486,0.18,1
6,5,4777,0,0,300,0.5,572,0.32,486,0.18,1
6,6,13364,0,0,666,0.42,420,0.58,1
6,7,8680,0,0,666,0.42,420,0.58,1
6,8,12450,0,0,300,0.5,1700,0.5,1
6,9,13031,2,10,5,0,300,0.5,572,0.32,486,0.18,1
6,10,3616,2,10,5,0,666,0.42,420,0.58,1
6,11,3620,0,0,666,0.42,420,0.58,1
7,0,3313,1,0,666,0.42,420,0.58,1
7,1,1107,1,0,300,0.5,572,0.32,486,0.18,1
7,2,6597,2,10,5,0,666,0.42,420,0.58,1
7,3,13414,1,0,666,0.42,420,0.58,1
7,4,8434,2,10,5,0,300,0.5,572,0.32,486,0.18,1
7,5,12998,0,0,666,0.42,420,0.58,1
7,6,13956,0,0,500,0.6,1000,0.2,1400,0.2,1
7,7,6855,2,10,5,0,500,0.6,1000,0.2,1400,0.2,1
7,8,7222,1,0,300,0.5,1700,0.5,1
7,9,4808,2,10,5,0,300,0.5,572,0.32,486,0.18,1
7,10,12392,0,0,500,0.6,1000,0.2,1400,0.2,1
7,11,7434,2,10,5,0,500,0.6,1000,0.2,1400,0.2,1
8,0,9026,1,0,300,0.5,1700,0.5,1
8,1,4547,0,0,300,0.5,1700,0.5,1
8,2,13833,0,0,300,0.5,572,0.32,486,0.18,1
8,3,1724,0,0,300,0.5,1700,0.5,1
8,4,9161,1,0,300,0.5,572,0.32,486,0.18,1
8,5,13599,2,10,5,0,500,0.6,1000,0.2,1400,0.2,1
8,6,5155,0,0,666,0.42,420,0.58,1
8,7,13167,2,10,5,0,300,0.5,572,0.32,486,0.18,1
8,8,10410,0,0,666,0.42,420,0.58,1
8,9,3795,2,10,5,0,300,0.5,572,0.32,486,0.18,1
8,10,3977,0,0,300,0.5,1700,0.5,1
8,11,568,2,10,5,0,500,0.6,1000,0.2,1400,0.2,1
9,0,11338,1,0,300,0.5,1700,0.5,1
9,1,11097,2,10,5,0,666,0.42,420,0.58,1
9,2,6703,1,0,300,0.5,1700,0.5,1
9,3,1255,0,0,666,0.42,420,0.58,1
9,4,1872,1,0,500,0.6,1000,0.2,1400,0.2,1
9,5,171,2,10,5,0,666,0.42,420,0.58,1
9,6,13755,2,10,5,0,666,0.42,420,0.58,1
9,7,9759,0,0,500,0.6,1000,0.2,1400,0.2,1
9,8,8778,1,0,666,0.42,420,0.58,1
9,9,11760,1,0,666,0.42,420,0.58,1
9,10,6358,0,0,300,0.5,1700,0.5,1
9,11,5868,1,0,500,0.6,1000,0.2,1400,0.2,1
10,0,2285,0,0,500,0.6,1000,0.2,1400,0.2,1
10,1,12392,2,10,5,0,300,0.5,1700,0.5,1
10,2,13099,1,0,666,0.42,420,0.58,1
10,3,14330,2,10,5,0,300,0.5,1700,0.5,1
10,4,14316,2,10,5,0,300,0.5,572,0.32,486,0.18,1
10,5,8466,0,0,300,0.5,1700,0.5,1
10,6,5128,0,0,666,0.42,420,0.58,1
10,7,10687,1,0,500,0.6,1000,0.2,1400,0.2,1
10,8,6815,1,0,500,0.6,1000,0.2,1400,0.2,1
10,9,14454,2,10,5,0,300,0.5,1700,0.5,1
10,10,11443,2,10,5,0,666,0.42,420,0.58,1
10,11,14969,2,10,5,0,666,0.42,420,0.58,1
11,0,13580,2,10,5,0,300,0.5,1700,0.5,1
11,1,14072,1,0,300,0.5,572,0.32,486,0.18,1
11,2,5791,0,0,500,0.6,1000,0.2,1400,0.2,1
11,3,2940,0,0,500,0.6,1000,0.2,1400,0.2,1
11,4,1398,1,0,300,0.5,572,0.32,486,0.18,1
11,5,8833,0,0,666,0.42,420,0.58,1
11,6,13550,1,0,300,0.5,572,0.32,486,0.18,1
11,7,10457,1,0,666,0.42,420,0.58,1
11,8,1458,2,10,5,0,300,0.5,572,0.32,486,0.18,1
11,9,2716,0,0,500,0.6,1000,0.2,1400,0.2,1
11,10,13966,1,0,300,0.5,572,0.32,486,0.18,1
11,11,10808,2,10,5,0,300,0.5,572,0.32,486,0.18,1
