0,0,3332,2,10,5,0,500,0.6,1000,0.2,1400,0.2,1
0,1,6013,0,0,666,0.42,420,0.58,1
0,2,1643,0,0,500,0.6,1000,0.2,1400,0.2,1
0,3,14795,1,0,666,0.42,420,0.58,1
0,4,10995,0,0,300,0.5,572,0.32,486,0.18,1
0,5,382,2,10,5,0,300,0.5,1700,0.5,1
0,6,13064,0,0,300,0.5,1700,0.5,1
0,7,9095,2,10,5,0,300,0.5,572,0.32,486,0.18,1
0,8,7412,1,0,500,0.6,1000,0.2,1400,0.2,1
0,9,5047,2,10,5,0,300,0.5,1700,0.5,1
0,10,2986,2,10,5,0,300,0.5,572,0.32,486,0.18,1
0,11,3199,0,0,300,0.5,572,0.32,486,0.18,1
1,0,1968,2,10,5,0,666,0.42,420,0.58,1
1,1,7646,1,0,300,0.5,1700,0.5,1
1,2,2894,0,0,300,0.5,1700,0.5,0
1,3,10892,1,0,666,0.42,420,0.58,1
1,4,7443,2,10,5,0,300,0.5,572,0.32,486,0.18,1
1,5,1531,1,0,666,0.42,420,0.58,1
1,6,2619,0,0,500,0.6,1000,0.2,1400,0.2,1
1,7,4310,1,0,500,0.6,1000,0.2,1400,0.2,1
1,8,172,0,0,300,0.5,1700,0.5,1
1,9,7788,2,10,5,0,300,0.5,1700,0.5,1
1,10,14105,1,0,666,0.42,420,0.58,1
1,11,2986,1,0,666,0.42,420,0.58,1
2,0,13630,1,0,500,0.6,1000,0.2,1400,0.2,1
2,1,10523,1,0,300,0.5,572,0.32,486,0.18,1
2,2,7278,1,0,666,0.42,420,0.58,1
2,3,1155,1,0,666,0.42,420,0.58,1
2,4,14034,2,10,5,0,300,0.5,572,0.32,486,0.18,1
2,5,3746,1,0,500,0.6,1000,0.2,1400,0.2,1
2,6,328,0,0,500,0.6,1000,0.2,1400,0.2,1
2,7,3967,0,0,300,0.5,1700,0.5,1
2,8,10150,2,10,5,0,300,0.5,572,0.32,486,0.18,1
2,9,3480,2,10,5,0,300,0.5,572,0.32,486,0.18,1
2,10,12913,0,0,300,0.5,572,0.32,486,0.18,1
2,11,2758,0,0,300,0.5,572,0.32,486,0.18,1
3,0,1010,1,0,300,0.5,572,0.32,486,0.18,1
3,1,5380,0,0,300,0.5,572,0.32,486,0.18,1
3,2,8302,1,0,500,0.6,1000,0.2,1400,0.2,1
3,3,10082,1,0,300,0.5,572,0.32,486,0.18,1
3,4,12029,0,0,500,0.6,1000,0.2,1400,0.2,1
3,5,12761,2,10,5,0,300,0.5,1700,0.5,1
3,6,13218,0,0,666,0.42,420,0.58,1
3,7,4525,0,0,666,0.42,420,0.58,1
3,8,7712,2,10,5,0,300,0.5,1700,0.5,1
3,9,1485,0,0,300,0.5,1700,0.5,1
3,10,13697,2,10,5,0,666,0.42,420,0.58,1
3,11,7070,2,10,5,0,500,0.6,1000,0.2,1400,0.2,1
4,0,11003,1,0,300,0.5,1700,0.5,1
4,1,13721,2,10,5,0,500,0.6,1000,0.2,1400,0.2,1
4,2,11907,2,10,5,0,300,0.5,1700,0.5,1
4,3,8933,0,0,300,0.5,1700,0.5,1
4,4,13543,1,0,300,0.5,572,0.32,486,0.18,1
4,5,14217,1,0,666,0.42,420,0.58,1
4,6,150,1,0,300,0.5,1700,0.5,1
4,7,10289,1,0,500,0.6,1000,0.2,1400,0.2,1
4,8,12725,1,0,500,0.6,1000,0.2,1400,0.2,1
4,9,6572,1,0,300,0.5,572,0.32,486,0.18,1
4,10,10066,0,0,300,0.5,572,0.32,486,0.18,1
4,11,615,0,0,300,0.5,1700,0.5,1
5,0,8407,0,0,300,0.5,1700,0.5,1
5,1,572,1,0,666,0.42,420,0.58,1
5,2,8414,2,10,5,0,500,0.6,1000,0.2,1400,0.2,1
5,3,12682,1,0,300,0.5,572,0.32,486,0.18,1
5,4,294,0,0,500,0.6,1000,0.2,1400,0.2,1
5,5,1492,2,10,5,0,500,0.6,1000,0.2,1400,0.2,1
5,6,6438,1,0,300,0.5,572,0.32,486,0.18,1
5,7,6555,0,0,300,0.5,572,0.32,486,0.18,1
5,8,6357,1,0,300,0.5,572,0.32,486,0.18,1
5,9,2039,1,0,500,0.6,1000,0.2,1400,0.2,1
5,10,13383,2,10,5,0,300,0.5,1700,0.5,1
5,11,9246,1,0,500,0.6,1000,0.2,1400,0.2,1
6,0,5903,1,0,300,0.5,572,0.32,486,0.18,1
6,1,13262,0,0,300,0.5,1700,0.5,1
6,2,11108,1,0,500,0.6,1000,0.2,1400,0.2,1
6,3,2241,2,10,5,0,666,0.42,420,0.58,1
6,4,3333,2,10,5,0,500,0.6,1000,0.2,1400,0.2,1
6,5,14515,2,10,5,0,300,0.5,572,0.32,486,0.18,1
6,6,10042,2,10,5,0,666,0.42,420,0.58,1
6,7,14931,0,0,500,0.6,1000,0.2,1400,0.2,1
6,8,13667,2,10,5,0,300,0.5,572,0.32,486,0.18,1
6,9,14786,1,0,300,0.5,572,0.32,486,0.18,1
6,10,13587,0,0,300,0.5,1700,0.5,1
6,11,3296,0,0,666,0.42,420,0.58,1
7,0,5873,1,0,300,0.5,1700,0.5,1
7,1,3016,0,0,500,0.6,1000,0.2,1400,0.2,1
7,2,12673,1,0,300,0.5,1700,0.5,1
7,3,9193,0,0,300,0.5,572,0.32,486,0.18,1
7,4,13120,0,0,300,0.5,1700,0.5,1
7,5,12295,2,10,5,0,666,0.42,420,0.58,1
7,6,1720,0,0,666,0.42,420,0.58,1
7,7,2830,1,0,500,0.6,1000,0.2,1400,0.2,1
7,8,12543,0,0,300,0.5,1700,0.5,1
7,9,2450,1,0,500,0.6,1000,0.2,1400,0.2,1
7,10,6856,0,0,500,0.6,1000,0.2,1400,0.2,1
7,11,13843,2,10,5,0,300,0.5,572,0.32,486,0.18,1
8,0,10956,1,0,500,0.6,1000,0.2,1400,0.2,1
8,1,13962,0,0,500,0.6,1000,0.2,1400,0.2,1
8,2,6710,0,0,500,0.6,1000,0.2,1400,0.2,1
8,3,7124,2,10,5,0,300,0.5,572,0.32,486,0.18,1
8,4,4280,1,0,666,0.42,420,0.58,1
8,5,3388,1,0,666,0.42,420,0.58,1
8,6,2402,2,10,5,0,666,0.42,420,0.58,1
8,7,3985,2,10,5,0,300,0.5,1700,0.5,1
8,8,3872,0,0,500,0.6,1000,0.2,1400,0.2,1
8,9,5946,1,0,500,0.6,1000,0.2,1400,0.2,1
8,10,3508,2,10,5,0,300,0.5,1700,0.5,1
8,11,3241,1,0,300,0.5,1700,0.5,1
9,0,3749,1,0,666,0.42,420,0.58,1
9,1,4050,2,10,5,0,500,0.6,1000,0.2,1400,0.2,1
9,2,617,0,0,666,0.42,420,0.58,1
9,3,6426,1,0,500,0.6,1000,0.2,1400,0.2,1
9,4,2808,1,0,666,0.42,420,0.58,1
9,5,4266,2,10,5,0,300,0.5,572,0.32,486,0.18,1
9,6,2290,2,10,5,0,300,0.5,1700,0.5,1
9,7,5990,0,0,666,0.42,420,0.58,1
9,8,13434,0,0,300,0.5,572,0.32,486,0.18,1
9,9,6889,0,0,500,0.6,1000,0.2,1400,0.2,1
9,10,8813,1,0,666,0.42,420,0.58,1
9,11,16,0,0,666,0.42,420,0.58,1
10,0,7784,1,0,666,0.42,420,0.58,1
10,1,14208,1,0,666,0.42,420,0.58,1
10,2,14742,2,10,5,0,300,0.5,1700,0.5,1
10,3,6816,1,0,300,0.5,1700,0.5,1
10,4,8936,1,0,500,0.6,1000,0.2,1400,0.2,1
10,5,1268,0,0,300,0.5,1700,0.5,1
10,6,12350,2,10,5,0,500,0.6,1000,0.2,1400,0.2,1
10,7,13777,0,0,300,0.5,1700,0.5,1
10,8,13912,0,0,300,0.5,572,0.32,486,0.18,1
10,9,7688,2,10,5,0,300,0.5,1700,0.5,1
10,10,6597,1,0,666,0.42,420,0.58,1
10,11,8834,2,10,5,0,500,0.6,1000,0.2,1400,0.2,1
11,0,11575,0,0,666,0.42,420,0.58,1
11,1,10694,1,0,300,0.5,572,0.32,486,0.18,1
11,2,352,2,10,5,0,500,0.6,1000,0.2,1400,0.2,1
11,3,5612,0,0,300,0.5,572,0.32,486,0.18,1
11,4,6786,1,0,666,0.42,420,0.58,1
11,5,8247,2,10,5,0,300,0.5,572,0.32,486,0.18,1
11,6,12340,0,0,666,0.42,420,0.58,1
11,7,9392,1,0,300,0.5,572,0.32,486,0.18,1
11,8,2822,1,0,500,0.6,1000,0.2,1400,0.2,1
11,9,841,1,0,666,0.42,420,0.58,1
11,10,1296,2,10,5,0,666,0.42,420,0.58,1
11,11,1441,0,0,300,0.5,572,0.32,486,0.18,1
