0,0,8771,0,0,666,0.42,420,0.58,1
0,1,11460,2,10,5,0,666,0.42,420,0.58,1
0,2,5268,2,10,5,0,500,0.6,1000,0.2,1400,0.2,1
0,3,159,1,0,666,0.42,420,0.58,1
0,4,9880,1,0,500,0.6,1000,0.2,1400,0.2,1
0,5,2348,1,0,300,0.5,572,0.32,486,0.18,1
0,6,10672,2,10,5,0,666,0.42,420,0.58,1
0,7,13949,2,10,5,0,300,0.5,572,0.32,486,0.18,1
0,8,2692,1,0,666,0.42,420,0.58,1
0,9,193,2,10,5,0,666,0.42,420,0.58,1
0,10,14149,0,0,300,0.5,572,0.32,486,0.18,1
0,11,10921,0,0,300,0.5,1700,0.5,1
1,0,13313,0,0,500,0.6,1000,0.2,1400,0.2,1
1,1,4805,0,0,300,0.5,1700,0.5,1
1,2,6038,1,0,500,0.6,1000,0.2,1400,0.2,0
1,3,397,0,0,300,0.5,1700,0.5,1
1,4,9638,0,0,500,0.6,1000,0.2,1400,0.2,1
1,5,14701,0,0,666,0.42,420,0.58,1
1,6,11730,0,0,300,0.5,572,0.32,486,0.18,1
1,7,3796,2,10,5,0,500,0.6,1000,0.2,1400,0.2,1
1,8,11500,0,0,300,0.5,572,0.32,486,0.18,1
1,9,7420,1,0,300,0.5,1700,0.5,1
1,10,13130,1,0,500,0.6,1000,0.2,1400,0.2,1
1,11,1152,1,0,300,0.5,1700,0.5,1
2,0,8414,1,0,300,0.5,572,0.32,486,0.18,1
2,1,11520,1,0,300,0.5,1700,0.5,1
2,2,3907,0,0,666,0.42,420,0.58,1
2,3,22,2,10,5,0,666,0.42,420,0.58,1
2,4,497,0,0,300,0.5,572,0.32,486,0.18,1
2,5,5135,0,0,300,0.5,572,0.32,486,0.18,1
2,6,1603,2,10,5,0,500,0.6,1000,0.2,1400,0.2,1
2,7,486,1,0,300,0.5,1700,0.5,1
2,8,11821,1,0,666,0.42,420,0.58,1
2,9,6404,0,0,300,0.5,572,0.32,486,0.18,1
2,10,493,2,10,5,0,666,0.42,420,0.58,1
2,11,6582,1,0,500,0.6,1000,0.2,1400,0.2,1
3,0,4823,0,0,300,0.5,1700,0.5,1
3,1,7261,1,0,500,0.6,1000,0.2,1400,0.2,1
3,2,5118,1,0,500,0.6,1000,0.2,1400,0.2,1
3,3,3440,1,0,300,0.5,1700,0.5,1
3,4,11180,1,0,300,0.5,572,0.32,486,0.18,1
3,5,11309,2,10,5,0,500,0.6,1000,0.2,1400,0.2,1
3,6,12887,1,0,500,0.6,1000,0.2,1400,0.2,1
3,7,13209,2,10,5,0,500,0.6,1000,0.2,1400,0.2,1
3,8,12345,1,0,666,0.42,420,0.58,1
3,9,3843,2,10,5,0,300,0.5,572,0.32,486,0.18,1
3,10,7798,2,10,5,0,500,0.6,1000,0.2,1400,0.2,1
3,11,13100,0,0,300,0.5,1700,0.5,1
4,0,7294,2,10,5,0,666,0.42,420,0.58,1
4,1,5089,2,10,5,0,300,0.5,1700,0.5,1
4,2,1857,0,0,500,0.6,1000,0.2,1400,0.2,1
4,3,271,1,0,666,0.42,420,0.58,1
4,4,1634,0,0,300,0.5,572,0.32,486,0.18,1
4,5,1955,2,10,5,0,300,0.5,572,0.32,486,0.18,1
4,6,3403,2,10,5,0,500,0.6,1000,0.2,1400,0.2,1
4,7,5193,2,10,5,0,300,0.5,1700,0.5,1
4,8,3784,0,0,300,0.5,572,0.32,486,0.18,1
4,9,5171,2,10,5,0,300,0.5,572,0.32,486,0.18,1
4,10,11812,1,0,500,0.6,1000,0.2,1400,0.2,1
4,11,8062,2,10,5,0,666,0.42,420,0.58,1
5,0,5059,1,0,666,0.42,420,0.58,1
5,1,5885,1,0,666,0.42,420,0.58,1
5,2,4486,1,0,500,0.6,1000,0.2,1400,0.2,1
5,3,6362,2,10,5,0,300,0.5,1700,0.5,1
5,4,11693,1,0,300,0.5,572,0.32,486,0.18,1
5,5,5366,0,0,666,0.42,420,0.58,1
5,6,8505,2,10,5,0,300,0.5,1700,0.5,1
5,7,13144,0,0,300,0.5,572,0.32,486,0.18,1
5,8,2717,1,0,500,0.6,1000,0.2,1400,0.2,1
5,9,7817,1,0,500,0.6,1000,0.2,1400,0.2,1
5,10,12703,1,0,300,0.5,572,0.32,486,0.18,1
5,11,12317,1,0,666,0.42,420,0.58,1
6,0,4781,2,10,5,0,300,0.5,1700,0.5,1
6,1,6685,2,10,5,0,666,0.42,420,0.58,1
6,2,10776,0,0,300,0.5,1700,0.5,1
6,3,6791,0,0,300,0.5,1700,0.5,1
6,4,2368,0,0,300,0.5,572,0.32,486,0.18,1
6,5,11918,0,0,300,0.5,1700,0.5,1
6,6,14838,1,0,300,0.5,572,0.32,486,0.18,1
6,7,6341,1,0,500,0.6,1000,0.2,1400,0.2,1
6,8,707,1,0,666,0.42,420,0.58,1
6,9,5094,2,10,5,0,666,0.42,420,0.58,1
6,10,5895,2,10,5,0,300,0.5,1700,0.5,1
6,11,14886,1,0,666,0.42,420,0.58,1
7,0,2874,1,0,300,0.5,572,0.32,486,0.18,1
7,1,14576,0,0,666,0.42,420,0.58,1
7,2,5643,1,0,666,0.42,420,0.58,1
7,3,8051,2,10,5,0,666,0.42,420,0.58,1
7,4,1249,1,0,666,0.42,420,0.58,1
7,5,14004,2,10,5,0,300,0.5,1700,0.5,1
7,6,178,0,0,300,0.5,572,0.32,486,0.18,1
7,7,11345,0,0,300,0.5,572,0.32,486,0.18,1
7,8,3175,0,0,666,0.42,420,0.58,1
7,9,8498,1,0,666,0.42,420,0.58,1
7,10,1988,2,10,5,0,300,0.5,572,0.32,486,0.18,1
7,11,7472,2,10,5,0,300,0.5,572,0.32,486,0.18,1
8,0,13690,0,0,300,0.5,572,0.32,486,0.18,1
8,1,2210,1,0,300,0.5,1700,0.5,1
8,2,11676,0,0,300,0.5,572,0.32,486,0.18,1
8,3,1157,0,0,300,0.5,1700,0.5,1
8,4,3064,1,0,300,0.5,1700,0.5,1
8,5,7522,1,0,666,0.42,420,0.58,1
8,6,13562,2,10,5,0,666,0.42,420,0.58,1
8,7,9444,1,0,300,0.5,1700,0.5,1
8,8,12102,1,0,300,0.5,1700,0.5,1
8,9,8764,0,0,300,0.5,1700,0.5,1
8,10,11698,2,10,5,0,300,0.5,572,0.32,486,0.18,1
8,11,11251,2,10,5,0,500,0.6,1000,0.2,1400,0.2,1
9,0,7138,2,10,5,0,500,0.6,1000,0.2,1400,0.2,1
9,1,13306,2,10,5,0,666,0.42,420,0.58,1
9,2,13729,0,0,666,0.42,420,0.58,1
9,3,6709,0,0,666,0.42,420,0.58,1
9,4,6565,0,0,300,0.5,1700,0.5,1
9,5,8511,1,0,300,0.5,1700,0.5,1
9,6,3166,0,0,300,0.5,572,0.32,486,0.18,1
9,7,8240,0,0,300,0.5,572,0.32,486,0.18,1
9,8,8018,0,0,300,0.5,1700,0.5,1
9,9,8710,2,10,5,0,300,0.5,572,0.32,486,0.18,1
9,10,494,1,0,500,0.6,1000,0.2,1400,0.2,1
9,11,1946,2,10,5,0,300,0.5,572,0.32,486,0.18,1
10,0,12650,1,0,666,0.42,420,0.58,1
10,1,10788,2,10,5,0,300,0.5,1700,0.5,1
10,2,12657,2,10,5,0,300,0.5,572,0.32,486,0.18,1
10,3,4757,1,0,300,0.5,1700,0.5,1
10,4,10201,2,10,5,0,300,0.5,1700,0.5,1
10,5,14766,0,0,500,0.6,1000,0.2,1400,0.2,1
10,6,11844,2,10,5,0,300,0.5,1700,0.5,1
10,7,6469,0,0,500,0.6,1000,0.2,1400,0.2,1
10,8,1150,0,0,300,0.5,572,0.32,486,0.18,1
10,9,13295,0,0,666,0.42,420,0.58,1
10,10,8327,0,0,500,0.6,1000,0.2,1400,0.2,1
10,11,7142,0,0,300,0.5,572,0.32,486,0.18,1
11,0,13764,1,0,500,0.6,1000,0.2,1400,0.2,1
11,1,2077,2,10,5,0,500,0.6,1000,0.2,1400,0.2,1
11,2,10002,2,10,5,0,500,0.6,1000,0.2,1400,0.2,1
11,3,9926,0,0,500,0.6,1000,0.2,1400,0.2,1
11,4,1782,1,0,666,0.42,420,0.58,1
11,5,13271,1,0,666,0.42,420,0.58,1
11,6,14080,0,0,500,0.6,1000,0.2,1400,0.2,1
11,7,8581,1,0,500,0.6,1000,0.2,1400,0.2,1
11,8,1881,2,10,5,0,666,0.42,420,0.58,1
11,9,9470,1,0,500,0.6,1000,0.2,1400,0.2,1
11,10,2292,1,0,500,0.6,1000,0.2,1400,0.2,1
11,11,7840,2,10,5,0,500,0.6,1000,0.2,1400,0.2,1
