0,0,13699,1,0,300,0.5,572,0.32,486,0.18,1
0,1,13885,0,0,300,0.5,572,0.32,486,0.18,1
0,2,14124,1,0,500,0.6,1000,0.2,1400,0.2,1
0,3,6766,1,0,300,0.5,572,0.32,486,0.18,1
0,4,12501,1,0,666,0.42,420,0.58,1
0,5,6267,1,0,500,0.6,1000,0.2,1400,0.2,1
0,6,11601,1,0,500,0.6,1000,0.2,1400,0.2,1
0,7,13387,0,0,500,0.6,1000,0.2,1400,0.2,1
0,8,13955,1,0,500,0.6,1000,0.2,1400,0.2,1
0,9,5183,0,0,300,0.5,572,0.32,486,0.18,1
0,10,10495,0,0,300,0.5,1700,0.5,1
0,11,10168,2,10,5,0,300,0.5,1700,0.5,1
1,0,2396,0,0,300,0.5,1700,0.5,1
1,1,1803,1,0,666,0.42,420,0.58,1
1,2,13481,0,0,300,0.5,1700,0.5,0
1,3,9481,0,0,300,0.5,1700,0.5,1
1,4,11478,1,0,500,0.6,1000,0.2,1400,0.2,1
1,5,10131,2,10,5,0,300,0.5,1700,0.5,1
1,6,12070,0,0,300,0.5,1700,0.5,1
1,7,1983,2,10,5,0,666,0.42,420,0.58,1
1,8,5577,2,10,5,0,300,0.5,572,0.32,486,0.18,1
1,9,826,0,0,300,0.5,572,0.32,486,0.18,1
1,10,13273,2,10,5,0,666,0.42,420,0.58,1
1,11,4160,1,0,300,0.5,572,0.32,486,0.18,1
2,0,2323,1,0,300,0.5,572,0.32,486,0.18,1
2,1,8989,0,0,300,0.5,1700,0.5,1
2,2,9886,2,10,5,0,300,0.5,572,0.32,486,0.18,1
2,3,13414,2,10,5,0,300,0.5,1700,0.5,1
2,4,3538,2,10,5,0,500,0.6,1000,0.2,1400,0.2,1
2,5,6438,0,0,500,0.6,1000,0.2,1400,0.2,1
2,6,6133,2,10,5,0,666,0.42,420,0.58,1
2,7,11035,2,10,5,0,300,0.5,1700,0.5,1
2,8,562,0,0,666,0.42,420,0.58,1
2,9,2272,1,0,300,0.5,572,0.32,486,0.18,1
2,10,6947,0,0,300,0.5,572,0.32,486,0.18,1
2,11,2017,0,0,300,0.5,1700,0.5,1
3,0,7874,1,0,500,0.6,1000,0.2,1400,0.2,1
3,1,9888,0,0,500,0.6,1000,0.2,1400,0.2,1
3,2,12433,0,0,300,0.5,1700,0.5,1
3,3,10328,2,10,5,0,300,0.5,1700,0.5,1
3,4,523,1,0,500,0.6,1000,0.2,1400,0.2,1
3,5,11599,1,0,300,0.5,572,0.32,486,0.18,1
3,6,8731,1,0,666,0.42,420,0.58,1
3,7,10757,1,0,500,0.6,1000,0.2,1400,0.2,1
3,8,12483,0,0,300,0.5,1700,0.5,1
3,9,7631,0,0,666,0.42,420,0.58,1
3,10,4298,0,0,666,0.42,420,0.58,1
3,11,1251,1,0,666,0.42,420,0.58,1
4,0,5691,1,0,500,0.6,1000,0.2,1400,0.2,1
4,1,5280,1,0,666,0.42,420,0.58,1
4,2,11417,2,10,5,0,300,0.5,1700,0.5,1
4,3,9539,2,10,5,0,666,0.42,420,0.58,1
4,4,543,1,0,300,0.5,572,0.32,486,0.18,1
4,5,6772,2,10,5,0,300,0.5,572,0.32,486,0.18,1
4,6,877,0,0,300,0.5,1700,0.5,1
4,7,13141,0,0,300,0.5,572,0.32,486,0.18,1
4,8,9743,1,0,300,0.5,1700,0.5,1
4,9,14347,1,0,666,0.42,420,0.58,1
4,10,12275,0,0,300,0.5,1700,0.5,1
4,11,1862,2,10,5,0,666,0.42,420,0.58,1
5,0,5266,0,0,666,0.42,420,0.58,1
5,1,8108,1,0,666,0.42,420,0.58,1
5,2,11019,0,0,500,0.6,1000,0.2,1400,0.2,1
5,3,471,2,10,5,0,300,0.5,572,0.32,486,0.18,1
5,4,8043,2,10,5,0,666,0.42,420,0.58,1
5,5,5933,1,0,666,0.42,420,0.58,1
5,6,7336,1,0,300,0.5,1700,0.5,1
5,7,36,0,0,300,0.5,1700,0.5,1
5,8,12225,1,0,300,0.5,1700,0.5,1
5,9,108,1,0,500,0.6,1000,0.2,1400,0.2,1
5,10,3632,2,10,5,0,666,0.42,420,0.58,1
5,11,819,0,0,500,0.6,1000,0.2,1400,0.2,1
6,0,584,0,0,300,0.5,1700,0.5,1
6,1,9404,1,0,300,0.5,572,0.32,486,0.18,1
6,2,5012,1,0,500,0.6,1000,0.2,1400,0.2,1
6,3,3240,0,0,300,0.5,1700,0.5,1
6,4,1020,0,0,300,0.5,1700,0.5,1
6,5,13455,1,0,666,0.42,420,0.58,1
6,6,2166,2,10,5,0,500,0.6,1000,0.2,1400,0.2,1
6,7,7123,0,0,500,0.6,1000,0.2,1400,0.2,1
6,8,4314,1,0,300,0.5,1700,0.5,1
6,9,11083,0,0,500,0.6,1000,0.2,1400,0.2,1
6,10,9729,1,0,666,0.42,420,0.58,1
6,11,8730,2,10,5,0,666,0.42,420,0.58,1
7,0,7171,0,0,300,0.5,572,0.32,486,0.18,1
7,1,1162,2,10,5,0,666,0.42,420,0.58,1
7,2,5048,2,10,5,0,666,0.42,420,0.58,1
7,3,2318,1,0,666,0.42,420,0.58,1
7,4,10767,0,0,300,0.5,1700,0.5,1
7,5,4888,1,0,300,0.5,1700,0.5,1
7,6,1806,1,0,666,0.42,420,0.58,1
7,7,3212,2,10,5,0,300,0.5,572,0.32,486,0.18,1
7,8,8455,1,0,500,0.6,1000,0.2,1400,0.2,1
7,9,1228,2,10,5,0,300,0.5,1700,0.5,1
7,10,9936,1,0,300,0.5,1700,0.5,1
7,11,10433,1,0,666,0.42,420,0.58,1
8,0,13666,2,10,5,0,300,0.5,572,0.32,486,0.18,1
8,1,12881,0,0,300,0.5,572,0.32,486,0.18,1
8,2,3930,2,10,5,0,666,0.42,420,0.58,1
8,3,7521,0,0,500,0.6,1000,0.2,1400,0.2,1
8,4,7334,1,0,500,0.6,1000,0.2,1400,0.2,1
8,5,5137,1,0,500,0.6,1000,0.2,1400,0.2,1
8,6,5531,2,10,5,0,300,0.5,1700,0.5,1
8,7,13419,0,0,300,0.5,572,0.32,486,0.18,1
8,8,6363,1,0,300,0.5,572,0.32,486,0.18,1
8,9,14111,2,10,5,0,500,0.6,1000,0.2,1400,0.2,1
8,10,716,1,0,300,0.5,572,0.32,486,0.18,1
8,11,11574,2,10,5,0,666,0.42,420,0.58,1
9,0,13409,1,0,300,0.5,1700,0.5,1
9,1,13506,2,10,5,0,300,0.5,572,0.32,486,0.18,1
9,2,14765,2,10,5,0,500,0.6,1000,0.2,1400,0.2,1
9,3,12529,1,0,500,0.6,1000,0.2,1400,0.2,1
9,4,6828,1,0,300,0.5,1700,0.5,1
9,5,6127,0,0,500,0.6,1000,0.2,1400,0.2,1
9,6,3605,2,10,5,0,300,0.5,1700,0.5,1
9,7,9688,0,0,300,0.5,572,0.32,486,0.18,1
9,8,1726,0,0,666,0.42,420,0.58,1
9,9,253,0,0,300,0.5,1700,0.5,1
9,10,2447,2,10,5,0,666,0.42,420,0.58,1
9,11,13205,1,0,300,0.5,572,0.32,486,0.18,1
10,0,6410,1,0,666,0.42,420,0.58,1
10,1,4367,1,0,300,0.5,572,0.32,486,0.18,1
10,2,12976,2,10,5,0,300,0.5,572,0.32,486,0.18,1
10,3,8597,2,10,5,0,666,0.42,420,0.58,1
10,4,8932,2,10,5,0,300,0.5,1700,0.5,1
10,5,7970,1,0,500,0.6,1000,0.2,1400,0.2,1
10,6,4665,2,10,5,0,300,0.5,572,0.32,486,0.18,1
10,7,1106,1,0,666,0.42,420,0.58,1
10,8,7885,1,0,300,0.5,1700,0.5,1
10,9,5218,0,0,300,0.5,1700,0.5,1
10,10,14877,2,10,5,0,300,0.5,572,0.32,486,0.18,1
10,11,3215,0,0,500,0.6,1000,0.2,1400,0.2,1
11,0,7550,0,0,500,0.6,1000,0.2,1400,0.2,1
11,1,2647,2,10,5,0,500,0.6,1000,0.2,1400,0.2,1
11,2,11200,1,0,666,0.42,420,0.58,1
11,3,300,0,0,300,0.5,572,0.32,486,0.18,1
11,4,1075,0,0,666,0.42,420,0.58,1
11,5,5445,2,10,5,0,666,0.42,420,0.58,1
11,6,14547,0,0,300,0.5,572,0.32,486,0.18,1
11,7,14703,1,0,500,0.6,1000,0.2,1400,0.2,1
11,8,4107,1,0,500,0.6,1000,0.2,1400,0.2,1
11,9,12619,2,10,5,0,300,0.5,572,0.32,486,0.18,1
11,10,6341,2,10,5,0,666,0.42,420,0.58,1
11,11,12802,1,0,300,0.5,572,0.32,486,0.18,1
