0,0,367,2,10,5,0,300,0.5,1700,0.5,1
0,1,11156,0,0,300,0.5,572,0.32,486,0.18,1
0,2,12300,0,0,300,0.5,1700,0.5,1
0,3,6829,0,0,300,0.5,572,0.32,486,0.18,1
0,4,11442,1,0,666,0.42,420,0.58,1
0,5,8268,1,0,300,0.5,572,0.32,486,0.18,1
0,6,11550,2,10,5,0,300,0.5,572,0.32,486,0.18,1
0,7,10116,1,0,300,0.5,572,0.32,486,0.18,1
0,8,10632,2,10,5,0,300,0.5,1700,0.5,1
0,9,6027,2,10,5,0,500,0.6,1000,0.2,1400,0.2,1
0,10,528,2,10,5,0,300,0.5,1700,0.5,1
0,11,13443,2,10,5,0,500,0.6,1000,0.2,1400,0.2,1
1,0,10347,2,10,5,0,300,0.5,572,0.32,486,0.18,1
1,1,7996,1,0,300,0.5,1700,0.5,1
1,2,716,1,0,666,0.42,420,0.58,0
1,3,2492,1,0,500,0.6,1000,0.2,1400,0.2,1
1,4,14885,2,10,5,0,300,0.5,1700,0.5,1
1,5,14872,0,0,500,0.6,1000,0.2,1400,0.2,1
1,6,7588,2,10,5,0,666,0.42,420,0.58,1
1,7,10692,0,0,500,0.6,1000,0.2,1400,0.2,1
1,8,11807,2,10,5,0,500,0.6,1000,0.2,1400,0.2,1
1,9,4573,2,10,5,0,500,0.6,1000,0.2,1400,0.2,1
1,10,2091,2,10,5,0,300,0.5,572,0.32,486,0.18,1
1,11,8580,1,0,666,0.42,420,0.58,1
2,0,9444,0,0,500,0.6,1000,0.2,1400,0.2,1
2,1,9890,2,10,5,0,500,0.6,1000,0.2,1400,0.2,1
2,2,7770,0,0,500,0.6,1000,0.2,1400,0.2,1
2,3,5582,2,10,5,0,300,0.5,572,0.32,486,0.18,1
2,4,6951,2,10,5,0,500,0.6,1000,0.2,1400,0.2,1
2,5,7219,0,0,666,0.42,420,0.58,1
2,6,10805,0,0,666,0.42,420,0.58,1
2,7,2423,2,10,5,0,300,0.5,1700,0.5,1
2,8,6647,2,10,5,0,500,0.6,1000,0.2,1400,0.2,1
2,9,12626,1,0,500,0.6,1000,0.2,1400,0.2,1
2,10,14935,2,10,5,0,666,0.42,420,0.58,1
2,11,14933,0,0,666,0.42,420,0.58,1
3,0,11081,2,10,5,0,300,0.5,1700,0.5,1
3,1,7438,2,10,5,0,500,0.6,1000,0.2,1400,0.2,1
3,2,7650,1,0,666,0.42,420,0.58,1
3,3,10124,2,10,5,0,300,0.5,572,0.32,486,0.18,1
3,4,2944,2,10,5,0,300,0.5,1700,0.5,1
3,5,13782,0,0,500,0.6,1000,0.2,1400,0.2,1
3,6,14965,1,0,300,0.5,572,0.32,486,0.18,1
3,7,1129,0,0,300,0.5,1700,0.5,1
3,8,2768,0,0,300,0.5,1700,0.5,1
3,9,10444,2,10,5,0,666,0.42,420,0.58,1
3,10,3437,2,10,5,0,500,0.6,1000,0.2,1400,0.2,1
3,11,8320,0,0,300,0.5,572,0.32,486,0.18,1
4,0,5512,2,10,5,0,500,0.6,1000,0.2,1400,0.2,1
4,1,1875,2,10,5,0,300,0.5,1700,0.5,1
4,2,6109,2,10,5,0,666,0.42,420,0.58,1
4,3,14591,1,0,500,0.6,1000,0.2,1400,0.2,1
4,4,5976,2,10,5,0,666,0.42,420,0.58,1
4,5,8689,1,0,666,0.42,420,0.58,1
4,6,788,2,10,5,0,666,0.42,420,0.58,1
4,7,7357,1,0,300,0.5,572,0.32,486,0.18,1
4,8,4091,0,0,300,0.5,1700,0.5,1
4,9,1531,0,0,500,0.6,1000,0.2,1400,0.2,1
4,10,3435,0,0,300,0.5,1700,0.5,1
4,11,7255,1,0,500,0.6,1000,0.2,1400,0.2,1
5,0,11888,2,10,5,0,500,0.6,1000,0.2,1400,0.2,1
5,1,775,1,0,300,0.5,572,0.32,486,0.18,1
5,2,2914,2,10,5,0,666,0.42,420,0.58,1
5,3,8216,2,10,5,0,300,0.5,1700,0.5,1
5,4,11275,1,0,300,0.5,1700,0.5,1
5,5,14573,0,0,300,0.5,1700,0.5,1
5,6,12165,1,0,300,0.5,1700,0.5,1
5,7,8304,1,0,666,0.42,420,0.58,1
5,8,8961,0,0,666,0.42,420,0.58,1
5,9,11562,1,0,300,0.5,1700,0.5,1
5,10,4928,0,0,666,0.42,420,0.58,1
5,11,5457,2,10,5,0,300,0.5,572,0.32,486,0.18,1
6,0,5623,0,0,500,0.6,1000,0.2,1400,0.2,1
6,1,13032,1,0,666,0.42,420,0.58,1
6,2,3038,1,0,500,0.6,1000,0.2,1400,0.2,1
6,3,184,2,10,5,0,500,0.6,1000,0.2,1400,0.2,1
6,4,13391,2,10,5,0,300,0.5,1700,0.5,1
6,5,3159,1,0,300,0.5,572,0.32,486,0.18,1
6,6,4461,1,0,666,0.42,420,0.58,1
6,7,6697,0,0,300,0.5,1700,0.5,1
6,8,7118,0,0,300,0.5,1700,0.5,1
6,9,3715,2,10,5,0,666,0.42,420,0.58,1
6,10,2565,2,10,5,0,300,0.5,572,0.32,486,0.18,1
6,11,6427,0,0,666,0.42,420,0.58,1
7,0,3563,2,10,5,0,500,0.6,1000,0.2,1400,0.2,1
7,1,6245,1,0,666,0.42,420,0.58,1
7,2,11169,0,0,300,0.5,572,0.32,486,0.18,1
7,3,4728,2,10,5,0,300,0.5,572,0.32,486,0.18,1
7,4,6236,1,0,300,0.5,572,0.32,486,0.18,1
7,5,5097,1,0,300,0.5,572,0.32,486,0.18,1
7,6,13448,0,0,666,0.42,420,0.58,1
7,7,7923,2,10,5,0,300,0.5,572,0.32,486,0.18,1
7,8,7787,0,0,500,0.6,1000,0.2,1400,0.2,1
7,9,495,1,0,500,0.6,1000,0.2,1400,0.2,1
7,10,3959,1,0,500,0.6,1000,0.2,1400,0.2,1
7,11,12616,0,0,300,0.5,1700,0.5,1
8,0,6741,0,0,300,0.5,1700,0.5,1
8,1,12601,2,10,5,0,300,0.5,572,0.32,486,0.18,1
8,2,5191,1,0,666,0.42,420,0.58,1
8,3,2495,1,0,500,0.6,1000,0.2,1400,0.2,1
8,4,10488,0,0,300,0.5,1700,0.5,1
8,5,9878,0,0,300,0.5,572,0.32,486,0.18,1
8,6,2358,2,10,5,0,500,0.6,1000,0.2,1400,0.2,1
8,7,6421,2,10,5,0,666,0.42,420,0.58,1
8,8,4901,1,0,300,0.5,1700,0.5,1
8,9,5878,0,0,500,0.6,1000,0.2,1400,0.2,1
8,10,9642,1,0,666,0.42,420,0.58,1
8,11,13374,1,0,300,0.5,572,0.32,486,0.18,1
9,0,12630,0,0,666,0.42,420,0.58,1
9,1,547,1,0,300,0.5,572,0.32,486,0.18,1
9,2,4521,1,0,666,0.42,420,0.58,1
9,3,10816,2,10,5,0,300,0.5,572,0.32,486,0.18,1
9,4,8607,2,10,5,0,300,0.5,572,0.32,486,0.18,1
9,5,11901,0,0,300,0.5,572,0.32,486,0.18,1
9,6,6455,0,0,666,0.42,420,0.58,1
9,7,12515,1,0,666,0.42,420,0.58,1
9,8,9433,2,10,5,0,300,0.5,1700,0.5,1
9,9,9773,1,0,500,0.6,1000,0.2,1400,0.2,1
9,10,1419,2,10,5,0,300,0.5,1700,0.5,1
9,11,8804,0,0,300,0.5,1700,0.5,1
10,0,12005,0,0,666,0.42,420,0.58,1
10,1,1013,0,0,666,0.42,420,0.58,1
10,2,2874,1,0,300,0.5,1700,0.5,1
10,3,7073,0,0,666,0.42,420,0.58,1
10,4,10475,0,0,300,0.5,572,0.32,486,0.18,1
10,5,6153,1,0,666,0.42,420,0.58,1
10,6,1164,1,0,300,0.5,1700,0.5,1
10,7,10293,1,0,300,0.5,572,0.32,486,0.18,1
10,8,1721,0,0,300,0.5,1700,0.5,1
10,9,5219,0,0,300,0.5,572,0.32,486,0.18,1
10,10,6567,1,0,300,0.5,1700,0.5,1
10,11,13830,1,0,666,0.42,420,0.58,1
11,0,1862,2,10,5,0,666,0.42,420,0.58,1
11,1,9177,1,0,666,0.42,420,0.58,1
11,2,6920,1,0,500,0.6,1000,0.2,1400,0.2,1
11,3,8814,2,10,5,0,666,0.42,420,0.58,1
11,4,1707,1,0,300,0.5,572,0.32,486,0.18,1
11,5,7651,1,0,666,0.42,420,0.58,1
11,6,3037,2,10,5,0,666,0.42,420,0.58,1
11,7,3455,2,10,5,0,666,0.42,420,0.58,1
11,8,12033,0,0,666,0.42,420,0.58,1
11,9,6775,2,10,5,0,300,0.5,1700,0.5,1
11,10,11903,0,0,300,0.5,1700,0.5,1
11,11,7552,0,0,300,0.5,572,0.32,486,0.18,1
