0,0,13717,1,0,500,0.6,1000,0.2,1400,0.2,1
0,1,12840,1,0,300,0.5,1700,0.5,1
0,2,5596,2,10,5,0,500,0.6,1000,0.2,1400,0.2,1
0,3,817,1,0,300,0.5,1700,0.5,1
0,4,2441,0,0,666,0.42,420,0.58,1
0,5,4345,2,10,5,0,666,0.42,420,0.58,1
0,6,14597,2,10,5,0,300,0.5,1700,0.5,1
0,7,5486,0,0,300,0.5,572,0.32,486,0.18,1
0,8,8362,0,0,666,0.42,420,0.58,1
0,9,11734,1,0,500,0.6,1000,0.2,1400,0.2,1
0,10,3310,2,10,5,0,666,0.42,420,0.58,1
0,11,6930,0,0,666,0.42,420,0.58,1
1,0,8096,0,0,666,0.42,420,0.58,1
1,1,3016,1,0,300,0.5,572,0.32,486,0.18,1
1,2,11436,2,10,5,0,300,0.5,572,0.32,486,0.18,0
1,3,12608,1,0,666,0.42,420,0.58,1
1,4,4074,2,10,5,0,666,0.42,420,0.58,1
1,5,13888,1,0,300,0.5,572,0.32,486,0.18,1
1,6,13477,0,0,500,0.6,1000,0.2,1400,0.2,1
1,7,7728,0,0,300,0.5,572,0.32,486,0.18,1
1,8,13457,0,0,300,0.5,572,0.32,486,0.18,1
1,9,4017,2,10,5,0,666,0.42,420,0.58,1
1,10,14138,2,10,5,0,500,0.6,1000,0.2,1400,0.2,1
1,11,4554,2,10,5,0,500,0.6,1000,0.2,1400,0.2,1
2,0,2420,2,10,5,0,300,0.5,1700,0.5,1
2,1,14753,1,0,300,0.5,572,0.32,486,0.18,1
2,2,3856,2,10,5,0,500,0.6,1000,0.2,1400,0.2,1
2,3,2634,1,0,666,0.42,420,0.58,1
2,4,4804,0,0,300,0.5,572,0.32,486,0.18,1
2,5,8693,1,0,666,0.42,420,0.58,1
2,6,8361,1,0,666,0.42,420,0.58,1
2,7,4955,0,0,300,0.5,1700,0.5,1
2,8,1571,1,0,300,0.5,572,0.32,486,0.18,1
2,9,4482,1,0,666,0.42,420,0.58,1
2,10,6418,1,0,300,0.5,572,0.32,486,0.18,1
2,11,8874,2,10,5,0,300,0.5,572,0.32,486,0.18,1
3,0,5048,1,0,300,0.5,1700,0.5,1
3,1,7622,2,10,5,0,300,0.5,572,0.32,486,0.18,1
3,2,6060,2,10,5,0,666,0.42,420,0.58,1
3,3,10932,1,0,300,0.5,1700,0.5,1
3,4,14562,0,0,300,0.5,1700,0.5,1
3,5,14817,0,0,300,0.5,572,0.32,486,0.18,1
3,6,2713,0,0,300,0.5,1700,0.5,1
3,7,9736,0,0,500,0.6,1000,0.2,1400,0.2,1
3,8,9985,2,10,5,0,666,0.42,420,0.58,1
3,9,12900,2,10,5,0,300,0.5,1700,0.5,1
3,10,9391,1,0,300,0.5,1700,0.5,1
3,11,10807,1,0,300,0.5,1700,0.5,1
4,0,10275,1,0,300,0.5,572,0.32,486,0.18,1
4,1,5285,2,10,5,0,666,0.42,420,0.58,1
4,2,8916,1,0,666,0.42,420,0.58,1
4,3,14541,1,0,500,0.6,1000,0.2,1400,0.2,1
4,4,11030,1,0,300,0.5,1700,0.5,1
4,5,8217,2,10,5,0,300,0.5,572,0.32,486,0.18,1
4,6,12349,1,0,666,0.42,420,0.58,1
4,7,7002,0,0,300,0.5,572,0.32,486,0.18,1
4,8,12736,0,0,300,0.5,572,0.32,486,0.18,1
4,9,6823,1,0,300,0.5,572,0.32,486,0.18,1
4,10,10299,2,10,5,0,300,0.5,572,0.32,486,0.18,1
4,11,8422,0,0,500,0.6,1000,0.2,1400,0.2,1
5,0,6692,0,0,300,0.5,572,0.32,486,0.18,1
5,1,13222,2,10,5,0,666,0.42,420,0.58,1
5,2,10308,2,10,5,0,500,0.6,1000,0.2,1400,0.2,1
5,3,9441,2,10,5,0,500,0.6,1000,0.2,1400,0.2,1
5,4,8344,2,10,5,0,300,0.5,1700,0.5,1
5,5,2813,2,10,5,0,666,0.42,420,0.58,1
5,6,11064,1,0,300,0.5,1700,0.5,1
5,7,9192,0,0,300,0.5,572,0.32,486,0.18,1
5,8,10824,1,0,300,0.5,572,0.32,486,0.18,1
5,9,13745,2,10,5,0,300,0.5,572,0.32,486,0.18,1
5,10,841,1,0,500,0.6,1000,0.2,1400,0.2,1
5,11,652,1,0,300,0.5,572,0.32,486,0.18,1
6,0,4318,0,0,500,0.6,1000,0.2,1400,0.2,1
6,1,7185,1,0,666,0.42,420,0.58,1
6,2,4589,1,0,300,0.5,1700,0.5,1
6,3,2251,0,0,300,0.5,1700,0.5,1
6,4,2971,2,10,5,0,300,0.5,1700,0.5,1
6,5,14534,1,0,300,0.5,572,0.32,486,0.18,1
6,6,3749,0,0,300,0.5,1700,0.5,1
6,7,4914,1,0,300,0.5,1700,0.5,1
6,8,7161,1,0,300,0.5,572,0.32,486,0.18,1
6,9,3535,0,0,666,0.42,420,0.58,1
6,10,14627,2,10,5,0,300,0.5,1700,0.5,1
6,11,5406,0,0,666,0.42,420,0.58,1
7,0,2800,0,0,500,0.6,1000,0.2,1400,0.2,1
7,1,6427,2,10,5,0,500,0.6,1000,0.2,1400,0.2,1
7,2,27,1,0,500,0.6,1000,0.2,1400,0.2,1
7,3,825,2,10,5,0,666,0.42,420,0.58,1
7,4,13955,1,0,300,0.5,572,0.32,486,0.18,1
7,5,13865,0,0,500,0.6,1000,0.2,1400,0.2,1
7,6,13605,2,10,5,0,300,0.5,572,0.32,486,0.18,1
7,7,3262,0,0,300,0.5,1700,0.5,1
7,8,8720,0,0,500,0.6,1000,0.2,1400,0.2,1
7,9,9397,2,10,5,0,300,0.5,1700,0.5,1
7,10,10770,2,10,5,0,500,0.6,1000,0.2,1400,0.2,1
7,11,2234,0,0,300,0.5,572,0.32,486,0.18,1
8,0,6306,1,0,666,0.42,420,0.58,1
8,1,14141,2,10,5,0,666,0.42,420,0.58,1
8,2,11440,2,10,5,0,300,0.5,1700,0.5,1
8,3,3143,2,10,5,0,300,0.5,572,0.32,486,0.18,1
8,4,1188,2,10,5,0,500,0.6,1000,0.2,1400,0.2,1
8,5,4373,2,10,5,0,300,0.5,1700,0.5,1
8,6,4399,0,0,300,0.5,1700,0.5,1
8,7,10843,1,0,666,0.42,420,0.58,1
8,8,13380,0,0,666,0.42,420,0.58,1
8,9,8909,2,10,5,0,666,0.42,420,0.58,1
8,10,5560,1,0,666,0.42,420,0.58,1
8,11,1533,0,0,500,0.6,1000,0.2,1400,0.2,1
9,0,5444,2,10,5,0,300,0.5,1700,0.5,1
9,1,11620,2,10,5,0,300,0.5,572,0.32,486,0.18,1
9,2,89,1,0,300,0.5,1700,0.5,1
9,3,7863,0,0,666,0.42,420,0.58,1
9,4,12949,0,0,666,0.42,420,0.58,1
9,5,1325,1,0,300,0.5,1700,0.5,1
9,6,10859,1,0,500,0.6,1000,0.2,1400,0.2,1
9,7,8727,1,0,300,0.5,572,0.32,486,0.18,1
9,8,14851,0,0,500,0.6,1000,0.2,1400,0.2,1
9,9,13952,2,10,5,0,300,0.5,572,0.32,486,0.18,1
9,10,5321,1,0,300,0.5,572,0.32,486,0.18,1
9,11,162,2,10,5,0,300,0.5,1700,0.5,1
10,0,6725,1,0,300,0.5,572,0.32,486,0.18,1
10,1,9739,1,0,500,0.6,1000,0.2,1400,0.2,1
10,2,9079,1,0,500,0.6,1000,0.2,1400,0.2,1
10,3,5238,0,0,300,0.5,572,0.32,486,0.18,1
10,4,10338,2,10,5,0,666,0.42,420,0.58,1
10,5,14151,1,0,300,0.5,572,0.32,486,0.18,1
10,6,5975,2,10,5,0,300,0.5,572,0.32,486,0.18,1
10,7,2023,0,0,666,0.42,420,0.58,1
10,8,5990,0,0,300,0.5,1700,0.5,1
10,9,822,1,0,300,0.5,572,0.32,486,0.18,1
10,10,13684,1,0,300,0.5,1700,0.5,1
10,11,14125,2,10,5,0,300,0.5,1700,0.5,1
11,0,11950,0,0,300,0.5,572,0.32,486,0.18,1
11,1,13808,1,0,500,0.6,1000,0.2,1400,0.2,1
11,2,9735,0,0,666,0.42,420,0.58,1
11,3,4624,2,10,5,0,500,0.6,1000,0.2,1400,0.2,1
11,4,8005,1,0,500,0.6,1000,0.2,1400,0.2,1
11,5,4895,0,0,300,0.5,1700,0.5,1
11,6,8372,0,0,300,0.5,1700,0.5,1
11,7,14580,2,10,5,0,300,0.5,572,0.32,486,0.18,1
11,8,14866,1,0,500,0.6,1000,0.2,1400,0.2,1
11,9,5810,2,10,5,0,300,0.5,1700,0.5,1
11,10,13315,1,0,666,0.42,420,0.58,1
11,11,5572,0,0,300,0.5,572,0.32,486,0.18,1
