0,0,3250,0,0,500,0.6,1000,0.2,1400,0.2,1
0,1,14390,1,0,500,0.6,1000,0.2,1400,0.2,1
0,2,6669,0,0,500,0.6,1000,0.2,1400,0.2,1
0,3,12716,0,0,666,0.42,420,0.58,1
0,4,14546,2,10,5,0,300,0.5,1700,0.5,1
0,5,12894,0,0,300,0.5,572,0.32,486,0.18,1
0,6,5286,2,10,5,0,666,0.42,420,0.58,1
0,7,7478,2,10,5,0,300,0.5,1700,0.5,1
0,8,6092,0,0,300,0.5,572,0.32,486,0.18,1
0,9,14527,1,0,666,0.42,420,0.58,1
0,10,6336,2,10,5,0,300,0.5,572,0.32,486,0.18,1
0,11,9385,0,0,300,0.5,1700,0.5,1
1,0,14356,2,10,5,0,300,0.5,572,0.32,486,0.18,1
1,1,14727,0,0,666,0.42,420,0.58,1
1,2,13993,1,0,300,0.5,1700,0.5,0
1,3,11596,0,0,300,0.5,572,0.32,486,0.18,1
1,4,11897,1,0,300,0.5,1700,0.5,1
1,5,1226,0,0,500,0.6,1000,0.2,1400,0.2,1
1,6,3586,1,0,300,0.5,572,0.32,486,0.18,1
1,7,9825,0,0,500,0.6,1000,0.2,1400,0.2,1
1,8,7981,1,0,666,0.42,420,0.58,1
1,9,334,0,0,300,0.5,572,0.32,486,0.18,1
1,10,1644,1,0,300,0.5,572,0.32,486,0.18,1
1,11,8185,1,0,300,0.5,1700,0.5,1
2,0,2278,2,10,5,0,300,0.5,572,0.32,486,0.18,1
2,1,14742,1,0,666,0.42,420,0.58,1
2,2,10491,2,10,5,0,300,0.5,1700,0.5,1
2,3,3873,0,0,500,0.6,1000,0.2,1400,0.2,1
2,4,2639,1,0,666,0.42,420,0.58,1
2,5,13530,0,0,666,0.42,420,0.58,1
2,6,10568,0,0,500,0.6,1000,0.2,1400,0.2,1
2,7,12549,0,0,300,0.5,572,0.32,486,0.18,1
2,8,10066,2,10,5,0,500,0.6,1000,0.2,1400,0.2,1
2,9,3633,0,0,300,0.5,1700,0.5,1
2,10,1052,1,0,300,0.5,572,0.32,486,0.18,1
2,11,12425,0,0,300,0.5,1700,0.5,1
3,0,14441,0,0,300,0.5,1700,0.5,1
3,1,889,2,10,5,0,300,0.5,1700,0.5,1
3,2,309,2,10,5,0,300,0.5,572,0.32,486,0.18,1
3,3,13183,2,10,5,0,300,0.5,572,0.32,486,0.18,1
3,4,6755,2,10,5,0,500,0.6,1000,0.2,1400,0.2,1
3,5,5522,2,10,5,0,500,0.6,1000,0.2,1400,0.2,1
3,6,13868,0,0,500,0.6,1000,0.2,1400,0.2,1
3,7,9770,1,0,500,0.6,1000,0.2,1400,0.2,1
3,8,13516,1,0,300,0.5,572,0.32,486,0.18,1
3,9,5408,2,10,5,0,300,0.5,1700,0.5,1
3,10,5654,1,0,300,0.5,1700,0.5,1
3,11,9255,1,0,300,0.5,572,0.32,486,0.18,1
4,0,8416,1,0,300,0.5,1700,0.5,1
4,1,7284,2,10,5,0,300,0.5,1700,0.5,1
4,2,70,0,0,666,0.42,420,0.58,1
4,3,6778,1,0,666,0.42,420,0.58,1
4,4,9280,2,10,5,0,666,0.42,420,0.58,1
4,5,10430,2,10,5,0,300,0.5,1700,0.5,1
4,6,10002,2,10,5,0,300,0.5,1700,0.5,1
4,7,2931,2,10,5,0,500,0.6,1000,0.2,1400,0.2,1
4,8,2961,2,10,5,0,500,0.6,1000,0.2,1400,0.2,1
4,9,11763,1,0,500,0.6,1000,0.2,1400,0.2,1
4,10,13479,1,0,300,0.5,1700,0.5,1
4,11,9730,2,10,5,0,666,0.42,420,0.58,1
5,0,5007,2,10,5,0,666,0.42,420,0.58,1
5,1,2054,0,0,300,0.5,1700,0.5,1
5,2,3946,0,0,666,0.42,420,0.58,1
5,3,9983,2,10,5,0,500,0.6,1000,0.2,1400,0.2,1
5,4,5424,2,10,5,0,666,0.42,420,0.58,1
5,5,214,0,0,500,0.6,1000,0.2,1400,0.2,1
5,6,1392,0,0,300,0.5,572,0.32,486,0.18,1
5,7,10064,1,0,300,0.5,572,0.32,486,0.18,1
5,8,5457,0,0,666,0.42,420,0.58,1
5,9,5503,0,0,300,0.5,572,0.32,486,0.18,1
5,10,11300,2,10,5,0,500,0.6,1000,0.2,1400,0.2,1
5,11,12337,2,10,5,0,500,0.6,1000,0.2,1400,0.2,1
6,0,7751,2,10,5,0,300,0.5,572,0.32,486,0.18,1
6,1,9607,0,0,300,0.5,572,0.32,486,0.18,1
6,2,59,0,0,300,0.5,1700,0.5,1
6,3,4167,1,0,300,0.5,572,0.32,486,0.18,1
6,4,10012,0,0,300,0.5,1700,0.5,1
6,5,959,2,10,5,0,300,0.5,572,0.32,486,0.18,1
6,6,1998,1,0,666,0.42,420,0.58,1
6,7,7040,0,0,666,0.42,420,0.58,1
6,8,8906,0,0,300,0.5,1700,0.5,1
6,9,8267,0,0,666,0.42,420,0.58,1
6,10,14207,1,0,300,0.5,1700,0.5,1
6,11,2744,2,10,5,0,666,0.42,420,0.58,1
7,0,5869,0,0,666,0.42,420,0.58,1
7,1,14392,1,0,300,0.5,1700,0.5,1
7,2,13267,2,10,5,0,300,0.5,1700,0.5,1
7,3,8997,2,10,5,0,666,0.42,420,0.58,1
7,4,6052,0,0,300,0.5,1700,0.5,1
7,5,2669,2,10,5,0,500,0.6,1000,0.2,1400,0.2,1
7,6,9178,1,0,300,0.5,572,0.32,486,0.18,1
7,7,8150,0,0,666,0.42,420,0.58,1
7,8,1963,1,0,300,0.5,572,0.32,486,0.18,1
7,9,7945,1,0,300,0.5,1700,0.5,1
7,10,1699,1,0,666,0.42,420,0.58,1
7,11,10099,0,0,300,0.5,572,0.32,486,0.18,1
8,0,11303,0,0,300,0.5,1700,0.5,1
8,1,3433,2,10,5,0,500,0.6,1000,0.2,1400,0.2,1
8,2,4444,0,0,500,0.6,1000,0.2,1400,0.2,1
8,3,10276,2,10,5,0,300,0.5,572,0.32,486,0.18,1
8,4,11698,2,10,5,0,300,0.5,572,0.32,486,0.18,1
8,5,11852,0,0,300,0.5,572,0.32,486,0.18,1
8,6,7824,2,10,5,0,300,0.5,572,0.32,486,0.18,1
8,7,4801,1,0,500,0.6,1000,0.2,1400,0.2,1
8,8,6756,0,0,666,0.42,420,0.58,1
8,9,11034,1,0,500,0.6,1000,0.2,1400,0.2,1
8,10,1122,1,0,666,0.42,420,0.58,1
8,11,8936,2,10,5,0,300,0.5,572,0.32,486,0.18,1
9,0,13009,2,10,5,0,300,0.5,1700,0.5,1
9,1,6330,1,0,300,0.5,572,0.32,486,0.18,1
9,2,3868,2,10,5,0,666,0.42,420,0.58,1
9,3,761,1,0,300,0.5,572,0.32,486,0.18,1
9,4,7864,1,0,500,0.6,1000,0.2,1400,0.2,1
9,5,7486,0,0,500,0.6,1000,0.2,1400,0.2,1
9,6,12158,0,0,500,0.6,1000,0.2,1400,0.2,1
9,7,2349,0,0,666,0.42,420,0.58,1
9,8,834,1,0,300,0.5,1700,0.5,1
9,9,6370,2,10,5,0,300,0.5,572,0.32,486,0.18,1
9,10,8596,1,0,300,0.5,1700,0.5,1
9,11,6681,2,10,5,0,500,0.6,1000,0.2,1400,0.2,1
10,0,7775,2,10,5,0,300,0.5,572,0.32,486,0.18,1
10,1,10253,0,0,300,0.5,572,0.32,486,0.18,1
10,2,1377,0,0,300,0.5,572,0.32,486,0.18,1
10,3,13944,1,0,300,0.5,572,0.32,486,0.18,1
10,4,3320,0,0,300,0.5,572,0.32,486,0.18,1
10,5,6976,1,0,300,0.5,572,0.32,486,0.18,1
10,6,1921,2,10,5,0,666,0.42,420,0.58,1
10,7,5211,2,10,5,0,300,0.5,572,0.32,486,0.18,1
10,8,5446,2,10,5,0,300,0.5,1700,0.5,1
10,9,4058,1,0,666,0.42,420,0.58,1
10,10,1515,0,0,300,0.5,1700,0.5,1
10,11,13968,2,10,5,0,300,0.5,1700,0.5,1
11,0,13697,2,10,5,0,500,0.6,1000,0.2,1400,0.2,1
11,1,9271,2,10,5,0,300,0.5,1700,0.5,1
11,2,5269,2,10,5,0,300,0.5,1700,0.5,1
11,3,7049,2,10,5,0,666,0.42,420,0.58,1
11,4,12856,0,0,500,0.6,1000,0.2,1400,0.2,1
11,5,13649,0,0,500,0.6,1000,0.2,1400,0.2,1
11,6,14465,2,10,5,0,300,0.5,572,0.32,486,0.18,1
11,7,9670,2,10,5,0,300,0.5,1700,0.5,1
11,8,3301,1,0,500,0.6,1000,0.2,1400,0.2,1
11,9,2757,0,0,500,0.6,1000,0.2,1400,0.2,1
11,10,9717,1,0,500,0.6,1000,0.2,1400,0.2,1
11,11,2906,2,10,5,0,500,0.6,1000,0.2,1400,0.2,1
