0,0,13736,1,0,500,0.6,1000,0.2,1400,0.2,1
0,1,1116,1,0,666,0.42,420,0.58,1
0,2,3833,1,0,666,0.42,420,0.58,1
0,3,8184,1,0,666,0.42,420,0.58,1
0,4,4298,1,0,666,0.42,420,0.58,1
0,5,6849,0,0,300,0.5,1700,0.5,1
0,6,2147,2,10,5,0,300,0.5,1700,0.5,1
0,7,5959,0,0,500,0.6,1000,0.2,1400,0.2,1
0,8,10690,2,10,5,0,300,0.5,1700,0.5,1
0,9,3730,1,0,300,0.5,572,0.32,486,0.18,1
0,10,1170,0,0,666,0.42,420,0.58,1
0,11,8300,2,10,5,0,666,0.42,420,0.58,1
1,0,6018,1,0,300,0.5,1700,0.5,1
1,1,5846,1,0,666,0.42,420,0.58,1
1,2,3593,1,0,666,0.42,420,0.58,0
1,3,703,0,0,300,0.5,572,0.32,486,0.18,1
1,4,8166,2,10,5,0,500,0.6,1000,0.2,1400,0.2,1
1,5,7913,1,0,666,0.42,420,0.58,1
1,6,3566,2,10,5,0,666,0.42,420,0.58,1
1,7,4732,1,0,300,0.5,572,0.32,486,0.18,1
1,8,10690,2,10,5,0,500,0.6,1000,0.2,1400,0.2,1
1,9,9259,0,0,666,0.42,420,0.58,1
1,10,12049,0,0,300,0.5,572,0.32,486,0.18,1
1,11,14519,2,10,5,0,300,0.5,1700,0.5,1
2,0,1869,0,0,300,0.5,572,0.32,486,0.18,1
2,1,2463,2,10,5,0,300,0.5,1700,0.5,1
2,2,11250,0,0,500,0.6,1000,0.2,1400,0.2,1
2,3,14364,2,10,5,0,300,0.5,1700,0.5,1
2,4,11550,0,0,300,0.5,1700,0.5,1
2,5,12661,0,0,666,0.42,420,0.58,1
2,6,393,0,0,300,0.5,572,0.32,486,0.18,1
2,7,11112,2,10,5,0,300,0.5,1700,0.5,1
2,8,2038,0,0,666,0.42,420,0.58,1
2,9,7781,1,0,666,0.42,420,0.58,1
2,10,10929,2,10,5,0,300,0.5,1700,0.5,1
2,11,2399,1,0,300,0.5,572,0.32,486,0.18,1
3,0,14143,1,0,500,0.6,1000,0.2,1400,0.2,1
3,1,616,0,0,666,0.42,420,0.58,1
3,2,2441,2,10,5,0,300,0.5,1700,0.5,1
3,3,12576,2,10,5,0,500,0.6,1000,0.2,1400,0.2,1
3,4,10939,1,0,300,0.5,572,0.32,486,0.18,1
3,5,5669,1,0,500,0.6,1000,0.2,1400,0.2,1
3,6,3468,0,0,300,0.5,572,0.32,486,0.18,1
3,7,1526,0,0,300,0.5,1700,0.5,1
3,8,14028,1,0,300,0.5,572,0.32,486,0.18,1
3,9,5306,0,0,666,0.42,420,0.58,1
3,10,5909,2,10,5,0,666,0.42,420,0.58,1
3,11,12939,0,0,500,0.6,1000,0.2,1400,0.2,1
4,0,13465,0,0,666,0.42,420,0.58,1
4,1,7072,1,0,666,0.42,420,0.58,1
4,2,2312,1,0,666,0.42,420,0.58,1
4,3,12153,2,10,5,0,500,0.6,1000,0.2,1400,0.2,1
4,4,4315,0,0,300,0.5,572,0.32,486,0.18,1
4,5,6012,1,0,666,0.42,420,0.58,1
4,6,1436,0,0,300,0.5,572,0.32,486,0.18,1
4,7,7318,1,0,666,0.42,420,0.58,1
4,8,8191,0,0,300,0.5,572,0.32,486,0.18,1
4,9,13146,1,0,300,0.5,1700,0.5,1
4,10,5011,1,0,300,0.5,572,0.32,486,0.18,1
4,11,4150,0,0,500,0.6,1000,0.2,1400,0.2,1
5,0,6857,0,0,300,0.5,1700,0.5,1
5,1,3756,2,10,5,0,666,0.42,420,0.58,1
5,2,13411,1,0,666,0.42,420,0.58,1
5,3,12534,2,10,5,0,300,0.5,1700,0.5,1
5,4,10502,1,0,500,0.6,1000,0.2,1400,0.2,1
5,5,7778,2,10,5,0,500,0.6,1000,0.2,1400,0.2,1
5,6,5049,1,0,300,0.5,1700,0.5,1
5,7,11980,2,10,5,0,666,0.42,420,0.58,1
5,8,2023,1,0,666,0.42,420,0.58,1
5,9,4804,1,0,300,0.5,1700,0.5,1
5,10,331,2,10,5,0,300,0.5,1700,0.5,1
5,11,13276,2,10,5,0,666,0.42,420,0.58,1
6,0,7185,2,10,5,0,500,0.6,1000,0.2,1400,0.2,1
6,1,3056,1,0,300,0.5,572,0.32,486,0.18,1
6,2,9431,1,0,300,0.5,1700,0.5,1
6,3,840,1,0,666,0.42,420,0.58,1
6,4,14740,1,0,300,0.5,572,0.32,486,0.18,1
6,5,14218,1,0,300,0.5,1700,0.5,1
6,6,11580,2,10,5,0,300,0.5,572,0.32,486,0.18,1
6,7,12333,2,10,5,0,666,0.42,420,0.58,1
6,8,11559,1,0,300,0.5,1700,0.5,1
6,9,6799,1,0,500,0.6,1000,0.2,1400,0.2,1
6,10,5255,2,10,5,0,300,0.5,1700,0.5,1
6,11,10915,1,0,666,0.42,420,0.58,1
7,0,3754,0,0,300,0.5,572,0.32,486,0.18,1
7,1,14709,1,0,300,0.5,572,0.32,486,0.18,1
7,2,3023,1,0,500,0.6,1000,0.2,1400,0.2,1
7,3,2440,2,10,5,0,300,0.5,572,0.32,486,0.18,1
7,4,12993,1,0,300,0.5,1700,0.5,1
7,5,3837,0,0,500,0.6,1000,0.2,1400,0.2,1
7,6,417,0,0,300,0.5,1700,0.5,1
7,7,12057,1,0,500,0.6,1000,0.2,1400,0.2,1
7,8,7709,1,0,666,0.42,420,0.58,1
7,9,4996,2,10,5,0,500,0.6,1000,0.2,1400,0.2,1
7,10,6848,1,0,666,0.42,420,0.58,1
7,11,9418,0,0,300,0.5,1700,0.5,1
8,0,11096,0,0,666,0.42,420,0.58,1
8,1,1906,2,10,5,0,300,0.5,572,0.32,486,0.18,1
8,2,8240,2,10,5,0,300,0.5,1700,0.5,1
8,3,14575,2,10,5,0,500,0.6,1000,0.2,1400,0.2,1
8,4,6505,2,10,5,0,500,0.6,1000,0.2,1400,0.2,1
8,5,9379,0,0,300,0.5,572,0.32,486,0.18,1
8,6,13361,0,0,300,0.5,572,0.32,486,0.18,1
8,7,10570,2,10,5,0,500,0.6,1000,0.2,1400,0.2,1
8,8,6144,0,0,300,0.5,1700,0.5,1
8,9,207,2,10,5,0,500,0.6,1000,0.2,1400,0.2,1
8,10,12642,2,10,5,0,300,0.5,572,0.32,486,0.18,1
8,11,10536,0,0,666,0.42,420,0.58,1
9,0,8542,1,0,300,0.5,572,0.32,486,0.18,1
9,1,14408,1,0,500,0.6,1000,0.2,1400,0.2,1
9,2,14921,0,0,666,0.42,420,0.58,1
9,3,11123,0,0,500,0.6,1000,0.2,1400,0.2,1
9,4,6016,2,10,5,0,666,0.42,420,0.58,1
9,5,12719,0,0,500,0.6,1000,0.2,1400,0.2,1
9,6,2551,0,0,300,0.5,572,0.32,486,0.18,1
9,7,1999,0,0,500,0.6,1000,0.2,1400,0.2,1
9,8,3790,2,10,5,0,300,0.5,572,0.32,486,0.18,1
9,9,7338,0,0,300,0.5,1700,0.5,1
9,10,13891,1,0,300,0.5,1700,0.5,1
9,11,13907,2,10,5,0,300,0.5,572,0.32,486,0.18,1
10,0,6575,2,10,5,0,300,0.5,1700,0.5,1
10,1,11044,2,10,5,0,666,0.42,420,0.58,1
10,2,14143,1,0,300,0.5,572,0.32,486,0.18,1
10,3,2792,2,10,5,0,500,0.6,1000,0.2,1400,0.2,1
10,4,6355,0,0,300,0.5,572,0.32,486,0.18,1
10,5,11753,1,0,300,0.5,1700,0.5,1
10,6,744,2,10,5,0,666,0.42,420,0.58,1
10,7,13323,1,0,300,0.5,572,0.32,486,0.18,1
10,8,13100,1,0,300,0.5,572,0.32,486,0.18,1
10,9,14702,0,0,300,0.5,572,0.32,486,0.18,1
10,10,8422,2,10,5,0,300,0.5,1700,0.5,1
10,11,7628,0,0,500,0.6,1000,0.2,1400,0.2,1
11,0,14023,2,10,5,0,300,0.5,572,0.32,486,0.18,1
11,1,9726,2,10,5,0,500,0.6,1000,0.2,1400,0.2,1
11,2,14228,2,10,5,0,300,0.5,572,0.32,486,0.18,1
11,3,14205,0,0,500,0.6,1000,0.2,1400,0.2,1
11,4,3549,1,0,300,0.5,1700,0.5,1
11,5,3534,2,10,5,0,666,0.42,420,0.58,1
11,6,3924,0,0,666,0.42,420,0.58,1
11,7,6221,2,10,5,0,500,0.6,1000,0.2,1400,0.2,1
11,8,2350,1,0,666,0.42,420,0.58,1
11,9,6283,2,10,5,0,500,0.6,1000,0.2,1400,0.2,1
11,10,10115,1,0,300,0.5,1700,0.5,1
11,11,3917,2,10,5,0,500,0.6,1000,0.2,1400,0.2,1
