0,0,5221,1,0,500,0.6,1000,0.2,1400,0.2,1
0,1,14113,0,0,666,0.42,420,0.58,1
0,2,5029,2,10,5,0,300,0.5,572,0.32,486,0.18,1
0,3,11225,2,10,5,0,500,0.6,1000,0.2,1400,0.2,1
0,4,6338,0,0,300,0.5,572,0.32,486,0.18,1
0,5,8411,1,0,300,0.5,572,0.32,486,0.18,1
0,6,6142,1,0,666,0.42,420,0.58,1
0,7,3029,0,0,300,0.5,1700,0.5,1
0,8,9513,2,10,5,0,300,0.5,572,0.32,486,0.18,1
0,9,5344,0,0,666,0.42,420,0.58,1
0,10,2977,1,0,300,0.5,1700,0.5,1
0,11,7566,1,0,300,0.5,572,0.32,486,0.18,1
1,0,10036,1,0,300,0.5,572,0.32,486,0.18,1
1,1,13922,1,0,300,0.5,572,0.32,486,0.18,1
1,2,13432,0,0,300,0.5,572,0.32,486,0.18,0
1,3,9319,2,10,5,0,300,0.5,572,0.32,486,0.18,1
1,4,5119,2,10,5,0,666,0.42,420,0.58,1
1,5,7308,1,0,300,0.5,572,0.32,486,0.18,1
1,6,10246,0,0,300,0.5,572,0.32,486,0.18,1
1,7,6286,1,0,500,0.6,1000,0.2,1400,0.2,1
1,8,13634,2,10,5,0,300,0.5,572,0.32,486,0.18,1
1,9,677,1,0,300,0.5,572,0.32,486,0.18,1
1,10,8706,1,0,300,0.5,1700,0.5,1
1,11,9112,0,0,500,0.6,1000,0.2,1400,0.2,1
2,0,6949,2,10,5,0,300,0.5,572,0.32,486,0.18,1
2,1,5181,2,10,5,0,500,0.6,1000,0.2,1400,0.2,1
2,2,2386,1,0,666,0.42,420,0.58,1
2,3,3301,2,10,5,0,300,0.5,1700,0.5,1
2,4,11627,2,10,5,0,500,0.6,1000,0.2,1400,0.2,1
2,5,8833,2,10,5,0,500,0.6,1000,0.2,1400,0.2,1
2,6,11216,2,10,5,0,300,0.5,572,0.32,486,0.18,1
2,7,13392,2,10,5,0,666,0.42,420,0.58,1
2,8,7440,2,10,5,0,300,0.5,1700,0.5,1
2,9,12148,2,10,5,0,500,0.6,1000,0.2,1400,0.2,1
2,10,14989,2,10,5,0,666,0.42,420,0.58,1
2,11,4953,0,0,666,0.42,420,0.58,1
3,0,7925,0,0,500,0.6,1000,0.2,1400,0.2,1
3,1,10279,0,0,666,0.42,420,0.58,1
3,2,7243,0,0,500,0.6,1000,0.2,1400,0.2,1
3,3,4602,0,0,300,0.5,572,0.32,486,0.18,1
3,4,10903,2,10,5,0,300,0.5,1700,0.5,1
3,5,13248,2,10,5,0,500,0.6,1000,0.2,1400,0.2,1
3,6,2600,2,10,5,0,666,0.42,420,0.58,1
3,7,7378,1,0,300,0.5,572,0.32,486,0.18,1
3,8,9870,0,0,300,0.5,1700,0.5,1
3,9,9556,0,0,500,0.6,1000,0.2,1400,0.2,1
3,10,9786,2,10,5,0,300,0.5,1700,0.5,1
3,11,7935,1,0,300,0.5,1700,0.5,1
4,0,10209,0,0,666,0.42,420,0.58,1
4,1,1916,1,0,300,0.5,1700,0.5,1
4,2,10666,2,10,5,0,300,0.5,572,0.32,486,0.18,1
4,3,11549,1,0,300,0.5,1700,0.5,1
4,4,9649,2,10,5,0,666,0.42,420,0.58,1
4,5,5752,2,10,5,0,300,0.5,572,0.32,486,0.18,1
4,6,12083,1,0,666,0.42,420,0.58,1
4,7,10427,0,0,500,0.6,1000,0.2,1400,0.2,1
4,8,14819,2,10,5,0,300,0.5,572,0.32,486,0.18,1
4,9,12346,1,0,500,0.6,1000,0.2,1400,0.2,1
4,10,7409,0,0,300,0.5,572,0.32,486,0.18,1
4,11,6730,1,0,500,0.6,1000,0.2,1400,0.2,1
5,0,12102,0,0,500,0.6,1000,0.2,1400,0.2,1
5,1,1443,2,10,5,0,300,0.5,572,0.32,486,0.18,1
5,2,301,2,10,5,0,300,0.5,1700,0.5,1
5,3,5245,1,0,300,0.5,1700,0.5,1
5,4,7612,1,0,300,0.5,572,0.32,486,0.18,1
5,5,8877,2,10,5,0,300,0.5,1700,0.5,1
5,6,10808,2,10,5,0,300,0.5,572,0.32,486,0.18,1
5,7,13395,0,0,300,0.5,1700,0.5,1
5,8,9521,2,10,5,0,300,0.5,1700,0.5,1
5,9,9769,0,0,300,0.5,572,0.32,486,0.18,1
5,10,5470,2,10,5,0,666,0.42,420,0.58,1
5,11,11035,0,0,300,0.5,1700,0.5,1
6,0,3554,1,0,300,0.5,1700,0.5,1
6,1,1357,1,0,500,0.6,1000,0.2,1400,0.2,1
6,2,11158,0,0,300,0.5,572,0.32,486,0.18,1
6,3,3069,1,0,300,0.5,572,0.32,486,0.18,1
6,4,10201,1,0,500,0.6,1000,0.2,1400,0.2,1
6,5,14019,1,0,500,0.6,1000,0.2,1400,0.2,1
6,6,1382,0,0,300,0.5,572,0.32,486,0.18,1
6,7,14233,1,0,666,0.42,420,0.58,1
6,8,1022,0,0,300,0.5,572,0.32,486,0.18,1
6,9,6897,0,0,300,0.5,572,0.32,486,0.18,1
6,10,1557,0,0,300,0.5,1700,0.5,1
6,11,10319,1,0,666,0.42,420,0.58,1
7,0,10358,0,0,500,0.6,1000,0.2,1400,0.2,1
7,1,6183,1,0,300,0.5,572,0.32,486,0.18,1
7,2,12300,0,0,666,0.42,420,0.58,1
7,3,11415,2,10,5,0,300,0.5,572,0.32,486,0.18,1
7,4,9669,1,0,300,0.5,572,0.32,486,0.18,1
7,5,6078,1,0,300,0.5,572,0.32,486,0.18,1
7,6,6592,1,0,300,0.5,1700,0.5,1
7,7,6202,0,0,300,0.5,1700,0.5,1
7,8,13757,0,0,666,0.42,420,0.58,1
7,9,3911,0,0,666,0.42,420,0.58,1
7,10,851,1,0,500,0.6,1000,0.2,1400,0.2,1
7,11,14249,1,0,500,0.6,1000,0.2,1400,0.2,1
8,0,11691,2,10,5,0,500,0.6,1000,0.2,1400,0.2,1
8,1,1116,2,10,5,0,500,0.6,1000,0.2,1400,0.2,1
8,2,8637,0,0,300,0.5,1700,0.5,1
8,3,6269,1,0,300,0.5,572,0.32,486,0.18,1
8,4,7683,2,10,5,0,666,0.42,420,0.58,1
8,5,14231,1,0,666,0.42,420,0.58,1
8,6,4753,2,10,5,0,666,0.42,420,0.58,1
8,7,6255,1,0,300,0.5,1700,0.5,1
8,8,5455,0,0,300,0.5,1700,0.5,1
8,9,8141,2,10,5,0,300,0.5,572,0.32,486,0.18,1
8,10,14214,2,10,5,0,300,0.5,1700,0.5,1
8,11,1353,1,0,666,0.42,420,0.58,1
9,0,12300,0,0,500,0.6,1000,0.2,1400,0.2,1
9,1,13696,0,0,300,0.5,1700,0.5,1
9,2,3128,2,10,5,0,300,0.5,1700,0.5,1
9,3,10391,1,0,300,0.5,1700,0.5,1
9,4,13647,0,0,666,0.42,420,0.58,1
9,5,9018,0,0,500,0.6,1000,0.2,1400,0.2,1
9,6,14544,2,10,5,0,666,0.42,420,0.58,1
9,7,4593,1,0,500,0.6,1000,0.2,1400,0.2,1
9,8,3696,1,0,500,0.6,1000,0.2,1400,0.2,1
9,9,712,1,0,666,0.42,420,0.58,1
9,10,12798,1,0,300,0.5,572,0.32,486,0.18,1
9,11,7751,2,10,5,0,500,0.6,1000,0.2,1400,0.2,1
10,0,12269,1,0,300,0.5,1700,0.5,1
10,1,2140,0,0,500,0.6,1000,0.2,1400,0.2,1
10,2,1940,2,10,5,0,500,0.6,1000,0.2,1400,0.2,1
10,3,4885,2,10,5,0,500,0.6,1000,0.2,1400,0.2,1
10,4,10735,0,0,500,0.6,1000,0.2,1400,0.2,1
10,5,8058,1,0,300,0.5,572,0.32,486,0.18,1
10,6,2065,2,10,5,0,300,0.5,1700,0.5,1
10,7,3541,2,10,5,0,300,0.5,572,0.32,486,0.18,1
10,8,5708,1,0,666,0.42,420,0.58,1
10,9,10295,0,0,666,0.42,420,0.58,1
10,10,2407,2,10,5,0,300,0.5,1700,0.5,1
10,11,8282,0,0,300,0.5,1700,0.5,1
11,0,2734,2,10,5,0,666,0.42,420,0.58,1
11,1,3388,0,0,500,0.6,1000,0.2,1400,0.2,1
11,2,1694,1,0,500,0.6,1000,0.2,1400,0.2,1
11,3,14428,1,0,300,0.5,572,0.32,486,0.18,1
11,4,4542,2,10,5,0,300,0.5,572,0.32,486,0.18,1
11,5,14763,1,0,300,0.5,1700,0.5,1
11,6,13447,0,0,300,0.5,1700,0.5,1
11,7,5489,2,10,5,0,300,0.5,1700,0.5,1
11,8,11380,2,10,5,0,300,0.5,572,0.32,486,0.18,1
11,9,9891,0,0,300,0.5,1700,0.5,1
11,10,4394,1,0,666,0.42,420,0.58,1
11,11,2483,0,0,666,0.42,420,0.58,1
