0,0,12110,1,0,300,0.5,572,0.32,486,0.18,1
0,1,13063,2,10,5,0,300,0.5,1700,0.5,1
0,2,7401,0,0,500,0.6,1000,0.2,1400,0.2,1
0,3,8973,2,10,5,0,500,0.6,1000,0.2,1400,0.2,1
0,4,3196,0,0,666,0.42,420,0.58,1
0,5,14815,1,0,300,0.5,1700,0.5,1
0,6,914,1,0,666,0.42,420,0.58,1
0,7,12596,1,0,300,0.5,1700,0.5,1
0,8,4159,0,0,666,0.42,420,0.58,1
0,9,6235,1,0,300,0.5,1700,0.5,1
0,10,9487,2,10,5,0,300,0.5,1700,0.5,1
0,11,8715,0,0,666,0.42,420,0.58,1
1,0,14644,2,10,5,0,500,0.6,1000,0.2,1400,0.2,1
1,1,8380,0,0,300,0.5,572,0.32,486,0.18,1
1,2,14922,0,0,300,0.5,572,0.32,486,0.18,0
1,3,11012,1,0,300,0.5,1700,0.5,1
1,4,8421,1,0,300,0.5,572,0.32,486,0.18,1
1,5,7561,0,0,500,0.6,1000,0.2,1400,0.2,1
1,6,6374,0,0,500,0.6,1000,0.2,1400,0.2,1
1,7,6216,1,0,500,0.6,1000,0.2,1400,0.2,1
1,8,3699,2,10,5,0,300,0.5,1700,0.5,1
1,9,9637,2,10,5,0,300,0.5,1700,0.5,1
1,10,7546,1,0,300,0.5,572,0.32,486,0.18,1
1,11,10287,0,0,300,0.5,572,0.32,486,0.18,1
2,0,6504,1,0,300,0.5,1700,0.5,1
2,1,11845,1,0,666,0.42,420,0.58,1
2,2,2937,0,0,300,0.5,1700,0.5,1
2,3,3476,2,10,5,0,666,0.42,420,0.58,1
2,4,12551,1,0,300,0.5,572,0.32,486,0.18,1
2,5,9007,2,10,5,0,500,0.6,1000,0.2,1400,0.2,1
2,6,8369,1,0,300,0.5,572,0.32,486,0.18,1
2,7,3636,0,0,300,0.5,1700,0.5,1
2,8,14321,2,10,5,0,500,0.6,1000,0.2,1400,0.2,1
2,9,1984,2,10,5,0,500,0.6,1000,0.2,1400,0.2,1
2,10,9631,1,0,666,0.42,420,0.58,1
2,11,9293,2,10,5,0,666,0.42,420,0.58,1
3,0,6063,1,0,300,0.5,572,0.32,486,0.18,1
3,1,8452,2,10,5,0,300,0.5,572,0.32,486,0.18,1
3,2,4716,1,0,500,0.6,1000,0.2,1400,0.2,1
3,3,1199,2,10,5,0,500,0.6,1000,0.2,1400,0.2,1
3,4,4870,0,0,500,0.6,1000,0.2,1400,0.2,1
3,5,14713,2,10,5,0,500,0.6,1000,0.2,1400,0.2,1
3,6,13586,2,10,5,0,500,0.6,1000,0.2,1400,0.2,1
3,7,4186,0,0,666,0.42,420,0.58,1
3,8,7129,1,0,300,0.5,1700,0.5,1
3,9,6685,2,10,5,0,666,0.42,420,0.58,1
3,10,4017,2,10,5,0,300,0.5,1700,0.5,1
3,11,5721,0,0,666,0.42,420,0.58,1
4,0,14399,0,0,300,0.5,1700,0.5,1
4,1,442,0,0,666,0.42,420,0.58,1
4,2,3749,1,0,300,0.5,1700,0.5,1
4,3,5244,2,10,5,0,300,0.5,572,0.32,486,0.18,1
4,4,14523,0,0,500,0.6,1000,0.2,1400,0.2,1
4,5,4222,2,10,5,0,300,0.5,572,0.32,486,0.18,1
4,6,11447,2,10,5,0,500,0.6,1000,0.2,1400,0.2,1
4,7,8918,2,10,5,0,500,0.6,1000,0.2,1400,0.2,1
4,8,4644,0,0,300,0.5,1700,0.5,1
4,9,14578,0,0,300,0.5,1700,0.5,1
4,10,8654,2,10,5,0,500,0.6,1000,0.2,1400,0.2,1
4,11,5862,0,0,300,0.5,1700,0.5,1
5,0,5856,2,10,5,0,666,0.42,420,0.58,1
5,1,3847,1,0,300,0.5,1700,0.5,1
5,2,1555,0,0,500,0.6,1000,0.2,1400,0.2,1
5,3,11371,1,0,300,0.5,572,0.32,486,0.18,1
5,4,6649,2,10,5,0,500,0.6,1000,0.2,1400,0.2,1
5,5,4921,0,0,666,0.42,420,0.58,1
5,6,9789,0,0,300,0.5,572,0.32,486,0.18,1
5,7,1052,0,0,666,0.42,420,0.58,1
5,8,562,0,0,300,0.5,1700,0.5,1
5,9,7761,2,10,5,0,500,0.6,1000,0.2,1400,0.2,1
5,10,308,0,0,666,0.42,420,0.58,1
5,11,7573,0,0,500,0.6,1000,0.2,1400,0.2,1
6,0,3659,0,0,300,0.5,1700,0.5,1
6,1,12905,1,0,300,0.5,572,0.32,486,0.18,1
6,2,2541,2,10,5,0,300,0.5,1700,0.5,1
6,3,10924,1,0,500,0.6,1000,0.2,1400,0.2,1
6,4,13474,2,10,5,0,300,0.5,572,0.32,486,0.18,1
6,5,3765,0,0,300,0.5,1700,0.5,1
6,6,4940,0,0,500,0.6,1000,0.2,1400,0.2,1
6,7,1615,2,10,5,0,500,0.6,1000,0.2,1400,0.2,1
6,8,1030,1,0,300,0.5,572,0.32,486,0.18,1
6,9,10731,2,10,5,0,300,0.5,572,0.32,486,0.18,1
6,10,10745,0,0,300,0.5,1700,0.5,1
6,11,11110,2,10,5,0,500,0.6,1000,0.2,1400,0.2,1
7,0,11083,0,0,300,0.5,572,0.32,486,0.18,1
7,1,6170,2,10,5,0,300,0.5,1700,0.5,1
7,2,14109,2,10,5,0,500,0.6,1000,0.2,1400,0.2,1
7,3,13277,1,0,666,0.42,420,0.58,1
7,4,10838,1,0,500,0.6,1000,0.2,1400,0.2,1
7,5,14731,2,10,5,0,300,0.5,572,0.32,486,0.18,1
7,6,8087,2,10,5,0,500,0.6,1000,0.2,1400,0.2,1
7,7,9569,1,0,300,0.5,1700,0.5,1
7,8,12603,2,10,5,0,666,0.42,420,0.58,1
7,9,460,0,0,300,0.5,572,0.32,486,0.18,1
7,10,10774,0,0,500,0.6,1000,0.2,1400,0.2,1
7,11,10507,2,10,5,0,300,0.5,1700,0.5,1
8,0,12801,0,0,666,0.42,420,0.58,1
8,1,1897,1,0,666,0.42,420,0.58,1
8,2,6878,0,0,300,0.5,1700,0.5,1
8,3,3742,2,10,5,0,300,0.5,572,0.32,486,0.18,1
8,4,9779,1,0,300,0.5,572,0.32,486,0.18,1
8,5,8744,0,0,300,0.5,1700,0.5,1
8,6,1651,2,10,5,0,300,0.5,1700,0.5,1
8,7,12810,1,0,666,0.42,420,0.58,1
8,8,12749,1,0,500,0.6,1000,0.2,1400,0.2,1
8,9,7976,1,0,500,0.6,1000,0.2,1400,0.2,1
8,10,695,1,0,666,0.42,420,0.58,1
8,11,2583,1,0,500,0.6,1000,0.2,1400,0.2,1
9,0,734,0,0,300,0.5,1700,0.5,1
9,1,11227,0,0,500,0.6,1000,0.2,1400,0.2,1
9,2,14547,1,0,300,0.5,1700,0.5,1
9,3,5447,1,0,300,0.5,1700,0.5,1
9,4,11703,1,0,300,0.5,1700,0.5,1
9,5,6155,1,0,300,0.5,572,0.32,486,0.18,1
9,6,2055,2,10,5,0,300,0.5,572,0.32,486,0.18,1
9,7,2982,1,0,300,0.5,1700,0.5,1
9,8,6731,0,0,500,0.6,1000,0.2,1400,0.2,1
9,9,2919,0,0,500,0.6,1000,0.2,1400,0.2,1
9,10,1970,2,10,5,0,666,0.42,420,0.58,1
9,11,2937,0,0,666,0.42,420,0.58,1
10,0,11796,0,0,300,0.5,572,0.32,486,0.18,1
10,1,796,2,10,5,0,666,0.42,420,0.58,1
10,2,1764,1,0,300,0.5,1700,0.5,1
10,3,9582,0,0,500,0.6,1000,0.2,1400,0.2,1
10,4,7914,0,0,300,0.5,1700,0.5,1
10,5,6724,0,0,666,0.42,420,0.58,1
10,6,13300,0,0,666,0.42,420,0.58,1
10,7,1544,2,10,5,0,500,0.6,1000,0.2,1400,0.2,1
10,8,5072,2,10,5,0,500,0.6,1000,0.2,1400,0.2,1
10,9,11651,1,0,666,0.42,420,0.58,1
10,10,4774,0,0,500,0.6,1000,0.2,1400,0.2,1
10,11,7740,0,0,500,0.6,1000,0.2,1400,0.2,1
11,0,4716,1,0,300,0.5,572,0.32,486,0.18,1
11,1,1162,1,0,500,0.6,1000,0.2,1400,0.2,1
11,2,13206,0,0,500,0.6,1000,0.2,1400,0.2,1
11,3,1845,1,0,500,0.6,1000,0.2,1400,0.2,1
11,4,14421,2,10,5,0,666,0.42,420,0.58,1
11,5,8112,1,0,300,0.5,1700,0.5,1
11,6,727,2,10,5,0,500,0.6,1000,0.2,1400,0.2,1
11,7,11981,2,10,5,0,300,0.5,1700,0.5,1
11,8,10216,2,10,5,0,500,0.6,1000,0.2,1400,0.2,1
11,9,7581,1,0,300,0.5,1700,0.5,1
11,10,7080,2,10,5,0,300,0.5,572,0.32,486,0.18,1
11,11,12512,1,0,300,0.5,572,0.32,486,0.18,1
