0,0,14877,1,0,500,0.6,1000,0.2,1400,0.2,1
0,1,6510,0,0,300,0.5,572,0.32,486,0.18,1
0,2,12522,0,0,300,0.5,1700,0.5,1
0,3,11746,1,0,300,0.5,1700,0.5,1
0,4,1918,0,0,300,0.5,572,0.32,486,0.18,1
0,5,6923,1,0,666,0.42,420,0.58,1
0,6,1170,1,0,666,0.42,420,0.58,1
0,7,9851,1,0,300,0.5,1700,0.5,1
0,8,4642,1,0,300,0.5,572,0.32,486,0.18,1
0,9,7411,2,10,5,0,500,0.6,1000,0.2,1400,0.2,1
0,10,4254,0,0,666,0.42,420,0.58,1
0,11,9473,0,0,300,0.5,572,0.32,486,0.18,1
1,0,12696,0,0,500,0.6,1000,0.2,1400,0.2,1
1,1,11917,2,10,5,0,500,0.6,1000,0.2,1400,0.2,1
1,2,14993,2,10,5,0,300,0.5,1700,0.5,0
1,3,11012,0,0,300,0.5,1700,0.5,1
1,4,3389,0,0,300,0.5,1700,0.5,1
1,5,9736,0,0,300,0.5,572,0.32,486,0.18,1
1,6,9921,1,0,300,0.5,572,0.32,486,0.18,1
1,7,3010,2,10,5,0,300,0.5,572,0.32,486,0.18,1
1,8,2979,2,10,5,0,300,0.5,572,0.32,486,0.18,1
1,9,2721,2,10,5,0,300,0.5,572,0.32,486,0.18,1
1,10,6947,0,0,500,0.6,1000,0.2,1400,0.2,1
1,11,9117,1,0,666,0.42,420,0.58,1
2,0,8164,1,0,300,0.5,572,0.32,486,0.18,1
2,1,9744,0,0,300,0.5,572,0.32,486,0.18,1
2,2,7674,0,0,300,0.5,1700,0.5,1
2,3,3484,2,10,5,0,666,0.42,420,0.58,1
2,4,11717,0,0,300,0.5,572,0.32,486,0.18,1
2,5,1653,2,10,5,0,500,0.6,1000,0.2,1400,0.2,1
2,6,14766,2,10,5,0,300,0.5,1700,0.5,1
2,7,8213,1,0,300,0.5,1700,0.5,1
2,8,11805,2,10,5,0,300,0.5,572,0.32,486,0.18,1
2,9,11478,1,0,300,0.5,1700,0.5,1
2,10,2996,2,10,5,0,500,0.6,1000,0.2,1400,0.2,1
2,11,8910,1,0,300,0.5,1700,0.5,1
3,0,10117,2,10,5,0,300,0.5,1700,0.5,1
3,1,6204,1,0,500,0.6,1000,0.2,1400,0.2,1
3,2,12577,0,0,300,0.5,572,0.32,486,0.18,1
3,3,2140,2,10,5,0,300,0.5,1700,0.5,1
3,4,2058,0,0,300,0.5,572,0.32,486,0.18,1
3,5,12152,0,0,500,0.6,1000,0.2,1400,0.2,1
3,6,14648,2,10,5,0,300,0.5,572,0.32,486,0.18,1
3,7,10985,1,0,666,0.42,420,0.58,1
3,8,5658,1,0,500,0.6,1000,0.2,1400,0.2,1
3,9,3584,1,0,666,0.42,420,0.58,1
3,10,10883,2,10,5,0,666,0.42,420,0.58,1
3,11,10406,1,0,500,0.6,1000,0.2,1400,0.2,1
4,0,5677,2,10,5,0,500,0.6,1000,0.2,1400,0.2,1
4,1,11945,0,0,300,0.5,572,0.32,486,0.18,1
4,2,10136,2,10,5,0,300,0.5,1700,0.5,1
4,3,10682,1,0,300,0.5,572,0.32,486,0.18,1
4,4,9491,1,0,300,0.5,572,0.32,486,0.18,1
4,5,1123,2,10,5,0,500,0.6,1000,0.2,1400,0.2,1
4,6,3737,2,10,5,0,666,0.42,420,0.58,1
4,7,14596,1,0,300,0.5,1700,0.5,1
4,8,3467,2,10,5,0,500,0.6,1000,0.2,1400,0.2,1
4,9,8693,0,0,666,0.42,420,0.58,1
4,10,13334,0,0,500,0.6,1000,0.2,1400,0.2,1
4,11,4057,1,0,500,0.6,1000,0.2,1400,0.2,1
5,0,3872,1,0,500,0.6,1000,0.2,1400,0.2,1
5,1,13185,1,0,500,0.6,1000,0.2,1400,0.2,1
5,2,14340,0,0,300,0.5,572,0.32,486,0.18,1
5,3,1261,2,10,5,0,666,0.42,420,0.58,1
5,4,8203,1,0,300,0.5,572,0.32,486,0.18,1
5,5,8645,0,0,300,0.5,1700,0.5,1
5,6,11334,1,0,500,0.6,1000,0.2,1400,0.2,1
5,7,3469,0,0,300,0.5,1700,0.5,1
5,8,14722,1,0,666,0.42,420,0.58,1
5,9,7358,2,10,5,0,300,0.5,572,0.32,486,0.18,1
5,10,4086,1,0,300,0.5,1700,0.5,1
5,11,13033,0,0,300,0.5,572,0.32,486,0.18,1
6,0,13720,0,0,666,0.42,420,0.58,1
6,1,4341,0,0,300,0.5,1700,0.5,1
6,2,10695,0,0,300,0.5,572,0.32,486,0.18,1
6,3,3390,0,0,666,0.42,420,0.58,1
6,4,10115,1,0,666,0.42,420,0.58,1
6,5,7112,2,10,5,0,300,0.5,572,0.32,486,0.18,1
6,6,13656,1,0,666,0.42,420,0.58,1
6,7,8609,2,10,5,0,500,0.6,1000,0.2,1400,0.2,1
6,8,8762,0,0,300,0.5,572,0.32,486,0.18,1
6,9,13422,0,0,666,0.42,420,0.58,1
6,10,10383,2,10,5,0,500,0.6,1000,0.2,1400,0.2,1
6,11,12288,0,0,300,0.5,572,0.32,486,0.18,1
7,0,2899,1,0,300,0.5,1700,0.5,1
7,1,6626,1,0,300,0.5,1700,0.5,1
7,2,3454,2,10,5,0,666,0.42,420,0.58,1
7,3,7703,0,0,300,0.5,572,0.32,486,0.18,1
7,4,6147,1,0,666,0.42,420,0.58,1
7,5,7622,1,0,300,0.5,572,0.32,486,0.18,1
7,6,12620,2,10,5,0,500,0.6,1000,0.2,1400,0.2,1
7,7,8392,2,10,5,0,300,0.5,1700,0.5,1
7,8,12764,0,0,300,0.5,572,0.32,486,0.18,1
7,9,8392,0,0,500,0.6,1000,0.2,1400,0.2,1
7,10,10883,1,0,666,0.42,420,0.58,1
7,11,6495,0,0,666,0.42,420,0.58,1
8,0,6194,1,0,300,0.5,1700,0.5,1
8,1,5810,0,0,300,0.5,572,0.32,486,0.18,1
8,2,12557,2,10,5,0,666,0.42,420,0.58,1
8,3,3723,2,10,5,0,300,0.5,572,0.32,486,0.18,1
8,4,11950,0,0,300,0.5,572,0.32,486,0.18,1
8,5,5995,0,0,300,0.5,1700,0.5,1
8,6,11744,2,10,5,0,300,0.5,572,0.32,486,0.18,1
8,7,5256,1,0,500,0.6,1000,0.2,1400,0.2,1
8,8,10325,0,0,300,0.5,1700,0.5,1
8,9,4346,0,0,300,0.5,1700,0.5,1
8,10,14684,1,0,666,0.42,420,0.58,1
8,11,13192,1,0,300,0.5,1700,0.5,1
9,0,2926,0,0,300,0.5,572,0.32,486,0.18,1
9,1,10578,0,0,300,0.5,572,0.32,486,0.18,1
9,2,5876,0,0,300,0.5,1700,0.5,1
9,3,5709,1,0,666,0.42,420,0.58,1
9,4,5119,2,10,5,0,300,0.5,572,0.32,486,0.18,1
9,5,7562,0,0,300,0.5,572,0.32,486,0.18,1
9,6,167,1,0,300,0.5,572,0.32,486,0.18,1
9,7,10584,0,0,666,0.42,420,0.58,1
9,8,12669,2,10,5,0,300,0.5,572,0.32,486,0.18,1
9,9,7314,2,10,5,0,500,0.6,1000,0.2,1400,0.2,1
9,10,3823,1,0,500,0.6,1000,0.2,1400,0.2,1
9,11,14486,2,10,5,0,300,0.5,1700,0.5,1
10,0,6466,1,0,300,0.5,1700,0.5,1
10,1,11519,2,10,5,0,500,0.6,1000,0.2,1400,0.2,1
10,2,11577,1,0,300,0.5,572,0.32,486,0.18,1
10,3,3708,2,10,5,0,500,0.6,1000,0.2,1400,0.2,1
10,4,3084,1,0,300,0.5,1700,0.5,1
10,5,4115,0,0,500,0.6,1000,0.2,1400,0.2,1
10,6,3763,1,0,666,0.42,420,0.58,1
10,7,8328,2,10,5,0,500,0.6,1000,0.2,1400,0.2,1
10,8,3708,1,0,300,0.5,572,0.32,486,0.18,1
10,9,5597,0,0,666,0.42,420,0.58,1
10,10,5170,1,0,666,0.42,420,0.58,1
10,11,3370,2,10,5,0,500,0.6,1000,0.2,1400,0.2,1
11,0,387,2,10,5,0,666,0.42,420,0.58,1
11,1,9427,1,0,500,0.6,1000,0.2,1400,0.2,1
11,2,5933,0,0,666,0.42,420,0.58,1
11,3,2145,0,0,300,0.5,1700,0.5,1
11,4,13948,1,0,300,0.5,1700,0.5,1
11,5,365,1,0,300,0.5,1700,0.5,1
11,6,11509,2,10,5,0,300,0.5,572,0.32,486,0.18,1
11,7,9478,1,0,666,0.42,420,0.58,1
11,8,4149,1,0,300,0.5,1700,0.5,1
11,9,11536,0,0,666,0.42,420,0.58,1
11,10,10514,1,0,300,0.5,1700,0.5,1
11,11,2050,2,10,5,0,300,0.5,1700,0.5,1
