0,0,11381,2,10,5,0,300,0.5,572,0.32,486,0.18,1
0,1,9887,1,0,300,0.5,1700,0.5,1
0,2,9576,1,0,666,0.42,420,0.58,1
0,3,451,2,10,5,0,300,0.5,1700,0.5,1
0,4,12436,2,10,5,0,500,0.6,1000,0.2,1400,0.2,1
0,5,8662,2,10,5,0,300,0.5,572,0.32,486,0.18,1
0,6,12300,0,0,666,0.42,420,0.58,1
0,7,13847,0,0,500,0.6,1000,0.2,1400,0.2,1
0,8,5550,1,0,666,0.42,420,0.58,1
0,9,9225,0,0,666,0.42,420,0.58,1
0,10,13327,0,0,300,0.5,1700,0.5,1
0,11,10490,2,10,5,0,666,0.42,420,0.58,1
1,0,13617,0,0,300,0.5,572,0.32,486,0.18,1
1,1,10746,0,0,300,0.5,572,0.32,486,0.18,1
1,2,12845,1,0,300,0.5,572,0.32,486,0.18,0
1,3,14955,0,0,500,0.6,1000,0.2,1400,0.2,1
1,4,830,2,10,5,0,666,0.42,420,0.58,1
1,5,10186,0,0,500,0.6,1000,0.2,1400,0.2,1
1,6,2369,0,0,300,0.5,572,0.32,486,0.18,1
1,7,4519,0,0,500,0.6,1000,0.2,1400,0.2,1
1,8,5111,0,0,666,0.42,420,0.58,1
1,9,11305,1,0,666,0.42,420,0.58,1
1,10,5506,1,0,300,0.5,1700,0.5,1
1,11,157,2,10,5,0,300,0.5,572,0.32,486,0.18,1
2,0,8873,0,0,666,0.42,420,0.58,1
2,1,6815,0,0,300,0.5,572,0.32,486,0.18,1
2,2,5259,2,10,5,0,300,0.5,572,0.32,486,0.18,1
2,3,5855,2,10,5,0,666,0.42,420,0.58,1
2,4,11241,0,0,300,0.5,572,0.32,486,0.18,1
2,5,7358,1,0,300,0.5,1700,0.5,1
2,6,593,1,0,300,0.5,1700,0.5,1
2,7,2292,0,0,666,0.42,420,0.58,1
2,8,307,1,0,500,0.6,1000,0.2,1400,0.2,1
2,9,9688,1,0,300,0.5,572,0.32,486,0.18,1
2,10,12063,1,0,300,0.5,1700,0.5,1
2,11,6870,0,0,300,0.5,1700,0.5,1
3,0,3230,0,0,666,0.42,420,0.58,1
3,1,6997,0,0,300,0.5,1700,0.5,1
3,2,1495,0,0,500,0.6,1000,0.2,1400,0.2,1
3,3,6961,1,0,300,0.5,572,0.32,486,0.18,1
3,4,9929,2,10,5,0,300,0.5,572,0.32,486,0.18,1
3,5,14677,1,0,300,0.5,1700,0.5,1
3,6,8007,0,0,500,0.6,1000,0.2,1400,0.2,1
3,7,4447,1,0,300,0.5,572,0.32,486,0.18,1
3,8,12817,0,0,300,0.5,572,0.32,486,0.18,1
3,9,3174,1,0,666,0.42,420,0.58,1
3,10,14475,0,0,300,0.5,1700,0.5,1
3,11,1103,2,10,5,0,666,0.42,420,0.58,1
4,0,12884,2,10,5,0,666,0.42,420,0.58,1
4,1,5371,0,0,300,0.5,572,0.32,486,0.18,1
4,2,2321,2,10,5,0,300,0.5,572,0.32,486,0.18,1
4,3,12910,1,0,500,0.6,1000,0.2,1400,0.2,1
4,4,5584,0,0,500,0.6,1000,0.2,1400,0.2,1
4,5,1644,0,0,300,0.5,1700,0.5,1
4,6,10873,2,10,5,0,300,0.5,572,0.32,486,0.18,1
4,7,4794,1,0,666,0.42,420,0.58,1
4,8,13442,1,0,500,0.6,1000,0.2,1400,0.2,1
4,9,13695,0,0,300,0.5,572,0.32,486,0.18,1
4,10,13612,1,0,666,0.42,420,0.58,1
4,11,9633,1,0,500,0.6,1000,0.2,1400,0.2,1
5,0,123,2,10,5,0,500,0.6,1000,0.2,1400,0.2,1
5,1,4800,1,0,300,0.5,1700,0.5,1
5,2,9798,2,10,5,0,500,0.6,1000,0.2,1400,0.2,1
5,3,4588,0,0,300,0.5,572,0.32,486,0.18,1
5,4,10528,2,10,5,0,500,0.6,1000,0.2,1400,0.2,1
5,5,5983,1,0,666,0.42,420,0.58,1
5,6,6001,1,0,666,0.42,420,0.58,1
5,7,8271,2,10,5,0,500,0.6,1000,0.2,1400,0.2,1
5,8,13650,2,10,5,0,666,0.42,420,0.58,1
5,9,8247,1,0,300,0.5,572,0.32,486,0.18,1
5,10,4240,2,10,5,0,300,0.5,572,0.32,486,0.18,1
5,11,10392,0,0,300,0.5,572,0.32,486,0.18,1
6,0,5187,1,0,300,0.5,572,0.32,486,0.18,1
6,1,8674,1,0,300,0.5,572,0.32,486,0.18,1
6,2,9780,2,10,5,0,666,0.42,420,0.58,1
6,3,12162,2,10,5,0,666,0.42,420,0.58,1
6,4,7986,0,0,300,0.5,1700,0.5,1
6,5,4925,1,0,300,0.5,572,0.32,486,0.18,1
6,6,9667,0,0,500,0.6,1000,0.2,1400,0.2,1
6,7,13256,0,0,300,0.5,572,0.32,486,0.18,1
6,8,11759,1,0,300,0.5,572,0.32,486,0.18,1
6,9,8028,0,0,666,0.42,420,0.58,1
6,10,11274,2,10,5,0,300,0.5,572,0.32,486,0.18,1
6,11,12066,1,0,666,0.42,420,0.58,1
7,0,10775,1,0,500,0.6,1000,0.2,1400,0.2,1
7,1,6372,1,0,300,0.5,572,0.32,486,0.18,1
7,2,5662,0,0,300,0.5,1700,0.5,1
7,3,5613,0,0,666,0.42,420,0.58,1
7,4,4035,1,0,666,0.42,420,0.58,1
7,5,714,1,0,300,0.5,1700,0.5,1
7,6,5682,1,0,300,0.5,572,0.32,486,0.18,1
7,7,5941,0,0,666,0.42,420,0.58,1
7,8,1059,0,0,500,0.6,1000,0.2,1400,0.2,1
7,9,4282,1,0,300,0.5,1700,0.5,1
7,10,10524,2,10,5,0,300,0.5,1700,0.5,1
7,11,6040,0,0,300,0.5,572,0.32,486,0.18,1
8,0,4814,0,0,300,0.5,1700,0.5,1
8,1,13670,0,0,300,0.5,572,0.32,486,0.18,1
8,2,1657,0,0,666,0.42,420,0.58,1
8,3,809,1,0,300,0.5,1700,0.5,1
8,4,5252,2,10,5,0,300,0.5,572,0.32,486,0.18,1
8,5,14295,2,10,5,0,300,0.5,572,0.32,486,0.18,1
8,6,11243,0,0,300,0.5,1700,0.5,1
8,7,5926,2,10,5,0,300,0.5,572,0.32,486,0.18,1
8,8,11249,0,0,666,0.42,420,0.58,1
8,9,1748,1,0,300,0.5,572,0.32,486,0.18,1
8,10,11545,2,10,5,0,666,0.42,420,0.58,1
8,11,4356,1,0,500,0.6,1000,0.2,1400,0.2,1
9,0,2885,1,0,300,0.5,1700,0.5,1
9,1,6693,0,0,300,0.5,1700,0.5,1
9,2,4175,0,0,500,0.6,1000,0.2,1400,0.2,1
9,3,1054,1,0,500,0.6,1000,0.2,1400,0.2,1
9,4,4272,0,0,300,0.5,572,0.32,486,0.18,1
9,5,3672,0,0,300,0.5,572,0.32,486,0.18,1
9,6,851,0,0,666,0.42,420,0.58,1
9,7,12021,1,0,666,0.42,420,0.58,1
9,8,863,1,0,666,0.42,420,0.58,1
9,9,7960,2,10,5,0,300,0.5,1700,0.5,1
9,10,5948,1,0,666,0.42,420,0.58,1
9,11,190,2,10,5,0,666,0.42,420,0.58,1
10,0,10615,2,10,5,0,500,0.6,1000,0.2,1400,0.2,1
10,1,11566,0,0,300,0.5,572,0.32,486,0.18,1
10,2,9895,1,0,666,0.42,420,0.58,1
10,3,14123,1,0,500,0.6,1000,0.2,1400,0.2,1
10,4,846,2,10,5,0,666,0.42,420,0.58,1
10,5,853,2,10,5,0,666,0.42,420,0.58,1
10,6,529,0,0,300,0.5,1700,0.5,1
10,7,7137,2,10,5,0,666,0.42,420,0.58,1
10,8,6940,0,0,300,0.5,572,0.32,486,0.18,1
10,9,938,0,0,666,0.42,420,0.58,1
10,10,12045,0,0,500,0.6,1000,0.2,1400,0.2,1
10,11,6207,2,10,5,0,666,0.42,420,0.58,1
11,0,243,1,0,300,0.5,572,0.32,486,0.18,1
11,1,10954,1,0,300,0.5,572,0.32,486,0.18,1
11,2,3225,1,0,300,0.5,1700,0.5,1
11,3,9635,2,10,5,0,300,0.5,1700,0.5,1
11,4,11896,2,10,5,0,666,0.42,420,0.58,1
11,5,2568,0,0,300,0.5,1700,0.5,1
11,6,469,2,10,5,0,300,0.5,1700,0.5,1
11,7,3670,1,0,666,0.42,420,0.58,1
11,8,7383,2,10,5,0,666,0.42,420,0.58,1
11,9,736,2,10,5,0,666,0.42,420,0.58,1
11,10,5388,2,10,5,0,666,0.42,420,0.58,1
11,11,11717,2,10,5,0,300,0.5,572,0.32,486,0.18,1
