0,0,12634,2,10,5,0,300,0.5,572,0.32,486,0.18,1
0,1,2940,2,10,5,0,666,0.42,420,0.58,1
0,2,10172,0,0,666,0.42,420,0.58,1
0,3,11304,1,0,500,0.6,1000,0.2,1400,0.2,1
0,4,5206,1,0,666,0.42,420,0.58,1
0,5,12011,2,10,5,0,666,0.42,420,0.58,1
0,6,4455,2,10,5,0,300,0.5,1700,0.5,1
0,7,1573,1,0,300,0.5,1700,0.5,1
0,8,2678,1,0,300,0.5,572,0.32,486,0.18,1
0,9,5733,2,10,5,0,500,0.6,1000,0.2,1400,0.2,1
0,10,9887,2,10,5,0,300,0.5,572,0.32,486,0.18,1
0,11,2980,2,10,5,0,500,0.6,1000,0.2,1400,0.2,1
1,0,6195,2,10,5,0,666,0.42,420,0.58,1
1,1,10139,1,0,300,0.5,572,0.32,486,0.18,1
1,2,10380,1,0,666,0.42,420,0.58,0
1,3,14344,0,0,500,0.6,1000,0.2,1400,0.2,1
1,4,481,1,0,300,0.5,572,0.32,486,0.18,1
1,5,5663,1,0,300,0.5,1700,0.5,1
1,6,10079,0,0,300,0.5,1700,0.5,1
1,7,14690,1,0,300,0.5,572,0.32,486,0.18,1
1,8,8899,0,0,300,0.5,572,0.32,486,0.18,1
1,9,3635,2,10,5,0,500,0.6,1000,0.2,1400,0.2,1
1,10,6983,0,0,500,0.6,1000,0.2,1400,0.2,1
1,11,2754,0,0,300,0.5,1700,0.5,1
2,0,12419,1,0,300,0.5,572,0.32,486,0.18,1
2,1,2029,1,0,666,0.42,420,0.58,1
2,2,10578,1,0,500,0.6,1000,0.2,1400,0.2,1
2,3,13441,0,0,300,0.5,572,0.32,486,0.18,1
2,4,1621,0,0,300,0.5,572,0.32,486,0.18,1
2,5,14593,2,10,5,0,666,0.42,420,0.58,1
2,6,8714,0,0,300,0.5,572,0.32,486,0.18,1
2,7,2163,0,0,300,0.5,1700,0.5,1
2,8,9738,1,0,300,0.5,1700,0.5,1
2,9,973,0,0,300,0.5,572,0.32,486,0.18,1
2,10,7027,2,10,5,0,300,0.5,1700,0.5,1
2,11,1416,0,0,300,0.5,572,0.32,486,0.18,1
3,0,5244,2,10,5,0,300,0.5,572,0.32,486,0.18,1
3,1,2051,1,0,666,0.42,420,0.58,1
3,2,4548,0,0,500,0.6,1000,0.2,1400,0.2,1
3,3,13412,1,0,300,0.5,572,0.32,486,0.18,1
3,4,135,1,0,300,0.5,572,0.32,486,0.18,1
3,5,12686,1,0,300,0.5,572,0.32,486,0.18,1
3,6,2639,0,0,500,0.6,1000,0.2,1400,0.2,1
3,7,2464,0,0,300,0.5,572,0.32,486,0.18,1
3,8,12641,1,0,666,0.42,420,0.58,1
3,9,13134,0,0,666,0.42,420,0.58,1
3,10,3323,2,10,5,0,666,0.42,420,0.58,1
3,11,29,2,10,5,0,300,0.5,572,0.32,486,0.18,1
4,0,11171,2,10,5,0,300,0.5,572,0.32,486,0.18,1
4,1,12153,1,0,666,0.42,420,0.58,1
4,2,5907,1,0,500,0.6,1000,0.2,1400,0.2,1
4,3,1712,2,10,5,0,300,0.5,1700,0.5,1
4,4,13044,1,0,500,0.6,1000,0.2,1400,0.2,1
4,5,8592,0,0,300,0.5,1700,0.5,1
4,6,3028,0,0,666,0.42,420,0.58,1
4,7,1571,2,10,5,0,300,0.5,1700,0.5,1
4,8,2482,1,0,300,0.5,1700,0.5,1
4,9,955,0,0,300,0.5,572,0.32,486,0.18,1
4,10,6785,0,0,666,0.42,420,0.58,1
4,11,14334,1,0,666,0.42,420,0.58,1
5,0,211,1,0,500,0.6,1000,0.2,1400,0.2,1
5,1,3945,2,10,5,0,500,0.6,1000,0.2,1400,0.2,1
5,2,10144,0,0,500,0.6,1000,0.2,1400,0.2,1
5,3,5202,1,0,500,0.6,1000,0.2,1400,0.2,1
5,4,11065,0,0,300,0.5,1700,0.5,1
5,5,5757,0,0,300,0.5,1700,0.5,1
5,6,13955,0,0,300,0.5,1700,0.5,1
5,7,6190,2,10,5,0,300,0.5,572,0.32,486,0.18,1
5,8,7962,0,0,300,0.5,572,0.32,486,0.18,1
5,9,9005,1,0,666,0.42,420,0.58,1
5,10,684,2,10,5,0,666,0.42,420,0.58,1
5,11,1293,2,10,5,0,666,0.42,420,0.58,1
6,0,2362,2,10,5,0,300,0.5,1700,0.5,1
6,1,4728,2,10,5,0,500,0.6,1000,0.2,1400,0.2,1
6,2,6095,1,0,300,0.5,572,0.32,486,0.18,1
6,3,9716,1,0,666,0.42,420,0.58,1
6,4,12702,0,0,500,0.6,1000,0.2,1400,0.2,1
6,5,13206,0,0,500,0.6,1000,0.2,1400,0.2,1
6,6,160,0,0,300,0.5,1700,0.5,1
6,7,3780,2,10,5,0,300,0.5,1700,0.5,1
6,8,9191,0,0,300,0.5,572,0.32,486,0.18,1
6,9,7079,2,10,5,0,300,0.5,1700,0.5,1
6,10,2414,1,0,500,0.6,1000,0.2,1400,0.2,1
6,11,9475,2,10,5,0,300,0.5,1700,0.5,1
7,0,272,2,10,5,0,666,0.42,420,0.58,1
7,1,10050,0,0,666,0.42,420,0.58,1
7,2,2980,2,10,5,0,300,0.5,1700,0.5,1
7,3,3051,2,10,5,0,500,0.6,1000,0.2,1400,0.2,1
7,4,12931,1,0,500,0.6,1000,0.2,1400,0.2,1
7,5,2577,1,0,500,0.6,1000,0.2,1400,0.2,1
7,6,13477,1,0,666,0.42,420,0.58,1
7,7,10203,1,0,666,0.42,420,0.58,1
7,8,11130,2,10,5,0,300,0.5,572,0.32,486,0.18,1
7,9,1365,1,0,300,0.5,1700,0.5,1
7,10,3613,1,0,300,0.5,572,0.32,486,0.18,1
7,11,2524,1,0,666,0.42,420,0.58,1
8,0,6096,1,0,300,0.5,1700,0.5,1
8,1,3175,0,0,300,0.5,1700,0.5,1
8,2,2462,0,0,666,0.42,420,0.58,1
8,3,13794,1,0,300,0.5,1700,0.5,1
8,4,1064,2,10,5,0,300,0.5,572,0.32,486,0.18,1
8,5,5323,0,0,666,0.42,420,0.58,1
8,6,14126,2,10,5,0,666,0.42,420,0.58,1
8,7,5258,1,0,300,0.5,572,0.32,486,0.18,1
8,8,5856,1,0,666,0.42,420,0.58,1
8,9,11526,0,0,666,0.42,420,0.58,1
8,10,9434,2,10,5,0,300,0.5,1700,0.5,1
8,11,14485,0,0,300,0.5,572,0.32,486,0.18,1
9,0,10240,2,10,5,0,500,0.6,1000,0.2,1400,0.2,1
9,1,2112,0,0,300,0.5,572,0.32,486,0.18,1
9,2,1389,1,0,300,0.5,572,0.32,486,0.18,1
9,3,2270,0,0,300,0.5,1700,0.5,1
9,4,7570,2,10,5,0,500,0.6,1000,0.2,1400,0.2,1
9,5,2263,0,0,300,0.5,572,0.32,486,0.18,1
9,6,6473,1,0,500,0.6,1000,0.2,1400,0.2,1
9,7,12798,1,0,666,0.42,420,0.58,1
9,8,1016,2,10,5,0,666,0.42,420,0.58,1
9,9,13765,2,10,5,0,500,0.6,1000,0.2,1400,0.2,1
9,10,6511,2,10,5,0,300,0.5,1700,0.5,1
9,11,14077,0,0,666,0.42,420,0.58,1
10,0,12218,1,0,300,0.5,1700,0.5,1
10,1,12888,2,10,5,0,300,0.5,1700,0.5,1
10,2,3788,0,0,300,0.5,572,0.32,486,0.18,1
10,3,2808,2,10,5,0,300,0.5,572,0.32,486,0.18,1
10,4,1215,1,0,300,0.5,572,0.32,486,0.18,1
10,5,818,1,0,300,0.5,572,0.32,486,0.18,1
10,6,718,1,0,500,0.6,1000,0.2,1400,0.2,1
10,7,2667,1,0,300,0.5,572,0.32,486,0.18,1
10,8,5722,2,10,5,0,500,0.6,1000,0.2,1400,0.2,1
10,9,10919,0,0,300,0.5,572,0.32,486,0.18,1
10,10,5604,1,0,300,0.5,572,0.32,486,0.18,1
10,11,2504,1,0,666,0.42,420,0.58,1
11,0,12772,1,0,300,0.5,572,0.32,486,0.18,1
11,1,5682,1,0,666,0.42,420,0.58,1
11,2,8926,1,0,300,0.5,1700,0.5,1
11,3,838,0,0,300,0.5,1700,0.5,1
11,4,1172,1,0,666,0.42,420,0.58,1
11,5,8779,1,0,500,0.6,1000,0.2,1400,0.2,1
11,6,4040,2,10,5,0,500,0.6,1000,0.2,1400,0.2,1
11,7,13131,2,10,5,0,666,0.42,420,0.58,1
11,8,4413,0,0,666,0.42,420,0.58,1
11,9,7606,2,10,5,0,300,0.5,1700,0.5,1
11,10,10722,1,0,666,0.42,420,0.58,1
11,11,12846,0,0,300,0.5,1700,0.5,1
