0,0,5514,2,10,5,0,666,0.42,420,0.58,1
0,1,13572,0,0,300,0.5,1700,0.5,1
0,2,4237,1,0,300,0.5,1700,0.5,1
0,3,12971,0,0,300,0.5,1700,0.5,1
0,4,3537,0,0,666,0.42,420,0.58,1
0,5,7389,1,0,300,0.5,572,0.32,486,0.18,1
0,6,7114,2,10,5,0,500,0.6,1000,0.2,1400,0.2,1
0,7,6496,1,0,300,0.5,572,0.32,486,0.18,1
0,8,4818,1,0,666,0.42,420,0.58,1
0,9,13992,1,0,300,0.5,1700,0.5,1
0,10,10221,2,10,5,0,300,0.5,1700,0.5,1
0,11,10217,1,0,300,0.5,572,0.32,486,0.18,1
1,0,9554,0,0,500,0.6,1000,0.2,1400,0.2,1
1,1,3297,2,10,5,0,666,0.42,420,0.58,1
1,2,12057,1,0,300,0.5,1700,0.5,0
1,3,14301,1,0,300,0.5,1700,0.5,1
1,4,11193,1,0,300,0.5,1700,0.5,1
1,5,13851,2,10,5,0,300,0.5,572,0.32,486,0.18,1
1,6,4626,0,0,500,0.6,1000,0.2,1400,0.2,1
1,7,5512,1,0,500,0.6,1000,0.2,1400,0.2,1
1,8,5221,0,0,300,0.5,1700,0.5,1
1,9,1568,2,10,5,0,300,0.5,572,0.32,486,0.18,1
1,10,4761,2,10,5,0,500,0.6,1000,0.2,1400,0.2,1
1,11,9733,0,0,300,0.5,1700,0.5,1
2,0,10624,1,0,300,0.5,1700,0.5,1
2,1,13956,2,10,5,0,300,0.5,1700,0.5,1
2,2,3871,2,10,5,0,666,0.42,420,0.58,1
2,3,11556,2,10,5,0,500,0.6,1000,0.2,1400,0.2,1
2,4,9736,1,0,300,0.5,1700,0.5,1
2,5,12593,1,0,300,0.5,1700,0.5,1
2,6,652,2,10,5,0,300,0.5,1700,0.5,1
2,7,5724,0,0,300,0.5,1700,0.5,1
2,8,3123,0,0,500,0.6,1000,0.2,1400,0.2,1
2,9,5631,0,0,666,0.42,420,0.58,1
2,10,13996,1,0,666,0.42,420,0.58,1
2,11,6358,0,0,500,0.6,1000,0.2,1400,0.2,1
3,0,5576,0,0,300,0.5,572,0.32,486,0.18,1
3,1,1052,2,10,5,0,300,0.5,572,0.32,486,0.18,1
3,2,13551,1,0,666,0.42,420,0.58,1
3,3,9320,1,0,300,0.5,1700,0.5,1
3,4,11327,0,0,500,0.6,1000,0.2,1400,0.2,1
3,5,14790,1,0,500,0.6,1000,0.2,1400,0.2,1
3,6,1264,1,0,300,0.5,572,0.32,486,0.18,1
3,7,13260,1,0,666,0.42,420,0.58,1
3,8,11592,2,10,5,0,500,0.6,1000,0.2,1400,0.2,1
3,9,8886,1,0,500,0.6,1000,0.2,1400,0.2,1
3,10,8665,0,0,500,0.6,1000,0.2,1400,0.2,1
3,11,659,2,10,5,0,500,0.6,1000,0.2,1400,0.2,1
4,0,14733,2,10,5,0,300,0.5,1700,0.5,1
4,1,4840,1,0,666,0.42,420,0.58,1
4,2,14537,1,0,500,0.6,1000,0.2,1400,0.2,1
4,3,5406,0,0,500,0.6,1000,0.2,1400,0.2,1
4,4,12386,0,0,300,0.5,1700,0.5,1
4,5,8683,0,0,500,0.6,1000,0.2,1400,0.2,1
4,6,41,0,0,300,0.5,572,0.32,486,0.18,1
4,7,14165,1,0,666,0.42,420,0.58,1
4,8,1238,1,0,500,0.6,1000,0.2,1400,0.2,1
4,9,5404,0,0,500,0.6,1000,0.2,1400,0.2,1
4,10,6156,2,10,5,0,500,0.6,1000,0.2,1400,0.2,1
4,11,4323,1,0,300,0.5,1700,0.5,1
5,0,13358,2,10,5,0,300,0.5,572,0.32,486,0.18,1
5,1,12441,2,10,5,0,300,0.5,1700,0.5,1
5,2,5956,0,0,500,0.6,1000,0.2,1400,0.2,1
5,3,12721,1,0,300,0.5,1700,0.5,1
5,4,3572,1,0,300,0.5,1700,0.5,1
5,5,14169,1,0,300,0.5,1700,0.5,1
5,6,9443,2,10,5,0,300,0.5,572,0.32,486,0.18,1
5,7,2585,0,0,300,0.5,572,0.32,486,0.18,1
5,8,12805,1,0,500,0.6,1000,0.2,1400,0.2,1
5,9,12059,2,10,5,0,500,0.6,1000,0.2,1400,0.2,1
5,10,10534,2,10,5,0,666,0.42,420,0.58,1
5,11,3446,1,0,666,0.42,420,0.58,1
6,0,13418,1,0,300,0.5,1700,0.5,1
6,1,3919,1,0,300,0.5,1700,0.5,1
6,2,2531,1,0,300,0.5,1700,0.5,1
6,3,662,0,0,666,0.42,420,0.58,1
6,4,4375,2,10,5,0,500,0.6,1000,0.2,1400,0.2,1
6,5,14460,1,0,500,0.6,1000,0.2,1400,0.2,1
6,6,10611,2,10,5,0,300,0.5,572,0.32,486,0.18,1
6,7,10975,0,0,300,0.5,572,0.32,486,0.18,1
6,8,10994,2,10,5,0,500,0.6,1000,0.2,1400,0.2,1
6,9,2412,0,0,666,0.42,420,0.58,1
6,10,8716,2,10,5,0,500,0.6,1000,0.2,1400,0.2,1
6,11,14573,0,0,300,0.5,572,0.32,486,0.18,1
7,0,3967,2,10,5,0,300,0.5,572,0.32,486,0.18,1
7,1,5785,1,0,666,0.42,420,0.58,1
7,2,9381,2,10,5,0,666,0.42,420,0.58,1
7,3,6983,1,0,500,0.6,1000,0.2,1400,0.2,1
7,4,7872,0,0,300,0.5,572,0.32,486,0.18,1
7,5,13349,0,0,500,0.6,1000,0.2,1400,0.2,1
7,6,1846,0,0,500,0.6,1000,0.2,1400,0.2,1
7,7,9162,0,0,666,0.42,420,0.58,1
7,8,10874,0,0,666,0.42,420,0.58,1
7,9,6750,1,0,300,0.5,1700,0.5,1
7,10,12598,2,10,5,0,666,0.42,420,0.58,1
7,11,14876,1,0,500,0.6,1000,0.2,1400,0.2,1
8,0,6755,1,0,500,0.6,1000,0.2,1400,0.2,1
8,1,7413,0,0,300,0.5,1700,0.5,1
8,2,4591,1,0,500,0.6,1000,0.2,1400,0.2,1
8,3,9090,1,0,666,0.42,420,0.58,1
8,4,6032,1,0,666,0.42,420,0.58,1
8,5,12194,1,0,666,0.42,420,0.58,1
8,6,1243,2,10,5,0,500,0.6,1000,0.2,1400,0.2,1
8,7,14519,2,10,5,0,300,0.5,572,0.32,486,0.18,1
8,8,5916,1,0,666,0.42,420,0.58,1
8,9,352,0,0,666,0.42,420,0.58,1
8,10,8707,2,10,5,0,500,0.6,1000,0.2,1400,0.2,1
8,11,5228,1,0,300,0.5,572,0.32,486,0.18,1
9,0,9980,0,0,300,0.5,1700,0.5,1
9,1,5875,0,0,500,0.6,1000,0.2,1400,0.2,1
9,2,13011,2,10,5,0,300,0.5,572,0.32,486,0.18,1
9,3,9921,0,0,666,0.42,420,0.58,1
9,4,12905,1,0,500,0.6,1000,0.2,1400,0.2,1
9,5,12235,2,10,5,0,500,0.6,1000,0.2,1400,0.2,1
9,6,6661,2,10,5,0,300,0.5,1700,0.5,1
9,7,457,2,10,5,0,666,0.42,420,0.58,1
9,8,10039,1,0,300,0.5,1700,0.5,1
9,9,13940,1,0,666,0.42,420,0.58,1
9,10,782,0,0,300,0.5,572,0.32,486,0.18,1
9,11,1929,2,10,5,0,500,0.6,1000,0.2,1400,0.2,1
10,0,9717,0,0,300,0.5,1700,0.5,1
10,1,494,1,0,300,0.5,1700,0.5,1
10,2,11890,1,0,500,0.6,1000,0.2,1400,0.2,1
10,3,6559,2,10,5,0,300,0.5,1700,0.5,1
10,4,4879,1,0,666,0.42,420,0.58,1
10,5,4930,2,10,5,0,500,0.6,1000,0.2,1400,0.2,1
10,6,13091,2,10,5,0,666,0.42,420,0.58,1
10,7,742,2,10,5,0,300,0.5,1700,0.5,1
10,8,9177,0,0,300,0.5,1700,0.5,1
10,9,2413,0,0,500,0.6,1000,0.2,1400,0.2,1
10,10,14652,1,0,300,0.5,1700,0.5,1
10,11,9802,0,0,300,0.5,1700,0.5,1
11,0,12657,0,0,300,0.5,572,0.32,486,0.18,1
11,1,414,1,0,500,0.6,1000,0.2,1400,0.2,1
11,2,8448,2,10,5,0,300,0.5,572,0.32,486,0.18,1
11,3,4207,1,0,500,0.6,1000,0.2,1400,0.2,1
11,4,12008,0,0,300,0.5,572,0.32,486,0.18,1
11,5,4295,0,0,300,0.5,572,0.32,486,0.18,1
11,6,8123,2,10,5,0,300,0.5,1700,0.5,1
11,7,10444,1,0,666,0.42,420,0.58,1
11,8,11861,1,0,500,0.6,1000,0.2,1400,0.2,1
11,9,10820,0,0,666,0.42,420,0.58,1
11,10,8528,2,10,5,0,300,0.5,572,0.32,486,0.18,1
11,11,11372,2,10,5,0,300,0.5,572,0.32,486,0.18,1
