0,0,13600,1,0,300,0.5,1700,0.5,1
0,1,14521,1,0,300,0.5,1700,0.5,1
0,2,4563,0,0,500,0.6,1000,0.2,1400,0.2,1
0,3,908,1,0,300,0.5,1700,0.5,1
0,4,14878,0,0,300,0.5,1700,0.5,1
0,5,1868,1,0,300,0.5,1700,0.5,1
0,6,7105,0,0,500,0.6,1000,0.2,1400,0.2,1
0,7,3012,1,0,300,0.5,572,0.32,486,0.18,1
0,8,14164,0,0,300,0.5,1700,0.5,1
0,9,3926,0,0,300,0.5,1700,0.5,1
0,10,11588,0,0,300,0.5,572,0.32,486,0.18,1
0,11,8746,0,0,666,0.42,420,0.58,1
1,0,11716,1,0,300,0.5,1700,0.5,1
1,1,13786,2,10,5,0,500,0.6,1000,0.2,1400,0.2,1
1,2,3297,2,10,5,0,300,0.5,1700,0.5,0
1,3,4267,1,0,300,0.5,1700,0.5,1
1,4,6189,0,0,666,0.42,420,0.58,1
1,5,12455,0,0,300,0.5,572,0.32,486,0.18,1
1,6,1445,2,10,5,0,300,0.5,572,0.32,486,0.18,1
1,7,630,1,0,500,0.6,1000,0.2,1400,0.2,1
1,8,4511,2,10,5,0,300,0.5,1700,0.5,1
1,9,2204,1,0,666,0.42,420,0.58,1
1,10,6925,2,10,5,0,300,0.5,572,0.32,486,0.18,1
1,11,6181,0,0,500,0.6,1000,0.2,1400,0.2,1
2,0,12525,2,10,5,0,300,0.5,572,0.32,486,0.18,1
2,1,9792,2,10,5,0,300,0.5,572,0.32,486,0.18,1
2,2,5962,1,0,666,0.42,420,0.58,1
2,3,12512,2,10,5,0,300,0.5,572,0.32,486,0.18,1
2,4,6955,1,0,300,0.5,1700,0.5,1
2,5,6944,2,10,5,0,500,0.6,1000,0.2,1400,0.2,1
2,6,11982,0,0,500,0.6,1000,0.2,1400,0.2,1
2,7,10499,2,10,5,0,300,0.5,572,0.32,486,0.18,1
2,8,652,2,10,5,0,666,0.42,420,0.58,1
2,9,10219,0,0,500,0.6,1000,0.2,1400,0.2,1
2,10,13821,0,0,500,0.6,1000,0.2,1400,0.2,1
2,11,11284,2,10,5,0,300,0.5,1700,0.5,1
3,0,1536,0,0,300,0.5,572,0.32,486,0.18,1
3,1,1171,2,10,5,0,300,0.5,1700,0.5,1
3,2,9478,0,0,666,0.42,420,0.58,1
3,3,8802,0,0,500,0.6,1000,0.2,1400,0.2,1
3,4,2043,1,0,300,0.5,572,0.32,486,0.18,1
3,5,11337,1,0,500,0.6,1000,0.2,1400,0.2,1
3,6,4975,2,10,5,0,500,0.6,1000,0.2,1400,0.2,1
3,7,53,1,0,666,0.42,420,0.58,1
3,8,8192,0,0,500,0.6,1000,0.2,1400,0.2,1
3,9,7302,1,0,500,0.6,1000,0.2,1400,0.2,1
3,10,3124,0,0,300,0.5,572,0.32,486,0.18,1
3,11,8169,1,0,666,0.42,420,0.58,1
4,0,2832,2,10,5,0,300,0.5,572,0.32,486,0.18,1
4,1,310,1,0,300,0.5,572,0.32,486,0.18,1
4,2,11263,1,0,500,0.6,1000,0.2,1400,0.2,1
4,3,12735,1,0,300,0.5,572,0.32,486,0.18,1
4,4,6078,1,0,300,0.5,1700,0.5,1
4,5,10423,1,0,666,0.42,420,0.58,1
4,6,8895,1,0,300,0.5,572,0.32,486,0.18,1
4,7,3511,0,0,300,0.5,1700,0.5,1
4,8,5526,0,0,666,0.42,420,0.58,1
4,9,11603,2,10,5,0,500,0.6,1000,0.2,1400,0.2,1
4,10,10252,1,0,300,0.5,572,0.32,486,0.18,1
4,11,13598,1,0,500,0.6,1000,0.2,1400,0.2,1
5,0,3596,0,0,500,0.6,1000,0.2,1400,0.2,1
5,1,9865,0,0,300,0.5,1700,0.5,1
5,2,8800,2,10,5,0,300,0.5,572,0.32,486,0.18,1
5,3,3305,1,0,500,0.6,1000,0.2,1400,0.2,1
5,4,5898,2,10,5,0,666,0.42,420,0.58,1
5,5,12792,1,0,300,0.5,572,0.32,486,0.18,1
5,6,10038,2,10,5,0,666,0.42,420,0.58,1
5,7,662,2,10,5,0,300,0.5,1700,0.5,1
5,8,3221,1,0,300,0.5,1700,0.5,1
5,9,6239,0,0,666,0.42,420,0.58,1
5,10,14925,0,0,300,0.5,572,0.32,486,0.18,1
5,11,13742,2,10,5,0,500,0.6,1000,0.2,1400,0.2,1
6,0,1091,1,0,666,0.42,420,0.58,1
6,1,1818,2,10,5,0,500,0.6,1000,0.2,1400,0.2,1
6,2,500,1,0,300,0.5,1700,0.5,1
6,3,4369,2,10,5,0,300,0.5,1700,0.5,1
6,4,10116,1,0,300,0.5,1700,0.5,1
6,5,10441,1,0,300,0.5,1700,0.5,1
6,6,12309,2,10,5,0,300,0.5,572,0.32,486,0.18,1
6,7,9888,0,0,666,0.42,420,0.58,1
6,8,11137,0,0,300,0.5,572,0.32,486,0.18,1
6,9,11330,1,0,500,0.6,1000,0.2,1400,0.2,1
6,10,3160,0,0,300,0.5,572,0.32,486,0.18,1
6,11,11760,2,10,5,0,300,0.5,1700,0.5,1
7,0,1657,1,0,500,0.6,1000,0.2,1400,0.2,1
7,1,3395,0,0,300,0.5,1700,0.5,1
7,2,10109,0,0,500,0.6,1000,0.2,1400,0.2,1
7,3,12515,2,10,5,0,300,0.5,1700,0.5,1
7,4,12719,0,0,300,0.5,572,0.32,486,0.18,1
7,5,4481,2,10,5,0,500,0.6,1000,0.2,1400,0.2,1
7,6,6130,1,0,300,0.5,572,0.32,486,0.18,1
7,7,2001,0,0,300,0.5,572,0.32,486,0.18,1
7,8,13676,2,10,5,0,300,0.5,1700,0.5,1
7,9,11466,1,0,500,0.6,1000,0.2,1400,0.2,1
7,10,2313,2,10,5,0,300,0.5,1700,0.5,1
7,11,9813,2,10,5,0,300,0.5,572,0.32,486,0.18,1
8,0,12250,2,10,5,0,500,0.6,1000,0.2,1400,0.2,1
8,1,529,1,0,300,0.5,572,0.32,486,0.18,1
8,2,13691,0,0,666,0.42,420,0.58,1
8,3,1059,1,0,666,0.42,420,0.58,1
8,4,6626,1,0,500,0.6,1000,0.2,1400,0.2,1
8,5,5420,0,0,500,0.6,1000,0.2,1400,0.2,1
8,6,6394,0,0,500,0.6,1000,0.2,1400,0.2,1
8,7,14189,2,10,5,0,300,0.5,1700,0.5,1
8,8,3152,2,10,5,0,666,0.42,420,0.58,1
8,9,14960,0,0,666,0.42,420,0.58,1
8,10,11943,0,0,300,0.5,572,0.32,486,0.18,1
8,11,1351,1,0,666,0.42,420,0.58,1
9,0,9468,0,0,300,0.5,1700,0.5,1
9,1,13675,2,10,5,0,666,0.42,420,0.58,1
9,2,3322,1,0,300,0.5,1700,0.5,1
9,3,7059,1,0,300,0.5,1700,0.5,1
9,4,4583,2,10,5,0,300,0.5,1700,0.5,1
9,5,14875,1,0,500,0.6,1000,0.2,1400,0.2,1
9,6,9197,1,0,666,0.42,420,0.58,1
9,7,8103,0,0,666,0.42,420,0.58,1
9,8,5380,1,0,300,0.5,1700,0.5,1
9,9,14226,1,0,500,0.6,1000,0.2,1400,0.2,1
9,10,13054,0,0,666,0.42,420,0.58,1
9,11,7355,1,0,300,0.5,1700,0.5,1
10,0,3707,0,0,500,0.6,1000,0.2,1400,0.2,1
10,1,12332,2,10,5,0,300,0.5,572,0.32,486,0.18,1
10,2,10435,1,0,300,0.5,572,0.32,486,0.18,1
10,3,11677,2,10,5,0,300,0.5,572,0.32,486,0.18,1
10,4,5866,1,0,666,0.42,420,0.58,1
10,5,561,0,0,666,0.42,420,0.58,1
10,6,1360,0,0,300,0.5,572,0.32,486,0.18,1
10,7,8058,2,10,5,0,666,0.42,420,0.58,1
10,8,14118,0,0,300,0.5,572,0.32,486,0.18,1
10,9,6434,2,10,5,0,300,0.5,1700,0.5,1
10,10,2050,1,0,500,0.6,1000,0.2,1400,0.2,1
10,11,8757,1,0,500,0.6,1000,0.2,1400,0.2,1
11,0,11616,1,0,666,0.42,420,0.58,1
11,1,7833,1,0,500,0.6,1000,0.2,1400,0.2,1
11,2,1688,2,10,5,0,300,0.5,1700,0.5,1
11,3,8264,1,0,666,0.42,420,0.58,1
11,4,5436,1,0,300,0.5,572,0.32,486,0.18,1
11,5,12413,0,0,300,0.5,1700,0.5,1
11,6,7578,2,10,5,0,300,0.5,1700,0.5,1
11,7,12432,0,0,666,0.42,420,0.58,1
11,8,10582,0,0,300,0.5,1700,0.5,1
11,9,7138,2,10,5,0,666,0.42,420,0.58,1
11,10,8050,2,10,5,0,300,0.5,572,0.32,486,0.18,1
11,11,2730,2,10,5,0,666,0.42,420,0.58,1
