0,0,8804,0,0,666,0.42,420,0.58,1
0,1,9626,1,0,666,0.42,420,0.58,1
0,2,14270,1,0,300,0.5,572,0.32,486,0.18,1
0,3,352,0,0,300,0.5,1700,0.5,1
0,4,9308,2,10,5,0,300,0.5,1700,0.5,1
0,5,4490,1,0,300,0.5,572,0.32,486,0.18,1
0,6,6779,0,0,666,0.42,420,0.58,1
0,7,5736,1,0,300,0.5,572,0.32,486,0.18,1
0,8,14676,2,10,5,0,300,0.5,572,0.32,486,0.18,1
0,9,8352,1,0,666,0.42,420,0.58,1
0,10,1631,0,0,300,0.5,1700,0.5,1
0,11,457,1,0,300,0.5,572,0.32,486,0.18,1
1,0,6637,0,0,500,0.6,1000,0.2,1400,0.2,1
1,1,5334,1,0,300,0.5,572,0.32,486,0.18,1
1,2,5279,2,10,5,0,666,0.42,420,0.58,0
1,3,5370,0,0,666,0.42,420,0.58,1
1,4,12007,0,0,500,0.6,1000,0.2,1400,0.2,1
1,5,3026,0,0,300,0.5,572,0.32,486,0.18,1
1,6,9929,1,0,300,0.5,572,0.32,486,0.18,1
1,7,6095,2,10,5,0,666,0.42,420,0.58,1
1,8,6652,1,0,666,0.42,420,0.58,1
1,9,3722,1,0,666,0.42,420,0.58,1
1,10,2471,1,0,300,0.5,1700,0.5,1
1,11,9403,2,10,5,0,300,0.5,1700,0.5,1
2,0,14642,1,0,300,0.5,572,0.32,486,0.18,1
2,1,14070,0,0,300,0.5,572,0.32,486,0.18,1
2,2,454,1,0,300,0.5,1700,0.5,1
2,3,5032,2,10,5,0,666,0.42,420,0.58,1
2,4,12292,0,0,500,0.6,1000,0.2,1400,0.2,1
2,5,12047,2,10,5,0,666,0.42,420,0.58,1
2,6,12151,1,0,500,0.6,1000,0.2,1400,0.2,1
2,7,10470,0,0,300,0.5,1700,0.5,1
2,8,2131,0,0,666,0.42,420,0.58,1
2,9,14045,0,0,500,0.6,1000,0.2,1400,0.2,1
2,10,5438,2,10,5,0,666,0.42,420,0.58,1
2,11,10624,0,0,300,0.5,1700,0.5,1
3,0,9267,2,10,5,0,300,0.5,1700,0.5,1
3,1,5411,1,0,300,0.5,572,0.32,486,0.18,1
3,2,8511,0,0,300,0.5,1700,0.5,1
3,3,5603,0,0,300,0.5,1700,0.5,1
3,4,13448,1,0,300,0.5,1700,0.5,1
3,5,5910,1,0,300,0.5,1700,0.5,1
3,6,10525,1,0,300,0.5,1700,0.5,1
3,7,13050,1,0,300,0.5,1700,0.5,1
3,8,5721,2,10,5,0,500,0.6,1000,0.2,1400,0.2,1
3,9,4951,0,0,300,0.5,572,0.32,486,0.18,1
3,10,6930,1,0,300,0.5,572,0.32,486,0.18,1
3,11,6072,2,10,5,0,500,0.6,1000,0.2,1400,0.2,1
4,0,7571,2,10,5,0,300,0.5,1700,0.5,1
4,1,4970,1,0,300,0.5,1700,0.5,1
4,2,7008,1,0,300,0.5,572,0.32,486,0.18,1
4,3,1190,0,0,300,0.5,572,0.32,486,0.18,1
4,4,3866,0,0,500,0.6,1000,0.2,1400,0.2,1
4,5,7013,1,0,300,0.5,1700,0.5,1
4,6,13972,2,10,5,0,300,0.5,572,0.32,486,0.18,1
4,7,6587,1,0,500,0.6,1000,0.2,1400,0.2,1
4,8,3167,0,0,500,0.6,1000,0.2,1400,0.2,1
4,9,6378,2,10,5,0,300,0.5,572,0.32,486,0.18,1
4,10,8255,0,0,300,0.5,1700,0.5,1
4,11,8725,1,0,300,0.5,1700,0.5,1
5,0,13462,0,0,300,0.5,572,0.32,486,0.18,1
5,1,8694,2,10,5,0,300,0.5,572,0.32,486,0.18,1
5,2,9500,2,10,5,0,300,0.5,1700,0.5,1
5,3,7781,1,0,500,0.6,1000,0.2,1400,0.2,1
5,4,1964,0,0,300,0.5,1700,0.5,1
5,5,7473,1,0,300,0.5,1700,0.5,1
5,6,11576,1,0,666,0.42,420,0.58,1
5,7,4259,1,0,500,0.6,1000,0.2,1400,0.2,1
5,8,7793,0,0,500,0.6,1000,0.2,1400,0.2,1
5,9,11992,1,0,300,0.5,1700,0.5,1
5,10,8542,0,0,666,0.42,420,0.58,1
5,11,12958,1,0,300,0.5,1700,0.5,1
6,0,4752,2,10,5,0,500,0.6,1000,0.2,1400,0.2,1
6,1,11475,0,0,300,0.5,1700,0.5,1
6,2,10561,1,0,300,0.5,1700,0.5,1
6,3,7822,0,0,500,0.6,1000,0.2,1400,0.2,1
6,4,11735,1,0,666,0.42,420,0.58,1
6,5,463,2,10,5,0,300,0.5,572,0.32,486,0.18,1
6,6,12320,1,0,300,0.5,572,0.32,486,0.18,1
6,7,8515,0,0,500,0.6,1000,0.2,1400,0.2,1
6,8,2473,0,0,500,0.6,1000,0.2,1400,0.2,1
6,9,9295,2,10,5,0,300,0.5,1700,0.5,1
6,10,3948,1,0,500,0.6,1000,0.2,1400,0.2,1
6,11,2923,1,0,500,0.6,1000,0.2,1400,0.2,1
7,0,13837,1,0,500,0.6,1000,0.2,1400,0.2,1
7,1,3003,2,10,5,0,500,0.6,1000,0.2,1400,0.2,1
7,2,1946,1,0,300,0.5,1700,0.5,1
7,3,9657,2,10,5,0,666,0.42,420,0.58,1
7,4,6226,2,10,5,0,666,0.42,420,0.58,1
7,5,6358,0,0,300,0.5,1700,0.5,1
7,6,9200,0,0,300,0.5,1700,0.5,1
7,7,1316,2,10,5,0,666,0.42,420,0.58,1
7,8,2375,2,10,5,0,300,0.5,572,0.32,486,0.18,1
7,9,13526,1,0,500,0.6,1000,0.2,1400,0.2,1
7,10,4529,1,0,500,0.6,1000,0.2,1400,0.2,1
7,11,4067,0,0,666,0.42,420,0.58,1
8,0,1190,0,0,666,0.42,420,0.58,1
8,1,5976,1,0,300,0.5,1700,0.5,1
8,2,7128,0,0,666,0.42,420,0.58,1
8,3,12505,0,0,666,0.42,420,0.58,1
8,4,12112,2,10,5,0,300,0.5,572,0.32,486,0.18,1
8,5,11177,1,0,300,0.5,572,0.32,486,0.18,1
8,6,1725,2,10,5,0,300,0.5,572,0.32,486,0.18,1
8,7,14072,0,0,500,0.6,1000,0.2,1400,0.2,1
8,8,4299,2,10,5,0,300,0.5,1700,0.5,1
8,9,14802,0,0,300,0.5,572,0.32,486,0.18,1
8,10,400,1,0,300,0.5,1700,0.5,1
8,11,653,2,10,5,0,500,0.6,1000,0.2,1400,0.2,1
9,0,9094,1,0,300,0.5,1700,0.5,1
9,1,1080,1,0,300,0.5,1700,0.5,1
9,2,2900,2,10,5,0,300,0.5,572,0.32,486,0.18,1
9,3,3497,1,0,500,0.6,1000,0.2,1400,0.2,1
9,4,10189,2,10,5,0,666,0.42,420,0.58,1
9,5,1219,1,0,666,0.42,420,0.58,1
9,6,7696,1,0,300,0.5,572,0.32,486,0.18,1
9,7,8370,1,0,300,0.5,1700,0.5,1
9,8,8288,2,10,5,0,500,0.6,1000,0.2,1400,0.2,1
9,9,5059,0,0,500,0.6,1000,0.2,1400,0.2,1
9,10,11269,0,0,300,0.5,572,0.32,486,0.18,1
9,11,1549,2,10,5,0,300,0.5,572,0.32,486,0.18,1
10,0,461,2,10,5,0,300,0.5,572,0.32,486,0.18,1
10,1,7789,2,10,5,0,500,0.6,1000,0.2,1400,0.2,1
10,2,9392,2,10,5,0,300,0.5,1700,0.5,1
10,3,13683,0,0,300,0.5,572,0.32,486,0.18,1
10,4,11617,0,0,300,0.5,572,0.32,486,0.18,1
10,5,434,1,0,300,0.5,572,0.32,486,0.18,1
10,6,6575,2,10,5,0,666,0.42,420,0.58,1
10,7,4537,2,10,5,0,300,0.5,572,0.32,486,0.18,1
10,8,4553,1,0,300,0.5,1700,0.5,1
10,9,3519,0,0,500,0.6,1000,0.2,1400,0.2,1
10,10,12290,1,0,300,0.5,1700,0.5,1
10,11,9392,0,0,300,0.5,1700,0.5,1
11,0,14503,1,0,300,0.5,572,0.32,486,0.18,1
11,1,11091,2,10,5,0,666,0.42,420,0.58,1
11,2,4454,2,10,5,0,300,0.5,572,0.32,486,0.18,1
11,3,10889,1,0,300,0.5,1700,0.5,1
11,4,1346,2,10,5,0,300,0.5,572,0.32,486,0.18,1
11,5,8532,0,0,300,0.5,572,0.32,486,0.18,1
11,6,9271,2,10,5,0,666,0.42,420,0.58,1
11,7,9078,1,0,666,0.42,420,0.58,1
11,8,14796,1,0,300,0.5,572,0.32,486,0.18,1
11,9,14744,2,10,5,0,500,0.6,1000,0.2,1400,0.2,1
11,10,3913,1,0,500,0.6,1000,0.2,1400,0.2,1
11,11,12524,1,0,500,0.6,1000,0.2,1400,0.2,1
