0,0,8670,2,10,5,0,500,0.6,1000,0.2,1400,0.2,1
0,1,10867,0,0,500,0.6,1000,0.2,1400,0.2,1
0,2,4833,0,0,500,0.6,1000,0.2,1400,0.2,1
0,3,2241,0,0,300,0.5,1700,0.5,1
0,4,6121,2,10,5,0,666,0.42,420,0.58,1
0,5,11153,0,0,500,0.6,1000,0.2,1400,0.2,1
0,6,9005,2,10,5,0,300,0.5,572,0.32,486,0.18,1
0,7,14663,1,0,300,0.5,1700,0.5,1
0,8,4337,0,0,666,0.42,420,0.58,1
0,9,7806,1,0,300,0.5,572,0.32,486,0.18,1
0,10,9719,1,0,666,0.42,420,0.58,1
0,11,14466,2,10,5,0,300,0.5,572,0.32,486,0.18,1
1,0,11514,2,10,5,0,300,0.5,1700,0.5,1
1,1,3813,2,10,5,0,300,0.5,572,0.32,486,0.18,1
1,2,5607,2,10,5,0,300,0.5,1700,0.5,0
1,3,11016,1,0,666,0.42,420,0.58,1
1,4,7384,0,0,300,0.5,572,0.32,486,0.18,1
1,5,14475,2,10,5,0,666,0.42,420,0.58,1
1,6,5741,0,0,300,0.5,572,0.32,486,0.18,1
1,7,4906,0,0,300,0.5,572,0.32,486,0.18,1
1,8,10714,0,0,300,0.5,572,0.32,486,0.18,1
1,9,12811,2,10,5,0,666,0.42,420,0.58,1
1,10,8095,1,0,666,0.42,420,0.58,1
1,11,3189,1,0,666,0.42,420,0.58,1
2,0,247,1,0,300,0.5,572,0.32,486,0.18,1
2,1,10076,2,10,5,0,300,0.5,1700,0.5,1
2,2,11304,1,0,666,0.42,420,0.58,1
2,3,9371,1,0,300,0.5,572,0.32,486,0.18,1
2,4,14294,2,10,5,0,300,0.5,572,0.32,486,0.18,1
2,5,12205,1,0,300,0.5,572,0.32,486,0.18,1
2,6,7065,0,0,500,0.6,1000,0.2,1400,0.2,1
2,7,3900,0,0,500,0.6,1000,0.2,1400,0.2,1
2,8,7070,0,0,666,0.42,420,0.58,1
2,9,10634,2,10,5,0,500,0.6,1000,0.2,1400,0.2,1
2,10,14332,0,0,300,0.5,572,0.32,486,0.18,1
2,11,5960,1,0,300,0.5,1700,0.5,1
3,0,12752,0,0,300,0.5,572,0.32,486,0.18,1
3,1,11005,2,10,5,0,300,0.5,1700,0.5,1
3,2,11728,2,10,5,0,300,0.5,572,0.32,486,0.18,1
3,3,3956,2,10,5,0,300,0.5,572,0.32,486,0.18,1
3,4,7382,2,10,5,0,500,0.6,1000,0.2,1400,0.2,1
3,5,13962,1,0,500,0.6,1000,0.2,1400,0.2,1
3,6,7556,2,10,5,0,300,0.5,1700,0.5,1
3,7,4201,1,0,500,0.6,1000,0.2,1400,0.2,1
3,8,262,0,0,500,0.6,1000,0.2,1400,0.2,1
3,9,2850,0,0,666,0.42,420,0.58,1
3,10,498,0,0,500,0.6,1000,0.2,1400,0.2,1
3,11,8907,2,10,5,0,500,0.6,1000,0.2,1400,0.2,1
4,0,13155,0,0,300,0.5,572,0.32,486,0.18,1
4,1,496,1,0,300,0.5,572,0.32,486,0.18,1
4,2,11474,2,10,5,0,300,0.5,572,0.32,486,0.18,1
4,3,1456,1,0,300,0.5,1700,0.5,1
4,4,5534,0,0,500,0.6,1000,0.2,1400,0.2,1
4,5,2005,0,0,500,0.6,1000,0.2,1400,0.2,1
4,6,10901,2,10,5,0,666,0.42,420,0.58,1
4,7,645,2,10,5,0,300,0.5,1700,0.5,1
4,8,5580,2,10,5,0,666,0.42,420,0.58,1
4,9,12873,0,0,666,0.42,420,0.58,1
4,10,874,2,10,5,0,666,0.42,420,0.58,1
4,11,1365,0,0,300,0.5,1700,0.5,1
5,0,7411,2,10,5,0,500,0.6,1000,0.2,1400,0.2,1
5,1,1547,2,10,5,0,500,0.6,1000,0.2,1400,0.2,1
5,2,8248,0,0,300,0.5,572,0.32,486,0.18,1
5,3,8288,2,10,5,0,300,0.5,572,0.32,486,0.18,1
5,4,3269,1,0,666,0.42,420,0.58,1
5,5,1244,0,0,666,0.42,420,0.58,1
5,6,10274,1,0,500,0.6,1000,0.2,1400,0.2,1
5,7,1707,2,10,5,0,300,0.5,572,0.32,486,0.18,1
5,8,705,0,0,666,0.42,420,0.58,1
5,9,2022,1,0,300,0.5,572,0.32,486,0.18,1
5,10,11828,2,10,5,0,666,0.42,420,0.58,1
5,11,10947,2,10,5,0,666,0.42,420,0.58,1
6,0,14683,0,0,500,0.6,1000,0.2,1400,0.2,1
6,1,14507,1,0,500,0.6,1000,0.2,1400,0.2,1
6,2,10525,0,0,500,0.6,1000,0.2,1400,0.2,1
6,3,8769,2,10,5,0,500,0.6,1000,0.2,1400,0.2,1
6,4,6965,1,0,300,0.5,572,0.32,486,0.18,1
6,5,3846,0,0,300,0.5,1700,0.5,1
6,6,11578,2,10,5,0,500,0.6,1000,0.2,1400,0.2,1
6,7,3773,2,10,5,0,666,0.42,420,0.58,1
6,8,6683,2,10,5,0,500,0.6,1000,0.2,1400,0.2,1
6,9,10324,2,10,5,0,666,0.42,420,0.58,1
6,10,13736,2,10,5,0,500,0.6,1000,0.2,1400,0.2,1
6,11,14296,2,10,5,0,666,0.42,420,0.58,1
7,0,3184,0,0,300,0.5,1700,0.5,1
7,1,12655,1,0,666,0.42,420,0.58,1
7,2,10995,1,0,300,0.5,572,0.32,486,0.18,1
7,3,11648,2,10,5,0,300,0.5,572,0.32,486,0.18,1
7,4,13622,2,10,5,0,666,0.42,420,0.58,1
7,5,13360,0,0,666,0.42,420,0.58,1
7,6,11179,1,0,300,0.5,572,0.32,486,0.18,1
7,7,4867,1,0,300,0.5,572,0.32,486,0.18,1
7,8,6864,1,0,300,0.5,1700,0.5,1
7,9,6510,1,0,300,0.5,1700,0.5,1
7,10,4121,2,10,5,0,300,0.5,572,0.32,486,0.18,1
7,11,2970,0,0,300,0.5,1700,0.5,1
8,0,7539,2,10,5,0,300,0.5,572,0.32,486,0.18,1
8,1,173,2,10,5,0,300,0.5,572,0.32,486,0.18,1
8,2,6368,1,0,300,0.5,1700,0.5,1
8,3,998,1,0,666,0.42,420,0.58,1
8,4,3151,0,0,500,0.6,1000,0.2,1400,0.2,1
8,5,7357,2,10,5,0,300,0.5,572,0.32,486,0.18,1
8,6,72,2,10,5,0,666,0.42,420,0.58,1
8,7,10616,2,10,5,0,666,0.42,420,0.58,1
8,8,6512,2,10,5,0,500,0.6,1000,0.2,1400,0.2,1
8,9,13651,2,10,5,0,300,0.5,572,0.32,486,0.18,1
8,10,7706,1,0,300,0.5,572,0.32,486,0.18,1
8,11,6358,1,0,300,0.5,1700,0.5,1
9,0,5798,1,0,666,0.42,420,0.58,1
9,1,1995,2,10,5,0,300,0.5,572,0.32,486,0.18,1
9,2,4809,0,0,300,0.5,572,0.32,486,0.18,1
9,3,10629,0,0,300,0.5,1700,0.5,1
9,4,7145,0,0,300,0.5,572,0.32,486,0.18,1
9,5,2009,2,10,5,0,500,0.6,1000,0.2,1400,0.2,1
9,6,3711,0,0,500,0.6,1000,0.2,1400,0.2,1
9,7,13073,0,0,300,0.5,572,0.32,486,0.18,1
9,8,7689,1,0,300,0.5,1700,0.5,1
9,9,8302,1,0,666,0.42,420,0.58,1
9,10,14977,1,0,500,0.6,1000,0.2,1400,0.2,1
9,11,5486,0,0,300,0.5,572,0.32,486,0.18,1
10,0,9295,2,10,5,0,500,0.6,1000,0.2,1400,0.2,1
10,1,9484,0,0,666,0.42,420,0.58,1
10,2,14226,2,10,5,0,500,0.6,1000,0.2,1400,0.2,1
10,3,4892,1,0,666,0.42,420,0.58,1
10,4,2969,0,0,300,0.5,1700,0.5,1
10,5,6693,1,0,666,0.42,420,0.58,1
10,6,2319,2,10,5,0,500,0.6,1000,0.2,1400,0.2,1
10,7,794,0,0,300,0.5,1700,0.5,1
10,8,89,0,0,300,0.5,1700,0.5,1
10,9,11724,1,0,666,0.42,420,0.58,1
10,10,13542,1,0,300,0.5,572,0.32,486,0.18,1
10,11,10709,0,0,300,0.5,1700,0.5,1
11,0,9983,2,10,5,0,666,0.42,420,0.58,1
11,1,1512,1,0,500,0.6,1000,0.2,1400,0.2,1
11,2,8315,1,0,300,0.5,572,0.32,486,0.18,1
11,3,9051,1,0,300,0.5,1700,0.5,1
11,4,10987,1,0,666,0.42,420,0.58,1
11,5,13987,0,0,300,0.5,572,0.32,486,0.18,1
11,6,4258,1,0,300,0.5,572,0.32,486,0.18,1
11,7,5503,1,0,300,0.5,1700,0.5,1
11,8,10033,2,10,5,0,300,0.5,1700,0.5,1
11,9,5622,2,10,5,0,500,0.6,1000,0.2,1400,0.2,1
11,10,739,0,0,300,0.5,572,0.32,486,0.18,1
11,11,10895,2,10,5,0,300,0.5,572,0.32,486,0.18,1
