0,0,10633,2,10,5,0,500,0.6,1000,0.2,1400,0.2,1
0,1,816,0,0,666,0.42,420,0.58,1
0,2,7806,0,0,300,0.5,1700,0.5,1
0,3,9409,0,0,300,0.5,572,0.32,486,0.18,1
0,4,5869,2,10,5,0,300,0.5,1700,0.5,1
0,5,9634,2,10,5,0,300,0.5,572,0.32,486,0.18,1
0,6,10012,2,10,5,0,500,0.6,1000,0.2,1400,0.2,1
0,7,4770,2,10,5,0,500,0.6,1000,0.2,1400,0.2,1
0,8,6559,2,10,5,0,666,0.42,420,0.58,1
0,9,14283,1,0,300,0.5,1700,0.5,1
0,10,8557,0,0,500,0.6,1000,0.2,1400,0.2,1
0,11,6612,2,10,5,0,666,0.42,420,0.58,1
1,0,4121,0,0,500,0.6,1000,0.2,1400,0.2,1
1,1,3444,2,10,5,0,500,0.6,1000,0.2,1400,0.2,1
1,2,9221,1,0,300,0.5,572,0.32,486,0.18,0
1,3,10199,1,0,300,0.5,572,0.32,486,0.18,1
1,4,11451,1,0,300,0.5,572,0.32,486,0.18,1
1,5,13426,1,0,300,0.5,572,0.32,486,0.18,1
1,6,1812,0,0,300,0.5,1700,0.5,1
1,7,11982,0,0,300,0.5,572,0.32,486,0.18,1
1,8,860,2,10,5,0,300,0.5,572,0.32,486,0.18,1
1,9,12452,1,0,500,0.6,1000,0.2,1400,0.2,1
1,10,9712,1,0,300,0.5,1700,0.5,1
1,11,807,0,0,300,0.5,572,0.32,486,0.18,1
2,0,11379,0,0,666,0.42,420,0.58,1
2,1,13166,0,0,500,0.6,1000,0.2,1400,0.2,1
2,2,13638,2,10,5,0,300,0.5,572,0.32,486,0.18,1
2,3,1514,2,10,5,0,300,0.5,572,0.32,486,0.18,1
2,4,2660,0,0,300,0.5,572,0.32,486,0.18,1
2,5,1022,1,0,300,0.5,572,0.32,486,0.18,1
2,6,5777,2,10,5,0,300,0.5,572,0.32,486,0.18,1
2,7,11976,1,0,300,0.5,1700,0.5,1
2,8,4459,2,10,5,0,500,0.6,1000,0.2,1400,0.2,1
2,9,4053,0,0,300,0.5,572,0.32,486,0.18,1
2,10,9871,1,0,500,0.6,1000,0.2,1400,0.2,1
2,11,10321,1,0,300,0.5,572,0.32,486,0.18,1
3,0,5614,0,0,300,0.5,572,0.32,486,0.18,1
3,1,1918,1,0,666,0.42,420,0.58,1
3,2,13275,1,0,666,0.42,420,0.58,1
3,3,12902,1,0,300,0.5,572,0.32,486,0.18,1
3,4,10804,1,0,300,0.5,572,0.32,486,0.18,1
3,5,427,2,10,5,0,500,0.6,1000,0.2,1400,0.2,1
3,6,10917,2,10,5,0,300,0.5,572,0.32,486,0.18,1
3,7,9055,2,10,5,0,666,0.42,420,0.58,1
3,8,962,2,10,5,0,666,0.42,420,0.58,1
3,9,12137,2,10,5,0,666,0.42,420,0.58,1
3,10,11950,1,0,666,0.42,420,0.58,1
3,11,7379,0,0,500,0.6,1000,0.2,1400,0.2,1
4,0,13179,0,0,666,0.42,420,0.58,1
4,1,12359,0,0,666,0.42,420,0.58,1
4,2,11161,0,0,500,0.6,1000,0.2,1400,0.2,1
4,3,4228,2,10,5,0,500,0.6,1000,0.2,1400,0.2,1
4,4,11973,0,0,300,0.5,1700,0.5,1
4,5,709,2,10,5,0,666,0.42,420,0.58,1
4,6,2676,1,0,300,0.5,1700,0.5,1
4,7,6515,0,0,666,0.42,420,0.58,1
4,8,8687,2,10,5,0,300,0.5,1700,0.5,1
4,9,14266,0,0,666,0.42,420,0.58,1
4,10,5430,2,10,5,0,300,0.5,572,0.32,486,0.18,1
4,11,8887,2,10,5,0,500,0.6,1000,0.2,1400,0.2,1
5,0,3019,0,0,300,0.5,1700,0.5,1
5,1,5027,1,0,300,0.5,572,0.32,486,0.18,1
5,2,6095,1,0,300,0.5,1700,0.5,1
5,3,8307,1,0,500,0.6,1000,0.2,1400,0.2,1
5,4,6646,2,10,5,0,300,0.5,1700,0.5,1
5,5,8620,1,0,666,0.42,420,0.58,1
5,6,10842,2,10,5,0,500,0.6,1000,0.2,1400,0.2,1
5,7,1080,1,0,300,0.5,1700,0.5,1
5,8,7763,1,0,300,0.5,572,0.32,486,0.18,1
5,9,10174,2,10,5,0,300,0.5,1700,0.5,1
5,10,4001,2,10,5,0,500,0.6,1000,0.2,1400,0.2,1
5,11,1205,2,10,5,0,666,0.42,420,0.58,1
6,0,6807,2,10,5,0,500,0.6,1000,0.2,1400,0.2,1
6,1,2190,0,0,300,0.5,572,0.32,486,0.18,1
6,2,13393,1,0,300,0.5,572,0.32,486,0.18,1
6,3,7266,1,0,300,0.5,572,0.32,486,0.18,1
6,4,9043,2,10,5,0,500,0.6,1000,0.2,1400,0.2,1
6,5,9506,2,10,5,0,300,0.5,1700,0.5,1
6,6,11142,0,0,300,0.5,1700,0.5,1
6,7,2047,0,0,500,0.6,1000,0.2,1400,0.2,1
6,8,12032,1,0,666,0.42,420,0.58,1
6,9,14771,0,0,500,0.6,1000,0.2,1400,0.2,1
6,10,14324,0,0,666,0.42,420,0.58,1
6,11,12673,2,10,5,0,300,0.5,1700,0.5,1
7,0,5815,1,0,300,0.5,1700,0.5,1
7,1,8097,1,0,300,0.5,1700,0.5,1
7,2,12772,0,0,500,0.6,1000,0.2,1400,0.2,1
7,3,11126,2,10,5,0,300,0.5,572,0.32,486,0.18,1
7,4,5696,0,0,500,0.6,1000,0.2,1400,0.2,1
7,5,2313,2,10,5,0,500,0.6,1000,0.2,1400,0.2,1
7,6,10933,1,0,666,0.42,420,0.58,1
7,7,3465,0,0,300,0.5,1700,0.5,1
7,8,11260,1,0,500,0.6,1000,0.2,1400,0.2,1
7,9,14537,1,0,500,0.6,1000,0.2,1400,0.2,1
7,10,6458,1,0,500,0.6,1000,0.2,1400,0.2,1
7,11,8414,0,0,300,0.5,572,0.32,486,0.18,1
8,0,13622,2,10,5,0,500,0.6,1000,0.2,1400,0.2,1
8,1,8549,1,0,300,0.5,572,0.32,486,0.18,1
8,2,7920,0,0,300,0.5,572,0.32,486,0.18,1
8,3,4682,1,0,666,0.42,420,0.58,1
8,4,8214,0,0,500,0.6,1000,0.2,1400,0.2,1
8,5,12792,2,10,5,0,300,0.5,1700,0.5,1
8,6,12896,2,10,5,0,300,0.5,1700,0.5,1
8,7,14722,0,0,300,0.5,1700,0.5,1
8,8,6816,0,0,500,0.6,1000,0.2,1400,0.2,1
8,9,11536,1,0,300,0.5,572,0.32,486,0.18,1
8,10,6139,1,0,666,0.42,420,0.58,1
8,11,11133,0,0,666,0.42,420,0.58,1
9,0,9210,0,0,300,0.5,1700,0.5,1
9,1,11516,0,0,300,0.5,1700,0.5,1
9,2,5625,2,10,5,0,300,0.5,1700,0.5,1
9,3,12142,0,0,300,0.5,572,0.32,486,0.18,1
9,4,1873,0,0,300,0.5,1700,0.5,1
9,5,9370,1,0,300,0.5,1700,0.5,1
9,6,12310,1,0,500,0.6,1000,0.2,1400,0.2,1
9,7,11166,2,10,5,0,300,0.5,572,0.32,486,0.18,1
9,8,7321,2,10,5,0,300,0.5,1700,0.5,1
9,9,14255,1,0,300,0.5,1700,0.5,1
9,10,10384,1,0,666,0.42,420,0.58,1
9,11,4585,2,10,5,0,666,0.42,420,0.58,1
10,0,6114,1,0,500,0.6,1000,0.2,1400,0.2,1
10,1,5134,2,10,5,0,300,0.5,572,0.32,486,0.18,1
10,2,9457,0,0,300,0.5,572,0.32,486,0.18,1
10,3,152,1,0,500,0.6,1000,0.2,1400,0.2,1
10,4,9702,1,0,300,0.5,1700,0.5,1
10,5,4035,1,0,666,0.42,420,0.58,1
10,6,6000,1,0,300,0.5,572,0.32,486,0.18,1
10,7,3315,1,0,300,0.5,1700,0.5,1
10,8,5005,2,10,5,0,300,0.5,1700,0.5,1
10,9,2841,1,0,300,0.5,1700,0.5,1
10,10,4264,2,10,5,0,500,0.6,1000,0.2,1400,0.2,1
10,11,8576,0,0,500,0.6,1000,0.2,1400,0.2,1
11,0,460,0,0,300,0.5,572,0.32,486,0.18,1
11,1,9603,1,0,300,0.5,1700,0.5,1
11,2,12133,2,10,5,0,500,0.6,1000,0.2,1400,0.2,1
11,3,1704,0,0,666,0.42,420,0.58,1
11,4,5428,2,10,5,0,300,0.5,1700,0.5,1
11,5,11564,2,10,5,0,500,0.6,1000,0.2,1400,0.2,1
11,6,4085,1,0,300,0.5,1700,0.5,1
11,7,13326,1,0,300,0.5,1700,0.5,1
11,8,10655,2,10,5,0,666,0.42,420,0.58,1
11,9,5045,0,0,300,0.5,1700,0.5,1
11,10,7774,0,0,500,0.6,1000,0.2,1400,0.2,1
11,11,9421,1,0,500,0.6,1000,0.2,1400,0.2,1
