0,0,14110,1,0,666,0.42,420,0.58,1
0,1,12129,0,0,300,0.5,1700,0.5,1
0,2,14464,2,10,5,0,300,0.5,1700,0.5,1
0,3,2393,1,0,666,0.42,420,0.58,1
0,4,10311,2,10,5,0,666,0.42,420,0.58,1
0,5,1764,1,0,666,0.42,420,0.58,1
0,6,10536,1,0,666,0.42,420,0.58,1
0,7,12061,1,0,300,0.5,572,0.32,486,0.18,1
0,8,6251,1,0,300,0.5,1700,0.5,1
0,9,8757,2,10,5,0,300,0.5,1700,0.5,1
0,10,4473,2,10,5,0,300,0.5,572,0.32,486,0.18,1
0,11,6827,0,0,500,0.6,1000,0.2,1400,0.2,1
1,0,10394,0,0,300,0.5,572,0.32,486,0.18,1
1,1,13631,2,10,5,0,666,0.42,420,0.58,1
1,2,14781,0,0,300,0.5,1700,0.5,0
1,3,1878,2,10,5,0,500,0.6,1000,0.2,1400,0.2,1
1,4,6050,1,0,300,0.5,572,0.32,486,0.18,1
1,5,2371,1,0,500,0.6,1000,0.2,1400,0.2,1
1,6,6107,1,0,500,0.6,1000,0.2,1400,0.2,1
1,7,8118,2,10,5,0,300,0.5,572,0.32,486,0.18,1
1,8,11679,0,0,300,0.5,572,0.32,486,0.18,1
1,9,4609,0,0,300,0.5,1700,0.5,1
1,10,11995,0,0,300,0.5,572,0.32,486,0.18,1
1,11,4739,2,10,5,0,666,0.42,420,0.58,1
2,0,5529,2,10,5,0,666,0.42,420,0.58,1
2,1,8442,2,10,5,0,666,0.42,420,0.58,1
2,2,7663,0,0,500,0.6,1000,0.2,1400,0.2,1
2,3,13519,2,10,5,0,666,0.42,420,0.58,1
2,4,14400,0,0,666,0.42,420,0.58,1
2,5,14556,2,10,5,0,666,0.42,420,0.58,1
2,6,12929,1,0,300,0.5,572,0.32,486,0.18,1
2,7,8926,1,0,300,0.5,572,0.32,486,0.18,1
2,8,11919,0,0,300,0.5,572,0.32,486,0.18,1
2,9,8867,1,0,300,0.5,1700,0.5,1
2,10,748,0,0,666,0.42,420,0.58,1
2,11,1857,1,0,666,0.42,420,0.58,1
3,0,8726,1,0,500,0.6,1000,0.2,1400,0.2,1
3,1,9561,2,10,5,0,300,0.5,1700,0.5,1
3,2,7407,2,10,5,0,500,0.6,1000,0.2,1400,0.2,1
3,3,2506,1,0,666,0.42,420,0.58,1
3,4,6447,1,0,300,0.5,572,0.32,486,0.18,1
3,5,12633,2,10,5,0,300,0.5,572,0.32,486,0.18,1
3,6,8838,0,0,500,0.6,1000,0.2,1400,0.2,1
3,7,2819,2,10,5,0,300,0.5,572,0.32,486,0.18,1
3,8,306,1,0,666,0.42,420,0.58,1
3,9,10893,1,0,300,0.5,1700,0.5,1
3,10,14371,0,0,300,0.5,1700,0.5,1
3,11,543,1,0,300,0.5,1700,0.5,1
4,0,5016,0,0,666,0.42,420,0.58,1
4,1,10976,1,0,300,0.5,572,0.32,486,0.18,1
4,2,14553,1,0,500,0.6,1000,0.2,1400,0.2,1
4,3,10886,1,0,500,0.6,1000,0.2,1400,0.2,1
4,4,11647,2,10,5,0,300,0.5,1700,0.5,1
4,5,6509,1,0,500,0.6,1000,0.2,1400,0.2,1
4,6,7385,2,10,5,0,666,0.42,420,0.58,1
4,7,3056,0,0,300,0.5,572,0.32,486,0.18,1
4,8,4409,2,10,5,0,300,0.5,1700,0.5,1
4,9,12557,2,10,5,0,300,0.5,1700,0.5,1
4,10,6040,2,10,5,0,300,0.5,572,0.32,486,0.18,1
4,11,11916,1,0,500,0.6,1000,0.2,1400,0.2,1
5,0,9435,1,0,300,0.5,572,0.32,486,0.18,1
5,1,10789,1,0,666,0.42,420,0.58,1
5,2,5873,0,0,300,0.5,1700,0.5,1
5,3,3663,0,0,666,0.42,420,0.58,1
5,4,11344,0,0,500,0.6,1000,0.2,1400,0.2,1
5,5,4064,1,0,300,0.5,1700,0.5,1
5,6,10508,2,10,5,0,300,0.5,1700,0.5,1
5,7,6422,1,0,666,0.42,420,0.58,1
5,8,9139,1,0,300,0.5,572,0.32,486,0.18,1
5,9,6698,1,0,300,0.5,1700,0.5,1
5,10,10598,2,10,5,0,300,0.5,1700,0.5,1
5,11,1125,2,10,5,0,300,0.5,1700,0.5,1
6,0,4016,2,10,5,0,666,0.42,420,0.58,1
6,1,1314,1,0,666,0.42,420,0.58,1
6,2,6848,1,0,300,0.5,572,0.32,486,0.18,1
6,3,13784,1,0,300,0.5,572,0.32,486,0.18,1
6,4,11730,2,10,5,0,300,0.5,1700,0.5,1
6,5,7163,0,0,666,0.42,420,0.58,1
6,6,14187,1,0,300,0.5,572,0.32,486,0.18,1
6,7,6060,1,0,666,0.42,420,0.58,1
6,8,2675,2,10,5,0,300,0.5,1700,0.5,1
6,9,409,0,0,300,0.5,572,0.32,486,0.18,1
6,10,9577,2,10,5,0,666,0.42,420,0.58,1
6,11,6882,2,10,5,0,666,0.42,420,0.58,1
7,0,4842,2,10,5,0,500,0.6,1000,0.2,1400,0.2,1
7,1,13115,2,10,5,0,666,0.42,420,0.58,1
7,2,3175,2,10,5,0,666,0.42,420,0.58,1
7,3,11988,0,0,300,0.5,572,0.32,486,0.18,1
7,4,13330,1,0,500,0.6,1000,0.2,1400,0.2,1
7,5,2615,0,0,500,0.6,1000,0.2,1400,0.2,1
7,6,8656,2,10,5,0,666,0.42,420,0.58,1
7,7,6880,0,0,300,0.5,1700,0.5,1
7,8,14601,0,0,500,0.6,1000,0.2,1400,0.2,1
7,9,14587,0,0,300,0.5,1700,0.5,1
7,10,2538,0,0,666,0.42,420,0.58,1
7,11,7834,1,0,300,0.5,572,0.32,486,0.18,1
8,0,7577,2,10,5,0,300,0.5,572,0.32,486,0.18,1
8,1,6401,1,0,300,0.5,572,0.32,486,0.18,1
8,2,10259,0,0,300,0.5,572,0.32,486,0.18,1
8,3,176,2,10,5,0,500,0.6,1000,0.2,1400,0.2,1
8,4,1648,2,10,5,0,300,0.5,572,0.32,486,0.18,1
8,5,10994,0,0,666,0.42,420,0.58,1
8,6,6277,0,0,666,0.42,420,0.58,1
8,7,5516,2,10,5,0,500,0.6,1000,0.2,1400,0.2,1
8,8,12856,2,10,5,0,300,0.5,1700,0.5,1
8,9,9737,1,0,300,0.5,1700,0.5,1
8,10,9556,0,0,666,0.42,420,0.58,1
8,11,1171,0,0,300,0.5,1700,0.5,1
9,0,12959,2,10,5,0,500,0.6,1000,0.2,1400,0.2,1
9,1,1835,1,0,300,0.5,1700,0.5,1
9,2,2932,1,0,500,0.6,1000,0.2,1400,0.2,1
9,3,13082,2,10,5,0,500,0.6,1000,0.2,1400,0.2,1
9,4,7697,2,10,5,0,500,0.6,1000,0.2,1400,0.2,1
9,5,10596,2,10,5,0,300,0.5,1700,0.5,1
9,6,13528,1,0,500,0.6,1000,0.2,1400,0.2,1
9,7,14176,0,0,300,0.5,572,0.32,486,0.18,1
9,8,7783,0,0,666,0.42,420,0.58,1
9,9,1823,2,10,5,0,300,0.5,1700,0.5,1
9,10,1879,1,0,300,0.5,572,0.32,486,0.18,1
9,11,13578,0,0,300,0.5,1700,0.5,1
10,0,9091,2,10,5,0,500,0.6,1000,0.2,1400,0.2,1
10,1,14454,0,0,300,0.5,1700,0.5,1
10,2,5045,1,0,300,0.5,1700,0.5,1
10,3,461,2,10,5,0,300,0.5,1700,0.5,1
10,4,13314,1,0,300,0.5,572,0.32,486,0.18,1
10,5,675,1,0,666,0.42,420,0.58,1
10,6,6602,1,0,666,0.42,420,0.58,1
10,7,7524,0,0,500,0.6,1000,0.2,1400,0.2,1
10,8,5002,0,0,500,0.6,1000,0.2,1400,0.2,1
10,9,1074,1,0,666,0.42,420,0.58,1
10,10,11224,1,0,300,0.5,572,0.32,486,0.18,1
10,11,8315,1,0,300,0.5,1700,0.5,1
11,0,5393,1,0,666,0.42,420,0.58,1
11,1,5562,0,0,300,0.5,1700,0.5,1
11,2,12383,0,0,300,0.5,572,0.32,486,0.18,1
11,3,7585,2,10,5,0,300,0.5,1700,0.5,1
11,4,2043,0,0,500,0.6,1000,0.2,1400,0.2,1
11,5,2760,2,10,5,0,500,0.6,1000,0.2,1400,0.2,1
11,6,9936,0,0,666,0.42,420,0.58,1
11,7,2204,1,0,300,0.5,572,0.32,486,0.18,1
11,8,9684,1,0,666,0.42,420,0.58,1
11,9,1378,1,0,500,0.6,1000,0.2,1400,0.2,1
11,10,8830,2,10,5,0,300,0.5,572,0.32,486,0.18,1
11,11,1496,1,0,666,0.42,420,0.58,1
