0,0,5013,2,10,5,0,666,0.42,420,0.58,1
0,1,10237,0,0,666,0.42,420,0.58,1
0,2,4635,1,0,300,0.5,572,0.32,486,0.18,1
0,3,6933,1,0,300,0.5,572,0.32,486,0.18,1
0,4,128,1,0,300,0.5,572,0.32,486,0.18,1
0,5,13851,0,0,300,0.5,572,0.32,486,0.18,1
0,6,7475,0,0,500,0.6,1000,0.2,1400,0.2,1
0,7,3632,2,10,5,0,300,0.5,572,0.32,486,0.18,1
0,8,8874,0,0,666,0.42,420,0.58,1
0,9,10836,0,0,500,0.6,1000,0.2,1400,0.2,1
0,10,13770,2,10,5,0,300,0.5,572,0.32,486,0.18,1
0,11,8045,0,0,300,0.5,1700,0.5,1
1,0,6415,2,10,5,0,300,0.5,572,0.32,486,0.18,1
1,1,12773,1,0,300,0.5,1700,0.5,1
1,2,7979,1,0,666,0.42,420,0.58,0
1,3,6688,2,10,5,0,500,0.6,1000,0.2,1400,0.2,1
1,4,6277,2,10,5,0,300,0.5,572,0.32,486,0.18,1
1,5,1056,1,0,300,0.5,572,0.32,486,0.18,1
1,6,3503,2,10,5,0,300,0.5,1700,0.5,1
1,7,12187,2,10,5,0,666,0.42,420,0.58,1
1,8,7702,1,0,300,0.5,572,0.32,486,0.18,1
1,9,13629,2,10,5,0,300,0.5,1700,0.5,1
1,10,8981,1,0,300,0.5,572,0.32,486,0.18,1
1,11,1714,1,0,300,0.5,572,0.32,486,0.18,1
2,0,2579,1,0,300,0.5,572,0.32,486,0.18,1
2,1,7858,0,0,666,0.42,420,0.58,1
2,2,14001,1,0,300,0.5,572,0.32,486,0.18,1
2,3,1486,1,0,500,0.6,1000,0.2,1400,0.2,1
2,4,10445,0,0,300,0.5,572,0.32,486,0.18,1
2,5,7695,0,0,666,0.42,420,0.58,1
2,6,11796,2,10,5,0,666,0.42,420,0.58,1
2,7,107,2,10,5,0,666,0.42,420,0.58,1
2,8,8223,2,10,5,0,666,0.42,420,0.58,1
2,9,7483,2,10,5,0,666,0.42,420,0.58,1
2,10,3553,2,10,5,0,300,0.5,1700,0.5,1
2,11,8363,0,0,300,0.5,1700,0.5,1
3,0,6999,1,0,500,0.6,1000,0.2,1400,0.2,1
3,1,8688,2,10,5,0,300,0.5,1700,0.5,1
3,2,11790,1,0,300,0.5,1700,0.5,1
3,3,3759,2,10,5,0,666,0.42,420,0.58,1
3,4,10181,0,0,300,0.5,1700,0.5,1
3,5,3274,0,0,500,0.6,1000,0.2,1400,0.2,1
3,6,12532,0,0,300,0.5,572,0.32,486,0.18,1
3,7,14143,2,10,5,0,300,0.5,572,0.32,486,0.18,1
3,8,9650,2,10,5,0,300,0.5,1700,0.5,1
3,9,14368,2,10,5,0,666,0.42,420,0.58,1
3,10,14605,1,0,300,0.5,572,0.32,486,0.18,1
3,11,2106,2,10,5,0,500,0.6,1000,0.2,1400,0.2,1
4,0,5578,0,0,666,0.42,420,0.58,1
4,1,13111,2,10,5,0,500,0.6,1000,0.2,1400,0.2,1
4,2,4643,0,0,666,0.42,420,0.58,1
4,3,13118,0,0,666,0.42,420,0.58,1
4,4,1050,0,0,500,0.6,1000,0.2,1400,0.2,1
4,5,14085,0,0,666,0.42,420,0.58,1
4,6,3135,1,0,666,0.42,420,0.58,1
4,7,3169,2,10,5,0,300,0.5,1700,0.5,1
4,8,9848,2,10,5,0,666,0.42,420,0.58,1
4,9,14642,1,0,666,0.42,420,0.58,1
4,10,13269,0,0,300,0.5,572,0.32,486,0.18,1
4,11,8530,0,0,300,0.5,1700,0.5,1
5,0,573,1,0,666,0.42,420,0.58,1
5,1,5037,1,0,500,0.6,1000,0.2,1400,0.2,1
5,2,8726,1,0,500,0.6,1000,0.2,1400,0.2,1
5,3,1051,0,0,300,0.5,572,0.32,486,0.18,1
5,4,3403,1,0,300,0.5,1700,0.5,1
5,5,289,2,10,5,0,666,0.42,420,0.58,1
5,6,2708,2,10,5,0,666,0.42,420,0.58,1
5,7,8344,1,0,500,0.6,1000,0.2,1400,0.2,1
5,8,7804,0,0,300,0.5,572,0.32,486,0.18,1
5,9,12815,0,0,300,0.5,572,0.32,486,0.18,1
5,10,4021,1,0,300,0.5,1700,0.5,1
5,11,10819,2,10,5,0,300,0.5,1700,0.5,1
6,0,5904,0,0,300,0.5,572,0.32,486,0.18,1
6,1,7933,0,0,500,0.6,1000,0.2,1400,0.2,1
6,2,12333,0,0,500,0.6,1000,0.2,1400,0.2,1
6,3,14020,2,10,5,0,300,0.5,1700,0.5,1
6,4,8955,2,10,5,0,300,0.5,572,0.32,486,0.18,1
6,5,8968,1,0,500,0.6,1000,0.2,1400,0.2,1
6,6,678,2,10,5,0,300,0.5,572,0.32,486,0.18,1
6,7,4777,1,0,500,0.6,1000,0.2,1400,0.2,1
6,8,12722,1,0,300,0.5,572,0.32,486,0.18,1
6,9,9281,0,0,300,0.5,572,0.32,486,0.18,1
6,10,9128,0,0,300,0.5,572,0.32,486,0.18,1
6,11,12406,0,0,666,0.42,420,0.58,1
7,0,2776,0,0,500,0.6,1000,0.2,1400,0.2,1
7,1,3340,2,10,5,0,666,0.42,420,0.58,1
7,2,3753,2,10,5,0,300,0.5,572,0.32,486,0.18,1
7,3,2941,1,0,666,0.42,420,0.58,1
7,4,10438,2,10,5,0,500,0.6,1000,0.2,1400,0.2,1
7,5,4520,2,10,5,0,666,0.42,420,0.58,1
7,6,4676,2,10,5,0,500,0.6,1000,0.2,1400,0.2,1
7,7,11232,2,10,5,0,300,0.5,572,0.32,486,0.18,1
7,8,9308,1,0,300,0.5,1700,0.5,1
7,9,5925,0,0,666,0.42,420,0.58,1
7,10,6010,0,0,300,0.5,572,0.32,486,0.18,1
7,11,4441,0,0,666,0.42,420,0.58,1
8,0,4930,2,10,5,0,500,0.6,1000,0.2,1400,0.2,1
8,1,8899,2,10,5,0,500,0.6,1000,0.2,1400,0.2,1
8,2,7497,1,0,300,0.5,1700,0.5,1
8,3,7725,1,0,300,0.5,1700,0.5,1
8,4,7474,0,0,300,0.5,1700,0.5,1
8,5,13807,0,0,300,0.5,572,0.32,486,0.18,1
8,6,7809,0,0,666,0.42,420,0.58,1
8,7,12944,1,0,666,0.42,420,0.58,1
8,8,8270,2,10,5,0,666,0.42,420,0.58,1
8,9,7042,1,0,300,0.5,572,0.32,486,0.18,1
8,10,12046,0,0,300,0.5,572,0.32,486,0.18,1
8,11,13138,2,10,5,0,666,0.42,420,0.58,1
9,0,12703,1,0,666,0.42,420,0.58,1
9,1,3179,0,0,666,0.42,420,0.58,1
9,2,9587,0,0,300,0.5,1700,0.5,1
9,3,3686,0,0,666,0.42,420,0.58,1
9,4,566,1,0,500,0.6,1000,0.2,1400,0.2,1
9,5,138,2,10,5,0,300,0.5,1700,0.5,1
9,6,1924,2,10,5,0,500,0.6,1000,0.2,1400,0.2,1
9,7,3560,1,0,300,0.5,572,0.32,486,0.18,1
9,8,8537,0,0,666,0.42,420,0.58,1
9,9,3165,1,0,300,0.5,572,0.32,486,0.18,1
9,10,12088,0,0,666,0.42,420,0.58,1
9,11,9982,0,0,300,0.5,572,0.32,486,0.18,1
10,0,10699,1,0,500,0.6,1000,0.2,1400,0.2,1
10,1,11579,1,0,300,0.5,1700,0.5,1
10,2,1672,0,0,300,0.5,1700,0.5,1
10,3,12988,1,0,300,0.5,572,0.32,486,0.18,1
10,4,9977,1,0,300,0.5,1700,0.5,1
10,5,6731,0,0,300,0.5,1700,0.5,1
10,6,301,0,0,500,0.6,1000,0.2,1400,0.2,1
10,7,164,2,10,5,0,500,0.6,1000,0.2,1400,0.2,1
10,8,10498,2,10,5,0,500,0.6,1000,0.2,1400,0.2,1
10,9,136,2,10,5,0,500,0.6,1000,0.2,1400,0.2,1
10,10,95,2,10,5,0,300,0.5,572,0.32,486,0.18,1
10,11,7207,2,10,5,0,300,0.5,572,0.32,486,0.18,1
11,0,9114,0,0,300,0.5,1700,0.5,1
11,1,7012,2,10,5,0,300,0.5,1700,0.5,1
11,2,13422,1,0,300,0.5,572,0.32,486,0.18,1
11,3,10720,0,0,300,0.5,572,0.32,486,0.18,1
11,4,3796,2,10,5,0,666,0.42,420,0.58,1
11,5,10147,2,10,5,0,500,0.6,1000,0.2,1400,0.2,1
11,6,804,0,0,300,0.5,572,0.32,486,0.18,1
11,7,6525,1,0,500,0.6,1000,0.2,1400,0.2,1
11,8,5195,0,0,500,0.6,1000,0.2,1400,0.2,1
11,9,13973,0,0,500,0.6,1000,0.2,1400,0.2,1
11,10,8587,1,0,300,0.5,1700,0.5,1
11,11,2034,0,0,666,0.42,420,0.58,1
