0,0,3577,1,0,500,0.6,1000,0.2,1400,0.2,1
0,1,9724,2,10,5,0,300,0.5,572,0.32,486,0.18,1
0,2,14699,2,10,5,0,666,0.42,420,0.58,1
0,3,9322,2,10,5,0,666,0.42,420,0.58,1
0,4,2793,2,10,5,0,300,0.5,1700,0.5,1
0,5,4960,2,10,5,0,666,0.42,420,0.58,1
0,6,9443,2,10,5,0,666,0.42,420,0.58,1
0,7,9045,1,0,300,0.5,1700,0.5,1
0,8,1863,2,10,5,0,500,0.6,1000,0.2,1400,0.2,1
0,9,6900,0,0,300,0.5,572,0.32,486,0.18,1
0,10,9587,0,0,666,0.42,420,0.58,1
0,11,3153,0,0,300,0.5,1700,0.5,1
1,0,7505,0,0,500,0.6,1000,0.2,1400,0.2,1
1,1,1936,1,0,300,0.5,1700,0.5,1
1,2,12171,1,0,500,0.6,1000,0.2,1400,0.2,0
1,3,8155,0,0,666,0.42,420,0.58,1
1,4,3699,1,0,666,0.42,420,0.58,1
1,5,12674,1,0,500,0.6,1000,0.2,1400,0.2,1
1,6,5769,1,0,300,0.5,1700,0.5,1
1,7,5931,2,10,5,0,666,0.42,420,0.58,1
1,8,10473,2,10,5,0,300,0.5,572,0.32,486,0.18,1
1,9,11327,0,0,666,0.42,420,0.58,1
1,10,8779,1,0,300,0.5,572,0.32,486,0.18,1
1,11,13667,2,10,5,0,500,0.6,1000,0.2,1400,0.2,1
2,0,5569,2,10,5,0,300,0.5,572,0.32,486,0.18,1
2,1,7483,0,0,500,0.6,1000,0.2,1400,0.2,1
2,2,1600,1,0,300,0.5,572,0.32,486,0.18,1
2,3,1001,0,0,300,0.5,1700,0.5,1
2,4,14301,2,10,5,0,666,0.42,420,0.58,1
2,5,10181,2,10,5,0,500,0.6,1000,0.2,1400,0.2,1
2,6,7018,0,0,666,0.42,420,0.58,1
2,7,2984,0,0,300,0.5,572,0.32,486,0.18,1
2,8,959,1,0,300,0.5,1700,0.5,1
2,9,9485,0,0,500,0.6,1000,0.2,1400,0.2,1
2,10,5439,1,0,300,0.5,572,0.32,486,0.18,1
2,11,9462,1,0,300,0.5,1700,0.5,1
3,0,13954,0,0,500,0.6,1000,0.2,1400,0.2,1
3,1,2445,2,10,5,0,300,0.5,1700,0.5,1
3,2,1801,1,0,300,0.5,1700,0.5,1
3,3,8928,0,0,300,0.5,572,0.32,486,0.18,1
3,4,12632,0,0,500,0.6,1000,0.2,1400,0.2,1
3,5,4041,2,10,5,0,666,0.42,420,0.58,1
3,6,5479,0,0,300,0.5,1700,0.5,1
3,7,9678,0,0,300,0.5,1700,0.5,1
3,8,12238,0,0,666,0.42,420,0.58,1
3,9,8138,1,0,500,0.6,1000,0.2,1400,0.2,1
3,10,461,0,0,666,0.42,420,0.58,1
3,11,3285,2,10,5,0,300,0.5,1700,0.5,1
4,0,5379,2,10,5,0,666,0.42,420,0.58,1
4,1,7991,1,0,300,0.5,1700,0.5,1
4,2,4478,1,0,666,0.42,420,0.58,1
4,3,13877,0,0,666,0.42,420,0.58,1
4,4,12099,2,10,5,0,500,0.6,1000,0.2,1400,0.2,1
4,5,11025,0,0,500,0.6,1000,0.2,1400,0.2,1
4,6,11029,2,10,5,0,300,0.5,572,0.32,486,0.18,1
4,7,7278,1,0,500,0.6,1000,0.2,1400,0.2,1
4,8,6905,1,0,300,0.5,1700,0.5,1
4,9,7280,1,0,300,0.5,572,0.32,486,0.18,1
4,10,12978,0,0,666,0.42,420,0.58,1
4,11,6639,0,0,300,0.5,1700,0.5,1
5,0,9721,1,0,666,0.42,420,0.58,1
5,1,2679,2,10,5,0,300,0.5,1700,0.5,1
5,2,9104,0,0,500,0.6,1000,0.2,1400,0.2,1
5,3,5373,1,0,666,0.42,420,0.58,1
5,4,11235,1,0,500,0.6,1000,0.2,1400,0.2,1
5,5,9645,2,10,5,0,300,0.5,572,0.32,486,0.18,1
5,6,11980,1,0,666,0.42,420,0.58,1
5,7,6185,1,0,666,0.42,420,0.58,1
5,8,480,1,0,300,0.5,572,0.32,486,0.18,1
5,9,11069,0,0,300,0.5,1700,0.5,1
5,10,2261,0,0,666,0.42,420,0.58,1
5,11,2715,2,10,5,0,500,0.6,1000,0.2,1400,0.2,1
6,0,3774,1,0,300,0.5,1700,0.5,1
6,1,8412,0,0,666,0.42,420,0.58,1
6,2,4891,0,0,500,0.6,1000,0.2,1400,0.2,1
6,3,4345,1,0,300,0.5,1700,0.5,1
6,4,971,0,0,300,0.5,572,0.32,486,0.18,1
6,5,10069,2,10,5,0,666,0.42,420,0.58,1
6,6,13062,1,0,300,0.5,1700,0.5,1
6,7,14132,0,0,666,0.42,420,0.58,1
6,8,11831,1,0,666,0.42,420,0.58,1
6,9,11053,2,10,5,0,300,0.5,1700,0.5,1
6,10,8081,2,10,5,0,666,0.42,420,0.58,1
6,11,6048,1,0,500,0.6,1000,0.2,1400,0.2,1
7,0,2156,1,0,300,0.5,572,0.32,486,0.18,1
7,1,726,0,0,300,0.5,1700,0.5,1
7,2,3143,2,10,5,0,666,0.42,420,0.58,1
7,3,643,2,10,5,0,500,0.6,1000,0.2,1400,0.2,1
7,4,12409,1,0,300,0.5,1700,0.5,1
7,5,1819,2,10,5,0,500,0.6,1000,0.2,1400,0.2,1
7,6,5364,1,0,666,0.42,420,0.58,1
7,7,13686,0,0,300,0.5,1700,0.5,1
7,8,8118,0,0,666,0.42,420,0.58,1
7,9,5238,0,0,500,0.6,1000,0.2,1400,0.2,1
7,10,11239,1,0,500,0.6,1000,0.2,1400,0.2,1
7,11,13118,0,0,300,0.5,1700,0.5,1
8,0,9212,0,0,300,0.5,572,0.32,486,0.18,1
8,1,4792,1,0,300,0.5,1700,0.5,1
8,2,6298,2,10,5,0,500,0.6,1000,0.2,1400,0.2,1
8,3,792,1,0,300,0.5,1700,0.5,1
8,4,11992,2,10,5,0,300,0.5,1700,0.5,1
8,5,10230,2,10,5,0,300,0.5,572,0.32,486,0.18,1
8,6,9051,1,0,666,0.42,420,0.58,1
8,7,1968,1,0,300,0.5,572,0.32,486,0.18,1
8,8,11185,1,0,666,0.42,420,0.58,1
8,9,11039,0,0,300,0.5,572,0.32,486,0.18,1
8,10,13430,2,10,5,0,500,0.6,1000,0.2,1400,0.2,1
8,11,11167,2,10,5,0,300,0.5,1700,0.5,1
9,0,9488,0,0,666,0.42,420,0.58,1
9,1,11332,1,0,666,0.42,420,0.58,1
9,2,11104,2,10,5,0,300,0.5,572,0.32,486,0.18,1
9,3,13263,1,0,300,0.5,1700,0.5,1
9,4,5498,2,10,5,0,500,0.6,1000,0.2,1400,0.2,1
9,5,6861,0,0,666,0.42,420,0.58,1
9,6,6875,2,10,5,0,666,0.42,420,0.58,1
9,7,12002,0,0,300,0.5,572,0.32,486,0.18,1
9,8,618,1,0,300,0.5,572,0.32,486,0.18,1
9,9,6278,2,10,5,0,300,0.5,1700,0.5,1
9,10,882,1,0,500,0.6,1000,0.2,1400,0.2,1
9,11,2183,2,10,5,0,300,0.5,572,0.32,486,0.18,1
10,0,9031,2,10,5,0,300,0.5,1700,0.5,1
10,1,1594,0,0,300,0.5,1700,0.5,1
10,2,5826,0,0,666,0.42,420,0.58,1
10,3,3247,0,0,300,0.5,1700,0.5,1
10,4,5515,1,0,666,0.42,420,0.58,1
10,5,4237,2,10,5,0,300,0.5,1700,0.5,1
10,6,604,1,0,300,0.5,572,0.32,486,0.18,1
10,7,7321,1,0,300,0.5,1700,0.5,1
10,8,8114,0,0,300,0.5,572,0.32,486,0.18,1
10,9,4572,1,0,300,0.5,1700,0.5,1
10,10,6727,2,10,5,0,300,0.5,572,0.32,486,0.18,1
10,11,7139,2,10,5,0,500,0.6,1000,0.2,1400,0.2,1
11,0,4090,1,0,500,0.6,1000,0.2,1400,0.2,1
11,1,10963,2,10,5,0,666,0.42,420,0.58,1
11,2,2518,0,0,300,0.5,1700,0.5,1
11,3,10246,2,10,5,0,300,0.5,1700,0.5,1
11,4,4925,2,10,5,0,666,0.42,420,0.58,1
11,5,13019,0,0,300,0.5,1700,0.5,1
11,6,6007,1,0,500,0.6,1000,0.2,1400,0.2,1
11,7,14195,0,0,300,0.5,1700,0.5,1
11,8,7623,2,10,5,0,300,0.5,572,0.32,486,0.18,1
11,9,7686,2,10,5,0,300,0.5,572,0.32,486,0.18,1
11,10,13347,0,0,500,0.6,1000,0.2,1400,0.2,1
11,11,11896,0,0,500,0.6,1000,0.2,1400,0.2,1
