0,0,7611,1,0,500,0.6,1000,0.2,1400,0.2,1
0,1,1528,2,10,5,0,500,0.6,1000,0.2,1400,0.2,1
0,2,6356,0,0,500,0.6,1000,0.2,1400,0.2,1
0,3,11752,1,0,666,0.42,420,0.58,1
0,4,5004,2,10,5,0,300,0.5,1700,0.5,1
0,5,5629,1,0,300,0.5,1700,0.5,1
0,6,9945,1,0,300,0.5,1700,0.5,1
0,7,14595,2,10,5,0,300,0.5,572,0.32,486,0.18,1
0,8,7069,0,0,300,0.5,1700,0.5,1
0,9,7440,1,0,500,0.6,1000,0.2,1400,0.2,1
0,10,4063,1,0,666,0.42,420,0.58,1
0,11,6674,0,0,666,0.42,420,0.58,1
1,0,11735,2,10,5,0,666,0.42,420,0.58,1
1,1,10104,1,0,500,0.6,1000,0.2,1400,0.2,1
1,2,10552,0,0,300,0.5,1700,0.5,0
1,3,14122,2,10,5,0,500,0.6,1000,0.2,1400,0.2,1
1,4,8334,1,0,300,0.5,1700,0.5,1
1,5,6245,0,0,500,0.6,1000,0.2,1400,0.2,1
1,6,8464,1,0,300,0.5,1700,0.5,1
1,7,10029,1,0,300,0.5,1700,0.5,1
1,8,1454,1,0,300,0.5,572,0.32,486,0.18,1
1,9,252,2,10,5,0,300,0.5,1700,0.5,1
1,10,5264,2,10,5,0,300,0.5,1700,0.5,1
1,11,1393,1,0,300,0.5,572,0.32,486,0.18,1
2,0,1185,2,10,5,0,500,0.6,1000,0.2,1400,0.2,1
2,1,7284,1,0,500,0.6,1000,0.2,1400,0.2,1
2,2,554,0,0,300,0.5,572,0.32,486,0.18,1
2,3,10157,1,0,500,0.6,1000,0.2,1400,0.2,1
2,4,11867,2,10,5,0,300,0.5,572,0.32,486,0.18,1
2,5,539,2,10,5,0,300,0.5,572,0.32,486,0.18,1
2,6,12118,0,0,300,0.5,1700,0.5,1
2,7,8855,0,0,666,0.42,420,0.58,1
2,8,12286,0,0,300,0.5,1700,0.5,1
2,9,13902,1,0,666,0.42,420,0.58,1
2,10,6400,0,0,500,0.6,1000,0.2,1400,0.2,1
2,11,7835,0,0,300,0.5,1700,0.5,1
3,0,14883,1,0,500,0.6,1000,0.2,1400,0.2,1
3,1,3940,2,10,5,0,500,0.6,1000,0.2,1400,0.2,1
3,2,11366,1,0,500,0.6,1000,0.2,1400,0.2,1
3,3,12443,0,0,500,0.6,1000,0.2,1400,0.2,1
3,4,9215,1,0,500,0.6,1000,0.2,1400,0.2,1
3,5,10949,0,0,500,0.6,1000,0.2,1400,0.2,1
3,6,5666,2,10,5,0,300,0.5,1700,0.5,1
3,7,3191,1,0,300,0.5,572,0.32,486,0.18,1
3,8,10492,0,0,666,0.42,420,0.58,1
3,9,8268,1,0,300,0.5,1700,0.5,1
3,10,8314,2,10,5,0,300,0.5,1700,0.5,1
3,11,14054,0,0,666,0.42,420,0.58,1
4,0,6497,0,0,300,0.5,1700,0.5,1
4,1,1156,1,0,300,0.5,1700,0.5,1
4,2,7202,1,0,300,0.5,572,0.32,486,0.18,1
4,3,14496,2,10,5,0,500,0.6,1000,0.2,1400,0.2,1
4,4,5645,2,10,5,0,300,0.5,1700,0.5,1
4,5,10254,2,10,5,0,500,0.6,1000,0.2,1400,0.2,1
4,6,14104,1,0,666,0.42,420,0.58,1
4,7,12474,1,0,300,0.5,572,0.32,486,0.18,1
4,8,2028,0,0,300,0.5,572,0.32,486,0.18,1
4,9,8144,0,0,500,0.6,1000,0.2,1400,0.2,1
4,10,3710,1,0,666,0.42,420,0.58,1
4,11,13078,2,10,5,0,300,0.5,572,0.32,486,0.18,1
5,0,10256,1,0,500,0.6,1000,0.2,1400,0.2,1
5,1,6888,1,0,666,0.42,420,0.58,1
5,2,539,0,0,300,0.5,1700,0.5,1
5,3,221,1,0,666,0.42,420,0.58,1
5,4,4485,1,0,666,0.42,420,0.58,1
5,5,13476,2,10,5,0,666,0.42,420,0.58,1
5,6,7312,1,0,300,0.5,572,0.32,486,0.18,1
5,7,14836,0,0,300,0.5,572,0.32,486,0.18,1
5,8,4976,1,0,300,0.5,1700,0.5,1
5,9,8683,2,10,5,0,300,0.5,572,0.32,486,0.18,1
5,10,4218,0,0,500,0.6,1000,0.2,1400,0.2,1
5,11,7484,0,0,300,0.5,1700,0.5,1
6,0,13041,2,10,5,0,300,0.5,1700,0.5,1
6,1,6335,2,10,5,0,300,0.5,1700,0.5,1
6,2,4235,0,0,500,0.6,1000,0.2,1400,0.2,1
6,3,2324,0,0,666,0.42,420,0.58,1
6,4,3729,2,10,5,0,500,0.6,1000,0.2,1400,0.2,1
6,5,8300,0,0,500,0.6,1000,0.2,1400,0.2,1
6,6,5609,1,0,500,0.6,1000,0.2,1400,0.2,1
6,7,9615,1,0,500,0.6,1000,0.2,1400,0.2,1
6,8,14879,2,10,5,0,666,0.42,420,0.58,1
6,9,14565,0,0,666,0.42,420,0.58,1
6,10,12037,1,0,500,0.6,1000,0.2,1400,0.2,1
6,11,8098,1,0,666,0.42,420,0.58,1
7,0,7417,2,10,5,0,500,0.6,1000,0.2,1400,0.2,1
7,1,2668,1,0,300,0.5,1700,0.5,1
7,2,11969,1,0,500,0.6,1000,0.2,1400,0.2,1
7,3,12790,1,0,300,0.5,1700,0.5,1
7,4,8417,2,10,5,0,300,0.5,572,0.32,486,0.18,1
7,5,685,1,0,500,0.6,1000,0.2,1400,0.2,1
7,6,3434,1,0,300,0.5,1700,0.5,1
7,7,2206,0,0,300,0.5,572,0.32,486,0.18,1
7,8,12359,0,0,300,0.5,572,0.32,486,0.18,1
7,9,750,1,0,500,0.6,1000,0.2,1400,0.2,1
7,10,4482,1,0,500,0.6,1000,0.2,1400,0.2,1
7,11,7083,1,0,500,0.6,1000,0.2,1400,0.2,1
8,0,2423,0,0,300,0.5,572,0.32,486,0.18,1
8,1,14005,0,0,666,0.42,420,0.58,1
8,2,6609,0,0,300,0.5,1700,0.5,1
8,3,14098,2,10,5,0,300,0.5,1700,0.5,1
8,4,14691,1,0,666,0.42,420,0.58,1
8,5,9567,1,0,666,0.42,420,0.58,1
8,6,8205,1,0,300,0.5,572,0.32,486,0.18,1
8,7,8170,1,0,300,0.5,1700,0.5,1
8,8,12120,0,0,666,0.42,420,0.58,1
8,9,422,0,0,666,0.42,420,0.58,1
8,10,2904,0,0,500,0.6,1000,0.2,1400,0.2,1
8,11,7958,1,0,666,0.42,420,0.58,1
9,0,3569,2,10,5,0,500,0.6,1000,0.2,1400,0.2,1
9,1,13970,0,0,666,0.42,420,0.58,1
9,2,2017,0,0,666,0.42,420,0.58,1
9,3,4980,0,0,300,0.5,1700,0.5,1
9,4,5647,0,0,666,0.42,420,0.58,1
9,5,3363,2,10,5,0,300,0.5,572,0.32,486,0.18,1
9,6,11163,0,0,300,0.5,572,0.32,486,0.18,1
9,7,6957,1,0,500,0.6,1000,0.2,1400,0.2,1
9,8,7958,1,0,666,0.42,420,0.58,1
9,9,10793,1,0,500,0.6,1000,0.2,1400,0.2,1
9,10,12195,1,0,300,0.5,1700,0.5,1
9,11,5255,1,0,500,0.6,1000,0.2,1400,0.2,1
10,0,7790,0,0,666,0.42,420,0.58,1
10,1,7961,2,10,5,0,300,0.5,572,0.32,486,0.18,1
10,2,7372,1,0,666,0.42,420,0.58,1
10,3,8280,1,0,300,0.5,1700,0.5,1
10,4,5980,2,10,5,0,300,0.5,572,0.32,486,0.18,1
10,5,1789,2,10,5,0,300,0.5,1700,0.5,1
10,6,12595,0,0,300,0.5,1700,0.5,1
10,7,8204,0,0,300,0.5,572,0.32,486,0.18,1
10,8,5705,2,10,5,0,666,0.42,420,0.58,1
10,9,8072,2,10,5,0,300,0.5,1700,0.5,1
10,10,3983,0,0,500,0.6,1000,0.2,1400,0.2,1
10,11,1075,2,10,5,0,300,0.5,572,0.32,486,0.18,1
11,0,10797,1,0,666,0.42,420,0.58,1
11,1,10921,1,0,300,0.5,572,0.32,486,0.18,1
11,2,4519,2,10,5,0,300,0.5,572,0.32,486,0.18,1
11,3,569,0,0,300,0.5,1700,0.5,1
11,4,7427,0,0,500,0.6,1000,0.2,1400,0.2,1
11,5,4588,0,0,666,0.42,420,0.58,1
11,6,4172,0,0,300,0.5,1700,0.5,1
11,7,11313,2,10,5,0,300,0.5,1700,0.5,1
11,8,13312,1,0,666,0.42,420,0.58,1
11,9,13141,0,0,300,0.5,572,0.32,486,0.18,1
11,10,942,0,0,500,0.6,1000,0.2,1400,0.2,1
11,11,9666,1,0,500,0.6,1000,0.2,1400,0.2,1
