0,0,7987,0,0,300,0.5,1700,0.5,1
0,1,9138,1,0,666,0.42,420,0.58,1
0,2,12076,2,10,5,0,666,0.42,420,0.58,1
0,3,5533,0,0,300,0.5,572,0.32,486,0.18,1
0,4,11057,1,0,500,0.6,1000,0.2,1400,0.2,1
0,5,13031,2,10,5,0,500,0.6,1000,0.2,1400,0.2,1
0,6,5968,1,0,500,0.6,1000,0.2,1400,0.2,1
0,7,14066,0,0,500,0.6,1000,0.2,1400,0.2,1
0,8,4289,0,0,300,0.5,572,0.32,486,0.18,1
0,9,9839,1,0,666,0.42,420,0.58,1
0,10,14201,0,0,300,0.5,1700,0.5,1
0,11,6374,0,0,300,0.5,572,0.32,486,0.18,1
1,0,10435,0,0,666,0.42,420,0.58,1
1,1,2199,0,0,300,0.5,572,0.32,486,0.18,1
1,2,4397,0,0,500,0.6,1000,0.2,1400,0.2,0
1,3,13405,1,0,300,0.5,1700,0.5,1
1,4,2669,0,0,300,0.5,1700,0.5,1
1,5,5003,0,0,500,0.6,1000,0.2,1400,0.2,1
1,6,2731,0,0,300,0.5,1700,0.5,1
1,7,8585,2,10,5,0,666,0.42,420,0.58,1
1,8,603,0,0,300,0.5,1700,0.5,1
1,9,8221,0,0,300,0.5,1700,0.5,1
1,10,3302,0,0,300,0.5,572,0.32,486,0.18,1
1,11,4543,1,0,300,0.5,572,0.32,486,0.18,1
2,0,2273,1,0,300,0.5,572,0.32,486,0.18,1
2,1,12247,2,10,5,0,666,0.42,420,0.58,1
2,2,10078,1,0,666,0.42,420,0.58,1
2,3,5694,2,10,5,0,500,0.6,1000,0.2,1400,0.2,1
2,4,7027,2,10,5,0,500,0.6,1000,0.2,1400,0.2,1
2,5,13179,1,0,300,0.5,1700,0.5,1
2,6,2808,1,0,300,0.5,1700,0.5,1
2,7,9441,1,0,300,0.5,572,0.32,486,0.18,1
2,8,12087,0,0,500,0.6,1000,0.2,1400,0.2,1
2,9,12429,1,0,500,0.6,1000,0.2,1400,0.2,1
2,10,8841,1,0,300,0.5,572,0.32,486,0.18,1
2,11,8526,0,0,500,0.6,1000,0.2,1400,0.2,1
3,0,8912,2,10,5,0,500,0.6,1000,0.2,1400,0.2,1
3,1,12808,2,10,5,0,300,0.5,1700,0.5,1
3,2,11286,2,10,5,0,500,0.6,1000,0.2,1400,0.2,1
3,3,4958,2,10,5,0,300,0.5,572,0.32,486,0.18,1
3,4,10660,2,10,5,0,300,0.5,1700,0.5,1
3,5,9201,0,0,666,0.42,420,0.58,1
3,6,5251,0,0,300,0.5,1700,0.5,1
3,7,3735,2,10,5,0,300,0.5,1700,0.5,1
3,8,9168,2,10,5,0,666,0.42,420,0.58,1
3,9,2804,0,0,500,0.6,1000,0.2,1400,0.2,1
3,10,1892,0,0,300,0.5,1700,0.5,1
3,11,4828,1,0,300,0.5,1700,0.5,1
4,0,5970,2,10,5,0,300,0.5,572,0.32,486,0.18,1
4,1,5138,1,0,300,0.5,572,0.32,486,0.18,1
4,2,7168,0,0,666,0.42,420,0.58,1
4,3,12288,1,0,500,0.6,1000,0.2,1400,0.2,1
4,4,8524,1,0,300,0.5,1700,0.5,1
4,5,13141,0,0,500,0.6,1000,0.2,1400,0.2,1
4,6,7566,1,0,666,0.42,420,0.58,1
4,7,9994,1,0,300,0.5,572,0.32,486,0.18,1
4,8,13347,2,10,5,0,300,0.5,1700,0.5,1
4,9,14862,2,10,5,0,300,0.5,1700,0.5,1
4,10,4738,2,10,5,0,300,0.5,1700,0.5,1
4,11,10730,0,0,666,0.42,420,0.58,1
5,0,7341,0,0,300,0.5,572,0.32,486,0.18,1
5,1,1605,1,0,300,0.5,1700,0.5,1
5,2,11060,1,0,500,0.6,1000,0.2,1400,0.2,1
5,3,5793,1,0,666,0.42,420,0.58,1
5,4,5853,2,10,5,0,666,0.42,420,0.58,1
5,5,3002,0,0,500,0.6,1000,0.2,1400,0.2,1
5,6,6222,1,0,666,0.42,420,0.58,1
5,7,13561,2,10,5,0,300,0.5,1700,0.5,1
5,8,7819,2,10,5,0,500,0.6,1000,0.2,1400,0.2,1
5,9,10782,2,10,5,0,300,0.5,572,0.32,486,0.18,1
5,10,11959,0,0,300,0.5,1700,0.5,1
5,11,6684,2,10,5,0,300,0.5,572,0.32,486,0.18,1
6,0,3110,2,10,5,0,300,0.5,572,0.32,486,0.18,1
6,1,12645,2,10,5,0,300,0.5,1700,0.5,1
6,2,5901,2,10,5,0,666,0.42,420,0.58,1
6,3,7306,0,0,300,0.5,1700,0.5,1
6,4,2162,2,10,5,0,300,0.5,1700,0.5,1
6,5,12458,1,0,666,0.42,420,0.58,1
6,6,12932,2,10,5,0,500,0.6,1000,0.2,1400,0.2,1
6,7,5480,0,0,666,0.42,420,0.58,1
6,8,9751,1,0,300,0.5,572,0.32,486,0.18,1
6,9,4527,1,0,300,0.5,1700,0.5,1
6,10,5902,1,0,300,0.5,572,0.32,486,0.18,1
6,11,12083,0,0,300,0.5,572,0.32,486,0.18,1
7,0,9243,0,0,666,0.42,420,0.58,1
7,1,6455,1,0,500,0.6,1000,0.2,1400,0.2,1
7,2,780,0,0,500,0.6,1000,0.2,1400,0.2,1
7,3,11639,2,10,5,0,500,0.6,1000,0.2,1400,0.2,1
7,4,11069,1,0,500,0.6,1000,0.2,1400,0.2,1
7,5,14692,2,10,5,0,666,0.42,420,0.58,1
7,6,5453,0,0,500,0.6,1000,0.2,1400,0.2,1
7,7,11510,2,10,5,0,666,0.42,420,0.58,1
7,8,11789,1,0,500,0.6,1000,0.2,1400,0.2,1
7,9,11987,0,0,300,0.5,1700,0.5,1
7,10,14369,0,0,500,0.6,1000,0.2,1400,0.2,1
7,11,335,1,0,500,0.6,1000,0.2,1400,0.2,1
8,0,12746,2,10,5,0,500,0.6,1000,0.2,1400,0.2,1
8,1,10335,0,0,300,0.5,572,0.32,486,0.18,1
8,2,1960,1,0,300,0.5,572,0.32,486,0.18,1
8,3,8430,1,0,300,0.5,1700,0.5,1
8,4,11457,1,0,500,0.6,1000,0.2,1400,0.2,1
8,5,10283,0,0,300,0.5,1700,0.5,1
8,6,1251,2,10,5,0,500,0.6,1000,0.2,1400,0.2,1
8,7,8936,0,0,300,0.5,1700,0.5,1
8,8,10592,1,0,300,0.5,1700,0.5,1
8,9,14097,0,0,666,0.42,420,0.58,1
8,10,11073,0,0,300,0.5,1700,0.5,1
8,11,5015,0,0,500,0.6,1000,0.2,1400,0.2,1
9,0,3652,1,0,666,0.42,420,0.58,1
9,1,7693,0,0,666,0.42,420,0.58,1
9,2,1139,1,0,300,0.5,1700,0.5,1
9,3,13003,2,10,5,0,666,0.42,420,0.58,1
9,4,3472,2,10,5,0,666,0.42,420,0.58,1
9,5,9282,2,10,5,0,300,0.5,572,0.32,486,0.18,1
9,6,14832,1,0,300,0.5,1700,0.5,1
9,7,7931,2,10,5,0,666,0.42,420,0.58,1
9,8,14675,1,0,666,0.42,420,0.58,1
9,9,1809,0,0,666,0.42,420,0.58,1
9,10,8050,0,0,300,0.5,1700,0.5,1
9,11,14073,1,0,500,0.6,1000,0.2,1400,0.2,1
10,0,12307,0,0,300,0.5,572,0.32,486,0.18,1
10,1,964,2,10,5,0,300,0.5,572,0.32,486,0.18,1
10,2,1321,2,10,5,0,300,0.5,572,0.32,486,0.18,1
10,3,9849,2,10,5,0,666,0.42,420,0.58,1
10,4,7274,0,0,300,0.5,572,0.32,486,0.18,1
10,5,5460,1,0,300,0.5,1700,0.5,1
10,6,5548,0,0,300,0.5,1700,0.5,1
10,7,132,0,0,500,0.6,1000,0.2,1400,0.2,1
10,8,13600,0,0,666,0.42,420,0.58,1
10,9,6063,2,10,5,0,300,0.5,572,0.32,486,0.18,1
10,10,8647,2,10,5,0,666,0.42,420,0.58,1
10,11,1233,1,0,300,0.5,572,0.32,486,0.18,1
11,0,6546,1,0,500,0.6,1000,0.2,1400,0.2,1
11,1,13495,2,10,5,0,500,0.6,1000,0.2,1400,0.2,1
11,2,4641,2,10,5,0,500,0.6,1000,0.2,1400,0.2,1
11,3,8679,1,0,300,0.5,572,0.32,486,0.18,1
11,4,439,2,10,5,0,500,0.6,1000,0.2,1400,0.2,1
11,5,3861,1,0,666,0.42,420,0.58,1
11,6,2848,0,0,300,0.5,1700,0.5,1
11,7,1612,2,10,5,0,300,0.5,1700,0.5,1
11,8,193,2,10,5,0,500,0.6,1000,0.2,1400,0.2,1
11,9,13883,2,10,5,0,500,0.6,1000,0.2,1400,0.2,1
11,10,10950,2,10,5,0,666,0.42,420,0.58,1
11,11,3991,0,0,500,0.6,1000,0.2,1400,0.2,1
