0,0,6695,0,0,500,0.6,1000,0.2,1400,0.2,1
0,1,11291,2,10,5,0,666,0.42,420,0.58,1
0,2,5992,2,10,5,0,666,0.42,420,0.58,1
0,3,5664,1,0,500,0.6,1000,0.2,1400,0.2,1
0,4,6493,0,0,300,0.5,1700,0.5,1
0,5,2994,0,0,300,0.5,1700,0.5,1
0,6,1101,1,0,500,0.6,1000,0.2,1400,0.2,1
0,7,13697,0,0,300,0.5,1700,0.5,1
0,8,10952,1,0,500,0.6,1000,0.2,1400,0.2,1
0,9,9064,0,0,666,0.42,420,0.58,1
0,10,12076,2,10,5,0,300,0.5,1700,0.5,1
0,11,2451,2,10,5,0,300,0.5,1700,0.5,1
1,0,4796,1,0,666,0.42,420,0.58,1
1,1,9617,1,0,666,0.42,420,0.58,1
1,2,5547,1,0,500,0.6,1000,0.2,1400,0.2,0
1,3,4847,0,0,300,0.5,1700,0.5,1
1,4,7057,0,0,666,0.42,420,0.58,1
1,5,9494,0,0,666,0.42,420,0.58,1
1,6,2351,0,0,666,0.42,420,0.58,1
1,7,11660,1,0,300,0.5,1700,0.5,1
1,8,5899,0,0,300,0.5,572,0.32,486,0.18,1
1,9,10106,0,0,500,0.6,1000,0.2,1400,0.2,1
1,10,5777,0,0,300,0.5,1700,0.5,1
1,11,14291,0,0,666,0.42,420,0.58,1
2,0,6423,0,0,666,0.42,420,0.58,1
2,1,4072,1,0,300,0.5,572,0.32,486,0.18,1
2,2,3027,0,0,500,0.6,1000,0.2,1400,0.2,1
2,3,2617,1,0,300,0.5,1700,0.5,1
2,4,4945,0,0,666,0.42,420,0.58,1
2,5,415,2,10,5,0,500,0.6,1000,0.2,1400,0.2,1
2,6,1408,1,0,500,0.6,1000,0.2,1400,0.2,1
2,7,7982,1,0,300,0.5,1700,0.5,1
2,8,7153,0,0,300,0.5,572,0.32,486,0.18,1
2,9,9527,2,10,5,0,300,0.5,1700,0.5,1
2,10,13685,1,0,300,0.5,572,0.32,486,0.18,1
2,11,12983,0,0,666,0.42,420,0.58,1
3,0,9127,2,10,5,0,300,0.5,1700,0.5,1
3,1,13576,0,0,666,0.42,420,0.58,1
3,2,13432,2,10,5,0,300,0.5,572,0.32,486,0.18,1
3,3,12418,2,10,5,0,300,0.5,572,0.32,486,0.18,1
3,4,13378,0,0,300,0.5,1700,0.5,1
3,5,4746,2,10,5,0,666,0.42,420,0.58,1
3,6,3644,2,10,5,0,500,0.6,1000,0.2,1400,0.2,1
3,7,237,0,0,300,0.5,1700,0.5,1
3,8,2041,0,0,500,0.6,1000,0.2,1400,0.2,1
3,9,6547,1,0,500,0.6,1000,0.2,1400,0.2,1
3,10,10541,1,0,666,0.42,420,0.58,1
3,11,396,2,10,5,0,500,0.6,1000,0.2,1400,0.2,1
4,0,555,1,0,666,0.42,420,0.58,1
4,1,999,1,0,666,0.42,420,0.58,1
4,2,10207,0,0,666,0.42,420,0.58,1
4,3,125,1,0,300,0.5,572,0.32,486,0.18,1
4,4,9588,1,0,300,0.5,572,0.32,486,0.18,1
4,5,13816,2,10,5,0,300,0.5,572,0.32,486,0.18,1
4,6,8549,0,0,666,0.42,420,0.58,1
4,7,4880,1,0,666,0.42,420,0.58,1
4,8,6064,2,10,5,0,500,0.6,1000,0.2,1400,0.2,1
4,9,3736,2,10,5,0,666,0.42,420,0.58,1
4,10,7451,0,0,500,0.6,1000,0.2,1400,0.2,1
4,11,7956,2,10,5,0,666,0.42,420,0.58,1
5,0,4356,1,0,300,0.5,1700,0.5,1
5,1,1532,0,0,500,0.6,1000,0.2,1400,0.2,1
5,2,2007,0,0,666,0.42,420,0.58,1
5,3,13405,0,0,300,0.5,572,0.32,486,0.18,1
5,4,4980,0,0,300,0.5,572,0.32,486,0.18,1
5,5,713,2,10,5,0,666,0.42,420,0.58,1
5,6,14357,0,0,300,0.5,1700,0.5,1
5,7,2637,0,0,300,0.5,572,0.32,486,0.18,1
5,8,12001,2,10,5,0,666,0.42,420,0.58,1
5,9,370,0,0,300,0.5,572,0.32,486,0.18,1
5,10,4218,2,10,5,0,300,0.5,1700,0.5,1
5,11,7954,1,0,300,0.5,1700,0.5,1
6,0,12961,1,0,300,0.5,1700,0.5,1
6,1,6297,2,10,5,0,500,0.6,1000,0.2,1400,0.2,1
6,2,4218,0,0,500,0.6,1000,0.2,1400,0.2,1
6,3,11477,2,10,5,0,666,0.42,420,0.58,1
6,4,14994,2,10,5,0,666,0.42,420,0.58,1
6,5,5231,2,10,5,0,300,0.5,1700,0.5,1
6,6,3951,0,0,500,0.6,1000,0.2,1400,0.2,1
6,7,6347,0,0,500,0.6,1000,0.2,1400,0.2,1
6,8,13526,1,0,300,0.5,1700,0.5,1
6,9,3608,0,0,666,0.42,420,0.58,1
6,10,1460,0,0,300,0.5,572,0.32,486,0.18,1
6,11,3048,2,10,5,0,500,0.6,1000,0.2,1400,0.2,1
7,0,2836,0,0,500,0.6,1000,0.2,1400,0.2,1
7,1,14154,1,0,300,0.5,572,0.32,486,0.18,1
7,2,169,0,0,500,0.6,1000,0.2,1400,0.2,1
7,3,12776,0,0,500,0.6,1000,0.2,1400,0.2,1
7,4,2310,1,0,300,0.5,572,0.32,486,0.18,1
7,5,5942,1,0,300,0.5,1700,0.5,1
7,6,9416,1,0,666,0.42,420,0.58,1
7,7,12121,2,10,5,0,666,0.42,420,0.58,1
7,8,1715,2,10,5,0,666,0.42,420,0.58,1
7,9,14273,2,10,5,0,300,0.5,1700,0.5,1
7,10,14329,0,0,300,0.5,1700,0.5,1
7,11,4671,2,10,5,0,300,0.5,1700,0.5,1
8,0,7403,2,10,5,0,500,0.6,1000,0.2,1400,0.2,1
8,1,4481,0,0,300,0.5,572,0.32,486,0.18,1
8,2,6579,0,0,300,0.5,572,0.32,486,0.18,1
8,3,10560,2,10,5,0,300,0.5,1700,0.5,1
8,4,1521,2,10,5,0,666,0.42,420,0.58,1
8,5,3288,2,10,5,0,666,0.42,420,0.58,1
8,6,8471,0,0,300,0.5,572,0.32,486,0.18,1
8,7,1003,1,0,666,0.42,420,0.58,1
8,8,4180,1,0,666,0.42,420,0.58,1
8,9,4040,1,0,500,0.6,1000,0.2,1400,0.2,1
8,10,11627,0,0,300,0.5,1700,0.5,1
8,11,9170,1,0,500,0.6,1000,0.2,1400,0.2,1
9,0,12051,2,10,5,0,500,0.6,1000,0.2,1400,0.2,1
9,1,13692,2,10,5,0,666,0.42,420,0.58,1
9,2,227,2,10,5,0,300,0.5,1700,0.5,1
9,3,10378,2,10,5,0,500,0.6,1000,0.2,1400,0.2,1
9,4,822,0,0,300,0.5,1700,0.5,1
9,5,14473,0,0,300,0.5,572,0.32,486,0.18,1
9,6,3634,1,0,300,0.5,1700,0.5,1
9,7,4881,0,0,500,0.6,1000,0.2,1400,0.2,1
9,8,9513,1,0,300,0.5,572,0.32,486,0.18,1
9,9,7971,2,10,5,0,300,0.5,1700,0.5,1
9,10,489,1,0,300,0.5,1700,0.5,1
9,11,10964,2,10,5,0,300,0.5,1700,0.5,1
10,0,10958,1,0,300,0.5,572,0.32,486,0.18,1
10,1,13395,0,0,666,0.42,420,0.58,1
10,2,11674,1,0,500,0.6,1000,0.2,1400,0.2,1
10,3,552,0,0,666,0.42,420,0.58,1
10,4,13850,1,0,300,0.5,1700,0.5,1
10,5,7945,0,0,666,0.42,420,0.58,1
10,6,8853,1,0,300,0.5,1700,0.5,1
10,7,14730,2,10,5,0,300,0.5,572,0.32,486,0.18,1
10,8,4223,2,10,5,0,666,0.42,420,0.58,1
10,9,14919,2,10,5,0,300,0.5,1700,0.5,1
10,10,9880,0,0,300,0.5,1700,0.5,1
10,11,2500,1,0,666,0.42,420,0.58,1
11,0,6365,1,0,300,0.5,1700,0.5,1
11,1,368,1,0,500,0.6,1000,0.2,1400,0.2,1
11,2,7140,2,10,5,0,300,0.5,1700,0.5,1
11,3,1237,2,10,5,0,300,0.5,1700,0.5,1
11,4,9176,0,0,300,0.5,1700,0.5,1
11,5,894,2,10,5,0,500,0.6,1000,0.2,1400,0.2,1
11,6,3281,0,0,500,0.6,1000,0.2,1400,0.2,1
11,7,12432,0,0,300,0.5,1700,0.5,1
11,8,7789,0,0,666,0.42,420,0.58,1
11,9,12878,2,10,5,0,300,0.5,572,0.32,486,0.18,1
11,10,13310,2,10,5,0,300,0.5,1700,0.5,1
11,11,6780,1,0,666,0.42,420,0.58,1
