0,0,1735,2,10,5,0,300,0.5,572,0.32,486,0.18,1
0,1,8139,1,0,500,0.6,1000,0.2,1400,0.2,1
0,2,14325,2,10,5,0,300,0.5,1700,0.5,1
0,3,11279,2,10,5,0,300,0.5,572,0.32,486,0.18,1
0,4,4186,2,10,5,0,666,0.42,420,0.58,1
0,5,4816,1,0,666,0.42,420,0.58,1
0,6,10841,1,0,300,0.5,1700,0.5,1
0,7,11497,2,10,5,0,300,0.5,1700,0.5,1
0,8,1040,0,0,500,0.6,1000,0.2,1400,0.2,1
0,9,10941,0,0,666,0.42,420,0.58,1
0,10,1239,1,0,666,0.42,420,0.58,1
0,11,3044,2,10,5,0,500,0.6,1000,0.2,1400,0.2,1
1,0,13628,0,0,300,0.5,572,0.32,486,0.18,1
1,1,2131,2,10,5,0,300,0.5,1700,0.5,1
1,2,14444,0,0,500,0.6,1000,0.2,1400,0.2,0
1,3,11517,0,0,500,0.6,1000,0.2,1400,0.2,1
1,4,3698,0,0,300,0.5,1700,0.5,1
1,5,1741,2,10,5,0,666,0.42,420,0.58,1
1,6,12801,1,0,300,0.5,572,0.32,486,0.18,1
1,7,3810,0,0,300,0.5,572,0.32,486,0.18,1
1,8,2140,0,0,666,0.42,420,0.58,1
1,9,5774,1,0,300,0.5,1700,0.5,1
1,10,10604,1,0,500,0.6,1000,0.2,1400,0.2,1
1,11,1500,0,0,300,0.5,1700,0.5,1
2,0,13989,0,0,666,0.42,420,0.58,1
2,1,12476,0,0,500,0.6,1000,0.2,1400,0.2,1
2,2,14966,1,0,500,0.6,1000,0.2,1400,0.2,1
2,3,13074,1,0,666,0.42,420,0.58,1
2,4,10239,0,0,500,0.6,1000,0.2,1400,0.2,1
2,5,1896,0,0,500,0.6,1000,0.2,1400,0.2,1
2,6,13735,1,0,500,0.6,1000,0.2,1400,0.2,1
2,7,5125,1,0,300,0.5,1700,0.5,1
2,8,2876,2,10,5,0,666,0.42,420,0.58,1
2,9,14153,0,0,666,0.42,420,0.58,1
2,10,1713,0,0,300,0.5,572,0.32,486,0.18,1
2,11,1883,1,0,300,0.5,572,0.32,486,0.18,1
3,0,105,0,0,300,0.5,572,0.32,486,0.18,1
3,1,3975,1,0,300,0.5,572,0.32,486,0.18,1
3,2,8779,2,10,5,0,300,0.5,572,0.32,486,0.18,1
3,3,350,1,0,500,0.6,1000,0.2,1400,0.2,1
3,4,12734,0,0,300,0.5,1700,0.5,1
3,5,684,0,0,666,0.42,420,0.58,1
3,6,457,0,0,500,0.6,1000,0.2,1400,0.2,1
3,7,6729,2,10,5,0,666,0.42,420,0.58,1
3,8,8977,2,10,5,0,500,0.6,1000,0.2,1400,0.2,1
3,9,12583,1,0,666,0.42,420,0.58,1
3,10,7952,1,0,500,0.6,1000,0.2,1400,0.2,1
3,11,14787,1,0,666,0.42,420,0.58,1
4,0,9491,1,0,666,0.42,420,0.58,1
4,1,14003,2,10,5,0,666,0.42,420,0.58,1
4,2,14054,0,0,300,0.5,1700,0.5,1
4,3,1931,2,10,5,0,666,0.42,420,0.58,1
4,4,1670,2,10,5,0,500,0.6,1000,0.2,1400,0.2,1
4,5,13745,0,0,300,0.5,572,0.32,486,0.18,1
4,6,4007,0,0,500,0.6,1000,0.2,1400,0.2,1
4,7,6385,0,0,300,0.5,1700,0.5,1
4,8,6101,2,10,5,0,300,0.5,1700,0.5,1
4,9,5768,2,10,5,0,500,0.6,1000,0.2,1400,0.2,1
4,10,6011,2,10,5,0,666,0.42,420,0.58,1
4,11,3461,1,0,500,0.6,1000,0.2,1400,0.2,1
5,0,6508,2,10,5,0,500,0.6,1000,0.2,1400,0.2,1
5,1,11493,0,0,666,0.42,420,0.58,1
5,2,3712,0,0,300,0.5,572,0.32,486,0.18,1
5,3,10943,2,10,5,0,500,0.6,1000,0.2,1400,0.2,1
5,4,5108,0,0,300,0.5,572,0.32,486,0.18,1
5,5,6529,1,0,666,0.42,420,0.58,1
5,6,4235,1,0,300,0.5,1700,0.5,1
5,7,7556,1,0,300,0.5,1700,0.5,1
5,8,137,0,0,300,0.5,1700,0.5,1
5,9,4534,2,10,5,0,300,0.5,572,0.32,486,0.18,1
5,10,4307,1,0,300,0.5,572,0.32,486,0.18,1
5,11,1742,1,0,300,0.5,572,0.32,486,0.18,1
6,0,2254,1,0,300,0.5,1700,0.5,1
6,1,2446,0,0,666,0.42,420,0.58,1
6,2,517,1,0,500,0.6,1000,0.2,1400,0.2,1
6,3,8114,1,0,500,0.6,1000,0.2,1400,0.2,1
6,4,3278,1,0,500,0.6,1000,0.2,1400,0.2,1
6,5,9956,1,0,666,0.42,420,0.58,1
6,6,5070,2,10,5,0,300,0.5,1700,0.5,1
6,7,6779,1,0,666,0.42,420,0.58,1
6,8,3448,2,10,5,0,666,0.42,420,0.58,1
6,9,10622,2,10,5,0,300,0.5,572,0.32,486,0.18,1
6,10,12052,1,0,300,0.5,572,0.32,486,0.18,1
6,11,6633,1,0,300,0.5,1700,0.5,1
7,0,3946,2,10,5,0,300,0.5,572,0.32,486,0.18,1
7,1,2388,0,0,500,0.6,1000,0.2,1400,0.2,1
7,2,2232,2,10,5,0,300,0.5,572,0.32,486,0.18,1
7,3,3710,0,0,300,0.5,1700,0.5,1
7,4,7458,1,0,500,0.6,1000,0.2,1400,0.2,1
7,5,6451,1,0,300,0.5,1700,0.5,1
7,6,5505,1,0,500,0.6,1000,0.2,1400,0.2,1
7,7,1248,0,0,666,0.42,420,0.58,1
7,8,8821,1,0,500,0.6,1000,0.2,1400,0.2,1
7,9,9843,1,0,666,0.42,420,0.58,1
7,10,9802,1,0,300,0.5,1700,0.5,1
7,11,4472,1,0,500,0.6,1000,0.2,1400,0.2,1
8,0,1806,0,0,500,0.6,1000,0.2,1400,0.2,1
8,1,13985,2,10,5,0,300,0.5,572,0.32,486,0.18,1
8,2,8981,2,10,5,0,500,0.6,1000,0.2,1400,0.2,1
8,3,5822,1,0,300,0.5,572,0.32,486,0.18,1
8,4,222,0,0,300,0.5,572,0.32,486,0.18,1
8,5,132,0,0,500,0.6,1000,0.2,1400,0.2,1
8,6,13197,1,0,500,0.6,1000,0.2,1400,0.2,1
8,7,14389,1,0,500,0.6,1000,0.2,1400,0.2,1
8,8,10434,1,0,300,0.5,1700,0.5,1
8,9,13906,2,10,5,0,500,0.6,1000,0.2,1400,0.2,1
8,10,14117,2,10,5,0,500,0.6,1000,0.2,1400,0.2,1
8,11,3979,2,10,5,0,300,0.5,1700,0.5,1
9,0,13897,0,0,300,0.5,572,0.32,486,0.18,1
9,1,7315,2,10,5,0,666,0.42,420,0.58,1
9,2,4761,0,0,300,0.5,1700,0.5,1
9,3,13213,0,0,666,0.42,420,0.58,1
9,4,2148,1,0,500,0.6,1000,0.2,1400,0.2,1
9,5,4148,1,0,300,0.5,1700,0.5,1
9,6,12115,0,0,666,0.42,420,0.58,1
9,7,6953,0,0,300,0.5,572,0.32,486,0.18,1
9,8,3809,0,0,666,0.42,420,0.58,1
9,9,9826,2,10,5,0,500,0.6,1000,0.2,1400,0.2,1
9,10,10188,2,10,5,0,666,0.42,420,0.58,1
9,11,9391,2,10,5,0,300,0.5,572,0.32,486,0.18,1
10,0,4820,1,0,300,0.5,1700,0.5,1
10,1,1235,0,0,300,0.5,1700,0.5,1
10,2,11855,1,0,300,0.5,572,0.32,486,0.18,1
10,3,8763,2,10,5,0,500,0.6,1000,0.2,1400,0.2,1
10,4,1699,0,0,500,0.6,1000,0.2,1400,0.2,1
10,5,410,2,10,5,0,300,0.5,572,0.32,486,0.18,1
10,6,1657,0,0,500,0.6,1000,0.2,1400,0.2,1
10,7,11960,2,10,5,0,300,0.5,572,0.32,486,0.18,1
10,8,7080,0,0,666,0.42,420,0.58,1
10,9,7962,2,10,5,0,500,0.6,1000,0.2,1400,0.2,1
10,10,2931,0,0,300,0.5,572,0.32,486,0.18,1
10,11,815,0,0,300,0.5,572,0.32,486,0.18,1
11,0,7997,2,10,5,0,300,0.5,572,0.32,486,0.18,1
11,1,974,2,10,5,0,300,0.5,1700,0.5,1
11,2,7410,0,0,666,0.42,420,0.58,1
11,3,12932,0,0,500,0.6,1000,0.2,1400,0.2,1
11,4,577,2,10,5,0,500,0.6,1000,0.2,1400,0.2,1
11,5,11382,0,0,300,0.5,572,0.32,486,0.18,1
11,6,1182,0,0,500,0.6,1000,0.2,1400,0.2,1
11,7,8112,0,0,666,0.42,420,0.58,1
11,8,678,1,0,300,0.5,1700,0.5,1
11,9,13744,1,0,666,0.42,420,0.58,1
11,10,14704,0,0,500,0.6,1000,0.2,1400,0.2,1
11,11,12548,0,0,300,0.5,1700,0.5,1
