0,0,12511,1,0,666,0.42,420,0.58,1
0,1,12223,2,10,5,0,666,0.42,420,0.58,1
0,2,9533,0,0,300,0.5,572,0.32,486,0.18,1
0,3,12116,0,0,500,0.6,1000,0.2,1400,0.2,1
0,4,14375,0,0,500,0.6,1000,0.2,1400,0.2,1
0,5,14703,0,0,300,0.5,1700,0.5,1
0,6,11807,2,10,5,0,666,0.42,420,0.58,1
0,7,3472,0,0,666,0.42,420,0.58,1
0,8,12562,2,10,5,0,300,0.5,572,0.32,486,0.18,1
0,9,3381,0,0,300,0.5,572,0.32,486,0.18,1
0,10,1571,2,10,5,0,300,0.5,1700,0.5,1
0,11,1294,0,0,500,0.6,1000,0.2,1400,0.2,1
1,0,10812,2,10,5,0,500,0.6,1000,0.2,1400,0.2,1
1,1,10007,0,0,300,0.5,572,0.32,486,0.18,1
1,2,1608,0,0,300,0.5,1700,0.5,0
1,3,12385,1,0,300,0.5,1700,0.5,1
1,4,8979,2,10,5,0,300,0.5,572,0.32,486,0.18,1
1,5,6791,0,0,666,0.42,420,0.58,1
1,6,13881,0,0,500,0.6,1000,0.2,1400,0.2,1
1,7,1974,0,0,666,0.42,420,0.58,1
1,8,2736,2,10,5,0,300,0.5,1700,0.5,1
1,9,10980,0,0,666,0.42,420,0.58,1
1,10,4759,0,0,500,0.6,1000,0.2,1400,0.2,1
1,11,13393,1,0,300,0.5,1700,0.5,1
2,0,14081,0,0,300,0.5,572,0.32,486,0.18,1
2,1,390,0,0,300,0.5,572,0.32,486,0.18,1
2,2,9625,1,0,300,0.5,572,0.32,486,0.18,1
2,3,14720,0,0,300,0.5,1700,0.5,1
2,4,2209,0,0,300,0.5,1700,0.5,1
2,5,2893,1,0,500,0.6,1000,0.2,1400,0.2,1
2,6,12563,1,0,300,0.5,1700,0.5,1
2,7,9987,1,0,300,0.5,1700,0.5,1
2,8,3593,2,10,5,0,666,0.42,420,0.58,1
2,9,3933,1,0,500,0.6,1000,0.2,1400,0.2,1
2,10,2954,2,10,5,0,666,0.42,420,0.58,1
2,11,8060,0,0,300,0.5,572,0.32,486,0.18,1
3,0,4610,2,10,5,0,500,0.6,1000,0.2,1400,0.2,1
3,1,2139,0,0,300,0.5,1700,0.5,1
3,2,8930,2,10,5,0,500,0.6,1000,0.2,1400,0.2,1
3,3,3042,1,0,300,0.5,572,0.32,486,0.18,1
3,4,14595,0,0,500,0.6,1000,0.2,1400,0.2,1
3,5,14610,2,10,5,0,300,0.5,572,0.32,486,0.18,1
3,6,6901,2,10,5,0,300,0.5,572,0.32,486,0.18,1
3,7,9824,1,0,500,0.6,1000,0.2,1400,0.2,1
3,8,11834,1,0,300,0.5,1700,0.5,1
3,9,9175,2,10,5,0,500,0.6,1000,0.2,1400,0.2,1
3,10,3842,2,10,5,0,500,0.6,1000,0.2,1400,0.2,1
3,11,9391,1,0,500,0.6,1000,0.2,1400,0.2,1
4,0,13380,2,10,5,0,666,0.42,420,0.58,1
4,1,2396,1,0,666,0.42,420,0.58,1
4,2,11750,0,0,666,0.42,420,0.58,1
4,3,10068,2,10,5,0,500,0.6,1000,0.2,1400,0.2,1
4,4,19,0,0,500,0.6,1000,0.2,1400,0.2,1
4,5,9514,0,0,666,0.42,420,0.58,1
4,6,1328,0,0,666,0.42,420,0.58,1
4,7,5966,2,10,5,0,500,0.6,1000,0.2,1400,0.2,1
4,8,12405,1,0,500,0.6,1000,0.2,1400,0.2,1
4,9,2322,2,10,5,0,500,0.6,1000,0.2,1400,0.2,1
4,10,461,1,0,666,0.42,420,0.58,1
4,11,4537,0,0,666,0.42,420,0.58,1
5,0,13140,0,0,300,0.5,572,0.32,486,0.18,1
5,1,312,1,0,666,0.42,420,0.58,1
5,2,8667,1,0,300,0.5,572,0.32,486,0.18,1
5,3,797,0,0,500,0.6,1000,0.2,1400,0.2,1
5,4,10414,2,10,5,0,300,0.5,1700,0.5,1
5,5,3754,0,0,300,0.5,1700,0.5,1
5,6,12910,1,0,300,0.5,1700,0.5,1
5,7,2316,1,0,300,0.5,1700,0.5,1
5,8,14097,1,0,666,0.42,420,0.58,1
5,9,8881,0,0,300,0.5,572,0.32,486,0.18,1
5,10,1969,1,0,666,0.42,420,0.58,1
5,11,4837,2,10,5,0,300,0.5,1700,0.5,1
6,0,14077,2,10,5,0,300,0.5,1700,0.5,1
6,1,7173,0,0,500,0.6,1000,0.2,1400,0.2,1
6,2,13093,1,0,300,0.5,1700,0.5,1
6,3,5088,1,0,500,0.6,1000,0.2,1400,0.2,1
6,4,4412,2,10,5,0,500,0.6,1000,0.2,1400,0.2,1
6,5,8154,1,0,666,0.42,420,0.58,1
6,6,10147,2,10,5,0,500,0.6,1000,0.2,1400,0.2,1
6,7,1023,1,0,300,0.5,572,0.32,486,0.18,1
6,8,1178,2,10,5,0,300,0.5,572,0.32,486,0.18,1
6,9,7456,1,0,500,0.6,1000,0.2,1400,0.2,1
6,10,819,2,10,5,0,666,0.42,420,0.58,1
6,11,12416,1,0,300,0.5,1700,0.5,1
7,0,13215,0,0,300,0.5,1700,0.5,1
7,1,6972,1,0,300,0.5,572,0.32,486,0.18,1
7,2,6449,0,0,666,0.42,420,0.58,1
7,3,1391,1,0,500,0.6,1000,0.2,1400,0.2,1
7,4,10541,0,0,300,0.5,1700,0.5,1
7,5,8306,2,10,5,0,300,0.5,572,0.32,486,0.18,1
7,6,892,2,10,5,0,500,0.6,1000,0.2,1400,0.2,1
7,7,4681,1,0,300,0.5,1700,0.5,1
7,8,5635,0,0,500,0.6,1000,0.2,1400,0.2,1
7,9,8631,0,0,300,0.5,1700,0.5,1
7,10,2199,1,0,300,0.5,572,0.32,486,0.18,1
7,11,1274,1,0,300,0.5,572,0.32,486,0.18,1
8,0,13508,1,0,300,0.5,1700,0.5,1
8,1,13424,1,0,300,0.5,1700,0.5,1
8,2,2395,0,0,500,0.6,1000,0.2,1400,0.2,1
8,3,13551,2,10,5,0,300,0.5,1700,0.5,1
8,4,13886,1,0,666,0.42,420,0.58,1
8,5,149,1,0,500,0.6,1000,0.2,1400,0.2,1
8,6,10876,0,0,300,0.5,572,0.32,486,0.18,1
8,7,1231,1,0,500,0.6,1000,0.2,1400,0.2,1
8,8,12454,0,0,300,0.5,1700,0.5,1
8,9,10343,2,10,5,0,300,0.5,1700,0.5,1
8,10,7073,0,0,666,0.42,420,0.58,1
8,11,10174,0,0,300,0.5,1700,0.5,1
9,0,5865,2,10,5,0,300,0.5,572,0.32,486,0.18,1
9,1,9368,2,10,5,0,300,0.5,1700,0.5,1
9,2,3981,1,0,500,0.6,1000,0.2,1400,0.2,1
9,3,7029,2,10,5,0,666,0.42,420,0.58,1
9,4,14664,0,0,500,0.6,1000,0.2,1400,0.2,1
9,5,14241,0,0,666,0.42,420,0.58,1
9,6,5543,1,0,300,0.5,572,0.32,486,0.18,1
9,7,12668,2,10,5,0,666,0.42,420,0.58,1
9,8,10374,2,10,5,0,300,0.5,572,0.32,486,0.18,1
9,9,4354,2,10,5,0,666,0.42,420,0.58,1
9,10,14346,1,0,300,0.5,1700,0.5,1
9,11,11920,1,0,300,0.5,572,0.32,486,0.18,1
10,0,992,0,0,666,0.42,420,0.58,1
10,1,10721,0,0,300,0.5,572,0.32,486,0.18,1
10,2,6098,2,10,5,0,666,0.42,420,0.58,1
10,3,14444,1,0,500,0.6,1000,0.2,1400,0.2,1
10,4,2316,1,0,500,0.6,1000,0.2,1400,0.2,1
10,5,4360,0,0,500,0.6,1000,0.2,1400,0.2,1
10,6,12935,0,0,500,0.6,1000,0.2,1400,0.2,1
10,7,6032,2,10,5,0,666,0.42,420,0.58,1
10,8,12076,0,0,500,0.6,1000,0.2,1400,0.2,1
10,9,11404,2,10,5,0,500,0.6,1000,0.2,1400,0.2,1
10,10,4036,2,10,5,0,666,0.42,420,0.58,1
10,11,12819,1,0,666,0.42,420,0.58,1
11,0,12749,2,10,5,0,300,0.5,1700,0.5,1
11,1,9170,1,0,300,0.5,1700,0.5,1
11,2,7180,2,10,5,0,500,0.6,1000,0.2,1400,0.2,1
11,3,2531,0,0,300,0.5,1700,0.5,1
11,4,11161,1,0,300,0.5,572,0.32,486,0.18,1
11,5,12740,0,0,300,0.5,572,0.32,486,0.18,1
11,6,13831,1,0,500,0.6,1000,0.2,1400,0.2,1
11,7,4470,1,0,300,0.5,1700,0.5,1
11,8,11796,2,10,5,0,500,0.6,1000,0.2,1400,0.2,1
11,9,13503,0,0,500,0.6,1000,0.2,1400,0.2,1
11,10,12103,2,10,5,0,300,0.5,1700,0.5,1
11,11,2609,1,0,666,0.42,420,0.58,1
