0,0,11288,1,0,300,0.5,1700,0.5,1
0,1,10301,1,0,500,0.6,1000,0.2,1400,0.2,1
0,2,5202,0,0,500,0.6,1000,0.2,1400,0.2,1
0,3,6731,2,10,5,0,666,0.42,420,0.58,1
0,4,7287,1,0,666,0.42,420,0.58,1
0,5,10213,0,0,300,0.5,1700,0.5,1
0,6,9272,0,0,300,0.5,1700,0.5,1
0,7,14609,1,0,500,0.6,1000,0.2,1400,0.2,1
0,8,9106,1,0,300,0.5,1700,0.5,1
0,9,9578,0,0,300,0.5,572,0.32,486,0.18,1
0,10,9272,2,10,5,0,666,0.42,420,0.58,1
0,11,10659,2,10,5,0,500,0.6,1000,0.2,1400,0.2,1
1,0,13723,1,0,300,0.5,1700,0.5,1
1,1,13317,0,0,300,0.5,1700,0.5,1
1,2,7485,2,10,5,0,500,0.6,1000,0.2,1400,0.2,0
1,3,14446,0,0,500,0.6,1000,0.2,1400,0.2,1
1,4,4369,1,0,300,0.5,1700,0.5,1
1,5,265,1,0,666,0.42,420,0.58,1
1,6,13346,2,10,5,0,300,0.5,1700,0.5,1
1,7,14808,2,10,5,0,500,0.6,1000,0.2,1400,0.2,1
1,8,5484,1,0,500,0.6,1000,0.2,1400,0.2,1
1,9,2925,0,0,300,0.5,572,0.32,486,0.18,1
1,10,7308,2,10,5,0,666,0.42,420,0.58,1
1,11,8902,0,0,500,0.6,1000,0.2,1400,0.2,1
2,0,14653,2,10,5,0,666,0.42,420,0.58,1
2,1,5294,2,10,5,0,300,0.5,1700,0.5,1
2,2,6824,0,0,300,0.5,1700,0.5,1
2,3,2750,1,0,300,0.5,1700,0.5,1
2,4,298,2,10,5,0,300,0.5,1700,0.5,1
2,5,8465,0,0,300,0.5,572,0.32,486,0.18,1
2,6,8162,1,0,300,0.5,572,0.32,486,0.18,1
2,7,11822,2,10,5,0,666,0.42,420,0.58,1
2,8,9592,2,10,5,0,666,0.42,420,0.58,1
2,9,13524,0,0,300,0.5,1700,0.5,1
2,10,3976,2,10,5,0,666,0.42,420,0.58,1
2,11,8402,1,0,300,0.5,572,0.32,486,0.18,1
3,0,4349,0,0,666,0.42,420,0.58,1
3,1,5101,1,0,500,0.6,1000,0.2,1400,0.2,1
3,2,802,0,0,300,0.5,1700,0.5,1
3,3,10315,0,0,300,0.5,1700,0.5,1
3,4,5857,0,0,300,0.5,1700,0.5,1
3,5,2501,1,0,300,0.5,1700,0.5,1
3,6,3909,0,0,500,0.6,1000,0.2,1400,0.2,1
3,7,13944,0,0,300,0.5,572,0.32,486,0.18,1
3,8,7635,2,10,5,0,300,0.5,572,0.32,486,0.18,1
3,9,6301,1,0,666,0.42,420,0.58,1
3,10,4714,1,0,500,0.6,1000,0.2,1400,0.2,1
3,11,7829,1,0,300,0.5,572,0.32,486,0.18,1
4,0,1606,1,0,300,0.5,572,0.32,486,0.18,1
4,1,13183,1,0,500,0.6,1000,0.2,1400,0.2,1
4,2,13337,1,0,666,0.42,420,0.58,1
4,3,9330,1,0,500,0.6,1000,0.2,1400,0.2,1
4,4,12632,0,0,300,0.5,1700,0.5,1
4,5,81,1,0,500,0.6,1000,0.2,1400,0.2,1
4,6,9723,0,0,300,0.5,572,0.32,486,0.18,1
4,7,2525,1,0,300,0.5,1700,0.5,1
4,8,7233,2,10,5,0,500,0.6,1000,0.2,1400,0.2,1
4,9,6737,0,0,500,0.6,1000,0.2,1400,0.2,1
4,10,440,0,0,300,0.5,572,0.32,486,0.18,1
4,11,2118,0,0,300,0.5,572,0.32,486,0.18,1
5,0,7736,2,10,5,0,500,0.6,1000,0.2,1400,0.2,1
5,1,5450,0,0,666,0.42,420,0.58,1
5,2,14773,1,0,300,0.5,1700,0.5,1
5,3,7913,2,10,5,0,666,0.42,420,0.58,1
5,4,6425,0,0,300,0.5,1700,0.5,1
5,5,2339,1,0,300,0.5,572,0.32,486,0.18,1
5,6,5700,1,0,666,0.42,420,0.58,1
5,7,8588,0,0,500,0.6,1000,0.2,1400,0.2,1
5,8,8485,0,0,500,0.6,1000,0.2,1400,0.2,1
5,9,11779,1,0,300,0.5,572,0.32,486,0.18,1
5,10,3951,0,0,300,0.5,572,0.32,486,0.18,1
5,11,13351,0,0,300,0.5,572,0.32,486,0.18,1
6,0,13644,0,0,666,0.42,420,0.58,1
6,1,12341,1,0,300,0.5,1700,0.5,1
6,2,3641,0,0,500,0.6,1000,0.2,1400,0.2,1
6,3,10204,0,0,300,0.5,572,0.32,486,0.18,1
6,4,10503,0,0,300,0.5,1700,0.5,1
6,5,8608,1,0,300,0.5,572,0.32,486,0.18,1
6,6,10987,2,10,5,0,300,0.5,572,0.32,486,0.18,1
6,7,9004,0,0,666,0.42,420,0.58,1
6,8,2849,2,10,5,0,500,0.6,1000,0.2,1400,0.2,1
6,9,4835,0,0,300,0.5,572,0.32,486,0.18,1
6,10,5237,2,10,5,0,666,0.42,420,0.58,1
6,11,10545,0,0,666,0.42,420,0.58,1
7,0,3699,1,0,500,0.6,1000,0.2,1400,0.2,1
7,1,8830,2,10,5,0,300,0.5,1700,0.5,1
7,2,4665,1,0,666,0.42,420,0.58,1
7,3,12708,0,0,300,0.5,1700,0.5,1
7,4,9531,0,0,500,0.6,1000,0.2,1400,0.2,1
7,5,2984,0,0,666,0.42,420,0.58,1
7,6,895,0,0,300,0.5,572,0.32,486,0.18,1
7,7,6131,1,0,666,0.42,420,0.58,1
7,8,4309,0,0,300,0.5,1700,0.5,1
7,9,131,0,0,666,0.42,420,0.58,1
7,10,910,2,10,5,0,300,0.5,1700,0.5,1
7,11,10101,1,0,300,0.5,1700,0.5,1
8,0,686,1,0,666,0.42,420,0.58,1
8,1,2535,2,10,5,0,300,0.5,1700,0.5,1
8,2,7428,0,0,500,0.6,1000,0.2,1400,0.2,1
8,3,4898,1,0,300,0.5,1700,0.5,1
8,4,13130,2,10,5,0,300,0.5,572,0.32,486,0.18,1
8,5,13073,0,0,300,0.5,572,0.32,486,0.18,1
8,6,4382,0,0,300,0.5,572,0.32,486,0.18,1
8,7,6619,2,10,5,0,300,0.5,1700,0.5,1
8,8,5693,2,10,5,0,500,0.6,1000,0.2,1400,0.2,1
8,9,5828,0,0,666,0.42,420,0.58,1
8,10,1945,1,0,300,0.5,572,0.32,486,0.18,1
8,11,6019,2,10,5,0,666,0.42,420,0.58,1
9,0,5305,0,0,300,0.5,572,0.32,486,0.18,1
9,1,8429,0,0,666,0.42,420,0.58,1
9,2,1939,0,0,300,0.5,572,0.32,486,0.18,1
9,3,227,1,0,666,0.42,420,0.58,1
9,4,6104,0,0,300,0.5,1700,0.5,1
9,5,3283,0,0,300,0.5,1700,0.5,1
9,6,10355,0,0,300,0.5,572,0.32,486,0.18,1
9,7,6338,0,0,500,0.6,1000,0.2,1400,0.2,1
9,8,7752,1,0,500,0.6,1000,0.2,1400,0.2,1
9,9,4906,2,10,5,0,500,0.6,1000,0.2,1400,0.2,1
9,10,4253,2,10,5,0,666,0.42,420,0.58,1
9,11,13001,1,0,666,0.42,420,0.58,1
10,0,13828,1,0,300,0.5,1700,0.5,1
10,1,13395,2,10,5,0,666,0.42,420,0.58,1
10,2,10898,2,10,5,0,666,0.42,420,0.58,1
10,3,10579,0,0,300,0.5,1700,0.5,1
10,4,13596,0,0,666,0.42,420,0.58,1
10,5,13738,2,10,5,0,300,0.5,1700,0.5,1
10,6,2746,2,10,5,0,300,0.5,572,0.32,486,0.18,1
10,7,610,1,0,300,0.5,1700,0.5,1
10,8,1666,0,0,300,0.5,1700,0.5,1
10,9,3647,2,10,5,0,300,0.5,572,0.32,486,0.18,1
10,10,7351,1,0,300,0.5,1700,0.5,1
10,11,14539,0,0,300,0.5,1700,0.5,1
11,0,967,2,10,5,0,300,0.5,1700,0.5,1
11,1,13744,0,0,300,0.5,1700,0.5,1
11,2,4552,0,0,300,0.5,572,0.32,486,0.18,1
11,3,13134,1,0,500,0.6,1000,0.2,1400,0.2,1
11,4,14305,2,10,5,0,300,0.5,1700,0.5,1
11,5,8099,2,10,5,0,500,0.6,1000,0.2,1400,0.2,1
11,6,7772,0,0,666,0.42,420,0.58,1
11,7,10822,2,10,5,0,500,0.6,1000,0.2,1400,0.2,1
11,8,3642,2,10,5,0,300,0.5,572,0.32,486,0.18,1
11,9,14904,2,10,5,0,300,0.5,572,0.32,486,0.18,1
11,10,9250,0,0,500,0.6,1000,0.2,1400,0.2,1
11,11,10188,0,0,300,0.5,572,0.32,486,0.18,1
