0,0,12308,0,0,666,0.42,420,0.58,1
0,1,1898,2,10,5,0,300,0.5,1700,0.5,1
0,2,2333,2,10,5,0,500,0.6,1000,0.2,1400,0.2,1
0,3,2539,0,0,666,0.42,420,0.58,1
0,4,13637,2,10,5,0,500,0.6,1000,0.2,1400,0.2,1
0,5,10022,1,0,300,0.5,1700,0.5,1
0,6,10035,0,0,300,0.5,1700,0.5,1
0,7,2039,2,10,5,0,300,0.5,572,0.32,486,0.18,1
0,8,3427,0,0,500,0.6,1000,0.2,1400,0.2,1
0,9,8200,0,0,300,0.5,572,0.32,486,0.18,1
0,10,5597,2,10,5,0,300,0.5,572,0.32,486,0.18,1
0,11,2965,0,0,300,0.5,572,0.32,486,0.18,1
1,0,14444,0,0,666,0.42,420,0.58,1
1,1,1784,2,10,5,0,666,0.42,420,0.58,1
1,2,7097,1,0,666,0.42,420,0.58,0
1,3,12523,0,0,300,0.5,572,0.32,486,0.18,1
1,4,10009,1,0,300,0.5,572,0.32,486,0.18,1
1,5,4471,0,0,500,0.6,1000,0.2,1400,0.2,1
1,6,2189,2,10,5,0,666,0.42,420,0.58,1
1,7,793,2,10,5,0,300,0.5,572,0.32,486,0.18,1
1,8,238,1,0,500,0.6,1000,0.2,1400,0.2,1
1,9,13528,2,10,5,0,300,0.5,572,0.32,486,0.18,1
1,10,750,2,10,5,0,666,0.42,420,0.58,1
1,11,692,0,0,300,0.5,1700,0.5,1
2,0,3049,0,0,500,0.6,1000,0.2,1400,0.2,1
2,1,6962,0,0,666,0.42,420,0.58,1
2,2,9906,2,10,5,0,300,0.5,572,0.32,486,0.18,1
2,3,3675,0,0,666,0.42,420,0.58,1
2,4,10901,0,0,300,0.5,572,0.32,486,0.18,1
2,5,9733,2,10,5,0,666,0.42,420,0.58,1
2,6,13599,2,10,5,0,500,0.6,1000,0.2,1400,0.2,1
2,7,5527,2,10,5,0,300,0.5,1700,0.5,1
2,8,1344,0,0,666,0.42,420,0.58,1
2,9,7686,2,10,5,0,500,0.6,1000,0.2,1400,0.2,1
2,10,639,2,10,5,0,300,0.5,572,0.32,486,0.18,1
2,11,5273,0,0,666,0.42,420,0.58,1
3,0,12322,2,10,5,0,666,0.42,420,0.58,1
3,1,13060,0,0,666,0.42,420,0.58,1
3,2,10059,2,10,5,0,300,0.5,1700,0.5,1
3,3,3841,2,10,5,0,300,0.5,572,0.32,486,0.18,1
3,4,9765,2,10,5,0,300,0.5,572,0.32,486,0.18,1
3,5,6246,0,0,666,0.42,420,0.58,1
3,6,1998,2,10,5,0,500,0.6,1000,0.2,1400,0.2,1
3,7,8551,0,0,300,0.5,1700,0.5,1
3,8,3046,0,0,666,0.42,420,0.58,1
3,9,10529,1,0,666,0.42,420,0.58,1
3,10,8646,0,0,300,0.5,572,0.32,486,0.18,1
3,11,4104,0,0,300,0.5,572,0.32,486,0.18,1
4,0,3751,1,0,666,0.42,420,0.58,1
4,1,6185,0,0,500,0.6,1000,0.2,1400,0.2,1
4,2,3419,0,0,300,0.5,572,0.32,486,0.18,1
4,3,1340,1,0,500,0.6,1000,0.2,1400,0.2,1
4,4,2395,2,10,5,0,500,0.6,1000,0.2,1400,0.2,1
4,5,9750,2,10,5,0,300,0.5,1700,0.5,1
4,6,1588,0,0,300,0.5,1700,0.5,1
4,7,3700,0,0,300,0.5,1700,0.5,1
4,8,10930,0,0,500,0.6,1000,0.2,1400,0.2,1
4,9,13759,1,0,300,0.5,1700,0.5,1
4,10,8566,0,0,300,0.5,1700,0.5,1
4,11,9508,1,0,300,0.5,572,0.32,486,0.18,1
5,0,13093,0,0,300,0.5,572,0.32,486,0.18,1
5,1,8699,0,0,500,0.6,1000,0.2,1400,0.2,1
5,2,3548,2,10,5,0,300,0.5,572,0.32,486,0.18,1
5,3,9144,1,0,300,0.5,1700,0.5,1
5,4,11244,2,10,5,0,300,0.5,1700,0.5,1
5,5,8331,0,0,300,0.5,572,0.32,486,0.18,1
5,6,14828,0,0,300,0.5,1700,0.5,1
5,7,13560,2,10,5,0,300,0.5,1700,0.5,1
5,8,14301,1,0,666,0.42,420,0.58,1
5,9,10207,1,0,300,0.5,572,0.32,486,0.18,1
5,10,10743,2,10,5,0,300,0.5,1700,0.5,1
5,11,2444,1,0,666,0.42,420,0.58,1
6,0,6474,0,0,666,0.42,420,0.58,1
6,1,13451,2,10,5,0,500,0.6,1000,0.2,1400,0.2,1
6,2,11408,2,10,5,0,666,0.42,420,0.58,1
6,3,7920,1,0,300,0.5,1700,0.5,1
6,4,14194,2,10,5,0,500,0.6,1000,0.2,1400,0.2,1
6,5,13320,0,0,666,0.42,420,0.58,1
6,6,403,2,10,5,0,500,0.6,1000,0.2,1400,0.2,1
6,7,14102,1,0,666,0.42,420,0.58,1
6,8,3769,0,0,300,0.5,572,0.32,486,0.18,1
6,9,14516,1,0,666,0.42,420,0.58,1
6,10,6421,0,0,666,0.42,420,0.58,1
6,11,1412,1,0,300,0.5,1700,0.5,1
7,0,7285,1,0,300,0.5,1700,0.5,1
7,1,9945,2,10,5,0,300,0.5,572,0.32,486,0.18,1
7,2,6710,1,0,500,0.6,1000,0.2,1400,0.2,1
7,3,10771,0,0,300,0.5,572,0.32,486,0.18,1
7,4,14127,2,10,5,0,300,0.5,1700,0.5,1
7,5,5686,0,0,300,0.5,572,0.32,486,0.18,1
7,6,1591,1,0,300,0.5,572,0.32,486,0.18,1
7,7,371,1,0,500,0.6,1000,0.2,1400,0.2,1
7,8,13174,2,10,5,0,300,0.5,1700,0.5,1
7,9,3387,2,10,5,0,300,0.5,572,0.32,486,0.18,1
7,10,12568,0,0,666,0.42,420,0.58,1
7,11,7609,1,0,300,0.5,572,0.32,486,0.18,1
8,0,6893,2,10,5,0,500,0.6,1000,0.2,1400,0.2,1
8,1,12031,1,0,500,0.6,1000,0.2,1400,0.2,1
8,2,12145,1,0,300,0.5,572,0.32,486,0.18,1
8,3,11260,1,0,300,0.5,1700,0.5,1
8,4,182,1,0,666,0.42,420,0.58,1
8,5,13089,1,0,300,0.5,1700,0.5,1
8,6,12789,0,0,300,0.5,1700,0.5,1
8,7,12008,0,0,500,0.6,1000,0.2,1400,0.2,1
8,8,2816,1,0,300,0.5,1700,0.5,1
8,9,7885,2,10,5,0,666,0.42,420,0.58,1
8,10,11997,2,10,5,0,666,0.42,420,0.58,1
8,11,11279,0,0,300,0.5,572,0.32,486,0.18,1
9,0,5500,0,0,300,0.5,572,0.32,486,0.18,1
9,1,5750,2,10,5,0,300,0.5,1700,0.5,1
9,2,1355,1,0,300,0.5,1700,0.5,1
9,3,10509,1,0,300,0.5,1700,0.5,1
9,4,7410,2,10,5,0,300,0.5,572,0.32,486,0.18,1
9,5,6535,0,0,300,0.5,572,0.32,486,0.18,1
9,6,1559,1,0,300,0.5,1700,0.5,1
9,7,14386,0,0,500,0.6,1000,0.2,1400,0.2,1
9,8,12863,0,0,500,0.6,1000,0.2,1400,0.2,1
9,9,4721,1,0,500,0.6,1000,0.2,1400,0.2,1
9,10,1846,1,0,300,0.5,572,0.32,486,0.18,1
9,11,1854,0,0,300,0.5,572,0.32,486,0.18,1
10,0,9362,1,0,300,0.5,572,0.32,486,0.18,1
10,1,7163,0,0,300,0.5,1700,0.5,1
10,2,12989,1,0,300,0.5,572,0.32,486,0.18,1
10,3,5192,1,0,500,0.6,1000,0.2,1400,0.2,1
10,4,12256,2,10,5,0,666,0.42,420,0.58,1
10,5,2203,2,10,5,0,500,0.6,1000,0.2,1400,0.2,1
10,6,3961,0,0,300,0.5,572,0.32,486,0.18,1
10,7,5035,0,0,300,0.5,572,0.32,486,0.18,1
10,8,9941,2,10,5,0,666,0.42,420,0.58,1
10,9,99,0,0,300,0.5,1700,0.5,1
10,10,11087,2,10,5,0,300,0.5,572,0.32,486,0.18,1
10,11,13885,2,10,5,0,300,0.5,572,0.32,486,0.18,1
11,0,4220,0,0,666,0.42,420,0.58,1
11,1,6854,1,0,300,0.5,1700,0.5,1
11,2,13733,1,0,500,0.6,1000,0.2,1400,0.2,1
11,3,5697,2,10,5,0,300,0.5,572,0.32,486,0.18,1
11,4,204,2,10,5,0,500,0.6,1000,0.2,1400,0.2,1
11,5,1410,0,0,500,0.6,1000,0.2,1400,0.2,1
11,6,11235,2,10,5,0,300,0.5,572,0.32,486,0.18,1
11,7,12163,0,0,300,0.5,1700,0.5,1
11,8,305,2,10,5,0,300,0.5,1700,0.5,1
11,9,12763,1,0,666,0.42,420,0.58,1
11,10,8963,0,0,500,0.6,1000,0.2,1400,0.2,1
11,11,2312,0,0,666,0.42,420,0.58,1
