0,0,3061,1,0,500,0.6,1000,0.2,1400,0.2,1
0,1,14542,2,10,5,0,300,0.5,1700,0.5,1
0,2,3982,0,0,666,0.42,420,0.58,1
0,3,5557,2,10,5,0,666,0.42,420,0.58,1
0,4,10776,1,0,300,0.5,1700,0.5,1
0,5,4962,0,0,300,0.5,1700,0.5,1
0,6,1794,2,10,5,0,500,0.6,1000,0.2,1400,0.2,1
0,7,2247,1,0,300,0.5,572,0.32,486,0.18,1
0,8,6593,1,0,300,0.5,1700,0.5,1
0,9,7517,2,10,5,0,300,0.5,1700,0.5,1
0,10,8817,0,0,666,0.42,420,0.58,1
0,11,10001,2,10,5,0,666,0.42,420,0.58,1
1,0,9998,2,10,5,0,666,0.42,420,0.58,1
1,1,11127,0,0,666,0.42,420,0.58,1
1,2,5233,2,10,5,0,500,0.6,1000,0.2,1400,0.2,0
1,3,2615,2,10,5,0,666,0.42,420,0.58,1
1,4,10779,2,10,5,0,300,0.5,1700,0.5,1
1,5,6830,1,0,300,0.5,572,0.32,486,0.18,1
1,6,5880,2,10,5,0,666,0.42,420,0.58,1
1,7,7787,2,10,5,0,300,0.5,1700,0.5,1
1,8,12665,1,0,300,0.5,1700,0.5,1
1,9,7548,1,0,300,0.5,572,0.32,486,0.18,1
1,10,11230,1,0,500,0.6,1000,0.2,1400,0.2,1
1,11,14664,2,10,5,0,500,0.6,1000,0.2,1400,0.2,1
2,0,4825,1,0,300,0.5,1700,0.5,1
2,1,2919,1,0,300,0.5,572,0.32,486,0.18,1
2,2,5706,1,0,666,0.42,420,0.58,1
2,3,4434,1,0,300,0.5,1700,0.5,1
2,4,8359,1,0,500,0.6,1000,0.2,1400,0.2,1
2,5,8630,1,0,666,0.42,420,0.58,1
2,6,8318,0,0,666,0.42,420,0.58,1
2,7,1684,2,10,5,0,500,0.6,1000,0.2,1400,0.2,1
2,8,4032,2,10,5,0,300,0.5,1700,0.5,1
2,9,10877,1,0,666,0.42,420,0.58,1
2,10,11500,1,0,300,0.5,1700,0.5,1
2,11,6744,0,0,666,0.42,420,0.58,1
3,0,12580,0,0,500,0.6,1000,0.2,1400,0.2,1
3,1,14760,2,10,5,0,666,0.42,420,0.58,1
3,2,13404,0,0,300,0.5,1700,0.5,1
3,3,11312,1,0,300,0.5,1700,0.5,1
3,4,3995,1,0,500,0.6,1000,0.2,1400,0.2,1
3,5,12719,1,0,300,0.5,572,0.32,486,0.18,1
3,6,938,1,0,500,0.6,1000,0.2,1400,0.2,1
3,7,9601,2,10,5,0,300,0.5,572,0.32,486,0.18,1
3,8,5925,2,10,5,0,300,0.5,1700,0.5,1
3,9,5905,0,0,666,0.42,420,0.58,1
3,10,14923,0,0,666,0.42,420,0.58,1
3,11,3548,1,0,300,0.5,572,0.32,486,0.18,1
4,0,7128,0,0,300,0.5,572,0.32,486,0.18,1
4,1,13093,2,10,5,0,500,0.6,1000,0.2,1400,0.2,1
4,2,5606,2,10,5,0,500,0.6,1000,0.2,1400,0.2,1
4,3,14624,0,0,666,0.42,420,0.58,1
4,4,3415,2,10,5,0,666,0.42,420,0.58,1
4,5,3631,0,0,500,0.6,1000,0.2,1400,0.2,1
4,6,11438,1,0,500,0.6,1000,0.2,1400,0.2,1
4,7,4220,1,0,300,0.5,1700,0.5,1
4,8,8726,0,0,300,0.5,1700,0.5,1
4,9,10241,0,0,500,0.6,1000,0.2,1400,0.2,1
4,10,6044,1,0,500,0.6,1000,0.2,1400,0.2,1
4,11,8441,2,10,5,0,666,0.42,420,0.58,1
5,0,2986,0,0,300,0.5,572,0.32,486,0.18,1
5,1,10674,0,0,300,0.5,1700,0.5,1
5,2,9178,1,0,300,0.5,572,0.32,486,0.18,1
5,3,3355,0,0,666,0.42,420,0.58,1
5,4,9018,1,0,300,0.5,572,0.32,486,0.18,1
5,5,1647,1,0,666,0.42,420,0.58,1
5,6,4553,0,0,300,0.5,572,0.32,486,0.18,1
5,7,6663,1,0,300,0.5,572,0.32,486,0.18,1
5,8,14411,2,10,5,0,300,0.5,572,0.32,486,0.18,1
5,9,3585,1,0,666,0.42,420,0.58,1
5,10,2669,2,10,5,0,300,0.5,1700,0.5,1
5,11,12859,0,0,500,0.6,1000,0.2,1400,0.2,1
6,0,8620,0,0,500,0.6,1000,0.2,1400,0.2,1
6,1,852,0,0,666,0.42,420,0.58,1
6,2,1069,2,10,5,0,300,0.5,1700,0.5,1
6,3,10448,2,10,5,0,500,0.6,1000,0.2,1400,0.2,1
6,4,13616,2,10,5,0,300,0.5,1700,0.5,1
6,5,962,0,0,300,0.5,572,0.32,486,0.18,1
6,6,10386,1,0,300,0.5,1700,0.5,1
6,7,12827,1,0,500,0.6,1000,0.2,1400,0.2,1
6,8,506,1,0,666,0.42,420,0.58,1
6,9,2079,1,0,666,0.42,420,0.58,1
6,10,4120,1,0,300,0.5,1700,0.5,1
6,11,5874,0,0,500,0.6,1000,0.2,1400,0.2,1
7,0,5920,1,0,666,0.42,420,0.58,1
7,1,13328,0,0,300,0.5,1700,0.5,1
7,2,1580,0,0,666,0.42,420,0.58,1
7,3,12977,1,0,300,0.5,1700,0.5,1
7,4,3034,2,10,5,0,300,0.5,1700,0.5,1
7,5,11213,1,0,666,0.42,420,0.58,1
7,6,5822,1,0,300,0.5,572,0.32,486,0.18,1
7,7,8348,0,0,300,0.5,1700,0.5,1
7,8,1678,2,10,5,0,300,0.5,572,0.32,486,0.18,1
7,9,10121,1,0,666,0.42,420,0.58,1
7,10,9517,0,0,300,0.5,1700,0.5,1
7,11,11716,2,10,5,0,666,0.42,420,0.58,1
8,0,14685,2,10,5,0,300,0.5,1700,0.5,1
8,1,14888,2,10,5,0,500,0.6,1000,0.2,1400,0.2,1
8,2,4726,1,0,300,0.5,572,0.32,486,0.18,1
8,3,4977,2,10,5,0,300,0.5,1700,0.5,1
8,4,9012,0,0,500,0.6,1000,0.2,1400,0.2,1
8,5,7631,0,0,300,0.5,572,0.32,486,0.18,1
8,6,7740,1,0,666,0.42,420,0.58,1
8,7,4143,0,0,300,0.5,572,0.32,486,0.18,1
8,8,11654,0,0,500,0.6,1000,0.2,1400,0.2,1
8,9,9899,1,0,300,0.5,1700,0.5,1
8,10,601,1,0,666,0.42,420,0.58,1
8,11,1659,2,10,5,0,666,0.42,420,0.58,1
9,0,1908,2,10,5,0,500,0.6,1000,0.2,1400,0.2,1
9,1,7605,1,0,300,0.5,572,0.32,486,0.18,1
9,2,7344,1,0,500,0.6,1000,0.2,1400,0.2,1
9,3,13034,0,0,500,0.6,1000,0.2,1400,0.2,1
9,4,5049,0,0,300,0.5,572,0.32,486,0.18,1
9,5,3076,2,10,5,0,300,0.5,572,0.32,486,0.18,1
9,6,14541,2,10,5,0,666,0.42,420,0.58,1
9,7,4765,0,0,666,0.42,420,0.58,1
9,8,15000,1,0,666,0.42,420,0.58,1
9,9,12425,2,10,5,0,300,0.5,1700,0.5,1
9,10,13516,2,10,5,0,666,0.42,420,0.58,1
9,11,208,2,10,5,0,666,0.42,420,0.58,1
10,0,10737,2,10,5,0,500,0.6,1000,0.2,1400,0.2,1
10,1,2103,0,0,300,0.5,1700,0.5,1
10,2,1910,2,10,5,0,300,0.5,1700,0.5,1
10,3,11080,1,0,500,0.6,1000,0.2,1400,0.2,1
10,4,11500,2,10,5,0,300,0.5,1700,0.5,1
10,5,11945,1,0,500,0.6,1000,0.2,1400,0.2,1
10,6,3407,1,0,300,0.5,1700,0.5,1
10,7,11291,2,10,5,0,300,0.5,572,0.32,486,0.18,1
10,8,11420,2,10,5,0,300,0.5,1700,0.5,1
10,9,7647,0,0,666,0.42,420,0.58,1
10,10,14374,1,0,300,0.5,572,0.32,486,0.18,1
10,11,9018,1,0,300,0.5,572,0.32,486,0.18,1
11,0,829,2,10,5,0,300,0.5,572,0.32,486,0.18,1
11,1,413,1,0,666,0.42,420,0.58,1
11,2,442,1,0,500,0.6,1000,0.2,1400,0.2,1
11,3,3623,2,10,5,0,300,0.5,1700,0.5,1
11,4,5086,2,10,5,0,300,0.5,1700,0.5,1
11,5,13551,0,0,300,0.5,1700,0.5,1
11,6,11307,1,0,500,0.6,1000,0.2,1400,0.2,1
11,7,5047,1,0,500,0.6,1000,0.2,1400,0.2,1
11,8,1733,2,10,5,0,300,0.5,1700,0.5,1
11,9,12694,1,0,666,0.42,420,0.58,1
11,10,2619,0,0,300,0.5,1700,0.5,1
11,11,1186,1,0,500,0.6,1000,0.2,1400,0.2,1
