0,0,7752,0,0,500,0.6,1000,0.2,1400,0.2,1
0,1,14868,0,0,666,0.42,420,0.58,1
0,2,3876,0,0,666,0.42,420,0.58,1
0,3,3977,1,0,500,0.6,1000,0.2,1400,0.2,1
0,4,11489,2,10,5,0,666,0.42,420,0.58,1
0,5,45,1,0,666,0.42,420,0.58,1
0,6,7613,1,0,500,0.6,1000,0.2,1400,0.2,1
0,7,2146,2,10,5,0,300,0.5,572,0.32,486,0.18,1
0,8,119,0,0,300,0.5,572,0.32,486,0.18,1
0,9,490,2,10,5,0,500,0.6,1000,0.2,1400,0.2,1
0,10,14133,2,10,5,0,500,0.6,1000,0.2,1400,0.2,1
0,11,10025,2,10,5,0,666,0.42,420,0.58,1
1,0,6445,1,0,300,0.5,1700,0.5,1
1,1,10680,2,10,5,0,500,0.6,1000,0.2,1400,0.2,1
1,2,7558,0,0,300,0.5,572,0.32,486,0.18,0
1,3,12035,2,10,5,0,500,0.6,1000,0.2,1400,0.2,1
1,4,5107,0,0,666,0.42,420,0.58,1
1,5,7237,1,0,300,0.5,1700,0.5,1
1,6,8261,1,0,300,0.5,572,0.32,486,0.18,1
1,7,4761,1,0,666,0.42,420,0.58,1
1,8,5723,0,0,500,0.6,1000,0.2,1400,0.2,1
1,9,12025,1,0,300,0.5,1700,0.5,1
1,10,8327,0,0,300,0.5,1700,0.5,1
1,11,9805,0,0,300,0.5,1700,0.5,1
2,0,200,1,0,300,0.5,572,0.32,486,0.18,1
2,1,8371,1,0,300,0.5,1700,0.5,1
2,2,6817,1,0,300,0.5,572,0.32,486,0.18,1
2,3,7217,2,10,5,0,666,0.42,420,0.58,1
2,4,4502,2,10,5,0,666,0.42,420,0.58,1
2,5,2895,1,0,300,0.5,572,0.32,486,0.18,1
2,6,241,1,0,300,0.5,1700,0.5,1
2,7,4336,2,10,5,0,300,0.5,572,0.32,486,0.18,1
2,8,13437,1,0,300,0.5,572,0.32,486,0.18,1
2,9,6147,1,0,500,0.6,1000,0.2,1400,0.2,1
2,10,9773,1,0,300,0.5,572,0.32,486,0.18,1
2,11,14518,0,0,666,0.42,420,0.58,1
3,0,8869,2,10,5,0,666,0.42,420,0.58,1
3,1,12242,1,0,666,0.42,420,0.58,1
3,2,2290,2,10,5,0,300,0.5,1700,0.5,1
3,3,4000,1,0,666,0.42,420,0.58,1
3,4,11017,0,0,666,0.42,420,0.58,1
3,5,4748,2,10,5,0,500,0.6,1000,0.2,1400,0.2,1
3,6,8785,1,0,666,0.42,420,0.58,1
3,7,8543,2,10,5,0,666,0.42,420,0.58,1
3,8,2964,0,0,300,0.5,1700,0.5,1
3,9,2471,1,0,300,0.5,1700,0.5,1
3,10,8421,0,0,300,0.5,572,0.32,486,0.18,1
3,11,7545,0,0,300,0.5,1700,0.5,1
4,0,7275,2,10,5,0,300,0.5,572,0.32,486,0.18,1
4,1,11745,0,0,500,0.6,1000,0.2,1400,0.2,1
4,2,9646,0,0,500,0.6,1000,0.2,1400,0.2,1
4,3,5478,1,0,300,0.5,572,0.32,486,0.18,1
4,4,11343,2,10,5,0,300,0.5,572,0.32,486,0.18,1
4,5,1135,0,0,500,0.6,1000,0.2,1400,0.2,1
4,6,7139,2,10,5,0,500,0.6,1000,0.2,1400,0.2,1
4,7,14665,2,10,5,0,300,0.5,572,0.32,486,0.18,1
4,8,9978,0,0,500,0.6,1000,0.2,1400,0.2,1
4,9,2728,1,0,500,0.6,1000,0.2,1400,0.2,1
4,10,11597,0,0,300,0.5,572,0.32,486,0.18,1
4,11,10595,2,10,5,0,300,0.5,572,0.32,486,0.18,1
5,0,14296,2,10,5,0,300,0.5,572,0.32,486,0.18,1
5,1,3569,2,10,5,0,300,0.5,572,0.32,486,0.18,1
5,2,11971,0,0,300,0.5,1700,0.5,1
5,3,8254,0,0,300,0.5,572,0.32,486,0.18,1
5,4,13475,0,0,300,0.5,572,0.32,486,0.18,1
5,5,1219,2,10,5,0,666,0.42,420,0.58,1
5,6,5025,0,0,500,0.6,1000,0.2,1400,0.2,1
5,7,2690,0,0,500,0.6,1000,0.2,1400,0.2,1
5,8,2469,0,0,300,0.5,572,0.32,486,0.18,1
5,9,8369,2,10,5,0,300,0.5,572,0.32,486,0.18,1
5,10,10341,1,0,300,0.5,572,0.32,486,0.18,1
5,11,3208,1,0,300,0.5,1700,0.5,1
6,0,10741,1,0,300,0.5,1700,0.5,1
6,1,251,1,0,300,0.5,1700,0.5,1
6,2,14516,0,0,300,0.5,1700,0.5,1
6,3,13491,2,10,5,0,300,0.5,1700,0.5,1
6,4,10127,0,0,666,0.42,420,0.58,1
6,5,11000,2,10,5,0,500,0.6,1000,0.2,1400,0.2,1
6,6,936,0,0,500,0.6,1000,0.2,1400,0.2,1
6,7,10621,0,0,300,0.5,572,0.32,486,0.18,1
6,8,14947,0,0,500,0.6,1000,0.2,1400,0.2,1
6,9,10310,1,0,300,0.5,1700,0.5,1
6,10,5543,2,10,5,0,300,0.5,1700,0.5,1
6,11,5126,1,0,500,0.6,1000,0.2,1400,0.2,1
7,0,2268,0,0,500,0.6,1000,0.2,1400,0.2,1
7,1,1270,1,0,300,0.5,572,0.32,486,0.18,1
7,2,8697,2,10,5,0,300,0.5,572,0.32,486,0.18,1
7,3,7309,1,0,300,0.5,572,0.32,486,0.18,1
7,4,4597,0,0,300,0.5,572,0.32,486,0.18,1
7,5,7548,2,10,5,0,666,0.42,420,0.58,1
7,6,5625,1,0,300,0.5,572,0.32,486,0.18,1
7,7,5399,0,0,300,0.5,572,0.32,486,0.18,1
7,8,5493,0,0,300,0.5,572,0.32,486,0.18,1
7,9,9028,0,0,300,0.5,1700,0.5,1
7,10,75,2,10,5,0,300,0.5,572,0.32,486,0.18,1
7,11,10579,1,0,500,0.6,1000,0.2,1400,0.2,1
8,0,3684,0,0,300,0.5,572,0.32,486,0.18,1
8,1,4573,2,10,5,0,300,0.5,572,0.32,486,0.18,1
8,2,5934,1,0,300,0.5,572,0.32,486,0.18,1
8,3,14655,0,0,300,0.5,572,0.32,486,0.18,1
8,4,6798,1,0,300,0.5,572,0.32,486,0.18,1
8,5,7194,0,0,300,0.5,572,0.32,486,0.18,1
8,6,9690,0,0,300,0.5,572,0.32,486,0.18,1
8,7,5514,0,0,300,0.5,572,0.32,486,0.18,1
8,8,10872,0,0,500,0.6,1000,0.2,1400,0.2,1
8,9,4807,2,10,5,0,300,0.5,1700,0.5,1
8,10,6843,1,0,500,0.6,1000,0.2,1400,0.2,1
8,11,7094,0,0,300,0.5,1700,0.5,1
9,0,3302,2,10,5,0,300,0.5,1700,0.5,1
9,1,2506,1,0,666,0.42,420,0.58,1
9,2,5594,0,0,500,0.6,1000,0.2,1400,0.2,1
9,3,14262,1,0,300,0.5,1700,0.5,1
9,4,5016,2,10,5,0,500,0.6,1000,0.2,1400,0.2,1
9,5,9889,2,10,5,0,666,0.42,420,0.58,1
9,6,1637,0,0,300,0.5,572,0.32,486,0.18,1
9,7,3972,1,0,500,0.6,1000,0.2,1400,0.2,1
9,8,4747,2,10,5,0,500,0.6,1000,0.2,1400,0.2,1
9,9,3658,0,0,300,0.5,1700,0.5,1
9,10,610,1,0,500,0.6,1000,0.2,1400,0.2,1
9,11,6134,2,10,5,0,300,0.5,572,0.32,486,0.18,1
10,0,7391,1,0,666,0.42,420,0.58,1
10,1,10410,1,0,300,0.5,572,0.32,486,0.18,1
10,2,1154,2,10,5,0,300,0.5,1700,0.5,1
10,3,13209,1,0,500,0.6,1000,0.2,1400,0.2,1
10,4,8612,1,0,300,0.5,572,0.32,486,0.18,1
10,5,9155,2,10,5,0,500,0.6,1000,0.2,1400,0.2,1
10,6,4799,1,0,666,0.42,420,0.58,1
10,7,1662,2,10,5,0,500,0.6,1000,0.2,1400,0.2,1
10,8,6484,1,0,300,0.5,1700,0.5,1
10,9,13610,0,0,500,0.6,1000,0.2,1400,0.2,1
10,10,12082,2,10,5,0,300,0.5,572,0.32,486,0.18,1
10,11,10107,2,10,5,0,666,0.42,420,0.58,1
11,0,11278,1,0,666,0.42,420,0.58,1
11,1,4002,1,0,666,0.42,420,0.58,1
11,2,4101,0,0,666,0.42,420,0.58,1
11,3,21,0,0,300,0.5,1700,0.5,1
11,4,985,1,0,300,0.5,1700,0.5,1
11,5,117,1,0,500,0.6,1000,0.2,1400,0.2,1
11,6,7481,0,0,300,0.5,1700,0.5,1
11,7,11503,1,0,300,0.5,1700,0.5,1
11,8,10197,1,0,300,0.5,572,0.32,486,0.18,1
11,9,13544,2,10,5,0,666,0.42,420,0.58,1
11,10,10069,2,10,5,0,300,0.5,1700,0.5,1
11,11,3926,2,10,5,0,666,0.42,420,0.58,1
