0,0,4365,1,0,300,0.5,1700,0.5,1
0,1,10442,0,0,300,0.5,572,0.32,486,0.18,1
0,2,11352,0,0,500,0.6,1000,0.2,1400,0.2,1
0,3,8248,2,10,5,0,500,0.6,1000,0.2,1400,0.2,1
0,4,14343,0,0,666,0.42,420,0.58,1
0,5,5425,1,0,666,0.42,420,0.58,1
0,6,2550,0,0,666,0.42,420,0.58,1
0,7,3104,0,0,666,0.42,420,0.58,1
0,8,10210,1,0,500,0.6,1000,0.2,1400,0.2,1
0,9,4701,0,0,300,0.5,572,0.32,486,0.18,1
0,10,2315,0,0,300,0.5,572,0.32,486,0.18,1
0,11,14942,1,0,500,0.6,1000,0.2,1400,0.2,1
1,0,10733,2,10,5,0,300,0.5,572,0.32,486,0.18,1
1,1,7472,0,0,666,0.42,420,0.58,1
1,2,4369,1,0,300,0.5,572,0.32,486,0.18,0
1,3,14027,1,0,300,0.5,572,0.32,486,0.18,1
1,4,7491,1,0,500,0.6,1000,0.2,1400,0.2,1
1,5,12733,1,0,300,0.5,1700,0.5,1
1,6,7673,0,0,300,0.5,1700,0.5,1
1,7,1051,0,0,300,0.5,1700,0.5,1
1,8,10724,1,0,666,0.42,420,0.58,1
1,9,4261,2,10,5,0,300,0.5,572,0.32,486,0.18,1
1,10,12889,1,0,500,0.6,1000,0.2,1400,0.2,1
1,11,8434,0,0,300,0.5,572,0.32,486,0.18,1
2,0,9526,0,0,666,0.42,420,0.58,1
2,1,8334,1,0,300,0.5,572,0.32,486,0.18,1
2,2,14923,1,0,666,0.42,420,0.58,1
2,3,11660,2,10,5,0,500,0.6,1000,0.2,1400,0.2,1
2,4,3596,0,0,300,0.5,572,0.32,486,0.18,1
2,5,5383,0,0,500,0.6,1000,0.2,1400,0.2,1
2,6,10732,0,0,666,0.42,420,0.58,1
2,7,8637,1,0,500,0.6,1000,0.2,1400,0.2,1
2,8,3452,0,0,666,0.42,420,0.58,1
2,9,6398,2,10,5,0,300,0.5,1700,0.5,1
2,10,14031,0,0,300,0.5,1700,0.5,1
2,11,3637,2,10,5,0,300,0.5,1700,0.5,1
3,0,9505,1,0,666,0.42,420,0.58,1
3,1,8732,1,0,666,0.42,420,0.58,1
3,2,9476,2,10,5,0,300,0.5,1700,0.5,1
3,3,6635,1,0,300,0.5,1700,0.5,1
3,4,3399,2,10,5,0,300,0.5,572,0.32,486,0.18,1
3,5,4000,2,10,5,0,300,0.5,1700,0.5,1
3,6,2158,2,10,5,0,500,0.6,1000,0.2,1400,0.2,1
3,7,792,1,0,300,0.5,1700,0.5,1
3,8,2597,1,0,500,0.6,1000,0.2,1400,0.2,1
3,9,13270,1,0,500,0.6,1000,0.2,1400,0.2,1
3,10,7901,0,0,300,0.5,1700,0.5,1
3,11,5830,0,0,500,0.6,1000,0.2,1400,0.2,1
4,0,6017,0,0,666,0.42,420,0.58,1
4,1,12495,0,0,500,0.6,1000,0.2,1400,0.2,1
4,2,6711,2,10,5,0,300,0.5,1700,0.5,1
4,3,12086,0,0,300,0.5,572,0.32,486,0.18,1
4,4,7347,1,0,300,0.5,1700,0.5,1
4,5,308,0,0,666,0.42,420,0.58,1
4,6,11594,2,10,5,0,666,0.42,420,0.58,1
4,7,10608,0,0,300,0.5,1700,0.5,1
4,8,14394,2,10,5,0,500,0.6,1000,0.2,1400,0.2,1
4,9,13290,2,10,5,0,300,0.5,1700,0.5,1
4,10,6960,2,10,5,0,300,0.5,1700,0.5,1
4,11,11795,0,0,300,0.5,1700,0.5,1
5,0,2360,1,0,300,0.5,1700,0.5,1
5,1,6332,1,0,300,0.5,1700,0.5,1
5,2,10405,0,0,300,0.5,572,0.32,486,0.18,1
5,3,484,2,10,5,0,300,0.5,1700,0.5,1
5,4,1464,2,10,5,0,300,0.5,572,0.32,486,0.18,1
5,5,8654,2,10,5,0,300,0.5,572,0.32,486,0.18,1
5,6,13382,0,0,300,0.5,1700,0.5,1
5,7,3769,2,10,5,0,500,0.6,1000,0.2,1400,0.2,1
5,8,13158,0,0,666,0.42,420,0.58,1
5,9,5941,0,0,666,0.42,420,0.58,1
5,10,3043,2,10,5,0,666,0.42,420,0.58,1
5,11,9763,0,0,666,0.42,420,0.58,1
6,0,2641,1,0,300,0.5,1700,0.5,1
6,1,2966,2,10,5,0,500,0.6,1000,0.2,1400,0.2,1
6,2,14380,0,0,666,0.42,420,0.58,1
6,3,14146,1,0,300,0.5,1700,0.5,1
6,4,2247,2,10,5,0,300,0.5,572,0.32,486,0.18,1
6,5,8996,2,10,5,0,300,0.5,572,0.32,486,0.18,1
6,6,3143,0,0,300,0.5,1700,0.5,1
6,7,11665,1,0,666,0.42,420,0.58,1
6,8,2297,1,0,500,0.6,1000,0.2,1400,0.2,1
6,9,8220,0,0,500,0.6,1000,0.2,1400,0.2,1
6,10,13195,2,10,5,0,300,0.5,1700,0.5,1
6,11,7919,0,0,500,0.6,1000,0.2,1400,0.2,1
7,0,8144,1,0,300,0.5,1700,0.5,1
7,1,5952,0,0,500,0.6,1000,0.2,1400,0.2,1
7,2,4053,1,0,666,0.42,420,0.58,1
7,3,1148,0,0,666,0.42,420,0.58,1
7,4,4756,0,0,500,0.6,1000,0.2,1400,0.2,1
7,5,9207,1,0,300,0.5,1700,0.5,1
7,6,8930,0,0,300,0.5,572,0.32,486,0.18,1
7,7,14777,2,10,5,0,300,0.5,572,0.32,486,0.18,1
7,8,1282,1,0,300,0.5,572,0.32,486,0.18,1
7,9,10692,0,0,666,0.42,420,0.58,1
7,10,10989,1,0,500,0.6,1000,0.2,1400,0.2,1
7,11,13850,0,0,300,0.5,1700,0.5,1
8,0,14036,1,0,666,0.42,420,0.58,1
8,1,1738,0,0,666,0.42,420,0.58,1
8,2,10896,0,0,300,0.5,572,0.32,486,0.18,1
8,3,11794,0,0,666,0.42,420,0.58,1
8,4,7009,2,10,5,0,666,0.42,420,0.58,1
8,5,6712,1,0,300,0.5,1700,0.5,1
8,6,4053,2,10,5,0,500,0.6,1000,0.2,1400,0.2,1
8,7,14398,2,10,5,0,666,0.42,420,0.58,1
8,8,13770,2,10,5,0,500,0.6,1000,0.2,1400,0.2,1
8,9,474,1,0,300,0.5,572,0.32,486,0.18,1
8,10,3502,0,0,300,0.5,572,0.32,486,0.18,1
8,11,3739,2,10,5,0,300,0.5,1700,0.5,1
9,0,12079,2,10,5,0,300,0.5,572,0.32,486,0.18,1
9,1,4777,0,0,300,0.5,572,0.32,486,0.18,1
9,2,12046,2,10,5,0,500,0.6,1000,0.2,1400,0.2,1
9,3,5068,2,10,5,0,666,0.42,420,0.58,1
9,4,9975,1,0,300,0.5,572,0.32,486,0.18,1
9,5,10769,1,0,500,0.6,1000,0.2,1400,0.2,1
9,6,4122,1,0,500,0.6,1000,0.2,1400,0.2,1
9,7,12347,2,10,5,0,300,0.5,1700,0.5,1
9,8,7401,2,10,5,0,300,0.5,1700,0.5,1
9,9,14605,1,0,500,0.6,1000,0.2,1400,0.2,1
9,10,12539,2,10,5,0,666,0.42,420,0.58,1
9,11,3632,2,10,5,0,300,0.5,572,0.32,486,0.18,1
10,0,11740,0,0,500,0.6,1000,0.2,1400,0.2,1
10,1,13871,1,0,500,0.6,1000,0.2,1400,0.2,1
10,2,11065,0,0,300,0.5,572,0.32,486,0.18,1
10,3,10800,1,0,300,0.5,572,0.32,486,0.18,1
10,4,6805,1,0,500,0.6,1000,0.2,1400,0.2,1
10,5,6813,1,0,300,0.5,1700,0.5,1
10,6,5620,0,0,300,0.5,1700,0.5,1
10,7,13990,0,0,500,0.6,1000,0.2,1400,0.2,1
10,8,13706,1,0,500,0.6,1000,0.2,1400,0.2,1
10,9,897,1,0,666,0.42,420,0.58,1
10,10,6996,0,0,666,0.42,420,0.58,1
10,11,5287,2,10,5,0,500,0.6,1000,0.2,1400,0.2,1
11,0,11670,0,0,300,0.5,572,0.32,486,0.18,1
11,1,2153,2,10,5,0,300,0.5,572,0.32,486,0.18,1
11,2,2791,1,0,300,0.5,572,0.32,486,0.18,1
11,3,2960,0,0,666,0.42,420,0.58,1
11,4,6426,0,0,666,0.42,420,0.58,1
11,5,554,1,0,300,0.5,1700,0.5,1
11,6,13035,2,10,5,0,500,0.6,1000,0.2,1400,0.2,1
11,7,11853,0,0,300,0.5,1700,0.5,1
11,8,7477,1,0,300,0.5,1700,0.5,1
11,9,14782,0,0,666,0.42,420,0.58,1
11,10,10604,0,0,300,0.5,572,0.32,486,0.18,1
11,11,697,0,0,300,0.5,572,0.32,486,0.18,1
