0,0,14453,2,10,5,0,300,0.5,1700,0.5,1
0,1,14585,2,10,5,0,666,0.42,420,0.58,1
0,2,2982,2,10,5,0,300,0.5,572,0.32,486,0.18,1
0,3,13835,0,0,666,0.42,420,0.58,1
0,4,8057,2,10,5,0,300,0.5,1700,0.5,1
0,5,3126,1,0,300,0.5,1700,0.5,1
0,6,4784,0,0,666,0.42,420,0.58,1
0,7,12584,2,10,5,0,666,0.42,420,0.58,1
0,8,8483,0,0,300,0.5,572,0.32,486,0.18,1
0,9,14866,1,0,666,0.42,420,0.58,1
0,10,5721,0,0,300,0.5,572,0.32,486,0.18,1
0,11,721,2,10,5,0,300,0.5,572,0.32,486,0.18,1
1,0,12576,1,0,300,0.5,1700,0.5,1
1,1,13646,2,10,5,0,500,0.6,1000,0.2,1400,0.2,1
1,2,10869,1,0,666,0.42,420,0.58,0
1,3,5385,0,0,500,0.6,1000,0.2,1400,0.2,1
1,4,4614,2,10,5,0,666,0.42,420,0.58,1
1,5,5084,2,10,5,0,300,0.5,572,0.32,486,0.18,1
1,6,6811,2,10,5,0,300,0.5,1700,0.5,1
1,7,13283,0,0,500,0.6,1000,0.2,1400,0.2,1
1,8,6256,0,0,666,0.42,420,0.58,1
1,9,7112,1,0,300,0.5,572,0.32,486,0.18,1
1,10,2493,0,0,666,0.42,420,0.58,1
1,11,9656,2,10,5,0,300,0.5,1700,0.5,1
2,0,4902,2,10,5,0,300,0.5,572,0.32,486,0.18,1
2,1,5527,2,10,5,0,500,0.6,1000,0.2,1400,0.2,1
2,2,14912,2,10,5,0,300,0.5,1700,0.5,1
2,3,848,1,0,500,0.6,1000,0.2,1400,0.2,1
2,4,1291,0,0,300,0.5,572,0.32,486,0.18,1
2,5,12711,1,0,500,0.6,1000,0.2,1400,0.2,1
2,6,8266,2,10,5,0,300,0.5,572,0.32,486,0.18,1
2,7,10888,1,0,666,0.42,420,0.58,1
2,8,2483,2,10,5,0,500,0.6,1000,0.2,1400,0.2,1
2,9,3896,0,0,300,0.5,1700,0.5,1
2,10,5358,0,0,666,0.42,420,0.58,1
2,11,10540,2,10,5,0,300,0.5,1700,0.5,1
3,0,7436,0,0,300,0.5,1700,0.5,1
3,1,7495,2,10,5,0,300,0.5,1700,0.5,1
3,2,3180,0,0,500,0.6,1000,0.2,1400,0.2,1
3,3,3604,2,10,5,0,666,0.42,420,0.58,1
3,4,13232,0,0,300,0.5,1700,0.5,1
3,5,11638,2,10,5,0,500,0.6,1000,0.2,1400,0.2,1
3,6,517,1,0,500,0.6,1000,0.2,1400,0.2,1
3,7,3556,2,10,5,0,300,0.5,1700,0.5,1
3,8,2934,0,0,300,0.5,572,0.32,486,0.18,1
3,9,1633,2,10,5,0,300,0.5,572,0.32,486,0.18,1
3,10,3453,1,0,500,0.6,1000,0.2,1400,0.2,1
3,11,26,1,0,666,0.42,420,0.58,1
4,0,2224,0,0,666,0.42,420,0.58,1
4,1,1485,0,0,300,0.5,1700,0.5,1
4,2,12936,0,0,300,0.5,572,0.32,486,0.18,1
4,3,7486,2,10,5,0,666,0.42,420,0.58,1
4,4,13630,1,0,500,0.6,1000,0.2,1400,0.2,1
4,5,8833,0,0,300,0.5,1700,0.5,1
4,6,8388,2,10,5,0,500,0.6,1000,0.2,1400,0.2,1
4,7,7357,0,0,300,0.5,1700,0.5,1
4,8,7744,2,10,5,0,666,0.42,420,0.58,1
4,9,14079,0,0,666,0.42,420,0.58,1
4,10,8981,1,0,300,0.5,1700,0.5,1
4,11,6896,0,0,300,0.5,572,0.32,486,0.18,1
5,0,4991,2,10,5,0,300,0.5,572,0.32,486,0.18,1
5,1,1313,0,0,300,0.5,572,0.32,486,0.18,1
5,2,4761,2,10,5,0,500,0.6,1000,0.2,1400,0.2,1
5,3,685,0,0,300,0.5,1700,0.5,1
5,4,9366,1,0,300,0.5,1700,0.5,1
5,5,13517,0,0,300,0.5,572,0.32,486,0.18,1
5,6,4690,2,10,5,0,666,0.42,420,0.58,1
5,7,11878,2,10,5,0,500,0.6,1000,0.2,1400,0.2,1
5,8,5326,1,0,500,0.6,1000,0.2,1400,0.2,1
5,9,7857,1,0,500,0.6,1000,0.2,1400,0.2,1
5,10,3820,2,10,5,0,300,0.5,572,0.32,486,0.18,1
5,11,3590,0,0,666,0.42,420,0.58,1
6,0,12564,2,10,5,0,666,0.42,420,0.58,1
6,1,2240,1,0,300,0.5,1700,0.5,1
6,2,8418,0,0,300,0.5,572,0.32,486,0.18,1
6,3,7431,0,0,500,0.6,1000,0.2,1400,0.2,1
6,4,2570,1,0,300,0.5,1700,0.5,1
6,5,10782,0,0,300,0.5,572,0.32,486,0.18,1
6,6,140,2,10,5,0,500,0.6,1000,0.2,1400,0.2,1
6,7,4855,0,0,300,0.5,1700,0.5,1
6,8,5760,0,0,666,0.42,420,0.58,1
6,9,4475,2,10,5,0,300,0.5,1700,0.5,1
6,10,8295,1,0,666,0.42,420,0.58,1
6,11,4687,0,0,666,0.42,420,0.58,1
7,0,14666,1,0,300,0.5,572,0.32,486,0.18,1
7,1,9275,0,0,300,0.5,1700,0.5,1
7,2,3946,1,0,666,0.42,420,0.58,1
7,3,14145,1,0,500,0.6,1000,0.2,1400,0.2,1
7,4,11121,1,0,300,0.5,1700,0.5,1
7,5,222,1,0,300,0.5,1700,0.5,1
7,6,3111,2,10,5,0,666,0.42,420,0.58,1
7,7,2899,1,0,300,0.5,572,0.32,486,0.18,1
7,8,9677,1,0,500,0.6,1000,0.2,1400,0.2,1
7,9,9823,0,0,500,0.6,1000,0.2,1400,0.2,1
7,10,5243,1,0,500,0.6,1000,0.2,1400,0.2,1
7,11,14432,0,0,500,0.6,1000,0.2,1400,0.2,1
8,0,13403,0,0,300,0.5,572,0.32,486,0.18,1
8,1,7618,2,10,5,0,500,0.6,1000,0.2,1400,0.2,1
8,2,11890,0,0,300,0.5,572,0.32,486,0.18,1
8,3,11394,0,0,666,0.42,420,0.58,1
8,4,6498,2,10,5,0,300,0.5,1700,0.5,1
8,5,3474,0,0,666,0.42,420,0.58,1
8,6,12992,2,10,5,0,300,0.5,1700,0.5,1
8,7,6720,0,0,300,0.5,1700,0.5,1
8,8,2429,0,0,300,0.5,572,0.32,486,0.18,1
8,9,9280,0,0,300,0.5,1700,0.5,1
8,10,12664,2,10,5,0,300,0.5,1700,0.5,1
8,11,11671,0,0,500,0.6,1000,0.2,1400,0.2,1
9,0,420,2,10,5,0,300,0.5,572,0.32,486,0.18,1
9,1,10314,1,0,300,0.5,572,0.32,486,0.18,1
9,2,10577,2,10,5,0,300,0.5,1700,0.5,1
9,3,4009,1,0,666,0.42,420,0.58,1
9,4,2995,0,0,666,0.42,420,0.58,1
9,5,2547,0,0,300,0.5,1700,0.5,1
9,6,3098,1,0,300,0.5,572,0.32,486,0.18,1
9,7,8092,1,0,666,0.42,420,0.58,1
9,8,699,0,0,666,0.42,420,0.58,1
9,9,10748,2,10,5,0,666,0.42,420,0.58,1
9,10,8377,1,0,666,0.42,420,0.58,1
9,11,13420,2,10,5,0,300,0.5,1700,0.5,1
10,0,3013,1,0,300,0.5,1700,0.5,1
10,1,6809,0,0,300,0.5,1700,0.5,1
10,2,1660,2,10,5,0,300,0.5,1700,0.5,1
10,3,1603,1,0,300,0.5,572,0.32,486,0.18,1
10,4,9137,1,0,500,0.6,1000,0.2,1400,0.2,1
10,5,14935,2,10,5,0,500,0.6,1000,0.2,1400,0.2,1
10,6,7633,1,0,666,0.42,420,0.58,1
10,7,8748,1,0,666,0.42,420,0.58,1
10,8,1846,0,0,666,0.42,420,0.58,1
10,9,11441,0,0,500,0.6,1000,0.2,1400,0.2,1
10,10,6270,1,0,500,0.6,1000,0.2,1400,0.2,1
10,11,4199,1,0,300,0.5,572,0.32,486,0.18,1
11,0,13334,0,0,500,0.6,1000,0.2,1400,0.2,1
11,1,14066,2,10,5,0,300,0.5,1700,0.5,1
11,2,5401,0,0,500,0.6,1000,0.2,1400,0.2,1
11,3,6249,1,0,500,0.6,1000,0.2,1400,0.2,1
11,4,3572,0,0,300,0.5,1700,0.5,1
11,5,4905,0,0,300,0.5,572,0.32,486,0.18,1
11,6,11531,2,10,5,0,300,0.5,1700,0.5,1
11,7,5882,2,10,5,0,300,0.5,1700,0.5,1
11,8,13507,0,0,300,0.5,572,0.32,486,0.18,1
11,9,2594,1,0,300,0.5,572,0.32,486,0.18,1
11,10,14231,1,0,300,0.5,1700,0.5,1
11,11,11532,0,0,500,0.6,1000,0.2,1400,0.2,1
