0,0,8922,1,0,300,0.5,1700,0.5,1
0,1,8054,2,10,5,0,666,0.42,420,0.58,1
0,2,9073,2,10,5,0,500,0.6,1000,0.2,1400,0.2,1
0,3,5249,1,0,300,0.5,572,0.32,486,0.18,1
0,4,250,2,10,5,0,300,0.5,1700,0.5,1
0,5,2834,0,0,300,0.5,572,0.32,486,0.18,1
0,6,843,2,10,5,0,500,0.6,1000,0.2,1400,0.2,1
0,7,8294,2,10,5,0,300,0.5,1700,0.5,1
0,8,3356,1,0,300,0.5,572,0.32,486,0.18,1
0,9,10983,0,0,666,0.42,420,0.58,1
0,10,9827,0,0,300,0.5,572,0.32,486,0.18,1
0,11,14887,1,0,300,0.5,572,0.32,486,0.18,1
1,0,1517,0,0,500,0.6,1000,0.2,1400,0.2,1
1,1,8781,0,0,300,0.5,572,0.32,486,0.18,1
1,2,10898,0,0,500,0.6,1000,0.2,1400,0.2,0
1,3,5648,0,0,666,0.42,420,0.58,1
1,4,82,2,10,5,0,500,0.6,1000,0.2,1400,0.2,1
1,5,4386,2,10,5,0,300,0.5,572,0.32,486,0.18,1
1,6,14323,0,0,500,0.6,1000,0.2,1400,0.2,1
1,7,1387,2,10,5,0,500,0.6,1000,0.2,1400,0.2,1
1,8,13795,0,0,666,0.42,420,0.58,1
1,9,5330,1,0,300,0.5,1700,0.5,1
1,10,7591,0,0,500,0.6,1000,0.2,1400,0.2,1
1,11,14887,2,10,5,0,500,0.6,1000,0.2,1400,0.2,1
2,0,6930,2,10,5,0,300,0.5,572,0.32,486,0.18,1
2,1,5421,2,10,5,0,300,0.5,572,0.32,486,0.18,1
2,2,4590,2,10,5,0,500,0.6,1000,0.2,1400,0.2,1
2,3,10698,0,0,300,0.5,1700,0.5,1
2,4,5573,0,0,300,0.5,1700,0.5,1
2,5,14280,1,0,666,0.42,420,0.58,1
2,6,14647,2,10,5,0,666,0.42,420,0.58,1
2,7,40,1,0,300,0.5,572,0.32,486,0.18,1
2,8,10795,2,10,5,0,300,0.5,1700,0.5,1
2,9,1364,0,0,666,0.42,420,0.58,1
2,10,132,1,0,666,0.42,420,0.58,1
2,11,3206,2,10,5,0,300,0.5,1700,0.5,1
3,0,5790,1,0,300,0.5,572,0.32,486,0.18,1
3,1,6760,1,0,500,0.6,1000,0.2,1400,0.2,1
3,2,4106,2,10,5,0,300,0.5,1700,0.5,1
3,3,5621,2,10,5,0,300,0.5,1700,0.5,1
3,4,14946,1,0,300,0.5,1700,0.5,1
3,5,13063,0,0,666,0.42,420,0.58,1
3,6,380,2,10,5,0,666,0.42,420,0.58,1
3,7,2399,2,10,5,0,666,0.42,420,0.58,1
3,8,9403,0,0,300,0.5,572,0.32,486,0.18,1
3,9,13132,2,10,5,0,666,0.42,420,0.58,1
3,10,7267,0,0,500,0.6,1000,0.2,1400,0.2,1
3,11,14739,1,0,300,0.5,572,0.32,486,0.18,1
4,0,150,2,10,5,0,300,0.5,572,0.32,486,0.18,1
4,1,11840,0,0,300,0.5,572,0.32,486,0.18,1
4,2,3977,2,10,5,0,500,0.6,1000,0.2,1400,0.2,1
4,3,13596,1,0,666,0.42,420,0.58,1
4,4,9427,0,0,300,0.5,1700,0.5,1
4,5,4981,1,0,500,0.6,1000,0.2,1400,0.2,1
4,6,4031,2,10,5,0,300,0.5,572,0.32,486,0.18,1
4,7,3045,1,0,666,0.42,420,0.58,1
4,8,12230,0,0,300,0.5,572,0.32,486,0.18,1
4,9,4325,1,0,300,0.5,572,0.32,486,0.18,1
4,10,12302,1,0,666,0.42,420,0.58,1
4,11,9225,1,0,500,0.6,1000,0.2,1400,0.2,1
5,0,7400,0,0,300,0.5,1700,0.5,1
5,1,13055,2,10,5,0,500,0.6,1000,0.2,1400,0.2,1
5,2,5668,1,0,300,0.5,1700,0.5,1
5,3,3028,2,10,5,0,300,0.5,1700,0.5,1
5,4,10380,1,0,500,0.6,1000,0.2,1400,0.2,1
5,5,10155,1,0,300,0.5,572,0.32,486,0.18,1
5,6,10215,2,10,5,0,500,0.6,1000,0.2,1400,0.2,1
5,7,1508,2,10,5,0,300,0.5,1700,0.5,1
5,8,12523,0,0,666,0.42,420,0.58,1
5,9,12895,0,0,666,0.42,420,0.58,1
5,10,1276,1,0,500,0.6,1000,0.2,1400,0.2,1
5,11,2071,0,0,666,0.42,420,0.58,1
6,0,12426,1,0,500,0.6,1000,0.2,1400,0.2,1
6,1,5543,2,10,5,0,300,0.5,572,0.32,486,0.18,1
6,2,9797,1,0,666,0.42,420,0.58,1
6,3,14419,0,0,300,0.5,1700,0.5,1
6,4,7043,2,10,5,0,300,0.5,572,0.32,486,0.18,1
6,5,5870,0,0,300,0.5,572,0.32,486,0.18,1
6,6,13080,1,0,666,0.42,420,0.58,1
6,7,6545,2,10,5,0,300,0.5,1700,0.5,1
6,8,99,2,10,5,0,300,0.5,1700,0.5,1
6,9,5010,0,0,666,0.42,420,0.58,1
6,10,8917,2,10,5,0,500,0.6,1000,0.2,1400,0.2,1
6,11,9841,2,10,5,0,666,0.42,420,0.58,1
7,0,8815,0,0,666,0.42,420,0.58,1
7,1,3909,0,0,500,0.6,1000,0.2,1400,0.2,1
7,2,4811,1,0,300,0.5,1700,0.5,1
7,3,12108,2,10,5,0,300,0.5,572,0.32,486,0.18,1
7,4,7004,2,10,5,0,500,0.6,1000,0.2,1400,0.2,1
7,5,12100,2,10,5,0,500,0.6,1000,0.2,1400,0.2,1
7,6,14583,0,0,300,0.5,572,0.32,486,0.18,1
7,7,8671,0,0,500,0.6,1000,0.2,1400,0.2,1
7,8,7021,0,0,300,0.5,572,0.32,486,0.18,1
7,9,7833,1,0,300,0.5,572,0.32,486,0.18,1
7,10,9513,2,10,5,0,300,0.5,572,0.32,486,0.18,1
7,11,7825,0,0,500,0.6,1000,0.2,1400,0.2,1
8,0,1121,1,0,300,0.5,572,0.32,486,0.18,1
8,1,3718,1,0,500,0.6,1000,0.2,1400,0.2,1
8,2,2829,1,0,300,0.5,572,0.32,486,0.18,1
8,3,3089,2,10,5,0,300,0.5,1700,0.5,1
8,4,11298,2,10,5,0,500,0.6,1000,0.2,1400,0.2,1
8,5,391,2,10,5,0,666,0.42,420,0.58,1
8,6,7395,2,10,5,0,300,0.5,572,0.32,486,0.18,1
8,7,13294,1,0,300,0.5,572,0.32,486,0.18,1
8,8,6238,1,0,300,0.5,572,0.32,486,0.18,1
8,9,581,1,0,666,0.42,420,0.58,1
8,10,5255,1,0,300,0.5,572,0.32,486,0.18,1
8,11,4707,2,10,5,0,500,0.6,1000,0.2,1400,0.2,1
9,0,8774,2,10,5,0,666,0.42,420,0.58,1
9,1,7155,1,0,666,0.42,420,0.58,1
9,2,3011,0,0,300,0.5,1700,0.5,1
9,3,1361,0,0,300,0.5,572,0.32,486,0.18,1
9,4,3658,2,10,5,0,666,0.42,420,0.58,1
9,5,850,0,0,300,0.5,572,0.32,486,0.18,1
9,6,5275,1,0,666,0.42,420,0.58,1
9,7,1630,0,0,500,0.6,1000,0.2,1400,0.2,1
9,8,14341,0,0,500,0.6,1000,0.2,1400,0.2,1
9,9,633,0,0,300,0.5,572,0.32,486,0.18,1
9,10,1768,1,0,300,0.5,572,0.32,486,0.18,1
9,11,14317,2,10,5,0,300,0.5,572,0.32,486,0.18,1
10,0,12240,0,0,300,0.5,572,0.32,486,0.18,1
10,1,14488,1,0,666,0.42,420,0.58,1
10,2,1889,2,10,5,0,666,0.42,420,0.58,1
10,3,10116,1,0,300,0.5,1700,0.5,1
10,4,6493,1,0,500,0.6,1000,0.2,1400,0.2,1
10,5,13911,2,10,5,0,500,0.6,1000,0.2,1400,0.2,1
10,6,6959,2,10,5,0,300,0.5,1700,0.5,1
10,7,5037,2,10,5,0,300,0.5,572,0.32,486,0.18,1
10,8,3050,1,0,300,0.5,1700,0.5,1
10,9,8624,2,10,5,0,300,0.5,1700,0.5,1
10,10,14134,0,0,300,0.5,1700,0.5,1
10,11,94,2,10,5,0,300,0.5,1700,0.5,1
11,0,7347,1,0,300,0.5,572,0.32,486,0.18,1
11,1,5304,2,10,5,0,300,0.5,572,0.32,486,0.18,1
11,2,8900,2,10,5,0,300,0.5,572,0.32,486,0.18,1
11,3,6109,2,10,5,0,500,0.6,1000,0.2,1400,0.2,1
11,4,14525,2,10,5,0,300,0.5,572,0.32,486,0.18,1
11,5,8579,0,0,500,0.6,1000,0.2,1400,0.2,1
11,6,6195,0,0,500,0.6,1000,0.2,1400,0.2,1
11,7,8235,2,10,5,0,300,0.5,572,0.32,486,0.18,1
11,8,11989,1,0,666,0.42,420,0.58,1
11,9,9629,2,10,5,0,666,0.42,420,0.58,1
11,10,5812,2,10,5,0,500,0.6,1000,0.2,1400,0.2,1
11,11,4335,1,0,300,0.5,572,0.32,486,0.18,1
