0,0,14736,2,10,5,0,500,0.6,1000,0.2,1400,0.2,1
0,1,9270,1,0,666,0.42,420,0.58,1
0,2,1161,0,0,300,0.5,572,0.32,486,0.18,1
0,3,8610,1,0,300,0.5,1700,0.5,1
0,4,14394,0,0,666,0.42,420,0.58,1
0,5,2572,2,10,5,0,300,0.5,1700,0.5,1
0,6,9849,1,0,500,0.6,1000,0.2,1400,0.2,1
0,7,12785,2,10,5,0,666,0.42,420,0.58,1
0,8,10482,0,0,300,0.5,572,0.32,486,0.18,1
0,9,6008,1,0,500,0.6,1000,0.2,1400,0.2,1
0,10,499,0,0,300,0.5,572,0.32,486,0.18,1
0,11,368,2,10,5,0,666,0.42,420,0.58,1
1,0,10363,0,0,500,0.6,1000,0.2,1400,0.2,1
1,1,4251,1,0,500,0.6,1000,0.2,1400,0.2,1
1,2,4425,1,0,300,0.5,572,0.32,486,0.18,0
1,3,2882,0,0,300,0.5,572,0.32,486,0.18,1
1,4,1386,0,0,300,0.5,1700,0.5,1
1,5,6318,0,0,666,0.42,420,0.58,1
1,6,2954,0,0,500,0.6,1000,0.2,1400,0.2,1
1,7,9063,0,0,300,0.5,572,0.32,486,0.18,1
1,8,13559,0,0,300,0.5,572,0.32,486,0.18,1
1,9,9429,2,10,5,0,300,0.5,1700,0.5,1
1,10,5188,0,0,500,0.6,1000,0.2,1400,0.2,1
1,11,14881,2,10,5,0,500,0.6,1000,0.2,1400,0.2,1
2,0,8526,2,10,5,0,666,0.42,420,0.58,1
2,1,8671,0,0,666,0.42,420,0.58,1
2,2,7408,1,0,500,0.6,1000,0.2,1400,0.2,1
2,3,8682,1,0,666,0.42,420,0.58,1
2,4,2234,1,0,300,0.5,1700,0.5,1
2,5,14126,0,0,666,0.42,420,0.58,1
2,6,9064,0,0,666,0.42,420,0.58,1
2,7,6625,1,0,500,0.6,1000,0.2,1400,0.2,1
2,8,2792,1,0,666,0.42,420,0.58,1
2,9,1549,2,10,5,0,666,0.42,420,0.58,1
2,10,10018,0,0,500,0.6,1000,0.2,1400,0.2,1
2,11,368,0,0,500,0.6,1000,0.2,1400,0.2,1
3,0,10856,0,0,300,0.5,572,0.32,486,0.18,1
3,1,9597,2,10,5,0,300,0.5,572,0.32,486,0.18,1
3,2,2224,1,0,666,0.42,420,0.58,1
3,3,14496,1,0,300,0.5,1700,0.5,1
3,4,13282,1,0,300,0.5,572,0.32,486,0.18,1
3,5,4627,2,10,5,0,300,0.5,572,0.32,486,0.18,1
3,6,8190,0,0,300,0.5,572,0.32,486,0.18,1
3,7,2656,1,0,300,0.5,572,0.32,486,0.18,1
3,8,12388,1,0,666,0.42,420,0.58,1
3,9,5254,0,0,500,0.6,1000,0.2,1400,0.2,1
3,10,9071,1,0,300,0.5,572,0.32,486,0.18,1
3,11,133,2,10,5,0,500,0.6,1000,0.2,1400,0.2,1
4,0,4055,1,0,666,0.42,420,0.58,1
4,1,10778,2,10,5,0,300,0.5,1700,0.5,1
4,2,13406,2,10,5,0,666,0.42,420,0.58,1
4,3,3688,0,0,500,0.6,1000,0.2,1400,0.2,1
4,4,5540,1,0,300,0.5,572,0.32,486,0.18,1
4,5,3395,0,0,300,0.5,572,0.32,486,0.18,1
4,6,11352,2,10,5,0,500,0.6,1000,0.2,1400,0.2,1
4,7,14688,0,0,500,0.6,1000,0.2,1400,0.2,1
4,8,6353,0,0,666,0.42,420,0.58,1
4,9,951,0,0,666,0.42,420,0.58,1
4,10,6218,2,10,5,0,300,0.5,572,0.32,486,0.18,1
4,11,5471,0,0,500,0.6,1000,0.2,1400,0.2,1
5,0,9125,0,0,500,0.6,1000,0.2,1400,0.2,1
5,1,2360,1,0,300,0.5,1700,0.5,1
5,2,3234,0,0,500,0.6,1000,0.2,1400,0.2,1
5,3,12851,0,0,300,0.5,1700,0.5,1
5,4,14776,1,0,666,0.42,420,0.58,1
5,5,2315,0,0,300,0.5,1700,0.5,1
5,6,816,1,0,300,0.5,1700,0.5,1
5,7,3846,2,10,5,0,500,0.6,1000,0.2,1400,0.2,1
5,8,6472,2,10,5,0,666,0.42,420,0.58,1
5,9,7067,2,10,5,0,300,0.5,572,0.32,486,0.18,1
5,10,14380,2,10,5,0,300,0.5,572,0.32,486,0.18,1
5,11,1674,2,10,5,0,300,0.5,572,0.32,486,0.18,1
6,0,3695,1,0,300,0.5,1700,0.5,1
6,1,416,0,0,666,0.42,420,0.58,1
6,2,6475,2,10,5,0,500,0.6,1000,0.2,1400,0.2,1
6,3,997,2,10,5,0,666,0.42,420,0.58,1
6,4,6683,1,0,666,0.42,420,0.58,1
6,5,5466,1,0,500,0.6,1000,0.2,1400,0.2,1
6,6,9413,1,0,500,0.6,1000,0.2,1400,0.2,1
6,7,5063,2,10,5,0,500,0.6,1000,0.2,1400,0.2,1
6,8,347,2,10,5,0,500,0.6,1000,0.2,1400,0.2,1
6,9,7054,1,0,300,0.5,572,0.32,486,0.18,1
6,10,8181,0,0,300,0.5,1700,0.5,1
6,11,5556,0,0,666,0.42,420,0.58,1
7,0,7998,0,0,300,0.5,572,0.32,486,0.18,1
7,1,850,2,10,5,0,300,0.5,572,0.32,486,0.18,1
7,2,6650,2,10,5,0,300,0.5,572,0.32,486,0.18,1
7,3,13839,0,0,300,0.5,1700,0.5,1
7,4,7852,1,0,300,0.5,572,0.32,486,0.18,1
7,5,11460,0,0,300,0.5,572,0.32,486,0.18,1
7,6,11364,1,0,500,0.6,1000,0.2,1400,0.2,1
7,7,6838,2,10,5,0,300,0.5,1700,0.5,1
7,8,2842,0,0,300,0.5,1700,0.5,1
7,9,4617,1,0,500,0.6,1000,0.2,1400,0.2,1
7,10,648,0,0,300,0.5,1700,0.5,1
7,11,8320,1,0,300,0.5,1700,0.5,1
8,0,14220,2,10,5,0,500,0.6,1000,0.2,1400,0.2,1
8,1,12416,0,0,500,0.6,1000,0.2,1400,0.2,1
8,2,8166,2,10,5,0,666,0.42,420,0.58,1
8,3,7926,1,0,666,0.42,420,0.58,1
8,4,9612,0,0,300,0.5,1700,0.5,1
8,5,3738,0,0,666,0.42,420,0.58,1
8,6,2081,0,0,300,0.5,1700,0.5,1
8,7,13317,1,0,300,0.5,572,0.32,486,0.18,1
8,8,9013,1,0,500,0.6,1000,0.2,1400,0.2,1
8,9,5664,1,0,300,0.5,572,0.32,486,0.18,1
8,10,490,0,0,500,0.6,1000,0.2,1400,0.2,1
8,11,3385,1,0,666,0.42,420,0.58,1
9,0,5477,2,10,5,0,666,0.42,420,0.58,1
9,1,3165,0,0,500,0.6,1000,0.2,1400,0.2,1
9,2,12074,2,10,5,0,666,0.42,420,0.58,1
9,3,1852,1,0,666,0.42,420,0.58,1
9,4,4828,2,10,5,0,666,0.42,420,0.58,1
9,5,6905,1,0,666,0.42,420,0.58,1
9,6,283,1,0,666,0.42,420,0.58,1
9,7,4814,0,0,300,0.5,572,0.32,486,0.18,1
9,8,380,2,10,5,0,300,0.5,1700,0.5,1
9,9,12608,0,0,300,0.5,572,0.32,486,0.18,1
9,10,11666,1,0,500,0.6,1000,0.2,1400,0.2,1
9,11,12281,0,0,300,0.5,572,0.32,486,0.18,1
10,0,13540,0,0,300,0.5,572,0.32,486,0.18,1
10,1,14847,2,10,5,0,666,0.42,420,0.58,1
10,2,11583,0,0,666,0.42,420,0.58,1
10,3,14235,2,10,5,0,300,0.5,1700,0.5,1
10,4,10914,1,0,500,0.6,1000,0.2,1400,0.2,1
10,5,3965,1,0,500,0.6,1000,0.2,1400,0.2,1
10,6,12477,1,0,666,0.42,420,0.58,1
10,7,8920,1,0,666,0.42,420,0.58,1
10,8,13682,2,10,5,0,500,0.6,1000,0.2,1400,0.2,1
10,9,8493,1,0,666,0.42,420,0.58,1
10,10,149,0,0,300,0.5,572,0.32,486,0.18,1
10,11,10774,2,10,5,0,500,0.6,1000,0.2,1400,0.2,1
11,0,3440,2,10,5,0,500,0.6,1000,0.2,1400,0.2,1
11,1,4774,1,0,300,0.5,1700,0.5,1
11,2,10837,2,10,5,0,500,0.6,1000,0.2,1400,0.2,1
11,3,10110,0,0,300,0.5,1700,0.5,1
11,4,10974,0,0,500,0.6,1000,0.2,1400,0.2,1
11,5,13006,1,0,300,0.5,1700,0.5,1
11,6,13935,0,0,300,0.5,572,0.32,486,0.18,1
11,7,5280,0,0,666,0.42,420,0.58,1
11,8,8877,2,10,5,0,500,0.6,1000,0.2,1400,0.2,1
11,9,12261,1,0,300,0.5,572,0.32,486,0.18,1
11,10,14382,0,0,666,0.42,420,0.58,1
11,11,6117,2,10,5,0,666,0.42,420,0.58,1
