0,0,477,2,10,5,0,300,0.5,572,0.32,486,0.18,1
0,1,2610,1,0,666,0.42,420,0.58,1
0,2,6224,2,10,5,0,500,0.6,1000,0.2,1400,0.2,1
0,3,5342,0,0,300,0.5,1700,0.5,1
0,4,11179,1,0,300,0.5,572,0.32,486,0.18,1
0,5,4357,2,10,5,0,300,0.5,1700,0.5,1
0,6,12411,1,0,500,0.6,1000,0.2,1400,0.2,1
0,7,10194,1,0,300,0.5,1700,0.5,1
0,8,169,1,0,300,0.5,1700,0.5,1
0,9,8453,1,0,500,0.6,1000,0.2,1400,0.2,1
0,10,8090,0,0,500,0.6,1000,0.2,1400,0.2,1
0,11,1294,2,10,5,0,500,0.6,1000,0.2,1400,0.2,1
1,0,9654,0,0,500,0.6,1000,0.2,1400,0.2,1
1,1,1514,2,10,5,0,300,0.5,1700,0.5,1
1,2,12540,1,0,500,0.6,1000,0.2,1400,0.2,0
1,3,9681,0,0,666,0.42,420,0.58,1
1,4,3831,1,0,666,0.42,420,0.58,1
1,5,4815,1,0,500,0.6,1000,0.2,1400,0.2,1
1,6,3789,1,0,300,0.5,572,0.32,486,0.18,1
1,7,12131,0,0,500,0.6,1000,0.2,1400,0.2,1
1,8,14117,1,0,666,0.42,420,0.58,1
1,9,11668,2,10,5,0,500,0.6,1000,0.2,1400,0.2,1
1,10,3385,1,0,300,0.5,1700,0.5,1
1,11,11994,2,10,5,0,300,0.5,572,0.32,486,0.18,1
2,0,2323,2,10,5,0,300,0.5,572,0.32,486,0.18,1
2,1,3879,2,10,5,0,666,0.42,420,0.58,1
2,2,2314,0,0,500,0.6,1000,0.2,1400,0.2,1
2,3,9443,1,0,500,0.6,1000,0.2,1400,0.2,1
2,4,13781,2,10,5,0,666,0.42,420,0.58,1
2,5,12790,0,0,500,0.6,1000,0.2,1400,0.2,1
2,6,1989,0,0,500,0.6,1000,0.2,1400,0.2,1
2,7,14048,1,0,500,0.6,1000,0.2,1400,0.2,1
2,8,6685,0,0,500,0.6,1000,0.2,1400,0.2,1
2,9,2422,1,0,666,0.42,420,0.58,1
2,10,10233,2,10,5,0,300,0.5,572,0.32,486,0.18,1
2,11,3672,0,0,300,0.5,572,0.32,486,0.18,1
3,0,193,0,0,666,0.42,420,0.58,1
3,1,6874,2,10,5,0,666,0.42,420,0.58,1
3,2,11013,0,0,300,0.5,572,0.32,486,0.18,1
3,3,5595,0,0,300,0.5,1700,0.5,1
3,4,14258,2,10,5,0,300,0.5,1700,0.5,1
3,5,7126,1,0,500,0.6,1000,0.2,1400,0.2,1
3,6,8365,1,0,500,0.6,1000,0.2,1400,0.2,1
3,7,11676,1,0,500,0.6,1000,0.2,1400,0.2,1
3,8,9937,1,0,666,0.42,420,0.58,1
3,9,11204,0,0,300,0.5,1700,0.5,1
3,10,924,2,10,5,0,500,0.6,1000,0.2,1400,0.2,1
3,11,14365,1,0,500,0.6,1000,0.2,1400,0.2,1
4,0,8208,0,0,300,0.5,572,0.32,486,0.18,1
4,1,5000,0,0,300,0.5,1700,0.5,1
4,2,12549,2,10,5,0,300,0.5,572,0.32,486,0.18,1
4,3,922,2,10,5,0,300,0.5,572,0.32,486,0.18,1
4,4,9112,0,0,666,0.42,420,0.58,1
4,5,13864,1,0,666,0.42,420,0.58,1
4,6,4148,0,0,300,0.5,1700,0.5,1
4,7,3337,0,0,666,0.42,420,0.58,1
4,8,4436,1,0,300,0.5,1700,0.5,1
4,9,8112,2,10,5,0,300,0.5,572,0.32,486,0.18,1
4,10,5675,2,10,5,0,300,0.5,1700,0.5,1
4,11,9774,1,0,666,0.42,420,0.58,1
5,0,1041,1,0,300,0.5,1700,0.5,1
5,1,14940,2,10,5,0,500,0.6,1000,0.2,1400,0.2,1
5,2,3546,1,0,666,0.42,420,0.58,1
5,3,28,1,0,300,0.5,1700,0.5,1
5,4,11624,0,0,300,0.5,1700,0.5,1
5,5,14419,1,0,500,0.6,1000,0.2,1400,0.2,1
5,6,13351,0,0,500,0.6,1000,0.2,1400,0.2,1
5,7,13197,1,0,500,0.6,1000,0.2,1400,0.2,1
5,8,8083,0,0,300,0.5,1700,0.5,1
5,9,1547,0,0,300,0.5,572,0.32,486,0.18,1
5,10,14910,0,0,500,0.6,1000,0.2,1400,0.2,1
5,11,1605,2,10,5,0,300,0.5,1700,0.5,1
6,0,11941,0,0,300,0.5,1700,0.5,1
6,1,12046,2,10,5,0,300,0.5,572,0.32,486,0.18,1
6,2,12035,2,10,5,0,300,0.5,572,0.32,486,0.18,1
6,3,3686,1,0,500,0.6,1000,0.2,1400,0.2,1
6,4,4967,0,0,300,0.5,1700,0.5,1
6,5,1926,2,10,5,0,300,0.5,572,0.32,486,0.18,1
6,6,9877,1,0,500,0.6,1000,0.2,1400,0.2,1
6,7,5024,0,0,500,0.6,1000,0.2,1400,0.2,1
6,8,1214,0,0,300,0.5,572,0.32,486,0.18,1
6,9,3327,0,0,300,0.5,1700,0.5,1
6,10,2088,0,0,500,0.6,1000,0.2,1400,0.2,1
6,11,10820,2,10,5,0,300,0.5,572,0.32,486,0.18,1
7,0,5191,2,10,5,0,300,0.5,572,0.32,486,0.18,1
7,1,10721,1,0,666,0.42,420,0.58,1
7,2,3280,2,10,5,0,500,0.6,1000,0.2,1400,0.2,1
7,3,4521,0,0,300,0.5,1700,0.5,1
7,4,10272,0,0,300,0.5,1700,0.5,1
7,5,8261,1,0,500,0.6,1000,0.2,1400,0.2,1
7,6,4578,0,0,500,0.6,1000,0.2,1400,0.2,1
7,7,12258,2,10,5,0,300,0.5,572,0.32,486,0.18,1
7,8,1543,1,0,666,0.42,420,0.58,1
7,9,10685,2,10,5,0,300,0.5,1700,0.5,1
7,10,7391,1,0,666,0.42,420,0.58,1
7,11,4082,1,0,500,0.6,1000,0.2,1400,0.2,1
8,0,12466,0,0,666,0.42,420,0.58,1
8,1,10484,2,10,5,0,300,0.5,1700,0.5,1
8,2,9245,2,10,5,0,500,0.6,1000,0.2,1400,0.2,1
8,3,5781,2,10,5,0,666,0.42,420,0.58,1
8,4,6800,2,10,5,0,666,0.42,420,0.58,1
8,5,10025,2,10,5,0,300,0.5,1700,0.5,1
8,6,6870,2,10,5,0,300,0.5,572,0.32,486,0.18,1
8,7,5720,2,10,5,0,300,0.5,1700,0.5,1
8,8,2010,1,0,500,0.6,1000,0.2,1400,0.2,1
8,9,14267,2,10,5,0,300,0.5,1700,0.5,1
8,10,5100,0,0,300,0.5,572,0.32,486,0.18,1
8,11,3694,2,10,5,0,300,0.5,572,0.32,486,0.18,1
9,0,1170,1,0,500,0.6,1000,0.2,1400,0.2,1
9,1,6090,0,0,300,0.5,1700,0.5,1
9,2,2880,2,10,5,0,300,0.5,1700,0.5,1
9,3,1323,0,0,300,0.5,572,0.32,486,0.18,1
9,4,869,1,0,300,0.5,572,0.32,486,0.18,1
9,5,7882,0,0,500,0.6,1000,0.2,1400,0.2,1
9,6,9474,1,0,300,0.5,1700,0.5,1
9,7,14732,1,0,500,0.6,1000,0.2,1400,0.2,1
9,8,5321,1,0,666,0.42,420,0.58,1
9,9,12033,0,0,300,0.5,1700,0.5,1
9,10,5815,1,0,300,0.5,1700,0.5,1
9,11,2991,1,0,500,0.6,1000,0.2,1400,0.2,1
10,0,738,1,0,300,0.5,572,0.32,486,0.18,1
10,1,5718,1,0,300,0.5,572,0.32,486,0.18,1
10,2,1073,2,10,5,0,300,0.5,572,0.32,486,0.18,1
10,3,13142,0,0,666,0.42,420,0.58,1
10,4,12924,1,0,666,0.42,420,0.58,1
10,5,11875,1,0,666,0.42,420,0.58,1
10,6,8519,2,10,5,0,300,0.5,572,0.32,486,0.18,1
10,7,1765,0,0,666,0.42,420,0.58,1
10,8,7531,1,0,500,0.6,1000,0.2,1400,0.2,1
10,9,13861,2,10,5,0,500,0.6,1000,0.2,1400,0.2,1
10,10,10627,2,10,5,0,666,0.42,420,0.58,1
10,11,630,0,0,300,0.5,1700,0.5,1
11,0,5251,2,10,5,0,500,0.6,1000,0.2,1400,0.2,1
11,1,12985,0,0,300,0.5,1700,0.5,1
11,2,12022,1,0,500,0.6,1000,0.2,1400,0.2,1
11,3,14080,1,0,300,0.5,572,0.32,486,0.18,1
11,4,5800,0,0,666,0.42,420,0.58,1
11,5,9266,0,0,666,0.42,420,0.58,1
11,6,9626,0,0,300,0.5,572,0.32,486,0.18,1
11,7,14620,0,0,300,0.5,572,0.32,486,0.18,1
11,8,9409,2,10,5,0,300,0.5,1700,0.5,1
11,9,13886,1,0,666,0.42,420,0.58,1
11,10,5234,0,0,300,0.5,1700,0.5,1
11,11,8188,1,0,300,0.5,1700,0.5,1
