0,0,3890,0,0,500,0.6,1000,0.2,1400,0.2,1
0,1,13921,2,10,5,0,666,0.42,420,0.58,1
0,2,8882,0,0,500,0.6,1000,0.2,1400,0.2,1
0,3,3147,0,0,666,0.42,420,0.58,1
0,4,7449,1,0,666,0.42,420,0.58,1
0,5,4012,1,0,500,0.6,1000,0.2,1400,0.2,1
0,6,5787,2,10,5,0,300,0.5,572,0.32,486,0.18,1
0,7,12586,0,0,300,0.5,572,0.32,486,0.18,1
0,8,13922,0,0,300,0.5,1700,0.5,1
0,9,12922,0,0,300,0.5,1700,0.5,1
0,10,9670,2,10,5,0,300,0.5,572,0.32,486,0.18,1
0,11,13252,0,0,300,0.5,572,0.32,486,0.18,1
1,0,1986,2,10,5,0,300,0.5,1700,0.5,1
1,1,10558,0,0,300,0.5,1700,0.5,1
1,2,7722,1,0,666,0.42,420,0.58,0
1,3,8443,1,0,300,0.5,1700,0.5,1
1,4,10098,2,10,5,0,500,0.6,1000,0.2,1400,0.2,1
1,5,11388,2,10,5,0,666,0.42,420,0.58,1
1,6,3693,1,0,300,0.5,1700,0.5,1
1,7,11249,2,10,5,0,500,0.6,1000,0.2,1400,0.2,1
1,8,1643,2,10,5,0,666,0.42,420,0.58,1
1,9,11600,2,10,5,0,300,0.5,1700,0.5,1
1,10,14379,0,0,666,0.42,420,0.58,1
1,11,10124,0,0,300,0.5,1700,0.5,1
2,0,3037,2,10,5,0,300,0.5,1700,0.5,1
2,1,4549,2,10,5,0,666,0.42,420,0.58,1
2,2,3050,2,10,5,0,300,0.5,1700,0.5,1
2,3,12142,0,0,300,0.5,1700,0.5,1
2,4,3891,2,10,5,0,300,0.5,572,0.32,486,0.18,1
2,5,13193,2,10,5,0,500,0.6,1000,0.2,1400,0.2,1
2,6,9550,0,0,300,0.5,1700,0.5,1
2,7,4900,1,0,300,0.5,1700,0.5,1
2,8,12818,1,0,500,0.6,1000,0.2,1400,0.2,1
2,9,7266,1,0,500,0.6,1000,0.2,1400,0.2,1
2,10,7873,1,0,300,0.5,1700,0.5,1
2,11,13863,1,0,300,0.5,1700,0.5,1
3,0,3152,1,0,666,0.42,420,0.58,1
3,1,12159,0,0,666,0.42,420,0.58,1
3,2,5426,2,10,5,0,666,0.42,420,0.58,1
3,3,9753,2,10,5,0,666,0.42,420,0.58,1
3,4,12438,1,0,300,0.5,572,0.32,486,0.18,1
3,5,13507,2,10,5,0,300,0.5,1700,0.5,1
3,6,2831,0,0,300,0.5,1700,0.5,1
3,7,1641,1,0,500,0.6,1000,0.2,1400,0.2,1
3,8,14897,2,10,5,0,500,0.6,1000,0.2,1400,0.2,1
3,9,2784,1,0,300,0.5,572,0.32,486,0.18,1
3,10,4452,0,0,300,0.5,572,0.32,486,0.18,1
3,11,8633,0,0,500,0.6,1000,0.2,1400,0.2,1
4,0,13210,2,10,5,0,300,0.5,1700,0.5,1
4,1,7912,0,0,500,0.6,1000,0.2,1400,0.2,1
4,2,11635,1,0,300,0.5,1700,0.5,1
4,3,223,1,0,500,0.6,1000,0.2,1400,0.2,1
4,4,12774,1,0,300,0.5,1700,0.5,1
4,5,12927,0,0,500,0.6,1000,0.2,1400,0.2,1
4,6,10755,0,0,300,0.5,572,0.32,486,0.18,1
4,7,10592,0,0,500,0.6,1000,0.2,1400,0.2,1
4,8,654,0,0,300,0.5,572,0.32,486,0.18,1
4,9,548,2,10,5,0,300,0.5,572,0.32,486,0.18,1
4,10,7171,1,0,500,0.6,1000,0.2,1400,0.2,1
4,11,10363,1,0,300,0.5,572,0.32,486,0.18,1
5,0,8881,2,10,5,0,666,0.42,420,0.58,1
5,1,5896,2,10,5,0,500,0.6,1000,0.2,1400,0.2,1
5,2,3299,2,10,5,0,300,0.5,572,0.32,486,0.18,1
5,3,9838,1,0,500,0.6,1000,0.2,1400,0.2,1
5,4,433,0,0,666,0.42,420,0.58,1
5,5,13912,2,10,5,0,300,0.5,1700,0.5,1
5,6,5691,0,0,300,0.5,1700,0.5,1
5,7,5590,2,10,5,0,300,0.5,1700,0.5,1
5,8,10793,2,10,5,0,666,0.42,420,0.58,1
5,9,13798,2,10,5,0,300,0.5,1700,0.5,1
5,10,10543,2,10,5,0,500,0.6,1000,0.2,1400,0.2,1
5,11,11958,0,0,666,0.42,420,0.58,1
6,0,6604,0,0,300,0.5,572,0.32,486,0.18,1
6,1,3029,2,10,5,0,666,0.42,420,0.58,1
6,2,10072,1,0,300,0.5,1700,0.5,1
6,3,11223,2,10,5,0,300,0.5,572,0.32,486,0.18,1
6,4,6048,0,0,300,0.5,572,0.32,486,0.18,1
6,5,13263,2,10,5,0,666,0.42,420,0.58,1
6,6,4938,1,0,300,0.5,572,0.32,486,0.18,1
6,7,470,2,10,5,0,666,0.42,420,0.58,1
6,8,2164,1,0,300,0.5,572,0.32,486,0.18,1
6,9,3536,0,0,666,0.42,420,0.58,1
6,10,4681,2,10,5,0,500,0.6,1000,0.2,1400,0.2,1
6,11,2135,2,10,5,0,300,0.5,572,0.32,486,0.18,1
7,0,10344,0,0,500,0.6,1000,0.2,1400,0.2,1
7,1,7138,0,0,300,0.5,572,0.32,486,0.18,1
7,2,5840,1,0,500,0.6,1000,0.2,1400,0.2,1
7,3,2234,2,10,5,0,300,0.5,572,0.32,486,0.18,1
7,4,12543,1,0,500,0.6,1000,0.2,1400,0.2,1
7,5,10983,2,10,5,0,300,0.5,1700,0.5,1
7,6,2213,1,0,300,0.5,572,0.32,486,0.18,1
7,7,10116,0,0,500,0.6,1000,0.2,1400,0.2,1
7,8,2560,2,10,5,0,666,0.42,420,0.58,1
7,9,12548,2,10,5,0,666,0.42,420,0.58,1
7,10,8588,0,0,666,0.42,420,0.58,1
7,11,6917,1,0,300,0.5,1700,0.5,1
8,0,2706,1,0,300,0.5,1700,0.5,1
8,1,2361,0,0,666,0.42,420,0.58,1
8,2,14957,2,10,5,0,300,0.5,572,0.32,486,0.18,1
8,3,7194,1,0,500,0.6,1000,0.2,1400,0.2,1
8,4,8125,1,0,500,0.6,1000,0.2,1400,0.2,1
8,5,6420,0,0,666,0.42,420,0.58,1
8,6,2458,1,0,666,0.42,420,0.58,1
8,7,7703,2,10,5,0,500,0.6,1000,0.2,1400,0.2,1
8,8,10388,1,0,500,0.6,1000,0.2,1400,0.2,1
8,9,5992,0,0,300,0.5,572,0.32,486,0.18,1
8,10,11419,0,0,500,0.6,1000,0.2,1400,0.2,1
8,11,12435,1,0,500,0.6,1000,0.2,1400,0.2,1
9,0,3808,0,0,500,0.6,1000,0.2,1400,0.2,1
9,1,9759,0,0,500,0.6,1000,0.2,1400,0.2,1
9,2,8084,1,0,300,0.5,1700,0.5,1
9,3,5205,2,10,5,0,300,0.5,572,0.32,486,0.18,1
9,4,14056,2,10,5,0,300,0.5,1700,0.5,1
9,5,14307,1,0,300,0.5,1700,0.5,1
9,6,9731,0,0,300,0.5,1700,0.5,1
9,7,5161,1,0,666,0.42,420,0.58,1
9,8,1570,1,0,300,0.5,572,0.32,486,0.18,1
9,9,3187,1,0,300,0.5,1700,0.5,1
9,10,14643,2,10,5,0,500,0.6,1000,0.2,1400,0.2,1
9,11,6114,0,0,300,0.5,572,0.32,486,0.18,1
10,0,6452,0,0,300,0.5,1700,0.5,1
10,1,1289,2,10,5,0,500,0.6,1000,0.2,1400,0.2,1
10,2,3222,1,0,500,0.6,1000,0.2,1400,0.2,1
10,3,10644,1,0,300,0.5,1700,0.5,1
10,4,3860,1,0,666,0.42,420,0.58,1
10,5,4544,1,0,300,0.5,572,0.32,486,0.18,1
10,6,10647,1,0,666,0.42,420,0.58,1
10,7,14783,2,10,5,0,300,0.5,572,0.32,486,0.18,1
10,8,5991,0,0,500,0.6,1000,0.2,1400,0.2,1
10,9,3814,0,0,666,0.42,420,0.58,1
10,10,5361,2,10,5,0,300,0.5,572,0.32,486,0.18,1
10,11,7193,2,10,5,0,300,0.5,572,0.32,486,0.18,1
11,0,1176,2,10,5,0,300,0.5,572,0.32,486,0.18,1
11,1,13107,2,10,5,0,300,0.5,572,0.32,486,0.18,1
11,2,6291,1,0,300,0.5,572,0.32,486,0.18,1
11,3,100,1,0,300,0.5,1700,0.5,1
11,4,14096,0,0,300,0.5,1700,0.5,1
11,5,12810,1,0,300,0.5,1700,0.5,1
11,6,5771,1,0,300,0.5,1700,0.5,1
11,7,3215,0,0,500,0.6,1000,0.2,1400,0.2,1
11,8,14514,0,0,300,0.5,1700,0.5,1
11,9,893,1,0,666,0.42,420,0.58,1
11,10,13428,1,0,300,0.5,1700,0.5,1
11,11,5239,0,0,300,0.5,572,0.32,486,0.18,1
