0,0,12969,2,10,5,0,666,0.42,420,0.58,1
0,1,13667,1,0,666,0.42,420,0.58,1
0,2,4530,1,0,300,0.5,1700,0.5,1
0,3,12905,1,0,300,0.5,1700,0.5,1
0,4,11114,1,0,300,0.5,1700,0.5,1
0,5,10019,0,0,500,0.6,1000,0.2,1400,0.2,1
0,6,1298,2,10,5,0,500,0.6,1000,0.2,1400,0.2,1
0,7,3873,1,0,300,0.5,572,0.32,486,0.18,1
0,8,4498,0,0,300,0.5,572,0.32,486,0.18,1
0,9,12614,2,10,5,0,666,0.42,420,0.58,1
0,10,6891,1,0,500,0.6,1000,0.2,1400,0.2,1
0,11,9422,0,0,300,0.5,572,0.32,486,0.18,1
1,0,7975,2,10,5,0,300,0.5,572,0.32,486,0.18,1
1,1,10220,0,0,666,0.42,420,0.58,1
1,2,2113,1,0,500,0.6,1000,0.2,1400,0.2,0
1,3,14193,2,10,5,0,300,0.5,1700,0.5,1
1,4,9760,1,0,666,0.42,420,0.58,1
1,5,14434,2,10,5,0,666,0.42,420,0.58,1
1,6,4068,1,0,300,0.5,572,0.32,486,0.18,1
1,7,567,0,0,666,0.42,420,0.58,1
1,8,5065,1,0,500,0.6,1000,0.2,1400,0.2,1
1,9,9219,1,0,300,0.5,1700,0.5,1
1,10,7432,1,0,300,0.5,572,0.32,486,0.18,1
1,11,6841,1,0,666,0.42,420,0.58,1
2,0,9088,0,0,500,0.6,1000,0.2,1400,0.2,1
2,1,4586,1,0,500,0.6,1000,0.2,1400,0.2,1
2,2,10413,2,10,5,0,300,0.5,572,0.32,486,0.18,1
2,3,12374,1,0,666,0.42,420,0.58,1
2,4,6036,1,0,300,0.5,572,0.32,486,0.18,1
2,5,9098,2,10,5,0,300,0.5,1700,0.5,1
2,6,12930,2,10,5,0,500,0.6,1000,0.2,1400,0.2,1
2,7,990,2,10,5,0,300,0.5,1700,0.5,1
2,8,4012,2,10,5,0,666,0.42,420,0.58,1
2,9,8140,1,0,500,0.6,1000,0.2,1400,0.2,1
2,10,9464,2,10,5,0,500,0.6,1000,0.2,1400,0.2,1
2,11,6690,1,0,500,0.6,1000,0.2,1400,0.2,1
3,0,2863,2,10,5,0,666,0.42,420,0.58,1
3,1,3804,2,10,5,0,500,0.6,1000,0.2,1400,0.2,1
3,2,12355,0,0,666,0.42,420,0.58,1
3,3,11186,0,0,300,0.5,572,0.32,486,0.18,1
3,4,14387,1,0,500,0.6,1000,0.2,1400,0.2,1
3,5,5022,0,0,500,0.6,1000,0.2,1400,0.2,1
3,6,3311,0,0,500,0.6,1000,0.2,1400,0.2,1
3,7,6001,1,0,500,0.6,1000,0.2,1400,0.2,1
3,8,12940,2,10,5,0,500,0.6,1000,0.2,1400,0.2,1
3,9,8179,2,10,5,0,500,0.6,1000,0.2,1400,0.2,1
3,10,9261,0,0,666,0.42,420,0.58,1
3,11,330,0,0,300,0.5,572,0.32,486,0.18,1
4,0,3088,2,10,5,0,666,0.42,420,0.58,1
4,1,11048,0,0,500,0.6,1000,0.2,1400,0.2,1
4,2,13154,2,10,5,0,300,0.5,572,0.32,486,0.18,1
4,3,11048,0,0,300,0.5,572,0.32,486,0.18,1
4,4,4459,1,0,300,0.5,1700,0.5,1
4,5,13665,0,0,300,0.5,572,0.32,486,0.18,1
4,6,9612,2,10,5,0,666,0.42,420,0.58,1
4,7,3857,2,10,5,0,300,0.5,572,0.32,486,0.18,1
4,8,8178,0,0,300,0.5,1700,0.5,1
4,9,9087,2,10,5,0,300,0.5,572,0.32,486,0.18,1
4,10,1355,0,0,300,0.5,572,0.32,486,0.18,1
4,11,3370,0,0,500,0.6,1000,0.2,1400,0.2,1
5,0,2958,2,10,5,0,300,0.5,572,0.32,486,0.18,1
5,1,11386,0,0,300,0.5,1700,0.5,1
5,2,3348,1,0,300,0.5,1700,0.5,1
5,3,11631,2,10,5,0,666,0.42,420,0.58,1
5,4,2864,2,10,5,0,300,0.5,1700,0.5,1
5,5,6957,0,0,300,0.5,572,0.32,486,0.18,1
5,6,14369,1,0,300,0.5,1700,0.5,1
5,7,1060,2,10,5,0,666,0.42,420,0.58,1
5,8,12998,1,0,666,0.42,420,0.58,1
5,9,3865,1,0,666,0.42,420,0.58,1
5,10,14743,0,0,500,0.6,1000,0.2,1400,0.2,1
5,11,14101,0,0,500,0.6,1000,0.2,1400,0.2,1
6,0,7477,1,0,300,0.5,572,0.32,486,0.18,1
6,1,9325,2,10,5,0,300,0.5,1700,0.5,1
6,2,11666,2,10,5,0,300,0.5,1700,0.5,1
6,3,13142,0,0,666,0.42,420,0.58,1
6,4,8542,1,0,500,0.6,1000,0.2,1400,0.2,1
6,5,6527,2,10,5,0,500,0.6,1000,0.2,1400,0.2,1
6,6,8623,1,0,300,0.5,1700,0.5,1
6,7,13587,1,0,666,0.42,420,0.58,1
6,8,1059,0,0,666,0.42,420,0.58,1
6,9,3431,0,0,500,0.6,1000,0.2,1400,0.2,1
6,10,7630,1,0,300,0.5,572,0.32,486,0.18,1
6,11,5744,2,10,5,0,500,0.6,1000,0.2,1400,0.2,1
7,0,10157,1,0,300,0.5,572,0.32,486,0.18,1
7,1,3623,0,0,666,0.42,420,0.58,1
7,2,10463,1,0,500,0.6,1000,0.2,1400,0.2,1
7,3,14105,1,0,666,0.42,420,0.58,1
7,4,3524,0,0,666,0.42,420,0.58,1
7,5,2571,0,0,500,0.6,1000,0.2,1400,0.2,1
7,6,9936,2,10,5,0,300,0.5,1700,0.5,1
7,7,5411,2,10,5,0,300,0.5,572,0.32,486,0.18,1
7,8,13681,2,10,5,0,500,0.6,1000,0.2,1400,0.2,1
7,9,3500,2,10,5,0,300,0.5,572,0.32,486,0.18,1
7,10,1471,1,0,666,0.42,420,0.58,1
7,11,8880,2,10,5,0,300,0.5,1700,0.5,1
8,0,5659,1,0,300,0.5,1700,0.5,1
8,1,8499,0,0,666,0.42,420,0.58,1
8,2,5200,2,10,5,0,300,0.5,572,0.32,486,0.18,1
8,3,11645,2,10,5,0,666,0.42,420,0.58,1
8,4,2797,2,10,5,0,666,0.42,420,0.58,1
8,5,6058,0,0,500,0.6,1000,0.2,1400,0.2,1
8,6,8096,1,0,666,0.42,420,0.58,1
8,7,4343,1,0,300,0.5,1700,0.5,1
8,8,10267,2,10,5,0,300,0.5,1700,0.5,1
8,9,8244,0,0,300,0.5,1700,0.5,1
8,10,7934,2,10,5,0,666,0.42,420,0.58,1
8,11,2815,2,10,5,0,300,0.5,1700,0.5,1
9,0,12643,1,0,500,0.6,1000,0.2,1400,0.2,1
9,1,2465,2,10,5,0,300,0.5,572,0.32,486,0.18,1
9,2,7011,2,10,5,0,500,0.6,1000,0.2,1400,0.2,1
9,3,4968,2,10,5,0,500,0.6,1000,0.2,1400,0.2,1
9,4,11771,2,10,5,0,300,0.5,1700,0.5,1
9,5,8906,2,10,5,0,666,0.42,420,0.58,1
9,6,6729,1,0,666,0.42,420,0.58,1
9,7,1740,0,0,300,0.5,572,0.32,486,0.18,1
9,8,135,2,10,5,0,300,0.5,1700,0.5,1
9,9,3513,1,0,300,0.5,1700,0.5,1
9,10,1118,1,0,666,0.42,420,0.58,1
9,11,7055,2,10,5,0,500,0.6,1000,0.2,1400,0.2,1
10,0,1056,1,0,300,0.5,1700,0.5,1
10,1,9629,2,10,5,0,300,0.5,1700,0.5,1
10,2,2594,2,10,5,0,300,0.5,1700,0.5,1
10,3,1766,0,0,666,0.42,420,0.58,1
10,4,255,2,10,5,0,666,0.42,420,0.58,1
10,5,1456,0,0,300,0.5,1700,0.5,1
10,6,4918,2,10,5,0,300,0.5,1700,0.5,1
10,7,1514,2,10,5,0,666,0.42,420,0.58,1
10,8,10977,2,10,5,0,500,0.6,1000,0.2,1400,0.2,1
10,9,1233,2,10,5,0,300,0.5,1700,0.5,1
10,10,10144,0,0,300,0.5,572,0.32,486,0.18,1
10,11,13734,1,0,300,0.5,572,0.32,486,0.18,1
11,0,459,0,0,300,0.5,1700,0.5,1
11,1,498,1,0,300,0.5,572,0.32,486,0.18,1
11,2,10864,1,0,300,0.5,572,0.32,486,0.18,1
11,3,4989,1,0,666,0.42,420,0.58,1
11,4,9730,0,0,500,0.6,1000,0.2,1400,0.2,1
11,5,14572,2,10,5,0,500,0.6,1000,0.2,1400,0.2,1
11,6,4123,1,0,666,0.42,420,0.58,1
11,7,937,1,0,300,0.5,572,0.32,486,0.18,1
11,8,1756,1,0,300,0.5,572,0.32,486,0.18,1
11,9,838,2,10,5,0,500,0.6,1000,0.2,1400,0.2,1
11,10,8487,1,0,300,0.5,1700,0.5,1
11,11,2066,1,0,300,0.5,572,0.32,486,0.18,1
