0,0,3273,0,0,300,0.5,572,0.32,486,0.18,1
0,1,10553,2,10,5,0,300,0.5,572,0.32,486,0.18,1
0,2,2600,1,0,300,0.5,1700,0.5,1
0,3,13087,2,10,5,0,300,0.5,1700,0.5,1
0,4,1645,1,0,300,0.5,572,0.32,486,0.18,1
0,5,279,1,0,300,0.5,572,0.32,486,0.18,1
0,6,6890,1,0,500,0.6,1000,0.2,1400,0.2,1
0,7,1115,1,0,300,0.5,1700,0.5,1
0,8,11542,2,10,5,0,500,0.6,1000,0.2,1400,0.2,1
0,9,7710,1,0,300,0.5,1700,0.5,1
0,10,5818,1,0,500,0.6,1000,0.2,1400,0.2,1
0,11,11351,2,10,5,0,300,0.5,572,0.32,486,0.18,1
1,0,4647,2,10,5,0,500,0.6,1000,0.2,1400,0.2,1
1,1,4297,1,0,500,0.6,1000,0.2,1400,0.2,1
1,2,14298,0,0,300,0.5,1700,0.5,0
1,3,7381,0,0,300,0.5,1700,0.5,1
1,4,4873,0,0,500,0.6,1000,0.2,1400,0.2,1
1,5,2697,1,0,300,0.5,1700,0.5,1
1,6,10446,1,0,300,0.5,572,0.32,486,0.18,1
1,7,12151,0,0,666,0.42,420,0.58,1
1,8,4569,0,0,500,0.6,1000,0.2,1400,0.2,1
1,9,8407,1,0,666,0.42,420,0.58,1
1,10,11650,0,0,666,0.42,420,0.58,1
1,11,14238,0,0,666,0.42,420,0.58,1
2,0,7777,0,0,500,0.6,1000,0.2,1400,0.2,1
2,1,4651,2,10,5,0,666,0.42,420,0.58,1
2,2,5437,1,0,666,0.42,420,0.58,1
2,3,7826,2,10,5,0,300,0.5,1700,0.5,1
2,4,7205,0,0,666,0.42,420,0.58,1
2,5,6728,1,0,300,0.5,572,0.32,486,0.18,1
2,6,8580,0,0,300,0.5,1700,0.5,1
2,7,7076,1,0,300,0.5,1700,0.5,1
2,8,11002,1,0,300,0.5,1700,0.5,1
2,9,1930,2,10,5,0,666,0.42,420,0.58,1
2,10,7910,0,0,500,0.6,1000,0.2,1400,0.2,1
2,11,9503,1,0,666,0.42,420,0.58,1
3,0,4625,2,10,5,0,666,0.42,420,0.58,1
3,1,13628,0,0,666,0.42,420,0.58,1
3,2,107,1,0,300,0.5,572,0.32,486,0.18,1
3,3,5100,1,0,666,0.42,420,0.58,1
3,4,2975,2,10,5,0,666,0.42,420,0.58,1
3,5,5529,2,10,5,0,300,0.5,572,0.32,486,0.18,1
3,6,5595,2,10,5,0,666,0.42,420,0.58,1
3,7,5040,1,0,300,0.5,1700,0.5,1
3,8,942,1,0,300,0.5,1700,0.5,1
3,9,10706,1,0,666,0.42,420,0.58,1
3,10,4272,1,0,500,0.6,1000,0.2,1400,0.2,1
3,11,12993,1,0,500,0.6,1000,0.2,1400,0.2,1
4,0,4342,0,0,300,0.5,572,0.32,486,0.18,1
4,1,3871,2,10,5,0,300,0.5,572,0.32,486,0.18,1
4,2,8577,1,0,300,0.5,1700,0.5,1
4,3,4012,0,0,300,0.5,572,0.32,486,0.18,1
4,4,7713,0,0,500,0.6,1000,0.2,1400,0.2,1
4,5,3799,1,0,300,0.5,572,0.32,486,0.18,1
4,6,92,2,10,5,0,500,0.6,1000,0.2,1400,0.2,1
4,7,1929,1,0,500,0.6,1000,0.2,1400,0.2,1
4,8,7593,1,0,300,0.5,572,0.32,486,0.18,1
4,9,2686,1,0,500,0.6,1000,0.2,1400,0.2,1
4,10,13271,2,10,5,0,666,0.42,420,0.58,1
4,11,10488,1,0,300,0.5,1700,0.5,1
5,0,11691,2,10,5,0,666,0.42,420,0.58,1
5,1,3610,0,0,300,0.5,572,0.32,486,0.18,1
5,2,6440,0,0,500,0.6,1000,0.2,1400,0.2,1
5,3,10260,1,0,300,0.5,1700,0.5,1
5,4,13098,1,0,500,0.6,1000,0.2,1400,0.2,1
5,5,5427,2,10,5,0,666,0.42,420,0.58,1
5,6,13840,1,0,300,0.5,572,0.32,486,0.18,1
5,7,8373,1,0,300,0.5,572,0.32,486,0.18,1
5,8,5737,1,0,300,0.5,1700,0.5,1
5,9,10550,1,0,300,0.5,572,0.32,486,0.18,1
5,10,6726,1,0,500,0.6,1000,0.2,1400,0.2,1
5,11,14970,0,0,300,0.5,1700,0.5,1
6,0,12803,2,10,5,0,666,0.42,420,0.58,1
6,1,6870,1,0,300,0.5,572,0.32,486,0.18,1
6,2,9967,2,10,5,0,300,0.5,572,0.32,486,0.18,1
6,3,14474,1,0,300,0.5,572,0.32,486,0.18,1
6,4,13617,2,10,5,0,300,0.5,1700,0.5,1
6,5,5652,0,0,300,0.5,572,0.32,486,0.18,1
6,6,14926,2,10,5,0,300,0.5,572,0.32,486,0.18,1
6,7,9437,0,0,300,0.5,572,0.32,486,0.18,1
6,8,6897,1,0,300,0.5,1700,0.5,1
6,9,6204,0,0,300,0.5,572,0.32,486,0.18,1
6,10,2574,1,0,666,0.42,420,0.58,1
6,11,3144,1,0,500,0.6,1000,0.2,1400,0.2,1
7,0,9418,1,0,500,0.6,1000,0.2,1400,0.2,1
7,1,4975,1,0,300,0.5,572,0.32,486,0.18,1
7,2,12902,1,0,500,0.6,1000,0.2,1400,0.2,1
7,3,12235,0,0,500,0.6,1000,0.2,1400,0.2,1
7,4,3579,2,10,5,0,300,0.5,572,0.32,486,0.18,1
7,5,11272,0,0,300,0.5,572,0.32,486,0.18,1
7,6,10164,1,0,500,0.6,1000,0.2,1400,0.2,1
7,7,9737,0,0,300,0.5,1700,0.5,1
7,8,4039,0,0,500,0.6,1000,0.2,1400,0.2,1
7,9,3357,0,0,666,0.42,420,0.58,1
7,10,8928,0,0,666,0.42,420,0.58,1
7,11,9696,0,0,300,0.5,1700,0.5,1
8,0,6998,2,10,5,0,500,0.6,1000,0.2,1400,0.2,1
8,1,7235,0,0,300,0.5,1700,0.5,1
8,2,11832,0,0,300,0.5,572,0.32,486,0.18,1
8,3,14341,1,0,500,0.6,1000,0.2,1400,0.2,1
8,4,13585,2,10,5,0,500,0.6,1000,0.2,1400,0.2,1
8,5,14175,1,0,500,0.6,1000,0.2,1400,0.2,1
8,6,1475,1,0,300,0.5,1700,0.5,1
8,7,9137,1,0,300,0.5,572,0.32,486,0.18,1
8,8,8825,0,0,666,0.42,420,0.58,1
8,9,14695,2,10,5,0,666,0.42,420,0.58,1
8,10,5217,1,0,300,0.5,572,0.32,486,0.18,1
8,11,4131,0,0,300,0.5,1700,0.5,1
9,0,4787,2,10,5,0,500,0.6,1000,0.2,1400,0.2,1
9,1,9464,0,0,300,0.5,572,0.32,486,0.18,1
9,2,12996,2,10,5,0,666,0.42,420,0.58,1
9,3,4540,2,10,5,0,666,0.42,420,0.58,1
9,4,3520,0,0,300,0.5,572,0.32,486,0.18,1
9,5,12211,0,0,300,0.5,572,0.32,486,0.18,1
9,6,4818,0,0,500,0.6,1000,0.2,1400,0.2,1
9,7,14381,2,10,5,0,666,0.42,420,0.58,1
9,8,1000,2,10,5,0,300,0.5,572,0.32,486,0.18,1
9,9,8279,2,10,5,0,500,0.6,1000,0.2,1400,0.2,1
9,10,9362,0,0,666,0.42,420,0.58,1
9,11,7673,1,0,300,0.5,572,0.32,486,0.18,1
10,0,6242,2,10,5,0,500,0.6,1000,0.2,1400,0.2,1
10,1,12979,2,10,5,0,500,0.6,1000,0.2,1400,0.2,1
10,2,11386,1,0,300,0.5,1700,0.5,1
10,3,12774,0,0,300,0.5,572,0.32,486,0.18,1
10,4,12620,1,0,300,0.5,1700,0.5,1
10,5,8740,1,0,300,0.5,1700,0.5,1
10,6,14712,1,0,300,0.5,572,0.32,486,0.18,1
10,7,13066,1,0,300,0.5,572,0.32,486,0.18,1
10,8,9909,2,10,5,0,300,0.5,1700,0.5,1
10,9,13488,1,0,500,0.6,1000,0.2,1400,0.2,1
10,10,3315,2,10,5,0,666,0.42,420,0.58,1
10,11,4824,2,10,5,0,300,0.5,572,0.32,486,0.18,1
11,0,10256,2,10,5,0,666,0.42,420,0.58,1
11,1,6484,1,0,300,0.5,572,0.32,486,0.18,1
11,2,9509,1,0,300,0.5,1700,0.5,1
11,3,202,1,0,666,0.42,420,0.58,1
11,4,12000,0,0,500,0.6,1000,0.2,1400,0.2,1
11,5,6803,0,0,500,0.6,1000,0.2,1400,0.2,1
11,6,11377,2,10,5,0,500,0.6,1000,0.2,1400,0.2,1
11,7,5293,1,0,666,0.42,420,0.58,1
11,8,1997,2,10,5,0,300,0.5,572,0.32,486,0.18,1
11,9,2206,1,0,300,0.5,1700,0.5,1
11,10,10156,2,10,5,0,300,0.5,1700,0.5,1
11,11,9582,2,10,5,0,300,0.5,572,0.32,486,0.18,1
