0,0,11832,2,10,5,0,300,0.5,572,0.32,486,0.18,1
0,1,6246,1,0,300,0.5,1700,0.5,1
0,2,14507,2,10,5,0,300,0.5,1700,0.5,1
0,3,10681,0,0,666,0.42,420,0.58,1
0,4,6528,2,10,5,0,500,0.6,1000,0.2,1400,0.2,1
0,5,2402,1,0,300,0.5,1700,0.5,1
0,6,1019,2,10,5,0,500,0.6,1000,0.2,1400,0.2,1
0,7,10647,0,0,300,0.5,572,0.32,486,0.18,1
0,8,8971,0,0,300,0.5,1700,0.5,1
0,9,729,1,0,300,0.5,572,0.32,486,0.18,1
0,10,6170,2,10,5,0,666,0.42,420,0.58,1
0,11,3895,1,0,300,0.5,572,0.32,486,0.18,1
1,0,4356,0,0,666,0.42,420,0.58,1
1,1,1290,0,0,300,0.5,572,0.32,486,0.18,1
1,2,5892,2,10,5,0,300,0.5,1700,0.5,0
1,3,9308,0,0,300,0.5,572,0.32,486,0.18,1
1,4,7042,0,0,300,0.5,572,0.32,486,0.18,1
1,5,8150,2,10,5,0,300,0.5,1700,0.5,1
1,6,11065,2,10,5,0,500,0.6,1000,0.2,1400,0.2,1
1,7,10421,2,10,5,0,666,0.42,420,0.58,1
1,8,8027,0,0,500,0.6,1000,0.2,1400,0.2,1
1,9,12041,2,10,5,0,500,0.6,1000,0.2,1400,0.2,1
1,10,6663,0,0,666,0.42,420,0.58,1
1,11,4557,1,0,666,0.42,420,0.58,1
2,0,7610,0,0,300,0.5,1700,0.5,1
2,1,5603,0,0,300,0.5,1700,0.5,1
2,2,7067,2,10,5,0,300,0.5,1700,0.5,1
2,3,14358,0,0,300,0.5,572,0.32,486,0.18,1
2,4,880,0,0,500,0.6,1000,0.2,1400,0.2,1
2,5,5186,2,10,5,0,666,0.42,420,0.58,1
2,6,14076,0,0,666,0.42,420,0.58,1
2,7,10906,2,10,5,0,500,0.6,1000,0.2,1400,0.2,1
2,8,4584,1,0,300,0.5,572,0.32,486,0.18,1
2,9,4565,0,0,500,0.6,1000,0.2,1400,0.2,1
2,10,1803,2,10,5,0,300,0.5,572,0.32,486,0.18,1
2,11,1340,1,0,500,0.6,1000,0.2,1400,0.2,1
3,0,10465,2,10,5,0,300,0.5,572,0.32,486,0.18,1
3,1,11864,0,0,666,0.42,420,0.58,1
3,2,14678,1,0,300,0.5,1700,0.5,1
3,3,14705,2,10,5,0,500,0.6,1000,0.2,1400,0.2,1
3,4,12374,0,0,666,0.42,420,0.58,1
3,5,14497,0,0,500,0.6,1000,0.2,1400,0.2,1
3,6,12927,2,10,5,0,500,0.6,1000,0.2,1400,0.2,1
3,7,12095,1,0,300,0.5,1700,0.5,1
3,8,8080,2,10,5,0,500,0.6,1000,0.2,1400,0.2,1
3,9,2553,2,10,5,0,300,0.5,572,0.32,486,0.18,1
3,10,2923,1,0,300,0.5,572,0.32,486,0.18,1
3,11,2324,2,10,5,0,666,0.42,420,0.58,1
4,0,6354,2,10,5,0,300,0.5,1700,0.5,1
4,1,7115,1,0,500,0.6,1000,0.2,1400,0.2,1
4,2,14229,1,0,300,0.5,1700,0.5,1
4,3,1400,2,10,5,0,500,0.6,1000,0.2,1400,0.2,1
4,4,18,0,0,666,0.42,420,0.58,1
4,5,461,0,0,500,0.6,1000,0.2,1400,0.2,1
4,6,5636,1,0,500,0.6,1000,0.2,1400,0.2,1
4,7,4849,2,10,5,0,500,0.6,1000,0.2,1400,0.2,1
4,8,13450,0,0,300,0.5,572,0.32,486,0.18,1
4,9,3296,1,0,300,0.5,1700,0.5,1
4,10,7969,1,0,300,0.5,1700,0.5,1
4,11,4170,0,0,666,0.42,420,0.58,1
5,0,1715,2,10,5,0,300,0.5,1700,0.5,1
5,1,6557,1,0,666,0.42,420,0.58,1
5,2,5897,2,10,5,0,666,0.42,420,0.58,1
5,3,5108,2,10,5,0,300,0.5,1700,0.5,1
5,4,8661,2,10,5,0,666,0.42,420,0.58,1
5,5,3582,0,0,300,0.5,1700,0.5,1
5,6,759,2,10,5,0,300,0.5,1700,0.5,1
5,7,653,2,10,5,0,300,0.5,572,0.32,486,0.18,1
5,8,1653,0,0,300,0.5,572,0.32,486,0.18,1
5,9,2152,1,0,300,0.5,572,0.32,486,0.18,1
5,10,13738,1,0,666,0.42,420,0.58,1
5,11,9456,1,0,300,0.5,1700,0.5,1
6,0,10194,1,0,300,0.5,1700,0.5,1
6,1,7134,0,0,500,0.6,1000,0.2,1400,0.2,1
6,2,5104,1,0,300,0.5,1700,0.5,1
6,3,1153,0,0,300,0.5,1700,0.5,1
6,4,12741,0,0,500,0.6,1000,0.2,1400,0.2,1
6,5,5092,0,0,300,0.5,1700,0.5,1
6,6,3442,0,0,300,0.5,572,0.32,486,0.18,1
6,7,11620,2,10,5,0,500,0.6,1000,0.2,1400,0.2,1
6,8,5550,1,0,666,0.42,420,0.58,1
6,9,8343,0,0,300,0.5,1700,0.5,1
6,10,8298,0,0,500,0.6,1000,0.2,1400,0.2,1
6,11,7548,0,0,300,0.5,572,0.32,486,0.18,1
7,0,12574,0,0,500,0.6,1000,0.2,1400,0.2,1
7,1,4106,0,0,500,0.6,1000,0.2,1400,0.2,1
7,2,13539,0,0,300,0.5,572,0.32,486,0.18,1
7,3,185,1,0,300,0.5,572,0.32,486,0.18,1
7,4,7127,1,0,300,0.5,1700,0.5,1
7,5,11469,1,0,500,0.6,1000,0.2,1400,0.2,1
7,6,11660,1,0,500,0.6,1000,0.2,1400,0.2,1
7,7,879,1,0,500,0.6,1000,0.2,1400,0.2,1
7,8,5530,0,0,300,0.5,1700,0.5,1
7,9,8147,0,0,300,0.5,572,0.32,486,0.18,1
7,10,8187,1,0,500,0.6,1000,0.2,1400,0.2,1
7,11,14535,2,10,5,0,300,0.5,572,0.32,486,0.18,1
8,0,2674,2,10,5,0,500,0.6,1000,0.2,1400,0.2,1
8,1,12671,0,0,500,0.6,1000,0.2,1400,0.2,1
8,2,2725,2,10,5,0,666,0.42,420,0.58,1
8,3,3043,1,0,500,0.6,1000,0.2,1400,0.2,1
8,4,9056,1,0,300,0.5,572,0.32,486,0.18,1
8,5,4642,2,10,5,0,500,0.6,1000,0.2,1400,0.2,1
8,6,4009,0,0,300,0.5,1700,0.5,1
8,7,9573,2,10,5,0,300,0.5,572,0.32,486,0.18,1
8,8,14040,0,0,300,0.5,1700,0.5,1
8,9,10157,1,0,500,0.6,1000,0.2,1400,0.2,1
8,10,14030,1,0,666,0.42,420,0.58,1
8,11,10363,1,0,500,0.6,1000,0.2,1400,0.2,1
9,0,6300,1,0,666,0.42,420,0.58,1
9,1,8512,1,0,300,0.5,1700,0.5,1
9,2,7545,0,0,300,0.5,572,0.32,486,0.18,1
9,3,14406,2,10,5,0,300,0.5,1700,0.5,1
9,4,9675,0,0,666,0.42,420,0.58,1
9,5,1056,0,0,500,0.6,1000,0.2,1400,0.2,1
9,6,14531,0,0,500,0.6,1000,0.2,1400,0.2,1
9,7,14413,1,0,500,0.6,1000,0.2,1400,0.2,1
9,8,307,0,0,300,0.5,572,0.32,486,0.18,1
9,9,10557,1,0,500,0.6,1000,0.2,1400,0.2,1
9,10,1694,0,0,500,0.6,1000,0.2,1400,0.2,1
9,11,10766,2,10,5,0,666,0.42,420,0.58,1
10,0,760,0,0,500,0.6,1000,0.2,1400,0.2,1
10,1,5812,0,0,666,0.42,420,0.58,1
10,2,1792,0,0,300,0.5,1700,0.5,1
10,3,10221,1,0,666,0.42,420,0.58,1
10,4,7987,0,0,666,0.42,420,0.58,1
10,5,9093,0,0,500,0.6,1000,0.2,1400,0.2,1
10,6,10357,0,0,500,0.6,1000,0.2,1400,0.2,1
10,7,2606,2,10,5,0,300,0.5,572,0.32,486,0.18,1
10,8,8695,0,0,500,0.6,1000,0.2,1400,0.2,1
10,9,4839,0,0,500,0.6,1000,0.2,1400,0.2,1
10,10,11202,1,0,300,0.5,572,0.32,486,0.18,1
10,11,1853,2,10,5,0,666,0.42,420,0.58,1
11,0,1039,1,0,500,0.6,1000,0.2,1400,0.2,1
11,1,8978,2,10,5,0,666,0.42,420,0.58,1
11,2,2319,2,10,5,0,300,0.5,572,0.32,486,0.18,1
11,3,1185,2,10,5,0,300,0.5,572,0.32,486,0.18,1
11,4,12501,0,0,300,0.5,1700,0.5,1
11,5,5916,0,0,300,0.5,1700,0.5,1
11,6,9602,0,0,500,0.6,1000,0.2,1400,0.2,1
11,7,11791,2,10,5,0,300,0.5,572,0.32,486,0.18,1
11,8,13209,1,0,300,0.5,572,0.32,486,0.18,1
11,9,767,0,0,300,0.5,1700,0.5,1
11,10,11665,0,0,300,0.5,1700,0.5,1
11,11,9243,2,10,5,0,666,0.42,420,0.58,1
