0,0,5012,2,10,5,0,300,0.5,572,0.32,486,0.18,1
0,1,5425,0,0,300,0.5,572,0.32,486,0.18,1
0,2,8776,2,10,5,0,300,0.5,1700,0.5,1
0,3,13515,2,10,5,0,666,0.42,420,0.58,1
0,4,11266,1,0,500,0.6,1000,0.2,1400,0.2,1
0,5,4395,1,0,666,0.42,420,0.58,1
0,6,14928,2,10,5,0,666,0.42,420,0.58,1
0,7,4193,0,0,300,0.5,572,0.32,486,0.18,1
0,8,2206,2,10,5,0,666,0.42,420,0.58,1
0,9,6896,2,10,5,0,500,0.6,1000,0.2,1400,0.2,1
0,10,6584,1,0,300,0.5,572,0.32,486,0.18,1
0,11,12065,1,0,300,0.5,1700,0.5,1
1,0,7682,2,10,5,0,666,0.42,420,0.58,1
1,1,11142,2,10,5,0,666,0.42,420,0.58,1
1,2,6347,0,0,300,0.5,1700,0.5,0
1,3,14944,2,10,5,0,300,0.5,572,0.32,486,0.18,1
1,4,1664,2,10,5,0,500,0.6,1000,0.2,1400,0.2,1
1,5,8507,0,0,500,0.6,1000,0.2,1400,0.2,1
1,6,13602,0,0,666,0.42,420,0.58,1
1,7,9001,0,0,500,0.6,1000,0.2,1400,0.2,1
1,8,6474,1,0,300,0.5,572,0.32,486,0.18,1
1,9,7435,0,0,300,0.5,1700,0.5,1
1,10,8181,0,0,300,0.5,1700,0.5,1
1,11,4441,1,0,500,0.6,1000,0.2,1400,0.2,1
2,0,308,0,0,666,0.42,420,0.58,1
2,1,6982,1,0,500,0.6,1000,0.2,1400,0.2,1
2,2,5774,0,0,300,0.5,572,0.32,486,0.18,1
2,3,5275,2,10,5,0,300,0.5,572,0.32,486,0.18,1
2,4,12245,0,0,300,0.5,1700,0.5,1
2,5,1041,1,0,300,0.5,572,0.32,486,0.18,1
2,6,117,1,0,500,0.6,1000,0.2,1400,0.2,1
2,7,10086,1,0,666,0.42,420,0.58,1
2,8,3227,1,0,666,0.42,420,0.58,1
2,9,8410,0,0,300,0.5,572,0.32,486,0.18,1
2,10,2294,0,0,500,0.6,1000,0.2,1400,0.2,1
2,11,2614,1,0,500,0.6,1000,0.2,1400,0.2,1
3,0,13072,2,10,5,0,666,0.42,420,0.58,1
3,1,7854,2,10,5,0,500,0.6,1000,0.2,1400,0.2,1
3,2,5812,1,0,300,0.5,572,0.32,486,0.18,1
3,3,2654,2,10,5,0,300,0.5,1700,0.5,1
3,4,14263,0,0,500,0.6,1000,0.2,1400,0.2,1
3,5,5803,2,10,5,0,666,0.42,420,0.58,1
3,6,6494,1,0,666,0.42,420,0.58,1
3,7,14526,2,10,5,0,666,0.42,420,0.58,1
3,8,11860,0,0,500,0.6,1000,0.2,1400,0.2,1
3,9,11059,1,0,300,0.5,572,0.32,486,0.18,1
3,10,14524,2,10,5,0,500,0.6,1000,0.2,1400,0.2,1
3,11,6925,1,0,300,0.5,1700,0.5,1
4,0,8016,0,0,666,0.42,420,0.58,1
4,1,9595,2,10,5,0,300,0.5,1700,0.5,1
4,2,14722,0,0,300,0.5,572,0.32,486,0.18,1
4,3,66,0,0,666,0.42,420,0.58,1
4,4,3204,2,10,5,0,500,0.6,1000,0.2,1400,0.2,1
4,5,8933,2,10,5,0,500,0.6,1000,0.2,1400,0.2,1
4,6,9723,2,10,5,0,300,0.5,1700,0.5,1
4,7,11574,2,10,5,0,500,0.6,1000,0.2,1400,0.2,1
4,8,145,0,0,666,0.42,420,0.58,1
4,9,12100,0,0,300,0.5,572,0.32,486,0.18,1
4,10,11630,1,0,666,0.42,420,0.58,1
4,11,695,2,10,5,0,500,0.6,1000,0.2,1400,0.2,1
5,0,14451,2,10,5,0,666,0.42,420,0.58,1
5,1,1906,1,0,300,0.5,572,0.32,486,0.18,1
5,2,13360,1,0,500,0.6,1000,0.2,1400,0.2,1
5,3,11019,0,0,300,0.5,572,0.32,486,0.18,1
5,4,924,0,0,300,0.5,1700,0.5,1
5,5,9475,1,0,300,0.5,1700,0.5,1
5,6,14148,0,0,300,0.5,572,0.32,486,0.18,1
5,7,9164,1,0,666,0.42,420,0.58,1
5,8,5047,0,0,500,0.6,1000,0.2,1400,0.2,1
5,9,11483,0,0,300,0.5,572,0.32,486,0.18,1
5,10,14151,2,10,5,0,300,0.5,572,0.32,486,0.18,1
5,11,4061,0,0,300,0.5,572,0.32,486,0.18,1
6,0,3659,0,0,300,0.5,572,0.32,486,0.18,1
6,1,4636,1,0,300,0.5,1700,0.5,1
6,2,5298,0,0,666,0.42,420,0.58,1
6,3,8432,0,0,300,0.5,1700,0.5,1
6,4,9651,1,0,666,0.42,420,0.58,1
6,5,14524,0,0,300,0.5,572,0.32,486,0.18,1
6,6,11390,0,0,300,0.5,572,0.32,486,0.18,1
6,7,5192,0,0,300,0.5,1700,0.5,1
6,8,6336,1,0,300,0.5,1700,0.5,1
6,9,13501,2,10,5,0,300,0.5,1700,0.5,1
6,10,11243,2,10,5,0,666,0.42,420,0.58,1
6,11,3701,0,0,300,0.5,1700,0.5,1
7,0,3890,2,10,5,0,300,0.5,572,0.32,486,0.18,1
7,1,4995,2,10,5,0,500,0.6,1000,0.2,1400,0.2,1
7,2,7673,0,0,300,0.5,1700,0.5,1
7,3,8650,2,10,5,0,666,0.42,420,0.58,1
7,4,4044,1,0,300,0.5,572,0.32,486,0.18,1
7,5,4524,2,10,5,0,500,0.6,1000,0.2,1400,0.2,1
7,6,14924,1,0,666,0.42,420,0.58,1
7,7,1599,1,0,666,0.42,420,0.58,1
7,8,4786,2,10,5,0,300,0.5,1700,0.5,1
7,9,392,0,0,666,0.42,420,0.58,1
7,10,4602,2,10,5,0,300,0.5,1700,0.5,1
7,11,3176,2,10,5,0,300,0.5,572,0.32,486,0.18,1
8,0,523,0,0,300,0.5,1700,0.5,1
8,1,10685,0,0,300,0.5,572,0.32,486,0.18,1
8,2,13582,0,0,300,0.5,1700,0.5,1
8,3,10494,1,0,666,0.42,420,0.58,1
8,4,14666,2,10,5,0,300,0.5,572,0.32,486,0.18,1
8,5,8113,1,0,500,0.6,1000,0.2,1400,0.2,1
8,6,4952,1,0,300,0.5,1700,0.5,1
8,7,8536,2,10,5,0,300,0.5,572,0.32,486,0.18,1
8,8,11730,0,0,300,0.5,1700,0.5,1
8,9,8578,0,0,500,0.6,1000,0.2,1400,0.2,1
8,10,11554,2,10,5,0,500,0.6,1000,0.2,1400,0.2,1
8,11,121,1,0,300,0.5,1700,0.5,1
9,0,7404,2,10,5,0,300,0.5,1700,0.5,1
9,1,7936,2,10,5,0,500,0.6,1000,0.2,1400,0.2,1
9,2,235,0,0,666,0.42,420,0.58,1
9,3,4777,2,10,5,0,300,0.5,1700,0.5,1
9,4,1361,0,0,666,0.42,420,0.58,1
9,5,6099,1,0,300,0.5,1700,0.5,1
9,6,14355,0,0,666,0.42,420,0.58,1
9,7,3287,2,10,5,0,300,0.5,572,0.32,486,0.18,1
9,8,922,1,0,300,0.5,1700,0.5,1
9,9,11839,1,0,300,0.5,1700,0.5,1
9,10,12547,0,0,666,0.42,420,0.58,1
9,11,6734,0,0,666,0.42,420,0.58,1
10,0,14302,1,0,300,0.5,572,0.32,486,0.18,1
10,1,14810,1,0,300,0.5,572,0.32,486,0.18,1
10,2,9443,1,0,666,0.42,420,0.58,1
10,3,760,2,10,5,0,300,0.5,1700,0.5,1
10,4,9411,0,0,300,0.5,572,0.32,486,0.18,1
10,5,8197,1,0,300,0.5,572,0.32,486,0.18,1
10,6,7271,0,0,666,0.42,420,0.58,1
10,7,748,1,0,500,0.6,1000,0.2,1400,0.2,1
10,8,8136,2,10,5,0,666,0.42,420,0.58,1
10,9,8254,2,10,5,0,500,0.6,1000,0.2,1400,0.2,1
10,10,860,2,10,5,0,300,0.5,572,0.32,486,0.18,1
10,11,8380,0,0,500,0.6,1000,0.2,1400,0.2,1
11,0,12970,2,10,5,0,300,0.5,1700,0.5,1
11,1,1059,2,10,5,0,666,0.42,420,0.58,1
11,2,10867,2,10,5,0,666,0.42,420,0.58,1
11,3,10322,2,10,5,0,500,0.6,1000,0.2,1400,0.2,1
11,4,13489,1,0,300,0.5,1700,0.5,1
11,5,9921,0,0,666,0.42,420,0.58,1
11,6,5929,0,0,300,0.5,572,0.32,486,0.18,1
11,7,9677,0,0,666,0.42,420,0.58,1
11,8,2112,1,0,500,0.6,1000,0.2,1400,0.2,1
11,9,11588,2,10,5,0,666,0.42,420,0.58,1
11,10,2029,2,10,5,0,500,0.6,1000,0.2,1400,0.2,1
11,11,2056,2,10,5,0,300,0.5,1700,0.5,1
