0,0,6137,1,0,666,0.42,420,0.58,1
0,1,8327,0,0,300,0.5,572,0.32,486,0.18,1
0,2,4934,0,0,666,0.42,420,0.58,1
0,3,9097,0,0,300,0.5,572,0.32,486,0.18,1
0,4,11050,0,0,666,0.42,420,0.58,1
0,5,7624,2,10,5,0,666,0.42,420,0.58,1
0,6,3466,1,0,300,0.5,572,0.32,486,0.18,1
0,7,6318,1,0,300,0.5,1700,0.5,1
0,8,1119,1,0,300,0.5,1700,0.5,1
0,9,9208,0,0,300,0.5,572,0.32,486,0.18,1
0,10,7199,0,0,500,0.6,1000,0.2,1400,0.2,1
0,11,4826,1,0,500,0.6,1000,0.2,1400,0.2,1
1,0,4791,0,0,500,0.6,1000,0.2,1400,0.2,1
1,1,2347,0,0,300,0.5,572,0.32,486,0.18,1
1,2,5791,2,10,5,0,300,0.5,572,0.32,486,0.18,0
1,3,9685,1,0,300,0.5,1700,0.5,1
1,4,11483,2,10,5,0,500,0.6,1000,0.2,1400,0.2,1
1,5,9118,0,0,300,0.5,1700,0.5,1
1,6,7268,2,10,5,0,500,0.6,1000,0.2,1400,0.2,1
1,7,9257,1,0,300,0.5,572,0.32,486,0.18,1
1,8,8748,1,0,300,0.5,572,0.32,486,0.18,1
1,9,6848,2,10,5,0,300,0.5,1700,0.5,1
1,10,6796,0,0,300,0.5,1700,0.5,1
1,11,7130,1,0,666,0.42,420,0.58,1
2,0,1003,2,10,5,0,500,0.6,1000,0.2,1400,0.2,1
2,1,8781,1,0,500,0.6,1000,0.2,1400,0.2,1
2,2,1195,1,0,666,0.42,420,0.58,1
2,3,6873,1,0,300,0.5,1700,0.5,1
2,4,1754,1,0,666,0.42,420,0.58,1
2,5,14930,1,0,300,0.5,1700,0.5,1
2,6,1793,2,10,5,0,300,0.5,572,0.32,486,0.18,1
2,7,3624,1,0,666,0.42,420,0.58,1
2,8,13226,1,0,500,0.6,1000,0.2,1400,0.2,1
2,9,1021,1,0,666,0.42,420,0.58,1
2,10,12681,0,0,300,0.5,572,0.32,486,0.18,1
2,11,11690,0,0,500,0.6,1000,0.2,1400,0.2,1
3,0,11079,2,10,5,0,300,0.5,572,0.32,486,0.18,1
3,1,14923,1,0,666,0.42,420,0.58,1
3,2,6369,2,10,5,0,300,0.5,1700,0.5,1
3,3,4142,1,0,300,0.5,572,0.32,486,0.18,1
3,4,14729,0,0,300,0.5,1700,0.5,1
3,5,9530,0,0,300,0.5,572,0.32,486,0.18,1
3,6,506,2,10,5,0,666,0.42,420,0.58,1
3,7,2641,0,0,666,0.42,420,0.58,1
3,8,12284,2,10,5,0,666,0.42,420,0.58,1
3,9,4113,2,10,5,0,300,0.5,572,0.32,486,0.18,1
3,10,11534,2,10,5,0,300,0.5,1700,0.5,1
3,11,8575,2,10,5,0,500,0.6,1000,0.2,1400,0.2,1
4,0,1852,0,0,300,0.5,1700,0.5,1
4,1,2827,2,10,5,0,300,0.5,572,0.32,486,0.18,1
4,2,4156,1,0,300,0.5,1700,0.5,1
4,3,2590,0,0,300,0.5,1700,0.5,1
4,4,3546,1,0,300,0.5,1700,0.5,1
4,5,7119,0,0,500,0.6,1000,0.2,1400,0.2,1
4,6,9582,2,10,5,0,666,0.42,420,0.58,1
4,7,8575,1,0,300,0.5,1700,0.5,1
4,8,8527,1,0,300,0.5,1700,0.5,1
4,9,14719,0,0,300,0.5,572,0.32,486,0.18,1
4,10,4895,1,0,300,0.5,1700,0.5,1
4,11,2068,2,10,5,0,300,0.5,1700,0.5,1
5,0,12609,0,0,500,0.6,1000,0.2,1400,0.2,1
5,1,2793,2,10,5,0,500,0.6,1000,0.2,1400,0.2,1
5,2,133,1,0,666,0.42,420,0.58,1
5,3,12345,1,0,500,0.6,1000,0.2,1400,0.2,1
5,4,643,0,0,666,0.42,420,0.58,1
5,5,11109,2,10,5,0,666,0.42,420,0.58,1
5,6,11511,2,10,5,0,500,0.6,1000,0.2,1400,0.2,1
5,7,14735,0,0,300,0.5,572,0.32,486,0.18,1
5,8,6016,1,0,300,0.5,572,0.32,486,0.18,1
5,9,1591,2,10,5,0,500,0.6,1000,0.2,1400,0.2,1
5,10,8758,2,10,5,0,500,0.6,1000,0.2,1400,0.2,1
5,11,13102,2,10,5,0,300,0.5,1700,0.5,1
6,0,3254,1,0,300,0.5,1700,0.5,1
6,1,13704,1,0,300,0.5,1700,0.5,1
6,2,5829,1,0,666,0.42,420,0.58,1
6,3,13334,1,0,666,0.42,420,0.58,1
6,4,6497,0,0,300,0.5,572,0.32,486,0.18,1
6,5,5004,0,0,300,0.5,1700,0.5,1
6,6,10540,1,0,300,0.5,1700,0.5,1
6,7,12207,0,0,500,0.6,1000,0.2,1400,0.2,1
6,8,6963,0,0,500,0.6,1000,0.2,1400,0.2,1
6,9,10482,0,0,300,0.5,572,0.32,486,0.18,1
6,10,402,0,0,666,0.42,420,0.58,1
6,11,7108,2,10,5,0,500,0.6,1000,0.2,1400,0.2,1
7,0,6331,2,10,5,0,300,0.5,572,0.32,486,0.18,1
7,1,13534,1,0,300,0.5,572,0.32,486,0.18,1
7,2,8380,2,10,5,0,300,0.5,1700,0.5,1
7,3,1310,0,0,300,0.5,1700,0.5,1
7,4,6220,0,0,300,0.5,1700,0.5,1
7,5,8508,1,0,300,0.5,1700,0.5,1
7,6,1140,2,10,5,0,500,0.6,1000,0.2,1400,0.2,1
7,7,9729,1,0,500,0.6,1000,0.2,1400,0.2,1
7,8,4031,2,10,5,0,666,0.42,420,0.58,1
7,9,76,0,0,666,0.42,420,0.58,1
7,10,14458,1,0,500,0.6,1000,0.2,1400,0.2,1
7,11,11598,0,0,300,0.5,572,0.32,486,0.18,1
8,0,7861,0,0,300,0.5,572,0.32,486,0.18,1
8,1,9014,2,10,5,0,500,0.6,1000,0.2,1400,0.2,1
8,2,3446,2,10,5,0,300,0.5,572,0.32,486,0.18,1
8,3,1114,0,0,300,0.5,1700,0.5,1
8,4,9574,0,0,666,0.42,420,0.58,1
8,5,8378,1,0,300,0.5,572,0.32,486,0.18,1
8,6,4952,1,0,500,0.6,1000,0.2,1400,0.2,1
8,7,6933,2,10,5,0,300,0.5,1700,0.5,1
8,8,14821,0,0,300,0.5,1700,0.5,1
8,9,3212,2,10,5,0,300,0.5,1700,0.5,1
8,10,2785,2,10,5,0,300,0.5,1700,0.5,1
8,11,13592,0,0,666,0.42,420,0.58,1
9,0,4038,1,0,666,0.42,420,0.58,1
9,1,9935,2,10,5,0,500,0.6,1000,0.2,1400,0.2,1
9,2,8505,0,0,500,0.6,1000,0.2,1400,0.2,1
9,3,13300,2,10,5,0,300,0.5,1700,0.5,1
9,4,6805,2,10,5,0,300,0.5,1700,0.5,1
9,5,4415,2,10,5,0,300,0.5,572,0.32,486,0.18,1
9,6,8384,1,0,666,0.42,420,0.58,1
9,7,13534,0,0,500,0.6,1000,0.2,1400,0.2,1
9,8,11419,0,0,300,0.5,1700,0.5,1
9,9,9480,1,0,300,0.5,1700,0.5,1
9,10,13364,0,0,300,0.5,572,0.32,486,0.18,1
9,11,3284,2,10,5,0,300,0.5,572,0.32,486,0.18,1
10,0,1265,0,0,500,0.6,1000,0.2,1400,0.2,1
10,1,639,0,0,300,0.5,1700,0.5,1
10,2,4104,2,10,5,0,500,0.6,1000,0.2,1400,0.2,1
10,3,4875,2,10,5,0,300,0.5,572,0.32,486,0.18,1
10,4,8402,1,0,666,0.42,420,0.58,1
10,5,1168,1,0,500,0.6,1000,0.2,1400,0.2,1
10,6,1780,1,0,300,0.5,572,0.32,486,0.18,1
10,7,4931,2,10,5,0,500,0.6,1000,0.2,1400,0.2,1
10,8,3902,2,10,5,0,300,0.5,572,0.32,486,0.18,1
10,9,986,1,0,300,0.5,1700,0.5,1
10,10,3876,0,0,500,0.6,1000,0.2,1400,0.2,1
10,11,11487,1,0,300,0.5,1700,0.5,1
11,0,4233,2,10,5,0,300,0.5,1700,0.5,1
11,1,9706,2,10,5,0,300,0.5,572,0.32,486,0.18,1
11,2,3406,2,10,5,0,500,0.6,1000,0.2,1400,0.2,1
11,3,9896,0,0,666,0.42,420,0.58,1
11,4,4374,2,10,5,0,666,0.42,420,0.58,1
11,5,7692,2,10,5,0,666,0.42,420,0.58,1
11,6,664,2,10,5,0,500,0.6,1000,0.2,1400,0.2,1
11,7,12081,0,0,500,0.6,1000,0.2,1400,0.2,1
11,8,945,2,10,5,0,300,0.5,572,0.32,486,0.18,1
11,9,14383,0,0,300,0.5,1700,0.5,1
11,10,1676,2,10,5,0,300,0.5,1700,0.5,1
11,11,2141,2,10,5,0,300,0.5,1700,0.5,1
