0,0,4397,0,0,666,0.42,420,0.58,1
0,1,8331,1,0,666,0.42,420,0.58,1
0,2,6946,2,10,5,0,500,0.6,1000,0.2,1400,0.2,1
0,3,14906,1,0,500,0.6,1000,0.2,1400,0.2,1
0,4,14732,1,0,500,0.6,1000,0.2,1400,0.2,1
0,5,7502,2,10,5,0,300,0.5,1700,0.5,1
0,6,5723,1,0,500,0.6,1000,0.2,1400,0.2,1
0,7,2802,0,0,300,0.5,572,0.32,486,0.18,1
0,8,9836,0,0,300,0.5,1700,0.5,1
0,9,12271,0,0,300,0.5,572,0.32,486,0.18,1
0,10,2242,2,10,5,0,300,0.5,572,0.32,486,0.18,1
0,11,4744,0,0,300,0.5,1700,0.5,1
1,0,5171,1,0,666,0.42,420,0.58,1
1,1,8575,0,0,300,0.5,1700,0.5,1
1,2,8466,0,0,666,0.42,420,0.58,0
1,3,279,1,0,300,0.5,572,0.32,486,0.18,1
1,4,4534,1,0,500,0.6,1000,0.2,1400,0.2,1
1,5,8131,0,0,300,0.5,1700,0.5,1
1,6,4424,0,0,300,0.5,572,0.32,486,0.18,1
1,7,1495,1,0,666,0.42,420,0.58,1
1,8,9679,0,0,500,0.6,1000,0.2,1400,0.2,1
1,9,5591,1,0,300,0.5,1700,0.5,1
1,10,10407,2,10,5,0,500,0.6,1000,0.2,1400,0.2,1
1,11,2490,2,10,5,0,500,0.6,1000,0.2,1400,0.2,1
2,0,7903,2,10,5,0,500,0.6,1000,0.2,1400,0.2,1
2,1,1582,1,0,500,0.6,1000,0.2,1400,0.2,1
2,2,5736,1,0,666,0.42,420,0.58,1
2,3,8689,0,0,500,0.6,1000,0.2,1400,0.2,1
2,4,2168,1,0,666,0.42,420,0.58,1
2,5,10043,1,0,300,0.5,572,0.32,486,0.18,1
2,6,13379,2,10,5,0,300,0.5,1700,0.5,1
2,7,4625,2,10,5,0,300,0.5,1700,0.5,1
2,8,4771,1,0,300,0.5,572,0.32,486,0.18,1
2,9,14447,2,10,5,0,300,0.5,572,0.32,486,0.18,1
2,10,656,1,0,300,0.5,1700,0.5,1
2,11,6233,0,0,500,0.6,1000,0.2,1400,0.2,1
3,0,12795,2,10,5,0,666,0.42,420,0.58,1
3,1,7326,0,0,300,0.5,572,0.32,486,0.18,1
3,2,11789,1,0,300,0.5,572,0.32,486,0.18,1
3,3,9760,2,10,5,0,300,0.5,1700,0.5,1
3,4,4414,1,0,500,0.6,1000,0.2,1400,0.2,1
3,5,6300,2,10,5,0,300,0.5,572,0.32,486,0.18,1
3,6,5249,2,10,5,0,300,0.5,572,0.32,486,0.18,1
3,7,6026,2,10,5,0,300,0.5,1700,0.5,1
3,8,3913,0,0,300,0.5,1700,0.5,1
3,9,10312,0,0,500,0.6,1000,0.2,1400,0.2,1
3,10,10647,1,0,300,0.5,1700,0.5,1
3,11,4732,0,0,666,0.42,420,0.58,1
4,0,1997,1,0,500,0.6,1000,0.2,1400,0.2,1
4,1,12242,1,0,300,0.5,572,0.32,486,0.18,1
4,2,6875,1,0,300,0.5,1700,0.5,1
4,3,10149,0,0,300,0.5,1700,0.5,1
4,4,3829,0,0,666,0.42,420,0.58,1
4,5,1586,0,0,300,0.5,1700,0.5,1
4,6,1235,0,0,300,0.5,1700,0.5,1
4,7,3517,0,0,666,0.42,420,0.58,1
4,8,11910,1,0,500,0.6,1000,0.2,1400,0.2,1
4,9,10979,2,10,5,0,500,0.6,1000,0.2,1400,0.2,1
4,10,3854,1,0,300,0.5,572,0.32,486,0.18,1
4,11,12839,1,0,666,0.42,420,0.58,1
5,0,12166,2,10,5,0,666,0.42,420,0.58,1
5,1,12400,2,10,5,0,300,0.5,572,0.32,486,0.18,1
5,2,12728,2,10,5,0,300,0.5,572,0.32,486,0.18,1
5,3,9020,1,0,500,0.6,1000,0.2,1400,0.2,1
5,4,6746,1,0,666,0.42,420,0.58,1
5,5,2976,2,10,5,0,500,0.6,1000,0.2,1400,0.2,1
5,6,1190,0,0,500,0.6,1000,0.2,1400,0.2,1
5,7,14885,1,0,500,0.6,1000,0.2,1400,0.2,1
5,8,11199,0,0,300,0.5,572,0.32,486,0.18,1
5,9,13943,1,0,666,0.42,420,0.58,1
5,10,3116,1,0,666,0.42,420,0.58,1
5,11,14420,0,0,300,0.5,1700,0.5,1
6,0,8556,2,10,5,0,500,0.6,1000,0.2,1400,0.2,1
6,1,3539,2,10,5,0,500,0.6,1000,0.2,1400,0.2,1
6,2,272,1,0,666,0.42,420,0.58,1
6,3,10506,0,0,500,0.6,1000,0.2,1400,0.2,1
6,4,5102,0,0,666,0.42,420,0.58,1
6,5,5175,2,10,5,0,500,0.6,1000,0.2,1400,0.2,1
6,6,13948,0,0,666,0.42,420,0.58,1
6,7,3911,1,0,666,0.42,420,0.58,1
6,8,2321,2,10,5,0,300,0.5,572,0.32,486,0.18,1
6,9,12920,1,0,666,0.42,420,0.58,1
6,10,10801,0,0,300,0.5,1700,0.5,1
6,11,3493,1,0,300,0.5,1700,0.5,1
7,0,13946,0,0,666,0.42,420,0.58,1
7,1,2143,1,0,666,0.42,420,0.58,1
7,2,10121,2,10,5,0,666,0.42,420,0.58,1
7,3,14526,1,0,300,0.5,1700,0.5,1
7,4,12194,1,0,300,0.5,572,0.32,486,0.18,1
7,5,11542,1,0,300,0.5,572,0.32,486,0.18,1
7,6,7432,2,10,5,0,300,0.5,572,0.32,486,0.18,1
7,7,2207,2,10,5,0,300,0.5,572,0.32,486,0.18,1
7,8,10403,1,0,666,0.42,420,0.58,1
7,9,7396,0,0,300,0.5,1700,0.5,1
7,10,14851,1,0,300,0.5,1700,0.5,1
7,11,12558,1,0,300,0.5,1700,0.5,1
8,0,59,0,0,300,0.5,572,0.32,486,0.18,1
8,1,10980,1,0,300,0.5,1700,0.5,1
8,2,4105,1,0,300,0.5,1700,0.5,1
8,3,1308,0,0,500,0.6,1000,0.2,1400,0.2,1
8,4,919,2,10,5,0,300,0.5,572,0.32,486,0.18,1
8,5,8742,1,0,300,0.5,1700,0.5,1
8,6,8586,2,10,5,0,300,0.5,1700,0.5,1
8,7,1166,0,0,300,0.5,1700,0.5,1
8,8,10646,2,10,5,0,500,0.6,1000,0.2,1400,0.2,1
8,9,2100,0,0,300,0.5,1700,0.5,1
8,10,13685,0,0,300,0.5,1700,0.5,1
8,11,6953,1,0,300,0.5,572,0.32,486,0.18,1
9,0,421,0,0,666,0.42,420,0.58,1
9,1,4190,0,0,500,0.6,1000,0.2,1400,0.2,1
9,2,3695,2,10,5,0,666,0.42,420,0.58,1
9,3,12917,1,0,300,0.5,572,0.32,486,0.18,1
9,4,9724,2,10,5,0,300,0.5,572,0.32,486,0.18,1
9,5,11816,1,0,500,0.6,1000,0.2,1400,0.2,1
9,6,1623,1,0,300,0.5,1700,0.5,1
9,7,3982,0,0,500,0.6,1000,0.2,1400,0.2,1
9,8,6995,1,0,300,0.5,1700,0.5,1
9,9,10344,2,10,5,0,300,0.5,572,0.32,486,0.18,1
9,10,12400,0,0,300,0.5,572,0.32,486,0.18,1
9,11,8191,2,10,5,0,500,0.6,1000,0.2,1400,0.2,1
10,0,24,1,0,300,0.5,1700,0.5,1
10,1,6553,0,0,300,0.5,572,0.32,486,0.18,1
10,2,8050,0,0,300,0.5,572,0.32,486,0.18,1
10,3,10348,1,0,500,0.6,1000,0.2,1400,0.2,1
10,4,12777,2,10,5,0,300,0.5,572,0.32,486,0.18,1
10,5,13457,2,10,5,0,500,0.6,1000,0.2,1400,0.2,1
10,6,13661,2,10,5,0,300,0.5,1700,0.5,1
10,7,2889,1,0,500,0.6,1000,0.2,1400,0.2,1
10,8,14253,0,0,500,0.6,1000,0.2,1400,0.2,1
10,9,10646,1,0,300,0.5,572,0.32,486,0.18,1
10,10,7618,1,0,300,0.5,1700,0.5,1
10,11,770,2,10,5,0,300,0.5,572,0.32,486,0.18,1
11,0,7752,2,10,5,0,666,0.42,420,0.58,1
11,1,13933,1,0,300,0.5,1700,0.5,1
11,2,9054,2,10,5,0,300,0.5,572,0.32,486,0.18,1
11,3,8985,0,0,300,0.5,572,0.32,486,0.18,1
11,4,6964,1,0,666,0.42,420,0.58,1
11,5,11082,1,0,666,0.42,420,0.58,1
11,6,1205,0,0,300,0.5,1700,0.5,1
11,7,10716,1,0,300,0.5,572,0.32,486,0.18,1
11,8,4110,2,10,5,0,300,0.5,1700,0.5,1
11,9,3772,2,10,5,0,666,0.42,420,0.58,1
11,10,8704,1,0,300,0.5,572,0.32,486,0.18,1
11,11,5971,1,0,500,0.6,1000,0.2,1400,0.2,1
