0,0,5630,2,10,5,0,300,0.5,572,0.32,486,0.18,1
0,1,12604,0,0,666,0.42,420,0.58,1
0,2,2625,0,0,300,0.5,1700,0.5,1
0,3,9455,0,0,300,0.5,1700,0.5,1
0,4,14394,1,0,300,0.5,572,0.32,486,0.18,1
0,5,7525,1,0,500,0.6,1000,0.2,1400,0.2,1
0,6,1567,0,0,300,0.5,1700,0.5,1
0,7,6933,1,0,666,0.42,420,0.58,1
0,8,10065,1,0,500,0.6,1000,0.2,1400,0.2,1
0,9,8915,1,0,500,0.6,1000,0.2,1400,0.2,1
0,10,1827,1,0,500,0.6,1000,0.2,1400,0.2,1
0,11,5790,2,10,5,0,300,0.5,1700,0.5,1
1,0,10520,0,0,500,0.6,1000,0.2,1400,0.2,1
1,1,11781,1,0,300,0.5,1700,0.5,1
1,2,4870,1,0,300,0.5,1700,0.5,0
1,3,9758,2,10,5,0,666,0.42,420,0.58,1
1,4,7723,0,0,666,0.42,420,0.58,1
1,5,1046,2,10,5,0,300,0.5,1700,0.5,1
1,6,10287,2,10,5,0,300,0.5,1700,0.5,1
1,7,7436,2,10,5,0,300,0.5,1700,0.5,1
1,8,2038,0,0,666,0.42,420,0.58,1
1,9,3564,0,0,500,0.6,1000,0.2,1400,0.2,1
1,10,72,1,0,666,0.42,420,0.58,1
1,11,13692,2,10,5,0,300,0.5,1700,0.5,1
2,0,11453,1,0,500,0.6,1000,0.2,1400,0.2,1
2,1,9726,2,10,5,0,300,0.5,1700,0.5,1
2,2,10224,2,10,5,0,666,0.42,420,0.58,1
2,3,14274,0,0,300,0.5,1700,0.5,1
2,4,9889,0,0,666,0.42,420,0.58,1
2,5,10952,1,0,300,0.5,1700,0.5,1
2,6,4709,0,0,300,0.5,572,0.32,486,0.18,1
2,7,11881,0,0,300,0.5,1700,0.5,1
2,8,5162,0,0,300,0.5,1700,0.5,1
2,9,11142,1,0,300,0.5,1700,0.5,1
2,10,11534,0,0,300,0.5,572,0.32,486,0.18,1
2,11,3867,0,0,300,0.5,1700,0.5,1
3,0,2974,2,10,5,0,300,0.5,572,0.32,486,0.18,1
3,1,13771,0,0,300,0.5,572,0.32,486,0.18,1
3,2,1769,0,0,500,0.6,1000,0.2,1400,0.2,1
3,3,2177,0,0,300,0.5,572,0.32,486,0.18,1
3,4,9373,2,10,5,0,500,0.6,1000,0.2,1400,0.2,1
3,5,188,0,0,300,0.5,1700,0.5,1
3,6,6591,2,10,5,0,666,0.42,420,0.58,1
3,7,9876,0,0,666,0.42,420,0.58,1
3,8,9746,0,0,300,0.5,1700,0.5,1
3,9,2297,0,0,666,0.42,420,0.58,1
3,10,12228,1,0,500,0.6,1000,0.2,1400,0.2,1
3,11,8267,2,10,5,0,300,0.5,572,0.32,486,0.18,1
4,0,9383,2,10,5,0,500,0.6,1000,0.2,1400,0.2,1
4,1,6240,1,0,300,0.5,1700,0.5,1
4,2,5634,1,0,300,0.5,1700,0.5,1
4,3,10727,0,0,300,0.5,572,0.32,486,0.18,1
4,4,9482,1,0,300,0.5,572,0.32,486,0.18,1
4,5,1798,1,0,666,0.42,420,0.58,1
4,6,5760,2,10,5,0,666,0.42,420,0.58,1
4,7,7409,1,0,300,0.5,1700,0.5,1
4,8,10284,2,10,5,0,300,0.5,1700,0.5,1
4,9,2470,1,0,500,0.6,1000,0.2,1400,0.2,1
4,10,12798,1,0,500,0.6,1000,0.2,1400,0.2,1
4,11,4856,2,10,5,0,500,0.6,1000,0.2,1400,0.2,1
5,0,5028,1,0,300,0.5,572,0.32,486,0.18,1
5,1,3186,1,0,300,0.5,572,0.32,486,0.18,1
5,2,14988,0,0,300,0.5,1700,0.5,1
5,3,6619,0,0,300,0.5,572,0.32,486,0.18,1
5,4,11176,2,10,5,0,500,0.6,1000,0.2,1400,0.2,1
5,5,1731,0,0,666,0.42,420,0.58,1
5,6,730,0,0,666,0.42,420,0.58,1
5,7,10723,0,0,666,0.42,420,0.58,1
5,8,6367,0,0,300,0.5,1700,0.5,1
5,9,12052,0,0,500,0.6,1000,0.2,1400,0.2,1
5,10,10047,1,0,500,0.6,1000,0.2,1400,0.2,1
5,11,9905,1,0,300,0.5,1700,0.5,1
6,0,6713,2,10,5,0,300,0.5,572,0.32,486,0.18,1
6,1,10736,1,0,300,0.5,572,0.32,486,0.18,1
6,2,7973,1,0,666,0.42,420,0.58,1
6,3,3213,2,10,5,0,300,0.5,572,0.32,486,0.18,1
6,4,3321,1,0,300,0.5,572,0.32,486,0.18,1
6,5,10843,1,0,500,0.6,1000,0.2,1400,0.2,1
6,6,323,0,0,300,0.5,1700,0.5,1
6,7,3495,2,10,5,0,300,0.5,572,0.32,486,0.18,1
6,8,4357,2,10,5,0,300,0.5,1700,0.5,1
6,9,597,2,10,5,0,300,0.5,572,0.32,486,0.18,1
6,10,9015,0,0,500,0.6,1000,0.2,1400,0.2,1
6,11,13284,2,10,5,0,666,0.42,420,0.58,1
7,0,8608,0,0,666,0.42,420,0.58,1
7,1,12934,1,0,666,0.42,420,0.58,1
7,2,1702,1,0,666,0.42,420,0.58,1
7,3,7187,0,0,300,0.5,572,0.32,486,0.18,1
7,4,8057,2,10,5,0,300,0.5,572,0.32,486,0.18,1
7,5,6349,1,0,300,0.5,1700,0.5,1
7,6,9496,1,0,666,0.42,420,0.58,1
7,7,14545,1,0,666,0.42,420,0.58,1
7,8,8984,2,10,5,0,500,0.6,1000,0.2,1400,0.2,1
7,9,2832,0,0,666,0.42,420,0.58,1
7,10,3343,2,10,5,0,500,0.6,1000,0.2,1400,0.2,1
7,11,12938,1,0,300,0.5,1700,0.5,1
8,0,3037,1,0,666,0.42,420,0.58,1
8,1,5157,2,10,5,0,300,0.5,572,0.32,486,0.18,1
8,2,10757,1,0,666,0.42,420,0.58,1
8,3,2012,0,0,300,0.5,572,0.32,486,0.18,1
8,4,6359,0,0,666,0.42,420,0.58,1
8,5,7131,1,0,300,0.5,1700,0.5,1
8,6,5035,1,0,666,0.42,420,0.58,1
8,7,8953,0,0,300,0.5,572,0.32,486,0.18,1
8,8,6325,1,0,666,0.42,420,0.58,1
8,9,11200,0,0,666,0.42,420,0.58,1
8,10,14454,1,0,666,0.42,420,0.58,1
8,11,12813,0,0,300,0.5,1700,0.5,1
9,0,6720,2,10,5,0,500,0.6,1000,0.2,1400,0.2,1
9,1,8350,1,0,300,0.5,1700,0.5,1
9,2,8541,0,0,300,0.5,572,0.32,486,0.18,1
9,3,10925,0,0,300,0.5,572,0.32,486,0.18,1
9,4,880,2,10,5,0,666,0.42,420,0.58,1
9,5,7588,0,0,500,0.6,1000,0.2,1400,0.2,1
9,6,7058,1,0,500,0.6,1000,0.2,1400,0.2,1
9,7,11936,0,0,666,0.42,420,0.58,1
9,8,5261,2,10,5,0,300,0.5,572,0.32,486,0.18,1
9,9,2103,2,10,5,0,666,0.42,420,0.58,1
9,10,3618,2,10,5,0,300,0.5,572,0.32,486,0.18,1
9,11,10760,1,0,300,0.5,1700,0.5,1
10,0,14495,0,0,300,0.5,572,0.32,486,0.18,1
10,1,14566,0,0,300,0.5,572,0.32,486,0.18,1
10,2,1064,2,10,5,0,500,0.6,1000,0.2,1400,0.2,1
10,3,13769,0,0,300,0.5,1700,0.5,1
10,4,5804,1,0,300,0.5,1700,0.5,1
10,5,12236,0,0,500,0.6,1000,0.2,1400,0.2,1
10,6,6753,1,0,500,0.6,1000,0.2,1400,0.2,1
10,7,1824,0,0,300,0.5,572,0.32,486,0.18,1
10,8,8307,2,10,5,0,666,0.42,420,0.58,1
10,9,8413,1,0,500,0.6,1000,0.2,1400,0.2,1
10,10,4682,1,0,666,0.42,420,0.58,1
10,11,14266,0,0,300,0.5,1700,0.5,1
11,0,12696,1,0,500,0.6,1000,0.2,1400,0.2,1
11,1,11894,1,0,300,0.5,1700,0.5,1
11,2,670,1,0,500,0.6,1000,0.2,1400,0.2,1
11,3,10862,2,10,5,0,500,0.6,1000,0.2,1400,0.2,1
11,4,8687,0,0,666,0.42,420,0.58,1
11,5,1251,0,0,666,0.42,420,0.58,1
11,6,10751,1,0,500,0.6,1000,0.2,1400,0.2,1
11,7,5193,0,0,300,0.5,572,0.32,486,0.18,1
11,8,10376,2,10,5,0,500,0.6,1000,0.2,1400,0.2,1
11,9,11714,2,10,5,0,300,0.5,572,0.32,486,0.18,1
11,10,7396,1,0,300,0.5,572,0.32,486,0.18,1
11,11,9462,0,0,300,0.5,1700,0.5,1
