0,0,10499,2,10,5,0,500,0.6,1000,0.2,1400,0.2,1
0,1,12572,0,0,300,0.5,1700,0.5,1
0,2,12938,0,0,500,0.6,1000,0.2,1400,0.2,1
0,3,6370,0,0,300,0.5,1700,0.5,1
0,4,3460,2,10,5,0,300,0.5,1700,0.5,1
0,5,10873,1,0,666,0.42,420,0.58,1
0,6,2665,2,10,5,0,500,0.6,1000,0.2,1400,0.2,1
0,7,7241,2,10,5,0,300,0.5,572,0.32,486,0.18,1
0,8,3757,0,0,666,0.42,420,0.58,1
0,9,7849,1,0,666,0.42,420,0.58,1
0,10,14072,2,10,5,0,300,0.5,572,0.32,486,0.18,1
0,11,2713,2,10,5,0,300,0.5,1700,0.5,1
1,0,5274,2,10,5,0,300,0.5,1700,0.5,1
1,1,11546,2,10,5,0,666,0.42,420,0.58,1
1,2,8048,1,0,300,0.5,1700,0.5,0
1,3,11796,0,0,300,0.5,572,0.32,486,0.18,1
1,4,7930,2,10,5,0,300,0.5,1700,0.5,1
1,5,4304,1,0,666,0.42,420,0.58,1
1,6,14695,2,10,5,0,300,0.5,572,0.32,486,0.18,1
1,7,11925,1,0,500,0.6,1000,0.2,1400,0.2,1
1,8,6867,1,0,300,0.5,1700,0.5,1
1,9,3921,0,0,300,0.5,1700,0.5,1
1,10,9801,2,10,5,0,500,0.6,1000,0.2,1400,0.2,1
1,11,6150,0,0,500,0.6,1000,0.2,1400,0.2,1
2,0,3986,0,0,300,0.5,1700,0.5,1
2,1,10861,1,0,300,0.5,1700,0.5,1
2,2,8932,2,10,5,0,666,0.42,420,0.58,1
2,3,1708,2,10,5,0,500,0.6,1000,0.2,1400,0.2,1
2,4,6601,0,0,300,0.5,572,0.32,486,0.18,1
2,5,10245,2,10,5,0,300,0.5,1700,0.5,1
2,6,8526,0,0,300,0.5,1700,0.5,1
2,7,13741,1,0,500,0.6,1000,0.2,1400,0.2,1
2,8,13718,1,0,500,0.6,1000,0.2,1400,0.2,1
2,9,3845,0,0,500,0.6,1000,0.2,1400,0.2,1
2,10,1774,2,10,5,0,500,0.6,1000,0.2,1400,0.2,1
2,11,7452,0,0,300,0.5,572,0.32,486,0.18,1
3,0,1732,1,0,666,0.42,420,0.58,1
3,1,9332,1,0,300,0.5,1700,0.5,1
3,2,9248,0,0,300,0.5,572,0.32,486,0.18,1
3,3,1540,0,0,300,0.5,1700,0.5,1
3,4,14802,1,0,500,0.6,1000,0.2,1400,0.2,1
3,5,314,0,0,500,0.6,1000,0.2,1400,0.2,1
3,6,5843,1,0,300,0.5,572,0.32,486,0.18,1
3,7,14863,2,10,5,0,300,0.5,572,0.32,486,0.18,1
3,8,14825,0,0,300,0.5,1700,0.5,1
3,9,13897,0,0,300,0.5,1700,0.5,1
3,10,10506,0,0,300,0.5,572,0.32,486,0.18,1
3,11,11355,0,0,300,0.5,572,0.32,486,0.18,1
4,0,2034,1,0,300,0.5,572,0.32,486,0.18,1
4,1,14165,0,0,500,0.6,1000,0.2,1400,0.2,1
4,2,2171,1,0,500,0.6,1000,0.2,1400,0.2,1
4,3,8167,1,0,666,0.42,420,0.58,1
4,4,4117,1,0,300,0.5,1700,0.5,1
4,5,758,1,0,500,0.6,1000,0.2,1400,0.2,1
4,6,7377,2,10,5,0,300,0.5,572,0.32,486,0.18,1
4,7,12287,0,0,666,0.42,420,0.58,1
4,8,6802,1,0,666,0.42,420,0.58,1
4,9,4693,0,0,300,0.5,1700,0.5,1
4,10,788,2,10,5,0,500,0.6,1000,0.2,1400,0.2,1
4,11,12939,1,0,300,0.5,1700,0.5,1
5,0,12489,2,10,5,0,300,0.5,572,0.32,486,0.18,1
5,1,13466,2,10,5,0,500,0.6,1000,0.2,1400,0.2,1
5,2,5113,1,0,666,0.42,420,0.58,1
5,3,12715,2,10,5,0,300,0.5,1700,0.5,1
5,4,8890,1,0,300,0.5,1700,0.5,1
5,5,14465,1,0,300,0.5,1700,0.5,1
5,6,6483,2,10,5,0,500,0.6,1000,0.2,1400,0.2,1
5,7,2040,0,0,666,0.42,420,0.58,1
5,8,11075,1,0,666,0.42,420,0.58,1
5,9,6775,0,0,500,0.6,1000,0.2,1400,0.2,1
5,10,13980,1,0,300,0.5,572,0.32,486,0.18,1
5,11,12706,2,10,5,0,666,0.42,420,0.58,1
6,0,5264,2,10,5,0,666,0.42,420,0.58,1
6,1,3867,0,0,300,0.5,1700,0.5,1
6,2,1389,1,0,300,0.5,572,0.32,486,0.18,1
6,3,438,1,0,666,0.42,420,0.58,1
6,4,14000,1,0,300,0.5,572,0.32,486,0.18,1
6,5,2548,2,10,5,0,300,0.5,572,0.32,486,0.18,1
6,6,10256,1,0,300,0.5,572,0.32,486,0.18,1
6,7,8368,0,0,666,0.42,420,0.58,1
6,8,5640,0,0,666,0.42,420,0.58,1
6,9,2648,2,10,5,0,500,0.6,1000,0.2,1400,0.2,1
6,10,10099,2,10,5,0,666,0.42,420,0.58,1
6,11,1168,1,0,300,0.5,572,0.32,486,0.18,1
7,0,10129,0,0,300,0.5,572,0.32,486,0.18,1
7,1,14646,0,0,500,0.6,1000,0.2,1400,0.2,1
7,2,2013,0,0,666,0.42,420,0.58,1
7,3,4698,2,10,5,0,666,0.42,420,0.58,1
7,4,3268,2,10,5,0,300,0.5,1700,0.5,1
7,5,11669,0,0,300,0.5,572,0.32,486,0.18,1
7,6,720,2,10,5,0,300,0.5,572,0.32,486,0.18,1
7,7,1454,0,0,300,0.5,572,0.32,486,0.18,1
7,8,2632,0,0,300,0.5,572,0.32,486,0.18,1
7,9,10552,0,0,666,0.42,420,0.58,1
7,10,4402,1,0,666,0.42,420,0.58,1
7,11,851,2,10,5,0,500,0.6,1000,0.2,1400,0.2,1
8,0,11647,1,0,666,0.42,420,0.58,1
8,1,2074,2,10,5,0,666,0.42,420,0.58,1
8,2,3243,1,0,666,0.42,420,0.58,1
8,3,8961,1,0,300,0.5,1700,0.5,1
8,4,1075,0,0,500,0.6,1000,0.2,1400,0.2,1
8,5,9392,2,10,5,0,500,0.6,1000,0.2,1400,0.2,1
8,6,12173,2,10,5,0,500,0.6,1000,0.2,1400,0.2,1
8,7,12028,0,0,500,0.6,1000,0.2,1400,0.2,1
8,8,3775,2,10,5,0,500,0.6,1000,0.2,1400,0.2,1
8,9,14724,1,0,300,0.5,572,0.32,486,0.18,1
8,10,6837,0,0,500,0.6,1000,0.2,1400,0.2,1
8,11,14132,2,10,5,0,300,0.5,1700,0.5,1
9,0,6686,0,0,300,0.5,572,0.32,486,0.18,1
9,1,7684,0,0,500,0.6,1000,0.2,1400,0.2,1
9,2,728,0,0,666,0.42,420,0.58,1
9,3,9748,2,10,5,0,300,0.5,572,0.32,486,0.18,1
9,4,3832,2,10,5,0,300,0.5,1700,0.5,1
9,5,10385,1,0,500,0.6,1000,0.2,1400,0.2,1
9,6,10089,1,0,300,0.5,572,0.32,486,0.18,1
9,7,12310,2,10,5,0,666,0.42,420,0.58,1
9,8,2494,2,10,5,0,300,0.5,1700,0.5,1
9,9,13073,0,0,500,0.6,1000,0.2,1400,0.2,1
9,10,4434,1,0,500,0.6,1000,0.2,1400,0.2,1
9,11,91,0,0,500,0.6,1000,0.2,1400,0.2,1
10,0,3642,1,0,666,0.42,420,0.58,1
10,1,4616,2,10,5,0,300,0.5,572,0.32,486,0.18,1
10,2,11608,1,0,500,0.6,1000,0.2,1400,0.2,1
10,3,4737,1,0,300,0.5,1700,0.5,1
10,4,149,0,0,500,0.6,1000,0.2,1400,0.2,1
10,5,6416,1,0,500,0.6,1000,0.2,1400,0.2,1
10,6,5683,1,0,300,0.5,1700,0.5,1
10,7,13687,1,0,300,0.5,572,0.32,486,0.18,1
10,8,2803,2,10,5,0,300,0.5,572,0.32,486,0.18,1
10,9,12368,0,0,300,0.5,1700,0.5,1
10,10,5625,2,10,5,0,300,0.5,1700,0.5,1
10,11,9498,1,0,500,0.6,1000,0.2,1400,0.2,1
11,0,7385,1,0,500,0.6,1000,0.2,1400,0.2,1
11,1,9993,1,0,300,0.5,1700,0.5,1
11,2,5711,1,0,300,0.5,572,0.32,486,0.18,1
11,3,4066,1,0,300,0.5,572,0.32,486,0.18,1
11,4,3226,2,10,5,0,300,0.5,572,0.32,486,0.18,1
11,5,12822,2,10,5,0,300,0.5,1700,0.5,1
11,6,10448,2,10,5,0,666,0.42,420,0.58,1
11,7,10238,2,10,5,0,300,0.5,572,0.32,486,0.18,1
11,8,13180,0,0,500,0.6,1000,0.2,1400,0.2,1
11,9,13563,0,0,300,0.5,1700,0.5,1
11,10,3353,1,0,666,0.42,420,0.58,1
11,11,6436,0,0,500,0.6,1000,0.2,1400,0.2,1
