0,0,1512,2,10,5,0,666,0.42,420,0.58,1
0,1,2860,1,0,300,0.5,1700,0.5,1
0,2,11821,2,10,5,0,500,0.6,1000,0.2,1400,0.2,1
0,3,5752,1,0,666,0.42,420,0.58,1
0,4,11027,0,0,300,0.5,572,0.32,486,0.18,1
0,5,8412,0,0,666,0.42,420,0.58,1
0,6,14712,2,10,5,0,666,0.42,420,0.58,1
0,7,2010,2,10,5,0,300,0.5,572,0.32,486,0.18,1
0,8,13634,1,0,500,0.6,1000,0.2,1400,0.2,1
0,9,9615,2,10,5,0,300,0.5,572,0.32,486,0.18,1
0,10,1212,0,0,666,0.42,420,0.58,1
0,11,9440,2,10,5,0,300,0.5,1700,0.5,1
1,0,11747,1,0,500,0.6,1000,0.2,1400,0.2,1
1,1,227,0,0,300,0.5,572,0.32,486,0.18,1
1,2,2863,0,0,666,0.42,420,0.58,0
1,3,6917,2,10,5,0,500,0.6,1000,0.2,1400,0.2,1
1,4,12362,0,0,300,0.5,572,0.32,486,0.18,1
1,5,5153,1,0,666,0.42,420,0.58,1
1,6,9568,0,0,666,0.42,420,0.58,1
1,7,5936,1,0,500,0.6,1000,0.2,1400,0.2,1
1,8,2279,1,0,500,0.6,1000,0.2,1400,0.2,1
1,9,11968,1,0,300,0.5,1700,0.5,1
1,10,6189,2,10,5,0,666,0.42,420,0.58,1
1,11,2181,1,0,300,0.5,1700,0.5,1
2,0,12339,0,0,300,0.5,1700,0.5,1
2,1,9691,2,10,5,0,300,0.5,1700,0.5,1
2,2,7263,2,10,5,0,666,0.42,420,0.58,1
2,3,12006,0,0,300,0.5,572,0.32,486,0.18,1
2,4,11285,2,10,5,0,666,0.42,420,0.58,1
2,5,5820,2,10,5,0,300,0.5,1700,0.5,1
2,6,3516,2,10,5,0,500,0.6,1000,0.2,1400,0.2,1
2,7,8724,2,10,5,0,666,0.42,420,0.58,1
2,8,4519,0,0,666,0.42,420,0.58,1
2,9,481,0,0,666,0.42,420,0.58,1
2,10,1802,2,10,5,0,300,0.5,1700,0.5,1
2,11,14414,2,10,5,0,300,0.5,572,0.32,486,0.18,1
3,0,13572,2,10,5,0,300,0.5,572,0.32,486,0.18,1
3,1,7638,0,0,300,0.5,1700,0.5,1
3,2,2479,0,0,500,0.6,1000,0.2,1400,0.2,1
3,3,3513,0,0,666,0.42,420,0.58,1
3,4,14649,0,0,666,0.42,420,0.58,1
3,5,437,1,0,300,0.5,572,0.32,486,0.18,1
3,6,9983,1,0,500,0.6,1000,0.2,1400,0.2,1
3,7,164,2,10,5,0,666,0.42,420,0.58,1
3,8,5337,1,0,666,0.42,420,0.58,1
3,9,9734,0,0,666,0.42,420,0.58,1
3,10,10922,2,10,5,0,300,0.5,572,0.32,486,0.18,1
3,11,6971,0,0,500,0.6,1000,0.2,1400,0.2,1
4,0,11972,2,10,5,0,500,0.6,1000,0.2,1400,0.2,1
4,1,2545,0,0,500,0.6,1000,0.2,1400,0.2,1
4,2,3334,0,0,500,0.6,1000,0.2,1400,0.2,1
4,3,14603,0,0,666,0.42,420,0.58,1
4,4,13020,2,10,5,0,500,0.6,1000,0.2,1400,0.2,1
4,5,10415,2,10,5,0,500,0.6,1000,0.2,1400,0.2,1
4,6,9335,0,0,300,0.5,1700,0.5,1
4,7,12574,1,0,300,0.5,1700,0.5,1
4,8,2698,0,0,300,0.5,1700,0.5,1
4,9,5219,0,0,300,0.5,572,0.32,486,0.18,1
4,10,2482,1,0,300,0.5,1700,0.5,1
4,11,3302,1,0,666,0.42,420,0.58,1
5,0,2254,0,0,666,0.42,420,0.58,1
5,1,6588,1,0,300,0.5,572,0.32,486,0.18,1
5,2,4100,0,0,500,0.6,1000,0.2,1400,0.2,1
5,3,8397,0,0,666,0.42,420,0.58,1
5,4,13091,0,0,666,0.42,420,0.58,1
5,5,8656,0,0,300,0.5,1700,0.5,1
5,6,11158,1,0,500,0.6,1000,0.2,1400,0.2,1
5,7,3636,1,0,500,0.6,1000,0.2,1400,0.2,1
5,8,5256,2,10,5,0,666,0.42,420,0.58,1
5,9,1392,1,0,300,0.5,1700,0.5,1
5,10,13017,0,0,300,0.5,1700,0.5,1
5,11,9425,1,0,500,0.6,1000,0.2,1400,0.2,1
6,0,9204,0,0,300,0.5,1700,0.5,1
6,1,5888,2,10,5,0,666,0.42,420,0.58,1
6,2,4811,1,0,500,0.6,1000,0.2,1400,0.2,1
6,3,8505,0,0,666,0.42,420,0.58,1
6,4,8810,2,10,5,0,500,0.6,1000,0.2,1400,0.2,1
6,5,6692,0,0,300,0.5,1700,0.5,1
6,6,2284,2,10,5,0,300,0.5,1700,0.5,1
6,7,4608,0,0,666,0.42,420,0.58,1
6,8,14124,0,0,666,0.42,420,0.58,1
6,9,3490,2,10,5,0,300,0.5,1700,0.5,1
6,10,3345,0,0,300,0.5,1700,0.5,1
6,11,10210,2,10,5,0,300,0.5,1700,0.5,1
7,0,8757,1,0,666,0.42,420,0.58,1
7,1,14804,1,0,666,0.42,420,0.58,1
7,2,7129,0,0,500,0.6,1000,0.2,1400,0.2,1
7,3,5798,0,0,500,0.6,1000,0.2,1400,0.2,1
7,4,1661,0,0,666,0.42,420,0.58,1
7,5,9816,1,0,300,0.5,1700,0.5,1
7,6,2498,0,0,500,0.6,1000,0.2,1400,0.2,1
7,7,2661,0,0,300,0.5,572,0.32,486,0.18,1
7,8,14118,1,0,666,0.42,420,0.58,1
7,9,11963,1,0,666,0.42,420,0.58,1
7,10,6405,2,10,5,0,500,0.6,1000,0.2,1400,0.2,1
7,11,5303,1,0,300,0.5,572,0.32,486,0.18,1
8,0,10635,1,0,300,0.5,572,0.32,486,0.18,1
8,1,11669,2,10,5,0,300,0.5,572,0.32,486,0.18,1
8,2,963,1,0,300,0.5,1700,0.5,1
8,3,11588,0,0,300,0.5,1700,0.5,1
8,4,8668,1,0,500,0.6,1000,0.2,1400,0.2,1
8,5,6341,2,10,5,0,666,0.42,420,0.58,1
8,6,6957,0,0,300,0.5,1700,0.5,1
8,7,906,0,0,666,0.42,420,0.58,1
8,8,4235,0,0,300,0.5,1700,0.5,1
8,9,6299,2,10,5,0,666,0.42,420,0.58,1
8,10,14061,0,0,300,0.5,1700,0.5,1
8,11,4740,2,10,5,0,500,0.6,1000,0.2,1400,0.2,1
9,0,4626,2,10,5,0,300,0.5,1700,0.5,1
9,1,14277,1,0,500,0.6,1000,0.2,1400,0.2,1
9,2,9584,1,0,300,0.5,1700,0.5,1
9,3,12259,2,10,5,0,500,0.6,1000,0.2,1400,0.2,1
9,4,2093,0,0,666,0.42,420,0.58,1
9,5,4152,0,0,666,0.42,420,0.58,1
9,6,11570,2,10,5,0,500,0.6,1000,0.2,1400,0.2,1
9,7,12361,0,0,500,0.6,1000,0.2,1400,0.2,1
9,8,7515,2,10,5,0,500,0.6,1000,0.2,1400,0.2,1
9,9,10475,0,0,500,0.6,1000,0.2,1400,0.2,1
9,10,600,2,10,5,0,300,0.5,1700,0.5,1
9,11,13584,1,0,666,0.42,420,0.58,1
10,0,167,2,10,5,0,300,0.5,572,0.32,486,0.18,1
10,1,5727,0,0,300,0.5,1700,0.5,1
10,2,3591,0,0,300,0.5,572,0.32,486,0.18,1
10,3,14560,1,0,300,0.5,1700,0.5,1
10,4,8824,0,0,666,0.42,420,0.58,1
10,5,6763,2,10,5,0,666,0.42,420,0.58,1
10,6,5155,2,10,5,0,300,0.5,1700,0.5,1
10,7,8737,2,10,5,0,300,0.5,1700,0.5,1
10,8,10374,0,0,500,0.6,1000,0.2,1400,0.2,1
10,9,13196,2,10,5,0,300,0.5,1700,0.5,1
10,10,11038,0,0,666,0.42,420,0.58,1
10,11,4495,1,0,500,0.6,1000,0.2,1400,0.2,1
11,0,9909,1,0,300,0.5,572,0.32,486,0.18,1
11,1,7669,0,0,300,0.5,572,0.32,486,0.18,1
11,2,12562,2,10,5,0,500,0.6,1000,0.2,1400,0.2,1
11,3,10902,1,0,300,0.5,1700,0.5,1
11,4,4107,0,0,500,0.6,1000,0.2,1400,0.2,1
11,5,2362,0,0,300,0.5,1700,0.5,1
11,6,12975,0,0,500,0.6,1000,0.2,1400,0.2,1
11,7,68,0,0,300,0.5,1700,0.5,1
11,8,2463,0,0,666,0.42,420,0.58,1
11,9,13838,1,0,300,0.5,1700,0.5,1
11,10,3469,2,10,5,0,666,0.42,420,0.58,1
11,11,1159,1,0,666,0.42,420,0.58,1
