0,0,11869,0,0,300,0.5,572,0.32,486,0.18,1
0,1,6500,1,0,500,0.6,1000,0.2,1400,0.2,1
0,2,6944,0,0,500,0.6,1000,0.2,1400,0.2,1
0,3,12363,1,0,666,0.42,420,0.58,1
0,4,4878,1,0,500,0.6,1000,0.2,1400,0.2,1
0,5,13016,1,0,300,0.5,572,0.32,486,0.18,1
0,6,8660,1,0,500,0.6,1000,0.2,1400,0.2,1
0,7,1736,0,0,500,0.6,1000,0.2,1400,0.2,1
0,8,13309,1,0,300,0.5,572,0.32,486,0.18,1
0,9,10205,1,0,500,0.6,1000,0.2,1400,0.2,1
0,10,13703,2,10,5,0,300,0.5,1700,0.5,1
0,11,81,0,0,666,0.42,420,0.58,1
1,0,2598,0,0,666,0.42,420,0.58,1
1,1,721,1,0,500,0.6,1000,0.2,1400,0.2,1
1,2,4995,1,0,500,0.6,1000,0.2,1400,0.2,0
1,3,14091,1,0,666,0.42,420,0.58,1
1,4,10488,2,10,5,0,300,0.5,1700,0.5,1
1,5,1454,0,0,666,0.42,420,0.58,1
1,6,6686,1,0,666,0.42,420,0.58,1
1,7,5817,2,10,5,0,500,0.6,1000,0.2,1400,0.2,1
1,8,12309,1,0,500,0.6,1000,0.2,1400,0.2,1
1,9,5102,1,0,500,0.6,1000,0.2,1400,0.2,1
1,10,15000,1,0,300,0.5,572,0.32,486,0.18,1
1,11,14650,0,0,500,0.6,1000,0.2,1400,0.2,1
2,0,14979,1,0,666,0.42,420,0.58,1
2,1,11784,1,0,300,0.5,572,0.32,486,0.18,1
2,2,14647,2,10,5,0,300,0.5,1700,0.5,1
2,3,8460,1,0,300,0.5,1700,0.5,1
2,4,14954,0,0,500,0.6,1000,0.2,1400,0.2,1
2,5,12657,2,10,5,0,666,0.42,420,0.58,1
2,6,11166,1,0,500,0.6,1000,0.2,1400,0.2,1
2,7,7623,0,0,300,0.5,1700,0.5,1
2,8,7793,1,0,666,0.42,420,0.58,1
2,9,12235,0,0,300,0.5,572,0.32,486,0.18,1
2,10,2687,2,10,5,0,666,0.42,420,0.58,1
2,11,14254,0,0,666,0.42,420,0.58,1
3,0,14367,1,0,666,0.42,420,0.58,1
3,1,11937,1,0,300,0.5,572,0.32,486,0.18,1
3,2,11164,1,0,300,0.5,572,0.32,486,0.18,1
3,3,13946,0,0,300,0.5,572,0.32,486,0.18,1
3,4,6141,0,0,300,0.5,1700,0.5,1
3,5,14419,1,0,500,0.6,1000,0.2,1400,0.2,1
3,6,5054,0,0,666,0.42,420,0.58,1
3,7,6074,2,10,5,0,300,0.5,572,0.32,486,0.18,1
3,8,14089,1,0,300,0.5,572,0.32,486,0.18,1
3,9,6856,1,0,300,0.5,572,0.32,486,0.18,1
3,10,2919,1,0,300,0.5,1700,0.5,1
3,11,10303,0,0,300,0.5,572,0.32,486,0.18,1
4,0,13962,1,0,666,0.42,420,0.58,1
4,1,12696,0,0,666,0.42,420,0.58,1
4,2,14628,1,0,300,0.5,572,0.32,486,0.18,1
4,3,8981,0,0,300,0.5,1700,0.5,1
4,4,12991,0,0,300,0.5,572,0.32,486,0.18,1
4,5,3273,1,0,300,0.5,572,0.32,486,0.18,1
4,6,2602,1,0,666,0.42,420,0.58,1
4,7,6857,2,10,5,0,666,0.42,420,0.58,1
4,8,4623,1,0,666,0.42,420,0.58,1
4,9,225,0,0,300,0.5,1700,0.5,1
4,10,88,2,10,5,0,666,0.42,420,0.58,1
4,11,3560,2,10,5,0,300,0.5,1700,0.5,1
5,0,1616,2,10,5,0,666,0.42,420,0.58,1
5,1,11920,2,10,5,0,666,0.42,420,0.58,1
5,2,7811,2,10,5,0,300,0.5,572,0.32,486,0.18,1
5,3,11979,2,10,5,0,666,0.42,420,0.58,1
5,4,6222,1,0,300,0.5,572,0.32,486,0.18,1
5,5,5453,2,10,5,0,300,0.5,572,0.32,486,0.18,1
5,6,10543,1,0,500,0.6,1000,0.2,1400,0.2,1
5,7,7292,0,0,300,0.5,572,0.32,486,0.18,1
5,8,1090,1,0,300,0.5,572,0.32,486,0.18,1
5,9,108,2,10,5,0,300,0.5,572,0.32,486,0.18,1
5,10,5030,2,10,5,0,300,0.5,1700,0.5,1
5,11,13383,2,10,5,0,666,0.42,420,0.58,1
6,0,4486,0,0,500,0.6,1000,0.2,1400,0.2,1
6,1,608,1,0,666,0.42,420,0.58,1
6,2,917,0,0,500,0.6,1000,0.2,1400,0.2,1
6,3,3019,2,10,5,0,500,0.6,1000,0.2,1400,0.2,1
6,4,6470,2,10,5,0,666,0.42,420,0.58,1
6,5,7423,0,0,500,0.6,1000,0.2,1400,0.2,1
6,6,8925,0,0,500,0.6,1000,0.2,1400,0.2,1
6,7,11343,0,0,666,0.42,420,0.58,1
6,8,2765,1,0,300,0.5,572,0.32,486,0.18,1
6,9,11714,1,0,300,0.5,1700,0.5,1
6,10,5180,2,10,5,0,500,0.6,1000,0.2,1400,0.2,1
6,11,5749,1,0,500,0.6,1000,0.2,1400,0.2,1
7,0,5328,1,0,300,0.5,572,0.32,486,0.18,1
7,1,4614,0,0,300,0.5,572,0.32,486,0.18,1
7,2,13050,2,10,5,0,300,0.5,1700,0.5,1
7,3,966,0,0,300,0.5,572,0.32,486,0.18,1
7,4,12790,1,0,666,0.42,420,0.58,1
7,5,1906,1,0,300,0.5,1700,0.5,1
7,6,3963,2,10,5,0,300,0.5,572,0.32,486,0.18,1
7,7,7781,1,0,300,0.5,1700,0.5,1
7,8,5522,1,0,300,0.5,1700,0.5,1
7,9,11634,2,10,5,0,300,0.5,572,0.32,486,0.18,1
7,10,8774,0,0,666,0.42,420,0.58,1
7,11,3530,0,0,666,0.42,420,0.58,1
8,0,6746,0,0,666,0.42,420,0.58,1
8,1,3389,0,0,500,0.6,1000,0.2,1400,0.2,1
8,2,3252,1,0,666,0.42,420,0.58,1
8,3,8025,2,10,5,0,300,0.5,1700,0.5,1
8,4,11598,0,0,300,0.5,1700,0.5,1
8,5,5851,2,10,5,0,300,0.5,1700,0.5,1
8,6,554,2,10,5,0,300,0.5,1700,0.5,1
8,7,330,2,10,5,0,500,0.6,1000,0.2,1400,0.2,1
8,8,2120,2,10,5,0,300,0.5,572,0.32,486,0.18,1
8,9,9313,1,0,666,0.42,420,0.58,1
8,10,5002,0,0,300,0.5,572,0.32,486,0.18,1
8,11,4301,0,0,666,0.42,420,0.58,1
9,0,11151,0,0,300,0.5,1700,0.5,1
9,1,971,0,0,300,0.5,1700,0.5,1
9,2,5484,2,10,5,0,300,0.5,572,0.32,486,0.18,1
9,3,6097,1,0,500,0.6,1000,0.2,1400,0.2,1
9,4,2140,0,0,300,0.5,1700,0.5,1
9,5,13745,1,0,666,0.42,420,0.58,1
9,6,14616,2,10,5,0,300,0.5,572,0.32,486,0.18,1
9,7,5404,0,0,500,0.6,1000,0.2,1400,0.2,1
9,8,2631,0,0,300,0.5,1700,0.5,1
9,9,1245,1,0,666,0.42,420,0.58,1
9,10,13804,2,10,5,0,500,0.6,1000,0.2,1400,0.2,1
9,11,9526,0,0,300,0.5,1700,0.5,1
10,0,8633,1,0,300,0.5,572,0.32,486,0.18,1
10,1,9046,0,0,300,0.5,572,0.32,486,0.18,1
10,2,3437,2,10,5,0,300,0.5,572,0.32,486,0.18,1
10,3,14321,1,0,300,0.5,572,0.32,486,0.18,1
10,4,11405,1,0,666,0.42,420,0.58,1
10,5,7822,2,10,5,0,300,0.5,572,0.32,486,0.18,1
10,6,6110,0,0,300,0.5,1700,0.5,1
10,7,11185,1,0,666,0.42,420,0.58,1
10,8,3461,1,0,300,0.5,572,0.32,486,0.18,1
10,9,11156,2,10,5,0,300,0.5,572,0.32,486,0.18,1
10,10,14352,2,10,5,0,300,0.5,1700,0.5,1
10,11,945,0,0,500,0.6,1000,0.2,1400,0.2,1
11,0,1687,0,0,300,0.5,572,0.32,486,0.18,1
11,1,6678,2,10,5,0,300,0.5,1700,0.5,1
11,2,13326,1,0,300,0.5,572,0.32,486,0.18,1
11,3,12677,2,10,5,0,300,0.5,1700,0.5,1
11,4,6296,2,10,5,0,300,0.5,572,0.32,486,0.18,1
11,5,5460,2,10,5,0,666,0.42,420,0.58,1
11,6,6118,2,10,5,0,500,0.6,1000,0.2,1400,0.2,1
11,7,7512,0,0,500,0.6,1000,0.2,1400,0.2,1
11,8,9910,1,0,300,0.5,572,0.32,486,0.18,1
11,9,10436,0,0,666,0.42,420,0.58,1
11,10,6892,0,0,300,0.5,1700,0.5,1
11,11,714,0,0,500,0.6,1000,0.2,1400,0.2,1
