0,0,14747,2,10,5,0,500,0.6,1000,0.2,1400,0.2,1
0,1,7760,0,0,300,0.5,572,0.32,486,0.18,1
0,2,14021,1,0,666,0.42,420,0.58,1
0,3,4129,0,0,500,0.6,1000,0.2,1400,0.2,1
0,4,11239,2,10,5,0,300,0.5,1700,0.5,1
0,5,6204,2,10,5,0,300,0.5,572,0.32,486,0.18,1
0,6,4788,1,0,500,0.6,1000,0.2,1400,0.2,1
0,7,644,0,0,500,0.6,1000,0.2,1400,0.2,1
0,8,9126,1,0,500,0.6,1000,0.2,1400,0.2,1
0,9,9569,0,0,300,0.5,572,0.32,486,0.18,1
0,10,9485,1,0,300,0.5,1700,0.5,1
0,11,5876,1,0,666,0.42,420,0.58,1
1,0,9476,1,0,300,0.5,572,0.32,486,0.18,1
1,1,10523,0,0,300,0.5,1700,0.5,1
1,2,7252,1,0,666,0.42,420,0.58,0
1,3,9577,2,10,5,0,500,0.6,1000,0.2,1400,0.2,1
1,4,9406,2,10,5,0,666,0.42,420,0.58,1
1,5,3505,1,0,300,0.5,572,0.32,486,0.18,1
1,6,12818,1,0,300,0.5,572,0.32,486,0.18,1
1,7,14434,2,10,5,0,300,0.5,572,0.32,486,0.18,1
1,8,4616,1,0,666,0.42,420,0.58,1
1,9,7043,0,0,300,0.5,1700,0.5,1
1,10,11199,0,0,300,0.5,572,0.32,486,0.18,1
1,11,2498,2,10,5,0,500,0.6,1000,0.2,1400,0.2,1
2,0,1360,2,10,5,0,300,0.5,1700,0.5,1
2,1,7552,2,10,5,0,500,0.6,1000,0.2,1400,0.2,1
2,2,4031,2,10,5,0,300,0.5,1700,0.5,1
2,3,7650,1,0,666,0.42,420,0.58,1
2,4,8424,2,10,5,0,300,0.5,572,0.32,486,0.18,1
2,5,5265,2,10,5,0,300,0.5,1700,0.5,1
2,6,14496,1,0,500,0.6,1000,0.2,1400,0.2,1
2,7,6397,0,0,666,0.42,420,0.58,1
2,8,7512,0,0,300,0.5,1700,0.5,1
2,9,9381,2,10,5,0,300,0.5,572,0.32,486,0.18,1
2,10,12278,0,0,300,0.5,572,0.32,486,0.18,1
2,11,3867,2,10,5,0,500,0.6,1000,0.2,1400,0.2,1
3,0,14016,1,0,500,0.6,1000,0.2,1400,0.2,1
3,1,3609,1,0,300,0.5,1700,0.5,1
3,2,3791,0,0,666,0.42,420,0.58,1
3,3,3967,1,0,500,0.6,1000,0.2,1400,0.2,1
3,4,409,0,0,666,0.42,420,0.58,1
3,5,11800,0,0,500,0.6,1000,0.2,1400,0.2,1
3,6,4874,1,0,300,0.5,572,0.32,486,0.18,1
3,7,11681,0,0,300,0.5,1700,0.5,1
3,8,9674,2,10,5,0,300,0.5,572,0.32,486,0.18,1
3,9,3761,0,0,300,0.5,572,0.32,486,0.18,1
3,10,1168,1,0,300,0.5,1700,0.5,1
3,11,10584,2,10,5,0,500,0.6,1000,0.2,1400,0.2,1
4,0,4136,2,10,5,0,300,0.5,572,0.32,486,0.18,1
4,1,2189,1,0,666,0.42,420,0.58,1
4,2,13374,1,0,666,0.42,420,0.58,1
4,3,8636,2,10,5,0,500,0.6,1000,0.2,1400,0.2,1
4,4,12118,2,10,5,0,300,0.5,1700,0.5,1
4,5,6019,1,0,500,0.6,1000,0.2,1400,0.2,1
4,6,6789,1,0,300,0.5,572,0.32,486,0.18,1
4,7,14565,0,0,300,0.5,572,0.32,486,0.18,1
4,8,10660,2,10,5,0,666,0.42,420,0.58,1
4,9,5861,2,10,5,0,300,0.5,572,0.32,486,0.18,1
4,10,10591,0,0,666,0.42,420,0.58,1
4,11,4854,1,0,300,0.5,572,0.32,486,0.18,1
5,0,163,0,0,300,0.5,1700,0.5,1
5,1,6975,1,0,666,0.42,420,0.58,1
5,2,8110,1,0,300,0.5,572,0.32,486,0.18,1
5,3,69,1,0,300,0.5,572,0.32,486,0.18,1
5,4,5225,0,0,300,0.5,1700,0.5,1
5,5,3304,1,0,300,0.5,1700,0.5,1
5,6,2076,1,0,300,0.5,1700,0.5,1
5,7,375,2,10,5,0,500,0.6,1000,0.2,1400,0.2,1
5,8,6132,0,0,300,0.5,1700,0.5,1
5,9,10897,2,10,5,0,500,0.6,1000,0.2,1400,0.2,1
5,10,5918,0,0,500,0.6,1000,0.2,1400,0.2,1
5,11,8411,0,0,500,0.6,1000,0.2,1400,0.2,1
6,0,2929,2,10,5,0,300,0.5,1700,0.5,1
6,1,6741,0,0,300,0.5,572,0.32,486,0.18,1
6,2,9850,0,0,666,0.42,420,0.58,1
6,3,286,1,0,500,0.6,1000,0.2,1400,0.2,1
6,4,229,0,0,500,0.6,1000,0.2,1400,0.2,1
6,5,3763,0,0,666,0.42,420,0.58,1
6,6,13274,0,0,666,0.42,420,0.58,1
6,7,2116,2,10,5,0,666,0.42,420,0.58,1
6,8,1842,1,0,500,0.6,1000,0.2,1400,0.2,1
6,9,13764,0,0,300,0.5,572,0.32,486,0.18,1
6,10,9113,2,10,5,0,500,0.6,1000,0.2,1400,0.2,1
6,11,8644,1,0,300,0.5,1700,0.5,1
7,0,202,0,0,500,0.6,1000,0.2,1400,0.2,1
7,1,4053,1,0,300,0.5,1700,0.5,1
7,2,8119,1,0,500,0.6,1000,0.2,1400,0.2,1
7,3,4642,1,0,300,0.5,572,0.32,486,0.18,1
7,4,13154,1,0,500,0.6,1000,0.2,1400,0.2,1
7,5,10453,2,10,5,0,666,0.42,420,0.58,1
7,6,10311,0,0,500,0.6,1000,0.2,1400,0.2,1
7,7,12996,2,10,5,0,500,0.6,1000,0.2,1400,0.2,1
7,8,14712,0,0,300,0.5,1700,0.5,1
7,9,11084,2,10,5,0,300,0.5,572,0.32,486,0.18,1
7,10,1043,2,10,5,0,300,0.5,572,0.32,486,0.18,1
7,11,1615,1,0,500,0.6,1000,0.2,1400,0.2,1
8,0,4623,2,10,5,0,500,0.6,1000,0.2,1400,0.2,1
8,1,4871,2,10,5,0,300,0.5,572,0.32,486,0.18,1
8,2,10413,0,0,300,0.5,1700,0.5,1
8,3,4487,2,10,5,0,300,0.5,572,0.32,486,0.18,1
8,4,13478,0,0,666,0.42,420,0.58,1
8,5,11297,0,0,500,0.6,1000,0.2,1400,0.2,1
8,6,1158,2,10,5,0,300,0.5,572,0.32,486,0.18,1
8,7,7959,1,0,300,0.5,572,0.32,486,0.18,1
8,8,6310,2,10,5,0,666,0.42,420,0.58,1
8,9,2715,0,0,300,0.5,1700,0.5,1
8,10,3763,2,10,5,0,666,0.42,420,0.58,1
8,11,10549,1,0,300,0.5,1700,0.5,1
9,0,3823,2,10,5,0,300,0.5,572,0.32,486,0.18,1
9,1,13492,1,0,300,0.5,1700,0.5,1
9,2,3532,1,0,300,0.5,1700,0.5,1
9,3,4410,0,0,300,0.5,572,0.32,486,0.18,1
9,4,13863,0,0,500,0.6,1000,0.2,1400,0.2,1
9,5,9463,1,0,500,0.6,1000,0.2,1400,0.2,1
9,6,1909,2,10,5,0,500,0.6,1000,0.2,1400,0.2,1
9,7,715,2,10,5,0,300,0.5,1700,0.5,1
9,8,6695,0,0,300,0.5,572,0.32,486,0.18,1
9,9,6054,2,10,5,0,300,0.5,1700,0.5,1
9,10,14077,0,0,300,0.5,572,0.32,486,0.18,1
9,11,5525,0,0,500,0.6,1000,0.2,1400,0.2,1
10,0,4688,2,10,5,0,666,0.42,420,0.58,1
10,1,13362,2,10,5,0,300,0.5,572,0.32,486,0.18,1
10,2,4531,2,10,5,0,300,0.5,572,0.32,486,0.18,1
10,3,9720,0,0,300,0.5,1700,0.5,1
10,4,11750,0,0,500,0.6,1000,0.2,1400,0.2,1
10,5,1635,0,0,300,0.5,1700,0.5,1
10,6,7090,2,10,5,0,500,0.6,1000,0.2,1400,0.2,1
10,7,12045,1,0,300,0.5,1700,0.5,1
10,8,11561,1,0,666,0.42,420,0.58,1
10,9,11780,0,0,300,0.5,1700,0.5,1
10,10,11239,1,0,300,0.5,572,0.32,486,0.18,1
10,11,11182,0,0,500,0.6,1000,0.2,1400,0.2,1
11,0,2691,1,0,300,0.5,1700,0.5,1
11,1,4336,0,0,666,0.42,420,0.58,1
11,2,4680,1,0,300,0.5,572,0.32,486,0.18,1
11,3,9602,0,0,300,0.5,572,0.32,486,0.18,1
11,4,3740,1,0,500,0.6,1000,0.2,1400,0.2,1
11,5,651,2,10,5,0,300,0.5,572,0.32,486,0.18,1
11,6,2754,0,0,500,0.6,1000,0.2,1400,0.2,1
11,7,1570,0,0,666,0.42,420,0.58,1
11,8,12106,2,10,5,0,666,0.42,420,0.58,1
11,9,5679,1,0,666,0.42,420,0.58,1
11,10,10602,2,10,5,0,500,0.6,1000,0.2,1400,0.2,1
11,11,2016,2,10,5,0,666,0.42,420,0.58,1
