0,0,10179,2,10,5,0,500,0.6,1000,0.2,1400,0.2,1
0,1,6479,2,10,5,0,500,0.6,1000,0.2,1400,0.2,1
0,2,9067,2,10,5,0,500,0.6,1000,0.2,1400,0.2,1
0,3,14979,0,0,500,0.6,1000,0.2,1400,0.2,1
0,4,12381,0,0,300,0.5,1700,0.5,1
0,5,4782,2,10,5,0,500,0.6,1000,0.2,1400,0.2,1
0,6,3944,0,0,666,0.42,420,0.58,1
0,7,2836,2,10,5,0,666,0.42,420,0.58,1
0,8,10671,2,10,5,0,500,0.6,1000,0.2,1400,0.2,1
0,9,6620,1,0,300,0.5,1700,0.5,1
0,10,14095,2,10,5,0,500,0.6,1000,0.2,1400,0.2,1
0,11,6638,1,0,300,0.5,1700,0.5,1
1,0,7810,1,0,300,0.5,572,0.32,486,0.18,1
1,1,9310,1,0,300,0.5,1700,0.5,1
1,2,7161,2,10,5,0,666,0.42,420,0.58,0
1,3,6285,2,10,5,0,666,0.42,420,0.58,1
1,4,3215,1,0,500,0.6,1000,0.2,1400,0.2,1
1,5,323,1,0,300,0.5,572,0.32,486,0.18,1
1,6,522,0,0,300,0.5,1700,0.5,1
1,7,8056,0,0,300,0.5,1700,0.5,1
1,8,10180,1,0,500,0.6,1000,0.2,1400,0.2,1
1,9,469,1,0,300,0.5,1700,0.5,1
1,10,8865,1,0,300,0.5,572,0.32,486,0.18,1
1,11,5253,2,10,5,0,500,0.6,1000,0.2,1400,0.2,1
2,0,3333,0,0,300,0.5,1700,0.5,1
2,1,3181,2,10,5,0,500,0.6,1000,0.2,1400,0.2,1
2,2,6726,2,10,5,0,300,0.5,1700,0.5,1
2,3,4637,1,0,500,0.6,1000,0.2,1400,0.2,1
2,4,5005,2,10,5,0,666,0.42,420,0.58,1
2,5,10497,2,10,5,0,666,0.42,420,0.58,1
2,6,3966,2,10,5,0,300,0.5,572,0.32,486,0.18,1
2,7,10206,1,0,666,0.42,420,0.58,1
2,8,385,0,0,300,0.5,572,0.32,486,0.18,1
2,9,14738,0,0,300,0.5,572,0.32,486,0.18,1
2,10,2117,2,10,5,0,500,0.6,1000,0.2,1400,0.2,1
2,11,5641,2,10,5,0,300,0.5,1700,0.5,1
3,0,14141,2,10,5,0,300,0.5,1700,0.5,1
3,1,8824,1,0,300,0.5,1700,0.5,1
3,2,11579,2,10,5,0,500,0.6,1000,0.2,1400,0.2,1
3,3,3708,2,10,5,0,500,0.6,1000,0.2,1400,0.2,1
3,4,3041,2,10,5,0,666,0.42,420,0.58,1
3,5,3751,2,10,5,0,666,0.42,420,0.58,1
3,6,1132,0,0,666,0.42,420,0.58,1
3,7,12944,0,0,300,0.5,572,0.32,486,0.18,1
3,8,9410,2,10,5,0,300,0.5,1700,0.5,1
3,9,364,2,10,5,0,500,0.6,1000,0.2,1400,0.2,1
3,10,11107,0,0,300,0.5,1700,0.5,1
3,11,9789,2,10,5,0,500,0.6,1000,0.2,1400,0.2,1
4,0,13574,2,10,5,0,300,0.5,1700,0.5,1
4,1,11194,1,0,500,0.6,1000,0.2,1400,0.2,1
4,2,14641,0,0,300,0.5,572,0.32,486,0.18,1
4,3,8144,0,0,300,0.5,1700,0.5,1
4,4,12183,2,10,5,0,300,0.5,572,0.32,486,0.18,1
4,5,4030,1,0,300,0.5,1700,0.5,1
4,6,11671,2,10,5,0,300,0.5,572,0.32,486,0.18,1
4,7,4294,0,0,300,0.5,1700,0.5,1
4,8,4136,0,0,500,0.6,1000,0.2,1400,0.2,1
4,9,1047,1,0,300,0.5,1700,0.5,1
4,10,9169,1,0,300,0.5,572,0.32,486,0.18,1
4,11,12598,2,10,5,0,300,0.5,1700,0.5,1
5,0,9591,1,0,666,0.42,420,0.58,1
5,1,341,1,0,666,0.42,420,0.58,1
5,2,12664,1,0,300,0.5,1700,0.5,1
5,3,8516,0,0,666,0.42,420,0.58,1
5,4,13422,2,10,5,0,300,0.5,572,0.32,486,0.18,1
5,5,2736,0,0,300,0.5,1700,0.5,1
5,6,4913,2,10,5,0,500,0.6,1000,0.2,1400,0.2,1
5,7,326,2,10,5,0,300,0.5,572,0.32,486,0.18,1
5,8,13498,1,0,666,0.42,420,0.58,1
5,9,12686,1,0,300,0.5,1700,0.5,1
5,10,160,0,0,300,0.5,1700,0.5,1
5,11,12371,2,10,5,0,500,0.6,1000,0.2,1400,0.2,1
6,0,2380,0,0,666,0.42,420,0.58,1
6,1,1627,1,0,300,0.5,1700,0.5,1
6,2,7845,0,0,300,0.5,1700,0.5,1
6,3,635,0,0,300,0.5,1700,0.5,1
6,4,8985,0,0,666,0.42,420,0.58,1
6,5,9279,2,10,5,0,666,0.42,420,0.58,1
6,6,8716,1,0,666,0.42,420,0.58,1
6,7,13172,0,0,666,0.42,420,0.58,1
6,8,599,0,0,500,0.6,1000,0.2,1400,0.2,1
6,9,1379,0,0,666,0.42,420,0.58,1
6,10,12545,1,0,500,0.6,1000,0.2,1400,0.2,1
6,11,8263,0,0,300,0.5,572,0.32,486,0.18,1
7,0,8457,2,10,5,0,666,0.42,420,0.58,1
7,1,4675,2,10,5,0,666,0.42,420,0.58,1
7,2,2507,0,0,666,0.42,420,0.58,1
7,3,8845,2,10,5,0,300,0.5,1700,0.5,1
7,4,11597,1,0,500,0.6,1000,0.2,1400,0.2,1
7,5,2749,1,0,300,0.5,1700,0.5,1
7,6,14708,0,0,300,0.5,572,0.32,486,0.18,1
7,7,12268,0,0,666,0.42,420,0.58,1
7,8,14153,1,0,300,0.5,572,0.32,486,0.18,1
7,9,9566,2,10,5,0,500,0.6,1000,0.2,1400,0.2,1
7,10,10675,2,10,5,0,300,0.5,572,0.32,486,0.18,1
7,11,4262,2,10,5,0,300,0.5,1700,0.5,1
8,0,1506,0,0,666,0.42,420,0.58,1
8,1,11621,2,10,5,0,666,0.42,420,0.58,1
8,2,8422,2,10,5,0,300,0.5,1700,0.5,1
8,3,4076,0,0,300,0.5,572,0.32,486,0.18,1
8,4,11365,0,0,500,0.6,1000,0.2,1400,0.2,1
8,5,3082,1,0,300,0.5,1700,0.5,1
8,6,8400,1,0,500,0.6,1000,0.2,1400,0.2,1
8,7,8546,1,0,300,0.5,1700,0.5,1
8,8,9549,1,0,500,0.6,1000,0.2,1400,0.2,1
8,9,13261,1,0,500,0.6,1000,0.2,1400,0.2,1
8,10,6732,0,0,300,0.5,1700,0.5,1
8,11,3533,2,10,5,0,666,0.42,420,0.58,1
9,0,4805,0,0,300,0.5,572,0.32,486,0.18,1
9,1,12440,2,10,5,0,300,0.5,572,0.32,486,0.18,1
9,2,10440,0,0,500,0.6,1000,0.2,1400,0.2,1
9,3,5896,2,10,5,0,300,0.5,1700,0.5,1
9,4,4820,2,10,5,0,500,0.6,1000,0.2,1400,0.2,1
9,5,2501,1,0,300,0.5,1700,0.5,1
9,6,8270,0,0,300,0.5,572,0.32,486,0.18,1
9,7,13008,0,0,300,0.5,572,0.32,486,0.18,1
9,8,692,1,0,500,0.6,1000,0.2,1400,0.2,1
9,9,14853,2,10,5,0,666,0.42,420,0.58,1
9,10,12435,2,10,5,0,500,0.6,1000,0.2,1400,0.2,1
9,11,3227,1,0,300,0.5,1700,0.5,1
10,0,6168,2,10,5,0,666,0.42,420,0.58,1
10,1,11610,2,10,5,0,300,0.5,1700,0.5,1
10,2,10804,1,0,500,0.6,1000,0.2,1400,0.2,1
10,3,2623,1,0,300,0.5,572,0.32,486,0.18,1
10,4,3342,0,0,500,0.6,1000,0.2,1400,0.2,1
10,5,3791,2,10,5,0,666,0.42,420,0.58,1
10,6,14966,2,10,5,0,300,0.5,1700,0.5,1
10,7,1397,2,10,5,0,500,0.6,1000,0.2,1400,0.2,1
10,8,7406,2,10,5,0,300,0.5,572,0.32,486,0.18,1
10,9,10079,1,0,666,0.42,420,0.58,1
10,10,11203,0,0,300,0.5,572,0.32,486,0.18,1
10,11,4405,2,10,5,0,300,0.5,572,0.32,486,0.18,1
11,0,4540,2,10,5,0,300,0.5,572,0.32,486,0.18,1
11,1,11578,2,10,5,0,300,0.5,572,0.32,486,0.18,1
11,2,12887,1,0,666,0.42,420,0.58,1
11,3,12575,0,0,666,0.42,420,0.58,1
11,4,8668,2,10,5,0,300,0.5,572,0.32,486,0.18,1
11,5,12733,0,0,666,0.42,420,0.58,1
11,6,1338,1,0,300,0.5,1700,0.5,1
11,7,9751,1,0,500,0.6,1000,0.2,1400,0.2,1
11,8,3653,2,10,5,0,500,0.6,1000,0.2,1400,0.2,1
11,9,3947,1,0,666,0.42,420,0.58,1
11,10,2433,1,0,300,0.5,1700,0.5,1
11,11,2404,1,0,300,0.5,1700,0.5,1
