0,0,2278,0,0,300,0.5,572,0.32,486,0.18,1
0,1,10216,0,0,300,0.5,1700,0.5,1
0,2,14638,2,10,5,0,300,0.5,1700,0.5,1
0,3,6696,2,10,5,0,666,0.42,420,0.58,1
0,4,992,0,0,300,0.5,572,0.32,486,0.18,1
0,5,214,0,0,666,0.42,420,0.58,1
0,6,2901,1,0,300,0.5,572,0.32,486,0.18,1
0,7,12212,0,0,300,0.5,1700,0.5,1
0,8,25,1,0,300,0.5,1700,0.5,1
0,9,8961,0,0,300,0.5,572,0.32,486,0.18,1
0,10,11635,0,0,300,0.5,572,0.32,486,0.18,1
0,11,13925,2,10,5,0,666,0.42,420,0.58,1
1,0,10214,0,0,300,0.5,1700,0.5,1
1,1,12716,1,0,300,0.5,572,0.32,486,0.18,1
1,2,1679,1,0,500,0.6,1000,0.2,1400,0.2,0
1,3,58,0,0,300,0.5,1700,0.5,1
1,4,6692,1,0,666,0.42,420,0.58,1
1,5,10816,1,0,300,0.5,1700,0.5,1
1,6,10897,0,0,300,0.5,572,0.32,486,0.18,1
1,7,7235,2,10,5,0,300,0.5,1700,0.5,1
1,8,10843,0,0,666,0.42,420,0.58,1
1,9,11900,0,0,300,0.5,572,0.32,486,0.18,1
1,10,12752,0,0,666,0.42,420,0.58,1
1,11,2313,0,0,300,0.5,572,0.32,486,0.18,1
2,0,4605,2,10,5,0,300,0.5,1700,0.5,1
2,1,551,1,0,300,0.5,1700,0.5,1
2,2,9785,2,10,5,0,500,0.6,1000,0.2,1400,0.2,1
2,3,91,2,10,5,0,300,0.5,572,0.32,486,0.18,1
2,4,4807,2,10,5,0,300,0.5,572,0.32,486,0.18,1
2,5,10688,0,0,300,0.5,572,0.32,486,0.18,1
2,6,9684,2,10,5,0,666,0.42,420,0.58,1
2,7,11529,0,0,500,0.6,1000,0.2,1400,0.2,1
2,8,1949,1,0,300,0.5,1700,0.5,1
2,9,6408,1,0,500,0.6,1000,0.2,1400,0.2,1
2,10,6478,2,10,5,0,300,0.5,572,0.32,486,0.18,1
2,11,4291,0,0,300,0.5,1700,0.5,1
3,0,13076,1,0,300,0.5,1700,0.5,1
3,1,823,0,0,300,0.5,572,0.32,486,0.18,1
3,2,12773,1,0,500,0.6,1000,0.2,1400,0.2,1
3,3,4433,1,0,300,0.5,572,0.32,486,0.18,1
3,4,8409,2,10,5,0,300,0.5,572,0.32,486,0.18,1
3,5,8707,1,0,666,0.42,420,0.58,1
3,6,987,1,0,500,0.6,1000,0.2,1400,0.2,1
3,7,13131,2,10,5,0,666,0.42,420,0.58,1
3,8,13894,1,0,500,0.6,1000,0.2,1400,0.2,1
3,9,6855,2,10,5,0,500,0.6,1000,0.2,1400,0.2,1
3,10,7982,1,0,300,0.5,1700,0.5,1
3,11,1944,0,0,300,0.5,1700,0.5,1
4,0,1170,0,0,300,0.5,1700,0.5,1
4,1,6991,1,0,300,0.5,572,0.32,486,0.18,1
4,2,5893,0,0,666,0.42,420,0.58,1
4,3,9052,1,0,500,0.6,1000,0.2,1400,0.2,1
4,4,12475,1,0,300,0.5,572,0.32,486,0.18,1
4,5,8831,0,0,300,0.5,572,0.32,486,0.18,1
4,6,9238,2,10,5,0,666,0.42,420,0.58,1
4,7,836,0,0,300,0.5,1700,0.5,1
4,8,1141,1,0,300,0.5,572,0.32,486,0.18,1
4,9,12327,1,0,300,0.5,572,0.32,486,0.18,1
4,10,1627,2,10,5,0,300,0.5,572,0.32,486,0.18,1
4,11,10113,1,0,500,0.6,1000,0.2,1400,0.2,1
5,0,986,0,0,300,0.5,572,0.32,486,0.18,1
5,1,11340,0,0,300,0.5,572,0.32,486,0.18,1
5,2,13061,1,0,666,0.42,420,0.58,1
5,3,7856,2,10,5,0,300,0.5,1700,0.5,1
5,4,4109,2,10,5,0,300,0.5,572,0.32,486,0.18,1
5,5,1763,0,0,666,0.42,420,0.58,1
5,6,5726,0,0,500,0.6,1000,0.2,1400,0.2,1
5,7,2426,1,0,666,0.42,420,0.58,1
5,8,8174,2,10,5,0,300,0.5,1700,0.5,1
5,9,1047,0,0,300,0.5,572,0.32,486,0.18,1
5,10,9061,2,10,5,0,666,0.42,420,0.58,1
5,11,5304,1,0,666,0.42,420,0.58,1
6,0,11486,2,10,5,0,300,0.5,1700,0.5,1
6,1,6019,2,10,5,0,500,0.6,1000,0.2,1400,0.2,1
6,2,10249,2,10,5,0,300,0.5,1700,0.5,1
6,3,937,0,0,500,0.6,1000,0.2,1400,0.2,1
6,4,2344,1,0,500,0.6,1000,0.2,1400,0.2,1
6,5,12096,0,0,300,0.5,1700,0.5,1
6,6,10636,0,0,666,0.42,420,0.58,1
6,7,10171,1,0,500,0.6,1000,0.2,1400,0.2,1
6,8,5580,0,0,500,0.6,1000,0.2,1400,0.2,1
6,9,10618,2,10,5,0,500,0.6,1000,0.2,1400,0.2,1
6,10,10469,2,10,5,0,666,0.42,420,0.58,1
6,11,10015,1,0,666,0.42,420,0.58,1
7,0,8780,1,0,300,0.5,1700,0.5,1
7,1,5823,0,0,500,0.6,1000,0.2,1400,0.2,1
7,2,234,1,0,300,0.5,572,0.32,486,0.18,1
7,3,2135,1,0,300,0.5,1700,0.5,1
7,4,4881,0,0,300,0.5,572,0.32,486,0.18,1
7,5,11093,0,0,300,0.5,572,0.32,486,0.18,1
7,6,1964,0,0,500,0.6,1000,0.2,1400,0.2,1
7,7,9015,1,0,666,0.42,420,0.58,1
7,8,10411,0,0,666,0.42,420,0.58,1
7,9,11938,2,10,5,0,500,0.6,1000,0.2,1400,0.2,1
7,10,2118,0,0,500,0.6,1000,0.2,1400,0.2,1
7,11,6439,1,0,666,0.42,420,0.58,1
8,0,742,2,10,5,0,666,0.42,420,0.58,1
8,1,257,0,0,300,0.5,1700,0.5,1
8,2,12124,2,10,5,0,300,0.5,572,0.32,486,0.18,1
8,3,6695,2,10,5,0,300,0.5,1700,0.5,1
8,4,1788,0,0,500,0.6,1000,0.2,1400,0.2,1
8,5,4845,1,0,666,0.42,420,0.58,1
8,6,13294,1,0,666,0.42,420,0.58,1
8,7,1673,2,10,5,0,300,0.5,1700,0.5,1
8,8,104,2,10,5,0,300,0.5,572,0.32,486,0.18,1
8,9,11817,1,0,300,0.5,1700,0.5,1
8,10,1158,1,0,300,0.5,572,0.32,486,0.18,1
8,11,6293,2,10,5,0,500,0.6,1000,0.2,1400,0.2,1
9,0,2928,0,0,666,0.42,420,0.58,1
9,1,7150,0,0,666,0.42,420,0.58,1
9,2,2281,2,10,5,0,500,0.6,1000,0.2,1400,0.2,1
9,3,1878,0,0,300,0.5,1700,0.5,1
9,4,8164,1,0,300,0.5,572,0.32,486,0.18,1
9,5,1392,2,10,5,0,666,0.42,420,0.58,1
9,6,3130,0,0,666,0.42,420,0.58,1
9,7,8150,2,10,5,0,666,0.42,420,0.58,1
9,8,8605,0,0,300,0.5,572,0.32,486,0.18,1
9,9,3755,1,0,300,0.5,572,0.32,486,0.18,1
9,10,6904,0,0,300,0.5,572,0.32,486,0.18,1
9,11,13767,0,0,500,0.6,1000,0.2,1400,0.2,1
10,0,4123,1,0,666,0.42,420,0.58,1
10,1,8248,0,0,300,0.5,1700,0.5,1
10,2,6677,2,10,5,0,500,0.6,1000,0.2,1400,0.2,1
10,3,9952,0,0,500,0.6,1000,0.2,1400,0.2,1
10,4,7891,0,0,500,0.6,1000,0.2,1400,0.2,1
10,5,3973,1,0,500,0.6,1000,0.2,1400,0.2,1
10,6,11649,0,0,300,0.5,1700,0.5,1
10,7,2500,0,0,666,0.42,420,0.58,1
10,8,9692,0,0,300,0.5,1700,0.5,1
10,9,2210,2,10,5,0,666,0.42,420,0.58,1
10,10,9987,2,10,5,0,300,0.5,572,0.32,486,0.18,1
10,11,4873,1,0,666,0.42,420,0.58,1
11,0,12486,2,10,5,0,300,0.5,1700,0.5,1
11,1,608,0,0,300,0.5,572,0.32,486,0.18,1
11,2,381,2,10,5,0,300,0.5,572,0.32,486,0.18,1
11,3,5751,0,0,500,0.6,1000,0.2,1400,0.2,1
11,4,2255,0,0,300,0.5,1700,0.5,1
11,5,9657,2,10,5,0,300,0.5,1700,0.5,1
11,6,10425,1,0,300,0.5,1700,0.5,1
11,7,5366,2,10,5,0,300,0.5,572,0.32,486,0.18,1
11,8,10799,1,0,500,0.6,1000,0.2,1400,0.2,1
11,9,6582,0,0,666,0.42,420,0.58,1
11,10,5828,0,0,500,0.6,1000,0.2,1400,0.2,1
11,11,7860,2,10,5,0,500,0.6,1000,0.2,1400,0.2,1
