0,0,3449,0,0,500,0.6,1000,0.2,1400,0.2,1
0,1,10757,0,0,300,0.5,1700,0.5,1
0,2,1126,1,0,300,0.5,1700,0.5,1
0,3,11190,0,0,666,0.42,420,0.58,1
0,4,7543,2,10,5,0,500,0.6,1000,0.2,1400,0.2,1
0,5,11212,0,0,666,0.42,420,0.58,1
0,6,4139,1,0,300,0.5,572,0.32,486,0.18,1
0,7,10706,2,10,5,0,500,0.6,1000,0.2,1400,0.2,1
0,8,13696,2,10,5,0,666,0.42,420,0.58,1
0,9,7399,1,0,666,0.42,420,0.58,1
0,10,2615,0,0,300,0.5,572,0.32,486,0.18,1
0,11,6259,0,0,300,0.5,1700,0.5,1
1,0,1719,0,0,300,0.5,1700,0.5,1
1,1,4666,1,0,300,0.5,1700,0.5,1
1,2,3653,1,0,666,0.42,420,0.58,0
1,3,7946,0,0,300,0.5,572,0.32,486,0.18,1
1,4,12073,2,10,5,0,666,0.42,420,0.58,1
1,5,14813,2,10,5,0,666,0.42,420,0.58,1
1,6,12842,1,0,300,0.5,1700,0.5,1
1,7,236,2,10,5,0,300,0.5,572,0.32,486,0.18,1
1,8,8453,2,10,5,0,300,0.5,572,0.32,486,0.18,1
1,9,5615,1,0,300,0.5,1700,0.5,1
1,10,11979,1,0,666,0.42,420,0.58,1
1,11,5915,2,10,5,0,300,0.5,1700,0.5,1
2,0,9883,1,0,300,0.5,1700,0.5,1
2,1,1890,1,0,300,0.5,572,0.32,486,0.18,1
2,2,7820,1,0,300,0.5,572,0.32,486,0.18,1
2,3,11078,0,0,300,0.5,1700,0.5,1
2,4,6558,1,0,500,0.6,1000,0.2,1400,0.2,1
2,5,14261,1,0,300,0.5,572,0.32,486,0.18,1
2,6,11823,1,0,300,0.5,572,0.32,486,0.18,1
2,7,5190,1,0,300,0.5,572,0.32,486,0.18,1
2,8,13691,1,0,300,0.5,572,0.32,486,0.18,1
2,9,9005,0,0,300,0.5,1700,0.5,1
2,10,13219,2,10,5,0,300,0.5,1700,0.5,1
2,11,14833,0,0,300,0.5,1700,0.5,1
3,0,1472,1,0,300,0.5,572,0.32,486,0.18,1
3,1,2670,1,0,300,0.5,1700,0.5,1
3,2,8964,1,0,300,0.5,572,0.32,486,0.18,1
3,3,5769,2,10,5,0,300,0.5,1700,0.5,1
3,4,7224,2,10,5,0,300,0.5,572,0.32,486,0.18,1
3,5,1474,1,0,300,0.5,1700,0.5,1
3,6,9486,1,0,300,0.5,1700,0.5,1
3,7,2971,1,0,300,0.5,572,0.32,486,0.18,1
3,8,2835,0,0,300,0.5,572,0.32,486,0.18,1
3,9,10957,2,10,5,0,666,0.42,420,0.58,1
3,10,14569,0,0,500,0.6,1000,0.2,1400,0.2,1
3,11,2656,2,10,5,0,666,0.42,420,0.58,1
4,0,1059,0,0,666,0.42,420,0.58,1
4,1,8274,1,0,500,0.6,1000,0.2,1400,0.2,1
4,2,13437,1,0,300,0.5,572,0.32,486,0.18,1
4,3,7339,1,0,500,0.6,1000,0.2,1400,0.2,1
4,4,14285,2,10,5,0,666,0.42,420,0.58,1
4,5,1003,1,0,500,0.6,1000,0.2,1400,0.2,1
4,6,9029,0,0,666,0.42,420,0.58,1
4,7,116,0,0,500,0.6,1000,0.2,1400,0.2,1
4,8,13368,1,0,500,0.6,1000,0.2,1400,0.2,1
4,9,2830,1,0,500,0.6,1000,0.2,1400,0.2,1
4,10,1273,2,10,5,0,500,0.6,1000,0.2,1400,0.2,1
4,11,6201,1,0,666,0.42,420,0.58,1
5,0,10465,0,0,300,0.5,1700,0.5,1
5,1,11699,1,0,666,0.42,420,0.58,1
5,2,10036,0,0,300,0.5,1700,0.5,1
5,3,14306,1,0,666,0.42,420,0.58,1
5,4,4222,0,0,300,0.5,572,0.32,486,0.18,1
5,5,8392,2,10,5,0,500,0.6,1000,0.2,1400,0.2,1
5,6,9158,1,0,500,0.6,1000,0.2,1400,0.2,1
5,7,4952,2,10,5,0,500,0.6,1000,0.2,1400,0.2,1
5,8,1106,0,0,500,0.6,1000,0.2,1400,0.2,1
5,9,7573,2,10,5,0,300,0.5,1700,0.5,1
5,10,7316,0,0,666,0.42,420,0.58,1
5,11,11313,0,0,300,0.5,1700,0.5,1
6,0,1918,2,10,5,0,300,0.5,572,0.32,486,0.18,1
6,1,11310,0,0,300,0.5,1700,0.5,1
6,2,3601,1,0,666,0.42,420,0.58,1
6,3,5591,0,0,666,0.42,420,0.58,1
6,4,4369,2,10,5,0,666,0.42,420,0.58,1
6,5,8911,0,0,300,0.5,572,0.32,486,0.18,1
6,6,2304,1,0,300,0.5,1700,0.5,1
6,7,8543,2,10,5,0,500,0.6,1000,0.2,1400,0.2,1
6,8,6885,2,10,5,0,500,0.6,1000,0.2,1400,0.2,1
6,9,12946,0,0,666,0.42,420,0.58,1
6,10,7493,0,0,300,0.5,1700,0.5,1
6,11,2476,0,0,300,0.5,572,0.32,486,0.18,1
7,0,14623,0,0,300,0.5,1700,0.5,1
7,1,1843,2,10,5,0,500,0.6,1000,0.2,1400,0.2,1
7,2,7705,2,10,5,0,300,0.5,1700,0.5,1
7,3,2148,2,10,5,0,300,0.5,1700,0.5,1
7,4,6202,1,0,666,0.42,420,0.58,1
7,5,1583,0,0,666,0.42,420,0.58,1
7,6,13211,2,10,5,0,666,0.42,420,0.58,1
7,7,11320,2,10,5,0,300,0.5,572,0.32,486,0.18,1
7,8,13442,1,0,300,0.5,1700,0.5,1
7,9,5110,0,0,300,0.5,1700,0.5,1
7,10,9953,1,0,666,0.42,420,0.58,1
7,11,14063,0,0,666,0.42,420,0.58,1
8,0,1889,1,0,300,0.5,572,0.32,486,0.18,1
8,1,5373,0,0,666,0.42,420,0.58,1
8,2,14783,0,0,666,0.42,420,0.58,1
8,3,5720,2,10,5,0,500,0.6,1000,0.2,1400,0.2,1
8,4,102,1,0,500,0.6,1000,0.2,1400,0.2,1
8,5,7461,1,0,666,0.42,420,0.58,1
8,6,37,0,0,500,0.6,1000,0.2,1400,0.2,1
8,7,4110,2,10,5,0,666,0.42,420,0.58,1
8,8,8597,1,0,300,0.5,1700,0.5,1
8,9,6083,0,0,300,0.5,572,0.32,486,0.18,1
8,10,3169,2,10,5,0,300,0.5,572,0.32,486,0.18,1
8,11,7000,0,0,500,0.6,1000,0.2,1400,0.2,1
9,0,9585,2,10,5,0,500,0.6,1000,0.2,1400,0.2,1
9,1,485,2,10,5,0,666,0.42,420,0.58,1
9,2,12424,2,10,5,0,300,0.5,572,0.32,486,0.18,1
9,3,13577,2,10,5,0,300,0.5,1700,0.5,1
9,4,5632,1,0,300,0.5,1700,0.5,1
9,5,7817,0,0,300,0.5,572,0.32,486,0.18,1
9,6,6285,2,10,5,0,500,0.6,1000,0.2,1400,0.2,1
9,7,13430,1,0,666,0.42,420,0.58,1
9,8,2385,0,0,500,0.6,1000,0.2,1400,0.2,1
9,9,2424,0,0,666,0.42,420,0.58,1
9,10,4460,0,0,500,0.6,1000,0.2,1400,0.2,1
9,11,1549,2,10,5,0,300,0.5,1700,0.5,1
10,0,13579,0,0,300,0.5,1700,0.5,1
10,1,2402,0,0,300,0.5,572,0.32,486,0.18,1
10,2,12525,2,10,5,0,500,0.6,1000,0.2,1400,0.2,1
10,3,10682,0,0,666,0.42,420,0.58,1
10,4,745,2,10,5,0,666,0.42,420,0.58,1
10,5,10370,1,0,666,0.42,420,0.58,1
10,6,3644,1,0,500,0.6,1000,0.2,1400,0.2,1
10,7,8317,2,10,5,0,300,0.5,1700,0.5,1
10,8,9417,1,0,300,0.5,572,0.32,486,0.18,1
10,9,637,0,0,300,0.5,1700,0.5,1
10,10,1057,1,0,300,0.5,1700,0.5,1
10,11,8019,0,0,300,0.5,1700,0.5,1
11,0,5379,2,10,5,0,666,0.42,420,0.58,1
11,1,14623,2,10,5,0,500,0.6,1000,0.2,1400,0.2,1
11,2,495,1,0,300,0.5,1700,0.5,1
11,3,4562,2,10,5,0,300,0.5,572,0.32,486,0.18,1
11,4,14538,0,0,300,0.5,1700,0.5,1
11,5,13967,0,0,666,0.42,420,0.58,1
11,6,6341,1,0,666,0.42,420,0.58,1
11,7,2265,2,10,5,0,300,0.5,1700,0.5,1
11,8,12308,2,10,5,0,300,0.5,1700,0.5,1
11,9,4552,0,0,300,0.5,572,0.32,486,0.18,1
11,10,13418,2,10,5,0,500,0.6,1000,0.2,1400,0.2,1
11,11,1685,1,0,500,0.6,1000,0.2,1400,0.2,1
