0,0,894,0,0,666,0.42,420,0.58,1
0,1,9438,2,10,5,0,300,0.5,572,0.32,486,0.18,1
0,2,5037,2,10,5,0,500,0.6,1000,0.2,1400,0.2,1
0,3,5796,1,0,300,0.5,1700,0.5,1
0,4,9774,0,0,300,0.5,572,0.32,486,0.18,1
0,5,6283,0,0,300,0.5,1700,0.5,1
0,6,3674,0,0,300,0.5,1700,0.5,1
0,7,8341,0,0,300,0.5,572,0.32,486,0.18,1
0,8,4730,2,10,5,0,300,0.5,572,0.32,486,0.18,1
0,9,6850,0,0,500,0.6,1000,0.2,1400,0.2,1
0,10,2451,2,10,5,0,300,0.5,572,0.32,486,0.18,1
0,11,8044,0,0,666,0.42,420,0.58,1
1,0,3430,1,0,300,0.5,1700,0.5,1
1,1,4028,0,0,666,0.42,420,0.58,1
1,2,11869,2,10,5,0,300,0.5,1700,0.5,0
1,3,1967,0,0,666,0.42,420,0.58,1
1,4,3225,1,0,666,0.42,420,0.58,1
1,5,7333,2,10,5,0,666,0.42,420,0.58,1
1,6,11504,1,0,300,0.5,1700,0.5,1
1,7,14404,2,10,5,0,500,0.6,1000,0.2,1400,0.2,1
1,8,12204,2,10,5,0,500,0.6,1000,0.2,1400,0.2,1
1,9,479,2,10,5,0,300,0.5,1700,0.5,1
1,10,1710,1,0,300,0.5,572,0.32,486,0.18,1
1,11,2602,1,0,666,0.42,420,0.58,1
2,0,14523,1,0,500,0.6,1000,0.2,1400,0.2,1
2,1,5172,0,0,500,0.6,1000,0.2,1400,0.2,1
2,2,14576,0,0,300,0.5,572,0.32,486,0.18,1
2,3,13772,1,0,666,0.42,420,0.58,1
2,4,13699,0,0,300,0.5,572,0.32,486,0.18,1
2,5,6111,1,0,666,0.42,420,0.58,1
2,6,8078,2,10,5,0,300,0.5,1700,0.5,1
2,7,14383,2,10,5,0,300,0.5,1700,0.5,1
2,8,14872,2,10,5,0,300,0.5,572,0.32,486,0.18,1
2,9,7478,2,10,5,0,666,0.42,420,0.58,1
2,10,4275,0,0,500,0.6,1000,0.2,1400,0.2,1
2,11,12423,0,0,300,0.5,572,0.32,486,0.18,1
3,0,7781,0,0,666,0.42,420,0.58,1
3,1,8928,1,0,500,0.6,1000,0.2,1400,0.2,1
3,2,1950,1,0,300,0.5,1700,0.5,1
3,3,13814,1,0,500,0.6,1000,0.2,1400,0.2,1
3,4,11696,1,0,500,0.6,1000,0.2,1400,0.2,1
3,5,14551,2,10,5,0,500,0.6,1000,0.2,1400,0.2,1
3,6,4158,0,0,500,0.6,1000,0.2,1400,0.2,1
3,7,2254,1,0,300,0.5,572,0.32,486,0.18,1
3,8,4769,2,10,5,0,300,0.5,572,0.32,486,0.18,1
3,9,12786,0,0,300,0.5,572,0.32,486,0.18,1
3,10,6191,0,0,500,0.6,1000,0.2,1400,0.2,1
3,11,5385,1,0,500,0.6,1000,0.2,1400,0.2,1
4,0,10805,0,0,300,0.5,1700,0.5,1
4,1,13565,1,0,500,0.6,1000,0.2,1400,0.2,1
4,2,11874,0,0,500,0.6,1000,0.2,1400,0.2,1
4,3,2678,1,0,666,0.42,420,0.58,1
4,4,10423,0,0,300,0.5,572,0.32,486,0.18,1
4,5,2323,0,0,300,0.5,1700,0.5,1
4,6,4256,1,0,666,0.42,420,0.58,1
4,7,3680,0,0,500,0.6,1000,0.2,1400,0.2,1
4,8,4137,0,0,666,0.42,420,0.58,1
4,9,10140,1,0,500,0.6,1000,0.2,1400,0.2,1
4,10,4265,2,10,5,0,300,0.5,572,0.32,486,0.18,1
4,11,8472,0,0,500,0.6,1000,0.2,1400,0.2,1
5,0,9867,0,0,300,0.5,1700,0.5,1
5,1,13909,2,10,5,0,300,0.5,1700,0.5,1
5,2,12593,0,0,300,0.5,572,0.32,486,0.18,1
5,3,3899,1,0,300,0.5,572,0.32,486,0.18,1
5,4,590,2,10,5,0,300,0.5,1700,0.5,1
5,5,11613,1,0,300,0.5,1700,0.5,1
5,6,9097,2,10,5,0,300,0.5,572,0.32,486,0.18,1
5,7,14100,0,0,300,0.5,572,0.32,486,0.18,1
5,8,1708,0,0,300,0.5,1700,0.5,1
5,9,8680,2,10,5,0,300,0.5,572,0.32,486,0.18,1
5,10,12528,2,10,5,0,300,0.5,572,0.32,486,0.18,1
5,11,11754,2,10,5,0,300,0.5,1700,0.5,1
6,0,10502,1,0,300,0.5,572,0.32,486,0.18,1
6,1,12772,0,0,500,0.6,1000,0.2,1400,0.2,1
6,2,8661,0,0,666,0.42,420,0.58,1
6,3,2213,2,10,5,0,300,0.5,1700,0.5,1
6,4,12642,0,0,500,0.6,1000,0.2,1400,0.2,1
6,5,13271,1,0,500,0.6,1000,0.2,1400,0.2,1
6,6,3665,2,10,5,0,500,0.6,1000,0.2,1400,0.2,1
6,7,14669,2,10,5,0,666,0.42,420,0.58,1
6,8,9377,2,10,5,0,500,0.6,1000,0.2,1400,0.2,1
6,9,2521,2,10,5,0,666,0.42,420,0.58,1
6,10,10307,0,0,300,0.5,1700,0.5,1
6,11,9561,1,0,666,0.42,420,0.58,1
7,0,8542,0,0,666,0.42,420,0.58,1
7,1,9729,1,0,666,0.42,420,0.58,1
7,2,1804,2,10,5,0,666,0.42,420,0.58,1
7,3,6567,1,0,300,0.5,1700,0.5,1
7,4,12590,2,10,5,0,300,0.5,572,0.32,486,0.18,1
7,5,7510,0,0,300,0.5,1700,0.5,1
7,6,3882,2,10,5,0,300,0.5,572,0.32,486,0.18,1
7,7,2862,1,0,666,0.42,420,0.58,1
7,8,7609,0,0,500,0.6,1000,0.2,1400,0.2,1
7,9,786,2,10,5,0,500,0.6,1000,0.2,1400,0.2,1
7,10,4729,0,0,500,0.6,1000,0.2,1400,0.2,1
7,11,2784,0,0,666,0.42,420,0.58,1
8,0,8749,2,10,5,0,300,0.5,1700,0.5,1
8,1,4723,0,0,300,0.5,1700,0.5,1
8,2,7811,2,10,5,0,500,0.6,1000,0.2,1400,0.2,1
8,3,5533,1,0,666,0.42,420,0.58,1
8,4,4813,0,0,666,0.42,420,0.58,1
8,5,1449,1,0,300,0.5,1700,0.5,1
8,6,9639,2,10,5,0,500,0.6,1000,0.2,1400,0.2,1
8,7,13252,0,0,666,0.42,420,0.58,1
8,8,10981,2,10,5,0,500,0.6,1000,0.2,1400,0.2,1
8,9,4441,2,10,5,0,500,0.6,1000,0.2,1400,0.2,1
8,10,4763,2,10,5,0,666,0.42,420,0.58,1
8,11,1769,2,10,5,0,500,0.6,1000,0.2,1400,0.2,1
9,0,6941,2,10,5,0,300,0.5,572,0.32,486,0.18,1
9,1,7552,0,0,666,0.42,420,0.58,1
9,2,11074,2,10,5,0,300,0.5,1700,0.5,1
9,3,1954,2,10,5,0,500,0.6,1000,0.2,1400,0.2,1
9,4,13154,2,10,5,0,300,0.5,1700,0.5,1
9,5,7582,0,0,300,0.5,572,0.32,486,0.18,1
9,6,2019,0,0,300,0.5,1700,0.5,1
9,7,1672,1,0,500,0.6,1000,0.2,1400,0.2,1
9,8,14583,1,0,666,0.42,420,0.58,1
9,9,9546,2,10,5,0,300,0.5,572,0.32,486,0.18,1
9,10,7754,0,0,500,0.6,1000,0.2,1400,0.2,1
9,11,14735,1,0,300,0.5,1700,0.5,1
10,0,13523,1,0,500,0.6,1000,0.2,1400,0.2,1
10,1,13264,0,0,500,0.6,1000,0.2,1400,0.2,1
10,2,3657,0,0,300,0.5,572,0.32,486,0.18,1
10,3,2719,0,0,300,0.5,572,0.32,486,0.18,1
10,4,12571,2,10,5,0,500,0.6,1000,0.2,1400,0.2,1
10,5,3873,0,0,666,0.42,420,0.58,1
10,6,11733,1,0,666,0.42,420,0.58,1
10,7,7500,1,0,300,0.5,572,0.32,486,0.18,1
10,8,5883,0,0,666,0.42,420,0.58,1
10,9,9842,1,0,300,0.5,1700,0.5,1
10,10,3675,2,10,5,0,300,0.5,1700,0.5,1
10,11,202,1,0,300,0.5,572,0.32,486,0.18,1
11,0,14109,1,0,666,0.42,420,0.58,1
11,1,8086,1,0,300,0.5,572,0.32,486,0.18,1
11,2,11113,1,0,500,0.6,1000,0.2,1400,0.2,1
11,3,13958,0,0,500,0.6,1000,0.2,1400,0.2,1
11,4,1459,1,0,300,0.5,572,0.32,486,0.18,1
11,5,11635,1,0,300,0.5,572,0.32,486,0.18,1
11,6,1660,0,0,500,0.6,1000,0.2,1400,0.2,1
11,7,12384,2,10,5,0,300,0.5,572,0.32,486,0.18,1
11,8,1670,1,0,300,0.5,572,0.32,486,0.18,1
11,9,12025,1,0,300,0.5,1700,0.5,1
11,10,10658,1,0,500,0.6,1000,0.2,1400,0.2,1
11,11,12524,1,0,300,0.5,1700,0.5,1
