0,0,8743,0,0,300,0.5,1700,0.5,1
0,1,9130,1,0,666,0.42,420,0.58,1
0,2,13258,1,0,666,0.42,420,0.58,1
0,3,6917,0,0,300,0.5,572,0.32,486,0.18,1
0,4,448,1,0,300,0.5,572,0.32,486,0.18,1
0,5,13433,0,0,500,0.6,1000,0.2,1400,0.2,1
0,6,13615,0,0,300,0.5,1700,0.5,1
0,7,2702,0,0,500,0.6,1000,0.2,1400,0.2,1
0,8,7195,2,10,5,0,300,0.5,1700,0.5,1
0,9,11841,2,10,5,0,666,0.42,420,0.58,1
0,10,4469,1,0,500,0.6,1000,0.2,1400,0.2,1
0,11,5681,0,0,666,0.42,420,0.58,1
1,0,2038,2,10,5,0,666,0.42,420,0.58,1
1,1,6220,0,0,666,0.42,420,0.58,1
1,2,7557,2,10,5,0,500,0.6,1000,0.2,1400,0.2,0
1,3,14208,1,0,300,0.5,572,0.32,486,0.18,1
1,4,11277,1,0,666,0.42,420,0.58,1
1,5,9812,0,0,300,0.5,1700,0.5,1
1,6,6616,1,0,500,0.6,1000,0.2,1400,0.2,1
1,7,1260,1,0,300,0.5,1700,0.5,1
1,8,10899,2,10,5,0,500,0.6,1000,0.2,1400,0.2,1
1,9,1772,2,10,5,0,300,0.5,1700,0.5,1
1,10,11675,2,10,5,0,300,0.5,1700,0.5,1
1,11,2213,2,10,5,0,500,0.6,1000,0.2,1400,0.2,1
2,0,5139,2,10,5,0,500,0.6,1000,0.2,1400,0.2,1
2,1,3860,1,0,666,0.42,420,0.58,1
2,2,10338,2,10,5,0,300,0.5,1700,0.5,1
2,3,14674,0,0,300,0.5,572,0.32,486,0.18,1
2,4,10848,1,0,300,0.5,572,0.32,486,0.18,1
2,5,2265,0,0,300,0.5,572,0.32,486,0.18,1
2,6,10583,2,10,5,0,666,0.42,420,0.58,1
2,7,12383,2,10,5,0,500,0.6,1000,0.2,1400,0.2,1
2,8,2036,0,0,500,0.6,1000,0.2,1400,0.2,1
2,9,11357,0,0,300,0.5,572,0.32,486,0.18,1
2,10,5442,2,10,5,0,300,0.5,572,0.32,486,0.18,1
2,11,2449,0,0,300,0.5,1700,0.5,1
3,0,12932,0,0,300,0.5,572,0.32,486,0.18,1
3,1,7249,1,0,500,0.6,1000,0.2,1400,0.2,1
3,2,3478,2,10,5,0,500,0.6,1000,0.2,1400,0.2,1
3,3,9811,0,0,300,0.5,1700,0.5,1
3,4,14764,0,0,666,0.42,420,0.58,1
3,5,6610,0,0,300,0.5,572,0.32,486,0.18,1
3,6,10708,1,0,300,0.5,572,0.32,486,0.18,1
3,7,9819,0,0,300,0.5,572,0.32,486,0.18,1
3,8,801,0,0,500,0.6,1000,0.2,1400,0.2,1
3,9,8960,1,0,500,0.6,1000,0.2,1400,0.2,1
3,10,10049,0,0,500,0.6,1000,0.2,1400,0.2,1
3,11,4478,2,10,5,0,300,0.5,1700,0.5,1
4,0,2233,0,0,666,0.42,420,0.58,1
4,1,817,1,0,500,0.6,1000,0.2,1400,0.2,1
4,2,8132,1,0,300,0.5,1700,0.5,1
4,3,11699,2,10,5,0,300,0.5,572,0.32,486,0.18,1
4,4,6473,0,0,666,0.42,420,0.58,1
4,5,9170,1,0,300,0.5,1700,0.5,1
4,6,2847,1,0,300,0.5,572,0.32,486,0.18,1
4,7,7876,1,0,300,0.5,572,0.32,486,0.18,1
4,8,5408,0,0,300,0.5,1700,0.5,1
4,9,5394,0,0,300,0.5,572,0.32,486,0.18,1
4,10,3661,0,0,300,0.5,572,0.32,486,0.18,1
4,11,11022,0,0,666,0.42,420,0.58,1
5,0,4585,2,10,5,0,666,0.42,420,0.58,1
5,1,14261,2,10,5,0,666,0.42,420,0.58,1
5,2,14000,0,0,300,0.5,572,0.32,486,0.18,1
5,3,1877,1,0,500,0.6,1000,0.2,1400,0.2,1
5,4,13475,0,0,300,0.5,572,0.32,486,0.18,1
5,5,12644,2,10,5,0,300,0.5,572,0.32,486,0.18,1
5,6,4299,1,0,300,0.5,572,0.32,486,0.18,1
5,7,3257,1,0,300,0.5,572,0.32,486,0.18,1
5,8,8621,2,10,5,0,300,0.5,572,0.32,486,0.18,1
5,9,8465,1,0,300,0.5,1700,0.5,1
5,10,1084,2,10,5,0,300,0.5,1700,0.5,1
5,11,11576,1,0,300,0.5,572,0.32,486,0.18,1
6,0,12468,2,10,5,0,300,0.5,1700,0.5,1
6,1,3408,1,0,500,0.6,1000,0.2,1400,0.2,1
6,2,5925,0,0,500,0.6,1000,0.2,1400,0.2,1
6,3,2010,0,0,666,0.42,420,0.58,1
6,4,12821,2,10,5,0,500,0.6,1000,0.2,1400,0.2,1
6,5,10769,0,0,500,0.6,1000,0.2,1400,0.2,1
6,6,323,1,0,666,0.42,420,0.58,1
6,7,13152,0,0,500,0.6,1000,0.2,1400,0.2,1
6,8,8770,0,0,300,0.5,1700,0.5,1
6,9,12178,2,10,5,0,666,0.42,420,0.58,1
6,10,12044,0,0,300,0.5,1700,0.5,1
6,11,1683,0,0,666,0.42,420,0.58,1
7,0,1536,1,0,300,0.5,1700,0.5,1
7,1,11750,1,0,300,0.5,572,0.32,486,0.18,1
7,2,9683,0,0,300,0.5,1700,0.5,1
7,3,7546,1,0,300,0.5,572,0.32,486,0.18,1
7,4,3862,1,0,666,0.42,420,0.58,1
7,5,7839,1,0,300,0.5,572,0.32,486,0.18,1
7,6,10137,2,10,5,0,666,0.42,420,0.58,1
7,7,783,1,0,300,0.5,572,0.32,486,0.18,1
7,8,10948,2,10,5,0,300,0.5,1700,0.5,1
7,9,6281,2,10,5,0,500,0.6,1000,0.2,1400,0.2,1
7,10,7038,2,10,5,0,300,0.5,572,0.32,486,0.18,1
7,11,9209,1,0,666,0.42,420,0.58,1
8,0,13740,2,10,5,0,666,0.42,420,0.58,1
8,1,12237,0,0,500,0.6,1000,0.2,1400,0.2,1
8,2,3180,2,10,5,0,300,0.5,572,0.32,486,0.18,1
8,3,11852,2,10,5,0,300,0.5,1700,0.5,1
8,4,12989,0,0,500,0.6,1000,0.2,1400,0.2,1
8,5,6325,0,0,300,0.5,1700,0.5,1
8,6,10449,1,0,666,0.42,420,0.58,1
8,7,5488,2,10,5,0,300,0.5,1700,0.5,1
8,8,5163,2,10,5,0,500,0.6,1000,0.2,1400,0.2,1
8,9,11824,0,0,300,0.5,572,0.32,486,0.18,1
8,10,13725,0,0,300,0.5,572,0.32,486,0.18,1
8,11,3489,1,0,300,0.5,1700,0.5,1
9,0,13468,1,0,666,0.42,420,0.58,1
9,1,5697,2,10,5,0,500,0.6,1000,0.2,1400,0.2,1
9,2,2342,1,0,300,0.5,1700,0.5,1
9,3,6009,2,10,5,0,500,0.6,1000,0.2,1400,0.2,1
9,4,5948,0,0,300,0.5,572,0.32,486,0.18,1
9,5,837,0,0,300,0.5,1700,0.5,1
9,6,11019,0,0,666,0.42,420,0.58,1
9,7,5471,0,0,300,0.5,572,0.32,486,0.18,1
9,8,3222,1,0,666,0.42,420,0.58,1
9,9,3886,0,0,666,0.42,420,0.58,1
9,10,3429,1,0,300,0.5,572,0.32,486,0.18,1
9,11,13166,0,0,300,0.5,1700,0.5,1
10,0,3586,1,0,500,0.6,1000,0.2,1400,0.2,1
10,1,13263,2,10,5,0,300,0.5,572,0.32,486,0.18,1
10,2,1521,0,0,500,0.6,1000,0.2,1400,0.2,1
10,3,2427,0,0,300,0.5,572,0.32,486,0.18,1
10,4,10569,2,10,5,0,300,0.5,1700,0.5,1
10,5,9414,0,0,300,0.5,1700,0.5,1
10,6,8935,2,10,5,0,500,0.6,1000,0.2,1400,0.2,1
10,7,4286,1,0,300,0.5,572,0.32,486,0.18,1
10,8,12177,1,0,300,0.5,1700,0.5,1
10,9,1040,2,10,5,0,300,0.5,1700,0.5,1
10,10,3432,2,10,5,0,300,0.5,572,0.32,486,0.18,1
10,11,8892,1,0,500,0.6,1000,0.2,1400,0.2,1
11,0,9032,1,0,500,0.6,1000,0.2,1400,0.2,1
11,1,272,1,0,666,0.42,420,0.58,1
11,2,1112,1,0,300,0.5,572,0.32,486,0.18,1
11,3,10781,0,0,300,0.5,1700,0.5,1
11,4,8123,2,10,5,0,300,0.5,1700,0.5,1
11,5,5224,1,0,666,0.42,420,0.58,1
11,6,3546,0,0,300,0.5,572,0.32,486,0.18,1
11,7,11387,0,0,300,0.5,572,0.32,486,0.18,1
11,8,4594,1,0,300,0.5,572,0.32,486,0.18,1
11,9,4698,0,0,300,0.5,572,0.32,486,0.18,1
11,10,4551,2,10,5,0,666,0.42,420,0.58,1
11,11,2445,2,10,5,0,666,0.42,420,0.58,1
