0,0,1878,0,0,666,0.42,420,0.58,1
0,1,2636,2,10,5,0,666,0.42,420,0.58,1
0,2,2844,2,10,5,0,666,0.42,420,0.58,1
0,3,2038,0,0,300,0.5,1700,0.5,1
0,4,10662,2,10,5,0,666,0.42,420,0.58,1
0,5,1301,2,10,5,0,300,0.5,1700,0.5,1
0,6,10890,1,0,300,0.5,572,0.32,486,0.18,1
0,7,3412,1,0,300,0.5,1700,0.5,1
0,8,3721,0,0,300,0.5,1700,0.5,1
0,9,1487,0,0,300,0.5,1700,0.5,1
0,10,4659,0,0,500,0.6,1000,0.2,1400,0.2,1
0,11,6564,1,0,300,0.5,572,0.32,486,0.18,1
1,0,14063,0,0,300,0.5,572,0.32,486,0.18,1
1,1,5256,1,0,500,0.6,1000,0.2,1400,0.2,1
1,2,8588,0,0,300,0.5,572,0.32,486,0.18,0
1,3,11512,1,0,666,0.42,420,0.58,1
1,4,11359,0,0,666,0.42,420,0.58,1
1,5,4773,1,0,666,0.42,420,0.58,1
1,6,2680,2,10,5,0,500,0.6,1000,0.2,1400,0.2,1
1,7,9864,2,10,5,0,500,0.6,1000,0.2,1400,0.2,1
1,8,1711,2,10,5,0,300,0.5,1700,0.5,1
1,9,10354,0,0,300,0.5,1700,0.5,1
1,10,8152,0,0,666,0.42,420,0.58,1
1,11,6289,0,0,300,0.5,572,0.32,486,0.18,1
2,0,1045,2,10,5,0,300,0.5,572,0.32,486,0.18,1
2,1,6032,1,0,500,0.6,1000,0.2,1400,0.2,1
2,2,4937,2,10,5,0,300,0.5,1700,0.5,1
2,3,6589,1,0,300,0.5,1700,0.5,1
2,4,14540,0,0,666,0.42,420,0.58,1
2,5,4108,2,10,5,0,500,0.6,1000,0.2,1400,0.2,1
2,6,3098,1,0,500,0.6,1000,0.2,1400,0.2,1
2,7,4035,0,0,300,0.5,572,0.32,486,0.18,1
2,8,14722,1,0,300,0.5,1700,0.5,1
2,9,2109,2,10,5,0,300,0.5,572,0.32,486,0.18,1
2,10,2734,0,0,300,0.5,572,0.32,486,0.18,1
2,11,2755,0,0,666,0.42,420,0.58,1
3,0,45,2,10,5,0,300,0.5,572,0.32,486,0.18,1
3,1,3698,0,0,500,0.6,1000,0.2,1400,0.2,1
3,2,3840,1,0,666,0.42,420,0.58,1
3,3,6105,0,0,300,0.5,572,0.32,486,0.18,1
3,4,9614,0,0,300,0.5,1700,0.5,1
3,5,14437,0,0,300,0.5,572,0.32,486,0.18,1
3,6,3394,0,0,666,0.42,420,0.58,1
3,7,2762,2,10,5,0,300,0.5,572,0.32,486,0.18,1
3,8,11947,2,10,5,0,666,0.42,420,0.58,1
3,9,11363,0,0,300,0.5,1700,0.5,1
3,10,3556,0,0,666,0.42,420,0.58,1
3,11,10166,1,0,666,0.42,420,0.58,1
4,0,8469,2,10,5,0,300,0.5,1700,0.5,1
4,1,14694,2,10,5,0,300,0.5,572,0.32,486,0.18,1
4,2,3337,1,0,300,0.5,1700,0.5,1
4,3,2228,0,0,300,0.5,572,0.32,486,0.18,1
4,4,7478,1,0,666,0.42,420,0.58,1
4,5,7043,1,0,500,0.6,1000,0.2,1400,0.2,1
4,6,14251,0,0,300,0.5,572,0.32,486,0.18,1
4,7,10415,0,0,500,0.6,1000,0.2,1400,0.2,1
4,8,5371,1,0,500,0.6,1000,0.2,1400,0.2,1
4,9,680,2,10,5,0,500,0.6,1000,0.2,1400,0.2,1
4,10,3982,2,10,5,0,666,0.42,420,0.58,1
4,11,8710,2,10,5,0,300,0.5,572,0.32,486,0.18,1
5,0,3803,1,0,300,0.5,1700,0.5,1
5,1,8089,2,10,5,0,500,0.6,1000,0.2,1400,0.2,1
5,2,14814,2,10,5,0,300,0.5,572,0.32,486,0.18,1
5,3,421,2,10,5,0,500,0.6,1000,0.2,1400,0.2,1
5,4,7093,2,10,5,0,666,0.42,420,0.58,1
5,5,2404,0,0,666,0.42,420,0.58,1
5,6,12643,0,0,666,0.42,420,0.58,1
5,7,13594,0,0,500,0.6,1000,0.2,1400,0.2,1
5,8,3734,1,0,300,0.5,1700,0.5,1
5,9,1031,1,0,300,0.5,1700,0.5,1
5,10,8902,1,0,666,0.42,420,0.58,1
5,11,9888,1,0,300,0.5,1700,0.5,1
6,0,6767,0,0,300,0.5,572,0.32,486,0.18,1
6,1,3492,0,0,300,0.5,1700,0.5,1
6,2,1741,2,10,5,0,666,0.42,420,0.58,1
6,3,4609,0,0,300,0.5,1700,0.5,1
6,4,11844,2,10,5,0,500,0.6,1000,0.2,1400,0.2,1
6,5,10144,0,0,300,0.5,1700,0.5,1
6,6,13478,0,0,300,0.5,572,0.32,486,0.18,1
6,7,959,2,10,5,0,666,0.42,420,0.58,1
6,8,6632,1,0,300,0.5,572,0.32,486,0.18,1
6,9,4815,2,10,5,0,300,0.5,1700,0.5,1
6,10,11353,1,0,300,0.5,572,0.32,486,0.18,1
6,11,3832,1,0,300,0.5,572,0.32,486,0.18,1
7,0,11911,1,0,666,0.42,420,0.58,1
7,1,2761,0,0,500,0.6,1000,0.2,1400,0.2,1
7,2,3804,2,10,5,0,666,0.42,420,0.58,1
7,3,43,1,0,666,0.42,420,0.58,1
7,4,7714,0,0,666,0.42,420,0.58,1
7,5,712,1,0,300,0.5,1700,0.5,1
7,6,11453,1,0,300,0.5,572,0.32,486,0.18,1
7,7,9189,1,0,300,0.5,572,0.32,486,0.18,1
7,8,7120,2,10,5,0,666,0.42,420,0.58,1
7,9,11023,2,10,5,0,300,0.5,572,0.32,486,0.18,1
7,10,6573,1,0,300,0.5,572,0.32,486,0.18,1
7,11,9206,0,0,500,0.6,1000,0.2,1400,0.2,1
8,0,4582,1,0,300,0.5,572,0.32,486,0.18,1
8,1,13324,2,10,5,0,666,0.42,420,0.58,1
8,2,10770,2,10,5,0,666,0.42,420,0.58,1
8,3,13316,2,10,5,0,666,0.42,420,0.58,1
8,4,595,2,10,5,0,666,0.42,420,0.58,1
8,5,8856,0,0,300,0.5,1700,0.5,1
8,6,1408,0,0,500,0.6,1000,0.2,1400,0.2,1
8,7,3219,1,0,666,0.42,420,0.58,1
8,8,5606,0,0,666,0.42,420,0.58,1
8,9,2808,1,0,666,0.42,420,0.58,1
8,10,5396,1,0,300,0.5,572,0.32,486,0.18,1
8,11,3260,0,0,500,0.6,1000,0.2,1400,0.2,1
9,0,13200,0,0,300,0.5,1700,0.5,1
9,1,14211,1,0,300,0.5,1700,0.5,1
9,2,13883,0,0,300,0.5,572,0.32,486,0.18,1
9,3,12053,0,0,300,0.5,1700,0.5,1
9,4,11726,1,0,500,0.6,1000,0.2,1400,0.2,1
9,5,3625,0,0,500,0.6,1000,0.2,1400,0.2,1
9,6,13979,2,10,5,0,500,0.6,1000,0.2,1400,0.2,1
9,7,2474,0,0,500,0.6,1000,0.2,1400,0.2,1
9,8,2149,1,0,666,0.42,420,0.58,1
9,9,14671,0,0,300,0.5,1700,0.5,1
9,10,3979,2,10,5,0,300,0.5,1700,0.5,1
9,11,761,2,10,5,0,300,0.5,1700,0.5,1
10,0,6200,0,0,300,0.5,1700,0.5,1
10,1,11697,0,0,300,0.5,1700,0.5,1
10,2,13810,1,0,300,0.5,572,0.32,486,0.18,1
10,3,2019,0,0,666,0.42,420,0.58,1
10,4,4858,1,0,500,0.6,1000,0.2,1400,0.2,1
10,5,6169,0,0,666,0.42,420,0.58,1
10,6,1424,2,10,5,0,666,0.42,420,0.58,1
10,7,8905,0,0,300,0.5,572,0.32,486,0.18,1
10,8,1543,0,0,500,0.6,1000,0.2,1400,0.2,1
10,9,4224,2,10,5,0,300,0.5,572,0.32,486,0.18,1
10,10,4221,1,0,666,0.42,420,0.58,1
10,11,5533,1,0,666,0.42,420,0.58,1
11,0,188,1,0,300,0.5,572,0.32,486,0.18,1
11,1,14552,1,0,666,0.42,420,0.58,1
11,2,4215,1,0,300,0.5,572,0.32,486,0.18,1
11,3,12970,2,10,5,0,300,0.5,1700,0.5,1
11,4,2999,0,0,300,0.5,1700,0.5,1
11,5,14839,0,0,500,0.6,1000,0.2,1400,0.2,1
11,6,956,2,10,5,0,300,0.5,572,0.32,486,0.18,1
11,7,463,2,10,5,0,666,0.42,420,0.58,1
11,8,11013,0,0,666,0.42,420,0.58,1
11,9,5620,0,0,500,0.6,1000,0.2,1400,0.2,1
11,10,8495,0,0,300,0.5,572,0.32,486,0.18,1
11,11,12432,2,10,5,0,300,0.5,1700,0.5,1
