0,0,10160,1,0,300,0.5,572,0.32,486,0.18,1
0,1,2865,2,10,5,0,500,0.6,1000,0.2,1400,0.2,1
0,2,1572,0,0,500,0.6,1000,0.2,1400,0.2,1
0,3,1774,0,0,300,0.5,1700,0.5,1
0,4,11618,2,10,5,0,300,0.5,1700,0.5,1
0,5,539,1,0,666,0.42,420,0.58,1
0,6,11905,1,0,300,0.5,572,0.32,486,0.18,1
0,7,2222,0,0,300,0.5,572,0.32,486,0.18,1
0,8,2691,2,10,5,0,300,0.5,1700,0.5,1
0,9,2622,2,10,5,0,500,0.6,1000,0.2,1400,0.2,1
0,10,11768,0,0,300,0.5,1700,0.5,1
0,11,12377,0,0,300,0.5,1700,0.5,1
1,0,12470,2,10,5,0,300,0.5,1700,0.5,1
1,1,12942,0,0,300,0.5,572,0.32,486,0.18,1
1,2,134,2,10,5,0,666,0.42,420,0.58,0
1,3,14362,0,0,666,0.42,420,0.58,1
1,4,2342,2,10,5,0,300,0.5,572,0.32,486,0.18,1
1,5,14263,1,0,500,0.6,1000,0.2,1400,0.2,1
1,6,13168,2,10,5,0,500,0.6,1000,0.2,1400,0.2,1
1,7,2052,1,0,500,0.6,1000,0.2,1400,0.2,1
1,8,5795,1,0,666,0.42,420,0.58,1
1,9,4521,2,10,5,0,500,0.6,1000,0.2,1400,0.2,1
1,10,10885,2,10,5,0,300,0.5,1700,0.5,1
1,11,790,2,10,5,0,300,0.5,572,0.32,486,0.18,1
2,0,7353,0,0,500,0.6,1000,0.2,1400,0.2,1
2,1,13639,0,0,500,0.6,1000,0.2,1400,0.2,1
2,2,2538,0,0,300,0.5,1700,0.5,1
2,3,3745,1,0,300,0.5,572,0.32,486,0.18,1
2,4,2561,2,10,5,0,500,0.6,1000,0.2,1400,0.2,1
2,5,14195,0,0,300,0.5,1700,0.5,1
2,6,14261,0,0,666,0.42,420,0.58,1
2,7,11293,1,0,666,0.42,420,0.58,1
2,8,5817,1,0,666,0.42,420,0.58,1
2,9,14739,1,0,300,0.5,1700,0.5,1
2,10,5036,1,0,500,0.6,1000,0.2,1400,0.2,1
2,11,4303,2,10,5,0,500,0.6,1000,0.2,1400,0.2,1
3,0,12055,0,0,300,0.5,572,0.32,486,0.18,1
3,1,5228,1,0,666,0.42,420,0.58,1
3,2,14558,2,10,5,0,300,0.5,572,0.32,486,0.18,1
3,3,11338,2,10,5,0,300,0.5,1700,0.5,1
3,4,1773,0,0,300,0.5,572,0.32,486,0.18,1
3,5,12488,1,0,666,0.42,420,0.58,1
3,6,9458,1,0,300,0.5,1700,0.5,1
3,7,3507,1,0,666,0.42,420,0.58,1
3,8,5202,1,0,300,0.5,572,0.32,486,0.18,1
3,9,4820,1,0,666,0.42,420,0.58,1
3,10,7137,1,0,300,0.5,572,0.32,486,0.18,1
3,11,730,0,0,666,0.42,420,0.58,1
4,0,9431,1,0,300,0.5,1700,0.5,1
4,1,10213,0,0,300,0.5,572,0.32,486,0.18,1
4,2,2454,1,0,300,0.5,1700,0.5,1
4,3,9839,2,10,5,0,300,0.5,572,0.32,486,0.18,1
4,4,7101,1,0,300,0.5,1700,0.5,1
4,5,8083,0,0,666,0.42,420,0.58,1
4,6,10307,1,0,300,0.5,572,0.32,486,0.18,1
4,7,7667,0,0,666,0.42,420,0.58,1
4,8,1691,2,10,5,0,300,0.5,1700,0.5,1
4,9,7898,1,0,300,0.5,572,0.32,486,0.18,1
4,10,12160,1,0,666,0.42,420,0.58,1
4,11,829,1,0,300,0.5,572,0.32,486,0.18,1
5,0,10654,2,10,5,0,300,0.5,572,0.32,486,0.18,1
5,1,5301,0,0,300,0.5,1700,0.5,1
5,2,3160,2,10,5,0,300,0.5,572,0.32,486,0.18,1
5,3,13129,2,10,5,0,666,0.42,420,0.58,1
5,4,6773,0,0,666,0.42,420,0.58,1
5,5,10428,1,0,500,0.6,1000,0.2,1400,0.2,1
5,6,9569,2,10,5,0,666,0.42,420,0.58,1
5,7,1660,1,0,500,0.6,1000,0.2,1400,0.2,1
5,8,14816,0,0,300,0.5,572,0.32,486,0.18,1
5,9,5992,2,10,5,0,500,0.6,1000,0.2,1400,0.2,1
5,10,1732,0,0,300,0.5,572,0.32,486,0.18,1
5,11,3162,2,10,5,0,300,0.5,1700,0.5,1
6,0,9903,1,0,300,0.5,572,0.32,486,0.18,1
6,1,8053,2,10,5,0,300,0.5,1700,0.5,1
6,2,1634,2,10,5,0,666,0.42,420,0.58,1
6,3,2185,2,10,5,0,666,0.42,420,0.58,1
6,4,1748,2,10,5,0,300,0.5,572,0.32,486,0.18,1
6,5,10128,0,0,300,0.5,1700,0.5,1
6,6,8623,0,0,300,0.5,572,0.32,486,0.18,1
6,7,3569,1,0,666,0.42,420,0.58,1
6,8,14363,0,0,300,0.5,1700,0.5,1
6,9,12550,1,0,300,0.5,1700,0.5,1
6,10,4380,0,0,300,0.5,1700,0.5,1
6,11,3762,0,0,666,0.42,420,0.58,1
7,0,7342,0,0,300,0.5,1700,0.5,1
7,1,6902,2,10,5,0,500,0.6,1000,0.2,1400,0.2,1
7,2,10664,2,10,5,0,666,0.42,420,0.58,1
7,3,4994,1,0,300,0.5,1700,0.5,1
7,4,2166,2,10,5,0,666,0.42,420,0.58,1
7,5,5595,1,0,666,0.42,420,0.58,1
7,6,7024,0,0,300,0.5,572,0.32,486,0.18,1
7,7,9329,1,0,500,0.6,1000,0.2,1400,0.2,1
7,8,192,1,0,500,0.6,1000,0.2,1400,0.2,1
7,9,4017,1,0,300,0.5,1700,0.5,1
7,10,5358,0,0,300,0.5,1700,0.5,1
7,11,10893,2,10,5,0,300,0.5,1700,0.5,1
8,0,12376,2,10,5,0,300,0.5,1700,0.5,1
8,1,7809,1,0,500,0.6,1000,0.2,1400,0.2,1
8,2,14069,2,10,5,0,300,0.5,1700,0.5,1
8,3,7117,1,0,300,0.5,1700,0.5,1
8,4,10470,0,0,300,0.5,572,0.32,486,0.18,1
8,5,11175,2,10,5,0,300,0.5,572,0.32,486,0.18,1
8,6,4792,0,0,300,0.5,572,0.32,486,0.18,1
8,7,2585,1,0,300,0.5,572,0.32,486,0.18,1
8,8,14937,0,0,666,0.42,420,0.58,1
8,9,770,1,0,500,0.6,1000,0.2,1400,0.2,1
8,10,11734,0,0,500,0.6,1000,0.2,1400,0.2,1
8,11,10188,1,0,300,0.5,572,0.32,486,0.18,1
9,0,7963,1,0,500,0.6,1000,0.2,1400,0.2,1
9,1,14558,0,0,500,0.6,1000,0.2,1400,0.2,1
9,2,5594,0,0,300,0.5,1700,0.5,1
9,3,13002,2,10,5,0,500,0.6,1000,0.2,1400,0.2,1
9,4,1775,1,0,500,0.6,1000,0.2,1400,0.2,1
9,5,9677,2,10,5,0,300,0.5,1700,0.5,1
9,6,1085,2,10,5,0,300,0.5,572,0.32,486,0.18,1
9,7,1609,1,0,300,0.5,1700,0.5,1
9,8,7957,2,10,5,0,500,0.6,1000,0.2,1400,0.2,1
9,9,4216,2,10,5,0,300,0.5,572,0.32,486,0.18,1
9,10,13585,0,0,500,0.6,1000,0.2,1400,0.2,1
9,11,3066,1,0,300,0.5,572,0.32,486,0.18,1
10,0,787,1,0,500,0.6,1000,0.2,1400,0.2,1
10,1,11051,0,0,666,0.42,420,0.58,1
10,2,9993,2,10,5,0,300,0.5,572,0.32,486,0.18,1
10,3,11437,1,0,500,0.6,1000,0.2,1400,0.2,1
10,4,14373,1,0,300,0.5,572,0.32,486,0.18,1
10,5,13844,0,0,666,0.42,420,0.58,1
10,6,13262,1,0,500,0.6,1000,0.2,1400,0.2,1
10,7,1952,1,0,666,0.42,420,0.58,1
10,8,110,1,0,300,0.5,1700,0.5,1
10,9,13760,1,0,666,0.42,420,0.58,1
10,10,5516,0,0,300,0.5,572,0.32,486,0.18,1
10,11,12882,1,0,300,0.5,572,0.32,486,0.18,1
11,0,10485,1,0,300,0.5,572,0.32,486,0.18,1
11,1,389,2,10,5,0,666,0.42,420,0.58,1
11,2,6362,0,0,300,0.5,1700,0.5,1
11,3,7194,2,10,5,0,666,0.42,420,0.58,1
11,4,6078,2,10,5,0,500,0.6,1000,0.2,1400,0.2,1
11,5,4866,2,10,5,0,666,0.42,420,0.58,1
11,6,821,0,0,300,0.5,1700,0.5,1
11,7,5267,2,10,5,0,300,0.5,572,0.32,486,0.18,1
11,8,12005,0,0,300,0.5,572,0.32,486,0.18,1
11,9,7549,0,0,300,0.5,1700,0.5,1
11,10,4018,2,10,5,0,666,0.42,420,0.58,1
11,11,3591,1,0,500,0.6,1000,0.2,1400,0.2,1
