0,0,11079,1,0,300,0.5,1700,0.5,1
0,1,4419,0,0,500,0.6,1000,0.2,1400,0.2,1
0,2,9394,2,10,5,0,300,0.5,572,0.32,486,0.18,1
0,3,10214,1,0,300,0.5,1700,0.5,1
0,4,11125,0,0,666,0.42,420,0.58,1
0,5,8025,1,0,300,0.5,1700,0.5,1
0,6,7708,1,0,300,0.5,1700,0.5,1
0,7,1812,2,10,5,0,300,0.5,572,0.32,486,0.18,1
0,8,10185,1,0,300,0.5,572,0.32,486,0.18,1
0,9,2411,0,0,300,0.5,572,0.32,486,0.18,1
0,10,7382,1,0,300,0.5,1700,0.5,1
0,11,2906,0,0,500,0.6,1000,0.2,1400,0.2,1
1,0,7802,0,0,300,0.5,572,0.32,486,0.18,1
1,1,13052,1,0,666,0.42,420,0.58,1
1,2,9440,0,0,500,0.6,1000,0.2,1400,0.2,0
1,3,5174,1,0,666,0.42,420,0.58,1
1,4,11739,2,10,5,0,500,0.6,1000,0.2,1400,0.2,1
1,5,5230,2,10,5,0,300,0.5,572,0.32,486,0.18,1
1,6,11215,2,10,5,0,666,0.42,420,0.58,1
1,7,4422,0,0,666,0.42,420,0.58,1
1,8,9218,2,10,5,0,666,0.42,420,0.58,1
1,9,257,2,10,5,0,500,0.6,1000,0.2,1400,0.2,1
1,10,1283,2,10,5,0,500,0.6,1000,0.2,1400,0.2,1
1,11,1266,2,10,5,0,666,0.42,420,0.58,1
2,0,12711,1,0,300,0.5,572,0.32,486,0.18,1
2,1,234,2,10,5,0,300,0.5,1700,0.5,1
2,2,5407,2,10,5,0,500,0.6,1000,0.2,1400,0.2,1
2,3,12868,1,0,300,0.5,572,0.32,486,0.18,1
2,4,174,1,0,666,0.42,420,0.58,1
2,5,3140,1,0,300,0.5,572,0.32,486,0.18,1
2,6,7886,2,10,5,0,500,0.6,1000,0.2,1400,0.2,1
2,7,13171,2,10,5,0,666,0.42,420,0.58,1
2,8,3156,1,0,500,0.6,1000,0.2,1400,0.2,1
2,9,8851,0,0,500,0.6,1000,0.2,1400,0.2,1
2,10,2129,1,0,300,0.5,572,0.32,486,0.18,1
2,11,1279,1,0,500,0.6,1000,0.2,1400,0.2,1
3,0,7772,0,0,300,0.5,1700,0.5,1
3,1,2996,2,10,5,0,300,0.5,572,0.32,486,0.18,1
3,2,760,1,0,300,0.5,572,0.32,486,0.18,1
3,3,3464,0,0,300,0.5,1700,0.5,1
3,4,14942,0,0,666,0.42,420,0.58,1
3,5,6294,0,0,300,0.5,572,0.32,486,0.18,1
3,6,13528,0,0,666,0.42,420,0.58,1
3,7,4474,2,10,5,0,500,0.6,1000,0.2,1400,0.2,1
3,8,13020,1,0,666,0.42,420,0.58,1
3,9,5929,2,10,5,0,300,0.5,572,0.32,486,0.18,1
3,10,11148,1,0,300,0.5,1700,0.5,1
3,11,13684,0,0,300,0.5,572,0.32,486,0.18,1
4,0,8722,0,0,300,0.5,572,0.32,486,0.18,1
4,1,6205,2,10,5,0,300,0.5,1700,0.5,1
4,2,6504,0,0,300,0.5,572,0.32,486,0.18,1
4,3,14288,1,0,666,0.42,420,0.58,1
4,4,5463,1,0,300,0.5,1700,0.5,1
4,5,14262,1,0,666,0.42,420,0.58,1
4,6,75,0,0,300,0.5,1700,0.5,1
4,7,4602,1,0,500,0.6,1000,0.2,1400,0.2,1
4,8,5763,1,0,300,0.5,1700,0.5,1
4,9,14858,1,0,300,0.5,1700,0.5,1
4,10,9514,1,0,300,0.5,572,0.32,486,0.18,1
4,11,9014,2,10,5,0,300,0.5,572,0.32,486,0.18,1
5,0,8638,0,0,300,0.5,1700,0.5,1
5,1,7470,0,0,666,0.42,420,0.58,1
5,2,2124,2,10,5,0,300,0.5,1700,0.5,1
5,3,1172,0,0,666,0.42,420,0.58,1
5,4,6816,1,0,300,0.5,572,0.32,486,0.18,1
5,5,1906,0,0,300,0.5,572,0.32,486,0.18,1
5,6,6702,1,0,300,0.5,572,0.32,486,0.18,1
5,7,3314,2,10,5,0,300,0.5,1700,0.5,1
5,8,11328,0,0,300,0.5,572,0.32,486,0.18,1
5,9,2705,2,10,5,0,500,0.6,1000,0.2,1400,0.2,1
5,10,10520,1,0,500,0.6,1000,0.2,1400,0.2,1
5,11,7181,1,0,300,0.5,572,0.32,486,0.18,1
6,0,6367,0,0,666,0.42,420,0.58,1
6,1,8549,0,0,300,0.5,572,0.32,486,0.18,1
6,2,12592,0,0,300,0.5,572,0.32,486,0.18,1
6,3,5523,2,10,5,0,300,0.5,572,0.32,486,0.18,1
6,4,12859,1,0,666,0.42,420,0.58,1
6,5,4103,0,0,666,0.42,420,0.58,1
6,6,3007,1,0,300,0.5,572,0.32,486,0.18,1
6,7,14139,2,10,5,0,666,0.42,420,0.58,1
6,8,1985,1,0,300,0.5,1700,0.5,1
6,9,4001,0,0,500,0.6,1000,0.2,1400,0.2,1
6,10,1405,2,10,5,0,300,0.5,1700,0.5,1
6,11,7887,1,0,500,0.6,1000,0.2,1400,0.2,1
7,0,6900,1,0,300,0.5,1700,0.5,1
7,1,3149,0,0,500,0.6,1000,0.2,1400,0.2,1
7,2,6125,2,10,5,0,666,0.42,420,0.58,1
7,3,10621,1,0,666,0.42,420,0.58,1
7,4,9500,1,0,666,0.42,420,0.58,1
7,5,1851,0,0,500,0.6,1000,0.2,1400,0.2,1
7,6,219,0,0,300,0.5,572,0.32,486,0.18,1
7,7,6173,1,0,500,0.6,1000,0.2,1400,0.2,1
7,8,13819,1,0,300,0.5,572,0.32,486,0.18,1
7,9,10817,1,0,666,0.42,420,0.58,1
7,10,8947,1,0,666,0.42,420,0.58,1
7,11,11081,2,10,5,0,500,0.6,1000,0.2,1400,0.2,1
8,0,8269,0,0,666,0.42,420,0.58,1
8,1,5349,1,0,500,0.6,1000,0.2,1400,0.2,1
8,2,10736,2,10,5,0,500,0.6,1000,0.2,1400,0.2,1
8,3,9542,0,0,300,0.5,1700,0.5,1
8,4,5751,0,0,300,0.5,572,0.32,486,0.18,1
8,5,11129,2,10,5,0,500,0.6,1000,0.2,1400,0.2,1
8,6,6251,0,0,300,0.5,1700,0.5,1
8,7,596,2,10,5,0,300,0.5,572,0.32,486,0.18,1
8,8,9923,1,0,666,0.42,420,0.58,1
8,9,12495,1,0,500,0.6,1000,0.2,1400,0.2,1
8,10,3265,1,0,300,0.5,572,0.32,486,0.18,1
8,11,12828,0,0,300,0.5,1700,0.5,1
9,0,1349,2,10,5,0,300,0.5,572,0.32,486,0.18,1
9,1,11777,2,10,5,0,300,0.5,572,0.32,486,0.18,1
9,2,9360,2,10,5,0,500,0.6,1000,0.2,1400,0.2,1
9,3,687,1,0,500,0.6,1000,0.2,1400,0.2,1
9,4,12623,2,10,5,0,300,0.5,572,0.32,486,0.18,1
9,5,7820,2,10,5,0,666,0.42,420,0.58,1
9,6,5543,2,10,5,0,500,0.6,1000,0.2,1400,0.2,1
9,7,5059,2,10,5,0,500,0.6,1000,0.2,1400,0.2,1
9,8,2374,1,0,300,0.5,572,0.32,486,0.18,1
9,9,5777,0,0,300,0.5,1700,0.5,1
9,10,6978,2,10,5,0,666,0.42,420,0.58,1
9,11,4004,0,0,666,0.42,420,0.58,1
10,0,1453,2,10,5,0,300,0.5,572,0.32,486,0.18,1
10,1,10985,0,0,300,0.5,1700,0.5,1
10,2,10646,0,0,300,0.5,572,0.32,486,0.18,1
10,3,4992,2,10,5,0,500,0.6,1000,0.2,1400,0.2,1
10,4,8454,1,0,300,0.5,1700,0.5,1
10,5,4121,2,10,5,0,666,0.42,420,0.58,1
10,6,3991,1,0,500,0.6,1000,0.2,1400,0.2,1
10,7,11334,1,0,300,0.5,572,0.32,486,0.18,1
10,8,8854,2,10,5,0,500,0.6,1000,0.2,1400,0.2,1
10,9,7552,1,0,300,0.5,572,0.32,486,0.18,1
10,10,12183,0,0,300,0.5,572,0.32,486,0.18,1
10,11,5953,0,0,666,0.42,420,0.58,1
11,0,12060,0,0,500,0.6,1000,0.2,1400,0.2,1
11,1,13204,0,0,500,0.6,1000,0.2,1400,0.2,1
11,2,4516,2,10,5,0,300,0.5,1700,0.5,1
11,3,8247,1,0,500,0.6,1000,0.2,1400,0.2,1
11,4,10377,1,0,300,0.5,572,0.32,486,0.18,1
11,5,4585,1,0,300,0.5,572,0.32,486,0.18,1
11,6,9521,2,10,5,0,300,0.5,1700,0.5,1
11,7,4324,0,0,300,0.5,1700,0.5,1
11,8,9089,0,0,300,0.5,572,0.32,486,0.18,1
11,9,96,2,10,5,0,666,0.42,420,0.58,1
11,10,9098,2,10,5,0,500,0.6,1000,0.2,1400,0.2,1
11,11,3737,1,0,666,0.42,420,0.58,1
