0,0,3533,1,0,666,0.42,420,0.58,1
0,1,12180,1,0,300,0.5,1700,0.5,1
0,2,14428,1,0,500,0.6,1000,0.2,1400,0.2,1
0,3,7451,0,0,666,0.42,420,0.58,1
0,4,1474,2,10,5,0,300,0.5,572,0.32,486,0.18,1
0,5,1941,0,0,666,0.42,420,0.58,1
0,6,14103,2,10,5,0,300,0.5,572,0.32,486,0.18,1
0,7,12408,1,0,666,0.42,420,0.58,1
0,8,1792,0,0,666,0.42,420,0.58,1
0,9,14883,2,10,5,0,500,0.6,1000,0.2,1400,0.2,1
0,10,542,2,10,5,0,500,0.6,1000,0.2,1400,0.2,1
0,11,7846,1,0,300,0.5,1700,0.5,1
1,0,74,1,0,500,0.6,1000,0.2,1400,0.2,1
1,1,7202,2,10,5,0,300,0.5,1700,0.5,1
1,2,11461,0,0,666,0.42,420,0.58,0
1,3,9282,2,10,5,0,500,0.6,1000,0.2,1400,0.2,1
1,4,14310,1,0,666,0.42,420,0.58,1
1,5,2281,2,10,5,0,300,0.5,572,0.32,486,0.18,1
1,6,960,2,10,5,0,300,0.5,1700,0.5,1
1,7,12983,1,0,500,0.6,1000,0.2,1400,0.2,1
1,8,11168,1,0,666,0.42,420,0.58,1
1,9,10108,0,0,300,0.5,1700,0.5,1
1,10,12703,0,0,300,0.5,1700,0.5,1
1,11,7244,0,0,500,0.6,1000,0.2,1400,0.2,1
2,0,5520,0,0,500,0.6,1000,0.2,1400,0.2,1
2,1,598,1,0,300,0.5,572,0.32,486,0.18,1
2,2,2650,0,0,500,0.6,1000,0.2,1400,0.2,1
2,3,2718,0,0,666,0.42,420,0.58,1
2,4,10712,2,10,5,0,500,0.6,1000,0.2,1400,0.2,1
2,5,13916,1,0,500,0.6,1000,0.2,1400,0.2,1
2,6,5084,0,0,500,0.6,1000,0.2,1400,0.2,1
2,7,7789,1,0,500,0.6,1000,0.2,1400,0.2,1
2,8,12093,1,0,666,0.42,420,0.58,1
2,9,7638,0,0,300,0.5,1700,0.5,1
2,10,1497,2,10,5,0,666,0.42,420,0.58,1
2,11,9465,1,0,500,0.6,1000,0.2,1400,0.2,1
3,0,597,2,10,5,0,666,0.42,420,0.58,1
3,1,7391,0,0,300,0.5,1700,0.5,1
3,2,1016,1,0,666,0.42,420,0.58,1
3,3,13885,0,0,300,0.5,1700,0.5,1
3,4,4317,2,10,5,0,666,0.42,420,0.58,1
3,5,14795,2,10,5,0,666,0.42,420,0.58,1
3,6,6098,2,10,5,0,500,0.6,1000,0.2,1400,0.2,1
3,7,2340,0,0,300,0.5,1700,0.5,1
3,8,2951,2,10,5,0,300,0.5,572,0.32,486,0.18,1
3,9,13686,2,10,5,0,300,0.5,1700,0.5,1
3,10,12638,0,0,500,0.6,1000,0.2,1400,0.2,1
3,11,3734,0,0,500,0.6,1000,0.2,1400,0.2,1
4,0,7283,2,10,5,0,666,0.42,420,0.58,1
4,1,541,0,0,500,0.6,1000,0.2,1400,0.2,1
4,2,13842,2,10,5,0,300,0.5,572,0.32,486,0.18,1
4,3,7849,0,0,500,0.6,1000,0.2,1400,0.2,1
4,4,305,0,0,500,0.6,1000,0.2,1400,0.2,1
4,5,8348,2,10,5,0,500,0.6,1000,0.2,1400,0.2,1
4,6,5379,0,0,500,0.6,1000,0.2,1400,0.2,1
4,7,2295,2,10,5,0,500,0.6,1000,0.2,1400,0.2,1
4,8,12808,0,0,500,0.6,1000,0.2,1400,0.2,1
4,9,5805,0,0,500,0.6,1000,0.2,1400,0.2,1
4,10,7021,2,10,5,0,300,0.5,572,0.32,486,0.18,1
4,11,2134,2,10,5,0,300,0.5,572,0.32,486,0.18,1
5,0,8866,2,10,5,0,300,0.5,1700,0.5,1
5,1,9022,2,10,5,0,300,0.5,1700,0.5,1
5,2,11884,1,0,300,0.5,572,0.32,486,0.18,1
5,3,14734,0,0,300,0.5,572,0.32,486,0.18,1
5,4,7940,2,10,5,0,300,0.5,572,0.32,486,0.18,1
5,5,7885,2,10,5,0,300,0.5,1700,0.5,1
5,6,4065,0,0,300,0.5,1700,0.5,1
5,7,7314,0,0,500,0.6,1000,0.2,1400,0.2,1
5,8,8838,1,0,300,0.5,572,0.32,486,0.18,1
5,9,3579,1,0,666,0.42,420,0.58,1
5,10,2687,0,0,300,0.5,572,0.32,486,0.18,1
5,11,8895,0,0,300,0.5,572,0.32,486,0.18,1
6,0,8248,2,10,5,0,666,0.42,420,0.58,1
6,1,12711,0,0,300,0.5,1700,0.5,1
6,2,5930,1,0,666,0.42,420,0.58,1
6,3,4032,1,0,666,0.42,420,0.58,1
6,4,13216,0,0,300,0.5,572,0.32,486,0.18,1
6,5,5469,1,0,300,0.5,572,0.32,486,0.18,1
6,6,9358,2,10,5,0,300,0.5,1700,0.5,1
6,7,2533,0,0,500,0.6,1000,0.2,1400,0.2,1
6,8,6552,0,0,666,0.42,420,0.58,1
6,9,3211,1,0,300,0.5,572,0.32,486,0.18,1
6,10,9074,1,0,666,0.42,420,0.58,1
6,11,5168,0,0,300,0.5,572,0.32,486,0.18,1
7,0,12928,0,0,500,0.6,1000,0.2,1400,0.2,1
7,1,4255,1,0,300,0.5,572,0.32,486,0.18,1
7,2,2903,1,0,300,0.5,1700,0.5,1
7,3,14461,0,0,500,0.6,1000,0.2,1400,0.2,1
7,4,11680,1,0,666,0.42,420,0.58,1
7,5,408,0,0,300,0.5,1700,0.5,1
7,6,6510,0,0,666,0.42,420,0.58,1
7,7,3815,0,0,500,0.6,1000,0.2,1400,0.2,1
7,8,14692,2,10,5,0,666,0.42,420,0.58,1
7,9,2374,0,0,300,0.5,1700,0.5,1
7,10,9736,2,10,5,0,666,0.42,420,0.58,1
7,11,7425,1,0,666,0.42,420,0.58,1
8,0,1194,2,10,5,0,666,0.42,420,0.58,1
8,1,6474,1,0,300,0.5,1700,0.5,1
8,2,6234,1,0,300,0.5,1700,0.5,1
8,3,10833,1,0,500,0.6,1000,0.2,1400,0.2,1
8,4,552,0,0,300,0.5,572,0.32,486,0.18,1
8,5,3424,2,10,5,0,500,0.6,1000,0.2,1400,0.2,1
8,6,4942,2,10,5,0,666,0.42,420,0.58,1
8,7,2463,0,0,500,0.6,1000,0.2,1400,0.2,1
8,8,1384,0,0,500,0.6,1000,0.2,1400,0.2,1
8,9,2656,0,0,500,0.6,1000,0.2,1400,0.2,1
8,10,5751,2,10,5,0,300,0.5,1700,0.5,1
8,11,10643,1,0,300,0.5,1700,0.5,1
9,0,13055,0,0,500,0.6,1000,0.2,1400,0.2,1
9,1,8895,1,0,300,0.5,1700,0.5,1
9,2,7914,1,0,666,0.42,420,0.58,1
9,3,2845,0,0,300,0.5,572,0.32,486,0.18,1
9,4,11752,1,0,300,0.5,572,0.32,486,0.18,1
9,5,13038,1,0,500,0.6,1000,0.2,1400,0.2,1
9,6,12529,2,10,5,0,500,0.6,1000,0.2,1400,0.2,1
9,7,5239,2,10,5,0,500,0.6,1000,0.2,1400,0.2,1
9,8,2863,0,0,300,0.5,1700,0.5,1
9,9,1765,2,10,5,0,300,0.5,572,0.32,486,0.18,1
9,10,4050,1,0,666,0.42,420,0.58,1
9,11,14944,2,10,5,0,500,0.6,1000,0.2,1400,0.2,1
10,0,6244,1,0,300,0.5,572,0.32,486,0.18,1
10,1,10650,0,0,500,0.6,1000,0.2,1400,0.2,1
10,2,12684,2,10,5,0,500,0.6,1000,0.2,1400,0.2,1
10,3,10012,1,0,500,0.6,1000,0.2,1400,0.2,1
10,4,9200,2,10,5,0,500,0.6,1000,0.2,1400,0.2,1
10,5,1306,0,0,500,0.6,1000,0.2,1400,0.2,1
10,6,12308,1,0,666,0.42,420,0.58,1
10,7,10104,1,0,300,0.5,1700,0.5,1
10,8,7468,2,10,5,0,300,0.5,1700,0.5,1
10,9,2439,0,0,666,0.42,420,0.58,1
10,10,11617,0,0,300,0.5,572,0.32,486,0.18,1
10,11,7646,0,0,300,0.5,1700,0.5,1
11,0,5370,2,10,5,0,500,0.6,1000,0.2,1400,0.2,1
11,1,4710,1,0,300,0.5,572,0.32,486,0.18,1
11,2,7826,1,0,300,0.5,1700,0.5,1
11,3,9529,1,0,666,0.42,420,0.58,1
11,4,7523,1,0,500,0.6,1000,0.2,1400,0.2,1
11,5,10861,2,10,5,0,666,0.42,420,0.58,1
11,6,4338,1,0,300,0.5,1700,0.5,1
11,7,4598,0,0,666,0.42,420,0.58,1
11,8,10244,1,0,500,0.6,1000,0.2,1400,0.2,1
11,9,2199,0,0,300,0.5,1700,0.5,1
11,10,14251,1,0,666,0.42,420,0.58,1
11,11,3237,0,0,300,0.5,572,0.32,486,0.18,1
