0,0,2594,1,0,500,0.6,1000,0.2,1400,0.2,1
0,1,6283,0,0,300,0.5,572,0.32,486,0.18,1
0,2,7023,0,0,300,0.5,572,0.32,486,0.18,1
0,3,13949,2,10,5,0,300,0.5,1700,0.5,1
0,4,3549,0,0,666,0.42,420,0.58,1
0,5,1162,1,0,300,0.5,1700,0.5,1
0,6,12862,0,0,300,0.5,572,0.32,486,0.18,1
0,7,5053,0,0,300,0.5,1700,0.5,1
0,8,10265,1,0,300,0.5,1700,0.5,1
0,9,8726,0,0,500,0.6,1000,0.2,1400,0.2,1
0,10,6632,0,0,300,0.5,1700,0.5,1
0,11,11605,0,0,500,0.6,1000,0.2,1400,0.2,1
1,0,10800,1,0,300,0.5,1700,0.5,1
1,1,12067,1,0,300,0.5,572,0.32,486,0.18,1
1,2,13632,2,10,5,0,300,0.5,572,0.32,486,0.18,0
1,3,11397,2,10,5,0,300,0.5,572,0.32,486,0.18,1
1,4,1432,0,0,500,0.6,1000,0.2,1400,0.2,1
1,5,4488,0,0,300,0.5,572,0.32,486,0.18,1
1,6,4471,1,0,500,0.6,1000,0.2,1400,0.2,1
1,7,6488,0,0,666,0.42,420,0.58,1
1,8,10266,1,0,300,0.5,572,0.32,486,0.18,1
1,9,12043,2,10,5,0,500,0.6,1000,0.2,1400,0.2,1
1,10,7539,2,10,5,0,500,0.6,1000,0.2,1400,0.2,1
1,11,380,1,0,500,0.6,1000,0.2,1400,0.2,1
2,0,14691,2,10,5,0,300,0.5,1700,0.5,1
2,1,8447,1,0,666,0.42,420,0.58,1
2,2,930,0,0,666,0.42,420,0.58,1
2,3,6947,0,0,300,0.5,1700,0.5,1
2,4,10953,2,10,5,0,300,0.5,1700,0.5,1
2,5,10407,0,0,300,0.5,572,0.32,486,0.18,1
2,6,9746,0,0,300,0.5,1700,0.5,1
2,7,7030,0,0,666,0.42,420,0.58,1
2,8,14930,0,0,300,0.5,1700,0.5,1
2,9,11752,1,0,300,0.5,1700,0.5,1
2,10,277,1,0,300,0.5,1700,0.5,1
2,11,2456,2,10,5,0,500,0.6,1000,0.2,1400,0.2,1
3,0,6390,2,10,5,0,300,0.5,1700,0.5,1
3,1,1648,2,10,5,0,300,0.5,1700,0.5,1
3,2,6054,0,0,500,0.6,1000,0.2,1400,0.2,1
3,3,5687,0,0,500,0.6,1000,0.2,1400,0.2,1
3,4,3025,1,0,500,0.6,1000,0.2,1400,0.2,1
3,5,14908,0,0,666,0.42,420,0.58,1
3,6,14205,0,0,300,0.5,1700,0.5,1
3,7,13284,1,0,300,0.5,572,0.32,486,0.18,1
3,8,10418,1,0,300,0.5,572,0.32,486,0.18,1
3,9,3876,2,10,5,0,300,0.5,1700,0.5,1
3,10,7648,1,0,300,0.5,572,0.32,486,0.18,1
3,11,2211,2,10,5,0,300,0.5,572,0.32,486,0.18,1
4,0,12187,1,0,300,0.5,1700,0.5,1
4,1,3381,1,0,300,0.5,572,0.32,486,0.18,1
4,2,7345,1,0,300,0.5,572,0.32,486,0.18,1
4,3,6969,0,0,666,0.42,420,0.58,1
4,4,9437,2,10,5,0,300,0.5,1700,0.5,1
4,5,4331,2,10,5,0,300,0.5,1700,0.5,1
4,6,14913,1,0,300,0.5,1700,0.5,1
4,7,7467,1,0,500,0.6,1000,0.2,1400,0.2,1
4,8,6244,0,0,300,0.5,1700,0.5,1
4,9,1574,0,0,300,0.5,572,0.32,486,0.18,1
4,10,7369,0,0,300,0.5,572,0.32,486,0.18,1
4,11,9433,1,0,666,0.42,420,0.58,1
5,0,7404,1,0,300,0.5,1700,0.5,1
5,1,13764,0,0,500,0.6,1000,0.2,1400,0.2,1
5,2,11063,0,0,300,0.5,572,0.32,486,0.18,1
5,3,706,2,10,5,0,300,0.5,1700,0.5,1
5,4,105,0,0,300,0.5,572,0.32,486,0.18,1
5,5,10160,1,0,300,0.5,1700,0.5,1
5,6,3294,1,0,300,0.5,1700,0.5,1
5,7,11038,2,10,5,0,500,0.6,1000,0.2,1400,0.2,1
5,8,13957,2,10,5,0,300,0.5,572,0.32,486,0.18,1
5,9,3363,2,10,5,0,500,0.6,1000,0.2,1400,0.2,1
5,10,11790,1,0,300,0.5,572,0.32,486,0.18,1
5,11,9300,1,0,666,0.42,420,0.58,1
6,0,8299,2,10,5,0,300,0.5,1700,0.5,1
6,1,5448,0,0,666,0.42,420,0.58,1
6,2,9771,2,10,5,0,300,0.5,1700,0.5,1
6,3,6023,1,0,300,0.5,1700,0.5,1
6,4,2029,0,0,666,0.42,420,0.58,1
6,5,601,1,0,500,0.6,1000,0.2,1400,0.2,1
6,6,11684,1,0,300,0.5,572,0.32,486,0.18,1
6,7,1280,2,10,5,0,300,0.5,572,0.32,486,0.18,1
6,8,2474,2,10,5,0,300,0.5,572,0.32,486,0.18,1
6,9,442,0,0,300,0.5,1700,0.5,1
6,10,1600,2,10,5,0,300,0.5,1700,0.5,1
6,11,160,2,10,5,0,500,0.6,1000,0.2,1400,0.2,1
7,0,9179,2,10,5,0,300,0.5,572,0.32,486,0.18,1
7,1,14079,1,0,500,0.6,1000,0.2,1400,0.2,1
7,2,8013,2,10,5,0,500,0.6,1000,0.2,1400,0.2,1
7,3,1198,1,0,300,0.5,572,0.32,486,0.18,1
7,4,11738,0,0,300,0.5,572,0.32,486,0.18,1
7,5,3358,0,0,500,0.6,1000,0.2,1400,0.2,1
7,6,7313,0,0,666,0.42,420,0.58,1
7,7,10060,0,0,666,0.42,420,0.58,1
7,8,7539,2,10,5,0,500,0.6,1000,0.2,1400,0.2,1
7,9,1615,1,0,300,0.5,572,0.32,486,0.18,1
7,10,13104,2,10,5,0,500,0.6,1000,0.2,1400,0.2,1
7,11,8891,1,0,300,0.5,1700,0.5,1
8,0,7123,1,0,500,0.6,1000,0.2,1400,0.2,1
8,1,12,2,10,5,0,300,0.5,1700,0.5,1
8,2,1813,2,10,5,0,300,0.5,1700,0.5,1
8,3,515,1,0,300,0.5,572,0.32,486,0.18,1
8,4,11259,2,10,5,0,300,0.5,1700,0.5,1
8,5,14752,2,10,5,0,300,0.5,572,0.32,486,0.18,1
8,6,6888,0,0,300,0.5,1700,0.5,1
8,7,3007,1,0,300,0.5,1700,0.5,1
8,8,7656,2,10,5,0,500,0.6,1000,0.2,1400,0.2,1
8,9,1203,2,10,5,0,666,0.42,420,0.58,1
8,10,4365,2,10,5,0,500,0.6,1000,0.2,1400,0.2,1
8,11,6959,1,0,500,0.6,1000,0.2,1400,0.2,1
9,0,149,0,0,500,0.6,1000,0.2,1400,0.2,1
9,1,15,1,0,500,0.6,1000,0.2,1400,0.2,1
9,2,2611,0,0,666,0.42,420,0.58,1
9,3,6647,0,0,300,0.5,1700,0.5,1
9,4,3731,2,10,5,0,300,0.5,1700,0.5,1
9,5,10651,0,0,300,0.5,572,0.32,486,0.18,1
9,6,13619,2,10,5,0,300,0.5,572,0.32,486,0.18,1
9,7,7753,0,0,300,0.5,572,0.32,486,0.18,1
9,8,2431,2,10,5,0,666,0.42,420,0.58,1
9,9,9647,2,10,5,0,300,0.5,572,0.32,486,0.18,1
9,10,3698,2,10,5,0,666,0.42,420,0.58,1
9,11,11278,2,10,5,0,500,0.6,1000,0.2,1400,0.2,1
10,0,3551,0,0,300,0.5,572,0.32,486,0.18,1
10,1,7949,0,0,300,0.5,572,0.32,486,0.18,1
10,2,13591,1,0,666,0.42,420,0.58,1
10,3,11388,0,0,300,0.5,572,0.32,486,0.18,1
10,4,3048,2,10,5,0,300,0.5,1700,0.5,1
10,5,12559,2,10,5,0,666,0.42,420,0.58,1
10,6,5046,2,10,5,0,300,0.5,572,0.32,486,0.18,1
10,7,812,0,0,300,0.5,1700,0.5,1
10,8,7730,0,0,300,0.5,572,0.32,486,0.18,1
10,9,3911,2,10,5,0,500,0.6,1000,0.2,1400,0.2,1
10,10,2277,2,10,5,0,300,0.5,1700,0.5,1
10,11,12021,0,0,500,0.6,1000,0.2,1400,0.2,1
11,0,468,1,0,300,0.5,572,0.32,486,0.18,1
11,1,3834,2,10,5,0,300,0.5,572,0.32,486,0.18,1
11,2,13919,1,0,300,0.5,1700,0.5,1
11,3,8046,1,0,500,0.6,1000,0.2,1400,0.2,1
11,4,13708,2,10,5,0,300,0.5,1700,0.5,1
11,5,12302,1,0,500,0.6,1000,0.2,1400,0.2,1
11,6,11359,1,0,666,0.42,420,0.58,1
11,7,5454,0,0,500,0.6,1000,0.2,1400,0.2,1
11,8,1973,1,0,666,0.42,420,0.58,1
11,9,14168,1,0,300,0.5,572,0.32,486,0.18,1
11,10,5445,0,0,666,0.42,420,0.58,1
11,11,11219,0,0,500,0.6,1000,0.2,1400,0.2,1
