0,0,10896,0,0,666,0.42,420,0.58,1
0,1,14288,0,0,300,0.5,1700,0.5,1
0,2,13684,0,0,300,0.5,572,0.32,486,0.18,1
0,3,8457,1,0,300,0.5,1700,0.5,1
0,4,776,1,0,500,0.6,1000,0.2,1400,0.2,1
0,5,11582,0,0,300,0.5,1700,0.5,1
0,6,9156,1,0,300,0.5,1700,0.5,1
0,7,5251,1,0,300,0.5,572,0.32,486,0.18,1
0,8,13194,0,0,300,0.5,572,0.32,486,0.18,1
0,9,9365,0,0,666,0.42,420,0.58,1
0,10,11882,0,0,500,0.6,1000,0.2,1400,0.2,1
0,11,8853,2,10,5,0,666,0.42,420,0.58,1
1,0,2213,0,0,500,0.6,1000,0.2,1400,0.2,1
1,1,5377,0,0,500,0.6,1000,0.2,1400,0.2,1
1,2,14265,1,0,500,0.6,1000,0.2,1400,0.2,0
1,3,14844,1,0,300,0.5,572,0.32,486,0.18,1
1,4,13486,0,0,500,0.6,1000,0.2,1400,0.2,1
1,5,10993,0,0,666,0.42,420,0.58,1
1,6,3354,1,0,300,0.5,1700,0.5,1
1,7,2962,0,0,666,0.42,420,0.58,1
1,8,11771,2,10,5,0,666,0.42,420,0.58,1
1,9,10079,1,0,500,0.6,1000,0.2,1400,0.2,1
1,10,14180,2,10,5,0,500,0.6,1000,0.2,1400,0.2,1
1,11,13140,1,0,300,0.5,1700,0.5,1
2,0,6873,0,0,500,0.6,1000,0.2,1400,0.2,1
2,1,3561,0,0,500,0.6,1000,0.2,1400,0.2,1
2,2,5127,0,0,300,0.5,572,0.32,486,0.18,1
2,3,3296,2,10,5,0,500,0.6,1000,0.2,1400,0.2,1
2,4,9260,1,0,300,0.5,1700,0.5,1
2,5,786,1,0,300,0.5,1700,0.5,1
2,6,2544,1,0,300,0.5,572,0.32,486,0.18,1
2,7,920,2,10,5,0,500,0.6,1000,0.2,1400,0.2,1
2,8,8041,2,10,5,0,666,0.42,420,0.58,1
2,9,14428,2,10,5,0,300,0.5,1700,0.5,1
2,10,13960,2,10,5,0,300,0.5,1700,0.5,1
2,11,8471,0,0,666,0.42,420,0.58,1
3,0,11477,2,10,5,0,300,0.5,1700,0.5,1
3,1,2720,2,10,5,0,300,0.5,1700,0.5,1
3,2,14043,1,0,666,0.42,420,0.58,1
3,3,3872,1,0,500,0.6,1000,0.2,1400,0.2,1
3,4,14075,1,0,300,0.5,572,0.32,486,0.18,1
3,5,7012,2,10,5,0,300,0.5,572,0.32,486,0.18,1
3,6,4735,2,10,5,0,300,0.5,1700,0.5,1
3,7,593,0,0,666,0.42,420,0.58,1
3,8,2388,2,10,5,0,300,0.5,572,0.32,486,0.18,1
3,9,13021,0,0,300,0.5,1700,0.5,1
3,10,9426,2,10,5,0,300,0.5,572,0.32,486,0.18,1
3,11,8545,1,0,300,0.5,572,0.32,486,0.18,1
4,0,9829,1,0,666,0.42,420,0.58,1
4,1,6160,0,0,666,0.42,420,0.58,1
4,2,10247,2,10,5,0,666,0.42,420,0.58,1
4,3,2611,2,10,5,0,666,0.42,420,0.58,1
4,4,6744,1,0,666,0.42,420,0.58,1
4,5,11564,1,0,300,0.5,572,0.32,486,0.18,1
4,6,13562,0,0,300,0.5,1700,0.5,1
4,7,10254,2,10,5,0,300,0.5,1700,0.5,1
4,8,3689,1,0,500,0.6,1000,0.2,1400,0.2,1
4,9,14563,2,10,5,0,500,0.6,1000,0.2,1400,0.2,1
4,10,811,1,0,300,0.5,572,0.32,486,0.18,1
4,11,12465,0,0,300,0.5,1700,0.5,1
5,0,6159,0,0,500,0.6,1000,0.2,1400,0.2,1
5,1,12384,2,10,5,0,300,0.5,572,0.32,486,0.18,1
5,2,7723,2,10,5,0,300,0.5,572,0.32,486,0.18,1
5,3,12421,2,10,5,0,300,0.5,572,0.32,486,0.18,1
5,4,14881,0,0,300,0.5,1700,0.5,1
5,5,14388,2,10,5,0,666,0.42,420,0.58,1
5,6,5679,2,10,5,0,500,0.6,1000,0.2,1400,0.2,1
5,7,5926,1,0,300,0.5,1700,0.5,1
5,8,6987,1,0,666,0.42,420,0.58,1
5,9,7153,1,0,666,0.42,420,0.58,1
5,10,11546,0,0,300,0.5,1700,0.5,1
5,11,12783,2,10,5,0,500,0.6,1000,0.2,1400,0.2,1
6,0,5445,2,10,5,0,300,0.5,1700,0.5,1
6,1,4536,2,10,5,0,500,0.6,1000,0.2,1400,0.2,1
6,2,1349,0,0,300,0.5,1700,0.5,1
6,3,7266,0,0,666,0.42,420,0.58,1
6,4,2226,2,10,5,0,300,0.5,572,0.32,486,0.18,1
6,5,10498,0,0,500,0.6,1000,0.2,1400,0.2,1
6,6,1849,1,0,300,0.5,1700,0.5,1
6,7,7661,0,0,666,0.42,420,0.58,1
6,8,12789,2,10,5,0,300,0.5,572,0.32,486,0.18,1
6,9,377,0,0,300,0.5,1700,0.5,1
6,10,12222,2,10,5,0,300,0.5,1700,0.5,1
6,11,2561,1,0,666,0.42,420,0.58,1
7,0,9074,0,0,300,0.5,572,0.32,486,0.18,1
7,1,11660,1,0,666,0.42,420,0.58,1
7,2,12500,1,0,300,0.5,1700,0.5,1
7,3,14720,2,10,5,0,500,0.6,1000,0.2,1400,0.2,1
7,4,5432,1,0,500,0.6,1000,0.2,1400,0.2,1
7,5,13601,0,0,300,0.5,1700,0.5,1
7,6,3927,1,0,500,0.6,1000,0.2,1400,0.2,1
7,7,7783,1,0,300,0.5,1700,0.5,1
7,8,9042,2,10,5,0,666,0.42,420,0.58,1
7,9,9058,0,0,666,0.42,420,0.58,1
7,10,2443,1,0,300,0.5,572,0.32,486,0.18,1
7,11,4804,0,0,500,0.6,1000,0.2,1400,0.2,1
8,0,10849,2,10,5,0,500,0.6,1000,0.2,1400,0.2,1
8,1,8768,1,0,300,0.5,572,0.32,486,0.18,1
8,2,7778,2,10,5,0,666,0.42,420,0.58,1
8,3,13617,0,0,500,0.6,1000,0.2,1400,0.2,1
8,4,13229,1,0,300,0.5,1700,0.5,1
8,5,6847,0,0,666,0.42,420,0.58,1
8,6,14330,1,0,666,0.42,420,0.58,1
8,7,11984,2,10,5,0,300,0.5,572,0.32,486,0.18,1
8,8,1017,1,0,666,0.42,420,0.58,1
8,9,5549,0,0,666,0.42,420,0.58,1
8,10,1220,0,0,300,0.5,572,0.32,486,0.18,1
8,11,1567,1,0,500,0.6,1000,0.2,1400,0.2,1
9,0,12065,1,0,500,0.6,1000,0.2,1400,0.2,1
9,1,2984,1,0,666,0.42,420,0.58,1
9,2,13166,2,10,5,0,300,0.5,1700,0.5,1
9,3,14605,1,0,300,0.5,572,0.32,486,0.18,1
9,4,1681,1,0,300,0.5,572,0.32,486,0.18,1
9,5,13713,1,0,500,0.6,1000,0.2,1400,0.2,1
9,6,5791,0,0,666,0.42,420,0.58,1
9,7,12188,0,0,300,0.5,1700,0.5,1
9,8,8210,1,0,300,0.5,1700,0.5,1
9,9,4996,1,0,300,0.5,1700,0.5,1
9,10,1516,0,0,666,0.42,420,0.58,1
9,11,12511,1,0,300,0.5,1700,0.5,1
10,0,2770,2,10,5,0,300,0.5,572,0.32,486,0.18,1
10,1,3855,1,0,666,0.42,420,0.58,1
10,2,10707,0,0,500,0.6,1000,0.2,1400,0.2,1
10,3,13004,0,0,666,0.42,420,0.58,1
10,4,2317,1,0,666,0.42,420,0.58,1
10,5,3234,2,10,5,0,300,0.5,572,0.32,486,0.18,1
10,6,14026,1,0,666,0.42,420,0.58,1
10,7,2597,2,10,5,0,300,0.5,1700,0.5,1
10,8,13647,1,0,300,0.5,1700,0.5,1
10,9,7020,1,0,300,0.5,572,0.32,486,0.18,1
10,10,12516,2,10,5,0,666,0.42,420,0.58,1
10,11,988,2,10,5,0,300,0.5,572,0.32,486,0.18,1
11,0,9530,1,0,666,0.42,420,0.58,1
11,1,10982,1,0,300,0.5,572,0.32,486,0.18,1
11,2,13460,0,0,300,0.5,572,0.32,486,0.18,1
11,3,7362,0,0,300,0.5,572,0.32,486,0.18,1
11,4,12735,0,0,300,0.5,1700,0.5,1
11,5,13257,2,10,5,0,666,0.42,420,0.58,1
11,6,4859,0,0,500,0.6,1000,0.2,1400,0.2,1
11,7,14871,2,10,5,0,300,0.5,572,0.32,486,0.18,1
11,8,10061,2,10,5,0,500,0.6,1000,0.2,1400,0.2,1
11,9,5100,2,10,5,0,300,0.5,1700,0.5,1
11,10,6974,0,0,300,0.5,1700,0.5,1
11,11,2899,1,0,666,0.42,420,0.58,1
