0,0,8573,1,0,666,0.42,420,0.58,1
0,1,10122,0,0,300,0.5,1700,0.5,1
0,2,13935,1,0,666,0.42,420,0.58,1
0,3,10564,0,0,666,0.42,420,0.58,1
0,4,10315,2,10,5,0,666,0.42,420,0.58,1
0,5,12541,2,10,5,0,500,0.6,1000,0.2,1400,0.2,1
0,6,6767,0,0,500,0.6,1000,0.2,1400,0.2,1
0,7,7793,0,0,500,0.6,1000,0.2,1400,0.2,1
0,8,10022,2,10,5,0,300,0.5,572,0.32,486,0.18,1
0,9,7317,0,0,500,0.6,1000,0.2,1400,0.2,1
0,10,14400,2,10,5,0,300,0.5,572,0.32,486,0.18,1
0,11,13473,1,0,500,0.6,1000,0.2,1400,0.2,1
1,0,6175,2,10,5,0,300,0.5,1700,0.5,1
1,1,471,0,0,666,0.42,420,0.58,1
1,2,11764,0,0,500,0.6,1000,0.2,1400,0.2,0
1,3,11588,0,0,500,0.6,1000,0.2,1400,0.2,1
1,4,1521,1,0,500,0.6,1000,0.2,1400,0.2,1
1,5,6965,0,0,300,0.5,1700,0.5,1
1,6,570,1,0,666,0.42,420,0.58,1
1,7,9469,2,10,5,0,500,0.6,1000,0.2,1400,0.2,1
1,8,3496,0,0,500,0.6,1000,0.2,1400,0.2,1
1,9,14738,1,0,500,0.6,1000,0.2,1400,0.2,1
1,10,8446,0,0,666,0.42,420,0.58,1
1,11,6673,2,10,5,0,666,0.42,420,0.58,1
2,0,6174,1,0,300,0.5,1700,0.5,1
2,1,342,2,10,5,0,300,0.5,572,0.32,486,0.18,1
2,2,7096,2,10,5,0,500,0.6,1000,0.2,1400,0.2,1
2,3,2456,1,0,300,0.5,572,0.32,486,0.18,1
2,4,11589,0,0,300,0.5,1700,0.5,1
2,5,13,0,0,500,0.6,1000,0.2,1400,0.2,1
2,6,14476,2,10,5,0,666,0.42,420,0.58,1
2,7,2100,1,0,500,0.6,1000,0.2,1400,0.2,1
2,8,10942,2,10,5,0,300,0.5,572,0.32,486,0.18,1
2,9,9735,0,0,300,0.5,1700,0.5,1
2,10,5917,0,0,300,0.5,1700,0.5,1
2,11,6860,1,0,500,0.6,1000,0.2,1400,0.2,1
3,0,13686,2,10,5,0,300,0.5,572,0.32,486,0.18,1
3,1,14983,0,0,666,0.42,420,0.58,1
3,2,10644,0,0,300,0.5,1700,0.5,1
3,3,6774,1,0,300,0.5,1700,0.5,1
3,4,7078,2,10,5,0,300,0.5,1700,0.5,1
3,5,4108,0,0,300,0.5,1700,0.5,1
3,6,7039,2,10,5,0,300,0.5,1700,0.5,1
3,7,7119,0,0,500,0.6,1000,0.2,1400,0.2,1
3,8,4980,1,0,300,0.5,1700,0.5,1
3,9,14570,0,0,300,0.5,572,0.32,486,0.18,1
3,10,2989,0,0,300,0.5,572,0.32,486,0.18,1
3,11,1379,0,0,666,0.42,420,0.58,1
4,0,8435,1,0,300,0.5,572,0.32,486,0.18,1
4,1,399,2,10,5,0,500,0.6,1000,0.2,1400,0.2,1
4,2,486,0,0,300,0.5,572,0.32,486,0.18,1
4,3,8671,0,0,300,0.5,572,0.32,486,0.18,1
4,4,7933,2,10,5,0,666,0.42,420,0.58,1
4,5,4195,1,0,300,0.5,1700,0.5,1
4,6,7940,0,0,666,0.42,420,0.58,1
4,7,9138,1,0,666,0.42,420,0.58,1
4,8,4711,2,10,5,0,666,0.42,420,0.58,1
4,9,11369,1,0,500,0.6,1000,0.2,1400,0.2,1
4,10,6130,2,10,5,0,300,0.5,572,0.32,486,0.18,1
4,11,7672,0,0,300,0.5,1700,0.5,1
5,0,10512,2,10,5,0,500,0.6,1000,0.2,1400,0.2,1
5,1,8647,2,10,5,0,300,0.5,1700,0.5,1
5,2,10449,1,0,666,0.42,420,0.58,1
5,3,6442,2,10,5,0,300,0.5,572,0.32,486,0.18,1
5,4,648,2,10,5,0,666,0.42,420,0.58,1
5,5,13788,1,0,666,0.42,420,0.58,1
5,6,2300,1,0,300,0.5,572,0.32,486,0.18,1
5,7,62,0,0,300,0.5,572,0.32,486,0.18,1
5,8,7779,2,10,5,0,500,0.6,1000,0.2,1400,0.2,1
5,9,13578,1,0,666,0.42,420,0.58,1
5,10,10063,0,0,500,0.6,1000,0.2,1400,0.2,1
5,11,8686,0,0,300,0.5,1700,0.5,1
6,0,5154,2,10,5,0,300,0.5,1700,0.5,1
6,1,12720,0,0,300,0.5,572,0.32,486,0.18,1
6,2,10186,2,10,5,0,300,0.5,1700,0.5,1
6,3,4710,0,0,300,0.5,572,0.32,486,0.18,1
6,4,43,0,0,666,0.42,420,0.58,1
6,5,2544,2,10,5,0,500,0.6,1000,0.2,1400,0.2,1
6,6,13030,0,0,666,0.42,420,0.58,1
6,7,10572,0,0,300,0.5,1700,0.5,1
6,8,14890,0,0,300,0.5,572,0.32,486,0.18,1
6,9,2597,2,10,5,0,666,0.42,420,0.58,1
6,10,5115,2,10,5,0,500,0.6,1000,0.2,1400,0.2,1
6,11,5389,2,10,5,0,500,0.6,1000,0.2,1400,0.2,1
7,0,2650,1,0,500,0.6,1000,0.2,1400,0.2,1
7,1,14064,0,0,666,0.42,420,0.58,1
7,2,8387,0,0,300,0.5,572,0.32,486,0.18,1
7,3,3012,0,0,300,0.5,1700,0.5,1
7,4,7164,1,0,300,0.5,1700,0.5,1
7,5,5041,2,10,5,0,500,0.6,1000,0.2,1400,0.2,1
7,6,10545,0,0,300,0.5,572,0.32,486,0.18,1
7,7,5201,1,0,300,0.5,1700,0.5,1
7,8,9263,2,10,5,0,300,0.5,1700,0.5,1
7,9,5506,0,0,500,0.6,1000,0.2,1400,0.2,1
7,10,3845,0,0,500,0.6,1000,0.2,1400,0.2,1
7,11,2712,2,10,5,0,300,0.5,572,0.32,486,0.18,1
8,0,1103,1,0,666,0.42,420,0.58,1
8,1,12283,2,10,5,0,500,0.6,1000,0.2,1400,0.2,1
8,2,6915,2,10,5,0,300,0.5,1700,0.5,1
8,3,2209,1,0,300,0.5,1700,0.5,1
8,4,5888,2,10,5,0,500,0.6,1000,0.2,1400,0.2,1
8,5,4124,0,0,300,0.5,572,0.32,486,0.18,1
8,6,13207,2,10,5,0,300,0.5,1700,0.5,1
8,7,6368,1,0,500,0.6,1000,0.2,1400,0.2,1
8,8,10302,0,0,300,0.5,572,0.32,486,0.18,1
8,9,4305,1,0,500,0.6,1000,0.2,1400,0.2,1
8,10,10486,1,0,666,0.42,420,0.58,1
8,11,6285,2,10,5,0,500,0.6,1000,0.2,1400,0.2,1
9,0,8978,2,10,5,0,500,0.6,1000,0.2,1400,0.2,1
9,1,3789,1,0,300,0.5,572,0.32,486,0.18,1
9,2,11871,2,10,5,0,300,0.5,1700,0.5,1
9,3,5351,0,0,300,0.5,1700,0.5,1
9,4,11117,1,0,500,0.6,1000,0.2,1400,0.2,1
9,5,3133,1,0,666,0.42,420,0.58,1
9,6,2809,1,0,666,0.42,420,0.58,1
9,7,10519,0,0,666,0.42,420,0.58,1
9,8,11403,0,0,666,0.42,420,0.58,1
9,9,7546,0,0,500,0.6,1000,0.2,1400,0.2,1
9,10,14362,0,0,300,0.5,572,0.32,486,0.18,1
9,11,13129,2,10,5,0,666,0.42,420,0.58,1
10,0,8370,2,10,5,0,300,0.5,1700,0.5,1
10,1,449,2,10,5,0,666,0.42,420,0.58,1
10,2,13998,0,0,300,0.5,1700,0.5,1
10,3,457,2,10,5,0,300,0.5,572,0.32,486,0.18,1
10,4,12282,1,0,500,0.6,1000,0.2,1400,0.2,1
10,5,9082,0,0,666,0.42,420,0.58,1
10,6,10150,1,0,300,0.5,572,0.32,486,0.18,1
10,7,2281,0,0,666,0.42,420,0.58,1
10,8,12189,0,0,500,0.6,1000,0.2,1400,0.2,1
10,9,11376,2,10,5,0,300,0.5,572,0.32,486,0.18,1
10,10,1353,0,0,666,0.42,420,0.58,1
10,11,928,0,0,300,0.5,1700,0.5,1
11,0,3302,2,10,5,0,300,0.5,1700,0.5,1
11,1,7038,0,0,666,0.42,420,0.58,1
11,2,7145,0,0,300,0.5,1700,0.5,1
11,3,5790,0,0,666,0.42,420,0.58,1
11,4,14921,2,10,5,0,666,0.42,420,0.58,1
11,5,1606,1,0,666,0.42,420,0.58,1
11,6,6560,2,10,5,0,300,0.5,572,0.32,486,0.18,1
11,7,5678,2,10,5,0,300,0.5,1700,0.5,1
11,8,2505,2,10,5,0,500,0.6,1000,0.2,1400,0.2,1
11,9,13635,0,0,300,0.5,572,0.32,486,0.18,1
11,10,10778,0,0,300,0.5,1700,0.5,1
11,11,2569,0,0,500,0.6,1000,0.2,1400,0.2,1
