0,0,2595,2,10,5,0,300,0.5,572,0.32,486,0.18,1
0,1,7175,2,10,5,0,666,0.42,420,0.58,1
0,2,14843,2,10,5,0,300,0.5,1700,0.5,1
0,3,3044,0,0,666,0.42,420,0.58,1
0,4,2651,1,0,666,0.42,420,0.58,1
0,5,14272,1,0,300,0.5,1700,0.5,1
0,6,6752,0,0,300,0.5,1700,0.5,1
0,7,1633,0,0,300,0.5,572,0.32,486,0.18,1
0,8,12794,2,10,5,0,300,0.5,1700,0.5,1
0,9,6358,2,10,5,0,300,0.5,572,0.32,486,0.18,1
0,10,11813,2,10,5,0,500,0.6,1000,0.2,1400,0.2,1
0,11,998,2,10,5,0,500,0.6,1000,0.2,1400,0.2,1
1,0,1438,0,0,666,0.42,420,0.58,1
1,1,6889,1,0,300,0.5,572,0.32,486,0.18,1
1,2,5426,0,0,300,0.5,572,0.32,486,0.18,0
1,3,14722,2,10,5,0,300,0.5,572,0.32,486,0.18,1
1,4,9928,0,0,300,0.5,1700,0.5,1
1,5,9701,1,0,500,0.6,1000,0.2,1400,0.2,1
1,6,6565,0,0,500,0.6,1000,0.2,1400,0.2,1
1,7,11850,0,0,300,0.5,1700,0.5,1
1,8,6212,2,10,5,0,500,0.6,1000,0.2,1400,0.2,1
1,9,1643,0,0,300,0.5,572,0.32,486,0.18,1
1,10,6900,0,0,300,0.5,572,0.32,486,0.18,1
1,11,4428,2,10,5,0,300,0.5,1700,0.5,1
2,0,14637,2,10,5,0,300,0.5,1700,0.5,1
2,1,6324,2,10,5,0,300,0.5,572,0.32,486,0.18,1
2,2,4802,0,0,300,0.5,572,0.32,486,0.18,1
2,3,9296,1,0,300,0.5,572,0.32,486,0.18,1
2,4,3369,2,10,5,0,300,0.5,1700,0.5,1
2,5,4756,1,0,300,0.5,1700,0.5,1
2,6,5578,2,10,5,0,300,0.5,572,0.32,486,0.18,1
2,7,1932,2,10,5,0,300,0.5,572,0.32,486,0.18,1
2,8,6552,0,0,300,0.5,572,0.32,486,0.18,1
2,9,13407,1,0,666,0.42,420,0.58,1
2,10,10511,0,0,666,0.42,420,0.58,1
2,11,1094,1,0,300,0.5,572,0.32,486,0.18,1
3,0,10935,2,10,5,0,500,0.6,1000,0.2,1400,0.2,1
3,1,4671,1,0,500,0.6,1000,0.2,1400,0.2,1
3,2,2539,2,10,5,0,300,0.5,1700,0.5,1
3,3,14882,0,0,500,0.6,1000,0.2,1400,0.2,1
3,4,11980,1,0,300,0.5,572,0.32,486,0.18,1
3,5,1158,0,0,666,0.42,420,0.58,1
3,6,7720,2,10,5,0,500,0.6,1000,0.2,1400,0.2,1
3,7,7222,0,0,300,0.5,1700,0.5,1
3,8,11581,0,0,300,0.5,572,0.32,486,0.18,1
3,9,10338,2,10,5,0,300,0.5,1700,0.5,1
3,10,2650,0,0,500,0.6,1000,0.2,1400,0.2,1
3,11,5759,1,0,300,0.5,572,0.32,486,0.18,1
4,0,12404,0,0,666,0.42,420,0.58,1
4,1,10937,1,0,300,0.5,572,0.32,486,0.18,1
4,2,13870,0,0,500,0.6,1000,0.2,1400,0.2,1
4,3,6399,2,10,5,0,300,0.5,1700,0.5,1
4,4,6569,0,0,300,0.5,1700,0.5,1
4,5,1379,2,10,5,0,300,0.5,1700,0.5,1
4,6,3799,1,0,300,0.5,572,0.32,486,0.18,1
4,7,735,2,10,5,0,300,0.5,1700,0.5,1
4,8,4042,2,10,5,0,666,0.42,420,0.58,1
4,9,11550,2,10,5,0,300,0.5,1700,0.5,1
4,10,4848,2,10,5,0,300,0.5,572,0.32,486,0.18,1
4,11,10812,0,0,500,0.6,1000,0.2,1400,0.2,1
5,0,10227,2,10,5,0,500,0.6,1000,0.2,1400,0.2,1
5,1,10283,2,10,5,0,666,0.42,420,0.58,1
5,2,12320,2,10,5,0,300,0.5,1700,0.5,1
5,3,2795,1,0,666,0.42,420,0.58,1
5,4,7827,1,0,666,0.42,420,0.58,1
5,5,1042,0,0,666,0.42,420,0.58,1
5,6,9889,0,0,500,0.6,1000,0.2,1400,0.2,1
5,7,6466,0,0,500,0.6,1000,0.2,1400,0.2,1
5,8,2271,2,10,5,0,300,0.5,1700,0.5,1
5,9,5649,0,0,300,0.5,572,0.32,486,0.18,1
5,10,4745,2,10,5,0,500,0.6,1000,0.2,1400,0.2,1
5,11,6963,0,0,666,0.42,420,0.58,1
6,0,9054,0,0,300,0.5,1700,0.5,1
6,1,14404,1,0,500,0.6,1000,0.2,1400,0.2,1
6,2,1120,1,0,300,0.5,1700,0.5,1
6,3,14986,0,0,300,0.5,572,0.32,486,0.18,1
6,4,13206,1,0,300,0.5,1700,0.5,1
6,5,5926,1,0,300,0.5,1700,0.5,1
6,6,7674,1,0,500,0.6,1000,0.2,1400,0.2,1
6,7,6321,2,10,5,0,300,0.5,1700,0.5,1
6,8,181,0,0,300,0.5,572,0.32,486,0.18,1
6,9,11748,2,10,5,0,300,0.5,572,0.32,486,0.18,1
6,10,7773,1,0,666,0.42,420,0.58,1
6,11,8400,1,0,666,0.42,420,0.58,1
7,0,7962,2,10,5,0,300,0.5,572,0.32,486,0.18,1
7,1,4655,1,0,300,0.5,572,0.32,486,0.18,1
7,2,8022,0,0,666,0.42,420,0.58,1
7,3,709,1,0,500,0.6,1000,0.2,1400,0.2,1
7,4,12710,0,0,666,0.42,420,0.58,1
7,5,8182,1,0,300,0.5,572,0.32,486,0.18,1
7,6,7331,2,10,5,0,666,0.42,420,0.58,1
7,7,13894,0,0,300,0.5,572,0.32,486,0.18,1
7,8,6307,1,0,666,0.42,420,0.58,1
7,9,73,1,0,500,0.6,1000,0.2,1400,0.2,1
7,10,71,2,10,5,0,300,0.5,572,0.32,486,0.18,1
7,11,14319,0,0,300,0.5,572,0.32,486,0.18,1
8,0,9659,1,0,300,0.5,1700,0.5,1
8,1,6275,2,10,5,0,300,0.5,572,0.32,486,0.18,1
8,2,5313,2,10,5,0,300,0.5,572,0.32,486,0.18,1
8,3,14161,2,10,5,0,300,0.5,1700,0.5,1
8,4,3843,1,0,300,0.5,1700,0.5,1
8,5,5469,0,0,666,0.42,420,0.58,1
8,6,7819,1,0,300,0.5,572,0.32,486,0.18,1
8,7,6990,1,0,666,0.42,420,0.58,1
8,8,1510,1,0,300,0.5,572,0.32,486,0.18,1
8,9,1684,1,0,300,0.5,1700,0.5,1
8,10,5672,1,0,500,0.6,1000,0.2,1400,0.2,1
8,11,10649,2,10,5,0,300,0.5,1700,0.5,1
9,0,3852,2,10,5,0,666,0.42,420,0.58,1
9,1,2101,1,0,300,0.5,1700,0.5,1
9,2,850,0,0,300,0.5,572,0.32,486,0.18,1
9,3,5181,0,0,666,0.42,420,0.58,1
9,4,1119,2,10,5,0,500,0.6,1000,0.2,1400,0.2,1
9,5,3454,0,0,300,0.5,572,0.32,486,0.18,1
9,6,6602,1,0,300,0.5,572,0.32,486,0.18,1
9,7,6743,1,0,300,0.5,1700,0.5,1
9,8,7130,1,0,666,0.42,420,0.58,1
9,9,7675,2,10,5,0,666,0.42,420,0.58,1
9,10,5367,0,0,300,0.5,1700,0.5,1
9,11,9002,2,10,5,0,300,0.5,572,0.32,486,0.18,1
10,0,6878,0,0,300,0.5,572,0.32,486,0.18,1
10,1,12752,0,0,300,0.5,1700,0.5,1
10,2,4679,2,10,5,0,666,0.42,420,0.58,1
10,3,7752,1,0,666,0.42,420,0.58,1
10,4,4847,0,0,500,0.6,1000,0.2,1400,0.2,1
10,5,1944,1,0,500,0.6,1000,0.2,1400,0.2,1
10,6,10514,1,0,300,0.5,572,0.32,486,0.18,1
10,7,7622,0,0,300,0.5,572,0.32,486,0.18,1
10,8,1311,0,0,300,0.5,572,0.32,486,0.18,1
10,9,10722,0,0,666,0.42,420,0.58,1
10,10,5588,1,0,500,0.6,1000,0.2,1400,0.2,1
10,11,1449,0,0,300,0.5,572,0.32,486,0.18,1
11,0,7340,2,10,5,0,300,0.5,572,0.32,486,0.18,1
11,1,10935,1,0,300,0.5,572,0.32,486,0.18,1
11,2,3156,1,0,300,0.5,1700,0.5,1
11,3,3374,1,0,300,0.5,572,0.32,486,0.18,1
11,4,6904,1,0,500,0.6,1000,0.2,1400,0.2,1
11,5,10861,1,0,666,0.42,420,0.58,1
11,6,8361,2,10,5,0,300,0.5,1700,0.5,1
11,7,12184,1,0,666,0.42,420,0.58,1
11,8,11483,2,10,5,0,500,0.6,1000,0.2,1400,0.2,1
11,9,10315,1,0,300,0.5,572,0.32,486,0.18,1
11,10,5637,0,0,500,0.6,1000,0.2,1400,0.2,1
11,11,1092,1,0,500,0.6,1000,0.2,1400,0.2,1
