0,0,12736,1,0,500,0.6,1000,0.2,1400,0.2,1
0,1,10226,1,0,500,0.6,1000,0.2,1400,0.2,1
0,2,12950,0,0,300,0.5,572,0.32,486,0.18,1
0,3,1769,1,0,300,0.5,1700,0.5,1
0,4,159,2,10,5,0,666,0.42,420,0.58,1
0,5,3262,1,0,300,0.5,1700,0.5,1
0,6,5348,0,0,300,0.5,1700,0.5,1
0,7,14577,1,0,500,0.6,1000,0.2,1400,0.2,1
0,8,12215,1,0,300,0.5,572,0.32,486,0.18,1
0,9,2444,0,0,666,0.42,420,0.58,1
0,10,1514,1,0,666,0.42,420,0.58,1
0,11,14306,0,0,300,0.5,572,0.32,486,0.18,1
1,0,9559,0,0,300,0.5,1700,0.5,1
1,1,14910,0,0,300,0.5,572,0.32,486,0.18,1
1,2,7518,2,10,5,0,500,0.6,1000,0.2,1400,0.2,0
1,3,14186,0,0,300,0.5,1700,0.5,1
1,4,9714,0,0,500,0.6,1000,0.2,1400,0.2,1
1,5,10455,1,0,300,0.5,1700,0.5,1
1,6,13363,2,10,5,0,300,0.5,1700,0.5,1
1,7,10925,1,0,666,0.42,420,0.58,1
1,8,5419,0,0,666,0.42,420,0.58,1
1,9,4158,2,10,5,0,666,0.42,420,0.58,1
1,10,9961,1,0,666,0.42,420,0.58,1
1,11,406,0,0,500,0.6,1000,0.2,1400,0.2,1
2,0,6737,1,0,300,0.5,572,0.32,486,0.18,1
2,1,2074,0,0,500,0.6,1000,0.2,1400,0.2,1
2,2,277,2,10,5,0,666,0.42,420,0.58,1
2,3,3119,2,10,5,0,300,0.5,572,0.32,486,0.18,1
2,4,2697,2,10,5,0,300,0.5,1700,0.5,1
2,5,14998,1,0,300,0.5,1700,0.5,1
2,6,1943,1,0,300,0.5,572,0.32,486,0.18,1
2,7,12212,2,10,5,0,666,0.42,420,0.58,1
2,8,3875,2,10,5,0,300,0.5,1700,0.5,1
2,9,476,0,0,300,0.5,1700,0.5,1
2,10,11287,1,0,666,0.42,420,0.58,1
2,11,10551,1,0,666,0.42,420,0.58,1
3,0,1487,1,0,500,0.6,1000,0.2,1400,0.2,1
3,1,10347,2,10,5,0,500,0.6,1000,0.2,1400,0.2,1
3,2,868,1,0,500,0.6,1000,0.2,1400,0.2,1
3,3,14334,0,0,666,0.42,420,0.58,1
3,4,6094,2,10,5,0,666,0.42,420,0.58,1
3,5,597,2,10,5,0,500,0.6,1000,0.2,1400,0.2,1
3,6,13896,2,10,5,0,500,0.6,1000,0.2,1400,0.2,1
3,7,8798,1,0,666,0.42,420,0.58,1
3,8,6961,2,10,5,0,666,0.42,420,0.58,1
3,9,5104,2,10,5,0,500,0.6,1000,0.2,1400,0.2,1
3,10,8730,0,0,300,0.5,1700,0.5,1
3,11,5307,1,0,500,0.6,1000,0.2,1400,0.2,1
4,0,4631,0,0,300,0.5,1700,0.5,1
4,1,5470,1,0,666,0.42,420,0.58,1
4,2,8114,2,10,5,0,300,0.5,1700,0.5,1
4,3,14,2,10,5,0,300,0.5,1700,0.5,1
4,4,2312,0,0,300,0.5,572,0.32,486,0.18,1
4,5,12285,1,0,666,0.42,420,0.58,1
4,6,5225,2,10,5,0,500,0.6,1000,0.2,1400,0.2,1
4,7,2351,1,0,666,0.42,420,0.58,1
4,8,4806,0,0,666,0.42,420,0.58,1
4,9,11403,0,0,500,0.6,1000,0.2,1400,0.2,1
4,10,7803,0,0,666,0.42,420,0.58,1
4,11,11751,0,0,300,0.5,572,0.32,486,0.18,1
5,0,8517,1,0,300,0.5,572,0.32,486,0.18,1
5,1,10730,1,0,300,0.5,572,0.32,486,0.18,1
5,2,2582,2,10,5,0,300,0.5,572,0.32,486,0.18,1
5,3,13427,0,0,300,0.5,572,0.32,486,0.18,1
5,4,14073,2,10,5,0,666,0.42,420,0.58,1
5,5,9341,1,0,500,0.6,1000,0.2,1400,0.2,1
5,6,2645,2,10,5,0,300,0.5,572,0.32,486,0.18,1
5,7,3981,1,0,300,0.5,572,0.32,486,0.18,1
5,8,9647,1,0,666,0.42,420,0.58,1
5,9,11069,0,0,300,0.5,1700,0.5,1
5,10,114,1,0,300,0.5,1700,0.5,1
5,11,7522,1,0,300,0.5,1700,0.5,1
6,0,9477,0,0,300,0.5,1700,0.5,1
6,1,5220,2,10,5,0,300,0.5,572,0.32,486,0.18,1
6,2,7469,1,0,300,0.5,572,0.32,486,0.18,1
6,3,9639,2,10,5,0,300,0.5,572,0.32,486,0.18,1
6,4,1552,1,0,666,0.42,420,0.58,1
6,5,10224,0,0,500,0.6,1000,0.2,1400,0.2,1
6,6,7534,1,0,666,0.42,420,0.58,1
6,7,11209,0,0,500,0.6,1000,0.2,1400,0.2,1
6,8,10867,2,10,5,0,666,0.42,420,0.58,1
6,9,8454,1,0,666,0.42,420,0.58,1
6,10,12334,0,0,666,0.42,420,0.58,1
6,11,708,1,0,300,0.5,572,0.32,486,0.18,1
7,0,8467,0,0,500,0.6,1000,0.2,1400,0.2,1
7,1,9375,1,0,300,0.5,1700,0.5,1
7,2,10038,1,0,500,0.6,1000,0.2,1400,0.2,1
7,3,280,0,0,500,0.6,1000,0.2,1400,0.2,1
7,4,11998,0,0,300,0.5,1700,0.5,1
7,5,3420,2,10,5,0,300,0.5,1700,0.5,1
7,6,11323,0,0,666,0.42,420,0.58,1
7,7,8215,0,0,300,0.5,572,0.32,486,0.18,1
7,8,8977,0,0,300,0.5,572,0.32,486,0.18,1
7,9,14158,1,0,500,0.6,1000,0.2,1400,0.2,1
7,10,9454,1,0,300,0.5,572,0.32,486,0.18,1
7,11,12798,2,10,5,0,666,0.42,420,0.58,1
8,0,4489,0,0,300,0.5,1700,0.5,1
8,1,4430,0,0,666,0.42,420,0.58,1
8,2,13454,1,0,666,0.42,420,0.58,1
8,3,7728,2,10,5,0,666,0.42,420,0.58,1
8,4,10900,2,10,5,0,300,0.5,1700,0.5,1
8,5,11034,2,10,5,0,500,0.6,1000,0.2,1400,0.2,1
8,6,10748,1,0,500,0.6,1000,0.2,1400,0.2,1
8,7,12295,2,10,5,0,300,0.5,1700,0.5,1
8,8,10253,2,10,5,0,666,0.42,420,0.58,1
8,9,11213,0,0,666,0.42,420,0.58,1
8,10,5594,1,0,666,0.42,420,0.58,1
8,11,12501,0,0,300,0.5,572,0.32,486,0.18,1
9,0,9931,2,10,5,0,300,0.5,1700,0.5,1
9,1,5571,0,0,300,0.5,572,0.32,486,0.18,1
9,2,3650,0,0,666,0.42,420,0.58,1
9,3,12689,1,0,300,0.5,1700,0.5,1
9,4,10693,0,0,300,0.5,1700,0.5,1
9,5,6532,0,0,500,0.6,1000,0.2,1400,0.2,1
9,6,8652,1,0,300,0.5,1700,0.5,1
9,7,9504,2,10,5,0,666,0.42,420,0.58,1
9,8,13060,1,0,500,0.6,1000,0.2,1400,0.2,1
9,9,12188,0,0,500,0.6,1000,0.2,1400,0.2,1
9,10,6117,2,10,5,0,300,0.5,1700,0.5,1
9,11,10664,1,0,300,0.5,572,0.32,486,0.18,1
10,0,10854,1,0,500,0.6,1000,0.2,1400,0.2,1
10,1,13497,1,0,300,0.5,572,0.32,486,0.18,1
10,2,7158,2,10,5,0,300,0.5,572,0.32,486,0.18,1
10,3,212,2,10,5,0,500,0.6,1000,0.2,1400,0.2,1
10,4,13577,1,0,500,0.6,1000,0.2,1400,0.2,1
10,5,2754,1,0,300,0.5,1700,0.5,1
10,6,2543,0,0,500,0.6,1000,0.2,1400,0.2,1
10,7,5980,2,10,5,0,666,0.42,420,0.58,1
10,8,154,2,10,5,0,500,0.6,1000,0.2,1400,0.2,1
10,9,7769,2,10,5,0,300,0.5,1700,0.5,1
10,10,2361,2,10,5,0,500,0.6,1000,0.2,1400,0.2,1
10,11,10021,2,10,5,0,500,0.6,1000,0.2,1400,0.2,1
11,0,3344,2,10,5,0,300,0.5,1700,0.5,1
11,1,12612,1,0,666,0.42,420,0.58,1
11,2,3715,2,10,5,0,300,0.5,572,0.32,486,0.18,1
11,3,13313,0,0,300,0.5,572,0.32,486,0.18,1
11,4,9405,0,0,300,0.5,572,0.32,486,0.18,1
11,5,13508,2,10,5,0,666,0.42,420,0.58,1
11,6,7065,1,0,300,0.5,572,0.32,486,0.18,1
11,7,8981,0,0,300,0.5,572,0.32,486,0.18,1
11,8,9565,2,10,5,0,300,0.5,1700,0.5,1
11,9,12127,1,0,500,0.6,1000,0.2,1400,0.2,1
11,10,8320,2,10,5,0,666,0.42,420,0.58,1
11,11,7866,0,0,300,0.5,572,0.32,486,0.18,1
