0,0,13286,0,0,300,0.5,572,0.32,486,0.18,1
0,1,7821,0,0,300,0.5,572,0.32,486,0.18,1
0,2,9151,0,0,300,0.5,572,0.32,486,0.18,1
0,3,14911,2,10,5,0,666,0.42,420,0.58,1
0,4,10173,0,0,500,0.6,1000,0.2,1400,0.2,1
0,5,12977,2,10,5,0,500,0.6,1000,0.2,1400,0.2,1
0,6,4829,0,0,666,0.42,420,0.58,1
0,7,7008,1,0,300,0.5,572,0.32,486,0.18,1
0,8,2995,2,10,5,0,300,0.5,572,0.32,486,0.18,1
0,9,13189,1,0,300,0.5,572,0.32,486,0.18,1
0,10,981,1,0,300,0.5,572,0.32,486,0.18,1
0,11,7054,2,10,5,0,300,0.5,572,0.32,486,0.18,1
1,0,6833,0,0,300,0.5,1700,0.5,1
1,1,14551,1,0,500,0.6,1000,0.2,1400,0.2,1
1,2,3909,2,10,5,0,666,0.42,420,0.58,0
1,3,3739,0,0,500,0.6,1000,0.2,1400,0.2,1
1,4,9884,1,0,666,0.42,420,0.58,1
1,5,13742,1,0,300,0.5,1700,0.5,1
1,6,1267,1,0,300,0.5,1700,0.5,1
1,7,2834,2,10,5,0,500,0.6,1000,0.2,1400,0.2,1
1,8,3093,2,10,5,0,500,0.6,1000,0.2,1400,0.2,1
1,9,1473,0,0,500,0.6,1000,0.2,1400,0.2,1
1,10,8995,1,0,666,0.42,420,0.58,1
1,11,14286,0,0,300,0.5,572,0.32,486,0.18,1
2,0,10642,1,0,500,0.6,1000,0.2,1400,0.2,1
2,1,11724,2,10,5,0,666,0.42,420,0.58,1
2,2,9616,0,0,500,0.6,1000,0.2,1400,0.2,1
2,3,9878,0,0,666,0.42,420,0.58,1
2,4,8653,0,0,500,0.6,1000,0.2,1400,0.2,1
2,5,11647,0,0,666,0.42,420,0.58,1
2,6,10112,1,0,500,0.6,1000,0.2,1400,0.2,1
2,7,4028,2,10,5,0,300,0.5,572,0.32,486,0.18,1
2,8,10697,2,10,5,0,666,0.42,420,0.58,1
2,9,4224,0,0,300,0.5,1700,0.5,1
2,10,8350,0,0,300,0.5,572,0.32,486,0.18,1
2,11,4454,2,10,5,0,300,0.5,572,0.32,486,0.18,1
3,0,14357,1,0,500,0.6,1000,0.2,1400,0.2,1
3,1,9202,2,10,5,0,300,0.5,1700,0.5,1
3,2,13589,0,0,500,0.6,1000,0.2,1400,0.2,1
3,3,13456,2,10,5,0,300,0.5,1700,0.5,1
3,4,4137,1,0,500,0.6,1000,0.2,1400,0.2,1
3,5,5918,1,0,666,0.42,420,0.58,1
3,6,13808,2,10,5,0,666,0.42,420,0.58,1
3,7,2587,2,10,5,0,666,0.42,420,0.58,1
3,8,1813,1,0,300,0.5,572,0.32,486,0.18,1
3,9,11419,2,10,5,0,500,0.6,1000,0.2,1400,0.2,1
3,10,11515,0,0,300,0.5,572,0.32,486,0.18,1
3,11,12368,2,10,5,0,300,0.5,572,0.32,486,0.18,1
4,0,5758,0,0,500,0.6,1000,0.2,1400,0.2,1
4,1,7300,0,0,300,0.5,1700,0.5,1
4,2,6373,0,0,300,0.5,1700,0.5,1
4,3,3274,2,10,5,0,500,0.6,1000,0.2,1400,0.2,1
4,4,4381,1,0,300,0.5,1700,0.5,1
4,5,4343,1,0,300,0.5,572,0.32,486,0.18,1
4,6,8126,1,0,666,0.42,420,0.58,1
4,7,6449,1,0,300,0.5,572,0.32,486,0.18,1
4,8,13147,0,0,300,0.5,572,0.32,486,0.18,1
4,9,6690,1,0,300,0.5,1700,0.5,1
4,10,13412,1,0,300,0.5,572,0.32,486,0.18,1
4,11,163,2,10,5,0,300,0.5,572,0.32,486,0.18,1
5,0,317,0,0,300,0.5,572,0.32,486,0.18,1
5,1,7155,1,0,666,0.42,420,0.58,1
5,2,5834,0,0,666,0.42,420,0.58,1
5,3,3055,0,0,500,0.6,1000,0.2,1400,0.2,1
5,4,2085,1,0,300,0.5,1700,0.5,1
5,5,14406,0,0,666,0.42,420,0.58,1
5,6,4017,2,10,5,0,666,0.42,420,0.58,1
5,7,8586,2,10,5,0,300,0.5,1700,0.5,1
5,8,14735,1,0,300,0.5,1700,0.5,1
5,9,2196,2,10,5,0,300,0.5,572,0.32,486,0.18,1
5,10,10706,2,10,5,0,300,0.5,572,0.32,486,0.18,1
5,11,13928,0,0,500,0.6,1000,0.2,1400,0.2,1
6,0,3672,0,0,500,0.6,1000,0.2,1400,0.2,1
6,1,11989,2,10,5,0,300,0.5,1700,0.5,1
6,2,4539,2,10,5,0,300,0.5,1700,0.5,1
6,3,8560,0,0,300,0.5,1700,0.5,1
6,4,4847,1,0,500,0.6,1000,0.2,1400,0.2,1
6,5,4414,0,0,300,0.5,1700,0.5,1
6,6,11888,1,0,666,0.42,420,0.58,1
6,7,14368,0,0,300,0.5,572,0.32,486,0.18,1
6,8,9260,0,0,300,0.5,1700,0.5,1
6,9,13783,0,0,500,0.6,1000,0.2,1400,0.2,1
6,10,13627,0,0,666,0.42,420,0.58,1
6,11,4673,2,10,5,0,300,0.5,572,0.32,486,0.18,1
7,0,13048,1,0,500,0.6,1000,0.2,1400,0.2,1
7,1,129,2,10,5,0,300,0.5,572,0.32,486,0.18,1
7,2,2161,2,10,5,0,666,0.42,420,0.58,1
7,3,2269,0,0,300,0.5,1700,0.5,1
7,4,8837,1,0,500,0.6,1000,0.2,1400,0.2,1
7,5,12175,1,0,300,0.5,572,0.32,486,0.18,1
7,6,3485,1,0,666,0.42,420,0.58,1
7,7,10998,0,0,500,0.6,1000,0.2,1400,0.2,1
7,8,14786,2,10,5,0,666,0.42,420,0.58,1
7,9,9503,0,0,300,0.5,572,0.32,486,0.18,1
7,10,6582,0,0,300,0.5,572,0.32,486,0.18,1
7,11,14575,0,0,300,0.5,572,0.32,486,0.18,1
8,0,14150,1,0,300,0.5,572,0.32,486,0.18,1
8,1,9768,1,0,666,0.42,420,0.58,1
8,2,14679,2,10,5,0,300,0.5,572,0.32,486,0.18,1
8,3,14191,0,0,666,0.42,420,0.58,1
8,4,1620,2,10,5,0,300,0.5,572,0.32,486,0.18,1
8,5,8203,0,0,300,0.5,1700,0.5,1
8,6,153,1,0,300,0.5,572,0.32,486,0.18,1
8,7,3596,2,10,5,0,500,0.6,1000,0.2,1400,0.2,1
8,8,8254,0,0,666,0.42,420,0.58,1
8,9,13349,0,0,666,0.42,420,0.58,1
8,10,11892,0,0,300,0.5,1700,0.5,1
8,11,9884,0,0,666,0.42,420,0.58,1
9,0,14723,0,0,300,0.5,1700,0.5,1
9,1,9147,0,0,300,0.5,1700,0.5,1
9,2,11861,2,10,5,0,300,0.5,1700,0.5,1
9,3,9839,2,10,5,0,300,0.5,1700,0.5,1
9,4,5718,2,10,5,0,300,0.5,1700,0.5,1
9,5,8676,1,0,300,0.5,572,0.32,486,0.18,1
9,6,546,0,0,666,0.42,420,0.58,1
9,7,4706,0,0,300,0.5,572,0.32,486,0.18,1
9,8,4506,0,0,300,0.5,572,0.32,486,0.18,1
9,9,1679,0,0,300,0.5,1700,0.5,1
9,10,7318,1,0,300,0.5,1700,0.5,1
9,11,10500,2,10,5,0,666,0.42,420,0.58,1
10,0,14415,2,10,5,0,300,0.5,572,0.32,486,0.18,1
10,1,4036,0,0,500,0.6,1000,0.2,1400,0.2,1
10,2,10356,1,0,500,0.6,1000,0.2,1400,0.2,1
10,3,479,1,0,666,0.42,420,0.58,1
10,4,1427,2,10,5,0,666,0.42,420,0.58,1
10,5,125,0,0,666,0.42,420,0.58,1
10,6,384,1,0,666,0.42,420,0.58,1
10,7,10337,1,0,300,0.5,572,0.32,486,0.18,1
10,8,9110,1,0,300,0.5,572,0.32,486,0.18,1
10,9,10364,2,10,5,0,300,0.5,1700,0.5,1
10,10,13898,1,0,500,0.6,1000,0.2,1400,0.2,1
10,11,6255,0,0,666,0.42,420,0.58,1
11,0,9972,0,0,300,0.5,572,0.32,486,0.18,1
11,1,11610,2,10,5,0,666,0.42,420,0.58,1
11,2,9400,1,0,300,0.5,572,0.32,486,0.18,1
11,3,14864,2,10,5,0,300,0.5,572,0.32,486,0.18,1
11,4,5796,1,0,500,0.6,1000,0.2,1400,0.2,1
11,5,11051,2,10,5,0,300,0.5,572,0.32,486,0.18,1
11,6,12965,0,0,500,0.6,1000,0.2,1400,0.2,1
11,7,7308,1,0,300,0.5,1700,0.5,1
11,8,13408,0,0,300,0.5,1700,0.5,1
11,9,14708,2,10,5,0,500,0.6,1000,0.2,1400,0.2,1
11,10,9857,1,0,300,0.5,572,0.32,486,0.18,1
11,11,7482,2,10,5,0,300,0.5,572,0.32,486,0.18,1
