0,0,4497,0,0,500,0.6,1000,0.2,1400,0.2,1
0,1,5096,2,10,5,0,300,0.5,572,0.32,486,0.18,1
0,2,908,2,10,5,0,300,0.5,572,0.32,486,0.18,1
0,3,11567,1,0,300,0.5,572,0.32,486,0.18,1
0,4,2617,0,0,666,0.42,420,0.58,1
0,5,11242,0,0,300,0.5,1700,0.5,1
0,6,14349,2,10,5,0,300,0.5,1700,0.5,1
0,7,13234,2,10,5,0,500,0.6,1000,0.2,1400,0.2,1
0,8,6552,2,10,5,0,300,0.5,572,0.32,486,0.18,1
0,9,7464,1,0,666,0.42,420,0.58,1
0,10,2737,2,10,5,0,666,0.42,420,0.58,1
0,11,9902,1,0,300,0.5,1700,0.5,1
1,0,7481,1,0,500,0.6,1000,0.2,1400,0.2,1
1,1,13469,2,10,5,0,300,0.5,1700,0.5,1
1,2,13606,1,0,666,0.42,420,0.58,0
1,3,4691,2,10,5,0,500,0.6,1000,0.2,1400,0.2,1
1,4,10789,0,0,500,0.6,1000,0.2,1400,0.2,1
1,5,6756,0,0,300,0.5,572,0.32,486,0.18,1
1,6,7723,1,0,666,0.42,420,0.58,1
1,7,13524,2,10,5,0,300,0.5,1700,0.5,1
1,8,4124,2,10,5,0,300,0.5,572,0.32,486,0.18,1
1,9,5111,2,10,5,0,300,0.5,572,0.32,486,0.18,1
1,10,8295,2,10,5,0,300,0.5,1700,0.5,1
1,11,8403,2,10,5,0,666,0.42,420,0.58,1
2,0,6296,0,0,666,0.42,420,0.58,1
2,1,13291,1,0,300,0.5,572,0.32,486,0.18,1
2,2,13932,2,10,5,0,500,0.6,1000,0.2,1400,0.2,1
2,3,4271,1,0,666,0.42,420,0.58,1
2,4,13176,2,10,5,0,666,0.42,420,0.58,1
2,5,129,1,0,666,0.42,420,0.58,1
2,6,2531,2,10,5,0,300,0.5,572,0.32,486,0.18,1
2,7,14356,1,0,300,0.5,1700,0.5,1
2,8,6476,2,10,5,0,300,0.5,1700,0.5,1
2,9,4093,2,10,5,0,300,0.5,1700,0.5,1
2,10,3185,0,0,300,0.5,572,0.32,486,0.18,1
2,11,7832,2,10,5,0,666,0.42,420,0.58,1
3,0,12744,0,0,666,0.42,420,0.58,1
3,1,13166,1,0,500,0.6,1000,0.2,1400,0.2,1
3,2,3560,0,0,666,0.42,420,0.58,1
3,3,10577,0,0,500,0.6,1000,0.2,1400,0.2,1
3,4,6561,2,10,5,0,666,0.42,420,0.58,1
3,5,14210,2,10,5,0,300,0.5,1700,0.5,1
3,6,14502,1,0,666,0.42,420,0.58,1
3,7,1874,2,10,5,0,300,0.5,572,0.32,486,0.18,1
3,8,9456,2,10,5,0,300,0.5,572,0.32,486,0.18,1
3,9,326,2,10,5,0,666,0.42,420,0.58,1
3,10,11107,0,0,300,0.5,572,0.32,486,0.18,1
3,11,9642,1,0,500,0.6,1000,0.2,1400,0.2,1
4,0,12928,0,0,666,0.42,420,0.58,1
4,1,7065,0,0,300,0.5,1700,0.5,1
4,2,12896,1,0,300,0.5,572,0.32,486,0.18,1
4,3,1993,0,0,300,0.5,1700,0.5,1
4,4,13818,0,0,300,0.5,572,0.32,486,0.18,1
4,5,8454,2,10,5,0,300,0.5,572,0.32,486,0.18,1
4,6,14023,1,0,500,0.6,1000,0.2,1400,0.2,1
4,7,14174,2,10,5,0,300,0.5,572,0.32,486,0.18,1
4,8,4276,1,0,666,0.42,420,0.58,1
4,9,3568,0,0,300,0.5,1700,0.5,1
4,10,10290,2,10,5,0,300,0.5,572,0.32,486,0.18,1
4,11,7285,0,0,500,0.6,1000,0.2,1400,0.2,1
5,0,2859,0,0,300,0.5,572,0.32,486,0.18,1
5,1,443,1,0,666,0.42,420,0.58,1
5,2,14680,2,10,5,0,300,0.5,1700,0.5,1
5,3,12735,1,0,500,0.6,1000,0.2,1400,0.2,1
5,4,8190,1,0,666,0.42,420,0.58,1
5,5,6280,0,0,500,0.6,1000,0.2,1400,0.2,1
5,6,490,0,0,300,0.5,1700,0.5,1
5,7,4118,1,0,300,0.5,1700,0.5,1
5,8,8497,1,0,300,0.5,1700,0.5,1
5,9,4069,1,0,500,0.6,1000,0.2,1400,0.2,1
5,10,8561,1,0,500,0.6,1000,0.2,1400,0.2,1
5,11,11553,1,0,300,0.5,572,0.32,486,0.18,1
6,0,5888,2,10,5,0,500,0.6,1000,0.2,1400,0.2,1
6,1,10903,0,0,300,0.5,572,0.32,486,0.18,1
6,2,2526,0,0,300,0.5,572,0.32,486,0.18,1
6,3,12312,2,10,5,0,300,0.5,572,0.32,486,0.18,1
6,4,5099,2,10,5,0,300,0.5,1700,0.5,1
6,5,13170,2,10,5,0,500,0.6,1000,0.2,1400,0.2,1
6,6,14793,0,0,500,0.6,1000,0.2,1400,0.2,1
6,7,1189,0,0,500,0.6,1000,0.2,1400,0.2,1
6,8,5760,2,10,5,0,666,0.42,420,0.58,1
6,9,8498,2,10,5,0,300,0.5,1700,0.5,1
6,10,8651,0,0,300,0.5,572,0.32,486,0.18,1
6,11,2646,0,0,666,0.42,420,0.58,1
7,0,5488,1,0,666,0.42,420,0.58,1
7,1,5693,1,0,300,0.5,572,0.32,486,0.18,1
7,2,14854,0,0,666,0.42,420,0.58,1
7,3,6827,0,0,666,0.42,420,0.58,1
7,4,14619,0,0,500,0.6,1000,0.2,1400,0.2,1
7,5,718,2,10,5,0,666,0.42,420,0.58,1
7,6,2626,1,0,500,0.6,1000,0.2,1400,0.2,1
7,7,9705,1,0,500,0.6,1000,0.2,1400,0.2,1
7,8,8248,0,0,300,0.5,1700,0.5,1
7,9,8273,2,10,5,0,500,0.6,1000,0.2,1400,0.2,1
7,10,3754,2,10,5,0,300,0.5,572,0.32,486,0.18,1
7,11,13653,2,10,5,0,666,0.42,420,0.58,1
8,0,7951,0,0,666,0.42,420,0.58,1
8,1,8251,0,0,500,0.6,1000,0.2,1400,0.2,1
8,2,9536,0,0,666,0.42,420,0.58,1
8,3,5061,1,0,300,0.5,1700,0.5,1
8,4,13512,2,10,5,0,500,0.6,1000,0.2,1400,0.2,1
8,5,10167,1,0,500,0.6,1000,0.2,1400,0.2,1
8,6,9680,0,0,300,0.5,572,0.32,486,0.18,1
8,7,2599,1,0,500,0.6,1000,0.2,1400,0.2,1
8,8,11623,0,0,500,0.6,1000,0.2,1400,0.2,1
8,9,8056,0,0,666,0.42,420,0.58,1
8,10,11776,1,0,300,0.5,572,0.32,486,0.18,1
8,11,10594,1,0,500,0.6,1000,0.2,1400,0.2,1
9,0,6259,2,10,5,0,666,0.42,420,0.58,1
9,1,8887,2,10,5,0,300,0.5,572,0.32,486,0.18,1
9,2,14365,2,10,5,0,666,0.42,420,0.58,1
9,3,9302,0,0,300,0.5,1700,0.5,1
9,4,354,1,0,500,0.6,1000,0.2,1400,0.2,1
9,5,2513,2,10,5,0,500,0.6,1000,0.2,1400,0.2,1
9,6,4319,1,0,666,0.42,420,0.58,1
9,7,1154,1,0,666,0.42,420,0.58,1
9,8,1819,1,0,300,0.5,1700,0.5,1
9,9,13898,1,0,300,0.5,572,0.32,486,0.18,1
9,10,5741,1,0,300,0.5,1700,0.5,1
9,11,2507,0,0,300,0.5,1700,0.5,1
10,0,10162,0,0,666,0.42,420,0.58,1
10,1,2715,1,0,300,0.5,572,0.32,486,0.18,1
10,2,2715,1,0,666,0.42,420,0.58,1
10,3,5459,1,0,300,0.5,572,0.32,486,0.18,1
10,4,8959,1,0,300,0.5,1700,0.5,1
10,5,6172,1,0,300,0.5,1700,0.5,1
10,6,14905,2,10,5,0,666,0.42,420,0.58,1
10,7,478,0,0,666,0.42,420,0.58,1
10,8,9868,2,10,5,0,500,0.6,1000,0.2,1400,0.2,1
10,9,8836,0,0,500,0.6,1000,0.2,1400,0.2,1
10,10,8370,1,0,666,0.42,420,0.58,1
10,11,5052,2,10,5,0,500,0.6,1000,0.2,1400,0.2,1
11,0,7055,2,10,5,0,500,0.6,1000,0.2,1400,0.2,1
11,1,12437,2,10,5,0,666,0.42,420,0.58,1
11,2,7139,1,0,500,0.6,1000,0.2,1400,0.2,1
11,3,13486,0,0,300,0.5,1700,0.5,1
11,4,2958,1,0,500,0.6,1000,0.2,1400,0.2,1
11,5,45,0,0,500,0.6,1000,0.2,1400,0.2,1
11,6,4923,1,0,300,0.5,572,0.32,486,0.18,1
11,7,8249,2,10,5,0,500,0.6,1000,0.2,1400,0.2,1
11,8,5165,1,0,500,0.6,1000,0.2,1400,0.2,1
11,9,5115,0,0,300,0.5,572,0.32,486,0.18,1
11,10,14331,2,10,5,0,666,0.42,420,0.58,1
11,11,11610,1,0,500,0.6,1000,0.2,1400,0.2,1
