0,0,13188,1,0,300,0.5,1700,0.5,1
0,1,14360,0,0,300,0.5,572,0.32,486,0.18,1
0,2,5379,0,0,666,0.42,420,0.58,1
0,3,12761,2,10,5,0,666,0.42,420,0.58,1
0,4,657,2,10,5,0,500,0.6,1000,0.2,1400,0.2,1
0,5,1381,1,0,500,0.6,1000,0.2,1400,0.2,1
0,6,8652,0,0,300,0.5,1700,0.5,1
0,7,13104,1,0,666,0.42,420,0.58,1
0,8,13138,2,10,5,0,500,0.6,1000,0.2,1400,0.2,1
0,9,11316,1,0,300,0.5,572,0.32,486,0.18,1
0,10,11124,2,10,5,0,300,0.5,572,0.32,486,0.18,1
0,11,8897,2,10,5,0,300,0.5,1700,0.5,1
1,0,10098,2,10,5,0,500,0.6,1000,0.2,1400,0.2,1
1,1,7782,1,0,300,0.5,1700,0.5,1
1,2,9425,1,0,666,0.42,420,0.58,0
1,3,3039,1,0,300,0.5,572,0.32,486,0.18,1
1,4,234,1,0,300,0.5,1700,0.5,1
1,5,8676,1,0,500,0.6,1000,0.2,1400,0.2,1
1,6,819,2,10,5,0,500,0.6,1000,0.2,1400,0.2,1
1,7,14110,1,0,300,0.5,1700,0.5,1
1,8,7467,1,0,500,0.6,1000,0.2,1400,0.2,1
1,9,14098,1,0,300,0.5,1700,0.5,1
1,10,8653,1,0,666,0.42,420,0.58,1
1,11,8637,1,0,500,0.6,1000,0.2,1400,0.2,1
2,0,16,0,0,300,0.5,1700,0.5,1
2,1,3851,0,0,666,0.42,420,0.58,1
2,2,10353,1,0,300,0.5,1700,0.5,1
2,3,4761,1,0,300,0.5,572,0.32,486,0.18,1
2,4,5434,2,10,5,0,666,0.42,420,0.58,1
2,5,2994,1,0,500,0.6,1000,0.2,1400,0.2,1
2,6,6441,2,10,5,0,300,0.5,1700,0.5,1
2,7,1438,2,10,5,0,500,0.6,1000,0.2,1400,0.2,1
2,8,7641,0,0,300,0.5,572,0.32,486,0.18,1
2,9,12387,2,10,5,0,500,0.6,1000,0.2,1400,0.2,1
2,10,4236,1,0,666,0.42,420,0.58,1
2,11,10654,1,0,500,0.6,1000,0.2,1400,0.2,1
3,0,9796,2,10,5,0,500,0.6,1000,0.2,1400,0.2,1
3,1,2679,0,0,300,0.5,1700,0.5,1
3,2,14309,1,0,300,0.5,572,0.32,486,0.18,1
3,3,4227,1,0,666,0.42,420,0.58,1
3,4,11255,2,10,5,0,666,0.42,420,0.58,1
3,5,3498,0,0,300,0.5,1700,0.5,1
3,6,2685,2,10,5,0,300,0.5,572,0.32,486,0.18,1
3,7,900,2,10,5,0,666,0.42,420,0.58,1
3,8,10348,0,0,300,0.5,572,0.32,486,0.18,1
3,9,2599,0,0,300,0.5,572,0.32,486,0.18,1
3,10,9726,0,0,300,0.5,572,0.32,486,0.18,1
3,11,10848,0,0,300,0.5,572,0.32,486,0.18,1
4,0,998,0,0,500,0.6,1000,0.2,1400,0.2,1
4,1,3795,1,0,300,0.5,1700,0.5,1
4,2,14754,1,0,500,0.6,1000,0.2,1400,0.2,1
4,3,6177,0,0,300,0.5,1700,0.5,1
4,4,14869,1,0,300,0.5,572,0.32,486,0.18,1
4,5,2535,1,0,300,0.5,572,0.32,486,0.18,1
4,6,3886,0,0,300,0.5,1700,0.5,1
4,7,14629,1,0,500,0.6,1000,0.2,1400,0.2,1
4,8,9413,0,0,500,0.6,1000,0.2,1400,0.2,1
4,9,4985,2,10,5,0,666,0.42,420,0.58,1
4,10,1990,2,10,5,0,500,0.6,1000,0.2,1400,0.2,1
4,11,3591,2,10,5,0,666,0.42,420,0.58,1
5,0,5223,1,0,500,0.6,1000,0.2,1400,0.2,1
5,1,4545,2,10,5,0,300,0.5,572,0.32,486,0.18,1
5,2,6226,1,0,666,0.42,420,0.58,1
5,3,8879,0,0,666,0.42,420,0.58,1
5,4,8672,1,0,300,0.5,1700,0.5,1
5,5,12859,2,10,5,0,666,0.42,420,0.58,1
5,6,6839,0,0,500,0.6,1000,0.2,1400,0.2,1
5,7,41,0,0,300,0.5,572,0.32,486,0.18,1
5,8,2046,1,0,666,0.42,420,0.58,1
5,9,9450,0,0,666,0.42,420,0.58,1
5,10,9819,1,0,300,0.5,572,0.32,486,0.18,1
5,11,1329,2,10,5,0,300,0.5,1700,0.5,1
6,0,14227,0,0,666,0.42,420,0.58,1
6,1,4201,0,0,300,0.5,572,0.32,486,0.18,1
6,2,13783,0,0,300,0.5,572,0.32,486,0.18,1
6,3,14540,0,0,666,0.42,420,0.58,1
6,4,715,0,0,300,0.5,572,0.32,486,0.18,1
6,5,4755,1,0,300,0.5,572,0.32,486,0.18,1
6,6,6153,1,0,300,0.5,1700,0.5,1
6,7,1838,1,0,500,0.6,1000,0.2,1400,0.2,1
6,8,10616,2,10,5,0,666,0.42,420,0.58,1
6,9,3256,1,0,500,0.6,1000,0.2,1400,0.2,1
6,10,4533,0,0,300,0.5,572,0.32,486,0.18,1
6,11,9095,1,0,666,0.42,420,0.58,1
7,0,12870,0,0,300,0.5,1700,0.5,1
7,1,4135,0,0,300,0.5,572,0.32,486,0.18,1
7,2,13355,0,0,500,0.6,1000,0.2,1400,0.2,1
7,3,14873,0,0,300,0.5,572,0.32,486,0.18,1
7,4,1569,0,0,500,0.6,1000,0.2,1400,0.2,1
7,5,13849,1,0,500,0.6,1000,0.2,1400,0.2,1
7,6,9486,0,0,666,0.42,420,0.58,1
7,7,3969,0,0,500,0.6,1000,0.2,1400,0.2,1
7,8,532,2,10,5,0,300,0.5,1700,0.5,1
7,9,5135,1,0,666,0.42,420,0.58,1
7,10,3134,0,0,666,0.42,420,0.58,1
7,11,12420,2,10,5,0,300,0.5,1700,0.5,1
8,0,5572,0,0,300,0.5,572,0.32,486,0.18,1
8,1,7261,0,0,300,0.5,1700,0.5,1
8,2,1777,2,10,5,0,500,0.6,1000,0.2,1400,0.2,1
8,3,3460,2,10,5,0,300,0.5,1700,0.5,1
8,4,108,1,0,300,0.5,1700,0.5,1
8,5,9872,2,10,5,0,666,0.42,420,0.58,1
8,6,4341,2,10,5,0,300,0.5,1700,0.5,1
8,7,3088,2,10,5,0,300,0.5,1700,0.5,1
8,8,11877,0,0,300,0.5,572,0.32,486,0.18,1
8,9,10656,2,10,5,0,300,0.5,1700,0.5,1
8,10,4735,0,0,666,0.42,420,0.58,1
8,11,9563,0,0,300,0.5,572,0.32,486,0.18,1
9,0,3179,2,10,5,0,666,0.42,420,0.58,1
9,1,5013,1,0,500,0.6,1000,0.2,1400,0.2,1
9,2,12785,2,10,5,0,666,0.42,420,0.58,1
9,3,3843,2,10,5,0,666,0.42,420,0.58,1
9,4,6222,1,0,666,0.42,420,0.58,1
9,5,2022,1,0,300,0.5,1700,0.5,1
9,6,6079,0,0,666,0.42,420,0.58,1
9,7,7471,2,10,5,0,300,0.5,572,0.32,486,0.18,1
9,8,657,1,0,666,0.42,420,0.58,1
9,9,12387,2,10,5,0,500,0.6,1000,0.2,1400,0.2,1
9,10,13279,1,0,500,0.6,1000,0.2,1400,0.2,1
9,11,1802,1,0,500,0.6,1000,0.2,1400,0.2,1
10,0,9650,0,0,300,0.5,1700,0.5,1
10,1,1378,1,0,500,0.6,1000,0.2,1400,0.2,1
10,2,1365,2,10,5,0,500,0.6,1000,0.2,1400,0.2,1
10,3,2069,2,10,5,0,300,0.5,572,0.32,486,0.18,1
10,4,7498,0,0,500,0.6,1000,0.2,1400,0.2,1
10,5,7909,1,0,300,0.5,572,0.32,486,0.18,1
10,6,8659,1,0,300,0.5,1700,0.5,1
10,7,2216,1,0,666,0.42,420,0.58,1
10,8,10910,1,0,500,0.6,1000,0.2,1400,0.2,1
10,9,41,0,0,500,0.6,1000,0.2,1400,0.2,1
10,10,3987,1,0,500,0.6,1000,0.2,1400,0.2,1
10,11,3823,0,0,300,0.5,572,0.32,486,0.18,1
11,0,10822,2,10,5,0,300,0.5,572,0.32,486,0.18,1
11,1,3043,0,0,666,0.42,420,0.58,1
11,2,11789,1,0,500,0.6,1000,0.2,1400,0.2,1
11,3,7490,2,10,5,0,666,0.42,420,0.58,1
11,4,12427,2,10,5,0,300,0.5,572,0.32,486,0.18,1
11,5,12299,1,0,500,0.6,1000,0.2,1400,0.2,1
11,6,6256,0,0,300,0.5,1700,0.5,1
11,7,12226,2,10,5,0,500,0.6,1000,0.2,1400,0.2,1
11,8,11823,0,0,300,0.5,1700,0.5,1
11,9,14440,0,0,666,0.42,420,0.58,1
11,10,8665,1,0,500,0.6,1000,0.2,1400,0.2,1
11,11,6785,1,0,300,0.5,572,0.32,486,0.18,1
