0,0,3552,0,0,300,0.5,1700,0.5,1
0,1,11888,0,0,666,0.42,420,0.58,1
0,2,6731,1,0,300,0.5,1700,0.5,1
0,3,5408,1,0,500,0.6,1000,0.2,1400,0.2,1
0,4,2265,0,0,666,0.42,420,0.58,1
0,5,3970,1,0,300,0.5,572,0.32,486,0.18,1
0,6,13500,2,10,5,0,500,0.6,1000,0.2,1400,0.2,1
0,7,8965,0,0,500,0.6,1000,0.2,1400,0.2,1
0,8,5499,2,10,5,0,666,0.42,420,0.58,1
0,9,3919,0,0,300,0.5,1700,0.5,1
0,10,9719,0,0,666,0.42,420,0.58,1
0,11,7584,1,0,500,0.6,1000,0.2,1400,0.2,1
1,0,6533,2,10,5,0,500,0.6,1000,0.2,1400,0.2,1
1,1,819,1,0,500,0.6,1000,0.2,1400,0.2,1
1,2,9668,0,0,300,0.5,1700,0.5,0
1,3,10292,2,10,5,0,300,0.5,572,0.32,486,0.18,1
1,4,2061,0,0,666,0.42,420,0.58,1
1,5,3074,2,10,5,0,500,0.6,1000,0.2,1400,0.2,1
1,6,156,2,10,5,0,300,0.5,572,0.32,486,0.18,1
1,7,5460,1,0,500,0.6,1000,0.2,1400,0.2,1
1,8,898,1,0,300,0.5,1700,0.5,1
1,9,6803,0,0,300,0.5,572,0.32,486,0.18,1
1,10,9692,2,10,5,0,300,0.5,1700,0.5,1
1,11,6251,2,10,5,0,500,0.6,1000,0.2,1400,0.2,1
2,0,6647,0,0,300,0.5,572,0.32,486,0.18,1
2,1,3712,2,10,5,0,300,0.5,1700,0.5,1
2,2,11883,1,0,500,0.6,1000,0.2,1400,0.2,1
2,3,3631,1,0,300,0.5,1700,0.5,1
2,4,759,0,0,300,0.5,1700,0.5,1
2,5,4835,2,10,5,0,500,0.6,1000,0.2,1400,0.2,1
2,6,4933,2,10,5,0,300,0.5,572,0.32,486,0.18,1
2,7,9093,2,10,5,0,300,0.5,1700,0.5,1
2,8,6067,0,0,300,0.5,572,0.32,486,0.18,1
2,9,35,2,10,5,0,300,0.5,1700,0.5,1
2,10,14575,0,0,666,0.42,420,0.58,1
2,11,257,0,0,300,0.5,1700,0.5,1
3,0,119,2,10,5,0,500,0.6,1000,0.2,1400,0.2,1
3,1,5924,0,0,300,0.5,572,0.32,486,0.18,1
3,2,13239,0,0,666,0.42,420,0.58,1
3,3,10082,0,0,666,0.42,420,0.58,1
3,4,13314,1,0,300,0.5,1700,0.5,1
3,5,3199,0,0,300,0.5,572,0.32,486,0.18,1
3,6,743,2,10,5,0,300,0.5,1700,0.5,1
3,7,9327,2,10,5,0,666,0.42,420,0.58,1
3,8,8299,0,0,500,0.6,1000,0.2,1400,0.2,1
3,9,10357,1,0,666,0.42,420,0.58,1
3,10,8850,1,0,300,0.5,572,0.32,486,0.18,1
3,11,6544,2,10,5,0,500,0.6,1000,0.2,1400,0.2,1
4,0,307,0,0,666,0.42,420,0.58,1
4,1,7258,0,0,300,0.5,1700,0.5,1
4,2,11843,1,0,300,0.5,1700,0.5,1
4,3,13047,1,0,300,0.5,572,0.32,486,0.18,1
4,4,4607,2,10,5,0,300,0.5,1700,0.5,1
4,5,1284,0,0,300,0.5,572,0.32,486,0.18,1
4,6,5841,1,0,500,0.6,1000,0.2,1400,0.2,1
4,7,804,0,0,300,0.5,572,0.32,486,0.18,1
4,8,14149,2,10,5,0,500,0.6,1000,0.2,1400,0.2,1
4,9,8507,2,10,5,0,300,0.5,1700,0.5,1
4,10,8142,1,0,500,0.6,1000,0.2,1400,0.2,1
4,11,2748,2,10,5,0,500,0.6,1000,0.2,1400,0.2,1
5,0,2920,1,0,300,0.5,572,0.32,486,0.18,1
5,1,1795,1,0,500,0.6,1000,0.2,1400,0.2,1
5,2,8106,1,0,300,0.5,572,0.32,486,0.18,1
5,3,11785,0,0,500,0.6,1000,0.2,1400,0.2,1
5,4,12852,2,10,5,0,300,0.5,1700,0.5,1
5,5,11041,2,10,5,0,300,0.5,1700,0.5,1
5,6,11741,2,10,5,0,300,0.5,572,0.32,486,0.18,1
5,7,14221,2,10,5,0,300,0.5,572,0.32,486,0.18,1
5,8,10218,0,0,300,0.5,1700,0.5,1
5,9,7051,2,10,5,0,666,0.42,420,0.58,1
5,10,4116,1,0,300,0.5,1700,0.5,1
5,11,1524,2,10,5,0,500,0.6,1000,0.2,1400,0.2,1
6,0,7599,1,0,300,0.5,1700,0.5,1
6,1,7262,2,10,5,0,300,0.5,572,0.32,486,0.18,1
6,2,12278,2,10,5,0,300,0.5,1700,0.5,1
6,3,14482,0,0,666,0.42,420,0.58,1
6,4,5921,0,0,666,0.42,420,0.58,1
6,5,1474,1,0,666,0.42,420,0.58,1
6,6,2216,0,0,500,0.6,1000,0.2,1400,0.2,1
6,7,1605,0,0,300,0.5,1700,0.5,1
6,8,218,2,10,5,0,300,0.5,1700,0.5,1
6,9,4057,1,0,300,0.5,1700,0.5,1
6,10,140,0,0,666,0.42,420,0.58,1
6,11,9116,1,0,500,0.6,1000,0.2,1400,0.2,1
7,0,6647,2,10,5,0,500,0.6,1000,0.2,1400,0.2,1
7,1,7874,2,10,5,0,300,0.5,1700,0.5,1
7,2,14210,1,0,500,0.6,1000,0.2,1400,0.2,1
7,3,1728,1,0,666,0.42,420,0.58,1
7,4,2416,1,0,500,0.6,1000,0.2,1400,0.2,1
7,5,13451,0,0,666,0.42,420,0.58,1
7,6,3440,2,10,5,0,666,0.42,420,0.58,1
7,7,8830,2,10,5,0,500,0.6,1000,0.2,1400,0.2,1
7,8,5795,2,10,5,0,500,0.6,1000,0.2,1400,0.2,1
7,9,4746,1,0,666,0.42,420,0.58,1
7,10,241,1,0,300,0.5,1700,0.5,1
7,11,14779,0,0,300,0.5,572,0.32,486,0.18,1
8,0,6818,2,10,5,0,300,0.5,1700,0.5,1
8,1,14365,0,0,500,0.6,1000,0.2,1400,0.2,1
8,2,775,1,0,666,0.42,420,0.58,1
8,3,11860,1,0,666,0.42,420,0.58,1
8,4,1270,2,10,5,0,500,0.6,1000,0.2,1400,0.2,1
8,5,10592,1,0,300,0.5,572,0.32,486,0.18,1
8,6,8523,1,0,300,0.5,572,0.32,486,0.18,1
8,7,12836,0,0,300,0.5,1700,0.5,1
8,8,4889,0,0,300,0.5,1700,0.5,1
8,9,12188,2,10,5,0,666,0.42,420,0.58,1
8,10,3032,1,0,666,0.42,420,0.58,1
8,11,14604,2,10,5,0,500,0.6,1000,0.2,1400,0.2,1
9,0,5483,1,0,666,0.42,420,0.58,1
9,1,5149,0,0,300,0.5,1700,0.5,1
9,2,3573,0,0,300,0.5,572,0.32,486,0.18,1
9,3,13706,2,10,5,0,300,0.5,1700,0.5,1
9,4,12427,0,0,500,0.6,1000,0.2,1400,0.2,1
9,5,6130,2,10,5,0,666,0.42,420,0.58,1
9,6,12570,0,0,500,0.6,1000,0.2,1400,0.2,1
9,7,9879,0,0,500,0.6,1000,0.2,1400,0.2,1
9,8,13148,2,10,5,0,300,0.5,1700,0.5,1
9,9,8920,2,10,5,0,666,0.42,420,0.58,1
9,10,7792,1,0,666,0.42,420,0.58,1
9,11,11726,0,0,300,0.5,1700,0.5,1
10,0,12772,0,0,500,0.6,1000,0.2,1400,0.2,1
10,1,2394,0,0,666,0.42,420,0.58,1
10,2,363,1,0,300,0.5,1700,0.5,1
10,3,13951,1,0,666,0.42,420,0.58,1
10,4,1222,2,10,5,0,500,0.6,1000,0.2,1400,0.2,1
10,5,9549,1,0,500,0.6,1000,0.2,1400,0.2,1
10,6,8586,1,0,666,0.42,420,0.58,1
10,7,6552,0,0,300,0.5,1700,0.5,1
10,8,10368,2,10,5,0,500,0.6,1000,0.2,1400,0.2,1
10,9,9275,0,0,300,0.5,572,0.32,486,0.18,1
10,10,10198,1,0,500,0.6,1000,0.2,1400,0.2,1
10,11,11550,1,0,500,0.6,1000,0.2,1400,0.2,1
11,0,2573,1,0,500,0.6,1000,0.2,1400,0.2,1
11,1,4030,2,10,5,0,666,0.42,420,0.58,1
11,2,5126,0,0,666,0.42,420,0.58,1
11,3,14400,2,10,5,0,500,0.6,1000,0.2,1400,0.2,1
11,4,5442,0,0,300,0.5,572,0.32,486,0.18,1
11,5,10506,0,0,666,0.42,420,0.58,1
11,6,6287,1,0,300,0.5,1700,0.5,1
11,7,2634,0,0,500,0.6,1000,0.2,1400,0.2,1
11,8,7909,2,10,5,0,300,0.5,1700,0.5,1
11,9,14124,2,10,5,0,300,0.5,572,0.32,486,0.18,1
11,10,11717,1,0,300,0.5,572,0.32,486,0.18,1
11,11,10057,2,10,5,0,300,0.5,572,0.32,486,0.18,1
