0,0,4657,2,10,5,0,500,0.6,1000,0.2,1400,0.2,1
0,1,7148,1,0,300,0.5,572,0.32,486,0.18,1
0,2,11816,2,10,5,0,300,0.5,572,0.32,486,0.18,1
0,3,2312,0,0,300,0.5,572,0.32,486,0.18,1
0,4,11299,0,0,666,0.42,420,0.58,1
0,5,10081,0,0,500,0.6,1000,0.2,1400,0.2,1
0,6,10108,2,10,5,0,300,0.5,1700,0.5,1
0,7,10359,0,0,300,0.5,1700,0.5,1
0,8,1337,1,0,500,0.6,1000,0.2,1400,0.2,1
0,9,13528,2,10,5,0,500,0.6,1000,0.2,1400,0.2,1
0,10,10270,1,0,300,0.5,572,0.32,486,0.18,1
0,11,10950,1,0,500,0.6,1000,0.2,1400,0.2,1
1,0,12630,0,0,300,0.5,572,0.32,486,0.18,1
1,1,8738,2,10,5,0,300,0.5,1700,0.5,1
1,2,8545,0,0,300,0.5,572,0.32,486,0.18,0
1,3,2040,1,0,666,0.42,420,0.58,1
1,4,12402,0,0,300,0.5,572,0.32,486,0.18,1
1,5,1886,2,10,5,0,500,0.6,1000,0.2,1400,0.2,1
1,6,4931,1,0,500,0.6,1000,0.2,1400,0.2,1
1,7,7536,2,10,5,0,300,0.5,572,0.32,486,0.18,1
1,8,14679,1,0,666,0.42,420,0.58,1
1,9,3965,0,0,300,0.5,572,0.32,486,0.18,1
1,10,11239,1,0,500,0.6,1000,0.2,1400,0.2,1
1,11,7867,1,0,300,0.5,572,0.32,486,0.18,1
2,0,7343,2,10,5,0,300,0.5,572,0.32,486,0.18,1
2,1,1160,0,0,500,0.6,1000,0.2,1400,0.2,1
2,2,1129,2,10,5,0,300,0.5,572,0.32,486,0.18,1
2,3,4993,1,0,300,0.5,572,0.32,486,0.18,1
2,4,12908,2,10,5,0,500,0.6,1000,0.2,1400,0.2,1
2,5,11808,0,0,300,0.5,572,0.32,486,0.18,1
2,6,4443,1,0,666,0.42,420,0.58,1
2,7,297,1,0,666,0.42,420,0.58,1
2,8,6353,0,0,500,0.6,1000,0.2,1400,0.2,1
2,9,14996,0,0,300,0.5,1700,0.5,1
2,10,3368,0,0,666,0.42,420,0.58,1
2,11,3320,0,0,500,0.6,1000,0.2,1400,0.2,1
3,0,4072,0,0,666,0.42,420,0.58,1
3,1,5654,1,0,300,0.5,1700,0.5,1
3,2,13763,0,0,500,0.6,1000,0.2,1400,0.2,1
3,3,11609,0,0,666,0.42,420,0.58,1
3,4,5898,0,0,500,0.6,1000,0.2,1400,0.2,1
3,5,8904,2,10,5,0,300,0.5,572,0.32,486,0.18,1
3,6,1694,1,0,300,0.5,572,0.32,486,0.18,1
3,7,13260,1,0,500,0.6,1000,0.2,1400,0.2,1
3,8,374,0,0,666,0.42,420,0.58,1
3,9,13499,0,0,300,0.5,1700,0.5,1
3,10,11912,0,0,666,0.42,420,0.58,1
3,11,996,0,0,666,0.42,420,0.58,1
4,0,3431,0,0,300,0.5,1700,0.5,1
4,1,9741,1,0,300,0.5,1700,0.5,1
4,2,13242,1,0,300,0.5,1700,0.5,1
4,3,12491,1,0,300,0.5,572,0.32,486,0.18,1
4,4,5682,1,0,300,0.5,1700,0.5,1
4,5,719,2,10,5,0,300,0.5,572,0.32,486,0.18,1
4,6,744,2,10,5,0,300,0.5,572,0.32,486,0.18,1
4,7,8936,0,0,500,0.6,1000,0.2,1400,0.2,1
4,8,13258,0,0,500,0.6,1000,0.2,1400,0.2,1
4,9,5528,2,10,5,0,300,0.5,572,0.32,486,0.18,1
4,10,12230,0,0,300,0.5,1700,0.5,1
4,11,8486,1,0,300,0.5,1700,0.5,1
5,0,8961,0,0,300,0.5,1700,0.5,1
5,1,930,0,0,666,0.42,420,0.58,1
5,2,2391,2,10,5,0,300,0.5,1700,0.5,1
5,3,14587,0,0,300,0.5,1700,0.5,1
5,4,5308,1,0,666,0.42,420,0.58,1
5,5,3366,2,10,5,0,500,0.6,1000,0.2,1400,0.2,1
5,6,10549,2,10,5,0,666,0.42,420,0.58,1
5,7,7612,0,0,300,0.5,572,0.32,486,0.18,1
5,8,12492,1,0,300,0.5,572,0.32,486,0.18,1
5,9,8043,0,0,300,0.5,572,0.32,486,0.18,1
5,10,1235,2,10,5,0,500,0.6,1000,0.2,1400,0.2,1
5,11,12910,1,0,300,0.5,572,0.32,486,0.18,1
6,0,12420,0,0,300,0.5,1700,0.5,1
6,1,10442,0,0,300,0.5,1700,0.5,1
6,2,8706,2,10,5,0,300,0.5,1700,0.5,1
6,3,12528,1,0,666,0.42,420,0.58,1
6,4,4503,1,0,500,0.6,1000,0.2,1400,0.2,1
6,5,11196,2,10,5,0,666,0.42,420,0.58,1
6,6,8403,2,10,5,0,500,0.6,1000,0.2,1400,0.2,1
6,7,633,2,10,5,0,666,0.42,420,0.58,1
6,8,6762,0,0,500,0.6,1000,0.2,1400,0.2,1
6,9,13356,2,10,5,0,666,0.42,420,0.58,1
6,10,7658,2,10,5,0,300,0.5,572,0.32,486,0.18,1
6,11,11354,1,0,300,0.5,572,0.32,486,0.18,1
7,0,8436,1,0,666,0.42,420,0.58,1
7,1,8500,2,10,5,0,300,0.5,1700,0.5,1
7,2,1577,0,0,500,0.6,1000,0.2,1400,0.2,1
7,3,1077,2,10,5,0,300,0.5,1700,0.5,1
7,4,6243,0,0,300,0.5,1700,0.5,1
7,5,13027,1,0,500,0.6,1000,0.2,1400,0.2,1
7,6,10928,1,0,300,0.5,1700,0.5,1
7,7,4843,1,0,300,0.5,1700,0.5,1
7,8,6607,0,0,300,0.5,572,0.32,486,0.18,1
7,9,5847,2,10,5,0,300,0.5,572,0.32,486,0.18,1
7,10,8746,2,10,5,0,300,0.5,1700,0.5,1
7,11,5723,0,0,500,0.6,1000,0.2,1400,0.2,1
8,0,9548,2,10,5,0,666,0.42,420,0.58,1
8,1,13220,2,10,5,0,666,0.42,420,0.58,1
8,2,345,0,0,300,0.5,1700,0.5,1
8,3,1444,0,0,300,0.5,1700,0.5,1
8,4,9837,0,0,300,0.5,572,0.32,486,0.18,1
8,5,5420,0,0,300,0.5,572,0.32,486,0.18,1
8,6,8279,2,10,5,0,666,0.42,420,0.58,1
8,7,10270,1,0,300,0.5,1700,0.5,1
8,8,1411,1,0,300,0.5,572,0.32,486,0.18,1
8,9,5377,2,10,5,0,300,0.5,1700,0.5,1
8,10,462,1,0,666,0.42,420,0.58,1
8,11,4900,0,0,666,0.42,420,0.58,1
9,0,4249,2,10,5,0,500,0.6,1000,0.2,1400,0.2,1
9,1,2937,1,0,300,0.5,572,0.32,486,0.18,1
9,2,605,0,0,300,0.5,572,0.32,486,0.18,1
9,3,2014,1,0,500,0.6,1000,0.2,1400,0.2,1
9,4,14436,0,0,300,0.5,1700,0.5,1
9,5,14214,0,0,666,0.42,420,0.58,1
9,6,12588,2,10,5,0,500,0.6,1000,0.2,1400,0.2,1
9,7,7774,2,10,5,0,300,0.5,1700,0.5,1
9,8,2267,2,10,5,0,666,0.42,420,0.58,1
9,9,14912,1,0,666,0.42,420,0.58,1
9,10,8251,1,0,300,0.5,1700,0.5,1
9,11,6872,1,0,500,0.6,1000,0.2,1400,0.2,1
10,0,8456,1,0,500,0.6,1000,0.2,1400,0.2,1
10,1,10018,0,0,666,0.42,420,0.58,1
10,2,8376,1,0,300,0.5,572,0.32,486,0.18,1
10,3,9753,2,10,5,0,500,0.6,1000,0.2,1400,0.2,1
10,4,9299,1,0,300,0.5,572,0.32,486,0.18,1
10,5,6976,0,0,300,0.5,1700,0.5,1
10,6,2494,1,0,300,0.5,1700,0.5,1
10,7,7868,2,10,5,0,500,0.6,1000,0.2,1400,0.2,1
10,8,434,1,0,300,0.5,1700,0.5,1
10,9,9841,1,0,666,0.42,420,0.58,1
10,10,8121,1,0,300,0.5,572,0.32,486,0.18,1
10,11,1717,0,0,300,0.5,572,0.32,486,0.18,1
11,0,10946,0,0,500,0.6,1000,0.2,1400,0.2,1
11,1,4420,2,10,5,0,666,0.42,420,0.58,1
11,2,88,2,10,5,0,500,0.6,1000,0.2,1400,0.2,1
11,3,1214,0,0,500,0.6,1000,0.2,1400,0.2,1
11,4,14241,2,10,5,0,300,0.5,572,0.32,486,0.18,1
11,5,14123,0,0,300,0.5,572,0.32,486,0.18,1
11,6,5573,2,10,5,0,300,0.5,572,0.32,486,0.18,1
11,7,10107,1,0,300,0.5,1700,0.5,1
11,8,4706,1,0,300,0.5,1700,0.5,1
11,9,8525,2,10,5,0,500,0.6,1000,0.2,1400,0.2,1
11,10,694,2,10,5,0,300,0.5,572,0.32,486,0.18,1
11,11,5403,0,0,300,0.5,1700,0.5,1
