0,0,11255,1,0,300,0.5,572,0.32,486,0.18,1
0,1,11716,0,0,300,0.5,1700,0.5,1
0,2,14656,2,10,5,0,300,0.5,1700,0.5,1
0,3,8901,1,0,300,0.5,572,0.32,486,0.18,1
0,4,2666,2,10,5,0,300,0.5,1700,0.5,1
0,5,7624,1,0,300,0.5,1700,0.5,1
0,6,12040,0,0,300,0.5,1700,0.5,1
0,7,12826,0,0,500,0.6,1000,0.2,1400,0.2,1
0,8,5103,2,10,5,0,300,0.5,1700,0.5,1
0,9,1216,0,0,300,0.5,572,0.32,486,0.18,1
0,10,1379,1,0,500,0.6,1000,0.2,1400,0.2,1
0,11,13712,2,10,5,0,300,0.5,572,0.32,486,0.18,1
1,0,8184,0,0,500,0.6,1000,0.2,1400,0.2,1
1,1,5124,0,0,300,0.5,1700,0.5,1
1,2,12025,2,10,5,0,500,0.6,1000,0.2,1400,0.2,0
1,3,10096,2,10,5,0,500,0.6,1000,0.2,1400,0.2,1
1,4,208,1,0,300,0.5,1700,0.5,1
1,5,243,2,10,5,0,300,0.5,1700,0.5,1
1,6,6960,2,10,5,0,300,0.5,1700,0.5,1
1,7,10847,2,10,5,0,300,0.5,1700,0.5,1
1,8,7679,1,0,666,0.42,420,0.58,1
1,9,14017,2,10,5,0,300,0.5,1700,0.5,1
1,10,12172,1,0,666,0.42,420,0.58,1
1,11,10685,2,10,5,0,300,0.5,572,0.32,486,0.18,1
2,0,3027,0,0,500,0.6,1000,0.2,1400,0.2,1
2,1,11543,2,10,5,0,300,0.5,572,0.32,486,0.18,1
2,2,14445,0,0,666,0.42,420,0.58,1
2,3,7731,0,0,666,0.42,420,0.58,1
2,4,3474,2,10,5,0,666,0.42,420,0.58,1
2,5,3723,0,0,300,0.5,572,0.32,486,0.18,1
2,6,13673,1,0,300,0.5,1700,0.5,1
2,7,6359,1,0,300,0.5,1700,0.5,1
2,8,6396,0,0,300,0.5,572,0.32,486,0.18,1
2,9,11324,0,0,300,0.5,1700,0.5,1
2,10,1912,2,10,5,0,500,0.6,1000,0.2,1400,0.2,1
2,11,7483,1,0,300,0.5,572,0.32,486,0.18,1
3,0,10831,0,0,666,0.42,420,0.58,1
3,1,6620,0,0,666,0.42,420,0.58,1
3,2,10091,1,0,500,0.6,1000,0.2,1400,0.2,1
3,3,14893,0,0,300,0.5,1700,0.5,1
3,4,1931,2,10,5,0,300,0.5,1700,0.5,1
3,5,8946,0,0,666,0.42,420,0.58,1
3,6,586,2,10,5,0,300,0.5,1700,0.5,1
3,7,7413,1,0,300,0.5,1700,0.5,1
3,8,658,0,0,300,0.5,1700,0.5,1
3,9,7523,1,0,666,0.42,420,0.58,1
3,10,6684,1,0,300,0.5,572,0.32,486,0.18,1
3,11,8282,1,0,666,0.42,420,0.58,1
4,0,6798,1,0,666,0.42,420,0.58,1
4,1,6538,2,10,5,0,300,0.5,1700,0.5,1
4,2,12378,1,0,500,0.6,1000,0.2,1400,0.2,1
4,3,4799,2,10,5,0,300,0.5,1700,0.5,1
4,4,14898,1,0,300,0.5,572,0.32,486,0.18,1
4,5,4627,2,10,5,0,500,0.6,1000,0.2,1400,0.2,1
4,6,10705,0,0,300,0.5,1700,0.5,1
4,7,895,1,0,300,0.5,572,0.32,486,0.18,1
4,8,13355,2,10,5,0,500,0.6,1000,0.2,1400,0.2,1
4,9,3357,2,10,5,0,300,0.5,1700,0.5,1
4,10,11612,1,0,300,0.5,1700,0.5,1
4,11,10786,1,0,500,0.6,1000,0.2,1400,0.2,1
5,0,6857,0,0,300,0.5,572,0.32,486,0.18,1
5,1,10758,2,10,5,0,666,0.42,420,0.58,1
5,2,6788,2,10,5,0,300,0.5,1700,0.5,1
5,3,7126,1,0,666,0.42,420,0.58,1
5,4,7114,0,0,666,0.42,420,0.58,1
5,5,5045,2,10,5,0,300,0.5,1700,0.5,1
5,6,5771,2,10,5,0,300,0.5,572,0.32,486,0.18,1
5,7,7244,1,0,666,0.42,420,0.58,1
5,8,3643,0,0,300,0.5,572,0.32,486,0.18,1
5,9,11150,2,10,5,0,300,0.5,572,0.32,486,0.18,1
5,10,14260,0,0,300,0.5,572,0.32,486,0.18,1
5,11,2323,0,0,500,0.6,1000,0.2,1400,0.2,1
6,0,10600,0,0,300,0.5,572,0.32,486,0.18,1
6,1,11790,2,10,5,0,500,0.6,1000,0.2,1400,0.2,1
6,2,13053,0,0,300,0.5,1700,0.5,1
6,3,4126,0,0,300,0.5,1700,0.5,1
6,4,10106,2,10,5,0,300,0.5,1700,0.5,1
6,5,1029,0,0,666,0.42,420,0.58,1
6,6,4358,1,0,666,0.42,420,0.58,1
6,7,10593,1,0,300,0.5,572,0.32,486,0.18,1
6,8,6618,2,10,5,0,300,0.5,572,0.32,486,0.18,1
6,9,881,1,0,300,0.5,1700,0.5,1
6,10,4471,2,10,5,0,300,0.5,1700,0.5,1
6,11,14494,0,0,300,0.5,1700,0.5,1
7,0,654,1,0,300,0.5,1700,0.5,1
7,1,11865,2,10,5,0,300,0.5,1700,0.5,1
7,2,12986,0,0,666,0.42,420,0.58,1
7,3,13514,1,0,666,0.42,420,0.58,1
7,4,9084,1,0,300,0.5,572,0.32,486,0.18,1
7,5,7491,0,0,300,0.5,1700,0.5,1
7,6,3172,0,0,500,0.6,1000,0.2,1400,0.2,1
7,7,3565,2,10,5,0,500,0.6,1000,0.2,1400,0.2,1
7,8,12063,2,10,5,0,300,0.5,572,0.32,486,0.18,1
7,9,13806,0,0,500,0.6,1000,0.2,1400,0.2,1
7,10,10325,1,0,300,0.5,1700,0.5,1
7,11,7953,1,0,300,0.5,1700,0.5,1
8,0,13276,2,10,5,0,666,0.42,420,0.58,1
8,1,7408,1,0,666,0.42,420,0.58,1
8,2,13056,1,0,300,0.5,1700,0.5,1
8,3,144,2,10,5,0,666,0.42,420,0.58,1
8,4,11929,1,0,300,0.5,572,0.32,486,0.18,1
8,5,5331,2,10,5,0,300,0.5,572,0.32,486,0.18,1
8,6,3394,0,0,300,0.5,1700,0.5,1
8,7,91,2,10,5,0,500,0.6,1000,0.2,1400,0.2,1
8,8,5077,1,0,666,0.42,420,0.58,1
8,9,11986,2,10,5,0,300,0.5,1700,0.5,1
8,10,7165,2,10,5,0,500,0.6,1000,0.2,1400,0.2,1
8,11,12626,1,0,300,0.5,572,0.32,486,0.18,1
9,0,10861,2,10,5,0,300,0.5,572,0.32,486,0.18,1
9,1,10257,2,10,5,0,300,0.5,1700,0.5,1
9,2,412,1,0,666,0.42,420,0.58,1
9,3,12638,0,0,666,0.42,420,0.58,1
9,4,7409,0,0,500,0.6,1000,0.2,1400,0.2,1
9,5,13441,0,0,666,0.42,420,0.58,1
9,6,7688,0,0,500,0.6,1000,0.2,1400,0.2,1
9,7,11905,1,0,500,0.6,1000,0.2,1400,0.2,1
9,8,14305,1,0,300,0.5,1700,0.5,1
9,9,13899,2,10,5,0,300,0.5,572,0.32,486,0.18,1
9,10,4738,0,0,500,0.6,1000,0.2,1400,0.2,1
9,11,4331,1,0,500,0.6,1000,0.2,1400,0.2,1
10,0,832,0,0,300,0.5,572,0.32,486,0.18,1
10,1,14243,2,10,5,0,300,0.5,572,0.32,486,0.18,1
10,2,12230,2,10,5,0,500,0.6,1000,0.2,1400,0.2,1
10,3,4598,2,10,5,0,300,0.5,1700,0.5,1
10,4,9393,1,0,500,0.6,1000,0.2,1400,0.2,1
10,5,2928,1,0,300,0.5,572,0.32,486,0.18,1
10,6,280,2,10,5,0,300,0.5,572,0.32,486,0.18,1
10,7,4159,0,0,666,0.42,420,0.58,1
10,8,8964,1,0,500,0.6,1000,0.2,1400,0.2,1
10,9,2632,0,0,300,0.5,572,0.32,486,0.18,1
10,10,14679,0,0,500,0.6,1000,0.2,1400,0.2,1
10,11,6744,2,10,5,0,666,0.42,420,0.58,1
11,0,14893,1,0,666,0.42,420,0.58,1
11,1,5314,1,0,300,0.5,1700,0.5,1
11,2,11565,0,0,500,0.6,1000,0.2,1400,0.2,1
11,3,5066,0,0,666,0.42,420,0.58,1
11,4,6701,1,0,500,0.6,1000,0.2,1400,0.2,1
11,5,12719,2,10,5,0,666,0.42,420,0.58,1
11,6,1468,2,10,5,0,300,0.5,1700,0.5,1
11,7,4912,1,0,300,0.5,572,0.32,486,0.18,1
11,8,11641,0,0,500,0.6,1000,0.2,1400,0.2,1
11,9,8837,2,10,5,0,300,0.5,1700,0.5,1
11,10,9112,1,0,666,0.42,420,0.58,1
11,11,10445,0,0,500,0.6,1000,0.2,1400,0.2,1
