0,0,14219,1,0,500,0.6,1000,0.2,1400,0.2,1
0,1,7446,0,0,300,0.5,1700,0.5,1
0,2,2336,1,0,666,0.42,420,0.58,1
0,3,14267,1,0,300,0.5,572,0.32,486,0.18,1
0,4,8826,1,0,500,0.6,1000,0.2,1400,0.2,1
0,5,6045,1,0,500,0.6,1000,0.2,1400,0.2,1
0,6,14568,0,0,500,0.6,1000,0.2,1400,0.2,1
0,7,1954,2,10,5,0,300,0.5,572,0.32,486,0.18,1
0,8,6856,0,0,666,0.42,420,0.58,1
0,9,10069,1,0,300,0.5,572,0.32,486,0.18,1
0,10,8023,0,0,300,0.5,572,0.32,486,0.18,1
0,11,4824,1,0,300,0.5,1700,0.5,1
1,0,9658,0,0,300,0.5,1700,0.5,1
1,1,977,0,0,300,0.5,572,0.32,486,0.18,1
1,2,4023,1,0,666,0.42,420,0.58,0
1,3,14745,2,10,5,0,300,0.5,1700,0.5,1
1,4,13386,0,0,500,0.6,1000,0.2,1400,0.2,1
1,5,13798,0,0,300,0.5,572,0.32,486,0.18,1
1,6,11778,1,0,300,0.5,572,0.32,486,0.18,1
1,7,10887,0,0,300,0.5,572,0.32,486,0.18,1
1,8,11821,2,10,5,0,300,0.5,1700,0.5,1
1,9,1155,0,0,300,0.5,572,0.32,486,0.18,1
1,10,2353,2,10,5,0,666,0.42,420,0.58,1
1,11,8232,2,10,5,0,300,0.5,572,0.32,486,0.18,1
2,0,6115,1,0,300,0.5,1700,0.5,1
2,1,2388,2,10,5,0,666,0.42,420,0.58,1
2,2,95,1,0,300,0.5,572,0.32,486,0.18,1
2,3,14588,0,0,300,0.5,1700,0.5,1
2,4,3865,1,0,300,0.5,572,0.32,486,0.18,1
2,5,5847,2,10,5,0,666,0.42,420,0.58,1
2,6,4205,1,0,666,0.42,420,0.58,1
2,7,10016,1,0,500,0.6,1000,0.2,1400,0.2,1
2,8,9922,0,0,666,0.42,420,0.58,1
2,9,2561,1,0,300,0.5,572,0.32,486,0.18,1
2,10,5595,2,10,5,0,300,0.5,572,0.32,486,0.18,1
2,11,7336,0,0,300,0.5,572,0.32,486,0.18,1
3,0,7845,0,0,666,0.42,420,0.58,1
3,1,7901,0,0,500,0.6,1000,0.2,1400,0.2,1
3,2,7116,1,0,500,0.6,1000,0.2,1400,0.2,1
3,3,10435,1,0,500,0.6,1000,0.2,1400,0.2,1
3,4,7829,1,0,666,0.42,420,0.58,1
3,5,523,2,10,5,0,500,0.6,1000,0.2,1400,0.2,1
3,6,9167,0,0,666,0.42,420,0.58,1
3,7,11744,0,0,500,0.6,1000,0.2,1400,0.2,1
3,8,10533,2,10,5,0,500,0.6,1000,0.2,1400,0.2,1
3,9,7623,2,10,5,0,300,0.5,1700,0.5,1
3,10,10470,1,0,666,0.42,420,0.58,1
3,11,13907,0,0,300,0.5,572,0.32,486,0.18,1
4,0,9201,1,0,500,0.6,1000,0.2,1400,0.2,1
4,1,10414,2,10,5,0,666,0.42,420,0.58,1
4,2,8080,2,10,5,0,666,0.42,420,0.58,1
4,3,10992,0,0,500,0.6,1000,0.2,1400,0.2,1
4,4,13831,0,0,666,0.42,420,0.58,1
4,5,2048,0,0,300,0.5,1700,0.5,1
4,6,822,0,0,300,0.5,1700,0.5,1
4,7,12091,0,0,300,0.5,572,0.32,486,0.18,1
4,8,10042,0,0,666,0.42,420,0.58,1
4,9,1497,1,0,500,0.6,1000,0.2,1400,0.2,1
4,10,5782,0,0,300,0.5,572,0.32,486,0.18,1
4,11,11212,0,0,300,0.5,572,0.32,486,0.18,1
5,0,8837,2,10,5,0,666,0.42,420,0.58,1
5,1,11808,0,0,300,0.5,1700,0.5,1
5,2,518,2,10,5,0,300,0.5,1700,0.5,1
5,3,13430,1,0,300,0.5,1700,0.5,1
5,4,3305,0,0,666,0.42,420,0.58,1
5,5,6596,1,0,500,0.6,1000,0.2,1400,0.2,1
5,6,10157,1,0,500,0.6,1000,0.2,1400,0.2,1
5,7,10339,0,0,300,0.5,1700,0.5,1
5,8,4992,2,10,5,0,300,0.5,1700,0.5,1
5,9,2346,1,0,300,0.5,1700,0.5,1
5,10,836,0,0,300,0.5,572,0.32,486,0.18,1
5,11,13452,0,0,666,0.42,420,0.58,1
6,0,4546,0,0,300,0.5,572,0.32,486,0.18,1
6,1,8306,0,0,300,0.5,1700,0.5,1
6,2,817,1,0,666,0.42,420,0.58,1
6,3,462,2,10,5,0,300,0.5,1700,0.5,1
6,4,11987,0,0,300,0.5,572,0.32,486,0.18,1
6,5,3339,1,0,300,0.5,572,0.32,486,0.18,1
6,6,867,0,0,500,0.6,1000,0.2,1400,0.2,1
6,7,7393,1,0,300,0.5,1700,0.5,1
6,8,12598,0,0,666,0.42,420,0.58,1
6,9,2519,0,0,300,0.5,1700,0.5,1
6,10,1422,1,0,300,0.5,572,0.32,486,0.18,1
6,11,11041,2,10,5,0,666,0.42,420,0.58,1
7,0,14592,0,0,500,0.6,1000,0.2,1400,0.2,1
7,1,7604,2,10,5,0,300,0.5,572,0.32,486,0.18,1
7,2,6822,2,10,5,0,300,0.5,572,0.32,486,0.18,1
7,3,14397,1,0,300,0.5,1700,0.5,1
7,4,3345,1,0,300,0.5,1700,0.5,1
7,5,12890,2,10,5,0,666,0.42,420,0.58,1
7,6,3402,2,10,5,0,500,0.6,1000,0.2,1400,0.2,1
7,7,13378,2,10,5,0,666,0.42,420,0.58,1
7,8,3960,0,0,666,0.42,420,0.58,1
7,9,7081,1,0,300,0.5,572,0.32,486,0.18,1
7,10,4043,0,0,666,0.42,420,0.58,1
7,11,14094,1,0,300,0.5,572,0.32,486,0.18,1
8,0,6689,2,10,5,0,300,0.5,1700,0.5,1
8,1,12628,0,0,300,0.5,572,0.32,486,0.18,1
8,2,1910,0,0,666,0.42,420,0.58,1
8,3,7838,1,0,666,0.42,420,0.58,1
8,4,5123,2,10,5,0,300,0.5,572,0.32,486,0.18,1
8,5,8828,2,10,5,0,666,0.42,420,0.58,1
8,6,14409,0,0,666,0.42,420,0.58,1
8,7,3679,2,10,5,0,300,0.5,572,0.32,486,0.18,1
8,8,4604,1,0,500,0.6,1000,0.2,1400,0.2,1
8,9,4766,2,10,5,0,300,0.5,1700,0.5,1
8,10,1479,0,0,300,0.5,572,0.32,486,0.18,1
8,11,10535,2,10,5,0,666,0.42,420,0.58,1
9,0,2594,1,0,666,0.42,420,0.58,1
9,1,12115,2,10,5,0,500,0.6,1000,0.2,1400,0.2,1
9,2,9226,0,0,300,0.5,572,0.32,486,0.18,1
9,3,13137,1,0,500,0.6,1000,0.2,1400,0.2,1
9,4,2259,2,10,5,0,300,0.5,572,0.32,486,0.18,1
9,5,14755,0,0,300,0.5,572,0.32,486,0.18,1
9,6,1380,1,0,300,0.5,1700,0.5,1
9,7,6539,2,10,5,0,300,0.5,572,0.32,486,0.18,1
9,8,7413,2,10,5,0,666,0.42,420,0.58,1
9,9,3400,0,0,300,0.5,572,0.32,486,0.18,1
9,10,14553,0,0,300,0.5,572,0.32,486,0.18,1
9,11,9886,2,10,5,0,300,0.5,572,0.32,486,0.18,1
10,0,12184,1,0,300,0.5,572,0.32,486,0.18,1
10,1,6521,2,10,5,0,666,0.42,420,0.58,1
10,2,5822,2,10,5,0,666,0.42,420,0.58,1
10,3,9046,0,0,500,0.6,1000,0.2,1400,0.2,1
10,4,10191,1,0,666,0.42,420,0.58,1
10,5,11817,0,0,300,0.5,1700,0.5,1
10,6,925,2,10,5,0,500,0.6,1000,0.2,1400,0.2,1
10,7,5913,2,10,5,0,300,0.5,1700,0.5,1
10,8,7662,1,0,300,0.5,572,0.32,486,0.18,1
10,9,14410,1,0,300,0.5,572,0.32,486,0.18,1
10,10,3091,2,10,5,0,666,0.42,420,0.58,1
10,11,12889,1,0,666,0.42,420,0.58,1
11,0,1342,2,10,5,0,500,0.6,1000,0.2,1400,0.2,1
11,1,4997,0,0,300,0.5,572,0.32,486,0.18,1
11,2,5320,2,10,5,0,500,0.6,1000,0.2,1400,0.2,1
11,3,12655,0,0,500,0.6,1000,0.2,1400,0.2,1
11,4,3693,1,0,666,0.42,420,0.58,1
11,5,6588,0,0,500,0.6,1000,0.2,1400,0.2,1
11,6,12568,0,0,666,0.42,420,0.58,1
11,7,10633,1,0,300,0.5,572,0.32,486,0.18,1
11,8,13737,0,0,500,0.6,1000,0.2,1400,0.2,1
11,9,9095,2,10,5,0,300,0.5,572,0.32,486,0.18,1
11,10,10125,0,0,666,0.42,420,0.58,1
11,11,10656,1,0,666,0.42,420,0.58,1
