0,0,1689,2,10,5,0,500,0.6,1000,0.2,1400,0.2,1
0,1,794,0,0,666,0.42,420,0.58,1
0,2,5778,2,10,5,0,500,0.6,1000,0.2,1400,0.2,1
0,3,10282,2,10,5,0,300,0.5,1700,0.5,1
0,4,10972,0,0,300,0.5,1700,0.5,1
0,5,8351,2,10,5,0,300,0.5,1700,0.5,1
0,6,12635,2,10,5,0,500,0.6,1000,0.2,1400,0.2,1
0,7,8310,2,10,5,0,500,0.6,1000,0.2,1400,0.2,1
0,8,11959,0,0,300,0.5,1700,0.5,1
0,9,1849,0,0,300,0.5,572,0.32,486,0.18,1
0,10,11147,2,10,5,0,500,0.6,1000,0.2,1400,0.2,1
0,11,9586,0,0,500,0.6,1000,0.2,1400,0.2,1
1,0,14595,0,0,300,0.5,1700,0.5,1
1,1,12787,1,0,666,0.42,420,0.58,1
1,2,2875,2,10,5,0,666,0.42,420,0.58,0
1,3,5864,1,0,300,0.5,1700,0.5,1
1,4,4463,2,10,5,0,666,0.42,420,0.58,1
1,5,12809,1,0,300,0.5,572,0.32,486,0.18,1
1,6,3392,1,0,666,0.42,420,0.58,1
1,7,1792,2,10,5,0,666,0.42,420,0.58,1
1,8,11952,0,0,300,0.5,572,0.32,486,0.18,1
1,9,9810,0,0,300,0.5,572,0.32,486,0.18,1
1,10,7391,1,0,666,0.42,420,0.58,1
1,11,2510,1,0,500,0.6,1000,0.2,1400,0.2,1
2,0,424,0,0,500,0.6,1000,0.2,1400,0.2,1
2,1,3439,2,10,5,0,500,0.6,1000,0.2,1400,0.2,1
2,2,5088,0,0,666,0.42,420,0.58,1
2,3,9012,2,10,5,0,300,0.5,1700,0.5,1
2,4,7118,1,0,300,0.5,1700,0.5,1
2,5,4604,1,0,666,0.42,420,0.58,1
2,6,12755,1,0,666,0.42,420,0.58,1
2,7,5439,0,0,300,0.5,572,0.32,486,0.18,1
2,8,11130,1,0,300,0.5,1700,0.5,1
2,9,6309,0,0,500,0.6,1000,0.2,1400,0.2,1
2,10,8096,0,0,500,0.6,1000,0.2,1400,0.2,1
2,11,2566,0,0,500,0.6,1000,0.2,1400,0.2,1
3,0,6604,2,10,5,0,500,0.6,1000,0.2,1400,0.2,1
3,1,13797,2,10,5,0,500,0.6,1000,0.2,1400,0.2,1
3,2,13161,2,10,5,0,300,0.5,572,0.32,486,0.18,1
3,3,5068,0,0,300,0.5,1700,0.5,1
3,4,11173,1,0,500,0.6,1000,0.2,1400,0.2,1
3,5,4691,0,0,300,0.5,1700,0.5,1
3,6,3397,1,0,300,0.5,1700,0.5,1
3,7,13638,0,0,300,0.5,1700,0.5,1
3,8,8543,1,0,500,0.6,1000,0.2,1400,0.2,1
3,9,9501,1,0,300,0.5,572,0.32,486,0.18,1
3,10,8122,1,0,300,0.5,572,0.32,486,0.18,1
3,11,13072,0,0,500,0.6,1000,0.2,1400,0.2,1
4,0,12407,1,0,500,0.6,1000,0.2,1400,0.2,1
4,1,11583,0,0,666,0.42,420,0.58,1
4,2,10199,2,10,5,0,300,0.5,572,0.32,486,0.18,1
4,3,7270,2,10,5,0,500,0.6,1000,0.2,1400,0.2,1
4,4,7901,1,0,666,0.42,420,0.58,1
4,5,12089,2,10,5,0,500,0.6,1000,0.2,1400,0.2,1
4,6,5716,0,0,300,0.5,572,0.32,486,0.18,1
4,7,10457,1,0,300,0.5,1700,0.5,1
4,8,12898,1,0,300,0.5,572,0.32,486,0.18,1
4,9,7078,1,0,500,0.6,1000,0.2,1400,0.2,1
4,10,10182,1,0,500,0.6,1000,0.2,1400,0.2,1
4,11,10546,1,0,300,0.5,572,0.32,486,0.18,1
5,0,13842,1,0,300,0.5,572,0.32,486,0.18,1
5,1,10913,2,10,5,0,300,0.5,572,0.32,486,0.18,1
5,2,8245,1,0,500,0.6,1000,0.2,1400,0.2,1
5,3,2919,2,10,5,0,666,0.42,420,0.58,1
5,4,6824,2,10,5,0,500,0.6,1000,0.2,1400,0.2,1
5,5,5056,1,0,300,0.5,572,0.32,486,0.18,1
5,6,2512,1,0,300,0.5,1700,0.5,1
5,7,13042,1,0,500,0.6,1000,0.2,1400,0.2,1
5,8,39,1,0,500,0.6,1000,0.2,1400,0.2,1
5,9,5575,2,10,5,0,500,0.6,1000,0.2,1400,0.2,1
5,10,8348,0,0,300,0.5,572,0.32,486,0.18,1
5,11,3837,0,0,666,0.42,420,0.58,1
6,0,8704,2,10,5,0,666,0.42,420,0.58,1
6,1,12533,2,10,5,0,300,0.5,1700,0.5,1
6,2,4401,0,0,500,0.6,1000,0.2,1400,0.2,1
6,3,7697,1,0,300,0.5,1700,0.5,1
6,4,1210,0,0,300,0.5,572,0.32,486,0.18,1
6,5,7121,2,10,5,0,500,0.6,1000,0.2,1400,0.2,1
6,6,3186,0,0,500,0.6,1000,0.2,1400,0.2,1
6,7,4060,0,0,300,0.5,1700,0.5,1
6,8,13144,2,10,5,0,300,0.5,572,0.32,486,0.18,1
6,9,209,0,0,300,0.5,572,0.32,486,0.18,1
6,10,6578,1,0,300,0.5,1700,0.5,1
6,11,11690,1,0,500,0.6,1000,0.2,1400,0.2,1
7,0,10322,2,10,5,0,500,0.6,1000,0.2,1400,0.2,1
7,1,12077,2,10,5,0,300,0.5,572,0.32,486,0.18,1
7,2,7905,2,10,5,0,300,0.5,1700,0.5,1
7,3,11924,1,0,300,0.5,1700,0.5,1
7,4,14805,1,0,300,0.5,1700,0.5,1
7,5,650,0,0,666,0.42,420,0.58,1
7,6,14953,0,0,300,0.5,572,0.32,486,0.18,1
7,7,8138,2,10,5,0,500,0.6,1000,0.2,1400,0.2,1
7,8,3167,0,0,500,0.6,1000,0.2,1400,0.2,1
7,9,1321,0,0,666,0.42,420,0.58,1
7,10,5383,0,0,500,0.6,1000,0.2,1400,0.2,1
7,11,10780,0,0,300,0.5,572,0.32,486,0.18,1
8,0,13751,1,0,666,0.42,420,0.58,1
8,1,14845,1,0,300,0.5,572,0.32,486,0.18,1
8,2,11679,1,0,500,0.6,1000,0.2,1400,0.2,1
8,3,14290,2,10,5,0,666,0.42,420,0.58,1
8,4,14755,2,10,5,0,300,0.5,1700,0.5,1
8,5,10975,1,0,666,0.42,420,0.58,1
8,6,7460,0,0,300,0.5,572,0.32,486,0.18,1
8,7,2712,0,0,666,0.42,420,0.58,1
8,8,1702,0,0,300,0.5,572,0.32,486,0.18,1
8,9,11101,1,0,500,0.6,1000,0.2,1400,0.2,1
8,10,5082,0,0,300,0.5,572,0.32,486,0.18,1
8,11,12520,1,0,300,0.5,1700,0.5,1
9,0,10760,1,0,666,0.42,420,0.58,1
9,1,7338,2,10,5,0,300,0.5,1700,0.5,1
9,2,11992,2,10,5,0,300,0.5,572,0.32,486,0.18,1
9,3,12099,1,0,300,0.5,1700,0.5,1
9,4,8895,0,0,300,0.5,572,0.32,486,0.18,1
9,5,12166,1,0,666,0.42,420,0.58,1
9,6,3623,0,0,666,0.42,420,0.58,1
9,7,14594,2,10,5,0,500,0.6,1000,0.2,1400,0.2,1
9,8,3014,1,0,500,0.6,1000,0.2,1400,0.2,1
9,9,11924,1,0,666,0.42,420,0.58,1
9,10,6254,1,0,500,0.6,1000,0.2,1400,0.2,1
9,11,10897,1,0,300,0.5,572,0.32,486,0.18,1
10,0,766,2,10,5,0,300,0.5,1700,0.5,1
10,1,3758,1,0,300,0.5,572,0.32,486,0.18,1
10,2,10610,2,10,5,0,300,0.5,572,0.32,486,0.18,1
10,3,9929,1,0,666,0.42,420,0.58,1
10,4,10609,2,10,5,0,500,0.6,1000,0.2,1400,0.2,1
10,5,5992,2,10,5,0,300,0.5,572,0.32,486,0.18,1
10,6,3499,1,0,500,0.6,1000,0.2,1400,0.2,1
10,7,5621,1,0,666,0.42,420,0.58,1
10,8,14396,1,0,666,0.42,420,0.58,1
10,9,9095,0,0,666,0.42,420,0.58,1
10,10,10922,0,0,300,0.5,1700,0.5,1
10,11,2452,2,10,5,0,300,0.5,1700,0.5,1
11,0,9724,0,0,300,0.5,1700,0.5,1
11,1,13550,1,0,666,0.42,420,0.58,1
11,2,2680,2,10,5,0,300,0.5,572,0.32,486,0.18,1
11,3,9299,1,0,666,0.42,420,0.58,1
11,4,7454,0,0,300,0.5,1700,0.5,1
11,5,409,2,10,5,0,300,0.5,572,0.32,486,0.18,1
11,6,11648,1,0,500,0.6,1000,0.2,1400,0.2,1
11,7,8828,1,0,300,0.5,1700,0.5,1
11,8,9956,2,10,5,0,300,0.5,572,0.32,486,0.18,1
11,9,5917,1,0,300,0.5,1700,0.5,1
11,10,13004,0,0,300,0.5,572,0.32,486,0.18,1
11,11,13776,1,0,300,0.5,1700,0.5,1
