0,0,6607,1,0,300,0.5,572,0.32,486,0.18,1
0,1,10337,2,10,5,0,300,0.5,572,0.32,486,0.18,1
0,2,6544,1,0,300,0.5,1700,0.5,1
0,3,7022,0,0,666,0.42,420,0.58,1
0,4,9468,2,10,5,0,500,0.6,1000,0.2,1400,0.2,1
0,5,10559,1,0,300,0.5,1700,0.5,1
0,6,9434,2,10,5,0,666,0.42,420,0.58,1
0,7,12886,2,10,5,0,300,0.5,1700,0.5,1
0,8,12620,0,0,300,0.5,1700,0.5,1
0,9,4706,2,10,5,0,300,0.5,1700,0.5,1
0,10,14160,2,10,5,0,666,0.42,420,0.58,1
0,11,7627,0,0,300,0.5,1700,0.5,1
1,0,8239,1,0,300,0.5,572,0.32,486,0.18,1
1,1,13616,2,10,5,0,666,0.42,420,0.58,1
1,2,4012,1,0,300,0.5,1700,0.5,0
1,3,13970,0,0,500,0.6,1000,0.2,1400,0.2,1
1,4,7409,1,0,300,0.5,572,0.32,486,0.18,1
1,5,99,1,0,300,0.5,572,0.32,486,0.18,1
1,6,12123,1,0,500,0.6,1000,0.2,1400,0.2,1
1,7,3350,2,10,5,0,300,0.5,1700,0.5,1
1,8,11022,0,0,300,0.5,572,0.32,486,0.18,1
1,9,3945,2,10,5,0,300,0.5,1700,0.5,1
1,10,6641,0,0,666,0.42,420,0.58,1
1,11,5854,2,10,5,0,300,0.5,572,0.32,486,0.18,1
2,0,7110,0,0,300,0.5,572,0.32,486,0.18,1
2,1,3363,2,10,5,0,500,0.6,1000,0.2,1400,0.2,1
2,2,8520,0,0,300,0.5,1700,0.5,1
2,3,4674,1,0,500,0.6,1000,0.2,1400,0.2,1
2,4,5391,2,10,5,0,300,0.5,572,0.32,486,0.18,1
2,5,5797,1,0,500,0.6,1000,0.2,1400,0.2,1
2,6,1556,0,0,300,0.5,1700,0.5,1
2,7,5244,1,0,500,0.6,1000,0.2,1400,0.2,1
2,8,3374,2,10,5,0,500,0.6,1000,0.2,1400,0.2,1
2,9,6429,1,0,300,0.5,1700,0.5,1
2,10,9148,1,0,666,0.42,420,0.58,1
2,11,11096,2,10,5,0,300,0.5,572,0.32,486,0.18,1
3,0,3589,1,0,666,0.42,420,0.58,1
3,1,8772,0,0,300,0.5,572,0.32,486,0.18,1
3,2,14898,0,0,300,0.5,572,0.32,486,0.18,1
3,3,8766,1,0,666,0.42,420,0.58,1
3,4,10687,2,10,5,0,500,0.6,1000,0.2,1400,0.2,1
3,5,5513,1,0,300,0.5,572,0.32,486,0.18,1
3,6,4167,2,10,5,0,666,0.42,420,0.58,1
3,7,197,1,0,666,0.42,420,0.58,1
3,8,11352,1,0,500,0.6,1000,0.2,1400,0.2,1
3,9,12448,0,0,666,0.42,420,0.58,1
3,10,12179,2,10,5,0,300,0.5,572,0.32,486,0.18,1
3,11,4617,2,10,5,0,300,0.5,1700,0.5,1
4,0,7505,1,0,300,0.5,572,0.32,486,0.18,1
4,1,7267,2,10,5,0,300,0.5,572,0.32,486,0.18,1
4,2,13163,0,0,666,0.42,420,0.58,1
4,3,4447,2,10,5,0,500,0.6,1000,0.2,1400,0.2,1
4,4,4978,2,10,5,0,300,0.5,572,0.32,486,0.18,1
4,5,8465,2,10,5,0,666,0.42,420,0.58,1
4,6,7068,1,0,300,0.5,572,0.32,486,0.18,1
4,7,8873,1,0,666,0.42,420,0.58,1
4,8,3042,1,0,500,0.6,1000,0.2,1400,0.2,1
4,9,14734,2,10,5,0,666,0.42,420,0.58,1
4,10,10894,1,0,500,0.6,1000,0.2,1400,0.2,1
4,11,9929,2,10,5,0,666,0.42,420,0.58,1
5,0,5487,0,0,300,0.5,572,0.32,486,0.18,1
5,1,13685,0,0,300,0.5,572,0.32,486,0.18,1
5,2,11080,1,0,300,0.5,1700,0.5,1
5,3,3458,1,0,666,0.42,420,0.58,1
5,4,5810,2,10,5,0,300,0.5,572,0.32,486,0.18,1
5,5,7465,0,0,500,0.6,1000,0.2,1400,0.2,1
5,6,14399,1,0,500,0.6,1000,0.2,1400,0.2,1
5,7,9352,1,0,300,0.5,1700,0.5,1
5,8,9643,2,10,5,0,666,0.42,420,0.58,1
5,9,11425,1,0,666,0.42,420,0.58,1
5,10,1823,0,0,300,0.5,1700,0.5,1
5,11,6158,0,0,500,0.6,1000,0.2,1400,0.2,1
6,0,10458,1,0,666,0.42,420,0.58,1
6,1,11515,1,0,500,0.6,1000,0.2,1400,0.2,1
6,2,8217,0,0,300,0.5,572,0.32,486,0.18,1
6,3,6893,0,0,666,0.42,420,0.58,1
6,4,7756,1,0,666,0.42,420,0.58,1
6,5,9964,1,0,300,0.5,572,0.32,486,0.18,1
6,6,234,2,10,5,0,666,0.42,420,0.58,1
6,7,12875,1,0,300,0.5,1700,0.5,1
6,8,7902,1,0,666,0.42,420,0.58,1
6,9,5691,2,10,5,0,300,0.5,1700,0.5,1
6,10,5638,2,10,5,0,666,0.42,420,0.58,1
6,11,8333,0,0,300,0.5,1700,0.5,1
7,0,8278,2,10,5,0,500,0.6,1000,0.2,1400,0.2,1
7,1,9037,1,0,300,0.5,1700,0.5,1
7,2,11751,1,0,300,0.5,1700,0.5,1
7,3,534,1,0,500,0.6,1000,0.2,1400,0.2,1
7,4,11739,2,10,5,0,500,0.6,1000,0.2,1400,0.2,1
7,5,6011,0,0,666,0.42,420,0.58,1
7,6,6458,1,0,300,0.5,572,0.32,486,0.18,1
7,7,7356,0,0,300,0.5,572,0.32,486,0.18,1
7,8,3015,1,0,666,0.42,420,0.58,1
7,9,1709,1,0,666,0.42,420,0.58,1
7,10,8570,2,10,5,0,666,0.42,420,0.58,1
7,11,8320,1,0,666,0.42,420,0.58,1
8,0,14399,2,10,5,0,666,0.42,420,0.58,1
8,1,10186,2,10,5,0,300,0.5,1700,0.5,1
8,2,157,1,0,500,0.6,1000,0.2,1400,0.2,1
8,3,1734,1,0,500,0.6,1000,0.2,1400,0.2,1
8,4,14319,2,10,5,0,300,0.5,572,0.32,486,0.18,1
8,5,2011,2,10,5,0,300,0.5,1700,0.5,1
8,6,12208,2,10,5,0,500,0.6,1000,0.2,1400,0.2,1
8,7,13032,2,10,5,0,300,0.5,572,0.32,486,0.18,1
8,8,5634,0,0,666,0.42,420,0.58,1
8,9,4585,2,10,5,0,666,0.42,420,0.58,1
8,10,10357,1,0,500,0.6,1000,0.2,1400,0.2,1
8,11,8446,0,0,300,0.5,1700,0.5,1
9,0,634,2,10,5,0,666,0.42,420,0.58,1
9,1,8288,2,10,5,0,666,0.42,420,0.58,1
9,2,2585,0,0,666,0.42,420,0.58,1
9,3,1437,2,10,5,0,300,0.5,1700,0.5,1
9,4,13738,1,0,666,0.42,420,0.58,1
9,5,10824,1,0,500,0.6,1000,0.2,1400,0.2,1
9,6,9951,2,10,5,0,300,0.5,1700,0.5,1
9,7,4157,2,10,5,0,666,0.42,420,0.58,1
9,8,1917,0,0,300,0.5,572,0.32,486,0.18,1
9,9,10310,1,0,500,0.6,1000,0.2,1400,0.2,1
9,10,10829,0,0,500,0.6,1000,0.2,1400,0.2,1
9,11,7933,1,0,666,0.42,420,0.58,1
10,0,11094,2,10,5,0,300,0.5,572,0.32,486,0.18,1
10,1,14598,1,0,300,0.5,572,0.32,486,0.18,1
10,2,2252,0,0,500,0.6,1000,0.2,1400,0.2,1
10,3,2955,1,0,666,0.42,420,0.58,1
10,4,354,2,10,5,0,666,0.42,420,0.58,1
10,5,14980,0,0,300,0.5,572,0.32,486,0.18,1
10,6,13164,1,0,300,0.5,572,0.32,486,0.18,1
10,7,10704,2,10,5,0,300,0.5,1700,0.5,1
10,8,3503,0,0,300,0.5,1700,0.5,1
10,9,5711,0,0,300,0.5,1700,0.5,1
10,10,7380,1,0,666,0.42,420,0.58,1
10,11,12583,1,0,500,0.6,1000,0.2,1400,0.2,1
11,0,12153,0,0,666,0.42,420,0.58,1
11,1,4347,1,0,500,0.6,1000,0.2,1400,0.2,1
11,2,8809,0,0,300,0.5,572,0.32,486,0.18,1
11,3,5154,1,0,666,0.42,420,0.58,1
11,4,2178,1,0,300,0.5,1700,0.5,1
11,5,3561,2,10,5,0,666,0.42,420,0.58,1
11,6,2830,0,0,666,0.42,420,0.58,1
11,7,4446,0,0,500,0.6,1000,0.2,1400,0.2,1
11,8,13328,2,10,5,0,300,0.5,1700,0.5,1
11,9,5619,2,10,5,0,300,0.5,1700,0.5,1
11,10,2857,1,0,300,0.5,572,0.32,486,0.18,1
11,11,11567,1,0,666,0.42,420,0.58,1
