0,0,114,1,0,666,0.42,420,0.58,1
0,1,40,0,0,300,0.5,1700,0.5,1
0,2,5890,1,0,300,0.5,1700,0.5,1
0,3,484,2,10,5,0,300,0.5,1700,0.5,1
0,4,14595,1,0,300,0.5,572,0.32,486,0.18,1
0,5,3969,0,0,666,0.42,420,0.58,1
0,6,6991,0,0,300,0.5,572,0.32,486,0.18,1
0,7,14389,0,0,300,0.5,1700,0.5,1
0,8,4131,2,10,5,0,500,0.6,1000,0.2,1400,0.2,1
0,9,1716,2,10,5,0,300,0.5,1700,0.5,1
0,10,14832,1,0,300,0.5,572,0.32,486,0.18,1
0,11,11599,0,0,300,0.5,1700,0.5,1
1,0,5860,1,0,500,0.6,1000,0.2,1400,0.2,1
1,1,11220,2,10,5,0,666,0.42,420,0.58,1
1,2,13869,1,0,300,0.5,572,0.32,486,0.18,0
1,3,13666,1,0,300,0.5,572,0.32,486,0.18,1
1,4,9013,1,0,666,0.42,420,0.58,1
1,5,13750,0,0,666,0.42,420,0.58,1
1,6,10031,2,10,5,0,300,0.5,1700,0.5,1
1,7,2919,1,0,300,0.5,1700,0.5,1
1,8,12492,1,0,500,0.6,1000,0.2,1400,0.2,1
1,9,8124,1,0,500,0.6,1000,0.2,1400,0.2,1
1,10,4940,1,0,500,0.6,1000,0.2,1400,0.2,1
1,11,8143,0,0,666,0.42,420,0.58,1
2,0,6920,2,10,5,0,666,0.42,420,0.58,1
2,1,9654,0,0,300,0.5,572,0.32,486,0.18,1
2,2,7117,0,0,300,0.5,1700,0.5,1
2,3,6977,0,0,500,0.6,1000,0.2,1400,0.2,1
2,4,9413,0,0,666,0.42,420,0.58,1
2,5,12223,2,10,5,0,300,0.5,1700,0.5,1
2,6,3954,2,10,5,0,300,0.5,572,0.32,486,0.18,1
2,7,5583,1,0,300,0.5,1700,0.5,1
2,8,8435,1,0,300,0.5,572,0.32,486,0.18,1
2,9,3032,1,0,300,0.5,572,0.32,486,0.18,1
2,10,1161,1,0,500,0.6,1000,0.2,1400,0.2,1
2,11,2406,2,10,5,0,500,0.6,1000,0.2,1400,0.2,1
3,0,12691,1,0,500,0.6,1000,0.2,1400,0.2,1
3,1,5409,0,0,300,0.5,572,0.32,486,0.18,1
3,2,8530,0,0,300,0.5,1700,0.5,1
3,3,11888,2,10,5,0,300,0.5,1700,0.5,1
3,4,14437,2,10,5,0,500,0.6,1000,0.2,1400,0.2,1
3,5,10832,1,0,500,0.6,1000,0.2,1400,0.2,1
3,6,1229,1,0,300,0.5,572,0.32,486,0.18,1
3,7,6225,0,0,300,0.5,572,0.32,486,0.18,1
3,8,8736,1,0,300,0.5,572,0.32,486,0.18,1
3,9,627,2,10,5,0,666,0.42,420,0.58,1
3,10,867,1,0,500,0.6,1000,0.2,1400,0.2,1
3,11,5929,1,0,300,0.5,572,0.32,486,0.18,1
4,0,4420,0,0,666,0.42,420,0.58,1
4,1,2683,2,10,5,0,300,0.5,572,0.32,486,0.18,1
4,2,6941,0,0,300,0.5,572,0.32,486,0.18,1
4,3,6914,2,10,5,0,666,0.42,420,0.58,1
4,4,9697,1,0,300,0.5,1700,0.5,1
4,5,1302,0,0,300,0.5,1700,0.5,1
4,6,12092,0,0,666,0.42,420,0.58,1
4,7,2473,2,10,5,0,300,0.5,572,0.32,486,0.18,1
4,8,5546,0,0,300,0.5,1700,0.5,1
4,9,11853,2,10,5,0,300,0.5,572,0.32,486,0.18,1
4,10,4407,1,0,500,0.6,1000,0.2,1400,0.2,1
4,11,12497,2,10,5,0,300,0.5,1700,0.5,1
5,0,4144,1,0,500,0.6,1000,0.2,1400,0.2,1
5,1,8954,0,0,300,0.5,572,0.32,486,0.18,1
5,2,10167,1,0,300,0.5,1700,0.5,1
5,3,1847,0,0,500,0.6,1000,0.2,1400,0.2,1
5,4,13079,1,0,300,0.5,572,0.32,486,0.18,1
5,5,11411,2,10,5,0,300,0.5,572,0.32,486,0.18,1
5,6,380,2,10,5,0,300,0.5,1700,0.5,1
5,7,2881,1,0,666,0.42,420,0.58,1
5,8,4853,1,0,300,0.5,1700,0.5,1
5,9,2087,0,0,300,0.5,572,0.32,486,0.18,1
5,10,2512,1,0,666,0.42,420,0.58,1
5,11,1844,2,10,5,0,500,0.6,1000,0.2,1400,0.2,1
6,0,3581,2,10,5,0,300,0.5,572,0.32,486,0.18,1
6,1,7703,0,0,500,0.6,1000,0.2,1400,0.2,1
6,2,295,0,0,300,0.5,572,0.32,486,0.18,1
6,3,12707,1,0,300,0.5,572,0.32,486,0.18,1
6,4,9328,2,10,5,0,300,0.5,572,0.32,486,0.18,1
6,5,2916,1,0,666,0.42,420,0.58,1
6,6,10659,1,0,300,0.5,1700,0.5,1
6,7,2660,0,0,500,0.6,1000,0.2,1400,0.2,1
6,8,12273,0,0,500,0.6,1000,0.2,1400,0.2,1
6,9,13414,0,0,500,0.6,1000,0.2,1400,0.2,1
6,10,13285,0,0,300,0.5,1700,0.5,1
6,11,6577,2,10,5,0,500,0.6,1000,0.2,1400,0.2,1
7,0,3278,0,0,300,0.5,1700,0.5,1
7,1,14848,0,0,666,0.42,420,0.58,1
7,2,6811,2,10,5,0,300,0.5,1700,0.5,1
7,3,13698,0,0,666,0.42,420,0.58,1
7,4,631,2,10,5,0,300,0.5,572,0.32,486,0.18,1
7,5,11817,2,10,5,0,300,0.5,572,0.32,486,0.18,1
7,6,6567,2,10,5,0,300,0.5,1700,0.5,1
7,7,9886,0,0,300,0.5,1700,0.5,1
7,8,2422,1,0,500,0.6,1000,0.2,1400,0.2,1
7,9,14497,2,10,5,0,300,0.5,572,0.32,486,0.18,1
7,10,10376,2,10,5,0,500,0.6,1000,0.2,1400,0.2,1
7,11,1380,2,10,5,0,666,0.42,420,0.58,1
8,0,5490,2,10,5,0,666,0.42,420,0.58,1
8,1,3793,1,0,300,0.5,1700,0.5,1
8,2,9839,1,0,300,0.5,572,0.32,486,0.18,1
8,3,4570,0,0,500,0.6,1000,0.2,1400,0.2,1
8,4,8337,1,0,300,0.5,1700,0.5,1
8,5,13824,1,0,300,0.5,1700,0.5,1
8,6,3055,2,10,5,0,666,0.42,420,0.58,1
8,7,812,0,0,300,0.5,1700,0.5,1
8,8,9345,2,10,5,0,300,0.5,1700,0.5,1
8,9,14905,2,10,5,0,666,0.42,420,0.58,1
8,10,842,0,0,500,0.6,1000,0.2,1400,0.2,1
8,11,14259,0,0,300,0.5,1700,0.5,1
9,0,13201,2,10,5,0,500,0.6,1000,0.2,1400,0.2,1
9,1,9536,0,0,300,0.5,572,0.32,486,0.18,1
9,2,832,1,0,300,0.5,1700,0.5,1
9,3,1472,0,0,666,0.42,420,0.58,1
9,4,5484,0,0,300,0.5,572,0.32,486,0.18,1
9,5,14132,0,0,500,0.6,1000,0.2,1400,0.2,1
9,6,5662,2,10,5,0,500,0.6,1000,0.2,1400,0.2,1
9,7,2227,2,10,5,0,300,0.5,572,0.32,486,0.18,1
9,8,6935,1,0,300,0.5,1700,0.5,1
9,9,4285,0,0,300,0.5,572,0.32,486,0.18,1
9,10,9063,1,0,300,0.5,572,0.32,486,0.18,1
9,11,625,2,10,5,0,666,0.42,420,0.58,1
10,0,13091,2,10,5,0,300,0.5,1700,0.5,1
10,1,7487,1,0,300,0.5,572,0.32,486,0.18,1
10,2,2701,0,0,300,0.5,1700,0.5,1
10,3,3339,0,0,300,0.5,572,0.32,486,0.18,1
10,4,321,0,0,300,0.5,572,0.32,486,0.18,1
10,5,14068,0,0,500,0.6,1000,0.2,1400,0.2,1
10,6,4353,2,10,5,0,500,0.6,1000,0.2,1400,0.2,1
10,7,77,2,10,5,0,500,0.6,1000,0.2,1400,0.2,1
10,8,14160,1,0,666,0.42,420,0.58,1
10,9,5151,1,0,300,0.5,1700,0.5,1
10,10,4760,2,10,5,0,300,0.5,1700,0.5,1
10,11,3087,2,10,5,0,666,0.42,420,0.58,1
11,0,9911,0,0,666,0.42,420,0.58,1
11,1,10461,1,0,300,0.5,1700,0.5,1
11,2,7479,2,10,5,0,500,0.6,1000,0.2,1400,0.2,1
11,3,11821,2,10,5,0,666,0.42,420,0.58,1
11,4,3568,2,10,5,0,666,0.42,420,0.58,1
11,5,4524,2,10,5,0,300,0.5,1700,0.5,1
11,6,13936,2,10,5,0,300,0.5,1700,0.5,1
11,7,4404,0,0,300,0.5,572,0.32,486,0.18,1
11,8,3272,1,0,666,0.42,420,0.58,1
11,9,3773,1,0,300,0.5,572,0.32,486,0.18,1
11,10,9288,0,0,666,0.42,420,0.58,1
11,11,6107,2,10,5,0,300,0.5,572,0.32,486,0.18,1
