0,0,5370,0,0,300,0.5,572,0.32,486,0.18,1
0,1,6117,1,0,300,0.5,1700,0.5,1
0,2,8963,2,10,5,0,666,0.42,420,0.58,1
0,3,1527,2,10,5,0,300,0.5,572,0.32,486,0.18,1
0,4,6311,2,10,5,0,300,0.5,1700,0.5,1
0,5,12990,2,10,5,0,666,0.42,420,0.58,1
0,6,3485,2,10,5,0,500,0.6,1000,0.2,1400,0.2,1
0,7,10443,1,0,300,0.5,572,0.32,486,0.18,1
0,8,8464,1,0,500,0.6,1000,0.2,1400,0.2,1
0,9,4188,0,0,300,0.5,1700,0.5,1
0,10,6867,1,0,666,0.42,420,0.58,1
0,11,3265,0,0,666,0.42,420,0.58,1
1,0,2205,1,0,500,0.6,1000,0.2,1400,0.2,1
1,1,10763,1,0,300,0.5,572,0.32,486,0.18,1
1,2,12195,2,10,5,0,300,0.5,572,0.32,486,0.18,0
1,3,6776,2,10,5,0,500,0.6,1000,0.2,1400,0.2,1
1,4,14737,0,0,300,0.5,1700,0.5,1
1,5,9785,2,10,5,0,300,0.5,1700,0.5,1
1,6,12435,2,10,5,0,666,0.42,420,0.58,1
1,7,11738,2,10,5,0,666,0.42,420,0.58,1
1,8,14091,1,0,300,0.5,1700,0.5,1
1,9,5528,2,10,5,0,666,0.42,420,0.58,1
1,10,14257,1,0,300,0.5,572,0.32,486,0.18,1
1,11,1474,2,10,5,0,300,0.5,572,0.32,486,0.18,1
2,0,1869,0,0,300,0.5,1700,0.5,1
2,1,10172,0,0,300,0.5,1700,0.5,1
2,2,6311,0,0,500,0.6,1000,0.2,1400,0.2,1
2,3,9743,0,0,666,0.42,420,0.58,1
2,4,14368,0,0,500,0.6,1000,0.2,1400,0.2,1
2,5,11872,2,10,5,0,300,0.5,572,0.32,486,0.18,1
2,6,7983,2,10,5,0,666,0.42,420,0.58,1
2,7,5554,1,0,300,0.5,572,0.32,486,0.18,1
2,8,10697,1,0,300,0.5,572,0.32,486,0.18,1
2,9,3030,1,0,300,0.5,572,0.32,486,0.18,1
2,10,14511,1,0,666,0.42,420,0.58,1
2,11,13953,0,0,500,0.6,1000,0.2,1400,0.2,1
3,0,3344,0,0,300,0.5,1700,0.5,1
3,1,7352,1,0,300,0.5,1700,0.5,1
3,2,14782,2,10,5,0,300,0.5,1700,0.5,1
3,3,2956,0,0,500,0.6,1000,0.2,1400,0.2,1
3,4,820,2,10,5,0,500,0.6,1000,0.2,1400,0.2,1
3,5,6638,2,10,5,0,666,0.42,420,0.58,1
3,6,12819,0,0,300,0.5,572,0.32,486,0.18,1
3,7,6814,2,10,5,0,300,0.5,572,0.32,486,0.18,1
3,8,9510,2,10,5,0,300,0.5,572,0.32,486,0.18,1
3,9,7384,0,0,500,0.6,1000,0.2,1400,0.2,1
3,10,5456,1,0,666,0.42,420,0.58,1
3,11,9150,2,10,5,0,300,0.5,1700,0.5,1
4,0,8908,1,0,300,0.5,1700,0.5,1
4,1,5778,1,0,300,0.5,1700,0.5,1
4,2,3313,2,10,5,0,500,0.6,1000,0.2,1400,0.2,1
4,3,1099,0,0,666,0.42,420,0.58,1
4,4,11032,2,10,5,0,300,0.5,572,0.32,486,0.18,1
4,5,14792,1,0,666,0.42,420,0.58,1
4,6,5129,0,0,500,0.6,1000,0.2,1400,0.2,1
4,7,14780,0,0,300,0.5,572,0.32,486,0.18,1
4,8,10838,1,0,300,0.5,572,0.32,486,0.18,1
4,9,9515,0,0,300,0.5,1700,0.5,1
4,10,8770,2,10,5,0,500,0.6,1000,0.2,1400,0.2,1
4,11,12486,2,10,5,0,300,0.5,1700,0.5,1
5,0,11465,0,0,500,0.6,1000,0.2,1400,0.2,1
5,1,10571,2,10,5,0,300,0.5,572,0.32,486,0.18,1
5,2,5252,2,10,5,0,666,0.42,420,0.58,1
5,3,9578,2,10,5,0,300,0.5,572,0.32,486,0.18,1
5,4,5119,1,0,500,0.6,1000,0.2,1400,0.2,1
5,5,8306,2,10,5,0,300,0.5,1700,0.5,1
5,6,7345,1,0,300,0.5,1700,0.5,1
5,7,7919,2,10,5,0,300,0.5,572,0.32,486,0.18,1
5,8,7639,2,10,5,0,500,0.6,1000,0.2,1400,0.2,1
5,9,12402,2,10,5,0,300,0.5,1700,0.5,1
5,10,9902,0,0,300,0.5,1700,0.5,1
5,11,13039,0,0,300,0.5,572,0.32,486,0.18,1
6,0,2070,1,0,300,0.5,1700,0.5,1
6,1,13515,2,10,5,0,300,0.5,1700,0.5,1
6,2,78,0,0,300,0.5,1700,0.5,1
6,3,7155,2,10,5,0,300,0.5,572,0.32,486,0.18,1
6,4,1262,2,10,5,0,500,0.6,1000,0.2,1400,0.2,1
6,5,5039,1,0,300,0.5,572,0.32,486,0.18,1
6,6,1011,1,0,300,0.5,1700,0.5,1
6,7,6851,0,0,300,0.5,572,0.32,486,0.18,1
6,8,13220,0,0,500,0.6,1000,0.2,1400,0.2,1
6,9,213,0,0,300,0.5,1700,0.5,1
6,10,2892,0,0,300,0.5,572,0.32,486,0.18,1
6,11,11116,0,0,500,0.6,1000,0.2,1400,0.2,1
7,0,12333,0,0,300,0.5,1700,0.5,1
7,1,7898,2,10,5,0,300,0.5,572,0.32,486,0.18,1
7,2,10562,1,0,300,0.5,1700,0.5,1
7,3,10250,2,10,5,0,666,0.42,420,0.58,1
7,4,194,0,0,300,0.5,1700,0.5,1
7,5,5122,0,0,500,0.6,1000,0.2,1400,0.2,1
7,6,11770,2,10,5,0,300,0.5,1700,0.5,1
7,7,8667,2,10,5,0,300,0.5,1700,0.5,1
7,8,3284,0,0,500,0.6,1000,0.2,1400,0.2,1
7,9,2750,0,0,666,0.42,420,0.58,1
7,10,14036,1,0,300,0.5,572,0.32,486,0.18,1
7,11,1052,1,0,666,0.42,420,0.58,1
8,0,8278,0,0,666,0.42,420,0.58,1
8,1,3050,0,0,300,0.5,572,0.32,486,0.18,1
8,2,1395,0,0,666,0.42,420,0.58,1
8,3,6967,2,10,5,0,666,0.42,420,0.58,1
8,4,14840,2,10,5,0,300,0.5,1700,0.5,1
8,5,8169,2,10,5,0,666,0.42,420,0.58,1
8,6,14317,1,0,300,0.5,572,0.32,486,0.18,1
8,7,3381,0,0,666,0.42,420,0.58,1
8,8,9804,0,0,300,0.5,1700,0.5,1
8,9,1012,1,0,300,0.5,572,0.32,486,0.18,1
8,10,11681,2,10,5,0,300,0.5,1700,0.5,1
8,11,9596,1,0,666,0.42,420,0.58,1
9,0,12432,2,10,5,0,500,0.6,1000,0.2,1400,0.2,1
9,1,2616,1,0,300,0.5,572,0.32,486,0.18,1
9,2,12664,1,0,300,0.5,572,0.32,486,0.18,1
9,3,14107,2,10,5,0,666,0.42,420,0.58,1
9,4,8595,2,10,5,0,666,0.42,420,0.58,1
9,5,9282,2,10,5,0,300,0.5,572,0.32,486,0.18,1
9,6,14816,2,10,5,0,666,0.42,420,0.58,1
9,7,1785,2,10,5,0,500,0.6,1000,0.2,1400,0.2,1
9,8,13338,1,0,300,0.5,572,0.32,486,0.18,1
9,9,3829,2,10,5,0,500,0.6,1000,0.2,1400,0.2,1
9,10,12292,1,0,500,0.6,1000,0.2,1400,0.2,1
9,11,8069,2,10,5,0,500,0.6,1000,0.2,1400,0.2,1
10,0,10276,0,0,500,0.6,1000,0.2,1400,0.2,1
10,1,13367,1,0,300,0.5,572,0.32,486,0.18,1
10,2,2609,2,10,5,0,500,0.6,1000,0.2,1400,0.2,1
10,3,9467,1,0,300,0.5,572,0.32,486,0.18,1
10,4,13898,1,0,300,0.5,1700,0.5,1
10,5,13856,1,0,500,0.6,1000,0.2,1400,0.2,1
10,6,14004,0,0,666,0.42,420,0.58,1
10,7,10147,1,0,300,0.5,1700,0.5,1
10,8,5246,0,0,666,0.42,420,0.58,1
10,9,11575,1,0,300,0.5,1700,0.5,1
10,10,4953,0,0,300,0.5,1700,0.5,1
10,11,1855,2,10,5,0,666,0.42,420,0.58,1
11,0,10356,0,0,300,0.5,572,0.32,486,0.18,1
11,1,4648,1,0,300,0.5,1700,0.5,1
11,2,750,2,10,5,0,300,0.5,1700,0.5,1
11,3,7273,2,10,5,0,300,0.5,572,0.32,486,0.18,1
11,4,3276,0,0,666,0.42,420,0.58,1
11,5,2956,2,10,5,0,300,0.5,572,0.32,486,0.18,1
11,6,886,1,0,500,0.6,1000,0.2,1400,0.2,1
11,7,2447,1,0,500,0.6,1000,0.2,1400,0.2,1
11,8,10116,0,0,500,0.6,1000,0.2,1400,0.2,1
11,9,6443,1,0,300,0.5,572,0.32,486,0.18,1
11,10,2155,0,0,500,0.6,1000,0.2,1400,0.2,1
11,11,13061,0,0,500,0.6,1000,0.2,1400,0.2,1
