0,0,3595,2,10,5,0,300,0.5,572,0.32,486,0.18,1
0,1,10872,2,10,5,0,666,0.42,420,0.58,1
0,2,10706,2,10,5,0,666,0.42,420,0.58,1
0,3,11526,0,0,666,0.42,420,0.58,1
0,4,8643,1,0,500,0.6,1000,0.2,1400,0.2,1
0,5,2926,1,0,300,0.5,1700,0.5,1
0,6,13600,0,0,500,0.6,1000,0.2,1400,0.2,1
0,7,70,2,10,5,0,666,0.42,420,0.58,1
0,8,6971,1,0,666,0.42,420,0.58,1
0,9,11700,1,0,666,0.42,420,0.58,1
0,10,3412,1,0,666,0.42,420,0.58,1
0,11,8997,2,10,5,0,300,0.5,1700,0.5,1
1,0,2538,0,0,300,0.5,1700,0.5,1
1,1,2762,1,0,666,0.42,420,0.58,1
1,2,9513,0,0,300,0.5,1700,0.5,0
1,3,3701,2,10,5,0,300,0.5,1700,0.5,1
1,4,6369,0,0,300,0.5,1700,0.5,1
1,5,11190,1,0,500,0.6,1000,0.2,1400,0.2,1
1,6,6921,0,0,666,0.42,420,0.58,1
1,7,10431,0,0,300,0.5,572,0.32,486,0.18,1
1,8,139,1,0,300,0.5,1700,0.5,1
1,9,8023,0,0,300,0.5,1700,0.5,1
1,10,5778,2,10,5,0,666,0.42,420,0.58,1
1,11,507,1,0,300,0.5,572,0.32,486,0.18,1
2,0,5140,2,10,5,0,666,0.42,420,0.58,1
2,1,7259,2,10,5,0,666,0.42,420,0.58,1
2,2,5570,1,0,300,0.5,572,0.32,486,0.18,1
2,3,11539,1,0,666,0.42,420,0.58,1
2,4,11,2,10,5,0,300,0.5,1700,0.5,1
2,5,11447,0,0,300,0.5,572,0.32,486,0.18,1
2,6,861,0,0,300,0.5,572,0.32,486,0.18,1
2,7,4403,1,0,300,0.5,572,0.32,486,0.18,1
2,8,4675,1,0,300,0.5,572,0.32,486,0.18,1
2,9,5549,0,0,500,0.6,1000,0.2,1400,0.2,1
2,10,5952,2,10,5,0,300,0.5,1700,0.5,1
2,11,14928,2,10,5,0,666,0.42,420,0.58,1
3,0,13702,1,0,300,0.5,572,0.32,486,0.18,1
3,1,8789,2,10,5,0,300,0.5,572,0.32,486,0.18,1
3,2,6726,2,10,5,0,666,0.42,420,0.58,1
3,3,1012,0,0,300,0.5,572,0.32,486,0.18,1
3,4,4055,0,0,666,0.42,420,0.58,1
3,5,517,2,10,5,0,300,0.5,1700,0.5,1
3,6,9422,0,0,666,0.42,420,0.58,1
3,7,4757,2,10,5,0,300,0.5,572,0.32,486,0.18,1
3,8,10489,2,10,5,0,300,0.5,572,0.32,486,0.18,1
3,9,14906,0,0,300,0.5,572,0.32,486,0.18,1
3,10,1005,0,0,300,0.5,572,0.32,486,0.18,1
3,11,3234,0,0,500,0.6,1000,0.2,1400,0.2,1
4,0,7463,1,0,300,0.5,572,0.32,486,0.18,1
4,1,13535,2,10,5,0,666,0.42,420,0.58,1
4,2,10241,2,10,5,0,500,0.6,1000,0.2,1400,0.2,1
4,3,11776,2,10,5,0,300,0.5,1700,0.5,1
4,4,1693,0,0,500,0.6,1000,0.2,1400,0.2,1
4,5,12590,0,0,300,0.5,1700,0.5,1
4,6,10253,1,0,666,0.42,420,0.58,1
4,7,11228,1,0,666,0.42,420,0.58,1
4,8,11913,1,0,300,0.5,1700,0.5,1
4,9,10280,2,10,5,0,500,0.6,1000,0.2,1400,0.2,1
4,10,10892,0,0,666,0.42,420,0.58,1
4,11,14517,2,10,5,0,666,0.42,420,0.58,1
5,0,8663,1,0,666,0.42,420,0.58,1
5,1,10245,1,0,300,0.5,572,0.32,486,0.18,1
5,2,3142,2,10,5,0,500,0.6,1000,0.2,1400,0.2,1
5,3,14076,0,0,666,0.42,420,0.58,1
5,4,1612,0,0,300,0.5,1700,0.5,1
5,5,4245,0,0,300,0.5,1700,0.5,1
5,6,244,2,10,5,0,666,0.42,420,0.58,1
5,7,8891,2,10,5,0,666,0.42,420,0.58,1
5,8,13490,2,10,5,0,300,0.5,572,0.32,486,0.18,1
5,9,3297,0,0,666,0.42,420,0.58,1
5,10,2421,1,0,300,0.5,572,0.32,486,0.18,1
5,11,3132,0,0,300,0.5,1700,0.5,1
6,0,14342,2,10,5,0,500,0.6,1000,0.2,1400,0.2,1
6,1,10971,1,0,500,0.6,1000,0.2,1400,0.2,1
6,2,11487,2,10,5,0,300,0.5,572,0.32,486,0.18,1
6,3,5401,2,10,5,0,666,0.42,420,0.58,1
6,4,210,2,10,5,0,300,0.5,1700,0.5,1
6,5,4731,2,10,5,0,500,0.6,1000,0.2,1400,0.2,1
6,6,1172,1,0,300,0.5,1700,0.5,1
6,7,2112,0,0,300,0.5,572,0.32,486,0.18,1
6,8,7222,2,10,5,0,666,0.42,420,0.58,1
6,9,8708,1,0,300,0.5,572,0.32,486,0.18,1
6,10,5571,1,0,666,0.42,420,0.58,1
6,11,6813,2,10,5,0,300,0.5,572,0.32,486,0.18,1
7,0,4869,2,10,5,0,300,0.5,1700,0.5,1
7,1,14628,1,0,666,0.42,420,0.58,1
7,2,7853,0,0,666,0.42,420,0.58,1
7,3,11795,0,0,300,0.5,572,0.32,486,0.18,1
7,4,9334,1,0,500,0.6,1000,0.2,1400,0.2,1
7,5,4307,1,0,300,0.5,572,0.32,486,0.18,1
7,6,5299,1,0,500,0.6,1000,0.2,1400,0.2,1
7,7,2655,1,0,500,0.6,1000,0.2,1400,0.2,1
7,8,1734,0,0,300,0.5,572,0.32,486,0.18,1
7,9,3401,0,0,300,0.5,572,0.32,486,0.18,1
7,10,13688,2,10,5,0,666,0.42,420,0.58,1
7,11,9952,0,0,300,0.5,1700,0.5,1
8,0,8188,0,0,666,0.42,420,0.58,1
8,1,4852,0,0,500,0.6,1000,0.2,1400,0.2,1
8,2,7946,1,0,500,0.6,1000,0.2,1400,0.2,1
8,3,14302,0,0,300,0.5,1700,0.5,1
8,4,4737,2,10,5,0,300,0.5,1700,0.5,1
8,5,5115,2,10,5,0,500,0.6,1000,0.2,1400,0.2,1
8,6,2329,1,0,300,0.5,1700,0.5,1
8,7,8167,0,0,300,0.5,1700,0.5,1
8,8,10579,1,0,666,0.42,420,0.58,1
8,9,2248,0,0,500,0.6,1000,0.2,1400,0.2,1
8,10,3695,1,0,666,0.42,420,0.58,1
8,11,5033,0,0,500,0.6,1000,0.2,1400,0.2,1
9,0,9908,1,0,300,0.5,572,0.32,486,0.18,1
9,1,2491,1,0,300,0.5,1700,0.5,1
9,2,2251,0,0,300,0.5,1700,0.5,1
9,3,7477,1,0,500,0.6,1000,0.2,1400,0.2,1
9,4,4835,0,0,300,0.5,1700,0.5,1
9,5,83,2,10,5,0,300,0.5,572,0.32,486,0.18,1
9,6,13592,1,0,500,0.6,1000,0.2,1400,0.2,1
9,7,1881,0,0,666,0.42,420,0.58,1
9,8,8861,0,0,300,0.5,572,0.32,486,0.18,1
9,9,1045,2,10,5,0,500,0.6,1000,0.2,1400,0.2,1
9,10,6974,2,10,5,0,300,0.5,1700,0.5,1
9,11,4762,0,0,666,0.42,420,0.58,1
10,0,6448,2,10,5,0,300,0.5,572,0.32,486,0.18,1
10,1,14351,0,0,300,0.5,572,0.32,486,0.18,1
10,2,14039,1,0,300,0.5,572,0.32,486,0.18,1
10,3,6501,1,0,300,0.5,572,0.32,486,0.18,1
10,4,409,0,0,300,0.5,1700,0.5,1
10,5,1638,1,0,666,0.42,420,0.58,1
10,6,4439,0,0,300,0.5,572,0.32,486,0.18,1
10,7,13930,0,0,300,0.5,572,0.32,486,0.18,1
10,8,13390,2,10,5,0,300,0.5,572,0.32,486,0.18,1
10,9,5296,1,0,500,0.6,1000,0.2,1400,0.2,1
10,10,11967,0,0,300,0.5,572,0.32,486,0.18,1
10,11,4644,2,10,5,0,300,0.5,1700,0.5,1
11,0,3418,1,0,300,0.5,1700,0.5,1
11,1,10930,2,10,5,0,300,0.5,572,0.32,486,0.18,1
11,2,8833,0,0,300,0.5,1700,0.5,1
11,3,8201,2,10,5,0,300,0.5,572,0.32,486,0.18,1
11,4,6811,1,0,300,0.5,1700,0.5,1
11,5,13402,1,0,300,0.5,572,0.32,486,0.18,1
11,6,1276,0,0,666,0.42,420,0.58,1
11,7,4169,2,10,5,0,666,0.42,420,0.58,1
11,8,759,0,0,300,0.5,1700,0.5,1
11,9,9502,1,0,666,0.42,420,0.58,1
11,10,9281,0,0,500,0.6,1000,0.2,1400,0.2,1
11,11,6957,1,0,666,0.42,420,0.58,1
