0,0,12249,0,0,300,0.5,572,0.32,486,0.18,1
0,1,8817,1,0,666,0.42,420,0.58,1
0,2,9463,1,0,666,0.42,420,0.58,1
0,3,8009,1,0,300,0.5,1700,0.5,1
0,4,4180,1,0,666,0.42,420,0.58,1
0,5,7351,2,10,5,0,300,0.5,572,0.32,486,0.18,1
0,6,6739,0,0,666,0.42,420,0.58,1
0,7,6318,1,0,500,0.6,1000,0.2,1400,0.2,1
0,8,5058,1,0,300,0.5,572,0.32,486,0.18,1
0,9,393,1,0,666,0.42,420,0.58,1
0,10,9213,0,0,500,0.6,1000,0.2,1400,0.2,1
0,11,5297,1,0,500,0.6,1000,0.2,1400,0.2,1
1,0,7537,2,10,5,0,300,0.5,1700,0.5,1
1,1,557,0,0,666,0.42,420,0.58,1
1,2,14819,2,10,5,0,666,0.42,420,0.58,0
1,3,9413,2,10,5,0,300,0.5,572,0.32,486,0.18,1
1,4,4094,1,0,666,0.42,420,0.58,1
1,5,5762,1,0,300,0.5,1700,0.5,1
1,6,2696,0,0,666,0.42,420,0.58,1
1,7,12337,0,0,666,0.42,420,0.58,1
1,8,916,1,0,666,0.42,420,0.58,1
1,9,8051,2,10,5,0,500,0.6,1000,0.2,1400,0.2,1
1,10,11850,0,0,300,0.5,572,0.32,486,0.18,1
1,11,6850,2,10,5,0,666,0.42,420,0.58,1
2,0,10648,1,0,500,0.6,1000,0.2,1400,0.2,1
2,1,9060,2,10,5,0,666,0.42,420,0.58,1
2,2,13179,2,10,5,0,500,0.6,1000,0.2,1400,0.2,1
2,3,4341,1,0,300,0.5,572,0.32,486,0.18,1
2,4,5578,0,0,500,0.6,1000,0.2,1400,0.2,1
2,5,7973,0,0,500,0.6,1000,0.2,1400,0.2,1
2,6,10859,1,0,300,0.5,572,0.32,486,0.18,1
2,7,1456,0,0,300,0.5,572,0.32,486,0.18,1
2,8,1610,1,0,300,0.5,1700,0.5,1
2,9,3035,2,10,5,0,300,0.5,1700,0.5,1
2,10,11515,2,10,5,0,666,0.42,420,0.58,1
2,11,13433,2,10,5,0,300,0.5,1700,0.5,1
3,0,5582,2,10,5,0,300,0.5,1700,0.5,1
3,1,12177,1,0,300,0.5,572,0.32,486,0.18,1
3,2,12378,0,0,500,0.6,1000,0.2,1400,0.2,1
3,3,4584,0,0,300,0.5,572,0.32,486,0.18,1
3,4,11607,1,0,666,0.42,420,0.58,1
3,5,10099,1,0,500,0.6,1000,0.2,1400,0.2,1
3,6,798,1,0,300,0.5,1700,0.5,1
3,7,7947,0,0,300,0.5,572,0.32,486,0.18,1
3,8,6249,2,10,5,0,500,0.6,1000,0.2,1400,0.2,1
3,9,10799,0,0,300,0.5,572,0.32,486,0.18,1
3,10,7332,0,0,666,0.42,420,0.58,1
3,11,9321,2,10,5,0,666,0.42,420,0.58,1
4,0,5303,2,10,5,0,500,0.6,1000,0.2,1400,0.2,1
4,1,1961,2,10,5,0,300,0.5,572,0.32,486,0.18,1
4,2,362,2,10,5,0,300,0.5,572,0.32,486,0.18,1
4,3,5753,0,0,500,0.6,1000,0.2,1400,0.2,1
4,4,13440,2,10,5,0,300,0.5,572,0.32,486,0.18,1
4,5,215,1,0,666,0.42,420,0.58,1
4,6,10643,0,0,500,0.6,1000,0.2,1400,0.2,1
4,7,3283,2,10,5,0,300,0.5,1700,0.5,1
4,8,11870,1,0,300,0.5,572,0.32,486,0.18,1
4,9,14771,2,10,5,0,500,0.6,1000,0.2,1400,0.2,1
4,10,848,0,0,500,0.6,1000,0.2,1400,0.2,1
4,11,8655,0,0,500,0.6,1000,0.2,1400,0.2,1
5,0,10290,1,0,500,0.6,1000,0.2,1400,0.2,1
5,1,14204,0,0,500,0.6,1000,0.2,1400,0.2,1
5,2,7171,2,10,5,0,300,0.5,572,0.32,486,0.18,1
5,3,11031,2,10,5,0,500,0.6,1000,0.2,1400,0.2,1
5,4,2623,1,0,500,0.6,1000,0.2,1400,0.2,1
5,5,2169,0,0,300,0.5,572,0.32,486,0.18,1
5,6,14212,1,0,300,0.5,572,0.32,486,0.18,1
5,7,10162,2,10,5,0,500,0.6,1000,0.2,1400,0.2,1
5,8,5963,1,0,300,0.5,572,0.32,486,0.18,1
5,9,7143,1,0,300,0.5,1700,0.5,1
5,10,10746,2,10,5,0,500,0.6,1000,0.2,1400,0.2,1
5,11,12111,2,10,5,0,300,0.5,572,0.32,486,0.18,1
6,0,3570,1,0,666,0.42,420,0.58,1
6,1,3886,0,0,500,0.6,1000,0.2,1400,0.2,1
6,2,5633,1,0,666,0.42,420,0.58,1
6,3,2593,1,0,300,0.5,1700,0.5,1
6,4,2869,0,0,300,0.5,572,0.32,486,0.18,1
6,5,14552,1,0,300,0.5,1700,0.5,1
6,6,2132,0,0,300,0.5,1700,0.5,1
6,7,2256,0,0,500,0.6,1000,0.2,1400,0.2,1
6,8,4916,2,10,5,0,300,0.5,572,0.32,486,0.18,1
6,9,3048,2,10,5,0,300,0.5,1700,0.5,1
6,10,8134,2,10,5,0,500,0.6,1000,0.2,1400,0.2,1
6,11,9792,0,0,300,0.5,572,0.32,486,0.18,1
7,0,14488,2,10,5,0,300,0.5,572,0.32,486,0.18,1
7,1,10880,2,10,5,0,666,0.42,420,0.58,1
7,2,4982,1,0,500,0.6,1000,0.2,1400,0.2,1
7,3,14030,1,0,300,0.5,572,0.32,486,0.18,1
7,4,1039,1,0,500,0.6,1000,0.2,1400,0.2,1
7,5,5359,2,10,5,0,300,0.5,572,0.32,486,0.18,1
7,6,4004,2,10,5,0,666,0.42,420,0.58,1
7,7,4561,1,0,300,0.5,1700,0.5,1
7,8,4166,2,10,5,0,300,0.5,572,0.32,486,0.18,1
7,9,2841,0,0,300,0.5,1700,0.5,1
7,10,1304,1,0,300,0.5,572,0.32,486,0.18,1
7,11,3393,0,0,300,0.5,572,0.32,486,0.18,1
8,0,10638,0,0,300,0.5,572,0.32,486,0.18,1
8,1,9749,1,0,666,0.42,420,0.58,1
8,2,13026,2,10,5,0,300,0.5,1700,0.5,1
8,3,13393,1,0,666,0.42,420,0.58,1
8,4,9889,1,0,500,0.6,1000,0.2,1400,0.2,1
8,5,2575,0,0,300,0.5,1700,0.5,1
8,6,7866,0,0,666,0.42,420,0.58,1
8,7,6967,1,0,300,0.5,1700,0.5,1
8,8,14882,1,0,300,0.5,1700,0.5,1
8,9,4109,1,0,500,0.6,1000,0.2,1400,0.2,1
8,10,6752,0,0,666,0.42,420,0.58,1
8,11,11828,0,0,300,0.5,1700,0.5,1
9,0,7647,0,0,300,0.5,572,0.32,486,0.18,1
9,1,11056,2,10,5,0,300,0.5,1700,0.5,1
9,2,14654,1,0,300,0.5,1700,0.5,1
9,3,9571,0,0,300,0.5,1700,0.5,1
9,4,11842,0,0,300,0.5,572,0.32,486,0.18,1
9,5,10318,1,0,500,0.6,1000,0.2,1400,0.2,1
9,6,2417,0,0,300,0.5,1700,0.5,1
9,7,6033,2,10,5,0,666,0.42,420,0.58,1
9,8,9984,1,0,300,0.5,572,0.32,486,0.18,1
9,9,12413,1,0,666,0.42,420,0.58,1
9,10,13067,1,0,300,0.5,572,0.32,486,0.18,1
9,11,9462,1,0,500,0.6,1000,0.2,1400,0.2,1
10,0,12490,1,0,300,0.5,1700,0.5,1
10,1,10957,1,0,500,0.6,1000,0.2,1400,0.2,1
10,2,7289,1,0,300,0.5,1700,0.5,1
10,3,5102,0,0,666,0.42,420,0.58,1
10,4,9626,1,0,300,0.5,1700,0.5,1
10,5,12942,0,0,500,0.6,1000,0.2,1400,0.2,1
10,6,12563,0,0,500,0.6,1000,0.2,1400,0.2,1
10,7,6095,2,10,5,0,300,0.5,572,0.32,486,0.18,1
10,8,6023,2,10,5,0,666,0.42,420,0.58,1
10,9,13729,2,10,5,0,666,0.42,420,0.58,1
10,10,1522,0,0,500,0.6,1000,0.2,1400,0.2,1
10,11,12215,2,10,5,0,500,0.6,1000,0.2,1400,0.2,1
11,0,444,2,10,5,0,500,0.6,1000,0.2,1400,0.2,1
11,1,3041,0,0,300,0.5,1700,0.5,1
11,2,2935,0,0,300,0.5,1700,0.5,1
11,3,9716,0,0,300,0.5,572,0.32,486,0.18,1
11,4,10729,1,0,300,0.5,1700,0.5,1
11,5,13759,2,10,5,0,666,0.42,420,0.58,1
11,6,6448,2,10,5,0,300,0.5,1700,0.5,1
11,7,1619,2,10,5,0,300,0.5,1700,0.5,1
11,8,10494,0,0,500,0.6,1000,0.2,1400,0.2,1
11,9,14778,0,0,300,0.5,1700,0.5,1
11,10,11131,1,0,300,0.5,1700,0.5,1
11,11,13493,0,0,666,0.42,420,0.58,1
