0,0,14835,0,0,666,0.42,420,0.58,1
0,1,3581,0,0,300,0.5,1700,0.5,1
0,2,9926,1,0,500,0.6,1000,0.2,1400,0.2,1
0,3,12221,2,10,5,0,300,0.5,572,0.32,486,0.18,1
0,4,13174,0,0,300,0.5,1700,0.5,1
0,5,7651,1,0,500,0.6,1000,0.2,1400,0.2,1
0,6,12183,0,0,300,0.5,1700,0.5,1
0,7,1508,1,0,300,0.5,572,0.32,486,0.18,1
0,8,14603,0,0,500,0.6,1000,0.2,1400,0.2,1
0,9,6585,0,0,666,0.42,420,0.58,1
0,10,10755,1,0,666,0.42,420,0.58,1
0,11,475,0,0,500,0.6,1000,0.2,1400,0.2,1
1,0,1875,0,0,300,0.5,1700,0.5,1
1,1,4662,1,0,666,0.42,420,0.58,1
1,2,6627,0,0,666,0.42,420,0.58,0
1,3,14403,2,10,5,0,300,0.5,1700,0.5,1
1,4,6407,1,0,666,0.42,420,0.58,1
1,5,4497,1,0,300,0.5,572,0.32,486,0.18,1
1,6,9987,2,10,5,0,500,0.6,1000,0.2,1400,0.2,1
1,7,8198,2,10,5,0,300,0.5,572,0.32,486,0.18,1
1,8,3838,2,10,5,0,666,0.42,420,0.58,1
1,9,14143,2,10,5,0,300,0.5,1700,0.5,1
1,10,2153,2,10,5,0,666,0.42,420,0.58,1
1,11,5525,0,0,666,0.42,420,0.58,1
2,0,2740,0,0,300,0.5,1700,0.5,1
2,1,1796,0,0,666,0.42,420,0.58,1
2,2,3700,2,10,5,0,666,0.42,420,0.58,1
2,3,11301,2,10,5,0,300,0.5,1700,0.5,1
2,4,12989,2,10,5,0,500,0.6,1000,0.2,1400,0.2,1
2,5,11837,1,0,300,0.5,1700,0.5,1
2,6,3730,0,0,300,0.5,1700,0.5,1
2,7,12567,2,10,5,0,300,0.5,572,0.32,486,0.18,1
2,8,5992,1,0,500,0.6,1000,0.2,1400,0.2,1
2,9,6548,1,0,300,0.5,1700,0.5,1
2,10,4161,0,0,300,0.5,572,0.32,486,0.18,1
2,11,9470,0,0,500,0.6,1000,0.2,1400,0.2,1
3,0,10768,0,0,300,0.5,1700,0.5,1
3,1,4644,0,0,666,0.42,420,0.58,1
3,2,10795,0,0,300,0.5,1700,0.5,1
3,3,8529,1,0,300,0.5,572,0.32,486,0.18,1
3,4,2627,0,0,300,0.5,572,0.32,486,0.18,1
3,5,8427,0,0,300,0.5,1700,0.5,1
3,6,11983,0,0,300,0.5,572,0.32,486,0.18,1
3,7,7901,1,0,500,0.6,1000,0.2,1400,0.2,1
3,8,11322,0,0,500,0.6,1000,0.2,1400,0.2,1
3,9,1237,2,10,5,0,300,0.5,1700,0.5,1
3,10,13151,2,10,5,0,300,0.5,1700,0.5,1
3,11,13727,0,0,300,0.5,572,0.32,486,0.18,1
4,0,6390,1,0,300,0.5,572,0.32,486,0.18,1
4,1,12479,2,10,5,0,500,0.6,1000,0.2,1400,0.2,1
4,2,5129,2,10,5,0,300,0.5,572,0.32,486,0.18,1
4,3,2479,0,0,500,0.6,1000,0.2,1400,0.2,1
4,4,5085,1,0,666,0.42,420,0.58,1
4,5,7603,2,10,5,0,300,0.5,1700,0.5,1
4,6,4146,0,0,500,0.6,1000,0.2,1400,0.2,1
4,7,11259,2,10,5,0,666,0.42,420,0.58,1
4,8,14306,2,10,5,0,500,0.6,1000,0.2,1400,0.2,1
4,9,10192,0,0,300,0.5,1700,0.5,1
4,10,12368,1,0,500,0.6,1000,0.2,1400,0.2,1
4,11,9748,2,10,5,0,500,0.6,1000,0.2,1400,0.2,1
5,0,2020,0,0,300,0.5,1700,0.5,1
5,1,8009,0,0,666,0.42,420,0.58,1
5,2,3781,2,10,5,0,500,0.6,1000,0.2,1400,0.2,1
5,3,13917,1,0,666,0.42,420,0.58,1
5,4,3751,2,10,5,0,300,0.5,1700,0.5,1
5,5,11631,0,0,666,0.42,420,0.58,1
5,6,1114,2,10,5,0,666,0.42,420,0.58,1
5,7,6745,1,0,300,0.5,572,0.32,486,0.18,1
5,8,11584,1,0,300,0.5,572,0.32,486,0.18,1
5,9,2849,2,10,5,0,300,0.5,1700,0.5,1
5,10,1630,1,0,300,0.5,1700,0.5,1
5,11,10424,2,10,5,0,300,0.5,572,0.32,486,0.18,1
6,0,4436,1,0,500,0.6,1000,0.2,1400,0.2,1
6,1,4826,0,0,500,0.6,1000,0.2,1400,0.2,1
6,2,7182,2,10,5,0,300,0.5,572,0.32,486,0.18,1
6,3,2375,1,0,500,0.6,1000,0.2,1400,0.2,1
6,4,14187,0,0,500,0.6,1000,0.2,1400,0.2,1
6,5,169,0,0,500,0.6,1000,0.2,1400,0.2,1
6,6,12550,2,10,5,0,500,0.6,1000,0.2,1400,0.2,1
6,7,11323,1,0,300,0.5,1700,0.5,1
6,8,261,2,10,5,0,300,0.5,1700,0.5,1
6,9,6568,0,0,300,0.5,572,0.32,486,0.18,1
6,10,7448,2,10,5,0,500,0.6,1000,0.2,1400,0.2,1
6,11,2409,0,0,300,0.5,1700,0.5,1
7,0,11569,2,10,5,0,300,0.5,1700,0.5,1
7,1,7714,0,0,500,0.6,1000,0.2,1400,0.2,1
7,2,5466,2,10,5,0,500,0.6,1000,0.2,1400,0.2,1
7,3,8846,1,0,300,0.5,1700,0.5,1
7,4,535,2,10,5,0,500,0.6,1000,0.2,1400,0.2,1
7,5,3766,0,0,300,0.5,1700,0.5,1
7,6,12482,1,0,500,0.6,1000,0.2,1400,0.2,1
7,7,3585,2,10,5,0,666,0.42,420,0.58,1
7,8,3538,1,0,300,0.5,572,0.32,486,0.18,1
7,9,10640,0,0,300,0.5,1700,0.5,1
7,10,1016,2,10,5,0,300,0.5,1700,0.5,1
7,11,113,1,0,300,0.5,1700,0.5,1
8,0,7573,0,0,300,0.5,572,0.32,486,0.18,1
8,1,436,2,10,5,0,666,0.42,420,0.58,1
8,2,10461,0,0,300,0.5,1700,0.5,1
8,3,11099,2,10,5,0,500,0.6,1000,0.2,1400,0.2,1
8,4,9225,0,0,300,0.5,1700,0.5,1
8,5,14140,1,0,300,0.5,572,0.32,486,0.18,1
8,6,10509,2,10,5,0,666,0.42,420,0.58,1
8,7,10941,0,0,666,0.42,420,0.58,1
8,8,5812,1,0,666,0.42,420,0.58,1
8,9,5653,1,0,666,0.42,420,0.58,1
8,10,6821,1,0,500,0.6,1000,0.2,1400,0.2,1
8,11,1437,1,0,666,0.42,420,0.58,1
9,0,4279,0,0,500,0.6,1000,0.2,1400,0.2,1
9,1,5739,0,0,666,0.42,420,0.58,1
9,2,4007,1,0,300,0.5,572,0.32,486,0.18,1
9,3,4578,2,10,5,0,500,0.6,1000,0.2,1400,0.2,1
9,4,2025,2,10,5,0,300,0.5,572,0.32,486,0.18,1
9,5,1050,1,0,500,0.6,1000,0.2,1400,0.2,1
9,6,12060,1,0,500,0.6,1000,0.2,1400,0.2,1
9,7,8348,2,10,5,0,666,0.42,420,0.58,1
9,8,9256,0,0,666,0.42,420,0.58,1
9,9,4631,2,10,5,0,500,0.6,1000,0.2,1400,0.2,1
9,10,8583,1,0,300,0.5,1700,0.5,1
9,11,9710,1,0,500,0.6,1000,0.2,1400,0.2,1
10,0,9809,2,10,5,0,500,0.6,1000,0.2,1400,0.2,1
10,1,2164,1,0,500,0.6,1000,0.2,1400,0.2,1
10,2,13963,1,0,300,0.5,1700,0.5,1
10,3,6543,1,0,300,0.5,572,0.32,486,0.18,1
10,4,12606,2,10,5,0,666,0.42,420,0.58,1
10,5,9746,0,0,300,0.5,572,0.32,486,0.18,1
10,6,10651,2,10,5,0,500,0.6,1000,0.2,1400,0.2,1
10,7,5004,1,0,500,0.6,1000,0.2,1400,0.2,1
10,8,10029,0,0,666,0.42,420,0.58,1
10,9,548,2,10,5,0,666,0.42,420,0.58,1
10,10,11882,0,0,300,0.5,572,0.32,486,0.18,1
10,11,7858,1,0,500,0.6,1000,0.2,1400,0.2,1
11,0,1903,1,0,300,0.5,572,0.32,486,0.18,1
11,1,3424,2,10,5,0,300,0.5,572,0.32,486,0.18,1
11,2,9872,1,0,300,0.5,572,0.32,486,0.18,1
11,3,3743,1,0,300,0.5,1700,0.5,1
11,4,9353,2,10,5,0,300,0.5,1700,0.5,1
11,5,5547,1,0,666,0.42,420,0.58,1
11,6,1265,2,10,5,0,666,0.42,420,0.58,1
11,7,914,2,10,5,0,500,0.6,1000,0.2,1400,0.2,1
11,8,11067,0,0,300,0.5,572,0.32,486,0.18,1
11,9,2659,1,0,300,0.5,1700,0.5,1
11,10,8345,1,0,300,0.5,1700,0.5,1
11,11,12393,1,0,666,0.42,420,0.58,1
