0,0,9940,2,10,5,0,500,0.6,1000,0.2,1400,0.2,1
0,1,11879,2,10,5,0,500,0.6,1000,0.2,1400,0.2,1
0,2,11766,0,0,300,0.5,572,0.32,486,0.18,1
0,3,13842,1,0,500,0.6,1000,0.2,1400,0.2,1
0,4,154,2,10,5,0,300,0.5,1700,0.5,1
0,5,12186,2,10,5,0,500,0.6,1000,0.2,1400,0.2,1
0,6,5874,0,0,500,0.6,1000,0.2,1400,0.2,1
0,7,680,1,0,300,0.5,572,0.32,486,0.18,1
0,8,9421,0,0,300,0.5,1700,0.5,1
0,9,13645,0,0,666,0.42,420,0.58,1
0,10,2322,1,0,500,0.6,1000,0.2,1400,0.2,1
0,11,8528,1,0,300,0.5,572,0.32,486,0.18,1
1,0,14368,2,10,5,0,500,0.6,1000,0.2,1400,0.2,1
1,1,5826,1,0,500,0.6,1000,0.2,1400,0.2,1
1,2,387,2,10,5,0,666,0.42,420,0.58,0
1,3,10929,0,0,300,0.5,1700,0.5,1
1,4,12358,1,0,666,0.42,420,0.58,1
1,5,10960,1,0,300,0.5,1700,0.5,1
1,6,13499,0,0,300,0.5,1700,0.5,1
1,7,3880,2,10,5,0,300,0.5,572,0.32,486,0.18,1
1,8,7561,0,0,500,0.6,1000,0.2,1400,0.2,1
1,9,3129,1,0,300,0.5,1700,0.5,1
1,10,11626,2,10,5,0,300,0.5,572,0.32,486,0.18,1
1,11,12197,1,0,666,0.42,420,0.58,1
2,0,8294,1,0,300,0.5,1700,0.5,1
2,1,3945,2,10,5,0,300,0.5,1700,0.5,1
2,2,12831,1,0,666,0.42,420,0.58,1
2,3,4720,0,0,500,0.6,1000,0.2,1400,0.2,1
2,4,7508,2,10,5,0,500,0.6,1000,0.2,1400,0.2,1
2,5,5428,0,0,300,0.5,572,0.32,486,0.18,1
2,6,12717,0,0,300,0.5,1700,0.5,1
2,7,12580,0,0,500,0.6,1000,0.2,1400,0.2,1
2,8,10233,1,0,500,0.6,1000,0.2,1400,0.2,1
2,9,9691,2,10,5,0,300,0.5,572,0.32,486,0.18,1
2,10,6507,2,10,5,0,666,0.42,420,0.58,1
2,11,9773,1,0,300,0.5,1700,0.5,1
3,0,1565,0,0,300,0.5,1700,0.5,1
3,1,2393,0,0,300,0.5,572,0.32,486,0.18,1
3,2,2974,2,10,5,0,300,0.5,572,0.32,486,0.18,1
3,3,824,1,0,500,0.6,1000,0.2,1400,0.2,1
3,4,3049,0,0,666,0.42,420,0.58,1
3,5,5607,2,10,5,0,666,0.42,420,0.58,1
3,6,7981,0,0,300,0.5,1700,0.5,1
3,7,12159,2,10,5,0,500,0.6,1000,0.2,1400,0.2,1
3,8,7362,0,0,666,0.42,420,0.58,1
3,9,14585,2,10,5,0,300,0.5,572,0.32,486,0.18,1
3,10,6679,2,10,5,0,300,0.5,1700,0.5,1
3,11,6726,1,0,666,0.42,420,0.58,1
4,0,5936,2,10,5,0,500,0.6,1000,0.2,1400,0.2,1
4,1,4719,1,0,300,0.5,1700,0.5,1
4,2,2186,1,0,666,0.42,420,0.58,1
4,3,6233,0,0,666,0.42,420,0.58,1
4,4,12704,0,0,300,0.5,1700,0.5,1
4,5,3705,1,0,666,0.42,420,0.58,1
4,6,10489,1,0,300,0.5,1700,0.5,1
4,7,852,1,0,500,0.6,1000,0.2,1400,0.2,1
4,8,1077,1,0,300,0.5,1700,0.5,1
4,9,1009,1,0,666,0.42,420,0.58,1
4,10,11919,0,0,500,0.6,1000,0.2,1400,0.2,1
4,11,10900,1,0,300,0.5,572,0.32,486,0.18,1
5,0,5810,2,10,5,0,300,0.5,1700,0.5,1
5,1,653,0,0,500,0.6,1000,0.2,1400,0.2,1
5,2,2539,2,10,5,0,500,0.6,1000,0.2,1400,0.2,1
5,3,5913,1,0,300,0.5,572,0.32,486,0.18,1
5,4,8888,0,0,300,0.5,1700,0.5,1
5,5,1299,2,10,5,0,500,0.6,1000,0.2,1400,0.2,1
5,6,12574,1,0,500,0.6,1000,0.2,1400,0.2,1
5,7,9246,1,0,500,0.6,1000,0.2,1400,0.2,1
5,8,3967,1,0,500,0.6,1000,0.2,1400,0.2,1
5,9,3730,1,0,300,0.5,572,0.32,486,0.18,1
5,10,12945,1,0,500,0.6,1000,0.2,1400,0.2,1
5,11,5204,0,0,500,0.6,1000,0.2,1400,0.2,1
6,0,12287,2,10,5,0,666,0.42,420,0.58,1
6,1,10698,1,0,300,0.5,572,0.32,486,0.18,1
6,2,4768,0,0,666,0.42,420,0.58,1
6,3,11866,0,0,300,0.5,1700,0.5,1
6,4,2394,2,10,5,0,300,0.5,1700,0.5,1
6,5,1656,1,0,666,0.42,420,0.58,1
6,6,14602,1,0,500,0.6,1000,0.2,1400,0.2,1
6,7,2835,1,0,500,0.6,1000,0.2,1400,0.2,1
6,8,9329,1,0,300,0.5,572,0.32,486,0.18,1
6,9,14763,1,0,500,0.6,1000,0.2,1400,0.2,1
6,10,7075,2,10,5,0,300,0.5,572,0.32,486,0.18,1
6,11,5184,1,0,300,0.5,1700,0.5,1
7,0,13606,2,10,5,0,300,0.5,572,0.32,486,0.18,1
7,1,12413,2,10,5,0,300,0.5,1700,0.5,1
7,2,4703,2,10,5,0,666,0.42,420,0.58,1
7,3,12901,2,10,5,0,300,0.5,1700,0.5,1
7,4,2929,1,0,500,0.6,1000,0.2,1400,0.2,1
7,5,3552,2,10,5,0,300,0.5,1700,0.5,1
7,6,2472,2,10,5,0,500,0.6,1000,0.2,1400,0.2,1
7,7,11463,0,0,666,0.42,420,0.58,1
7,8,3348,1,0,300,0.5,1700,0.5,1
7,9,14080,1,0,300,0.5,1700,0.5,1
7,10,1106,0,0,300,0.5,572,0.32,486,0.18,1
7,11,1031,1,0,500,0.6,1000,0.2,1400,0.2,1
8,0,14743,1,0,300,0.5,1700,0.5,1
8,1,5557,1,0,300,0.5,572,0.32,486,0.18,1
8,2,7030,2,10,5,0,666,0.42,420,0.58,1
8,3,1323,2,10,5,0,666,0.42,420,0.58,1
8,4,8551,0,0,500,0.6,1000,0.2,1400,0.2,1
8,5,8283,1,0,300,0.5,1700,0.5,1
8,6,12305,1,0,500,0.6,1000,0.2,1400,0.2,1
8,7,5143,2,10,5,0,300,0.5,572,0.32,486,0.18,1
8,8,4958,2,10,5,0,300,0.5,572,0.32,486,0.18,1
8,9,1665,0,0,666,0.42,420,0.58,1
8,10,8252,0,0,300,0.5,572,0.32,486,0.18,1
8,11,14140,0,0,300,0.5,572,0.32,486,0.18,1
9,0,14316,0,0,666,0.42,420,0.58,1
9,1,5846,1,0,300,0.5,1700,0.5,1
9,2,2747,2,10,5,0,500,0.6,1000,0.2,1400,0.2,1
9,3,9303,2,10,5,0,500,0.6,1000,0.2,1400,0.2,1
9,4,10354,2,10,5,0,300,0.5,1700,0.5,1
9,5,8872,0,0,300,0.5,1700,0.5,1
9,6,5330,0,0,300,0.5,572,0.32,486,0.18,1
9,7,1367,2,10,5,0,300,0.5,1700,0.5,1
9,8,2224,0,0,500,0.6,1000,0.2,1400,0.2,1
9,9,4275,0,0,300,0.5,572,0.32,486,0.18,1
9,10,7601,1,0,300,0.5,1700,0.5,1
9,11,6192,2,10,5,0,300,0.5,1700,0.5,1
10,0,1932,0,0,300,0.5,1700,0.5,1
10,1,8409,0,0,300,0.5,1700,0.5,1
10,2,7297,1,0,300,0.5,572,0.32,486,0.18,1
10,3,1434,0,0,300,0.5,572,0.32,486,0.18,1
10,4,1227,2,10,5,0,666,0.42,420,0.58,1
10,5,4294,1,0,500,0.6,1000,0.2,1400,0.2,1
10,6,10298,2,10,5,0,300,0.5,572,0.32,486,0.18,1
10,7,8674,1,0,300,0.5,1700,0.5,1
10,8,10125,0,0,500,0.6,1000,0.2,1400,0.2,1
10,9,2977,0,0,300,0.5,572,0.32,486,0.18,1
10,10,5362,1,0,300,0.5,1700,0.5,1
10,11,13208,0,0,300,0.5,572,0.32,486,0.18,1
11,0,5032,0,0,666,0.42,420,0.58,1
11,1,9821,2,10,5,0,300,0.5,1700,0.5,1
11,2,917,0,0,300,0.5,1700,0.5,1
11,3,8522,2,10,5,0,666,0.42,420,0.58,1
11,4,1681,0,0,500,0.6,1000,0.2,1400,0.2,1
11,5,5405,2,10,5,0,666,0.42,420,0.58,1
11,6,902,0,0,500,0.6,1000,0.2,1400,0.2,1
11,7,9125,2,10,5,0,300,0.5,1700,0.5,1
11,8,11078,1,0,300,0.5,572,0.32,486,0.18,1
11,9,8684,2,10,5,0,300,0.5,572,0.32,486,0.18,1
11,10,14719,1,0,300,0.5,1700,0.5,1
11,11,9830,2,10,5,0,666,0.42,420,0.58,1
