0,0,14886,1,0,500,0.6,1000,0.2,1400,0.2,1
0,1,12007,2,10,5,0,300,0.5,1700,0.5,1
0,2,5695,1,0,300,0.5,1700,0.5,1
0,3,5116,0,0,300,0.5,1700,0.5,1
0,4,2292,1,0,666,0.42,420,0.58,1
0,5,8201,1,0,300,0.5,572,0.32,486,0.18,1
0,6,6915,0,0,300,0.5,1700,0.5,1
0,7,1558,2,10,5,0,300,0.5,1700,0.5,1
0,8,7683,2,10,5,0,666,0.42,420,0.58,1
0,9,13298,1,0,300,0.5,1700,0.5,1
0,10,39,2,10,5,0,300,0.5,1700,0.5,1
0,11,5043,2,10,5,0,500,0.6,1000,0.2,1400,0.2,1
1,0,5073,2,10,5,0,666,0.42,420,0.58,1
1,1,7581,1,0,300,0.5,1700,0.5,1
1,2,8372,2,10,5,0,300,0.5,572,0.32,486,0.18,0
1,3,1947,2,10,5,0,666,0.42,420,0.58,1
1,4,4245,2,10,5,0,666,0.42,420,0.58,1
1,5,4763,1,0,666,0.42,420,0.58,1
1,6,12784,2,10,5,0,666,0.42,420,0.58,1
1,7,8711,0,0,666,0.42,420,0.58,1
1,8,13646,2,10,5,0,300,0.5,1700,0.5,1
1,9,11972,1,0,500,0.6,1000,0.2,1400,0.2,1
1,10,8501,2,10,5,0,666,0.42,420,0.58,1
1,11,8140,2,10,5,0,300,0.5,1700,0.5,1
2,0,276,2,10,5,0,300,0.5,1700,0.5,1
2,1,3286,0,0,300,0.5,1700,0.5,1
2,2,14541,0,0,666,0.42,420,0.58,1
2,3,9687,0,0,300,0.5,1700,0.5,1
2,4,3206,0,0,500,0.6,1000,0.2,1400,0.2,1
2,5,2833,0,0,300,0.5,1700,0.5,1
2,6,6340,2,10,5,0,300,0.5,572,0.32,486,0.18,1
2,7,4118,2,10,5,0,300,0.5,572,0.32,486,0.18,1
2,8,11537,1,0,300,0.5,572,0.32,486,0.18,1
2,9,3215,1,0,666,0.42,420,0.58,1
2,10,1777,1,0,500,0.6,1000,0.2,1400,0.2,1
2,11,1937,2,10,5,0,666,0.42,420,0.58,1
3,0,3954,0,0,666,0.42,420,0.58,1
3,1,13812,2,10,5,0,300,0.5,1700,0.5,1
3,2,239,1,0,666,0.42,420,0.58,1
3,3,12663,0,0,300,0.5,572,0.32,486,0.18,1
3,4,13114,1,0,300,0.5,1700,0.5,1
3,5,9716,0,0,300,0.5,572,0.32,486,0.18,1
3,6,9847,0,0,300,0.5,1700,0.5,1
3,7,13767,1,0,300,0.5,1700,0.5,1
3,8,7794,2,10,5,0,300,0.5,1700,0.5,1
3,9,12828,0,0,300,0.5,1700,0.5,1
3,10,3833,1,0,500,0.6,1000,0.2,1400,0.2,1
3,11,8511,2,10,5,0,300,0.5,572,0.32,486,0.18,1
4,0,12807,1,0,300,0.5,572,0.32,486,0.18,1
4,1,9307,2,10,5,0,300,0.5,1700,0.5,1
4,2,14788,2,10,5,0,300,0.5,1700,0.5,1
4,3,11306,1,0,500,0.6,1000,0.2,1400,0.2,1
4,4,2589,2,10,5,0,500,0.6,1000,0.2,1400,0.2,1
4,5,665,0,0,500,0.6,1000,0.2,1400,0.2,1
4,6,2563,0,0,300,0.5,572,0.32,486,0.18,1
4,7,11556,2,10,5,0,500,0.6,1000,0.2,1400,0.2,1
4,8,14266,2,10,5,0,300,0.5,572,0.32,486,0.18,1
4,9,4392,1,0,666,0.42,420,0.58,1
4,10,13590,0,0,300,0.5,572,0.32,486,0.18,1
4,11,2452,2,10,5,0,300,0.5,572,0.32,486,0.18,1
5,0,10644,2,10,5,0,666,0.42,420,0.58,1
5,1,14937,1,0,500,0.6,1000,0.2,1400,0.2,1
5,2,10260,2,10,5,0,300,0.5,1700,0.5,1
5,3,233,0,0,300,0.5,1700,0.5,1
5,4,14922,2,10,5,0,300,0.5,572,0.32,486,0.18,1
5,5,13124,0,0,666,0.42,420,0.58,1
5,6,10063,0,0,666,0.42,420,0.58,1
5,7,5920,1,0,300,0.5,1700,0.5,1
5,8,10162,0,0,500,0.6,1000,0.2,1400,0.2,1
5,9,2001,0,0,300,0.5,572,0.32,486,0.18,1
5,10,13056,2,10,5,0,500,0.6,1000,0.2,1400,0.2,1
5,11,10294,0,0,666,0.42,420,0.58,1
6,0,9936,2,10,5,0,666,0.42,420,0.58,1
6,1,13545,2,10,5,0,666,0.42,420,0.58,1
6,2,3702,1,0,300,0.5,1700,0.5,1
6,3,11886,2,10,5,0,300,0.5,1700,0.5,1
6,4,7451,1,0,300,0.5,572,0.32,486,0.18,1
6,5,3982,0,0,666,0.42,420,0.58,1
6,6,4090,1,0,300,0.5,1700,0.5,1
6,7,4896,0,0,300,0.5,1700,0.5,1
6,8,8551,0,0,666,0.42,420,0.58,1
6,9,6877,1,0,300,0.5,1700,0.5,1
6,10,42,2,10,5,0,300,0.5,1700,0.5,1
6,11,10107,1,0,666,0.42,420,0.58,1
7,0,7789,1,0,300,0.5,1700,0.5,1
7,1,691,2,10,5,0,666,0.42,420,0.58,1
7,2,8120,0,0,500,0.6,1000,0.2,1400,0.2,1
7,3,8435,0,0,300,0.5,1700,0.5,1
7,4,2249,1,0,666,0.42,420,0.58,1
7,5,13308,1,0,300,0.5,572,0.32,486,0.18,1
7,6,9376,0,0,300,0.5,572,0.32,486,0.18,1
7,7,12716,1,0,500,0.6,1000,0.2,1400,0.2,1
7,8,3151,2,10,5,0,300,0.5,572,0.32,486,0.18,1
7,9,6118,2,10,5,0,300,0.5,1700,0.5,1
7,10,4515,1,0,300,0.5,1700,0.5,1
7,11,3594,1,0,300,0.5,572,0.32,486,0.18,1
8,0,1850,0,0,300,0.5,572,0.32,486,0.18,1
8,1,11157,1,0,300,0.5,1700,0.5,1
8,2,332,2,10,5,0,300,0.5,1700,0.5,1
8,3,1553,0,0,300,0.5,1700,0.5,1
8,4,5918,1,0,300,0.5,1700,0.5,1
8,5,3633,2,10,5,0,300,0.5,572,0.32,486,0.18,1
8,6,12239,1,0,500,0.6,1000,0.2,1400,0.2,1
8,7,3916,1,0,300,0.5,572,0.32,486,0.18,1
8,8,404,1,0,666,0.42,420,0.58,1
8,9,13642,0,0,300,0.5,572,0.32,486,0.18,1
8,10,14635,2,10,5,0,666,0.42,420,0.58,1
8,11,13277,0,0,500,0.6,1000,0.2,1400,0.2,1
9,0,3580,0,0,300,0.5,572,0.32,486,0.18,1
9,1,1622,0,0,500,0.6,1000,0.2,1400,0.2,1
9,2,13062,2,10,5,0,300,0.5,572,0.32,486,0.18,1
9,3,575,0,0,300,0.5,572,0.32,486,0.18,1
9,4,4205,1,0,666,0.42,420,0.58,1
9,5,10252,2,10,5,0,300,0.5,1700,0.5,1
9,6,11486,0,0,300,0.5,1700,0.5,1
9,7,515,0,0,300,0.5,572,0.32,486,0.18,1
9,8,9709,1,0,500,0.6,1000,0.2,1400,0.2,1
9,9,3547,0,0,666,0.42,420,0.58,1
9,10,1422,0,0,500,0.6,1000,0.2,1400,0.2,1
9,11,10086,0,0,300,0.5,1700,0.5,1
10,0,14618,2,10,5,0,300,0.5,1700,0.5,1
10,1,7183,0,0,300,0.5,1700,0.5,1
10,2,3917,0,0,300,0.5,1700,0.5,1
10,3,5970,0,0,666,0.42,420,0.58,1
10,4,3847,0,0,666,0.42,420,0.58,1
10,5,11517,2,10,5,0,300,0.5,1700,0.5,1
10,6,12673,1,0,300,0.5,572,0.32,486,0.18,1
10,7,2484,1,0,300,0.5,572,0.32,486,0.18,1
10,8,11900,2,10,5,0,300,0.5,572,0.32,486,0.18,1
10,9,14920,2,10,5,0,300,0.5,1700,0.5,1
10,10,14049,1,0,300,0.5,1700,0.5,1
10,11,5582,0,0,500,0.6,1000,0.2,1400,0.2,1
11,0,12511,0,0,300,0.5,1700,0.5,1
11,1,10114,0,0,300,0.5,572,0.32,486,0.18,1
11,2,4338,0,0,300,0.5,1700,0.5,1
11,3,5838,1,0,500,0.6,1000,0.2,1400,0.2,1
11,4,10531,1,0,666,0.42,420,0.58,1
11,5,2783,0,0,300,0.5,1700,0.5,1
11,6,14834,0,0,500,0.6,1000,0.2,1400,0.2,1
11,7,11935,2,10,5,0,300,0.5,572,0.32,486,0.18,1
11,8,13909,2,10,5,0,300,0.5,572,0.32,486,0.18,1
11,9,13454,1,0,500,0.6,1000,0.2,1400,0.2,1
11,10,14448,0,0,300,0.5,572,0.32,486,0.18,1
11,11,2254,2,10,5,0,500,0.6,1000,0.2,1400,0.2,1
