0,0,83,2,10,5,0,300,0.5,572,0.32,486,0.18,1
0,1,1666,1,0,666,0.42,420,0.58,1
0,2,7223,0,0,666,0.42,420,0.58,1
0,3,10626,1,0,666,0.42,420,0.58,1
0,4,4362,1,0,300,0.5,1700,0.5,1
0,5,11234,1,0,500,0.6,1000,0.2,1400,0.2,1
0,6,13425,2,10,5,0,500,0.6,1000,0.2,1400,0.2,1
0,7,3543,1,0,500,0.6,1000,0.2,1400,0.2,1
0,8,4618,2,10,5,0,300,0.5,572,0.32,486,0.18,1
0,9,1816,1,0,300,0.5,1700,0.5,1
0,10,582,1,0,300,0.5,1700,0.5,1
0,11,5769,0,0,300,0.5,1700,0.5,1
1,0,514,2,10,5,0,300,0.5,1700,0.5,1
1,1,106,2,10,5,0,500,0.6,1000,0.2,1400,0.2,1
1,2,7726,2,10,5,0,666,0.42,420,0.58,0
1,3,913,0,0,500,0.6,1000,0.2,1400,0.2,1
1,4,9446,2,10,5,0,300,0.5,1700,0.5,1
1,5,10496,1,0,500,0.6,1000,0.2,1400,0.2,1
1,6,7402,1,0,300,0.5,1700,0.5,1
1,7,14033,0,0,500,0.6,1000,0.2,1400,0.2,1
1,8,2002,1,0,666,0.42,420,0.58,1
1,9,3600,0,0,666,0.42,420,0.58,1
1,10,3947,2,10,5,0,666,0.42,420,0.58,1
1,11,6191,0,0,666,0.42,420,0.58,1
2,0,11760,2,10,5,0,666,0.42,420,0.58,1
2,1,10793,1,0,300,0.5,1700,0.5,1
2,2,13893,1,0,666,0.42,420,0.58,1
2,3,5293,1,0,300,0.5,1700,0.5,1
2,4,5124,1,0,300,0.5,1700,0.5,1
2,5,12678,0,0,666,0.42,420,0.58,1
2,6,214,1,0,300,0.5,572,0.32,486,0.18,1
2,7,9504,2,10,5,0,300,0.5,572,0.32,486,0.18,1
2,8,2524,1,0,666,0.42,420,0.58,1
2,9,11006,1,0,666,0.42,420,0.58,1
2,10,3580,2,10,5,0,300,0.5,1700,0.5,1
2,11,986,0,0,666,0.42,420,0.58,1
3,0,9437,2,10,5,0,300,0.5,572,0.32,486,0.18,1
3,1,179,1,0,666,0.42,420,0.58,1
3,2,12559,2,10,5,0,300,0.5,572,0.32,486,0.18,1
3,3,11745,1,0,300,0.5,1700,0.5,1
3,4,4950,2,10,5,0,666,0.42,420,0.58,1
3,5,739,2,10,5,0,300,0.5,572,0.32,486,0.18,1
3,6,7065,1,0,300,0.5,1700,0.5,1
3,7,14140,2,10,5,0,666,0.42,420,0.58,1
3,8,3135,0,0,300,0.5,1700,0.5,1
3,9,5562,0,0,500,0.6,1000,0.2,1400,0.2,1
3,10,14413,0,0,666,0.42,420,0.58,1
3,11,11614,2,10,5,0,300,0.5,1700,0.5,1
4,0,1319,0,0,500,0.6,1000,0.2,1400,0.2,1
4,1,3702,2,10,5,0,300,0.5,572,0.32,486,0.18,1
4,2,12401,1,0,300,0.5,572,0.32,486,0.18,1
4,3,3532,2,10,5,0,300,0.5,572,0.32,486,0.18,1
4,4,5590,2,10,5,0,300,0.5,572,0.32,486,0.18,1
4,5,6699,2,10,5,0,500,0.6,1000,0.2,1400,0.2,1
4,6,14215,2,10,5,0,666,0.42,420,0.58,1
4,7,9471,0,0,500,0.6,1000,0.2,1400,0.2,1
4,8,12434,0,0,500,0.6,1000,0.2,1400,0.2,1
4,9,4020,2,10,5,0,300,0.5,572,0.32,486,0.18,1
4,10,12340,2,10,5,0,300,0.5,1700,0.5,1
4,11,9884,2,10,5,0,500,0.6,1000,0.2,1400,0.2,1
5,0,12886,2,10,5,0,500,0.6,1000,0.2,1400,0.2,1
5,1,8105,0,0,300,0.5,1700,0.5,1
5,2,11701,1,0,666,0.42,420,0.58,1
5,3,8133,2,10,5,0,300,0.5,572,0.32,486,0.18,1
5,4,6105,1,0,300,0.5,572,0.32,486,0.18,1
5,5,3076,0,0,300,0.5,572,0.32,486,0.18,1
5,6,33,0,0,300,0.5,572,0.32,486,0.18,1
5,7,6798,2,10,5,0,500,0.6,1000,0.2,1400,0.2,1
5,8,8096,2,10,5,0,666,0.42,420,0.58,1
5,9,3567,2,10,5,0,500,0.6,1000,0.2,1400,0.2,1
5,10,1342,0,0,300,0.5,1700,0.5,1
5,11,628,0,0,300,0.5,572,0.32,486,0.18,1
6,0,12870,2,10,5,0,500,0.6,1000,0.2,1400,0.2,1
6,1,13095,0,0,666,0.42,420,0.58,1
6,2,13857,0,0,300,0.5,1700,0.5,1
6,3,2077,0,0,300,0.5,572,0.32,486,0.18,1
6,4,4086,0,0,300,0.5,1700,0.5,1
6,5,1814,1,0,500,0.6,1000,0.2,1400,0.2,1
6,6,1487,1,0,300,0.5,572,0.32,486,0.18,1
6,7,7045,0,0,300,0.5,1700,0.5,1
6,8,2064,2,10,5,0,300,0.5,572,0.32,486,0.18,1
6,9,11135,1,0,666,0.42,420,0.58,1
6,10,3461,2,10,5,0,300,0.5,1700,0.5,1
6,11,5124,0,0,300,0.5,572,0.32,486,0.18,1
7,0,14376,0,0,300,0.5,1700,0.5,1
7,1,3747,2,10,5,0,666,0.42,420,0.58,1
7,2,9760,2,10,5,0,500,0.6,1000,0.2,1400,0.2,1
7,3,11377,0,0,300,0.5,572,0.32,486,0.18,1
7,4,3828,1,0,666,0.42,420,0.58,1
7,5,6617,0,0,666,0.42,420,0.58,1
7,6,5920,2,10,5,0,666,0.42,420,0.58,1
7,7,1180,2,10,5,0,300,0.5,572,0.32,486,0.18,1
7,8,14380,0,0,300,0.5,1700,0.5,1
7,9,7251,1,0,500,0.6,1000,0.2,1400,0.2,1
7,10,613,2,10,5,0,300,0.5,1700,0.5,1
7,11,1093,0,0,300,0.5,1700,0.5,1
8,0,12812,2,10,5,0,300,0.5,1700,0.5,1
8,1,10358,0,0,300,0.5,572,0.32,486,0.18,1
8,2,1828,2,10,5,0,300,0.5,572,0.32,486,0.18,1
8,3,10369,2,10,5,0,666,0.42,420,0.58,1
8,4,7586,1,0,300,0.5,1700,0.5,1
8,5,3735,2,10,5,0,666,0.42,420,0.58,1
8,6,598,0,0,666,0.42,420,0.58,1
8,7,11328,0,0,500,0.6,1000,0.2,1400,0.2,1
8,8,3578,0,0,500,0.6,1000,0.2,1400,0.2,1
8,9,6415,0,0,300,0.5,572,0.32,486,0.18,1
8,10,12374,2,10,5,0,500,0.6,1000,0.2,1400,0.2,1
8,11,4365,2,10,5,0,300,0.5,572,0.32,486,0.18,1
9,0,13434,1,0,500,0.6,1000,0.2,1400,0.2,1
9,1,11274,0,0,500,0.6,1000,0.2,1400,0.2,1
9,2,14759,1,0,666,0.42,420,0.58,1
9,3,12419,1,0,666,0.42,420,0.58,1
9,4,12865,2,10,5,0,300,0.5,572,0.32,486,0.18,1
9,5,4527,0,0,666,0.42,420,0.58,1
9,6,2525,0,0,300,0.5,1700,0.5,1
9,7,8052,2,10,5,0,300,0.5,1700,0.5,1
9,8,11862,1,0,300,0.5,572,0.32,486,0.18,1
9,9,1746,2,10,5,0,500,0.6,1000,0.2,1400,0.2,1
9,10,7922,1,0,666,0.42,420,0.58,1
9,11,9442,1,0,666,0.42,420,0.58,1
10,0,8537,1,0,500,0.6,1000,0.2,1400,0.2,1
10,1,8556,2,10,5,0,500,0.6,1000,0.2,1400,0.2,1
10,2,5961,2,10,5,0,500,0.6,1000,0.2,1400,0.2,1
10,3,7197,0,0,500,0.6,1000,0.2,1400,0.2,1
10,4,5697,1,0,300,0.5,1700,0.5,1
10,5,6367,2,10,5,0,666,0.42,420,0.58,1
10,6,8008,1,0,666,0.42,420,0.58,1
10,7,764,0,0,666,0.42,420,0.58,1
10,8,13772,2,10,5,0,500,0.6,1000,0.2,1400,0.2,1
10,9,14170,0,0,500,0.6,1000,0.2,1400,0.2,1
10,10,10270,1,0,300,0.5,1700,0.5,1
10,11,932,2,10,5,0,300,0.5,572,0.32,486,0.18,1
11,0,14208,0,0,500,0.6,1000,0.2,1400,0.2,1
11,1,8192,1,0,300,0.5,572,0.32,486,0.18,1
11,2,5480,1,0,500,0.6,1000,0.2,1400,0.2,1
11,3,5836,0,0,500,0.6,1000,0.2,1400,0.2,1
11,4,11786,1,0,500,0.6,1000,0.2,1400,0.2,1
11,5,6187,0,0,300,0.5,572,0.32,486,0.18,1
11,6,12577,0,0,300,0.5,572,0.32,486,0.18,1
11,7,5968,2,10,5,0,666,0.42,420,0.58,1
11,8,599,2,10,5,0,300,0.5,1700,0.5,1
11,9,1262,1,0,500,0.6,1000,0.2,1400,0.2,1
11,10,7633,1,0,500,0.6,1000,0.2,1400,0.2,1
11,11,11059,0,0,300,0.5,572,0.32,486,0.18,1
