0,0,1628,0,0,500,0.6,1000,0.2,1400,0.2,1
0,1,4690,2,10,5,0,666,0.42,420,0.58,1
0,2,142,2,10,5,0,300,0.5,1700,0.5,1
0,3,3004,1,0,300,0.5,572,0.32,486,0.18,1
0,4,7173,1,0,300,0.5,1700,0.5,1
0,5,5483,0,0,500,0.6,1000,0.2,1400,0.2,1
0,6,1122,0,0,666,0.42,420,0.58,1
0,7,413,0,0,666,0.42,420,0.58,1
0,8,9591,0,0,666,0.42,420,0.58,1
0,9,9010,0,0,666,0.42,420,0.58,1
0,10,14563,0,0,300,0.5,1700,0.5,1
0,11,2383,2,10,5,0,500,0.6,1000,0.2,1400,0.2,1
1,0,7186,0,0,300,0.5,572,0.32,486,0.18,1
1,1,5499,0,0,500,0.6,1000,0.2,1400,0.2,1
1,2,4417,0,0,500,0.6,1000,0.2,1400,0.2,0
1,3,5575,2,10,5,0,300,0.5,1700,0.5,1
1,4,4625,1,0,666,0.42,420,0.58,1
1,5,8926,1,0,300,0.5,1700,0.5,1
1,6,8960,0,0,500,0.6,1000,0.2,1400,0.2,1
1,7,3228,2,10,5,0,666,0.42,420,0.58,1
1,8,9099,1,0,666,0.42,420,0.58,1
1,9,14577,0,0,300,0.5,1700,0.5,1
1,10,14662,1,0,300,0.5,1700,0.5,1
1,11,8877,2,10,5,0,300,0.5,572,0.32,486,0.18,1
2,0,9639,1,0,666,0.42,420,0.58,1
2,1,14734,2,10,5,0,500,0.6,1000,0.2,1400,0.2,1
2,2,10257,1,0,300,0.5,572,0.32,486,0.18,1
2,3,8467,0,0,666,0.42,420,0.58,1
2,4,6285,1,0,500,0.6,1000,0.2,1400,0.2,1
2,5,3851,2,10,5,0,300,0.5,1700,0.5,1
2,6,6919,0,0,500,0.6,1000,0.2,1400,0.2,1
2,7,516,0,0,500,0.6,1000,0.2,1400,0.2,1
2,8,6084,1,0,300,0.5,572,0.32,486,0.18,1
2,9,3956,1,0,500,0.6,1000,0.2,1400,0.2,1
2,10,4327,0,0,666,0.42,420,0.58,1
2,11,2439,0,0,666,0.42,420,0.58,1
3,0,12627,2,10,5,0,300,0.5,1700,0.5,1
3,1,2733,2,10,5,0,300,0.5,572,0.32,486,0.18,1
3,2,14154,1,0,300,0.5,1700,0.5,1
3,3,2329,0,0,500,0.6,1000,0.2,1400,0.2,1
3,4,13108,0,0,500,0.6,1000,0.2,1400,0.2,1
3,5,4389,0,0,300,0.5,572,0.32,486,0.18,1
3,6,4526,2,10,5,0,500,0.6,1000,0.2,1400,0.2,1
3,7,3854,1,0,300,0.5,572,0.32,486,0.18,1
3,8,11781,1,0,300,0.5,1700,0.5,1
3,9,8234,0,0,300,0.5,572,0.32,486,0.18,1
3,10,2064,0,0,666,0.42,420,0.58,1
3,11,11830,0,0,500,0.6,1000,0.2,1400,0.2,1
4,0,911,0,0,300,0.5,1700,0.5,1
4,1,12480,2,10,5,0,500,0.6,1000,0.2,1400,0.2,1
4,2,6641,1,0,500,0.6,1000,0.2,1400,0.2,1
4,3,12683,1,0,500,0.6,1000,0.2,1400,0.2,1
4,4,13076,1,0,300,0.5,1700,0.5,1
4,5,6920,2,10,5,0,300,0.5,572,0.32,486,0.18,1
4,6,6348,1,0,500,0.6,1000,0.2,1400,0.2,1
4,7,10062,2,10,5,0,500,0.6,1000,0.2,1400,0.2,1
4,8,3684,1,0,500,0.6,1000,0.2,1400,0.2,1
4,9,11593,2,10,5,0,500,0.6,1000,0.2,1400,0.2,1
4,10,8502,1,0,300,0.5,572,0.32,486,0.18,1
4,11,8082,0,0,666,0.42,420,0.58,1
5,0,12900,2,10,5,0,300,0.5,572,0.32,486,0.18,1
5,1,12892,0,0,300,0.5,1700,0.5,1
5,2,14390,2,10,5,0,500,0.6,1000,0.2,1400,0.2,1
5,3,2455,1,0,666,0.42,420,0.58,1
5,4,13349,0,0,300,0.5,1700,0.5,1
5,5,357,0,0,500,0.6,1000,0.2,1400,0.2,1
5,6,440,0,0,500,0.6,1000,0.2,1400,0.2,1
5,7,5189,1,0,300,0.5,1700,0.5,1
5,8,10547,2,10,5,0,500,0.6,1000,0.2,1400,0.2,1
5,9,1982,1,0,300,0.5,572,0.32,486,0.18,1
5,10,7618,2,10,5,0,666,0.42,420,0.58,1
5,11,10259,2,10,5,0,666,0.42,420,0.58,1
6,0,6945,0,0,300,0.5,1700,0.5,1
6,1,14206,1,0,666,0.42,420,0.58,1
6,2,2118,0,0,500,0.6,1000,0.2,1400,0.2,1
6,3,4416,1,0,666,0.42,420,0.58,1
6,4,9355,2,10,5,0,300,0.5,1700,0.5,1
6,5,10583,0,0,300,0.5,1700,0.5,1
6,6,1381,0,0,500,0.6,1000,0.2,1400,0.2,1
6,7,6355,2,10,5,0,300,0.5,572,0.32,486,0.18,1
6,8,7760,0,0,300,0.5,1700,0.5,1
6,9,13292,2,10,5,0,666,0.42,420,0.58,1
6,10,11761,2,10,5,0,300,0.5,1700,0.5,1
6,11,3908,2,10,5,0,666,0.42,420,0.58,1
7,0,10103,0,0,300,0.5,572,0.32,486,0.18,1
7,1,13158,0,0,500,0.6,1000,0.2,1400,0.2,1
7,2,7926,2,10,5,0,300,0.5,572,0.32,486,0.18,1
7,3,12652,0,0,500,0.6,1000,0.2,1400,0.2,1
7,4,5670,1,0,300,0.5,1700,0.5,1
7,5,11675,0,0,300,0.5,572,0.32,486,0.18,1
7,6,648,2,10,5,0,300,0.5,1700,0.5,1
7,7,3999,2,10,5,0,500,0.6,1000,0.2,1400,0.2,1
7,8,8363,2,10,5,0,666,0.42,420,0.58,1
7,9,11381,2,10,5,0,500,0.6,1000,0.2,1400,0.2,1
7,10,7947,0,0,666,0.42,420,0.58,1
7,11,13319,0,0,300,0.5,1700,0.5,1
8,0,3718,2,10,5,0,666,0.42,420,0.58,1
8,1,345,0,0,300,0.5,1700,0.5,1
8,2,535,1,0,300,0.5,1700,0.5,1
8,3,9871,2,10,5,0,300,0.5,1700,0.5,1
8,4,3010,0,0,500,0.6,1000,0.2,1400,0.2,1
8,5,6795,0,0,300,0.5,1700,0.5,1
8,6,1985,2,10,5,0,666,0.42,420,0.58,1
8,7,2699,1,0,666,0.42,420,0.58,1
8,8,7337,1,0,500,0.6,1000,0.2,1400,0.2,1
8,9,8738,0,0,666,0.42,420,0.58,1
8,10,9964,0,0,500,0.6,1000,0.2,1400,0.2,1
8,11,7207,0,0,500,0.6,1000,0.2,1400,0.2,1
9,0,1022,2,10,5,0,300,0.5,572,0.32,486,0.18,1
9,1,8277,0,0,300,0.5,1700,0.5,1
9,2,1112,1,0,300,0.5,572,0.32,486,0.18,1
9,3,9378,0,0,666,0.42,420,0.58,1
9,4,10470,1,0,666,0.42,420,0.58,1
9,5,7162,1,0,300,0.5,572,0.32,486,0.18,1
9,6,9601,0,0,666,0.42,420,0.58,1
9,7,10430,2,10,5,0,500,0.6,1000,0.2,1400,0.2,1
9,8,4502,0,0,300,0.5,1700,0.5,1
9,9,10240,2,10,5,0,300,0.5,1700,0.5,1
9,10,12020,2,10,5,0,300,0.5,1700,0.5,1
9,11,6371,0,0,666,0.42,420,0.58,1
10,0,11465,0,0,300,0.5,1700,0.5,1
10,1,590,2,10,5,0,666,0.42,420,0.58,1
10,2,1132,1,0,300,0.5,572,0.32,486,0.18,1
10,3,525,2,10,5,0,300,0.5,572,0.32,486,0.18,1
10,4,10925,1,0,300,0.5,572,0.32,486,0.18,1
10,5,11882,0,0,666,0.42,420,0.58,1
10,6,13356,0,0,300,0.5,1700,0.5,1
10,7,4835,0,0,500,0.6,1000,0.2,1400,0.2,1
10,8,14003,1,0,300,0.5,572,0.32,486,0.18,1
10,9,11372,1,0,500,0.6,1000,0.2,1400,0.2,1
10,10,10670,1,0,300,0.5,1700,0.5,1
10,11,1443,0,0,300,0.5,1700,0.5,1
11,0,6334,2,10,5,0,666,0.42,420,0.58,1
11,1,4596,1,0,666,0.42,420,0.58,1
11,2,1104,0,0,666,0.42,420,0.58,1
11,3,8570,1,0,300,0.5,1700,0.5,1
11,4,12153,2,10,5,0,300,0.5,1700,0.5,1
11,5,6287,0,0,666,0.42,420,0.58,1
11,6,126,0,0,666,0.42,420,0.58,1
11,7,4962,0,0,300,0.5,1700,0.5,1
11,8,9923,0,0,300,0.5,1700,0.5,1
11,9,11979,1,0,500,0.6,1000,0.2,1400,0.2,1
11,10,3184,1,0,300,0.5,572,0.32,486,0.18,1
11,11,1417,0,0,500,0.6,1000,0.2,1400,0.2,1
