0,0,5771,2,10,5,0,500,0.6,1000,0.2,1400,0.2,1
0,1,10591,1,0,500,0.6,1000,0.2,1400,0.2,1
0,2,9845,2,10,5,0,300,0.5,1700,0.5,1
0,3,6410,1,0,666,0.42,420,0.58,1
0,4,3447,0,0,666,0.42,420,0.58,1
0,5,3427,0,0,300,0.5,1700,0.5,1
0,6,10700,1,0,300,0.5,572,0.32,486,0.18,1
0,7,305,2,10,5,0,500,0.6,1000,0.2,1400,0.2,1
0,8,9909,1,0,666,0.42,420,0.58,1
0,9,12224,2,10,5,0,500,0.6,1000,0.2,1400,0.2,1
0,10,13110,1,0,666,0.42,420,0.58,1
0,11,11983,1,0,300,0.5,572,0.32,486,0.18,1
1,0,1860,1,0,300,0.5,1700,0.5,1
1,1,11724,1,0,300,0.5,1700,0.5,1
1,2,10509,2,10,5,0,300,0.5,572,0.32,486,0.18,0
1,3,14902,2,10,5,0,300,0.5,572,0.32,486,0.18,1
1,4,10065,2,10,5,0,500,0.6,1000,0.2,1400,0.2,1
1,5,5929,0,0,500,0.6,1000,0.2,1400,0.2,1
1,6,12849,1,0,500,0.6,1000,0.2,1400,0.2,1
1,7,2407,2,10,5,0,666,0.42,420,0.58,1
1,8,11475,1,0,500,0.6,1000,0.2,1400,0.2,1
1,9,2719,1,0,300,0.5,1700,0.5,1
1,10,3175,0,0,300,0.5,1700,0.5,1
1,11,14327,2,10,5,0,500,0.6,1000,0.2,1400,0.2,1
2,0,1881,2,10,5,0,300,0.5,1700,0.5,1
2,1,2442,0,0,666,0.42,420,0.58,1
2,2,11177,0,0,300,0.5,572,0.32,486,0.18,1
2,3,14410,1,0,300,0.5,1700,0.5,1
2,4,439,0,0,500,0.6,1000,0.2,1400,0.2,1
2,5,5958,0,0,300,0.5,1700,0.5,1
2,6,11747,0,0,500,0.6,1000,0.2,1400,0.2,1
2,7,4904,2,10,5,0,300,0.5,1700,0.5,1
2,8,8298,0,0,300,0.5,572,0.32,486,0.18,1
2,9,10408,0,0,666,0.42,420,0.58,1
2,10,14564,2,10,5,0,300,0.5,1700,0.5,1
2,11,14375,0,0,300,0.5,1700,0.5,1
3,0,9338,2,10,5,0,666,0.42,420,0.58,1
3,1,11734,0,0,300,0.5,572,0.32,486,0.18,1
3,2,1688,0,0,300,0.5,572,0.32,486,0.18,1
3,3,9233,1,0,500,0.6,1000,0.2,1400,0.2,1
3,4,10462,2,10,5,0,300,0.5,1700,0.5,1
3,5,1963,1,0,300,0.5,1700,0.5,1
3,6,11814,1,0,666,0.42,420,0.58,1
3,7,9808,2,10,5,0,500,0.6,1000,0.2,1400,0.2,1
3,8,14459,1,0,500,0.6,1000,0.2,1400,0.2,1
3,9,728,1,0,300,0.5,1700,0.5,1
3,10,10767,1,0,300,0.5,572,0.32,486,0.18,1
3,11,4424,0,0,300,0.5,1700,0.5,1
4,0,11175,1,0,666,0.42,420,0.58,1
4,1,12917,2,10,5,0,300,0.5,1700,0.5,1
4,2,6973,2,10,5,0,500,0.6,1000,0.2,1400,0.2,1
4,3,5688,2,10,5,0,300,0.5,572,0.32,486,0.18,1
4,4,3994,0,0,500,0.6,1000,0.2,1400,0.2,1
4,5,2039,1,0,300,0.5,572,0.32,486,0.18,1
4,6,13981,1,0,666,0.42,420,0.58,1
4,7,4291,2,10,5,0,500,0.6,1000,0.2,1400,0.2,1
4,8,4343,0,0,500,0.6,1000,0.2,1400,0.2,1
4,9,7436,2,10,5,0,500,0.6,1000,0.2,1400,0.2,1
4,10,10259,2,10,5,0,300,0.5,572,0.32,486,0.18,1
4,11,8297,1,0,500,0.6,1000,0.2,1400,0.2,1
5,0,1988,2,10,5,0,500,0.6,1000,0.2,1400,0.2,1
5,1,2441,2,10,5,0,300,0.5,1700,0.5,1
5,2,989,2,10,5,0,300,0.5,1700,0.5,1
5,3,3196,0,0,300,0.5,572,0.32,486,0.18,1
5,4,323,2,10,5,0,500,0.6,1000,0.2,1400,0.2,1
5,5,1977,1,0,300,0.5,572,0.32,486,0.18,1
5,6,14080,1,0,500,0.6,1000,0.2,1400,0.2,1
5,7,2267,1,0,500,0.6,1000,0.2,1400,0.2,1
5,8,13418,1,0,666,0.42,420,0.58,1
5,9,4122,1,0,300,0.5,572,0.32,486,0.18,1
5,10,4101,0,0,666,0.42,420,0.58,1
5,11,9351,2,10,5,0,500,0.6,1000,0.2,1400,0.2,1
6,0,2196,1,0,300,0.5,572,0.32,486,0.18,1
6,1,1947,0,0,666,0.42,420,0.58,1
6,2,13997,2,10,5,0,666,0.42,420,0.58,1
6,3,14117,1,0,666,0.42,420,0.58,1
6,4,12539,2,10,5,0,300,0.5,1700,0.5,1
6,5,12310,0,0,300,0.5,572,0.32,486,0.18,1
6,6,5145,0,0,300,0.5,1700,0.5,1
6,7,13817,0,0,300,0.5,572,0.32,486,0.18,1
6,8,4816,0,0,666,0.42,420,0.58,1
6,9,9349,2,10,5,0,500,0.6,1000,0.2,1400,0.2,1
6,10,14836,2,10,5,0,300,0.5,572,0.32,486,0.18,1
6,11,6655,1,0,300,0.5,1700,0.5,1
7,0,11273,0,0,300,0.5,1700,0.5,1
7,1,8209,1,0,500,0.6,1000,0.2,1400,0.2,1
7,2,13955,0,0,300,0.5,1700,0.5,1
7,3,6429,1,0,300,0.5,572,0.32,486,0.18,1
7,4,8152,1,0,666,0.42,420,0.58,1
7,5,1466,1,0,500,0.6,1000,0.2,1400,0.2,1
7,6,13732,2,10,5,0,300,0.5,1700,0.5,1
7,7,7916,0,0,500,0.6,1000,0.2,1400,0.2,1
7,8,2177,2,10,5,0,300,0.5,1700,0.5,1
7,9,6608,0,0,300,0.5,572,0.32,486,0.18,1
7,10,2443,2,10,5,0,500,0.6,1000,0.2,1400,0.2,1
7,11,6935,2,10,5,0,500,0.6,1000,0.2,1400,0.2,1
8,0,10460,0,0,300,0.5,572,0.32,486,0.18,1
8,1,3437,1,0,666,0.42,420,0.58,1
8,2,8474,2,10,5,0,300,0.5,1700,0.5,1
8,3,11051,1,0,300,0.5,572,0.32,486,0.18,1
8,4,14402,1,0,500,0.6,1000,0.2,1400,0.2,1
8,5,7343,0,0,300,0.5,572,0.32,486,0.18,1
8,6,6889,2,10,5,0,300,0.5,1700,0.5,1
8,7,4653,0,0,300,0.5,572,0.32,486,0.18,1
8,8,4801,0,0,666,0.42,420,0.58,1
8,9,9086,1,0,666,0.42,420,0.58,1
8,10,4753,2,10,5,0,500,0.6,1000,0.2,1400,0.2,1
8,11,11612,0,0,666,0.42,420,0.58,1
9,0,13381,1,0,666,0.42,420,0.58,1
9,1,12005,2,10,5,0,300,0.5,1700,0.5,1
9,2,14446,0,0,300,0.5,572,0.32,486,0.18,1
9,3,9678,2,10,5,0,666,0.42,420,0.58,1
9,4,14157,2,10,5,0,500,0.6,1000,0.2,1400,0.2,1
9,5,14231,1,0,500,0.6,1000,0.2,1400,0.2,1
9,6,5014,2,10,5,0,300,0.5,1700,0.5,1
9,7,8958,0,0,300,0.5,1700,0.5,1
9,8,3762,2,10,5,0,300,0.5,572,0.32,486,0.18,1
9,9,4625,2,10,5,0,300,0.5,1700,0.5,1
9,10,12274,2,10,5,0,500,0.6,1000,0.2,1400,0.2,1
9,11,1122,2,10,5,0,300,0.5,1700,0.5,1
10,0,6667,2,10,5,0,500,0.6,1000,0.2,1400,0.2,1
10,1,6971,0,0,500,0.6,1000,0.2,1400,0.2,1
10,2,6707,0,0,500,0.6,1000,0.2,1400,0.2,1
10,3,4069,0,0,300,0.5,1700,0.5,1
10,4,4994,1,0,300,0.5,572,0.32,486,0.18,1
10,5,10050,1,0,500,0.6,1000,0.2,1400,0.2,1
10,6,7950,1,0,300,0.5,1700,0.5,1
10,7,14953,0,0,500,0.6,1000,0.2,1400,0.2,1
10,8,10714,0,0,300,0.5,1700,0.5,1
10,9,2793,2,10,5,0,666,0.42,420,0.58,1
10,10,1542,2,10,5,0,666,0.42,420,0.58,1
10,11,7047,1,0,500,0.6,1000,0.2,1400,0.2,1
11,0,6508,0,0,300,0.5,572,0.32,486,0.18,1
11,1,8246,0,0,300,0.5,1700,0.5,1
11,2,8533,0,0,666,0.42,420,0.58,1
11,3,8539,1,0,500,0.6,1000,0.2,1400,0.2,1
11,4,5592,2,10,5,0,500,0.6,1000,0.2,1400,0.2,1
11,5,11802,2,10,5,0,666,0.42,420,0.58,1
11,6,9894,1,0,666,0.42,420,0.58,1
11,7,12417,2,10,5,0,300,0.5,572,0.32,486,0.18,1
11,8,14893,2,10,5,0,300,0.5,572,0.32,486,0.18,1
11,9,2738,1,0,500,0.6,1000,0.2,1400,0.2,1
11,10,10652,2,10,5,0,666,0.42,420,0.58,1
11,11,3322,0,0,300,0.5,572,0.32,486,0.18,1
