0,0,6057,0,0,300,0.5,1700,0.5,1
0,1,8509,1,0,300,0.5,572,0.32,486,0.18,1
0,2,10198,0,0,300,0.5,572,0.32,486,0.18,1
0,3,6937,0,0,666,0.42,420,0.58,1
0,4,13632,2,10,5,0,500,0.6,1000,0.2,1400,0.2,1
0,5,9318,2,10,5,0,500,0.6,1000,0.2,1400,0.2,1
0,6,2725,1,0,300,0.5,572,0.32,486,0.18,1
0,7,858,0,0,300,0.5,1700,0.5,1
0,8,13075,0,0,300,0.5,1700,0.5,1
0,9,3627,0,0,300,0.5,1700,0.5,1
0,10,7993,1,0,300,0.5,1700,0.5,1
0,11,9578,1,0,500,0.6,1000,0.2,1400,0.2,1
1,0,10769,1,0,500,0.6,1000,0.2,1400,0.2,1
1,1,14508,1,0,300,0.5,1700,0.5,1
1,2,5931,1,0,666,0.42,420,0.58,0
1,3,6380,1,0,300,0.5,1700,0.5,1
1,4,4818,0,0,300,0.5,1700,0.5,1
1,5,1611,2,10,5,0,300,0.5,572,0.32,486,0.18,1
1,6,1542,2,10,5,0,300,0.5,572,0.32,486,0.18,1
1,7,9977,1,0,300,0.5,1700,0.5,1
1,8,7401,2,10,5,0,666,0.42,420,0.58,1
1,9,13919,1,0,300,0.5,1700,0.5,1
1,10,13158,2,10,5,0,300,0.5,572,0.32,486,0.18,1
1,11,6126,2,10,5,0,500,0.6,1000,0.2,1400,0.2,1
2,0,14461,1,0,300,0.5,1700,0.5,1
2,1,2826,2,10,5,0,666,0.42,420,0.58,1
2,2,12385,2,10,5,0,300,0.5,572,0.32,486,0.18,1
2,3,14900,1,0,300,0.5,572,0.32,486,0.18,1
2,4,10171,1,0,300,0.5,1700,0.5,1
2,5,6766,2,10,5,0,500,0.6,1000,0.2,1400,0.2,1
2,6,10400,0,0,300,0.5,572,0.32,486,0.18,1
2,7,272,0,0,500,0.6,1000,0.2,1400,0.2,1
2,8,6494,0,0,666,0.42,420,0.58,1
2,9,3015,0,0,666,0.42,420,0.58,1
2,10,9274,2,10,5,0,500,0.6,1000,0.2,1400,0.2,1
2,11,1243,0,0,666,0.42,420,0.58,1
3,0,3222,1,0,500,0.6,1000,0.2,1400,0.2,1
3,1,5347,0,0,300,0.5,572,0.32,486,0.18,1
3,2,2577,1,0,500,0.6,1000,0.2,1400,0.2,1
3,3,8199,0,0,500,0.6,1000,0.2,1400,0.2,1
3,4,12911,1,0,300,0.5,572,0.32,486,0.18,1
3,5,2335,1,0,500,0.6,1000,0.2,1400,0.2,1
3,6,14411,2,10,5,0,500,0.6,1000,0.2,1400,0.2,1
3,7,14235,0,0,300,0.5,1700,0.5,1
3,8,11822,2,10,5,0,500,0.6,1000,0.2,1400,0.2,1
3,9,907,0,0,500,0.6,1000,0.2,1400,0.2,1
3,10,8190,1,0,300,0.5,1700,0.5,1
3,11,2706,2,10,5,0,500,0.6,1000,0.2,1400,0.2,1
4,0,12921,1,0,666,0.42,420,0.58,1
4,1,2875,2,10,5,0,666,0.42,420,0.58,1
4,2,12272,0,0,300,0.5,1700,0.5,1
4,3,8064,0,0,500,0.6,1000,0.2,1400,0.2,1
4,4,11587,2,10,5,0,500,0.6,1000,0.2,1400,0.2,1
4,5,198,1,0,300,0.5,572,0.32,486,0.18,1
4,6,8634,0,0,300,0.5,572,0.32,486,0.18,1
4,7,8162,1,0,666,0.42,420,0.58,1
4,8,2488,2,10,5,0,666,0.42,420,0.58,1
4,9,5514,2,10,5,0,300,0.5,1700,0.5,1
4,10,11417,2,10,5,0,300,0.5,1700,0.5,1
4,11,12947,0,0,300,0.5,1700,0.5,1
5,0,1415,2,10,5,0,300,0.5,572,0.32,486,0.18,1
5,1,4062,0,0,666,0.42,420,0.58,1
5,2,2350,2,10,5,0,666,0.42,420,0.58,1
5,3,999,1,0,666,0.42,420,0.58,1
5,4,8095,1,0,500,0.6,1000,0.2,1400,0.2,1
5,5,4433,0,0,500,0.6,1000,0.2,1400,0.2,1
5,6,6239,2,10,5,0,300,0.5,572,0.32,486,0.18,1
5,7,4913,0,0,666,0.42,420,0.58,1
5,8,9622,1,0,300,0.5,1700,0.5,1
5,9,14831,2,10,5,0,500,0.6,1000,0.2,1400,0.2,1
5,10,13927,2,10,5,0,500,0.6,1000,0.2,1400,0.2,1
5,11,12659,0,0,666,0.42,420,0.58,1
6,0,8872,2,10,5,0,300,0.5,1700,0.5,1
6,1,5732,0,0,300,0.5,1700,0.5,1
6,2,14408,1,0,300,0.5,1700,0.5,1
6,3,4882,0,0,500,0.6,1000,0.2,1400,0.2,1
6,4,13782,0,0,500,0.6,1000,0.2,1400,0.2,1
6,5,3987,0,0,666,0.42,420,0.58,1
6,6,7347,1,0,300,0.5,572,0.32,486,0.18,1
6,7,14605,0,0,300,0.5,572,0.32,486,0.18,1
6,8,6457,2,10,5,0,666,0.42,420,0.58,1
6,9,8510,1,0,666,0.42,420,0.58,1
6,10,8320,0,0,300,0.5,1700,0.5,1
6,11,615,1,0,500,0.6,1000,0.2,1400,0.2,1
7,0,13027,1,0,666,0.42,420,0.58,1
7,1,5778,2,10,5,0,300,0.5,1700,0.5,1
7,2,819,0,0,666,0.42,420,0.58,1
7,3,11666,1,0,666,0.42,420,0.58,1
7,4,3623,1,0,666,0.42,420,0.58,1
7,5,7832,2,10,5,0,300,0.5,572,0.32,486,0.18,1
7,6,10970,2,10,5,0,500,0.6,1000,0.2,1400,0.2,1
7,7,9173,0,0,500,0.6,1000,0.2,1400,0.2,1
7,8,10088,2,10,5,0,300,0.5,572,0.32,486,0.18,1
7,9,3310,1,0,300,0.5,1700,0.5,1
7,10,5262,1,0,666,0.42,420,0.58,1
7,11,1410,1,0,300,0.5,1700,0.5,1
8,0,11074,1,0,300,0.5,572,0.32,486,0.18,1
8,1,8438,1,0,666,0.42,420,0.58,1
8,2,4553,2,10,5,0,300,0.5,572,0.32,486,0.18,1
8,3,962,1,0,300,0.5,572,0.32,486,0.18,1
8,4,3084,1,0,500,0.6,1000,0.2,1400,0.2,1
8,5,11390,0,0,300,0.5,572,0.32,486,0.18,1
8,6,9547,2,10,5,0,300,0.5,572,0.32,486,0.18,1
8,7,10125,0,0,666,0.42,420,0.58,1
8,8,12286,0,0,500,0.6,1000,0.2,1400,0.2,1
8,9,11851,0,0,666,0.42,420,0.58,1
8,10,2504,0,0,666,0.42,420,0.58,1
8,11,5560,2,10,5,0,666,0.42,420,0.58,1
9,0,11100,1,0,666,0.42,420,0.58,1
9,1,5367,1,0,500,0.6,1000,0.2,1400,0.2,1
9,2,6888,1,0,300,0.5,572,0.32,486,0.18,1
9,3,11460,2,10,5,0,500,0.6,1000,0.2,1400,0.2,1
9,4,8771,0,0,300,0.5,1700,0.5,1
9,5,6343,0,0,666,0.42,420,0.58,1
9,6,1237,2,10,5,0,666,0.42,420,0.58,1
9,7,12573,0,0,666,0.42,420,0.58,1
9,8,4163,0,0,500,0.6,1000,0.2,1400,0.2,1
9,9,7812,2,10,5,0,300,0.5,572,0.32,486,0.18,1
9,10,1425,2,10,5,0,500,0.6,1000,0.2,1400,0.2,1
9,11,3525,0,0,300,0.5,1700,0.5,1
10,0,6529,0,0,300,0.5,1700,0.5,1
10,1,7635,0,0,300,0.5,1700,0.5,1
10,2,3177,2,10,5,0,500,0.6,1000,0.2,1400,0.2,1
10,3,9684,1,0,300,0.5,1700,0.5,1
10,4,13292,0,0,666,0.42,420,0.58,1
10,5,1601,1,0,666,0.42,420,0.58,1
10,6,9730,1,0,300,0.5,572,0.32,486,0.18,1
10,7,871,0,0,666,0.42,420,0.58,1
10,8,3805,1,0,666,0.42,420,0.58,1
10,9,4874,1,0,666,0.42,420,0.58,1
10,10,7574,0,0,500,0.6,1000,0.2,1400,0.2,1
10,11,942,1,0,300,0.5,1700,0.5,1
11,0,11663,1,0,300,0.5,572,0.32,486,0.18,1
11,1,11068,0,0,300,0.5,572,0.32,486,0.18,1
11,2,7744,0,0,666,0.42,420,0.58,1
11,3,4149,0,0,666,0.42,420,0.58,1
11,4,6722,2,10,5,0,500,0.6,1000,0.2,1400,0.2,1
11,5,13225,1,0,300,0.5,1700,0.5,1
11,6,76,0,0,666,0.42,420,0.58,1
11,7,2879,1,0,300,0.5,1700,0.5,1
11,8,6310,0,0,300,0.5,572,0.32,486,0.18,1
11,9,8016,1,0,500,0.6,1000,0.2,1400,0.2,1
11,10,11748,1,0,300,0.5,1700,0.5,1
11,11,13376,1,0,500,0.6,1000,0.2,1400,0.2,1
