0,0,8566,1,0,300,0.5,1700,0.5,1
0,1,586,0,0,666,0.42,420,0.58,1
0,2,8268,0,0,666,0.42,420,0.58,1
0,3,1692,0,0,500,0.6,1000,0.2,1400,0.2,1
0,4,4928,0,0,300,0.5,572,0.32,486,0.18,1
0,5,6966,0,0,300,0.5,1700,0.5,1
0,6,10292,1,0,300,0.5,1700,0.5,1
0,7,1395,0,0,300,0.5,572,0.32,486,0.18,1
0,8,2707,2,10,5,0,300,0.5,572,0.32,486,0.18,1
0,9,10330,2,10,5,0,300,0.5,572,0.32,486,0.18,1
0,10,1623,0,0,666,0.42,420,0.58,1
0,11,6567,0,0,300,0.5,572,0.32,486,0.18,1
1,0,10008,0,0,300,0.5,572,0.32,486,0.18,1
1,1,14764,1,0,300,0.5,572,0.32,486,0.18,1
1,2,7077,2,10,5,0,300,0.5,1700,0.5,0
1,3,13822,1,0,500,0.6,1000,0.2,1400,0.2,1
1,4,10282,1,0,500,0.6,1000,0.2,1400,0.2,1
1,5,12363,0,0,300,0.5,572,0.32,486,0.18,1
1,6,9597,1,0,666,0.42,420,0.58,1
1,7,14153,1,0,300,0.5,572,0.32,486,0.18,1
1,8,11565,1,0,500,0.6,1000,0.2,1400,0.2,1
1,9,4300,0,0,300,0.5,572,0.32,486,0.18,1
1,10,8226,0,0,300,0.5,1700,0.5,1
1,11,9603,0,0,300,0.5,1700,0.5,1
2,0,4595,2,10,5,0,666,0.42,420,0.58,1
2,1,12733,1,0,666,0.42,420,0.58,1
2,2,8998,1,0,300,0.5,572,0.32,486,0.18,1
2,3,11393,1,0,500,0.6,1000,0.2,1400,0.2,1
2,4,13259,0,0,300,0.5,572,0.32,486,0.18,1
2,5,3820,1,0,666,0.42,420,0.58,1
2,6,6652,1,0,300,0.5,1700,0.5,1
2,7,8469,1,0,300,0.5,1700,0.5,1
2,8,8817,1,0,300,0.5,572,0.32,486,0.18,1
2,9,977,2,10,5,0,666,0.42,420,0.58,1
2,10,8912,0,0,300,0.5,1700,0.5,1
2,11,10604,2,10,5,0,300,0.5,572,0.32,486,0.18,1
3,0,841,2,10,5,0,500,0.6,1000,0.2,1400,0.2,1
3,1,9481,2,10,5,0,500,0.6,1000,0.2,1400,0.2,1
3,2,100,1,0,666,0.42,420,0.58,1
3,3,11781,1,0,500,0.6,1000,0.2,1400,0.2,1
3,4,7748,1,0,300,0.5,572,0.32,486,0.18,1
3,5,3394,0,0,300,0.5,572,0.32,486,0.18,1
3,6,2962,1,0,300,0.5,1700,0.5,1
3,7,4986,0,0,300,0.5,1700,0.5,1
3,8,4779,2,10,5,0,500,0.6,1000,0.2,1400,0.2,1
3,9,14934,1,0,300,0.5,1700,0.5,1
3,10,5093,2,10,5,0,300,0.5,572,0.32,486,0.18,1
3,11,10252,2,10,5,0,666,0.42,420,0.58,1
4,0,13168,1,0,300,0.5,572,0.32,486,0.18,1
4,1,12203,1,0,666,0.42,420,0.58,1
4,2,10452,0,0,666,0.42,420,0.58,1
4,3,715,1,0,300,0.5,1700,0.5,1
4,4,3465,1,0,300,0.5,572,0.32,486,0.18,1
4,5,7981,0,0,300,0.5,572,0.32,486,0.18,1
4,6,3114,0,0,666,0.42,420,0.58,1
4,7,9126,1,0,300,0.5,572,0.32,486,0.18,1
4,8,6219,1,0,300,0.5,572,0.32,486,0.18,1
4,9,1244,1,0,300,0.5,572,0.32,486,0.18,1
4,10,4037,2,10,5,0,500,0.6,1000,0.2,1400,0.2,1
4,11,4261,2,10,5,0,300,0.5,572,0.32,486,0.18,1
5,0,12063,2,10,5,0,300,0.5,572,0.32,486,0.18,1
5,1,1928,1,0,666,0.42,420,0.58,1
5,2,5334,0,0,666,0.42,420,0.58,1
5,3,3375,2,10,5,0,666,0.42,420,0.58,1
5,4,2985,2,10,5,0,666,0.42,420,0.58,1
5,5,8446,1,0,300,0.5,572,0.32,486,0.18,1
5,6,8320,0,0,666,0.42,420,0.58,1
5,7,14768,1,0,300,0.5,572,0.32,486,0.18,1
5,8,1762,0,0,300,0.5,572,0.32,486,0.18,1
5,9,868,0,0,300,0.5,572,0.32,486,0.18,1
5,10,14662,0,0,500,0.6,1000,0.2,1400,0.2,1
5,11,3577,2,10,5,0,666,0.42,420,0.58,1
6,0,9641,0,0,666,0.42,420,0.58,1
6,1,2682,2,10,5,0,300,0.5,572,0.32,486,0.18,1
6,2,5926,1,0,666,0.42,420,0.58,1
6,3,14080,0,0,500,0.6,1000,0.2,1400,0.2,1
6,4,1279,2,10,5,0,300,0.5,572,0.32,486,0.18,1
6,5,1102,2,10,5,0,500,0.6,1000,0.2,1400,0.2,1
6,6,4220,2,10,5,0,300,0.5,1700,0.5,1
6,7,7502,0,0,300,0.5,1700,0.5,1
6,8,14756,0,0,300,0.5,1700,0.5,1
6,9,471,2,10,5,0,300,0.5,1700,0.5,1
6,10,13310,1,0,666,0.42,420,0.58,1
6,11,14261,2,10,5,0,666,0.42,420,0.58,1
7,0,13535,2,10,5,0,300,0.5,1700,0.5,1
7,1,13730,0,0,300,0.5,572,0.32,486,0.18,1
7,2,7149,2,10,5,0,666,0.42,420,0.58,1
7,3,8938,1,0,500,0.6,1000,0.2,1400,0.2,1
7,4,11818,0,0,500,0.6,1000,0.2,1400,0.2,1
7,5,12341,1,0,300,0.5,572,0.32,486,0.18,1
7,6,9176,2,10,5,0,300,0.5,572,0.32,486,0.18,1
7,7,9836,2,10,5,0,500,0.6,1000,0.2,1400,0.2,1
7,8,11253,2,10,5,0,300,0.5,1700,0.5,1
7,9,13895,1,0,500,0.6,1000,0.2,1400,0.2,1
7,10,1279,0,0,666,0.42,420,0.58,1
7,11,13059,2,10,5,0,300,0.5,1700,0.5,1
8,0,11511,0,0,300,0.5,572,0.32,486,0.18,1
8,1,9156,0,0,300,0.5,1700,0.5,1
8,2,6421,0,0,500,0.6,1000,0.2,1400,0.2,1
8,3,3961,0,0,300,0.5,1700,0.5,1
8,4,14658,0,0,500,0.6,1000,0.2,1400,0.2,1
8,5,23,2,10,5,0,666,0.42,420,0.58,1
8,6,10349,0,0,666,0.42,420,0.58,1
8,7,7734,2,10,5,0,666,0.42,420,0.58,1
8,8,4393,2,10,5,0,300,0.5,572,0.32,486,0.18,1
8,9,2231,1,0,300,0.5,1700,0.5,1
8,10,1000,1,0,300,0.5,572,0.32,486,0.18,1
8,11,14145,1,0,666,0.42,420,0.58,1
9,0,11053,1,0,300,0.5,1700,0.5,1
9,1,4435,0,0,300,0.5,1700,0.5,1
9,2,6394,1,0,666,0.42,420,0.58,1
9,3,8058,1,0,666,0.42,420,0.58,1
9,4,10807,0,0,300,0.5,1700,0.5,1
9,5,3474,1,0,666,0.42,420,0.58,1
9,6,14443,2,10,5,0,300,0.5,1700,0.5,1
9,7,14790,0,0,500,0.6,1000,0.2,1400,0.2,1
9,8,13607,1,0,300,0.5,572,0.32,486,0.18,1
9,9,8665,1,0,300,0.5,1700,0.5,1
9,10,4821,1,0,666,0.42,420,0.58,1
9,11,1700,2,10,5,0,300,0.5,1700,0.5,1
10,0,8047,2,10,5,0,300,0.5,572,0.32,486,0.18,1
10,1,6391,0,0,500,0.6,1000,0.2,1400,0.2,1
10,2,3270,2,10,5,0,500,0.6,1000,0.2,1400,0.2,1
10,3,14386,2,10,5,0,500,0.6,1000,0.2,1400,0.2,1
10,4,10625,1,0,666,0.42,420,0.58,1
10,5,10855,1,0,666,0.42,420,0.58,1
10,6,110,0,0,300,0.5,1700,0.5,1
10,7,9761,2,10,5,0,500,0.6,1000,0.2,1400,0.2,1
10,8,14781,0,0,666,0.42,420,0.58,1
10,9,6525,2,10,5,0,300,0.5,1700,0.5,1
10,10,1650,0,0,300,0.5,572,0.32,486,0.18,1
10,11,5586,0,0,300,0.5,1700,0.5,1
11,0,6436,0,0,300,0.5,1700,0.5,1
11,1,7375,1,0,300,0.5,1700,0.5,1
11,2,2110,0,0,300,0.5,572,0.32,486,0.18,1
11,3,5286,1,0,300,0.5,572,0.32,486,0.18,1
11,4,12376,1,0,500,0.6,1000,0.2,1400,0.2,1
11,5,1227,2,10,5,0,300,0.5,572,0.32,486,0.18,1
11,6,3380,1,0,300,0.5,572,0.32,486,0.18,1
11,7,1127,0,0,300,0.5,572,0.32,486,0.18,1
11,8,7226,2,10,5,0,500,0.6,1000,0.2,1400,0.2,1
11,9,6303,0,0,300,0.5,572,0.32,486,0.18,1
11,10,722,1,0,300,0.5,1700,0.5,1
11,11,6849,0,0,500,0.6,1000,0.2,1400,0.2,1
