0,0,12800,0,0,300,0.5,1700,0.5,1
0,1,14058,1,0,300,0.5,1700,0.5,1
0,2,7179,1,0,300,0.5,572,0.32,486,0.18,1
0,3,2363,1,0,300,0.5,1700,0.5,1
0,4,9861,1,0,500,0.6,1000,0.2,1400,0.2,1
0,5,5590,1,0,300,0.5,1700,0.5,1
0,6,11599,0,0,300,0.5,572,0.32,486,0.18,1
0,7,13747,2,10,5,0,300,0.5,1700,0.5,1
0,8,2998,2,10,5,0,500,0.6,1000,0.2,1400,0.2,1
0,9,3766,0,0,666,0.42,420,0.58,1
0,10,8942,0,0,300,0.5,1700,0.5,1
0,11,4235,1,0,666,0.42,420,0.58,1
1,0,64,2,10,5,0,666,0.42,420,0.58,1
1,1,9026,1,0,300,0.5,572,0.32,486,0.18,1
1,2,6171,2,10,5,0,300,0.5,1700,0.5,0
1,3,7839,2,10,5,0,666,0.42,420,0.58,1
1,4,8442,1,0,300,0.5,572,0.32,486,0.18,1
1,5,628,1,0,300,0.5,572,0.32,486,0.18,1
1,6,4541,0,0,500,0.6,1000,0.2,1400,0.2,1
1,7,12048,1,0,300,0.5,572,0.32,486,0.18,1
1,8,3842,0,0,666,0.42,420,0.58,1
1,9,10470,0,0,666,0.42,420,0.58,1
1,10,485,1,0,666,0.42,420,0.58,1
1,11,12188,1,0,300,0.5,1700,0.5,1
2,0,9121,0,0,300,0.5,572,0.32,486,0.18,1
2,1,3312,1,0,300,0.5,1700,0.5,1
2,2,8595,2,10,5,0,300,0.5,572,0.32,486,0.18,1
2,3,11639,1,0,500,0.6,1000,0.2,1400,0.2,1
2,4,8110,2,10,5,0,500,0.6,1000,0.2,1400,0.2,1
2,5,6094,0,0,300,0.5,572,0.32,486,0.18,1
2,6,12580,2,10,5,0,666,0.42,420,0.58,1
2,7,12368,2,10,5,0,666,0.42,420,0.58,1
2,8,4070,1,0,666,0.42,420,0.58,1
2,9,5185,1,0,300,0.5,572,0.32,486,0.18,1
2,10,3284,1,0,300,0.5,1700,0.5,1
2,11,14391,2,10,5,0,300,0.5,572,0.32,486,0.18,1
3,0,9170,2,10,5,0,666,0.42,420,0.58,1
3,1,8632,0,0,500,0.6,1000,0.2,1400,0.2,1
3,2,1852,1,0,500,0.6,1000,0.2,1400,0.2,1
3,3,553,0,0,300,0.5,1700,0.5,1
3,4,9699,1,0,666,0.42,420,0.58,1
3,5,7396,0,0,500,0.6,1000,0.2,1400,0.2,1
3,6,11971,2,10,5,0,500,0.6,1000,0.2,1400,0.2,1
3,7,14547,0,0,666,0.42,420,0.58,1
3,8,13469,0,0,500,0.6,1000,0.2,1400,0.2,1
3,9,7973,1,0,300,0.5,1700,0.5,1
3,10,7043,1,0,666,0.42,420,0.58,1
3,11,11094,2,10,5,0,500,0.6,1000,0.2,1400,0.2,1
4,0,959,0,0,500,0.6,1000,0.2,1400,0.2,1
4,1,7669,1,0,300,0.5,1700,0.5,1
4,2,13897,2,10,5,0,500,0.6,1000,0.2,1400,0.2,1
4,3,9525,1,0,666,0.42,420,0.58,1
4,4,12304,0,0,300,0.5,1700,0.5,1
4,5,11142,0,0,300,0.5,572,0.32,486,0.18,1
4,6,5661,2,10,5,0,300,0.5,1700,0.5,1
4,7,12806,0,0,666,0.42,420,0.58,1
4,8,7965,0,0,500,0.6,1000,0.2,1400,0.2,1
4,9,6485,0,0,666,0.42,420,0.58,1
4,10,876,1,0,300,0.5,1700,0.5,1
4,11,14295,0,0,300,0.5,1700,0.5,1
5,0,9909,1,0,500,0.6,1000,0.2,1400,0.2,1
5,1,7346,0,0,500,0.6,1000,0.2,1400,0.2,1
5,2,8353,0,0,300,0.5,572,0.32,486,0.18,1
5,3,8563,1,0,300,0.5,1700,0.5,1
5,4,4556,2,10,5,0,300,0.5,1700,0.5,1
5,5,364,2,10,5,0,666,0.42,420,0.58,1
5,6,13910,2,10,5,0,300,0.5,1700,0.5,1
5,7,723,1,0,666,0.42,420,0.58,1
5,8,11045,1,0,300,0.5,572,0.32,486,0.18,1
5,9,5195,1,0,666,0.42,420,0.58,1
5,10,5428,1,0,666,0.42,420,0.58,1
5,11,10575,1,0,300,0.5,572,0.32,486,0.18,1
6,0,5457,2,10,5,0,300,0.5,1700,0.5,1
6,1,5462,2,10,5,0,666,0.42,420,0.58,1
6,2,5549,1,0,300,0.5,572,0.32,486,0.18,1
6,3,14098,2,10,5,0,300,0.5,572,0.32,486,0.18,1
6,4,10047,1,0,300,0.5,572,0.32,486,0.18,1
6,5,14293,2,10,5,0,666,0.42,420,0.58,1
6,6,9910,0,0,300,0.5,1700,0.5,1
6,7,8829,2,10,5,0,500,0.6,1000,0.2,1400,0.2,1
6,8,5046,2,10,5,0,300,0.5,1700,0.5,1
6,9,13360,0,0,300,0.5,572,0.32,486,0.18,1
6,10,8871,2,10,5,0,300,0.5,1700,0.5,1
6,11,1613,1,0,666,0.42,420,0.58,1
7,0,9456,2,10,5,0,666,0.42,420,0.58,1
7,1,4951,2,10,5,0,300,0.5,1700,0.5,1
7,2,2377,1,0,300,0.5,572,0.32,486,0.18,1
7,3,12441,0,0,666,0.42,420,0.58,1
7,4,391,0,0,300,0.5,572,0.32,486,0.18,1
7,5,5461,0,0,300,0.5,1700,0.5,1
7,6,4348,1,0,300,0.5,572,0.32,486,0.18,1
7,7,6230,2,10,5,0,300,0.5,1700,0.5,1
7,8,4809,1,0,300,0.5,572,0.32,486,0.18,1
7,9,410,1,0,300,0.5,572,0.32,486,0.18,1
7,10,8119,2,10,5,0,500,0.6,1000,0.2,1400,0.2,1
7,11,4219,2,10,5,0,666,0.42,420,0.58,1
8,0,14883,1,0,300,0.5,572,0.32,486,0.18,1
8,1,10931,2,10,5,0,500,0.6,1000,0.2,1400,0.2,1
8,2,8769,1,0,300,0.5,1700,0.5,1
8,3,2846,1,0,666,0.42,420,0.58,1
8,4,11767,1,0,666,0.42,420,0.58,1
8,5,4731,1,0,666,0.42,420,0.58,1
8,6,11978,1,0,666,0.42,420,0.58,1
8,7,7951,2,10,5,0,500,0.6,1000,0.2,1400,0.2,1
8,8,5843,2,10,5,0,300,0.5,1700,0.5,1
8,9,13699,1,0,666,0.42,420,0.58,1
8,10,6651,0,0,300,0.5,572,0.32,486,0.18,1
8,11,4388,2,10,5,0,300,0.5,1700,0.5,1
9,0,12955,0,0,300,0.5,572,0.32,486,0.18,1
9,1,7799,0,0,666,0.42,420,0.58,1
9,2,981,0,0,666,0.42,420,0.58,1
9,3,8240,1,0,300,0.5,572,0.32,486,0.18,1
9,4,12229,0,0,666,0.42,420,0.58,1
9,5,11091,0,0,500,0.6,1000,0.2,1400,0.2,1
9,6,909,0,0,500,0.6,1000,0.2,1400,0.2,1
9,7,2309,2,10,5,0,500,0.6,1000,0.2,1400,0.2,1
9,8,11071,2,10,5,0,500,0.6,1000,0.2,1400,0.2,1
9,9,13810,2,10,5,0,300,0.5,572,0.32,486,0.18,1
9,10,29,0,0,300,0.5,572,0.32,486,0.18,1
9,11,5775,0,0,500,0.6,1000,0.2,1400,0.2,1
10,0,5660,0,0,666,0.42,420,0.58,1
10,1,8055,1,0,500,0.6,1000,0.2,1400,0.2,1
10,2,10962,2,10,5,0,500,0.6,1000,0.2,1400,0.2,1
10,3,515,2,10,5,0,300,0.5,1700,0.5,1
10,4,13696,0,0,300,0.5,572,0.32,486,0.18,1
10,5,2336,1,0,300,0.5,1700,0.5,1
10,6,9245,1,0,666,0.42,420,0.58,1
10,7,3495,2,10,5,0,666,0.42,420,0.58,1
10,8,9155,2,10,5,0,300,0.5,572,0.32,486,0.18,1
10,9,8914,1,0,300,0.5,1700,0.5,1
10,10,11669,1,0,500,0.6,1000,0.2,1400,0.2,1
10,11,14406,0,0,500,0.6,1000,0.2,1400,0.2,1
11,0,2877,0,0,500,0.6,1000,0.2,1400,0.2,1
11,1,14244,2,10,5,0,300,0.5,572,0.32,486,0.18,1
11,2,5007,2,10,5,0,300,0.5,1700,0.5,1
11,3,707,2,10,5,0,666,0.42,420,0.58,1
11,4,9499,2,10,5,0,300,0.5,1700,0.5,1
11,5,10689,1,0,666,0.42,420,0.58,1
11,6,13568,2,10,5,0,300,0.5,1700,0.5,1
11,7,6886,0,0,300,0.5,1700,0.5,1
11,8,12637,2,10,5,0,300,0.5,1700,0.5,1
11,9,8762,1,0,300,0.5,572,0.32,486,0.18,1
11,10,14585,0,0,300,0.5,572,0.32,486,0.18,1
11,11,14468,1,0,300,0.5,1700,0.5,1
