0,0,8133,1,0,666,0.42,420,0.58,1
0,1,1145,0,0,666,0.42,420,0.58,1
0,2,12822,0,0,666,0.42,420,0.58,1
0,3,9258,0,0,666,0.42,420,0.58,1
0,4,10648,2,10,5,0,666,0.42,420,0.58,1
0,5,9245,2,10,5,0,666,0.42,420,0.58,1
0,6,8887,2,10,5,0,300,0.5,1700,0.5,1
0,7,11349,2,10,5,0,500,0.6,1000,0.2,1400,0.2,1
0,8,2023,1,0,666,0.42,420,0.58,1
0,9,14993,0,0,300,0.5,1700,0.5,1
0,10,1619,2,10,5,0,300,0.5,1700,0.5,1
0,11,2696,2,10,5,0,666,0.42,420,0.58,1
1,0,1241,1,0,500,0.6,1000,0.2,1400,0.2,1
1,1,1887,0,0,500,0.6,1000,0.2,1400,0.2,1
1,2,5373,0,0,666,0.42,420,0.58,0
1,3,14686,1,0,666,0.42,420,0.58,1
1,4,9386,0,0,666,0.42,420,0.58,1
1,5,1121,0,0,666,0.42,420,0.58,1
1,6,9993,0,0,500,0.6,1000,0.2,1400,0.2,1
1,7,3327,1,0,500,0.6,1000,0.2,1400,0.2,1
1,8,10332,2,10,5,0,500,0.6,1000,0.2,1400,0.2,1
1,9,14794,0,0,500,0.6,1000,0.2,1400,0.2,1
1,10,2147,1,0,300,0.5,1700,0.5,1
1,11,14530,2,10,5,0,300,0.5,572,0.32,486,0.18,1
2,0,12742,2,10,5,0,500,0.6,1000,0.2,1400,0.2,1
2,1,2965,1,0,300,0.5,1700,0.5,1
2,2,14310,2,10,5,0,300,0.5,1700,0.5,1
2,3,737,1,0,300,0.5,572,0.32,486,0.18,1
2,4,8367,0,0,300,0.5,572,0.32,486,0.18,1
2,5,5272,0,0,300,0.5,1700,0.5,1
2,6,3268,0,0,666,0.42,420,0.58,1
2,7,2296,0,0,300,0.5,572,0.32,486,0.18,1
2,8,6880,2,10,5,0,300,0.5,572,0.32,486,0.18,1
2,9,9680,1,0,300,0.5,1700,0.5,1
2,10,3503,0,0,500,0.6,1000,0.2,1400,0.2,1
2,11,7910,1,0,300,0.5,572,0.32,486,0.18,1
3,0,2518,0,0,666,0.42,420,0.58,1
3,1,5093,0,0,300,0.5,572,0.32,486,0.18,1
3,2,3045,0,0,666,0.42,420,0.58,1
3,3,8944,2,10,5,0,300,0.5,1700,0.5,1
3,4,3494,0,0,300,0.5,1700,0.5,1
3,5,3423,2,10,5,0,300,0.5,1700,0.5,1
3,6,14728,0,0,500,0.6,1000,0.2,1400,0.2,1
3,7,2079,1,0,666,0.42,420,0.58,1
3,8,6763,0,0,300,0.5,572,0.32,486,0.18,1
3,9,142,2,10,5,0,300,0.5,572,0.32,486,0.18,1
3,10,6160,1,0,666,0.42,420,0.58,1
3,11,14089,2,10,5,0,300,0.5,572,0.32,486,0.18,1
4,0,6329,1,0,300,0.5,1700,0.5,1
4,1,1263,0,0,500,0.6,1000,0.2,1400,0.2,1
4,2,4481,2,10,5,0,500,0.6,1000,0.2,1400,0.2,1
4,3,103,0,0,500,0.6,1000,0.2,1400,0.2,1
4,4,8048,2,10,5,0,300,0.5,572,0.32,486,0.18,1
4,5,10808,2,10,5,0,300,0.5,572,0.32,486,0.18,1
4,6,10540,1,0,300,0.5,572,0.32,486,0.18,1
4,7,14304,0,0,300,0.5,572,0.32,486,0.18,1
4,8,7125,0,0,300,0.5,1700,0.5,1
4,9,2165,1,0,300,0.5,1700,0.5,1
4,10,285,2,10,5,0,300,0.5,572,0.32,486,0.18,1
4,11,2502,0,0,300,0.5,572,0.32,486,0.18,1
5,0,11403,0,0,300,0.5,572,0.32,486,0.18,1
5,1,14805,2,10,5,0,300,0.5,1700,0.5,1
5,2,8903,2,10,5,0,500,0.6,1000,0.2,1400,0.2,1
5,3,14479,1,0,666,0.42,420,0.58,1
5,4,1959,1,0,300,0.5,1700,0.5,1
5,5,10545,1,0,666,0.42,420,0.58,1
5,6,9775,2,10,5,0,666,0.42,420,0.58,1
5,7,10029,2,10,5,0,500,0.6,1000,0.2,1400,0.2,1
5,8,10037,0,0,300,0.5,1700,0.5,1
5,9,14487,1,0,300,0.5,572,0.32,486,0.18,1
5,10,4861,2,10,5,0,300,0.5,572,0.32,486,0.18,1
5,11,9720,0,0,500,0.6,1000,0.2,1400,0.2,1
6,0,14496,1,0,666,0.42,420,0.58,1
6,1,9614,1,0,500,0.6,1000,0.2,1400,0.2,1
6,2,3370,0,0,666,0.42,420,0.58,1
6,3,421,0,0,500,0.6,1000,0.2,1400,0.2,1
6,4,4616,2,10,5,0,300,0.5,572,0.32,486,0.18,1
6,5,13201,0,0,666,0.42,420,0.58,1
6,6,6928,2,10,5,0,300,0.5,1700,0.5,1
6,7,13515,0,0,300,0.5,572,0.32,486,0.18,1
6,8,13298,2,10,5,0,300,0.5,1700,0.5,1
6,9,596,2,10,5,0,300,0.5,1700,0.5,1
6,10,562,1,0,300,0.5,572,0.32,486,0.18,1
6,11,13959,1,0,666,0.42,420,0.58,1
7,0,7749,2,10,5,0,300,0.5,572,0.32,486,0.18,1
7,1,14657,2,10,5,0,300,0.5,1700,0.5,1
7,2,6393,0,0,500,0.6,1000,0.2,1400,0.2,1
7,3,859,2,10,5,0,666,0.42,420,0.58,1
7,4,11903,0,0,300,0.5,572,0.32,486,0.18,1
7,5,1160,1,0,500,0.6,1000,0.2,1400,0.2,1
7,6,10828,2,10,5,0,666,0.42,420,0.58,1
7,7,7421,1,0,300,0.5,1700,0.5,1
7,8,7137,1,0,666,0.42,420,0.58,1
7,9,7346,2,10,5,0,300,0.5,572,0.32,486,0.18,1
7,10,10263,1,0,500,0.6,1000,0.2,1400,0.2,1
7,11,13827,1,0,300,0.5,1700,0.5,1
8,0,14240,0,0,500,0.6,1000,0.2,1400,0.2,1
8,1,3485,0,0,500,0.6,1000,0.2,1400,0.2,1
8,2,6891,0,0,500,0.6,1000,0.2,1400,0.2,1
8,3,5469,1,0,300,0.5,1700,0.5,1
8,4,766,1,0,300,0.5,572,0.32,486,0.18,1
8,5,14486,2,10,5,0,300,0.5,1700,0.5,1
8,6,9367,1,0,300,0.5,1700,0.5,1
8,7,5063,0,0,300,0.5,1700,0.5,1
8,8,12050,2,10,5,0,500,0.6,1000,0.2,1400,0.2,1
8,9,11776,2,10,5,0,500,0.6,1000,0.2,1400,0.2,1
8,10,9238,1,0,666,0.42,420,0.58,1
8,11,91,1,0,300,0.5,572,0.32,486,0.18,1
9,0,14246,2,10,5,0,300,0.5,572,0.32,486,0.18,1
9,1,2383,1,0,300,0.5,572,0.32,486,0.18,1
9,2,6837,0,0,666,0.42,420,0.58,1
9,3,6506,0,0,500,0.6,1000,0.2,1400,0.2,1
9,4,11447,0,0,500,0.6,1000,0.2,1400,0.2,1
9,5,529,2,10,5,0,500,0.6,1000,0.2,1400,0.2,1
9,6,4355,1,0,666,0.42,420,0.58,1
9,7,9619,0,0,500,0.6,1000,0.2,1400,0.2,1
9,8,8268,0,0,666,0.42,420,0.58,1
9,9,1761,0,0,300,0.5,572,0.32,486,0.18,1
9,10,8125,2,10,5,0,666,0.42,420,0.58,1
9,11,2263,1,0,500,0.6,1000,0.2,1400,0.2,1
10,0,6365,2,10,5,0,300,0.5,572,0.32,486,0.18,1
10,1,7436,2,10,5,0,500,0.6,1000,0.2,1400,0.2,1
10,2,2621,0,0,666,0.42,420,0.58,1
10,3,14802,2,10,5,0,300,0.5,572,0.32,486,0.18,1
10,4,8331,2,10,5,0,500,0.6,1000,0.2,1400,0.2,1
10,5,9244,0,0,500,0.6,1000,0.2,1400,0.2,1
10,6,9925,1,0,500,0.6,1000,0.2,1400,0.2,1
10,7,12445,1,0,666,0.42,420,0.58,1
10,8,4525,1,0,500,0.6,1000,0.2,1400,0.2,1
10,9,9806,0,0,666,0.42,420,0.58,1
10,10,4222,2,10,5,0,500,0.6,1000,0.2,1400,0.2,1
10,11,7044,2,10,5,0,300,0.5,1700,0.5,1
11,0,11897,2,10,5,0,300,0.5,1700,0.5,1
11,1,3229,2,10,5,0,300,0.5,1700,0.5,1
11,2,2829,1,0,300,0.5,572,0.32,486,0.18,1
11,3,5193,1,0,500,0.6,1000,0.2,1400,0.2,1
11,4,8659,2,10,5,0,500,0.6,1000,0.2,1400,0.2,1
11,5,4481,1,0,666,0.42,420,0.58,1
11,6,14948,1,0,300,0.5,1700,0.5,1
11,7,2469,2,10,5,0,300,0.5,572,0.32,486,0.18,1
11,8,2268,0,0,666,0.42,420,0.58,1
11,9,589,1,0,300,0.5,572,0.32,486,0.18,1
11,10,7925,0,0,300,0.5,572,0.32,486,0.18,1
11,11,1517,2,10,5,0,500,0.6,1000,0.2,1400,0.2,1
