0,0,8425,1,0,300,0.5,572,0.32,486,0.18,1
0,1,2099,2,10,5,0,666,0.42,420,0.58,1
0,2,7775,0,0,500,0.6,1000,0.2,1400,0.2,1
0,3,605,1,0,666,0.42,420,0.58,1
0,4,1704,2,10,5,0,300,0.5,572,0.32,486,0.18,1
0,5,9363,1,0,500,0.6,1000,0.2,1400,0.2,1
0,6,11403,0,0,300,0.5,1700,0.5,1
0,7,5339,0,0,666,0.42,420,0.58,1
0,8,246,0,0,300,0.5,572,0.32,486,0.18,1
0,9,7014,0,0,500,0.6,1000,0.2,1400,0.2,1
0,10,7894,1,0,300,0.5,572,0.32,486,0.18,1
0,11,4955,2,10,5,0,666,0.42,420,0.58,1
1,0,328,1,0,666,0.42,420,0.58,1
1,1,90,1,0,500,0.6,1000,0.2,1400,0.2,1
1,2,8364,0,0,300,0.5,572,0.32,486,0.18,0
1,3,13712,0,0,500,0.6,1000,0.2,1400,0.2,1
1,4,8089,0,0,300,0.5,572,0.32,486,0.18,1
1,5,12334,0,0,666,0.42,420,0.58,1
1,6,7098,0,0,300,0.5,572,0.32,486,0.18,1
1,7,14198,2,10,5,0,500,0.6,1000,0.2,1400,0.2,1
1,8,1769,1,0,300,0.5,572,0.32,486,0.18,1
1,9,2123,2,10,5,0,300,0.5,572,0.32,486,0.18,1
1,10,12005,1,0,500,0.6,1000,0.2,1400,0.2,1
1,11,8909,2,10,5,0,300,0.5,572,0.32,486,0.18,1
2,0,9159,1,0,666,0.42,420,0.58,1
2,1,7147,0,0,666,0.42,420,0.58,1
2,2,10077,2,10,5,0,300,0.5,1700,0.5,1
2,3,1657,0,0,300,0.5,1700,0.5,1
2,4,8431,2,10,5,0,666,0.42,420,0.58,1
2,5,481,2,10,5,0,500,0.6,1000,0.2,1400,0.2,1
2,6,10712,2,10,5,0,300,0.5,1700,0.5,1
2,7,7491,2,10,5,0,500,0.6,1000,0.2,1400,0.2,1
2,8,11983,2,10,5,0,666,0.42,420,0.58,1
2,9,9586,1,0,300,0.5,1700,0.5,1
2,10,4273,1,0,300,0.5,1700,0.5,1
2,11,14107,0,0,666,0.42,420,0.58,1
3,0,13916,2,10,5,0,300,0.5,1700,0.5,1
3,1,864,1,0,300,0.5,572,0.32,486,0.18,1
3,2,1655,0,0,300,0.5,1700,0.5,1
3,3,236,1,0,300,0.5,572,0.32,486,0.18,1
3,4,460,2,10,5,0,300,0.5,572,0.32,486,0.18,1
3,5,6882,2,10,5,0,300,0.5,572,0.32,486,0.18,1
3,6,11611,1,0,500,0.6,1000,0.2,1400,0.2,1
3,7,12769,0,0,500,0.6,1000,0.2,1400,0.2,1
3,8,1548,1,0,666,0.42,420,0.58,1
3,9,11932,1,0,500,0.6,1000,0.2,1400,0.2,1
3,10,5843,0,0,500,0.6,1000,0.2,1400,0.2,1
3,11,13101,0,0,300,0.5,1700,0.5,1
4,0,12356,0,0,666,0.42,420,0.58,1
4,1,10871,1,0,300,0.5,1700,0.5,1
4,2,7534,0,0,300,0.5,572,0.32,486,0.18,1
4,3,9386,2,10,5,0,500,0.6,1000,0.2,1400,0.2,1
4,4,12551,2,10,5,0,300,0.5,1700,0.5,1
4,5,7879,0,0,300,0.5,572,0.32,486,0.18,1
4,6,12846,0,0,300,0.5,572,0.32,486,0.18,1
4,7,7057,2,10,5,0,300,0.5,1700,0.5,1
4,8,14360,1,0,666,0.42,420,0.58,1
4,9,4600,0,0,300,0.5,572,0.32,486,0.18,1
4,10,2879,0,0,300,0.5,572,0.32,486,0.18,1
4,11,9556,0,0,300,0.5,1700,0.5,1
5,0,13828,0,0,300,0.5,1700,0.5,1
5,1,4935,1,0,300,0.5,572,0.32,486,0.18,1
5,2,14536,2,10,5,0,500,0.6,1000,0.2,1400,0.2,1
5,3,1157,2,10,5,0,300,0.5,572,0.32,486,0.18,1
5,4,3811,1,0,300,0.5,1700,0.5,1
5,5,5204,2,10,5,0,300,0.5,1700,0.5,1
5,6,2504,2,10,5,0,666,0.42,420,0.58,1
5,7,11893,0,0,300,0.5,572,0.32,486,0.18,1
5,8,7148,1,0,300,0.5,1700,0.5,1
5,9,14100,1,0,500,0.6,1000,0.2,1400,0.2,1
5,10,13376,1,0,666,0.42,420,0.58,1
5,11,13702,0,0,500,0.6,1000,0.2,1400,0.2,1
6,0,8142,1,0,666,0.42,420,0.58,1
6,1,13467,2,10,5,0,666,0.42,420,0.58,1
6,2,3624,0,0,300,0.5,572,0.32,486,0.18,1
6,3,10630,2,10,5,0,500,0.6,1000,0.2,1400,0.2,1
6,4,7903,0,0,300,0.5,572,0.32,486,0.18,1
6,5,12207,2,10,5,0,300,0.5,1700,0.5,1
6,6,1426,1,0,300,0.5,1700,0.5,1
6,7,410,1,0,500,0.6,1000,0.2,1400,0.2,1
6,8,13712,0,0,666,0.42,420,0.58,1
6,9,9505,1,0,300,0.5,1700,0.5,1
6,10,8231,0,0,500,0.6,1000,0.2,1400,0.2,1
6,11,1071,1,0,300,0.5,1700,0.5,1
7,0,6594,0,0,300,0.5,1700,0.5,1
7,1,5812,1,0,500,0.6,1000,0.2,1400,0.2,1
7,2,2022,2,10,5,0,500,0.6,1000,0.2,1400,0.2,1
7,3,11466,1,0,666,0.42,420,0.58,1
7,4,4656,0,0,300,0.5,572,0.32,486,0.18,1
7,5,8492,1,0,666,0.42,420,0.58,1
7,6,569,0,0,500,0.6,1000,0.2,1400,0.2,1
7,7,3741,0,0,666,0.42,420,0.58,1
7,8,3566,0,0,300,0.5,1700,0.5,1
7,9,8345,1,0,500,0.6,1000,0.2,1400,0.2,1
7,10,3615,0,0,300,0.5,1700,0.5,1
7,11,13711,2,10,5,0,666,0.42,420,0.58,1
8,0,3419,1,0,300,0.5,1700,0.5,1
8,1,7602,2,10,5,0,500,0.6,1000,0.2,1400,0.2,1
8,2,9010,0,0,500,0.6,1000,0.2,1400,0.2,1
8,3,792,1,0,300,0.5,1700,0.5,1
8,4,9866,2,10,5,0,500,0.6,1000,0.2,1400,0.2,1
8,5,10864,0,0,300,0.5,1700,0.5,1
8,6,11532,1,0,666,0.42,420,0.58,1
8,7,13953,2,10,5,0,300,0.5,572,0.32,486,0.18,1
8,8,2844,2,10,5,0,500,0.6,1000,0.2,1400,0.2,1
8,9,13428,0,0,300,0.5,1700,0.5,1
8,10,964,0,0,300,0.5,1700,0.5,1
8,11,13660,0,0,300,0.5,1700,0.5,1
9,0,4726,2,10,5,0,300,0.5,1700,0.5,1
9,1,14610,0,0,666,0.42,420,0.58,1
9,2,4183,2,10,5,0,300,0.5,572,0.32,486,0.18,1
9,3,4614,1,0,500,0.6,1000,0.2,1400,0.2,1
9,4,7061,2,10,5,0,300,0.5,572,0.32,486,0.18,1
9,5,8896,2,10,5,0,500,0.6,1000,0.2,1400,0.2,1
9,6,8250,0,0,500,0.6,1000,0.2,1400,0.2,1
9,7,918,1,0,300,0.5,572,0.32,486,0.18,1
9,8,13712,1,0,500,0.6,1000,0.2,1400,0.2,1
9,9,13422,0,0,666,0.42,420,0.58,1
9,10,5637,0,0,666,0.42,420,0.58,1
9,11,2664,0,0,300,0.5,572,0.32,486,0.18,1
10,0,7683,2,10,5,0,666,0.42,420,0.58,1
10,1,574,2,10,5,0,500,0.6,1000,0.2,1400,0.2,1
10,2,1227,1,0,666,0.42,420,0.58,1
10,3,13533,0,0,666,0.42,420,0.58,1
10,4,13546,2,10,5,0,666,0.42,420,0.58,1
10,5,7578,2,10,5,0,500,0.6,1000,0.2,1400,0.2,1
10,6,3532,2,10,5,0,500,0.6,1000,0.2,1400,0.2,1
10,7,10757,0,0,666,0.42,420,0.58,1
10,8,957,1,0,300,0.5,1700,0.5,1
10,9,3132,2,10,5,0,300,0.5,572,0.32,486,0.18,1
10,10,4793,1,0,300,0.5,1700,0.5,1
10,11,9486,0,0,300,0.5,572,0.32,486,0.18,1
11,0,14434,2,10,5,0,300,0.5,1700,0.5,1
11,1,1432,1,0,300,0.5,572,0.32,486,0.18,1
11,2,12623,1,0,300,0.5,1700,0.5,1
11,3,10156,2,10,5,0,300,0.5,572,0.32,486,0.18,1
11,4,8862,0,0,500,0.6,1000,0.2,1400,0.2,1
11,5,6971,2,10,5,0,300,0.5,1700,0.5,1
11,6,14782,1,0,300,0.5,572,0.32,486,0.18,1
11,7,11642,0,0,500,0.6,1000,0.2,1400,0.2,1
11,8,1524,0,0,300,0.5,572,0.32,486,0.18,1
11,9,11069,0,0,300,0.5,1700,0.5,1
11,10,3173,0,0,300,0.5,572,0.32,486,0.18,1
11,11,1809,1,0,300,0.5,572,0.32,486,0.18,1
