0,0,12,0,0,300,0.5,1700,0.5,1
0,1,12130,1,0,300,0.5,572,0.32,486,0.18,1
0,2,12484,1,0,300,0.5,572,0.32,486,0.18,1
0,3,5351,1,0,300,0.5,1700,0.5,1
0,4,10709,0,0,666,0.42,420,0.58,1
0,5,2805,0,0,666,0.42,420,0.58,1
0,6,11028,2,10,5,0,300,0.5,1700,0.5,1
0,7,12912,0,0,300,0.5,1700,0.5,1
0,8,11922,2,10,5,0,300,0.5,572,0.32,486,0.18,1
0,9,10940,0,0,300,0.5,572,0.32,486,0.18,1
0,10,9967,1,0,666,0.42,420,0.58,1
0,11,2408,1,0,300,0.5,572,0.32,486,0.18,1
1,0,14705,0,0,500,0.6,1000,0.2,1400,0.2,1
1,1,7933,1,0,300,0.5,1700,0.5,1
1,2,14608,2,10,5,0,300,0.5,1700,0.5,0
1,3,8119,0,0,666,0.42,420,0.58,1
1,4,5601,0,0,300,0.5,1700,0.5,1
1,5,12763,1,0,500,0.6,1000,0.2,1400,0.2,1
1,6,5601,1,0,666,0.42,420,0.58,1
1,7,1488,2,10,5,0,300,0.5,572,0.32,486,0.18,1
1,8,13598,2,10,5,0,500,0.6,1000,0.2,1400,0.2,1
1,9,755,2,10,5,0,666,0.42,420,0.58,1
1,10,11377,0,0,500,0.6,1000,0.2,1400,0.2,1
1,11,7808,1,0,666,0.42,420,0.58,1
2,0,49,1,0,666,0.42,420,0.58,1
2,1,10938,2,10,5,0,666,0.42,420,0.58,1
2,2,9128,1,0,300,0.5,572,0.32,486,0.18,1
2,3,1368,0,0,500,0.6,1000,0.2,1400,0.2,1
2,4,8711,2,10,5,0,666,0.42,420,0.58,1
2,5,11137,0,0,300,0.5,572,0.32,486,0.18,1
2,6,12217,1,0,666,0.42,420,0.58,1
2,7,494,0,0,300,0.5,572,0.32,486,0.18,1
2,8,3802,2,10,5,0,666,0.42,420,0.58,1
2,9,6554,2,10,5,0,300,0.5,1700,0.5,1
2,10,1452,2,10,5,0,500,0.6,1000,0.2,1400,0.2,1
2,11,3461,1,0,666,0.42,420,0.58,1
3,0,860,0,0,300,0.5,572,0.32,486,0.18,1
3,1,13350,2,10,5,0,500,0.6,1000,0.2,1400,0.2,1
3,2,2442,0,0,666,0.42,420,0.58,1
3,3,1572,2,10,5,0,300,0.5,1700,0.5,1
3,4,12839,0,0,300,0.5,1700,0.5,1
3,5,12633,0,0,300,0.5,1700,0.5,1
3,6,3805,1,0,500,0.6,1000,0.2,1400,0.2,1
3,7,5815,1,0,500,0.6,1000,0.2,1400,0.2,1
3,8,12089,1,0,300,0.5,1700,0.5,1
3,9,6213,1,0,500,0.6,1000,0.2,1400,0.2,1
3,10,7514,2,10,5,0,500,0.6,1000,0.2,1400,0.2,1
3,11,10470,0,0,300,0.5,572,0.32,486,0.18,1
4,0,6252,2,10,5,0,500,0.6,1000,0.2,1400,0.2,1
4,1,3611,0,0,300,0.5,572,0.32,486,0.18,1
4,2,7066,2,10,5,0,300,0.5,572,0.32,486,0.18,1
4,3,6096,0,0,500,0.6,1000,0.2,1400,0.2,1
4,4,9360,1,0,666,0.42,420,0.58,1
4,5,1178,1,0,500,0.6,1000,0.2,1400,0.2,1
4,6,2309,1,0,666,0.42,420,0.58,1
4,7,9368,2,10,5,0,300,0.5,572,0.32,486,0.18,1
4,8,3874,1,0,500,0.6,1000,0.2,1400,0.2,1
4,9,4878,0,0,666,0.42,420,0.58,1
4,10,5672,2,10,5,0,666,0.42,420,0.58,1
4,11,2041,2,10,5,0,300,0.5,1700,0.5,1
5,0,8289,0,0,666,0.42,420,0.58,1
5,1,6577,2,10,5,0,300,0.5,1700,0.5,1
5,2,464,1,0,666,0.42,420,0.58,1
5,3,3941,2,10,5,0,300,0.5,572,0.32,486,0.18,1
5,4,6577,2,10,5,0,300,0.5,1700,0.5,1
5,5,8251,2,10,5,0,500,0.6,1000,0.2,1400,0.2,1
5,6,11493,2,10,5,0,300,0.5,572,0.32,486,0.18,1
5,7,8441,0,0,500,0.6,1000,0.2,1400,0.2,1
5,8,3368,0,0,300,0.5,1700,0.5,1
5,9,14036,2,10,5,0,300,0.5,1700,0.5,1
5,10,8858,2,10,5,0,300,0.5,572,0.32,486,0.18,1
5,11,12972,2,10,5,0,666,0.42,420,0.58,1
6,0,4692,1,0,300,0.5,572,0.32,486,0.18,1
6,1,2939,1,0,500,0.6,1000,0.2,1400,0.2,1
6,2,4276,1,0,300,0.5,572,0.32,486,0.18,1
6,3,1399,0,0,300,0.5,1700,0.5,1
6,4,2855,0,0,300,0.5,1700,0.5,1
6,5,3423,0,0,300,0.5,572,0.32,486,0.18,1
6,6,1632,0,0,300,0.5,572,0.32,486,0.18,1
6,7,1061,0,0,500,0.6,1000,0.2,1400,0.2,1
6,8,630,1,0,300,0.5,1700,0.5,1
6,9,14041,1,0,500,0.6,1000,0.2,1400,0.2,1
6,10,6637,0,0,300,0.5,1700,0.5,1
6,11,1504,1,0,666,0.42,420,0.58,1
7,0,10924,1,0,500,0.6,1000,0.2,1400,0.2,1
7,1,13665,0,0,300,0.5,1700,0.5,1
7,2,4939,2,10,5,0,666,0.42,420,0.58,1
7,3,1220,0,0,300,0.5,1700,0.5,1
7,4,3946,0,0,666,0.42,420,0.58,1
7,5,3168,1,0,300,0.5,572,0.32,486,0.18,1
7,6,3132,0,0,300,0.5,572,0.32,486,0.18,1
7,7,9470,0,0,666,0.42,420,0.58,1
7,8,12252,2,10,5,0,300,0.5,1700,0.5,1
7,9,3977,0,0,500,0.6,1000,0.2,1400,0.2,1
7,10,13804,2,10,5,0,500,0.6,1000,0.2,1400,0.2,1
7,11,6551,1,0,500,0.6,1000,0.2,1400,0.2,1
8,0,4289,0,0,300,0.5,1700,0.5,1
8,1,6254,2,10,5,0,300,0.5,1700,0.5,1
8,2,9080,0,0,666,0.42,420,0.58,1
8,3,9237,0,0,500,0.6,1000,0.2,1400,0.2,1
8,4,8878,0,0,666,0.42,420,0.58,1
8,5,1720,1,0,300,0.5,1700,0.5,1
8,6,8763,0,0,666,0.42,420,0.58,1
8,7,3330,0,0,500,0.6,1000,0.2,1400,0.2,1
8,8,11096,1,0,300,0.5,1700,0.5,1
8,9,4394,0,0,500,0.6,1000,0.2,1400,0.2,1
8,10,12162,2,10,5,0,300,0.5,1700,0.5,1
8,11,6433,2,10,5,0,300,0.5,1700,0.5,1
9,0,6431,0,0,300,0.5,572,0.32,486,0.18,1
9,1,4122,0,0,666,0.42,420,0.58,1
9,2,13524,0,0,500,0.6,1000,0.2,1400,0.2,1
9,3,6138,2,10,5,0,300,0.5,572,0.32,486,0.18,1
9,4,11900,1,0,300,0.5,1700,0.5,1
9,5,625,0,0,666,0.42,420,0.58,1
9,6,5213,1,0,300,0.5,572,0.32,486,0.18,1
9,7,2602,0,0,300,0.5,572,0.32,486,0.18,1
9,8,14021,1,0,500,0.6,1000,0.2,1400,0.2,1
9,9,13198,2,10,5,0,666,0.42,420,0.58,1
9,10,13349,1,0,666,0.42,420,0.58,1
9,11,13628,2,10,5,0,300,0.5,572,0.32,486,0.18,1
10,0,8034,1,0,300,0.5,572,0.32,486,0.18,1
10,1,1244,1,0,300,0.5,1700,0.5,1
10,2,9201,1,0,666,0.42,420,0.58,1
10,3,6964,0,0,500,0.6,1000,0.2,1400,0.2,1
10,4,13177,2,10,5,0,500,0.6,1000,0.2,1400,0.2,1
10,5,9406,2,10,5,0,300,0.5,1700,0.5,1
10,6,3903,1,0,300,0.5,1700,0.5,1
10,7,307,1,0,300,0.5,1700,0.5,1
10,8,12516,1,0,300,0.5,1700,0.5,1
10,9,6894,2,10,5,0,666,0.42,420,0.58,1
10,10,6740,0,0,300,0.5,1700,0.5,1
10,11,13332,2,10,5,0,666,0.42,420,0.58,1
11,0,1523,0,0,666,0.42,420,0.58,1
11,1,11745,2,10,5,0,300,0.5,572,0.32,486,0.18,1
11,2,8432,2,10,5,0,300,0.5,1700,0.5,1
11,3,13459,0,0,666,0.42,420,0.58,1
11,4,8104,1,0,300,0.5,1700,0.5,1
11,5,13265,2,10,5,0,300,0.5,572,0.32,486,0.18,1
11,6,13585,2,10,5,0,300,0.5,1700,0.5,1
11,7,11285,1,0,500,0.6,1000,0.2,1400,0.2,1
11,8,2015,1,0,300,0.5,572,0.32,486,0.18,1
11,9,6788,1,0,500,0.6,1000,0.2,1400,0.2,1
11,10,7221,0,0,300,0.5,1700,0.5,1
11,11,10613,2,10,5,0,500,0.6,1000,0.2,1400,0.2,1
