0,0,13608,2,10,5,0,666,0.42,420,0.58,1
0,1,8419,0,0,300,0.5,572,0.32,486,0.18,1
0,2,13707,2,10,5,0,500,0.6,1000,0.2,1400,0.2,1
0,3,3522,2,10,5,0,300,0.5,572,0.32,486,0.18,1
0,4,1195,2,10,5,0,666,0.42,420,0.58,1
0,5,11093,0,0,300,0.5,572,0.32,486,0.18,1
0,6,227,1,0,300,0.5,572,0.32,486,0.18,1
0,7,4266,1,0,300,0.5,1700,0.5,1
0,8,2481,0,0,666,0.42,420,0.58,1
0,9,3470,1,0,666,0.42,420,0.58,1
0,10,14087,1,0,300,0.5,572,0.32,486,0.18,1
0,11,5140,0,0,500,0.6,1000,0.2,1400,0.2,1
1,0,12380,0,0,300,0.5,572,0.32,486,0.18,1
1,1,8488,2,10,5,0,300,0.5,1700,0.5,1
1,2,919,1,0,300,0.5,1700,0.5,0
1,3,12320,2,10,5,0,666,0.42,420,0.58,1
1,4,14884,0,0,666,0.42,420,0.58,1
1,5,6134,0,0,500,0.6,1000,0.2,1400,0.2,1
1,6,4638,1,0,300,0.5,572,0.32,486,0.18,1
1,7,13821,0,0,500,0.6,1000,0.2,1400,0.2,1
1,8,4086,1,0,500,0.6,1000,0.2,1400,0.2,1
1,9,11016,0,0,300,0.5,1700,0.5,1
1,10,9064,0,0,666,0.42,420,0.58,1
1,11,9493,1,0,300,0.5,1700,0.5,1
2,0,1092,2,10,5,0,300,0.5,572,0.32,486,0.18,1
2,1,12720,1,0,666,0.42,420,0.58,1
2,2,1895,2,10,5,0,500,0.6,1000,0.2,1400,0.2,1
2,3,2109,0,0,300,0.5,572,0.32,486,0.18,1
2,4,11942,0,0,500,0.6,1000,0.2,1400,0.2,1
2,5,9271,2,10,5,0,500,0.6,1000,0.2,1400,0.2,1
2,6,7346,0,0,300,0.5,572,0.32,486,0.18,1
2,7,4444,1,0,300,0.5,1700,0.5,1
2,8,6681,2,10,5,0,666,0.42,420,0.58,1
2,9,2714,1,0,500,0.6,1000,0.2,1400,0.2,1
2,10,7010,1,0,666,0.42,420,0.58,1
2,11,8798,0,0,500,0.6,1000,0.2,1400,0.2,1
3,0,3851,1,0,500,0.6,1000,0.2,1400,0.2,1
3,1,8213,1,0,666,0.42,420,0.58,1
3,2,11299,0,0,300,0.5,1700,0.5,1
3,3,1426,0,0,300,0.5,1700,0.5,1
3,4,6834,0,0,300,0.5,1700,0.5,1
3,5,10711,1,0,666,0.42,420,0.58,1
3,6,6855,2,10,5,0,300,0.5,572,0.32,486,0.18,1
3,7,8302,0,0,300,0.5,572,0.32,486,0.18,1
3,8,3806,1,0,300,0.5,1700,0.5,1
3,9,7498,0,0,500,0.6,1000,0.2,1400,0.2,1
3,10,3994,1,0,300,0.5,572,0.32,486,0.18,1
3,11,9709,1,0,666,0.42,420,0.58,1
4,0,14372,1,0,500,0.6,1000,0.2,1400,0.2,1
4,1,1655,0,0,300,0.5,1700,0.5,1
4,2,6490,2,10,5,0,666,0.42,420,0.58,1
4,3,10260,0,0,300,0.5,1700,0.5,1
4,4,4984,2,10,5,0,500,0.6,1000,0.2,1400,0.2,1
4,5,13939,2,10,5,0,300,0.5,1700,0.5,1
4,6,13706,2,10,5,0,500,0.6,1000,0.2,1400,0.2,1
4,7,8476,2,10,5,0,300,0.5,572,0.32,486,0.18,1
4,8,13762,2,10,5,0,666,0.42,420,0.58,1
4,9,9313,0,0,666,0.42,420,0.58,1
4,10,14424,2,10,5,0,300,0.5,572,0.32,486,0.18,1
4,11,7418,2,10,5,0,300,0.5,1700,0.5,1
5,0,8022,1,0,500,0.6,1000,0.2,1400,0.2,1
5,1,6022,0,0,500,0.6,1000,0.2,1400,0.2,1
5,2,4704,2,10,5,0,666,0.42,420,0.58,1
5,3,14198,2,10,5,0,500,0.6,1000,0.2,1400,0.2,1
5,4,9849,1,0,300,0.5,572,0.32,486,0.18,1
5,5,4028,2,10,5,0,500,0.6,1000,0.2,1400,0.2,1
5,6,14765,2,10,5,0,300,0.5,1700,0.5,1
5,7,880,2,10,5,0,300,0.5,572,0.32,486,0.18,1
5,8,11284,2,10,5,0,500,0.6,1000,0.2,1400,0.2,1
5,9,10412,0,0,500,0.6,1000,0.2,1400,0.2,1
5,10,9803,0,0,300,0.5,1700,0.5,1
5,11,2506,0,0,300,0.5,1700,0.5,1
6,0,7406,2,10,5,0,500,0.6,1000,0.2,1400,0.2,1
6,1,8909,0,0,300,0.5,1700,0.5,1
6,2,3346,2,10,5,0,666,0.42,420,0.58,1
6,3,8852,0,0,666,0.42,420,0.58,1
6,4,12356,1,0,300,0.5,572,0.32,486,0.18,1
6,5,7239,2,10,5,0,300,0.5,1700,0.5,1
6,6,13894,2,10,5,0,666,0.42,420,0.58,1
6,7,5318,2,10,5,0,500,0.6,1000,0.2,1400,0.2,1
6,8,3373,1,0,666,0.42,420,0.58,1
6,9,11965,2,10,5,0,500,0.6,1000,0.2,1400,0.2,1
6,10,6535,0,0,500,0.6,1000,0.2,1400,0.2,1
6,11,12400,1,0,500,0.6,1000,0.2,1400,0.2,1
7,0,10273,1,0,300,0.5,1700,0.5,1
7,1,9148,1,0,666,0.42,420,0.58,1
7,2,6710,0,0,300,0.5,1700,0.5,1
7,3,4339,2,10,5,0,666,0.42,420,0.58,1
7,4,11075,1,0,300,0.5,572,0.32,486,0.18,1
7,5,13241,0,0,300,0.5,1700,0.5,1
7,6,13517,2,10,5,0,666,0.42,420,0.58,1
7,7,14964,1,0,300,0.5,572,0.32,486,0.18,1
7,8,4738,1,0,300,0.5,572,0.32,486,0.18,1
7,9,2577,2,10,5,0,500,0.6,1000,0.2,1400,0.2,1
7,10,4142,1,0,300,0.5,572,0.32,486,0.18,1
7,11,11663,0,0,300,0.5,1700,0.5,1
8,0,14740,0,0,666,0.42,420,0.58,1
8,1,6678,0,0,300,0.5,1700,0.5,1
8,2,5674,1,0,666,0.42,420,0.58,1
8,3,5215,2,10,5,0,500,0.6,1000,0.2,1400,0.2,1
8,4,2153,2,10,5,0,666,0.42,420,0.58,1
8,5,13008,1,0,500,0.6,1000,0.2,1400,0.2,1
8,6,1296,2,10,5,0,300,0.5,1700,0.5,1
8,7,457,0,0,300,0.5,572,0.32,486,0.18,1
8,8,8980,2,10,5,0,300,0.5,572,0.32,486,0.18,1
8,9,1308,1,0,300,0.5,572,0.32,486,0.18,1
8,10,2935,0,0,666,0.42,420,0.58,1
8,11,7432,0,0,666,0.42,420,0.58,1
9,0,11409,0,0,300,0.5,1700,0.5,1
9,1,926,2,10,5,0,300,0.5,1700,0.5,1
9,2,3837,1,0,300,0.5,572,0.32,486,0.18,1
9,3,14290,2,10,5,0,500,0.6,1000,0.2,1400,0.2,1
9,4,8062,1,0,666,0.42,420,0.58,1
9,5,1100,0,0,500,0.6,1000,0.2,1400,0.2,1
9,6,348,0,0,300,0.5,1700,0.5,1
9,7,11096,1,0,300,0.5,1700,0.5,1
9,8,3555,0,0,500,0.6,1000,0.2,1400,0.2,1
9,9,6201,2,10,5,0,666,0.42,420,0.58,1
9,10,4487,2,10,5,0,666,0.42,420,0.58,1
9,11,4212,2,10,5,0,300,0.5,1700,0.5,1
10,0,2528,2,10,5,0,500,0.6,1000,0.2,1400,0.2,1
10,1,13002,2,10,5,0,300,0.5,572,0.32,486,0.18,1
10,2,6951,2,10,5,0,300,0.5,572,0.32,486,0.18,1
10,3,1211,1,0,300,0.5,1700,0.5,1
10,4,2140,0,0,300,0.5,572,0.32,486,0.18,1
10,5,8632,0,0,666,0.42,420,0.58,1
10,6,3209,2,10,5,0,500,0.6,1000,0.2,1400,0.2,1
10,7,2576,0,0,500,0.6,1000,0.2,1400,0.2,1
10,8,13813,1,0,300,0.5,572,0.32,486,0.18,1
10,9,453,1,0,300,0.5,1700,0.5,1
10,10,9991,2,10,5,0,666,0.42,420,0.58,1
10,11,2401,2,10,5,0,666,0.42,420,0.58,1
11,0,12767,0,0,300,0.5,1700,0.5,1
11,1,6741,2,10,5,0,300,0.5,1700,0.5,1
11,2,12335,1,0,666,0.42,420,0.58,1
11,3,8253,0,0,300,0.5,1700,0.5,1
11,4,14894,2,10,5,0,500,0.6,1000,0.2,1400,0.2,1
11,5,11409,0,0,666,0.42,420,0.58,1
11,6,2402,2,10,5,0,300,0.5,1700,0.5,1
11,7,5088,1,0,500,0.6,1000,0.2,1400,0.2,1
11,8,286,0,0,300,0.5,1700,0.5,1
11,9,11316,2,10,5,0,666,0.42,420,0.58,1
11,10,14690,0,0,666,0.42,420,0.58,1
11,11,2163,2,10,5,0,500,0.6,1000,0.2,1400,0.2,1
