0,0,7750,1,0,300,0.5,1700,0.5,1
0,1,2952,1,0,666,0.42,420,0.58,1
0,2,12260,1,0,500,0.6,1000,0.2,1400,0.2,1
0,3,11315,2,10,5,0,300,0.5,572,0.32,486,0.18,1
0,4,662,2,10,5,0,300,0.5,1700,0.5,1
0,5,13775,0,0,300,0.5,572,0.32,486,0.18,1
0,6,9367,1,0,500,0.6,1000,0.2,1400,0.2,1
0,7,4431,2,10,5,0,300,0.5,1700,0.5,1
0,8,14878,0,0,666,0.42,420,0.58,1
0,9,13303,2,10,5,0,500,0.6,1000,0.2,1400,0.2,1
0,10,8467,0,0,300,0.5,572,0.32,486,0.18,1
0,11,9044,1,0,300,0.5,1700,0.5,1
1,0,8431,1,0,500,0.6,1000,0.2,1400,0.2,1
1,1,13397,1,0,666,0.42,420,0.58,1
1,2,4541,2,10,5,0,300,0.5,1700,0.5,0
1,3,14898,2,10,5,0,300,0.5,1700,0.5,1
1,4,1553,1,0,666,0.42,420,0.58,1
1,5,13948,1,0,666,0.42,420,0.58,1
1,6,14704,2,10,5,0,500,0.6,1000,0.2,1400,0.2,1
1,7,2088,0,0,666,0.42,420,0.58,1
1,8,3458,1,0,500,0.6,1000,0.2,1400,0.2,1
1,9,6781,2,10,5,0,300,0.5,1700,0.5,1
1,10,10445,2,10,5,0,666,0.42,420,0.58,1
1,11,12786,0,0,500,0.6,1000,0.2,1400,0.2,1
2,0,13896,2,10,5,0,500,0.6,1000,0.2,1400,0.2,1
2,1,3922,2,10,5,0,300,0.5,572,0.32,486,0.18,1
2,2,7317,2,10,5,0,500,0.6,1000,0.2,1400,0.2,1
2,3,13536,2,10,5,0,666,0.42,420,0.58,1
2,4,2223,0,0,666,0.42,420,0.58,1
2,5,11847,2,10,5,0,300,0.5,572,0.32,486,0.18,1
2,6,8164,0,0,500,0.6,1000,0.2,1400,0.2,1
2,7,2641,1,0,300,0.5,572,0.32,486,0.18,1
2,8,5503,2,10,5,0,300,0.5,572,0.32,486,0.18,1
2,9,10357,2,10,5,0,500,0.6,1000,0.2,1400,0.2,1
2,10,12984,1,0,300,0.5,572,0.32,486,0.18,1
2,11,14657,0,0,500,0.6,1000,0.2,1400,0.2,1
3,0,9464,1,0,500,0.6,1000,0.2,1400,0.2,1
3,1,2381,1,0,500,0.6,1000,0.2,1400,0.2,1
3,2,3649,1,0,666,0.42,420,0.58,1
3,3,14067,1,0,666,0.42,420,0.58,1
3,4,3863,1,0,300,0.5,572,0.32,486,0.18,1
3,5,11240,1,0,300,0.5,572,0.32,486,0.18,1
3,6,10932,2,10,5,0,666,0.42,420,0.58,1
3,7,4047,2,10,5,0,300,0.5,1700,0.5,1
3,8,6544,0,0,666,0.42,420,0.58,1
3,9,3587,2,10,5,0,500,0.6,1000,0.2,1400,0.2,1
3,10,10927,2,10,5,0,500,0.6,1000,0.2,1400,0.2,1
3,11,1581,2,10,5,0,666,0.42,420,0.58,1
4,0,6320,2,10,5,0,666,0.42,420,0.58,1
4,1,3746,0,0,500,0.6,1000,0.2,1400,0.2,1
4,2,6869,1,0,300,0.5,572,0.32,486,0.18,1
4,3,14197,0,0,300,0.5,1700,0.5,1
4,4,13205,0,0,666,0.42,420,0.58,1
4,5,8100,2,10,5,0,300,0.5,572,0.32,486,0.18,1
4,6,2024,0,0,300,0.5,572,0.32,486,0.18,1
4,7,11481,1,0,666,0.42,420,0.58,1
4,8,13293,0,0,300,0.5,572,0.32,486,0.18,1
4,9,471,1,0,300,0.5,572,0.32,486,0.18,1
4,10,11987,2,10,5,0,500,0.6,1000,0.2,1400,0.2,1
4,11,4946,2,10,5,0,666,0.42,420,0.58,1
5,0,6081,0,0,300,0.5,572,0.32,486,0.18,1
5,1,7416,1,0,666,0.42,420,0.58,1
5,2,3760,1,0,666,0.42,420,0.58,1
5,3,1127,1,0,300,0.5,572,0.32,486,0.18,1
5,4,569,2,10,5,0,666,0.42,420,0.58,1
5,5,14993,0,0,300,0.5,1700,0.5,1
5,6,2523,2,10,5,0,300,0.5,1700,0.5,1
5,7,10581,1,0,300,0.5,1700,0.5,1
5,8,8171,0,0,300,0.5,572,0.32,486,0.18,1
5,9,12498,0,0,300,0.5,572,0.32,486,0.18,1
5,10,6684,0,0,666,0.42,420,0.58,1
5,11,5464,0,0,300,0.5,1700,0.5,1
6,0,2697,0,0,500,0.6,1000,0.2,1400,0.2,1
6,1,11458,0,0,500,0.6,1000,0.2,1400,0.2,1
6,2,4343,1,0,666,0.42,420,0.58,1
6,3,3775,0,0,666,0.42,420,0.58,1
6,4,881,1,0,300,0.5,572,0.32,486,0.18,1
6,5,5435,1,0,500,0.6,1000,0.2,1400,0.2,1
6,6,13909,1,0,500,0.6,1000,0.2,1400,0.2,1
6,7,10278,1,0,300,0.5,572,0.32,486,0.18,1
6,8,13018,2,10,5,0,500,0.6,1000,0.2,1400,0.2,1
6,9,5720,0,0,300,0.5,1700,0.5,1
6,10,1792,1,0,300,0.5,1700,0.5,1
6,11,6328,2,10,5,0,666,0.42,420,0.58,1
7,0,2578,1,0,300,0.5,1700,0.5,1
7,1,12324,2,10,5,0,500,0.6,1000,0.2,1400,0.2,1
7,2,6356,2,10,5,0,300,0.5,1700,0.5,1
7,3,4337,1,0,666,0.42,420,0.58,1
7,4,9701,2,10,5,0,500,0.6,1000,0.2,1400,0.2,1
7,5,1577,2,10,5,0,300,0.5,572,0.32,486,0.18,1
7,6,8310,1,0,300,0.5,1700,0.5,1
7,7,10046,1,0,300,0.5,1700,0.5,1
7,8,8535,2,10,5,0,500,0.6,1000,0.2,1400,0.2,1
7,9,11063,1,0,300,0.5,1700,0.5,1
7,10,3991,2,10,5,0,300,0.5,1700,0.5,1
7,11,4843,0,0,500,0.6,1000,0.2,1400,0.2,1
8,0,8112,2,10,5,0,666,0.42,420,0.58,1
8,1,8057,2,10,5,0,300,0.5,572,0.32,486,0.18,1
8,2,1846,1,0,666,0.42,420,0.58,1
8,3,6807,1,0,666,0.42,420,0.58,1
8,4,4295,2,10,5,0,300,0.5,1700,0.5,1
8,5,6252,1,0,666,0.42,420,0.58,1
8,6,3761,2,10,5,0,500,0.6,1000,0.2,1400,0.2,1
8,7,12741,2,10,5,0,666,0.42,420,0.58,1
8,8,1542,2,10,5,0,300,0.5,1700,0.5,1
8,9,10565,2,10,5,0,500,0.6,1000,0.2,1400,0.2,1
8,10,295,1,0,300,0.5,1700,0.5,1
8,11,9048,2,10,5,0,500,0.6,1000,0.2,1400,0.2,1
9,0,6983,0,0,500,0.6,1000,0.2,1400,0.2,1
9,1,3888,0,0,666,0.42,420,0.58,1
9,2,13001,2,10,5,0,500,0.6,1000,0.2,1400,0.2,1
9,3,14180,0,0,666,0.42,420,0.58,1
9,4,12765,2,10,5,0,666,0.42,420,0.58,1
9,5,11534,0,0,300,0.5,572,0.32,486,0.18,1
9,6,10572,0,0,300,0.5,1700,0.5,1
9,7,11593,2,10,5,0,300,0.5,1700,0.5,1
9,8,8543,2,10,5,0,300,0.5,572,0.32,486,0.18,1
9,9,8598,0,0,300,0.5,572,0.32,486,0.18,1
9,10,12789,2,10,5,0,500,0.6,1000,0.2,1400,0.2,1
9,11,11329,1,0,300,0.5,1700,0.5,1
10,0,4328,0,0,500,0.6,1000,0.2,1400,0.2,1
10,1,13586,0,0,300,0.5,1700,0.5,1
10,2,14937,2,10,5,0,500,0.6,1000,0.2,1400,0.2,1
10,3,11088,0,0,300,0.5,1700,0.5,1
10,4,4455,1,0,666,0.42,420,0.58,1
10,5,7105,1,0,666,0.42,420,0.58,1
10,6,736,2,10,5,0,300,0.5,1700,0.5,1
10,7,14085,1,0,300,0.5,1700,0.5,1
10,8,9658,2,10,5,0,500,0.6,1000,0.2,1400,0.2,1
10,9,2880,0,0,300,0.5,572,0.32,486,0.18,1
10,10,12681,1,0,500,0.6,1000,0.2,1400,0.2,1
10,11,9370,1,0,300,0.5,1700,0.5,1
11,0,13596,0,0,300,0.5,572,0.32,486,0.18,1
11,1,479,1,0,500,0.6,1000,0.2,1400,0.2,1
11,2,2678,0,0,500,0.6,1000,0.2,1400,0.2,1
11,3,542,0,0,666,0.42,420,0.58,1
11,4,7886,0,0,666,0.42,420,0.58,1
11,5,8153,1,0,666,0.42,420,0.58,1
11,6,3481,0,0,300,0.5,572,0.32,486,0.18,1
11,7,13609,1,0,300,0.5,572,0.32,486,0.18,1
11,8,5120,0,0,500,0.6,1000,0.2,1400,0.2,1
11,9,6230,1,0,300,0.5,1700,0.5,1
11,10,6890,1,0,666,0.42,420,0.58,1
11,11,5538,1,0,300,0.5,572,0.32,486,0.18,1
