0,0,5318,1,0,300,0.5,1700,0.5,1
0,1,14190,0,0,666,0.42,420,0.58,1
0,2,2104,2,10,5,0,300,0.5,1700,0.5,1
0,3,1583,2,10,5,0,500,0.6,1000,0.2,1400,0.2,1
0,4,12535,0,0,300,0.5,572,0.32,486,0.18,1
0,5,3857,0,0,300,0.5,1700,0.5,1
0,6,2091,2,10,5,0,300,0.5,572,0.32,486,0.18,1
0,7,4295,0,0,300,0.5,1700,0.5,1
0,8,1496,2,10,5,0,300,0.5,1700,0.5,1
0,9,2858,1,0,300,0.5,1700,0.5,1
0,10,3963,2,10,5,0,666,0.42,420,0.58,1
0,11,10959,2,10,5,0,300,0.5,572,0.32,486,0.18,1
1,0,11578,1,0,666,0.42,420,0.58,1
1,1,13887,0,0,666,0.42,420,0.58,1
1,2,7479,1,0,666,0.42,420,0.58,0
1,3,9497,0,0,666,0.42,420,0.58,1
1,4,9892,1,0,300,0.5,1700,0.5,1
1,5,13129,0,0,300,0.5,572,0.32,486,0.18,1
1,6,5786,2,10,5,0,300,0.5,572,0.32,486,0.18,1
1,7,8588,0,0,300,0.5,572,0.32,486,0.18,1
1,8,10915,1,0,500,0.6,1000,0.2,1400,0.2,1
1,9,8155,1,0,300,0.5,1700,0.5,1
1,10,11209,2,10,5,0,666,0.42,420,0.58,1
1,11,5722,0,0,300,0.5,1700,0.5,1
2,0,7144,0,0,300,0.5,572,0.32,486,0.18,1
2,1,13603,2,10,5,0,500,0.6,1000,0.2,1400,0.2,1
2,2,12471,2,10,5,0,300,0.5,572,0.32,486,0.18,1
2,3,6424,1,0,500,0.6,1000,0.2,1400,0.2,1
2,4,11330,0,0,500,0.6,1000,0.2,1400,0.2,1
2,5,9611,0,0,300,0.5,1700,0.5,1
2,6,1017,2,10,5,0,500,0.6,1000,0.2,1400,0.2,1
2,7,8345,2,10,5,0,666,0.42,420,0.58,1
2,8,5191,0,0,300,0.5,1700,0.5,1
2,9,7190,2,10,5,0,666,0.42,420,0.58,1
2,10,11504,2,10,5,0,500,0.6,1000,0.2,1400,0.2,1
2,11,2014,2,10,5,0,500,0.6,1000,0.2,1400,0.2,1
3,0,9151,0,0,300,0.5,1700,0.5,1
3,1,8796,1,0,300,0.5,572,0.32,486,0.18,1
3,2,5351,2,10,5,0,666,0.42,420,0.58,1
3,3,8419,0,0,666,0.42,420,0.58,1
3,4,14222,0,0,300,0.5,1700,0.5,1
3,5,8307,1,0,300,0.5,572,0.32,486,0.18,1
3,6,14549,0,0,666,0.42,420,0.58,1
3,7,1729,2,10,5,0,666,0.42,420,0.58,1
3,8,1537,0,0,666,0.42,420,0.58,1
3,9,2875,1,0,500,0.6,1000,0.2,1400,0.2,1
3,10,4787,1,0,500,0.6,1000,0.2,1400,0.2,1
3,11,9568,1,0,500,0.6,1000,0.2,1400,0.2,1
4,0,6457,2,10,5,0,666,0.42,420,0.58,1
4,1,9023,2,10,5,0,300,0.5,572,0.32,486,0.18,1
4,2,4406,2,10,5,0,300,0.5,572,0.32,486,0.18,1
4,3,12781,0,0,666,0.42,420,0.58,1
4,4,4276,1,0,666,0.42,420,0.58,1
4,5,6398,1,0,300,0.5,1700,0.5,1
4,6,8583,0,0,300,0.5,572,0.32,486,0.18,1
4,7,13391,0,0,300,0.5,1700,0.5,1
4,8,5512,0,0,300,0.5,1700,0.5,1
4,9,2905,1,0,300,0.5,572,0.32,486,0.18,1
4,10,11626,1,0,500,0.6,1000,0.2,1400,0.2,1
4,11,841,1,0,300,0.5,572,0.32,486,0.18,1
5,0,11142,1,0,666,0.42,420,0.58,1
5,1,9124,2,10,5,0,666,0.42,420,0.58,1
5,2,6689,0,0,500,0.6,1000,0.2,1400,0.2,1
5,3,13895,2,10,5,0,300,0.5,572,0.32,486,0.18,1
5,4,1949,0,0,666,0.42,420,0.58,1
5,5,7050,1,0,300,0.5,1700,0.5,1
5,6,72,0,0,666,0.42,420,0.58,1
5,7,11782,0,0,300,0.5,1700,0.5,1
5,8,13880,0,0,300,0.5,1700,0.5,1
5,9,2573,2,10,5,0,500,0.6,1000,0.2,1400,0.2,1
5,10,136,1,0,500,0.6,1000,0.2,1400,0.2,1
5,11,12547,1,0,666,0.42,420,0.58,1
6,0,12503,1,0,666,0.42,420,0.58,1
6,1,4019,0,0,666,0.42,420,0.58,1
6,2,6587,0,0,300,0.5,1700,0.5,1
6,3,9264,2,10,5,0,300,0.5,572,0.32,486,0.18,1
6,4,4043,1,0,300,0.5,1700,0.5,1
6,5,3778,0,0,300,0.5,1700,0.5,1
6,6,12102,0,0,666,0.42,420,0.58,1
6,7,4409,2,10,5,0,500,0.6,1000,0.2,1400,0.2,1
6,8,70,1,0,666,0.42,420,0.58,1
6,9,7397,2,10,5,0,300,0.5,1700,0.5,1
6,10,3494,0,0,300,0.5,1700,0.5,1
6,11,3801,1,0,500,0.6,1000,0.2,1400,0.2,1
7,0,5622,0,0,300,0.5,572,0.32,486,0.18,1
7,1,6631,2,10,5,0,500,0.6,1000,0.2,1400,0.2,1
7,2,9205,0,0,300,0.5,572,0.32,486,0.18,1
7,3,8175,1,0,300,0.5,572,0.32,486,0.18,1
7,4,11065,0,0,300,0.5,1700,0.5,1
7,5,1140,1,0,666,0.42,420,0.58,1
7,6,9891,0,0,300,0.5,572,0.32,486,0.18,1
7,7,1396,1,0,300,0.5,1700,0.5,1
7,8,4400,0,0,500,0.6,1000,0.2,1400,0.2,1
7,9,1146,0,0,500,0.6,1000,0.2,1400,0.2,1
7,10,1934,1,0,500,0.6,1000,0.2,1400,0.2,1
7,11,3049,1,0,300,0.5,1700,0.5,1
8,0,4319,2,10,5,0,500,0.6,1000,0.2,1400,0.2,1
8,1,2781,0,0,666,0.42,420,0.58,1
8,2,3568,1,0,500,0.6,1000,0.2,1400,0.2,1
8,3,13875,2,10,5,0,300,0.5,572,0.32,486,0.18,1
8,4,4989,2,10,5,0,666,0.42,420,0.58,1
8,5,6483,2,10,5,0,500,0.6,1000,0.2,1400,0.2,1
8,6,5511,1,0,666,0.42,420,0.58,1
8,7,1677,0,0,500,0.6,1000,0.2,1400,0.2,1
8,8,9819,1,0,300,0.5,572,0.32,486,0.18,1
8,9,10467,2,10,5,0,300,0.5,1700,0.5,1
8,10,3668,0,0,300,0.5,1700,0.5,1
8,11,11422,2,10,5,0,500,0.6,1000,0.2,1400,0.2,1
9,0,14303,0,0,500,0.6,1000,0.2,1400,0.2,1
9,1,8011,2,10,5,0,500,0.6,1000,0.2,1400,0.2,1
9,2,5368,2,10,5,0,500,0.6,1000,0.2,1400,0.2,1
9,3,1282,2,10,5,0,300,0.5,572,0.32,486,0.18,1
9,4,4889,0,0,500,0.6,1000,0.2,1400,0.2,1
9,5,7417,2,10,5,0,300,0.5,1700,0.5,1
9,6,2956,0,0,666,0.42,420,0.58,1
9,7,9929,0,0,500,0.6,1000,0.2,1400,0.2,1
9,8,8238,1,0,500,0.6,1000,0.2,1400,0.2,1
9,9,7987,2,10,5,0,666,0.42,420,0.58,1
9,10,3721,2,10,5,0,300,0.5,1700,0.5,1
9,11,14304,2,10,5,0,300,0.5,1700,0.5,1
10,0,3094,1,0,666,0.42,420,0.58,1
10,1,14508,0,0,300,0.5,1700,0.5,1
10,2,110,0,0,300,0.5,1700,0.5,1
10,3,5094,2,10,5,0,666,0.42,420,0.58,1
10,4,9362,2,10,5,0,300,0.5,572,0.32,486,0.18,1
10,5,11956,2,10,5,0,300,0.5,1700,0.5,1
10,6,5469,2,10,5,0,300,0.5,572,0.32,486,0.18,1
10,7,13130,0,0,666,0.42,420,0.58,1
10,8,4408,2,10,5,0,300,0.5,1700,0.5,1
10,9,14447,1,0,300,0.5,572,0.32,486,0.18,1
10,10,211,2,10,5,0,500,0.6,1000,0.2,1400,0.2,1
10,11,1008,0,0,666,0.42,420,0.58,1
11,0,9879,2,10,5,0,300,0.5,1700,0.5,1
11,1,13916,0,0,300,0.5,572,0.32,486,0.18,1
11,2,4831,1,0,300,0.5,1700,0.5,1
11,3,9440,0,0,300,0.5,1700,0.5,1
11,4,14675,0,0,300,0.5,572,0.32,486,0.18,1
11,5,3705,1,0,300,0.5,572,0.32,486,0.18,1
11,6,9595,0,0,300,0.5,572,0.32,486,0.18,1
11,7,6164,2,10,5,0,500,0.6,1000,0.2,1400,0.2,1
11,8,1009,0,0,666,0.42,420,0.58,1
11,9,8236,2,10,5,0,300,0.5,572,0.32,486,0.18,1
11,10,5143,2,10,5,0,300,0.5,1700,0.5,1
11,11,9667,0,0,300,0.5,572,0.32,486,0.18,1
