0,0,2638,1,0,300,0.5,1700,0.5,1
0,1,654,2,10,5,0,300,0.5,1700,0.5,1
0,2,3143,0,0,666,0.42,420,0.58,1
0,3,3877,2,10,5,0,300,0.5,572,0.32,486,0.18,1
0,4,8955,2,10,5,0,300,0.5,572,0.32,486,0.18,1
0,5,1422,2,10,5,0,500,0.6,1000,0.2,1400,0.2,1
0,6,11711,1,0,666,0.42,420,0.58,1
0,7,981,0,0,500,0.6,1000,0.2,1400,0.2,1
0,8,10278,0,0,666,0.42,420,0.58,1
0,9,1286,2,10,5,0,300,0.5,1700,0.5,1
0,10,1694,1,0,300,0.5,572,0.32,486,0.18,1
0,11,1297,0,0,300,0.5,572,0.32,486,0.18,1
1,0,1515,1,0,500,0.6,1000,0.2,1400,0.2,1
1,1,11770,0,0,500,0.6,1000,0.2,1400,0.2,1
1,2,4085,1,0,666,0.42,420,0.58,0
1,3,4617,2,10,5,0,300,0.5,1700,0.5,1
1,4,11,2,10,5,0,500,0.6,1000,0.2,1400,0.2,1
1,5,8697,1,0,500,0.6,1000,0.2,1400,0.2,1
1,6,4172,0,0,500,0.6,1000,0.2,1400,0.2,1
1,7,12500,2,10,5,0,666,0.42,420,0.58,1
1,8,7274,0,0,666,0.42,420,0.58,1
1,9,5143,2,10,5,0,300,0.5,572,0.32,486,0.18,1
1,10,6935,1,0,300,0.5,572,0.32,486,0.18,1
1,11,3214,2,10,5,0,500,0.6,1000,0.2,1400,0.2,1
2,0,8750,2,10,5,0,300,0.5,572,0.32,486,0.18,1
2,1,13803,2,10,5,0,500,0.6,1000,0.2,1400,0.2,1
2,2,3275,1,0,300,0.5,1700,0.5,1
2,3,2235,1,0,666,0.42,420,0.58,1
2,4,6516,0,0,300,0.5,572,0.32,486,0.18,1
2,5,13736,0,0,666,0.42,420,0.58,1
2,6,4371,1,0,666,0.42,420,0.58,1
2,7,12639,2,10,5,0,300,0.5,1700,0.5,1
2,8,13610,1,0,300,0.5,572,0.32,486,0.18,1
2,9,9791,2,10,5,0,666,0.42,420,0.58,1
2,10,5565,2,10,5,0,666,0.42,420,0.58,1
2,11,5951,2,10,5,0,300,0.5,572,0.32,486,0.18,1
3,0,5792,0,0,300,0.5,572,0.32,486,0.18,1
3,1,9616,0,0,300,0.5,1700,0.5,1
3,2,12532,1,0,300,0.5,1700,0.5,1
3,3,7683,0,0,300,0.5,572,0.32,486,0.18,1
3,4,3345,0,0,300,0.5,572,0.32,486,0.18,1
3,5,12648,1,0,666,0.42,420,0.58,1
3,6,4161,2,10,5,0,500,0.6,1000,0.2,1400,0.2,1
3,7,10107,1,0,300,0.5,572,0.32,486,0.18,1
3,8,5275,0,0,666,0.42,420,0.58,1
3,9,6228,0,0,666,0.42,420,0.58,1
3,10,12890,1,0,666,0.42,420,0.58,1
3,11,7231,0,0,300,0.5,572,0.32,486,0.18,1
4,0,12308,2,10,5,0,666,0.42,420,0.58,1
4,1,10827,2,10,5,0,500,0.6,1000,0.2,1400,0.2,1
4,2,9712,0,0,300,0.5,572,0.32,486,0.18,1
4,3,8514,2,10,5,0,300,0.5,1700,0.5,1
4,4,11797,0,0,300,0.5,1700,0.5,1
4,5,14820,0,0,500,0.6,1000,0.2,1400,0.2,1
4,6,6782,2,10,5,0,300,0.5,572,0.32,486,0.18,1
4,7,13890,1,0,300,0.5,572,0.32,486,0.18,1
4,8,6165,0,0,666,0.42,420,0.58,1
4,9,1964,1,0,666,0.42,420,0.58,1
4,10,13833,0,0,300,0.5,572,0.32,486,0.18,1
4,11,905,0,0,300,0.5,1700,0.5,1
5,0,12175,2,10,5,0,500,0.6,1000,0.2,1400,0.2,1
5,1,14940,2,10,5,0,300,0.5,572,0.32,486,0.18,1
5,2,2296,1,0,300,0.5,572,0.32,486,0.18,1
5,3,9616,0,0,300,0.5,572,0.32,486,0.18,1
5,4,6963,1,0,300,0.5,572,0.32,486,0.18,1
5,5,4850,0,0,500,0.6,1000,0.2,1400,0.2,1
5,6,11516,0,0,300,0.5,1700,0.5,1
5,7,13155,2,10,5,0,500,0.6,1000,0.2,1400,0.2,1
5,8,11424,1,0,666,0.42,420,0.58,1
5,9,1446,0,0,300,0.5,1700,0.5,1
5,10,1885,2,10,5,0,300,0.5,1700,0.5,1
5,11,10114,2,10,5,0,666,0.42,420,0.58,1
6,0,14127,1,0,300,0.5,1700,0.5,1
6,1,3241,2,10,5,0,300,0.5,572,0.32,486,0.18,1
6,2,6261,1,0,300,0.5,1700,0.5,1
6,3,8446,0,0,500,0.6,1000,0.2,1400,0.2,1
6,4,7386,1,0,666,0.42,420,0.58,1
6,5,6533,1,0,300,0.5,572,0.32,486,0.18,1
6,6,8192,2,10,5,0,500,0.6,1000,0.2,1400,0.2,1
6,7,9046,2,10,5,0,666,0.42,420,0.58,1
6,8,144,2,10,5,0,666,0.42,420,0.58,1
6,9,12760,0,0,300,0.5,572,0.32,486,0.18,1
6,10,6055,2,10,5,0,300,0.5,1700,0.5,1
6,11,5494,2,10,5,0,500,0.6,1000,0.2,1400,0.2,1
7,0,6045,2,10,5,0,300,0.5,572,0.32,486,0.18,1
7,1,11163,1,0,500,0.6,1000,0.2,1400,0.2,1
7,2,10616,0,0,300,0.5,572,0.32,486,0.18,1
7,3,13448,2,10,5,0,666,0.42,420,0.58,1
7,4,3021,0,0,666,0.42,420,0.58,1
7,5,5724,0,0,300,0.5,572,0.32,486,0.18,1
7,6,12482,0,0,500,0.6,1000,0.2,1400,0.2,1
7,7,14050,1,0,666,0.42,420,0.58,1
7,8,4653,1,0,500,0.6,1000,0.2,1400,0.2,1
7,9,2719,0,0,666,0.42,420,0.58,1
7,10,4486,2,10,5,0,300,0.5,1700,0.5,1
7,11,8610,2,10,5,0,500,0.6,1000,0.2,1400,0.2,1
8,0,10936,1,0,300,0.5,572,0.32,486,0.18,1
8,1,4130,0,0,300,0.5,1700,0.5,1
8,2,1810,0,0,500,0.6,1000,0.2,1400,0.2,1
8,3,444,2,10,5,0,500,0.6,1000,0.2,1400,0.2,1
8,4,1058,2,10,5,0,666,0.42,420,0.58,1
8,5,7274,0,0,666,0.42,420,0.58,1
8,6,8319,1,0,666,0.42,420,0.58,1
8,7,6893,0,0,666,0.42,420,0.58,1
8,8,830,2,10,5,0,500,0.6,1000,0.2,1400,0.2,1
8,9,4792,2,10,5,0,300,0.5,572,0.32,486,0.18,1
8,10,2782,0,0,300,0.5,572,0.32,486,0.18,1
8,11,12239,1,0,500,0.6,1000,0.2,1400,0.2,1
9,0,10407,0,0,500,0.6,1000,0.2,1400,0.2,1
9,1,13492,0,0,300,0.5,572,0.32,486,0.18,1
9,2,12899,1,0,300,0.5,572,0.32,486,0.18,1
9,3,13464,1,0,300,0.5,572,0.32,486,0.18,1
9,4,4537,0,0,300,0.5,1700,0.5,1
9,5,13905,1,0,300,0.5,1700,0.5,1
9,6,386,1,0,500,0.6,1000,0.2,1400,0.2,1
9,7,14410,2,10,5,0,300,0.5,572,0.32,486,0.18,1
9,8,11079,1,0,300,0.5,572,0.32,486,0.18,1
9,9,6373,0,0,500,0.6,1000,0.2,1400,0.2,1
9,10,10281,0,0,666,0.42,420,0.58,1
9,11,4737,0,0,300,0.5,572,0.32,486,0.18,1
10,0,7625,1,0,300,0.5,1700,0.5,1
10,1,5059,2,10,5,0,300,0.5,572,0.32,486,0.18,1
10,2,12282,0,0,666,0.42,420,0.58,1
10,3,2193,0,0,300,0.5,572,0.32,486,0.18,1
10,4,4297,1,0,300,0.5,572,0.32,486,0.18,1
10,5,2527,2,10,5,0,300,0.5,1700,0.5,1
10,6,12810,1,0,300,0.5,572,0.32,486,0.18,1
10,7,1839,2,10,5,0,666,0.42,420,0.58,1
10,8,2319,2,10,5,0,300,0.5,572,0.32,486,0.18,1
10,9,7190,0,0,500,0.6,1000,0.2,1400,0.2,1
10,10,8307,0,0,300,0.5,572,0.32,486,0.18,1
10,11,6924,1,0,500,0.6,1000,0.2,1400,0.2,1
11,0,10373,1,0,300,0.5,1700,0.5,1
11,1,14490,0,0,300,0.5,1700,0.5,1
11,2,5909,0,0,500,0.6,1000,0.2,1400,0.2,1
11,3,12569,2,10,5,0,300,0.5,1700,0.5,1
11,4,6078,0,0,500,0.6,1000,0.2,1400,0.2,1
11,5,1764,1,0,300,0.5,572,0.32,486,0.18,1
11,6,805,2,10,5,0,300,0.5,1700,0.5,1
11,7,6046,2,10,5,0,300,0.5,1700,0.5,1
11,8,14640,1,0,666,0.42,420,0.58,1
11,9,11260,2,10,5,0,500,0.6,1000,0.2,1400,0.2,1
11,10,13858,1,0,500,0.6,1000,0.2,1400,0.2,1
11,11,6990,0,0,666,0.42,420,0.58,1
