0,0,1715,1,0,666,0.42,420,0.58,1
0,1,13413,1,0,666,0.42,420,0.58,1
0,2,10745,1,0,300,0.5,572,0.32,486,0.18,1
0,3,12716,1,0,666,0.42,420,0.58,1
0,4,3248,0,0,300,0.5,1700,0.5,1
0,5,3705,1,0,666,0.42,420,0.58,1
0,6,10755,0,0,300,0.5,572,0.32,486,0.18,1
0,7,95,0,0,300,0.5,572,0.32,486,0.18,1
0,8,2999,0,0,500,0.6,1000,0.2,1400,0.2,1
0,9,9911,0,0,500,0.6,1000,0.2,1400,0.2,1
0,10,9419,1,0,500,0.6,1000,0.2,1400,0.2,1
0,11,10198,1,0,666,0.42,420,0.58,1
1,0,7672,1,0,300,0.5,1700,0.5,1
1,1,3642,1,0,300,0.5,572,0.32,486,0.18,1
1,2,2710,1,0,300,0.5,1700,0.5,0
1,3,6924,1,0,666,0.42,420,0.58,1
1,4,8574,1,0,300,0.5,572,0.32,486,0.18,1
1,5,6606,0,0,300,0.5,1700,0.5,1
1,6,9263,0,0,666,0.42,420,0.58,1
1,7,1288,2,10,5,0,300,0.5,1700,0.5,1
1,8,1340,0,0,300,0.5,572,0.32,486,0.18,1
1,9,6599,2,10,5,0,666,0.42,420,0.58,1
1,10,9046,1,0,300,0.5,572,0.32,486,0.18,1
1,11,6690,2,10,5,0,300,0.5,1700,0.5,1
2,0,5703,2,10,5,0,500,0.6,1000,0.2,1400,0.2,1
2,1,526,1,0,666,0.42,420,0.58,1
2,2,10324,1,0,300,0.5,1700,0.5,1
2,3,8213,1,0,666,0.42,420,0.58,1
2,4,4672,2,10,5,0,666,0.42,420,0.58,1
2,5,8110,1,0,300,0.5,1700,0.5,1
2,6,12207,2,10,5,0,500,0.6,1000,0.2,1400,0.2,1
2,7,6842,1,0,500,0.6,1000,0.2,1400,0.2,1
2,8,3818,2,10,5,0,300,0.5,572,0.32,486,0.18,1
2,9,4490,0,0,500,0.6,1000,0.2,1400,0.2,1
2,10,11968,1,0,300,0.5,1700,0.5,1
2,11,1503,1,0,300,0.5,1700,0.5,1
3,0,1228,1,0,300,0.5,572,0.32,486,0.18,1
3,1,9043,1,0,666,0.42,420,0.58,1
3,2,8247,2,10,5,0,666,0.42,420,0.58,1
3,3,9856,2,10,5,0,300,0.5,1700,0.5,1
3,4,2542,2,10,5,0,300,0.5,572,0.32,486,0.18,1
3,5,11669,0,0,500,0.6,1000,0.2,1400,0.2,1
3,6,4249,0,0,300,0.5,572,0.32,486,0.18,1
3,7,11970,2,10,5,0,666,0.42,420,0.58,1
3,8,4368,1,0,300,0.5,1700,0.5,1
3,9,1282,2,10,5,0,300,0.5,1700,0.5,1
3,10,14431,0,0,300,0.5,1700,0.5,1
3,11,10803,1,0,300,0.5,572,0.32,486,0.18,1
4,0,14707,1,0,300,0.5,1700,0.5,1
4,1,5040,0,0,300,0.5,1700,0.5,1
4,2,7982,2,10,5,0,300,0.5,1700,0.5,1
4,3,819,2,10,5,0,300,0.5,1700,0.5,1
4,4,1512,1,0,500,0.6,1000,0.2,1400,0.2,1
4,5,12366,2,10,5,0,300,0.5,572,0.32,486,0.18,1
4,6,2440,1,0,666,0.42,420,0.58,1
4,7,8832,1,0,300,0.5,572,0.32,486,0.18,1
4,8,4750,0,0,666,0.42,420,0.58,1
4,9,11019,0,0,666,0.42,420,0.58,1
4,10,7782,2,10,5,0,500,0.6,1000,0.2,1400,0.2,1
4,11,2296,0,0,300,0.5,1700,0.5,1
5,0,10710,0,0,300,0.5,1700,0.5,1
5,1,971,2,10,5,0,300,0.5,1700,0.5,1
5,2,3352,0,0,300,0.5,1700,0.5,1
5,3,474,1,0,300,0.5,1700,0.5,1
5,4,13848,0,0,300,0.5,572,0.32,486,0.18,1
5,5,6804,1,0,300,0.5,572,0.32,486,0.18,1
5,6,6591,1,0,300,0.5,572,0.32,486,0.18,1
5,7,8233,2,10,5,0,666,0.42,420,0.58,1
5,8,7866,1,0,300,0.5,1700,0.5,1
5,9,12408,1,0,500,0.6,1000,0.2,1400,0.2,1
5,10,3102,1,0,300,0.5,572,0.32,486,0.18,1
5,11,10229,0,0,300,0.5,1700,0.5,1
6,0,8041,1,0,666,0.42,420,0.58,1
6,1,9785,0,0,666,0.42,420,0.58,1
6,2,2074,0,0,500,0.6,1000,0.2,1400,0.2,1
6,3,5988,2,10,5,0,300,0.5,572,0.32,486,0.18,1
6,4,4558,0,0,300,0.5,572,0.32,486,0.18,1
6,5,10706,1,0,300,0.5,572,0.32,486,0.18,1
6,6,7124,0,0,300,0.5,1700,0.5,1
6,7,4948,2,10,5,0,300,0.5,572,0.32,486,0.18,1
6,8,1106,0,0,300,0.5,572,0.32,486,0.18,1
6,9,5454,1,0,300,0.5,1700,0.5,1
6,10,2981,2,10,5,0,300,0.5,572,0.32,486,0.18,1
6,11,9835,2,10,5,0,300,0.5,572,0.32,486,0.18,1
7,0,6483,1,0,500,0.6,1000,0.2,1400,0.2,1
7,1,8523,0,0,666,0.42,420,0.58,1
7,2,9961,1,0,666,0.42,420,0.58,1
7,3,5425,2,10,5,0,300,0.5,572,0.32,486,0.18,1
7,4,4144,0,0,500,0.6,1000,0.2,1400,0.2,1
7,5,14926,2,10,5,0,300,0.5,1700,0.5,1
7,6,13342,1,0,300,0.5,1700,0.5,1
7,7,6832,2,10,5,0,666,0.42,420,0.58,1
7,8,11626,1,0,300,0.5,1700,0.5,1
7,9,1121,1,0,300,0.5,1700,0.5,1
7,10,6023,2,10,5,0,500,0.6,1000,0.2,1400,0.2,1
7,11,7704,2,10,5,0,300,0.5,572,0.32,486,0.18,1
8,0,7763,0,0,666,0.42,420,0.58,1
8,1,1286,2,10,5,0,666,0.42,420,0.58,1
8,2,1247,2,10,5,0,300,0.5,1700,0.5,1
8,3,13329,2,10,5,0,500,0.6,1000,0.2,1400,0.2,1
8,4,2989,2,10,5,0,300,0.5,572,0.32,486,0.18,1
8,5,12132,1,0,500,0.6,1000,0.2,1400,0.2,1
8,6,12844,1,0,300,0.5,1700,0.5,1
8,7,5960,1,0,300,0.5,572,0.32,486,0.18,1
8,8,11779,0,0,300,0.5,1700,0.5,1
8,9,11542,0,0,300,0.5,572,0.32,486,0.18,1
8,10,834,1,0,500,0.6,1000,0.2,1400,0.2,1
8,11,10721,0,0,500,0.6,1000,0.2,1400,0.2,1
9,0,7129,1,0,300,0.5,1700,0.5,1
9,1,4890,1,0,666,0.42,420,0.58,1
9,2,1684,0,0,666,0.42,420,0.58,1
9,3,4854,0,0,300,0.5,572,0.32,486,0.18,1
9,4,9536,0,0,500,0.6,1000,0.2,1400,0.2,1
9,5,11239,0,0,500,0.6,1000,0.2,1400,0.2,1
9,6,9687,0,0,666,0.42,420,0.58,1
9,7,6853,2,10,5,0,300,0.5,1700,0.5,1
9,8,7920,0,0,300,0.5,572,0.32,486,0.18,1
9,9,8748,0,0,300,0.5,1700,0.5,1
9,10,13571,1,0,666,0.42,420,0.58,1
9,11,1294,1,0,500,0.6,1000,0.2,1400,0.2,1
10,0,11375,0,0,500,0.6,1000,0.2,1400,0.2,1
10,1,788,1,0,300,0.5,572,0.32,486,0.18,1
10,2,14810,2,10,5,0,300,0.5,572,0.32,486,0.18,1
10,3,454,1,0,300,0.5,572,0.32,486,0.18,1
10,4,11763,1,0,300,0.5,572,0.32,486,0.18,1
10,5,11556,1,0,300,0.5,572,0.32,486,0.18,1
10,6,9506,2,10,5,0,300,0.5,1700,0.5,1
10,7,13082,2,10,5,0,300,0.5,1700,0.5,1
10,8,9624,2,10,5,0,300,0.5,572,0.32,486,0.18,1
10,9,14760,1,0,500,0.6,1000,0.2,1400,0.2,1
10,10,13053,1,0,666,0.42,420,0.58,1
10,11,6715,2,10,5,0,300,0.5,572,0.32,486,0.18,1
11,0,9152,2,10,5,0,300,0.5,1700,0.5,1
11,1,12344,0,0,300,0.5,572,0.32,486,0.18,1
11,2,30,2,10,5,0,300,0.5,1700,0.5,1
11,3,7921,2,10,5,0,500,0.6,1000,0.2,1400,0.2,1
11,4,10228,0,0,666,0.42,420,0.58,1
11,5,2262,2,10,5,0,300,0.5,1700,0.5,1
11,6,9852,0,0,300,0.5,572,0.32,486,0.18,1
11,7,4180,0,0,666,0.42,420,0.58,1
11,8,12003,2,10,5,0,500,0.6,1000,0.2,1400,0.2,1
11,9,2532,1,0,500,0.6,1000,0.2,1400,0.2,1
11,10,5421,2,10,5,0,300,0.5,572,0.32,486,0.18,1
11,11,6437,2,10,5,0,300,0.5,1700,0.5,1
