0,0,1378,2,10,5,0,300,0.5,572,0.32,486,0.18,1
0,1,4793,2,10,5,0,300,0.5,1700,0.5,1
0,2,12292,2,10,5,0,666,0.42,420,0.58,1
0,3,6046,2,10,5,0,300,0.5,1700,0.5,1
0,4,5670,1,0,300,0.5,572,0.32,486,0.18,1
0,5,14480,2,10,5,0,500,0.6,1000,0.2,1400,0.2,1
0,6,5677,0,0,666,0.42,420,0.58,1
0,7,9269,2,10,5,0,300,0.5,572,0.32,486,0.18,1
0,8,14332,0,0,666,0.42,420,0.58,1
0,9,477,1,0,666,0.42,420,0.58,1
0,10,7933,2,10,5,0,500,0.6,1000,0.2,1400,0.2,1
0,11,14338,0,0,300,0.5,1700,0.5,1
1,0,13880,0,0,666,0.42,420,0.58,1
1,1,9733,1,0,666,0.42,420,0.58,1
1,2,4058,1,0,300,0.5,572,0.32,486,0.18,0
1,3,14998,0,0,300,0.5,572,0.32,486,0.18,1
1,4,2197,1,0,300,0.5,572,0.32,486,0.18,1
1,5,7241,1,0,300,0.5,572,0.32,486,0.18,1
1,6,1479,2,10,5,0,500,0.6,1000,0.2,1400,0.2,1
1,7,8919,1,0,500,0.6,1000,0.2,1400,0.2,1
1,8,6555,0,0,300,0.5,1700,0.5,1
1,9,7000,0,0,500,0.6,1000,0.2,1400,0.2,1
1,10,8829,0,0,666,0.42,420,0.58,1
1,11,7289,1,0,500,0.6,1000,0.2,1400,0.2,1
2,0,7072,2,10,5,0,500,0.6,1000,0.2,1400,0.2,1
2,1,12560,2,10,5,0,666,0.42,420,0.58,1
2,2,10991,2,10,5,0,300,0.5,1700,0.5,1
2,3,14758,0,0,300,0.5,572,0.32,486,0.18,1
2,4,9204,1,0,666,0.42,420,0.58,1
2,5,3991,0,0,300,0.5,572,0.32,486,0.18,1
2,6,6398,2,10,5,0,300,0.5,572,0.32,486,0.18,1
2,7,12637,0,0,300,0.5,1700,0.5,1
2,8,3716,2,10,5,0,500,0.6,1000,0.2,1400,0.2,1
2,9,8074,2,10,5,0,300,0.5,572,0.32,486,0.18,1
2,10,549,1,0,500,0.6,1000,0.2,1400,0.2,1
2,11,8355,1,0,300,0.5,572,0.32,486,0.18,1
3,0,6508,0,0,666,0.42,420,0.58,1
3,1,429,1,0,300,0.5,1700,0.5,1
3,2,13395,0,0,300,0.5,572,0.32,486,0.18,1
3,3,1052,2,10,5,0,666,0.42,420,0.58,1
3,4,4916,1,0,300,0.5,572,0.32,486,0.18,1
3,5,9641,1,0,500,0.6,1000,0.2,1400,0.2,1
3,6,8680,2,10,5,0,500,0.6,1000,0.2,1400,0.2,1
3,7,12338,0,0,300,0.5,572,0.32,486,0.18,1
3,8,7504,2,10,5,0,300,0.5,572,0.32,486,0.18,1
3,9,4101,1,0,500,0.6,1000,0.2,1400,0.2,1
3,10,11309,1,0,500,0.6,1000,0.2,1400,0.2,1
3,11,6761,1,0,500,0.6,1000,0.2,1400,0.2,1
4,0,7387,2,10,5,0,300,0.5,1700,0.5,1
4,1,11292,1,0,666,0.42,420,0.58,1
4,2,14541,1,0,300,0.5,1700,0.5,1
4,3,10791,2,10,5,0,666,0.42,420,0.58,1
4,4,11362,1,0,500,0.6,1000,0.2,1400,0.2,1
4,5,11811,2,10,5,0,500,0.6,1000,0.2,1400,0.2,1
4,6,12228,1,0,666,0.42,420,0.58,1
4,7,13770,2,10,5,0,666,0.42,420,0.58,1
4,8,14218,1,0,300,0.5,572,0.32,486,0.18,1
4,9,1026,0,0,300,0.5,572,0.32,486,0.18,1
4,10,624,0,0,300,0.5,1700,0.5,1
4,11,4812,2,10,5,0,666,0.42,420,0.58,1
5,0,4578,2,10,5,0,300,0.5,572,0.32,486,0.18,1
5,1,12283,1,0,300,0.5,1700,0.5,1
5,2,7567,0,0,666,0.42,420,0.58,1
5,3,7731,2,10,5,0,300,0.5,1700,0.5,1
5,4,14397,2,10,5,0,666,0.42,420,0.58,1
5,5,7889,1,0,500,0.6,1000,0.2,1400,0.2,1
5,6,8567,2,10,5,0,500,0.6,1000,0.2,1400,0.2,1
5,7,8542,1,0,500,0.6,1000,0.2,1400,0.2,1
5,8,14444,0,0,300,0.5,1700,0.5,1
5,9,13301,2,10,5,0,300,0.5,572,0.32,486,0.18,1
5,10,9018,1,0,300,0.5,572,0.32,486,0.18,1
5,11,4611,0,0,666,0.42,420,0.58,1
6,0,10423,2,10,5,0,300,0.5,1700,0.5,1
6,1,3593,2,10,5,0,300,0.5,1700,0.5,1
6,2,4326,2,10,5,0,666,0.42,420,0.58,1
6,3,388,1,0,300,0.5,1700,0.5,1
6,4,4131,1,0,666,0.42,420,0.58,1
6,5,9142,1,0,300,0.5,572,0.32,486,0.18,1
6,6,11060,1,0,666,0.42,420,0.58,1
6,7,3793,1,0,500,0.6,1000,0.2,1400,0.2,1
6,8,6224,1,0,666,0.42,420,0.58,1
6,9,1782,1,0,300,0.5,572,0.32,486,0.18,1
6,10,11696,0,0,666,0.42,420,0.58,1
6,11,9882,1,0,500,0.6,1000,0.2,1400,0.2,1
7,0,14172,2,10,5,0,500,0.6,1000,0.2,1400,0.2,1
7,1,11889,1,0,300,0.5,1700,0.5,1
7,2,13247,2,10,5,0,666,0.42,420,0.58,1
7,3,13852,0,0,300,0.5,572,0.32,486,0.18,1
7,4,14877,1,0,300,0.5,572,0.32,486,0.18,1
7,5,6510,1,0,300,0.5,1700,0.5,1
7,6,12947,1,0,300,0.5,1700,0.5,1
7,7,13694,1,0,666,0.42,420,0.58,1
7,8,9927,1,0,500,0.6,1000,0.2,1400,0.2,1
7,9,1041,0,0,300,0.5,1700,0.5,1
7,10,882,2,10,5,0,500,0.6,1000,0.2,1400,0.2,1
7,11,7018,2,10,5,0,500,0.6,1000,0.2,1400,0.2,1
8,0,8236,0,0,666,0.42,420,0.58,1
8,1,3660,2,10,5,0,300,0.5,1700,0.5,1
8,2,1145,0,0,300,0.5,1700,0.5,1
8,3,948,2,10,5,0,300,0.5,572,0.32,486,0.18,1
8,4,6448,0,0,666,0.42,420,0.58,1
8,5,4483,0,0,666,0.42,420,0.58,1
8,6,10554,1,0,666,0.42,420,0.58,1
8,7,9491,2,10,5,0,300,0.5,1700,0.5,1
8,8,14763,0,0,500,0.6,1000,0.2,1400,0.2,1
8,9,6156,0,0,300,0.5,572,0.32,486,0.18,1
8,10,2100,2,10,5,0,300,0.5,572,0.32,486,0.18,1
8,11,8385,0,0,300,0.5,1700,0.5,1
9,0,929,2,10,5,0,300,0.5,1700,0.5,1
9,1,2110,2,10,5,0,666,0.42,420,0.58,1
9,2,404,1,0,300,0.5,1700,0.5,1
9,3,1323,0,0,300,0.5,1700,0.5,1
9,4,1418,0,0,666,0.42,420,0.58,1
9,5,1932,2,10,5,0,300,0.5,1700,0.5,1
9,6,3262,2,10,5,0,300,0.5,1700,0.5,1
9,7,7903,1,0,666,0.42,420,0.58,1
9,8,1911,1,0,500,0.6,1000,0.2,1400,0.2,1
9,9,9638,1,0,500,0.6,1000,0.2,1400,0.2,1
9,10,13511,0,0,500,0.6,1000,0.2,1400,0.2,1
9,11,11011,0,0,300,0.5,572,0.32,486,0.18,1
10,0,6467,0,0,500,0.6,1000,0.2,1400,0.2,1
10,1,10294,0,0,300,0.5,572,0.32,486,0.18,1
10,2,13795,0,0,300,0.5,1700,0.5,1
10,3,2651,2,10,5,0,300,0.5,572,0.32,486,0.18,1
10,4,940,0,0,500,0.6,1000,0.2,1400,0.2,1
10,5,3574,2,10,5,0,300,0.5,572,0.32,486,0.18,1
10,6,3226,0,0,300,0.5,572,0.32,486,0.18,1
10,7,9450,1,0,666,0.42,420,0.58,1
10,8,1561,0,0,300,0.5,1700,0.5,1
10,9,7349,2,10,5,0,666,0.42,420,0.58,1
10,10,196,2,10,5,0,500,0.6,1000,0.2,1400,0.2,1
10,11,12955,1,0,300,0.5,572,0.32,486,0.18,1
11,0,4024,0,0,500,0.6,1000,0.2,1400,0.2,1
11,1,7469,2,10,5,0,300,0.5,1700,0.5,1
11,2,2396,2,10,5,0,500,0.6,1000,0.2,1400,0.2,1
11,3,684,2,10,5,0,300,0.5,1700,0.5,1
11,4,7181,1,0,500,0.6,1000,0.2,1400,0.2,1
11,5,5833,2,10,5,0,300,0.5,572,0.32,486,0.18,1
11,6,12584,0,0,300,0.5,1700,0.5,1
11,7,1998,0,0,500,0.6,1000,0.2,1400,0.2,1
11,8,9272,2,10,5,0,300,0.5,1700,0.5,1
11,9,7456,0,0,300,0.5,1700,0.5,1
11,10,8938,1,0,300,0.5,572,0.32,486,0.18,1
11,11,8677,1,0,500,0.6,1000,0.2,1400,0.2,1
