0,0,8934,0,0,666,0.42,420,0.58,1
0,1,11342,0,0,500,0.6,1000,0.2,1400,0.2,1
0,2,1912,0,0,300,0.5,572,0.32,486,0.18,1
0,3,1814,1,0,300,0.5,572,0.32,486,0.18,1
0,4,14719,1,0,300,0.5,1700,0.5,1
0,5,1723,1,0,300,0.5,1700,0.5,1
0,6,5462,0,0,666,0.42,420,0.58,1
0,7,8045,1,0,500,0.6,1000,0.2,1400,0.2,1
0,8,1237,1,0,300,0.5,1700,0.5,1
0,9,8935,1,0,300,0.5,572,0.32,486,0.18,1
0,10,6114,0,0,300,0.5,572,0.32,486,0.18,1
0,11,4073,2,10,5,0,300,0.5,1700,0.5,1
1,0,6539,0,0,666,0.42,420,0.58,1
1,1,4849,1,0,300,0.5,1700,0.5,1
1,2,11935,1,0,300,0.5,572,0.32,486,0.18,0
1,3,6141,2,10,5,0,300,0.5,572,0.32,486,0.18,1
1,4,581,2,10,5,0,300,0.5,1700,0.5,1
1,5,13559,2,10,5,0,300,0.5,1700,0.5,1
1,6,14663,1,0,300,0.5,1700,0.5,1
1,7,6826,2,10,5,0,300,0.5,1700,0.5,1
1,8,14713,2,10,5,0,300,0.5,572,0.32,486,0.18,1
1,9,1673,1,0,300,0.5,1700,0.5,1
1,10,13265,2,10,5,0,300,0.5,572,0.32,486,0.18,1
1,11,6983,0,0,500,0.6,1000,0.2,1400,0.2,1
2,0,11532,0,0,300,0.5,572,0.32,486,0.18,1
2,1,14997,1,0,300,0.5,572,0.32,486,0.18,1
2,2,68,2,10,5,0,300,0.5,1700,0.5,1
2,3,988,0,0,300,0.5,572,0.32,486,0.18,1
2,4,10199,0,0,300,0.5,1700,0.5,1
2,5,637,1,0,500,0.6,1000,0.2,1400,0.2,1
2,6,8248,0,0,300,0.5,1700,0.5,1
2,7,463,2,10,5,0,300,0.5,572,0.32,486,0.18,1
2,8,12438,0,0,300,0.5,572,0.32,486,0.18,1
2,9,13537,1,0,666,0.42,420,0.58,1
2,10,10776,2,10,5,0,500,0.6,1000,0.2,1400,0.2,1
2,11,12318,0,0,300,0.5,572,0.32,486,0.18,1
3,0,8513,1,0,500,0.6,1000,0.2,1400,0.2,1
3,1,4354,1,0,300,0.5,572,0.32,486,0.18,1
3,2,11817,2,10,5,0,500,0.6,1000,0.2,1400,0.2,1
3,3,5706,2,10,5,0,666,0.42,420,0.58,1
3,4,1725,0,0,300,0.5,1700,0.5,1
3,5,14562,2,10,5,0,500,0.6,1000,0.2,1400,0.2,1
3,6,1207,0,0,500,0.6,1000,0.2,1400,0.2,1
3,7,12521,2,10,5,0,500,0.6,1000,0.2,1400,0.2,1
3,8,12993,2,10,5,0,500,0.6,1000,0.2,1400,0.2,1
3,9,4412,0,0,500,0.6,1000,0.2,1400,0.2,1
3,10,1334,2,10,5,0,666,0.42,420,0.58,1
3,11,12069,0,0,300,0.5,1700,0.5,1
4,0,12340,1,0,300,0.5,1700,0.5,1
4,1,2881,0,0,500,0.6,1000,0.2,1400,0.2,1
4,2,7484,0,0,300,0.5,1700,0.5,1
4,3,5798,0,0,300,0.5,1700,0.5,1
4,4,1310,0,0,300,0.5,572,0.32,486,0.18,1
4,5,14069,1,0,300,0.5,1700,0.5,1
4,6,14315,2,10,5,0,300,0.5,572,0.32,486,0.18,1
4,7,13798,2,10,5,0,666,0.42,420,0.58,1
4,8,1159,1,0,666,0.42,420,0.58,1
4,9,6789,2,10,5,0,500,0.6,1000,0.2,1400,0.2,1
4,10,4385,0,0,300,0.5,572,0.32,486,0.18,1
4,11,12043,1,0,500,0.6,1000,0.2,1400,0.2,1
5,0,4254,0,0,666,0.42,420,0.58,1
5,1,11355,1,0,300,0.5,572,0.32,486,0.18,1
5,2,10238,1,0,666,0.42,420,0.58,1
5,3,13761,1,0,300,0.5,572,0.32,486,0.18,1
5,4,504,1,0,666,0.42,420,0.58,1
5,5,10372,1,0,300,0.5,1700,0.5,1
5,6,6636,2,10,5,0,300,0.5,1700,0.5,1
5,7,14603,1,0,300,0.5,572,0.32,486,0.18,1
5,8,1326,0,0,300,0.5,572,0.32,486,0.18,1
5,9,12960,2,10,5,0,666,0.42,420,0.58,1
5,10,11737,1,0,300,0.5,1700,0.5,1
5,11,6927,1,0,300,0.5,572,0.32,486,0.18,1
6,0,9022,0,0,500,0.6,1000,0.2,1400,0.2,1
6,1,5963,0,0,666,0.42,420,0.58,1
6,2,14407,2,10,5,0,500,0.6,1000,0.2,1400,0.2,1
6,3,3159,0,0,300,0.5,1700,0.5,1
6,4,4676,2,10,5,0,300,0.5,1700,0.5,1
6,5,907,1,0,300,0.5,1700,0.5,1
6,6,7258,0,0,666,0.42,420,0.58,1
6,7,14735,0,0,300,0.5,1700,0.5,1
6,8,13532,1,0,500,0.6,1000,0.2,1400,0.2,1
6,9,3738,2,10,5,0,500,0.6,1000,0.2,1400,0.2,1
6,10,6822,1,0,300,0.5,1700,0.5,1
6,11,9164,2,10,5,0,666,0.42,420,0.58,1
7,0,5341,0,0,300,0.5,572,0.32,486,0.18,1
7,1,1442,2,10,5,0,666,0.42,420,0.58,1
7,2,9205,1,0,300,0.5,1700,0.5,1
7,3,2042,1,0,666,0.42,420,0.58,1
7,4,13520,0,0,300,0.5,1700,0.5,1
7,5,12739,1,0,666,0.42,420,0.58,1
7,6,9346,2,10,5,0,500,0.6,1000,0.2,1400,0.2,1
7,7,12028,1,0,300,0.5,1700,0.5,1
7,8,8645,1,0,666,0.42,420,0.58,1
7,9,2562,1,0,666,0.42,420,0.58,1
7,10,5906,1,0,300,0.5,1700,0.5,1
7,11,7533,1,0,300,0.5,572,0.32,486,0.18,1
8,0,7580,2,10,5,0,666,0.42,420,0.58,1
8,1,5811,1,0,666,0.42,420,0.58,1
8,2,10423,2,10,5,0,300,0.5,1700,0.5,1
8,3,2572,1,0,300,0.5,572,0.32,486,0.18,1
8,4,10495,0,0,300,0.5,1700,0.5,1
8,5,3084,2,10,5,0,500,0.6,1000,0.2,1400,0.2,1
8,6,1345,2,10,5,0,300,0.5,1700,0.5,1
8,7,6469,0,0,500,0.6,1000,0.2,1400,0.2,1
8,8,6507,2,10,5,0,300,0.5,572,0.32,486,0.18,1
8,9,10346,2,10,5,0,666,0.42,420,0.58,1
8,10,2391,1,0,300,0.5,1700,0.5,1
8,11,5299,0,0,300,0.5,572,0.32,486,0.18,1
9,0,4396,0,0,666,0.42,420,0.58,1
9,1,7028,0,0,666,0.42,420,0.58,1
9,2,10472,2,10,5,0,666,0.42,420,0.58,1
9,3,1106,2,10,5,0,500,0.6,1000,0.2,1400,0.2,1
9,4,5032,1,0,300,0.5,572,0.32,486,0.18,1
9,5,13142,2,10,5,0,500,0.6,1000,0.2,1400,0.2,1
9,6,14755,0,0,666,0.42,420,0.58,1
9,7,6077,0,0,500,0.6,1000,0.2,1400,0.2,1
9,8,605,2,10,5,0,666,0.42,420,0.58,1
9,9,10562,1,0,300,0.5,572,0.32,486,0.18,1
9,10,3343,2,10,5,0,300,0.5,572,0.32,486,0.18,1
9,11,3777,0,0,500,0.6,1000,0.2,1400,0.2,1
10,0,12614,0,0,300,0.5,1700,0.5,1
10,1,14068,0,0,500,0.6,1000,0.2,1400,0.2,1
10,2,274,1,0,300,0.5,1700,0.5,1
10,3,5901,1,0,500,0.6,1000,0.2,1400,0.2,1
10,4,3203,0,0,666,0.42,420,0.58,1
10,5,8565,0,0,300,0.5,1700,0.5,1
10,6,14954,1,0,500,0.6,1000,0.2,1400,0.2,1
10,7,1434,0,0,666,0.42,420,0.58,1
10,8,6536,1,0,300,0.5,572,0.32,486,0.18,1
10,9,6165,1,0,300,0.5,572,0.32,486,0.18,1
10,10,4991,1,0,666,0.42,420,0.58,1
10,11,9400,2,10,5,0,300,0.5,1700,0.5,1
11,0,13364,2,10,5,0,666,0.42,420,0.58,1
11,1,6188,2,10,5,0,300,0.5,572,0.32,486,0.18,1
11,2,3711,1,0,500,0.6,1000,0.2,1400,0.2,1
11,3,7622,2,10,5,0,300,0.5,1700,0.5,1
11,4,1482,1,0,300,0.5,572,0.32,486,0.18,1
11,5,6888,2,10,5,0,300,0.5,1700,0.5,1
11,6,6250,0,0,500,0.6,1000,0.2,1400,0.2,1
11,7,12690,2,10,5,0,300,0.5,572,0.32,486,0.18,1
11,8,9566,2,10,5,0,500,0.6,1000,0.2,1400,0.2,1
11,9,8829,2,10,5,0,500,0.6,1000,0.2,1400,0.2,1
11,10,11052,2,10,5,0,300,0.5,572,0.32,486,0.18,1
11,11,7923,1,0,300,0.5,572,0.32,486,0.18,1
