0,0,873,0,0,300,0.5,1700,0.5,1
0,1,11009,2,10,5,0,300,0.5,1700,0.5,1
0,2,14666,1,0,666,0.42,420,0.58,1
0,3,13817,0,0,300,0.5,1700,0.5,1
0,4,1804,2,10,5,0,500,0.6,1000,0.2,1400,0.2,1
0,5,13906,1,0,300,0.5,1700,0.5,1
0,6,3075,0,0,666,0.42,420,0.58,1
0,7,2119,1,0,300,0.5,572,0.32,486,0.18,1
0,8,10479,0,0,666,0.42,420,0.58,1
0,9,11225,1,0,300,0.5,572,0.32,486,0.18,1
0,10,14501,0,0,300,0.5,1700,0.5,1
0,11,12339,2,10,5,0,300,0.5,1700,0.5,1
1,0,10890,1,0,500,0.6,1000,0.2,1400,0.2,1
1,1,10504,2,10,5,0,500,0.6,1000,0.2,1400,0.2,1
1,2,14642,2,10,5,0,500,0.6,1000,0.2,1400,0.2,0
1,3,215,1,0,300,0.5,572,0.32,486,0.18,1
1,4,11605,1,0,300,0.5,572,0.32,486,0.18,1
1,5,10069,2,10,5,0,300,0.5,1700,0.5,1
1,6,205,0,0,300,0.5,1700,0.5,1
1,7,10451,1,0,666,0.42,420,0.58,1
1,8,14882,0,0,300,0.5,572,0.32,486,0.18,1
1,9,8447,0,0,300,0.5,1700,0.5,1
1,10,11030,1,0,500,0.6,1000,0.2,1400,0.2,1
1,11,9204,1,0,300,0.5,1700,0.5,1
2,0,8002,0,0,300,0.5,1700,0.5,1
2,1,341,0,0,300,0.5,572,0.32,486,0.18,1
2,2,1378,2,10,5,0,666,0.42,420,0.58,1
2,3,8421,2,10,5,0,666,0.42,420,0.58,1
2,4,6715,0,0,300,0.5,572,0.32,486,0.18,1
2,5,1267,0,0,666,0.42,420,0.58,1
2,6,4253,2,10,5,0,300,0.5,572,0.32,486,0.18,1
2,7,6582,2,10,5,0,300,0.5,572,0.32,486,0.18,1
2,8,217,0,0,300,0.5,1700,0.5,1
2,9,13257,2,10,5,0,666,0.42,420,0.58,1
2,10,7537,1,0,300,0.5,1700,0.5,1
2,11,3751,1,0,300,0.5,1700,0.5,1
3,0,12163,1,0,500,0.6,1000,0.2,1400,0.2,1
3,1,11903,0,0,666,0.42,420,0.58,1
3,2,583,2,10,5,0,300,0.5,1700,0.5,1
3,3,5274,1,0,666,0.42,420,0.58,1
3,4,7985,1,0,666,0.42,420,0.58,1
3,5,13911,0,0,300,0.5,1700,0.5,1
3,6,227,1,0,300,0.5,572,0.32,486,0.18,1
3,7,11625,0,0,500,0.6,1000,0.2,1400,0.2,1
3,8,6086,1,0,300,0.5,572,0.32,486,0.18,1
3,9,3135,1,0,500,0.6,1000,0.2,1400,0.2,1
3,10,146,1,0,300,0.5,1700,0.5,1
3,11,7422,2,10,5,0,300,0.5,1700,0.5,1
4,0,4588,1,0,666,0.42,420,0.58,1
4,1,138,0,0,500,0.6,1000,0.2,1400,0.2,1
4,2,14954,2,10,5,0,300,0.5,1700,0.5,1
4,3,7468,2,10,5,0,500,0.6,1000,0.2,1400,0.2,1
4,4,14539,2,10,5,0,666,0.42,420,0.58,1
4,5,6905,1,0,666,0.42,420,0.58,1
4,6,3290,1,0,666,0.42,420,0.58,1
4,7,4462,1,0,300,0.5,572,0.32,486,0.18,1
4,8,11120,2,10,5,0,300,0.5,572,0.32,486,0.18,1
4,9,5373,0,0,500,0.6,1000,0.2,1400,0.2,1
4,10,13238,0,0,500,0.6,1000,0.2,1400,0.2,1
4,11,11927,0,0,500,0.6,1000,0.2,1400,0.2,1
5,0,6886,2,10,5,0,300,0.5,572,0.32,486,0.18,1
5,1,5110,1,0,666,0.42,420,0.58,1
5,2,13752,0,0,300,0.5,572,0.32,486,0.18,1
5,3,7933,1,0,300,0.5,1700,0.5,1
5,4,11006,0,0,300,0.5,1700,0.5,1
5,5,10799,1,0,666,0.42,420,0.58,1
5,6,8520,2,10,5,0,300,0.5,1700,0.5,1
5,7,9811,1,0,500,0.6,1000,0.2,1400,0.2,1
5,8,5084,2,10,5,0,300,0.5,1700,0.5,1
5,9,3496,0,0,300,0.5,1700,0.5,1
5,10,14507,0,0,500,0.6,1000,0.2,1400,0.2,1
5,11,13789,2,10,5,0,300,0.5,1700,0.5,1
6,0,12063,1,0,300,0.5,572,0.32,486,0.18,1
6,1,1635,0,0,500,0.6,1000,0.2,1400,0.2,1
6,2,14290,2,10,5,0,500,0.6,1000,0.2,1400,0.2,1
6,3,8007,0,0,300,0.5,1700,0.5,1
6,4,10719,1,0,300,0.5,572,0.32,486,0.18,1
6,5,1039,2,10,5,0,500,0.6,1000,0.2,1400,0.2,1
6,6,7564,2,10,5,0,500,0.6,1000,0.2,1400,0.2,1
6,7,11479,0,0,666,0.42,420,0.58,1
6,8,14372,2,10,5,0,666,0.42,420,0.58,1
6,9,11944,1,0,300,0.5,1700,0.5,1
6,10,11426,1,0,666,0.42,420,0.58,1
6,11,5713,0,0,300,0.5,1700,0.5,1
7,0,3257,1,0,666,0.42,420,0.58,1
7,1,7449,0,0,300,0.5,1700,0.5,1
7,2,8668,1,0,500,0.6,1000,0.2,1400,0.2,1
7,3,13582,1,0,300,0.5,1700,0.5,1
7,4,6628,1,0,300,0.5,1700,0.5,1
7,5,882,1,0,300,0.5,572,0.32,486,0.18,1
7,6,7501,0,0,500,0.6,1000,0.2,1400,0.2,1
7,7,1198,1,0,300,0.5,572,0.32,486,0.18,1
7,8,11024,0,0,666,0.42,420,0.58,1
7,9,5462,0,0,666,0.42,420,0.58,1
7,10,10103,2,10,5,0,666,0.42,420,0.58,1
7,11,4786,1,0,666,0.42,420,0.58,1
8,0,12138,1,0,666,0.42,420,0.58,1
8,1,13296,0,0,500,0.6,1000,0.2,1400,0.2,1
8,2,9612,0,0,300,0.5,572,0.32,486,0.18,1
8,3,5882,1,0,500,0.6,1000,0.2,1400,0.2,1
8,4,10500,2,10,5,0,300,0.5,1700,0.5,1
8,5,8135,0,0,300,0.5,572,0.32,486,0.18,1
8,6,2066,1,0,500,0.6,1000,0.2,1400,0.2,1
8,7,12952,0,0,666,0.42,420,0.58,1
8,8,2901,1,0,300,0.5,572,0.32,486,0.18,1
8,9,2116,2,10,5,0,300,0.5,572,0.32,486,0.18,1
8,10,5676,2,10,5,0,300,0.5,1700,0.5,1
8,11,11634,1,0,300,0.5,1700,0.5,1
9,0,12969,1,0,666,0.42,420,0.58,1
9,1,7540,1,0,666,0.42,420,0.58,1
9,2,9499,1,0,300,0.5,572,0.32,486,0.18,1
9,3,10182,2,10,5,0,300,0.5,1700,0.5,1
9,4,14670,2,10,5,0,500,0.6,1000,0.2,1400,0.2,1
9,5,3239,0,0,300,0.5,1700,0.5,1
9,6,14313,2,10,5,0,300,0.5,1700,0.5,1
9,7,2206,2,10,5,0,300,0.5,572,0.32,486,0.18,1
9,8,7526,1,0,666,0.42,420,0.58,1
9,9,8499,1,0,500,0.6,1000,0.2,1400,0.2,1
9,10,11411,2,10,5,0,500,0.6,1000,0.2,1400,0.2,1
9,11,11437,1,0,300,0.5,1700,0.5,1
10,0,7032,0,0,500,0.6,1000,0.2,1400,0.2,1
10,1,7052,1,0,500,0.6,1000,0.2,1400,0.2,1
10,2,3854,2,10,5,0,300,0.5,572,0.32,486,0.18,1
10,3,12914,1,0,300,0.5,572,0.32,486,0.18,1
10,4,1987,2,10,5,0,300,0.5,572,0.32,486,0.18,1
10,5,5517,1,0,500,0.6,1000,0.2,1400,0.2,1
10,6,10093,2,10,5,0,300,0.5,1700,0.5,1
10,7,9919,2,10,5,0,500,0.6,1000,0.2,1400,0.2,1
10,8,4238,0,0,500,0.6,1000,0.2,1400,0.2,1
10,9,14720,1,0,500,0.6,1000,0.2,1400,0.2,1
10,10,7885,2,10,5,0,300,0.5,572,0.32,486,0.18,1
10,11,4609,2,10,5,0,300,0.5,572,0.32,486,0.18,1
11,0,3635,1,0,300,0.5,572,0.32,486,0.18,1
11,1,14565,1,0,300,0.5,1700,0.5,1
11,2,13517,2,10,5,0,300,0.5,1700,0.5,1
11,3,14799,2,10,5,0,666,0.42,420,0.58,1
11,4,12425,0,0,500,0.6,1000,0.2,1400,0.2,1
11,5,12970,2,10,5,0,300,0.5,572,0.32,486,0.18,1
11,6,8280,1,0,500,0.6,1000,0.2,1400,0.2,1
11,7,6763,2,10,5,0,300,0.5,572,0.32,486,0.18,1
11,8,1203,1,0,666,0.42,420,0.58,1
11,9,6256,2,10,5,0,300,0.5,572,0.32,486,0.18,1
11,10,6033,2,10,5,0,500,0.6,1000,0.2,1400,0.2,1
11,11,9089,2,10,5,0,500,0.6,1000,0.2,1400,0.2,1
