0,0,12479,1,0,300,0.5,1700,0.5,1
0,1,9682,2,10,5,0,500,0.6,1000,0.2,1400,0.2,1
0,2,12491,0,0,500,0.6,1000,0.2,1400,0.2,1
0,3,5524,0,0,500,0.6,1000,0.2,1400,0.2,1
0,4,2585,2,10,5,0,300,0.5,1700,0.5,1
0,5,8707,1,0,300,0.5,1700,0.5,1
0,6,7468,0,0,300,0.5,572,0.32,486,0.18,1
0,7,13454,1,0,500,0.6,1000,0.2,1400,0.2,1
0,8,918,2,10,5,0,300,0.5,572,0.32,486,0.18,1
0,9,4123,1,0,666,0.42,420,0.58,1
0,10,6539,0,0,300,0.5,572,0.32,486,0.18,1
0,11,11954,0,0,666,0.42,420,0.58,1
1,0,12533,2,10,5,0,300,0.5,572,0.32,486,0.18,1
1,1,11324,2,10,5,0,500,0.6,1000,0.2,1400,0.2,1
1,2,5255,0,0,300,0.5,1700,0.5,0
1,3,14520,1,0,500,0.6,1000,0.2,1400,0.2,1
1,4,9628,2,10,5,0,500,0.6,1000,0.2,1400,0.2,1
1,5,7864,0,0,500,0.6,1000,0.2,1400,0.2,1
1,6,1195,1,0,300,0.5,572,0.32,486,0.18,1
1,7,1256,2,10,5,0,300,0.5,572,0.32,486,0.18,1
1,8,4568,0,0,300,0.5,1700,0.5,1
1,9,4700,2,10,5,0,300,0.5,572,0.32,486,0.18,1
1,10,2145,0,0,300,0.5,1700,0.5,1
1,11,10609,0,0,500,0.6,1000,0.2,1400,0.2,1
2,0,14711,1,0,300,0.5,1700,0.5,1
2,1,10309,0,0,500,0.6,1000,0.2,1400,0.2,1
2,2,1060,2,10,5,0,300,0.5,572,0.32,486,0.18,1
2,3,560,0,0,666,0.42,420,0.58,1
2,4,8428,1,0,300,0.5,572,0.32,486,0.18,1
2,5,8228,0,0,300,0.5,1700,0.5,1
2,6,6310,1,0,300,0.5,572,0.32,486,0.18,1
2,7,6358,1,0,666,0.42,420,0.58,1
2,8,8336,0,0,300,0.5,572,0.32,486,0.18,1
2,9,8177,0,0,666,0.42,420,0.58,1
2,10,14503,0,0,300,0.5,572,0.32,486,0.18,1
2,11,8299,2,10,5,0,666,0.42,420,0.58,1
3,0,4019,1,0,300,0.5,572,0.32,486,0.18,1
3,1,7043,0,0,300,0.5,572,0.32,486,0.18,1
3,2,6693,1,0,500,0.6,1000,0.2,1400,0.2,1
3,3,5804,1,0,666,0.42,420,0.58,1
3,4,11451,2,10,5,0,500,0.6,1000,0.2,1400,0.2,1
3,5,727,0,0,300,0.5,1700,0.5,1
3,6,14371,1,0,666,0.42,420,0.58,1
3,7,14504,2,10,5,0,500,0.6,1000,0.2,1400,0.2,1
3,8,652,0,0,666,0.42,420,0.58,1
3,9,5503,1,0,500,0.6,1000,0.2,1400,0.2,1
3,10,2425,2,10,5,0,500,0.6,1000,0.2,1400,0.2,1
3,11,5177,0,0,666,0.42,420,0.58,1
4,0,5575,0,0,666,0.42,420,0.58,1
4,1,11278,2,10,5,0,300,0.5,1700,0.5,1
4,2,3183,0,0,300,0.5,572,0.32,486,0.18,1
4,3,205,1,0,666,0.42,420,0.58,1
4,4,1919,0,0,500,0.6,1000,0.2,1400,0.2,1
4,5,3363,1,0,300,0.5,572,0.32,486,0.18,1
4,6,14210,1,0,666,0.42,420,0.58,1
4,7,10397,1,0,300,0.5,1700,0.5,1
4,8,11181,1,0,300,0.5,572,0.32,486,0.18,1
4,9,5809,2,10,5,0,500,0.6,1000,0.2,1400,0.2,1
4,10,4659,0,0,300,0.5,572,0.32,486,0.18,1
4,11,12416,1,0,500,0.6,1000,0.2,1400,0.2,1
5,0,4263,2,10,5,0,300,0.5,572,0.32,486,0.18,1
5,1,10013,2,10,5,0,300,0.5,1700,0.5,1
5,2,1515,2,10,5,0,300,0.5,572,0.32,486,0.18,1
5,3,5804,0,0,300,0.5,572,0.32,486,0.18,1
5,4,578,0,0,500,0.6,1000,0.2,1400,0.2,1
5,5,1232,0,0,300,0.5,572,0.32,486,0.18,1
5,6,12935,1,0,666,0.42,420,0.58,1
5,7,2444,0,0,500,0.6,1000,0.2,1400,0.2,1
5,8,14217,0,0,666,0.42,420,0.58,1
5,9,5790,1,0,500,0.6,1000,0.2,1400,0.2,1
5,10,11397,2,10,5,0,300,0.5,572,0.32,486,0.18,1
5,11,10090,1,0,666,0.42,420,0.58,1
6,0,14707,0,0,500,0.6,1000,0.2,1400,0.2,1
6,1,2994,0,0,300,0.5,572,0.32,486,0.18,1
6,2,1675,2,10,5,0,666,0.42,420,0.58,1
6,3,9087,2,10,5,0,500,0.6,1000,0.2,1400,0.2,1
6,4,11666,1,0,666,0.42,420,0.58,1
6,5,1425,2,10,5,0,666,0.42,420,0.58,1
6,6,11848,0,0,666,0.42,420,0.58,1
6,7,12784,0,0,300,0.5,1700,0.5,1
6,8,9030,1,0,666,0.42,420,0.58,1
6,9,3636,2,10,5,0,500,0.6,1000,0.2,1400,0.2,1
6,10,4926,1,0,666,0.42,420,0.58,1
6,11,5504,1,0,500,0.6,1000,0.2,1400,0.2,1
7,0,1062,0,0,500,0.6,1000,0.2,1400,0.2,1
7,1,8247,1,0,300,0.5,572,0.32,486,0.18,1
7,2,10666,0,0,300,0.5,1700,0.5,1
7,3,8336,0,0,666,0.42,420,0.58,1
7,4,6375,2,10,5,0,666,0.42,420,0.58,1
7,5,14990,2,10,5,0,500,0.6,1000,0.2,1400,0.2,1
7,6,12328,2,10,5,0,666,0.42,420,0.58,1
7,7,14582,2,10,5,0,300,0.5,1700,0.5,1
7,8,14594,0,0,300,0.5,1700,0.5,1
7,9,8799,1,0,300,0.5,572,0.32,486,0.18,1
7,10,5926,0,0,666,0.42,420,0.58,1
7,11,10999,2,10,5,0,300,0.5,1700,0.5,1
8,0,9310,0,0,300,0.5,1700,0.5,1
8,1,23,0,0,300,0.5,1700,0.5,1
8,2,8804,2,10,5,0,666,0.42,420,0.58,1
8,3,9868,0,0,666,0.42,420,0.58,1
8,4,408,0,0,300,0.5,1700,0.5,1
8,5,14337,0,0,500,0.6,1000,0.2,1400,0.2,1
8,6,11478,1,0,300,0.5,572,0.32,486,0.18,1
8,7,13693,1,0,300,0.5,572,0.32,486,0.18,1
8,8,6256,1,0,666,0.42,420,0.58,1
8,9,506,0,0,300,0.5,1700,0.5,1
8,10,3718,2,10,5,0,300,0.5,572,0.32,486,0.18,1
8,11,7983,0,0,300,0.5,1700,0.5,1
9,0,3884,2,10,5,0,300,0.5,1700,0.5,1
9,1,7214,1,0,666,0.42,420,0.58,1
9,2,11155,0,0,500,0.6,1000,0.2,1400,0.2,1
9,3,7662,2,10,5,0,300,0.5,1700,0.5,1
9,4,6456,2,10,5,0,666,0.42,420,0.58,1
9,5,5827,2,10,5,0,300,0.5,1700,0.5,1
9,6,2588,2,10,5,0,666,0.42,420,0.58,1
9,7,13020,2,10,5,0,300,0.5,1700,0.5,1
9,8,3638,1,0,300,0.5,1700,0.5,1
9,9,2094,1,0,500,0.6,1000,0.2,1400,0.2,1
9,10,6886,0,0,300,0.5,1700,0.5,1
9,11,9490,1,0,300,0.5,1700,0.5,1
10,0,5991,2,10,5,0,500,0.6,1000,0.2,1400,0.2,1
10,1,1475,1,0,666,0.42,420,0.58,1
10,2,1263,2,10,5,0,666,0.42,420,0.58,1
10,3,3699,0,0,300,0.5,1700,0.5,1
10,4,2271,0,0,300,0.5,572,0.32,486,0.18,1
10,5,4216,2,10,5,0,300,0.5,1700,0.5,1
10,6,6670,0,0,666,0.42,420,0.58,1
10,7,6821,0,0,500,0.6,1000,0.2,1400,0.2,1
10,8,1100,1,0,300,0.5,572,0.32,486,0.18,1
10,9,2754,2,10,5,0,500,0.6,1000,0.2,1400,0.2,1
10,10,8746,1,0,500,0.6,1000,0.2,1400,0.2,1
10,11,13211,0,0,500,0.6,1000,0.2,1400,0.2,1
11,0,7858,0,0,300,0.5,572,0.32,486,0.18,1
11,1,3739,0,0,300,0.5,1700,0.5,1
11,2,9337,0,0,300,0.5,1700,0.5,1
11,3,6767,0,0,666,0.42,420,0.58,1
11,4,1158,0,0,666,0.42,420,0.58,1
11,5,5087,1,0,666,0.42,420,0.58,1
11,6,223,2,10,5,0,300,0.5,572,0.32,486,0.18,1
11,7,9928,0,0,300,0.5,572,0.32,486,0.18,1
11,8,4995,0,0,300,0.5,572,0.32,486,0.18,1
11,9,12138,0,0,300,0.5,1700,0.5,1
11,10,9602,2,10,5,0,300,0.5,1700,0.5,1
11,11,9571,0,0,300,0.5,1700,0.5,1
