0,0,209,0,0,300,0.5,1700,0.5,1
0,1,11359,1,0,500,0.6,1000,0.2,1400,0.2,1
0,2,8012,1,0,300,0.5,1700,0.5,1
0,3,1686,0,0,300,0.5,1700,0.5,1
0,4,1655,2,10,5,0,500,0.6,1000,0.2,1400,0.2,1
0,5,238,2,10,5,0,300,0.5,572,0.32,486,0.18,1
0,6,13791,1,0,666,0.42,420,0.58,1
0,7,14586,0,0,666,0.42,420,0.58,1
0,8,7934,0,0,300,0.5,572,0.32,486,0.18,1
0,9,9669,2,10,5,0,666,0.42,420,0.58,1
0,10,14943,2,10,5,0,300,0.5,1700,0.5,1
0,11,9202,2,10,5,0,300,0.5,572,0.32,486,0.18,1
1,0,8562,2,10,5,0,500,0.6,1000,0.2,1400,0.2,1
1,1,8236,1,0,666,0.42,420,0.58,1
1,2,3884,0,0,500,0.6,1000,0.2,1400,0.2,0
1,3,1786,0,0,300,0.5,1700,0.5,1
1,4,6267,2,10,5,0,300,0.5,1700,0.5,1
1,5,10776,2,10,5,0,300,0.5,572,0.32,486,0.18,1
1,6,14624,0,0,500,0.6,1000,0.2,1400,0.2,1
1,7,6772,1,0,666,0.42,420,0.58,1
1,8,9285,2,10,5,0,300,0.5,1700,0.5,1
1,9,9269,0,0,666,0.42,420,0.58,1
1,10,9145,0,0,300,0.5,572,0.32,486,0.18,1
1,11,3086,1,0,300,0.5,1700,0.5,1
2,0,8067,0,0,300,0.5,572,0.32,486,0.18,1
2,1,9184,1,0,500,0.6,1000,0.2,1400,0.2,1
2,2,8587,2,10,5,0,300,0.5,1700,0.5,1
2,3,91,1,0,500,0.6,1000,0.2,1400,0.2,1
2,4,1049,0,0,300,0.5,1700,0.5,1
2,5,2801,0,0,300,0.5,1700,0.5,1
2,6,10150,0,0,666,0.42,420,0.58,1
2,7,10924,2,10,5,0,666,0.42,420,0.58,1
2,8,6060,1,0,666,0.42,420,0.58,1
2,9,1665,1,0,300,0.5,1700,0.5,1
2,10,3984,0,0,300,0.5,1700,0.5,1
2,11,7066,1,0,300,0.5,572,0.32,486,0.18,1
3,0,4536,1,0,300,0.5,1700,0.5,1
3,1,3401,1,0,300,0.5,572,0.32,486,0.18,1
3,2,7480,2,10,5,0,300,0.5,1700,0.5,1
3,3,2652,1,0,500,0.6,1000,0.2,1400,0.2,1
3,4,1822,1,0,300,0.5,1700,0.5,1
3,5,821,0,0,300,0.5,572,0.32,486,0.18,1
3,6,7449,1,0,666,0.42,420,0.58,1
3,7,11185,1,0,500,0.6,1000,0.2,1400,0.2,1
3,8,13116,2,10,5,0,500,0.6,1000,0.2,1400,0.2,1
3,9,6471,1,0,300,0.5,1700,0.5,1
3,10,11221,1,0,666,0.42,420,0.58,1
3,11,5840,0,0,666,0.42,420,0.58,1
4,0,6067,1,0,666,0.42,420,0.58,1
4,1,11310,0,0,300,0.5,572,0.32,486,0.18,1
4,2,13455,0,0,300,0.5,1700,0.5,1
4,3,8834,1,0,500,0.6,1000,0.2,1400,0.2,1
4,4,9987,1,0,300,0.5,1700,0.5,1
4,5,169,0,0,300,0.5,1700,0.5,1
4,6,13465,2,10,5,0,300,0.5,572,0.32,486,0.18,1
4,7,13751,0,0,666,0.42,420,0.58,1
4,8,164,1,0,666,0.42,420,0.58,1
4,9,224,0,0,300,0.5,572,0.32,486,0.18,1
4,10,2893,2,10,5,0,666,0.42,420,0.58,1
4,11,726,0,0,500,0.6,1000,0.2,1400,0.2,1
5,0,14337,1,0,666,0.42,420,0.58,1
5,1,4311,1,0,666,0.42,420,0.58,1
5,2,14950,0,0,500,0.6,1000,0.2,1400,0.2,1
5,3,11735,0,0,500,0.6,1000,0.2,1400,0.2,1
5,4,2716,1,0,300,0.5,1700,0.5,1
5,5,14445,0,0,300,0.5,572,0.32,486,0.18,1
5,6,14993,2,10,5,0,500,0.6,1000,0.2,1400,0.2,1
5,7,9638,0,0,300,0.5,1700,0.5,1
5,8,6449,0,0,666,0.42,420,0.58,1
5,9,4962,2,10,5,0,500,0.6,1000,0.2,1400,0.2,1
5,10,14776,0,0,300,0.5,1700,0.5,1
5,11,8710,0,0,666,0.42,420,0.58,1
6,0,7676,1,0,666,0.42,420,0.58,1
6,1,1330,2,10,5,0,500,0.6,1000,0.2,1400,0.2,1
6,2,14497,2,10,5,0,666,0.42,420,0.58,1
6,3,2942,1,0,500,0.6,1000,0.2,1400,0.2,1
6,4,14109,1,0,666,0.42,420,0.58,1
6,5,13618,2,10,5,0,666,0.42,420,0.58,1
6,6,3744,2,10,5,0,300,0.5,572,0.32,486,0.18,1
6,7,13553,0,0,666,0.42,420,0.58,1
6,8,11586,0,0,300,0.5,572,0.32,486,0.18,1
6,9,4747,0,0,666,0.42,420,0.58,1
6,10,7143,0,0,300,0.5,1700,0.5,1
6,11,6550,1,0,500,0.6,1000,0.2,1400,0.2,1
7,0,3408,0,0,300,0.5,572,0.32,486,0.18,1
7,1,14911,1,0,300,0.5,1700,0.5,1
7,2,12384,1,0,300,0.5,572,0.32,486,0.18,1
7,3,1044,2,10,5,0,500,0.6,1000,0.2,1400,0.2,1
7,4,7438,0,0,500,0.6,1000,0.2,1400,0.2,1
7,5,14199,2,10,5,0,300,0.5,572,0.32,486,0.18,1
7,6,13263,2,10,5,0,300,0.5,572,0.32,486,0.18,1
7,7,5417,0,0,300,0.5,1700,0.5,1
7,8,6179,0,0,666,0.42,420,0.58,1
7,9,142,2,10,5,0,666,0.42,420,0.58,1
7,10,4920,0,0,300,0.5,572,0.32,486,0.18,1
7,11,1424,1,0,666,0.42,420,0.58,1
8,0,7242,1,0,300,0.5,572,0.32,486,0.18,1
8,1,13124,2,10,5,0,500,0.6,1000,0.2,1400,0.2,1
8,2,3767,2,10,5,0,300,0.5,1700,0.5,1
8,3,2349,0,0,300,0.5,572,0.32,486,0.18,1
8,4,9177,0,0,300,0.5,1700,0.5,1
8,5,6508,2,10,5,0,300,0.5,1700,0.5,1
8,6,4298,0,0,300,0.5,1700,0.5,1
8,7,6369,0,0,300,0.5,572,0.32,486,0.18,1
8,8,6042,0,0,300,0.5,572,0.32,486,0.18,1
8,9,2633,0,0,666,0.42,420,0.58,1
8,10,8539,2,10,5,0,500,0.6,1000,0.2,1400,0.2,1
8,11,4503,0,0,500,0.6,1000,0.2,1400,0.2,1
9,0,7172,2,10,5,0,300,0.5,572,0.32,486,0.18,1
9,1,14566,0,0,666,0.42,420,0.58,1
9,2,3148,2,10,5,0,666,0.42,420,0.58,1
9,3,11887,1,0,300,0.5,572,0.32,486,0.18,1
9,4,4877,1,0,300,0.5,1700,0.5,1
9,5,219,1,0,666,0.42,420,0.58,1
9,6,1512,1,0,300,0.5,572,0.32,486,0.18,1
9,7,10913,2,10,5,0,666,0.42,420,0.58,1
9,8,4157,1,0,300,0.5,572,0.32,486,0.18,1
9,9,14346,2,10,5,0,666,0.42,420,0.58,1
9,10,2757,0,0,300,0.5,1700,0.5,1
9,11,8021,2,10,5,0,300,0.5,572,0.32,486,0.18,1
10,0,5667,2,10,5,0,666,0.42,420,0.58,1
10,1,7542,1,0,300,0.5,572,0.32,486,0.18,1
10,2,5825,0,0,666,0.42,420,0.58,1
10,3,12225,0,0,300,0.5,572,0.32,486,0.18,1
10,4,6042,2,10,5,0,300,0.5,572,0.32,486,0.18,1
10,5,10218,1,0,500,0.6,1000,0.2,1400,0.2,1
10,6,2218,1,0,666,0.42,420,0.58,1
10,7,8154,2,10,5,0,500,0.6,1000,0.2,1400,0.2,1
10,8,6994,2,10,5,0,666,0.42,420,0.58,1
10,9,7609,0,0,666,0.42,420,0.58,1
10,10,11790,2,10,5,0,500,0.6,1000,0.2,1400,0.2,1
10,11,6057,1,0,300,0.5,572,0.32,486,0.18,1
11,0,2732,1,0,300,0.5,1700,0.5,1
11,1,8733,1,0,500,0.6,1000,0.2,1400,0.2,1
11,2,3623,1,0,500,0.6,1000,0.2,1400,0.2,1
11,3,12378,0,0,500,0.6,1000,0.2,1400,0.2,1
11,4,3837,0,0,300,0.5,1700,0.5,1
11,5,3215,0,0,300,0.5,572,0.32,486,0.18,1
11,6,2219,0,0,300,0.5,572,0.32,486,0.18,1
11,7,9411,0,0,300,0.5,1700,0.5,1
11,8,7580,2,10,5,0,300,0.5,572,0.32,486,0.18,1
11,9,11644,1,0,500,0.6,1000,0.2,1400,0.2,1
11,10,14264,2,10,5,0,300,0.5,572,0.32,486,0.18,1
11,11,14801,2,10,5,0,300,0.5,1700,0.5,1
