0,0,7594,2,10,5,0,300,0.5,572,0.32,486,0.18,1
0,1,12497,1,0,666,0.42,420,0.58,1
0,2,9629,0,0,500,0.6,1000,0.2,1400,0.2,1
0,3,3347,0,0,500,0.6,1000,0.2,1400,0.2,1
0,4,12476,2,10,5,0,300,0.5,1700,0.5,1
0,5,11283,0,0,500,0.6,1000,0.2,1400,0.2,1
0,6,5314,2,10,5,0,300,0.5,572,0.32,486,0.18,1
0,7,9695,1,0,300,0.5,1700,0.5,1
0,8,9756,0,0,300,0.5,572,0.32,486,0.18,1
0,9,8804,2,10,5,0,666,0.42,420,0.58,1
0,10,2850,0,0,300,0.5,572,0.32,486,0.18,1
0,11,7549,2,10,5,0,300,0.5,572,0.32,486,0.18,1
1,0,9102,0,0,300,0.5,572,0.32,486,0.18,1
1,1,7445,2,10,5,0,300,0.5,1700,0.5,1
1,2,7080,2,10,5,0,666,0.42,420,0.58,0
1,3,2055,2,10,5,0,666,0.42,420,0.58,1
1,4,6432,1,0,500,0.6,1000,0.2,1400,0.2,1
1,5,7981,2,10,5,0,300,0.5,1700,0.5,1
1,6,8771,1,0,300,0.5,1700,0.5,1
1,7,13960,1,0,500,0.6,1000,0.2,1400,0.2,1
1,8,9010,0,0,300,0.5,1700,0.5,1
1,9,10874,0,0,666,0.42,420,0.58,1
1,10,10721,0,0,300,0.5,572,0.32,486,0.18,1
1,11,12081,2,10,5,0,666,0.42,420,0.58,1
2,0,13715,1,0,666,0.42,420,0.58,1
2,1,6437,2,10,5,0,300,0.5,1700,0.5,1
2,2,11986,1,0,666,0.42,420,0.58,1
2,3,843,1,0,300,0.5,572,0.32,486,0.18,1
2,4,2253,0,0,300,0.5,572,0.32,486,0.18,1
2,5,2392,1,0,500,0.6,1000,0.2,1400,0.2,1
2,6,12183,1,0,500,0.6,1000,0.2,1400,0.2,1
2,7,9499,0,0,300,0.5,1700,0.5,1
2,8,10709,1,0,666,0.42,420,0.58,1
2,9,908,1,0,300,0.5,572,0.32,486,0.18,1
2,10,13935,1,0,300,0.5,572,0.32,486,0.18,1
2,11,11854,0,0,500,0.6,1000,0.2,1400,0.2,1
3,0,2077,2,10,5,0,666,0.42,420,0.58,1
3,1,6363,1,0,666,0.42,420,0.58,1
3,2,14475,2,10,5,0,500,0.6,1000,0.2,1400,0.2,1
3,3,13767,0,0,300,0.5,1700,0.5,1
3,4,1327,1,0,500,0.6,1000,0.2,1400,0.2,1
3,5,4274,0,0,500,0.6,1000,0.2,1400,0.2,1
3,6,305,1,0,300,0.5,572,0.32,486,0.18,1
3,7,1842,0,0,300,0.5,1700,0.5,1
3,8,2257,2,10,5,0,500,0.6,1000,0.2,1400,0.2,1
3,9,8293,1,0,300,0.5,1700,0.5,1
3,10,117,2,10,5,0,666,0.42,420,0.58,1
3,11,9670,0,0,300,0.5,572,0.32,486,0.18,1
4,0,9655,1,0,300,0.5,572,0.32,486,0.18,1
4,1,8371,1,0,500,0.6,1000,0.2,1400,0.2,1
4,2,14254,2,10,5,0,300,0.5,1700,0.5,1
4,3,3341,1,0,500,0.6,1000,0.2,1400,0.2,1
4,4,14823,0,0,300,0.5,1700,0.5,1
4,5,2102,2,10,5,0,666,0.42,420,0.58,1
4,6,8867,2,10,5,0,500,0.6,1000,0.2,1400,0.2,1
4,7,1539,2,10,5,0,300,0.5,572,0.32,486,0.18,1
4,8,7287,2,10,5,0,666,0.42,420,0.58,1
4,9,7232,0,0,500,0.6,1000,0.2,1400,0.2,1
4,10,14888,2,10,5,0,300,0.5,1700,0.5,1
4,11,8682,2,10,5,0,300,0.5,572,0.32,486,0.18,1
5,0,11546,0,0,300,0.5,572,0.32,486,0.18,1
5,1,14031,2,10,5,0,500,0.6,1000,0.2,1400,0.2,1
5,2,13389,1,0,300,0.5,572,0.32,486,0.18,1
5,3,6622,1,0,300,0.5,572,0.32,486,0.18,1
5,4,5376,2,10,5,0,300,0.5,1700,0.5,1
5,5,5386,1,0,500,0.6,1000,0.2,1400,0.2,1
5,6,9235,2,10,5,0,500,0.6,1000,0.2,1400,0.2,1
5,7,14315,0,0,300,0.5,1700,0.5,1
5,8,8064,0,0,500,0.6,1000,0.2,1400,0.2,1
5,9,8996,1,0,300,0.5,572,0.32,486,0.18,1
5,10,14082,0,0,300,0.5,1700,0.5,1
5,11,10256,1,0,300,0.5,572,0.32,486,0.18,1
6,0,8435,0,0,300,0.5,572,0.32,486,0.18,1
6,1,13121,2,10,5,0,300,0.5,1700,0.5,1
6,2,3337,0,0,666,0.42,420,0.58,1
6,3,11163,1,0,666,0.42,420,0.58,1
6,4,2644,1,0,300,0.5,1700,0.5,1
6,5,2255,0,0,500,0.6,1000,0.2,1400,0.2,1
6,6,1494,1,0,300,0.5,572,0.32,486,0.18,1
6,7,13866,2,10,5,0,500,0.6,1000,0.2,1400,0.2,1
6,8,14233,2,10,5,0,300,0.5,1700,0.5,1
6,9,9310,0,0,500,0.6,1000,0.2,1400,0.2,1
6,10,3647,0,0,500,0.6,1000,0.2,1400,0.2,1
6,11,8422,1,0,300,0.5,1700,0.5,1
7,0,3202,2,10,5,0,500,0.6,1000,0.2,1400,0.2,1
7,1,6448,1,0,300,0.5,572,0.32,486,0.18,1
7,2,13870,2,10,5,0,666,0.42,420,0.58,1
7,3,11483,0,0,300,0.5,572,0.32,486,0.18,1
7,4,11044,2,10,5,0,500,0.6,1000,0.2,1400,0.2,1
7,5,9864,1,0,300,0.5,1700,0.5,1
7,6,14204,0,0,500,0.6,1000,0.2,1400,0.2,1
7,7,8742,2,10,5,0,300,0.5,1700,0.5,1
7,8,7491,0,0,666,0.42,420,0.58,1
7,9,934,2,10,5,0,300,0.5,1700,0.5,1
7,10,9547,1,0,666,0.42,420,0.58,1
7,11,4054,1,0,666,0.42,420,0.58,1
8,0,9543,1,0,300,0.5,1700,0.5,1
8,1,3175,2,10,5,0,300,0.5,572,0.32,486,0.18,1
8,2,1009,1,0,666,0.42,420,0.58,1
8,3,2825,1,0,300,0.5,1700,0.5,1
8,4,6963,0,0,500,0.6,1000,0.2,1400,0.2,1
8,5,9448,2,10,5,0,500,0.6,1000,0.2,1400,0.2,1
8,6,77,0,0,666,0.42,420,0.58,1
8,7,2976,1,0,666,0.42,420,0.58,1
8,8,13964,2,10,5,0,300,0.5,1700,0.5,1
8,9,6708,0,0,300,0.5,572,0.32,486,0.18,1
8,10,14080,1,0,300,0.5,1700,0.5,1
8,11,10333,0,0,500,0.6,1000,0.2,1400,0.2,1
9,0,14870,2,10,5,0,300,0.5,572,0.32,486,0.18,1
9,1,13693,2,10,5,0,500,0.6,1000,0.2,1400,0.2,1
9,2,14575,1,0,300,0.5,572,0.32,486,0.18,1
9,3,6652,0,0,300,0.5,572,0.32,486,0.18,1
9,4,14427,2,10,5,0,666,0.42,420,0.58,1
9,5,9089,2,10,5,0,300,0.5,1700,0.5,1
9,6,7419,2,10,5,0,500,0.6,1000,0.2,1400,0.2,1
9,7,968,2,10,5,0,500,0.6,1000,0.2,1400,0.2,1
9,8,5264,1,0,300,0.5,572,0.32,486,0.18,1
9,9,511,1,0,300,0.5,572,0.32,486,0.18,1
9,10,9136,0,0,666,0.42,420,0.58,1
9,11,8615,2,10,5,0,500,0.6,1000,0.2,1400,0.2,1
10,0,2721,0,0,666,0.42,420,0.58,1
10,1,11961,2,10,5,0,666,0.42,420,0.58,1
10,2,2458,2,10,5,0,300,0.5,572,0.32,486,0.18,1
10,3,11376,1,0,666,0.42,420,0.58,1
10,4,13635,1,0,300,0.5,1700,0.5,1
10,5,12399,0,0,300,0.5,572,0.32,486,0.18,1
10,6,69,2,10,5,0,300,0.5,572,0.32,486,0.18,1
10,7,185,2,10,5,0,666,0.42,420,0.58,1
10,8,11849,2,10,5,0,500,0.6,1000,0.2,1400,0.2,1
10,9,2347,2,10,5,0,666,0.42,420,0.58,1
10,10,6498,2,10,5,0,300,0.5,1700,0.5,1
10,11,4423,1,0,300,0.5,1700,0.5,1
11,0,4963,0,0,666,0.42,420,0.58,1
11,1,5108,0,0,666,0.42,420,0.58,1
11,2,11952,2,10,5,0,666,0.42,420,0.58,1
11,3,6694,2,10,5,0,500,0.6,1000,0.2,1400,0.2,1
11,4,14315,0,0,666,0.42,420,0.58,1
11,5,9706,0,0,300,0.5,1700,0.5,1
11,6,1226,0,0,500,0.6,1000,0.2,1400,0.2,1
11,7,9180,2,10,5,0,300,0.5,572,0.32,486,0.18,1
11,8,13753,2,10,5,0,300,0.5,572,0.32,486,0.18,1
11,9,1918,1,0,300,0.5,1700,0.5,1
11,10,12395,0,0,300,0.5,572,0.32,486,0.18,1
11,11,12254,1,0,300,0.5,1700,0.5,1
