0,0,11230,2,10,5,0,500,0.6,1000,0.2,1400,0.2,1
0,1,8392,2,10,5,0,500,0.6,1000,0.2,1400,0.2,1
0,2,3100,2,10,5,0,300,0.5,1700,0.5,1
0,3,8097,2,10,5,0,666,0.42,420,0.58,1
0,4,9350,0,0,300,0.5,1700,0.5,1
0,5,11901,2,10,5,0,300,0.5,572,0.32,486,0.18,1
0,6,8193,1,0,300,0.5,1700,0.5,1
0,7,3725,2,10,5,0,300,0.5,572,0.32,486,0.18,1
0,8,10654,1,0,300,0.5,1700,0.5,1
0,9,1880,1,0,300,0.5,572,0.32,486,0.18,1
0,10,5179,2,10,5,0,300,0.5,1700,0.5,1
0,11,5989,0,0,666,0.42,420,0.58,1
1,0,2621,0,0,666,0.42,420,0.58,1
1,1,14442,2,10,5,0,500,0.6,1000,0.2,1400,0.2,1
1,2,10138,1,0,666,0.42,420,0.58,0
1,3,4924,1,0,300,0.5,1700,0.5,1
1,4,3606,1,0,666,0.42,420,0.58,1
1,5,2272,0,0,300,0.5,1700,0.5,1
1,6,12949,0,0,666,0.42,420,0.58,1
1,7,11904,1,0,500,0.6,1000,0.2,1400,0.2,1
1,8,2229,1,0,666,0.42,420,0.58,1
1,9,1027,1,0,300,0.5,572,0.32,486,0.18,1
1,10,3277,1,0,300,0.5,1700,0.5,1
1,11,11201,0,0,300,0.5,572,0.32,486,0.18,1
2,0,6749,1,0,500,0.6,1000,0.2,1400,0.2,1
2,1,9635,0,0,666,0.42,420,0.58,1
2,2,10736,0,0,666,0.42,420,0.58,1
2,3,14633,1,0,300,0.5,572,0.32,486,0.18,1
2,4,13550,0,0,666,0.42,420,0.58,1
2,5,10585,2,10,5,0,500,0.6,1000,0.2,1400,0.2,1
2,6,14137,0,0,300,0.5,1700,0.5,1
2,7,2049,1,0,300,0.5,572,0.32,486,0.18,1
2,8,13207,1,0,300,0.5,1700,0.5,1
2,9,3834,0,0,500,0.6,1000,0.2,1400,0.2,1
2,10,11391,2,10,5,0,300,0.5,572,0.32,486,0.18,1
2,11,326,2,10,5,0,500,0.6,1000,0.2,1400,0.2,1
3,0,7631,2,10,5,0,300,0.5,1700,0.5,1
3,1,12662,2,10,5,0,300,0.5,1700,0.5,1
3,2,13117,1,0,666,0.42,420,0.58,1
3,3,3523,2,10,5,0,300,0.5,572,0.32,486,0.18,1
3,4,3712,0,0,666,0.42,420,0.58,1
3,5,5867,0,0,666,0.42,420,0.58,1
3,6,11118,1,0,300,0.5,1700,0.5,1
3,7,6735,0,0,300,0.5,1700,0.5,1
3,8,6080,2,10,5,0,300,0.5,572,0.32,486,0.18,1
3,9,3883,2,10,5,0,300,0.5,1700,0.5,1
3,10,13636,2,10,5,0,300,0.5,572,0.32,486,0.18,1
3,11,489,1,0,300,0.5,1700,0.5,1
4,0,5910,1,0,300,0.5,1700,0.5,1
4,1,2449,2,10,5,0,300,0.5,1700,0.5,1
4,2,14255,1,0,666,0.42,420,0.58,1
4,3,134,1,0,500,0.6,1000,0.2,1400,0.2,1
4,4,8573,1,0,666,0.42,420,0.58,1
4,5,9618,0,0,500,0.6,1000,0.2,1400,0.2,1
4,6,5746,1,0,300,0.5,1700,0.5,1
4,7,10238,0,0,666,0.42,420,0.58,1
4,8,8104,2,10,5,0,500,0.6,1000,0.2,1400,0.2,1
4,9,10480,1,0,300,0.5,1700,0.5,1
4,10,6064,0,0,300,0.5,1700,0.5,1
4,11,2483,2,10,5,0,300,0.5,1700,0.5,1
5,0,10031,0,0,500,0.6,1000,0.2,1400,0.2,1
5,1,14094,0,0,666,0.42,420,0.58,1
5,2,9145,0,0,300,0.5,1700,0.5,1
5,3,10021,1,0,300,0.5,1700,0.5,1
5,4,7530,2,10,5,0,300,0.5,572,0.32,486,0.18,1
5,5,10518,1,0,666,0.42,420,0.58,1
5,6,12262,1,0,300,0.5,1700,0.5,1
5,7,12352,1,0,500,0.6,1000,0.2,1400,0.2,1
5,8,12619,2,10,5,0,500,0.6,1000,0.2,1400,0.2,1
5,9,11243,1,0,300,0.5,572,0.32,486,0.18,1
5,10,4109,1,0,500,0.6,1000,0.2,1400,0.2,1
5,11,9137,2,10,5,0,666,0.42,420,0.58,1
6,0,3635,1,0,300,0.5,572,0.32,486,0.18,1
6,1,12443,2,10,5,0,300,0.5,1700,0.5,1
6,2,6294,2,10,5,0,300,0.5,572,0.32,486,0.18,1
6,3,10317,1,0,300,0.5,1700,0.5,1
6,4,5942,2,10,5,0,666,0.42,420,0.58,1
6,5,2720,0,0,300,0.5,572,0.32,486,0.18,1
6,6,5062,1,0,666,0.42,420,0.58,1
6,7,7823,1,0,666,0.42,420,0.58,1
6,8,10180,0,0,500,0.6,1000,0.2,1400,0.2,1
6,9,12043,1,0,666,0.42,420,0.58,1
6,10,1503,2,10,5,0,666,0.42,420,0.58,1
6,11,1739,1,0,300,0.5,572,0.32,486,0.18,1
7,0,11309,2,10,5,0,300,0.5,1700,0.5,1
7,1,2637,1,0,300,0.5,1700,0.5,1
7,2,4919,0,0,666,0.42,420,0.58,1
7,3,12882,1,0,300,0.5,1700,0.5,1
7,4,12195,0,0,500,0.6,1000,0.2,1400,0.2,1
7,5,11804,2,10,5,0,666,0.42,420,0.58,1
7,6,13136,0,0,666,0.42,420,0.58,1
7,7,2403,0,0,300,0.5,572,0.32,486,0.18,1
7,8,3427,0,0,300,0.5,572,0.32,486,0.18,1
7,9,11178,0,0,500,0.6,1000,0.2,1400,0.2,1
7,10,12805,1,0,300,0.5,572,0.32,486,0.18,1
7,11,75,2,10,5,0,666,0.42,420,0.58,1
8,0,8483,1,0,666,0.42,420,0.58,1
8,1,12499,1,0,300,0.5,1700,0.5,1
8,2,7563,1,0,300,0.5,572,0.32,486,0.18,1
8,3,1816,0,0,500,0.6,1000,0.2,1400,0.2,1
8,4,2295,2,10,5,0,500,0.6,1000,0.2,1400,0.2,1
8,5,5853,2,10,5,0,666,0.42,420,0.58,1
8,6,471,2,10,5,0,300,0.5,1700,0.5,1
8,7,2406,2,10,5,0,500,0.6,1000,0.2,1400,0.2,1
8,8,2597,1,0,300,0.5,572,0.32,486,0.18,1
8,9,13048,0,0,666,0.42,420,0.58,1
8,10,11411,1,0,500,0.6,1000,0.2,1400,0.2,1
8,11,12743,2,10,5,0,300,0.5,1700,0.5,1
9,0,8197,2,10,5,0,500,0.6,1000,0.2,1400,0.2,1
9,1,14269,1,0,666,0.42,420,0.58,1
9,2,14472,0,0,300,0.5,572,0.32,486,0.18,1
9,3,10571,2,10,5,0,500,0.6,1000,0.2,1400,0.2,1
9,4,4491,1,0,300,0.5,1700,0.5,1
9,5,6724,0,0,500,0.6,1000,0.2,1400,0.2,1
9,6,10151,2,10,5,0,300,0.5,1700,0.5,1
9,7,9178,1,0,666,0.42,420,0.58,1
9,8,907,0,0,666,0.42,420,0.58,1
9,9,11910,0,0,500,0.6,1000,0.2,1400,0.2,1
9,10,6202,0,0,300,0.5,1700,0.5,1
9,11,12246,2,10,5,0,300,0.5,1700,0.5,1
10,0,8820,1,0,300,0.5,572,0.32,486,0.18,1
10,1,14990,2,10,5,0,300,0.5,572,0.32,486,0.18,1
10,2,4999,0,0,300,0.5,1700,0.5,1
10,3,9817,1,0,300,0.5,572,0.32,486,0.18,1
10,4,14662,0,0,666,0.42,420,0.58,1
10,5,230,1,0,500,0.6,1000,0.2,1400,0.2,1
10,6,12954,2,10,5,0,500,0.6,1000,0.2,1400,0.2,1
10,7,243,2,10,5,0,666,0.42,420,0.58,1
10,8,6849,1,0,300,0.5,1700,0.5,1
10,9,6569,2,10,5,0,500,0.6,1000,0.2,1400,0.2,1
10,10,4906,0,0,500,0.6,1000,0.2,1400,0.2,1
10,11,14383,2,10,5,0,666,0.42,420,0.58,1
11,0,10534,0,0,500,0.6,1000,0.2,1400,0.2,1
11,1,7087,0,0,500,0.6,1000,0.2,1400,0.2,1
11,2,13493,2,10,5,0,500,0.6,1000,0.2,1400,0.2,1
11,3,11605,0,0,300,0.5,572,0.32,486,0.18,1
11,4,11139,1,0,500,0.6,1000,0.2,1400,0.2,1
11,5,14218,2,10,5,0,500,0.6,1000,0.2,1400,0.2,1
11,6,14908,1,0,300,0.5,572,0.32,486,0.18,1
11,7,3678,0,0,300,0.5,572,0.32,486,0.18,1
11,8,12605,0,0,300,0.5,572,0.32,486,0.18,1
11,9,1213,2,10,5,0,300,0.5,1700,0.5,1
11,10,11102,2,10,5,0,500,0.6,1000,0.2,1400,0.2,1
11,11,12579,0,0,300,0.5,572,0.32,486,0.18,1
