0,0,13602,1,0,300,0.5,1700,0.5,1
0,1,14431,2,10,5,0,300,0.5,572,0.32,486,0.18,1
0,2,7689,2,10,5,0,300,0.5,572,0.32,486,0.18,1
0,3,13251,2,10,5,0,666,0.42,420,0.58,1
0,4,12400,0,0,300,0.5,572,0.32,486,0.18,1
0,5,5129,2,10,5,0,300,0.5,572,0.32,486,0.18,1
0,6,5022,1,0,666,0.42,420,0.58,1
0,7,8572,1,0,300,0.5,1700,0.5,1
0,8,3994,0,0,500,0.6,1000,0.2,1400,0.2,1
0,9,5789,1,0,666,0.42,420,0.58,1
0,10,7170,1,0,300,0.5,1700,0.5,1
0,11,3267,0,0,500,0.6,1000,0.2,1400,0.2,1
1,0,11159,2,10,5,0,666,0.42,420,0.58,1
1,1,13469,1,0,500,0.6,1000,0.2,1400,0.2,1
1,2,10871,2,10,5,0,500,0.6,1000,0.2,1400,0.2,0
1,3,1401,0,0,500,0.6,1000,0.2,1400,0.2,1
1,4,13486,2,10,5,0,500,0.6,1000,0.2,1400,0.2,1
1,5,5643,2,10,5,0,500,0.6,1000,0.2,1400,0.2,1
1,6,11277,0,0,666,0.42,420,0.58,1
1,7,10485,2,10,5,0,300,0.5,1700,0.5,1
1,8,9999,0,0,500,0.6,1000,0.2,1400,0.2,1
1,9,2089,2,10,5,0,300,0.5,572,0.32,486,0.18,1
1,10,3893,0,0,666,0.42,420,0.58,1
1,11,6639,2,10,5,0,500,0.6,1000,0.2,1400,0.2,1
2,0,94,1,0,666,0.42,420,0.58,1
2,1,4717,2,10,5,0,300,0.5,1700,0.5,1
2,2,829,0,0,300,0.5,1700,0.5,1
2,3,9180,2,10,5,0,300,0.5,1700,0.5,1
2,4,5510,2,10,5,0,300,0.5,572,0.32,486,0.18,1
2,5,1764,0,0,300,0.5,1700,0.5,1
2,6,11337,0,0,300,0.5,1700,0.5,1
2,7,5124,2,10,5,0,300,0.5,572,0.32,486,0.18,1
2,8,8622,1,0,500,0.6,1000,0.2,1400,0.2,1
2,9,9589,2,10,5,0,500,0.6,1000,0.2,1400,0.2,1
2,10,2205,1,0,500,0.6,1000,0.2,1400,0.2,1
2,11,5379,1,0,666,0.42,420,0.58,1
3,0,7254,2,10,5,0,666,0.42,420,0.58,1
3,1,1999,2,10,5,0,500,0.6,1000,0.2,1400,0.2,1
3,2,1126,1,0,500,0.6,1000,0.2,1400,0.2,1
3,3,12789,0,0,300,0.5,572,0.32,486,0.18,1
3,4,1319,2,10,5,0,666,0.42,420,0.58,1
3,5,2228,1,0,300,0.5,1700,0.5,1
3,6,11428,0,0,300,0.5,572,0.32,486,0.18,1
3,7,3480,1,0,300,0.5,1700,0.5,1
3,8,8580,0,0,300,0.5,572,0.32,486,0.18,1
3,9,2631,1,0,300,0.5,1700,0.5,1
3,10,5658,2,10,5,0,300,0.5,572,0.32,486,0.18,1
3,11,9934,0,0,300,0.5,572,0.32,486,0.18,1
4,0,14217,1,0,666,0.42,420,0.58,1
4,1,11446,2,10,5,0,300,0.5,572,0.32,486,0.18,1
4,2,13499,1,0,500,0.6,1000,0.2,1400,0.2,1
4,3,7809,0,0,300,0.5,1700,0.5,1
4,4,8535,2,10,5,0,500,0.6,1000,0.2,1400,0.2,1
4,5,5846,0,0,666,0.42,420,0.58,1
4,6,12760,2,10,5,0,500,0.6,1000,0.2,1400,0.2,1
4,7,9280,1,0,666,0.42,420,0.58,1
4,8,1773,2,10,5,0,300,0.5,1700,0.5,1
4,9,5081,0,0,300,0.5,1700,0.5,1
4,10,6967,2,10,5,0,666,0.42,420,0.58,1
4,11,1426,2,10,5,0,666,0.42,420,0.58,1
5,0,10771,2,10,5,0,500,0.6,1000,0.2,1400,0.2,1
5,1,9910,0,0,300,0.5,1700,0.5,1
5,2,12641,0,0,300,0.5,1700,0.5,1
5,3,6279,2,10,5,0,666,0.42,420,0.58,1
5,4,13424,0,0,500,0.6,1000,0.2,1400,0.2,1
5,5,14204,0,0,300,0.5,572,0.32,486,0.18,1
5,6,5197,1,0,300,0.5,1700,0.5,1
5,7,4608,0,0,500,0.6,1000,0.2,1400,0.2,1
5,8,5681,2,10,5,0,300,0.5,572,0.32,486,0.18,1
5,9,2365,2,10,5,0,500,0.6,1000,0.2,1400,0.2,1
5,10,12438,2,10,5,0,300,0.5,572,0.32,486,0.18,1
5,11,14081,0,0,300,0.5,1700,0.5,1
6,0,11812,2,10,5,0,300,0.5,1700,0.5,1
6,1,6965,1,0,300,0.5,572,0.32,486,0.18,1
6,2,5329,1,0,300,0.5,572,0.32,486,0.18,1
6,3,12710,1,0,666,0.42,420,0.58,1
6,4,13445,0,0,666,0.42,420,0.58,1
6,5,5563,0,0,300,0.5,1700,0.5,1
6,6,6497,1,0,666,0.42,420,0.58,1
6,7,13295,2,10,5,0,300,0.5,1700,0.5,1
6,8,3310,0,0,500,0.6,1000,0.2,1400,0.2,1
6,9,7189,0,0,666,0.42,420,0.58,1
6,10,9089,0,0,666,0.42,420,0.58,1
6,11,1044,2,10,5,0,500,0.6,1000,0.2,1400,0.2,1
7,0,13922,0,0,300,0.5,1700,0.5,1
7,1,9943,2,10,5,0,300,0.5,572,0.32,486,0.18,1
7,2,2206,2,10,5,0,300,0.5,572,0.32,486,0.18,1
7,3,9365,2,10,5,0,666,0.42,420,0.58,1
7,4,13856,1,0,300,0.5,1700,0.5,1
7,5,9407,1,0,666,0.42,420,0.58,1
7,6,3671,0,0,666,0.42,420,0.58,1
7,7,4754,0,0,500,0.6,1000,0.2,1400,0.2,1
7,8,9026,1,0,666,0.42,420,0.58,1
7,9,11050,0,0,666,0.42,420,0.58,1
7,10,12540,0,0,666,0.42,420,0.58,1
7,11,14005,2,10,5,0,300,0.5,572,0.32,486,0.18,1
8,0,13260,2,10,5,0,300,0.5,572,0.32,486,0.18,1
8,1,989,1,0,300,0.5,572,0.32,486,0.18,1
8,2,7939,2,10,5,0,300,0.5,1700,0.5,1
8,3,13820,0,0,300,0.5,1700,0.5,1
8,4,1103,1,0,666,0.42,420,0.58,1
8,5,13872,2,10,5,0,300,0.5,572,0.32,486,0.18,1
8,6,6576,2,10,5,0,500,0.6,1000,0.2,1400,0.2,1
8,7,12571,2,10,5,0,500,0.6,1000,0.2,1400,0.2,1
8,8,10376,1,0,300,0.5,572,0.32,486,0.18,1
8,9,3830,2,10,5,0,300,0.5,1700,0.5,1
8,10,3345,2,10,5,0,300,0.5,1700,0.5,1
8,11,6744,0,0,300,0.5,572,0.32,486,0.18,1
9,0,2500,2,10,5,0,666,0.42,420,0.58,1
9,1,12280,1,0,500,0.6,1000,0.2,1400,0.2,1
9,2,9537,0,0,300,0.5,572,0.32,486,0.18,1
9,3,9396,1,0,300,0.5,572,0.32,486,0.18,1
9,4,3741,1,0,300,0.5,1700,0.5,1
9,5,10096,0,0,666,0.42,420,0.58,1
9,6,11631,1,0,300,0.5,572,0.32,486,0.18,1
9,7,12759,2,10,5,0,300,0.5,1700,0.5,1
9,8,11378,0,0,666,0.42,420,0.58,1
9,9,5843,1,0,666,0.42,420,0.58,1
9,10,3299,0,0,300,0.5,572,0.32,486,0.18,1
9,11,1387,2,10,5,0,300,0.5,572,0.32,486,0.18,1
10,0,5519,1,0,300,0.5,1700,0.5,1
10,1,1074,2,10,5,0,666,0.42,420,0.58,1
10,2,1583,2,10,5,0,666,0.42,420,0.58,1
10,3,13572,2,10,5,0,666,0.42,420,0.58,1
10,4,651,0,0,300,0.5,1700,0.5,1
10,5,9885,0,0,666,0.42,420,0.58,1
10,6,4497,0,0,666,0.42,420,0.58,1
10,7,4513,0,0,300,0.5,572,0.32,486,0.18,1
10,8,2662,1,0,666,0.42,420,0.58,1
10,9,1614,0,0,500,0.6,1000,0.2,1400,0.2,1
10,10,5653,1,0,300,0.5,1700,0.5,1
10,11,9074,1,0,300,0.5,1700,0.5,1
11,0,7165,2,10,5,0,666,0.42,420,0.58,1
11,1,12274,0,0,666,0.42,420,0.58,1
11,2,9734,0,0,300,0.5,1700,0.5,1
11,3,7939,2,10,5,0,666,0.42,420,0.58,1
11,4,1135,1,0,300,0.5,572,0.32,486,0.18,1
11,5,13538,2,10,5,0,500,0.6,1000,0.2,1400,0.2,1
11,6,9288,0,0,300,0.5,1700,0.5,1
11,7,161,1,0,500,0.6,1000,0.2,1400,0.2,1
11,8,14683,1,0,300,0.5,572,0.32,486,0.18,1
11,9,11674,2,10,5,0,300,0.5,1700,0.5,1
11,10,12360,0,0,666,0.42,420,0.58,1
11,11,6772,2,10,5,0,300,0.5,1700,0.5,1
