0,0,8733,2,10,5,0,300,0.5,572,0.32,486,0.18,1
0,1,11587,0,0,300,0.5,1700,0.5,1
0,2,2200,1,0,500,0.6,1000,0.2,1400,0.2,1
0,3,1080,2,10,5,0,300,0.5,572,0.32,486,0.18,1
0,4,2165,0,0,300,0.5,572,0.32,486,0.18,1
0,5,4116,0,0,300,0.5,1700,0.5,1
0,6,4382,2,10,5,0,300,0.5,572,0.32,486,0.18,1
0,7,14167,0,0,300,0.5,1700,0.5,1
0,8,13221,1,0,300,0.5,572,0.32,486,0.18,1
0,9,6177,1,0,666,0.42,420,0.58,1
0,10,1195,1,0,300,0.5,572,0.32,486,0.18,1
0,11,12875,2,10,5,0,300,0.5,1700,0.5,1
1,0,8030,0,0,666,0.42,420,0.58,1
1,1,5009,0,0,500,0.6,1000,0.2,1400,0.2,1
1,2,2975,0,0,666,0.42,420,0.58,0
1,3,12996,0,0,300,0.5,1700,0.5,1
1,4,910,0,0,300,0.5,572,0.32,486,0.18,1
1,5,11016,1,0,500,0.6,1000,0.2,1400,0.2,1
1,6,3801,0,0,666,0.42,420,0.58,1
1,7,12301,0,0,300,0.5,1700,0.5,1
1,8,8112,2,10,5,0,666,0.42,420,0.58,1
1,9,3338,2,10,5,0,500,0.6,1000,0.2,1400,0.2,1
1,10,5105,0,0,300,0.5,572,0.32,486,0.18,1
1,11,9270,2,10,5,0,666,0.42,420,0.58,1
2,0,9272,1,0,666,0.42,420,0.58,1
2,1,7219,0,0,666,0.42,420,0.58,1
2,2,1258,1,0,300,0.5,572,0.32,486,0.18,1
2,3,12431,0,0,500,0.6,1000,0.2,1400,0.2,1
2,4,1321,1,0,500,0.6,1000,0.2,1400,0.2,1
2,5,13250,1,0,300,0.5,572,0.32,486,0.18,1
2,6,7086,0,0,300,0.5,1700,0.5,1
2,7,3014,2,10,5,0,300,0.5,572,0.32,486,0.18,1
2,8,2832,1,0,500,0.6,1000,0.2,1400,0.2,1
2,9,13152,2,10,5,0,300,0.5,572,0.32,486,0.18,1
2,10,11921,0,0,666,0.42,420,0.58,1
2,11,10332,0,0,500,0.6,1000,0.2,1400,0.2,1
3,0,7461,0,0,666,0.42,420,0.58,1
3,1,4912,0,0,300,0.5,572,0.32,486,0.18,1
3,2,11700,0,0,300,0.5,572,0.32,486,0.18,1
3,3,13514,1,0,300,0.5,1700,0.5,1
3,4,3822,2,10,5,0,666,0.42,420,0.58,1
3,5,1401,2,10,5,0,666,0.42,420,0.58,1
3,6,8217,0,0,300,0.5,1700,0.5,1
3,7,11553,1,0,666,0.42,420,0.58,1
3,8,4954,0,0,300,0.5,1700,0.5,1
3,9,971,2,10,5,0,300,0.5,1700,0.5,1
3,10,13035,2,10,5,0,500,0.6,1000,0.2,1400,0.2,1
3,11,2428,2,10,5,0,300,0.5,1700,0.5,1
4,0,2211,0,0,300,0.5,1700,0.5,1
4,1,501,0,0,300,0.5,1700,0.5,1
4,2,1848,0,0,666,0.42,420,0.58,1
4,3,11329,0,0,300,0.5,572,0.32,486,0.18,1
4,4,368,0,0,666,0.42,420,0.58,1
4,5,3383,0,0,300,0.5,572,0.32,486,0.18,1
4,6,9004,1,0,300,0.5,572,0.32,486,0.18,1
4,7,13623,2,10,5,0,300,0.5,572,0.32,486,0.18,1
4,8,4808,2,10,5,0,300,0.5,1700,0.5,1
4,9,14029,0,0,666,0.42,420,0.58,1
4,10,10476,1,0,666,0.42,420,0.58,1
4,11,13525,1,0,666,0.42,420,0.58,1
5,0,11789,2,10,5,0,300,0.5,572,0.32,486,0.18,1
5,1,5912,1,0,666,0.42,420,0.58,1
5,2,12607,1,0,666,0.42,420,0.58,1
5,3,5799,0,0,300,0.5,1700,0.5,1
5,4,2631,1,0,500,0.6,1000,0.2,1400,0.2,1
5,5,10153,2,10,5,0,300,0.5,572,0.32,486,0.18,1
5,6,2155,2,10,5,0,300,0.5,572,0.32,486,0.18,1
5,7,4969,1,0,300,0.5,572,0.32,486,0.18,1
5,8,312,1,0,300,0.5,1700,0.5,1
5,9,8162,1,0,300,0.5,572,0.32,486,0.18,1
5,10,4805,0,0,666,0.42,420,0.58,1
5,11,10599,1,0,500,0.6,1000,0.2,1400,0.2,1
6,0,7266,1,0,666,0.42,420,0.58,1
6,1,8679,1,0,300,0.5,1700,0.5,1
6,2,14946,1,0,300,0.5,572,0.32,486,0.18,1
6,3,10707,2,10,5,0,666,0.42,420,0.58,1
6,4,2862,1,0,300,0.5,572,0.32,486,0.18,1
6,5,11038,0,0,500,0.6,1000,0.2,1400,0.2,1
6,6,699,1,0,666,0.42,420,0.58,1
6,7,2045,1,0,300,0.5,572,0.32,486,0.18,1
6,8,6740,0,0,500,0.6,1000,0.2,1400,0.2,1
6,9,3256,0,0,300,0.5,1700,0.5,1
6,10,7252,2,10,5,0,300,0.5,572,0.32,486,0.18,1
6,11,10948,0,0,500,0.6,1000,0.2,1400,0.2,1
7,0,11970,1,0,300,0.5,1700,0.5,1
7,1,11926,0,0,300,0.5,1700,0.5,1
7,2,10366,0,0,300,0.5,1700,0.5,1
7,3,12256,2,10,5,0,300,0.5,1700,0.5,1
7,4,9941,1,0,300,0.5,1700,0.5,1
7,5,5503,2,10,5,0,300,0.5,1700,0.5,1
7,6,13160,0,0,666,0.42,420,0.58,1
7,7,2100,0,0,666,0.42,420,0.58,1
7,8,5116,1,0,300,0.5,572,0.32,486,0.18,1
7,9,3557,0,0,300,0.5,1700,0.5,1
7,10,12196,1,0,300,0.5,572,0.32,486,0.18,1
7,11,4726,0,0,300,0.5,572,0.32,486,0.18,1
8,0,7000,1,0,500,0.6,1000,0.2,1400,0.2,1
8,1,3041,0,0,300,0.5,572,0.32,486,0.18,1
8,2,4783,1,0,300,0.5,572,0.32,486,0.18,1
8,3,2783,0,0,666,0.42,420,0.58,1
8,4,4060,1,0,300,0.5,1700,0.5,1
8,5,378,2,10,5,0,300,0.5,1700,0.5,1
8,6,12219,2,10,5,0,500,0.6,1000,0.2,1400,0.2,1
8,7,3818,0,0,666,0.42,420,0.58,1
8,8,6196,2,10,5,0,500,0.6,1000,0.2,1400,0.2,1
8,9,10506,0,0,300,0.5,1700,0.5,1
8,10,4532,0,0,500,0.6,1000,0.2,1400,0.2,1
8,11,4396,0,0,300,0.5,1700,0.5,1
9,0,9741,0,0,666,0.42,420,0.58,1
9,1,12254,0,0,300,0.5,572,0.32,486,0.18,1
9,2,3348,2,10,5,0,666,0.42,420,0.58,1
9,3,28,0,0,666,0.42,420,0.58,1
9,4,4841,0,0,500,0.6,1000,0.2,1400,0.2,1
9,5,2440,2,10,5,0,300,0.5,1700,0.5,1
9,6,5142,0,0,666,0.42,420,0.58,1
9,7,3094,2,10,5,0,666,0.42,420,0.58,1
9,8,3772,2,10,5,0,300,0.5,1700,0.5,1
9,9,10725,1,0,500,0.6,1000,0.2,1400,0.2,1
9,10,12096,0,0,300,0.5,572,0.32,486,0.18,1
9,11,14512,2,10,5,0,300,0.5,1700,0.5,1
10,0,12715,2,10,5,0,300,0.5,572,0.32,486,0.18,1
10,1,4174,1,0,500,0.6,1000,0.2,1400,0.2,1
10,2,8904,1,0,300,0.5,572,0.32,486,0.18,1
10,3,11190,1,0,300,0.5,1700,0.5,1
10,4,7199,1,0,500,0.6,1000,0.2,1400,0.2,1
10,5,6651,2,10,5,0,666,0.42,420,0.58,1
10,6,2697,0,0,300,0.5,572,0.32,486,0.18,1
10,7,2696,2,10,5,0,300,0.5,1700,0.5,1
10,8,4148,2,10,5,0,300,0.5,1700,0.5,1
10,9,1330,0,0,500,0.6,1000,0.2,1400,0.2,1
10,10,7671,0,0,666,0.42,420,0.58,1
10,11,2937,2,10,5,0,300,0.5,572,0.32,486,0.18,1
11,0,2525,2,10,5,0,300,0.5,572,0.32,486,0.18,1
11,1,9440,0,0,300,0.5,572,0.32,486,0.18,1
11,2,9708,2,10,5,0,500,0.6,1000,0.2,1400,0.2,1
11,3,1800,1,0,300,0.5,1700,0.5,1
11,4,2013,0,0,666,0.42,420,0.58,1
11,5,3866,2,10,5,0,300,0.5,572,0.32,486,0.18,1
11,6,13377,1,0,300,0.5,572,0.32,486,0.18,1
11,7,92,0,0,666,0.42,420,0.58,1
11,8,10172,0,0,300,0.5,572,0.32,486,0.18,1
11,9,5951,1,0,300,0.5,572,0.32,486,0.18,1
11,10,10624,1,0,300,0.5,1700,0.5,1
11,11,9749,0,0,666,0.42,420,0.58,1
