0,0,1816,2,10,5,0,666,0.42,420,0.58,1
0,1,5151,2,10,5,0,666,0.42,420,0.58,1
0,2,4404,2,10,5,0,500,0.6,1000,0.2,1400,0.2,1
0,3,12205,1,0,300,0.5,1700,0.5,1
0,4,12148,0,0,300,0.5,572,0.32,486,0.18,1
0,5,12013,2,10,5,0,300,0.5,572,0.32,486,0.18,1
0,6,11932,0,0,300,0.5,1700,0.5,1
0,7,9213,2,10,5,0,666,0.42,420,0.58,1
0,8,13742,0,0,300,0.5,1700,0.5,1
0,9,9213,0,0,300,0.5,1700,0.5,1
0,10,8632,0,0,666,0.42,420,0.58,1
0,11,5944,2,10,5,0,300,0.5,572,0.32,486,0.18,1
1,0,5124,1,0,500,0.6,1000,0.2,1400,0.2,1
1,1,11717,2,10,5,0,300,0.5,1700,0.5,1
1,2,3459,0,0,666,0.42,420,0.58,0
1,3,14091,2,10,5,0,500,0.6,1000,0.2,1400,0.2,1
1,4,10266,2,10,5,0,300,0.5,1700,0.5,1
1,5,14521,2,10,5,0,300,0.5,1700,0.5,1
1,6,12967,2,10,5,0,500,0.6,1000,0.2,1400,0.2,1
1,7,10304,0,0,666,0.42,420,0.58,1
1,8,6381,2,10,5,0,500,0.6,1000,0.2,1400,0.2,1
1,9,7518,2,10,5,0,500,0.6,1000,0.2,1400,0.2,1
1,10,11249,2,10,5,0,300,0.5,572,0.32,486,0.18,1
1,11,799,1,0,300,0.5,1700,0.5,1
2,0,10862,0,0,300,0.5,1700,0.5,1
2,1,10285,0,0,666,0.42,420,0.58,1
2,2,11797,0,0,300,0.5,572,0.32,486,0.18,1
2,3,9508,1,0,666,0.42,420,0.58,1
2,4,1078,1,0,500,0.6,1000,0.2,1400,0.2,1
2,5,8970,2,10,5,0,500,0.6,1000,0.2,1400,0.2,1
2,6,347,1,0,300,0.5,572,0.32,486,0.18,1
2,7,9788,2,10,5,0,300,0.5,572,0.32,486,0.18,1
2,8,12018,2,10,5,0,300,0.5,1700,0.5,1
2,9,5440,0,0,300,0.5,572,0.32,486,0.18,1
2,10,8933,0,0,666,0.42,420,0.58,1
2,11,9401,0,0,300,0.5,572,0.32,486,0.18,1
3,0,8226,0,0,666,0.42,420,0.58,1
3,1,5376,2,10,5,0,300,0.5,572,0.32,486,0.18,1
3,2,5626,1,0,300,0.5,572,0.32,486,0.18,1
3,3,6573,0,0,300,0.5,572,0.32,486,0.18,1
3,4,5004,0,0,300,0.5,572,0.32,486,0.18,1
3,5,10938,0,0,666,0.42,420,0.58,1
3,6,13570,0,0,500,0.6,1000,0.2,1400,0.2,1
3,7,10818,2,10,5,0,666,0.42,420,0.58,1
3,8,8411,1,0,500,0.6,1000,0.2,1400,0.2,1
3,9,9003,1,0,300,0.5,572,0.32,486,0.18,1
3,10,1995,1,0,666,0.42,420,0.58,1
3,11,500,0,0,300,0.5,1700,0.5,1
4,0,6634,0,0,666,0.42,420,0.58,1
4,1,7047,0,0,500,0.6,1000,0.2,1400,0.2,1
4,2,5498,2,10,5,0,300,0.5,1700,0.5,1
4,3,14555,2,10,5,0,500,0.6,1000,0.2,1400,0.2,1
4,4,13950,2,10,5,0,300,0.5,1700,0.5,1
4,5,1576,1,0,300,0.5,572,0.32,486,0.18,1
4,6,11048,0,0,300,0.5,1700,0.5,1
4,7,3480,2,10,5,0,300,0.5,572,0.32,486,0.18,1
4,8,9108,2,10,5,0,300,0.5,1700,0.5,1
4,9,11583,1,0,666,0.42,420,0.58,1
4,10,8171,0,0,300,0.5,1700,0.5,1
4,11,1768,2,10,5,0,300,0.5,1700,0.5,1
5,0,299,1,0,666,0.42,420,0.58,1
5,1,10765,1,0,500,0.6,1000,0.2,1400,0.2,1
5,2,103,2,10,5,0,666,0.42,420,0.58,1
5,3,4709,1,0,300,0.5,572,0.32,486,0.18,1
5,4,1987,0,0,300,0.5,572,0.32,486,0.18,1
5,5,3160,1,0,500,0.6,1000,0.2,1400,0.2,1
5,6,9175,2,10,5,0,300,0.5,572,0.32,486,0.18,1
5,7,5105,2,10,5,0,300,0.5,572,0.32,486,0.18,1
5,8,12851,0,0,300,0.5,1700,0.5,1
5,9,6384,1,0,666,0.42,420,0.58,1
5,10,8369,2,10,5,0,666,0.42,420,0.58,1
5,11,4457,0,0,300,0.5,572,0.32,486,0.18,1
6,0,3977,1,0,666,0.42,420,0.58,1
6,1,705,2,10,5,0,500,0.6,1000,0.2,1400,0.2,1
6,2,8720,2,10,5,0,500,0.6,1000,0.2,1400,0.2,1
6,3,11878,0,0,666,0.42,420,0.58,1
6,4,11333,1,0,300,0.5,572,0.32,486,0.18,1
6,5,183,0,0,300,0.5,1700,0.5,1
6,6,1075,0,0,500,0.6,1000,0.2,1400,0.2,1
6,7,8836,1,0,300,0.5,1700,0.5,1
6,8,9463,0,0,666,0.42,420,0.58,1
6,9,13608,0,0,666,0.42,420,0.58,1
6,10,10807,1,0,300,0.5,1700,0.5,1
6,11,7048,0,0,300,0.5,1700,0.5,1
7,0,3974,2,10,5,0,500,0.6,1000,0.2,1400,0.2,1
7,1,7179,1,0,300,0.5,1700,0.5,1
7,2,6482,0,0,666,0.42,420,0.58,1
7,3,7787,2,10,5,0,300,0.5,572,0.32,486,0.18,1
7,4,9206,0,0,500,0.6,1000,0.2,1400,0.2,1
7,5,7195,0,0,300,0.5,572,0.32,486,0.18,1
7,6,12289,1,0,500,0.6,1000,0.2,1400,0.2,1
7,7,5683,2,10,5,0,300,0.5,572,0.32,486,0.18,1
7,8,4746,1,0,500,0.6,1000,0.2,1400,0.2,1
7,9,1822,1,0,500,0.6,1000,0.2,1400,0.2,1
7,10,9886,2,10,5,0,300,0.5,572,0.32,486,0.18,1
7,11,2938,1,0,500,0.6,1000,0.2,1400,0.2,1
8,0,5742,1,0,300,0.5,1700,0.5,1
8,1,2563,2,10,5,0,500,0.6,1000,0.2,1400,0.2,1
8,2,5618,1,0,300,0.5,1700,0.5,1
8,3,3292,2,10,5,0,300,0.5,572,0.32,486,0.18,1
8,4,924,0,0,500,0.6,1000,0.2,1400,0.2,1
8,5,6355,0,0,300,0.5,572,0.32,486,0.18,1
8,6,497,2,10,5,0,500,0.6,1000,0.2,1400,0.2,1
8,7,9958,1,0,300,0.5,572,0.32,486,0.18,1
8,8,9362,2,10,5,0,300,0.5,572,0.32,486,0.18,1
8,9,5224,2,10,5,0,500,0.6,1000,0.2,1400,0.2,1
8,10,1657,2,10,5,0,500,0.6,1000,0.2,1400,0.2,1
8,11,10413,1,0,300,0.5,572,0.32,486,0.18,1
9,0,1090,0,0,300,0.5,572,0.32,486,0.18,1
9,1,13173,1,0,500,0.6,1000,0.2,1400,0.2,1
9,2,6741,2,10,5,0,300,0.5,572,0.32,486,0.18,1
9,3,11412,1,0,300,0.5,572,0.32,486,0.18,1
9,4,9645,1,0,500,0.6,1000,0.2,1400,0.2,1
9,5,4534,1,0,300,0.5,572,0.32,486,0.18,1
9,6,8782,2,10,5,0,300,0.5,572,0.32,486,0.18,1
9,7,11232,1,0,300,0.5,1700,0.5,1
9,8,3713,1,0,666,0.42,420,0.58,1
9,9,11038,0,0,666,0.42,420,0.58,1
9,10,6495,2,10,5,0,500,0.6,1000,0.2,1400,0.2,1
9,11,14359,1,0,300,0.5,1700,0.5,1
10,0,159,0,0,300,0.5,1700,0.5,1
10,1,5610,2,10,5,0,666,0.42,420,0.58,1
10,2,10109,2,10,5,0,666,0.42,420,0.58,1
10,3,10288,0,0,666,0.42,420,0.58,1
10,4,752,1,0,300,0.5,1700,0.5,1
10,5,11522,0,0,300,0.5,1700,0.5,1
10,6,2047,0,0,500,0.6,1000,0.2,1400,0.2,1
10,7,14689,2,10,5,0,300,0.5,1700,0.5,1
10,8,13504,2,10,5,0,500,0.6,1000,0.2,1400,0.2,1
10,9,5652,2,10,5,0,300,0.5,572,0.32,486,0.18,1
10,10,4530,1,0,500,0.6,1000,0.2,1400,0.2,1
10,11,3886,2,10,5,0,666,0.42,420,0.58,1
11,0,2169,0,0,500,0.6,1000,0.2,1400,0.2,1
11,1,14352,1,0,300,0.5,1700,0.5,1
11,2,11448,1,0,300,0.5,572,0.32,486,0.18,1
11,3,6807,1,0,300,0.5,1700,0.5,1
11,4,257,2,10,5,0,666,0.42,420,0.58,1
11,5,3644,0,0,500,0.6,1000,0.2,1400,0.2,1
11,6,5360,0,0,500,0.6,1000,0.2,1400,0.2,1
11,7,13278,0,0,500,0.6,1000,0.2,1400,0.2,1
11,8,2789,2,10,5,0,300,0.5,572,0.32,486,0.18,1
11,9,14490,2,10,5,0,666,0.42,420,0.58,1
11,10,12347,1,0,666,0.42,420,0.58,1
11,11,4870,1,0,300,0.5,1700,0.5,1
