0,0,3993,0,0,300,0.5,1700,0.5,1
0,1,12048,1,0,300,0.5,1700,0.5,1
0,2,11384,2,10,5,0,300,0.5,572,0.32,486,0.18,1
0,3,6688,2,10,5,0,300,0.5,1700,0.5,1
0,4,13813,2,10,5,0,500,0.6,1000,0.2,1400,0.2,1
0,5,5319,2,10,5,0,500,0.6,1000,0.2,1400,0.2,1
0,6,11737,0,0,500,0.6,1000,0.2,1400,0.2,1
0,7,13761,1,0,666,0.42,420,0.58,1
0,8,1211,0,0,300,0.5,1700,0.5,1
0,9,5096,1,0,500,0.6,1000,0.2,1400,0.2,1
0,10,8781,0,0,500,0.6,1000,0.2,1400,0.2,1
0,11,694,0,0,666,0.42,420,0.58,1
1,0,11803,2,10,5,0,666,0.42,420,0.58,1
1,1,8001,2,10,5,0,666,0.42,420,0.58,1
1,2,13515,1,0,666,0.42,420,0.58,0
1,3,6782,2,10,5,0,666,0.42,420,0.58,1
1,4,2451,0,0,300,0.5,1700,0.5,1
1,5,11387,0,0,300,0.5,1700,0.5,1
1,6,5093,0,0,300,0.5,1700,0.5,1
1,7,11428,2,10,5,0,300,0.5,1700,0.5,1
1,8,4448,1,0,500,0.6,1000,0.2,1400,0.2,1
1,9,10354,1,0,666,0.42,420,0.58,1
1,10,12918,1,0,300,0.5,572,0.32,486,0.18,1
1,11,12369,0,0,300,0.5,572,0.32,486,0.18,1
2,0,5689,1,0,300,0.5,1700,0.5,1
2,1,6032,2,10,5,0,666,0.42,420,0.58,1
2,2,14587,0,0,666,0.42,420,0.58,1
2,3,66,2,10,5,0,666,0.42,420,0.58,1
2,4,1327,2,10,5,0,300,0.5,572,0.32,486,0.18,1
2,5,439,0,0,300,0.5,572,0.32,486,0.18,1
2,6,5936,0,0,300,0.5,572,0.32,486,0.18,1
2,7,12589,1,0,300,0.5,1700,0.5,1
2,8,3559,2,10,5,0,300,0.5,1700,0.5,1
2,9,6780,0,0,500,0.6,1000,0.2,1400,0.2,1
2,10,9021,0,0,666,0.42,420,0.58,1
2,11,13033,0,0,300,0.5,572,0.32,486,0.18,1
3,0,9535,1,0,666,0.42,420,0.58,1
3,1,7394,1,0,300,0.5,1700,0.5,1
3,2,12965,1,0,500,0.6,1000,0.2,1400,0.2,1
3,3,11146,1,0,300,0.5,572,0.32,486,0.18,1
3,4,10717,1,0,300,0.5,1700,0.5,1
3,5,11321,0,0,500,0.6,1000,0.2,1400,0.2,1
3,6,498,1,0,666,0.42,420,0.58,1
3,7,1661,0,0,300,0.5,572,0.32,486,0.18,1
3,8,11567,1,0,500,0.6,1000,0.2,1400,0.2,1
3,9,11578,1,0,300,0.5,1700,0.5,1
3,10,11579,0,0,300,0.5,572,0.32,486,0.18,1
3,11,3497,0,0,300,0.5,572,0.32,486,0.18,1
4,0,5163,0,0,300,0.5,572,0.32,486,0.18,1
4,1,11107,0,0,666,0.42,420,0.58,1
4,2,4221,1,0,500,0.6,1000,0.2,1400,0.2,1
4,3,14696,2,10,5,0,666,0.42,420,0.58,1
4,4,103,2,10,5,0,500,0.6,1000,0.2,1400,0.2,1
4,5,12696,2,10,5,0,300,0.5,1700,0.5,1
4,6,392,2,10,5,0,666,0.42,420,0.58,1
4,7,382,2,10,5,0,666,0.42,420,0.58,1
4,8,7747,0,0,666,0.42,420,0.58,1
4,9,14171,1,0,500,0.6,1000,0.2,1400,0.2,1
4,10,4404,1,0,666,0.42,420,0.58,1
4,11,988,2,10,5,0,300,0.5,572,0.32,486,0.18,1
5,0,4628,0,0,500,0.6,1000,0.2,1400,0.2,1
5,1,13240,1,0,500,0.6,1000,0.2,1400,0.2,1
5,2,13304,1,0,300,0.5,1700,0.5,1
5,3,5984,1,0,300,0.5,1700,0.5,1
5,4,4732,0,0,666,0.42,420,0.58,1
5,5,14070,2,10,5,0,500,0.6,1000,0.2,1400,0.2,1
5,6,12042,2,10,5,0,300,0.5,1700,0.5,1
5,7,7925,1,0,300,0.5,572,0.32,486,0.18,1
5,8,12817,1,0,666,0.42,420,0.58,1
5,9,13475,2,10,5,0,300,0.5,1700,0.5,1
5,10,3501,1,0,300,0.5,572,0.32,486,0.18,1
5,11,14276,0,0,666,0.42,420,0.58,1
6,0,11047,0,0,300,0.5,1700,0.5,1
6,1,13189,1,0,500,0.6,1000,0.2,1400,0.2,1
6,2,5155,2,10,5,0,500,0.6,1000,0.2,1400,0.2,1
6,3,12615,0,0,300,0.5,1700,0.5,1
6,4,10808,1,0,300,0.5,572,0.32,486,0.18,1
6,5,5977,0,0,300,0.5,1700,0.5,1
6,6,10015,1,0,300,0.5,1700,0.5,1
6,7,11524,2,10,5,0,666,0.42,420,0.58,1
6,8,13969,0,0,300,0.5,1700,0.5,1
6,9,3802,0,0,300,0.5,1700,0.5,1
6,10,13798,2,10,5,0,500,0.6,1000,0.2,1400,0.2,1
6,11,10399,2,10,5,0,300,0.5,572,0.32,486,0.18,1
7,0,11581,1,0,300,0.5,1700,0.5,1
7,1,14121,1,0,300,0.5,572,0.32,486,0.18,1
7,2,9479,2,10,5,0,300,0.5,1700,0.5,1
7,3,14338,1,0,300,0.5,572,0.32,486,0.18,1
7,4,1652,0,0,300,0.5,1700,0.5,1
7,5,12519,1,0,500,0.6,1000,0.2,1400,0.2,1
7,6,210,0,0,666,0.42,420,0.58,1
7,7,4034,0,0,300,0.5,1700,0.5,1
7,8,1810,1,0,300,0.5,572,0.32,486,0.18,1
7,9,12296,2,10,5,0,666,0.42,420,0.58,1
7,10,1446,1,0,500,0.6,1000,0.2,1400,0.2,1
7,11,9016,2,10,5,0,666,0.42,420,0.58,1
8,0,5479,2,10,5,0,666,0.42,420,0.58,1
8,1,4525,0,0,300,0.5,1700,0.5,1
8,2,6659,0,0,500,0.6,1000,0.2,1400,0.2,1
8,3,5468,1,0,500,0.6,1000,0.2,1400,0.2,1
8,4,2751,1,0,300,0.5,572,0.32,486,0.18,1
8,5,1241,1,0,666,0.42,420,0.58,1
8,6,6971,0,0,300,0.5,1700,0.5,1
8,7,3880,2,10,5,0,300,0.5,572,0.32,486,0.18,1
8,8,8411,2,10,5,0,500,0.6,1000,0.2,1400,0.2,1
8,9,13506,2,10,5,0,666,0.42,420,0.58,1
8,10,1632,2,10,5,0,666,0.42,420,0.58,1
8,11,2580,2,10,5,0,300,0.5,1700,0.5,1
9,0,8619,2,10,5,0,300,0.5,572,0.32,486,0.18,1
9,1,10778,2,10,5,0,300,0.5,1700,0.5,1
9,2,2306,0,0,666,0.42,420,0.58,1
9,3,9989,1,0,500,0.6,1000,0.2,1400,0.2,1
9,4,1467,1,0,500,0.6,1000,0.2,1400,0.2,1
9,5,6153,0,0,300,0.5,1700,0.5,1
9,6,11559,2,10,5,0,666,0.42,420,0.58,1
9,7,11521,1,0,300,0.5,1700,0.5,1
9,8,14118,0,0,666,0.42,420,0.58,1
9,9,4677,2,10,5,0,666,0.42,420,0.58,1
9,10,14749,2,10,5,0,666,0.42,420,0.58,1
9,11,1057,2,10,5,0,300,0.5,572,0.32,486,0.18,1
10,0,3726,0,0,300,0.5,572,0.32,486,0.18,1
10,1,2712,2,10,5,0,300,0.5,572,0.32,486,0.18,1
10,2,499,2,10,5,0,300,0.5,572,0.32,486,0.18,1
10,3,9514,2,10,5,0,300,0.5,572,0.32,486,0.18,1
10,4,11958,2,10,5,0,300,0.5,1700,0.5,1
10,5,2098,2,10,5,0,500,0.6,1000,0.2,1400,0.2,1
10,6,2544,1,0,300,0.5,572,0.32,486,0.18,1
10,7,13708,2,10,5,0,300,0.5,572,0.32,486,0.18,1
10,8,13311,0,0,300,0.5,1700,0.5,1
10,9,4097,0,0,666,0.42,420,0.58,1
10,10,7290,2,10,5,0,666,0.42,420,0.58,1
10,11,11415,2,10,5,0,666,0.42,420,0.58,1
11,0,907,0,0,666,0.42,420,0.58,1
11,1,14567,2,10,5,0,300,0.5,1700,0.5,1
11,2,2338,2,10,5,0,500,0.6,1000,0.2,1400,0.2,1
11,3,2341,1,0,500,0.6,1000,0.2,1400,0.2,1
11,4,14143,2,10,5,0,666,0.42,420,0.58,1
11,5,1232,0,0,300,0.5,572,0.32,486,0.18,1
11,6,3178,2,10,5,0,500,0.6,1000,0.2,1400,0.2,1
11,7,9070,1,0,666,0.42,420,0.58,1
11,8,1352,0,0,500,0.6,1000,0.2,1400,0.2,1
11,9,13846,0,0,300,0.5,572,0.32,486,0.18,1
11,10,5169,2,10,5,0,666,0.42,420,0.58,1
11,11,6104,1,0,500,0.6,1000,0.2,1400,0.2,1
