0,0,11230,0,0,500,0.6,1000,0.2,1400,0.2,1
0,1,2307,0,0,500,0.6,1000,0.2,1400,0.2,1
0,2,3150,1,0,300,0.5,572,0.32,486,0.18,1
0,3,13267,0,0,500,0.6,1000,0.2,1400,0.2,1
0,4,4320,1,0,666,0.42,420,0.58,1
0,5,12722,2,10,5,0,500,0.6,1000,0.2,1400,0.2,1
0,6,4850,0,0,666,0.42,420,0.58,1
0,7,14387,1,0,500,0.6,1000,0.2,1400,0.2,1
0,8,8364,0,0,500,0.6,1000,0.2,1400,0.2,1
0,9,13757,0,0,666,0.42,420,0.58,1
0,10,8283,2,10,5,0,500,0.6,1000,0.2,1400,0.2,1
0,11,1891,0,0,300,0.5,572,0.32,486,0.18,1
1,0,9478,2,10,5,0,500,0.6,1000,0.2,1400,0.2,1
1,1,2346,2,10,5,0,666,0.42,420,0.58,1
1,2,14761,1,0,300,0.5,572,0.32,486,0.18,0
1,3,6668,2,10,5,0,666,0.42,420,0.58,1
1,4,1245,0,0,500,0.6,1000,0.2,1400,0.2,1
1,5,5241,1,0,300,0.5,1700,0.5,1
1,6,5893,1,0,300,0.5,572,0.32,486,0.18,1
1,7,3826,2,10,5,0,300,0.5,572,0.32,486,0.18,1
1,8,9434,0,0,300,0.5,1700,0.5,1
1,9,9480,1,0,500,0.6,1000,0.2,1400,0.2,1
1,10,11604,1,0,300,0.5,1700,0.5,1
1,11,6460,2,10,5,0,500,0.6,1000,0.2,1400,0.2,1
2,0,12211,1,0,300,0.5,572,0.32,486,0.18,1
2,1,9981,1,0,666,0.42,420,0.58,1
2,2,11779,0,0,300,0.5,572,0.32,486,0.18,1
2,3,3441,0,0,300,0.5,572,0.32,486,0.18,1
2,4,13270,1,0,300,0.5,572,0.32,486,0.18,1
2,5,1616,0,0,300,0.5,572,0.32,486,0.18,1
2,6,8408,2,10,5,0,300,0.5,572,0.32,486,0.18,1
2,7,14151,2,10,5,0,666,0.42,420,0.58,1
2,8,11720,2,10,5,0,500,0.6,1000,0.2,1400,0.2,1
2,9,14469,2,10,5,0,500,0.6,1000,0.2,1400,0.2,1
2,10,9133,0,0,666,0.42,420,0.58,1
2,11,9494,2,10,5,0,300,0.5,572,0.32,486,0.18,1
3,0,1983,2,10,5,0,666,0.42,420,0.58,1
3,1,12971,1,0,666,0.42,420,0.58,1
3,2,5585,1,0,300,0.5,1700,0.5,1
3,3,586,0,0,300,0.5,572,0.32,486,0.18,1
3,4,6573,1,0,666,0.42,420,0.58,1
3,5,11262,0,0,500,0.6,1000,0.2,1400,0.2,1
3,6,2027,1,0,300,0.5,572,0.32,486,0.18,1
3,7,10491,2,10,5,0,500,0.6,1000,0.2,1400,0.2,1
3,8,12628,0,0,500,0.6,1000,0.2,1400,0.2,1
3,9,9797,2,10,5,0,300,0.5,572,0.32,486,0.18,1
3,10,799,0,0,500,0.6,1000,0.2,1400,0.2,1
3,11,2715,2,10,5,0,300,0.5,572,0.32,486,0.18,1
4,0,9045,1,0,300,0.5,1700,0.5,1
4,1,2899,1,0,300,0.5,1700,0.5,1
4,2,14394,0,0,300,0.5,572,0.32,486,0.18,1
4,3,13879,0,0,300,0.5,1700,0.5,1
4,4,477,1,0,300,0.5,1700,0.5,1
4,5,13657,1,0,666,0.42,420,0.58,1
4,6,9850,1,0,300,0.5,572,0.32,486,0.18,1
4,7,14918,1,0,300,0.5,572,0.32,486,0.18,1
4,8,8285,2,10,5,0,300,0.5,572,0.32,486,0.18,1
4,9,14802,2,10,5,0,300,0.5,572,0.32,486,0.18,1
4,10,1323,0,0,500,0.6,1000,0.2,1400,0.2,1
4,11,1007,2,10,5,0,666,0.42,420,0.58,1
5,0,1922,0,0,300,0.5,1700,0.5,1
5,1,11641,0,0,300,0.5,1700,0.5,1
5,2,5891,1,0,300,0.5,1700,0.5,1
5,3,1605,2,10,5,0,500,0.6,1000,0.2,1400,0.2,1
5,4,10734,1,0,300,0.5,1700,0.5,1
5,5,2120,1,0,500,0.6,1000,0.2,1400,0.2,1
5,6,1599,2,10,5,0,500,0.6,1000,0.2,1400,0.2,1
5,7,13667,1,0,300,0.5,1700,0.5,1
5,8,1197,2,10,5,0,500,0.6,1000,0.2,1400,0.2,1
5,9,580,2,10,5,0,500,0.6,1000,0.2,1400,0.2,1
5,10,3707,2,10,5,0,500,0.6,1000,0.2,1400,0.2,1
5,11,8261,1,0,666,0.42,420,0.58,1
6,0,6727,2,10,5,0,500,0.6,1000,0.2,1400,0.2,1
6,1,2557,0,0,500,0.6,1000,0.2,1400,0.2,1
6,2,3297,0,0,300,0.5,572,0.32,486,0.18,1
6,3,2975,2,10,5,0,300,0.5,572,0.32,486,0.18,1
6,4,3257,0,0,500,0.6,1000,0.2,1400,0.2,1
6,5,2154,2,10,5,0,500,0.6,1000,0.2,1400,0.2,1
6,6,2620,2,10,5,0,300,0.5,572,0.32,486,0.18,1
6,7,12765,0,0,500,0.6,1000,0.2,1400,0.2,1
6,8,8893,1,0,300,0.5,1700,0.5,1
6,9,13875,0,0,666,0.42,420,0.58,1
6,10,9691,1,0,666,0.42,420,0.58,1
6,11,10131,2,10,5,0,300,0.5,572,0.32,486,0.18,1
7,0,14542,0,0,666,0.42,420,0.58,1
7,1,9734,2,10,5,0,300,0.5,572,0.32,486,0.18,1
7,2,7685,0,0,500,0.6,1000,0.2,1400,0.2,1
7,3,2065,0,0,300,0.5,1700,0.5,1
7,4,13896,0,0,300,0.5,572,0.32,486,0.18,1
7,5,10476,0,0,666,0.42,420,0.58,1
7,6,11924,2,10,5,0,500,0.6,1000,0.2,1400,0.2,1
7,7,13485,0,0,300,0.5,1700,0.5,1
7,8,11382,2,10,5,0,300,0.5,1700,0.5,1
7,9,8505,0,0,666,0.42,420,0.58,1
7,10,8060,0,0,300,0.5,1700,0.5,1
7,11,14712,2,10,5,0,666,0.42,420,0.58,1
8,0,7196,2,10,5,0,500,0.6,1000,0.2,1400,0.2,1
8,1,2257,1,0,300,0.5,1700,0.5,1
8,2,2561,1,0,300,0.5,572,0.32,486,0.18,1
8,3,11668,1,0,300,0.5,1700,0.5,1
8,4,823,0,0,666,0.42,420,0.58,1
8,5,11401,2,10,5,0,500,0.6,1000,0.2,1400,0.2,1
8,6,8740,0,0,300,0.5,572,0.32,486,0.18,1
8,7,10634,2,10,5,0,300,0.5,1700,0.5,1
8,8,3892,0,0,500,0.6,1000,0.2,1400,0.2,1
8,9,13540,2,10,5,0,666,0.42,420,0.58,1
8,10,2086,1,0,500,0.6,1000,0.2,1400,0.2,1
8,11,2624,0,0,300,0.5,1700,0.5,1
9,0,13516,0,0,300,0.5,572,0.32,486,0.18,1
9,1,893,2,10,5,0,300,0.5,572,0.32,486,0.18,1
9,2,13891,0,0,666,0.42,420,0.58,1
9,3,3244,0,0,666,0.42,420,0.58,1
9,4,2182,2,10,5,0,500,0.6,1000,0.2,1400,0.2,1
9,5,9575,2,10,5,0,500,0.6,1000,0.2,1400,0.2,1
9,6,8225,2,10,5,0,500,0.6,1000,0.2,1400,0.2,1
9,7,2663,0,0,666,0.42,420,0.58,1
9,8,12876,0,0,666,0.42,420,0.58,1
9,9,14659,2,10,5,0,666,0.42,420,0.58,1
9,10,4705,2,10,5,0,300,0.5,572,0.32,486,0.18,1
9,11,868,0,0,300,0.5,572,0.32,486,0.18,1
10,0,290,0,0,500,0.6,1000,0.2,1400,0.2,1
10,1,1069,2,10,5,0,666,0.42,420,0.58,1
10,2,7491,0,0,666,0.42,420,0.58,1
10,3,11957,0,0,666,0.42,420,0.58,1
10,4,65,2,10,5,0,500,0.6,1000,0.2,1400,0.2,1
10,5,11841,0,0,500,0.6,1000,0.2,1400,0.2,1
10,6,9509,1,0,300,0.5,1700,0.5,1
10,7,3456,1,0,500,0.6,1000,0.2,1400,0.2,1
10,8,3264,1,0,666,0.42,420,0.58,1
10,9,671,1,0,666,0.42,420,0.58,1
10,10,10156,1,0,500,0.6,1000,0.2,1400,0.2,1
10,11,8672,0,0,300,0.5,572,0.32,486,0.18,1
11,0,2054,1,0,300,0.5,572,0.32,486,0.18,1
11,1,2293,1,0,500,0.6,1000,0.2,1400,0.2,1
11,2,11853,0,0,500,0.6,1000,0.2,1400,0.2,1
11,3,6532,2,10,5,0,300,0.5,572,0.32,486,0.18,1
11,4,7970,2,10,5,0,300,0.5,1700,0.5,1
11,5,6813,0,0,666,0.42,420,0.58,1
11,6,13514,2,10,5,0,500,0.6,1000,0.2,1400,0.2,1
11,7,7498,0,0,666,0.42,420,0.58,1
11,8,7721,0,0,500,0.6,1000,0.2,1400,0.2,1
11,9,882,2,10,5,0,666,0.42,420,0.58,1
11,10,909,2,10,5,0,300,0.5,572,0.32,486,0.18,1
11,11,3454,0,0,666,0.42,420,0.58,1
