0,0,14187,0,0,500,0.6,1000,0.2,1400,0.2,1
0,1,12580,2,10,5,0,666,0.42,420,0.58,1
0,2,10048,2,10,5,0,666,0.42,420,0.58,1
0,3,10902,0,0,300,0.5,572,0.32,486,0.18,1
0,4,14226,2,10,5,0,500,0.6,1000,0.2,1400,0.2,1
0,5,418,0,0,300,0.5,1700,0.5,1
0,6,433,2,10,5,0,500,0.6,1000,0.2,1400,0.2,1
0,7,8755,1,0,666,0.42,420,0.58,1
0,8,4611,0,0,666,0.42,420,0.58,1
0,9,9405,0,0,500,0.6,1000,0.2,1400,0.2,1
0,10,14485,1,0,300,0.5,1700,0.5,1
0,11,2764,1,0,300,0.5,572,0.32,486,0.18,1
1,0,4853,2,10,5,0,666,0.42,420,0.58,1
1,1,5442,0,0,666,0.42,420,0.58,1
1,2,969,1,0,500,0.6,1000,0.2,1400,0.2,0
1,3,9925,2,10,5,0,500,0.6,1000,0.2,1400,0.2,1
1,4,2861,0,0,300,0.5,572,0.32,486,0.18,1
1,5,13066,2,10,5,0,300,0.5,1700,0.5,1
1,6,10884,2,10,5,0,300,0.5,1700,0.5,1
1,7,14060,0,0,300,0.5,1700,0.5,1
1,8,3645,2,10,5,0,300,0.5,1700,0.5,1
1,9,6534,0,0,666,0.42,420,0.58,1
1,10,2313,0,0,666,0.42,420,0.58,1
1,11,3603,2,10,5,0,300,0.5,572,0.32,486,0.18,1
2,0,13001,1,0,500,0.6,1000,0.2,1400,0.2,1
2,1,7958,0,0,500,0.6,1000,0.2,1400,0.2,1
2,2,3179,2,10,5,0,500,0.6,1000,0.2,1400,0.2,1
2,3,12506,2,10,5,0,300,0.5,572,0.32,486,0.18,1
2,4,5267,1,0,500,0.6,1000,0.2,1400,0.2,1
2,5,5781,1,0,300,0.5,1700,0.5,1
2,6,9371,1,0,500,0.6,1000,0.2,1400,0.2,1
2,7,11090,1,0,500,0.6,1000,0.2,1400,0.2,1
2,8,3634,1,0,300,0.5,1700,0.5,1
2,9,2093,0,0,666,0.42,420,0.58,1
2,10,11839,2,10,5,0,666,0.42,420,0.58,1
2,11,5506,1,0,500,0.6,1000,0.2,1400,0.2,1
3,0,5906,2,10,5,0,666,0.42,420,0.58,1
3,1,3397,2,10,5,0,500,0.6,1000,0.2,1400,0.2,1
3,2,3928,1,0,666,0.42,420,0.58,1
3,3,13520,0,0,300,0.5,572,0.32,486,0.18,1
3,4,6647,0,0,300,0.5,572,0.32,486,0.18,1
3,5,13444,1,0,300,0.5,572,0.32,486,0.18,1
3,6,8383,2,10,5,0,300,0.5,1700,0.5,1
3,7,10744,1,0,300,0.5,572,0.32,486,0.18,1
3,8,2080,0,0,666,0.42,420,0.58,1
3,9,11201,1,0,666,0.42,420,0.58,1
3,10,13195,2,10,5,0,500,0.6,1000,0.2,1400,0.2,1
3,11,464,1,0,300,0.5,1700,0.5,1
4,0,10314,0,0,300,0.5,572,0.32,486,0.18,1
4,1,7159,1,0,300,0.5,572,0.32,486,0.18,1
4,2,12233,0,0,500,0.6,1000,0.2,1400,0.2,1
4,3,11191,1,0,300,0.5,572,0.32,486,0.18,1
4,4,2226,2,10,5,0,666,0.42,420,0.58,1
4,5,10826,1,0,500,0.6,1000,0.2,1400,0.2,1
4,6,6056,2,10,5,0,300,0.5,1700,0.5,1
4,7,5104,0,0,300,0.5,572,0.32,486,0.18,1
4,8,9496,0,0,300,0.5,572,0.32,486,0.18,1
4,9,12757,1,0,666,0.42,420,0.58,1
4,10,2055,1,0,500,0.6,1000,0.2,1400,0.2,1
4,11,7574,1,0,500,0.6,1000,0.2,1400,0.2,1
5,0,4163,2,10,5,0,500,0.6,1000,0.2,1400,0.2,1
5,1,6427,0,0,300,0.5,572,0.32,486,0.18,1
5,2,866,2,10,5,0,666,0.42,420,0.58,1
5,3,422,0,0,300,0.5,1700,0.5,1
5,4,7228,2,10,5,0,300,0.5,572,0.32,486,0.18,1
5,5,3739,0,0,300,0.5,1700,0.5,1
5,6,4787,2,10,5,0,666,0.42,420,0.58,1
5,7,5635,2,10,5,0,500,0.6,1000,0.2,1400,0.2,1
5,8,8845,1,0,500,0.6,1000,0.2,1400,0.2,1
5,9,11151,1,0,300,0.5,572,0.32,486,0.18,1
5,10,11757,2,10,5,0,300,0.5,572,0.32,486,0.18,1
5,11,4474,2,10,5,0,300,0.5,1700,0.5,1
6,0,3384,1,0,666,0.42,420,0.58,1
6,1,8767,1,0,300,0.5,1700,0.5,1
6,2,10753,0,0,300,0.5,1700,0.5,1
6,3,14684,1,0,500,0.6,1000,0.2,1400,0.2,1
6,4,2441,0,0,300,0.5,572,0.32,486,0.18,1
6,5,7782,1,0,666,0.42,420,0.58,1
6,6,1379,0,0,666,0.42,420,0.58,1
6,7,9073,1,0,300,0.5,1700,0.5,1
6,8,1769,1,0,300,0.5,1700,0.5,1
6,9,10973,1,0,666,0.42,420,0.58,1
6,10,12607,2,10,5,0,500,0.6,1000,0.2,1400,0.2,1
6,11,3011,2,10,5,0,500,0.6,1000,0.2,1400,0.2,1
7,0,6702,0,0,666,0.42,420,0.58,1
7,1,3845,1,0,300,0.5,572,0.32,486,0.18,1
7,2,10690,1,0,666,0.42,420,0.58,1
7,3,10882,2,10,5,0,300,0.5,1700,0.5,1
7,4,9386,1,0,500,0.6,1000,0.2,1400,0.2,1
7,5,11143,0,0,666,0.42,420,0.58,1
7,6,13822,1,0,300,0.5,1700,0.5,1
7,7,5074,1,0,300,0.5,572,0.32,486,0.18,1
7,8,7649,2,10,5,0,500,0.6,1000,0.2,1400,0.2,1
7,9,1204,1,0,500,0.6,1000,0.2,1400,0.2,1
7,10,11129,1,0,300,0.5,1700,0.5,1
7,11,2989,2,10,5,0,300,0.5,572,0.32,486,0.18,1
8,0,8416,2,10,5,0,300,0.5,1700,0.5,1
8,1,3102,0,0,300,0.5,572,0.32,486,0.18,1
8,2,8893,2,10,5,0,300,0.5,1700,0.5,1
8,3,11351,1,0,300,0.5,1700,0.5,1
8,4,10086,2,10,5,0,300,0.5,572,0.32,486,0.18,1
8,5,2538,1,0,300,0.5,572,0.32,486,0.18,1
8,6,8059,2,10,5,0,500,0.6,1000,0.2,1400,0.2,1
8,7,1362,1,0,500,0.6,1000,0.2,1400,0.2,1
8,8,5308,1,0,666,0.42,420,0.58,1
8,9,14740,0,0,300,0.5,572,0.32,486,0.18,1
8,10,14511,2,10,5,0,300,0.5,572,0.32,486,0.18,1
8,11,795,1,0,300,0.5,572,0.32,486,0.18,1
9,0,138,0,0,500,0.6,1000,0.2,1400,0.2,1
9,1,13148,2,10,5,0,500,0.6,1000,0.2,1400,0.2,1
9,2,4304,2,10,5,0,300,0.5,572,0.32,486,0.18,1
9,3,1830,1,0,666,0.42,420,0.58,1
9,4,8141,0,0,666,0.42,420,0.58,1
9,5,304,2,10,5,0,500,0.6,1000,0.2,1400,0.2,1
9,6,6969,2,10,5,0,300,0.5,1700,0.5,1
9,7,8078,0,0,666,0.42,420,0.58,1
9,8,1129,1,0,666,0.42,420,0.58,1
9,9,10576,2,10,5,0,666,0.42,420,0.58,1
9,10,8438,1,0,300,0.5,1700,0.5,1
9,11,6375,2,10,5,0,300,0.5,1700,0.5,1
10,0,4042,0,0,300,0.5,1700,0.5,1
10,1,4672,1,0,500,0.6,1000,0.2,1400,0.2,1
10,2,1870,2,10,5,0,666,0.42,420,0.58,1
10,3,11979,1,0,666,0.42,420,0.58,1
10,4,9763,1,0,300,0.5,1700,0.5,1
10,5,6055,0,0,300,0.5,1700,0.5,1
10,6,7406,0,0,666,0.42,420,0.58,1
10,7,13585,0,0,666,0.42,420,0.58,1
10,8,11067,0,0,500,0.6,1000,0.2,1400,0.2,1
10,9,2960,2,10,5,0,300,0.5,1700,0.5,1
10,10,6454,0,0,500,0.6,1000,0.2,1400,0.2,1
10,11,686,0,0,666,0.42,420,0.58,1
11,0,7791,1,0,300,0.5,1700,0.5,1
11,1,11892,2,10,5,0,300,0.5,572,0.32,486,0.18,1
11,2,9496,0,0,500,0.6,1000,0.2,1400,0.2,1
11,3,3718,1,0,300,0.5,1700,0.5,1
11,4,7031,0,0,300,0.5,1700,0.5,1
11,5,21,1,0,500,0.6,1000,0.2,1400,0.2,1
11,6,13505,2,10,5,0,300,0.5,1700,0.5,1
11,7,11450,1,0,666,0.42,420,0.58,1
11,8,1759,0,0,500,0.6,1000,0.2,1400,0.2,1
11,9,13236,1,0,300,0.5,572,0.32,486,0.18,1
11,10,12412,1,0,500,0.6,1000,0.2,1400,0.2,1
11,11,7839,0,0,300,0.5,1700,0.5,1
