0,0,10019,0,0,300,0.5,1700,0.5,1
0,1,10672,2,10,5,0,300,0.5,1700,0.5,1
0,2,8344,2,10,5,0,300,0.5,1700,0.5,1
0,3,1406,1,0,300,0.5,572,0.32,486,0.18,1
0,4,6617,0,0,500,0.6,1000,0.2,1400,0.2,1
0,5,2235,1,0,300,0.5,1700,0.5,1
0,6,10162,1,0,500,0.6,1000,0.2,1400,0.2,1
0,7,8298,2,10,5,0,500,0.6,1000,0.2,1400,0.2,1
0,8,11305,0,0,500,0.6,1000,0.2,1400,0.2,1
0,9,9618,2,10,5,0,300,0.5,572,0.32,486,0.18,1
0,10,2373,0,0,300,0.5,572,0.32,486,0.18,1
0,11,1640,0,0,500,0.6,1000,0.2,1400,0.2,1
1,0,8252,2,10,5,0,300,0.5,572,0.32,486,0.18,1
1,1,828,1,0,666,0.42,420,0.58,1
1,2,5816,1,0,300,0.5,572,0.32,486,0.18,0
1,3,7983,1,0,300,0.5,572,0.32,486,0.18,1
1,4,8845,0,0,500,0.6,1000,0.2,1400,0.2,1
1,5,11373,0,0,300,0.5,572,0.32,486,0.18,1
1,6,3428,1,0,666,0.42,420,0.58,1
1,7,1175,1,0,300,0.5,572,0.32,486,0.18,1
1,8,3382,2,10,5,0,300,0.5,572,0.32,486,0.18,1
1,9,4372,0,0,666,0.42,420,0.58,1
1,10,12912,1,0,300,0.5,1700,0.5,1
1,11,9417,0,0,300,0.5,572,0.32,486,0.18,1
2,0,12150,2,10,5,0,666,0.42,420,0.58,1
2,1,1519,0,0,500,0.6,1000,0.2,1400,0.2,1
2,2,11772,0,0,500,0.6,1000,0.2,1400,0.2,1
2,3,7280,2,10,5,0,300,0.5,572,0.32,486,0.18,1
2,4,1030,2,10,5,0,666,0.42,420,0.58,1
2,5,3902,2,10,5,0,300,0.5,1700,0.5,1
2,6,8109,2,10,5,0,666,0.42,420,0.58,1
2,7,2410,2,10,5,0,666,0.42,420,0.58,1
2,8,9050,2,10,5,0,500,0.6,1000,0.2,1400,0.2,1
2,9,14737,2,10,5,0,666,0.42,420,0.58,1
2,10,7010,2,10,5,0,500,0.6,1000,0.2,1400,0.2,1
2,11,14311,2,10,5,0,300,0.5,1700,0.5,1
3,0,12960,1,0,300,0.5,572,0.32,486,0.18,1
3,1,11964,0,0,666,0.42,420,0.58,1
3,2,1862,0,0,500,0.6,1000,0.2,1400,0.2,1
3,3,4815,2,10,5,0,666,0.42,420,0.58,1
3,4,14651,0,0,500,0.6,1000,0.2,1400,0.2,1
3,5,7089,1,0,666,0.42,420,0.58,1
3,6,12540,2,10,5,0,300,0.5,572,0.32,486,0.18,1
3,7,14715,1,0,666,0.42,420,0.58,1
3,8,7419,0,0,666,0.42,420,0.58,1
3,9,3937,2,10,5,0,300,0.5,572,0.32,486,0.18,1
3,10,9204,2,10,5,0,300,0.5,1700,0.5,1
3,11,2269,0,0,300,0.5,572,0.32,486,0.18,1
4,0,4011,1,0,300,0.5,572,0.32,486,0.18,1
4,1,11987,1,0,300,0.5,1700,0.5,1
4,2,11072,0,0,666,0.42,420,0.58,1
4,3,10090,0,0,300,0.5,572,0.32,486,0.18,1
4,4,14043,2,10,5,0,666,0.42,420,0.58,1
4,5,2161,1,0,500,0.6,1000,0.2,1400,0.2,1
4,6,11920,2,10,5,0,300,0.5,572,0.32,486,0.18,1
4,7,10547,2,10,5,0,666,0.42,420,0.58,1
4,8,13022,2,10,5,0,666,0.42,420,0.58,1
4,9,4468,0,0,300,0.5,572,0.32,486,0.18,1
4,10,6328,1,0,500,0.6,1000,0.2,1400,0.2,1
4,11,3616,2,10,5,0,300,0.5,572,0.32,486,0.18,1
5,0,7769,0,0,300,0.5,1700,0.5,1
5,1,4332,1,0,300,0.5,572,0.32,486,0.18,1
5,2,2623,2,10,5,0,300,0.5,572,0.32,486,0.18,1
5,3,13261,0,0,500,0.6,1000,0.2,1400,0.2,1
5,4,4273,1,0,500,0.6,1000,0.2,1400,0.2,1
5,5,14631,0,0,666,0.42,420,0.58,1
5,6,11809,1,0,500,0.6,1000,0.2,1400,0.2,1
5,7,13744,0,0,300,0.5,1700,0.5,1
5,8,11526,1,0,666,0.42,420,0.58,1
5,9,289,1,0,300,0.5,1700,0.5,1
5,10,12450,0,0,500,0.6,1000,0.2,1400,0.2,1
5,11,68,2,10,5,0,500,0.6,1000,0.2,1400,0.2,1
6,0,13,0,0,500,0.6,1000,0.2,1400,0.2,1
6,1,11691,2,10,5,0,500,0.6,1000,0.2,1400,0.2,1
6,2,13144,0,0,300,0.5,1700,0.5,1
6,3,13804,2,10,5,0,300,0.5,572,0.32,486,0.18,1
6,4,8744,0,0,500,0.6,1000,0.2,1400,0.2,1
6,5,983,2,10,5,0,666,0.42,420,0.58,1
6,6,7109,2,10,5,0,666,0.42,420,0.58,1
6,7,5285,0,0,300,0.5,572,0.32,486,0.18,1
6,8,7582,2,10,5,0,666,0.42,420,0.58,1
6,9,6139,1,0,300,0.5,572,0.32,486,0.18,1
6,10,3105,0,0,666,0.42,420,0.58,1
6,11,9961,2,10,5,0,300,0.5,572,0.32,486,0.18,1
7,0,2637,1,0,300,0.5,1700,0.5,1
7,1,10227,0,0,666,0.42,420,0.58,1
7,2,5531,0,0,500,0.6,1000,0.2,1400,0.2,1
7,3,6120,0,0,300,0.5,572,0.32,486,0.18,1
7,4,13638,1,0,300,0.5,572,0.32,486,0.18,1
7,5,4454,2,10,5,0,300,0.5,572,0.32,486,0.18,1
7,6,12863,0,0,300,0.5,1700,0.5,1
7,7,9039,0,0,666,0.42,420,0.58,1
7,8,11735,1,0,666,0.42,420,0.58,1
7,9,12265,2,10,5,0,300,0.5,1700,0.5,1
7,10,9601,0,0,300,0.5,1700,0.5,1
7,11,13401,0,0,300,0.5,1700,0.5,1
8,0,14975,2,10,5,0,500,0.6,1000,0.2,1400,0.2,1
8,1,2203,0,0,666,0.42,420,0.58,1
8,2,2858,0,0,300,0.5,572,0.32,486,0.18,1
8,3,13694,1,0,666,0.42,420,0.58,1
8,4,12900,2,10,5,0,300,0.5,1700,0.5,1
8,5,3711,2,10,5,0,666,0.42,420,0.58,1
8,6,9610,0,0,300,0.5,572,0.32,486,0.18,1
8,7,7552,2,10,5,0,666,0.42,420,0.58,1
8,8,5330,1,0,300,0.5,572,0.32,486,0.18,1
8,9,11359,0,0,500,0.6,1000,0.2,1400,0.2,1
8,10,11632,2,10,5,0,300,0.5,572,0.32,486,0.18,1
8,11,13897,2,10,5,0,500,0.6,1000,0.2,1400,0.2,1
9,0,13774,1,0,300,0.5,1700,0.5,1
9,1,9749,1,0,666,0.42,420,0.58,1
9,2,9198,0,0,300,0.5,1700,0.5,1
9,3,9969,2,10,5,0,300,0.5,572,0.32,486,0.18,1
9,4,9879,2,10,5,0,300,0.5,572,0.32,486,0.18,1
9,5,14960,1,0,666,0.42,420,0.58,1
9,6,3949,1,0,300,0.5,1700,0.5,1
9,7,11252,0,0,500,0.6,1000,0.2,1400,0.2,1
9,8,2327,0,0,300,0.5,572,0.32,486,0.18,1
9,9,2021,0,0,666,0.42,420,0.58,1
9,10,13266,1,0,300,0.5,1700,0.5,1
9,11,10370,2,10,5,0,500,0.6,1000,0.2,1400,0.2,1
10,0,7525,2,10,5,0,666,0.42,420,0.58,1
10,1,3780,0,0,500,0.6,1000,0.2,1400,0.2,1
10,2,6051,1,0,500,0.6,1000,0.2,1400,0.2,1
10,3,9151,0,0,300,0.5,572,0.32,486,0.18,1
10,4,8030,0,0,666,0.42,420,0.58,1
10,5,2432,2,10,5,0,666,0.42,420,0.58,1
10,6,10759,0,0,300,0.5,572,0.32,486,0.18,1
10,7,3527,1,0,300,0.5,1700,0.5,1
10,8,5617,2,10,5,0,300,0.5,572,0.32,486,0.18,1
10,9,14680,1,0,666,0.42,420,0.58,1
10,10,4090,2,10,5,0,666,0.42,420,0.58,1
10,11,5278,1,0,300,0.5,1700,0.5,1
11,0,10472,1,0,300,0.5,572,0.32,486,0.18,1
11,1,4281,0,0,300,0.5,1700,0.5,1
11,2,13176,2,10,5,0,666,0.42,420,0.58,1
11,3,41,2,10,5,0,500,0.6,1000,0.2,1400,0.2,1
11,4,6479,1,0,300,0.5,572,0.32,486,0.18,1
11,5,9439,0,0,666,0.42,420,0.58,1
11,6,11727,1,0,500,0.6,1000,0.2,1400,0.2,1
11,7,14744,2,10,5,0,666,0.42,420,0.58,1
11,8,1640,0,0,300,0.5,1700,0.5,1
11,9,5492,0,0,500,0.6,1000,0.2,1400,0.2,1
11,10,606,1,0,300,0.5,572,0.32,486,0.18,1
11,11,1196,0,0,300,0.5,1700,0.5,1
