0,0,796,1,0,666,0.42,420,0.58,1
0,1,2245,2,10,5,0,500,0.6,1000,0.2,1400,0.2,1
0,2,210,2,10,5,0,666,0.42,420,0.58,1
0,3,13938,0,0,300,0.5,572,0.32,486,0.18,1
0,4,13405,0,0,300,0.5,572,0.32,486,0.18,1
0,5,5543,1,0,666,0.42,420,0.58,1
0,6,9506,1,0,300,0.5,1700,0.5,1
0,7,8823,0,0,300,0.5,1700,0.5,1
0,8,4577,0,0,666,0.42,420,0.58,1
0,9,2840,2,10,5,0,300,0.5,1700,0.5,1
0,10,11584,2,10,5,0,666,0.42,420,0.58,1
0,11,11578,1,0,500,0.6,1000,0.2,1400,0.2,1
1,0,3594,2,10,5,0,300,0.5,572,0.32,486,0.18,1
1,1,9448,0,0,300,0.5,1700,0.5,1
1,2,7465,0,0,300,0.5,572,0.32,486,0.18,0
1,3,6296,1,0,300,0.5,1700,0.5,1
1,4,3576,0,0,666,0.42,420,0.58,1
1,5,7754,1,0,666,0.42,420,0.58,1
1,6,5036,0,0,300,0.5,572,0.32,486,0.18,1
1,7,11314,0,0,500,0.6,1000,0.2,1400,0.2,1
1,8,8584,0,0,300,0.5,572,0.32,486,0.18,1
1,9,12024,2,10,5,0,500,0.6,1000,0.2,1400,0.2,1
1,10,10121,1,0,666,0.42,420,0.58,1
1,11,13696,0,0,500,0.6,1000,0.2,1400,0.2,1
2,0,12217,2,10,5,0,300,0.5,572,0.32,486,0.18,1
2,1,13576,1,0,666,0.42,420,0.58,1
2,2,1203,1,0,300,0.5,572,0.32,486,0.18,1
2,3,12044,1,0,300,0.5,1700,0.5,1
2,4,10461,1,0,500,0.6,1000,0.2,1400,0.2,1
2,5,13421,2,10,5,0,300,0.5,572,0.32,486,0.18,1
2,6,13874,2,10,5,0,300,0.5,572,0.32,486,0.18,1
2,7,3677,0,0,666,0.42,420,0.58,1
2,8,7729,0,0,500,0.6,1000,0.2,1400,0.2,1
2,9,11025,0,0,666,0.42,420,0.58,1
2,10,1383,1,0,666,0.42,420,0.58,1
2,11,4213,0,0,300,0.5,572,0.32,486,0.18,1
3,0,10147,0,0,666,0.42,420,0.58,1
3,1,3689,0,0,500,0.6,1000,0.2,1400,0.2,1
3,2,7373,2,10,5,0,666,0.42,420,0.58,1
3,3,14529,0,0,300,0.5,572,0.32,486,0.18,1
3,4,2163,0,0,300,0.5,1700,0.5,1
3,5,9230,2,10,5,0,300,0.5,1700,0.5,1
3,6,5604,1,0,300,0.5,572,0.32,486,0.18,1
3,7,2603,0,0,666,0.42,420,0.58,1
3,8,11952,1,0,500,0.6,1000,0.2,1400,0.2,1
3,9,1396,1,0,300,0.5,1700,0.5,1
3,10,1041,2,10,5,0,666,0.42,420,0.58,1
3,11,3217,1,0,300,0.5,1700,0.5,1
4,0,12776,1,0,666,0.42,420,0.58,1
4,1,5883,1,0,500,0.6,1000,0.2,1400,0.2,1
4,2,796,1,0,300,0.5,572,0.32,486,0.18,1
4,3,224,1,0,300,0.5,1700,0.5,1
4,4,12202,2,10,5,0,500,0.6,1000,0.2,1400,0.2,1
4,5,1625,0,0,666,0.42,420,0.58,1
4,6,1564,0,0,300,0.5,1700,0.5,1
4,7,4038,1,0,300,0.5,572,0.32,486,0.18,1
4,8,8237,0,0,500,0.6,1000,0.2,1400,0.2,1
4,9,7638,0,0,500,0.6,1000,0.2,1400,0.2,1
4,10,13450,0,0,500,0.6,1000,0.2,1400,0.2,1
4,11,911,1,0,666,0.42,420,0.58,1
5,0,895,0,0,666,0.42,420,0.58,1
5,1,733,0,0,300,0.5,572,0.32,486,0.18,1
5,2,6676,2,10,5,0,300,0.5,572,0.32,486,0.18,1
5,3,9547,0,0,300,0.5,1700,0.5,1
5,4,3839,0,0,300,0.5,572,0.32,486,0.18,1
5,5,897,2,10,5,0,300,0.5,1700,0.5,1
5,6,12212,0,0,500,0.6,1000,0.2,1400,0.2,1
5,7,11824,0,0,300,0.5,1700,0.5,1
5,8,330,1,0,300,0.5,572,0.32,486,0.18,1
5,9,8609,0,0,666,0.42,420,0.58,1
5,10,6341,1,0,500,0.6,1000,0.2,1400,0.2,1
5,11,187,0,0,300,0.5,572,0.32,486,0.18,1
6,0,1818,2,10,5,0,666,0.42,420,0.58,1
6,1,2777,0,0,300,0.5,572,0.32,486,0.18,1
6,2,9369,0,0,500,0.6,1000,0.2,1400,0.2,1
6,3,11993,2,10,5,0,500,0.6,1000,0.2,1400,0.2,1
6,4,11283,2,10,5,0,300,0.5,1700,0.5,1
6,5,8567,1,0,300,0.5,1700,0.5,1
6,6,13835,0,0,300,0.5,1700,0.5,1
6,7,2240,0,0,666,0.42,420,0.58,1
6,8,5650,0,0,666,0.42,420,0.58,1
6,9,1397,1,0,500,0.6,1000,0.2,1400,0.2,1
6,10,8906,0,0,666,0.42,420,0.58,1
6,11,2119,2,10,5,0,500,0.6,1000,0.2,1400,0.2,1
7,0,387,0,0,300,0.5,1700,0.5,1
7,1,14800,2,10,5,0,300,0.5,572,0.32,486,0.18,1
7,2,8170,1,0,300,0.5,1700,0.5,1
7,3,13517,0,0,300,0.5,1700,0.5,1
7,4,8837,1,0,666,0.42,420,0.58,1
7,5,10699,2,10,5,0,300,0.5,572,0.32,486,0.18,1
7,6,443,0,0,500,0.6,1000,0.2,1400,0.2,1
7,7,9122,2,10,5,0,500,0.6,1000,0.2,1400,0.2,1
7,8,9504,1,0,300,0.5,1700,0.5,1
7,9,7150,2,10,5,0,500,0.6,1000,0.2,1400,0.2,1
7,10,7961,0,0,300,0.5,1700,0.5,1
7,11,12329,2,10,5,0,300,0.5,1700,0.5,1
8,0,11405,2,10,5,0,300,0.5,572,0.32,486,0.18,1
8,1,168,1,0,300,0.5,1700,0.5,1
8,2,2978,2,10,5,0,500,0.6,1000,0.2,1400,0.2,1
8,3,14495,2,10,5,0,666,0.42,420,0.58,1
8,4,8528,2,10,5,0,500,0.6,1000,0.2,1400,0.2,1
8,5,3645,0,0,666,0.42,420,0.58,1
8,6,14042,0,0,666,0.42,420,0.58,1
8,7,8955,2,10,5,0,300,0.5,1700,0.5,1
8,8,8997,2,10,5,0,300,0.5,572,0.32,486,0.18,1
8,9,7302,0,0,500,0.6,1000,0.2,1400,0.2,1
8,10,9073,2,10,5,0,500,0.6,1000,0.2,1400,0.2,1
8,11,14908,2,10,5,0,300,0.5,1700,0.5,1
9,0,9534,2,10,5,0,300,0.5,1700,0.5,1
9,1,14640,2,10,5,0,666,0.42,420,0.58,1
9,2,14195,1,0,300,0.5,1700,0.5,1
9,3,12238,0,0,300,0.5,572,0.32,486,0.18,1
9,4,8404,2,10,5,0,300,0.5,1700,0.5,1
9,5,9185,2,10,5,0,666,0.42,420,0.58,1
9,6,5988,2,10,5,0,500,0.6,1000,0.2,1400,0.2,1
9,7,11124,0,0,300,0.5,1700,0.5,1
9,8,8654,1,0,500,0.6,1000,0.2,1400,0.2,1
9,9,5817,2,10,5,0,666,0.42,420,0.58,1
9,10,3453,0,0,300,0.5,1700,0.5,1
9,11,1344,1,0,300,0.5,572,0.32,486,0.18,1
10,0,1107,0,0,300,0.5,1700,0.5,1
10,1,14841,1,0,500,0.6,1000,0.2,1400,0.2,1
10,2,13715,1,0,300,0.5,1700,0.5,1
10,3,5992,0,0,300,0.5,572,0.32,486,0.18,1
10,4,10970,2,10,5,0,500,0.6,1000,0.2,1400,0.2,1
10,5,7167,2,10,5,0,300,0.5,1700,0.5,1
10,6,14038,2,10,5,0,300,0.5,1700,0.5,1
10,7,2161,1,0,300,0.5,1700,0.5,1
10,8,14067,2,10,5,0,500,0.6,1000,0.2,1400,0.2,1
10,9,14042,2,10,5,0,666,0.42,420,0.58,1
10,10,8491,1,0,666,0.42,420,0.58,1
10,11,2230,1,0,500,0.6,1000,0.2,1400,0.2,1
11,0,1605,1,0,500,0.6,1000,0.2,1400,0.2,1
11,1,12863,2,10,5,0,300,0.5,1700,0.5,1
11,2,1531,2,10,5,0,300,0.5,572,0.32,486,0.18,1
11,3,13900,2,10,5,0,666,0.42,420,0.58,1
11,4,9810,2,10,5,0,300,0.5,572,0.32,486,0.18,1
11,5,808,2,10,5,0,666,0.42,420,0.58,1
11,6,9959,0,0,500,0.6,1000,0.2,1400,0.2,1
11,7,12279,2,10,5,0,300,0.5,572,0.32,486,0.18,1
11,8,6435,0,0,300,0.5,1700,0.5,1
11,9,10088,0,0,300,0.5,1700,0.5,1
11,10,11722,0,0,300,0.5,1700,0.5,1
11,11,12242,1,0,300,0.5,1700,0.5,1
