0,0,5760,1,0,666,0.42,420,0.58,1
0,1,3634,0,0,666,0.42,420,0.58,1
0,2,9040,1,0,666,0.42,420,0.58,1
0,3,7604,2,10,5,0,300,0.5,1700,0.5,1
0,4,4248,0,0,300,0.5,572,0.32,486,0.18,1
0,5,9963,0,0,666,0.42,420,0.58,1
0,6,10053,0,0,666,0.42,420,0.58,1
0,7,1522,2,10,5,0,500,0.6,1000,0.2,1400,0.2,1
0,8,867,1,0,500,0.6,1000,0.2,1400,0.2,1
0,9,2443,0,0,300,0.5,1700,0.5,1
0,10,14687,0,0,666,0.42,420,0.58,1
0,11,5862,0,0,300,0.5,572,0.32,486,0.18,1
1,0,7025,1,0,300,0.5,1700,0.5,1
1,1,8293,2,10,5,0,300,0.5,1700,0.5,1
1,2,10627,0,0,300,0.5,1700,0.5,0
1,3,4018,2,10,5,0,666,0.42,420,0.58,1
1,4,11339,2,10,5,0,500,0.6,1000,0.2,1400,0.2,1
1,5,183,2,10,5,0,300,0.5,1700,0.5,1
1,6,7152,0,0,300,0.5,572,0.32,486,0.18,1
1,7,11689,2,10,5,0,500,0.6,1000,0.2,1400,0.2,1
1,8,12484,1,0,300,0.5,572,0.32,486,0.18,1
1,9,13031,2,10,5,0,300,0.5,1700,0.5,1
1,10,1703,1,0,300,0.5,572,0.32,486,0.18,1
1,11,7634,1,0,300,0.5,1700,0.5,1
2,0,9007,0,0,300,0.5,1700,0.5,1
2,1,10802,2,10,5,0,500,0.6,1000,0.2,1400,0.2,1
2,2,4044,2,10,5,0,500,0.6,1000,0.2,1400,0.2,1
2,3,9961,0,0,666,0.42,420,0.58,1
2,4,4466,2,10,5,0,666,0.42,420,0.58,1
2,5,5774,2,10,5,0,300,0.5,572,0.32,486,0.18,1
2,6,9293,1,0,300,0.5,1700,0.5,1
2,7,1613,0,0,500,0.6,1000,0.2,1400,0.2,1
2,8,3107,2,10,5,0,500,0.6,1000,0.2,1400,0.2,1
2,9,13880,2,10,5,0,500,0.6,1000,0.2,1400,0.2,1
2,10,13133,0,0,666,0.42,420,0.58,1
2,11,3138,2,10,5,0,666,0.42,420,0.58,1
3,0,5855,0,0,666,0.42,420,0.58,1
3,1,2465,2,10,5,0,300,0.5,572,0.32,486,0.18,1
3,2,13998,0,0,300,0.5,1700,0.5,1
3,3,10293,0,0,500,0.6,1000,0.2,1400,0.2,1
3,4,5642,1,0,300,0.5,572,0.32,486,0.18,1
3,5,940,1,0,500,0.6,1000,0.2,1400,0.2,1
3,6,9148,1,0,500,0.6,1000,0.2,1400,0.2,1
3,7,4829,0,0,300,0.5,572,0.32,486,0.18,1
3,8,9105,0,0,500,0.6,1000,0.2,1400,0.2,1
3,9,3279,2,10,5,0,300,0.5,1700,0.5,1
3,10,12468,1,0,666,0.42,420,0.58,1
3,11,4725,0,0,666,0.42,420,0.58,1
4,0,2451,0,0,300,0.5,572,0.32,486,0.18,1
4,1,7901,0,0,300,0.5,572,0.32,486,0.18,1
4,2,4149,0,0,500,0.6,1000,0.2,1400,0.2,1
4,3,11779,1,0,500,0.6,1000,0.2,1400,0.2,1
4,4,14790,1,0,666,0.42,420,0.58,1
4,5,4420,0,0,300,0.5,572,0.32,486,0.18,1
4,6,4408,0,0,500,0.6,1000,0.2,1400,0.2,1
4,7,10813,2,10,5,0,500,0.6,1000,0.2,1400,0.2,1
4,8,8319,1,0,666,0.42,420,0.58,1
4,9,9070,1,0,500,0.6,1000,0.2,1400,0.2,1
4,10,14647,1,0,666,0.42,420,0.58,1
4,11,11379,0,0,666,0.42,420,0.58,1
5,0,12107,0,0,666,0.42,420,0.58,1
5,1,14778,0,0,666,0.42,420,0.58,1
5,2,3582,1,0,300,0.5,572,0.32,486,0.18,1
5,3,5440,1,0,666,0.42,420,0.58,1
5,4,7218,2,10,5,0,300,0.5,1700,0.5,1
5,5,14866,2,10,5,0,666,0.42,420,0.58,1
5,6,10920,2,10,5,0,666,0.42,420,0.58,1
5,7,8920,2,10,5,0,300,0.5,1700,0.5,1
5,8,6887,0,0,500,0.6,1000,0.2,1400,0.2,1
5,9,9118,2,10,5,0,300,0.5,572,0.32,486,0.18,1
5,10,5235,2,10,5,0,300,0.5,1700,0.5,1
5,11,11781,1,0,300,0.5,1700,0.5,1
6,0,4069,1,0,300,0.5,1700,0.5,1
6,1,10905,2,10,5,0,500,0.6,1000,0.2,1400,0.2,1
6,2,9274,2,10,5,0,666,0.42,420,0.58,1
6,3,5589,2,10,5,0,300,0.5,1700,0.5,1
6,4,14677,0,0,300,0.5,572,0.32,486,0.18,1
6,5,519,0,0,500,0.6,1000,0.2,1400,0.2,1
6,6,1253,0,0,300,0.5,572,0.32,486,0.18,1
6,7,286,0,0,300,0.5,572,0.32,486,0.18,1
6,8,6820,0,0,300,0.5,1700,0.5,1
6,9,13703,0,0,300,0.5,572,0.32,486,0.18,1
6,10,7312,0,0,500,0.6,1000,0.2,1400,0.2,1
6,11,12157,2,10,5,0,666,0.42,420,0.58,1
7,0,1051,0,0,300,0.5,1700,0.5,1
7,1,6527,1,0,300,0.5,572,0.32,486,0.18,1
7,2,13478,1,0,500,0.6,1000,0.2,1400,0.2,1
7,3,13578,1,0,666,0.42,420,0.58,1
7,4,6319,1,0,300,0.5,1700,0.5,1
7,5,3866,2,10,5,0,500,0.6,1000,0.2,1400,0.2,1
7,6,474,2,10,5,0,300,0.5,1700,0.5,1
7,7,11106,2,10,5,0,300,0.5,1700,0.5,1
7,8,5078,2,10,5,0,300,0.5,572,0.32,486,0.18,1
7,9,10513,2,10,5,0,666,0.42,420,0.58,1
7,10,5978,0,0,500,0.6,1000,0.2,1400,0.2,1
7,11,14850,2,10,5,0,300,0.5,572,0.32,486,0.18,1
8,0,6569,0,0,666,0.42,420,0.58,1
8,1,4747,0,0,500,0.6,1000,0.2,1400,0.2,1
8,2,434,2,10,5,0,500,0.6,1000,0.2,1400,0.2,1
8,3,3214,0,0,666,0.42,420,0.58,1
8,4,6502,1,0,300,0.5,572,0.32,486,0.18,1
8,5,6308,2,10,5,0,300,0.5,1700,0.5,1
8,6,6023,2,10,5,0,300,0.5,572,0.32,486,0.18,1
8,7,2022,2,10,5,0,500,0.6,1000,0.2,1400,0.2,1
8,8,8671,2,10,5,0,666,0.42,420,0.58,1
8,9,13519,1,0,500,0.6,1000,0.2,1400,0.2,1
8,10,4553,0,0,300,0.5,1700,0.5,1
8,11,2692,2,10,5,0,300,0.5,1700,0.5,1
9,0,2880,0,0,666,0.42,420,0.58,1
9,1,12500,2,10,5,0,500,0.6,1000,0.2,1400,0.2,1
9,2,722,2,10,5,0,300,0.5,572,0.32,486,0.18,1
9,3,11821,0,0,500,0.6,1000,0.2,1400,0.2,1
9,4,2963,1,0,500,0.6,1000,0.2,1400,0.2,1
9,5,9888,1,0,500,0.6,1000,0.2,1400,0.2,1
9,6,1452,0,0,300,0.5,1700,0.5,1
9,7,352,1,0,300,0.5,1700,0.5,1
9,8,4996,2,10,5,0,300,0.5,1700,0.5,1
9,9,5021,0,0,300,0.5,572,0.32,486,0.18,1
9,10,4350,0,0,666,0.42,420,0.58,1
9,11,2694,2,10,5,0,300,0.5,572,0.32,486,0.18,1
10,0,87,1,0,500,0.6,1000,0.2,1400,0.2,1
10,1,6137,0,0,500,0.6,1000,0.2,1400,0.2,1
10,2,12354,2,10,5,0,666,0.42,420,0.58,1
10,3,14119,1,0,666,0.42,420,0.58,1
10,4,12085,1,0,500,0.6,1000,0.2,1400,0.2,1
10,5,3899,2,10,5,0,300,0.5,1700,0.5,1
10,6,3245,2,10,5,0,666,0.42,420,0.58,1
10,7,10988,2,10,5,0,300,0.5,572,0.32,486,0.18,1
10,8,5657,1,0,666,0.42,420,0.58,1
10,9,10623,1,0,666,0.42,420,0.58,1
10,10,10029,2,10,5,0,500,0.6,1000,0.2,1400,0.2,1
10,11,6258,2,10,5,0,500,0.6,1000,0.2,1400,0.2,1
11,0,5706,0,0,300,0.5,1700,0.5,1
11,1,12817,2,10,5,0,300,0.5,1700,0.5,1
11,2,5782,2,10,5,0,300,0.5,572,0.32,486,0.18,1
11,3,6199,1,0,500,0.6,1000,0.2,1400,0.2,1
11,4,8200,0,0,666,0.42,420,0.58,1
11,5,4446,1,0,666,0.42,420,0.58,1
11,6,12263,1,0,666,0.42,420,0.58,1
11,7,14833,2,10,5,0,500,0.6,1000,0.2,1400,0.2,1
11,8,5019,2,10,5,0,666,0.42,420,0.58,1
11,9,3222,1,0,500,0.6,1000,0.2,1400,0.2,1
11,10,1841,0,0,300,0.5,1700,0.5,1
11,11,12539,1,0,300,0.5,1700,0.5,1
