0,0,14885,0,0,300,0.5,572,0.32,486,0.18,1
0,1,3723,2,10,5,0,666,0.42,420,0.58,1
0,2,5205,0,0,500,0.6,1000,0.2,1400,0.2,1
0,3,2873,1,0,300,0.5,572,0.32,486,0.18,1
0,4,224,2,10,5,0,500,0.6,1000,0.2,1400,0.2,1
0,5,10503,2,10,5,0,500,0.6,1000,0.2,1400,0.2,1
0,6,4447,2,10,5,0,666,0.42,420,0.58,1
0,7,9631,1,0,300,0.5,572,0.32,486,0.18,1
0,8,7998,2,10,5,0,300,0.5,1700,0.5,1
0,9,10461,1,0,500,0.6,1000,0.2,1400,0.2,1
0,10,2426,1,0,300,0.5,1700,0.5,1
0,11,213,2,10,5,0,300,0.5,572,0.32,486,0.18,1
1,0,4669,2,10,5,0,300,0.5,1700,0.5,1
1,1,1868,2,10,5,0,300,0.5,572,0.32,486,0.18,1
1,2,844,2,10,5,0,300,0.5,572,0.32,486,0.18,0
1,3,12807,0,0,500,0.6,1000,0.2,1400,0.2,1
1,4,9463,0,0,500,0.6,1000,0.2,1400,0.2,1
1,5,6151,1,0,300,0.5,1700,0.5,1
1,6,12139,0,0,500,0.6,1000,0.2,1400,0.2,1
1,7,3205,2,10,5,0,666,0.42,420,0.58,1
1,8,2262,1,0,300,0.5,572,0.32,486,0.18,1
1,9,5118,1,0,300,0.5,1700,0.5,1
1,10,578,0,0,666,0.42,420,0.58,1
1,11,14654,0,0,300,0.5,572,0.32,486,0.18,1
2,0,7705,2,10,5,0,300,0.5,1700,0.5,1
2,1,4474,2,10,5,0,300,0.5,1700,0.5,1
2,2,11274,1,0,300,0.5,1700,0.5,1
2,3,3011,0,0,300,0.5,1700,0.5,1
2,4,7205,0,0,300,0.5,572,0.32,486,0.18,1
2,5,13896,1,0,300,0.5,1700,0.5,1
2,6,10283,2,10,5,0,300,0.5,1700,0.5,1
2,7,1713,2,10,5,0,666,0.42,420,0.58,1
2,8,12840,1,0,300,0.5,572,0.32,486,0.18,1
2,9,5437,2,10,5,0,300,0.5,572,0.32,486,0.18,1
2,10,1136,1,0,300,0.5,1700,0.5,1
2,11,8801,2,10,5,0,500,0.6,1000,0.2,1400,0.2,1
3,0,8412,2,10,5,0,300,0.5,1700,0.5,1
3,1,3566,2,10,5,0,300,0.5,572,0.32,486,0.18,1
3,2,10973,2,10,5,0,300,0.5,572,0.32,486,0.18,1
3,3,6306,0,0,666,0.42,420,0.58,1
3,4,9089,1,0,666,0.42,420,0.58,1
3,5,6960,2,10,5,0,500,0.6,1000,0.2,1400,0.2,1
3,6,3684,0,0,300,0.5,1700,0.5,1
3,7,13639,2,10,5,0,666,0.42,420,0.58,1
3,8,431,0,0,500,0.6,1000,0.2,1400,0.2,1
3,9,6078,1,0,500,0.6,1000,0.2,1400,0.2,1
3,10,1426,0,0,500,0.6,1000,0.2,1400,0.2,1
3,11,527,0,0,300,0.5,1700,0.5,1
4,0,10133,0,0,666,0.42,420,0.58,1
4,1,9869,0,0,300,0.5,572,0.32,486,0.18,1
4,2,4502,0,0,666,0.42,420,0.58,1
4,3,13451,1,0,666,0.42,420,0.58,1
4,4,8665,2,10,5,0,500,0.6,1000,0.2,1400,0.2,1
4,5,10363,1,0,666,0.42,420,0.58,1
4,6,9492,2,10,5,0,300,0.5,1700,0.5,1
4,7,8026,0,0,500,0.6,1000,0.2,1400,0.2,1
4,8,4153,2,10,5,0,300,0.5,572,0.32,486,0.18,1
4,9,14551,2,10,5,0,500,0.6,1000,0.2,1400,0.2,1
4,10,8768,1,0,300,0.5,1700,0.5,1
4,11,1135,1,0,300,0.5,1700,0.5,1
5,0,846,1,0,300,0.5,572,0.32,486,0.18,1
5,1,3302,1,0,300,0.5,572,0.32,486,0.18,1
5,2,9221,2,10,5,0,300,0.5,572,0.32,486,0.18,1
5,3,12500,0,0,300,0.5,1700,0.5,1
5,4,9157,0,0,500,0.6,1000,0.2,1400,0.2,1
5,5,7543,1,0,300,0.5,572,0.32,486,0.18,1
5,6,11519,0,0,500,0.6,1000,0.2,1400,0.2,1
5,7,2957,0,0,300,0.5,1700,0.5,1
5,8,2306,0,0,500,0.6,1000,0.2,1400,0.2,1
5,9,1601,0,0,666,0.42,420,0.58,1
5,10,14175,2,10,5,0,300,0.5,572,0.32,486,0.18,1
5,11,452,0,0,300,0.5,1700,0.5,1
6,0,1258,1,0,500,0.6,1000,0.2,1400,0.2,1
6,1,14580,0,0,300,0.5,572,0.32,486,0.18,1
6,2,1549,1,0,666,0.42,420,0.58,1
6,3,3654,2,10,5,0,500,0.6,1000,0.2,1400,0.2,1
6,4,6034,2,10,5,0,300,0.5,1700,0.5,1
6,5,7641,1,0,300,0.5,1700,0.5,1
6,6,14910,2,10,5,0,300,0.5,1700,0.5,1
6,7,12769,2,10,5,0,300,0.5,1700,0.5,1
6,8,7832,1,0,300,0.5,572,0.32,486,0.18,1
6,9,14599,1,0,666,0.42,420,0.58,1
6,10,5228,1,0,300,0.5,572,0.32,486,0.18,1
6,11,13918,2,10,5,0,300,0.5,572,0.32,486,0.18,1
7,0,2743,2,10,5,0,300,0.5,572,0.32,486,0.18,1
7,1,10068,2,10,5,0,300,0.5,572,0.32,486,0.18,1
7,2,5497,1,0,500,0.6,1000,0.2,1400,0.2,1
7,3,747,2,10,5,0,300,0.5,572,0.32,486,0.18,1
7,4,5635,1,0,500,0.6,1000,0.2,1400,0.2,1
7,5,1332,0,0,500,0.6,1000,0.2,1400,0.2,1
7,6,5523,2,10,5,0,500,0.6,1000,0.2,1400,0.2,1
7,7,3264,1,0,500,0.6,1000,0.2,1400,0.2,1
7,8,904,1,0,300,0.5,572,0.32,486,0.18,1
7,9,12690,0,0,666,0.42,420,0.58,1
7,10,14325,0,0,300,0.5,572,0.32,486,0.18,1
7,11,9764,0,0,500,0.6,1000,0.2,1400,0.2,1
8,0,4340,2,10,5,0,666,0.42,420,0.58,1
8,1,2409,2,10,5,0,666,0.42,420,0.58,1
8,2,60,0,0,500,0.6,1000,0.2,1400,0.2,1
8,3,2185,1,0,300,0.5,1700,0.5,1
8,4,9252,0,0,300,0.5,1700,0.5,1
8,5,1705,0,0,300,0.5,572,0.32,486,0.18,1
8,6,2206,2,10,5,0,300,0.5,572,0.32,486,0.18,1
8,7,9607,0,0,666,0.42,420,0.58,1
8,8,6533,0,0,300,0.5,1700,0.5,1
8,9,5187,0,0,666,0.42,420,0.58,1
8,10,7958,2,10,5,0,500,0.6,1000,0.2,1400,0.2,1
8,11,9611,2,10,5,0,300,0.5,572,0.32,486,0.18,1
9,0,13801,1,0,500,0.6,1000,0.2,1400,0.2,1
9,1,12199,0,0,500,0.6,1000,0.2,1400,0.2,1
9,2,6773,2,10,5,0,500,0.6,1000,0.2,1400,0.2,1
9,3,1544,1,0,300,0.5,572,0.32,486,0.18,1
9,4,7119,0,0,300,0.5,1700,0.5,1
9,5,1137,1,0,666,0.42,420,0.58,1
9,6,5667,2,10,5,0,500,0.6,1000,0.2,1400,0.2,1
9,7,12110,0,0,500,0.6,1000,0.2,1400,0.2,1
9,8,6759,2,10,5,0,300,0.5,572,0.32,486,0.18,1
9,9,8786,1,0,500,0.6,1000,0.2,1400,0.2,1
9,10,6369,0,0,666,0.42,420,0.58,1
9,11,4358,0,0,500,0.6,1000,0.2,1400,0.2,1
10,0,10796,2,10,5,0,500,0.6,1000,0.2,1400,0.2,1
10,1,11385,2,10,5,0,300,0.5,1700,0.5,1
10,2,13029,0,0,300,0.5,1700,0.5,1
10,3,6669,0,0,300,0.5,1700,0.5,1
10,4,11614,0,0,666,0.42,420,0.58,1
10,5,10026,1,0,300,0.5,572,0.32,486,0.18,1
10,6,3471,2,10,5,0,300,0.5,572,0.32,486,0.18,1
10,7,11390,1,0,500,0.6,1000,0.2,1400,0.2,1
10,8,10215,2,10,5,0,500,0.6,1000,0.2,1400,0.2,1
10,9,5665,1,0,300,0.5,572,0.32,486,0.18,1
10,10,7583,0,0,300,0.5,1700,0.5,1
10,11,10895,2,10,5,0,500,0.6,1000,0.2,1400,0.2,1
11,0,3252,0,0,300,0.5,1700,0.5,1
11,1,9932,1,0,300,0.5,572,0.32,486,0.18,1
11,2,12108,2,10,5,0,666,0.42,420,0.58,1
11,3,8649,0,0,500,0.6,1000,0.2,1400,0.2,1
11,4,1874,1,0,300,0.5,572,0.32,486,0.18,1
11,5,1895,0,0,666,0.42,420,0.58,1
11,6,13498,0,0,300,0.5,572,0.32,486,0.18,1
11,7,10392,1,0,300,0.5,1700,0.5,1
11,8,10176,2,10,5,0,500,0.6,1000,0.2,1400,0.2,1
11,9,1991,0,0,300,0.5,572,0.32,486,0.18,1
11,10,14941,2,10,5,0,300,0.5,1700,0.5,1
11,11,4353,0,0,666,0.42,420,0.58,1
