0,0,3061,0,0,666,0.42,420,0.58,1
0,1,2260,1,0,300,0.5,572,0.32,486,0.18,1
0,2,5286,0,0,666,0.42,420,0.58,1
0,3,8921,2,10,5,0,666,0.42,420,0.58,1
0,4,5711,0,0,500,0.6,1000,0.2,1400,0.2,1
0,5,12683,1,0,300,0.5,572,0.32,486,0.18,1
0,6,12820,1,0,300,0.5,1700,0.5,1
0,7,11710,0,0,300,0.5,572,0.32,486,0.18,1
0,8,9777,2,10,5,0,300,0.5,572,0.32,486,0.18,1
0,9,6634,1,0,300,0.5,1700,0.5,1
0,10,1497,0,0,500,0.6,1000,0.2,1400,0.2,1
0,11,2222,2,10,5,0,666,0.42,420,0.58,1
1,0,3563,2,10,5,0,300,0.5,1700,0.5,1
1,1,284,1,0,666,0.42,420,0.58,1
1,2,12341,0,0,300,0.5,1700,0.5,0
1,3,8323,1,0,500,0.6,1000,0.2,1400,0.2,1
1,4,10297,1,0,300,0.5,572,0.32,486,0.18,1
1,5,9220,2,10,5,0,300,0.5,1700,0.5,1
1,6,1702,1,0,300,0.5,1700,0.5,1
1,7,3852,2,10,5,0,300,0.5,1700,0.5,1
1,8,6086,0,0,500,0.6,1000,0.2,1400,0.2,1
1,9,8175,0,0,300,0.5,1700,0.5,1
1,10,7014,2,10,5,0,300,0.5,1700,0.5,1
1,11,2636,0,0,300,0.5,572,0.32,486,0.18,1
2,0,14658,2,10,5,0,300,0.5,1700,0.5,1
2,1,3961,1,0,500,0.6,1000,0.2,1400,0.2,1
2,2,8290,1,0,666,0.42,420,0.58,1
2,3,11719,1,0,500,0.6,1000,0.2,1400,0.2,1
2,4,1858,2,10,5,0,666,0.42,420,0.58,1
2,5,2302,0,0,666,0.42,420,0.58,1
2,6,4273,2,10,5,0,666,0.42,420,0.58,1
2,7,4039,1,0,300,0.5,1700,0.5,1
2,8,855,0,0,300,0.5,1700,0.5,1
2,9,4934,2,10,5,0,300,0.5,1700,0.5,1
2,10,4613,0,0,666,0.42,420,0.58,1
2,11,11747,2,10,5,0,300,0.5,572,0.32,486,0.18,1
3,0,6795,0,0,300,0.5,1700,0.5,1
3,1,7948,2,10,5,0,300,0.5,1700,0.5,1
3,2,9651,2,10,5,0,300,0.5,1700,0.5,1
3,3,2164,0,0,500,0.6,1000,0.2,1400,0.2,1
3,4,5800,1,0,300,0.5,1700,0.5,1
3,5,5884,2,10,5,0,300,0.5,572,0.32,486,0.18,1
3,6,8663,2,10,5,0,300,0.5,1700,0.5,1
3,7,593,1,0,300,0.5,572,0.32,486,0.18,1
3,8,14081,1,0,300,0.5,572,0.32,486,0.18,1
3,9,10780,2,10,5,0,666,0.42,420,0.58,1
3,10,12844,1,0,500,0.6,1000,0.2,1400,0.2,1
3,11,746,1,0,300,0.5,1700,0.5,1
4,0,13587,2,10,5,0,500,0.6,1000,0.2,1400,0.2,1
4,1,11732,0,0,300,0.5,1700,0.5,1
4,2,11240,2,10,5,0,300,0.5,572,0.32,486,0.18,1
4,3,13630,0,0,300,0.5,1700,0.5,1
4,4,5383,2,10,5,0,300,0.5,1700,0.5,1
4,5,4981,1,0,300,0.5,1700,0.5,1
4,6,1774,0,0,300,0.5,572,0.32,486,0.18,1
4,7,4166,1,0,666,0.42,420,0.58,1
4,8,11378,2,10,5,0,500,0.6,1000,0.2,1400,0.2,1
4,9,2288,0,0,300,0.5,572,0.32,486,0.18,1
4,10,9024,2,10,5,0,300,0.5,572,0.32,486,0.18,1
4,11,11621,0,0,666,0.42,420,0.58,1
5,0,3968,2,10,5,0,300,0.5,1700,0.5,1
5,1,4699,2,10,5,0,666,0.42,420,0.58,1
5,2,3296,1,0,500,0.6,1000,0.2,1400,0.2,1
5,3,936,2,10,5,0,666,0.42,420,0.58,1
5,4,13606,1,0,500,0.6,1000,0.2,1400,0.2,1
5,5,7769,1,0,300,0.5,1700,0.5,1
5,6,10139,0,0,300,0.5,572,0.32,486,0.18,1
5,7,11489,2,10,5,0,300,0.5,1700,0.5,1
5,8,5356,2,10,5,0,500,0.6,1000,0.2,1400,0.2,1
5,9,11618,2,10,5,0,300,0.5,1700,0.5,1
5,10,9838,1,0,300,0.5,1700,0.5,1
5,11,1531,2,10,5,0,300,0.5,1700,0.5,1
6,0,10348,0,0,500,0.6,1000,0.2,1400,0.2,1
6,1,5696,2,10,5,0,300,0.5,1700,0.5,1
6,2,175,0,0,300,0.5,1700,0.5,1
6,3,11274,1,0,666,0.42,420,0.58,1
6,4,11659,1,0,500,0.6,1000,0.2,1400,0.2,1
6,5,13578,2,10,5,0,300,0.5,1700,0.5,1
6,6,4201,0,0,300,0.5,1700,0.5,1
6,7,228,1,0,500,0.6,1000,0.2,1400,0.2,1
6,8,9109,1,0,666,0.42,420,0.58,1
6,9,11335,2,10,5,0,500,0.6,1000,0.2,1400,0.2,1
6,10,10765,1,0,500,0.6,1000,0.2,1400,0.2,1
6,11,1199,2,10,5,0,500,0.6,1000,0.2,1400,0.2,1
7,0,9218,0,0,300,0.5,1700,0.5,1
7,1,7022,0,0,300,0.5,1700,0.5,1
7,2,13820,0,0,500,0.6,1000,0.2,1400,0.2,1
7,3,2148,1,0,666,0.42,420,0.58,1
7,4,6457,0,0,666,0.42,420,0.58,1
7,5,382,1,0,300,0.5,1700,0.5,1
7,6,6942,2,10,5,0,500,0.6,1000,0.2,1400,0.2,1
7,7,4820,0,0,300,0.5,572,0.32,486,0.18,1
7,8,2849,0,0,500,0.6,1000,0.2,1400,0.2,1
7,9,14307,2,10,5,0,300,0.5,1700,0.5,1
7,10,7531,1,0,300,0.5,572,0.32,486,0.18,1
7,11,13232,0,0,300,0.5,572,0.32,486,0.18,1
8,0,3988,0,0,500,0.6,1000,0.2,1400,0.2,1
8,1,12884,0,0,666,0.42,420,0.58,1
8,2,7474,2,10,5,0,500,0.6,1000,0.2,1400,0.2,1
8,3,3886,1,0,300,0.5,1700,0.5,1
8,4,9660,0,0,300,0.5,1700,0.5,1
8,5,8762,0,0,666,0.42,420,0.58,1
8,6,548,0,0,666,0.42,420,0.58,1
8,7,1328,2,10,5,0,300,0.5,572,0.32,486,0.18,1
8,8,5986,2,10,5,0,500,0.6,1000,0.2,1400,0.2,1
8,9,4671,2,10,5,0,666,0.42,420,0.58,1
8,10,13727,0,0,300,0.5,572,0.32,486,0.18,1
8,11,1870,1,0,666,0.42,420,0.58,1
9,0,11350,2,10,5,0,300,0.5,1700,0.5,1
9,1,4959,1,0,300,0.5,572,0.32,486,0.18,1
9,2,10950,2,10,5,0,500,0.6,1000,0.2,1400,0.2,1
9,3,13938,1,0,666,0.42,420,0.58,1
9,4,14031,0,0,666,0.42,420,0.58,1
9,5,5468,0,0,300,0.5,1700,0.5,1
9,6,14479,2,10,5,0,666,0.42,420,0.58,1
9,7,9962,1,0,666,0.42,420,0.58,1
9,8,8319,0,0,500,0.6,1000,0.2,1400,0.2,1
9,9,8215,0,0,300,0.5,572,0.32,486,0.18,1
9,10,14495,0,0,300,0.5,572,0.32,486,0.18,1
9,11,13267,0,0,300,0.5,1700,0.5,1
10,0,4468,0,0,300,0.5,572,0.32,486,0.18,1
10,1,13500,1,0,300,0.5,572,0.32,486,0.18,1
10,2,9538,1,0,300,0.5,1700,0.5,1
10,3,5977,0,0,500,0.6,1000,0.2,1400,0.2,1
10,4,14206,2,10,5,0,666,0.42,420,0.58,1
10,5,7953,1,0,500,0.6,1000,0.2,1400,0.2,1
10,6,3504,2,10,5,0,666,0.42,420,0.58,1
10,7,9633,1,0,500,0.6,1000,0.2,1400,0.2,1
10,8,11713,0,0,500,0.6,1000,0.2,1400,0.2,1
10,9,4218,2,10,5,0,300,0.5,572,0.32,486,0.18,1
10,10,855,0,0,300,0.5,1700,0.5,1
10,11,3411,1,0,666,0.42,420,0.58,1
11,0,356,0,0,500,0.6,1000,0.2,1400,0.2,1
11,1,2867,2,10,5,0,300,0.5,572,0.32,486,0.18,1
11,2,912,0,0,300,0.5,572,0.32,486,0.18,1
11,3,4159,2,10,5,0,500,0.6,1000,0.2,1400,0.2,1
11,4,13278,0,0,500,0.6,1000,0.2,1400,0.2,1
11,5,2829,0,0,666,0.42,420,0.58,1
11,6,12996,2,10,5,0,500,0.6,1000,0.2,1400,0.2,1
11,7,5247,1,0,300,0.5,572,0.32,486,0.18,1
11,8,11957,1,0,300,0.5,1700,0.5,1
11,9,3421,1,0,300,0.5,1700,0.5,1
11,10,14737,2,10,5,0,500,0.6,1000,0.2,1400,0.2,1
11,11,545,0,0,300,0.5,1700,0.5,1
