0,0,8151,1,0,300,0.5,572,0.32,486,0.18,1
0,1,912,2,10,5,0,666,0.42,420,0.58,1
0,2,13808,2,10,5,0,666,0.42,420,0.58,1
0,3,7412,0,0,300,0.5,1700,0.5,1
0,4,14292,1,0,300,0.5,1700,0.5,1
0,5,14632,0,0,300,0.5,1700,0.5,1
0,6,2012,0,0,500,0.6,1000,0.2,1400,0.2,1
0,7,7398,2,10,5,0,666,0.42,420,0.58,1
0,8,11511,1,0,300,0.5,572,0.32,486,0.18,1
0,9,12885,1,0,300,0.5,572,0.32,486,0.18,1
0,10,11433,2,10,5,0,666,0.42,420,0.58,1
0,11,11711,2,10,5,0,300,0.5,1700,0.5,1
1,0,9984,1,0,300,0.5,572,0.32,486,0.18,1
1,1,2524,2,10,5,0,500,0.6,1000,0.2,1400,0.2,1
1,2,4632,1,0,666,0.42,420,0.58,0
1,3,13615,1,0,666,0.42,420,0.58,1
1,4,6808,2,10,5,0,300,0.5,1700,0.5,1
1,5,9310,2,10,5,0,300,0.5,1700,0.5,1
1,6,176,2,10,5,0,300,0.5,572,0.32,486,0.18,1
1,7,1199,0,0,666,0.42,420,0.58,1
1,8,900,2,10,5,0,300,0.5,572,0.32,486,0.18,1
1,9,7332,0,0,300,0.5,1700,0.5,1
1,10,10792,2,10,5,0,300,0.5,1700,0.5,1
1,11,7229,2,10,5,0,500,0.6,1000,0.2,1400,0.2,1
2,0,14851,1,0,300,0.5,572,0.32,486,0.18,1
2,1,4757,2,10,5,0,300,0.5,1700,0.5,1
2,2,11047,2,10,5,0,666,0.42,420,0.58,1
2,3,13230,1,0,300,0.5,572,0.32,486,0.18,1
2,4,7014,0,0,666,0.42,420,0.58,1
2,5,12338,0,0,300,0.5,1700,0.5,1
2,6,8111,2,10,5,0,300,0.5,572,0.32,486,0.18,1
2,7,4760,0,0,300,0.5,572,0.32,486,0.18,1
2,8,3366,1,0,500,0.6,1000,0.2,1400,0.2,1
2,9,7851,2,10,5,0,500,0.6,1000,0.2,1400,0.2,1
2,10,7593,1,0,300,0.5,572,0.32,486,0.18,1
2,11,1336,2,10,5,0,666,0.42,420,0.58,1
3,0,9778,1,0,300,0.5,1700,0.5,1
3,1,14842,1,0,500,0.6,1000,0.2,1400,0.2,1
3,2,10568,0,0,300,0.5,572,0.32,486,0.18,1
3,3,10307,1,0,666,0.42,420,0.58,1
3,4,8168,2,10,5,0,300,0.5,572,0.32,486,0.18,1
3,5,1068,2,10,5,0,500,0.6,1000,0.2,1400,0.2,1
3,6,2085,1,0,300,0.5,1700,0.5,1
3,7,12803,0,0,500,0.6,1000,0.2,1400,0.2,1
3,8,4409,2,10,5,0,300,0.5,1700,0.5,1
3,9,10709,1,0,300,0.5,1700,0.5,1
3,10,8999,1,0,500,0.6,1000,0.2,1400,0.2,1
3,11,12827,2,10,5,0,666,0.42,420,0.58,1
4,0,3385,1,0,666,0.42,420,0.58,1
4,1,9128,1,0,300,0.5,572,0.32,486,0.18,1
4,2,14390,0,0,300,0.5,1700,0.5,1
4,3,11742,2,10,5,0,666,0.42,420,0.58,1
4,4,14802,0,0,300,0.5,572,0.32,486,0.18,1
4,5,433,0,0,500,0.6,1000,0.2,1400,0.2,1
4,6,14252,2,10,5,0,500,0.6,1000,0.2,1400,0.2,1
4,7,10985,0,0,500,0.6,1000,0.2,1400,0.2,1
4,8,7385,2,10,5,0,500,0.6,1000,0.2,1400,0.2,1
4,9,4315,1,0,666,0.42,420,0.58,1
4,10,3648,2,10,5,0,500,0.6,1000,0.2,1400,0.2,1
4,11,3461,0,0,500,0.6,1000,0.2,1400,0.2,1
5,0,7251,1,0,500,0.6,1000,0.2,1400,0.2,1
5,1,13727,1,0,300,0.5,572,0.32,486,0.18,1
5,2,749,1,0,300,0.5,1700,0.5,1
5,3,6705,1,0,500,0.6,1000,0.2,1400,0.2,1
5,4,7362,2,10,5,0,666,0.42,420,0.58,1
5,5,14385,1,0,500,0.6,1000,0.2,1400,0.2,1
5,6,10701,0,0,666,0.42,420,0.58,1
5,7,8539,0,0,500,0.6,1000,0.2,1400,0.2,1
5,8,7008,0,0,300,0.5,1700,0.5,1
5,9,14959,0,0,666,0.42,420,0.58,1
5,10,5157,1,0,300,0.5,572,0.32,486,0.18,1
5,11,12612,1,0,300,0.5,1700,0.5,1
6,0,1910,1,0,300,0.5,1700,0.5,1
6,1,465,0,0,666,0.42,420,0.58,1
6,2,8710,2,10,5,0,300,0.5,572,0.32,486,0.18,1
6,3,13668,1,0,666,0.42,420,0.58,1
6,4,239,2,10,5,0,666,0.42,420,0.58,1
6,5,5412,1,0,666,0.42,420,0.58,1
6,6,14933,2,10,5,0,666,0.42,420,0.58,1
6,7,3870,2,10,5,0,300,0.5,1700,0.5,1
6,8,14059,0,0,666,0.42,420,0.58,1
6,9,11378,2,10,5,0,300,0.5,572,0.32,486,0.18,1
6,10,13480,1,0,300,0.5,1700,0.5,1
6,11,141,0,0,300,0.5,1700,0.5,1
7,0,12170,0,0,666,0.42,420,0.58,1
7,1,13065,0,0,300,0.5,572,0.32,486,0.18,1
7,2,7510,2,10,5,0,300,0.5,1700,0.5,1
7,3,8226,0,0,300,0.5,572,0.32,486,0.18,1
7,4,3557,0,0,666,0.42,420,0.58,1
7,5,12343,0,0,300,0.5,1700,0.5,1
7,6,4969,1,0,300,0.5,1700,0.5,1
7,7,1132,1,0,300,0.5,1700,0.5,1
7,8,3149,0,0,300,0.5,572,0.32,486,0.18,1
7,9,6648,2,10,5,0,300,0.5,572,0.32,486,0.18,1
7,10,8495,2,10,5,0,300,0.5,572,0.32,486,0.18,1
7,11,3314,1,0,300,0.5,1700,0.5,1
8,0,10871,2,10,5,0,300,0.5,1700,0.5,1
8,1,7189,1,0,300,0.5,572,0.32,486,0.18,1
8,2,14057,2,10,5,0,300,0.5,1700,0.5,1
8,3,1960,2,10,5,0,666,0.42,420,0.58,1
8,4,13129,2,10,5,0,666,0.42,420,0.58,1
8,5,5029,1,0,300,0.5,572,0.32,486,0.18,1
8,6,14904,2,10,5,0,666,0.42,420,0.58,1
8,7,10227,2,10,5,0,666,0.42,420,0.58,1
8,8,4327,2,10,5,0,300,0.5,572,0.32,486,0.18,1
8,9,10023,2,10,5,0,500,0.6,1000,0.2,1400,0.2,1
8,10,2135,1,0,300,0.5,1700,0.5,1
8,11,3206,1,0,500,0.6,1000,0.2,1400,0.2,1
9,0,10681,2,10,5,0,500,0.6,1000,0.2,1400,0.2,1
9,1,11880,1,0,500,0.6,1000,0.2,1400,0.2,1
9,2,1951,1,0,666,0.42,420,0.58,1
9,3,10979,2,10,5,0,666,0.42,420,0.58,1
9,4,11311,1,0,300,0.5,572,0.32,486,0.18,1
9,5,13498,2,10,5,0,666,0.42,420,0.58,1
9,6,130,2,10,5,0,500,0.6,1000,0.2,1400,0.2,1
9,7,10491,2,10,5,0,300,0.5,572,0.32,486,0.18,1
9,8,4404,2,10,5,0,500,0.6,1000,0.2,1400,0.2,1
9,9,8777,2,10,5,0,666,0.42,420,0.58,1
9,10,5319,2,10,5,0,300,0.5,572,0.32,486,0.18,1
9,11,2686,2,10,5,0,300,0.5,1700,0.5,1
10,0,11510,2,10,5,0,500,0.6,1000,0.2,1400,0.2,1
10,1,8297,0,0,500,0.6,1000,0.2,1400,0.2,1
10,2,2565,2,10,5,0,300,0.5,1700,0.5,1
10,3,7760,0,0,500,0.6,1000,0.2,1400,0.2,1
10,4,1000,1,0,300,0.5,572,0.32,486,0.18,1
10,5,268,0,0,300,0.5,572,0.32,486,0.18,1
10,6,2854,0,0,666,0.42,420,0.58,1
10,7,3430,1,0,666,0.42,420,0.58,1
10,8,11976,2,10,5,0,300,0.5,572,0.32,486,0.18,1
10,9,6991,2,10,5,0,300,0.5,572,0.32,486,0.18,1
10,10,798,0,0,300,0.5,1700,0.5,1
10,11,11859,0,0,300,0.5,1700,0.5,1
11,0,14242,1,0,300,0.5,1700,0.5,1
11,1,12257,2,10,5,0,300,0.5,572,0.32,486,0.18,1
11,2,6800,1,0,300,0.5,572,0.32,486,0.18,1
11,3,10769,1,0,300,0.5,572,0.32,486,0.18,1
11,4,9076,2,10,5,0,666,0.42,420,0.58,1
11,5,1396,2,10,5,0,666,0.42,420,0.58,1
11,6,4130,0,0,300,0.5,572,0.32,486,0.18,1
11,7,8767,0,0,500,0.6,1000,0.2,1400,0.2,1
11,8,9636,0,0,500,0.6,1000,0.2,1400,0.2,1
11,9,5467,2,10,5,0,666,0.42,420,0.58,1
11,10,4637,0,0,300,0.5,572,0.32,486,0.18,1
11,11,1448,2,10,5,0,300,0.5,572,0.32,486,0.18,1
