0,0,8990,2,10,5,0,300,0.5,572,0.32,486,0.18,1
0,1,1355,0,0,300,0.5,1700,0.5,1
0,2,13152,1,0,300,0.5,1700,0.5,1
0,3,7569,2,10,5,0,300,0.5,572,0.32,486,0.18,1
0,4,6721,1,0,300,0.5,1700,0.5,1
0,5,12987,2,10,5,0,666,0.42,420,0.58,1
0,6,12342,2,10,5,0,300,0.5,572,0.32,486,0.18,1
0,7,211,0,0,666,0.42,420,0.58,1
0,8,11021,0,0,300,0.5,1700,0.5,1
0,9,6922,0,0,666,0.42,420,0.58,1
0,10,7603,1,0,300,0.5,572,0.32,486,0.18,1
0,11,6480,1,0,300,0.5,1700,0.5,1
1,0,14068,2,10,5,0,300,0.5,572,0.32,486,0.18,1
1,1,8849,0,0,300,0.5,1700,0.5,1
1,2,7353,0,0,300,0.5,572,0.32,486,0.18,0
1,3,2409,0,0,300,0.5,1700,0.5,1
1,4,301,2,10,5,0,300,0.5,572,0.32,486,0.18,1
1,5,379,1,0,666,0.42,420,0.58,1
1,6,7837,2,10,5,0,300,0.5,572,0.32,486,0.18,1
1,7,818,2,10,5,0,300,0.5,572,0.32,486,0.18,1
1,8,13065,2,10,5,0,666,0.42,420,0.58,1
1,9,7719,2,10,5,0,666,0.42,420,0.58,1
1,10,5854,1,0,666,0.42,420,0.58,1
1,11,14671,1,0,300,0.5,1700,0.5,1
2,0,126,1,0,300,0.5,572,0.32,486,0.18,1
2,1,2145,1,0,300,0.5,1700,0.5,1
2,2,5379,2,10,5,0,500,0.6,1000,0.2,1400,0.2,1
2,3,1893,1,0,500,0.6,1000,0.2,1400,0.2,1
2,4,14205,0,0,300,0.5,572,0.32,486,0.18,1
2,5,6473,1,0,300,0.5,572,0.32,486,0.18,1
2,6,7695,2,10,5,0,666,0.42,420,0.58,1
2,7,12823,0,0,500,0.6,1000,0.2,1400,0.2,1
2,8,717,1,0,300,0.5,572,0.32,486,0.18,1
2,9,9822,2,10,5,0,500,0.6,1000,0.2,1400,0.2,1
2,10,612,1,0,300,0.5,572,0.32,486,0.18,1
2,11,12810,1,0,300,0.5,572,0.32,486,0.18,1
3,0,3147,1,0,300,0.5,1700,0.5,1
3,1,517,2,10,5,0,300,0.5,1700,0.5,1
3,2,13844,2,10,5,0,300,0.5,572,0.32,486,0.18,1
3,3,4579,1,0,300,0.5,1700,0.5,1
3,4,6932,2,10,5,0,666,0.42,420,0.58,1
3,5,12621,0,0,500,0.6,1000,0.2,1400,0.2,1
3,6,3845,1,0,666,0.42,420,0.58,1
3,7,11765,2,10,5,0,300,0.5,1700,0.5,1
3,8,12036,2,10,5,0,500,0.6,1000,0.2,1400,0.2,1
3,9,986,0,0,666,0.42,420,0.58,1
3,10,5099,2,10,5,0,300,0.5,1700,0.5,1
3,11,6642,0,0,500,0.6,1000,0.2,1400,0.2,1
4,0,8610,0,0,300,0.5,1700,0.5,1
4,1,14907,0,0,666,0.42,420,0.58,1
4,2,10212,2,10,5,0,500,0.6,1000,0.2,1400,0.2,1
4,3,7362,1,0,300,0.5,572,0.32,486,0.18,1
4,4,2992,1,0,300,0.5,1700,0.5,1
4,5,6804,0,0,300,0.5,572,0.32,486,0.18,1
4,6,13146,2,10,5,0,300,0.5,572,0.32,486,0.18,1
4,7,7294,2,10,5,0,666,0.42,420,0.58,1
4,8,1005,2,10,5,0,666,0.42,420,0.58,1
4,9,7761,0,0,300,0.5,1700,0.5,1
4,10,10998,1,0,300,0.5,572,0.32,486,0.18,1
4,11,4065,1,0,500,0.6,1000,0.2,1400,0.2,1
5,0,9030,0,0,300,0.5,1700,0.5,1
5,1,8949,2,10,5,0,500,0.6,1000,0.2,1400,0.2,1
5,2,6361,2,10,5,0,666,0.42,420,0.58,1
5,3,14966,2,10,5,0,666,0.42,420,0.58,1
5,4,1703,1,0,300,0.5,572,0.32,486,0.18,1
5,5,14998,2,10,5,0,500,0.6,1000,0.2,1400,0.2,1
5,6,9299,1,0,666,0.42,420,0.58,1
5,7,8537,2,10,5,0,666,0.42,420,0.58,1
5,8,10577,1,0,666,0.42,420,0.58,1
5,9,7296,0,0,500,0.6,1000,0.2,1400,0.2,1
5,10,8250,1,0,500,0.6,1000,0.2,1400,0.2,1
5,11,7091,2,10,5,0,300,0.5,1700,0.5,1
6,0,7192,2,10,5,0,500,0.6,1000,0.2,1400,0.2,1
6,1,3029,2,10,5,0,500,0.6,1000,0.2,1400,0.2,1
6,2,11361,0,0,666,0.42,420,0.58,1
6,3,1117,2,10,5,0,666,0.42,420,0.58,1
6,4,14302,2,10,5,0,300,0.5,572,0.32,486,0.18,1
6,5,8396,0,0,500,0.6,1000,0.2,1400,0.2,1
6,6,14685,0,0,500,0.6,1000,0.2,1400,0.2,1
6,7,10576,2,10,5,0,666,0.42,420,0.58,1
6,8,14314,1,0,666,0.42,420,0.58,1
6,9,4754,1,0,300,0.5,572,0.32,486,0.18,1
6,10,173,2,10,5,0,500,0.6,1000,0.2,1400,0.2,1
6,11,10463,2,10,5,0,500,0.6,1000,0.2,1400,0.2,1
7,0,6543,0,0,300,0.5,572,0.32,486,0.18,1
7,1,5010,2,10,5,0,666,0.42,420,0.58,1
7,2,3680,2,10,5,0,300,0.5,572,0.32,486,0.18,1
7,3,10077,2,10,5,0,666,0.42,420,0.58,1
7,4,10731,0,0,300,0.5,572,0.32,486,0.18,1
7,5,10745,1,0,300,0.5,1700,0.5,1
7,6,9092,1,0,300,0.5,1700,0.5,1
7,7,3545,2,10,5,0,300,0.5,572,0.32,486,0.18,1
7,8,2280,2,10,5,0,300,0.5,572,0.32,486,0.18,1
7,9,436,0,0,300,0.5,572,0.32,486,0.18,1
7,10,11959,0,0,300,0.5,1700,0.5,1
7,11,14230,1,0,300,0.5,1700,0.5,1
8,0,9369,0,0,666,0.42,420,0.58,1
8,1,717,1,0,500,0.6,1000,0.2,1400,0.2,1
8,2,1128,1,0,300,0.5,572,0.32,486,0.18,1
8,3,424,2,10,5,0,300,0.5,572,0.32,486,0.18,1
8,4,13199,0,0,300,0.5,572,0.32,486,0.18,1
8,5,12293,1,0,300,0.5,1700,0.5,1
8,6,1904,1,0,666,0.42,420,0.58,1
8,7,12724,2,10,5,0,500,0.6,1000,0.2,1400,0.2,1
8,8,14244,2,10,5,0,300,0.5,572,0.32,486,0.18,1
8,9,11040,1,0,300,0.5,1700,0.5,1
8,10,1260,1,0,300,0.5,1700,0.5,1
8,11,2203,0,0,666,0.42,420,0.58,1
9,0,6349,2,10,5,0,500,0.6,1000,0.2,1400,0.2,1
9,1,10312,1,0,666,0.42,420,0.58,1
9,2,13610,1,0,300,0.5,1700,0.5,1
9,3,14737,0,0,300,0.5,572,0.32,486,0.18,1
9,4,8472,2,10,5,0,500,0.6,1000,0.2,1400,0.2,1
9,5,6882,0,0,666,0.42,420,0.58,1
9,6,10081,0,0,300,0.5,572,0.32,486,0.18,1
9,7,10907,1,0,666,0.42,420,0.58,1
9,8,8237,1,0,300,0.5,1700,0.5,1
9,9,5760,1,0,300,0.5,1700,0.5,1
9,10,1265,2,10,5,0,300,0.5,572,0.32,486,0.18,1
9,11,13657,0,0,500,0.6,1000,0.2,1400,0.2,1
10,0,12031,0,0,300,0.5,1700,0.5,1
10,1,4910,2,10,5,0,500,0.6,1000,0.2,1400,0.2,1
10,2,13458,1,0,300,0.5,572,0.32,486,0.18,1
10,3,7055,1,0,300,0.5,572,0.32,486,0.18,1
10,4,343,2,10,5,0,300,0.5,1700,0.5,1
10,5,4614,2,10,5,0,666,0.42,420,0.58,1
10,6,12490,2,10,5,0,666,0.42,420,0.58,1
10,7,12801,2,10,5,0,300,0.5,572,0.32,486,0.18,1
10,8,14902,2,10,5,0,300,0.5,1700,0.5,1
10,9,37,0,0,300,0.5,1700,0.5,1
10,10,12901,1,0,500,0.6,1000,0.2,1400,0.2,1
10,11,6975,2,10,5,0,666,0.42,420,0.58,1
11,0,4179,2,10,5,0,300,0.5,1700,0.5,1
11,1,9988,2,10,5,0,300,0.5,572,0.32,486,0.18,1
11,2,11838,1,0,300,0.5,572,0.32,486,0.18,1
11,3,8242,1,0,666,0.42,420,0.58,1
11,4,13813,1,0,500,0.6,1000,0.2,1400,0.2,1
11,5,13041,1,0,666,0.42,420,0.58,1
11,6,11259,1,0,300,0.5,1700,0.5,1
11,7,9287,2,10,5,0,500,0.6,1000,0.2,1400,0.2,1
11,8,4298,2,10,5,0,300,0.5,1700,0.5,1
11,9,8593,2,10,5,0,500,0.6,1000,0.2,1400,0.2,1
11,10,2682,2,10,5,0,300,0.5,1700,0.5,1
11,11,5860,2,10,5,0,500,0.6,1000,0.2,1400,0.2,1
