0,0,3234,0,0,666,0.42,420,0.58,1
0,1,6463,2,10,5,0,300,0.5,572,0.32,486,0.18,1
0,2,14619,0,0,300,0.5,572,0.32,486,0.18,1
0,3,3194,1,0,300,0.5,572,0.32,486,0.18,1
0,4,8442,1,0,300,0.5,1700,0.5,1
0,5,8469,0,0,300,0.5,572,0.32,486,0.18,1
0,6,11297,2,10,5,0,300,0.5,1700,0.5,1
0,7,7711,0,0,500,0.6,1000,0.2,1400,0.2,1
0,8,11871,2,10,5,0,300,0.5,1700,0.5,1
0,9,13766,1,0,666,0.42,420,0.58,1
0,10,9121,1,0,500,0.6,1000,0.2,1400,0.2,1
0,11,11281,2,10,5,0,300,0.5,1700,0.5,1
1,0,13307,0,0,300,0.5,572,0.32,486,0.18,1
1,1,4980,0,0,300,0.5,572,0.32,486,0.18,1
1,2,6470,1,0,300,0.5,572,0.32,486,0.18,0
1,3,3124,2,10,5,0,300,0.5,572,0.32,486,0.18,1
1,4,10168,2,10,5,0,300,0.5,572,0.32,486,0.18,1
1,5,5442,1,0,500,0.6,1000,0.2,1400,0.2,1
1,6,5238,1,0,500,0.6,1000,0.2,1400,0.2,1
1,7,1567,1,0,300,0.5,1700,0.5,1
1,8,3860,2,10,5,0,300,0.5,1700,0.5,1
1,9,4061,0,0,300,0.5,572,0.32,486,0.18,1
1,10,8113,0,0,300,0.5,572,0.32,486,0.18,1
1,11,709,2,10,5,0,500,0.6,1000,0.2,1400,0.2,1
2,0,11429,1,0,300,0.5,572,0.32,486,0.18,1
2,1,14215,1,0,666,0.42,420,0.58,1
2,2,3873,1,0,500,0.6,1000,0.2,1400,0.2,1
2,3,11002,2,10,5,0,500,0.6,1000,0.2,1400,0.2,1
2,4,4613,0,0,666,0.42,420,0.58,1
2,5,1504,2,10,5,0,300,0.5,1700,0.5,1
2,6,11985,0,0,300,0.5,1700,0.5,1
2,7,12353,2,10,5,0,500,0.6,1000,0.2,1400,0.2,1
2,8,3126,0,0,300,0.5,1700,0.5,1
2,9,660,0,0,300,0.5,1700,0.5,1
2,10,9375,1,0,666,0.42,420,0.58,1
2,11,7562,2,10,5,0,300,0.5,1700,0.5,1
3,0,10023,0,0,500,0.6,1000,0.2,1400,0.2,1
3,1,13391,0,0,666,0.42,420,0.58,1
3,2,7643,1,0,300,0.5,1700,0.5,1
3,3,14424,1,0,666,0.42,420,0.58,1
3,4,8369,0,0,300,0.5,1700,0.5,1
3,5,7920,2,10,5,0,300,0.5,1700,0.5,1
3,6,4602,1,0,666,0.42,420,0.58,1
3,7,2086,1,0,500,0.6,1000,0.2,1400,0.2,1
3,8,6802,2,10,5,0,500,0.6,1000,0.2,1400,0.2,1
3,9,14265,2,10,5,0,666,0.42,420,0.58,1
3,10,3939,2,10,5,0,666,0.42,420,0.58,1
3,11,10005,0,0,300,0.5,572,0.32,486,0.18,1
4,0,7609,1,0,300,0.5,1700,0.5,1
4,1,14205,2,10,5,0,300,0.5,572,0.32,486,0.18,1
4,2,12164,0,0,300,0.5,1700,0.5,1
4,3,8715,2,10,5,0,500,0.6,1000,0.2,1400,0.2,1
4,4,4742,1,0,300,0.5,1700,0.5,1
4,5,13396,2,10,5,0,300,0.5,572,0.32,486,0.18,1
4,6,5346,1,0,500,0.6,1000,0.2,1400,0.2,1
4,7,4497,1,0,500,0.6,1000,0.2,1400,0.2,1
4,8,48,1,0,500,0.6,1000,0.2,1400,0.2,1
4,9,5405,1,0,666,0.42,420,0.58,1
4,10,8689,1,0,300,0.5,572,0.32,486,0.18,1
4,11,6614,0,0,666,0.42,420,0.58,1
5,0,3702,2,10,5,0,300,0.5,572,0.32,486,0.18,1
5,1,14797,0,0,500,0.6,1000,0.2,1400,0.2,1
5,2,4991,2,10,5,0,500,0.6,1000,0.2,1400,0.2,1
5,3,13251,1,0,666,0.42,420,0.58,1
5,4,13460,0,0,666,0.42,420,0.58,1
5,5,7779,1,0,666,0.42,420,0.58,1
5,6,10020,1,0,666,0.42,420,0.58,1
5,7,5451,2,10,5,0,500,0.6,1000,0.2,1400,0.2,1
5,8,2160,0,0,300,0.5,1700,0.5,1
5,9,13594,0,0,666,0.42,420,0.58,1
5,10,3019,2,10,5,0,666,0.42,420,0.58,1
5,11,8376,0,0,300,0.5,572,0.32,486,0.18,1
6,0,6581,0,0,666,0.42,420,0.58,1
6,1,14848,0,0,500,0.6,1000,0.2,1400,0.2,1
6,2,14603,2,10,5,0,300,0.5,572,0.32,486,0.18,1
6,3,9122,2,10,5,0,666,0.42,420,0.58,1
6,4,14103,1,0,500,0.6,1000,0.2,1400,0.2,1
6,5,6174,1,0,300,0.5,572,0.32,486,0.18,1
6,6,7127,1,0,300,0.5,572,0.32,486,0.18,1
6,7,4191,2,10,5,0,300,0.5,1700,0.5,1
6,8,12478,1,0,500,0.6,1000,0.2,1400,0.2,1
6,9,1609,0,0,666,0.42,420,0.58,1
6,10,13852,1,0,666,0.42,420,0.58,1
6,11,5610,1,0,500,0.6,1000,0.2,1400,0.2,1
7,0,6987,0,0,666,0.42,420,0.58,1
7,1,7888,0,0,300,0.5,572,0.32,486,0.18,1
7,2,9517,1,0,500,0.6,1000,0.2,1400,0.2,1
7,3,13499,1,0,500,0.6,1000,0.2,1400,0.2,1
7,4,3665,2,10,5,0,300,0.5,1700,0.5,1
7,5,4631,2,10,5,0,300,0.5,572,0.32,486,0.18,1
7,6,10111,0,0,300,0.5,572,0.32,486,0.18,1
7,7,2620,0,0,500,0.6,1000,0.2,1400,0.2,1
7,8,12949,2,10,5,0,666,0.42,420,0.58,1
7,9,10558,1,0,300,0.5,572,0.32,486,0.18,1
7,10,11152,1,0,666,0.42,420,0.58,1
7,11,6158,0,0,666,0.42,420,0.58,1
8,0,9651,1,0,300,0.5,1700,0.5,1
8,1,1397,0,0,666,0.42,420,0.58,1
8,2,5242,0,0,666,0.42,420,0.58,1
8,3,14614,1,0,300,0.5,1700,0.5,1
8,4,1754,2,10,5,0,500,0.6,1000,0.2,1400,0.2,1
8,5,10352,2,10,5,0,300,0.5,1700,0.5,1
8,6,5675,1,0,500,0.6,1000,0.2,1400,0.2,1
8,7,13854,0,0,300,0.5,1700,0.5,1
8,8,13583,0,0,300,0.5,1700,0.5,1
8,9,5885,2,10,5,0,300,0.5,1700,0.5,1
8,10,6912,0,0,300,0.5,572,0.32,486,0.18,1
8,11,6777,0,0,666,0.42,420,0.58,1
9,0,11968,0,0,300,0.5,572,0.32,486,0.18,1
9,1,14527,2,10,5,0,500,0.6,1000,0.2,1400,0.2,1
9,2,8775,0,0,666,0.42,420,0.58,1
9,3,6728,1,0,666,0.42,420,0.58,1
9,4,11987,2,10,5,0,666,0.42,420,0.58,1
9,5,4673,2,10,5,0,300,0.5,1700,0.5,1
9,6,12221,2,10,5,0,666,0.42,420,0.58,1
9,7,9948,2,10,5,0,300,0.5,572,0.32,486,0.18,1
9,8,8937,0,0,300,0.5,1700,0.5,1
9,9,13405,2,10,5,0,300,0.5,1700,0.5,1
9,10,8548,0,0,300,0.5,1700,0.5,1
9,11,10867,1,0,300,0.5,1700,0.5,1
10,0,5792,0,0,666,0.42,420,0.58,1
10,1,9617,1,0,500,0.6,1000,0.2,1400,0.2,1
10,2,3525,1,0,300,0.5,1700,0.5,1
10,3,3827,1,0,666,0.42,420,0.58,1
10,4,10219,1,0,500,0.6,1000,0.2,1400,0.2,1
10,5,6017,0,0,500,0.6,1000,0.2,1400,0.2,1
10,6,364,1,0,666,0.42,420,0.58,1
10,7,12246,2,10,5,0,666,0.42,420,0.58,1
10,8,6748,2,10,5,0,300,0.5,1700,0.5,1
10,9,6067,0,0,300,0.5,1700,0.5,1
10,10,10107,2,10,5,0,300,0.5,572,0.32,486,0.18,1
10,11,14955,1,0,300,0.5,1700,0.5,1
11,0,8209,2,10,5,0,500,0.6,1000,0.2,1400,0.2,1
11,1,11558,2,10,5,0,666,0.42,420,0.58,1
11,2,8789,1,0,500,0.6,1000,0.2,1400,0.2,1
11,3,9549,1,0,300,0.5,1700,0.5,1
11,4,4525,2,10,5,0,500,0.6,1000,0.2,1400,0.2,1
11,5,8298,0,0,300,0.5,1700,0.5,1
11,6,7870,2,10,5,0,666,0.42,420,0.58,1
11,7,14948,1,0,300,0.5,1700,0.5,1
11,8,10239,0,0,300,0.5,1700,0.5,1
11,9,9323,2,10,5,0,666,0.42,420,0.58,1
11,10,5857,2,10,5,0,300,0.5,1700,0.5,1
11,11,13848,2,10,5,0,300,0.5,1700,0.5,1
