0,0,10463,0,0,500,0.6,1000,0.2,1400,0.2,1
0,1,5178,2,10,5,0,300,0.5,572,0.32,486,0.18,1
0,2,11918,0,0,500,0.6,1000,0.2,1400,0.2,1
0,3,10116,1,0,300,0.5,1700,0.5,1
0,4,4961,1,0,666,0.42,420,0.58,1
0,5,6707,1,0,666,0.42,420,0.58,1
0,6,12326,0,0,300,0.5,572,0.32,486,0.18,1
0,7,1806,1,0,666,0.42,420,0.58,1
0,8,1978,1,0,666,0.42,420,0.58,1
0,9,11582,1,0,300,0.5,572,0.32,486,0.18,1
0,10,3562,1,0,666,0.42,420,0.58,1
0,11,11433,1,0,300,0.5,1700,0.5,1
1,0,6720,0,0,300,0.5,1700,0.5,1
1,1,2736,0,0,666,0.42,420,0.58,1
1,2,6946,0,0,666,0.42,420,0.58,0
1,3,12850,0,0,500,0.6,1000,0.2,1400,0.2,1
1,4,414,2,10,5,0,500,0.6,1000,0.2,1400,0.2,1
1,5,14507,2,10,5,0,300,0.5,1700,0.5,1
1,6,10567,2,10,5,0,300,0.5,572,0.32,486,0.18,1
1,7,11891,0,0,666,0.42,420,0.58,1
1,8,5001,0,0,300,0.5,572,0.32,486,0.18,1
1,9,11209,2,10,5,0,300,0.5,572,0.32,486,0.18,1
1,10,12165,1,0,300,0.5,572,0.32,486,0.18,1
1,11,12850,0,0,300,0.5,572,0.32,486,0.18,1
2,0,10947,0,0,300,0.5,572,0.32,486,0.18,1
2,1,1402,1,0,666,0.42,420,0.58,1
2,2,13788,2,10,5,0,666,0.42,420,0.58,1
2,3,14706,0,0,300,0.5,1700,0.5,1
2,4,9357,1,0,300,0.5,1700,0.5,1
2,5,3839,0,0,300,0.5,572,0.32,486,0.18,1
2,6,13633,0,0,666,0.42,420,0.58,1
2,7,9901,1,0,300,0.5,1700,0.5,1
2,8,14703,1,0,666,0.42,420,0.58,1
2,9,1444,2,10,5,0,300,0.5,1700,0.5,1
2,10,2508,1,0,300,0.5,1700,0.5,1
2,11,14420,0,0,666,0.42,420,0.58,1
3,0,9094,1,0,500,0.6,1000,0.2,1400,0.2,1
3,1,12133,0,0,300,0.5,572,0.32,486,0.18,1
3,2,228,1,0,300,0.5,1700,0.5,1
3,3,4472,1,0,300,0.5,1700,0.5,1
3,4,11478,1,0,300,0.5,572,0.32,486,0.18,1
3,5,10938,2,10,5,0,300,0.5,572,0.32,486,0.18,1
3,6,207,2,10,5,0,300,0.5,1700,0.5,1
3,7,7801,2,10,5,0,300,0.5,572,0.32,486,0.18,1
3,8,5044,2,10,5,0,300,0.5,1700,0.5,1
3,9,6854,1,0,666,0.42,420,0.58,1
3,10,136,1,0,666,0.42,420,0.58,1
3,11,4500,0,0,300,0.5,572,0.32,486,0.18,1
4,0,9750,1,0,666,0.42,420,0.58,1
4,1,11695,1,0,300,0.5,1700,0.5,1
4,2,5464,0,0,300,0.5,1700,0.5,1
4,3,12547,0,0,500,0.6,1000,0.2,1400,0.2,1
4,4,4160,2,10,5,0,666,0.42,420,0.58,1
4,5,4630,2,10,5,0,300,0.5,1700,0.5,1
4,6,8309,1,0,666,0.42,420,0.58,1
4,7,9473,1,0,300,0.5,572,0.32,486,0.18,1
4,8,7581,0,0,300,0.5,1700,0.5,1
4,9,450,0,0,666,0.42,420,0.58,1
4,10,3978,2,10,5,0,500,0.6,1000,0.2,1400,0.2,1
4,11,1711,1,0,500,0.6,1000,0.2,1400,0.2,1
5,0,13120,0,0,500,0.6,1000,0.2,1400,0.2,1
5,1,11813,0,0,300,0.5,1700,0.5,1
5,2,10052,1,0,666,0.42,420,0.58,1
5,3,6306,0,0,300,0.5,1700,0.5,1
5,4,4565,1,0,300,0.5,572,0.32,486,0.18,1
5,5,12636,0,0,500,0.6,1000,0.2,1400,0.2,1
5,6,14981,1,0,500,0.6,1000,0.2,1400,0.2,1
5,7,745,0,0,300,0.5,572,0.32,486,0.18,1
5,8,3344,1,0,300,0.5,572,0.32,486,0.18,1
5,9,3039,1,0,300,0.5,1700,0.5,1
5,10,2173,0,0,300,0.5,1700,0.5,1
5,11,728,0,0,666,0.42,420,0.58,1
6,0,1664,1,0,300,0.5,1700,0.5,1
6,1,5896,0,0,300,0.5,572,0.32,486,0.18,1
6,2,9127,2,10,5,0,300,0.5,572,0.32,486,0.18,1
6,3,8365,1,0,300,0.5,572,0.32,486,0.18,1
6,4,13940,1,0,300,0.5,572,0.32,486,0.18,1
6,5,11796,2,10,5,0,500,0.6,1000,0.2,1400,0.2,1
6,6,7897,2,10,5,0,300,0.5,572,0.32,486,0.18,1
6,7,6422,2,10,5,0,666,0.42,420,0.58,1
6,8,4375,2,10,5,0,300,0.5,1700,0.5,1
6,9,8024,1,0,300,0.5,572,0.32,486,0.18,1
6,10,8860,0,0,500,0.6,1000,0.2,1400,0.2,1
6,11,14163,1,0,666,0.42,420,0.58,1
7,0,10688,0,0,500,0.6,1000,0.2,1400,0.2,1
7,1,12468,0,0,666,0.42,420,0.58,1
7,2,13636,2,10,5,0,500,0.6,1000,0.2,1400,0.2,1
7,3,11736,1,0,300,0.5,1700,0.5,1
7,4,14775,0,0,500,0.6,1000,0.2,1400,0.2,1
7,5,2481,0,0,300,0.5,572,0.32,486,0.18,1
7,6,4910,0,0,666,0.42,420,0.58,1
7,7,909,1,0,300,0.5,1700,0.5,1
7,8,7004,2,10,5,0,300,0.5,572,0.32,486,0.18,1
7,9,10684,1,0,666,0.42,420,0.58,1
7,10,9735,1,0,300,0.5,1700,0.5,1
7,11,13294,0,0,500,0.6,1000,0.2,1400,0.2,1
8,0,2811,0,0,666,0.42,420,0.58,1
8,1,11416,2,10,5,0,300,0.5,572,0.32,486,0.18,1
8,2,4263,1,0,300,0.5,1700,0.5,1
8,3,13139,2,10,5,0,300,0.5,572,0.32,486,0.18,1
8,4,4102,1,0,300,0.5,1700,0.5,1
8,5,6446,0,0,500,0.6,1000,0.2,1400,0.2,1
8,6,6932,2,10,5,0,666,0.42,420,0.58,1
8,7,9122,2,10,5,0,500,0.6,1000,0.2,1400,0.2,1
8,8,12888,1,0,666,0.42,420,0.58,1
8,9,12334,1,0,300,0.5,1700,0.5,1
8,10,14762,2,10,5,0,500,0.6,1000,0.2,1400,0.2,1
8,11,3579,1,0,300,0.5,572,0.32,486,0.18,1
9,0,889,2,10,5,0,300,0.5,572,0.32,486,0.18,1
9,1,1705,2,10,5,0,300,0.5,572,0.32,486,0.18,1
9,2,1206,2,10,5,0,666,0.42,420,0.58,1
9,3,11224,1,0,666,0.42,420,0.58,1
9,4,9816,2,10,5,0,666,0.42,420,0.58,1
9,5,784,2,10,5,0,666,0.42,420,0.58,1
9,6,12728,2,10,5,0,666,0.42,420,0.58,1
9,7,3217,2,10,5,0,666,0.42,420,0.58,1
9,8,3799,2,10,5,0,666,0.42,420,0.58,1
9,9,7134,1,0,300,0.5,1700,0.5,1
9,10,11977,0,0,500,0.6,1000,0.2,1400,0.2,1
9,11,7606,0,0,500,0.6,1000,0.2,1400,0.2,1
10,0,2966,2,10,5,0,666,0.42,420,0.58,1
10,1,11838,0,0,666,0.42,420,0.58,1
10,2,4460,2,10,5,0,666,0.42,420,0.58,1
10,3,4870,0,0,666,0.42,420,0.58,1
10,4,297,1,0,500,0.6,1000,0.2,1400,0.2,1
10,5,11269,1,0,300,0.5,1700,0.5,1
10,6,12319,1,0,300,0.5,1700,0.5,1
10,7,85,0,0,300,0.5,1700,0.5,1
10,8,14935,2,10,5,0,500,0.6,1000,0.2,1400,0.2,1
10,9,9021,1,0,500,0.6,1000,0.2,1400,0.2,1
10,10,5362,1,0,300,0.5,572,0.32,486,0.18,1
10,11,13365,1,0,300,0.5,572,0.32,486,0.18,1
11,0,8679,2,10,5,0,666,0.42,420,0.58,1
11,1,7351,2,10,5,0,666,0.42,420,0.58,1
11,2,854,1,0,666,0.42,420,0.58,1
11,3,5702,0,0,300,0.5,572,0.32,486,0.18,1
11,4,9369,2,10,5,0,666,0.42,420,0.58,1
11,5,13761,0,0,300,0.5,572,0.32,486,0.18,1
11,6,1082,1,0,500,0.6,1000,0.2,1400,0.2,1
11,7,1320,2,10,5,0,300,0.5,1700,0.5,1
11,8,2671,2,10,5,0,300,0.5,572,0.32,486,0.18,1
11,9,4229,0,0,300,0.5,1700,0.5,1
11,10,12165,2,10,5,0,300,0.5,1700,0.5,1
11,11,10361,0,0,500,0.6,1000,0.2,1400,0.2,1
