0,0,7501,2,10,5,0,500,0.6,1000,0.2,1400,0.2,1
0,1,142,2,10,5,0,500,0.6,1000,0.2,1400,0.2,1
0,2,13929,1,0,500,0.6,1000,0.2,1400,0.2,1
0,3,5209,0,0,300,0.5,1700,0.5,1
0,4,1060,1,0,666,0.42,420,0.58,1
0,5,2372,0,0,300,0.5,572,0.32,486,0.18,1
0,6,6846,1,0,300,0.5,572,0.32,486,0.18,1
0,7,12316,0,0,666,0.42,420,0.58,1
0,8,4796,1,0,300,0.5,572,0.32,486,0.18,1
0,9,8295,0,0,300,0.5,572,0.32,486,0.18,1
0,10,7787,2,10,5,0,300,0.5,1700,0.5,1
0,11,8605,2,10,5,0,300,0.5,1700,0.5,1
1,0,4029,0,0,666,0.42,420,0.58,1
1,1,5923,2,10,5,0,666,0.42,420,0.58,1
1,2,5594,2,10,5,0,300,0.5,572,0.32,486,0.18,0
1,3,427,1,0,300,0.5,572,0.32,486,0.18,1
1,4,389,2,10,5,0,300,0.5,572,0.32,486,0.18,1
1,5,14953,2,10,5,0,500,0.6,1000,0.2,1400,0.2,1
1,6,6698,1,0,500,0.6,1000,0.2,1400,0.2,1
1,7,10546,2,10,5,0,666,0.42,420,0.58,1
1,8,12650,2,10,5,0,500,0.6,1000,0.2,1400,0.2,1
1,9,347,0,0,300,0.5,572,0.32,486,0.18,1
1,10,1216,2,10,5,0,300,0.5,572,0.32,486,0.18,1
1,11,11285,0,0,300,0.5,1700,0.5,1
2,0,7610,2,10,5,0,300,0.5,572,0.32,486,0.18,1
2,1,9806,0,0,300,0.5,1700,0.5,1
2,2,2404,1,0,300,0.5,572,0.32,486,0.18,1
2,3,14182,2,10,5,0,500,0.6,1000,0.2,1400,0.2,1
2,4,14698,2,10,5,0,666,0.42,420,0.58,1
2,5,14821,0,0,300,0.5,1700,0.5,1
2,6,12059,0,0,666,0.42,420,0.58,1
2,7,1466,1,0,500,0.6,1000,0.2,1400,0.2,1
2,8,5092,2,10,5,0,500,0.6,1000,0.2,1400,0.2,1
2,9,10168,2,10,5,0,300,0.5,1700,0.5,1
2,10,5076,1,0,666,0.42,420,0.58,1
2,11,4337,0,0,500,0.6,1000,0.2,1400,0.2,1
3,0,11690,0,0,300,0.5,572,0.32,486,0.18,1
3,1,4775,1,0,500,0.6,1000,0.2,1400,0.2,1
3,2,888,2,10,5,0,666,0.42,420,0.58,1
3,3,12529,2,10,5,0,500,0.6,1000,0.2,1400,0.2,1
3,4,2250,2,10,5,0,666,0.42,420,0.58,1
3,5,13895,2,10,5,0,300,0.5,572,0.32,486,0.18,1
3,6,1541,2,10,5,0,300,0.5,1700,0.5,1
3,7,10875,2,10,5,0,300,0.5,1700,0.5,1
3,8,2998,1,0,300,0.5,572,0.32,486,0.18,1
3,9,3452,0,0,666,0.42,420,0.58,1
3,10,7549,0,0,500,0.6,1000,0.2,1400,0.2,1
3,11,4197,2,10,5,0,300,0.5,1700,0.5,1
4,0,9736,2,10,5,0,500,0.6,1000,0.2,1400,0.2,1
4,1,4119,2,10,5,0,300,0.5,572,0.32,486,0.18,1
4,2,7179,0,0,666,0.42,420,0.58,1
4,3,1032,0,0,300,0.5,572,0.32,486,0.18,1
4,4,649,0,0,300,0.5,572,0.32,486,0.18,1
4,5,2891,2,10,5,0,300,0.5,1700,0.5,1
4,6,235,1,0,500,0.6,1000,0.2,1400,0.2,1
4,7,10100,1,0,300,0.5,1700,0.5,1
4,8,6616,1,0,300,0.5,1700,0.5,1
4,9,4442,2,10,5,0,300,0.5,1700,0.5,1
4,10,5353,1,0,300,0.5,572,0.32,486,0.18,1
4,11,13596,2,10,5,0,666,0.42,420,0.58,1
5,0,13088,0,0,666,0.42,420,0.58,1
5,1,5569,1,0,500,0.6,1000,0.2,1400,0.2,1
5,2,1733,1,0,500,0.6,1000,0.2,1400,0.2,1
5,3,2625,0,0,300,0.5,572,0.32,486,0.18,1
5,4,13054,1,0,300,0.5,1700,0.5,1
5,5,2799,2,10,5,0,500,0.6,1000,0.2,1400,0.2,1
5,6,10615,2,10,5,0,500,0.6,1000,0.2,1400,0.2,1
5,7,9755,0,0,666,0.42,420,0.58,1
5,8,6987,1,0,300,0.5,1700,0.5,1
5,9,3048,0,0,300,0.5,1700,0.5,1
5,10,8875,0,0,500,0.6,1000,0.2,1400,0.2,1
5,11,5027,0,0,500,0.6,1000,0.2,1400,0.2,1
6,0,14253,1,0,666,0.42,420,0.58,1
6,1,14663,0,0,500,0.6,1000,0.2,1400,0.2,1
6,2,1916,0,0,300,0.5,1700,0.5,1
6,3,14447,0,0,300,0.5,1700,0.5,1
6,4,2391,2,10,5,0,300,0.5,1700,0.5,1
6,5,13397,1,0,666,0.42,420,0.58,1
6,6,4692,2,10,5,0,300,0.5,572,0.32,486,0.18,1
6,7,39,1,0,300,0.5,1700,0.5,1
6,8,14196,1,0,500,0.6,1000,0.2,1400,0.2,1
6,9,12429,0,0,300,0.5,572,0.32,486,0.18,1
6,10,980,1,0,500,0.6,1000,0.2,1400,0.2,1
6,11,1734,0,0,300,0.5,572,0.32,486,0.18,1
7,0,9526,0,0,300,0.5,572,0.32,486,0.18,1
7,1,13696,0,0,300,0.5,572,0.32,486,0.18,1
7,2,8740,1,0,500,0.6,1000,0.2,1400,0.2,1
7,3,11086,0,0,300,0.5,572,0.32,486,0.18,1
7,4,12798,1,0,300,0.5,1700,0.5,1
7,5,1590,0,0,500,0.6,1000,0.2,1400,0.2,1
7,6,13879,2,10,5,0,300,0.5,572,0.32,486,0.18,1
7,7,10297,0,0,300,0.5,572,0.32,486,0.18,1
7,8,13283,1,0,300,0.5,572,0.32,486,0.18,1
7,9,4959,2,10,5,0,300,0.5,1700,0.5,1
7,10,48,0,0,300,0.5,1700,0.5,1
7,11,2961,1,0,666,0.42,420,0.58,1
8,0,11155,0,0,300,0.5,1700,0.5,1
8,1,2587,1,0,300,0.5,572,0.32,486,0.18,1
8,2,3384,1,0,500,0.6,1000,0.2,1400,0.2,1
8,3,1019,0,0,500,0.6,1000,0.2,1400,0.2,1
8,4,9263,1,0,500,0.6,1000,0.2,1400,0.2,1
8,5,4566,2,10,5,0,500,0.6,1000,0.2,1400,0.2,1
8,6,8515,0,0,666,0.42,420,0.58,1
8,7,91,2,10,5,0,300,0.5,572,0.32,486,0.18,1
8,8,14210,2,10,5,0,300,0.5,572,0.32,486,0.18,1
8,9,11892,0,0,300,0.5,572,0.32,486,0.18,1
8,10,13356,0,0,300,0.5,1700,0.5,1
8,11,9367,1,0,300,0.5,1700,0.5,1
9,0,5638,0,0,300,0.5,1700,0.5,1
9,1,30,0,0,666,0.42,420,0.58,1
9,2,10690,2,10,5,0,300,0.5,1700,0.5,1
9,3,7386,0,0,500,0.6,1000,0.2,1400,0.2,1
9,4,615,1,0,300,0.5,1700,0.5,1
9,5,4162,1,0,300,0.5,1700,0.5,1
9,6,8094,1,0,300,0.5,572,0.32,486,0.18,1
9,7,8934,1,0,300,0.5,572,0.32,486,0.18,1
9,8,8316,2,10,5,0,300,0.5,572,0.32,486,0.18,1
9,9,10323,2,10,5,0,666,0.42,420,0.58,1
9,10,4074,0,0,300,0.5,572,0.32,486,0.18,1
9,11,2001,1,0,500,0.6,1000,0.2,1400,0.2,1
10,0,1471,0,0,666,0.42,420,0.58,1
10,1,14644,2,10,5,0,300,0.5,572,0.32,486,0.18,1
10,2,7865,1,0,300,0.5,572,0.32,486,0.18,1
10,3,6025,0,0,500,0.6,1000,0.2,1400,0.2,1
10,4,7185,2,10,5,0,300,0.5,572,0.32,486,0.18,1
10,5,12142,1,0,500,0.6,1000,0.2,1400,0.2,1
10,6,3111,1,0,500,0.6,1000,0.2,1400,0.2,1
10,7,14104,2,10,5,0,300,0.5,572,0.32,486,0.18,1
10,8,5188,1,0,300,0.5,1700,0.5,1
10,9,4474,2,10,5,0,500,0.6,1000,0.2,1400,0.2,1
10,10,12358,1,0,666,0.42,420,0.58,1
10,11,14444,0,0,300,0.5,1700,0.5,1
11,0,4627,1,0,300,0.5,1700,0.5,1
11,1,9144,2,10,5,0,500,0.6,1000,0.2,1400,0.2,1
11,2,1377,1,0,300,0.5,1700,0.5,1
11,3,1069,2,10,5,0,500,0.6,1000,0.2,1400,0.2,1
11,4,6767,0,0,500,0.6,1000,0.2,1400,0.2,1
11,5,5910,2,10,5,0,300,0.5,1700,0.5,1
11,6,8849,1,0,300,0.5,1700,0.5,1
11,7,11311,1,0,300,0.5,1700,0.5,1
11,8,284,0,0,300,0.5,1700,0.5,1
11,9,2708,1,0,300,0.5,572,0.32,486,0.18,1
11,10,12586,0,0,666,0.42,420,0.58,1
11,11,8084,0,0,300,0.5,1700,0.5,1
