0,0,13502,0,0,666,0.42,420,0.58,1
0,1,14596,1,0,300,0.5,572,0.32,486,0.18,1
0,2,11402,1,0,300,0.5,572,0.32,486,0.18,1
0,3,11686,2,10,5,0,666,0.42,420,0.58,1
0,4,2787,0,0,666,0.42,420,0.58,1
0,5,3891,1,0,300,0.5,572,0.32,486,0.18,1
0,6,3377,2,10,5,0,666,0.42,420,0.58,1
0,7,4517,2,10,5,0,500,0.6,1000,0.2,1400,0.2,1
0,8,14742,2,10,5,0,300,0.5,1700,0.5,1
0,9,8529,2,10,5,0,500,0.6,1000,0.2,1400,0.2,1
0,10,12159,2,10,5,0,666,0.42,420,0.58,1
0,11,5984,2,10,5,0,500,0.6,1000,0.2,1400,0.2,1
1,0,7118,2,10,5,0,300,0.5,572,0.32,486,0.18,1
1,1,7681,2,10,5,0,666,0.42,420,0.58,1
1,2,10158,1,0,666,0.42,420,0.58,0
1,3,6499,2,10,5,0,300,0.5,572,0.32,486,0.18,1
1,4,2080,1,0,666,0.42,420,0.58,1
1,5,576,0,0,500,0.6,1000,0.2,1400,0.2,1
1,6,367,1,0,500,0.6,1000,0.2,1400,0.2,1
1,7,8056,0,0,500,0.6,1000,0.2,1400,0.2,1
1,8,14992,2,10,5,0,666,0.42,420,0.58,1
1,9,808,0,0,500,0.6,1000,0.2,1400,0.2,1
1,10,10656,1,0,300,0.5,1700,0.5,1
1,11,1134,1,0,666,0.42,420,0.58,1
2,0,5575,2,10,5,0,300,0.5,572,0.32,486,0.18,1
2,1,14471,2,10,5,0,500,0.6,1000,0.2,1400,0.2,1
2,2,8563,2,10,5,0,500,0.6,1000,0.2,1400,0.2,1
2,3,4675,0,0,500,0.6,1000,0.2,1400,0.2,1
2,4,5396,1,0,666,0.42,420,0.58,1
2,5,4261,2,10,5,0,300,0.5,572,0.32,486,0.18,1
2,6,9172,2,10,5,0,300,0.5,572,0.32,486,0.18,1
2,7,2325,0,0,500,0.6,1000,0.2,1400,0.2,1
2,8,14413,1,0,500,0.6,1000,0.2,1400,0.2,1
2,9,11051,2,10,5,0,666,0.42,420,0.58,1
2,10,9241,2,10,5,0,300,0.5,1700,0.5,1
2,11,10501,2,10,5,0,500,0.6,1000,0.2,1400,0.2,1
3,0,9007,0,0,666,0.42,420,0.58,1
3,1,10223,1,0,300,0.5,572,0.32,486,0.18,1
3,2,1529,1,0,300,0.5,1700,0.5,1
3,3,2753,2,10,5,0,300,0.5,1700,0.5,1
3,4,469,0,0,500,0.6,1000,0.2,1400,0.2,1
3,5,9443,1,0,666,0.42,420,0.58,1
3,6,8525,2,10,5,0,300,0.5,1700,0.5,1
3,7,12752,2,10,5,0,300,0.5,572,0.32,486,0.18,1
3,8,13265,1,0,300,0.5,572,0.32,486,0.18,1
3,9,13359,2,10,5,0,300,0.5,572,0.32,486,0.18,1
3,10,2211,1,0,500,0.6,1000,0.2,1400,0.2,1
3,11,7714,0,0,666,0.42,420,0.58,1
4,0,5712,1,0,500,0.6,1000,0.2,1400,0.2,1
4,1,10966,2,10,5,0,500,0.6,1000,0.2,1400,0.2,1
4,2,5987,2,10,5,0,500,0.6,1000,0.2,1400,0.2,1
4,3,13767,0,0,300,0.5,572,0.32,486,0.18,1
4,4,13415,2,10,5,0,500,0.6,1000,0.2,1400,0.2,1
4,5,3981,1,0,666,0.42,420,0.58,1
4,6,4541,2,10,5,0,300,0.5,1700,0.5,1
4,7,2117,2,10,5,0,500,0.6,1000,0.2,1400,0.2,1
4,8,6721,1,0,300,0.5,572,0.32,486,0.18,1
4,9,12238,1,0,300,0.5,572,0.32,486,0.18,1
4,10,4514,1,0,300,0.5,1700,0.5,1
4,11,7484,2,10,5,0,666,0.42,420,0.58,1
5,0,622,2,10,5,0,666,0.42,420,0.58,1
5,1,13891,1,0,666,0.42,420,0.58,1
5,2,14031,2,10,5,0,300,0.5,1700,0.5,1
5,3,10924,1,0,300,0.5,572,0.32,486,0.18,1
5,4,8869,0,0,300,0.5,572,0.32,486,0.18,1
5,5,11776,0,0,666,0.42,420,0.58,1
5,6,14389,0,0,500,0.6,1000,0.2,1400,0.2,1
5,7,9592,2,10,5,0,300,0.5,572,0.32,486,0.18,1
5,8,13953,2,10,5,0,500,0.6,1000,0.2,1400,0.2,1
5,9,9964,0,0,300,0.5,1700,0.5,1
5,10,3405,2,10,5,0,300,0.5,1700,0.5,1
5,11,10322,2,10,5,0,300,0.5,572,0.32,486,0.18,1
6,0,4052,1,0,666,0.42,420,0.58,1
6,1,6308,0,0,300,0.5,572,0.32,486,0.18,1
6,2,3154,2,10,5,0,666,0.42,420,0.58,1
6,3,12698,2,10,5,0,500,0.6,1000,0.2,1400,0.2,1
6,4,2047,1,0,300,0.5,1700,0.5,1
6,5,1921,0,0,300,0.5,1700,0.5,1
6,6,5216,1,0,300,0.5,1700,0.5,1
6,7,8355,0,0,300,0.5,572,0.32,486,0.18,1
6,8,6833,0,0,300,0.5,572,0.32,486,0.18,1
6,9,8256,1,0,500,0.6,1000,0.2,1400,0.2,1
6,10,6174,0,0,666,0.42,420,0.58,1
6,11,1873,2,10,5,0,500,0.6,1000,0.2,1400,0.2,1
7,0,12410,2,10,5,0,300,0.5,572,0.32,486,0.18,1
7,1,10131,2,10,5,0,500,0.6,1000,0.2,1400,0.2,1
7,2,11381,1,0,500,0.6,1000,0.2,1400,0.2,1
7,3,5519,2,10,5,0,500,0.6,1000,0.2,1400,0.2,1
7,4,9950,1,0,300,0.5,572,0.32,486,0.18,1
7,5,11899,0,0,500,0.6,1000,0.2,1400,0.2,1
7,6,3966,1,0,500,0.6,1000,0.2,1400,0.2,1
7,7,9621,1,0,300,0.5,1700,0.5,1
7,8,12388,2,10,5,0,500,0.6,1000,0.2,1400,0.2,1
7,9,1165,2,10,5,0,500,0.6,1000,0.2,1400,0.2,1
7,10,4781,0,0,500,0.6,1000,0.2,1400,0.2,1
7,11,7364,0,0,500,0.6,1000,0.2,1400,0.2,1
8,0,12430,0,0,300,0.5,1700,0.5,1
8,1,2899,2,10,5,0,300,0.5,572,0.32,486,0.18,1
8,2,2222,1,0,500,0.6,1000,0.2,1400,0.2,1
8,3,11529,2,10,5,0,666,0.42,420,0.58,1
8,4,11370,1,0,666,0.42,420,0.58,1
8,5,11336,0,0,500,0.6,1000,0.2,1400,0.2,1
8,6,3587,2,10,5,0,500,0.6,1000,0.2,1400,0.2,1
8,7,6292,0,0,666,0.42,420,0.58,1
8,8,14808,0,0,666,0.42,420,0.58,1
8,9,7906,0,0,300,0.5,1700,0.5,1
8,10,3594,1,0,300,0.5,572,0.32,486,0.18,1
8,11,1091,2,10,5,0,300,0.5,1700,0.5,1
9,0,13491,0,0,300,0.5,572,0.32,486,0.18,1
9,1,5764,0,0,500,0.6,1000,0.2,1400,0.2,1
9,2,14984,0,0,300,0.5,1700,0.5,1
9,3,11565,2,10,5,0,300,0.5,1700,0.5,1
9,4,9990,0,0,300,0.5,572,0.32,486,0.18,1
9,5,14486,1,0,300,0.5,572,0.32,486,0.18,1
9,6,14282,0,0,300,0.5,1700,0.5,1
9,7,12878,0,0,300,0.5,572,0.32,486,0.18,1
9,8,3212,2,10,5,0,300,0.5,1700,0.5,1
9,9,13801,1,0,666,0.42,420,0.58,1
9,10,14028,2,10,5,0,666,0.42,420,0.58,1
9,11,549,2,10,5,0,300,0.5,1700,0.5,1
10,0,5119,0,0,500,0.6,1000,0.2,1400,0.2,1
10,1,12996,1,0,500,0.6,1000,0.2,1400,0.2,1
10,2,5454,1,0,300,0.5,572,0.32,486,0.18,1
10,3,4375,1,0,500,0.6,1000,0.2,1400,0.2,1
10,4,1770,0,0,500,0.6,1000,0.2,1400,0.2,1
10,5,406,0,0,500,0.6,1000,0.2,1400,0.2,1
10,6,14268,2,10,5,0,300,0.5,572,0.32,486,0.18,1
10,7,3150,2,10,5,0,300,0.5,572,0.32,486,0.18,1
10,8,5083,2,10,5,0,500,0.6,1000,0.2,1400,0.2,1
10,9,10276,0,0,300,0.5,572,0.32,486,0.18,1
10,10,5103,2,10,5,0,300,0.5,1700,0.5,1
10,11,2998,2,10,5,0,666,0.42,420,0.58,1
11,0,9928,0,0,300,0.5,572,0.32,486,0.18,1
11,1,7320,1,0,300,0.5,572,0.32,486,0.18,1
11,2,399,0,0,500,0.6,1000,0.2,1400,0.2,1
11,3,9005,2,10,5,0,300,0.5,1700,0.5,1
11,4,5298,2,10,5,0,500,0.6,1000,0.2,1400,0.2,1
11,5,14021,1,0,300,0.5,572,0.32,486,0.18,1
11,6,9476,2,10,5,0,300,0.5,1700,0.5,1
11,7,7484,1,0,300,0.5,1700,0.5,1
11,8,494,2,10,5,0,300,0.5,1700,0.5,1
11,9,7880,1,0,300,0.5,572,0.32,486,0.18,1
11,10,4832,1,0,666,0.42,420,0.58,1
11,11,10936,1,0,300,0.5,572,0.32,486,0.18,1
