0,0,10291,2,10,5,0,666,0.42,420,0.58,1
0,1,9494,0,0,500,0.6,1000,0.2,1400,0.2,1
0,2,4769,0,0,666,0.42,420,0.58,1
0,3,6190,1,0,666,0.42,420,0.58,1
0,4,5164,0,0,300,0.5,572,0.32,486,0.18,1
0,5,13782,1,0,666,0.42,420,0.58,1
0,6,11275,2,10,5,0,666,0.42,420,0.58,1
0,7,2070,1,0,300,0.5,572,0.32,486,0.18,1
0,8,7459,0,0,666,0.42,420,0.58,1
0,9,8110,1,0,666,0.42,420,0.58,1
0,10,7332,0,0,500,0.6,1000,0.2,1400,0.2,1
0,11,6178,1,0,300,0.5,1700,0.5,1
1,0,2357,1,0,300,0.5,572,0.32,486,0.18,1
1,1,3606,2,10,5,0,300,0.5,1700,0.5,1
1,2,13800,2,10,5,0,300,0.5,1700,0.5,0
1,3,4622,1,0,300,0.5,572,0.32,486,0.18,1
1,4,10429,1,0,300,0.5,572,0.32,486,0.18,1
1,5,2695,1,0,300,0.5,572,0.32,486,0.18,1
1,6,246,2,10,5,0,666,0.42,420,0.58,1
1,7,12186,1,0,300,0.5,572,0.32,486,0.18,1
1,8,513,0,0,300,0.5,572,0.32,486,0.18,1
1,9,13364,2,10,5,0,300,0.5,1700,0.5,1
1,10,6608,1,0,666,0.42,420,0.58,1
1,11,4698,2,10,5,0,666,0.42,420,0.58,1
2,0,1282,0,0,300,0.5,1700,0.5,1
2,1,9637,0,0,500,0.6,1000,0.2,1400,0.2,1
2,2,1830,1,0,300,0.5,572,0.32,486,0.18,1
2,3,1094,2,10,5,0,666,0.42,420,0.58,1
2,4,11326,1,0,500,0.6,1000,0.2,1400,0.2,1
2,5,8777,0,0,500,0.6,1000,0.2,1400,0.2,1
2,6,9190,0,0,500,0.6,1000,0.2,1400,0.2,1
2,7,3606,0,0,300,0.5,572,0.32,486,0.18,1
2,8,6065,2,10,5,0,500,0.6,1000,0.2,1400,0.2,1
2,9,14841,1,0,666,0.42,420,0.58,1
2,10,119,1,0,300,0.5,572,0.32,486,0.18,1
2,11,516,2,10,5,0,300,0.5,1700,0.5,1
3,0,6397,1,0,666,0.42,420,0.58,1
3,1,5799,2,10,5,0,300,0.5,1700,0.5,1
3,2,14604,1,0,300,0.5,1700,0.5,1
3,3,1611,0,0,300,0.5,1700,0.5,1
3,4,2275,2,10,5,0,500,0.6,1000,0.2,1400,0.2,1
3,5,8735,0,0,666,0.42,420,0.58,1
3,6,4023,2,10,5,0,500,0.6,1000,0.2,1400,0.2,1
3,7,6874,1,0,500,0.6,1000,0.2,1400,0.2,1
3,8,5158,2,10,5,0,300,0.5,1700,0.5,1
3,9,10925,0,0,500,0.6,1000,0.2,1400,0.2,1
3,10,14620,1,0,300,0.5,572,0.32,486,0.18,1
3,11,3681,0,0,300,0.5,1700,0.5,1
4,0,3376,0,0,300,0.5,572,0.32,486,0.18,1
4,1,11512,1,0,666,0.42,420,0.58,1
4,2,14468,0,0,666,0.42,420,0.58,1
4,3,2517,2,10,5,0,300,0.5,572,0.32,486,0.18,1
4,4,13238,0,0,300,0.5,1700,0.5,1
4,5,14766,0,0,300,0.5,1700,0.5,1
4,6,4181,2,10,5,0,666,0.42,420,0.58,1
4,7,206,2,10,5,0,500,0.6,1000,0.2,1400,0.2,1
4,8,14660,1,0,300,0.5,572,0.32,486,0.18,1
4,9,11458,0,0,666,0.42,420,0.58,1
4,10,7755,0,0,300,0.5,572,0.32,486,0.18,1
4,11,6023,1,0,300,0.5,1700,0.5,1
5,0,4918,0,0,666,0.42,420,0.58,1
5,1,12305,0,0,500,0.6,1000,0.2,1400,0.2,1
5,2,11028,2,10,5,0,666,0.42,420,0.58,1
5,3,8222,2,10,5,0,666,0.42,420,0.58,1
5,4,6321,1,0,666,0.42,420,0.58,1
5,5,6404,0,0,666,0.42,420,0.58,1
5,6,8797,2,10,5,0,300,0.5,1700,0.5,1
5,7,5785,1,0,666,0.42,420,0.58,1
5,8,2052,2,10,5,0,500,0.6,1000,0.2,1400,0.2,1
5,9,10991,0,0,300,0.5,1700,0.5,1
5,10,525,1,0,500,0.6,1000,0.2,1400,0.2,1
5,11,3777,0,0,300,0.5,1700,0.5,1
6,0,7846,0,0,300,0.5,1700,0.5,1
6,1,5676,1,0,300,0.5,572,0.32,486,0.18,1
6,2,742,0,0,300,0.5,572,0.32,486,0.18,1
6,3,9543,2,10,5,0,500,0.6,1000,0.2,1400,0.2,1
6,4,1781,2,10,5,0,666,0.42,420,0.58,1
6,5,8552,0,0,666,0.42,420,0.58,1
6,6,1252,2,10,5,0,300,0.5,1700,0.5,1
6,7,6230,1,0,500,0.6,1000,0.2,1400,0.2,1
6,8,5959,2,10,5,0,500,0.6,1000,0.2,1400,0.2,1
6,9,1417,2,10,5,0,666,0.42,420,0.58,1
6,10,2719,0,0,500,0.6,1000,0.2,1400,0.2,1
6,11,4216,2,10,5,0,666,0.42,420,0.58,1
7,0,927,0,0,300,0.5,572,0.32,486,0.18,1
7,1,1536,1,0,500,0.6,1000,0.2,1400,0.2,1
7,2,8942,2,10,5,0,300,0.5,1700,0.5,1
7,3,14342,1,0,500,0.6,1000,0.2,1400,0.2,1
7,4,6674,2,10,5,0,666,0.42,420,0.58,1
7,5,13587,2,10,5,0,500,0.6,1000,0.2,1400,0.2,1
7,6,10293,0,0,666,0.42,420,0.58,1
7,7,14235,0,0,300,0.5,1700,0.5,1
7,8,9977,2,10,5,0,300,0.5,572,0.32,486,0.18,1
7,9,8805,1,0,300,0.5,572,0.32,486,0.18,1
7,10,2432,2,10,5,0,300,0.5,1700,0.5,1
7,11,13485,0,0,300,0.5,572,0.32,486,0.18,1
8,0,1581,2,10,5,0,666,0.42,420,0.58,1
8,1,9191,1,0,666,0.42,420,0.58,1
8,2,9393,2,10,5,0,300,0.5,572,0.32,486,0.18,1
8,3,1449,0,0,500,0.6,1000,0.2,1400,0.2,1
8,4,13092,2,10,5,0,300,0.5,1700,0.5,1
8,5,14635,0,0,500,0.6,1000,0.2,1400,0.2,1
8,6,3242,1,0,666,0.42,420,0.58,1
8,7,11504,0,0,300,0.5,572,0.32,486,0.18,1
8,8,8354,1,0,300,0.5,1700,0.5,1
8,9,5729,1,0,300,0.5,572,0.32,486,0.18,1
8,10,8916,0,0,300,0.5,572,0.32,486,0.18,1
8,11,9557,1,0,300,0.5,1700,0.5,1
9,0,10673,0,0,666,0.42,420,0.58,1
9,1,7028,0,0,300,0.5,572,0.32,486,0.18,1
9,2,12247,1,0,300,0.5,572,0.32,486,0.18,1
9,3,4235,0,0,500,0.6,1000,0.2,1400,0.2,1
9,4,1997,2,10,5,0,666,0.42,420,0.58,1
9,5,111,0,0,666,0.42,420,0.58,1
9,6,1097,0,0,500,0.6,1000,0.2,1400,0.2,1
9,7,10960,1,0,300,0.5,572,0.32,486,0.18,1
9,8,4626,2,10,5,0,300,0.5,1700,0.5,1
9,9,10494,0,0,300,0.5,572,0.32,486,0.18,1
9,10,14999,1,0,300,0.5,1700,0.5,1
9,11,796,2,10,5,0,500,0.6,1000,0.2,1400,0.2,1
10,0,8031,1,0,500,0.6,1000,0.2,1400,0.2,1
10,1,12452,1,0,500,0.6,1000,0.2,1400,0.2,1
10,2,4591,0,0,500,0.6,1000,0.2,1400,0.2,1
10,3,3977,1,0,300,0.5,572,0.32,486,0.18,1
10,4,11412,1,0,300,0.5,1700,0.5,1
10,5,8844,2,10,5,0,500,0.6,1000,0.2,1400,0.2,1
10,6,7576,0,0,500,0.6,1000,0.2,1400,0.2,1
10,7,4024,0,0,500,0.6,1000,0.2,1400,0.2,1
10,8,8489,1,0,300,0.5,1700,0.5,1
10,9,7833,0,0,300,0.5,572,0.32,486,0.18,1
10,10,5244,2,10,5,0,666,0.42,420,0.58,1
10,11,5728,0,0,500,0.6,1000,0.2,1400,0.2,1
11,0,8078,0,0,500,0.6,1000,0.2,1400,0.2,1
11,1,3897,1,0,300,0.5,1700,0.5,1
11,2,3038,1,0,666,0.42,420,0.58,1
11,3,10170,1,0,300,0.5,1700,0.5,1
11,4,4778,2,10,5,0,666,0.42,420,0.58,1
11,5,10039,2,10,5,0,300,0.5,1700,0.5,1
11,6,7983,2,10,5,0,666,0.42,420,0.58,1
11,7,10839,0,0,666,0.42,420,0.58,1
11,8,3283,2,10,5,0,300,0.5,1700,0.5,1
11,9,9610,1,0,500,0.6,1000,0.2,1400,0.2,1
11,10,7177,0,0,300,0.5,1700,0.5,1
11,11,8355,0,0,500,0.6,1000,0.2,1400,0.2,1
