0,0,689,2,10,5,0,300,0.5,572,0.32,486,0.18,1
0,1,7966,2,10,5,0,666,0.42,420,0.58,1
0,2,14477,1,0,666,0.42,420,0.58,1
0,3,12058,1,0,500,0.6,1000,0.2,1400,0.2,1
0,4,10784,2,10,5,0,500,0.6,1000,0.2,1400,0.2,1
0,5,5023,1,0,666,0.42,420,0.58,1
0,6,3868,2,10,5,0,500,0.6,1000,0.2,1400,0.2,1
0,7,6760,2,10,5,0,300,0.5,1700,0.5,1
0,8,8396,1,0,500,0.6,1000,0.2,1400,0.2,1
0,9,10562,1,0,666,0.42,420,0.58,1
0,10,1254,1,0,666,0.42,420,0.58,1
0,11,11758,1,0,300,0.5,1700,0.5,1
1,0,7103,2,10,5,0,500,0.6,1000,0.2,1400,0.2,1
1,1,8657,0,0,666,0.42,420,0.58,1
1,2,13229,1,0,300,0.5,572,0.32,486,0.18,0
1,3,9043,0,0,666,0.42,420,0.58,1
1,4,6618,1,0,300,0.5,1700,0.5,1
1,5,4282,1,0,666,0.42,420,0.58,1
1,6,12409,2,10,5,0,300,0.5,1700,0.5,1
1,7,10810,1,0,500,0.6,1000,0.2,1400,0.2,1
1,8,2605,0,0,300,0.5,1700,0.5,1
1,9,4910,1,0,500,0.6,1000,0.2,1400,0.2,1
1,10,1654,0,0,500,0.6,1000,0.2,1400,0.2,1
1,11,9628,0,0,666,0.42,420,0.58,1
2,0,581,0,0,666,0.42,420,0.58,1
2,1,9116,1,0,500,0.6,1000,0.2,1400,0.2,1
2,2,682,0,0,300,0.5,1700,0.5,1
2,3,4013,2,10,5,0,300,0.5,1700,0.5,1
2,4,4313,1,0,300,0.5,572,0.32,486,0.18,1
2,5,10333,1,0,666,0.42,420,0.58,1
2,6,3907,1,0,500,0.6,1000,0.2,1400,0.2,1
2,7,11199,1,0,666,0.42,420,0.58,1
2,8,12278,2,10,5,0,300,0.5,1700,0.5,1
2,9,8704,0,0,300,0.5,572,0.32,486,0.18,1
2,10,7278,0,0,300,0.5,572,0.32,486,0.18,1
2,11,11499,2,10,5,0,500,0.6,1000,0.2,1400,0.2,1
3,0,8913,1,0,300,0.5,1700,0.5,1
3,1,10601,1,0,666,0.42,420,0.58,1
3,2,14004,0,0,300,0.5,572,0.32,486,0.18,1
3,3,2578,0,0,666,0.42,420,0.58,1
3,4,14748,0,0,500,0.6,1000,0.2,1400,0.2,1
3,5,5929,1,0,300,0.5,572,0.32,486,0.18,1
3,6,5382,2,10,5,0,300,0.5,572,0.32,486,0.18,1
3,7,3254,0,0,300,0.5,572,0.32,486,0.18,1
3,8,13340,2,10,5,0,300,0.5,1700,0.5,1
3,9,12749,1,0,500,0.6,1000,0.2,1400,0.2,1
3,10,11098,0,0,300,0.5,572,0.32,486,0.18,1
3,11,11388,2,10,5,0,500,0.6,1000,0.2,1400,0.2,1
4,0,8657,0,0,500,0.6,1000,0.2,1400,0.2,1
4,1,14551,0,0,500,0.6,1000,0.2,1400,0.2,1
4,2,14945,2,10,5,0,300,0.5,572,0.32,486,0.18,1
4,3,4994,2,10,5,0,666,0.42,420,0.58,1
4,4,4665,2,10,5,0,500,0.6,1000,0.2,1400,0.2,1
4,5,14857,0,0,500,0.6,1000,0.2,1400,0.2,1
4,6,8432,2,10,5,0,666,0.42,420,0.58,1
4,7,875,0,0,300,0.5,1700,0.5,1
4,8,6395,2,10,5,0,500,0.6,1000,0.2,1400,0.2,1
4,9,898,1,0,300,0.5,572,0.32,486,0.18,1
4,10,12981,2,10,5,0,300,0.5,572,0.32,486,0.18,1
4,11,10115,0,0,666,0.42,420,0.58,1
5,0,6036,1,0,300,0.5,572,0.32,486,0.18,1
5,1,12311,0,0,666,0.42,420,0.58,1
5,2,14337,0,0,300,0.5,1700,0.5,1
5,3,13276,1,0,500,0.6,1000,0.2,1400,0.2,1
5,4,3674,2,10,5,0,300,0.5,572,0.32,486,0.18,1
5,5,7822,2,10,5,0,500,0.6,1000,0.2,1400,0.2,1
5,6,3807,0,0,300,0.5,1700,0.5,1
5,7,1364,0,0,666,0.42,420,0.58,1
5,8,11815,1,0,500,0.6,1000,0.2,1400,0.2,1
5,9,12147,0,0,300,0.5,1700,0.5,1
5,10,8176,2,10,5,0,300,0.5,1700,0.5,1
5,11,4462,0,0,666,0.42,420,0.58,1
6,0,811,1,0,300,0.5,1700,0.5,1
6,1,14758,0,0,666,0.42,420,0.58,1
6,2,11765,1,0,300,0.5,1700,0.5,1
6,3,9763,0,0,300,0.5,572,0.32,486,0.18,1
6,4,7196,2,10,5,0,300,0.5,572,0.32,486,0.18,1
6,5,2410,0,0,500,0.6,1000,0.2,1400,0.2,1
6,6,4894,1,0,300,0.5,1700,0.5,1
6,7,11173,1,0,500,0.6,1000,0.2,1400,0.2,1
6,8,2377,0,0,500,0.6,1000,0.2,1400,0.2,1
6,9,302,0,0,300,0.5,572,0.32,486,0.18,1
6,10,11894,0,0,300,0.5,572,0.32,486,0.18,1
6,11,10601,2,10,5,0,500,0.6,1000,0.2,1400,0.2,1
7,0,5066,1,0,300,0.5,1700,0.5,1
7,1,8062,2,10,5,0,300,0.5,1700,0.5,1
7,2,10061,0,0,300,0.5,1700,0.5,1
7,3,12053,2,10,5,0,666,0.42,420,0.58,1
7,4,2535,2,10,5,0,500,0.6,1000,0.2,1400,0.2,1
7,5,2715,2,10,5,0,666,0.42,420,0.58,1
7,6,7974,1,0,300,0.5,1700,0.5,1
7,7,14891,0,0,300,0.5,572,0.32,486,0.18,1
7,8,9640,0,0,300,0.5,572,0.32,486,0.18,1
7,9,11136,1,0,666,0.42,420,0.58,1
7,10,6175,2,10,5,0,666,0.42,420,0.58,1
7,11,11814,1,0,300,0.5,572,0.32,486,0.18,1
8,0,2996,0,0,300,0.5,572,0.32,486,0.18,1
8,1,8184,1,0,300,0.5,572,0.32,486,0.18,1
8,2,2087,2,10,5,0,500,0.6,1000,0.2,1400,0.2,1
8,3,2411,0,0,300,0.5,1700,0.5,1
8,4,2383,1,0,666,0.42,420,0.58,1
8,5,11445,0,0,300,0.5,1700,0.5,1
8,6,13909,0,0,500,0.6,1000,0.2,1400,0.2,1
8,7,8080,1,0,666,0.42,420,0.58,1
8,8,5617,0,0,500,0.6,1000,0.2,1400,0.2,1
8,9,1811,0,0,300,0.5,572,0.32,486,0.18,1
8,10,13377,1,0,500,0.6,1000,0.2,1400,0.2,1
8,11,13145,2,10,5,0,500,0.6,1000,0.2,1400,0.2,1
9,0,9055,1,0,666,0.42,420,0.58,1
9,1,467,2,10,5,0,500,0.6,1000,0.2,1400,0.2,1
9,2,889,2,10,5,0,300,0.5,572,0.32,486,0.18,1
9,3,11323,1,0,300,0.5,572,0.32,486,0.18,1
9,4,4868,2,10,5,0,500,0.6,1000,0.2,1400,0.2,1
9,5,13190,0,0,666,0.42,420,0.58,1
9,6,11461,2,10,5,0,300,0.5,572,0.32,486,0.18,1
9,7,1566,0,0,666,0.42,420,0.58,1
9,8,10096,1,0,500,0.6,1000,0.2,1400,0.2,1
9,9,3085,1,0,666,0.42,420,0.58,1
9,10,14663,2,10,5,0,666,0.42,420,0.58,1
9,11,3067,1,0,300,0.5,572,0.32,486,0.18,1
10,0,2107,2,10,5,0,300,0.5,572,0.32,486,0.18,1
10,1,10107,2,10,5,0,300,0.5,572,0.32,486,0.18,1
10,2,11637,1,0,500,0.6,1000,0.2,1400,0.2,1
10,3,9939,0,0,300,0.5,1700,0.5,1
10,4,8008,0,0,666,0.42,420,0.58,1
10,5,56,2,10,5,0,500,0.6,1000,0.2,1400,0.2,1
10,6,6527,0,0,500,0.6,1000,0.2,1400,0.2,1
10,7,9117,1,0,300,0.5,572,0.32,486,0.18,1
10,8,7022,2,10,5,0,666,0.42,420,0.58,1
10,9,9064,2,10,5,0,500,0.6,1000,0.2,1400,0.2,1
10,10,5225,1,0,300,0.5,1700,0.5,1
10,11,824,1,0,300,0.5,572,0.32,486,0.18,1
11,0,8474,1,0,300,0.5,572,0.32,486,0.18,1
11,1,10139,2,10,5,0,666,0.42,420,0.58,1
11,2,9510,2,10,5,0,500,0.6,1000,0.2,1400,0.2,1
11,3,5906,1,0,300,0.5,1700,0.5,1
11,4,13037,0,0,666,0.42,420,0.58,1
11,5,10079,0,0,666,0.42,420,0.58,1
11,6,11731,2,10,5,0,666,0.42,420,0.58,1
11,7,5528,0,0,500,0.6,1000,0.2,1400,0.2,1
11,8,9573,0,0,666,0.42,420,0.58,1
11,9,13158,0,0,300,0.5,1700,0.5,1
11,10,11539,1,0,300,0.5,1700,0.5,1
11,11,14745,2,10,5,0,300,0.5,572,0.32,486,0.18,1
