0,0,5061,1,0,300,0.5,572,0.32,486,0.18,1
0,1,1172,2,10,5,0,500,0.6,1000,0.2,1400,0.2,1
0,2,181,1,0,300,0.5,572,0.32,486,0.18,1
0,3,4362,1,0,500,0.6,1000,0.2,1400,0.2,1
0,4,6631,1,0,300,0.5,572,0.32,486,0.18,1
0,5,7830,1,0,666,0.42,420,0.58,1
0,6,6967,1,0,300,0.5,1700,0.5,1
0,7,12991,2,10,5,0,300,0.5,572,0.32,486,0.18,1
0,8,1483,2,10,5,0,300,0.5,1700,0.5,1
0,9,4427,0,0,500,0.6,1000,0.2,1400,0.2,1
0,10,10171,2,10,5,0,300,0.5,572,0.32,486,0.18,1
0,11,12572,0,0,500,0.6,1000,0.2,1400,0.2,1
1,0,7882,0,0,300,0.5,1700,0.5,1
1,1,7353,2,10,5,0,666,0.42,420,0.58,1
1,2,14641,0,0,300,0.5,572,0.32,486,0.18,0
1,3,4383,0,0,300,0.5,1700,0.5,1
1,4,9082,2,10,5,0,666,0.42,420,0.58,1
1,5,10707,1,0,666,0.42,420,0.58,1
1,6,12765,2,10,5,0,300,0.5,572,0.32,486,0.18,1
1,7,12142,0,0,300,0.5,572,0.32,486,0.18,1
1,8,5262,2,10,5,0,300,0.5,1700,0.5,1
1,9,8781,0,0,300,0.5,1700,0.5,1
1,10,341,0,0,666,0.42,420,0.58,1
1,11,12423,2,10,5,0,300,0.5,1700,0.5,1
2,0,8469,1,0,666,0.42,420,0.58,1
2,1,5337,2,10,5,0,300,0.5,572,0.32,486,0.18,1
2,2,5696,1,0,500,0.6,1000,0.2,1400,0.2,1
2,3,8123,0,0,666,0.42,420,0.58,1
2,4,12207,0,0,500,0.6,1000,0.2,1400,0.2,1
2,5,1446,0,0,666,0.42,420,0.58,1
2,6,1318,0,0,300,0.5,1700,0.5,1
2,7,6863,0,0,300,0.5,572,0.32,486,0.18,1
2,8,12598,1,0,500,0.6,1000,0.2,1400,0.2,1
2,9,8197,2,10,5,0,300,0.5,572,0.32,486,0.18,1
2,10,14514,1,0,500,0.6,1000,0.2,1400,0.2,1
2,11,2495,1,0,300,0.5,1700,0.5,1
3,0,12389,0,0,666,0.42,420,0.58,1
3,1,2950,0,0,300,0.5,1700,0.5,1
3,2,3273,2,10,5,0,300,0.5,572,0.32,486,0.18,1
3,3,7385,2,10,5,0,300,0.5,1700,0.5,1
3,4,13328,1,0,300,0.5,1700,0.5,1
3,5,4790,0,0,300,0.5,1700,0.5,1
3,6,3417,0,0,300,0.5,572,0.32,486,0.18,1
3,7,6698,1,0,300,0.5,1700,0.5,1
3,8,8674,0,0,500,0.6,1000,0.2,1400,0.2,1
3,9,14553,0,0,300,0.5,1700,0.5,1
3,10,12468,0,0,500,0.6,1000,0.2,1400,0.2,1
3,11,2244,2,10,5,0,500,0.6,1000,0.2,1400,0.2,1
4,0,12049,2,10,5,0,300,0.5,572,0.32,486,0.18,1
4,1,8060,2,10,5,0,300,0.5,1700,0.5,1
4,2,7280,0,0,666,0.42,420,0.58,1
4,3,5309,0,0,300,0.5,572,0.32,486,0.18,1
4,4,11880,2,10,5,0,300,0.5,572,0.32,486,0.18,1
4,5,8152,1,0,300,0.5,572,0.32,486,0.18,1
4,6,4249,1,0,666,0.42,420,0.58,1
4,7,11586,2,10,5,0,300,0.5,572,0.32,486,0.18,1
4,8,12728,0,0,666,0.42,420,0.58,1
4,9,10750,1,0,500,0.6,1000,0.2,1400,0.2,1
4,10,3842,2,10,5,0,300,0.5,1700,0.5,1
4,11,9380,0,0,666,0.42,420,0.58,1
5,0,14623,2,10,5,0,300,0.5,1700,0.5,1
5,1,7919,2,10,5,0,666,0.42,420,0.58,1
5,2,13224,0,0,300,0.5,572,0.32,486,0.18,1
5,3,10610,2,10,5,0,300,0.5,572,0.32,486,0.18,1
5,4,3178,0,0,300,0.5,1700,0.5,1
5,5,2799,1,0,500,0.6,1000,0.2,1400,0.2,1
5,6,7683,0,0,500,0.6,1000,0.2,1400,0.2,1
5,7,3454,1,0,300,0.5,572,0.32,486,0.18,1
5,8,12462,0,0,300,0.5,1700,0.5,1
5,9,14730,2,10,5,0,300,0.5,1700,0.5,1
5,10,10072,2,10,5,0,300,0.5,1700,0.5,1
5,11,5601,1,0,666,0.42,420,0.58,1
6,0,2011,2,10,5,0,300,0.5,572,0.32,486,0.18,1
6,1,5084,2,10,5,0,300,0.5,1700,0.5,1
6,2,11124,0,0,666,0.42,420,0.58,1
6,3,2020,2,10,5,0,300,0.5,572,0.32,486,0.18,1
6,4,8314,2,10,5,0,666,0.42,420,0.58,1
6,5,7271,0,0,500,0.6,1000,0.2,1400,0.2,1
6,6,1540,1,0,500,0.6,1000,0.2,1400,0.2,1
6,7,14594,1,0,300,0.5,572,0.32,486,0.18,1
6,8,9047,0,0,300,0.5,572,0.32,486,0.18,1
6,9,10480,0,0,300,0.5,572,0.32,486,0.18,1
6,10,9020,2,10,5,0,300,0.5,1700,0.5,1
6,11,14030,0,0,500,0.6,1000,0.2,1400,0.2,1
7,0,6661,1,0,666,0.42,420,0.58,1
7,1,5563,2,10,5,0,500,0.6,1000,0.2,1400,0.2,1
7,2,12001,1,0,300,0.5,1700,0.5,1
7,3,3693,1,0,300,0.5,1700,0.5,1
7,4,14847,2,10,5,0,300,0.5,1700,0.5,1
7,5,10057,0,0,666,0.42,420,0.58,1
7,6,6112,1,0,300,0.5,1700,0.5,1
7,7,9657,0,0,300,0.5,572,0.32,486,0.18,1
7,8,3212,1,0,500,0.6,1000,0.2,1400,0.2,1
7,9,12836,2,10,5,0,666,0.42,420,0.58,1
7,10,7786,2,10,5,0,500,0.6,1000,0.2,1400,0.2,1
7,11,14217,1,0,500,0.6,1000,0.2,1400,0.2,1
8,0,7545,2,10,5,0,666,0.42,420,0.58,1
8,1,7643,1,0,300,0.5,1700,0.5,1
8,2,4608,1,0,300,0.5,1700,0.5,1
8,3,3836,1,0,666,0.42,420,0.58,1
8,4,13796,2,10,5,0,500,0.6,1000,0.2,1400,0.2,1
8,5,5743,0,0,300,0.5,1700,0.5,1
8,6,10177,1,0,666,0.42,420,0.58,1
8,7,14769,1,0,300,0.5,1700,0.5,1
8,8,3745,0,0,300,0.5,572,0.32,486,0.18,1
8,9,2463,1,0,500,0.6,1000,0.2,1400,0.2,1
8,10,799,1,0,500,0.6,1000,0.2,1400,0.2,1
8,11,2591,0,0,300,0.5,572,0.32,486,0.18,1
9,0,3128,2,10,5,0,666,0.42,420,0.58,1
9,1,2070,1,0,300,0.5,1700,0.5,1
9,2,3148,0,0,500,0.6,1000,0.2,1400,0.2,1
9,3,9206,1,0,300,0.5,572,0.32,486,0.18,1
9,4,11487,1,0,666,0.42,420,0.58,1
9,5,6413,1,0,500,0.6,1000,0.2,1400,0.2,1
9,6,14220,1,0,300,0.5,1700,0.5,1
9,7,10530,0,0,300,0.5,1700,0.5,1
9,8,558,1,0,500,0.6,1000,0.2,1400,0.2,1
9,9,5140,2,10,5,0,300,0.5,1700,0.5,1
9,10,6299,2,10,5,0,300,0.5,572,0.32,486,0.18,1
9,11,14338,0,0,300,0.5,572,0.32,486,0.18,1
10,0,733,1,0,666,0.42,420,0.58,1
10,1,6920,2,10,5,0,300,0.5,572,0.32,486,0.18,1
10,2,6123,1,0,666,0.42,420,0.58,1
10,3,3596,1,0,300,0.5,572,0.32,486,0.18,1
10,4,12517,1,0,300,0.5,572,0.32,486,0.18,1
10,5,8064,0,0,666,0.42,420,0.58,1
10,6,4574,1,0,300,0.5,1700,0.5,1
10,7,437,2,10,5,0,300,0.5,572,0.32,486,0.18,1
10,8,5631,2,10,5,0,666,0.42,420,0.58,1
10,9,13638,1,0,300,0.5,572,0.32,486,0.18,1
10,10,10141,0,0,300,0.5,1700,0.5,1
10,11,5069,1,0,300,0.5,1700,0.5,1
11,0,11079,2,10,5,0,300,0.5,1700,0.5,1
11,1,12412,0,0,666,0.42,420,0.58,1
11,2,11667,2,10,5,0,300,0.5,572,0.32,486,0.18,1
11,3,3321,2,10,5,0,500,0.6,1000,0.2,1400,0.2,1
11,4,8930,0,0,666,0.42,420,0.58,1
11,5,6930,1,0,500,0.6,1000,0.2,1400,0.2,1
11,6,7197,2,10,5,0,666,0.42,420,0.58,1
11,7,1717,0,0,300,0.5,572,0.32,486,0.18,1
11,8,12599,1,0,666,0.42,420,0.58,1
11,9,5310,1,0,300,0.5,1700,0.5,1
11,10,12903,2,10,5,0,300,0.5,1700,0.5,1
11,11,12221,2,10,5,0,300,0.5,1700,0.5,1
