0,0,7118,2,10,5,0,500,0.6,1000,0.2,1400,0.2,1
0,1,5157,1,0,300,0.5,572,0.32,486,0.18,1
0,2,8998,1,0,666,0.42,420,0.58,1
0,3,12008,0,0,500,0.6,1000,0.2,1400,0.2,1
0,4,6590,2,10,5,0,500,0.6,1000,0.2,1400,0.2,1
0,5,7760,1,0,666,0.42,420,0.58,1
0,6,72,0,0,300,0.5,572,0.32,486,0.18,1
0,7,11785,1,0,666,0.42,420,0.58,1
0,8,4613,1,0,500,0.6,1000,0.2,1400,0.2,1
0,9,6450,1,0,300,0.5,572,0.32,486,0.18,1
0,10,7996,0,0,300,0.5,1700,0.5,1
0,11,8689,0,0,300,0.5,572,0.32,486,0.18,1
1,0,9556,0,0,300,0.5,572,0.32,486,0.18,1
1,1,6618,0,0,666,0.42,420,0.58,1
1,2,10131,2,10,5,0,300,0.5,572,0.32,486,0.18,0
1,3,7171,1,0,300,0.5,1700,0.5,1
1,4,9452,0,0,300,0.5,1700,0.5,1
1,5,4418,2,10,5,0,300,0.5,1700,0.5,1
1,6,7433,0,0,666,0.42,420,0.58,1
1,7,4918,1,0,300,0.5,572,0.32,486,0.18,1
1,8,3801,2,10,5,0,300,0.5,1700,0.5,1
1,9,10859,2,10,5,0,666,0.42,420,0.58,1
1,10,9643,0,0,300,0.5,572,0.32,486,0.18,1
1,11,6664,0,0,666,0.42,420,0.58,1
2,0,13330,1,0,300,0.5,572,0.32,486,0.18,1
2,1,1640,1,0,666,0.42,420,0.58,1
2,2,3313,2,10,5,0,666,0.42,420,0.58,1
2,3,12673,2,10,5,0,666,0.42,420,0.58,1
2,4,11980,0,0,666,0.42,420,0.58,1
2,5,5736,1,0,300,0.5,1700,0.5,1
2,6,14169,1,0,300,0.5,1700,0.5,1
2,7,4144,2,10,5,0,666,0.42,420,0.58,1
2,8,703,0,0,500,0.6,1000,0.2,1400,0.2,1
2,9,10238,2,10,5,0,300,0.5,1700,0.5,1
2,10,14071,1,0,500,0.6,1000,0.2,1400,0.2,1
2,11,9036,0,0,300,0.5,572,0.32,486,0.18,1
3,0,7926,0,0,666,0.42,420,0.58,1
3,1,9784,0,0,300,0.5,1700,0.5,1
3,2,12530,0,0,300,0.5,1700,0.5,1
3,3,14109,2,10,5,0,300,0.5,1700,0.5,1
3,4,2403,2,10,5,0,300,0.5,1700,0.5,1
3,5,5582,0,0,500,0.6,1000,0.2,1400,0.2,1
3,6,8593,2,10,5,0,300,0.5,572,0.32,486,0.18,1
3,7,1260,0,0,500,0.6,1000,0.2,1400,0.2,1
3,8,14820,0,0,666,0.42,420,0.58,1
3,9,7187,2,10,5,0,500,0.6,1000,0.2,1400,0.2,1
3,10,2350,0,0,300,0.5,1700,0.5,1
3,11,6650,2,10,5,0,300,0.5,1700,0.5,1
4,0,3921,2,10,5,0,500,0.6,1000,0.2,1400,0.2,1
4,1,1918,1,0,300,0.5,1700,0.5,1
4,2,2060,2,10,5,0,300,0.5,572,0.32,486,0.18,1
4,3,13299,0,0,300,0.5,1700,0.5,1
4,4,10482,0,0,300,0.5,572,0.32,486,0.18,1
4,5,13056,1,0,300,0.5,1700,0.5,1
4,6,4907,2,10,5,0,500,0.6,1000,0.2,1400,0.2,1
4,7,1770,2,10,5,0,300,0.5,1700,0.5,1
4,8,13044,0,0,300,0.5,1700,0.5,1
4,9,4130,2,10,5,0,300,0.5,1700,0.5,1
4,10,3112,2,10,5,0,300,0.5,1700,0.5,1
4,11,5827,1,0,500,0.6,1000,0.2,1400,0.2,1
5,0,14723,0,0,300,0.5,1700,0.5,1
5,1,11078,0,0,300,0.5,1700,0.5,1
5,2,14954,1,0,500,0.6,1000,0.2,1400,0.2,1
5,3,8400,1,0,300,0.5,1700,0.5,1
5,4,9742,2,10,5,0,666,0.42,420,0.58,1
5,5,1670,1,0,300,0.5,572,0.32,486,0.18,1
5,6,7291,0,0,300,0.5,1700,0.5,1
5,7,5366,2,10,5,0,300,0.5,572,0.32,486,0.18,1
5,8,12634,0,0,666,0.42,420,0.58,1
5,9,3824,1,0,500,0.6,1000,0.2,1400,0.2,1
5,10,5625,0,0,300,0.5,1700,0.5,1
5,11,3627,2,10,5,0,666,0.42,420,0.58,1
6,0,10440,1,0,666,0.42,420,0.58,1
6,1,6208,0,0,300,0.5,572,0.32,486,0.18,1
6,2,9886,1,0,300,0.5,572,0.32,486,0.18,1
6,3,8926,1,0,500,0.6,1000,0.2,1400,0.2,1
6,4,10765,2,10,5,0,666,0.42,420,0.58,1
6,5,5382,1,0,500,0.6,1000,0.2,1400,0.2,1
6,6,7488,1,0,300,0.5,1700,0.5,1
6,7,7710,0,0,500,0.6,1000,0.2,1400,0.2,1
6,8,6177,2,10,5,0,300,0.5,572,0.32,486,0.18,1
6,9,12844,0,0,300,0.5,572,0.32,486,0.18,1
6,10,4533,0,0,666,0.42,420,0.58,1
6,11,8670,1,0,500,0.6,1000,0.2,1400,0.2,1
7,0,7823,2,10,5,0,300,0.5,1700,0.5,1
7,1,11152,2,10,5,0,300,0.5,1700,0.5,1
7,2,2941,0,0,666,0.42,420,0.58,1
7,3,11930,2,10,5,0,500,0.6,1000,0.2,1400,0.2,1
7,4,1513,0,0,666,0.42,420,0.58,1
7,5,11891,2,10,5,0,666,0.42,420,0.58,1
7,6,10821,2,10,5,0,666,0.42,420,0.58,1
7,7,11618,2,10,5,0,500,0.6,1000,0.2,1400,0.2,1
7,8,12023,1,0,300,0.5,572,0.32,486,0.18,1
7,9,5093,1,0,500,0.6,1000,0.2,1400,0.2,1
7,10,3090,2,10,5,0,666,0.42,420,0.58,1
7,11,5739,0,0,666,0.42,420,0.58,1
8,0,12103,1,0,300,0.5,572,0.32,486,0.18,1
8,1,5691,0,0,300,0.5,1700,0.5,1
8,2,11563,1,0,500,0.6,1000,0.2,1400,0.2,1
8,3,3805,2,10,5,0,666,0.42,420,0.58,1
8,4,13695,2,10,5,0,666,0.42,420,0.58,1
8,5,3097,2,10,5,0,300,0.5,1700,0.5,1
8,6,9821,1,0,300,0.5,1700,0.5,1
8,7,8127,1,0,300,0.5,572,0.32,486,0.18,1
8,8,2326,0,0,300,0.5,1700,0.5,1
8,9,14469,1,0,300,0.5,1700,0.5,1
8,10,1011,0,0,300,0.5,1700,0.5,1
8,11,11523,2,10,5,0,300,0.5,1700,0.5,1
9,0,12497,2,10,5,0,300,0.5,572,0.32,486,0.18,1
9,1,1207,2,10,5,0,300,0.5,572,0.32,486,0.18,1
9,2,13026,2,10,5,0,300,0.5,572,0.32,486,0.18,1
9,3,2714,2,10,5,0,666,0.42,420,0.58,1
9,4,754,2,10,5,0,666,0.42,420,0.58,1
9,5,1745,0,0,300,0.5,1700,0.5,1
9,6,755,1,0,666,0.42,420,0.58,1
9,7,26,2,10,5,0,666,0.42,420,0.58,1
9,8,3521,0,0,300,0.5,1700,0.5,1
9,9,2991,2,10,5,0,300,0.5,1700,0.5,1
9,10,646,0,0,300,0.5,1700,0.5,1
9,11,724,2,10,5,0,666,0.42,420,0.58,1
10,0,14446,0,0,500,0.6,1000,0.2,1400,0.2,1
10,1,4671,1,0,300,0.5,1700,0.5,1
10,2,12710,2,10,5,0,500,0.6,1000,0.2,1400,0.2,1
10,3,12588,0,0,300,0.5,1700,0.5,1
10,4,6669,2,10,5,0,500,0.6,1000,0.2,1400,0.2,1
10,5,6603,0,0,500,0.6,1000,0.2,1400,0.2,1
10,6,12623,1,0,500,0.6,1000,0.2,1400,0.2,1
10,7,4353,1,0,300,0.5,572,0.32,486,0.18,1
10,8,12539,1,0,300,0.5,572,0.32,486,0.18,1
10,9,855,1,0,666,0.42,420,0.58,1
10,10,5363,0,0,666,0.42,420,0.58,1
10,11,1000,1,0,500,0.6,1000,0.2,1400,0.2,1
11,0,12694,0,0,300,0.5,1700,0.5,1
11,1,6919,0,0,300,0.5,1700,0.5,1
11,2,14077,1,0,500,0.6,1000,0.2,1400,0.2,1
11,3,14371,2,10,5,0,500,0.6,1000,0.2,1400,0.2,1
11,4,13174,1,0,666,0.42,420,0.58,1
11,5,10572,2,10,5,0,300,0.5,1700,0.5,1
11,6,4022,1,0,666,0.42,420,0.58,1
11,7,3845,2,10,5,0,666,0.42,420,0.58,1
11,8,5131,0,0,300,0.5,1700,0.5,1
11,9,779,1,0,300,0.5,1700,0.5,1
11,10,7131,1,0,500,0.6,1000,0.2,1400,0.2,1
11,11,10642,0,0,666,0.42,420,0.58,1
