0,0,5659,2,10,5,0,500,0.6,1000,0.2,1400,0.2,1
0,1,13421,1,0,500,0.6,1000,0.2,1400,0.2,1
0,2,12669,1,0,500,0.6,1000,0.2,1400,0.2,1
0,3,1486,2,10,5,0,300,0.5,1700,0.5,1
0,4,1029,0,0,666,0.42,420,0.58,1
0,5,9113,2,10,5,0,300,0.5,572,0.32,486,0.18,1
0,6,14937,0,0,666,0.42,420,0.58,1
0,7,6127,2,10,5,0,500,0.6,1000,0.2,1400,0.2,1
0,8,4010,0,0,300,0.5,572,0.32,486,0.18,1
0,9,8182,2,10,5,0,300,0.5,1700,0.5,1
0,10,9391,1,0,500,0.6,1000,0.2,1400,0.2,1
0,11,1629,1,0,666,0.42,420,0.58,1
1,0,9123,0,0,666,0.42,420,0.58,1
1,1,4901,1,0,500,0.6,1000,0.2,1400,0.2,1
1,2,6295,2,10,5,0,666,0.42,420,0.58,0
1,3,2123,2,10,5,0,300,0.5,1700,0.5,1
1,4,6617,0,0,300,0.5,572,0.32,486,0.18,1
1,5,13361,0,0,300,0.5,1700,0.5,1
1,6,14584,2,10,5,0,300,0.5,1700,0.5,1
1,7,6254,2,10,5,0,500,0.6,1000,0.2,1400,0.2,1
1,8,9624,0,0,300,0.5,572,0.32,486,0.18,1
1,9,1751,1,0,666,0.42,420,0.58,1
1,10,14557,1,0,300,0.5,572,0.32,486,0.18,1
1,11,6656,1,0,500,0.6,1000,0.2,1400,0.2,1
2,0,9702,0,0,300,0.5,572,0.32,486,0.18,1
2,1,14182,1,0,300,0.5,1700,0.5,1
2,2,7355,1,0,300,0.5,1700,0.5,1
2,3,2762,0,0,666,0.42,420,0.58,1
2,4,10440,0,0,300,0.5,1700,0.5,1
2,5,8265,2,10,5,0,300,0.5,572,0.32,486,0.18,1
2,6,5408,0,0,300,0.5,1700,0.5,1
2,7,3080,2,10,5,0,300,0.5,572,0.32,486,0.18,1
2,8,5260,1,0,300,0.5,1700,0.5,1
2,9,3715,1,0,500,0.6,1000,0.2,1400,0.2,1
2,10,6186,1,0,300,0.5,572,0.32,486,0.18,1
2,11,12061,2,10,5,0,500,0.6,1000,0.2,1400,0.2,1
3,0,1036,1,0,666,0.42,420,0.58,1
3,1,8323,2,10,5,0,500,0.6,1000,0.2,1400,0.2,1
3,2,3633,2,10,5,0,666,0.42,420,0.58,1
3,3,633,1,0,300,0.5,572,0.32,486,0.18,1
3,4,6850,2,10,5,0,300,0.5,1700,0.5,1
3,5,6446,0,0,666,0.42,420,0.58,1
3,6,980,0,0,300,0.5,1700,0.5,1
3,7,12804,1,0,666,0.42,420,0.58,1
3,8,7192,0,0,500,0.6,1000,0.2,1400,0.2,1
3,9,11797,0,0,500,0.6,1000,0.2,1400,0.2,1
3,10,13542,2,10,5,0,500,0.6,1000,0.2,1400,0.2,1
3,11,10116,1,0,500,0.6,1000,0.2,1400,0.2,1
4,0,2250,1,0,300,0.5,572,0.32,486,0.18,1
4,1,1478,0,0,666,0.42,420,0.58,1
4,2,12209,0,0,300,0.5,572,0.32,486,0.18,1
4,3,14358,2,10,5,0,300,0.5,1700,0.5,1
4,4,12410,1,0,300,0.5,1700,0.5,1
4,5,11190,0,0,300,0.5,572,0.32,486,0.18,1
4,6,8254,2,10,5,0,666,0.42,420,0.58,1
4,7,10156,2,10,5,0,300,0.5,572,0.32,486,0.18,1
4,8,11971,1,0,500,0.6,1000,0.2,1400,0.2,1
4,9,9078,1,0,300,0.5,1700,0.5,1
4,10,2476,2,10,5,0,300,0.5,1700,0.5,1
4,11,6507,0,0,300,0.5,572,0.32,486,0.18,1
5,0,4074,1,0,666,0.42,420,0.58,1
5,1,14922,0,0,500,0.6,1000,0.2,1400,0.2,1
5,2,5445,2,10,5,0,500,0.6,1000,0.2,1400,0.2,1
5,3,4162,1,0,300,0.5,572,0.32,486,0.18,1
5,4,14953,2,10,5,0,500,0.6,1000,0.2,1400,0.2,1
5,5,11631,2,10,5,0,300,0.5,1700,0.5,1
5,6,728,1,0,500,0.6,1000,0.2,1400,0.2,1
5,7,7766,0,0,500,0.6,1000,0.2,1400,0.2,1
5,8,5214,1,0,666,0.42,420,0.58,1
5,9,10439,2,10,5,0,666,0.42,420,0.58,1
5,10,9205,0,0,500,0.6,1000,0.2,1400,0.2,1
5,11,11756,2,10,5,0,666,0.42,420,0.58,1
6,0,2082,0,0,666,0.42,420,0.58,1
6,1,12622,2,10,5,0,300,0.5,572,0.32,486,0.18,1
6,2,10015,2,10,5,0,500,0.6,1000,0.2,1400,0.2,1
6,3,2052,1,0,300,0.5,572,0.32,486,0.18,1
6,4,3087,0,0,300,0.5,1700,0.5,1
6,5,12833,1,0,500,0.6,1000,0.2,1400,0.2,1
6,6,5679,2,10,5,0,666,0.42,420,0.58,1
6,7,7293,0,0,300,0.5,572,0.32,486,0.18,1
6,8,2447,0,0,666,0.42,420,0.58,1
6,9,14571,0,0,500,0.6,1000,0.2,1400,0.2,1
6,10,2336,2,10,5,0,666,0.42,420,0.58,1
6,11,14826,2,10,5,0,500,0.6,1000,0.2,1400,0.2,1
7,0,5793,2,10,5,0,500,0.6,1000,0.2,1400,0.2,1
7,1,14315,2,10,5,0,500,0.6,1000,0.2,1400,0.2,1
7,2,10519,0,0,666,0.42,420,0.58,1
7,3,14066,2,10,5,0,300,0.5,572,0.32,486,0.18,1
7,4,5121,2,10,5,0,300,0.5,572,0.32,486,0.18,1
7,5,7422,1,0,300,0.5,572,0.32,486,0.18,1
7,6,12692,0,0,666,0.42,420,0.58,1
7,7,13850,1,0,300,0.5,1700,0.5,1
7,8,4046,1,0,300,0.5,572,0.32,486,0.18,1
7,9,12319,1,0,666,0.42,420,0.58,1
7,10,9407,0,0,500,0.6,1000,0.2,1400,0.2,1
7,11,401,0,0,300,0.5,1700,0.5,1
8,0,12627,2,10,5,0,666,0.42,420,0.58,1
8,1,9634,2,10,5,0,300,0.5,572,0.32,486,0.18,1
8,2,7363,2,10,5,0,666,0.42,420,0.58,1
8,3,9255,2,10,5,0,500,0.6,1000,0.2,1400,0.2,1
8,4,2223,1,0,300,0.5,1700,0.5,1
8,5,6896,1,0,500,0.6,1000,0.2,1400,0.2,1
8,6,3170,2,10,5,0,300,0.5,572,0.32,486,0.18,1
8,7,10648,2,10,5,0,500,0.6,1000,0.2,1400,0.2,1
8,8,3128,2,10,5,0,300,0.5,1700,0.5,1
8,9,2714,1,0,300,0.5,572,0.32,486,0.18,1
8,10,4666,0,0,666,0.42,420,0.58,1
8,11,7849,1,0,300,0.5,1700,0.5,1
9,0,1525,1,0,300,0.5,572,0.32,486,0.18,1
9,1,5006,2,10,5,0,300,0.5,572,0.32,486,0.18,1
9,2,9281,0,0,300,0.5,1700,0.5,1
9,3,1034,0,0,300,0.5,1700,0.5,1
9,4,2061,2,10,5,0,300,0.5,572,0.32,486,0.18,1
9,5,13094,1,0,300,0.5,1700,0.5,1
9,6,11118,1,0,300,0.5,1700,0.5,1
9,7,10327,2,10,5,0,666,0.42,420,0.58,1
9,8,8625,0,0,500,0.6,1000,0.2,1400,0.2,1
9,9,6467,0,0,666,0.42,420,0.58,1
9,10,537,1,0,300,0.5,1700,0.5,1
9,11,4466,1,0,300,0.5,572,0.32,486,0.18,1
10,0,9187,0,0,300,0.5,572,0.32,486,0.18,1
10,1,8736,2,10,5,0,300,0.5,572,0.32,486,0.18,1
10,2,8953,1,0,300,0.5,572,0.32,486,0.18,1
10,3,6287,0,0,300,0.5,1700,0.5,1
10,4,8742,1,0,300,0.5,572,0.32,486,0.18,1
10,5,7206,1,0,300,0.5,1700,0.5,1
10,6,3570,0,0,666,0.42,420,0.58,1
10,7,9757,0,0,300,0.5,572,0.32,486,0.18,1
10,8,11329,0,0,666,0.42,420,0.58,1
10,9,821,2,10,5,0,300,0.5,572,0.32,486,0.18,1
10,10,1232,0,0,500,0.6,1000,0.2,1400,0.2,1
10,11,588,2,10,5,0,500,0.6,1000,0.2,1400,0.2,1
11,0,1193,1,0,300,0.5,1700,0.5,1
11,1,4035,0,0,666,0.42,420,0.58,1
11,2,6877,0,0,300,0.5,1700,0.5,1
11,3,10615,1,0,500,0.6,1000,0.2,1400,0.2,1
11,4,414,1,0,500,0.6,1000,0.2,1400,0.2,1
11,5,4226,0,0,500,0.6,1000,0.2,1400,0.2,1
11,6,10616,2,10,5,0,500,0.6,1000,0.2,1400,0.2,1
11,7,5037,0,0,666,0.42,420,0.58,1
11,8,13036,0,0,300,0.5,572,0.32,486,0.18,1
11,9,6089,0,0,300,0.5,572,0.32,486,0.18,1
11,10,2391,0,0,300,0.5,572,0.32,486,0.18,1
11,11,938,2,10,5,0,300,0.5,572,0.32,486,0.18,1
