0,0,12262,1,0,300,0.5,572,0.32,486,0.18,1
0,1,11372,0,0,300,0.5,572,0.32,486,0.18,1
0,2,5267,1,0,666,0.42,420,0.58,1
0,3,275,0,0,300,0.5,1700,0.5,1
0,4,7187,2,10,5,0,666,0.42,420,0.58,1
0,5,8475,2,10,5,0,500,0.6,1000,0.2,1400,0.2,1
0,6,8391,1,0,666,0.42,420,0.58,1
0,7,5953,2,10,5,0,500,0.6,1000,0.2,1400,0.2,1
0,8,1102,2,10,5,0,500,0.6,1000,0.2,1400,0.2,1
0,9,10778,0,0,300,0.5,572,0.32,486,0.18,1
0,10,5995,0,0,300,0.5,1700,0.5,1
0,11,1160,1,0,666,0.42,420,0.58,1
1,0,11757,1,0,500,0.6,1000,0.2,1400,0.2,1
1,1,3970,0,0,300,0.5,1700,0.5,1
1,2,2013,0,0,300,0.5,1700,0.5,0
1,3,2714,0,0,300,0.5,1700,0.5,1
1,4,14021,1,0,500,0.6,1000,0.2,1400,0.2,1
1,5,109,2,10,5,0,500,0.6,1000,0.2,1400,0.2,1
1,6,6444,0,0,666,0.42,420,0.58,1
1,7,1649,1,0,500,0.6,1000,0.2,1400,0.2,1
1,8,12104,1,0,500,0.6,1000,0.2,1400,0.2,1
1,9,13574,1,0,500,0.6,1000,0.2,1400,0.2,1
1,10,12395,2,10,5,0,300,0.5,572,0.32,486,0.18,1
1,11,12164,1,0,666,0.42,420,0.58,1
2,0,14604,2,10,5,0,300,0.5,572,0.32,486,0.18,1
2,1,5804,1,0,300,0.5,1700,0.5,1
2,2,5614,1,0,666,0.42,420,0.58,1
2,3,13694,1,0,300,0.5,1700,0.5,1
2,4,11663,0,0,666,0.42,420,0.58,1
2,5,8933,2,10,5,0,500,0.6,1000,0.2,1400,0.2,1
2,6,10069,0,0,300,0.5,1700,0.5,1
2,7,8956,2,10,5,0,300,0.5,572,0.32,486,0.18,1
2,8,12638,0,0,300,0.5,572,0.32,486,0.18,1
2,9,4628,1,0,666,0.42,420,0.58,1
2,10,9893,2,10,5,0,300,0.5,1700,0.5,1
2,11,7165,2,10,5,0,300,0.5,1700,0.5,1
3,0,14967,1,0,666,0.42,420,0.58,1
3,1,13542,2,10,5,0,300,0.5,572,0.32,486,0.18,1
3,2,11537,1,0,666,0.42,420,0.58,1
3,3,12263,1,0,300,0.5,1700,0.5,1
3,4,13778,2,10,5,0,666,0.42,420,0.58,1
3,5,1747,0,0,300,0.5,572,0.32,486,0.18,1
3,6,9352,0,0,500,0.6,1000,0.2,1400,0.2,1
3,7,6946,1,0,666,0.42,420,0.58,1
3,8,2709,2,10,5,0,666,0.42,420,0.58,1
3,9,14873,1,0,666,0.42,420,0.58,1
3,10,9456,2,10,5,0,300,0.5,1700,0.5,1
3,11,8373,2,10,5,0,666,0.42,420,0.58,1
4,0,11734,0,0,300,0.5,1700,0.5,1
4,1,2106,2,10,5,0,300,0.5,1700,0.5,1
4,2,9677,1,0,500,0.6,1000,0.2,1400,0.2,1
4,3,474,2,10,5,0,500,0.6,1000,0.2,1400,0.2,1
4,4,12630,2,10,5,0,666,0.42,420,0.58,1
4,5,10472,1,0,300,0.5,572,0.32,486,0.18,1
4,6,2029,2,10,5,0,300,0.5,1700,0.5,1
4,7,11628,0,0,500,0.6,1000,0.2,1400,0.2,1
4,8,8763,0,0,666,0.42,420,0.58,1
4,9,4153,2,10,5,0,500,0.6,1000,0.2,1400,0.2,1
4,10,11035,0,0,300,0.5,572,0.32,486,0.18,1
4,11,9709,1,0,500,0.6,1000,0.2,1400,0.2,1
5,0,5220,0,0,666,0.42,420,0.58,1
5,1,309,1,0,500,0.6,1000,0.2,1400,0.2,1
5,2,2045,0,0,666,0.42,420,0.58,1
5,3,11430,1,0,666,0.42,420,0.58,1
5,4,9730,2,10,5,0,300,0.5,1700,0.5,1
5,5,10640,2,10,5,0,500,0.6,1000,0.2,1400,0.2,1
5,6,5129,2,10,5,0,300,0.5,1700,0.5,1
5,7,7662,0,0,300,0.5,572,0.32,486,0.18,1
5,8,14801,1,0,666,0.42,420,0.58,1
5,9,11229,0,0,300,0.5,572,0.32,486,0.18,1
5,10,5691,0,0,300,0.5,1700,0.5,1
5,11,11299,1,0,500,0.6,1000,0.2,1400,0.2,1
6,0,14705,1,0,300,0.5,572,0.32,486,0.18,1
6,1,5125,2,10,5,0,300,0.5,1700,0.5,1
6,2,9690,1,0,300,0.5,1700,0.5,1
6,3,8427,2,10,5,0,300,0.5,1700,0.5,1
6,4,5689,2,10,5,0,300,0.5,572,0.32,486,0.18,1
6,5,6849,2,10,5,0,666,0.42,420,0.58,1
6,6,158,2,10,5,0,300,0.5,572,0.32,486,0.18,1
6,7,13143,1,0,666,0.42,420,0.58,1
6,8,14460,1,0,666,0.42,420,0.58,1
6,9,813,1,0,300,0.5,1700,0.5,1
6,10,11487,2,10,5,0,500,0.6,1000,0.2,1400,0.2,1
6,11,1599,0,0,300,0.5,572,0.32,486,0.18,1
7,0,11306,1,0,300,0.5,1700,0.5,1
7,1,14932,2,10,5,0,300,0.5,572,0.32,486,0.18,1
7,2,5192,1,0,666,0.42,420,0.58,1
7,3,5169,2,10,5,0,300,0.5,1700,0.5,1
7,4,12079,0,0,300,0.5,1700,0.5,1
7,5,7968,0,0,500,0.6,1000,0.2,1400,0.2,1
7,6,7411,1,0,300,0.5,1700,0.5,1
7,7,9532,1,0,666,0.42,420,0.58,1
7,8,10402,0,0,300,0.5,572,0.32,486,0.18,1
7,9,13176,0,0,300,0.5,572,0.32,486,0.18,1
7,10,12935,2,10,5,0,300,0.5,572,0.32,486,0.18,1
7,11,11661,2,10,5,0,500,0.6,1000,0.2,1400,0.2,1
8,0,9545,0,0,500,0.6,1000,0.2,1400,0.2,1
8,1,4994,2,10,5,0,666,0.42,420,0.58,1
8,2,11869,2,10,5,0,300,0.5,1700,0.5,1
8,3,1878,1,0,500,0.6,1000,0.2,1400,0.2,1
8,4,2549,1,0,300,0.5,572,0.32,486,0.18,1
8,5,4360,1,0,666,0.42,420,0.58,1
8,6,1673,0,0,500,0.6,1000,0.2,1400,0.2,1
8,7,2604,0,0,500,0.6,1000,0.2,1400,0.2,1
8,8,2460,0,0,300,0.5,1700,0.5,1
8,9,11905,0,0,300,0.5,1700,0.5,1
8,10,12283,0,0,300,0.5,572,0.32,486,0.18,1
8,11,4845,2,10,5,0,300,0.5,1700,0.5,1
9,0,791,1,0,666,0.42,420,0.58,1
9,1,5741,1,0,300,0.5,572,0.32,486,0.18,1
9,2,8458,2,10,5,0,500,0.6,1000,0.2,1400,0.2,1
9,3,5417,0,0,500,0.6,1000,0.2,1400,0.2,1
9,4,10479,0,0,500,0.6,1000,0.2,1400,0.2,1
9,5,8147,0,0,300,0.5,572,0.32,486,0.18,1
9,6,7641,0,0,300,0.5,572,0.32,486,0.18,1
9,7,10458,2,10,5,0,666,0.42,420,0.58,1
9,8,3995,1,0,666,0.42,420,0.58,1
9,9,12184,1,0,666,0.42,420,0.58,1
9,10,12903,1,0,300,0.5,572,0.32,486,0.18,1
9,11,14986,0,0,666,0.42,420,0.58,1
10,0,14391,1,0,666,0.42,420,0.58,1
10,1,7041,2,10,5,0,300,0.5,1700,0.5,1
10,2,13406,0,0,300,0.5,572,0.32,486,0.18,1
10,3,1248,1,0,500,0.6,1000,0.2,1400,0.2,1
10,4,8766,1,0,500,0.6,1000,0.2,1400,0.2,1
10,5,393,2,10,5,0,300,0.5,572,0.32,486,0.18,1
10,6,3714,2,10,5,0,500,0.6,1000,0.2,1400,0.2,1
10,7,10072,1,0,300,0.5,572,0.32,486,0.18,1
10,8,9827,1,0,666,0.42,420,0.58,1
10,9,13034,0,0,500,0.6,1000,0.2,1400,0.2,1
10,10,4074,1,0,500,0.6,1000,0.2,1400,0.2,1
10,11,7214,1,0,300,0.5,572,0.32,486,0.18,1
11,0,8588,0,0,300,0.5,1700,0.5,1
11,1,2244,2,10,5,0,500,0.6,1000,0.2,1400,0.2,1
11,2,470,1,0,666,0.42,420,0.58,1
11,3,4933,1,0,500,0.6,1000,0.2,1400,0.2,1
11,4,9938,1,0,666,0.42,420,0.58,1
11,5,13246,0,0,300,0.5,572,0.32,486,0.18,1
11,6,9577,0,0,300,0.5,1700,0.5,1
11,7,7490,1,0,300,0.5,1700,0.5,1
11,8,11798,0,0,500,0.6,1000,0.2,1400,0.2,1
11,9,6564,2,10,5,0,666,0.42,420,0.58,1
11,10,304,0,0,500,0.6,1000,0.2,1400,0.2,1
11,11,14740,0,0,666,0.42,420,0.58,1
