0,0,9933,2,10,5,0,300,0.5,1700,0.5,1
0,1,14252,1,0,300,0.5,572,0.32,486,0.18,1
0,2,10217,2,10,5,0,666,0.42,420,0.58,1
0,3,1967,2,10,5,0,500,0.6,1000,0.2,1400,0.2,1
0,4,433,1,0,500,0.6,1000,0.2,1400,0.2,1
0,5,1542,2,10,5,0,666,0.42,420,0.58,1
0,6,11175,0,0,300,0.5,572,0.32,486,0.18,1
0,7,3873,1,0,300,0.5,1700,0.5,1
0,8,6384,1,0,500,0.6,1000,0.2,1400,0.2,1
0,9,159,2,10,5,0,500,0.6,1000,0.2,1400,0.2,1
0,10,13176,0,0,300,0.5,572,0.32,486,0.18,1
0,11,6718,2,10,5,0,666,0.42,420,0.58,1
1,0,1565,0,0,300,0.5,572,0.32,486,0.18,1
1,1,14150,0,0,300,0.5,1700,0.5,1
1,2,4368,2,10,5,0,300,0.5,572,0.32,486,0.18,0
1,3,11888,1,0,300,0.5,1700,0.5,1
1,4,2521,2,10,5,0,300,0.5,572,0.32,486,0.18,1
1,5,10080,0,0,666,0.42,420,0.58,1
1,6,11793,2,10,5,0,300,0.5,1700,0.5,1
1,7,5781,2,10,5,0,300,0.5,1700,0.5,1
1,8,7091,0,0,300,0.5,572,0.32,486,0.18,1
1,9,7086,2,10,5,0,500,0.6,1000,0.2,1400,0.2,1
1,10,11588,2,10,5,0,300,0.5,572,0.32,486,0.18,1
1,11,8191,2,10,5,0,666,0.42,420,0.58,1
2,0,9818,2,10,5,0,666,0.42,420,0.58,1
2,1,13073,0,0,666,0.42,420,0.58,1
2,2,5708,2,10,5,0,666,0.42,420,0.58,1
2,3,3445,2,10,5,0,666,0.42,420,0.58,1
2,4,7271,2,10,5,0,666,0.42,420,0.58,1
2,5,13240,0,0,666,0.42,420,0.58,1
2,6,9449,0,0,300,0.5,1700,0.5,1
2,7,4020,2,10,5,0,666,0.42,420,0.58,1
2,8,12553,2,10,5,0,300,0.5,1700,0.5,1
2,9,3582,0,0,666,0.42,420,0.58,1
2,10,9756,1,0,300,0.5,572,0.32,486,0.18,1
2,11,301,2,10,5,0,500,0.6,1000,0.2,1400,0.2,1
3,0,13020,0,0,666,0.42,420,0.58,1
3,1,9620,2,10,5,0,666,0.42,420,0.58,1
3,2,7030,0,0,500,0.6,1000,0.2,1400,0.2,1
3,3,8688,1,0,300,0.5,1700,0.5,1
3,4,9078,2,10,5,0,500,0.6,1000,0.2,1400,0.2,1
3,5,3119,1,0,666,0.42,420,0.58,1
3,6,14004,1,0,300,0.5,1700,0.5,1
3,7,4598,1,0,300,0.5,572,0.32,486,0.18,1
3,8,6755,2,10,5,0,300,0.5,1700,0.5,1
3,9,13811,1,0,500,0.6,1000,0.2,1400,0.2,1
3,10,4304,0,0,300,0.5,572,0.32,486,0.18,1
3,11,2780,1,0,300,0.5,1700,0.5,1
4,0,2093,0,0,300,0.5,1700,0.5,1
4,1,9312,2,10,5,0,300,0.5,572,0.32,486,0.18,1
4,2,8082,2,10,5,0,666,0.42,420,0.58,1
4,3,8570,1,0,300,0.5,1700,0.5,1
4,4,13503,0,0,666,0.42,420,0.58,1
4,5,14663,2,10,5,0,300,0.5,572,0.32,486,0.18,1
4,6,3072,0,0,300,0.5,1700,0.5,1
4,7,1226,0,0,500,0.6,1000,0.2,1400,0.2,1
4,8,7694,2,10,5,0,500,0.6,1000,0.2,1400,0.2,1
4,9,14613,2,10,5,0,300,0.5,572,0.32,486,0.18,1
4,10,12998,0,0,300,0.5,572,0.32,486,0.18,1
4,11,11988,2,10,5,0,300,0.5,1700,0.5,1
5,0,557,2,10,5,0,500,0.6,1000,0.2,1400,0.2,1
5,1,3913,2,10,5,0,666,0.42,420,0.58,1
5,2,8281,2,10,5,0,500,0.6,1000,0.2,1400,0.2,1
5,3,13033,1,0,500,0.6,1000,0.2,1400,0.2,1
5,4,9132,0,0,300,0.5,572,0.32,486,0.18,1
5,5,11503,1,0,500,0.6,1000,0.2,1400,0.2,1
5,6,6504,2,10,5,0,666,0.42,420,0.58,1
5,7,1744,1,0,500,0.6,1000,0.2,1400,0.2,1
5,8,3995,1,0,666,0.42,420,0.58,1
5,9,13658,2,10,5,0,300,0.5,1700,0.5,1
5,10,8415,1,0,666,0.42,420,0.58,1
5,11,4791,2,10,5,0,300,0.5,1700,0.5,1
6,0,11699,2,10,5,0,500,0.6,1000,0.2,1400,0.2,1
6,1,8236,2,10,5,0,300,0.5,572,0.32,486,0.18,1
6,2,13051,0,0,500,0.6,1000,0.2,1400,0.2,1
6,3,10490,2,10,5,0,300,0.5,572,0.32,486,0.18,1
6,4,10437,0,0,300,0.5,572,0.32,486,0.18,1
6,5,65,0,0,666,0.42,420,0.58,1
6,6,12984,1,0,666,0.42,420,0.58,1
6,7,14063,2,10,5,0,666,0.42,420,0.58,1
6,8,13436,2,10,5,0,300,0.5,572,0.32,486,0.18,1
6,9,1506,0,0,666,0.42,420,0.58,1
6,10,8550,1,0,500,0.6,1000,0.2,1400,0.2,1
6,11,4472,0,0,666,0.42,420,0.58,1
7,0,11884,2,10,5,0,500,0.6,1000,0.2,1400,0.2,1
7,1,10337,2,10,5,0,500,0.6,1000,0.2,1400,0.2,1
7,2,11051,0,0,666,0.42,420,0.58,1
7,3,14102,0,0,300,0.5,572,0.32,486,0.18,1
7,4,14783,2,10,5,0,500,0.6,1000,0.2,1400,0.2,1
7,5,4786,1,0,500,0.6,1000,0.2,1400,0.2,1
7,6,6369,0,0,300,0.5,1700,0.5,1
7,7,8040,1,0,300,0.5,572,0.32,486,0.18,1
7,8,1214,2,10,5,0,300,0.5,1700,0.5,1
7,9,1935,0,0,300,0.5,572,0.32,486,0.18,1
7,10,8187,1,0,300,0.5,1700,0.5,1
7,11,2746,2,10,5,0,666,0.42,420,0.58,1
8,0,4854,1,0,300,0.5,572,0.32,486,0.18,1
8,1,3405,2,10,5,0,300,0.5,1700,0.5,1
8,2,8526,0,0,500,0.6,1000,0.2,1400,0.2,1
8,3,14921,0,0,666,0.42,420,0.58,1
8,4,8881,1,0,500,0.6,1000,0.2,1400,0.2,1
8,5,10229,0,0,300,0.5,572,0.32,486,0.18,1
8,6,2295,2,10,5,0,500,0.6,1000,0.2,1400,0.2,1
8,7,9268,2,10,5,0,300,0.5,572,0.32,486,0.18,1
8,8,3899,2,10,5,0,666,0.42,420,0.58,1
8,9,1537,0,0,500,0.6,1000,0.2,1400,0.2,1
8,10,10590,1,0,300,0.5,1700,0.5,1
8,11,1593,2,10,5,0,300,0.5,1700,0.5,1
9,0,12195,1,0,500,0.6,1000,0.2,1400,0.2,1
9,1,3368,2,10,5,0,300,0.5,572,0.32,486,0.18,1
9,2,4900,0,0,300,0.5,1700,0.5,1
9,3,5912,0,0,666,0.42,420,0.58,1
9,4,10779,1,0,300,0.5,1700,0.5,1
9,5,5383,2,10,5,0,300,0.5,572,0.32,486,0.18,1
9,6,12510,0,0,666,0.42,420,0.58,1
9,7,5129,2,10,5,0,300,0.5,1700,0.5,1
9,8,8740,2,10,5,0,300,0.5,572,0.32,486,0.18,1
9,9,2275,2,10,5,0,300,0.5,572,0.32,486,0.18,1
9,10,12588,0,0,300,0.5,1700,0.5,1
9,11,4451,2,10,5,0,300,0.5,572,0.32,486,0.18,1
10,0,4310,2,10,5,0,666,0.42,420,0.58,1
10,1,3605,0,0,666,0.42,420,0.58,1
10,2,10237,2,10,5,0,500,0.6,1000,0.2,1400,0.2,1
10,3,6529,1,0,500,0.6,1000,0.2,1400,0.2,1
10,4,4452,0,0,300,0.5,1700,0.5,1
10,5,14843,1,0,300,0.5,1700,0.5,1
10,6,5697,1,0,666,0.42,420,0.58,1
10,7,6350,1,0,300,0.5,572,0.32,486,0.18,1
10,8,12759,0,0,300,0.5,572,0.32,486,0.18,1
10,9,8106,2,10,5,0,300,0.5,572,0.32,486,0.18,1
10,10,11881,1,0,300,0.5,1700,0.5,1
10,11,1620,0,0,300,0.5,572,0.32,486,0.18,1
11,0,1385,1,0,500,0.6,1000,0.2,1400,0.2,1
11,1,3731,2,10,5,0,666,0.42,420,0.58,1
11,2,3559,1,0,300,0.5,572,0.32,486,0.18,1
11,3,1157,0,0,500,0.6,1000,0.2,1400,0.2,1
11,4,472,0,0,666,0.42,420,0.58,1
11,5,11363,2,10,5,0,666,0.42,420,0.58,1
11,6,2291,0,0,300,0.5,1700,0.5,1
11,7,6674,2,10,5,0,300,0.5,1700,0.5,1
11,8,12645,0,0,300,0.5,572,0.32,486,0.18,1
11,9,4237,2,10,5,0,300,0.5,572,0.32,486,0.18,1
11,10,11136,1,0,500,0.6,1000,0.2,1400,0.2,1
11,11,2099,0,0,666,0.42,420,0.58,1
