0,0,7615,2,10,5,0,300,0.5,572,0.32,486,0.18,1
0,1,7868,0,0,300,0.5,1700,0.5,1
0,2,10031,1,0,300,0.5,572,0.32,486,0.18,1
0,3,96,1,0,666,0.42,420,0.58,1
0,4,809,0,0,666,0.42,420,0.58,1
0,5,11151,0,0,300,0.5,572,0.32,486,0.18,1
0,6,13881,1,0,300,0.5,1700,0.5,1
0,7,2027,2,10,5,0,300,0.5,572,0.32,486,0.18,1
0,8,14134,2,10,5,0,300,0.5,1700,0.5,1
0,9,12675,1,0,500,0.6,1000,0.2,1400,0.2,1
0,10,9287,1,0,300,0.5,572,0.32,486,0.18,1
0,11,3116,1,0,666,0.42,420,0.58,1
1,0,14535,0,0,300,0.5,1700,0.5,1
1,1,9469,2,10,5,0,666,0.42,420,0.58,1
1,2,8523,0,0,300,0.5,1700,0.5,0
1,3,661,0,0,666,0.42,420,0.58,1
1,4,14513,0,0,300,0.5,572,0.32,486,0.18,1
1,5,12890,0,0,666,0.42,420,0.58,1
1,6,9183,0,0,500,0.6,1000,0.2,1400,0.2,1
1,7,10000,0,0,500,0.6,1000,0.2,1400,0.2,1
1,8,2689,2,10,5,0,300,0.5,1700,0.5,1
1,9,5796,0,0,666,0.42,420,0.58,1
1,10,14737,1,0,666,0.42,420,0.58,1
1,11,5894,0,0,300,0.5,572,0.32,486,0.18,1
2,0,12159,2,10,5,0,666,0.42,420,0.58,1
2,1,4853,0,0,500,0.6,1000,0.2,1400,0.2,1
2,2,2734,1,0,500,0.6,1000,0.2,1400,0.2,1
2,3,2984,2,10,5,0,300,0.5,1700,0.5,1
2,4,1079,1,0,666,0.42,420,0.58,1
2,5,13725,0,0,500,0.6,1000,0.2,1400,0.2,1
2,6,13658,0,0,300,0.5,1700,0.5,1
2,7,2548,1,0,666,0.42,420,0.58,1
2,8,3009,0,0,666,0.42,420,0.58,1
2,9,5998,2,10,5,0,500,0.6,1000,0.2,1400,0.2,1
2,10,10906,0,0,666,0.42,420,0.58,1
2,11,2210,1,0,300,0.5,572,0.32,486,0.18,1
3,0,9711,1,0,500,0.6,1000,0.2,1400,0.2,1
3,1,13387,0,0,500,0.6,1000,0.2,1400,0.2,1
3,2,439,0,0,300,0.5,572,0.32,486,0.18,1
3,3,573,2,10,5,0,300,0.5,1700,0.5,1
3,4,14520,2,10,5,0,500,0.6,1000,0.2,1400,0.2,1
3,5,9490,2,10,5,0,500,0.6,1000,0.2,1400,0.2,1
3,6,2733,2,10,5,0,666,0.42,420,0.58,1
3,7,10363,1,0,300,0.5,1700,0.5,1
3,8,280,1,0,300,0.5,572,0.32,486,0.18,1
3,9,14399,2,10,5,0,500,0.6,1000,0.2,1400,0.2,1
3,10,4400,0,0,666,0.42,420,0.58,1
3,11,4552,1,0,300,0.5,572,0.32,486,0.18,1
4,0,3198,0,0,666,0.42,420,0.58,1
4,1,6696,1,0,666,0.42,420,0.58,1
4,2,5818,0,0,666,0.42,420,0.58,1
4,3,847,1,0,666,0.42,420,0.58,1
4,4,9543,2,10,5,0,500,0.6,1000,0.2,1400,0.2,1
4,5,12723,2,10,5,0,300,0.5,572,0.32,486,0.18,1
4,6,12600,0,0,666,0.42,420,0.58,1
4,7,14559,0,0,666,0.42,420,0.58,1
4,8,9943,2,10,5,0,300,0.5,572,0.32,486,0.18,1
4,9,11051,0,0,500,0.6,1000,0.2,1400,0.2,1
4,10,9020,0,0,300,0.5,572,0.32,486,0.18,1
4,11,11434,0,0,300,0.5,1700,0.5,1
5,0,11340,0,0,300,0.5,1700,0.5,1
5,1,637,0,0,666,0.42,420,0.58,1
5,2,13892,0,0,666,0.42,420,0.58,1
5,3,14309,0,0,500,0.6,1000,0.2,1400,0.2,1
5,4,9918,2,10,5,0,300,0.5,572,0.32,486,0.18,1
5,5,6011,0,0,300,0.5,1700,0.5,1
5,6,5197,1,0,300,0.5,1700,0.5,1
5,7,10715,0,0,300,0.5,1700,0.5,1
5,8,10394,2,10,5,0,500,0.6,1000,0.2,1400,0.2,1
5,9,329,1,0,300,0.5,1700,0.5,1
5,10,10466,0,0,500,0.6,1000,0.2,1400,0.2,1
5,11,416,0,0,666,0.42,420,0.58,1
6,0,13424,1,0,500,0.6,1000,0.2,1400,0.2,1
6,1,8321,2,10,5,0,500,0.6,1000,0.2,1400,0.2,1
6,2,11427,0,0,500,0.6,1000,0.2,1400,0.2,1
6,3,6693,0,0,500,0.6,1000,0.2,1400,0.2,1
6,4,8206,0,0,300,0.5,572,0.32,486,0.18,1
6,5,1927,0,0,666,0.42,420,0.58,1
6,6,4644,0,0,300,0.5,1700,0.5,1
6,7,9285,0,0,666,0.42,420,0.58,1
6,8,14264,2,10,5,0,500,0.6,1000,0.2,1400,0.2,1
6,9,2564,1,0,666,0.42,420,0.58,1
6,10,12540,0,0,300,0.5,572,0.32,486,0.18,1
6,11,4705,0,0,500,0.6,1000,0.2,1400,0.2,1
7,0,9211,1,0,666,0.42,420,0.58,1
7,1,2199,1,0,300,0.5,572,0.32,486,0.18,1
7,2,7870,2,10,5,0,300,0.5,572,0.32,486,0.18,1
7,3,6183,1,0,300,0.5,1700,0.5,1
7,4,12316,1,0,500,0.6,1000,0.2,1400,0.2,1
7,5,66,1,0,300,0.5,572,0.32,486,0.18,1
7,6,3196,2,10,5,0,500,0.6,1000,0.2,1400,0.2,1
7,7,8386,0,0,500,0.6,1000,0.2,1400,0.2,1
7,8,8616,1,0,500,0.6,1000,0.2,1400,0.2,1
7,9,12463,0,0,500,0.6,1000,0.2,1400,0.2,1
7,10,14683,1,0,300,0.5,572,0.32,486,0.18,1
7,11,13077,2,10,5,0,300,0.5,1700,0.5,1
8,0,5674,0,0,300,0.5,1700,0.5,1
8,1,1739,0,0,300,0.5,1700,0.5,1
8,2,8172,1,0,666,0.42,420,0.58,1
8,3,7561,1,0,666,0.42,420,0.58,1
8,4,8835,1,0,300,0.5,1700,0.5,1
8,5,10544,2,10,5,0,300,0.5,1700,0.5,1
8,6,3021,0,0,500,0.6,1000,0.2,1400,0.2,1
8,7,14007,1,0,300,0.5,1700,0.5,1
8,8,316,1,0,666,0.42,420,0.58,1
8,9,4189,2,10,5,0,300,0.5,572,0.32,486,0.18,1
8,10,8148,1,0,300,0.5,1700,0.5,1
8,11,6718,2,10,5,0,500,0.6,1000,0.2,1400,0.2,1
9,0,8972,2,10,5,0,500,0.6,1000,0.2,1400,0.2,1
9,1,9239,1,0,300,0.5,1700,0.5,1
9,2,10804,0,0,300,0.5,1700,0.5,1
9,3,4219,1,0,666,0.42,420,0.58,1
9,4,1431,2,10,5,0,666,0.42,420,0.58,1
9,5,6000,0,0,300,0.5,1700,0.5,1
9,6,7128,1,0,666,0.42,420,0.58,1
9,7,1111,0,0,300,0.5,572,0.32,486,0.18,1
9,8,12634,0,0,300,0.5,572,0.32,486,0.18,1
9,9,13940,0,0,500,0.6,1000,0.2,1400,0.2,1
9,10,13082,1,0,666,0.42,420,0.58,1
9,11,5412,1,0,500,0.6,1000,0.2,1400,0.2,1
10,0,12777,0,0,666,0.42,420,0.58,1
10,1,1964,1,0,666,0.42,420,0.58,1
10,2,12860,1,0,300,0.5,572,0.32,486,0.18,1
10,3,4384,0,0,300,0.5,572,0.32,486,0.18,1
10,4,11996,2,10,5,0,666,0.42,420,0.58,1
10,5,9099,1,0,500,0.6,1000,0.2,1400,0.2,1
10,6,2878,0,0,300,0.5,572,0.32,486,0.18,1
10,7,1474,1,0,300,0.5,572,0.32,486,0.18,1
10,8,6042,1,0,300,0.5,572,0.32,486,0.18,1
10,9,3259,2,10,5,0,500,0.6,1000,0.2,1400,0.2,1
10,10,13586,2,10,5,0,666,0.42,420,0.58,1
10,11,11024,2,10,5,0,500,0.6,1000,0.2,1400,0.2,1
11,0,284,1,0,666,0.42,420,0.58,1
11,1,5562,0,0,666,0.42,420,0.58,1
11,2,13646,0,0,666,0.42,420,0.58,1
11,3,14297,0,0,300,0.5,1700,0.5,1
11,4,14822,2,10,5,0,300,0.5,572,0.32,486,0.18,1
11,5,2247,2,10,5,0,500,0.6,1000,0.2,1400,0.2,1
11,6,11356,1,0,300,0.5,572,0.32,486,0.18,1
11,7,798,2,10,5,0,300,0.5,1700,0.5,1
11,8,5002,0,0,500,0.6,1000,0.2,1400,0.2,1
11,9,14704,1,0,300,0.5,572,0.32,486,0.18,1
11,10,6610,2,10,5,0,666,0.42,420,0.58,1
11,11,7645,1,0,500,0.6,1000,0.2,1400,0.2,1
