0,0,6221,0,0,300,0.5,1700,0.5,1
0,1,12249,1,0,500,0.6,1000,0.2,1400,0.2,1
0,2,13036,1,0,500,0.6,1000,0.2,1400,0.2,1
0,3,9086,2,10,5,0,500,0.6,1000,0.2,1400,0.2,1
0,4,14893,2,10,5,0,500,0.6,1000,0.2,1400,0.2,1
0,5,3829,0,0,300,0.5,1700,0.5,1
0,6,3712,2,10,5,0,300,0.5,1700,0.5,1
0,7,13289,2,10,5,0,300,0.5,1700,0.5,1
0,8,4053,0,0,300,0.5,572,0.32,486,0.18,1
0,9,8521,1,0,666,0.42,420,0.58,1
0,10,4168,0,0,300,0.5,572,0.32,486,0.18,1
0,11,14051,1,0,666,0.42,420,0.58,1
1,0,7698,2,10,5,0,300,0.5,572,0.32,486,0.18,1
1,1,1137,2,10,5,0,666,0.42,420,0.58,1
1,2,9642,2,10,5,0,300,0.5,1700,0.5,0
1,3,12972,0,0,500,0.6,1000,0.2,1400,0.2,1
1,4,3229,1,0,666,0.42,420,0.58,1
1,5,7800,1,0,666,0.42,420,0.58,1
1,6,6585,2,10,5,0,666,0.42,420,0.58,1
1,7,5244,2,10,5,0,300,0.5,572,0.32,486,0.18,1
1,8,11986,0,0,300,0.5,572,0.32,486,0.18,1
1,9,8780,0,0,500,0.6,1000,0.2,1400,0.2,1
1,10,6832,2,10,5,0,500,0.6,1000,0.2,1400,0.2,1
1,11,10193,2,10,5,0,500,0.6,1000,0.2,1400,0.2,1
2,0,13662,2,10,5,0,666,0.42,420,0.58,1
2,1,4611,2,10,5,0,300,0.5,572,0.32,486,0.18,1
2,2,650,0,0,666,0.42,420,0.58,1
2,3,7161,2,10,5,0,300,0.5,572,0.32,486,0.18,1
2,4,9613,1,0,300,0.5,572,0.32,486,0.18,1
2,5,13093,2,10,5,0,666,0.42,420,0.58,1
2,6,1610,1,0,300,0.5,1700,0.5,1
2,7,12692,0,0,300,0.5,1700,0.5,1
2,8,11122,1,0,500,0.6,1000,0.2,1400,0.2,1
2,9,7441,0,0,300,0.5,572,0.32,486,0.18,1
2,10,10027,0,0,666,0.42,420,0.58,1
2,11,1702,0,0,500,0.6,1000,0.2,1400,0.2,1
3,0,6121,2,10,5,0,500,0.6,1000,0.2,1400,0.2,1
3,1,5683,0,0,300,0.5,572,0.32,486,0.18,1
3,2,5159,2,10,5,0,666,0.42,420,0.58,1
3,3,12340,1,0,666,0.42,420,0.58,1
3,4,12504,1,0,300,0.5,572,0.32,486,0.18,1
3,5,4760,1,0,300,0.5,572,0.32,486,0.18,1
3,6,12414,1,0,666,0.42,420,0.58,1
3,7,14113,0,0,300,0.5,572,0.32,486,0.18,1
3,8,14692,1,0,500,0.6,1000,0.2,1400,0.2,1
3,9,8693,1,0,300,0.5,1700,0.5,1
3,10,13764,2,10,5,0,500,0.6,1000,0.2,1400,0.2,1
3,11,189,1,0,500,0.6,1000,0.2,1400,0.2,1
4,0,10987,1,0,500,0.6,1000,0.2,1400,0.2,1
4,1,9776,0,0,300,0.5,572,0.32,486,0.18,1
4,2,10124,2,10,5,0,300,0.5,572,0.32,486,0.18,1
4,3,2139,0,0,500,0.6,1000,0.2,1400,0.2,1
4,4,1470,2,10,5,0,500,0.6,1000,0.2,1400,0.2,1
4,5,6701,0,0,300,0.5,1700,0.5,1
4,6,12982,1,0,500,0.6,1000,0.2,1400,0.2,1
4,7,12174,1,0,300,0.5,572,0.32,486,0.18,1
4,8,6469,2,10,5,0,500,0.6,1000,0.2,1400,0.2,1
4,9,1885,2,10,5,0,300,0.5,1700,0.5,1
4,10,13801,0,0,300,0.5,1700,0.5,1
4,11,14586,0,0,300,0.5,1700,0.5,1
5,0,6854,0,0,300,0.5,572,0.32,486,0.18,1
5,1,5120,0,0,666,0.42,420,0.58,1
5,2,7321,1,0,300,0.5,572,0.32,486,0.18,1
5,3,9529,0,0,300,0.5,572,0.32,486,0.18,1
5,4,3831,1,0,300,0.5,572,0.32,486,0.18,1
5,5,2317,0,0,300,0.5,1700,0.5,1
5,6,802,1,0,500,0.6,1000,0.2,1400,0.2,1
5,7,13321,2,10,5,0,500,0.6,1000,0.2,1400,0.2,1
5,8,4184,1,0,666,0.42,420,0.58,1
5,9,11075,0,0,300,0.5,572,0.32,486,0.18,1
5,10,3152,1,0,500,0.6,1000,0.2,1400,0.2,1
5,11,12882,0,0,300,0.5,1700,0.5,1
6,0,8285,1,0,666,0.42,420,0.58,1
6,1,2401,1,0,300,0.5,1700,0.5,1
6,2,2989,2,10,5,0,500,0.6,1000,0.2,1400,0.2,1
6,3,7335,1,0,300,0.5,572,0.32,486,0.18,1
6,4,7946,1,0,300,0.5,1700,0.5,1
6,5,5762,2,10,5,0,300,0.5,572,0.32,486,0.18,1
6,6,4941,0,0,300,0.5,572,0.32,486,0.18,1
6,7,5982,0,0,666,0.42,420,0.58,1
6,8,4446,1,0,500,0.6,1000,0.2,1400,0.2,1
6,9,13677,1,0,666,0.42,420,0.58,1
6,10,2545,2,10,5,0,300,0.5,572,0.32,486,0.18,1
6,11,3401,1,0,666,0.42,420,0.58,1
7,0,9965,2,10,5,0,500,0.6,1000,0.2,1400,0.2,1
7,1,184,2,10,5,0,666,0.42,420,0.58,1
7,2,1721,1,0,300,0.5,1700,0.5,1
7,3,3257,2,10,5,0,300,0.5,572,0.32,486,0.18,1
7,4,10019,1,0,500,0.6,1000,0.2,1400,0.2,1
7,5,10977,0,0,300,0.5,572,0.32,486,0.18,1
7,6,1544,1,0,500,0.6,1000,0.2,1400,0.2,1
7,7,1667,1,0,300,0.5,572,0.32,486,0.18,1
7,8,10794,1,0,666,0.42,420,0.58,1
7,9,10522,1,0,500,0.6,1000,0.2,1400,0.2,1
7,10,14222,0,0,500,0.6,1000,0.2,1400,0.2,1
7,11,6838,1,0,300,0.5,572,0.32,486,0.18,1
8,0,6751,2,10,5,0,666,0.42,420,0.58,1
8,1,13531,0,0,666,0.42,420,0.58,1
8,2,4741,1,0,300,0.5,1700,0.5,1
8,3,8978,0,0,300,0.5,572,0.32,486,0.18,1
8,4,7400,0,0,300,0.5,572,0.32,486,0.18,1
8,5,11252,0,0,500,0.6,1000,0.2,1400,0.2,1
8,6,4018,0,0,666,0.42,420,0.58,1
8,7,5846,1,0,500,0.6,1000,0.2,1400,0.2,1
8,8,1413,2,10,5,0,300,0.5,572,0.32,486,0.18,1
8,9,5648,2,10,5,0,300,0.5,572,0.32,486,0.18,1
8,10,9599,0,0,300,0.5,572,0.32,486,0.18,1
8,11,1379,0,0,300,0.5,572,0.32,486,0.18,1
9,0,5314,0,0,500,0.6,1000,0.2,1400,0.2,1
9,1,9265,0,0,500,0.6,1000,0.2,1400,0.2,1
9,2,8499,1,0,300,0.5,572,0.32,486,0.18,1
9,3,11323,2,10,5,0,300,0.5,572,0.32,486,0.18,1
9,4,8351,1,0,300,0.5,572,0.32,486,0.18,1
9,5,11987,2,10,5,0,500,0.6,1000,0.2,1400,0.2,1
9,6,8649,0,0,300,0.5,572,0.32,486,0.18,1
9,7,7072,0,0,300,0.5,1700,0.5,1
9,8,1790,1,0,300,0.5,572,0.32,486,0.18,1
9,9,1133,1,0,300,0.5,1700,0.5,1
9,10,7299,2,10,5,0,666,0.42,420,0.58,1
9,11,7380,0,0,666,0.42,420,0.58,1
10,0,3413,2,10,5,0,500,0.6,1000,0.2,1400,0.2,1
10,1,120,0,0,300,0.5,1700,0.5,1
10,2,2821,0,0,300,0.5,572,0.32,486,0.18,1
10,3,4288,0,0,500,0.6,1000,0.2,1400,0.2,1
10,4,13134,1,0,300,0.5,1700,0.5,1
10,5,4061,0,0,500,0.6,1000,0.2,1400,0.2,1
10,6,4066,0,0,300,0.5,572,0.32,486,0.18,1
10,7,8037,2,10,5,0,300,0.5,572,0.32,486,0.18,1
10,8,9323,2,10,5,0,500,0.6,1000,0.2,1400,0.2,1
10,9,5440,1,0,300,0.5,1700,0.5,1
10,10,14964,2,10,5,0,300,0.5,1700,0.5,1
10,11,7980,1,0,666,0.42,420,0.58,1
11,0,7092,2,10,5,0,300,0.5,572,0.32,486,0.18,1
11,1,5272,2,10,5,0,666,0.42,420,0.58,1
11,2,1872,0,0,300,0.5,1700,0.5,1
11,3,12909,1,0,500,0.6,1000,0.2,1400,0.2,1
11,4,2418,1,0,500,0.6,1000,0.2,1400,0.2,1
11,5,4964,1,0,300,0.5,572,0.32,486,0.18,1
11,6,13409,1,0,666,0.42,420,0.58,1
11,7,13132,2,10,5,0,666,0.42,420,0.58,1
11,8,10702,1,0,300,0.5,1700,0.5,1
11,9,2002,0,0,666,0.42,420,0.58,1
11,10,5654,2,10,5,0,300,0.5,572,0.32,486,0.18,1
11,11,921,1,0,666,0.42,420,0.58,1
