0,0,4265,1,0,300,0.5,1700,0.5,1
0,1,364,0,0,300,0.5,572,0.32,486,0.18,1
0,2,13295,0,0,666,0.42,420,0.58,1
0,3,12844,0,0,300,0.5,1700,0.5,1
0,4,14793,0,0,300,0.5,572,0.32,486,0.18,1
0,5,8056,2,10,5,0,666,0.42,420,0.58,1
0,6,9872,0,0,500,0.6,1000,0.2,1400,0.2,1
0,7,5608,0,0,500,0.6,1000,0.2,1400,0.2,1
0,8,6472,0,0,666,0.42,420,0.58,1
0,9,8664,1,0,666,0.42,420,0.58,1
0,10,14606,2,10,5,0,300,0.5,1700,0.5,1
0,11,10731,2,10,5,0,666,0.42,420,0.58,1
1,0,4940,0,0,300,0.5,1700,0.5,1
1,1,3256,1,0,666,0.42,420,0.58,1
1,2,3415,0,0,666,0.42,420,0.58,0
1,3,1539,0,0,300,0.5,1700,0.5,1
1,4,8767,2,10,5,0,666,0.42,420,0.58,1
1,5,12822,1,0,300,0.5,1700,0.5,1
1,6,14440,2,10,5,0,300,0.5,572,0.32,486,0.18,1
1,7,165,1,0,300,0.5,572,0.32,486,0.18,1
1,8,13498,2,10,5,0,666,0.42,420,0.58,1
1,9,14817,0,0,666,0.42,420,0.58,1
1,10,12036,2,10,5,0,300,0.5,572,0.32,486,0.18,1
1,11,2244,2,10,5,0,500,0.6,1000,0.2,1400,0.2,1
2,0,8897,2,10,5,0,500,0.6,1000,0.2,1400,0.2,1
2,1,10996,2,10,5,0,300,0.5,1700,0.5,1
2,2,7960,0,0,666,0.42,420,0.58,1
2,3,5131,2,10,5,0,666,0.42,420,0.58,1
2,4,7848,1,0,300,0.5,1700,0.5,1
2,5,14986,2,10,5,0,500,0.6,1000,0.2,1400,0.2,1
2,6,3320,2,10,5,0,300,0.5,1700,0.5,1
2,7,1408,1,0,500,0.6,1000,0.2,1400,0.2,1
2,8,3103,1,0,500,0.6,1000,0.2,1400,0.2,1
2,9,1560,1,0,500,0.6,1000,0.2,1400,0.2,1
2,10,5004,1,0,666,0.42,420,0.58,1
2,11,6363,2,10,5,0,500,0.6,1000,0.2,1400,0.2,1
3,0,4329,2,10,5,0,666,0.42,420,0.58,1
3,1,14113,2,10,5,0,300,0.5,572,0.32,486,0.18,1
3,2,5198,2,10,5,0,500,0.6,1000,0.2,1400,0.2,1
3,3,6600,2,10,5,0,666,0.42,420,0.58,1
3,4,5425,2,10,5,0,300,0.5,1700,0.5,1
3,5,14340,0,0,666,0.42,420,0.58,1
3,6,12793,2,10,5,0,666,0.42,420,0.58,1
3,7,8480,2,10,5,0,666,0.42,420,0.58,1
3,8,5211,1,0,300,0.5,1700,0.5,1
3,9,13777,2,10,5,0,300,0.5,1700,0.5,1
3,10,9842,2,10,5,0,300,0.5,572,0.32,486,0.18,1
3,11,6564,0,0,300,0.5,572,0.32,486,0.18,1
4,0,1210,0,0,666,0.42,420,0.58,1
4,1,10755,0,0,500,0.6,1000,0.2,1400,0.2,1
4,2,6456,1,0,300,0.5,1700,0.5,1
4,3,3005,0,0,500,0.6,1000,0.2,1400,0.2,1
4,4,12381,1,0,300,0.5,1700,0.5,1
4,5,11032,2,10,5,0,666,0.42,420,0.58,1
4,6,870,2,10,5,0,300,0.5,1700,0.5,1
4,7,12381,1,0,300,0.5,572,0.32,486,0.18,1
4,8,13642,0,0,666,0.42,420,0.58,1
4,9,7548,0,0,500,0.6,1000,0.2,1400,0.2,1
4,10,1627,0,0,666,0.42,420,0.58,1
4,11,2929,2,10,5,0,500,0.6,1000,0.2,1400,0.2,1
5,0,10619,2,10,5,0,666,0.42,420,0.58,1
5,1,3219,0,0,666,0.42,420,0.58,1
5,2,13422,0,0,500,0.6,1000,0.2,1400,0.2,1
5,3,14312,1,0,300,0.5,572,0.32,486,0.18,1
5,4,2406,0,0,500,0.6,1000,0.2,1400,0.2,1
5,5,14335,0,0,666,0.42,420,0.58,1
5,6,3173,1,0,666,0.42,420,0.58,1
5,7,12451,1,0,300,0.5,1700,0.5,1
5,8,11702,1,0,500,0.6,1000,0.2,1400,0.2,1
5,9,14878,2,10,5,0,300,0.5,1700,0.5,1
5,10,11309,0,0,500,0.6,1000,0.2,1400,0.2,1
5,11,8624,1,0,500,0.6,1000,0.2,1400,0.2,1
6,0,3930,2,10,5,0,300,0.5,1700,0.5,1
6,1,11435,1,0,500,0.6,1000,0.2,1400,0.2,1
6,2,3263,2,10,5,0,300,0.5,1700,0.5,1
6,3,1743,1,0,300,0.5,572,0.32,486,0.18,1
6,4,1769,0,0,300,0.5,572,0.32,486,0.18,1
6,5,14895,2,10,5,0,500,0.6,1000,0.2,1400,0.2,1
6,6,6611,2,10,5,0,300,0.5,1700,0.5,1
6,7,9874,1,0,500,0.6,1000,0.2,1400,0.2,1
6,8,5511,2,10,5,0,500,0.6,1000,0.2,1400,0.2,1
6,9,12899,0,0,666,0.42,420,0.58,1
6,10,9304,1,0,300,0.5,572,0.32,486,0.18,1
6,11,12036,1,0,300,0.5,1700,0.5,1
7,0,4954,2,10,5,0,300,0.5,1700,0.5,1
7,1,4218,0,0,666,0.42,420,0.58,1
7,2,8083,1,0,666,0.42,420,0.58,1
7,3,9060,2,10,5,0,300,0.5,1700,0.5,1
7,4,3311,1,0,300,0.5,1700,0.5,1
7,5,10714,1,0,666,0.42,420,0.58,1
7,6,6858,0,0,300,0.5,572,0.32,486,0.18,1
7,7,5918,0,0,500,0.6,1000,0.2,1400,0.2,1
7,8,11877,0,0,300,0.5,1700,0.5,1
7,9,12021,2,10,5,0,666,0.42,420,0.58,1
7,10,9901,1,0,300,0.5,1700,0.5,1
7,11,3687,1,0,500,0.6,1000,0.2,1400,0.2,1
8,0,9555,1,0,500,0.6,1000,0.2,1400,0.2,1
8,1,5598,1,0,300,0.5,572,0.32,486,0.18,1
8,2,5948,2,10,5,0,500,0.6,1000,0.2,1400,0.2,1
8,3,1404,2,10,5,0,500,0.6,1000,0.2,1400,0.2,1
8,4,3775,1,0,300,0.5,1700,0.5,1
8,5,2798,0,0,300,0.5,1700,0.5,1
8,6,11512,1,0,666,0.42,420,0.58,1
8,7,456,2,10,5,0,666,0.42,420,0.58,1
8,8,3195,1,0,666,0.42,420,0.58,1
8,9,1801,0,0,500,0.6,1000,0.2,1400,0.2,1
8,10,9467,2,10,5,0,500,0.6,1000,0.2,1400,0.2,1
8,11,733,2,10,5,0,666,0.42,420,0.58,1
9,0,683,2,10,5,0,300,0.5,572,0.32,486,0.18,1
9,1,3701,1,0,300,0.5,1700,0.5,1
9,2,1544,1,0,500,0.6,1000,0.2,1400,0.2,1
9,3,9872,1,0,300,0.5,572,0.32,486,0.18,1
9,4,5838,2,10,5,0,300,0.5,1700,0.5,1
9,5,11460,1,0,500,0.6,1000,0.2,1400,0.2,1
9,6,1686,1,0,500,0.6,1000,0.2,1400,0.2,1
9,7,13629,2,10,5,0,666,0.42,420,0.58,1
9,8,2965,2,10,5,0,500,0.6,1000,0.2,1400,0.2,1
9,9,10483,1,0,300,0.5,572,0.32,486,0.18,1
9,10,5589,0,0,300,0.5,572,0.32,486,0.18,1
9,11,4498,0,0,500,0.6,1000,0.2,1400,0.2,1
10,0,3418,1,0,500,0.6,1000,0.2,1400,0.2,1
10,1,6234,0,0,300,0.5,1700,0.5,1
10,2,8339,0,0,300,0.5,572,0.32,486,0.18,1
10,3,1105,1,0,300,0.5,572,0.32,486,0.18,1
10,4,7248,1,0,300,0.5,1700,0.5,1
10,5,3001,2,10,5,0,666,0.42,420,0.58,1
10,6,14371,0,0,300,0.5,572,0.32,486,0.18,1
10,7,2417,2,10,5,0,300,0.5,572,0.32,486,0.18,1
10,8,13877,0,0,500,0.6,1000,0.2,1400,0.2,1
10,9,14458,0,0,500,0.6,1000,0.2,1400,0.2,1
10,10,14346,2,10,5,0,666,0.42,420,0.58,1
10,11,1618,2,10,5,0,300,0.5,572,0.32,486,0.18,1
11,0,8854,1,0,300,0.5,1700,0.5,1
11,1,9814,1,0,500,0.6,1000,0.2,1400,0.2,1
11,2,10783,2,10,5,0,300,0.5,572,0.32,486,0.18,1
11,3,3431,2,10,5,0,666,0.42,420,0.58,1
11,4,12605,2,10,5,0,666,0.42,420,0.58,1
11,5,10220,2,10,5,0,500,0.6,1000,0.2,1400,0.2,1
11,6,14397,2,10,5,0,500,0.6,1000,0.2,1400,0.2,1
11,7,6940,0,0,666,0.42,420,0.58,1
11,8,909,0,0,666,0.42,420,0.58,1
11,9,9120,2,10,5,0,666,0.42,420,0.58,1
11,10,9056,2,10,5,0,300,0.5,1700,0.5,1
11,11,13530,0,0,500,0.6,1000,0.2,1400,0.2,1
