0,0,14345,2,10,5,0,300,0.5,1700,0.5,1
0,1,9723,1,0,300,0.5,1700,0.5,1
0,2,10896,1,0,300,0.5,572,0.32,486,0.18,1
0,3,13502,2,10,5,0,666,0.42,420,0.58,1
0,4,12885,0,0,500,0.6,1000,0.2,1400,0.2,1
0,5,8132,2,10,5,0,500,0.6,1000,0.2,1400,0.2,1
0,6,2466,0,0,300,0.5,1700,0.5,1
0,7,11177,2,10,5,0,300,0.5,1700,0.5,1
0,8,2766,2,10,5,0,666,0.42,420,0.58,1
0,9,9894,0,0,666,0.42,420,0.58,1
0,10,8708,0,0,500,0.6,1000,0.2,1400,0.2,1
0,11,13541,0,0,300,0.5,1700,0.5,1
1,0,5969,2,10,5,0,500,0.6,1000,0.2,1400,0.2,1
1,1,2404,1,0,300,0.5,572,0.32,486,0.18,1
1,2,9365,1,0,666,0.42,420,0.58,0
1,3,14770,0,0,300,0.5,572,0.32,486,0.18,1
1,4,3902,0,0,300,0.5,1700,0.5,1
1,5,1439,1,0,300,0.5,1700,0.5,1
1,6,5280,2,10,5,0,300,0.5,572,0.32,486,0.18,1
1,7,7546,1,0,666,0.42,420,0.58,1
1,8,2997,0,0,300,0.5,1700,0.5,1
1,9,9514,0,0,300,0.5,572,0.32,486,0.18,1
1,10,2836,1,0,666,0.42,420,0.58,1
1,11,12456,0,0,500,0.6,1000,0.2,1400,0.2,1
2,0,10201,1,0,300,0.5,1700,0.5,1
2,1,12647,0,0,500,0.6,1000,0.2,1400,0.2,1
2,2,9143,0,0,300,0.5,1700,0.5,1
2,3,200,2,10,5,0,300,0.5,572,0.32,486,0.18,1
2,4,9913,0,0,300,0.5,1700,0.5,1
2,5,14597,2,10,5,0,666,0.42,420,0.58,1
2,6,7064,1,0,666,0.42,420,0.58,1
2,7,6122,0,0,666,0.42,420,0.58,1
2,8,1584,0,0,666,0.42,420,0.58,1
2,9,3654,1,0,300,0.5,572,0.32,486,0.18,1
2,10,12710,2,10,5,0,500,0.6,1000,0.2,1400,0.2,1
2,11,11198,2,10,5,0,500,0.6,1000,0.2,1400,0.2,1
3,0,836,1,0,500,0.6,1000,0.2,1400,0.2,1
3,1,13680,1,0,500,0.6,1000,0.2,1400,0.2,1
3,2,4777,2,10,5,0,300,0.5,572,0.32,486,0.18,1
3,3,6554,0,0,666,0.42,420,0.58,1
3,4,9469,2,10,5,0,666,0.42,420,0.58,1
3,5,9194,0,0,300,0.5,1700,0.5,1
3,6,2235,2,10,5,0,300,0.5,572,0.32,486,0.18,1
3,7,4112,1,0,300,0.5,1700,0.5,1
3,8,4299,0,0,666,0.42,420,0.58,1
3,9,10489,2,10,5,0,300,0.5,572,0.32,486,0.18,1
3,10,43,2,10,5,0,300,0.5,1700,0.5,1
3,11,5855,0,0,300,0.5,572,0.32,486,0.18,1
4,0,14281,2,10,5,0,300,0.5,1700,0.5,1
4,1,14070,2,10,5,0,300,0.5,572,0.32,486,0.18,1
4,2,5487,2,10,5,0,666,0.42,420,0.58,1
4,3,9427,0,0,666,0.42,420,0.58,1
4,4,13858,2,10,5,0,300,0.5,572,0.32,486,0.18,1
4,5,13414,1,0,300,0.5,572,0.32,486,0.18,1
4,6,7483,0,0,300,0.5,1700,0.5,1
4,7,3227,1,0,666,0.42,420,0.58,1
4,8,10544,2,10,5,0,300,0.5,1700,0.5,1
4,9,5541,2,10,5,0,300,0.5,1700,0.5,1
4,10,4837,0,0,300,0.5,572,0.32,486,0.18,1
4,11,8151,0,0,300,0.5,1700,0.5,1
5,0,7657,2,10,5,0,500,0.6,1000,0.2,1400,0.2,1
5,1,12478,0,0,500,0.6,1000,0.2,1400,0.2,1
5,2,11140,1,0,300,0.5,1700,0.5,1
5,3,12785,1,0,300,0.5,572,0.32,486,0.18,1
5,4,3928,1,0,300,0.5,1700,0.5,1
5,5,1225,1,0,300,0.5,572,0.32,486,0.18,1
5,6,713,2,10,5,0,300,0.5,572,0.32,486,0.18,1
5,7,3344,0,0,666,0.42,420,0.58,1
5,8,3848,0,0,300,0.5,572,0.32,486,0.18,1
5,9,201,2,10,5,0,500,0.6,1000,0.2,1400,0.2,1
5,10,3045,0,0,300,0.5,572,0.32,486,0.18,1
5,11,6314,2,10,5,0,300,0.5,572,0.32,486,0.18,1
6,0,4631,0,0,666,0.42,420,0.58,1
6,1,8068,1,0,500,0.6,1000,0.2,1400,0.2,1
6,2,9939,2,10,5,0,300,0.5,572,0.32,486,0.18,1
6,3,8678,0,0,300,0.5,1700,0.5,1
6,4,6193,2,10,5,0,666,0.42,420,0.58,1
6,5,13730,2,10,5,0,666,0.42,420,0.58,1
6,6,6108,0,0,666,0.42,420,0.58,1
6,7,1972,2,10,5,0,500,0.6,1000,0.2,1400,0.2,1
6,8,10980,0,0,300,0.5,572,0.32,486,0.18,1
6,9,12036,1,0,300,0.5,572,0.32,486,0.18,1
6,10,4035,1,0,300,0.5,572,0.32,486,0.18,1
6,11,5097,2,10,5,0,500,0.6,1000,0.2,1400,0.2,1
7,0,3378,1,0,300,0.5,1700,0.5,1
7,1,4582,1,0,300,0.5,572,0.32,486,0.18,1
7,2,7625,2,10,5,0,300,0.5,572,0.32,486,0.18,1
7,3,13426,1,0,300,0.5,1700,0.5,1
7,4,5775,1,0,300,0.5,1700,0.5,1
7,5,1975,2,10,5,0,500,0.6,1000,0.2,1400,0.2,1
7,6,8938,2,10,5,0,300,0.5,572,0.32,486,0.18,1
7,7,775,2,10,5,0,500,0.6,1000,0.2,1400,0.2,1
7,8,5751,2,10,5,0,666,0.42,420,0.58,1
7,9,6793,0,0,300,0.5,572,0.32,486,0.18,1
7,10,4992,1,0,666,0.42,420,0.58,1
7,11,12406,1,0,500,0.6,1000,0.2,1400,0.2,1
8,0,5386,1,0,500,0.6,1000,0.2,1400,0.2,1
8,1,10133,1,0,500,0.6,1000,0.2,1400,0.2,1
8,2,13725,1,0,300,0.5,572,0.32,486,0.18,1
8,3,14446,1,0,300,0.5,1700,0.5,1
8,4,13134,1,0,666,0.42,420,0.58,1
8,5,2862,2,10,5,0,300,0.5,1700,0.5,1
8,6,12566,1,0,666,0.42,420,0.58,1
8,7,7456,1,0,500,0.6,1000,0.2,1400,0.2,1
8,8,3020,1,0,300,0.5,572,0.32,486,0.18,1
8,9,4502,0,0,500,0.6,1000,0.2,1400,0.2,1
8,10,11484,1,0,666,0.42,420,0.58,1
8,11,14559,1,0,666,0.42,420,0.58,1
9,0,9041,0,0,300,0.5,1700,0.5,1
9,1,14621,2,10,5,0,300,0.5,1700,0.5,1
9,2,5352,2,10,5,0,500,0.6,1000,0.2,1400,0.2,1
9,3,14082,2,10,5,0,300,0.5,572,0.32,486,0.18,1
9,4,2549,2,10,5,0,300,0.5,572,0.32,486,0.18,1
9,5,5549,1,0,300,0.5,572,0.32,486,0.18,1
9,6,14142,2,10,5,0,666,0.42,420,0.58,1
9,7,13004,1,0,300,0.5,572,0.32,486,0.18,1
9,8,3424,2,10,5,0,500,0.6,1000,0.2,1400,0.2,1
9,9,8027,2,10,5,0,300,0.5,1700,0.5,1
9,10,14438,1,0,300,0.5,572,0.32,486,0.18,1
9,11,8026,1,0,500,0.6,1000,0.2,1400,0.2,1
10,0,1759,1,0,666,0.42,420,0.58,1
10,1,8902,2,10,5,0,666,0.42,420,0.58,1
10,2,9026,0,0,666,0.42,420,0.58,1
10,3,12221,1,0,500,0.6,1000,0.2,1400,0.2,1
10,4,2487,0,0,500,0.6,1000,0.2,1400,0.2,1
10,5,9116,0,0,300,0.5,1700,0.5,1
10,6,8714,0,0,666,0.42,420,0.58,1
10,7,10737,2,10,5,0,300,0.5,572,0.32,486,0.18,1
10,8,8947,0,0,300,0.5,572,0.32,486,0.18,1
10,9,2405,2,10,5,0,300,0.5,572,0.32,486,0.18,1
10,10,1964,2,10,5,0,500,0.6,1000,0.2,1400,0.2,1
10,11,5674,2,10,5,0,300,0.5,1700,0.5,1
11,0,1300,1,0,500,0.6,1000,0.2,1400,0.2,1
11,1,12645,2,10,5,0,300,0.5,572,0.32,486,0.18,1
11,2,5331,1,0,500,0.6,1000,0.2,1400,0.2,1
11,3,1510,0,0,300,0.5,572,0.32,486,0.18,1
11,4,1295,1,0,300,0.5,1700,0.5,1
11,5,2582,1,0,300,0.5,1700,0.5,1
11,6,7157,0,0,500,0.6,1000,0.2,1400,0.2,1
11,7,5819,2,10,5,0,300,0.5,572,0.32,486,0.18,1
11,8,14004,0,0,666,0.42,420,0.58,1
11,9,2837,0,0,666,0.42,420,0.58,1
11,10,7691,1,0,500,0.6,1000,0.2,1400,0.2,1
11,11,10170,2,10,5,0,666,0.42,420,0.58,1
