0,0,14571,0,0,500,0.6,1000,0.2,1400,0.2,1
0,1,9512,1,0,300,0.5,1700,0.5,1
0,2,9093,1,0,666,0.42,420,0.58,1
0,3,8793,1,0,300,0.5,572,0.32,486,0.18,1
0,4,12322,1,0,500,0.6,1000,0.2,1400,0.2,1
0,5,11740,1,0,300,0.5,1700,0.5,1
0,6,3352,2,10,5,0,666,0.42,420,0.58,1
0,7,7361,2,10,5,0,666,0.42,420,0.58,1
0,8,1878,0,0,666,0.42,420,0.58,1
0,9,13621,1,0,300,0.5,1700,0.5,1
0,10,3394,2,10,5,0,300,0.5,572,0.32,486,0.18,1
0,11,13226,0,0,300,0.5,1700,0.5,1
1,0,9841,1,0,300,0.5,1700,0.5,1
1,1,11758,0,0,500,0.6,1000,0.2,1400,0.2,1
1,2,9213,0,0,666,0.42,420,0.58,0
1,3,6033,2,10,5,0,666,0.42,420,0.58,1
1,4,12486,0,0,666,0.42,420,0.58,1
1,5,2665,2,10,5,0,666,0.42,420,0.58,1
1,6,13769,2,10,5,0,500,0.6,1000,0.2,1400,0.2,1
1,7,10310,0,0,666,0.42,420,0.58,1
1,8,4505,2,10,5,0,666,0.42,420,0.58,1
1,9,8652,0,0,300,0.5,572,0.32,486,0.18,1
1,10,2977,1,0,500,0.6,1000,0.2,1400,0.2,1
1,11,6520,2,10,5,0,300,0.5,572,0.32,486,0.18,1
2,0,11487,1,0,500,0.6,1000,0.2,1400,0.2,1
2,1,868,2,10,5,0,666,0.42,420,0.58,1
2,2,10135,2,10,5,0,300,0.5,1700,0.5,1
2,3,10227,1,0,500,0.6,1000,0.2,1400,0.2,1
2,4,7673,1,0,500,0.6,1000,0.2,1400,0.2,1
2,5,6782,0,0,500,0.6,1000,0.2,1400,0.2,1
2,6,7777,0,0,666,0.42,420,0.58,1
2,7,8722,1,0,666,0.42,420,0.58,1
2,8,6906,0,0,300,0.5,572,0.32,486,0.18,1
2,9,6156,2,10,5,0,666,0.42,420,0.58,1
2,10,3479,2,10,5,0,666,0.42,420,0.58,1
2,11,3170,2,10,5,0,300,0.5,1700,0.5,1
3,0,9942,2,10,5,0,300,0.5,1700,0.5,1
3,1,9611,1,0,500,0.6,1000,0.2,1400,0.2,1
3,2,9882,0,0,666,0.42,420,0.58,1
3,3,5705,0,0,300,0.5,1700,0.5,1
3,4,7729,1,0,500,0.6,1000,0.2,1400,0.2,1
3,5,7346,2,10,5,0,300,0.5,572,0.32,486,0.18,1
3,6,5690,1,0,300,0.5,1700,0.5,1
3,7,9736,2,10,5,0,500,0.6,1000,0.2,1400,0.2,1
3,8,14638,2,10,5,0,500,0.6,1000,0.2,1400,0.2,1
3,9,9625,2,10,5,0,500,0.6,1000,0.2,1400,0.2,1
3,10,258,1,0,666,0.42,420,0.58,1
3,11,8984,0,0,500,0.6,1000,0.2,1400,0.2,1
4,0,11620,1,0,300,0.5,572,0.32,486,0.18,1
4,1,1865,2,10,5,0,666,0.42,420,0.58,1
4,2,2094,0,0,300,0.5,572,0.32,486,0.18,1
4,3,8561,1,0,500,0.6,1000,0.2,1400,0.2,1
4,4,10212,0,0,300,0.5,572,0.32,486,0.18,1
4,5,11278,2,10,5,0,500,0.6,1000,0.2,1400,0.2,1
4,6,14782,0,0,300,0.5,1700,0.5,1
4,7,11779,1,0,666,0.42,420,0.58,1
4,8,8422,0,0,300,0.5,572,0.32,486,0.18,1
4,9,9107,0,0,666,0.42,420,0.58,1
4,10,6799,1,0,300,0.5,572,0.32,486,0.18,1
4,11,6058,1,0,300,0.5,572,0.32,486,0.18,1
5,0,2331,2,10,5,0,500,0.6,1000,0.2,1400,0.2,1
5,1,3195,2,10,5,0,500,0.6,1000,0.2,1400,0.2,1
5,2,808,1,0,300,0.5,1700,0.5,1
5,3,852,1,0,300,0.5,1700,0.5,1
5,4,14587,1,0,666,0.42,420,0.58,1
5,5,6093,1,0,500,0.6,1000,0.2,1400,0.2,1
5,6,11036,0,0,300,0.5,1700,0.5,1
5,7,10617,2,10,5,0,300,0.5,1700,0.5,1
5,8,11814,2,10,5,0,666,0.42,420,0.58,1
5,9,4637,2,10,5,0,300,0.5,572,0.32,486,0.18,1
5,10,450,1,0,666,0.42,420,0.58,1
5,11,5754,2,10,5,0,300,0.5,572,0.32,486,0.18,1
6,0,3979,1,0,300,0.5,1700,0.5,1
6,1,14983,2,10,5,0,666,0.42,420,0.58,1
6,2,14106,2,10,5,0,300,0.5,1700,0.5,1
6,3,52,0,0,300,0.5,572,0.32,486,0.18,1
6,4,6851,0,0,666,0.42,420,0.58,1
6,5,1129,2,10,5,0,300,0.5,1700,0.5,1
6,6,7978,0,0,500,0.6,1000,0.2,1400,0.2,1
6,7,3086,1,0,300,0.5,1700,0.5,1
6,8,13658,0,0,300,0.5,1700,0.5,1
6,9,10745,2,10,5,0,300,0.5,1700,0.5,1
6,10,7184,0,0,666,0.42,420,0.58,1
6,11,4828,1,0,500,0.6,1000,0.2,1400,0.2,1
7,0,912,2,10,5,0,666,0.42,420,0.58,1
7,1,236,1,0,300,0.5,572,0.32,486,0.18,1
7,2,7205,2,10,5,0,500,0.6,1000,0.2,1400,0.2,1
7,3,1799,2,10,5,0,300,0.5,1700,0.5,1
7,4,8074,1,0,300,0.5,1700,0.5,1
7,5,9848,2,10,5,0,300,0.5,572,0.32,486,0.18,1
7,6,6391,0,0,500,0.6,1000,0.2,1400,0.2,1
7,7,4543,1,0,666,0.42,420,0.58,1
7,8,2082,2,10,5,0,500,0.6,1000,0.2,1400,0.2,1
7,9,14217,0,0,300,0.5,572,0.32,486,0.18,1
7,10,5828,0,0,500,0.6,1000,0.2,1400,0.2,1
7,11,14172,1,0,300,0.5,1700,0.5,1
8,0,4412,1,0,300,0.5,572,0.32,486,0.18,1
8,1,6246,0,0,666,0.42,420,0.58,1
8,2,9803,0,0,666,0.42,420,0.58,1
8,3,11005,1,0,500,0.6,1000,0.2,1400,0.2,1
8,4,6129,2,10,5,0,500,0.6,1000,0.2,1400,0.2,1
8,5,9438,1,0,300,0.5,572,0.32,486,0.18,1
8,6,14213,0,0,300,0.5,572,0.32,486,0.18,1
8,7,11331,2,10,5,0,666,0.42,420,0.58,1
8,8,13487,1,0,300,0.5,572,0.32,486,0.18,1
8,9,12335,2,10,5,0,300,0.5,572,0.32,486,0.18,1
8,10,12408,2,10,5,0,666,0.42,420,0.58,1
8,11,2727,2,10,5,0,500,0.6,1000,0.2,1400,0.2,1
9,0,13338,2,10,5,0,300,0.5,572,0.32,486,0.18,1
9,1,276,1,0,500,0.6,1000,0.2,1400,0.2,1
9,2,6709,0,0,300,0.5,1700,0.5,1
9,3,3015,0,0,300,0.5,572,0.32,486,0.18,1
9,4,7324,1,0,500,0.6,1000,0.2,1400,0.2,1
9,5,12067,0,0,300,0.5,1700,0.5,1
9,6,9254,2,10,5,0,500,0.6,1000,0.2,1400,0.2,1
9,7,13188,1,0,300,0.5,1700,0.5,1
9,8,768,1,0,300,0.5,1700,0.5,1
9,9,13422,2,10,5,0,300,0.5,1700,0.5,1
9,10,14001,2,10,5,0,300,0.5,1700,0.5,1
9,11,9251,0,0,500,0.6,1000,0.2,1400,0.2,1
10,0,4489,2,10,5,0,300,0.5,1700,0.5,1
10,1,9047,2,10,5,0,500,0.6,1000,0.2,1400,0.2,1
10,2,3857,1,0,500,0.6,1000,0.2,1400,0.2,1
10,3,7505,1,0,666,0.42,420,0.58,1
10,4,13110,1,0,300,0.5,572,0.32,486,0.18,1
10,5,2830,0,0,500,0.6,1000,0.2,1400,0.2,1
10,6,10134,2,10,5,0,300,0.5,1700,0.5,1
10,7,1522,1,0,500,0.6,1000,0.2,1400,0.2,1
10,8,14064,2,10,5,0,666,0.42,420,0.58,1
10,9,2574,2,10,5,0,300,0.5,1700,0.5,1
10,10,5831,0,0,300,0.5,1700,0.5,1
10,11,13517,1,0,300,0.5,1700,0.5,1
11,0,237,1,0,300,0.5,572,0.32,486,0.18,1
11,1,3846,2,10,5,0,300,0.5,1700,0.5,1
11,2,12933,0,0,300,0.5,572,0.32,486,0.18,1
11,3,13504,2,10,5,0,500,0.6,1000,0.2,1400,0.2,1
11,4,12774,0,0,300,0.5,572,0.32,486,0.18,1
11,5,6324,0,0,300,0.5,572,0.32,486,0.18,1
11,6,8644,1,0,500,0.6,1000,0.2,1400,0.2,1
11,7,12846,0,0,300,0.5,572,0.32,486,0.18,1
11,8,3830,2,10,5,0,500,0.6,1000,0.2,1400,0.2,1
11,9,11629,0,0,300,0.5,572,0.32,486,0.18,1
11,10,8478,0,0,666,0.42,420,0.58,1
11,11,7061,1,0,666,0.42,420,0.58,1
