0,0,14931,2,10,5,0,300,0.5,1700,0.5,1
0,1,3091,0,0,666,0.42,420,0.58,1
0,2,592,2,10,5,0,500,0.6,1000,0.2,1400,0.2,1
0,3,141,0,0,500,0.6,1000,0.2,1400,0.2,1
0,4,1445,1,0,300,0.5,1700,0.5,1
0,5,13899,0,0,300,0.5,1700,0.5,1
0,6,7105,2,10,5,0,300,0.5,572,0.32,486,0.18,1
0,7,14135,0,0,666,0.42,420,0.58,1
0,8,11857,0,0,300,0.5,572,0.32,486,0.18,1
0,9,5259,2,10,5,0,666,0.42,420,0.58,1
0,10,13252,1,0,300,0.5,572,0.32,486,0.18,1
0,11,2169,2,10,5,0,300,0.5,572,0.32,486,0.18,1
1,0,1065,0,0,300,0.5,572,0.32,486,0.18,1
1,1,4149,2,10,5,0,500,0.6,1000,0.2,1400,0.2,1
1,2,9681,2,10,5,0,300,0.5,572,0.32,486,0.18,0
1,3,6548,2,10,5,0,500,0.6,1000,0.2,1400,0.2,1
1,4,6314,2,10,5,0,300,0.5,1700,0.5,1
1,5,14089,1,0,300,0.5,572,0.32,486,0.18,1
1,6,9601,1,0,300,0.5,572,0.32,486,0.18,1
1,7,8637,2,10,5,0,666,0.42,420,0.58,1
1,8,1097,1,0,500,0.6,1000,0.2,1400,0.2,1
1,9,9038,2,10,5,0,300,0.5,1700,0.5,1
1,10,10726,2,10,5,0,300,0.5,572,0.32,486,0.18,1
1,11,6084,0,0,666,0.42,420,0.58,1
2,0,8383,1,0,300,0.5,572,0.32,486,0.18,1
2,1,13364,1,0,666,0.42,420,0.58,1
2,2,1462,0,0,500,0.6,1000,0.2,1400,0.2,1
2,3,2084,0,0,500,0.6,1000,0.2,1400,0.2,1
2,4,13124,2,10,5,0,500,0.6,1000,0.2,1400,0.2,1
2,5,5841,1,0,300,0.5,1700,0.5,1
2,6,4484,1,0,500,0.6,1000,0.2,1400,0.2,1
2,7,12762,2,10,5,0,500,0.6,1000,0.2,1400,0.2,1
2,8,4727,0,0,300,0.5,1700,0.5,1
2,9,11208,2,10,5,0,300,0.5,1700,0.5,1
2,10,10601,0,0,300,0.5,572,0.32,486,0.18,1
2,11,12449,0,0,500,0.6,1000,0.2,1400,0.2,1
3,0,12440,2,10,5,0,500,0.6,1000,0.2,1400,0.2,1
3,1,937,2,10,5,0,300,0.5,1700,0.5,1
3,2,6811,0,0,300,0.5,1700,0.5,1
3,3,3103,1,0,666,0.42,420,0.58,1
3,4,5120,0,0,666,0.42,420,0.58,1
3,5,134,2,10,5,0,300,0.5,572,0.32,486,0.18,1
3,6,10005,1,0,500,0.6,1000,0.2,1400,0.2,1
3,7,13152,2,10,5,0,500,0.6,1000,0.2,1400,0.2,1
3,8,4413,0,0,500,0.6,1000,0.2,1400,0.2,1
3,9,679,0,0,300,0.5,1700,0.5,1
3,10,2640,1,0,300,0.5,1700,0.5,1
3,11,4339,2,10,5,0,300,0.5,1700,0.5,1
4,0,2224,2,10,5,0,300,0.5,1700,0.5,1
4,1,2259,0,0,300,0.5,572,0.32,486,0.18,1
4,2,12231,1,0,300,0.5,572,0.32,486,0.18,1
4,3,10319,1,0,300,0.5,1700,0.5,1
4,4,10910,2,10,5,0,500,0.6,1000,0.2,1400,0.2,1
4,5,3719,0,0,300,0.5,1700,0.5,1
4,6,9634,2,10,5,0,666,0.42,420,0.58,1
4,7,7997,1,0,300,0.5,1700,0.5,1
4,8,4196,2,10,5,0,300,0.5,1700,0.5,1
4,9,10854,1,0,666,0.42,420,0.58,1
4,10,10151,0,0,300,0.5,572,0.32,486,0.18,1
4,11,5204,0,0,300,0.5,572,0.32,486,0.18,1
5,0,5639,0,0,500,0.6,1000,0.2,1400,0.2,1
5,1,860,2,10,5,0,300,0.5,1700,0.5,1
5,2,7735,2,10,5,0,500,0.6,1000,0.2,1400,0.2,1
5,3,7889,2,10,5,0,300,0.5,572,0.32,486,0.18,1
5,4,4185,1,0,500,0.6,1000,0.2,1400,0.2,1
5,5,3785,1,0,666,0.42,420,0.58,1
5,6,14602,0,0,300,0.5,572,0.32,486,0.18,1
5,7,4206,1,0,500,0.6,1000,0.2,1400,0.2,1
5,8,11896,1,0,500,0.6,1000,0.2,1400,0.2,1
5,9,6813,2,10,5,0,300,0.5,572,0.32,486,0.18,1
5,10,10406,0,0,500,0.6,1000,0.2,1400,0.2,1
5,11,2243,2,10,5,0,300,0.5,572,0.32,486,0.18,1
6,0,8157,2,10,5,0,500,0.6,1000,0.2,1400,0.2,1
6,1,7032,1,0,666,0.42,420,0.58,1
6,2,9770,0,0,666,0.42,420,0.58,1
6,3,505,0,0,300,0.5,572,0.32,486,0.18,1
6,4,6523,2,10,5,0,300,0.5,572,0.32,486,0.18,1
6,5,14733,0,0,300,0.5,1700,0.5,1
6,6,3404,2,10,5,0,300,0.5,1700,0.5,1
6,7,7871,1,0,500,0.6,1000,0.2,1400,0.2,1
6,8,3307,2,10,5,0,500,0.6,1000,0.2,1400,0.2,1
6,9,7082,1,0,666,0.42,420,0.58,1
6,10,11821,2,10,5,0,666,0.42,420,0.58,1
6,11,5135,1,0,666,0.42,420,0.58,1
7,0,10379,1,0,300,0.5,1700,0.5,1
7,1,322,0,0,300,0.5,1700,0.5,1
7,2,4100,2,10,5,0,666,0.42,420,0.58,1
7,3,8028,0,0,300,0.5,1700,0.5,1
7,4,10978,2,10,5,0,500,0.6,1000,0.2,1400,0.2,1
7,5,6393,0,0,300,0.5,572,0.32,486,0.18,1
7,6,8806,0,0,500,0.6,1000,0.2,1400,0.2,1
7,7,2803,2,10,5,0,666,0.42,420,0.58,1
7,8,12213,0,0,300,0.5,1700,0.5,1
7,9,10697,1,0,666,0.42,420,0.58,1
7,10,6655,0,0,300,0.5,1700,0.5,1
7,11,3263,0,0,300,0.5,1700,0.5,1
8,0,2107,1,0,666,0.42,420,0.58,1
8,1,12583,2,10,5,0,500,0.6,1000,0.2,1400,0.2,1
8,2,9519,2,10,5,0,300,0.5,572,0.32,486,0.18,1
8,3,6324,1,0,500,0.6,1000,0.2,1400,0.2,1
8,4,14694,1,0,500,0.6,1000,0.2,1400,0.2,1
8,5,4778,2,10,5,0,300,0.5,1700,0.5,1
8,6,4959,0,0,300,0.5,572,0.32,486,0.18,1
8,7,10386,0,0,666,0.42,420,0.58,1
8,8,9840,0,0,300,0.5,572,0.32,486,0.18,1
8,9,5154,2,10,5,0,500,0.6,1000,0.2,1400,0.2,1
8,10,9975,0,0,300,0.5,1700,0.5,1
8,11,702,2,10,5,0,300,0.5,1700,0.5,1
9,0,13717,0,0,300,0.5,1700,0.5,1
9,1,13970,0,0,300,0.5,1700,0.5,1
9,2,2580,2,10,5,0,666,0.42,420,0.58,1
9,3,5597,0,0,300,0.5,1700,0.5,1
9,4,14715,1,0,300,0.5,572,0.32,486,0.18,1
9,5,3495,2,10,5,0,500,0.6,1000,0.2,1400,0.2,1
9,6,12007,1,0,300,0.5,1700,0.5,1
9,7,8464,1,0,500,0.6,1000,0.2,1400,0.2,1
9,8,10557,1,0,500,0.6,1000,0.2,1400,0.2,1
9,9,5713,1,0,300,0.5,572,0.32,486,0.18,1
9,10,13747,0,0,666,0.42,420,0.58,1
9,11,2107,0,0,500,0.6,1000,0.2,1400,0.2,1
10,0,9389,2,10,5,0,500,0.6,1000,0.2,1400,0.2,1
10,1,5441,0,0,666,0.42,420,0.58,1
10,2,7629,1,0,300,0.5,572,0.32,486,0.18,1
10,3,10618,0,0,300,0.5,572,0.32,486,0.18,1
10,4,5114,2,10,5,0,666,0.42,420,0.58,1
10,5,12997,0,0,300,0.5,1700,0.5,1
10,6,11596,1,0,666,0.42,420,0.58,1
10,7,12549,0,0,500,0.6,1000,0.2,1400,0.2,1
10,8,306,1,0,300,0.5,1700,0.5,1
10,9,7739,1,0,500,0.6,1000,0.2,1400,0.2,1
10,10,3939,2,10,5,0,666,0.42,420,0.58,1
10,11,5759,2,10,5,0,666,0.42,420,0.58,1
11,0,14736,2,10,5,0,300,0.5,572,0.32,486,0.18,1
11,1,14609,0,0,300,0.5,1700,0.5,1
11,2,4644,2,10,5,0,666,0.42,420,0.58,1
11,3,741,2,10,5,0,500,0.6,1000,0.2,1400,0.2,1
11,4,2893,2,10,5,0,666,0.42,420,0.58,1
11,5,10082,2,10,5,0,300,0.5,572,0.32,486,0.18,1
11,6,9889,1,0,500,0.6,1000,0.2,1400,0.2,1
11,7,783,2,10,5,0,300,0.5,1700,0.5,1
11,8,13186,1,0,300,0.5,572,0.32,486,0.18,1
11,9,6710,1,0,300,0.5,1700,0.5,1
11,10,3636,1,0,666,0.42,420,0.58,1
11,11,1443,2,10,5,0,500,0.6,1000,0.2,1400,0.2,1
