0,0,12142,1,0,300,0.5,572,0.32,486,0.18,1
0,1,6508,2,10,5,0,500,0.6,1000,0.2,1400,0.2,1
0,2,9397,2,10,5,0,666,0.42,420,0.58,1
0,3,13272,2,10,5,0,300,0.5,572,0.32,486,0.18,1
0,4,1825,2,10,5,0,666,0.42,420,0.58,1
0,5,13163,2,10,5,0,300,0.5,572,0.32,486,0.18,1
0,6,12024,0,0,300,0.5,572,0.32,486,0.18,1
0,7,7120,1,0,300,0.5,1700,0.5,1
0,8,2641,2,10,5,0,500,0.6,1000,0.2,1400,0.2,1
0,9,9649,2,10,5,0,500,0.6,1000,0.2,1400,0.2,1
0,10,3972,2,10,5,0,666,0.42,420,0.58,1
0,11,12758,1,0,666,0.42,420,0.58,1
1,0,12512,2,10,5,0,500,0.6,1000,0.2,1400,0.2,1
1,1,12436,2,10,5,0,500,0.6,1000,0.2,1400,0.2,1
1,2,10488,2,10,5,0,300,0.5,572,0.32,486,0.18,0
1,3,3952,2,10,5,0,500,0.6,1000,0.2,1400,0.2,1
1,4,126,1,0,666,0.42,420,0.58,1
1,5,2622,2,10,5,0,300,0.5,1700,0.5,1
1,6,4965,0,0,300,0.5,1700,0.5,1
1,7,824,0,0,300,0.5,572,0.32,486,0.18,1
1,8,1316,2,10,5,0,666,0.42,420,0.58,1
1,9,14411,0,0,500,0.6,1000,0.2,1400,0.2,1
1,10,8681,2,10,5,0,500,0.6,1000,0.2,1400,0.2,1
1,11,14940,1,0,300,0.5,572,0.32,486,0.18,1
2,0,3945,1,0,300,0.5,1700,0.5,1
2,1,79,1,0,500,0.6,1000,0.2,1400,0.2,1
2,2,14773,0,0,300,0.5,572,0.32,486,0.18,1
2,3,10826,0,0,300,0.5,572,0.32,486,0.18,1
2,4,12176,1,0,500,0.6,1000,0.2,1400,0.2,1
2,5,673,2,10,5,0,300,0.5,572,0.32,486,0.18,1
2,6,11057,1,0,300,0.5,572,0.32,486,0.18,1
2,7,5037,1,0,500,0.6,1000,0.2,1400,0.2,1
2,8,8483,1,0,500,0.6,1000,0.2,1400,0.2,1
2,9,10730,2,10,5,0,300,0.5,1700,0.5,1
2,10,4345,2,10,5,0,666,0.42,420,0.58,1
2,11,5884,0,0,300,0.5,572,0.32,486,0.18,1
3,0,10124,0,0,666,0.42,420,0.58,1
3,1,1361,2,10,5,0,300,0.5,572,0.32,486,0.18,1
3,2,11067,0,0,300,0.5,1700,0.5,1
3,3,2065,2,10,5,0,500,0.6,1000,0.2,1400,0.2,1
3,4,7896,2,10,5,0,666,0.42,420,0.58,1
3,5,14538,1,0,300,0.5,572,0.32,486,0.18,1
3,6,11286,2,10,5,0,300,0.5,1700,0.5,1
3,7,4592,1,0,300,0.5,572,0.32,486,0.18,1
3,8,9564,1,0,300,0.5,1700,0.5,1
3,9,12259,0,0,666,0.42,420,0.58,1
3,10,6811,1,0,666,0.42,420,0.58,1
3,11,10708,0,0,500,0.6,1000,0.2,1400,0.2,1
4,0,11919,1,0,300,0.5,572,0.32,486,0.18,1
4,1,2277,0,0,666,0.42,420,0.58,1
4,2,4132,0,0,300,0.5,572,0.32,486,0.18,1
4,3,7676,2,10,5,0,300,0.5,572,0.32,486,0.18,1
4,4,12380,2,10,5,0,300,0.5,1700,0.5,1
4,5,8753,2,10,5,0,300,0.5,572,0.32,486,0.18,1
4,6,11537,0,0,300,0.5,572,0.32,486,0.18,1
4,7,2032,2,10,5,0,666,0.42,420,0.58,1
4,8,7137,0,0,300,0.5,572,0.32,486,0.18,1
4,9,14832,1,0,666,0.42,420,0.58,1
4,10,12542,2,10,5,0,500,0.6,1000,0.2,1400,0.2,1
4,11,14981,1,0,666,0.42,420,0.58,1
5,0,1204,0,0,666,0.42,420,0.58,1
5,1,14625,2,10,5,0,666,0.42,420,0.58,1
5,2,6345,1,0,300,0.5,1700,0.5,1
5,3,3924,2,10,5,0,500,0.6,1000,0.2,1400,0.2,1
5,4,7137,2,10,5,0,300,0.5,1700,0.5,1
5,5,12408,2,10,5,0,666,0.42,420,0.58,1
5,6,4717,1,0,300,0.5,572,0.32,486,0.18,1
5,7,1336,0,0,666,0.42,420,0.58,1
5,8,6125,0,0,500,0.6,1000,0.2,1400,0.2,1
5,9,10594,0,0,500,0.6,1000,0.2,1400,0.2,1
5,10,3047,2,10,5,0,300,0.5,572,0.32,486,0.18,1
5,11,7957,0,0,300,0.5,572,0.32,486,0.18,1
6,0,1125,2,10,5,0,300,0.5,572,0.32,486,0.18,1
6,1,11116,2,10,5,0,500,0.6,1000,0.2,1400,0.2,1
6,2,7733,1,0,500,0.6,1000,0.2,1400,0.2,1
6,3,14451,1,0,300,0.5,1700,0.5,1
6,4,9828,2,10,5,0,300,0.5,572,0.32,486,0.18,1
6,5,10760,1,0,300,0.5,1700,0.5,1
6,6,8854,1,0,666,0.42,420,0.58,1
6,7,9363,0,0,300,0.5,1700,0.5,1
6,8,10748,0,0,300,0.5,1700,0.5,1
6,9,10861,1,0,500,0.6,1000,0.2,1400,0.2,1
6,10,8821,0,0,500,0.6,1000,0.2,1400,0.2,1
6,11,5278,0,0,300,0.5,572,0.32,486,0.18,1
7,0,10065,1,0,500,0.6,1000,0.2,1400,0.2,1
7,1,11302,0,0,666,0.42,420,0.58,1
7,2,7485,1,0,300,0.5,572,0.32,486,0.18,1
7,3,14139,2,10,5,0,300,0.5,572,0.32,486,0.18,1
7,4,1859,1,0,300,0.5,1700,0.5,1
7,5,9277,1,0,500,0.6,1000,0.2,1400,0.2,1
7,6,5702,2,10,5,0,666,0.42,420,0.58,1
7,7,3678,1,0,300,0.5,572,0.32,486,0.18,1
7,8,3130,1,0,500,0.6,1000,0.2,1400,0.2,1
7,9,6488,2,10,5,0,300,0.5,1700,0.5,1
7,10,7366,2,10,5,0,300,0.5,1700,0.5,1
7,11,10261,1,0,666,0.42,420,0.58,1
8,0,503,2,10,5,0,300,0.5,1700,0.5,1
8,1,13769,0,0,300,0.5,572,0.32,486,0.18,1
8,2,14786,0,0,500,0.6,1000,0.2,1400,0.2,1
8,3,12015,1,0,300,0.5,572,0.32,486,0.18,1
8,4,2203,1,0,666,0.42,420,0.58,1
8,5,12570,1,0,300,0.5,572,0.32,486,0.18,1
8,6,11172,2,10,5,0,666,0.42,420,0.58,1
8,7,1160,1,0,666,0.42,420,0.58,1
8,8,13097,0,0,300,0.5,572,0.32,486,0.18,1
8,9,10773,1,0,666,0.42,420,0.58,1
8,10,1126,2,10,5,0,666,0.42,420,0.58,1
8,11,6444,1,0,500,0.6,1000,0.2,1400,0.2,1
9,0,13062,0,0,300,0.5,1700,0.5,1
9,1,10472,2,10,5,0,300,0.5,572,0.32,486,0.18,1
9,2,14630,2,10,5,0,666,0.42,420,0.58,1
9,3,3350,1,0,500,0.6,1000,0.2,1400,0.2,1
9,4,3090,0,0,500,0.6,1000,0.2,1400,0.2,1
9,5,3880,1,0,666,0.42,420,0.58,1
9,6,9936,2,10,5,0,666,0.42,420,0.58,1
9,7,10291,2,10,5,0,666,0.42,420,0.58,1
9,8,12241,1,0,300,0.5,1700,0.5,1
9,9,3971,0,0,500,0.6,1000,0.2,1400,0.2,1
9,10,8365,2,10,5,0,666,0.42,420,0.58,1
9,11,272,0,0,300,0.5,1700,0.5,1
10,0,1337,2,10,5,0,666,0.42,420,0.58,1
10,1,2457,0,0,666,0.42,420,0.58,1
10,2,5322,0,0,666,0.42,420,0.58,1
10,3,12362,1,0,666,0.42,420,0.58,1
10,4,331,0,0,500,0.6,1000,0.2,1400,0.2,1
10,5,14509,2,10,5,0,300,0.5,572,0.32,486,0.18,1
10,6,5660,2,10,5,0,300,0.5,572,0.32,486,0.18,1
10,7,4189,2,10,5,0,500,0.6,1000,0.2,1400,0.2,1
10,8,9593,1,0,500,0.6,1000,0.2,1400,0.2,1
10,9,3834,1,0,500,0.6,1000,0.2,1400,0.2,1
10,10,9993,2,10,5,0,300,0.5,1700,0.5,1
10,11,12510,2,10,5,0,300,0.5,572,0.32,486,0.18,1
11,0,13766,0,0,666,0.42,420,0.58,1
11,1,11065,1,0,300,0.5,572,0.32,486,0.18,1
11,2,6169,2,10,5,0,666,0.42,420,0.58,1
11,3,1128,1,0,300,0.5,1700,0.5,1
11,4,13536,0,0,300,0.5,1700,0.5,1
11,5,14242,2,10,5,0,500,0.6,1000,0.2,1400,0.2,1
11,6,12852,2,10,5,0,500,0.6,1000,0.2,1400,0.2,1
11,7,1227,0,0,300,0.5,572,0.32,486,0.18,1
11,8,2044,1,0,300,0.5,1700,0.5,1
11,9,1237,1,0,666,0.42,420,0.58,1
11,10,3556,0,0,300,0.5,1700,0.5,1
11,11,4134,1,0,666,0.42,420,0.58,1
