0,0,7204,1,0,666,0.42,420,0.58,1
0,1,10862,0,0,300,0.5,1700,0.5,1
0,2,7509,1,0,300,0.5,1700,0.5,1
0,3,31,0,0,666,0.42,420,0.58,1
0,4,8861,1,0,666,0.42,420,0.58,1
0,5,9142,1,0,300,0.5,1700,0.5,1
0,6,2008,1,0,300,0.5,1700,0.5,1
0,7,1217,0,0,300,0.5,1700,0.5,1
0,8,2916,0,0,300,0.5,572,0.32,486,0.18,1
0,9,47,0,0,500,0.6,1000,0.2,1400,0.2,1
0,10,10219,2,10,5,0,500,0.6,1000,0.2,1400,0.2,1
0,11,8643,1,0,500,0.6,1000,0.2,1400,0.2,1
1,0,82,2,10,5,0,666,0.42,420,0.58,1
1,1,5565,2,10,5,0,500,0.6,1000,0.2,1400,0.2,1
1,2,12827,2,10,5,0,300,0.5,572,0.32,486,0.18,0
1,3,4748,0,0,666,0.42,420,0.58,1
1,4,13884,0,0,500,0.6,1000,0.2,1400,0.2,1
1,5,3612,1,0,300,0.5,1700,0.5,1
1,6,13797,1,0,300,0.5,572,0.32,486,0.18,1
1,7,3772,1,0,500,0.6,1000,0.2,1400,0.2,1
1,8,4952,2,10,5,0,500,0.6,1000,0.2,1400,0.2,1
1,9,12028,0,0,500,0.6,1000,0.2,1400,0.2,1
1,10,7083,1,0,300,0.5,1700,0.5,1
1,11,14187,1,0,300,0.5,1700,0.5,1
2,0,4231,1,0,300,0.5,572,0.32,486,0.18,1
2,1,7893,1,0,666,0.42,420,0.58,1
2,2,2735,0,0,300,0.5,572,0.32,486,0.18,1
2,3,8847,1,0,666,0.42,420,0.58,1
2,4,3301,1,0,300,0.5,1700,0.5,1
2,5,14467,2,10,5,0,300,0.5,1700,0.5,1
2,6,12934,1,0,500,0.6,1000,0.2,1400,0.2,1
2,7,554,2,10,5,0,300,0.5,1700,0.5,1
2,8,14159,2,10,5,0,666,0.42,420,0.58,1
2,9,4939,2,10,5,0,666,0.42,420,0.58,1
2,10,10107,2,10,5,0,666,0.42,420,0.58,1
2,11,2035,2,10,5,0,500,0.6,1000,0.2,1400,0.2,1
3,0,6980,0,0,300,0.5,572,0.32,486,0.18,1
3,1,3178,1,0,300,0.5,572,0.32,486,0.18,1
3,2,7909,0,0,500,0.6,1000,0.2,1400,0.2,1
3,3,13961,1,0,300,0.5,572,0.32,486,0.18,1
3,4,3129,1,0,666,0.42,420,0.58,1
3,5,14476,2,10,5,0,300,0.5,572,0.32,486,0.18,1
3,6,13724,0,0,666,0.42,420,0.58,1
3,7,2484,2,10,5,0,500,0.6,1000,0.2,1400,0.2,1
3,8,11102,0,0,500,0.6,1000,0.2,1400,0.2,1
3,9,11671,2,10,5,0,300,0.5,572,0.32,486,0.18,1
3,10,11589,0,0,300,0.5,1700,0.5,1
3,11,8932,2,10,5,0,666,0.42,420,0.58,1
4,0,3473,0,0,300,0.5,1700,0.5,1
4,1,14289,0,0,300,0.5,1700,0.5,1
4,2,8510,1,0,666,0.42,420,0.58,1
4,3,6870,1,0,500,0.6,1000,0.2,1400,0.2,1
4,4,9005,1,0,300,0.5,572,0.32,486,0.18,1
4,5,13282,2,10,5,0,300,0.5,1700,0.5,1
4,6,2174,2,10,5,0,666,0.42,420,0.58,1
4,7,5848,2,10,5,0,500,0.6,1000,0.2,1400,0.2,1
4,8,4408,1,0,500,0.6,1000,0.2,1400,0.2,1
4,9,6023,1,0,300,0.5,572,0.32,486,0.18,1
4,10,8389,0,0,666,0.42,420,0.58,1
4,11,6563,1,0,500,0.6,1000,0.2,1400,0.2,1
5,0,12056,0,0,500,0.6,1000,0.2,1400,0.2,1
5,1,14860,0,0,300,0.5,1700,0.5,1
5,2,5842,2,10,5,0,500,0.6,1000,0.2,1400,0.2,1
5,3,5991,2,10,5,0,300,0.5,572,0.32,486,0.18,1
5,4,8410,0,0,500,0.6,1000,0.2,1400,0.2,1
5,5,7805,1,0,300,0.5,1700,0.5,1
5,6,7036,1,0,666,0.42,420,0.58,1
5,7,10245,1,0,666,0.42,420,0.58,1
5,8,3651,0,0,666,0.42,420,0.58,1
5,9,8325,2,10,5,0,500,0.6,1000,0.2,1400,0.2,1
5,10,12658,1,0,300,0.5,572,0.32,486,0.18,1
5,11,5185,1,0,666,0.42,420,0.58,1
6,0,10196,0,0,300,0.5,1700,0.5,1
6,1,296,1,0,300,0.5,572,0.32,486,0.18,1
6,2,2925,0,0,300,0.5,1700,0.5,1
6,3,2699,0,0,300,0.5,1700,0.5,1
6,4,12464,1,0,300,0.5,1700,0.5,1
6,5,2283,1,0,666,0.42,420,0.58,1
6,6,10204,2,10,5,0,300,0.5,1700,0.5,1
6,7,2215,0,0,300,0.5,572,0.32,486,0.18,1
6,8,5048,2,10,5,0,500,0.6,1000,0.2,1400,0.2,1
6,9,3170,1,0,300,0.5,572,0.32,486,0.18,1
6,10,12521,2,10,5,0,300,0.5,572,0.32,486,0.18,1
6,11,9496,1,0,500,0.6,1000,0.2,1400,0.2,1
7,0,1500,1,0,666,0.42,420,0.58,1
7,1,11844,1,0,666,0.42,420,0.58,1
7,2,1152,1,0,666,0.42,420,0.58,1
7,3,5052,1,0,300,0.5,572,0.32,486,0.18,1
7,4,9454,0,0,666,0.42,420,0.58,1
7,5,11518,2,10,5,0,300,0.5,572,0.32,486,0.18,1
7,6,9741,0,0,300,0.5,1700,0.5,1
7,7,10476,0,0,300,0.5,572,0.32,486,0.18,1
7,8,2203,0,0,666,0.42,420,0.58,1
7,9,1767,1,0,666,0.42,420,0.58,1
7,10,11852,2,10,5,0,300,0.5,572,0.32,486,0.18,1
7,11,4403,1,0,500,0.6,1000,0.2,1400,0.2,1
8,0,131,0,0,666,0.42,420,0.58,1
8,1,13807,0,0,666,0.42,420,0.58,1
8,2,4696,1,0,666,0.42,420,0.58,1
8,3,8078,0,0,666,0.42,420,0.58,1
8,4,2193,1,0,500,0.6,1000,0.2,1400,0.2,1
8,5,7277,1,0,666,0.42,420,0.58,1
8,6,7045,2,10,5,0,666,0.42,420,0.58,1
8,7,4782,0,0,500,0.6,1000,0.2,1400,0.2,1
8,8,8523,2,10,5,0,666,0.42,420,0.58,1
8,9,3029,2,10,5,0,300,0.5,1700,0.5,1
8,10,14940,2,10,5,0,666,0.42,420,0.58,1
8,11,1191,1,0,300,0.5,1700,0.5,1
9,0,14653,1,0,500,0.6,1000,0.2,1400,0.2,1
9,1,12537,1,0,300,0.5,572,0.32,486,0.18,1
9,2,11967,0,0,500,0.6,1000,0.2,1400,0.2,1
9,3,13399,0,0,300,0.5,572,0.32,486,0.18,1
9,4,5620,0,0,666,0.42,420,0.58,1
9,5,11078,1,0,300,0.5,1700,0.5,1
9,6,13196,1,0,300,0.5,1700,0.5,1
9,7,3910,0,0,500,0.6,1000,0.2,1400,0.2,1
9,8,9690,1,0,300,0.5,1700,0.5,1
9,9,2384,2,10,5,0,300,0.5,572,0.32,486,0.18,1
9,10,14817,1,0,300,0.5,572,0.32,486,0.18,1
9,11,1776,2,10,5,0,300,0.5,1700,0.5,1
10,0,10631,2,10,5,0,300,0.5,1700,0.5,1
10,1,13333,1,0,500,0.6,1000,0.2,1400,0.2,1
10,2,6470,1,0,300,0.5,572,0.32,486,0.18,1
10,3,9844,2,10,5,0,500,0.6,1000,0.2,1400,0.2,1
10,4,10487,2,10,5,0,500,0.6,1000,0.2,1400,0.2,1
10,5,9766,2,10,5,0,500,0.6,1000,0.2,1400,0.2,1
10,6,12032,0,0,300,0.5,1700,0.5,1
10,7,4868,2,10,5,0,500,0.6,1000,0.2,1400,0.2,1
10,8,5248,1,0,300,0.5,572,0.32,486,0.18,1
10,9,2166,0,0,300,0.5,1700,0.5,1
10,10,14125,0,0,666,0.42,420,0.58,1
10,11,6496,0,0,300,0.5,1700,0.5,1
11,0,12671,2,10,5,0,666,0.42,420,0.58,1
11,1,4756,0,0,300,0.5,1700,0.5,1
11,2,1986,0,0,300,0.5,1700,0.5,1
11,3,12836,0,0,500,0.6,1000,0.2,1400,0.2,1
11,4,923,2,10,5,0,666,0.42,420,0.58,1
11,5,5058,0,0,300,0.5,1700,0.5,1
11,6,14032,2,10,5,0,300,0.5,1700,0.5,1
11,7,12323,2,10,5,0,666,0.42,420,0.58,1
11,8,5040,2,10,5,0,300,0.5,572,0.32,486,0.18,1
11,9,7649,0,0,300,0.5,1700,0.5,1
11,10,68,1,0,300,0.5,1700,0.5,1
11,11,3678,0,0,666,0.42,420,0.58,1
