0,0,12158,2,10,5,0,500,0.6,1000,0.2,1400,0.2,1
0,1,13078,1,0,500,0.6,1000,0.2,1400,0.2,1
0,2,14378,1,0,300,0.5,572,0.32,486,0.18,1
0,3,11693,1,0,666,0.42,420,0.58,1
0,4,12044,0,0,500,0.6,1000,0.2,1400,0.2,1
0,5,4929,0,0,300,0.5,1700,0.5,1
0,6,7939,0,0,300,0.5,572,0.32,486,0.18,1
0,7,14596,2,10,5,0,500,0.6,1000,0.2,1400,0.2,1
0,8,14403,0,0,300,0.5,1700,0.5,1
0,9,2627,1,0,666,0.42,420,0.58,1
0,10,1736,0,0,300,0.5,1700,0.5,1
0,11,11712,0,0,300,0.5,572,0.32,486,0.18,1
1,0,12782,2,10,5,0,300,0.5,1700,0.5,1
1,1,10059,2,10,5,0,300,0.5,1700,0.5,1
1,2,8175,1,0,300,0.5,572,0.32,486,0.18,0
1,3,14412,1,0,666,0.42,420,0.58,1
1,4,7468,0,0,300,0.5,1700,0.5,1
1,5,5551,1,0,300,0.5,572,0.32,486,0.18,1
1,6,8157,2,10,5,0,666,0.42,420,0.58,1
1,7,227,1,0,666,0.42,420,0.58,1
1,8,12348,2,10,5,0,300,0.5,572,0.32,486,0.18,1
1,9,12816,0,0,300,0.5,572,0.32,486,0.18,1
1,10,2143,0,0,300,0.5,1700,0.5,1
1,11,6261,2,10,5,0,500,0.6,1000,0.2,1400,0.2,1
2,0,10782,2,10,5,0,666,0.42,420,0.58,1
2,1,9713,1,0,300,0.5,572,0.32,486,0.18,1
2,2,7485,0,0,666,0.42,420,0.58,1
2,3,10939,1,0,500,0.6,1000,0.2,1400,0.2,1
2,4,11225,2,10,5,0,300,0.5,572,0.32,486,0.18,1
2,5,13461,2,10,5,0,300,0.5,572,0.32,486,0.18,1
2,6,3691,0,0,300,0.5,572,0.32,486,0.18,1
2,7,14621,2,10,5,0,666,0.42,420,0.58,1
2,8,1849,2,10,5,0,300,0.5,572,0.32,486,0.18,1
2,9,7713,1,0,500,0.6,1000,0.2,1400,0.2,1
2,10,11251,0,0,500,0.6,1000,0.2,1400,0.2,1
2,11,13056,2,10,5,0,300,0.5,1700,0.5,1
3,0,6282,0,0,500,0.6,1000,0.2,1400,0.2,1
3,1,6389,2,10,5,0,500,0.6,1000,0.2,1400,0.2,1
3,2,11640,0,0,300,0.5,1700,0.5,1
3,3,8716,2,10,5,0,666,0.42,420,0.58,1
3,4,13212,1,0,666,0.42,420,0.58,1
3,5,1388,1,0,500,0.6,1000,0.2,1400,0.2,1
3,6,7864,2,10,5,0,300,0.5,572,0.32,486,0.18,1
3,7,14185,1,0,500,0.6,1000,0.2,1400,0.2,1
3,8,11675,1,0,300,0.5,572,0.32,486,0.18,1
3,9,12073,2,10,5,0,300,0.5,1700,0.5,1
3,10,8476,0,0,300,0.5,572,0.32,486,0.18,1
3,11,1193,2,10,5,0,500,0.6,1000,0.2,1400,0.2,1
4,0,5373,0,0,666,0.42,420,0.58,1
4,1,9250,0,0,500,0.6,1000,0.2,1400,0.2,1
4,2,12961,0,0,666,0.42,420,0.58,1
4,3,9893,2,10,5,0,666,0.42,420,0.58,1
4,4,6539,0,0,300,0.5,1700,0.5,1
4,5,11841,2,10,5,0,666,0.42,420,0.58,1
4,6,12280,2,10,5,0,500,0.6,1000,0.2,1400,0.2,1
4,7,6037,2,10,5,0,300,0.5,1700,0.5,1
4,8,861,0,0,500,0.6,1000,0.2,1400,0.2,1
4,9,5047,0,0,500,0.6,1000,0.2,1400,0.2,1
4,10,14077,0,0,500,0.6,1000,0.2,1400,0.2,1
4,11,3425,0,0,300,0.5,1700,0.5,1
5,0,4316,2,10,5,0,300,0.5,1700,0.5,1
5,1,7691,1,0,500,0.6,1000,0.2,1400,0.2,1
5,2,1320,0,0,500,0.6,1000,0.2,1400,0.2,1
5,3,5767,1,0,500,0.6,1000,0.2,1400,0.2,1
5,4,3236,0,0,300,0.5,1700,0.5,1
5,5,14523,2,10,5,0,500,0.6,1000,0.2,1400,0.2,1
5,6,14722,0,0,300,0.5,572,0.32,486,0.18,1
5,7,740,1,0,300,0.5,1700,0.5,1
5,8,8430,0,0,300,0.5,572,0.32,486,0.18,1
5,9,4271,1,0,300,0.5,572,0.32,486,0.18,1
5,10,12886,0,0,666,0.42,420,0.58,1
5,11,3701,2,10,5,0,300,0.5,1700,0.5,1
6,0,14870,2,10,5,0,300,0.5,572,0.32,486,0.18,1
6,1,7622,2,10,5,0,300,0.5,1700,0.5,1
6,2,14313,0,0,500,0.6,1000,0.2,1400,0.2,1
6,3,11953,2,10,5,0,300,0.5,572,0.32,486,0.18,1
6,4,8770,0,0,300,0.5,572,0.32,486,0.18,1
6,5,3150,2,10,5,0,300,0.5,1700,0.5,1
6,6,13543,1,0,666,0.42,420,0.58,1
6,7,10363,0,0,300,0.5,1700,0.5,1
6,8,6388,0,0,300,0.5,1700,0.5,1
6,9,6609,1,0,300,0.5,572,0.32,486,0.18,1
6,10,2093,0,0,666,0.42,420,0.58,1
6,11,5203,1,0,666,0.42,420,0.58,1
7,0,14806,0,0,300,0.5,572,0.32,486,0.18,1
7,1,8022,1,0,300,0.5,572,0.32,486,0.18,1
7,2,14205,0,0,300,0.5,1700,0.5,1
7,3,11514,1,0,500,0.6,1000,0.2,1400,0.2,1
7,4,1637,2,10,5,0,666,0.42,420,0.58,1
7,5,10144,0,0,500,0.6,1000,0.2,1400,0.2,1
7,6,14387,2,10,5,0,666,0.42,420,0.58,1
7,7,1817,2,10,5,0,300,0.5,572,0.32,486,0.18,1
7,8,11005,1,0,300,0.5,572,0.32,486,0.18,1
7,9,8795,1,0,300,0.5,1700,0.5,1
7,10,1570,2,10,5,0,666,0.42,420,0.58,1
7,11,6564,2,10,5,0,300,0.5,572,0.32,486,0.18,1
8,0,11168,0,0,300,0.5,572,0.32,486,0.18,1
8,1,5906,2,10,5,0,500,0.6,1000,0.2,1400,0.2,1
8,2,11119,2,10,5,0,300,0.5,572,0.32,486,0.18,1
8,3,8186,1,0,300,0.5,572,0.32,486,0.18,1
8,4,298,1,0,666,0.42,420,0.58,1
8,5,1029,2,10,5,0,500,0.6,1000,0.2,1400,0.2,1
8,6,12675,1,0,666,0.42,420,0.58,1
8,7,2152,2,10,5,0,300,0.5,1700,0.5,1
8,8,9848,1,0,300,0.5,1700,0.5,1
8,9,3326,0,0,300,0.5,1700,0.5,1
8,10,4344,2,10,5,0,666,0.42,420,0.58,1
8,11,6709,2,10,5,0,666,0.42,420,0.58,1
9,0,13925,2,10,5,0,300,0.5,572,0.32,486,0.18,1
9,1,4124,2,10,5,0,666,0.42,420,0.58,1
9,2,6526,1,0,666,0.42,420,0.58,1
9,3,6562,2,10,5,0,500,0.6,1000,0.2,1400,0.2,1
9,4,2974,1,0,666,0.42,420,0.58,1
9,5,9329,2,10,5,0,666,0.42,420,0.58,1
9,6,14057,0,0,500,0.6,1000,0.2,1400,0.2,1
9,7,6003,2,10,5,0,300,0.5,1700,0.5,1
9,8,5375,2,10,5,0,300,0.5,1700,0.5,1
9,9,11570,1,0,500,0.6,1000,0.2,1400,0.2,1
9,10,13819,2,10,5,0,300,0.5,572,0.32,486,0.18,1
9,11,2465,0,0,666,0.42,420,0.58,1
10,0,12260,1,0,500,0.6,1000,0.2,1400,0.2,1
10,1,14894,2,10,5,0,500,0.6,1000,0.2,1400,0.2,1
10,2,5846,0,0,666,0.42,420,0.58,1
10,3,7568,2,10,5,0,666,0.42,420,0.58,1
10,4,871,2,10,5,0,500,0.6,1000,0.2,1400,0.2,1
10,5,10166,1,0,666,0.42,420,0.58,1
10,6,8373,0,0,666,0.42,420,0.58,1
10,7,2484,1,0,300,0.5,572,0.32,486,0.18,1
10,8,10703,0,0,300,0.5,572,0.32,486,0.18,1
10,9,535,0,0,500,0.6,1000,0.2,1400,0.2,1
10,10,9405,2,10,5,0,300,0.5,572,0.32,486,0.18,1
10,11,8456,0,0,300,0.5,572,0.32,486,0.18,1
11,0,6160,0,0,300,0.5,572,0.32,486,0.18,1
11,1,10478,2,10,5,0,500,0.6,1000,0.2,1400,0.2,1
11,2,8078,2,10,5,0,300,0.5,572,0.32,486,0.18,1
11,3,243,2,10,5,0,666,0.42,420,0.58,1
11,4,10874,1,0,500,0.6,1000,0.2,1400,0.2,1
11,5,14962,2,10,5,0,300,0.5,1700,0.5,1
11,6,9019,2,10,5,0,500,0.6,1000,0.2,1400,0.2,1
11,7,10732,2,10,5,0,300,0.5,572,0.32,486,0.18,1
11,8,14019,2,10,5,0,500,0.6,1000,0.2,1400,0.2,1
11,9,8872,0,0,500,0.6,1000,0.2,1400,0.2,1
11,10,5114,0,0,500,0.6,1000,0.2,1400,0.2,1
11,11,3180,0,0,300,0.5,572,0.32,486,0.18,1
