0,0,9960,0,0,300,0.5,1700,0.5,1
0,1,7162,0,0,300,0.5,1700,0.5,1
0,2,3059,0,0,300,0.5,1700,0.5,1
0,3,8987,2,10,5,0,300,0.5,572,0.32,486,0.18,1
0,4,14930,0,0,666,0.42,420,0.58,1
0,5,5018,2,10,5,0,300,0.5,1700,0.5,1
0,6,14280,1,0,500,0.6,1000,0.2,1400,0.2,1
0,7,4102,2,10,5,0,300,0.5,1700,0.5,1
0,8,13825,0,0,300,0.5,572,0.32,486,0.18,1
0,9,9331,2,10,5,0,300,0.5,572,0.32,486,0.18,1
0,10,60,0,0,666,0.42,420,0.58,1
0,11,8781,0,0,300,0.5,1700,0.5,1
1,0,14177,2,10,5,0,300,0.5,1700,0.5,1
1,1,8259,1,0,300,0.5,572,0.32,486,0.18,1
1,2,5328,0,0,300,0.5,572,0.32,486,0.18,0
1,3,13187,0,0,300,0.5,572,0.32,486,0.18,1
1,4,7446,2,10,5,0,666,0.42,420,0.58,1
1,5,12591,1,0,500,0.6,1000,0.2,1400,0.2,1
1,6,7367,1,0,500,0.6,1000,0.2,1400,0.2,1
1,7,12416,1,0,300,0.5,1700,0.5,1
1,8,13567,2,10,5,0,300,0.5,572,0.32,486,0.18,1
1,9,12177,0,0,300,0.5,572,0.32,486,0.18,1
1,10,14963,2,10,5,0,300,0.5,1700,0.5,1
1,11,12729,2,10,5,0,666,0.42,420,0.58,1
2,0,11609,2,10,5,0,500,0.6,1000,0.2,1400,0.2,1
2,1,2343,2,10,5,0,666,0.42,420,0.58,1
2,2,3979,0,0,666,0.42,420,0.58,1
2,3,11701,0,0,300,0.5,572,0.32,486,0.18,1
2,4,7461,2,10,5,0,666,0.42,420,0.58,1
2,5,4827,0,0,666,0.42,420,0.58,1
2,6,12457,1,0,500,0.6,1000,0.2,1400,0.2,1
2,7,8640,1,0,300,0.5,1700,0.5,1
2,8,9601,0,0,500,0.6,1000,0.2,1400,0.2,1
2,9,4731,2,10,5,0,500,0.6,1000,0.2,1400,0.2,1
2,10,7783,0,0,300,0.5,1700,0.5,1
2,11,3710,2,10,5,0,666,0.42,420,0.58,1
3,0,9082,0,0,500,0.6,1000,0.2,1400,0.2,1
3,1,300,2,10,5,0,300,0.5,1700,0.5,1
3,2,2307,0,0,300,0.5,1700,0.5,1
3,3,14559,2,10,5,0,300,0.5,1700,0.5,1
3,4,2833,2,10,5,0,666,0.42,420,0.58,1
3,5,749,2,10,5,0,300,0.5,572,0.32,486,0.18,1
3,6,11558,0,0,500,0.6,1000,0.2,1400,0.2,1
3,7,5281,0,0,500,0.6,1000,0.2,1400,0.2,1
3,8,13725,0,0,300,0.5,1700,0.5,1
3,9,7606,2,10,5,0,300,0.5,1700,0.5,1
3,10,12546,1,0,300,0.5,572,0.32,486,0.18,1
3,11,2440,2,10,5,0,666,0.42,420,0.58,1
4,0,1660,0,0,300,0.5,1700,0.5,1
4,1,5702,2,10,5,0,300,0.5,572,0.32,486,0.18,1
4,2,13736,1,0,300,0.5,572,0.32,486,0.18,1
4,3,6056,1,0,666,0.42,420,0.58,1
4,4,8439,2,10,5,0,666,0.42,420,0.58,1
4,5,14517,2,10,5,0,300,0.5,1700,0.5,1
4,6,9213,2,10,5,0,300,0.5,572,0.32,486,0.18,1
4,7,6112,1,0,300,0.5,572,0.32,486,0.18,1
4,8,3117,1,0,300,0.5,572,0.32,486,0.18,1
4,9,6856,1,0,300,0.5,1700,0.5,1
4,10,6858,0,0,300,0.5,572,0.32,486,0.18,1
4,11,7080,0,0,500,0.6,1000,0.2,1400,0.2,1
5,0,12157,2,10,5,0,500,0.6,1000,0.2,1400,0.2,1
5,1,7003,1,0,500,0.6,1000,0.2,1400,0.2,1
5,2,7332,1,0,300,0.5,1700,0.5,1
5,3,10325,0,0,500,0.6,1000,0.2,1400,0.2,1
5,4,11388,0,0,500,0.6,1000,0.2,1400,0.2,1
5,5,11369,0,0,666,0.42,420,0.58,1
5,6,7237,1,0,666,0.42,420,0.58,1
5,7,7426,1,0,300,0.5,572,0.32,486,0.18,1
5,8,6738,1,0,666,0.42,420,0.58,1
5,9,844,2,10,5,0,300,0.5,572,0.32,486,0.18,1
5,10,3810,0,0,500,0.6,1000,0.2,1400,0.2,1
5,11,4505,0,0,300,0.5,572,0.32,486,0.18,1
6,0,14753,2,10,5,0,500,0.6,1000,0.2,1400,0.2,1
6,1,10930,0,0,300,0.5,1700,0.5,1
6,2,14963,0,0,666,0.42,420,0.58,1
6,3,14830,2,10,5,0,500,0.6,1000,0.2,1400,0.2,1
6,4,7438,1,0,500,0.6,1000,0.2,1400,0.2,1
6,5,10150,2,10,5,0,666,0.42,420,0.58,1
6,6,8815,1,0,300,0.5,572,0.32,486,0.18,1
6,7,5691,2,10,5,0,300,0.5,572,0.32,486,0.18,1
6,8,490,1,0,666,0.42,420,0.58,1
6,9,14375,1,0,300,0.5,1700,0.5,1
6,10,1533,2,10,5,0,500,0.6,1000,0.2,1400,0.2,1
6,11,3711,1,0,300,0.5,572,0.32,486,0.18,1
7,0,1616,1,0,500,0.6,1000,0.2,1400,0.2,1
7,1,1629,2,10,5,0,300,0.5,1700,0.5,1
7,2,663,0,0,300,0.5,1700,0.5,1
7,3,8226,0,0,666,0.42,420,0.58,1
7,4,11066,0,0,666,0.42,420,0.58,1
7,5,1961,2,10,5,0,500,0.6,1000,0.2,1400,0.2,1
7,6,3837,2,10,5,0,300,0.5,572,0.32,486,0.18,1
7,7,9481,2,10,5,0,300,0.5,572,0.32,486,0.18,1
7,8,2377,2,10,5,0,500,0.6,1000,0.2,1400,0.2,1
7,9,994,1,0,500,0.6,1000,0.2,1400,0.2,1
7,10,11999,1,0,300,0.5,1700,0.5,1
7,11,14790,1,0,500,0.6,1000,0.2,1400,0.2,1
8,0,4090,0,0,500,0.6,1000,0.2,1400,0.2,1
8,1,5578,2,10,5,0,666,0.42,420,0.58,1
8,2,5079,0,0,666,0.42,420,0.58,1
8,3,367,1,0,666,0.42,420,0.58,1
8,4,14448,0,0,666,0.42,420,0.58,1
8,5,9929,0,0,500,0.6,1000,0.2,1400,0.2,1
8,6,909,0,0,500,0.6,1000,0.2,1400,0.2,1
8,7,4774,2,10,5,0,300,0.5,572,0.32,486,0.18,1
8,8,6241,0,0,300,0.5,1700,0.5,1
8,9,940,1,0,666,0.42,420,0.58,1
8,10,13811,1,0,300,0.5,1700,0.5,1
8,11,5964,1,0,666,0.42,420,0.58,1
9,0,3542,1,0,500,0.6,1000,0.2,1400,0.2,1
9,1,2996,0,0,300,0.5,572,0.32,486,0.18,1
9,2,13158,2,10,5,0,300,0.5,1700,0.5,1
9,3,2560,2,10,5,0,300,0.5,1700,0.5,1
9,4,14614,0,0,666,0.42,420,0.58,1
9,5,324,1,0,500,0.6,1000,0.2,1400,0.2,1
9,6,13987,2,10,5,0,666,0.42,420,0.58,1
9,7,5901,2,10,5,0,300,0.5,1700,0.5,1
9,8,32,1,0,500,0.6,1000,0.2,1400,0.2,1
9,9,9570,1,0,300,0.5,1700,0.5,1
9,10,8837,0,0,300,0.5,1700,0.5,1
9,11,5373,1,0,500,0.6,1000,0.2,1400,0.2,1
10,0,2603,1,0,300,0.5,1700,0.5,1
10,1,12773,0,0,500,0.6,1000,0.2,1400,0.2,1
10,2,1700,0,0,500,0.6,1000,0.2,1400,0.2,1
10,3,14528,2,10,5,0,666,0.42,420,0.58,1
10,4,12056,2,10,5,0,300,0.5,1700,0.5,1
10,5,7946,1,0,666,0.42,420,0.58,1
10,6,6441,1,0,300,0.5,572,0.32,486,0.18,1
10,7,7693,1,0,500,0.6,1000,0.2,1400,0.2,1
10,8,1534,0,0,300,0.5,572,0.32,486,0.18,1
10,9,5280,1,0,500,0.6,1000,0.2,1400,0.2,1
10,10,9680,0,0,300,0.5,1700,0.5,1
10,11,4287,2,10,5,0,300,0.5,1700,0.5,1
11,0,14039,0,0,500,0.6,1000,0.2,1400,0.2,1
11,1,302,1,0,300,0.5,572,0.32,486,0.18,1
11,2,1631,2,10,5,0,666,0.42,420,0.58,1
11,3,4195,0,0,500,0.6,1000,0.2,1400,0.2,1
11,4,505,2,10,5,0,300,0.5,1700,0.5,1
11,5,7594,2,10,5,0,300,0.5,572,0.32,486,0.18,1
11,6,12021,2,10,5,0,500,0.6,1000,0.2,1400,0.2,1
11,7,13072,0,0,500,0.6,1000,0.2,1400,0.2,1
11,8,174,1,0,300,0.5,572,0.32,486,0.18,1
11,9,3153,2,10,5,0,300,0.5,572,0.32,486,0.18,1
11,10,10938,0,0,500,0.6,1000,0.2,1400,0.2,1
11,11,13926,0,0,300,0.5,572,0.32,486,0.18,1
