0,0,11847,0,0,666,0.42,420,0.58,1
0,1,10167,0,0,500,0.6,1000,0.2,1400,0.2,1
0,2,3772,0,0,300,0.5,572,0.32,486,0.18,1
0,3,1110,0,0,300,0.5,572,0.32,486,0.18,1
0,4,8369,1,0,500,0.6,1000,0.2,1400,0.2,1
0,5,13286,2,10,5,0,300,0.5,572,0.32,486,0.18,1
0,6,12009,0,0,300,0.5,1700,0.5,1
0,7,13874,2,10,5,0,300,0.5,1700,0.5,1
0,8,5522,2,10,5,0,300,0.5,572,0.32,486,0.18,1
0,9,13375,0,0,500,0.6,1000,0.2,1400,0.2,1
0,10,766,1,0,666,0.42,420,0.58,1
0,11,11867,1,0,500,0.6,1000,0.2,1400,0.2,1
1,0,8406,1,0,666,0.42,420,0.58,1
1,1,819,1,0,500,0.6,1000,0.2,1400,0.2,1
1,2,4355,0,0,300,0.5,1700,0.5,0
1,3,8294,1,0,300,0.5,1700,0.5,1
1,4,1666,1,0,300,0.5,1700,0.5,1
1,5,8001,2,10,5,0,300,0.5,1700,0.5,1
1,6,7121,2,10,5,0,666,0.42,420,0.58,1
1,7,7269,2,10,5,0,300,0.5,1700,0.5,1
1,8,411,2,10,5,0,300,0.5,1700,0.5,1
1,9,3215,2,10,5,0,300,0.5,572,0.32,486,0.18,1
1,10,8621,2,10,5,0,666,0.42,420,0.58,1
1,11,9911,2,10,5,0,666,0.42,420,0.58,1
2,0,10152,2,10,5,0,500,0.6,1000,0.2,1400,0.2,1
2,1,13828,0,0,300,0.5,1700,0.5,1
2,2,13017,0,0,500,0.6,1000,0.2,1400,0.2,1
2,3,11850,2,10,5,0,300,0.5,1700,0.5,1
2,4,5087,1,0,500,0.6,1000,0.2,1400,0.2,1
2,5,3735,2,10,5,0,300,0.5,572,0.32,486,0.18,1
2,6,12347,2,10,5,0,300,0.5,1700,0.5,1
2,7,3197,2,10,5,0,300,0.5,1700,0.5,1
2,8,202,1,0,666,0.42,420,0.58,1
2,9,1126,1,0,300,0.5,572,0.32,486,0.18,1
2,10,2673,1,0,300,0.5,572,0.32,486,0.18,1
2,11,13789,2,10,5,0,666,0.42,420,0.58,1
3,0,4422,1,0,300,0.5,572,0.32,486,0.18,1
3,1,12937,1,0,300,0.5,572,0.32,486,0.18,1
3,2,14822,0,0,666,0.42,420,0.58,1
3,3,4908,0,0,666,0.42,420,0.58,1
3,4,1087,1,0,300,0.5,572,0.32,486,0.18,1
3,5,10958,2,10,5,0,300,0.5,572,0.32,486,0.18,1
3,6,2064,1,0,666,0.42,420,0.58,1
3,7,874,0,0,300,0.5,572,0.32,486,0.18,1
3,8,9461,2,10,5,0,300,0.5,572,0.32,486,0.18,1
3,9,10010,2,10,5,0,300,0.5,572,0.32,486,0.18,1
3,10,3603,1,0,666,0.42,420,0.58,1
3,11,3045,0,0,500,0.6,1000,0.2,1400,0.2,1
4,0,14709,2,10,5,0,500,0.6,1000,0.2,1400,0.2,1
4,1,8950,1,0,666,0.42,420,0.58,1
4,2,1382,1,0,300,0.5,1700,0.5,1
4,3,5429,1,0,666,0.42,420,0.58,1
4,4,14287,0,0,500,0.6,1000,0.2,1400,0.2,1
4,5,6472,0,0,300,0.5,1700,0.5,1
4,6,8319,0,0,300,0.5,1700,0.5,1
4,7,11683,2,10,5,0,500,0.6,1000,0.2,1400,0.2,1
4,8,9210,0,0,666,0.42,420,0.58,1
4,9,3460,0,0,666,0.42,420,0.58,1
4,10,7571,1,0,666,0.42,420,0.58,1
4,11,1056,2,10,5,0,300,0.5,1700,0.5,1
5,0,5115,2,10,5,0,666,0.42,420,0.58,1
5,1,9475,1,0,300,0.5,572,0.32,486,0.18,1
5,2,9149,1,0,300,0.5,572,0.32,486,0.18,1
5,3,13914,1,0,500,0.6,1000,0.2,1400,0.2,1
5,4,13314,2,10,5,0,666,0.42,420,0.58,1
5,5,7852,0,0,666,0.42,420,0.58,1
5,6,14281,0,0,666,0.42,420,0.58,1
5,7,10710,1,0,300,0.5,1700,0.5,1
5,8,8813,1,0,300,0.5,572,0.32,486,0.18,1
5,9,11403,2,10,5,0,300,0.5,1700,0.5,1
5,10,14490,0,0,500,0.6,1000,0.2,1400,0.2,1
5,11,14413,2,10,5,0,300,0.5,1700,0.5,1
6,0,1794,0,0,300,0.5,1700,0.5,1
6,1,12491,1,0,500,0.6,1000,0.2,1400,0.2,1
6,2,11981,2,10,5,0,300,0.5,572,0.32,486,0.18,1
6,3,7712,1,0,300,0.5,1700,0.5,1
6,4,2664,1,0,666,0.42,420,0.58,1
6,5,11002,1,0,300,0.5,1700,0.5,1
6,6,6257,1,0,500,0.6,1000,0.2,1400,0.2,1
6,7,7305,0,0,500,0.6,1000,0.2,1400,0.2,1
6,8,115,0,0,300,0.5,572,0.32,486,0.18,1
6,9,7514,2,10,5,0,300,0.5,572,0.32,486,0.18,1
6,10,11533,2,10,5,0,666,0.42,420,0.58,1
6,11,4613,0,0,300,0.5,1700,0.5,1
7,0,201,2,10,5,0,500,0.6,1000,0.2,1400,0.2,1
7,1,5236,0,0,500,0.6,1000,0.2,1400,0.2,1
7,2,9287,2,10,5,0,500,0.6,1000,0.2,1400,0.2,1
7,3,7871,2,10,5,0,500,0.6,1000,0.2,1400,0.2,1
7,4,12671,2,10,5,0,300,0.5,572,0.32,486,0.18,1
7,5,8539,2,10,5,0,300,0.5,572,0.32,486,0.18,1
7,6,4558,0,0,300,0.5,1700,0.5,1
7,7,12712,0,0,300,0.5,1700,0.5,1
7,8,4498,2,10,5,0,666,0.42,420,0.58,1
7,9,407,0,0,666,0.42,420,0.58,1
7,10,6963,2,10,5,0,666,0.42,420,0.58,1
7,11,977,0,0,500,0.6,1000,0.2,1400,0.2,1
8,0,14093,2,10,5,0,300,0.5,572,0.32,486,0.18,1
8,1,6052,0,0,500,0.6,1000,0.2,1400,0.2,1
8,2,7639,2,10,5,0,300,0.5,1700,0.5,1
8,3,6311,2,10,5,0,300,0.5,572,0.32,486,0.18,1
8,4,6312,0,0,300,0.5,572,0.32,486,0.18,1
8,5,10228,0,0,300,0.5,572,0.32,486,0.18,1
8,6,2884,0,0,300,0.5,1700,0.5,1
8,7,3722,2,10,5,0,300,0.5,572,0.32,486,0.18,1
8,8,7369,1,0,300,0.5,572,0.32,486,0.18,1
8,9,312,1,0,300,0.5,1700,0.5,1
8,10,5918,2,10,5,0,300,0.5,1700,0.5,1
8,11,3474,2,10,5,0,666,0.42,420,0.58,1
9,0,6784,0,0,300,0.5,1700,0.5,1
9,1,11231,1,0,666,0.42,420,0.58,1
9,2,6647,1,0,300,0.5,572,0.32,486,0.18,1
9,3,5768,2,10,5,0,666,0.42,420,0.58,1
9,4,3258,0,0,666,0.42,420,0.58,1
9,5,13385,0,0,500,0.6,1000,0.2,1400,0.2,1
9,6,273,1,0,500,0.6,1000,0.2,1400,0.2,1
9,7,12508,0,0,500,0.6,1000,0.2,1400,0.2,1
9,8,12642,2,10,5,0,500,0.6,1000,0.2,1400,0.2,1
9,9,1539,2,10,5,0,300,0.5,1700,0.5,1
9,10,213,0,0,300,0.5,572,0.32,486,0.18,1
9,11,12397,0,0,500,0.6,1000,0.2,1400,0.2,1
10,0,5777,0,0,500,0.6,1000,0.2,1400,0.2,1
10,1,4803,0,0,500,0.6,1000,0.2,1400,0.2,1
10,2,13312,0,0,300,0.5,572,0.32,486,0.18,1
10,3,6937,0,0,666,0.42,420,0.58,1
10,4,5719,1,0,500,0.6,1000,0.2,1400,0.2,1
10,5,6841,2,10,5,0,666,0.42,420,0.58,1
10,6,3411,0,0,500,0.6,1000,0.2,1400,0.2,1
10,7,12061,2,10,5,0,500,0.6,1000,0.2,1400,0.2,1
10,8,12181,1,0,500,0.6,1000,0.2,1400,0.2,1
10,9,10292,0,0,300,0.5,1700,0.5,1
10,10,11502,2,10,5,0,500,0.6,1000,0.2,1400,0.2,1
10,11,4202,0,0,300,0.5,572,0.32,486,0.18,1
11,0,10873,2,10,5,0,300,0.5,1700,0.5,1
11,1,7535,2,10,5,0,500,0.6,1000,0.2,1400,0.2,1
11,2,8445,1,0,666,0.42,420,0.58,1
11,3,14532,1,0,300,0.5,572,0.32,486,0.18,1
11,4,7334,1,0,300,0.5,1700,0.5,1
11,5,9975,1,0,300,0.5,1700,0.5,1
11,6,14798,2,10,5,0,300,0.5,572,0.32,486,0.18,1
11,7,11455,0,0,500,0.6,1000,0.2,1400,0.2,1
11,8,2891,2,10,5,0,300,0.5,572,0.32,486,0.18,1
11,9,13570,1,0,666,0.42,420,0.58,1
11,10,8702,2,10,5,0,666,0.42,420,0.58,1
11,11,13383,1,0,300,0.5,1700,0.5,1
