0,0,9324,1,0,300,0.5,1700,0.5,1
0,1,6946,1,0,300,0.5,572,0.32,486,0.18,1
0,2,3511,2,10,5,0,666,0.42,420,0.58,1
0,3,4403,1,0,666,0.42,420,0.58,1
0,4,4884,1,0,500,0.6,1000,0.2,1400,0.2,1
0,5,5875,0,0,300,0.5,1700,0.5,1
0,6,14266,2,10,5,0,666,0.42,420,0.58,1
0,7,1822,1,0,300,0.5,572,0.32,486,0.18,1
0,8,2858,1,0,666,0.42,420,0.58,1
0,9,14895,1,0,300,0.5,572,0.32,486,0.18,1
0,10,10914,2,10,5,0,300,0.5,572,0.32,486,0.18,1
0,11,9757,0,0,500,0.6,1000,0.2,1400,0.2,1
1,0,14057,1,0,666,0.42,420,0.58,1
1,1,11731,1,0,666,0.42,420,0.58,1
1,2,12673,1,0,300,0.5,1700,0.5,0
1,3,2480,2,10,5,0,300,0.5,572,0.32,486,0.18,1
1,4,2259,0,0,300,0.5,1700,0.5,1
1,5,1762,2,10,5,0,300,0.5,1700,0.5,1
1,6,3482,0,0,666,0.42,420,0.58,1
1,7,6384,2,10,5,0,300,0.5,1700,0.5,1
1,8,11026,0,0,500,0.6,1000,0.2,1400,0.2,1
1,9,4742,2,10,5,0,500,0.6,1000,0.2,1400,0.2,1
1,10,10993,1,0,500,0.6,1000,0.2,1400,0.2,1
1,11,1970,2,10,5,0,666,0.42,420,0.58,1
2,0,8695,2,10,5,0,500,0.6,1000,0.2,1400,0.2,1
2,1,14128,2,10,5,0,666,0.42,420,0.58,1
2,2,7921,2,10,5,0,666,0.42,420,0.58,1
2,3,3944,2,10,5,0,300,0.5,572,0.32,486,0.18,1
2,4,1065,1,0,300,0.5,1700,0.5,1
2,5,3529,1,0,666,0.42,420,0.58,1
2,6,683,1,0,500,0.6,1000,0.2,1400,0.2,1
2,7,9122,0,0,666,0.42,420,0.58,1
2,8,429,0,0,300,0.5,1700,0.5,1
2,9,7946,0,0,300,0.5,572,0.32,486,0.18,1
2,10,11027,0,0,300,0.5,572,0.32,486,0.18,1
2,11,3216,0,0,300,0.5,1700,0.5,1
3,0,11277,1,0,300,0.5,572,0.32,486,0.18,1
3,1,13594,1,0,300,0.5,1700,0.5,1
3,2,12485,0,0,500,0.6,1000,0.2,1400,0.2,1
3,3,1201,2,10,5,0,300,0.5,1700,0.5,1
3,4,6887,1,0,500,0.6,1000,0.2,1400,0.2,1
3,5,3990,2,10,5,0,500,0.6,1000,0.2,1400,0.2,1
3,6,7441,2,10,5,0,300,0.5,572,0.32,486,0.18,1
3,7,4550,2,10,5,0,500,0.6,1000,0.2,1400,0.2,1
3,8,10576,2,10,5,0,300,0.5,572,0.32,486,0.18,1
3,9,7802,0,0,300,0.5,1700,0.5,1
3,10,10938,0,0,300,0.5,1700,0.5,1
3,11,7568,0,0,500,0.6,1000,0.2,1400,0.2,1
4,0,10517,1,0,300,0.5,1700,0.5,1
4,1,6399,1,0,300,0.5,1700,0.5,1
4,2,8372,0,0,666,0.42,420,0.58,1
4,3,5304,1,0,300,0.5,1700,0.5,1
4,4,11074,0,0,300,0.5,1700,0.5,1
4,5,5090,1,0,500,0.6,1000,0.2,1400,0.2,1
4,6,6017,0,0,500,0.6,1000,0.2,1400,0.2,1
4,7,6973,1,0,300,0.5,572,0.32,486,0.18,1
4,8,1653,0,0,300,0.5,1700,0.5,1
4,9,10265,0,0,300,0.5,1700,0.5,1
4,10,10762,1,0,300,0.5,1700,0.5,1
4,11,1441,1,0,300,0.5,1700,0.5,1
5,0,6749,1,0,500,0.6,1000,0.2,1400,0.2,1
5,1,973,2,10,5,0,666,0.42,420,0.58,1
5,2,143,0,0,500,0.6,1000,0.2,1400,0.2,1
5,3,8820,0,0,300,0.5,572,0.32,486,0.18,1
5,4,13500,1,0,300,0.5,572,0.32,486,0.18,1
5,5,10717,2,10,5,0,300,0.5,572,0.32,486,0.18,1
5,6,6642,1,0,300,0.5,1700,0.5,1
5,7,13976,1,0,500,0.6,1000,0.2,1400,0.2,1
5,8,2223,0,0,300,0.5,572,0.32,486,0.18,1
5,9,4861,0,0,666,0.42,420,0.58,1
5,10,1729,2,10,5,0,300,0.5,572,0.32,486,0.18,1
5,11,2141,1,0,500,0.6,1000,0.2,1400,0.2,1
6,0,7533,2,10,5,0,300,0.5,1700,0.5,1
6,1,13322,0,0,500,0.6,1000,0.2,1400,0.2,1
6,2,7400,0,0,500,0.6,1000,0.2,1400,0.2,1
6,3,12209,2,10,5,0,500,0.6,1000,0.2,1400,0.2,1
6,4,10309,2,10,5,0,666,0.42,420,0.58,1
6,5,14352,1,0,300,0.5,1700,0.5,1
6,6,3702,1,0,300,0.5,572,0.32,486,0.18,1
6,7,11302,1,0,666,0.42,420,0.58,1
6,8,14466,1,0,300,0.5,1700,0.5,1
6,9,6239,2,10,5,0,500,0.6,1000,0.2,1400,0.2,1
6,10,3013,1,0,500,0.6,1000,0.2,1400,0.2,1
6,11,9469,2,10,5,0,500,0.6,1000,0.2,1400,0.2,1
7,0,13159,0,0,300,0.5,572,0.32,486,0.18,1
7,1,1693,2,10,5,0,500,0.6,1000,0.2,1400,0.2,1
7,2,37,1,0,300,0.5,1700,0.5,1
7,3,10622,0,0,300,0.5,572,0.32,486,0.18,1
7,4,3574,1,0,300,0.5,572,0.32,486,0.18,1
7,5,13576,2,10,5,0,300,0.5,1700,0.5,1
7,6,5771,1,0,500,0.6,1000,0.2,1400,0.2,1
7,7,12185,2,10,5,0,666,0.42,420,0.58,1
7,8,12250,1,0,300,0.5,1700,0.5,1
7,9,6552,2,10,5,0,300,0.5,572,0.32,486,0.18,1
7,10,5288,1,0,300,0.5,1700,0.5,1
7,11,12987,2,10,5,0,666,0.42,420,0.58,1
8,0,9961,0,0,300,0.5,1700,0.5,1
8,1,9434,2,10,5,0,666,0.42,420,0.58,1
8,2,11731,1,0,300,0.5,1700,0.5,1
8,3,3673,2,10,5,0,300,0.5,572,0.32,486,0.18,1
8,4,4976,0,0,300,0.5,572,0.32,486,0.18,1
8,5,866,0,0,300,0.5,572,0.32,486,0.18,1
8,6,853,1,0,500,0.6,1000,0.2,1400,0.2,1
8,7,12885,1,0,666,0.42,420,0.58,1
8,8,3799,0,0,666,0.42,420,0.58,1
8,9,2016,2,10,5,0,300,0.5,572,0.32,486,0.18,1
8,10,13841,0,0,300,0.5,572,0.32,486,0.18,1
8,11,367,2,10,5,0,300,0.5,572,0.32,486,0.18,1
9,0,2204,0,0,666,0.42,420,0.58,1
9,1,8520,2,10,5,0,300,0.5,1700,0.5,1
9,2,3731,0,0,500,0.6,1000,0.2,1400,0.2,1
9,3,3201,1,0,300,0.5,572,0.32,486,0.18,1
9,4,14848,1,0,300,0.5,572,0.32,486,0.18,1
9,5,1237,1,0,300,0.5,1700,0.5,1
9,6,5813,0,0,300,0.5,1700,0.5,1
9,7,4336,0,0,666,0.42,420,0.58,1
9,8,5510,1,0,500,0.6,1000,0.2,1400,0.2,1
9,9,2875,0,0,300,0.5,572,0.32,486,0.18,1
9,10,11062,0,0,500,0.6,1000,0.2,1400,0.2,1
9,11,14027,0,0,300,0.5,572,0.32,486,0.18,1
10,0,13262,0,0,300,0.5,1700,0.5,1
10,1,7535,1,0,300,0.5,572,0.32,486,0.18,1
10,2,1126,0,0,500,0.6,1000,0.2,1400,0.2,1
10,3,9626,0,0,300,0.5,1700,0.5,1
10,4,1329,0,0,500,0.6,1000,0.2,1400,0.2,1
10,5,12513,0,0,666,0.42,420,0.58,1
10,6,2377,2,10,5,0,666,0.42,420,0.58,1
10,7,13414,2,10,5,0,300,0.5,572,0.32,486,0.18,1
10,8,11963,1,0,300,0.5,572,0.32,486,0.18,1
10,9,8899,2,10,5,0,500,0.6,1000,0.2,1400,0.2,1
10,10,4999,0,0,666,0.42,420,0.58,1
10,11,2032,1,0,300,0.5,572,0.32,486,0.18,1
11,0,6430,0,0,300,0.5,572,0.32,486,0.18,1
11,1,11612,2,10,5,0,666,0.42,420,0.58,1
11,2,6511,2,10,5,0,666,0.42,420,0.58,1
11,3,332,1,0,666,0.42,420,0.58,1
11,4,8398,1,0,666,0.42,420,0.58,1
11,5,9770,2,10,5,0,300,0.5,572,0.32,486,0.18,1
11,6,4006,1,0,300,0.5,1700,0.5,1
11,7,10638,1,0,666,0.42,420,0.58,1
11,8,3770,0,0,300,0.5,1700,0.5,1
11,9,1752,2,10,5,0,300,0.5,1700,0.5,1
11,10,225,2,10,5,0,500,0.6,1000,0.2,1400,0.2,1
11,11,12154,2,10,5,0,300,0.5,1700,0.5,1
