0,0,10419,1,0,666,0.42,420,0.58,1
0,1,808,0,0,500,0.6,1000,0.2,1400,0.2,1
0,2,8826,0,0,666,0.42,420,0.58,1
0,3,11709,1,0,300,0.5,1700,0.5,1
0,4,6268,2,10,5,0,300,0.5,1700,0.5,1
0,5,8029,1,0,300,0.5,1700,0.5,1
0,6,9553,1,0,500,0.6,1000,0.2,1400,0.2,1
0,7,5927,1,0,300,0.5,1700,0.5,1
0,8,12808,1,0,300,0.5,572,0.32,486,0.18,1
0,9,6952,2,10,5,0,500,0.6,1000,0.2,1400,0.2,1
0,10,3457,2,10,5,0,300,0.5,1700,0.5,1
0,11,11009,2,10,5,0,300,0.5,572,0.32,486,0.18,1
1,0,8383,2,10,5,0,500,0.6,1000,0.2,1400,0.2,1
1,1,1633,0,0,500,0.6,1000,0.2,1400,0.2,1
1,2,9744,2,10,5,0,300,0.5,572,0.32,486,0.18,0
1,3,4051,1,0,500,0.6,1000,0.2,1400,0.2,1
1,4,4634,0,0,666,0.42,420,0.58,1
1,5,9600,2,10,5,0,500,0.6,1000,0.2,1400,0.2,1
1,6,9786,0,0,500,0.6,1000,0.2,1400,0.2,1
1,7,3133,2,10,5,0,300,0.5,572,0.32,486,0.18,1
1,8,11895,1,0,666,0.42,420,0.58,1
1,9,5133,1,0,300,0.5,572,0.32,486,0.18,1
1,10,10987,1,0,500,0.6,1000,0.2,1400,0.2,1
1,11,5526,0,0,300,0.5,1700,0.5,1
2,0,10496,1,0,300,0.5,1700,0.5,1
2,1,6268,2,10,5,0,666,0.42,420,0.58,1
2,2,13059,2,10,5,0,500,0.6,1000,0.2,1400,0.2,1
2,3,5065,1,0,300,0.5,1700,0.5,1
2,4,10147,1,0,300,0.5,572,0.32,486,0.18,1
2,5,8706,2,10,5,0,300,0.5,1700,0.5,1
2,6,11488,0,0,666,0.42,420,0.58,1
2,7,3371,1,0,500,0.6,1000,0.2,1400,0.2,1
2,8,11064,0,0,500,0.6,1000,0.2,1400,0.2,1
2,9,6668,0,0,666,0.42,420,0.58,1
2,10,8293,0,0,300,0.5,572,0.32,486,0.18,1
2,11,6581,0,0,300,0.5,1700,0.5,1
3,0,4917,1,0,300,0.5,572,0.32,486,0.18,1
3,1,12047,0,0,300,0.5,1700,0.5,1
3,2,4896,2,10,5,0,666,0.42,420,0.58,1
3,3,13465,0,0,666,0.42,420,0.58,1
3,4,3383,1,0,300,0.5,1700,0.5,1
3,5,2866,1,0,666,0.42,420,0.58,1
3,6,11484,0,0,500,0.6,1000,0.2,1400,0.2,1
3,7,11784,2,10,5,0,500,0.6,1000,0.2,1400,0.2,1
3,8,4975,2,10,5,0,300,0.5,1700,0.5,1
3,9,1976,1,0,666,0.42,420,0.58,1
3,10,1550,0,0,300,0.5,572,0.32,486,0.18,1
3,11,6240,0,0,300,0.5,572,0.32,486,0.18,1
4,0,11976,0,0,300,0.5,1700,0.5,1
4,1,5467,1,0,300,0.5,572,0.32,486,0.18,1
4,2,6467,0,0,300,0.5,1700,0.5,1
4,3,2543,2,10,5,0,666,0.42,420,0.58,1
4,4,2747,1,0,666,0.42,420,0.58,1
4,5,7254,1,0,500,0.6,1000,0.2,1400,0.2,1
4,6,12732,1,0,666,0.42,420,0.58,1
4,7,10653,1,0,500,0.6,1000,0.2,1400,0.2,1
4,8,14041,0,0,300,0.5,572,0.32,486,0.18,1
4,9,12271,2,10,5,0,300,0.5,1700,0.5,1
4,10,3527,0,0,500,0.6,1000,0.2,1400,0.2,1
4,11,12472,0,0,500,0.6,1000,0.2,1400,0.2,1
5,0,2723,1,0,300,0.5,572,0.32,486,0.18,1
5,1,9095,0,0,500,0.6,1000,0.2,1400,0.2,1
5,2,4686,2,10,5,0,300,0.5,1700,0.5,1
5,3,9726,1,0,300,0.5,572,0.32,486,0.18,1
5,4,12337,0,0,666,0.42,420,0.58,1
5,5,3396,2,10,5,0,666,0.42,420,0.58,1
5,6,3651,0,0,500,0.6,1000,0.2,1400,0.2,1
5,7,14898,0,0,666,0.42,420,0.58,1
5,8,2734,1,0,300,0.5,572,0.32,486,0.18,1
5,9,2968,0,0,500,0.6,1000,0.2,1400,0.2,1
5,10,12714,1,0,300,0.5,572,0.32,486,0.18,1
5,11,4013,0,0,500,0.6,1000,0.2,1400,0.2,1
6,0,9563,0,0,666,0.42,420,0.58,1
6,1,6817,0,0,300,0.5,572,0.32,486,0.18,1
6,2,3195,2,10,5,0,300,0.5,1700,0.5,1
6,3,9522,1,0,666,0.42,420,0.58,1
6,4,2491,1,0,500,0.6,1000,0.2,1400,0.2,1
6,5,2178,1,0,300,0.5,1700,0.5,1
6,6,2578,0,0,300,0.5,572,0.32,486,0.18,1
6,7,9223,2,10,5,0,300,0.5,572,0.32,486,0.18,1
6,8,11246,0,0,300,0.5,572,0.32,486,0.18,1
6,9,2523,0,0,666,0.42,420,0.58,1
6,10,740,0,0,500,0.6,1000,0.2,1400,0.2,1
6,11,1349,0,0,300,0.5,572,0.32,486,0.18,1
7,0,8920,2,10,5,0,500,0.6,1000,0.2,1400,0.2,1
7,1,10524,0,0,666,0.42,420,0.58,1
7,2,8993,0,0,300,0.5,1700,0.5,1
7,3,4842,1,0,666,0.42,420,0.58,1
7,4,1188,1,0,300,0.5,1700,0.5,1
7,5,12192,0,0,300,0.5,1700,0.5,1
7,6,4600,0,0,666,0.42,420,0.58,1
7,7,14976,2,10,5,0,500,0.6,1000,0.2,1400,0.2,1
7,8,629,0,0,300,0.5,1700,0.5,1
7,9,13877,1,0,300,0.5,572,0.32,486,0.18,1
7,10,1356,0,0,300,0.5,1700,0.5,1
7,11,2338,0,0,666,0.42,420,0.58,1
8,0,5549,2,10,5,0,300,0.5,1700,0.5,1
8,1,3124,0,0,300,0.5,572,0.32,486,0.18,1
8,2,813,1,0,666,0.42,420,0.58,1
8,3,8858,0,0,666,0.42,420,0.58,1
8,4,3146,1,0,300,0.5,1700,0.5,1
8,5,9736,2,10,5,0,666,0.42,420,0.58,1
8,6,5547,0,0,666,0.42,420,0.58,1
8,7,5310,2,10,5,0,300,0.5,1700,0.5,1
8,8,12765,0,0,666,0.42,420,0.58,1
8,9,13680,0,0,300,0.5,572,0.32,486,0.18,1
8,10,9622,1,0,666,0.42,420,0.58,1
8,11,14482,0,0,500,0.6,1000,0.2,1400,0.2,1
9,0,14294,0,0,300,0.5,572,0.32,486,0.18,1
9,1,13655,1,0,666,0.42,420,0.58,1
9,2,4408,0,0,300,0.5,572,0.32,486,0.18,1
9,3,7779,1,0,300,0.5,572,0.32,486,0.18,1
9,4,6060,2,10,5,0,666,0.42,420,0.58,1
9,5,13075,1,0,300,0.5,572,0.32,486,0.18,1
9,6,4855,1,0,666,0.42,420,0.58,1
9,7,1783,1,0,300,0.5,1700,0.5,1
9,8,1932,2,10,5,0,666,0.42,420,0.58,1
9,9,2937,1,0,500,0.6,1000,0.2,1400,0.2,1
9,10,2071,2,10,5,0,300,0.5,572,0.32,486,0.18,1
9,11,1568,2,10,5,0,500,0.6,1000,0.2,1400,0.2,1
10,0,11697,1,0,666,0.42,420,0.58,1
10,1,5983,0,0,300,0.5,1700,0.5,1
10,2,14008,1,0,500,0.6,1000,0.2,1400,0.2,1
10,3,11639,0,0,300,0.5,572,0.32,486,0.18,1
10,4,7681,1,0,666,0.42,420,0.58,1
10,5,12613,2,10,5,0,500,0.6,1000,0.2,1400,0.2,1
10,6,13016,2,10,5,0,500,0.6,1000,0.2,1400,0.2,1
10,7,5255,0,0,300,0.5,1700,0.5,1
10,8,14917,1,0,666,0.42,420,0.58,1
10,9,10349,2,10,5,0,666,0.42,420,0.58,1
10,10,10277,2,10,5,0,666,0.42,420,0.58,1
10,11,9373,1,0,300,0.5,572,0.32,486,0.18,1
11,0,2192,0,0,500,0.6,1000,0.2,1400,0.2,1
11,1,763,2,10,5,0,500,0.6,1000,0.2,1400,0.2,1
11,2,4811,0,0,666,0.42,420,0.58,1
11,3,10741,1,0,300,0.5,572,0.32,486,0.18,1
11,4,12317,0,0,300,0.5,1700,0.5,1
11,5,14229,2,10,5,0,500,0.6,1000,0.2,1400,0.2,1
11,6,10481,2,10,5,0,666,0.42,420,0.58,1
11,7,2256,0,0,500,0.6,1000,0.2,1400,0.2,1
11,8,14450,1,0,500,0.6,1000,0.2,1400,0.2,1
11,9,13943,2,10,5,0,300,0.5,1700,0.5,1
11,10,7798,2,10,5,0,500,0.6,1000,0.2,1400,0.2,1
11,11,14137,1,0,300,0.5,572,0.32,486,0.18,1
