0,0,2093,1,0,300,0.5,572,0.32,486,0.18,1
0,1,672,1,0,300,0.5,1700,0.5,1
0,2,10445,0,0,300,0.5,1700,0.5,1
0,3,3511,1,0,300,0.5,572,0.32,486,0.18,1
0,4,8084,2,10,5,0,300,0.5,572,0.32,486,0.18,1
0,5,14030,2,10,5,0,300,0.5,1700,0.5,1
0,6,4326,1,0,300,0.5,572,0.32,486,0.18,1
0,7,10685,2,10,5,0,500,0.6,1000,0.2,1400,0.2,1
0,8,11774,1,0,500,0.6,1000,0.2,1400,0.2,1
0,9,12643,1,0,300,0.5,1700,0.5,1
0,10,5494,0,0,300,0.5,1700,0.5,1
0,11,901,0,0,500,0.6,1000,0.2,1400,0.2,1
1,0,9738,0,0,300,0.5,572,0.32,486,0.18,1
1,1,3262,1,0,666,0.42,420,0.58,1
1,2,1905,1,0,300,0.5,1700,0.5,0
1,3,6371,2,10,5,0,666,0.42,420,0.58,1
1,4,6281,2,10,5,0,666,0.42,420,0.58,1
1,5,14459,0,0,666,0.42,420,0.58,1
1,6,4875,1,0,300,0.5,1700,0.5,1
1,7,10347,1,0,300,0.5,1700,0.5,1
1,8,4679,1,0,666,0.42,420,0.58,1
1,9,8351,0,0,666,0.42,420,0.58,1
1,10,12448,2,10,5,0,300,0.5,572,0.32,486,0.18,1
1,11,5141,2,10,5,0,300,0.5,1700,0.5,1
2,0,14390,0,0,300,0.5,572,0.32,486,0.18,1
2,1,4643,2,10,5,0,300,0.5,572,0.32,486,0.18,1
2,2,6394,0,0,300,0.5,572,0.32,486,0.18,1
2,3,3757,0,0,666,0.42,420,0.58,1
2,4,13129,1,0,300,0.5,1700,0.5,1
2,5,6634,0,0,300,0.5,1700,0.5,1
2,6,12692,2,10,5,0,300,0.5,1700,0.5,1
2,7,14906,1,0,666,0.42,420,0.58,1
2,8,10093,1,0,300,0.5,572,0.32,486,0.18,1
2,9,5865,0,0,500,0.6,1000,0.2,1400,0.2,1
2,10,7162,1,0,500,0.6,1000,0.2,1400,0.2,1
2,11,3477,0,0,666,0.42,420,0.58,1
3,0,3664,2,10,5,0,300,0.5,1700,0.5,1
3,1,14587,2,10,5,0,300,0.5,1700,0.5,1
3,2,789,0,0,666,0.42,420,0.58,1
3,3,3217,2,10,5,0,500,0.6,1000,0.2,1400,0.2,1
3,4,8653,0,0,300,0.5,572,0.32,486,0.18,1
3,5,12443,1,0,500,0.6,1000,0.2,1400,0.2,1
3,6,5663,2,10,5,0,300,0.5,572,0.32,486,0.18,1
3,7,12087,2,10,5,0,300,0.5,1700,0.5,1
3,8,6661,1,0,300,0.5,1700,0.5,1
3,9,8117,2,10,5,0,500,0.6,1000,0.2,1400,0.2,1
3,10,5312,0,0,500,0.6,1000,0.2,1400,0.2,1
3,11,8192,2,10,5,0,300,0.5,572,0.32,486,0.18,1
4,0,350,2,10,5,0,300,0.5,572,0.32,486,0.18,1
4,1,10431,2,10,5,0,500,0.6,1000,0.2,1400,0.2,1
4,2,3745,0,0,300,0.5,1700,0.5,1
4,3,5857,0,0,300,0.5,1700,0.5,1
4,4,2845,2,10,5,0,666,0.42,420,0.58,1
4,5,13741,1,0,300,0.5,1700,0.5,1
4,6,3564,1,0,300,0.5,1700,0.5,1
4,7,13653,1,0,300,0.5,1700,0.5,1
4,8,3616,2,10,5,0,500,0.6,1000,0.2,1400,0.2,1
4,9,7322,1,0,500,0.6,1000,0.2,1400,0.2,1
4,10,12153,2,10,5,0,500,0.6,1000,0.2,1400,0.2,1
4,11,5407,0,0,666,0.42,420,0.58,1
5,0,3889,1,0,666,0.42,420,0.58,1
5,1,12308,1,0,300,0.5,1700,0.5,1
5,2,8754,0,0,666,0.42,420,0.58,1
5,3,14084,2,10,5,0,666,0.42,420,0.58,1
5,4,3260,2,10,5,0,300,0.5,1700,0.5,1
5,5,12356,2,10,5,0,666,0.42,420,0.58,1
5,6,1348,1,0,300,0.5,572,0.32,486,0.18,1
5,7,1110,0,0,300,0.5,1700,0.5,1
5,8,639,2,10,5,0,300,0.5,572,0.32,486,0.18,1
5,9,14210,2,10,5,0,666,0.42,420,0.58,1
5,10,8048,1,0,666,0.42,420,0.58,1
5,11,4771,0,0,300,0.5,572,0.32,486,0.18,1
6,0,12543,2,10,5,0,666,0.42,420,0.58,1
6,1,3054,1,0,666,0.42,420,0.58,1
6,2,4291,2,10,5,0,300,0.5,1700,0.5,1
6,3,11224,1,0,300,0.5,1700,0.5,1
6,4,9800,2,10,5,0,500,0.6,1000,0.2,1400,0.2,1
6,5,164,0,0,666,0.42,420,0.58,1
6,6,7590,0,0,666,0.42,420,0.58,1
6,7,10349,1,0,666,0.42,420,0.58,1
6,8,12998,2,10,5,0,666,0.42,420,0.58,1
6,9,13258,0,0,300,0.5,1700,0.5,1
6,10,3183,1,0,500,0.6,1000,0.2,1400,0.2,1
6,11,5292,2,10,5,0,300,0.5,1700,0.5,1
7,0,14534,0,0,300,0.5,1700,0.5,1
7,1,333,2,10,5,0,300,0.5,1700,0.5,1
7,2,9062,2,10,5,0,300,0.5,572,0.32,486,0.18,1
7,3,12655,2,10,5,0,666,0.42,420,0.58,1
7,4,13288,1,0,666,0.42,420,0.58,1
7,5,12076,2,10,5,0,300,0.5,572,0.32,486,0.18,1
7,6,3701,1,0,300,0.5,1700,0.5,1
7,7,4199,1,0,666,0.42,420,0.58,1
7,8,2957,2,10,5,0,300,0.5,572,0.32,486,0.18,1
7,9,5163,1,0,300,0.5,1700,0.5,1
7,10,8561,0,0,300,0.5,1700,0.5,1
7,11,621,1,0,666,0.42,420,0.58,1
8,0,10793,0,0,666,0.42,420,0.58,1
8,1,2016,0,0,300,0.5,1700,0.5,1
8,2,10809,2,10,5,0,500,0.6,1000,0.2,1400,0.2,1
8,3,4476,1,0,666,0.42,420,0.58,1
8,4,8441,1,0,300,0.5,572,0.32,486,0.18,1
8,5,2982,2,10,5,0,300,0.5,572,0.32,486,0.18,1
8,6,1089,2,10,5,0,500,0.6,1000,0.2,1400,0.2,1
8,7,13640,2,10,5,0,300,0.5,1700,0.5,1
8,8,13762,1,0,500,0.6,1000,0.2,1400,0.2,1
8,9,3686,0,0,300,0.5,572,0.32,486,0.18,1
8,10,13665,1,0,666,0.42,420,0.58,1
8,11,3514,0,0,666,0.42,420,0.58,1
9,0,13352,1,0,500,0.6,1000,0.2,1400,0.2,1
9,1,14089,1,0,666,0.42,420,0.58,1
9,2,3357,0,0,300,0.5,572,0.32,486,0.18,1
9,3,10183,1,0,300,0.5,1700,0.5,1
9,4,929,0,0,300,0.5,572,0.32,486,0.18,1
9,5,9278,1,0,500,0.6,1000,0.2,1400,0.2,1
9,6,14945,1,0,666,0.42,420,0.58,1
9,7,952,0,0,500,0.6,1000,0.2,1400,0.2,1
9,8,12180,1,0,300,0.5,572,0.32,486,0.18,1
9,9,13822,2,10,5,0,300,0.5,572,0.32,486,0.18,1
9,10,1268,0,0,300,0.5,572,0.32,486,0.18,1
9,11,6814,1,0,666,0.42,420,0.58,1
10,0,7780,1,0,666,0.42,420,0.58,1
10,1,926,0,0,500,0.6,1000,0.2,1400,0.2,1
10,2,10241,2,10,5,0,300,0.5,1700,0.5,1
10,3,1619,0,0,500,0.6,1000,0.2,1400,0.2,1
10,4,10646,2,10,5,0,666,0.42,420,0.58,1
10,5,12895,2,10,5,0,300,0.5,572,0.32,486,0.18,1
10,6,5328,0,0,300,0.5,1700,0.5,1
10,7,1751,0,0,666,0.42,420,0.58,1
10,8,10435,1,0,500,0.6,1000,0.2,1400,0.2,1
10,9,2296,2,10,5,0,300,0.5,1700,0.5,1
10,10,2046,0,0,300,0.5,1700,0.5,1
10,11,12036,2,10,5,0,300,0.5,572,0.32,486,0.18,1
11,0,10736,0,0,500,0.6,1000,0.2,1400,0.2,1
11,1,6458,2,10,5,0,300,0.5,572,0.32,486,0.18,1
11,2,3636,0,0,666,0.42,420,0.58,1
11,3,3300,2,10,5,0,300,0.5,1700,0.5,1
11,4,251,0,0,500,0.6,1000,0.2,1400,0.2,1
11,5,7203,2,10,5,0,300,0.5,572,0.32,486,0.18,1
11,6,2497,0,0,666,0.42,420,0.58,1
11,7,6447,1,0,300,0.5,572,0.32,486,0.18,1
11,8,9454,0,0,300,0.5,572,0.32,486,0.18,1
11,9,3275,2,10,5,0,666,0.42,420,0.58,1
11,10,2089,2,10,5,0,500,0.6,1000,0.2,1400,0.2,1
11,11,12905,1,0,300,0.5,1700,0.5,1
