0,0,9269,2,10,5,0,666,0.42,420,0.58,1
0,1,12660,1,0,300,0.5,572,0.32,486,0.18,1
0,2,12278,0,0,500,0.6,1000,0.2,1400,0.2,1
0,3,11843,1,0,300,0.5,1700,0.5,1
0,4,13883,1,0,666,0.42,420,0.58,1
0,5,2415,1,0,300,0.5,1700,0.5,1
0,6,10699,2,10,5,0,666,0.42,420,0.58,1
0,7,6259,2,10,5,0,300,0.5,572,0.32,486,0.18,1
0,8,4931,1,0,666,0.42,420,0.58,1
0,9,463,1,0,300,0.5,572,0.32,486,0.18,1
0,10,5573,2,10,5,0,300,0.5,572,0.32,486,0.18,1
0,11,13781,2,10,5,0,300,0.5,1700,0.5,1
1,0,5599,0,0,300,0.5,1700,0.5,1
1,1,7848,2,10,5,0,300,0.5,572,0.32,486,0.18,1
1,2,13827,1,0,300,0.5,572,0.32,486,0.18,0
1,3,9904,1,0,300,0.5,572,0.32,486,0.18,1
1,4,5835,0,0,300,0.5,572,0.32,486,0.18,1
1,5,493,1,0,500,0.6,1000,0.2,1400,0.2,1
1,6,2202,1,0,300,0.5,572,0.32,486,0.18,1
1,7,3949,0,0,300,0.5,572,0.32,486,0.18,1
1,8,12978,1,0,300,0.5,1700,0.5,1
1,9,14800,0,0,500,0.6,1000,0.2,1400,0.2,1
1,10,10108,2,10,5,0,300,0.5,572,0.32,486,0.18,1
1,11,5212,2,10,5,0,300,0.5,1700,0.5,1
2,0,3026,2,10,5,0,300,0.5,1700,0.5,1
2,1,1170,1,0,500,0.6,1000,0.2,1400,0.2,1
2,2,2093,1,0,300,0.5,572,0.32,486,0.18,1
2,3,5417,0,0,666,0.42,420,0.58,1
2,4,1984,2,10,5,0,500,0.6,1000,0.2,1400,0.2,1
2,5,5519,2,10,5,0,300,0.5,1700,0.5,1
2,6,222,1,0,300,0.5,1700,0.5,1
2,7,7148,0,0,666,0.42,420,0.58,1
2,8,13697,2,10,5,0,500,0.6,1000,0.2,1400,0.2,1
2,9,11103,1,0,300,0.5,1700,0.5,1
2,10,4004,2,10,5,0,666,0.42,420,0.58,1
2,11,5816,2,10,5,0,500,0.6,1000,0.2,1400,0.2,1
3,0,13713,1,0,300,0.5,572,0.32,486,0.18,1
3,1,339,0,0,300,0.5,1700,0.5,1
3,2,4015,0,0,666,0.42,420,0.58,1
3,3,6401,1,0,300,0.5,1700,0.5,1
3,4,279,1,0,666,0.42,420,0.58,1
3,5,1766,0,0,666,0.42,420,0.58,1
3,6,3354,1,0,300,0.5,572,0.32,486,0.18,1
3,7,12186,2,10,5,0,500,0.6,1000,0.2,1400,0.2,1
3,8,1663,1,0,500,0.6,1000,0.2,1400,0.2,1
3,9,4724,1,0,500,0.6,1000,0.2,1400,0.2,1
3,10,8758,0,0,300,0.5,1700,0.5,1
3,11,6460,1,0,300,0.5,1700,0.5,1
4,0,11477,0,0,300,0.5,572,0.32,486,0.18,1
4,1,12494,0,0,666,0.42,420,0.58,1
4,2,36,1,0,300,0.5,1700,0.5,1
4,3,6079,2,10,5,0,500,0.6,1000,0.2,1400,0.2,1
4,4,12123,1,0,500,0.6,1000,0.2,1400,0.2,1
4,5,5485,1,0,300,0.5,572,0.32,486,0.18,1
4,6,12313,0,0,500,0.6,1000,0.2,1400,0.2,1
4,7,10497,2,10,5,0,300,0.5,1700,0.5,1
4,8,14200,2,10,5,0,500,0.6,1000,0.2,1400,0.2,1
4,9,12087,2,10,5,0,666,0.42,420,0.58,1
4,10,13762,2,10,5,0,500,0.6,1000,0.2,1400,0.2,1
4,11,12299,1,0,500,0.6,1000,0.2,1400,0.2,1
5,0,8083,0,0,300,0.5,572,0.32,486,0.18,1
5,1,13344,1,0,300,0.5,572,0.32,486,0.18,1
5,2,6476,1,0,300,0.5,572,0.32,486,0.18,1
5,3,13225,1,0,666,0.42,420,0.58,1
5,4,6419,1,0,300,0.5,1700,0.5,1
5,5,10219,0,0,300,0.5,1700,0.5,1
5,6,1386,2,10,5,0,500,0.6,1000,0.2,1400,0.2,1
5,7,4665,0,0,300,0.5,1700,0.5,1
5,8,3264,2,10,5,0,300,0.5,572,0.32,486,0.18,1
5,9,3287,2,10,5,0,500,0.6,1000,0.2,1400,0.2,1
5,10,1507,2,10,5,0,300,0.5,1700,0.5,1
5,11,13708,0,0,300,0.5,1700,0.5,1
6,0,346,2,10,5,0,500,0.6,1000,0.2,1400,0.2,1
6,1,8869,0,0,300,0.5,1700,0.5,1
6,2,3267,0,0,300,0.5,572,0.32,486,0.18,1
6,3,270,1,0,500,0.6,1000,0.2,1400,0.2,1
6,4,14016,2,10,5,0,300,0.5,1700,0.5,1
6,5,8847,1,0,500,0.6,1000,0.2,1400,0.2,1
6,6,8360,1,0,666,0.42,420,0.58,1
6,7,7864,2,10,5,0,300,0.5,572,0.32,486,0.18,1
6,8,2676,2,10,5,0,666,0.42,420,0.58,1
6,9,14814,1,0,666,0.42,420,0.58,1
6,10,9637,1,0,300,0.5,1700,0.5,1
6,11,10869,2,10,5,0,300,0.5,572,0.32,486,0.18,1
7,0,13180,0,0,500,0.6,1000,0.2,1400,0.2,1
7,1,12182,2,10,5,0,500,0.6,1000,0.2,1400,0.2,1
7,2,2981,2,10,5,0,300,0.5,572,0.32,486,0.18,1
7,3,13908,2,10,5,0,500,0.6,1000,0.2,1400,0.2,1
7,4,7600,0,0,300,0.5,1700,0.5,1
7,5,13353,2,10,5,0,300,0.5,572,0.32,486,0.18,1
7,6,14877,1,0,666,0.42,420,0.58,1
7,7,10898,2,10,5,0,666,0.42,420,0.58,1
7,8,434,2,10,5,0,500,0.6,1000,0.2,1400,0.2,1
7,9,13172,2,10,5,0,300,0.5,572,0.32,486,0.18,1
7,10,4806,1,0,300,0.5,572,0.32,486,0.18,1
7,11,9190,1,0,500,0.6,1000,0.2,1400,0.2,1
8,0,5221,2,10,5,0,500,0.6,1000,0.2,1400,0.2,1
8,1,7475,1,0,300,0.5,572,0.32,486,0.18,1
8,2,938,0,0,500,0.6,1000,0.2,1400,0.2,1
8,3,11196,2,10,5,0,300,0.5,1700,0.5,1
8,4,8642,2,10,5,0,300,0.5,572,0.32,486,0.18,1
8,5,2012,2,10,5,0,666,0.42,420,0.58,1
8,6,7028,0,0,666,0.42,420,0.58,1
8,7,11906,0,0,666,0.42,420,0.58,1
8,8,9531,1,0,666,0.42,420,0.58,1
8,9,336,1,0,666,0.42,420,0.58,1
8,10,11041,2,10,5,0,666,0.42,420,0.58,1
8,11,13024,0,0,300,0.5,1700,0.5,1
9,0,11085,0,0,300,0.5,572,0.32,486,0.18,1
9,1,13650,0,0,300,0.5,572,0.32,486,0.18,1
9,2,68,1,0,666,0.42,420,0.58,1
9,3,13820,0,0,300,0.5,572,0.32,486,0.18,1
9,4,10257,1,0,666,0.42,420,0.58,1
9,5,9382,0,0,300,0.5,1700,0.5,1
9,6,11630,1,0,300,0.5,1700,0.5,1
9,7,14668,1,0,300,0.5,1700,0.5,1
9,8,2674,2,10,5,0,500,0.6,1000,0.2,1400,0.2,1
9,9,8229,0,0,300,0.5,1700,0.5,1
9,10,4143,2,10,5,0,500,0.6,1000,0.2,1400,0.2,1
9,11,12093,2,10,5,0,300,0.5,1700,0.5,1
10,0,12689,0,0,300,0.5,572,0.32,486,0.18,1
10,1,13945,2,10,5,0,666,0.42,420,0.58,1
10,2,13233,1,0,300,0.5,572,0.32,486,0.18,1
10,3,2218,0,0,300,0.5,1700,0.5,1
10,4,12840,2,10,5,0,300,0.5,1700,0.5,1
10,5,14827,2,10,5,0,300,0.5,572,0.32,486,0.18,1
10,6,13735,1,0,666,0.42,420,0.58,1
10,7,6527,0,0,300,0.5,572,0.32,486,0.18,1
10,8,70,0,0,666,0.42,420,0.58,1
10,9,4486,2,10,5,0,300,0.5,572,0.32,486,0.18,1
10,10,10045,1,0,500,0.6,1000,0.2,1400,0.2,1
10,11,5689,0,0,300,0.5,1700,0.5,1
11,0,9458,0,0,666,0.42,420,0.58,1
11,1,930,1,0,500,0.6,1000,0.2,1400,0.2,1
11,2,13954,2,10,5,0,500,0.6,1000,0.2,1400,0.2,1
11,3,327,2,10,5,0,500,0.6,1000,0.2,1400,0.2,1
11,4,8647,1,0,500,0.6,1000,0.2,1400,0.2,1
11,5,13620,1,0,300,0.5,1700,0.5,1
11,6,5602,2,10,5,0,666,0.42,420,0.58,1
11,7,2608,2,10,5,0,300,0.5,1700,0.5,1
11,8,14130,1,0,300,0.5,572,0.32,486,0.18,1
11,9,3212,0,0,500,0.6,1000,0.2,1400,0.2,1
11,10,7598,1,0,300,0.5,1700,0.5,1
11,11,14246,1,0,300,0.5,572,0.32,486,0.18,1
