0,0,1698,2,10,5,0,666,0.42,420,0.58,1
0,1,3249,0,0,666,0.42,420,0.58,1
0,2,3424,1,0,300,0.5,1700,0.5,1
0,3,9008,2,10,5,0,500,0.6,1000,0.2,1400,0.2,1
0,4,2730,0,0,666,0.42,420,0.58,1
0,5,7589,2,10,5,0,500,0.6,1000,0.2,1400,0.2,1
0,6,2662,2,10,5,0,300,0.5,1700,0.5,1
0,7,5557,1,0,300,0.5,572,0.32,486,0.18,1
0,8,7758,1,0,300,0.5,572,0.32,486,0.18,1
0,9,4727,1,0,300,0.5,572,0.32,486,0.18,1
0,10,1072,0,0,300,0.5,572,0.32,486,0.18,1
0,11,12001,2,10,5,0,500,0.6,1000,0.2,1400,0.2,1
1,0,1854,0,0,666,0.42,420,0.58,1
1,1,14201,2,10,5,0,666,0.42,420,0.58,1
1,2,2909,0,0,300,0.5,572,0.32,486,0.18,0
1,3,3534,0,0,300,0.5,572,0.32,486,0.18,1
1,4,4973,0,0,300,0.5,1700,0.5,1
1,5,11927,0,0,500,0.6,1000,0.2,1400,0.2,1
1,6,6022,2,10,5,0,300,0.5,1700,0.5,1
1,7,1865,2,10,5,0,500,0.6,1000,0.2,1400,0.2,1
1,8,6130,2,10,5,0,300,0.5,572,0.32,486,0.18,1
1,9,1405,2,10,5,0,666,0.42,420,0.58,1
1,10,8493,1,0,300,0.5,572,0.32,486,0.18,1
1,11,324,2,10,5,0,666,0.42,420,0.58,1
2,0,7627,0,0,300,0.5,1700,0.5,1
2,1,13127,0,0,300,0.5,1700,0.5,1
2,2,9195,2,10,5,0,300,0.5,572,0.32,486,0.18,1
2,3,4140,0,0,300,0.5,572,0.32,486,0.18,1
2,4,1091,1,0,666,0.42,420,0.58,1
2,5,13643,0,0,300,0.5,1700,0.5,1
2,6,4983,0,0,500,0.6,1000,0.2,1400,0.2,1
2,7,2759,1,0,500,0.6,1000,0.2,1400,0.2,1
2,8,6605,2,10,5,0,666,0.42,420,0.58,1
2,9,10455,1,0,300,0.5,1700,0.5,1
2,10,14439,0,0,300,0.5,572,0.32,486,0.18,1
2,11,995,1,0,300,0.5,1700,0.5,1
3,0,10632,1,0,500,0.6,1000,0.2,1400,0.2,1
3,1,421,0,0,300,0.5,572,0.32,486,0.18,1
3,2,7897,0,0,666,0.42,420,0.58,1
3,3,6561,2,10,5,0,500,0.6,1000,0.2,1400,0.2,1
3,4,13041,2,10,5,0,300,0.5,572,0.32,486,0.18,1
3,5,3700,2,10,5,0,666,0.42,420,0.58,1
3,6,1667,2,10,5,0,300,0.5,1700,0.5,1
3,7,8330,0,0,666,0.42,420,0.58,1
3,8,934,0,0,300,0.5,1700,0.5,1
3,9,13938,2,10,5,0,500,0.6,1000,0.2,1400,0.2,1
3,10,13192,2,10,5,0,666,0.42,420,0.58,1
3,11,3975,1,0,500,0.6,1000,0.2,1400,0.2,1
4,0,14915,1,0,300,0.5,1700,0.5,1
4,1,7457,0,0,666,0.42,420,0.58,1
4,2,4707,2,10,5,0,300,0.5,1700,0.5,1
4,3,6628,0,0,500,0.6,1000,0.2,1400,0.2,1
4,4,10599,0,0,666,0.42,420,0.58,1
4,5,4638,0,0,300,0.5,1700,0.5,1
4,6,6340,0,0,300,0.5,1700,0.5,1
4,7,511,0,0,300,0.5,1700,0.5,1
4,8,5407,0,0,300,0.5,1700,0.5,1
4,9,6293,2,10,5,0,666,0.42,420,0.58,1
4,10,13333,2,10,5,0,300,0.5,1700,0.5,1
4,11,7152,0,0,300,0.5,572,0.32,486,0.18,1
5,0,8100,2,10,5,0,300,0.5,572,0.32,486,0.18,1
5,1,1910,0,0,300,0.5,572,0.32,486,0.18,1
5,2,2434,0,0,300,0.5,572,0.32,486,0.18,1
5,3,1334,2,10,5,0,300,0.5,572,0.32,486,0.18,1
5,4,12734,1,0,500,0.6,1000,0.2,1400,0.2,1
5,5,1247,1,0,300,0.5,572,0.32,486,0.18,1
5,6,595,2,10,5,0,300,0.5,1700,0.5,1
5,7,4062,0,0,500,0.6,1000,0.2,1400,0.2,1
5,8,6901,0,0,500,0.6,1000,0.2,1400,0.2,1
5,9,2790,2,10,5,0,300,0.5,1700,0.5,1
5,10,3182,0,0,300,0.5,1700,0.5,1
5,11,4278,1,0,300,0.5,1700,0.5,1
6,0,7807,0,0,300,0.5,572,0.32,486,0.18,1
6,1,10645,0,0,300,0.5,1700,0.5,1
6,2,12433,0,0,300,0.5,572,0.32,486,0.18,1
6,3,3922,0,0,300,0.5,1700,0.5,1
6,4,11457,0,0,500,0.6,1000,0.2,1400,0.2,1
6,5,3235,2,10,5,0,666,0.42,420,0.58,1
6,6,14175,1,0,300,0.5,572,0.32,486,0.18,1
6,7,10803,2,10,5,0,500,0.6,1000,0.2,1400,0.2,1
6,8,10899,2,10,5,0,300,0.5,1700,0.5,1
6,9,13886,0,0,666,0.42,420,0.58,1
6,10,10573,2,10,5,0,300,0.5,1700,0.5,1
6,11,5536,2,10,5,0,500,0.6,1000,0.2,1400,0.2,1
7,0,7745,2,10,5,0,500,0.6,1000,0.2,1400,0.2,1
7,1,3178,2,10,5,0,500,0.6,1000,0.2,1400,0.2,1
7,2,13185,0,0,500,0.6,1000,0.2,1400,0.2,1
7,3,7786,1,0,666,0.42,420,0.58,1
7,4,5989,0,0,300,0.5,572,0.32,486,0.18,1
7,5,7651,0,0,300,0.5,572,0.32,486,0.18,1
7,6,6858,2,10,5,0,300,0.5,1700,0.5,1
7,7,8248,1,0,300,0.5,572,0.32,486,0.18,1
7,8,7864,2,10,5,0,300,0.5,572,0.32,486,0.18,1
7,9,6459,1,0,300,0.5,1700,0.5,1
7,10,9240,1,0,500,0.6,1000,0.2,1400,0.2,1
7,11,9752,2,10,5,0,300,0.5,1700,0.5,1
8,0,5085,0,0,300,0.5,572,0.32,486,0.18,1
8,1,390,2,10,5,0,300,0.5,1700,0.5,1
8,2,4130,2,10,5,0,500,0.6,1000,0.2,1400,0.2,1
8,3,12810,2,10,5,0,666,0.42,420,0.58,1
8,4,6546,0,0,300,0.5,1700,0.5,1
8,5,1357,1,0,500,0.6,1000,0.2,1400,0.2,1
8,6,2187,2,10,5,0,300,0.5,1700,0.5,1
8,7,9435,1,0,300,0.5,572,0.32,486,0.18,1
8,8,12428,0,0,500,0.6,1000,0.2,1400,0.2,1
8,9,8463,2,10,5,0,300,0.5,572,0.32,486,0.18,1
8,10,8968,0,0,300,0.5,572,0.32,486,0.18,1
8,11,8000,2,10,5,0,300,0.5,1700,0.5,1
9,0,1675,0,0,500,0.6,1000,0.2,1400,0.2,1
9,1,4575,0,0,300,0.5,1700,0.5,1
9,2,6962,2,10,5,0,500,0.6,1000,0.2,1400,0.2,1
9,3,8861,2,10,5,0,500,0.6,1000,0.2,1400,0.2,1
9,4,4429,0,0,300,0.5,1700,0.5,1
9,5,8922,1,0,500,0.6,1000,0.2,1400,0.2,1
9,6,8883,2,10,5,0,666,0.42,420,0.58,1
9,7,59,0,0,300,0.5,572,0.32,486,0.18,1
9,8,13527,2,10,5,0,300,0.5,1700,0.5,1
9,9,13551,1,0,666,0.42,420,0.58,1
9,10,7432,1,0,300,0.5,572,0.32,486,0.18,1
9,11,13776,2,10,5,0,500,0.6,1000,0.2,1400,0.2,1
10,0,1438,0,0,500,0.6,1000,0.2,1400,0.2,1
10,1,3042,2,10,5,0,500,0.6,1000,0.2,1400,0.2,1
10,2,4096,1,0,300,0.5,572,0.32,486,0.18,1
10,3,715,1,0,300,0.5,572,0.32,486,0.18,1
10,4,2778,1,0,300,0.5,1700,0.5,1
10,5,999,2,10,5,0,500,0.6,1000,0.2,1400,0.2,1
10,6,11185,0,0,500,0.6,1000,0.2,1400,0.2,1
10,7,14093,2,10,5,0,500,0.6,1000,0.2,1400,0.2,1
10,8,6487,0,0,666,0.42,420,0.58,1
10,9,14659,1,0,300,0.5,572,0.32,486,0.18,1
10,10,14690,1,0,300,0.5,572,0.32,486,0.18,1
10,11,13515,1,0,300,0.5,572,0.32,486,0.18,1
11,0,6414,0,0,500,0.6,1000,0.2,1400,0.2,1
11,1,8075,2,10,5,0,666,0.42,420,0.58,1
11,2,14081,1,0,666,0.42,420,0.58,1
11,3,2607,0,0,666,0.42,420,0.58,1
11,4,14237,0,0,666,0.42,420,0.58,1
11,5,1163,0,0,300,0.5,1700,0.5,1
11,6,4127,1,0,500,0.6,1000,0.2,1400,0.2,1
11,7,12443,0,0,300,0.5,1700,0.5,1
11,8,14147,0,0,300,0.5,1700,0.5,1
11,9,3034,2,10,5,0,300,0.5,572,0.32,486,0.18,1
11,10,7675,2,10,5,0,666,0.42,420,0.58,1
11,11,10380,1,0,300,0.5,572,0.32,486,0.18,1
