0,0,1269,0,0,500,0.6,1000,0.2,1400,0.2,1
0,1,10772,1,0,300,0.5,1700,0.5,1
0,2,12022,2,10,5,0,300,0.5,1700,0.5,1
0,3,6587,1,0,500,0.6,1000,0.2,1400,0.2,1
0,4,1661,2,10,5,0,666,0.42,420,0.58,1
0,5,5197,2,10,5,0,500,0.6,1000,0.2,1400,0.2,1
0,6,1227,1,0,500,0.6,1000,0.2,1400,0.2,1
0,7,13130,2,10,5,0,300,0.5,572,0.32,486,0.18,1
0,8,14997,1,0,300,0.5,1700,0.5,1
0,9,9231,2,10,5,0,500,0.6,1000,0.2,1400,0.2,1
0,10,5859,1,0,300,0.5,572,0.32,486,0.18,1
0,11,3255,2,10,5,0,666,0.42,420,0.58,1
1,0,6122,0,0,500,0.6,1000,0.2,1400,0.2,1
1,1,11952,1,0,500,0.6,1000,0.2,1400,0.2,1
1,2,13046,0,0,300,0.5,572,0.32,486,0.18,0
1,3,13289,1,0,300,0.5,1700,0.5,1
1,4,5018,1,0,500,0.6,1000,0.2,1400,0.2,1
1,5,1570,1,0,300,0.5,1700,0.5,1
1,6,3685,0,0,666,0.42,420,0.58,1
1,7,5522,2,10,5,0,500,0.6,1000,0.2,1400,0.2,1
1,8,8661,0,0,300,0.5,572,0.32,486,0.18,1
1,9,2062,1,0,300,0.5,1700,0.5,1
1,10,1105,1,0,666,0.42,420,0.58,1
1,11,9116,0,0,300,0.5,1700,0.5,1
2,0,7386,2,10,5,0,300,0.5,1700,0.5,1
2,1,2050,1,0,500,0.6,1000,0.2,1400,0.2,1
2,2,7260,0,0,300,0.5,572,0.32,486,0.18,1
2,3,13118,1,0,300,0.5,1700,0.5,1
2,4,5852,1,0,300,0.5,1700,0.5,1
2,5,11579,0,0,300,0.5,1700,0.5,1
2,6,13517,1,0,300,0.5,572,0.32,486,0.18,1
2,7,11041,1,0,500,0.6,1000,0.2,1400,0.2,1
2,8,4520,2,10,5,0,666,0.42,420,0.58,1
2,9,2525,2,10,5,0,500,0.6,1000,0.2,1400,0.2,1
2,10,376,1,0,300,0.5,1700,0.5,1
2,11,10048,0,0,666,0.42,420,0.58,1
3,0,532,2,10,5,0,500,0.6,1000,0.2,1400,0.2,1
3,1,11888,2,10,5,0,300,0.5,1700,0.5,1
3,2,11780,2,10,5,0,500,0.6,1000,0.2,1400,0.2,1
3,3,5291,1,0,500,0.6,1000,0.2,1400,0.2,1
3,4,9089,0,0,500,0.6,1000,0.2,1400,0.2,1
3,5,10201,2,10,5,0,300,0.5,1700,0.5,1
3,6,6457,1,0,666,0.42,420,0.58,1
3,7,7512,1,0,500,0.6,1000,0.2,1400,0.2,1
3,8,10896,1,0,300,0.5,572,0.32,486,0.18,1
3,9,12399,0,0,500,0.6,1000,0.2,1400,0.2,1
3,10,557,1,0,300,0.5,1700,0.5,1
3,11,10944,0,0,500,0.6,1000,0.2,1400,0.2,1
4,0,885,0,0,500,0.6,1000,0.2,1400,0.2,1
4,1,1693,1,0,666,0.42,420,0.58,1
4,2,1036,2,10,5,0,666,0.42,420,0.58,1
4,3,4160,2,10,5,0,300,0.5,572,0.32,486,0.18,1
4,4,5813,0,0,500,0.6,1000,0.2,1400,0.2,1
4,5,6150,1,0,500,0.6,1000,0.2,1400,0.2,1
4,6,11448,1,0,300,0.5,1700,0.5,1
4,7,3895,1,0,666,0.42,420,0.58,1
4,8,10735,1,0,500,0.6,1000,0.2,1400,0.2,1
4,9,13805,2,10,5,0,666,0.42,420,0.58,1
4,10,11165,1,0,500,0.6,1000,0.2,1400,0.2,1
4,11,594,0,0,666,0.42,420,0.58,1
5,0,10334,1,0,666,0.42,420,0.58,1
5,1,5070,0,0,300,0.5,572,0.32,486,0.18,1
5,2,11558,0,0,666,0.42,420,0.58,1
5,3,2027,0,0,300,0.5,1700,0.5,1
5,4,12761,0,0,300,0.5,572,0.32,486,0.18,1
5,5,5038,2,10,5,0,666,0.42,420,0.58,1
5,6,908,1,0,666,0.42,420,0.58,1
5,7,4386,1,0,500,0.6,1000,0.2,1400,0.2,1
5,8,3233,0,0,300,0.5,1700,0.5,1
5,9,13145,1,0,300,0.5,572,0.32,486,0.18,1
5,10,6353,1,0,666,0.42,420,0.58,1
5,11,915,2,10,5,0,300,0.5,1700,0.5,1
6,0,6673,1,0,300,0.5,1700,0.5,1
6,1,4961,1,0,300,0.5,572,0.32,486,0.18,1
6,2,12708,0,0,500,0.6,1000,0.2,1400,0.2,1
6,3,6870,1,0,300,0.5,572,0.32,486,0.18,1
6,4,3624,1,0,666,0.42,420,0.58,1
6,5,11892,0,0,500,0.6,1000,0.2,1400,0.2,1
6,6,14079,0,0,300,0.5,1700,0.5,1
6,7,6178,2,10,5,0,300,0.5,572,0.32,486,0.18,1
6,8,5373,0,0,666,0.42,420,0.58,1
6,9,12102,0,0,300,0.5,572,0.32,486,0.18,1
6,10,8770,1,0,666,0.42,420,0.58,1
6,11,11036,2,10,5,0,500,0.6,1000,0.2,1400,0.2,1
7,0,464,2,10,5,0,500,0.6,1000,0.2,1400,0.2,1
7,1,1955,0,0,500,0.6,1000,0.2,1400,0.2,1
7,2,8069,0,0,300,0.5,572,0.32,486,0.18,1
7,3,7408,2,10,5,0,300,0.5,572,0.32,486,0.18,1
7,4,1010,0,0,500,0.6,1000,0.2,1400,0.2,1
7,5,3767,1,0,666,0.42,420,0.58,1
7,6,10857,2,10,5,0,300,0.5,1700,0.5,1
7,7,6667,0,0,300,0.5,572,0.32,486,0.18,1
7,8,3033,1,0,300,0.5,572,0.32,486,0.18,1
7,9,8247,2,10,5,0,300,0.5,1700,0.5,1
7,10,343,2,10,5,0,500,0.6,1000,0.2,1400,0.2,1
7,11,11140,2,10,5,0,500,0.6,1000,0.2,1400,0.2,1
8,0,7864,1,0,500,0.6,1000,0.2,1400,0.2,1
8,1,9897,2,10,5,0,300,0.5,1700,0.5,1
8,2,8083,2,10,5,0,666,0.42,420,0.58,1
8,3,11951,0,0,300,0.5,1700,0.5,1
8,4,12475,2,10,5,0,300,0.5,572,0.32,486,0.18,1
8,5,5720,0,0,500,0.6,1000,0.2,1400,0.2,1
8,6,2071,0,0,300,0.5,1700,0.5,1
8,7,1995,2,10,5,0,500,0.6,1000,0.2,1400,0.2,1
8,8,12500,2,10,5,0,300,0.5,1700,0.5,1
8,9,14934,0,0,300,0.5,572,0.32,486,0.18,1
8,10,11602,0,0,300,0.5,572,0.32,486,0.18,1
8,11,2256,2,10,5,0,300,0.5,572,0.32,486,0.18,1
9,0,2623,0,0,300,0.5,572,0.32,486,0.18,1
9,1,8534,2,10,5,0,666,0.42,420,0.58,1
9,2,14743,2,10,5,0,300,0.5,1700,0.5,1
9,3,6888,1,0,300,0.5,572,0.32,486,0.18,1
9,4,7539,0,0,500,0.6,1000,0.2,1400,0.2,1
9,5,12294,2,10,5,0,300,0.5,572,0.32,486,0.18,1
9,6,8335,1,0,666,0.42,420,0.58,1
9,7,6171,0,0,666,0.42,420,0.58,1
9,8,13901,0,0,300,0.5,1700,0.5,1
9,9,3490,1,0,500,0.6,1000,0.2,1400,0.2,1
9,10,6231,0,0,300,0.5,1700,0.5,1
9,11,3404,1,0,500,0.6,1000,0.2,1400,0.2,1
10,0,7869,1,0,500,0.6,1000,0.2,1400,0.2,1
10,1,6095,0,0,300,0.5,1700,0.5,1
10,2,9185,1,0,300,0.5,572,0.32,486,0.18,1
10,3,10739,1,0,300,0.5,1700,0.5,1
10,4,9605,0,0,666,0.42,420,0.58,1
10,5,5844,0,0,666,0.42,420,0.58,1
10,6,11069,0,0,300,0.5,572,0.32,486,0.18,1
10,7,221,0,0,300,0.5,572,0.32,486,0.18,1
10,8,4393,1,0,300,0.5,1700,0.5,1
10,9,5975,1,0,500,0.6,1000,0.2,1400,0.2,1
10,10,13912,1,0,300,0.5,572,0.32,486,0.18,1
10,11,13884,1,0,500,0.6,1000,0.2,1400,0.2,1
11,0,7210,2,10,5,0,500,0.6,1000,0.2,1400,0.2,1
11,1,1647,2,10,5,0,500,0.6,1000,0.2,1400,0.2,1
11,2,8190,0,0,666,0.42,420,0.58,1
11,3,4996,1,0,300,0.5,1700,0.5,1
11,4,9422,2,10,5,0,300,0.5,572,0.32,486,0.18,1
11,5,1068,0,0,300,0.5,572,0.32,486,0.18,1
11,6,12863,0,0,300,0.5,1700,0.5,1
11,7,11997,0,0,666,0.42,420,0.58,1
11,8,6100,0,0,666,0.42,420,0.58,1
11,9,9469,2,10,5,0,300,0.5,1700,0.5,1
11,10,10415,0,0,500,0.6,1000,0.2,1400,0.2,1
11,11,5813,1,0,300,0.5,1700,0.5,1
