0,0,8969,2,10,5,0,300,0.5,572,0.32,486,0.18,1
0,1,8334,0,0,300,0.5,572,0.32,486,0.18,1
0,2,9878,1,0,300,0.5,1700,0.5,1
0,3,10098,2,10,5,0,500,0.6,1000,0.2,1400,0.2,1
0,4,13986,1,0,666,0.42,420,0.58,1
0,5,9718,2,10,5,0,300,0.5,572,0.32,486,0.18,1
0,6,8231,1,0,500,0.6,1000,0.2,1400,0.2,1
0,7,12436,2,10,5,0,300,0.5,1700,0.5,1
0,8,13930,1,0,300,0.5,572,0.32,486,0.18,1
0,9,1555,1,0,300,0.5,572,0.32,486,0.18,1
0,10,6070,0,0,666,0.42,420,0.58,1
0,11,1365,2,10,5,0,500,0.6,1000,0.2,1400,0.2,1
1,0,11322,1,0,666,0.42,420,0.58,1
1,1,2192,1,0,666,0.42,420,0.58,1
1,2,11116,2,10,5,0,300,0.5,572,0.32,486,0.18,0
1,3,10716,0,0,500,0.6,1000,0.2,1400,0.2,1
1,4,4693,1,0,666,0.42,420,0.58,1
1,5,13116,1,0,300,0.5,572,0.32,486,0.18,1
1,6,1521,0,0,300,0.5,572,0.32,486,0.18,1
1,7,5723,1,0,500,0.6,1000,0.2,1400,0.2,1
1,8,8071,1,0,300,0.5,572,0.32,486,0.18,1
1,9,10896,0,0,300,0.5,572,0.32,486,0.18,1
1,10,9110,2,10,5,0,666,0.42,420,0.58,1
1,11,3174,2,10,5,0,300,0.5,1700,0.5,1
2,0,6595,0,0,300,0.5,1700,0.5,1
2,1,3042,0,0,500,0.6,1000,0.2,1400,0.2,1
2,2,3462,0,0,666,0.42,420,0.58,1
2,3,12351,0,0,500,0.6,1000,0.2,1400,0.2,1
2,4,13832,0,0,300,0.5,1700,0.5,1
2,5,1403,0,0,666,0.42,420,0.58,1
2,6,6179,2,10,5,0,666,0.42,420,0.58,1
2,7,3573,2,10,5,0,666,0.42,420,0.58,1
2,8,4343,2,10,5,0,300,0.5,572,0.32,486,0.18,1
2,9,95,0,0,300,0.5,572,0.32,486,0.18,1
2,10,2235,0,0,300,0.5,572,0.32,486,0.18,1
2,11,3961,0,0,500,0.6,1000,0.2,1400,0.2,1
3,0,11648,1,0,300,0.5,1700,0.5,1
3,1,14752,0,0,666,0.42,420,0.58,1
3,2,8518,2,10,5,0,666,0.42,420,0.58,1
3,3,6288,2,10,5,0,300,0.5,572,0.32,486,0.18,1
3,4,5692,2,10,5,0,300,0.5,1700,0.5,1
3,5,5921,0,0,300,0.5,572,0.32,486,0.18,1
3,6,5375,1,0,300,0.5,1700,0.5,1
3,7,5886,0,0,666,0.42,420,0.58,1
3,8,560,2,10,5,0,666,0.42,420,0.58,1
3,9,1048,0,0,300,0.5,572,0.32,486,0.18,1
3,10,2655,1,0,500,0.6,1000,0.2,1400,0.2,1
3,11,1006,2,10,5,0,300,0.5,572,0.32,486,0.18,1
4,0,14652,2,10,5,0,300,0.5,572,0.32,486,0.18,1
4,1,4319,2,10,5,0,500,0.6,1000,0.2,1400,0.2,1
4,2,9054,0,0,500,0.6,1000,0.2,1400,0.2,1
4,3,11495,2,10,5,0,666,0.42,420,0.58,1
4,4,14200,2,10,5,0,666,0.42,420,0.58,1
4,5,13197,0,0,300,0.5,572,0.32,486,0.18,1
4,6,6645,2,10,5,0,300,0.5,572,0.32,486,0.18,1
4,7,7413,0,0,300,0.5,1700,0.5,1
4,8,663,0,0,300,0.5,1700,0.5,1
4,9,4433,2,10,5,0,300,0.5,572,0.32,486,0.18,1
4,10,9056,1,0,666,0.42,420,0.58,1
4,11,5430,0,0,300,0.5,1700,0.5,1
5,0,14280,1,0,500,0.6,1000,0.2,1400,0.2,1
5,1,1367,1,0,300,0.5,1700,0.5,1
5,2,13365,1,0,300,0.5,572,0.32,486,0.18,1
5,3,8050,2,10,5,0,666,0.42,420,0.58,1
5,4,11124,0,0,300,0.5,1700,0.5,1
5,5,7663,1,0,300,0.5,572,0.32,486,0.18,1
5,6,2133,0,0,500,0.6,1000,0.2,1400,0.2,1
5,7,3784,0,0,666,0.42,420,0.58,1
5,8,9032,1,0,666,0.42,420,0.58,1
5,9,4924,1,0,300,0.5,1700,0.5,1
5,10,4640,2,10,5,0,500,0.6,1000,0.2,1400,0.2,1
5,11,2682,0,0,300,0.5,1700,0.5,1
6,0,322,0,0,500,0.6,1000,0.2,1400,0.2,1
6,1,12201,0,0,500,0.6,1000,0.2,1400,0.2,1
6,2,11984,0,0,300,0.5,572,0.32,486,0.18,1
6,3,8678,2,10,5,0,666,0.42,420,0.58,1
6,4,6979,0,0,300,0.5,1700,0.5,1
6,5,6426,0,0,500,0.6,1000,0.2,1400,0.2,1
6,6,250,2,10,5,0,666,0.42,420,0.58,1
6,7,13731,1,0,500,0.6,1000,0.2,1400,0.2,1
6,8,6147,2,10,5,0,300,0.5,1700,0.5,1
6,9,3746,1,0,300,0.5,572,0.32,486,0.18,1
6,10,5052,1,0,300,0.5,1700,0.5,1
6,11,7888,1,0,666,0.42,420,0.58,1
7,0,12671,0,0,500,0.6,1000,0.2,1400,0.2,1
7,1,14162,0,0,500,0.6,1000,0.2,1400,0.2,1
7,2,5700,1,0,300,0.5,1700,0.5,1
7,3,5501,2,10,5,0,500,0.6,1000,0.2,1400,0.2,1
7,4,10355,2,10,5,0,500,0.6,1000,0.2,1400,0.2,1
7,5,13753,1,0,666,0.42,420,0.58,1
7,6,14162,2,10,5,0,500,0.6,1000,0.2,1400,0.2,1
7,7,7766,2,10,5,0,500,0.6,1000,0.2,1400,0.2,1
7,8,12258,2,10,5,0,666,0.42,420,0.58,1
7,9,10074,2,10,5,0,300,0.5,572,0.32,486,0.18,1
7,10,2725,2,10,5,0,666,0.42,420,0.58,1
7,11,6243,2,10,5,0,300,0.5,1700,0.5,1
8,0,3490,0,0,666,0.42,420,0.58,1
8,1,6395,2,10,5,0,300,0.5,1700,0.5,1
8,2,4985,1,0,300,0.5,1700,0.5,1
8,3,1032,2,10,5,0,666,0.42,420,0.58,1
8,4,1249,1,0,300,0.5,1700,0.5,1
8,5,7064,1,0,300,0.5,572,0.32,486,0.18,1
8,6,4133,1,0,666,0.42,420,0.58,1
8,7,3598,1,0,666,0.42,420,0.58,1
8,8,9762,0,0,300,0.5,572,0.32,486,0.18,1
8,9,852,0,0,666,0.42,420,0.58,1
8,10,14184,0,0,300,0.5,1700,0.5,1
8,11,1480,1,0,300,0.5,1700,0.5,1
9,0,12820,2,10,5,0,300,0.5,1700,0.5,1
9,1,3331,1,0,666,0.42,420,0.58,1
9,2,9484,0,0,500,0.6,1000,0.2,1400,0.2,1
9,3,13123,2,10,5,0,300,0.5,572,0.32,486,0.18,1
9,4,925,2,10,5,0,500,0.6,1000,0.2,1400,0.2,1
9,5,14553,0,0,300,0.5,572,0.32,486,0.18,1
9,6,7418,2,10,5,0,300,0.5,572,0.32,486,0.18,1
9,7,10065,0,0,300,0.5,572,0.32,486,0.18,1
9,8,1120,2,10,5,0,500,0.6,1000,0.2,1400,0.2,1
9,9,1668,0,0,300,0.5,572,0.32,486,0.18,1
9,10,8282,1,0,300,0.5,1700,0.5,1
9,11,13496,1,0,300,0.5,1700,0.5,1
10,0,13722,1,0,300,0.5,1700,0.5,1
10,1,6339,0,0,300,0.5,1700,0.5,1
10,2,6118,0,0,666,0.42,420,0.58,1
10,3,2981,2,10,5,0,500,0.6,1000,0.2,1400,0.2,1
10,4,1601,0,0,300,0.5,1700,0.5,1
10,5,10357,0,0,300,0.5,572,0.32,486,0.18,1
10,6,3902,2,10,5,0,666,0.42,420,0.58,1
10,7,5003,2,10,5,0,500,0.6,1000,0.2,1400,0.2,1
10,8,12713,1,0,300,0.5,1700,0.5,1
10,9,12084,1,0,300,0.5,1700,0.5,1
10,10,13824,2,10,5,0,300,0.5,572,0.32,486,0.18,1
10,11,3480,0,0,500,0.6,1000,0.2,1400,0.2,1
11,0,4671,0,0,666,0.42,420,0.58,1
11,1,3410,1,0,666,0.42,420,0.58,1
11,2,11258,0,0,300,0.5,1700,0.5,1
11,3,3524,2,10,5,0,300,0.5,572,0.32,486,0.18,1
11,4,3868,1,0,300,0.5,1700,0.5,1
11,5,8105,1,0,500,0.6,1000,0.2,1400,0.2,1
11,6,12072,2,10,5,0,666,0.42,420,0.58,1
11,7,3782,0,0,666,0.42,420,0.58,1
11,8,7010,1,0,300,0.5,572,0.32,486,0.18,1
11,9,10956,0,0,300,0.5,1700,0.5,1
11,10,8298,0,0,300,0.5,1700,0.5,1
11,11,14896,0,0,300,0.5,572,0.32,486,0.18,1
