0,0,3076,1,0,300,0.5,1700,0.5,1
0,1,7883,0,0,500,0.6,1000,0.2,1400,0.2,1
0,2,7006,2,10,5,0,300,0.5,572,0.32,486,0.18,1
0,3,5041,1,0,500,0.6,1000,0.2,1400,0.2,1
0,4,12539,2,10,5,0,666,0.42,420,0.58,1
0,5,8117,1,0,500,0.6,1000,0.2,1400,0.2,1
0,6,2921,2,10,5,0,500,0.6,1000,0.2,1400,0.2,1
0,7,9732,2,10,5,0,300,0.5,1700,0.5,1
0,8,8172,2,10,5,0,666,0.42,420,0.58,1
0,9,9480,0,0,300,0.5,572,0.32,486,0.18,1
0,10,14965,1,0,300,0.5,1700,0.5,1
0,11,10706,0,0,300,0.5,1700,0.5,1
1,0,2646,0,0,500,0.6,1000,0.2,1400,0.2,1
1,1,11037,2,10,5,0,500,0.6,1000,0.2,1400,0.2,1
1,2,1594,1,0,500,0.6,1000,0.2,1400,0.2,0
1,3,1016,0,0,666,0.42,420,0.58,1
1,4,3396,2,10,5,0,300,0.5,572,0.32,486,0.18,1
1,5,14911,2,10,5,0,300,0.5,1700,0.5,1
1,6,13045,2,10,5,0,500,0.6,1000,0.2,1400,0.2,1
1,7,13686,1,0,666,0.42,420,0.58,1
1,8,5882,2,10,5,0,500,0.6,1000,0.2,1400,0.2,1
1,9,4902,2,10,5,0,300,0.5,572,0.32,486,0.18,1
1,10,2443,1,0,666,0.42,420,0.58,1
1,11,6623,2,10,5,0,500,0.6,1000,0.2,1400,0.2,1
2,0,7468,0,0,300,0.5,572,0.32,486,0.18,1
2,1,10523,1,0,300,0.5,572,0.32,486,0.18,1
2,2,5395,0,0,300,0.5,1700,0.5,1
2,3,388,1,0,300,0.5,1700,0.5,1
2,4,3985,1,0,500,0.6,1000,0.2,1400,0.2,1
2,5,2693,0,0,300,0.5,572,0.32,486,0.18,1
2,6,10348,1,0,300,0.5,1700,0.5,1
2,7,9702,1,0,500,0.6,1000,0.2,1400,0.2,1
2,8,5982,1,0,300,0.5,1700,0.5,1
2,9,4002,1,0,500,0.6,1000,0.2,1400,0.2,1
2,10,3190,2,10,5,0,300,0.5,572,0.32,486,0.18,1
2,11,4027,2,10,5,0,300,0.5,572,0.32,486,0.18,1
3,0,7752,0,0,300,0.5,1700,0.5,1
3,1,9424,0,0,300,0.5,1700,0.5,1
3,2,11960,1,0,666,0.42,420,0.58,1
3,3,11022,2,10,5,0,300,0.5,1700,0.5,1
3,4,3902,1,0,666,0.42,420,0.58,1
3,5,11652,1,0,300,0.5,572,0.32,486,0.18,1
3,6,11781,2,10,5,0,500,0.6,1000,0.2,1400,0.2,1
3,7,8914,0,0,500,0.6,1000,0.2,1400,0.2,1
3,8,14172,1,0,300,0.5,1700,0.5,1
3,9,11619,0,0,300,0.5,572,0.32,486,0.18,1
3,10,6924,1,0,500,0.6,1000,0.2,1400,0.2,1
3,11,1140,0,0,300,0.5,572,0.32,486,0.18,1
4,0,8263,0,0,300,0.5,572,0.32,486,0.18,1
4,1,4164,1,0,300,0.5,1700,0.5,1
4,2,5779,1,0,300,0.5,1700,0.5,1
4,3,5394,1,0,500,0.6,1000,0.2,1400,0.2,1
4,4,14737,1,0,300,0.5,572,0.32,486,0.18,1
4,5,111,0,0,300,0.5,1700,0.5,1
4,6,6145,1,0,300,0.5,1700,0.5,1
4,7,14778,2,10,5,0,500,0.6,1000,0.2,1400,0.2,1
4,8,8484,2,10,5,0,300,0.5,572,0.32,486,0.18,1
4,9,10656,1,0,500,0.6,1000,0.2,1400,0.2,1
4,10,9789,1,0,500,0.6,1000,0.2,1400,0.2,1
4,11,8086,1,0,300,0.5,1700,0.5,1
5,0,6284,2,10,5,0,300,0.5,1700,0.5,1
5,1,9901,2,10,5,0,300,0.5,1700,0.5,1
5,2,3568,2,10,5,0,666,0.42,420,0.58,1
5,3,2183,1,0,500,0.6,1000,0.2,1400,0.2,1
5,4,890,0,0,500,0.6,1000,0.2,1400,0.2,1
5,5,10890,1,0,500,0.6,1000,0.2,1400,0.2,1
5,6,13275,1,0,500,0.6,1000,0.2,1400,0.2,1
5,7,9149,0,0,666,0.42,420,0.58,1
5,8,9917,2,10,5,0,666,0.42,420,0.58,1
5,9,5503,1,0,300,0.5,1700,0.5,1
5,10,3536,2,10,5,0,500,0.6,1000,0.2,1400,0.2,1
5,11,4921,2,10,5,0,500,0.6,1000,0.2,1400,0.2,1
6,0,1641,1,0,666,0.42,420,0.58,1
6,1,1165,2,10,5,0,666,0.42,420,0.58,1
6,2,10038,2,10,5,0,300,0.5,1700,0.5,1
6,3,9694,0,0,300,0.5,572,0.32,486,0.18,1
6,4,14095,0,0,500,0.6,1000,0.2,1400,0.2,1
6,5,10682,0,0,500,0.6,1000,0.2,1400,0.2,1
6,6,3298,1,0,500,0.6,1000,0.2,1400,0.2,1
6,7,11900,0,0,300,0.5,1700,0.5,1
6,8,2855,1,0,300,0.5,572,0.32,486,0.18,1
6,9,9708,1,0,300,0.5,572,0.32,486,0.18,1
6,10,3883,2,10,5,0,500,0.6,1000,0.2,1400,0.2,1
6,11,14337,1,0,500,0.6,1000,0.2,1400,0.2,1
7,0,4875,0,0,500,0.6,1000,0.2,1400,0.2,1
7,1,10020,2,10,5,0,300,0.5,572,0.32,486,0.18,1
7,2,4997,0,0,666,0.42,420,0.58,1
7,3,4279,1,0,666,0.42,420,0.58,1
7,4,13825,1,0,666,0.42,420,0.58,1
7,5,3790,1,0,300,0.5,572,0.32,486,0.18,1
7,6,644,1,0,300,0.5,572,0.32,486,0.18,1
7,7,7192,2,10,5,0,300,0.5,1700,0.5,1
7,8,7435,1,0,300,0.5,1700,0.5,1
7,9,1347,0,0,500,0.6,1000,0.2,1400,0.2,1
7,10,786,1,0,666,0.42,420,0.58,1
7,11,7162,2,10,5,0,300,0.5,572,0.32,486,0.18,1
8,0,2779,0,0,500,0.6,1000,0.2,1400,0.2,1
8,1,12142,2,10,5,0,300,0.5,572,0.32,486,0.18,1
8,2,308,0,0,300,0.5,572,0.32,486,0.18,1
8,3,296,0,0,666,0.42,420,0.58,1
8,4,1366,1,0,500,0.6,1000,0.2,1400,0.2,1
8,5,5858,1,0,500,0.6,1000,0.2,1400,0.2,1
8,6,6218,1,0,300,0.5,1700,0.5,1
8,7,3337,0,0,300,0.5,572,0.32,486,0.18,1
8,8,6048,0,0,666,0.42,420,0.58,1
8,9,11376,1,0,300,0.5,572,0.32,486,0.18,1
8,10,3463,0,0,300,0.5,572,0.32,486,0.18,1
8,11,5224,2,10,5,0,500,0.6,1000,0.2,1400,0.2,1
9,0,9642,0,0,500,0.6,1000,0.2,1400,0.2,1
9,1,8718,2,10,5,0,300,0.5,572,0.32,486,0.18,1
9,2,10249,1,0,500,0.6,1000,0.2,1400,0.2,1
9,3,14030,2,10,5,0,300,0.5,1700,0.5,1
9,4,2199,1,0,666,0.42,420,0.58,1
9,5,13239,0,0,666,0.42,420,0.58,1
9,6,9099,2,10,5,0,666,0.42,420,0.58,1
9,7,5555,0,0,300,0.5,1700,0.5,1
9,8,1234,0,0,300,0.5,1700,0.5,1
9,9,10961,0,0,300,0.5,572,0.32,486,0.18,1
9,10,6418,1,0,300,0.5,1700,0.5,1
9,11,14967,0,0,300,0.5,572,0.32,486,0.18,1
10,0,6846,0,0,666,0.42,420,0.58,1
10,1,9917,0,0,300,0.5,572,0.32,486,0.18,1
10,2,1295,1,0,300,0.5,1700,0.5,1
10,3,14341,0,0,500,0.6,1000,0.2,1400,0.2,1
10,4,12148,1,0,300,0.5,572,0.32,486,0.18,1
10,5,10266,1,0,666,0.42,420,0.58,1
10,6,2586,0,0,300,0.5,1700,0.5,1
10,7,5897,2,10,5,0,500,0.6,1000,0.2,1400,0.2,1
10,8,4717,0,0,300,0.5,1700,0.5,1
10,9,7014,1,0,300,0.5,572,0.32,486,0.18,1
10,10,4729,1,0,300,0.5,1700,0.5,1
10,11,3832,0,0,500,0.6,1000,0.2,1400,0.2,1
11,0,10169,0,0,300,0.5,1700,0.5,1
11,1,3705,0,0,500,0.6,1000,0.2,1400,0.2,1
11,2,1098,2,10,5,0,500,0.6,1000,0.2,1400,0.2,1
11,3,7683,0,0,300,0.5,1700,0.5,1
11,4,480,0,0,300,0.5,1700,0.5,1
11,5,2990,1,0,500,0.6,1000,0.2,1400,0.2,1
11,6,11867,0,0,666,0.42,420,0.58,1
11,7,14007,2,10,5,0,300,0.5,572,0.32,486,0.18,1
11,8,6456,1,0,666,0.42,420,0.58,1
11,9,4433,1,0,666,0.42,420,0.58,1
11,10,10901,2,10,5,0,666,0.42,420,0.58,1
11,11,674,2,10,5,0,300,0.5,1700,0.5,1
