0,0,13879,1,0,300,0.5,1700,0.5,1
0,1,666,0,0,500,0.6,1000,0.2,1400,0.2,1
0,2,11306,0,0,666,0.42,420,0.58,1
0,3,12195,0,0,300,0.5,1700,0.5,1
0,4,4897,1,0,300,0.5,1700,0.5,1
0,5,1788,1,0,300,0.5,572,0.32,486,0.18,1
0,6,1512,0,0,300,0.5,1700,0.5,1
0,7,5334,1,0,500,0.6,1000,0.2,1400,0.2,1
0,8,7216,1,0,300,0.5,572,0.32,486,0.18,1
0,9,1139,0,0,500,0.6,1000,0.2,1400,0.2,1
0,10,5919,0,0,300,0.5,572,0.32,486,0.18,1
0,11,6215,1,0,300,0.5,572,0.32,486,0.18,1
1,0,14145,1,0,300,0.5,1700,0.5,1
1,1,619,0,0,666,0.42,420,0.58,1
1,2,13459,1,0,666,0.42,420,0.58,0
1,3,13471,2,10,5,0,300,0.5,1700,0.5,1
1,4,3955,1,0,300,0.5,572,0.32,486,0.18,1
1,5,10544,0,0,666,0.42,420,0.58,1
1,6,8223,2,10,5,0,300,0.5,572,0.32,486,0.18,1
1,7,8897,1,0,300,0.5,1700,0.5,1
1,8,2996,1,0,500,0.6,1000,0.2,1400,0.2,1
1,9,5324,0,0,500,0.6,1000,0.2,1400,0.2,1
1,10,7851,1,0,300,0.5,572,0.32,486,0.18,1
1,11,14634,1,0,500,0.6,1000,0.2,1400,0.2,1
2,0,3972,0,0,500,0.6,1000,0.2,1400,0.2,1
2,1,12977,0,0,666,0.42,420,0.58,1
2,2,3305,2,10,5,0,666,0.42,420,0.58,1
2,3,6393,1,0,300,0.5,572,0.32,486,0.18,1
2,4,1477,1,0,500,0.6,1000,0.2,1400,0.2,1
2,5,12614,2,10,5,0,300,0.5,572,0.32,486,0.18,1
2,6,11475,1,0,500,0.6,1000,0.2,1400,0.2,1
2,7,13720,2,10,5,0,300,0.5,572,0.32,486,0.18,1
2,8,3860,2,10,5,0,300,0.5,572,0.32,486,0.18,1
2,9,4505,2,10,5,0,500,0.6,1000,0.2,1400,0.2,1
2,10,9363,2,10,5,0,300,0.5,572,0.32,486,0.18,1
2,11,12037,0,0,500,0.6,1000,0.2,1400,0.2,1
3,0,166,0,0,300,0.5,572,0.32,486,0.18,1
3,1,7372,1,0,666,0.42,420,0.58,1
3,2,14308,1,0,300,0.5,1700,0.5,1
3,3,13897,2,10,5,0,666,0.42,420,0.58,1
3,4,5943,2,10,5,0,300,0.5,1700,0.5,1
3,5,1568,0,0,666,0.42,420,0.58,1
3,6,1692,2,10,5,0,300,0.5,572,0.32,486,0.18,1
3,7,1096,2,10,5,0,666,0.42,420,0.58,1
3,8,4520,2,10,5,0,500,0.6,1000,0.2,1400,0.2,1
3,9,7991,1,0,500,0.6,1000,0.2,1400,0.2,1
3,10,6160,1,0,500,0.6,1000,0.2,1400,0.2,1
3,11,8101,1,0,666,0.42,420,0.58,1
4,0,10211,2,10,5,0,300,0.5,572,0.32,486,0.18,1
4,1,2246,1,0,300,0.5,1700,0.5,1
4,2,11319,1,0,666,0.42,420,0.58,1
4,3,8877,2,10,5,0,300,0.5,572,0.32,486,0.18,1
4,4,11608,2,10,5,0,666,0.42,420,0.58,1
4,5,12280,2,10,5,0,666,0.42,420,0.58,1
4,6,5898,0,0,300,0.5,572,0.32,486,0.18,1
4,7,11638,2,10,5,0,500,0.6,1000,0.2,1400,0.2,1
4,8,7070,1,0,666,0.42,420,0.58,1
4,9,11974,2,10,5,0,666,0.42,420,0.58,1
4,10,8683,1,0,300,0.5,1700,0.5,1
4,11,2554,2,10,5,0,300,0.5,572,0.32,486,0.18,1
5,0,9007,2,10,5,0,666,0.42,420,0.58,1
5,1,3367,0,0,500,0.6,1000,0.2,1400,0.2,1
5,2,9721,1,0,300,0.5,572,0.32,486,0.18,1
5,3,10011,2,10,5,0,666,0.42,420,0.58,1
5,4,1231,1,0,300,0.5,572,0.32,486,0.18,1
5,5,10236,0,0,300,0.5,1700,0.5,1
5,6,5887,1,0,300,0.5,1700,0.5,1
5,7,2234,0,0,300,0.5,572,0.32,486,0.18,1
5,8,7282,2,10,5,0,300,0.5,1700,0.5,1
5,9,10744,2,10,5,0,666,0.42,420,0.58,1
5,10,12290,1,0,666,0.42,420,0.58,1
5,11,14821,1,0,300,0.5,572,0.32,486,0.18,1
6,0,5785,1,0,666,0.42,420,0.58,1
6,1,13699,2,10,5,0,300,0.5,572,0.32,486,0.18,1
6,2,3120,2,10,5,0,500,0.6,1000,0.2,1400,0.2,1
6,3,5097,1,0,300,0.5,1700,0.5,1
6,4,4209,0,0,300,0.5,572,0.32,486,0.18,1
6,5,10573,0,0,300,0.5,572,0.32,486,0.18,1
6,6,3598,2,10,5,0,300,0.5,572,0.32,486,0.18,1
6,7,14688,2,10,5,0,300,0.5,572,0.32,486,0.18,1
6,8,1146,2,10,5,0,500,0.6,1000,0.2,1400,0.2,1
6,9,6884,0,0,300,0.5,1700,0.5,1
6,10,3188,1,0,666,0.42,420,0.58,1
6,11,832,2,10,5,0,300,0.5,572,0.32,486,0.18,1
7,0,7462,1,0,666,0.42,420,0.58,1
7,1,2342,0,0,500,0.6,1000,0.2,1400,0.2,1
7,2,13414,1,0,500,0.6,1000,0.2,1400,0.2,1
7,3,6200,1,0,500,0.6,1000,0.2,1400,0.2,1
7,4,7882,1,0,300,0.5,572,0.32,486,0.18,1
7,5,4174,0,0,500,0.6,1000,0.2,1400,0.2,1
7,6,6904,2,10,5,0,500,0.6,1000,0.2,1400,0.2,1
7,7,5309,1,0,300,0.5,1700,0.5,1
7,8,970,0,0,300,0.5,572,0.32,486,0.18,1
7,9,10023,0,0,300,0.5,572,0.32,486,0.18,1
7,10,14595,1,0,300,0.5,1700,0.5,1
7,11,6655,2,10,5,0,300,0.5,572,0.32,486,0.18,1
8,0,7974,0,0,666,0.42,420,0.58,1
8,1,4723,2,10,5,0,500,0.6,1000,0.2,1400,0.2,1
8,2,13880,0,0,666,0.42,420,0.58,1
8,3,6600,1,0,300,0.5,1700,0.5,1
8,4,8783,0,0,500,0.6,1000,0.2,1400,0.2,1
8,5,10858,2,10,5,0,666,0.42,420,0.58,1
8,6,5689,2,10,5,0,666,0.42,420,0.58,1
8,7,12039,1,0,666,0.42,420,0.58,1
8,8,11469,1,0,300,0.5,572,0.32,486,0.18,1
8,9,1384,0,0,300,0.5,572,0.32,486,0.18,1
8,10,3861,0,0,300,0.5,1700,0.5,1
8,11,13491,1,0,500,0.6,1000,0.2,1400,0.2,1
9,0,14249,1,0,666,0.42,420,0.58,1
9,1,12488,0,0,500,0.6,1000,0.2,1400,0.2,1
9,2,10700,2,10,5,0,300,0.5,572,0.32,486,0.18,1
9,3,1800,2,10,5,0,666,0.42,420,0.58,1
9,4,7951,0,0,666,0.42,420,0.58,1
9,5,9431,0,0,666,0.42,420,0.58,1
9,6,9187,1,0,666,0.42,420,0.58,1
9,7,11934,1,0,300,0.5,1700,0.5,1
9,8,581,0,0,300,0.5,1700,0.5,1
9,9,7888,2,10,5,0,666,0.42,420,0.58,1
9,10,14274,1,0,500,0.6,1000,0.2,1400,0.2,1
9,11,13706,0,0,500,0.6,1000,0.2,1400,0.2,1
10,0,4531,2,10,5,0,666,0.42,420,0.58,1
10,1,4828,1,0,300,0.5,572,0.32,486,0.18,1
10,2,8381,2,10,5,0,500,0.6,1000,0.2,1400,0.2,1
10,3,8371,0,0,300,0.5,1700,0.5,1
10,4,9817,1,0,300,0.5,572,0.32,486,0.18,1
10,5,3102,0,0,300,0.5,572,0.32,486,0.18,1
10,6,2136,0,0,300,0.5,1700,0.5,1
10,7,4794,2,10,5,0,300,0.5,1700,0.5,1
10,8,14023,1,0,300,0.5,572,0.32,486,0.18,1
10,9,6342,1,0,500,0.6,1000,0.2,1400,0.2,1
10,10,12265,2,10,5,0,666,0.42,420,0.58,1
10,11,540,0,0,300,0.5,1700,0.5,1
11,0,2098,2,10,5,0,500,0.6,1000,0.2,1400,0.2,1
11,1,10706,1,0,300,0.5,572,0.32,486,0.18,1
11,2,6286,0,0,300,0.5,572,0.32,486,0.18,1
11,3,2504,0,0,300,0.5,572,0.32,486,0.18,1
11,4,453,2,10,5,0,500,0.6,1000,0.2,1400,0.2,1
11,5,1073,0,0,300,0.5,572,0.32,486,0.18,1
11,6,8104,2,10,5,0,300,0.5,1700,0.5,1
11,7,9342,1,0,300,0.5,572,0.32,486,0.18,1
11,8,7346,0,0,300,0.5,572,0.32,486,0.18,1
11,9,5442,2,10,5,0,300,0.5,1700,0.5,1
11,10,7617,0,0,300,0.5,1700,0.5,1
11,11,13319,1,0,300,0.5,572,0.32,486,0.18,1
