0,0,12097,0,0,666,0.42,420,0.58,1
0,1,14379,2,10,5,0,300,0.5,572,0.32,486,0.18,1
0,2,12337,2,10,5,0,666,0.42,420,0.58,1
0,3,2480,1,0,500,0.6,1000,0.2,1400,0.2,1
0,4,6617,1,0,666,0.42,420,0.58,1
0,5,4743,1,0,300,0.5,1700,0.5,1
0,6,9131,1,0,500,0.6,1000,0.2,1400,0.2,1
0,7,3941,0,0,500,0.6,1000,0.2,1400,0.2,1
0,8,12911,2,10,5,0,666,0.42,420,0.58,1
0,9,13407,1,0,300,0.5,1700,0.5,1
0,10,8708,2,10,5,0,300,0.5,572,0.32,486,0.18,1
0,11,14856,1,0,666,0.42,420,0.58,1
1,0,2938,0,0,500,0.6,1000,0.2,1400,0.2,1
1,1,2021,1,0,300,0.5,1700,0.5,1
1,2,13983,0,0,500,0.6,1000,0.2,1400,0.2,0
1,3,2948,0,0,500,0.6,1000,0.2,1400,0.2,1
1,4,1737,0,0,300,0.5,1700,0.5,1
1,5,9291,1,0,666,0.42,420,0.58,1
1,6,73,0,0,500,0.6,1000,0.2,1400,0.2,1
1,7,7758,0,0,500,0.6,1000,0.2,1400,0.2,1
1,8,7460,2,10,5,0,666,0.42,420,0.58,1
1,9,8698,0,0,666,0.42,420,0.58,1
1,10,13017,1,0,666,0.42,420,0.58,1
1,11,5638,0,0,666,0.42,420,0.58,1
2,0,6530,0,0,500,0.6,1000,0.2,1400,0.2,1
2,1,14373,0,0,300,0.5,1700,0.5,1
2,2,13337,1,0,300,0.5,572,0.32,486,0.18,1
2,3,847,2,10,5,0,666,0.42,420,0.58,1
2,4,7350,0,0,500,0.6,1000,0.2,1400,0.2,1
2,5,6566,2,10,5,0,500,0.6,1000,0.2,1400,0.2,1
2,6,13349,1,0,500,0.6,1000,0.2,1400,0.2,1
2,7,14530,0,0,500,0.6,1000,0.2,1400,0.2,1
2,8,7768,2,10,5,0,300,0.5,1700,0.5,1
2,9,308,2,10,5,0,500,0.6,1000,0.2,1400,0.2,1
2,10,14651,1,0,666,0.42,420,0.58,1
2,11,4217,1,0,666,0.42,420,0.58,1
3,0,1786,1,0,500,0.6,1000,0.2,1400,0.2,1
3,1,11887,1,0,666,0.42,420,0.58,1
3,2,5492,2,10,5,0,666,0.42,420,0.58,1
3,3,5713,2,10,5,0,500,0.6,1000,0.2,1400,0.2,1
3,4,13882,2,10,5,0,666,0.42,420,0.58,1
3,5,14943,1,0,300,0.5,572,0.32,486,0.18,1
3,6,7899,2,10,5,0,300,0.5,1700,0.5,1
3,7,14549,0,0,666,0.42,420,0.58,1
3,8,4683,0,0,500,0.6,1000,0.2,1400,0.2,1
3,9,7871,0,0,500,0.6,1000,0.2,1400,0.2,1
3,10,11128,1,0,300,0.5,1700,0.5,1
3,11,851,1,0,500,0.6,1000,0.2,1400,0.2,1
4,0,8004,0,0,300,0.5,1700,0.5,1
4,1,10099,1,0,300,0.5,572,0.32,486,0.18,1
4,2,7005,2,10,5,0,300,0.5,1700,0.5,1
4,3,14313,2,10,5,0,300,0.5,572,0.32,486,0.18,1
4,4,9433,1,0,666,0.42,420,0.58,1
4,5,13698,0,0,300,0.5,572,0.32,486,0.18,1
4,6,2723,2,10,5,0,300,0.5,572,0.32,486,0.18,1
4,7,8695,0,0,300,0.5,1700,0.5,1
4,8,2842,1,0,300,0.5,1700,0.5,1
4,9,2863,1,0,500,0.6,1000,0.2,1400,0.2,1
4,10,10873,2,10,5,0,666,0.42,420,0.58,1
4,11,8416,1,0,500,0.6,1000,0.2,1400,0.2,1
5,0,3830,2,10,5,0,300,0.5,1700,0.5,1
5,1,575,0,0,666,0.42,420,0.58,1
5,2,9077,1,0,500,0.6,1000,0.2,1400,0.2,1
5,3,5228,0,0,300,0.5,1700,0.5,1
5,4,815,2,10,5,0,300,0.5,1700,0.5,1
5,5,1158,1,0,666,0.42,420,0.58,1
5,6,375,0,0,666,0.42,420,0.58,1
5,7,13474,0,0,300,0.5,572,0.32,486,0.18,1
5,8,3157,1,0,500,0.6,1000,0.2,1400,0.2,1
5,9,10880,2,10,5,0,300,0.5,1700,0.5,1
5,10,5873,2,10,5,0,300,0.5,572,0.32,486,0.18,1
5,11,6680,1,0,500,0.6,1000,0.2,1400,0.2,1
6,0,9698,0,0,300,0.5,1700,0.5,1
6,1,8137,0,0,500,0.6,1000,0.2,1400,0.2,1
6,2,979,1,0,300,0.5,1700,0.5,1
6,3,10492,2,10,5,0,500,0.6,1000,0.2,1400,0.2,1
6,4,12683,1,0,300,0.5,1700,0.5,1
6,5,5313,2,10,5,0,300,0.5,572,0.32,486,0.18,1
6,6,1657,0,0,500,0.6,1000,0.2,1400,0.2,1
6,7,3315,2,10,5,0,300,0.5,572,0.32,486,0.18,1
6,8,10096,2,10,5,0,300,0.5,1700,0.5,1
6,9,11403,2,10,5,0,300,0.5,572,0.32,486,0.18,1
6,10,8912,1,0,300,0.5,1700,0.5,1
6,11,10076,0,0,300,0.5,572,0.32,486,0.18,1
7,0,8000,2,10,5,0,500,0.6,1000,0.2,1400,0.2,1
7,1,569,1,0,300,0.5,1700,0.5,1
7,2,6862,0,0,300,0.5,1700,0.5,1
7,3,12906,1,0,666,0.42,420,0.58,1
7,4,9732,1,0,300,0.5,1700,0.5,1
7,5,11137,1,0,300,0.5,1700,0.5,1
7,6,9722,1,0,500,0.6,1000,0.2,1400,0.2,1
7,7,3986,0,0,300,0.5,1700,0.5,1
7,8,2662,2,10,5,0,500,0.6,1000,0.2,1400,0.2,1
7,9,11920,1,0,300,0.5,572,0.32,486,0.18,1
7,10,4095,2,10,5,0,300,0.5,572,0.32,486,0.18,1
7,11,8551,2,10,5,0,300,0.5,572,0.32,486,0.18,1
8,0,14148,2,10,5,0,666,0.42,420,0.58,1
8,1,7557,2,10,5,0,500,0.6,1000,0.2,1400,0.2,1
8,2,2419,2,10,5,0,300,0.5,572,0.32,486,0.18,1
8,3,13414,1,0,300,0.5,572,0.32,486,0.18,1
8,4,284,1,0,300,0.5,1700,0.5,1
8,5,3428,1,0,500,0.6,1000,0.2,1400,0.2,1
8,6,14428,2,10,5,0,500,0.6,1000,0.2,1400,0.2,1
8,7,9546,0,0,500,0.6,1000,0.2,1400,0.2,1
8,8,855,2,10,5,0,300,0.5,1700,0.5,1
8,9,2965,0,0,666,0.42,420,0.58,1
8,10,12392,1,0,300,0.5,572,0.32,486,0.18,1
8,11,14104,1,0,666,0.42,420,0.58,1
9,0,10540,0,0,500,0.6,1000,0.2,1400,0.2,1
9,1,6998,2,10,5,0,300,0.5,572,0.32,486,0.18,1
9,2,610,0,0,300,0.5,572,0.32,486,0.18,1
9,3,7525,2,10,5,0,666,0.42,420,0.58,1
9,4,14119,2,10,5,0,666,0.42,420,0.58,1
9,5,9878,2,10,5,0,500,0.6,1000,0.2,1400,0.2,1
9,6,7599,0,0,500,0.6,1000,0.2,1400,0.2,1
9,7,7688,2,10,5,0,300,0.5,1700,0.5,1
9,8,9958,0,0,500,0.6,1000,0.2,1400,0.2,1
9,9,7302,0,0,500,0.6,1000,0.2,1400,0.2,1
9,10,4030,2,10,5,0,300,0.5,572,0.32,486,0.18,1
9,11,5783,2,10,5,0,300,0.5,1700,0.5,1
10,0,9139,0,0,666,0.42,420,0.58,1
10,1,2142,0,0,666,0.42,420,0.58,1
10,2,1754,0,0,666,0.42,420,0.58,1
10,3,4402,0,0,300,0.5,572,0.32,486,0.18,1
10,4,6641,1,0,300,0.5,572,0.32,486,0.18,1
10,5,2329,2,10,5,0,666,0.42,420,0.58,1
10,6,6040,1,0,500,0.6,1000,0.2,1400,0.2,1
10,7,3542,1,0,666,0.42,420,0.58,1
10,8,778,1,0,300,0.5,1700,0.5,1
10,9,5181,1,0,666,0.42,420,0.58,1
10,10,2477,1,0,300,0.5,572,0.32,486,0.18,1
10,11,5016,1,0,666,0.42,420,0.58,1
11,0,644,0,0,666,0.42,420,0.58,1
11,1,830,1,0,666,0.42,420,0.58,1
11,2,13993,2,10,5,0,500,0.6,1000,0.2,1400,0.2,1
11,3,5526,0,0,300,0.5,1700,0.5,1
11,4,6428,0,0,666,0.42,420,0.58,1
11,5,8004,2,10,5,0,300,0.5,572,0.32,486,0.18,1
11,6,1772,2,10,5,0,300,0.5,572,0.32,486,0.18,1
11,7,10101,1,0,500,0.6,1000,0.2,1400,0.2,1
11,8,5852,1,0,500,0.6,1000,0.2,1400,0.2,1
11,9,6669,0,0,300,0.5,1700,0.5,1
11,10,911,1,0,300,0.5,1700,0.5,1
11,11,8895,0,0,300,0.5,1700,0.5,1
