0,0,1500,1,0,666,0.42,420,0.58,1
0,1,9466,0,0,300,0.5,1700,0.5,1
0,2,14913,1,0,300,0.5,1700,0.5,1
0,3,3184,0,0,666,0.42,420,0.58,1
0,4,639,0,0,300,0.5,572,0.32,486,0.18,1
0,5,647,2,10,5,0,500,0.6,1000,0.2,1400,0.2,1
0,6,12200,2,10,5,0,666,0.42,420,0.58,1
0,7,13949,2,10,5,0,300,0.5,572,0.32,486,0.18,1
0,8,7019,2,10,5,0,666,0.42,420,0.58,1
0,9,1486,0,0,300,0.5,572,0.32,486,0.18,1
0,10,12564,2,10,5,0,300,0.5,572,0.32,486,0.18,1
0,11,328,2,10,5,0,500,0.6,1000,0.2,1400,0.2,1
1,0,7715,2,10,5,0,300,0.5,572,0.32,486,0.18,1
1,1,3567,1,0,500,0.6,1000,0.2,1400,0.2,1
1,2,8089,0,0,666,0.42,420,0.58,0
1,3,12879,2,10,5,0,300,0.5,1700,0.5,1
1,4,9239,2,10,5,0,300,0.5,1700,0.5,1
1,5,4814,1,0,500,0.6,1000,0.2,1400,0.2,1
1,6,838,2,10,5,0,500,0.6,1000,0.2,1400,0.2,1
1,7,14853,1,0,500,0.6,1000,0.2,1400,0.2,1
1,8,7843,0,0,300,0.5,572,0.32,486,0.18,1
1,9,11571,0,0,666,0.42,420,0.58,1
1,10,13513,2,10,5,0,666,0.42,420,0.58,1
1,11,5575,0,0,300,0.5,1700,0.5,1
2,0,2451,1,0,666,0.42,420,0.58,1
2,1,11574,2,10,5,0,300,0.5,572,0.32,486,0.18,1
2,2,13894,0,0,666,0.42,420,0.58,1
2,3,2138,2,10,5,0,500,0.6,1000,0.2,1400,0.2,1
2,4,13292,2,10,5,0,300,0.5,1700,0.5,1
2,5,13174,1,0,666,0.42,420,0.58,1
2,6,11718,1,0,500,0.6,1000,0.2,1400,0.2,1
2,7,2048,1,0,300,0.5,1700,0.5,1
2,8,2536,0,0,666,0.42,420,0.58,1
2,9,14802,1,0,300,0.5,1700,0.5,1
2,10,12089,2,10,5,0,500,0.6,1000,0.2,1400,0.2,1
2,11,12415,2,10,5,0,666,0.42,420,0.58,1
3,0,8773,0,0,300,0.5,572,0.32,486,0.18,1
3,1,3432,1,0,666,0.42,420,0.58,1
3,2,12335,2,10,5,0,300,0.5,572,0.32,486,0.18,1
3,3,136,2,10,5,0,666,0.42,420,0.58,1
3,4,5554,0,0,300,0.5,1700,0.5,1
3,5,9854,0,0,666,0.42,420,0.58,1
3,6,2706,1,0,300,0.5,572,0.32,486,0.18,1
3,7,122,0,0,300,0.5,1700,0.5,1
3,8,4173,2,10,5,0,300,0.5,1700,0.5,1
3,9,13918,0,0,666,0.42,420,0.58,1
3,10,10438,2,10,5,0,300,0.5,1700,0.5,1
3,11,10901,1,0,300,0.5,1700,0.5,1
4,0,4222,0,0,300,0.5,572,0.32,486,0.18,1
4,1,736,2,10,5,0,300,0.5,1700,0.5,1
4,2,6188,0,0,666,0.42,420,0.58,1
4,3,9802,1,0,300,0.5,1700,0.5,1
4,4,4803,1,0,300,0.5,1700,0.5,1
4,5,7508,0,0,300,0.5,1700,0.5,1
4,6,10466,2,10,5,0,500,0.6,1000,0.2,1400,0.2,1
4,7,12305,1,0,500,0.6,1000,0.2,1400,0.2,1
4,8,3124,1,0,666,0.42,420,0.58,1
4,9,13569,0,0,300,0.5,1700,0.5,1
4,10,2184,2,10,5,0,300,0.5,572,0.32,486,0.18,1
4,11,11367,0,0,666,0.42,420,0.58,1
5,0,3221,2,10,5,0,666,0.42,420,0.58,1
5,1,11161,0,0,500,0.6,1000,0.2,1400,0.2,1
5,2,13756,0,0,300,0.5,1700,0.5,1
5,3,703,1,0,300,0.5,572,0.32,486,0.18,1
5,4,3892,0,0,300,0.5,1700,0.5,1
5,5,11227,1,0,666,0.42,420,0.58,1
5,6,9985,2,10,5,0,300,0.5,1700,0.5,1
5,7,8132,1,0,500,0.6,1000,0.2,1400,0.2,1
5,8,14230,2,10,5,0,666,0.42,420,0.58,1
5,9,9641,1,0,300,0.5,1700,0.5,1
5,10,1999,1,0,500,0.6,1000,0.2,1400,0.2,1
5,11,7511,2,10,5,0,666,0.42,420,0.58,1
6,0,5922,0,0,300,0.5,572,0.32,486,0.18,1
6,1,8885,1,0,500,0.6,1000,0.2,1400,0.2,1
6,2,12739,1,0,500,0.6,1000,0.2,1400,0.2,1
6,3,3899,0,0,300,0.5,572,0.32,486,0.18,1
6,4,2022,0,0,300,0.5,1700,0.5,1
6,5,14316,0,0,500,0.6,1000,0.2,1400,0.2,1
6,6,9854,1,0,300,0.5,1700,0.5,1
6,7,7799,0,0,666,0.42,420,0.58,1
6,8,12687,2,10,5,0,300,0.5,1700,0.5,1
6,9,11330,0,0,300,0.5,572,0.32,486,0.18,1
6,10,9265,1,0,500,0.6,1000,0.2,1400,0.2,1
6,11,13025,1,0,300,0.5,1700,0.5,1
7,0,11863,2,10,5,0,666,0.42,420,0.58,1
7,1,13574,1,0,300,0.5,572,0.32,486,0.18,1
7,2,6969,2,10,5,0,300,0.5,572,0.32,486,0.18,1
7,3,4443,2,10,5,0,500,0.6,1000,0.2,1400,0.2,1
7,4,6624,1,0,500,0.6,1000,0.2,1400,0.2,1
7,5,14157,0,0,666,0.42,420,0.58,1
7,6,4987,0,0,500,0.6,1000,0.2,1400,0.2,1
7,7,8588,1,0,666,0.42,420,0.58,1
7,8,9473,0,0,500,0.6,1000,0.2,1400,0.2,1
7,9,3847,1,0,300,0.5,1700,0.5,1
7,10,8782,0,0,300,0.5,572,0.32,486,0.18,1
7,11,4374,0,0,300,0.5,572,0.32,486,0.18,1
8,0,11431,0,0,300,0.5,1700,0.5,1
8,1,260,1,0,500,0.6,1000,0.2,1400,0.2,1
8,2,9530,0,0,500,0.6,1000,0.2,1400,0.2,1
8,3,14178,0,0,666,0.42,420,0.58,1
8,4,13753,0,0,666,0.42,420,0.58,1
8,5,4896,1,0,300,0.5,1700,0.5,1
8,6,5350,2,10,5,0,300,0.5,572,0.32,486,0.18,1
8,7,6374,2,10,5,0,300,0.5,1700,0.5,1
8,8,435,2,10,5,0,300,0.5,572,0.32,486,0.18,1
8,9,3180,2,10,5,0,300,0.5,572,0.32,486,0.18,1
8,10,13562,1,0,500,0.6,1000,0.2,1400,0.2,1
8,11,6454,2,10,5,0,300,0.5,1700,0.5,1
9,0,13086,0,0,500,0.6,1000,0.2,1400,0.2,1
9,1,1176,1,0,300,0.5,572,0.32,486,0.18,1
9,2,3095,1,0,666,0.42,420,0.58,1
9,3,2364,1,0,666,0.42,420,0.58,1
9,4,3186,2,10,5,0,500,0.6,1000,0.2,1400,0.2,1
9,5,9517,2,10,5,0,500,0.6,1000,0.2,1400,0.2,1
9,6,4070,2,10,5,0,666,0.42,420,0.58,1
9,7,7936,1,0,666,0.42,420,0.58,1
9,8,11241,2,10,5,0,300,0.5,1700,0.5,1
9,9,10856,1,0,666,0.42,420,0.58,1
9,10,7114,0,0,666,0.42,420,0.58,1
9,11,10797,0,0,300,0.5,572,0.32,486,0.18,1
10,0,9294,0,0,300,0.5,572,0.32,486,0.18,1
10,1,11434,2,10,5,0,500,0.6,1000,0.2,1400,0.2,1
10,2,11241,2,10,5,0,300,0.5,1700,0.5,1
10,3,2825,2,10,5,0,666,0.42,420,0.58,1
10,4,9524,2,10,5,0,666,0.42,420,0.58,1
10,5,14613,1,0,666,0.42,420,0.58,1
10,6,1437,2,10,5,0,300,0.5,1700,0.5,1
10,7,14834,0,0,300,0.5,572,0.32,486,0.18,1
10,8,5242,1,0,666,0.42,420,0.58,1
10,9,2601,2,10,5,0,300,0.5,1700,0.5,1
10,10,8198,2,10,5,0,500,0.6,1000,0.2,1400,0.2,1
10,11,8381,0,0,300,0.5,1700,0.5,1
11,0,217,2,10,5,0,500,0.6,1000,0.2,1400,0.2,1
11,1,547,1,0,666,0.42,420,0.58,1
11,2,11428,1,0,500,0.6,1000,0.2,1400,0.2,1
11,3,10320,2,10,5,0,300,0.5,1700,0.5,1
11,4,14053,1,0,300,0.5,572,0.32,486,0.18,1
11,5,6959,1,0,300,0.5,572,0.32,486,0.18,1
11,6,1645,0,0,300,0.5,572,0.32,486,0.18,1
11,7,5369,0,0,300,0.5,572,0.32,486,0.18,1
11,8,12089,0,0,500,0.6,1000,0.2,1400,0.2,1
11,9,4759,2,10,5,0,300,0.5,1700,0.5,1
11,10,13556,0,0,300,0.5,1700,0.5,1
11,11,1821,0,0,500,0.6,1000,0.2,1400,0.2,1
