0,0,1696,0,0,500,0.6,1000,0.2,1400,0.2,1
0,1,5075,1,0,500,0.6,1000,0.2,1400,0.2,1
0,2,11688,1,0,666,0.42,420,0.58,1
0,3,2287,0,0,500,0.6,1000,0.2,1400,0.2,1
0,4,10318,1,0,666,0.42,420,0.58,1
0,5,14334,1,0,666,0.42,420,0.58,1
0,6,14262,1,0,666,0.42,420,0.58,1
0,7,3208,0,0,666,0.42,420,0.58,1
0,8,14869,0,0,300,0.5,572,0.32,486,0.18,1
0,9,4961,1,0,500,0.6,1000,0.2,1400,0.2,1
0,10,2051,2,10,5,0,666,0.42,420,0.58,1
0,11,7214,2,10,5,0,300,0.5,1700,0.5,1
1,0,2345,1,0,300,0.5,1700,0.5,1
1,1,13099,0,0,300,0.5,1700,0.5,1
1,2,9902,1,0,300,0.5,572,0.32,486,0.18,0
1,3,6441,1,0,666,0.42,420,0.58,1
1,4,8017,1,0,666,0.42,420,0.58,1
1,5,1891,2,10,5,0,300,0.5,572,0.32,486,0.18,1
1,6,2914,2,10,5,0,300,0.5,572,0.32,486,0.18,1
1,7,7482,0,0,300,0.5,1700,0.5,1
1,8,1577,1,0,300,0.5,1700,0.5,1
1,9,11027,1,0,300,0.5,572,0.32,486,0.18,1
1,10,5408,2,10,5,0,666,0.42,420,0.58,1
1,11,132,2,10,5,0,300,0.5,1700,0.5,1
2,0,4696,1,0,500,0.6,1000,0.2,1400,0.2,1
2,1,5933,2,10,5,0,300,0.5,572,0.32,486,0.18,1
2,2,8514,0,0,500,0.6,1000,0.2,1400,0.2,1
2,3,1292,0,0,300,0.5,572,0.32,486,0.18,1
2,4,1692,0,0,500,0.6,1000,0.2,1400,0.2,1
2,5,14822,0,0,500,0.6,1000,0.2,1400,0.2,1
2,6,11351,1,0,300,0.5,572,0.32,486,0.18,1
2,7,11608,0,0,300,0.5,1700,0.5,1
2,8,7563,0,0,500,0.6,1000,0.2,1400,0.2,1
2,9,10697,0,0,666,0.42,420,0.58,1
2,10,1914,1,0,300,0.5,1700,0.5,1
2,11,4655,0,0,500,0.6,1000,0.2,1400,0.2,1
3,0,934,2,10,5,0,300,0.5,572,0.32,486,0.18,1
3,1,712,1,0,300,0.5,572,0.32,486,0.18,1
3,2,13690,2,10,5,0,300,0.5,1700,0.5,1
3,3,7099,1,0,300,0.5,1700,0.5,1
3,4,10569,0,0,300,0.5,1700,0.5,1
3,5,7393,0,0,666,0.42,420,0.58,1
3,6,14823,1,0,500,0.6,1000,0.2,1400,0.2,1
3,7,12001,1,0,300,0.5,1700,0.5,1
3,8,8110,0,0,666,0.42,420,0.58,1
3,9,7666,1,0,300,0.5,572,0.32,486,0.18,1
3,10,8216,1,0,666,0.42,420,0.58,1
3,11,14718,2,10,5,0,300,0.5,572,0.32,486,0.18,1
4,0,10902,0,0,500,0.6,1000,0.2,1400,0.2,1
4,1,7485,2,10,5,0,666,0.42,420,0.58,1
4,2,940,1,0,500,0.6,1000,0.2,1400,0.2,1
4,3,10135,1,0,666,0.42,420,0.58,1
4,4,8807,2,10,5,0,300,0.5,1700,0.5,1
4,5,2896,2,10,5,0,500,0.6,1000,0.2,1400,0.2,1
4,6,5822,1,0,666,0.42,420,0.58,1
4,7,3145,1,0,500,0.6,1000,0.2,1400,0.2,1
4,8,6567,0,0,666,0.42,420,0.58,1
4,9,9642,1,0,500,0.6,1000,0.2,1400,0.2,1
4,10,10170,1,0,500,0.6,1000,0.2,1400,0.2,1
4,11,14605,1,0,500,0.6,1000,0.2,1400,0.2,1
5,0,4164,0,0,300,0.5,1700,0.5,1
5,1,14078,1,0,300,0.5,572,0.32,486,0.18,1
5,2,9508,0,0,300,0.5,572,0.32,486,0.18,1
5,3,886,2,10,5,0,666,0.42,420,0.58,1
5,4,10594,2,10,5,0,300,0.5,1700,0.5,1
5,5,2428,0,0,666,0.42,420,0.58,1
5,6,10206,2,10,5,0,300,0.5,572,0.32,486,0.18,1
5,7,7487,2,10,5,0,300,0.5,1700,0.5,1
5,8,3803,0,0,500,0.6,1000,0.2,1400,0.2,1
5,9,9867,1,0,666,0.42,420,0.58,1
5,10,8214,0,0,300,0.5,1700,0.5,1
5,11,5750,0,0,300,0.5,1700,0.5,1
6,0,9379,2,10,5,0,666,0.42,420,0.58,1
6,1,5705,2,10,5,0,300,0.5,1700,0.5,1
6,2,1215,1,0,666,0.42,420,0.58,1
6,3,3573,0,0,500,0.6,1000,0.2,1400,0.2,1
6,4,9996,0,0,666,0.42,420,0.58,1
6,5,1198,2,10,5,0,300,0.5,1700,0.5,1
6,6,11206,2,10,5,0,300,0.5,572,0.32,486,0.18,1
6,7,1697,0,0,500,0.6,1000,0.2,1400,0.2,1
6,8,8954,1,0,666,0.42,420,0.58,1
6,9,212,2,10,5,0,666,0.42,420,0.58,1
6,10,12218,2,10,5,0,666,0.42,420,0.58,1
6,11,10170,2,10,5,0,500,0.6,1000,0.2,1400,0.2,1
7,0,451,0,0,666,0.42,420,0.58,1
7,1,6208,0,0,300,0.5,1700,0.5,1
7,2,7223,2,10,5,0,300,0.5,1700,0.5,1
7,3,3964,0,0,300,0.5,1700,0.5,1
7,4,13561,0,0,666,0.42,420,0.58,1
7,5,2511,0,0,300,0.5,1700,0.5,1
7,6,7508,2,10,5,0,500,0.6,1000,0.2,1400,0.2,1
7,7,7058,2,10,5,0,300,0.5,1700,0.5,1
7,8,7676,1,0,666,0.42,420,0.58,1
7,9,13475,1,0,500,0.6,1000,0.2,1400,0.2,1
7,10,6896,2,10,5,0,300,0.5,572,0.32,486,0.18,1
7,11,6105,2,10,5,0,500,0.6,1000,0.2,1400,0.2,1
8,0,353,2,10,5,0,666,0.42,420,0.58,1
8,1,5086,1,0,666,0.42,420,0.58,1
8,2,9850,2,10,5,0,300,0.5,1700,0.5,1
8,3,4714,0,0,300,0.5,572,0.32,486,0.18,1
8,4,7102,0,0,300,0.5,1700,0.5,1
8,5,3544,2,10,5,0,300,0.5,1700,0.5,1
8,6,11011,2,10,5,0,666,0.42,420,0.58,1
8,7,12758,0,0,500,0.6,1000,0.2,1400,0.2,1
8,8,12771,1,0,500,0.6,1000,0.2,1400,0.2,1
8,9,3974,2,10,5,0,300,0.5,1700,0.5,1
8,10,14400,1,0,500,0.6,1000,0.2,1400,0.2,1
8,11,12263,2,10,5,0,300,0.5,572,0.32,486,0.18,1
9,0,7876,0,0,300,0.5,572,0.32,486,0.18,1
9,1,10520,0,0,300,0.5,572,0.32,486,0.18,1
9,2,13083,1,0,300,0.5,572,0.32,486,0.18,1
9,3,5592,2,10,5,0,666,0.42,420,0.58,1
9,4,927,2,10,5,0,300,0.5,572,0.32,486,0.18,1
9,5,7776,1,0,300,0.5,1700,0.5,1
9,6,9794,1,0,300,0.5,572,0.32,486,0.18,1
9,7,6706,0,0,500,0.6,1000,0.2,1400,0.2,1
9,8,3626,1,0,300,0.5,572,0.32,486,0.18,1
9,9,13713,1,0,300,0.5,572,0.32,486,0.18,1
9,10,11492,0,0,300,0.5,572,0.32,486,0.18,1
9,11,13890,0,0,666,0.42,420,0.58,1
10,0,9665,0,0,300,0.5,1700,0.5,1
10,1,12024,0,0,300,0.5,1700,0.5,1
10,2,6405,0,0,300,0.5,1700,0.5,1
10,3,5305,0,0,666,0.42,420,0.58,1
10,4,10592,2,10,5,0,300,0.5,572,0.32,486,0.18,1
10,5,12249,1,0,300,0.5,1700,0.5,1
10,6,7556,0,0,300,0.5,1700,0.5,1
10,7,3530,1,0,666,0.42,420,0.58,1
10,8,5059,2,10,5,0,300,0.5,572,0.32,486,0.18,1
10,9,14321,0,0,666,0.42,420,0.58,1
10,10,9252,1,0,666,0.42,420,0.58,1
10,11,6581,1,0,300,0.5,1700,0.5,1
11,0,3700,2,10,5,0,666,0.42,420,0.58,1
11,1,10012,0,0,300,0.5,1700,0.5,1
11,2,8154,2,10,5,0,500,0.6,1000,0.2,1400,0.2,1
11,3,5736,2,10,5,0,300,0.5,572,0.32,486,0.18,1
11,4,9819,0,0,666,0.42,420,0.58,1
11,5,164,0,0,666,0.42,420,0.58,1
11,6,13414,1,0,300,0.5,1700,0.5,1
11,7,3762,2,10,5,0,300,0.5,1700,0.5,1
11,8,4058,0,0,666,0.42,420,0.58,1
11,9,255,0,0,300,0.5,1700,0.5,1
11,10,12050,2,10,5,0,666,0.42,420,0.58,1
11,11,6857,0,0,666,0.42,420,0.58,1
