0,0,1525,1,0,300,0.5,572,0.32,486,0.18,1
0,1,12592,1,0,300,0.5,572,0.32,486,0.18,1
0,2,6636,0,0,500,0.6,1000,0.2,1400,0.2,1
0,3,14103,2,10,5,0,666,0.42,420,0.58,1
0,4,14914,2,10,5,0,300,0.5,1700,0.5,1
0,5,6733,1,0,500,0.6,1000,0.2,1400,0.2,1
0,6,5132,2,10,5,0,300,0.5,572,0.32,486,0.18,1
0,7,4264,0,0,300,0.5,1700,0.5,1
0,8,3220,2,10,5,0,300,0.5,572,0.32,486,0.18,1
0,9,6508,1,0,666,0.42,420,0.58,1
0,10,13548,2,10,5,0,300,0.5,572,0.32,486,0.18,1
0,11,12700,2,10,5,0,300,0.5,572,0.32,486,0.18,1
1,0,7840,0,0,300,0.5,1700,0.5,1
1,1,7428,1,0,300,0.5,1700,0.5,1
1,2,9642,2,10,5,0,666,0.42,420,0.58,0
1,3,12311,0,0,500,0.6,1000,0.2,1400,0.2,1
1,4,6619,2,10,5,0,300,0.5,572,0.32,486,0.18,1
1,5,2508,1,0,300,0.5,1700,0.5,1
1,6,294,0,0,300,0.5,572,0.32,486,0.18,1
1,7,2841,1,0,300,0.5,1700,0.5,1
1,8,14371,2,10,5,0,666,0.42,420,0.58,1
1,9,8231,0,0,666,0.42,420,0.58,1
1,10,9914,2,10,5,0,666,0.42,420,0.58,1
1,11,5890,0,0,300,0.5,572,0.32,486,0.18,1
2,0,2352,2,10,5,0,666,0.42,420,0.58,1
2,1,6781,2,10,5,0,666,0.42,420,0.58,1
2,2,164,0,0,300,0.5,1700,0.5,1
2,3,9603,1,0,500,0.6,1000,0.2,1400,0.2,1
2,4,11494,1,0,666,0.42,420,0.58,1
2,5,6769,0,0,300,0.5,1700,0.5,1
2,6,9654,2,10,5,0,300,0.5,1700,0.5,1
2,7,10117,2,10,5,0,500,0.6,1000,0.2,1400,0.2,1
2,8,10785,2,10,5,0,666,0.42,420,0.58,1
2,9,6487,1,0,300,0.5,1700,0.5,1
2,10,5253,2,10,5,0,300,0.5,1700,0.5,1
2,11,251,2,10,5,0,500,0.6,1000,0.2,1400,0.2,1
3,0,6145,2,10,5,0,300,0.5,1700,0.5,1
3,1,10646,2,10,5,0,300,0.5,1700,0.5,1
3,2,2178,2,10,5,0,300,0.5,572,0.32,486,0.18,1
3,3,7382,0,0,300,0.5,1700,0.5,1
3,4,12436,1,0,500,0.6,1000,0.2,1400,0.2,1
3,5,8337,2,10,5,0,300,0.5,1700,0.5,1
3,6,10609,2,10,5,0,500,0.6,1000,0.2,1400,0.2,1
3,7,3620,0,0,500,0.6,1000,0.2,1400,0.2,1
3,8,8472,2,10,5,0,666,0.42,420,0.58,1
3,9,1191,0,0,300,0.5,572,0.32,486,0.18,1
3,10,5624,1,0,500,0.6,1000,0.2,1400,0.2,1
3,11,10400,2,10,5,0,500,0.6,1000,0.2,1400,0.2,1
4,0,8061,2,10,5,0,300,0.5,572,0.32,486,0.18,1
4,1,811,1,0,300,0.5,572,0.32,486,0.18,1
4,2,14943,1,0,300,0.5,572,0.32,486,0.18,1
4,3,1680,2,10,5,0,300,0.5,1700,0.5,1
4,4,7031,0,0,300,0.5,1700,0.5,1
4,5,7488,0,0,500,0.6,1000,0.2,1400,0.2,1
4,6,14359,1,0,666,0.42,420,0.58,1
4,7,6384,0,0,300,0.5,572,0.32,486,0.18,1
4,8,4512,2,10,5,0,666,0.42,420,0.58,1
4,9,9210,2,10,5,0,500,0.6,1000,0.2,1400,0.2,1
4,10,8929,2,10,5,0,666,0.42,420,0.58,1
4,11,3697,0,0,300,0.5,1700,0.5,1
5,0,10715,0,0,500,0.6,1000,0.2,1400,0.2,1
5,1,6826,2,10,5,0,500,0.6,1000,0.2,1400,0.2,1
5,2,5374,2,10,5,0,300,0.5,1700,0.5,1
5,3,9998,2,10,5,0,300,0.5,1700,0.5,1
5,4,7854,2,10,5,0,300,0.5,1700,0.5,1
5,5,9071,2,10,5,0,300,0.5,572,0.32,486,0.18,1
5,6,8910,1,0,300,0.5,1700,0.5,1
5,7,14076,1,0,300,0.5,1700,0.5,1
5,8,11911,2,10,5,0,500,0.6,1000,0.2,1400,0.2,1
5,9,5233,1,0,300,0.5,1700,0.5,1
5,10,8888,2,10,5,0,300,0.5,572,0.32,486,0.18,1
5,11,6969,0,0,500,0.6,1000,0.2,1400,0.2,1
6,0,6584,2,10,5,0,500,0.6,1000,0.2,1400,0.2,1
6,1,286,1,0,666,0.42,420,0.58,1
6,2,3447,2,10,5,0,500,0.6,1000,0.2,1400,0.2,1
6,3,4379,2,10,5,0,300,0.5,1700,0.5,1
6,4,8873,1,0,300,0.5,572,0.32,486,0.18,1
6,5,5577,2,10,5,0,666,0.42,420,0.58,1
6,6,8916,2,10,5,0,300,0.5,1700,0.5,1
6,7,7056,0,0,500,0.6,1000,0.2,1400,0.2,1
6,8,13392,1,0,666,0.42,420,0.58,1
6,9,3399,1,0,300,0.5,572,0.32,486,0.18,1
6,10,12484,2,10,5,0,300,0.5,1700,0.5,1
6,11,4588,1,0,500,0.6,1000,0.2,1400,0.2,1
7,0,5888,2,10,5,0,666,0.42,420,0.58,1
7,1,630,1,0,500,0.6,1000,0.2,1400,0.2,1
7,2,4371,2,10,5,0,300,0.5,1700,0.5,1
7,3,9873,0,0,666,0.42,420,0.58,1
7,4,11956,1,0,300,0.5,572,0.32,486,0.18,1
7,5,5853,2,10,5,0,666,0.42,420,0.58,1
7,6,10367,0,0,666,0.42,420,0.58,1
7,7,9895,2,10,5,0,300,0.5,1700,0.5,1
7,8,13396,1,0,300,0.5,1700,0.5,1
7,9,8505,1,0,500,0.6,1000,0.2,1400,0.2,1
7,10,6512,2,10,5,0,500,0.6,1000,0.2,1400,0.2,1
7,11,10331,2,10,5,0,666,0.42,420,0.58,1
8,0,13545,0,0,666,0.42,420,0.58,1
8,1,14486,0,0,666,0.42,420,0.58,1
8,2,472,0,0,300,0.5,572,0.32,486,0.18,1
8,3,7788,0,0,300,0.5,1700,0.5,1
8,4,12380,0,0,300,0.5,572,0.32,486,0.18,1
8,5,10567,1,0,500,0.6,1000,0.2,1400,0.2,1
8,6,14857,0,0,300,0.5,1700,0.5,1
8,7,2068,2,10,5,0,300,0.5,1700,0.5,1
8,8,157,1,0,300,0.5,1700,0.5,1
8,9,8024,0,0,300,0.5,1700,0.5,1
8,10,14980,2,10,5,0,666,0.42,420,0.58,1
8,11,3581,2,10,5,0,300,0.5,1700,0.5,1
9,0,10908,1,0,666,0.42,420,0.58,1
9,1,13865,0,0,666,0.42,420,0.58,1
9,2,14251,0,0,666,0.42,420,0.58,1
9,3,12389,1,0,666,0.42,420,0.58,1
9,4,5567,1,0,300,0.5,572,0.32,486,0.18,1
9,5,4297,2,10,5,0,300,0.5,572,0.32,486,0.18,1
9,6,8386,1,0,300,0.5,572,0.32,486,0.18,1
9,7,5733,1,0,500,0.6,1000,0.2,1400,0.2,1
9,8,9170,0,0,666,0.42,420,0.58,1
9,9,6155,2,10,5,0,500,0.6,1000,0.2,1400,0.2,1
9,10,14253,2,10,5,0,500,0.6,1000,0.2,1400,0.2,1
9,11,9687,0,0,666,0.42,420,0.58,1
10,0,14009,0,0,300,0.5,1700,0.5,1
10,1,9420,0,0,300,0.5,1700,0.5,1
10,2,1620,1,0,666,0.42,420,0.58,1
10,3,13443,0,0,666,0.42,420,0.58,1
10,4,8528,2,10,5,0,300,0.5,572,0.32,486,0.18,1
10,5,11621,2,10,5,0,300,0.5,572,0.32,486,0.18,1
10,6,12926,1,0,300,0.5,572,0.32,486,0.18,1
10,7,7090,1,0,300,0.5,1700,0.5,1
10,8,8938,0,0,300,0.5,1700,0.5,1
10,9,14781,0,0,300,0.5,1700,0.5,1
10,10,13114,0,0,300,0.5,572,0.32,486,0.18,1
10,11,5624,1,0,500,0.6,1000,0.2,1400,0.2,1
11,0,715,2,10,5,0,500,0.6,1000,0.2,1400,0.2,1
11,1,9808,0,0,500,0.6,1000,0.2,1400,0.2,1
11,2,7838,2,10,5,0,300,0.5,572,0.32,486,0.18,1
11,3,12681,0,0,500,0.6,1000,0.2,1400,0.2,1
11,4,5492,0,0,500,0.6,1000,0.2,1400,0.2,1
11,5,2275,0,0,300,0.5,1700,0.5,1
11,6,2755,1,0,300,0.5,572,0.32,486,0.18,1
11,7,6865,0,0,666,0.42,420,0.58,1
11,8,10622,2,10,5,0,300,0.5,1700,0.5,1
11,9,10457,2,10,5,0,300,0.5,572,0.32,486,0.18,1
11,10,5739,2,10,5,0,666,0.42,420,0.58,1
11,11,14127,1,0,300,0.5,1700,0.5,1
