0,0,3532,0,0,666,0.42,420,0.58,1
0,1,8602,2,10,5,0,666,0.42,420,0.58,1
0,2,3151,1,0,300,0.5,572,0.32,486,0.18,1
0,3,4477,0,0,300,0.5,572,0.32,486,0.18,1
0,4,14080,2,10,5,0,300,0.5,572,0.32,486,0.18,1
0,5,5972,2,10,5,0,300,0.5,572,0.32,486,0.18,1
0,6,6969,0,0,666,0.42,420,0.58,1
0,7,1681,2,10,5,0,666,0.42,420,0.58,1
0,8,4633,1,0,300,0.5,1700,0.5,1
0,9,4865,0,0,500,0.6,1000,0.2,1400,0.2,1
0,10,7276,2,10,5,0,500,0.6,1000,0.2,1400,0.2,1
0,11,9828,0,0,666,0.42,420,0.58,1
1,0,14988,2,10,5,0,300,0.5,572,0.32,486,0.18,1
1,1,14673,1,0,300,0.5,1700,0.5,1
1,2,8078,0,0,666,0.42,420,0.58,0
1,3,10652,1,0,666,0.42,420,0.58,1
1,4,2080,1,0,666,0.42,420,0.58,1
1,5,3450,0,0,300,0.5,1700,0.5,1
1,6,13266,0,0,300,0.5,572,0.32,486,0.18,1
1,7,13524,0,0,500,0.6,1000,0.2,1400,0.2,1
1,8,6521,0,0,666,0.42,420,0.58,1
1,9,5747,1,0,666,0.42,420,0.58,1
1,10,4253,0,0,300,0.5,572,0.32,486,0.18,1
1,11,11592,0,0,300,0.5,1700,0.5,1
2,0,14330,0,0,666,0.42,420,0.58,1
2,1,8535,0,0,300,0.5,572,0.32,486,0.18,1
2,2,1084,2,10,5,0,300,0.5,1700,0.5,1
2,3,13316,2,10,5,0,666,0.42,420,0.58,1
2,4,4951,1,0,300,0.5,572,0.32,486,0.18,1
2,5,11287,0,0,500,0.6,1000,0.2,1400,0.2,1
2,6,1581,2,10,5,0,500,0.6,1000,0.2,1400,0.2,1
2,7,3932,1,0,666,0.42,420,0.58,1
2,8,8539,2,10,5,0,500,0.6,1000,0.2,1400,0.2,1
2,9,10019,1,0,666,0.42,420,0.58,1
2,10,8837,2,10,5,0,300,0.5,572,0.32,486,0.18,1
2,11,5493,2,10,5,0,666,0.42,420,0.58,1
3,0,13174,1,0,666,0.42,420,0.58,1
3,1,1319,1,0,500,0.6,1000,0.2,1400,0.2,1
3,2,10410,2,10,5,0,300,0.5,1700,0.5,1
3,3,11588,0,0,300,0.5,1700,0.5,1
3,4,3512,0,0,500,0.6,1000,0.2,1400,0.2,1
3,5,3900,0,0,300,0.5,1700,0.5,1
3,6,11816,1,0,500,0.6,1000,0.2,1400,0.2,1
3,7,1026,0,0,500,0.6,1000,0.2,1400,0.2,1
3,8,4507,2,10,5,0,300,0.5,1700,0.5,1
3,9,8276,2,10,5,0,666,0.42,420,0.58,1
3,10,12078,0,0,500,0.6,1000,0.2,1400,0.2,1
3,11,5552,0,0,666,0.42,420,0.58,1
4,0,12600,1,0,666,0.42,420,0.58,1
4,1,9133,2,10,5,0,300,0.5,572,0.32,486,0.18,1
4,2,11721,1,0,300,0.5,1700,0.5,1
4,3,9566,2,10,5,0,300,0.5,1700,0.5,1
4,4,12368,1,0,500,0.6,1000,0.2,1400,0.2,1
4,5,13735,0,0,666,0.42,420,0.58,1
4,6,12947,2,10,5,0,666,0.42,420,0.58,1
4,7,5837,1,0,300,0.5,572,0.32,486,0.18,1
4,8,271,1,0,300,0.5,1700,0.5,1
4,9,14068,1,0,500,0.6,1000,0.2,1400,0.2,1
4,10,8331,1,0,300,0.5,572,0.32,486,0.18,1
4,11,7907,1,0,300,0.5,572,0.32,486,0.18,1
5,0,6087,2,10,5,0,666,0.42,420,0.58,1
5,1,14600,1,0,300,0.5,1700,0.5,1
5,2,7590,2,10,5,0,300,0.5,572,0.32,486,0.18,1
5,3,5563,2,10,5,0,300,0.5,1700,0.5,1
5,4,5544,0,0,300,0.5,572,0.32,486,0.18,1
5,5,440,0,0,300,0.5,1700,0.5,1
5,6,14857,2,10,5,0,300,0.5,1700,0.5,1
5,7,1878,0,0,300,0.5,572,0.32,486,0.18,1
5,8,4582,0,0,300,0.5,572,0.32,486,0.18,1
5,9,7683,0,0,300,0.5,1700,0.5,1
5,10,4768,0,0,500,0.6,1000,0.2,1400,0.2,1
5,11,2487,2,10,5,0,666,0.42,420,0.58,1
6,0,10248,2,10,5,0,500,0.6,1000,0.2,1400,0.2,1
6,1,7944,2,10,5,0,500,0.6,1000,0.2,1400,0.2,1
6,2,6024,1,0,300,0.5,572,0.32,486,0.18,1
6,3,9615,1,0,500,0.6,1000,0.2,1400,0.2,1
6,4,6236,2,10,5,0,500,0.6,1000,0.2,1400,0.2,1
6,5,3685,0,0,300,0.5,1700,0.5,1
6,6,11378,1,0,666,0.42,420,0.58,1
6,7,11937,0,0,666,0.42,420,0.58,1
6,8,14556,2,10,5,0,666,0.42,420,0.58,1
6,9,14166,2,10,5,0,300,0.5,572,0.32,486,0.18,1
6,10,11352,1,0,500,0.6,1000,0.2,1400,0.2,1
6,11,2344,2,10,5,0,500,0.6,1000,0.2,1400,0.2,1
7,0,370,0,0,500,0.6,1000,0.2,1400,0.2,1
7,1,5113,1,0,500,0.6,1000,0.2,1400,0.2,1
7,2,8273,0,0,666,0.42,420,0.58,1
7,3,13862,0,0,300,0.5,572,0.32,486,0.18,1
7,4,8590,0,0,666,0.42,420,0.58,1
7,5,613,2,10,5,0,300,0.5,572,0.32,486,0.18,1
7,6,10900,0,0,300,0.5,1700,0.5,1
7,7,14935,0,0,300,0.5,1700,0.5,1
7,8,13579,1,0,300,0.5,572,0.32,486,0.18,1
7,9,4275,0,0,666,0.42,420,0.58,1
7,10,7738,2,10,5,0,500,0.6,1000,0.2,1400,0.2,1
7,11,4765,1,0,500,0.6,1000,0.2,1400,0.2,1
8,0,7403,2,10,5,0,666,0.42,420,0.58,1
8,1,2526,0,0,500,0.6,1000,0.2,1400,0.2,1
8,2,8952,2,10,5,0,300,0.5,572,0.32,486,0.18,1
8,3,11454,1,0,300,0.5,1700,0.5,1
8,4,3458,2,10,5,0,500,0.6,1000,0.2,1400,0.2,1
8,5,6871,1,0,300,0.5,1700,0.5,1
8,6,10206,0,0,666,0.42,420,0.58,1
8,7,417,2,10,5,0,666,0.42,420,0.58,1
8,8,811,2,10,5,0,500,0.6,1000,0.2,1400,0.2,1
8,9,12562,0,0,300,0.5,1700,0.5,1
8,10,8237,0,0,300,0.5,572,0.32,486,0.18,1
8,11,5013,0,0,500,0.6,1000,0.2,1400,0.2,1
9,0,4209,2,10,5,0,300,0.5,572,0.32,486,0.18,1
9,1,9907,0,0,300,0.5,1700,0.5,1
9,2,493,1,0,300,0.5,572,0.32,486,0.18,1
9,3,9423,1,0,300,0.5,1700,0.5,1
9,4,5142,0,0,300,0.5,1700,0.5,1
9,5,7464,1,0,500,0.6,1000,0.2,1400,0.2,1
9,6,10891,2,10,5,0,500,0.6,1000,0.2,1400,0.2,1
9,7,5758,0,0,300,0.5,1700,0.5,1
9,8,829,2,10,5,0,300,0.5,1700,0.5,1
9,9,13483,1,0,666,0.42,420,0.58,1
9,10,7618,1,0,666,0.42,420,0.58,1
9,11,9157,1,0,500,0.6,1000,0.2,1400,0.2,1
10,0,6562,0,0,300,0.5,1700,0.5,1
10,1,12862,2,10,5,0,666,0.42,420,0.58,1
10,2,4043,2,10,5,0,500,0.6,1000,0.2,1400,0.2,1
10,3,3756,1,0,500,0.6,1000,0.2,1400,0.2,1
10,4,10128,1,0,300,0.5,572,0.32,486,0.18,1
10,5,8423,0,0,666,0.42,420,0.58,1
10,6,14539,0,0,300,0.5,572,0.32,486,0.18,1
10,7,9545,1,0,500,0.6,1000,0.2,1400,0.2,1
10,8,6900,2,10,5,0,300,0.5,1700,0.5,1
10,9,6067,0,0,500,0.6,1000,0.2,1400,0.2,1
10,10,10438,0,0,666,0.42,420,0.58,1
10,11,4082,0,0,300,0.5,1700,0.5,1
11,0,10637,2,10,5,0,500,0.6,1000,0.2,1400,0.2,1
11,1,9552,2,10,5,0,300,0.5,572,0.32,486,0.18,1
11,2,12779,1,0,500,0.6,1000,0.2,1400,0.2,1
11,3,5285,0,0,300,0.5,1700,0.5,1
11,4,12446,0,0,500,0.6,1000,0.2,1400,0.2,1
11,5,7921,0,0,500,0.6,1000,0.2,1400,0.2,1
11,6,13220,0,0,300,0.5,572,0.32,486,0.18,1
11,7,12473,2,10,5,0,300,0.5,1700,0.5,1
11,8,3092,2,10,5,0,300,0.5,572,0.32,486,0.18,1
11,9,6685,1,0,500,0.6,1000,0.2,1400,0.2,1
11,10,7194,1,0,300,0.5,572,0.32,486,0.18,1
11,11,14542,1,0,666,0.42,420,0.58,1
