0,0,2247,2,10,5,0,300,0.5,1700,0.5,1
0,1,6288,0,0,300,0.5,1700,0.5,1
0,2,4178,1,0,666,0.42,420,0.58,1
0,3,7270,2,10,5,0,300,0.5,572,0.32,486,0.18,1
0,4,2573,2,10,5,0,300,0.5,572,0.32,486,0.18,1
0,5,8256,2,10,5,0,300,0.5,1700,0.5,1
0,6,640,0,0,500,0.6,1000,0.2,1400,0.2,1
0,7,4469,2,10,5,0,300,0.5,572,0.32,486,0.18,1
0,8,7890,1,0,300,0.5,1700,0.5,1
0,9,12943,2,10,5,0,300,0.5,1700,0.5,1
0,10,2977,1,0,666,0.42,420,0.58,1
0,11,3182,2,10,5,0,666,0.42,420,0.58,1
1,0,7745,0,0,500,0.6,1000,0.2,1400,0.2,1
1,1,14258,1,0,666,0.42,420,0.58,1
1,2,6922,1,0,300,0.5,1700,0.5,0
1,3,9445,1,0,666,0.42,420,0.58,1
1,4,10842,2,10,5,0,300,0.5,572,0.32,486,0.18,1
1,5,3876,2,10,5,0,300,0.5,572,0.32,486,0.18,1
1,6,5300,2,10,5,0,500,0.6,1000,0.2,1400,0.2,1
1,7,1961,1,0,300,0.5,572,0.32,486,0.18,1
1,8,1683,2,10,5,0,300,0.5,572,0.32,486,0.18,1
1,9,3982,1,0,300,0.5,1700,0.5,1
1,10,13321,2,10,5,0,300,0.5,572,0.32,486,0.18,1
1,11,5396,2,10,5,0,500,0.6,1000,0.2,1400,0.2,1
2,0,3251,0,0,500,0.6,1000,0.2,1400,0.2,1
2,1,6926,2,10,5,0,666,0.42,420,0.58,1
2,2,8600,0,0,300,0.5,1700,0.5,1
2,3,11608,1,0,300,0.5,1700,0.5,1
2,4,14498,0,0,300,0.5,1700,0.5,1
2,5,14659,1,0,500,0.6,1000,0.2,1400,0.2,1
2,6,6293,2,10,5,0,500,0.6,1000,0.2,1400,0.2,1
2,7,9689,1,0,500,0.6,1000,0.2,1400,0.2,1
2,8,4445,1,0,666,0.42,420,0.58,1
2,9,5930,1,0,666,0.42,420,0.58,1
2,10,3345,1,0,300,0.5,572,0.32,486,0.18,1
2,11,7909,2,10,5,0,300,0.5,1700,0.5,1
3,0,14675,0,0,666,0.42,420,0.58,1
3,1,11480,1,0,300,0.5,1700,0.5,1
3,2,7636,2,10,5,0,300,0.5,572,0.32,486,0.18,1
3,3,11170,2,10,5,0,666,0.42,420,0.58,1
3,4,3654,0,0,300,0.5,572,0.32,486,0.18,1
3,5,1935,2,10,5,0,300,0.5,572,0.32,486,0.18,1
3,6,2517,1,0,500,0.6,1000,0.2,1400,0.2,1
3,7,5803,2,10,5,0,666,0.42,420,0.58,1
3,8,11034,0,0,300,0.5,1700,0.5,1
3,9,8188,0,0,300,0.5,572,0.32,486,0.18,1
3,10,10676,2,10,5,0,300,0.5,572,0.32,486,0.18,1
3,11,9386,0,0,666,0.42,420,0.58,1
4,0,7126,1,0,300,0.5,572,0.32,486,0.18,1
4,1,10024,0,0,300,0.5,1700,0.5,1
4,2,12738,1,0,300,0.5,572,0.32,486,0.18,1
4,3,5617,2,10,5,0,666,0.42,420,0.58,1
4,4,5986,2,10,5,0,300,0.5,572,0.32,486,0.18,1
4,5,10247,0,0,500,0.6,1000,0.2,1400,0.2,1
4,6,1981,2,10,5,0,300,0.5,1700,0.5,1
4,7,8617,2,10,5,0,500,0.6,1000,0.2,1400,0.2,1
4,8,13425,0,0,666,0.42,420,0.58,1
4,9,11340,2,10,5,0,300,0.5,572,0.32,486,0.18,1
4,10,11122,0,0,300,0.5,1700,0.5,1
4,11,10301,0,0,300,0.5,572,0.32,486,0.18,1
5,0,8953,1,0,666,0.42,420,0.58,1
5,1,1134,1,0,300,0.5,572,0.32,486,0.18,1
5,2,3986,1,0,500,0.6,1000,0.2,1400,0.2,1
5,3,2459,1,0,300,0.5,1700,0.5,1
5,4,12004,1,0,300,0.5,572,0.32,486,0.18,1
5,5,12744,2,10,5,0,300,0.5,1700,0.5,1
5,6,9505,0,0,300,0.5,1700,0.5,1
5,7,6198,2,10,5,0,300,0.5,572,0.32,486,0.18,1
5,8,11535,2,10,5,0,300,0.5,572,0.32,486,0.18,1
5,9,4032,1,0,300,0.5,1700,0.5,1
5,10,3329,2,10,5,0,300,0.5,572,0.32,486,0.18,1
5,11,3175,0,0,500,0.6,1000,0.2,1400,0.2,1
6,0,13297,2,10,5,0,500,0.6,1000,0.2,1400,0.2,1
6,1,13657,1,0,500,0.6,1000,0.2,1400,0.2,1
6,2,6131,0,0,300,0.5,1700,0.5,1
6,3,6604,1,0,300,0.5,1700,0.5,1
6,4,8012,0,0,500,0.6,1000,0.2,1400,0.2,1
6,5,11264,0,0,666,0.42,420,0.58,1
6,6,3769,1,0,666,0.42,420,0.58,1
6,7,11418,1,0,300,0.5,572,0.32,486,0.18,1
6,8,14685,1,0,500,0.6,1000,0.2,1400,0.2,1
6,9,11275,1,0,666,0.42,420,0.58,1
6,10,8224,0,0,300,0.5,1700,0.5,1
6,11,12632,2,10,5,0,300,0.5,572,0.32,486,0.18,1
7,0,7723,1,0,300,0.5,572,0.32,486,0.18,1
7,1,3923,2,10,5,0,666,0.42,420,0.58,1
7,2,6325,2,10,5,0,300,0.5,1700,0.5,1
7,3,12721,2,10,5,0,300,0.5,572,0.32,486,0.18,1
7,4,7385,1,0,300,0.5,1700,0.5,1
7,5,2507,2,10,5,0,500,0.6,1000,0.2,1400,0.2,1
7,6,4539,0,0,666,0.42,420,0.58,1
7,7,7092,2,10,5,0,300,0.5,1700,0.5,1
7,8,2174,2,10,5,0,666,0.42,420,0.58,1
7,9,9753,0,0,666,0.42,420,0.58,1
7,10,5111,1,0,300,0.5,572,0.32,486,0.18,1
7,11,7446,1,0,666,0.42,420,0.58,1
8,0,1787,1,0,500,0.6,1000,0.2,1400,0.2,1
8,1,6551,0,0,500,0.6,1000,0.2,1400,0.2,1
8,2,11545,2,10,5,0,666,0.42,420,0.58,1
8,3,1711,0,0,300,0.5,572,0.32,486,0.18,1
8,4,1960,1,0,300,0.5,1700,0.5,1
8,5,8509,0,0,666,0.42,420,0.58,1
8,6,3151,2,10,5,0,300,0.5,572,0.32,486,0.18,1
8,7,11768,2,10,5,0,300,0.5,572,0.32,486,0.18,1
8,8,5101,2,10,5,0,300,0.5,572,0.32,486,0.18,1
8,9,6680,1,0,500,0.6,1000,0.2,1400,0.2,1
8,10,14312,0,0,666,0.42,420,0.58,1
8,11,13851,0,0,300,0.5,572,0.32,486,0.18,1
9,0,3955,1,0,300,0.5,1700,0.5,1
9,1,5090,0,0,666,0.42,420,0.58,1
9,2,5745,2,10,5,0,300,0.5,572,0.32,486,0.18,1
9,3,12776,1,0,300,0.5,572,0.32,486,0.18,1
9,4,10110,0,0,500,0.6,1000,0.2,1400,0.2,1
9,5,1539,1,0,300,0.5,1700,0.5,1
9,6,5148,0,0,300,0.5,1700,0.5,1
9,7,7219,2,10,5,0,300,0.5,572,0.32,486,0.18,1
9,8,8349,0,0,300,0.5,1700,0.5,1
9,9,6198,2,10,5,0,300,0.5,1700,0.5,1
9,10,6988,0,0,300,0.5,1700,0.5,1
9,11,12751,2,10,5,0,300,0.5,572,0.32,486,0.18,1
10,0,7077,1,0,666,0.42,420,0.58,1
10,1,1272,2,10,5,0,666,0.42,420,0.58,1
10,2,5813,1,0,300,0.5,1700,0.5,1
10,3,12918,2,10,5,0,300,0.5,1700,0.5,1
10,4,12954,0,0,300,0.5,572,0.32,486,0.18,1
10,5,13158,0,0,666,0.42,420,0.58,1
10,6,2170,0,0,500,0.6,1000,0.2,1400,0.2,1
10,7,12808,0,0,300,0.5,1700,0.5,1
10,8,3514,0,0,500,0.6,1000,0.2,1400,0.2,1
10,9,11398,2,10,5,0,300,0.5,572,0.32,486,0.18,1
10,10,6990,1,0,500,0.6,1000,0.2,1400,0.2,1
10,11,10117,1,0,500,0.6,1000,0.2,1400,0.2,1
11,0,6396,0,0,666,0.42,420,0.58,1
11,1,13481,2,10,5,0,300,0.5,572,0.32,486,0.18,1
11,2,3701,2,10,5,0,666,0.42,420,0.58,1
11,3,9001,0,0,666,0.42,420,0.58,1
11,4,5141,2,10,5,0,300,0.5,1700,0.5,1
11,5,5104,0,0,300,0.5,572,0.32,486,0.18,1
11,6,7739,1,0,500,0.6,1000,0.2,1400,0.2,1
11,7,10325,1,0,666,0.42,420,0.58,1
11,8,11440,2,10,5,0,666,0.42,420,0.58,1
11,9,6129,0,0,300,0.5,1700,0.5,1
11,10,7198,0,0,666,0.42,420,0.58,1
11,11,14935,0,0,666,0.42,420,0.58,1
