0,0,4834,0,0,300,0.5,572,0.32,486,0.18,1
0,1,7907,0,0,666,0.42,420,0.58,1
0,2,13852,2,10,5,0,300,0.5,572,0.32,486,0.18,1
0,3,10344,1,0,666,0.42,420,0.58,1
0,4,4523,0,0,500,0.6,1000,0.2,1400,0.2,1
0,5,2974,0,0,500,0.6,1000,0.2,1400,0.2,1
0,6,1426,1,0,500,0.6,1000,0.2,1400,0.2,1
0,7,1347,2,10,5,0,666,0.42,420,0.58,1
0,8,14943,0,0,500,0.6,1000,0.2,1400,0.2,1
0,9,12151,0,0,666,0.42,420,0.58,1
0,10,9926,1,0,500,0.6,1000,0.2,1400,0.2,1
0,11,6737,0,0,300,0.5,1700,0.5,1
1,0,7378,1,0,300,0.5,572,0.32,486,0.18,1
1,1,653,2,10,5,0,300,0.5,1700,0.5,1
1,2,9612,0,0,500,0.6,1000,0.2,1400,0.2,0
1,3,4637,0,0,666,0.42,420,0.58,1
1,4,14447,0,0,666,0.42,420,0.58,1
1,5,3524,2,10,5,0,300,0.5,572,0.32,486,0.18,1
1,6,10475,0,0,666,0.42,420,0.58,1
1,7,11426,2,10,5,0,300,0.5,572,0.32,486,0.18,1
1,8,10013,0,0,500,0.6,1000,0.2,1400,0.2,1
1,9,3133,0,0,500,0.6,1000,0.2,1400,0.2,1
1,10,3723,0,0,300,0.5,572,0.32,486,0.18,1
1,11,13589,1,0,666,0.42,420,0.58,1
2,0,1162,1,0,500,0.6,1000,0.2,1400,0.2,1
2,1,11154,0,0,666,0.42,420,0.58,1
2,2,2307,1,0,500,0.6,1000,0.2,1400,0.2,1
2,3,8621,2,10,5,0,300,0.5,572,0.32,486,0.18,1
2,4,9643,2,10,5,0,500,0.6,1000,0.2,1400,0.2,1
2,5,1231,1,0,300,0.5,1700,0.5,1
2,6,13438,1,0,300,0.5,1700,0.5,1
2,7,2949,1,0,666,0.42,420,0.58,1
2,8,7731,2,10,5,0,500,0.6,1000,0.2,1400,0.2,1
2,9,12069,1,0,300,0.5,1700,0.5,1
2,10,4361,1,0,300,0.5,1700,0.5,1
2,11,2543,0,0,500,0.6,1000,0.2,1400,0.2,1
3,0,8165,2,10,5,0,300,0.5,1700,0.5,1
3,1,100,0,0,666,0.42,420,0.58,1
3,2,11729,1,0,300,0.5,1700,0.5,1
3,3,14104,1,0,666,0.42,420,0.58,1
3,4,13904,0,0,300,0.5,1700,0.5,1
3,5,13206,0,0,500,0.6,1000,0.2,1400,0.2,1
3,6,14356,2,10,5,0,666,0.42,420,0.58,1
3,7,11528,0,0,300,0.5,1700,0.5,1
3,8,7220,2,10,5,0,666,0.42,420,0.58,1
3,9,11648,2,10,5,0,300,0.5,1700,0.5,1
3,10,11915,2,10,5,0,300,0.5,1700,0.5,1
3,11,3026,0,0,300,0.5,1700,0.5,1
4,0,2499,1,0,500,0.6,1000,0.2,1400,0.2,1
4,1,12324,0,0,666,0.42,420,0.58,1
4,2,2717,2,10,5,0,300,0.5,1700,0.5,1
4,3,1543,2,10,5,0,666,0.42,420,0.58,1
4,4,3086,2,10,5,0,300,0.5,572,0.32,486,0.18,1
4,5,7118,2,10,5,0,300,0.5,1700,0.5,1
4,6,1574,1,0,500,0.6,1000,0.2,1400,0.2,1
4,7,14014,0,0,300,0.5,1700,0.5,1
4,8,10957,1,0,666,0.42,420,0.58,1
4,9,11054,0,0,666,0.42,420,0.58,1
4,10,6953,2,10,5,0,666,0.42,420,0.58,1
4,11,5494,2,10,5,0,300,0.5,1700,0.5,1
5,0,6203,1,0,300,0.5,1700,0.5,1
5,1,1996,0,0,666,0.42,420,0.58,1
5,2,3609,2,10,5,0,300,0.5,572,0.32,486,0.18,1
5,3,12225,2,10,5,0,500,0.6,1000,0.2,1400,0.2,1
5,4,4806,2,10,5,0,500,0.6,1000,0.2,1400,0.2,1
5,5,7061,1,0,666,0.42,420,0.58,1
5,6,7322,2,10,5,0,666,0.42,420,0.58,1
5,7,4832,1,0,666,0.42,420,0.58,1
5,8,5419,1,0,500,0.6,1000,0.2,1400,0.2,1
5,9,3678,1,0,500,0.6,1000,0.2,1400,0.2,1
5,10,3245,0,0,300,0.5,572,0.32,486,0.18,1
5,11,4867,0,0,666,0.42,420,0.58,1
6,0,9376,0,0,500,0.6,1000,0.2,1400,0.2,1
6,1,46,1,0,500,0.6,1000,0.2,1400,0.2,1
6,2,9033,1,0,500,0.6,1000,0.2,1400,0.2,1
6,3,1075,1,0,300,0.5,572,0.32,486,0.18,1
6,4,13139,2,10,5,0,666,0.42,420,0.58,1
6,5,3172,2,10,5,0,500,0.6,1000,0.2,1400,0.2,1
6,6,9898,1,0,500,0.6,1000,0.2,1400,0.2,1
6,7,11031,2,10,5,0,300,0.5,1700,0.5,1
6,8,6121,0,0,300,0.5,572,0.32,486,0.18,1
6,9,13864,2,10,5,0,300,0.5,572,0.32,486,0.18,1
6,10,9397,0,0,500,0.6,1000,0.2,1400,0.2,1
6,11,14676,2,10,5,0,300,0.5,572,0.32,486,0.18,1
7,0,5534,2,10,5,0,666,0.42,420,0.58,1
7,1,6351,2,10,5,0,500,0.6,1000,0.2,1400,0.2,1
7,2,7905,1,0,500,0.6,1000,0.2,1400,0.2,1
7,3,6589,2,10,5,0,500,0.6,1000,0.2,1400,0.2,1
7,4,12126,1,0,300,0.5,572,0.32,486,0.18,1
7,5,14454,1,0,666,0.42,420,0.58,1
7,6,11224,0,0,300,0.5,572,0.32,486,0.18,1
7,7,9109,0,0,300,0.5,1700,0.5,1
7,8,13650,0,0,500,0.6,1000,0.2,1400,0.2,1
7,9,437,2,10,5,0,666,0.42,420,0.58,1
7,10,4584,2,10,5,0,666,0.42,420,0.58,1
7,11,14358,2,10,5,0,500,0.6,1000,0.2,1400,0.2,1
8,0,9956,1,0,300,0.5,572,0.32,486,0.18,1
8,1,2002,0,0,300,0.5,572,0.32,486,0.18,1
8,2,4360,1,0,300,0.5,572,0.32,486,0.18,1
8,3,280,1,0,500,0.6,1000,0.2,1400,0.2,1
8,4,245,1,0,300,0.5,572,0.32,486,0.18,1
8,5,8283,0,0,500,0.6,1000,0.2,1400,0.2,1
8,6,6151,0,0,500,0.6,1000,0.2,1400,0.2,1
8,7,13838,1,0,500,0.6,1000,0.2,1400,0.2,1
8,8,1327,2,10,5,0,300,0.5,572,0.32,486,0.18,1
8,9,3136,0,0,300,0.5,572,0.32,486,0.18,1
8,10,7839,2,10,5,0,666,0.42,420,0.58,1
8,11,4595,0,0,666,0.42,420,0.58,1
9,0,13164,2,10,5,0,300,0.5,572,0.32,486,0.18,1
9,1,9968,0,0,300,0.5,572,0.32,486,0.18,1
9,2,11770,1,0,500,0.6,1000,0.2,1400,0.2,1
9,3,6510,0,0,500,0.6,1000,0.2,1400,0.2,1
9,4,12261,1,0,300,0.5,1700,0.5,1
9,5,3558,1,0,300,0.5,572,0.32,486,0.18,1
9,6,6259,0,0,666,0.42,420,0.58,1
9,7,9848,1,0,500,0.6,1000,0.2,1400,0.2,1
9,8,8786,1,0,500,0.6,1000,0.2,1400,0.2,1
9,9,4593,0,0,500,0.6,1000,0.2,1400,0.2,1
9,10,10817,0,0,300,0.5,1700,0.5,1
9,11,3030,0,0,300,0.5,1700,0.5,1
10,0,13679,2,10,5,0,500,0.6,1000,0.2,1400,0.2,1
10,1,1097,0,0,300,0.5,572,0.32,486,0.18,1
10,2,7602,2,10,5,0,300,0.5,572,0.32,486,0.18,1
10,3,11583,2,10,5,0,300,0.5,572,0.32,486,0.18,1
10,4,13654,2,10,5,0,500,0.6,1000,0.2,1400,0.2,1
10,5,2409,1,0,300,0.5,572,0.32,486,0.18,1
10,6,5142,1,0,300,0.5,572,0.32,486,0.18,1
10,7,5170,1,0,300,0.5,572,0.32,486,0.18,1
10,8,12092,0,0,300,0.5,572,0.32,486,0.18,1
10,9,199,1,0,500,0.6,1000,0.2,1400,0.2,1
10,10,8566,2,10,5,0,300,0.5,1700,0.5,1
10,11,7100,0,0,666,0.42,420,0.58,1
11,0,11424,0,0,666,0.42,420,0.58,1
11,1,3618,2,10,5,0,300,0.5,1700,0.5,1
11,2,8121,1,0,500,0.6,1000,0.2,1400,0.2,1
11,3,336,2,10,5,0,500,0.6,1000,0.2,1400,0.2,1
11,4,10368,0,0,300,0.5,572,0.32,486,0.18,1
11,5,14047,1,0,666,0.42,420,0.58,1
11,6,7084,2,10,5,0,300,0.5,572,0.32,486,0.18,1
11,7,4230,1,0,666,0.42,420,0.58,1
11,8,11281,1,0,300,0.5,572,0.32,486,0.18,1
11,9,7910,1,0,300,0.5,572,0.32,486,0.18,1
11,10,6291,2,10,5,0,300,0.5,572,0.32,486,0.18,1
11,11,12662,2,10,5,0,666,0.42,420,0.58,1
