0,0,10070,1,0,666,0.42,420,0.58,1
0,1,13750,0,0,500,0.6,1000,0.2,1400,0.2,1
0,2,3391,2,10,5,0,300,0.5,1700,0.5,1
0,3,7945,0,0,300,0.5,1700,0.5,1
0,4,9080,1,0,300,0.5,1700,0.5,1
0,5,7553,0,0,500,0.6,1000,0.2,1400,0.2,1
0,6,9682,2,10,5,0,666,0.42,420,0.58,1
0,7,13090,1,0,500,0.6,1000,0.2,1400,0.2,1
0,8,3562,2,10,5,0,300,0.5,572,0.32,486,0.18,1
0,9,10689,0,0,666,0.42,420,0.58,1
0,10,147,2,10,5,0,666,0.42,420,0.58,1
0,11,3597,1,0,300,0.5,572,0.32,486,0.18,1
1,0,10816,2,10,5,0,300,0.5,1700,0.5,1
1,1,13402,0,0,666,0.42,420,0.58,1
1,2,3394,1,0,500,0.6,1000,0.2,1400,0.2,0
1,3,7290,1,0,666,0.42,420,0.58,1
1,4,4750,2,10,5,0,300,0.5,1700,0.5,1
1,5,12709,0,0,300,0.5,572,0.32,486,0.18,1
1,6,12937,1,0,500,0.6,1000,0.2,1400,0.2,1
1,7,7518,2,10,5,0,666,0.42,420,0.58,1
1,8,1942,2,10,5,0,300,0.5,1700,0.5,1
1,9,5477,1,0,300,0.5,572,0.32,486,0.18,1
1,10,5481,2,10,5,0,500,0.6,1000,0.2,1400,0.2,1
1,11,3995,2,10,5,0,300,0.5,572,0.32,486,0.18,1
2,0,5510,1,0,500,0.6,1000,0.2,1400,0.2,1
2,1,2871,2,10,5,0,300,0.5,1700,0.5,1
2,2,1517,1,0,666,0.42,420,0.58,1
2,3,11638,2,10,5,0,666,0.42,420,0.58,1
2,4,8824,0,0,300,0.5,572,0.32,486,0.18,1
2,5,10307,0,0,666,0.42,420,0.58,1
2,6,7950,2,10,5,0,300,0.5,572,0.32,486,0.18,1
2,7,640,1,0,666,0.42,420,0.58,1
2,8,11770,2,10,5,0,300,0.5,1700,0.5,1
2,9,3825,1,0,300,0.5,1700,0.5,1
2,10,4781,0,0,300,0.5,1700,0.5,1
2,11,5040,0,0,300,0.5,1700,0.5,1
3,0,4830,0,0,666,0.42,420,0.58,1
3,1,3629,1,0,300,0.5,572,0.32,486,0.18,1
3,2,1253,1,0,300,0.5,572,0.32,486,0.18,1
3,3,5992,1,0,300,0.5,572,0.32,486,0.18,1
3,4,357,1,0,666,0.42,420,0.58,1
3,5,3566,0,0,500,0.6,1000,0.2,1400,0.2,1
3,6,3912,2,10,5,0,500,0.6,1000,0.2,1400,0.2,1
3,7,11969,1,0,500,0.6,1000,0.2,1400,0.2,1
3,8,9044,0,0,300,0.5,572,0.32,486,0.18,1
3,9,10036,0,0,666,0.42,420,0.58,1
3,10,5048,0,0,300,0.5,572,0.32,486,0.18,1
3,11,14549,1,0,666,0.42,420,0.58,1
4,0,12669,2,10,5,0,300,0.5,1700,0.5,1
4,1,7514,2,10,5,0,300,0.5,572,0.32,486,0.18,1
4,2,9069,2,10,5,0,666,0.42,420,0.58,1
4,3,4040,0,0,300,0.5,1700,0.5,1
4,4,7159,0,0,300,0.5,572,0.32,486,0.18,1
4,5,14719,1,0,500,0.6,1000,0.2,1400,0.2,1
4,6,13888,1,0,300,0.5,1700,0.5,1
4,7,1429,1,0,500,0.6,1000,0.2,1400,0.2,1
4,8,13322,0,0,300,0.5,572,0.32,486,0.18,1
4,9,7110,1,0,500,0.6,1000,0.2,1400,0.2,1
4,10,7636,2,10,5,0,666,0.42,420,0.58,1
4,11,4803,2,10,5,0,300,0.5,572,0.32,486,0.18,1
5,0,10327,0,0,500,0.6,1000,0.2,1400,0.2,1
5,1,1327,1,0,666,0.42,420,0.58,1
5,2,4179,0,0,666,0.42,420,0.58,1
5,3,8751,1,0,300,0.5,1700,0.5,1
5,4,997,2,10,5,0,300,0.5,1700,0.5,1
5,5,11356,1,0,300,0.5,572,0.32,486,0.18,1
5,6,8775,2,10,5,0,300,0.5,1700,0.5,1
5,7,338,2,10,5,0,300,0.5,572,0.32,486,0.18,1
5,8,9989,2,10,5,0,666,0.42,420,0.58,1
5,9,2893,0,0,300,0.5,1700,0.5,1
5,10,12227,2,10,5,0,300,0.5,572,0.32,486,0.18,1
5,11,1083,1,0,300,0.5,572,0.32,486,0.18,1
6,0,7375,1,0,300,0.5,572,0.32,486,0.18,1
6,1,6419,1,0,300,0.5,572,0.32,486,0.18,1
6,2,8397,2,10,5,0,300,0.5,572,0.32,486,0.18,1
6,3,6955,0,0,500,0.6,1000,0.2,1400,0.2,1
6,4,6317,0,0,500,0.6,1000,0.2,1400,0.2,1
6,5,4199,1,0,666,0.42,420,0.58,1
6,6,12892,0,0,300,0.5,1700,0.5,1
6,7,2501,0,0,666,0.42,420,0.58,1
6,8,59,0,0,666,0.42,420,0.58,1
6,9,8995,1,0,500,0.6,1000,0.2,1400,0.2,1
6,10,1152,0,0,300,0.5,572,0.32,486,0.18,1
6,11,9856,0,0,300,0.5,572,0.32,486,0.18,1
7,0,6946,0,0,666,0.42,420,0.58,1
7,1,7878,0,0,500,0.6,1000,0.2,1400,0.2,1
7,2,5137,1,0,300,0.5,572,0.32,486,0.18,1
7,3,10331,2,10,5,0,500,0.6,1000,0.2,1400,0.2,1
7,4,13169,2,10,5,0,666,0.42,420,0.58,1
7,5,5703,2,10,5,0,500,0.6,1000,0.2,1400,0.2,1
7,6,10544,2,10,5,0,300,0.5,1700,0.5,1
7,7,11018,0,0,300,0.5,1700,0.5,1
7,8,14186,0,0,300,0.5,572,0.32,486,0.18,1
7,9,3774,2,10,5,0,500,0.6,1000,0.2,1400,0.2,1
7,10,1937,0,0,300,0.5,572,0.32,486,0.18,1
7,11,13340,2,10,5,0,666,0.42,420,0.58,1
8,0,12882,0,0,300,0.5,1700,0.5,1
8,1,14370,2,10,5,0,300,0.5,572,0.32,486,0.18,1
8,2,3276,2,10,5,0,300,0.5,1700,0.5,1
8,3,14815,2,10,5,0,300,0.5,1700,0.5,1
8,4,10107,1,0,300,0.5,572,0.32,486,0.18,1
8,5,13419,1,0,666,0.42,420,0.58,1
8,6,4707,1,0,300,0.5,1700,0.5,1
8,7,9009,1,0,500,0.6,1000,0.2,1400,0.2,1
8,8,7339,2,10,5,0,300,0.5,572,0.32,486,0.18,1
8,9,14869,0,0,300,0.5,572,0.32,486,0.18,1
8,10,13484,0,0,666,0.42,420,0.58,1
8,11,4418,1,0,666,0.42,420,0.58,1
9,0,3553,2,10,5,0,666,0.42,420,0.58,1
9,1,376,2,10,5,0,666,0.42,420,0.58,1
9,2,3510,0,0,666,0.42,420,0.58,1
9,3,10968,0,0,300,0.5,572,0.32,486,0.18,1
9,4,11485,1,0,300,0.5,572,0.32,486,0.18,1
9,5,5754,0,0,300,0.5,572,0.32,486,0.18,1
9,6,554,1,0,666,0.42,420,0.58,1
9,7,9518,1,0,666,0.42,420,0.58,1
9,8,13965,0,0,300,0.5,1700,0.5,1
9,9,14836,0,0,300,0.5,1700,0.5,1
9,10,2538,2,10,5,0,300,0.5,1700,0.5,1
9,11,12930,2,10,5,0,300,0.5,1700,0.5,1
10,0,13408,2,10,5,0,300,0.5,1700,0.5,1
10,1,5503,0,0,300,0.5,1700,0.5,1
10,2,2322,2,10,5,0,666,0.42,420,0.58,1
10,3,10487,0,0,300,0.5,572,0.32,486,0.18,1
10,4,2666,2,10,5,0,300,0.5,572,0.32,486,0.18,1
10,5,9837,0,0,300,0.5,572,0.32,486,0.18,1
10,6,10119,1,0,666,0.42,420,0.58,1
10,7,4909,0,0,666,0.42,420,0.58,1
10,8,1941,0,0,666,0.42,420,0.58,1
10,9,227,1,0,300,0.5,572,0.32,486,0.18,1
10,10,8026,0,0,500,0.6,1000,0.2,1400,0.2,1
10,11,1270,1,0,300,0.5,572,0.32,486,0.18,1
11,0,11537,1,0,300,0.5,1700,0.5,1
11,1,13385,1,0,666,0.42,420,0.58,1
11,2,3690,2,10,5,0,300,0.5,572,0.32,486,0.18,1
11,3,9908,2,10,5,0,300,0.5,1700,0.5,1
11,4,4746,1,0,300,0.5,572,0.32,486,0.18,1
11,5,7186,2,10,5,0,300,0.5,1700,0.5,1
11,6,7516,0,0,300,0.5,1700,0.5,1
11,7,9662,2,10,5,0,500,0.6,1000,0.2,1400,0.2,1
11,8,2271,1,0,666,0.42,420,0.58,1
11,9,7663,1,0,300,0.5,1700,0.5,1
11,10,6250,0,0,300,0.5,1700,0.5,1
11,11,316,1,0,666,0.42,420,0.58,1
