0,0,10520,0,0,300,0.5,572,0.32,486,0.18,1
0,1,12832,2,10,5,0,666,0.42,420,0.58,1
0,2,67,0,0,300,0.5,1700,0.5,1
0,3,11222,1,0,300,0.5,572,0.32,486,0.18,1
0,4,12175,2,10,5,0,500,0.6,1000,0.2,1400,0.2,1
0,5,2815,0,0,300,0.5,1700,0.5,1
0,6,13879,2,10,5,0,666,0.42,420,0.58,1
0,7,13432,2,10,5,0,300,0.5,572,0.32,486,0.18,1
0,8,11030,1,0,666,0.42,420,0.58,1
0,9,10388,0,0,500,0.6,1000,0.2,1400,0.2,1
0,10,7515,1,0,300,0.5,572,0.32,486,0.18,1
0,11,5075,2,10,5,0,300,0.5,572,0.32,486,0.18,1
1,0,13811,0,0,300,0.5,572,0.32,486,0.18,1
1,1,8662,2,10,5,0,300,0.5,1700,0.5,1
1,2,2353,2,10,5,0,500,0.6,1000,0.2,1400,0.2,0
1,3,9962,2,10,5,0,500,0.6,1000,0.2,1400,0.2,1
1,4,570,0,0,300,0.5,572,0.32,486,0.18,1
1,5,1212,0,0,300,0.5,572,0.32,486,0.18,1
1,6,9460,2,10,5,0,300,0.5,1700,0.5,1
1,7,9057,2,10,5,0,300,0.5,1700,0.5,1
1,8,4109,0,0,666,0.42,420,0.58,1
1,9,179,0,0,500,0.6,1000,0.2,1400,0.2,1
1,10,580,1,0,300,0.5,1700,0.5,1
1,11,9411,1,0,500,0.6,1000,0.2,1400,0.2,1
2,0,11947,2,10,5,0,300,0.5,572,0.32,486,0.18,1
2,1,3121,2,10,5,0,666,0.42,420,0.58,1
2,2,4068,0,0,300,0.5,572,0.32,486,0.18,1
2,3,6321,1,0,666,0.42,420,0.58,1
2,4,7201,1,0,300,0.5,572,0.32,486,0.18,1
2,5,11949,0,0,300,0.5,1700,0.5,1
2,6,8179,1,0,500,0.6,1000,0.2,1400,0.2,1
2,7,5213,2,10,5,0,666,0.42,420,0.58,1
2,8,11969,0,0,300,0.5,1700,0.5,1
2,9,13222,2,10,5,0,300,0.5,572,0.32,486,0.18,1
2,10,4077,2,10,5,0,666,0.42,420,0.58,1
2,11,2060,1,0,500,0.6,1000,0.2,1400,0.2,1
3,0,9137,2,10,5,0,300,0.5,1700,0.5,1
3,1,4139,1,0,500,0.6,1000,0.2,1400,0.2,1
3,2,7376,0,0,666,0.42,420,0.58,1
3,3,10145,2,10,5,0,300,0.5,572,0.32,486,0.18,1
3,4,1239,2,10,5,0,300,0.5,572,0.32,486,0.18,1
3,5,4390,2,10,5,0,300,0.5,572,0.32,486,0.18,1
3,6,6728,1,0,300,0.5,1700,0.5,1
3,7,7089,1,0,300,0.5,1700,0.5,1
3,8,11179,0,0,300,0.5,1700,0.5,1
3,9,13886,2,10,5,0,300,0.5,572,0.32,486,0.18,1
3,10,4530,0,0,666,0.42,420,0.58,1
3,11,6057,0,0,300,0.5,1700,0.5,1
4,0,11069,2,10,5,0,666,0.42,420,0.58,1
4,1,10298,0,0,300,0.5,572,0.32,486,0.18,1
4,2,6918,1,0,500,0.6,1000,0.2,1400,0.2,1
4,3,303,2,10,5,0,500,0.6,1000,0.2,1400,0.2,1
4,4,1204,1,0,500,0.6,1000,0.2,1400,0.2,1
4,5,4514,0,0,300,0.5,1700,0.5,1
4,6,587,2,10,5,0,666,0.42,420,0.58,1
4,7,144,2,10,5,0,300,0.5,1700,0.5,1
4,8,82,2,10,5,0,500,0.6,1000,0.2,1400,0.2,1
4,9,8840,0,0,300,0.5,572,0.32,486,0.18,1
4,10,1252,1,0,300,0.5,1700,0.5,1
4,11,504,1,0,300,0.5,572,0.32,486,0.18,1
5,0,8260,0,0,300,0.5,572,0.32,486,0.18,1
5,1,9802,0,0,300,0.5,572,0.32,486,0.18,1
5,2,10385,2,10,5,0,500,0.6,1000,0.2,1400,0.2,1
5,3,3608,2,10,5,0,300,0.5,1700,0.5,1
5,4,2798,1,0,666,0.42,420,0.58,1
5,5,3339,2,10,5,0,666,0.42,420,0.58,1
5,6,7659,1,0,300,0.5,1700,0.5,1
5,7,1053,0,0,300,0.5,572,0.32,486,0.18,1
5,8,11785,1,0,500,0.6,1000,0.2,1400,0.2,1
5,9,7806,2,10,5,0,300,0.5,572,0.32,486,0.18,1
5,10,8376,2,10,5,0,666,0.42,420,0.58,1
5,11,10508,0,0,300,0.5,572,0.32,486,0.18,1
6,0,11341,2,10,5,0,500,0.6,1000,0.2,1400,0.2,1
6,1,5142,1,0,500,0.6,1000,0.2,1400,0.2,1
6,2,7867,1,0,500,0.6,1000,0.2,1400,0.2,1
6,3,1347,1,0,300,0.5,572,0.32,486,0.18,1
6,4,10644,2,10,5,0,500,0.6,1000,0.2,1400,0.2,1
6,5,13626,1,0,666,0.42,420,0.58,1
6,6,14336,0,0,300,0.5,1700,0.5,1
6,7,7144,0,0,300,0.5,1700,0.5,1
6,8,10282,2,10,5,0,500,0.6,1000,0.2,1400,0.2,1
6,9,4889,2,10,5,0,500,0.6,1000,0.2,1400,0.2,1
6,10,10373,2,10,5,0,300,0.5,1700,0.5,1
6,11,1780,1,0,500,0.6,1000,0.2,1400,0.2,1
7,0,11236,2,10,5,0,300,0.5,572,0.32,486,0.18,1
7,1,9767,2,10,5,0,300,0.5,1700,0.5,1
7,2,11779,2,10,5,0,300,0.5,572,0.32,486,0.18,1
7,3,4262,2,10,5,0,300,0.5,572,0.32,486,0.18,1
7,4,14877,2,10,5,0,300,0.5,1700,0.5,1
7,5,7605,1,0,666,0.42,420,0.58,1
7,6,8887,2,10,5,0,500,0.6,1000,0.2,1400,0.2,1
7,7,4547,1,0,300,0.5,1700,0.5,1
7,8,5278,2,10,5,0,300,0.5,1700,0.5,1
7,9,13767,2,10,5,0,666,0.42,420,0.58,1
7,10,12344,1,0,300,0.5,1700,0.5,1
7,11,5968,2,10,5,0,300,0.5,1700,0.5,1
8,0,6824,0,0,666,0.42,420,0.58,1
8,1,2199,2,10,5,0,666,0.42,420,0.58,1
8,2,2221,0,0,500,0.6,1000,0.2,1400,0.2,1
8,3,12892,1,0,300,0.5,1700,0.5,1
8,4,5666,1,0,500,0.6,1000,0.2,1400,0.2,1
8,5,13522,2,10,5,0,300,0.5,572,0.32,486,0.18,1
8,6,2992,2,10,5,0,300,0.5,572,0.32,486,0.18,1
8,7,14740,1,0,666,0.42,420,0.58,1
8,8,261,1,0,500,0.6,1000,0.2,1400,0.2,1
8,9,322,2,10,5,0,300,0.5,572,0.32,486,0.18,1
8,10,8604,0,0,300,0.5,1700,0.5,1
8,11,2408,2,10,5,0,666,0.42,420,0.58,1
9,0,14832,0,0,666,0.42,420,0.58,1
9,1,7989,1,0,300,0.5,1700,0.5,1
9,2,9194,1,0,500,0.6,1000,0.2,1400,0.2,1
9,3,1822,0,0,300,0.5,572,0.32,486,0.18,1
9,4,7911,1,0,666,0.42,420,0.58,1
9,5,2183,1,0,300,0.5,572,0.32,486,0.18,1
9,6,3221,1,0,500,0.6,1000,0.2,1400,0.2,1
9,7,4009,0,0,300,0.5,572,0.32,486,0.18,1
9,8,713,0,0,300,0.5,1700,0.5,1
9,9,269,1,0,300,0.5,572,0.32,486,0.18,1
9,10,8804,2,10,5,0,300,0.5,1700,0.5,1
9,11,10730,1,0,500,0.6,1000,0.2,1400,0.2,1
10,0,269,1,0,666,0.42,420,0.58,1
10,1,12747,0,0,300,0.5,572,0.32,486,0.18,1
10,2,11757,2,10,5,0,500,0.6,1000,0.2,1400,0.2,1
10,3,8025,1,0,300,0.5,572,0.32,486,0.18,1
10,4,14482,0,0,300,0.5,572,0.32,486,0.18,1
10,5,8802,0,0,300,0.5,1700,0.5,1
10,6,730,1,0,666,0.42,420,0.58,1
10,7,7484,0,0,500,0.6,1000,0.2,1400,0.2,1
10,8,10124,2,10,5,0,666,0.42,420,0.58,1
10,9,8720,2,10,5,0,300,0.5,1700,0.5,1
10,10,3272,1,0,300,0.5,572,0.32,486,0.18,1
10,11,2369,2,10,5,0,500,0.6,1000,0.2,1400,0.2,1
11,0,3966,2,10,5,0,666,0.42,420,0.58,1
11,1,5230,1,0,500,0.6,1000,0.2,1400,0.2,1
11,2,11956,2,10,5,0,500,0.6,1000,0.2,1400,0.2,1
11,3,13845,0,0,500,0.6,1000,0.2,1400,0.2,1
11,4,9902,0,0,300,0.5,1700,0.5,1
11,5,4123,1,0,300,0.5,1700,0.5,1
11,6,4875,1,0,300,0.5,1700,0.5,1
11,7,11178,0,0,500,0.6,1000,0.2,1400,0.2,1
11,8,13629,1,0,300,0.5,1700,0.5,1
11,9,12216,0,0,300,0.5,572,0.32,486,0.18,1
11,10,13619,0,0,300,0.5,1700,0.5,1
11,11,3819,2,10,5,0,300,0.5,572,0.32,486,0.18,1
