0,0,2639,1,0,300,0.5,572,0.32,486,0.18,1
0,1,12979,2,10,5,0,500,0.6,1000,0.2,1400,0.2,1
0,2,2337,1,0,300,0.5,1700,0.5,1
0,3,3103,1,0,666,0.42,420,0.58,1
0,4,5880,1,0,666,0.42,420,0.58,1
0,5,13961,0,0,666,0.42,420,0.58,1
0,6,6431,2,10,5,0,300,0.5,572,0.32,486,0.18,1
0,7,4875,2,10,5,0,300,0.5,572,0.32,486,0.18,1
0,8,12467,0,0,500,0.6,1000,0.2,1400,0.2,1
0,9,14260,0,0,300,0.5,572,0.32,486,0.18,1
0,10,12019,1,0,300,0.5,1700,0.5,1
0,11,4136,0,0,300,0.5,1700,0.5,1
1,0,9077,0,0,300,0.5,1700,0.5,1
1,1,11641,0,0,500,0.6,1000,0.2,1400,0.2,1
1,2,6842,1,0,666,0.42,420,0.58,0
1,3,9596,0,0,500,0.6,1000,0.2,1400,0.2,1
1,4,7637,2,10,5,0,666,0.42,420,0.58,1
1,5,9468,1,0,666,0.42,420,0.58,1
1,6,5917,1,0,666,0.42,420,0.58,1
1,7,13504,1,0,300,0.5,572,0.32,486,0.18,1
1,8,945,0,0,666,0.42,420,0.58,1
1,9,2751,1,0,500,0.6,1000,0.2,1400,0.2,1
1,10,8710,0,0,300,0.5,1700,0.5,1
1,11,12830,0,0,300,0.5,1700,0.5,1
2,0,7531,0,0,300,0.5,1700,0.5,1
2,1,7971,2,10,5,0,500,0.6,1000,0.2,1400,0.2,1
2,2,7583,1,0,300,0.5,1700,0.5,1
2,3,9033,1,0,300,0.5,1700,0.5,1
2,4,6541,0,0,300,0.5,1700,0.5,1
2,5,6673,0,0,500,0.6,1000,0.2,1400,0.2,1
2,6,11619,2,10,5,0,300,0.5,572,0.32,486,0.18,1
2,7,10172,1,0,666,0.42,420,0.58,1
2,8,7015,1,0,300,0.5,1700,0.5,1
2,9,13023,1,0,300,0.5,572,0.32,486,0.18,1
2,10,13104,2,10,5,0,300,0.5,572,0.32,486,0.18,1
2,11,8922,1,0,500,0.6,1000,0.2,1400,0.2,1
3,0,3663,0,0,300,0.5,1700,0.5,1
3,1,8779,2,10,5,0,300,0.5,1700,0.5,1
3,2,13064,1,0,300,0.5,572,0.32,486,0.18,1
3,3,13176,2,10,5,0,300,0.5,1700,0.5,1
3,4,2789,1,0,300,0.5,572,0.32,486,0.18,1
3,5,1267,2,10,5,0,500,0.6,1000,0.2,1400,0.2,1
3,6,14102,2,10,5,0,500,0.6,1000,0.2,1400,0.2,1
3,7,5111,1,0,300,0.5,1700,0.5,1
3,8,6974,0,0,500,0.6,1000,0.2,1400,0.2,1
3,9,12502,2,10,5,0,666,0.42,420,0.58,1
3,10,7713,0,0,300,0.5,1700,0.5,1
3,11,3705,2,10,5,0,300,0.5,1700,0.5,1
4,0,11645,2,10,5,0,300,0.5,572,0.32,486,0.18,1
4,1,14631,1,0,666,0.42,420,0.58,1
4,2,5456,1,0,500,0.6,1000,0.2,1400,0.2,1
4,3,9884,1,0,500,0.6,1000,0.2,1400,0.2,1
4,4,6462,2,10,5,0,666,0.42,420,0.58,1
4,5,14845,1,0,500,0.6,1000,0.2,1400,0.2,1
4,6,13675,1,0,300,0.5,1700,0.5,1
4,7,7611,0,0,500,0.6,1000,0.2,1400,0.2,1
4,8,5911,0,0,666,0.42,420,0.58,1
4,9,2397,2,10,5,0,300,0.5,572,0.32,486,0.18,1
4,10,13163,2,10,5,0,666,0.42,420,0.58,1
4,11,12350,1,0,666,0.42,420,0.58,1
5,0,7605,2,10,5,0,666,0.42,420,0.58,1
5,1,13695,0,0,300,0.5,1700,0.5,1
5,2,13548,2,10,5,0,300,0.5,572,0.32,486,0.18,1
5,3,14361,0,0,500,0.6,1000,0.2,1400,0.2,1
5,4,2370,2,10,5,0,500,0.6,1000,0.2,1400,0.2,1
5,5,2669,0,0,666,0.42,420,0.58,1
5,6,4842,1,0,300,0.5,1700,0.5,1
5,7,9936,2,10,5,0,300,0.5,572,0.32,486,0.18,1
5,8,12447,2,10,5,0,300,0.5,572,0.32,486,0.18,1
5,9,11442,0,0,300,0.5,572,0.32,486,0.18,1
5,10,9181,2,10,5,0,500,0.6,1000,0.2,1400,0.2,1
5,11,10216,1,0,500,0.6,1000,0.2,1400,0.2,1
6,0,3553,1,0,500,0.6,1000,0.2,1400,0.2,1
6,1,8414,1,0,300,0.5,1700,0.5,1
6,2,10647,1,0,300,0.5,1700,0.5,1
6,3,6177,0,0,300,0.5,572,0.32,486,0.18,1
6,4,1233,1,0,300,0.5,572,0.32,486,0.18,1
6,5,9287,2,10,5,0,300,0.5,1700,0.5,1
6,6,14583,1,0,666,0.42,420,0.58,1
6,7,12285,1,0,300,0.5,572,0.32,486,0.18,1
6,8,5158,1,0,666,0.42,420,0.58,1
6,9,3651,1,0,500,0.6,1000,0.2,1400,0.2,1
6,10,4360,1,0,500,0.6,1000,0.2,1400,0.2,1
6,11,1573,0,0,300,0.5,572,0.32,486,0.18,1
7,0,1279,2,10,5,0,300,0.5,1700,0.5,1
7,1,8278,0,0,666,0.42,420,0.58,1
7,2,8891,1,0,666,0.42,420,0.58,1
7,3,11899,2,10,5,0,300,0.5,1700,0.5,1
7,4,7322,2,10,5,0,300,0.5,572,0.32,486,0.18,1
7,5,1824,0,0,666,0.42,420,0.58,1
7,6,12019,0,0,300,0.5,1700,0.5,1
7,7,10794,0,0,300,0.5,1700,0.5,1
7,8,490,0,0,300,0.5,1700,0.5,1
7,9,689,1,0,300,0.5,1700,0.5,1
7,10,1420,2,10,5,0,666,0.42,420,0.58,1
7,11,7495,0,0,666,0.42,420,0.58,1
8,0,1328,2,10,5,0,300,0.5,1700,0.5,1
8,1,11077,2,10,5,0,500,0.6,1000,0.2,1400,0.2,1
8,2,8468,1,0,666,0.42,420,0.58,1
8,3,14378,1,0,666,0.42,420,0.58,1
8,4,8869,2,10,5,0,300,0.5,1700,0.5,1
8,5,7661,0,0,300,0.5,572,0.32,486,0.18,1
8,6,7562,2,10,5,0,300,0.5,572,0.32,486,0.18,1
8,7,12728,2,10,5,0,300,0.5,572,0.32,486,0.18,1
8,8,10960,1,0,300,0.5,572,0.32,486,0.18,1
8,9,11809,2,10,5,0,300,0.5,572,0.32,486,0.18,1
8,10,9302,1,0,500,0.6,1000,0.2,1400,0.2,1
8,11,12364,0,0,666,0.42,420,0.58,1
9,0,13601,1,0,300,0.5,572,0.32,486,0.18,1
9,1,481,2,10,5,0,300,0.5,1700,0.5,1
9,2,3000,0,0,666,0.42,420,0.58,1
9,3,11243,1,0,300,0.5,1700,0.5,1
9,4,2603,1,0,300,0.5,1700,0.5,1
9,5,3433,1,0,666,0.42,420,0.58,1
9,6,11345,1,0,300,0.5,1700,0.5,1
9,7,9578,1,0,666,0.42,420,0.58,1
9,8,13100,0,0,300,0.5,572,0.32,486,0.18,1
9,9,14088,2,10,5,0,666,0.42,420,0.58,1
9,10,11094,0,0,666,0.42,420,0.58,1
9,11,5545,2,10,5,0,666,0.42,420,0.58,1
10,0,14210,1,0,666,0.42,420,0.58,1
10,1,4205,0,0,666,0.42,420,0.58,1
10,2,11196,2,10,5,0,500,0.6,1000,0.2,1400,0.2,1
10,3,12992,1,0,500,0.6,1000,0.2,1400,0.2,1
10,4,14509,1,0,666,0.42,420,0.58,1
10,5,6575,0,0,500,0.6,1000,0.2,1400,0.2,1
10,6,8116,0,0,666,0.42,420,0.58,1
10,7,7213,2,10,5,0,666,0.42,420,0.58,1
10,8,1777,0,0,300,0.5,1700,0.5,1
10,9,14536,0,0,300,0.5,1700,0.5,1
10,10,6839,1,0,500,0.6,1000,0.2,1400,0.2,1
10,11,675,0,0,300,0.5,572,0.32,486,0.18,1
11,0,9762,1,0,300,0.5,572,0.32,486,0.18,1
11,1,9501,0,0,300,0.5,1700,0.5,1
11,2,14062,0,0,666,0.42,420,0.58,1
11,3,673,2,10,5,0,500,0.6,1000,0.2,1400,0.2,1
11,4,57,2,10,5,0,300,0.5,1700,0.5,1
11,5,8021,0,0,500,0.6,1000,0.2,1400,0.2,1
11,6,8017,1,0,300,0.5,572,0.32,486,0.18,1
11,7,7380,0,0,666,0.42,420,0.58,1
11,8,4407,1,0,300,0.5,1700,0.5,1
11,9,880,1,0,300,0.5,572,0.32,486,0.18,1
11,10,2362,0,0,300,0.5,572,0.32,486,0.18,1
11,11,7013,0,0,300,0.5,1700,0.5,1
