0,0,9412,0,0,300,0.5,1700,0.5,1
0,1,2115,1,0,666,0.42,420,0.58,1
0,2,9405,1,0,666,0.42,420,0.58,1
0,3,3718,0,0,300,0.5,572,0.32,486,0.18,1
0,4,11462,0,0,500,0.6,1000,0.2,1400,0.2,1
0,5,295,1,0,300,0.5,572,0.32,486,0.18,1
0,6,4734,2,10,5,0,666,0.42,420,0.58,1
0,7,12886,0,0,500,0.6,1000,0.2,1400,0.2,1
0,8,1683,1,0,300,0.5,572,0.32,486,0.18,1
0,9,11087,1,0,666,0.42,420,0.58,1
0,10,9811,2,10,5,0,300,0.5,1700,0.5,1
0,11,13669,1,0,300,0.5,572,0.32,486,0.18,1
1,0,10791,2,10,5,0,666,0.42,420,0.58,1
1,1,1979,1,0,500,0.6,1000,0.2,1400,0.2,1
1,2,8693,2,10,5,0,666,0.42,420,0.58,0
1,3,9144,2,10,5,0,666,0.42,420,0.58,1
1,4,12780,2,10,5,0,500,0.6,1000,0.2,1400,0.2,1
1,5,4485,2,10,5,0,300,0.5,1700,0.5,1
1,6,6555,2,10,5,0,300,0.5,1700,0.5,1
1,7,10608,1,0,500,0.6,1000,0.2,1400,0.2,1
1,8,6555,0,0,666,0.42,420,0.58,1
1,9,3720,0,0,500,0.6,1000,0.2,1400,0.2,1
1,10,5996,1,0,300,0.5,1700,0.5,1
1,11,1870,2,10,5,0,300,0.5,572,0.32,486,0.18,1
2,0,4660,2,10,5,0,500,0.6,1000,0.2,1400,0.2,1
2,1,12022,0,0,300,0.5,572,0.32,486,0.18,1
2,2,2895,0,0,500,0.6,1000,0.2,1400,0.2,1
2,3,5745,2,10,5,0,300,0.5,1700,0.5,1
2,4,13492,2,10,5,0,300,0.5,572,0.32,486,0.18,1
2,5,4591,1,0,500,0.6,1000,0.2,1400,0.2,1
2,6,5227,1,0,300,0.5,1700,0.5,1
2,7,8414,1,0,500,0.6,1000,0.2,1400,0.2,1
2,8,11066,2,10,5,0,666,0.42,420,0.58,1
2,9,14668,1,0,300,0.5,1700,0.5,1
2,10,9615,0,0,300,0.5,1700,0.5,1
2,11,1584,0,0,300,0.5,572,0.32,486,0.18,1
3,0,14606,0,0,300,0.5,572,0.32,486,0.18,1
3,1,5354,1,0,666,0.42,420,0.58,1
3,2,14132,1,0,300,0.5,1700,0.5,1
3,3,609,2,10,5,0,500,0.6,1000,0.2,1400,0.2,1
3,4,13212,1,0,500,0.6,1000,0.2,1400,0.2,1
3,5,4480,0,0,300,0.5,572,0.32,486,0.18,1
3,6,2435,2,10,5,0,500,0.6,1000,0.2,1400,0.2,1
3,7,2678,2,10,5,0,300,0.5,1700,0.5,1
3,8,6815,0,0,300,0.5,1700,0.5,1
3,9,4362,2,10,5,0,300,0.5,1700,0.5,1
3,10,7618,2,10,5,0,500,0.6,1000,0.2,1400,0.2,1
3,11,9276,2,10,5,0,500,0.6,1000,0.2,1400,0.2,1
4,0,3441,1,0,300,0.5,1700,0.5,1
4,1,14613,2,10,5,0,300,0.5,1700,0.5,1
4,2,2053,2,10,5,0,300,0.5,572,0.32,486,0.18,1
4,3,9803,1,0,666,0.42,420,0.58,1
4,4,4041,2,10,5,0,666,0.42,420,0.58,1
4,5,10676,0,0,500,0.6,1000,0.2,1400,0.2,1
4,6,5733,1,0,300,0.5,1700,0.5,1
4,7,8737,2,10,5,0,500,0.6,1000,0.2,1400,0.2,1
4,8,6149,2,10,5,0,666,0.42,420,0.58,1
4,9,6708,2,10,5,0,300,0.5,572,0.32,486,0.18,1
4,10,13926,2,10,5,0,300,0.5,572,0.32,486,0.18,1
4,11,485,0,0,300,0.5,572,0.32,486,0.18,1
5,0,8539,0,0,500,0.6,1000,0.2,1400,0.2,1
5,1,12126,0,0,300,0.5,1700,0.5,1
5,2,6082,0,0,666,0.42,420,0.58,1
5,3,7323,0,0,300,0.5,1700,0.5,1
5,4,7525,0,0,300,0.5,1700,0.5,1
5,5,9331,2,10,5,0,666,0.42,420,0.58,1
5,6,3709,2,10,5,0,300,0.5,572,0.32,486,0.18,1
5,7,13554,1,0,666,0.42,420,0.58,1
5,8,11201,2,10,5,0,500,0.6,1000,0.2,1400,0.2,1
5,9,8001,2,10,5,0,300,0.5,1700,0.5,1
5,10,14329,1,0,666,0.42,420,0.58,1
5,11,12714,2,10,5,0,300,0.5,572,0.32,486,0.18,1
6,0,5135,2,10,5,0,300,0.5,1700,0.5,1
6,1,14936,2,10,5,0,300,0.5,1700,0.5,1
6,2,14059,0,0,500,0.6,1000,0.2,1400,0.2,1
6,3,3843,0,0,300,0.5,1700,0.5,1
6,4,7806,2,10,5,0,300,0.5,1700,0.5,1
6,5,11532,2,10,5,0,666,0.42,420,0.58,1
6,6,2927,1,0,300,0.5,1700,0.5,1
6,7,14749,0,0,300,0.5,1700,0.5,1
6,8,14548,1,0,500,0.6,1000,0.2,1400,0.2,1
6,9,8357,2,10,5,0,300,0.5,1700,0.5,1
6,10,7815,0,0,500,0.6,1000,0.2,1400,0.2,1
6,11,495,1,0,666,0.42,420,0.58,1
7,0,2161,0,0,300,0.5,572,0.32,486,0.18,1
7,1,8067,0,0,500,0.6,1000,0.2,1400,0.2,1
7,2,6977,2,10,5,0,500,0.6,1000,0.2,1400,0.2,1
7,3,12447,0,0,500,0.6,1000,0.2,1400,0.2,1
7,4,11190,0,0,300,0.5,572,0.32,486,0.18,1
7,5,226,0,0,500,0.6,1000,0.2,1400,0.2,1
7,6,11093,1,0,500,0.6,1000,0.2,1400,0.2,1
7,7,298,2,10,5,0,300,0.5,572,0.32,486,0.18,1
7,8,3366,1,0,300,0.5,572,0.32,486,0.18,1
7,9,2790,2,10,5,0,666,0.42,420,0.58,1
7,10,818,2,10,5,0,666,0.42,420,0.58,1
7,11,4153,2,10,5,0,500,0.6,1000,0.2,1400,0.2,1
8,0,6302,2,10,5,0,500,0.6,1000,0.2,1400,0.2,1
8,1,2010,0,0,300,0.5,572,0.32,486,0.18,1
8,2,2052,0,0,300,0.5,572,0.32,486,0.18,1
8,3,5074,1,0,300,0.5,572,0.32,486,0.18,1
8,4,3037,2,10,5,0,666,0.42,420,0.58,1
8,5,12886,1,0,300,0.5,572,0.32,486,0.18,1
8,6,8835,0,0,300,0.5,1700,0.5,1
8,7,12178,1,0,300,0.5,572,0.32,486,0.18,1
8,8,1362,1,0,500,0.6,1000,0.2,1400,0.2,1
8,9,8804,0,0,666,0.42,420,0.58,1
8,10,13471,2,10,5,0,300,0.5,572,0.32,486,0.18,1
8,11,12371,2,10,5,0,666,0.42,420,0.58,1
9,0,788,0,0,666,0.42,420,0.58,1
9,1,7581,1,0,500,0.6,1000,0.2,1400,0.2,1
9,2,6127,0,0,300,0.5,572,0.32,486,0.18,1
9,3,2613,0,0,300,0.5,572,0.32,486,0.18,1
9,4,11126,2,10,5,0,666,0.42,420,0.58,1
9,5,8226,0,0,300,0.5,1700,0.5,1
9,6,7012,2,10,5,0,300,0.5,572,0.32,486,0.18,1
9,7,10453,2,10,5,0,500,0.6,1000,0.2,1400,0.2,1
9,8,537,2,10,5,0,300,0.5,1700,0.5,1
9,9,10639,0,0,300,0.5,572,0.32,486,0.18,1
9,10,3858,2,10,5,0,666,0.42,420,0.58,1
9,11,2219,2,10,5,0,300,0.5,572,0.32,486,0.18,1
10,0,4232,0,0,300,0.5,1700,0.5,1
10,1,648,2,10,5,0,300,0.5,572,0.32,486,0.18,1
10,2,8008,1,0,666,0.42,420,0.58,1
10,3,8047,1,0,500,0.6,1000,0.2,1400,0.2,1
10,4,551,0,0,300,0.5,1700,0.5,1
10,5,8337,1,0,300,0.5,572,0.32,486,0.18,1
10,6,13942,2,10,5,0,300,0.5,1700,0.5,1
10,7,12026,0,0,300,0.5,572,0.32,486,0.18,1
10,8,4963,2,10,5,0,300,0.5,572,0.32,486,0.18,1
10,9,14499,2,10,5,0,500,0.6,1000,0.2,1400,0.2,1
10,10,10213,2,10,5,0,666,0.42,420,0.58,1
10,11,9479,1,0,300,0.5,572,0.32,486,0.18,1
11,0,9055,1,0,666,0.42,420,0.58,1
11,1,3394,0,0,500,0.6,1000,0.2,1400,0.2,1
11,2,3926,0,0,666,0.42,420,0.58,1
11,3,3367,0,0,300,0.5,572,0.32,486,0.18,1
11,4,13381,1,0,300,0.5,572,0.32,486,0.18,1
11,5,7644,1,0,300,0.5,572,0.32,486,0.18,1
11,6,7038,2,10,5,0,666,0.42,420,0.58,1
11,7,1264,2,10,5,0,300,0.5,572,0.32,486,0.18,1
11,8,7747,1,0,300,0.5,572,0.32,486,0.18,1
11,9,7114,2,10,5,0,500,0.6,1000,0.2,1400,0.2,1
11,10,9977,0,0,300,0.5,1700,0.5,1
11,11,4197,0,0,300,0.5,572,0.32,486,0.18,1
