0,0,119,1,0,300,0.5,572,0.32,486,0.18,1
0,1,4347,0,0,666,0.42,420,0.58,1
0,2,8060,0,0,300,0.5,572,0.32,486,0.18,1
0,3,6108,1,0,666,0.42,420,0.58,1
0,4,12607,2,10,5,0,500,0.6,1000,0.2,1400,0.2,1
0,5,13149,2,10,5,0,300,0.5,572,0.32,486,0.18,1
0,6,6412,0,0,300,0.5,572,0.32,486,0.18,1
0,7,8310,0,0,500,0.6,1000,0.2,1400,0.2,1
0,8,8496,0,0,300,0.5,1700,0.5,1
0,9,682,1,0,666,0.42,420,0.58,1
0,10,3091,0,0,300,0.5,572,0.32,486,0.18,1
0,11,6987,2,10,5,0,666,0.42,420,0.58,1
1,0,11883,2,10,5,0,300,0.5,1700,0.5,1
1,1,10403,2,10,5,0,666,0.42,420,0.58,1
1,2,2167,1,0,300,0.5,1700,0.5,0
1,3,14201,2,10,5,0,300,0.5,1700,0.5,1
1,4,12370,2,10,5,0,300,0.5,1700,0.5,1
1,5,5475,2,10,5,0,500,0.6,1000,0.2,1400,0.2,1
1,6,4729,0,0,300,0.5,1700,0.5,1
1,7,7728,0,0,300,0.5,1700,0.5,1
1,8,5982,2,10,5,0,300,0.5,1700,0.5,1
1,9,6245,2,10,5,0,300,0.5,1700,0.5,1
1,10,6816,2,10,5,0,300,0.5,1700,0.5,1
1,11,1541,2,10,5,0,300,0.5,572,0.32,486,0.18,1
2,0,11647,0,0,300,0.5,572,0.32,486,0.18,1
2,1,7381,1,0,300,0.5,572,0.32,486,0.18,1
2,2,691,2,10,5,0,500,0.6,1000,0.2,1400,0.2,1
2,3,13893,0,0,300,0.5,1700,0.5,1
2,4,1280,1,0,300,0.5,1700,0.5,1
2,5,10910,1,0,500,0.6,1000,0.2,1400,0.2,1
2,6,4185,0,0,300,0.5,572,0.32,486,0.18,1
2,7,3077,0,0,666,0.42,420,0.58,1
2,8,1615,0,0,300,0.5,572,0.32,486,0.18,1
2,9,7105,1,0,666,0.42,420,0.58,1
2,10,2483,1,0,300,0.5,1700,0.5,1
2,11,9106,0,0,500,0.6,1000,0.2,1400,0.2,1
3,0,12801,1,0,666,0.42,420,0.58,1
3,1,2506,0,0,300,0.5,1700,0.5,1
3,2,14424,1,0,300,0.5,1700,0.5,1
3,3,11403,1,0,666,0.42,420,0.58,1
3,4,3065,2,10,5,0,300,0.5,572,0.32,486,0.18,1
3,5,1660,2,10,5,0,300,0.5,1700,0.5,1
3,6,213,0,0,300,0.5,1700,0.5,1
3,7,170,1,0,300,0.5,572,0.32,486,0.18,1
3,8,2954,0,0,300,0.5,1700,0.5,1
3,9,5318,2,10,5,0,666,0.42,420,0.58,1
3,10,8104,2,10,5,0,500,0.6,1000,0.2,1400,0.2,1
3,11,5643,0,0,666,0.42,420,0.58,1
4,0,14555,0,0,666,0.42,420,0.58,1
4,1,11439,0,0,500,0.6,1000,0.2,1400,0.2,1
4,2,11407,2,10,5,0,666,0.42,420,0.58,1
4,3,1508,0,0,300,0.5,1700,0.5,1
4,4,7801,0,0,500,0.6,1000,0.2,1400,0.2,1
4,5,8251,2,10,5,0,666,0.42,420,0.58,1
4,6,7744,2,10,5,0,300,0.5,572,0.32,486,0.18,1
4,7,4992,0,0,300,0.5,572,0.32,486,0.18,1
4,8,10231,1,0,500,0.6,1000,0.2,1400,0.2,1
4,9,11553,1,0,666,0.42,420,0.58,1
4,10,2493,2,10,5,0,666,0.42,420,0.58,1
4,11,4626,2,10,5,0,666,0.42,420,0.58,1
5,0,9246,2,10,5,0,300,0.5,572,0.32,486,0.18,1
5,1,8605,0,0,300,0.5,572,0.32,486,0.18,1
5,2,11722,2,10,5,0,666,0.42,420,0.58,1
5,3,14489,2,10,5,0,500,0.6,1000,0.2,1400,0.2,1
5,4,12863,0,0,666,0.42,420,0.58,1
5,5,11312,1,0,500,0.6,1000,0.2,1400,0.2,1
5,6,3048,0,0,300,0.5,1700,0.5,1
5,7,9646,1,0,500,0.6,1000,0.2,1400,0.2,1
5,8,723,2,10,5,0,666,0.42,420,0.58,1
5,9,524,0,0,300,0.5,572,0.32,486,0.18,1
5,10,14454,0,0,500,0.6,1000,0.2,1400,0.2,1
5,11,4082,0,0,500,0.6,1000,0.2,1400,0.2,1
6,0,2709,1,0,666,0.42,420,0.58,1
6,1,5537,0,0,300,0.5,1700,0.5,1
6,2,3891,2,10,5,0,300,0.5,1700,0.5,1
6,3,11506,2,10,5,0,300,0.5,572,0.32,486,0.18,1
6,4,10477,2,10,5,0,666,0.42,420,0.58,1
6,5,1101,0,0,300,0.5,572,0.32,486,0.18,1
6,6,1425,1,0,666,0.42,420,0.58,1
6,7,11618,0,0,300,0.5,572,0.32,486,0.18,1
6,8,12727,1,0,666,0.42,420,0.58,1
6,9,8749,0,0,500,0.6,1000,0.2,1400,0.2,1
6,10,2218,2,10,5,0,300,0.5,572,0.32,486,0.18,1
6,11,3024,1,0,666,0.42,420,0.58,1
7,0,314,1,0,500,0.6,1000,0.2,1400,0.2,1
7,1,11408,1,0,300,0.5,1700,0.5,1
7,2,583,2,10,5,0,300,0.5,572,0.32,486,0.18,1
7,3,10267,1,0,300,0.5,572,0.32,486,0.18,1
7,4,2191,1,0,300,0.5,1700,0.5,1
7,5,6829,2,10,5,0,300,0.5,1700,0.5,1
7,6,9708,0,0,300,0.5,1700,0.5,1
7,7,511,2,10,5,0,300,0.5,1700,0.5,1
7,8,11518,1,0,666,0.42,420,0.58,1
7,9,7921,1,0,666,0.42,420,0.58,1
7,10,14432,0,0,500,0.6,1000,0.2,1400,0.2,1
7,11,2945,0,0,300,0.5,572,0.32,486,0.18,1
8,0,10722,2,10,5,0,666,0.42,420,0.58,1
8,1,9989,1,0,300,0.5,572,0.32,486,0.18,1
8,2,9778,1,0,666,0.42,420,0.58,1
8,3,2783,0,0,666,0.42,420,0.58,1
8,4,5158,1,0,300,0.5,1700,0.5,1
8,5,13735,2,10,5,0,300,0.5,1700,0.5,1
8,6,5045,2,10,5,0,500,0.6,1000,0.2,1400,0.2,1
8,7,10697,1,0,500,0.6,1000,0.2,1400,0.2,1
8,8,4941,2,10,5,0,300,0.5,572,0.32,486,0.18,1
8,9,10571,2,10,5,0,300,0.5,572,0.32,486,0.18,1
8,10,13895,1,0,500,0.6,1000,0.2,1400,0.2,1
8,11,7300,0,0,300,0.5,1700,0.5,1
9,0,1907,0,0,666,0.42,420,0.58,1
9,1,13261,1,0,500,0.6,1000,0.2,1400,0.2,1
9,2,11929,1,0,300,0.5,572,0.32,486,0.18,1
9,3,3421,2,10,5,0,666,0.42,420,0.58,1
9,4,12610,2,10,5,0,300,0.5,572,0.32,486,0.18,1
9,5,9359,0,0,300,0.5,1700,0.5,1
9,6,3040,2,10,5,0,300,0.5,1700,0.5,1
9,7,9838,0,0,300,0.5,1700,0.5,1
9,8,10443,1,0,500,0.6,1000,0.2,1400,0.2,1
9,9,6943,1,0,300,0.5,572,0.32,486,0.18,1
9,10,3192,2,10,5,0,300,0.5,1700,0.5,1
9,11,9563,2,10,5,0,300,0.5,572,0.32,486,0.18,1
10,0,4912,2,10,5,0,500,0.6,1000,0.2,1400,0.2,1
10,1,10949,0,0,500,0.6,1000,0.2,1400,0.2,1
10,2,4500,1,0,300,0.5,572,0.32,486,0.18,1
10,3,7948,1,0,666,0.42,420,0.58,1
10,4,14236,0,0,300,0.5,572,0.32,486,0.18,1
10,5,13448,1,0,500,0.6,1000,0.2,1400,0.2,1
10,6,5362,2,10,5,0,666,0.42,420,0.58,1
10,7,1387,1,0,300,0.5,1700,0.5,1
10,8,12204,0,0,666,0.42,420,0.58,1
10,9,5518,2,10,5,0,300,0.5,572,0.32,486,0.18,1
10,10,14928,0,0,300,0.5,1700,0.5,1
10,11,5047,2,10,5,0,300,0.5,1700,0.5,1
11,0,1053,2,10,5,0,300,0.5,572,0.32,486,0.18,1
11,1,7881,2,10,5,0,300,0.5,572,0.32,486,0.18,1
11,2,510,1,0,300,0.5,1700,0.5,1
11,3,737,1,0,666,0.42,420,0.58,1
11,4,14630,0,0,666,0.42,420,0.58,1
11,5,7622,2,10,5,0,300,0.5,1700,0.5,1
11,6,421,1,0,666,0.42,420,0.58,1
11,7,9382,1,0,666,0.42,420,0.58,1
11,8,6021,0,0,666,0.42,420,0.58,1
11,9,7240,0,0,300,0.5,572,0.32,486,0.18,1
11,10,3608,2,10,5,0,300,0.5,1700,0.5,1
11,11,3464,0,0,666,0.42,420,0.58,1
