0,0,5305,0,0,300,0.5,572,0.32,486,0.18,1
0,1,13498,1,0,500,0.6,1000,0.2,1400,0.2,1
0,2,9877,2,10,5,0,666,0.42,420,0.58,1
0,3,13649,2,10,5,0,500,0.6,1000,0.2,1400,0.2,1
0,4,1418,2,10,5,0,300,0.5,572,0.32,486,0.18,1
0,5,3651,1,0,300,0.5,572,0.32,486,0.18,1
0,6,12439,2,10,5,0,500,0.6,1000,0.2,1400,0.2,1
0,7,4120,0,0,666,0.42,420,0.58,1
0,8,5582,2,10,5,0,300,0.5,1700,0.5,1
0,9,7835,2,10,5,0,500,0.6,1000,0.2,1400,0.2,1
0,10,3995,0,0,300,0.5,572,0.32,486,0.18,1
0,11,9181,0,0,666,0.42,420,0.58,1
1,0,13733,2,10,5,0,300,0.5,572,0.32,486,0.18,1
1,1,3932,2,10,5,0,666,0.42,420,0.58,1
1,2,3256,1,0,300,0.5,572,0.32,486,0.18,0
1,3,9711,0,0,500,0.6,1000,0.2,1400,0.2,1
1,4,14815,1,0,500,0.6,1000,0.2,1400,0.2,1
1,5,12787,0,0,666,0.42,420,0.58,1
1,6,3220,0,0,300,0.5,572,0.32,486,0.18,1
1,7,14251,0,0,300,0.5,572,0.32,486,0.18,1
1,8,7388,1,0,500,0.6,1000,0.2,1400,0.2,1
1,9,9142,2,10,5,0,300,0.5,572,0.32,486,0.18,1
1,10,10905,0,0,300,0.5,572,0.32,486,0.18,1
1,11,10829,2,10,5,0,300,0.5,572,0.32,486,0.18,1
2,0,4636,0,0,500,0.6,1000,0.2,1400,0.2,1
2,1,782,2,10,5,0,666,0.42,420,0.58,1
2,2,1094,0,0,666,0.42,420,0.58,1
2,3,11634,2,10,5,0,300,0.5,1700,0.5,1
2,4,6646,0,0,666,0.42,420,0.58,1
2,5,9275,1,0,300,0.5,572,0.32,486,0.18,1
2,6,4178,2,10,5,0,500,0.6,1000,0.2,1400,0.2,1
2,7,6166,0,0,300,0.5,572,0.32,486,0.18,1
2,8,13791,0,0,300,0.5,1700,0.5,1
2,9,967,0,0,300,0.5,572,0.32,486,0.18,1
2,10,11377,2,10,5,0,666,0.42,420,0.58,1
2,11,11664,0,0,300,0.5,572,0.32,486,0.18,1
3,0,13554,1,0,500,0.6,1000,0.2,1400,0.2,1
3,1,12785,0,0,500,0.6,1000,0.2,1400,0.2,1
3,2,8136,1,0,300,0.5,1700,0.5,1
3,3,5331,2,10,5,0,300,0.5,1700,0.5,1
3,4,12919,0,0,500,0.6,1000,0.2,1400,0.2,1
3,5,569,0,0,300,0.5,572,0.32,486,0.18,1
3,6,14417,1,0,300,0.5,572,0.32,486,0.18,1
3,7,1831,2,10,5,0,300,0.5,572,0.32,486,0.18,1
3,8,12670,2,10,5,0,300,0.5,1700,0.5,1
3,9,4305,2,10,5,0,300,0.5,1700,0.5,1
3,10,3906,2,10,5,0,500,0.6,1000,0.2,1400,0.2,1
3,11,4197,2,10,5,0,300,0.5,572,0.32,486,0.18,1
4,0,13458,1,0,500,0.6,1000,0.2,1400,0.2,1
4,1,10823,0,0,300,0.5,572,0.32,486,0.18,1
4,2,2968,2,10,5,0,300,0.5,1700,0.5,1
4,3,3451,1,0,666,0.42,420,0.58,1
4,4,3959,2,10,5,0,500,0.6,1000,0.2,1400,0.2,1
4,5,14599,1,0,666,0.42,420,0.58,1
4,6,11268,0,0,500,0.6,1000,0.2,1400,0.2,1
4,7,11967,2,10,5,0,300,0.5,1700,0.5,1
4,8,10865,2,10,5,0,300,0.5,1700,0.5,1
4,9,14626,0,0,300,0.5,572,0.32,486,0.18,1
4,10,13165,2,10,5,0,666,0.42,420,0.58,1
4,11,10660,1,0,500,0.6,1000,0.2,1400,0.2,1
5,0,11315,1,0,666,0.42,420,0.58,1
5,1,496,1,0,300,0.5,1700,0.5,1
5,2,1688,2,10,5,0,300,0.5,1700,0.5,1
5,3,2842,0,0,666,0.42,420,0.58,1
5,4,4517,1,0,300,0.5,572,0.32,486,0.18,1
5,5,7959,2,10,5,0,300,0.5,1700,0.5,1
5,6,12506,2,10,5,0,500,0.6,1000,0.2,1400,0.2,1
5,7,14088,1,0,666,0.42,420,0.58,1
5,8,13967,1,0,666,0.42,420,0.58,1
5,9,3980,1,0,300,0.5,572,0.32,486,0.18,1
5,10,2609,1,0,300,0.5,572,0.32,486,0.18,1
5,11,2894,1,0,300,0.5,572,0.32,486,0.18,1
6,0,7596,2,10,5,0,300,0.5,572,0.32,486,0.18,1
6,1,13370,2,10,5,0,500,0.6,1000,0.2,1400,0.2,1
6,2,1463,2,10,5,0,500,0.6,1000,0.2,1400,0.2,1
6,3,3066,2,10,5,0,300,0.5,572,0.32,486,0.18,1
6,4,242,2,10,5,0,666,0.42,420,0.58,1
6,5,5607,1,0,300,0.5,572,0.32,486,0.18,1
6,6,10859,1,0,500,0.6,1000,0.2,1400,0.2,1
6,7,2807,1,0,300,0.5,572,0.32,486,0.18,1
6,8,10368,1,0,300,0.5,572,0.32,486,0.18,1
6,9,4975,1,0,300,0.5,572,0.32,486,0.18,1
6,10,4826,2,10,5,0,300,0.5,572,0.32,486,0.18,1
6,11,5519,2,10,5,0,300,0.5,572,0.32,486,0.18,1
7,0,3412,0,0,666,0.42,420,0.58,1
7,1,1503,1,0,300,0.5,572,0.32,486,0.18,1
7,2,7259,2,10,5,0,500,0.6,1000,0.2,1400,0.2,1
7,3,5963,2,10,5,0,666,0.42,420,0.58,1
7,4,3983,0,0,500,0.6,1000,0.2,1400,0.2,1
7,5,4985,2,10,5,0,500,0.6,1000,0.2,1400,0.2,1
7,6,9601,1,0,300,0.5,572,0.32,486,0.18,1
7,7,13871,0,0,300,0.5,1700,0.5,1
7,8,8351,0,0,500,0.6,1000,0.2,1400,0.2,1
7,9,1644,0,0,666,0.42,420,0.58,1
7,10,3770,0,0,666,0.42,420,0.58,1
7,11,850,1,0,300,0.5,1700,0.5,1
8,0,11852,2,10,5,0,300,0.5,572,0.32,486,0.18,1
8,1,12021,0,0,300,0.5,1700,0.5,1
8,2,5825,1,0,300,0.5,572,0.32,486,0.18,1
8,3,4906,1,0,300,0.5,1700,0.5,1
8,4,6925,0,0,300,0.5,1700,0.5,1
8,5,10163,2,10,5,0,666,0.42,420,0.58,1
8,6,10953,0,0,500,0.6,1000,0.2,1400,0.2,1
8,7,14261,1,0,666,0.42,420,0.58,1
8,8,10690,1,0,300,0.5,1700,0.5,1
8,9,11180,2,10,5,0,666,0.42,420,0.58,1
8,10,2656,2,10,5,0,300,0.5,1700,0.5,1
8,11,2195,2,10,5,0,666,0.42,420,0.58,1
9,0,13639,0,0,500,0.6,1000,0.2,1400,0.2,1
9,1,7488,0,0,500,0.6,1000,0.2,1400,0.2,1
9,2,14500,2,10,5,0,300,0.5,1700,0.5,1
9,3,10462,0,0,666,0.42,420,0.58,1
9,4,9237,2,10,5,0,666,0.42,420,0.58,1
9,5,11669,2,10,5,0,666,0.42,420,0.58,1
9,6,1336,1,0,666,0.42,420,0.58,1
9,7,7468,2,10,5,0,300,0.5,572,0.32,486,0.18,1
9,8,8316,0,0,300,0.5,1700,0.5,1
9,9,13634,2,10,5,0,300,0.5,572,0.32,486,0.18,1
9,10,2275,1,0,666,0.42,420,0.58,1
9,11,9199,1,0,500,0.6,1000,0.2,1400,0.2,1
10,0,4678,1,0,500,0.6,1000,0.2,1400,0.2,1
10,1,12099,2,10,5,0,300,0.5,572,0.32,486,0.18,1
10,2,5600,1,0,666,0.42,420,0.58,1
10,3,5317,0,0,500,0.6,1000,0.2,1400,0.2,1
10,4,7239,2,10,5,0,300,0.5,1700,0.5,1
10,5,5306,2,10,5,0,300,0.5,572,0.32,486,0.18,1
10,6,6051,1,0,666,0.42,420,0.58,1
10,7,12056,1,0,300,0.5,572,0.32,486,0.18,1
10,8,406,0,0,666,0.42,420,0.58,1
10,9,5493,1,0,300,0.5,1700,0.5,1
10,10,7490,1,0,500,0.6,1000,0.2,1400,0.2,1
10,11,2638,0,0,500,0.6,1000,0.2,1400,0.2,1
11,0,10953,2,10,5,0,500,0.6,1000,0.2,1400,0.2,1
11,1,4845,0,0,300,0.5,572,0.32,486,0.18,1
11,2,2955,1,0,300,0.5,1700,0.5,1
11,3,9093,0,0,666,0.42,420,0.58,1
11,4,10988,2,10,5,0,300,0.5,1700,0.5,1
11,5,7078,0,0,666,0.42,420,0.58,1
11,6,14683,1,0,300,0.5,1700,0.5,1
11,7,10041,2,10,5,0,300,0.5,1700,0.5,1
11,8,13911,0,0,300,0.5,1700,0.5,1
11,9,2840,2,10,5,0,500,0.6,1000,0.2,1400,0.2,1
11,10,3550,0,0,300,0.5,1700,0.5,1
11,11,13634,0,0,300,0.5,1700,0.5,1
