0,0,462,0,0,300,0.5,572,0.32,486,0.18,1
0,1,2405,1,0,300,0.5,572,0.32,486,0.18,1
0,2,6352,0,0,500,0.6,1000,0.2,1400,0.2,1
0,3,6211,1,0,300,0.5,1700,0.5,1
0,4,4044,2,10,5,0,300,0.5,1700,0.5,1
0,5,11683,2,10,5,0,300,0.5,1700,0.5,1
0,6,6259,1,0,300,0.5,1700,0.5,1
0,7,14952,2,10,5,0,300,0.5,572,0.32,486,0.18,1
0,8,2587,0,0,500,0.6,1000,0.2,1400,0.2,1
0,9,5756,1,0,666,0.42,420,0.58,1
0,10,13279,0,0,666,0.42,420,0.58,1
0,11,14381,0,0,300,0.5,572,0.32,486,0.18,1
1,0,6499,1,0,666,0.42,420,0.58,1
1,1,14473,1,0,300,0.5,572,0.32,486,0.18,1
1,2,11678,2,10,5,0,300,0.5,1700,0.5,0
1,3,10076,2,10,5,0,300,0.5,1700,0.5,1
1,4,6666,1,0,300,0.5,1700,0.5,1
1,5,4821,2,10,5,0,500,0.6,1000,0.2,1400,0.2,1
1,6,871,2,10,5,0,666,0.42,420,0.58,1
1,7,2220,2,10,5,0,300,0.5,572,0.32,486,0.18,1
1,8,11535,1,0,300,0.5,572,0.32,486,0.18,1
1,9,5558,1,0,300,0.5,1700,0.5,1
1,10,14404,2,10,5,0,666,0.42,420,0.58,1
1,11,9095,1,0,666,0.42,420,0.58,1
2,0,1291,1,0,300,0.5,572,0.32,486,0.18,1
2,1,3368,1,0,666,0.42,420,0.58,1
2,2,3193,0,0,300,0.5,1700,0.5,1
2,3,4908,0,0,300,0.5,1700,0.5,1
2,4,6121,2,10,5,0,666,0.42,420,0.58,1
2,5,11857,2,10,5,0,666,0.42,420,0.58,1
2,6,13760,2,10,5,0,300,0.5,572,0.32,486,0.18,1
2,7,13508,1,0,300,0.5,1700,0.5,1
2,8,14382,1,0,300,0.5,1700,0.5,1
2,9,9795,1,0,500,0.6,1000,0.2,1400,0.2,1
2,10,7620,0,0,300,0.5,572,0.32,486,0.18,1
2,11,8953,1,0,300,0.5,1700,0.5,1
3,0,12341,1,0,300,0.5,572,0.32,486,0.18,1
3,1,12977,0,0,666,0.42,420,0.58,1
3,2,3330,1,0,666,0.42,420,0.58,1
3,3,495,2,10,5,0,300,0.5,1700,0.5,1
3,4,3881,0,0,300,0.5,1700,0.5,1
3,5,9741,2,10,5,0,300,0.5,1700,0.5,1
3,6,11584,2,10,5,0,300,0.5,572,0.32,486,0.18,1
3,7,14389,1,0,666,0.42,420,0.58,1
3,8,3098,0,0,500,0.6,1000,0.2,1400,0.2,1
3,9,9130,2,10,5,0,300,0.5,572,0.32,486,0.18,1
3,10,10584,1,0,300,0.5,1700,0.5,1
3,11,8961,0,0,666,0.42,420,0.58,1
4,0,11988,2,10,5,0,500,0.6,1000,0.2,1400,0.2,1
4,1,8837,2,10,5,0,666,0.42,420,0.58,1
4,2,14444,1,0,500,0.6,1000,0.2,1400,0.2,1
4,3,14266,2,10,5,0,500,0.6,1000,0.2,1400,0.2,1
4,4,12753,2,10,5,0,300,0.5,1700,0.5,1
4,5,1695,2,10,5,0,300,0.5,572,0.32,486,0.18,1
4,6,9882,1,0,500,0.6,1000,0.2,1400,0.2,1
4,7,14598,1,0,500,0.6,1000,0.2,1400,0.2,1
4,8,2758,2,10,5,0,300,0.5,1700,0.5,1
4,9,2972,1,0,300,0.5,572,0.32,486,0.18,1
4,10,13437,1,0,500,0.6,1000,0.2,1400,0.2,1
4,11,9606,0,0,300,0.5,572,0.32,486,0.18,1
5,0,1628,1,0,300,0.5,1700,0.5,1
5,1,3854,1,0,300,0.5,1700,0.5,1
5,2,11716,2,10,5,0,666,0.42,420,0.58,1
5,3,10798,0,0,500,0.6,1000,0.2,1400,0.2,1
5,4,7761,0,0,300,0.5,1700,0.5,1
5,5,6471,1,0,500,0.6,1000,0.2,1400,0.2,1
5,6,10755,1,0,300,0.5,572,0.32,486,0.18,1
5,7,7299,2,10,5,0,300,0.5,1700,0.5,1
5,8,5997,2,10,5,0,500,0.6,1000,0.2,1400,0.2,1
5,9,3095,0,0,300,0.5,1700,0.5,1
5,10,12051,0,0,666,0.42,420,0.58,1
5,11,8873,0,0,500,0.6,1000,0.2,1400,0.2,1
6,0,9442,2,10,5,0,500,0.6,1000,0.2,1400,0.2,1
6,1,10087,1,0,300,0.5,1700,0.5,1
6,2,12113,1,0,500,0.6,1000,0.2,1400,0.2,1
6,3,9792,1,0,300,0.5,1700,0.5,1
6,4,12820,2,10,5,0,300,0.5,1700,0.5,1
6,5,11515,2,10,5,0,666,0.42,420,0.58,1
6,6,12874,1,0,500,0.6,1000,0.2,1400,0.2,1
6,7,7333,1,0,300,0.5,1700,0.5,1
6,8,2665,1,0,300,0.5,1700,0.5,1
6,9,13559,0,0,666,0.42,420,0.58,1
6,10,14144,1,0,300,0.5,1700,0.5,1
6,11,11932,1,0,300,0.5,572,0.32,486,0.18,1
7,0,2969,2,10,5,0,500,0.6,1000,0.2,1400,0.2,1
7,1,336,0,0,666,0.42,420,0.58,1
7,2,1777,0,0,300,0.5,1700,0.5,1
7,3,14862,0,0,500,0.6,1000,0.2,1400,0.2,1
7,4,3761,1,0,300,0.5,572,0.32,486,0.18,1
7,5,10229,1,0,300,0.5,572,0.32,486,0.18,1
7,6,4142,1,0,300,0.5,572,0.32,486,0.18,1
7,7,11797,2,10,5,0,300,0.5,1700,0.5,1
7,8,10633,1,0,300,0.5,572,0.32,486,0.18,1
7,9,4838,1,0,300,0.5,1700,0.5,1
7,10,14225,2,10,5,0,300,0.5,572,0.32,486,0.18,1
7,11,14473,2,10,5,0,300,0.5,572,0.32,486,0.18,1
8,0,9361,2,10,5,0,300,0.5,1700,0.5,1
8,1,13908,1,0,300,0.5,572,0.32,486,0.18,1
8,2,11510,2,10,5,0,300,0.5,572,0.32,486,0.18,1
8,3,9710,1,0,666,0.42,420,0.58,1
8,4,10843,2,10,5,0,300,0.5,1700,0.5,1
8,5,6380,2,10,5,0,666,0.42,420,0.58,1
8,6,6231,0,0,300,0.5,572,0.32,486,0.18,1
8,7,12847,1,0,300,0.5,572,0.32,486,0.18,1
8,8,2745,0,0,300,0.5,572,0.32,486,0.18,1
8,9,8350,0,0,500,0.6,1000,0.2,1400,0.2,1
8,10,13242,2,10,5,0,300,0.5,572,0.32,486,0.18,1
8,11,8655,0,0,666,0.42,420,0.58,1
9,0,10283,0,0,500,0.6,1000,0.2,1400,0.2,1
9,1,13749,0,0,300,0.5,1700,0.5,1
9,2,1523,0,0,500,0.6,1000,0.2,1400,0.2,1
9,3,13296,1,0,300,0.5,572,0.32,486,0.18,1
9,4,9807,1,0,666,0.42,420,0.58,1
9,5,1646,1,0,666,0.42,420,0.58,1
9,6,6503,0,0,666,0.42,420,0.58,1
9,7,14103,1,0,666,0.42,420,0.58,1
9,8,5905,1,0,666,0.42,420,0.58,1
9,9,8433,1,0,500,0.6,1000,0.2,1400,0.2,1
9,10,12709,1,0,500,0.6,1000,0.2,1400,0.2,1
9,11,6373,1,0,500,0.6,1000,0.2,1400,0.2,1
10,0,11063,1,0,300,0.5,572,0.32,486,0.18,1
10,1,8767,0,0,300,0.5,572,0.32,486,0.18,1
10,2,2013,1,0,300,0.5,572,0.32,486,0.18,1
10,3,7160,0,0,666,0.42,420,0.58,1
10,4,9960,2,10,5,0,500,0.6,1000,0.2,1400,0.2,1
10,5,9857,0,0,300,0.5,572,0.32,486,0.18,1
10,6,10817,0,0,666,0.42,420,0.58,1
10,7,11720,2,10,5,0,500,0.6,1000,0.2,1400,0.2,1
10,8,6492,1,0,300,0.5,1700,0.5,1
10,9,5071,2,10,5,0,666,0.42,420,0.58,1
10,10,6685,1,0,666,0.42,420,0.58,1
10,11,5446,1,0,300,0.5,1700,0.5,1
11,0,11083,2,10,5,0,666,0.42,420,0.58,1
11,1,3326,0,0,500,0.6,1000,0.2,1400,0.2,1
11,2,3296,1,0,666,0.42,420,0.58,1
11,3,4557,2,10,5,0,500,0.6,1000,0.2,1400,0.2,1
11,4,918,2,10,5,0,300,0.5,572,0.32,486,0.18,1
11,5,14364,1,0,500,0.6,1000,0.2,1400,0.2,1
11,6,5895,2,10,5,0,300,0.5,1700,0.5,1
11,7,2470,1,0,300,0.5,1700,0.5,1
11,8,11871,2,10,5,0,666,0.42,420,0.58,1
11,9,5693,0,0,300,0.5,1700,0.5,1
11,10,3705,2,10,5,0,500,0.6,1000,0.2,1400,0.2,1
11,11,10544,0,0,300,0.5,572,0.32,486,0.18,1
