0,0,12544,1,0,500,0.6,1000,0.2,1400,0.2,1
0,1,13884,0,0,300,0.5,572,0.32,486,0.18,1
0,2,5120,0,0,300,0.5,572,0.32,486,0.18,1
0,3,12185,1,0,300,0.5,1700,0.5,1
0,4,6254,1,0,666,0.42,420,0.58,1
0,5,2435,1,0,666,0.42,420,0.58,1
0,6,6978,1,0,500,0.6,1000,0.2,1400,0.2,1
0,7,9277,0,0,300,0.5,1700,0.5,1
0,8,4814,1,0,300,0.5,1700,0.5,1
0,9,10817,2,10,5,0,300,0.5,1700,0.5,1
0,10,6435,2,10,5,0,300,0.5,1700,0.5,1
0,11,7257,1,0,666,0.42,420,0.58,1
1,0,14352,1,0,500,0.6,1000,0.2,1400,0.2,1
1,1,7211,2,10,5,0,300,0.5,1700,0.5,1
1,2,5808,2,10,5,0,500,0.6,1000,0.2,1400,0.2,0
1,3,5763,2,10,5,0,666,0.42,420,0.58,1
1,4,7584,2,10,5,0,300,0.5,572,0.32,486,0.18,1
1,5,6929,2,10,5,0,300,0.5,572,0.32,486,0.18,1
1,6,3336,1,0,300,0.5,1700,0.5,1
1,7,6303,1,0,300,0.5,1700,0.5,1
1,8,4888,1,0,666,0.42,420,0.58,1
1,9,271,0,0,666,0.42,420,0.58,1
1,10,7713,2,10,5,0,666,0.42,420,0.58,1
1,11,14329,0,0,666,0.42,420,0.58,1
2,0,8414,1,0,300,0.5,1700,0.5,1
2,1,1783,0,0,300,0.5,572,0.32,486,0.18,1
2,2,14355,1,0,666,0.42,420,0.58,1
2,3,13631,1,0,500,0.6,1000,0.2,1400,0.2,1
2,4,2752,0,0,500,0.6,1000,0.2,1400,0.2,1
2,5,1515,1,0,500,0.6,1000,0.2,1400,0.2,1
2,6,9742,1,0,300,0.5,572,0.32,486,0.18,1
2,7,7332,0,0,300,0.5,572,0.32,486,0.18,1
2,8,6504,0,0,500,0.6,1000,0.2,1400,0.2,1
2,9,3126,0,0,300,0.5,572,0.32,486,0.18,1
2,10,1280,0,0,500,0.6,1000,0.2,1400,0.2,1
2,11,6363,1,0,666,0.42,420,0.58,1
3,0,1159,1,0,300,0.5,1700,0.5,1
3,1,1918,0,0,300,0.5,1700,0.5,1
3,2,11697,0,0,300,0.5,1700,0.5,1
3,3,5101,1,0,500,0.6,1000,0.2,1400,0.2,1
3,4,10365,2,10,5,0,500,0.6,1000,0.2,1400,0.2,1
3,5,10384,0,0,300,0.5,1700,0.5,1
3,6,12790,1,0,300,0.5,1700,0.5,1
3,7,9948,2,10,5,0,300,0.5,572,0.32,486,0.18,1
3,8,12887,1,0,300,0.5,1700,0.5,1
3,9,3376,1,0,500,0.6,1000,0.2,1400,0.2,1
3,10,12361,1,0,300,0.5,572,0.32,486,0.18,1
3,11,1998,2,10,5,0,500,0.6,1000,0.2,1400,0.2,1
4,0,537,1,0,666,0.42,420,0.58,1
4,1,2926,1,0,300,0.5,1700,0.5,1
4,2,7994,0,0,666,0.42,420,0.58,1
4,3,577,0,0,500,0.6,1000,0.2,1400,0.2,1
4,4,3872,0,0,300,0.5,572,0.32,486,0.18,1
4,5,10795,2,10,5,0,300,0.5,1700,0.5,1
4,6,3267,2,10,5,0,500,0.6,1000,0.2,1400,0.2,1
4,7,11241,0,0,500,0.6,1000,0.2,1400,0.2,1
4,8,4830,1,0,500,0.6,1000,0.2,1400,0.2,1
4,9,6726,1,0,300,0.5,1700,0.5,1
4,10,7306,0,0,666,0.42,420,0.58,1
4,11,5645,1,0,300,0.5,572,0.32,486,0.18,1
5,0,2511,0,0,300,0.5,1700,0.5,1
5,1,14978,1,0,500,0.6,1000,0.2,1400,0.2,1
5,2,11992,0,0,300,0.5,1700,0.5,1
5,3,3214,1,0,300,0.5,1700,0.5,1
5,4,168,0,0,300,0.5,1700,0.5,1
5,5,11242,1,0,300,0.5,572,0.32,486,0.18,1
5,6,5221,0,0,300,0.5,572,0.32,486,0.18,1
5,7,4000,2,10,5,0,300,0.5,572,0.32,486,0.18,1
5,8,10724,1,0,666,0.42,420,0.58,1
5,9,9687,1,0,666,0.42,420,0.58,1
5,10,12608,2,10,5,0,666,0.42,420,0.58,1
5,11,9426,0,0,500,0.6,1000,0.2,1400,0.2,1
6,0,5913,1,0,666,0.42,420,0.58,1
6,1,1381,2,10,5,0,500,0.6,1000,0.2,1400,0.2,1
6,2,6218,2,10,5,0,500,0.6,1000,0.2,1400,0.2,1
6,3,8443,1,0,300,0.5,1700,0.5,1
6,4,9574,1,0,300,0.5,572,0.32,486,0.18,1
6,5,10788,2,10,5,0,300,0.5,1700,0.5,1
6,6,4624,1,0,300,0.5,572,0.32,486,0.18,1
6,7,8554,1,0,666,0.42,420,0.58,1
6,8,3657,0,0,300,0.5,1700,0.5,1
6,9,2933,0,0,300,0.5,1700,0.5,1
6,10,7536,0,0,666,0.42,420,0.58,1
6,11,12646,0,0,300,0.5,1700,0.5,1
7,0,1302,2,10,5,0,300,0.5,572,0.32,486,0.18,1
7,1,5828,0,0,300,0.5,1700,0.5,1
7,2,2458,2,10,5,0,500,0.6,1000,0.2,1400,0.2,1
7,3,4823,1,0,300,0.5,1700,0.5,1
7,4,924,2,10,5,0,300,0.5,572,0.32,486,0.18,1
7,5,12769,1,0,666,0.42,420,0.58,1
7,6,5574,0,0,300,0.5,1700,0.5,1
7,7,9748,2,10,5,0,500,0.6,1000,0.2,1400,0.2,1
7,8,13195,0,0,300,0.5,572,0.32,486,0.18,1
7,9,11290,2,10,5,0,666,0.42,420,0.58,1
7,10,5594,2,10,5,0,500,0.6,1000,0.2,1400,0.2,1
7,11,7396,0,0,500,0.6,1000,0.2,1400,0.2,1
8,0,4054,2,10,5,0,300,0.5,1700,0.5,1
8,1,3878,1,0,300,0.5,1700,0.5,1
8,2,531,1,0,500,0.6,1000,0.2,1400,0.2,1
8,3,13138,0,0,300,0.5,1700,0.5,1
8,4,9680,2,10,5,0,666,0.42,420,0.58,1
8,5,6911,2,10,5,0,666,0.42,420,0.58,1
8,6,9604,2,10,5,0,300,0.5,572,0.32,486,0.18,1
8,7,2006,1,0,500,0.6,1000,0.2,1400,0.2,1
8,8,12261,0,0,666,0.42,420,0.58,1
8,9,1910,0,0,666,0.42,420,0.58,1
8,10,9498,2,10,5,0,500,0.6,1000,0.2,1400,0.2,1
8,11,1202,2,10,5,0,300,0.5,572,0.32,486,0.18,1
9,0,4170,2,10,5,0,666,0.42,420,0.58,1
9,1,956,2,10,5,0,300,0.5,572,0.32,486,0.18,1
9,2,2539,1,0,666,0.42,420,0.58,1
9,3,4192,1,0,500,0.6,1000,0.2,1400,0.2,1
9,4,13942,1,0,300,0.5,1700,0.5,1
9,5,13466,1,0,300,0.5,1700,0.5,1
9,6,6710,2,10,5,0,300,0.5,572,0.32,486,0.18,1
9,7,4575,1,0,300,0.5,1700,0.5,1
9,8,13654,0,0,300,0.5,572,0.32,486,0.18,1
9,9,4890,0,0,300,0.5,572,0.32,486,0.18,1
9,10,7022,0,0,500,0.6,1000,0.2,1400,0.2,1
9,11,4669,0,0,300,0.5,1700,0.5,1
10,0,297,1,0,300,0.5,1700,0.5,1
10,1,6594,1,0,666,0.42,420,0.58,1
10,2,7097,0,0,666,0.42,420,0.58,1
10,3,3212,0,0,500,0.6,1000,0.2,1400,0.2,1
10,4,12353,2,10,5,0,300,0.5,572,0.32,486,0.18,1
10,5,12153,1,0,300,0.5,1700,0.5,1
10,6,4232,1,0,666,0.42,420,0.58,1
10,7,7078,1,0,500,0.6,1000,0.2,1400,0.2,1
10,8,11879,0,0,300,0.5,1700,0.5,1
10,9,1618,2,10,5,0,300,0.5,572,0.32,486,0.18,1
10,10,3377,0,0,666,0.42,420,0.58,1
10,11,2085,0,0,300,0.5,572,0.32,486,0.18,1
11,0,3165,1,0,300,0.5,1700,0.5,1
11,1,11948,2,10,5,0,300,0.5,572,0.32,486,0.18,1
11,2,12320,1,0,500,0.6,1000,0.2,1400,0.2,1
11,3,7327,2,10,5,0,300,0.5,1700,0.5,1
11,4,11686,2,10,5,0,300,0.5,1700,0.5,1
11,5,2337,0,0,300,0.5,1700,0.5,1
11,6,7648,1,0,666,0.42,420,0.58,1
11,7,9705,0,0,666,0.42,420,0.58,1
11,8,13268,0,0,500,0.6,1000,0.2,1400,0.2,1
11,9,5690,1,0,500,0.6,1000,0.2,1400,0.2,1
11,10,13042,1,0,500,0.6,1000,0.2,1400,0.2,1
11,11,8894,0,0,666,0.42,420,0.58,1
