0,0,4608,0,0,300,0.5,1700,0.5,1
0,1,2338,2,10,5,0,500,0.6,1000,0.2,1400,0.2,1
0,2,3183,1,0,500,0.6,1000,0.2,1400,0.2,1
0,3,11960,0,0,666,0.42,420,0.58,1
0,4,10236,2,10,5,0,500,0.6,1000,0.2,1400,0.2,1
0,5,5395,0,0,300,0.5,1700,0.5,1
0,6,657,0,0,300,0.5,1700,0.5,1
0,7,5220,1,0,300,0.5,572,0.32,486,0.18,1
0,8,10974,1,0,666,0.42,420,0.58,1
0,9,4828,2,10,5,0,300,0.5,1700,0.5,1
0,10,5270,0,0,666,0.42,420,0.58,1
0,11,7784,1,0,500,0.6,1000,0.2,1400,0.2,1
1,0,11640,0,0,300,0.5,1700,0.5,1
1,1,14257,1,0,666,0.42,420,0.58,1
1,2,4454,0,0,300,0.5,1700,0.5,0
1,3,5951,1,0,300,0.5,572,0.32,486,0.18,1
1,4,3235,0,0,300,0.5,1700,0.5,1
1,5,4477,0,0,666,0.42,420,0.58,1
1,6,12350,2,10,5,0,300,0.5,572,0.32,486,0.18,1
1,7,12891,2,10,5,0,500,0.6,1000,0.2,1400,0.2,1
1,8,7594,0,0,300,0.5,572,0.32,486,0.18,1
1,9,10689,2,10,5,0,500,0.6,1000,0.2,1400,0.2,1
1,10,4937,0,0,300,0.5,1700,0.5,1
1,11,12493,0,0,500,0.6,1000,0.2,1400,0.2,1
2,0,6308,0,0,300,0.5,572,0.32,486,0.18,1
2,1,6453,1,0,666,0.42,420,0.58,1
2,2,2606,0,0,666,0.42,420,0.58,1
2,3,5300,1,0,666,0.42,420,0.58,1
2,4,12813,1,0,666,0.42,420,0.58,1
2,5,10938,2,10,5,0,300,0.5,572,0.32,486,0.18,1
2,6,10167,1,0,666,0.42,420,0.58,1
2,7,5272,2,10,5,0,300,0.5,572,0.32,486,0.18,1
2,8,12721,1,0,300,0.5,572,0.32,486,0.18,1
2,9,4607,0,0,666,0.42,420,0.58,1
2,10,6177,0,0,666,0.42,420,0.58,1
2,11,7485,0,0,500,0.6,1000,0.2,1400,0.2,1
3,0,13057,2,10,5,0,300,0.5,572,0.32,486,0.18,1
3,1,1163,0,0,300,0.5,1700,0.5,1
3,2,4988,0,0,500,0.6,1000,0.2,1400,0.2,1
3,3,12971,0,0,500,0.6,1000,0.2,1400,0.2,1
3,4,10029,1,0,500,0.6,1000,0.2,1400,0.2,1
3,5,8126,2,10,5,0,500,0.6,1000,0.2,1400,0.2,1
3,6,7903,1,0,300,0.5,1700,0.5,1
3,7,7601,2,10,5,0,300,0.5,572,0.32,486,0.18,1
3,8,14805,1,0,666,0.42,420,0.58,1
3,9,4500,0,0,300,0.5,1700,0.5,1
3,10,4782,2,10,5,0,300,0.5,1700,0.5,1
3,11,9289,1,0,300,0.5,572,0.32,486,0.18,1
4,0,9708,2,10,5,0,666,0.42,420,0.58,1
4,1,379,0,0,300,0.5,572,0.32,486,0.18,1
4,2,1872,0,0,300,0.5,1700,0.5,1
4,3,11232,2,10,5,0,666,0.42,420,0.58,1
4,4,7736,2,10,5,0,300,0.5,572,0.32,486,0.18,1
4,5,14713,1,0,300,0.5,572,0.32,486,0.18,1
4,6,9728,2,10,5,0,500,0.6,1000,0.2,1400,0.2,1
4,7,3160,0,0,300,0.5,572,0.32,486,0.18,1
4,8,3508,0,0,300,0.5,1700,0.5,1
4,9,1104,2,10,5,0,300,0.5,572,0.32,486,0.18,1
4,10,11954,1,0,300,0.5,1700,0.5,1
4,11,2255,0,0,300,0.5,572,0.32,486,0.18,1
5,0,8214,1,0,666,0.42,420,0.58,1
5,1,7072,2,10,5,0,666,0.42,420,0.58,1
5,2,661,1,0,666,0.42,420,0.58,1
5,3,11444,1,0,500,0.6,1000,0.2,1400,0.2,1
5,4,1507,1,0,300,0.5,1700,0.5,1
5,5,14115,2,10,5,0,300,0.5,572,0.32,486,0.18,1
5,6,2196,0,0,666,0.42,420,0.58,1
5,7,5023,1,0,300,0.5,1700,0.5,1
5,8,13301,2,10,5,0,300,0.5,1700,0.5,1
5,9,12097,0,0,500,0.6,1000,0.2,1400,0.2,1
5,10,4206,2,10,5,0,500,0.6,1000,0.2,1400,0.2,1
5,11,5380,1,0,500,0.6,1000,0.2,1400,0.2,1
6,0,5521,0,0,300,0.5,572,0.32,486,0.18,1
6,1,6394,2,10,5,0,500,0.6,1000,0.2,1400,0.2,1
6,2,592,0,0,300,0.5,1700,0.5,1
6,3,9255,1,0,500,0.6,1000,0.2,1400,0.2,1
6,4,1626,2,10,5,0,300,0.5,1700,0.5,1
6,5,7280,1,0,300,0.5,572,0.32,486,0.18,1
6,6,7380,2,10,5,0,300,0.5,572,0.32,486,0.18,1
6,7,6508,1,0,300,0.5,572,0.32,486,0.18,1
6,8,6297,0,0,300,0.5,572,0.32,486,0.18,1
6,9,3108,2,10,5,0,500,0.6,1000,0.2,1400,0.2,1
6,10,8871,2,10,5,0,300,0.5,572,0.32,486,0.18,1
6,11,14388,0,0,666,0.42,420,0.58,1
7,0,1987,0,0,300,0.5,572,0.32,486,0.18,1
7,1,5563,2,10,5,0,500,0.6,1000,0.2,1400,0.2,1
7,2,7847,0,0,300,0.5,572,0.32,486,0.18,1
7,3,13823,2,10,5,0,666,0.42,420,0.58,1
7,4,13714,2,10,5,0,300,0.5,572,0.32,486,0.18,1
7,5,11644,2,10,5,0,300,0.5,1700,0.5,1
7,6,3746,2,10,5,0,500,0.6,1000,0.2,1400,0.2,1
7,7,5673,2,10,5,0,666,0.42,420,0.58,1
7,8,11444,1,0,500,0.6,1000,0.2,1400,0.2,1
7,9,14993,1,0,300,0.5,1700,0.5,1
7,10,10806,0,0,666,0.42,420,0.58,1
7,11,2781,1,0,500,0.6,1000,0.2,1400,0.2,1
8,0,6089,2,10,5,0,500,0.6,1000,0.2,1400,0.2,1
8,1,179,2,10,5,0,300,0.5,1700,0.5,1
8,2,12034,0,0,666,0.42,420,0.58,1
8,3,7555,2,10,5,0,500,0.6,1000,0.2,1400,0.2,1
8,4,9979,0,0,300,0.5,1700,0.5,1
8,5,7780,0,0,300,0.5,572,0.32,486,0.18,1
8,6,12700,1,0,300,0.5,572,0.32,486,0.18,1
8,7,7901,0,0,666,0.42,420,0.58,1
8,8,2594,1,0,666,0.42,420,0.58,1
8,9,14884,2,10,5,0,300,0.5,1700,0.5,1
8,10,10380,2,10,5,0,666,0.42,420,0.58,1
8,11,9126,0,0,300,0.5,1700,0.5,1
9,0,1129,2,10,5,0,300,0.5,1700,0.5,1
9,1,3160,1,0,300,0.5,572,0.32,486,0.18,1
9,2,3945,0,0,500,0.6,1000,0.2,1400,0.2,1
9,3,13559,1,0,300,0.5,572,0.32,486,0.18,1
9,4,1822,1,0,666,0.42,420,0.58,1
9,5,13078,0,0,300,0.5,1700,0.5,1
9,6,6581,2,10,5,0,500,0.6,1000,0.2,1400,0.2,1
9,7,8666,0,0,300,0.5,572,0.32,486,0.18,1
9,8,8798,0,0,300,0.5,1700,0.5,1
9,9,8644,2,10,5,0,500,0.6,1000,0.2,1400,0.2,1
9,10,11897,1,0,666,0.42,420,0.58,1
9,11,2464,1,0,300,0.5,572,0.32,486,0.18,1
10,0,14102,1,0,300,0.5,572,0.32,486,0.18,1
10,1,2191,1,0,500,0.6,1000,0.2,1400,0.2,1
10,2,11122,0,0,666,0.42,420,0.58,1
10,3,12004,0,0,300,0.5,572,0.32,486,0.18,1
10,4,5726,2,10,5,0,300,0.5,572,0.32,486,0.18,1
10,5,189,0,0,666,0.42,420,0.58,1
10,6,970,0,0,500,0.6,1000,0.2,1400,0.2,1
10,7,4625,2,10,5,0,666,0.42,420,0.58,1
10,8,8492,2,10,5,0,300,0.5,572,0.32,486,0.18,1
10,9,5429,1,0,500,0.6,1000,0.2,1400,0.2,1
10,10,9862,1,0,300,0.5,1700,0.5,1
10,11,8159,1,0,300,0.5,572,0.32,486,0.18,1
11,0,11215,0,0,300,0.5,572,0.32,486,0.18,1
11,1,408,1,0,300,0.5,572,0.32,486,0.18,1
11,2,7485,0,0,300,0.5,572,0.32,486,0.18,1
11,3,5344,1,0,666,0.42,420,0.58,1
11,4,14958,2,10,5,0,300,0.5,572,0.32,486,0.18,1
11,5,4694,0,0,666,0.42,420,0.58,1
11,6,969,1,0,300,0.5,572,0.32,486,0.18,1
11,7,11273,1,0,666,0.42,420,0.58,1
11,8,3863,2,10,5,0,500,0.6,1000,0.2,1400,0.2,1
11,9,13294,1,0,300,0.5,572,0.32,486,0.18,1
11,10,1978,0,0,300,0.5,1700,0.5,1
11,11,12892,1,0,666,0.42,420,0.58,1
