0,0,7152,1,0,300,0.5,572,0.32,486,0.18,1
0,1,327,1,0,300,0.5,572,0.32,486,0.18,1
0,2,11881,1,0,666,0.42,420,0.58,1
0,3,6615,2,10,5,0,300,0.5,1700,0.5,1
0,4,7394,1,0,300,0.5,572,0.32,486,0.18,1
0,5,7969,0,0,666,0.42,420,0.58,1
0,6,3350,1,0,300,0.5,1700,0.5,1
0,7,12937,0,0,666,0.42,420,0.58,1
0,8,8906,1,0,300,0.5,572,0.32,486,0.18,1
0,9,3587,1,0,300,0.5,1700,0.5,1
0,10,13530,0,0,300,0.5,572,0.32,486,0.18,1
0,11,5645,0,0,500,0.6,1000,0.2,1400,0.2,1
1,0,11377,2,10,5,0,300,0.5,1700,0.5,1
1,1,10710,0,0,500,0.6,1000,0.2,1400,0.2,1
1,2,7882,0,0,300,0.5,572,0.32,486,0.18,0
1,3,5869,1,0,500,0.6,1000,0.2,1400,0.2,1
1,4,6627,2,10,5,0,300,0.5,1700,0.5,1
1,5,7973,1,0,500,0.6,1000,0.2,1400,0.2,1
1,6,1960,1,0,300,0.5,1700,0.5,1
1,7,9191,1,0,500,0.6,1000,0.2,1400,0.2,1
1,8,5252,0,0,500,0.6,1000,0.2,1400,0.2,1
1,9,4131,0,0,300,0.5,572,0.32,486,0.18,1
1,10,5299,2,10,5,0,300,0.5,1700,0.5,1
1,11,1188,0,0,300,0.5,1700,0.5,1
2,0,14099,2,10,5,0,500,0.6,1000,0.2,1400,0.2,1
2,1,5542,1,0,666,0.42,420,0.58,1
2,2,10773,2,10,5,0,300,0.5,1700,0.5,1
2,3,12177,2,10,5,0,300,0.5,572,0.32,486,0.18,1
2,4,12603,1,0,666,0.42,420,0.58,1
2,5,244,0,0,300,0.5,572,0.32,486,0.18,1
2,6,6089,1,0,300,0.5,1700,0.5,1
2,7,8758,2,10,5,0,500,0.6,1000,0.2,1400,0.2,1
2,8,14885,1,0,300,0.5,1700,0.5,1
2,9,4631,1,0,666,0.42,420,0.58,1
2,10,10929,0,0,500,0.6,1000,0.2,1400,0.2,1
2,11,1917,1,0,300,0.5,1700,0.5,1
3,0,290,2,10,5,0,500,0.6,1000,0.2,1400,0.2,1
3,1,1899,1,0,500,0.6,1000,0.2,1400,0.2,1
3,2,13532,0,0,500,0.6,1000,0.2,1400,0.2,1
3,3,6580,2,10,5,0,300,0.5,572,0.32,486,0.18,1
3,4,13015,1,0,500,0.6,1000,0.2,1400,0.2,1
3,5,1967,0,0,300,0.5,572,0.32,486,0.18,1
3,6,6878,1,0,666,0.42,420,0.58,1
3,7,9032,0,0,300,0.5,572,0.32,486,0.18,1
3,8,8803,2,10,5,0,666,0.42,420,0.58,1
3,9,3932,1,0,500,0.6,1000,0.2,1400,0.2,1
3,10,9056,1,0,500,0.6,1000,0.2,1400,0.2,1
3,11,12250,2,10,5,0,666,0.42,420,0.58,1
4,0,4214,0,0,300,0.5,572,0.32,486,0.18,1
4,1,10352,1,0,500,0.6,1000,0.2,1400,0.2,1
4,2,13907,1,0,300,0.5,572,0.32,486,0.18,1
4,3,11892,2,10,5,0,500,0.6,1000,0.2,1400,0.2,1
4,4,1800,2,10,5,0,500,0.6,1000,0.2,1400,0.2,1
4,5,11464,2,10,5,0,500,0.6,1000,0.2,1400,0.2,1
4,6,6731,0,0,300,0.5,572,0.32,486,0.18,1
4,7,613,0,0,300,0.5,1700,0.5,1
4,8,12784,1,0,300,0.5,572,0.32,486,0.18,1
4,9,12531,2,10,5,0,666,0.42,420,0.58,1
4,10,6629,2,10,5,0,300,0.5,572,0.32,486,0.18,1
4,11,8819,0,0,500,0.6,1000,0.2,1400,0.2,1
5,0,5796,0,0,300,0.5,1700,0.5,1
5,1,3318,1,0,300,0.5,572,0.32,486,0.18,1
5,2,811,0,0,300,0.5,1700,0.5,1
5,3,623,1,0,666,0.42,420,0.58,1
5,4,13003,1,0,300,0.5,1700,0.5,1
5,5,13065,2,10,5,0,666,0.42,420,0.58,1
5,6,8039,2,10,5,0,666,0.42,420,0.58,1
5,7,13866,1,0,666,0.42,420,0.58,1
5,8,10537,0,0,300,0.5,572,0.32,486,0.18,1
5,9,6016,2,10,5,0,300,0.5,572,0.32,486,0.18,1
5,10,7103,2,10,5,0,300,0.5,572,0.32,486,0.18,1
5,11,962,2,10,5,0,500,0.6,1000,0.2,1400,0.2,1
6,0,4465,2,10,5,0,666,0.42,420,0.58,1
6,1,9550,0,0,500,0.6,1000,0.2,1400,0.2,1
6,2,11050,2,10,5,0,666,0.42,420,0.58,1
6,3,2091,1,0,300,0.5,1700,0.5,1
6,4,2075,0,0,300,0.5,572,0.32,486,0.18,1
6,5,8205,2,10,5,0,300,0.5,572,0.32,486,0.18,1
6,6,8961,0,0,666,0.42,420,0.58,1
6,7,13138,1,0,300,0.5,572,0.32,486,0.18,1
6,8,723,2,10,5,0,300,0.5,572,0.32,486,0.18,1
6,9,7766,2,10,5,0,300,0.5,1700,0.5,1
6,10,5117,1,0,500,0.6,1000,0.2,1400,0.2,1
6,11,7705,2,10,5,0,500,0.6,1000,0.2,1400,0.2,1
7,0,11562,2,10,5,0,300,0.5,1700,0.5,1
7,1,11692,1,0,666,0.42,420,0.58,1
7,2,1031,0,0,666,0.42,420,0.58,1
7,3,4233,1,0,666,0.42,420,0.58,1
7,4,9020,2,10,5,0,500,0.6,1000,0.2,1400,0.2,1
7,5,10012,2,10,5,0,666,0.42,420,0.58,1
7,6,13256,1,0,500,0.6,1000,0.2,1400,0.2,1
7,7,9679,2,10,5,0,666,0.42,420,0.58,1
7,8,2452,2,10,5,0,500,0.6,1000,0.2,1400,0.2,1
7,9,3903,0,0,666,0.42,420,0.58,1
7,10,13815,2,10,5,0,500,0.6,1000,0.2,1400,0.2,1
7,11,5707,0,0,666,0.42,420,0.58,1
8,0,13031,2,10,5,0,300,0.5,1700,0.5,1
8,1,14546,2,10,5,0,300,0.5,572,0.32,486,0.18,1
8,2,803,1,0,300,0.5,1700,0.5,1
8,3,12227,1,0,300,0.5,1700,0.5,1
8,4,7588,2,10,5,0,300,0.5,572,0.32,486,0.18,1
8,5,12955,2,10,5,0,500,0.6,1000,0.2,1400,0.2,1
8,6,8713,0,0,666,0.42,420,0.58,1
8,7,12387,0,0,666,0.42,420,0.58,1
8,8,755,2,10,5,0,300,0.5,1700,0.5,1
8,9,11978,1,0,666,0.42,420,0.58,1
8,10,11588,0,0,500,0.6,1000,0.2,1400,0.2,1
8,11,7562,1,0,300,0.5,1700,0.5,1
9,0,3686,1,0,500,0.6,1000,0.2,1400,0.2,1
9,1,9281,0,0,300,0.5,1700,0.5,1
9,2,5167,1,0,666,0.42,420,0.58,1
9,3,8836,0,0,500,0.6,1000,0.2,1400,0.2,1
9,4,2059,1,0,500,0.6,1000,0.2,1400,0.2,1
9,5,11155,2,10,5,0,500,0.6,1000,0.2,1400,0.2,1
9,6,3314,2,10,5,0,666,0.42,420,0.58,1
9,7,8644,2,10,5,0,300,0.5,1700,0.5,1
9,8,6366,1,0,666,0.42,420,0.58,1
9,9,12434,0,0,500,0.6,1000,0.2,1400,0.2,1
9,10,1265,2,10,5,0,500,0.6,1000,0.2,1400,0.2,1
9,11,1710,2,10,5,0,300,0.5,1700,0.5,1
10,0,3424,2,10,5,0,300,0.5,1700,0.5,1
10,1,10303,1,0,500,0.6,1000,0.2,1400,0.2,1
10,2,9379,0,0,300,0.5,1700,0.5,1
10,3,9094,2,10,5,0,300,0.5,572,0.32,486,0.18,1
10,4,6488,1,0,500,0.6,1000,0.2,1400,0.2,1
10,5,14048,2,10,5,0,300,0.5,1700,0.5,1
10,6,13437,0,0,500,0.6,1000,0.2,1400,0.2,1
10,7,7768,0,0,300,0.5,1700,0.5,1
10,8,7457,2,10,5,0,666,0.42,420,0.58,1
10,9,6472,1,0,666,0.42,420,0.58,1
10,10,12339,1,0,666,0.42,420,0.58,1
10,11,13915,0,0,300,0.5,572,0.32,486,0.18,1
11,0,2664,1,0,500,0.6,1000,0.2,1400,0.2,1
11,1,11265,0,0,500,0.6,1000,0.2,1400,0.2,1
11,2,12377,0,0,500,0.6,1000,0.2,1400,0.2,1
11,3,7228,0,0,300,0.5,1700,0.5,1
11,4,3924,1,0,666,0.42,420,0.58,1
11,5,3297,0,0,666,0.42,420,0.58,1
11,6,1249,1,0,300,0.5,1700,0.5,1
11,7,12853,1,0,300,0.5,1700,0.5,1
11,8,6123,0,0,300,0.5,1700,0.5,1
11,9,1576,0,0,300,0.5,1700,0.5,1
11,10,9048,2,10,5,0,300,0.5,1700,0.5,1
11,11,10255,0,0,666,0.42,420,0.58,1
