0,0,554,1,0,300,0.5,572,0.32,486,0.18,1
0,1,12480,2,10,5,0,500,0.6,1000,0.2,1400,0.2,1
0,2,6057,0,0,500,0.6,1000,0.2,1400,0.2,1
0,3,5005,1,0,500,0.6,1000,0.2,1400,0.2,1
0,4,9485,2,10,5,0,666,0.42,420,0.58,1
0,5,595,1,0,666,0.42,420,0.58,1
0,6,2462,1,0,666,0.42,420,0.58,1
0,7,1178,1,0,300,0.5,1700,0.5,1
0,8,10146,0,0,500,0.6,1000,0.2,1400,0.2,1
0,9,9386,2,10,5,0,500,0.6,1000,0.2,1400,0.2,1
0,10,1413,1,0,666,0.42,420,0.58,1
0,11,508,1,0,300,0.5,1700,0.5,1
1,0,12875,0,0,500,0.6,1000,0.2,1400,0.2,1
1,1,3185,2,10,5,0,300,0.5,572,0.32,486,0.18,1
1,2,2531,2,10,5,0,666,0.42,420,0.58,0
1,3,11087,0,0,300,0.5,1700,0.5,1
1,4,9597,0,0,666,0.42,420,0.58,1
1,5,3873,1,0,300,0.5,572,0.32,486,0.18,1
1,6,12866,1,0,300,0.5,1700,0.5,1
1,7,5426,0,0,500,0.6,1000,0.2,1400,0.2,1
1,8,10521,0,0,666,0.42,420,0.58,1
1,9,2657,2,10,5,0,500,0.6,1000,0.2,1400,0.2,1
1,10,10217,1,0,300,0.5,1700,0.5,1
1,11,9250,0,0,666,0.42,420,0.58,1
2,0,6446,1,0,666,0.42,420,0.58,1
2,1,3363,1,0,500,0.6,1000,0.2,1400,0.2,1
2,2,10961,0,0,300,0.5,1700,0.5,1
2,3,14503,1,0,300,0.5,572,0.32,486,0.18,1
2,4,9062,2,10,5,0,500,0.6,1000,0.2,1400,0.2,1
2,5,12152,1,0,500,0.6,1000,0.2,1400,0.2,1
2,6,5067,1,0,666,0.42,420,0.58,1
2,7,6307,2,10,5,0,500,0.6,1000,0.2,1400,0.2,1
2,8,454,2,10,5,0,300,0.5,1700,0.5,1
2,9,9481,0,0,300,0.5,1700,0.5,1
2,10,7278,1,0,500,0.6,1000,0.2,1400,0.2,1
2,11,11923,0,0,300,0.5,572,0.32,486,0.18,1
3,0,11935,2,10,5,0,500,0.6,1000,0.2,1400,0.2,1
3,1,2572,0,0,300,0.5,1700,0.5,1
3,2,4080,0,0,666,0.42,420,0.58,1
3,3,7213,1,0,500,0.6,1000,0.2,1400,0.2,1
3,4,9663,1,0,500,0.6,1000,0.2,1400,0.2,1
3,5,9702,2,10,5,0,300,0.5,1700,0.5,1
3,6,4227,1,0,300,0.5,1700,0.5,1
3,7,494,0,0,500,0.6,1000,0.2,1400,0.2,1
3,8,354,0,0,300,0.5,572,0.32,486,0.18,1
3,9,14552,2,10,5,0,300,0.5,1700,0.5,1
3,10,8698,2,10,5,0,300,0.5,572,0.32,486,0.18,1
3,11,14598,2,10,5,0,500,0.6,1000,0.2,1400,0.2,1
4,0,4424,2,10,5,0,300,0.5,572,0.32,486,0.18,1
4,1,13656,1,0,500,0.6,1000,0.2,1400,0.2,1
4,2,4966,0,0,300,0.5,572,0.32,486,0.18,1
4,3,8856,0,0,300,0.5,572,0.32,486,0.18,1
4,4,3338,1,0,500,0.6,1000,0.2,1400,0.2,1
4,5,2728,2,10,5,0,666,0.42,420,0.58,1
4,6,11729,2,10,5,0,666,0.42,420,0.58,1
4,7,9034,1,0,300,0.5,1700,0.5,1
4,8,5480,0,0,300,0.5,572,0.32,486,0.18,1
4,9,13204,2,10,5,0,300,0.5,1700,0.5,1
4,10,5270,2,10,5,0,666,0.42,420,0.58,1
4,11,8130,2,10,5,0,300,0.5,1700,0.5,1
5,0,12840,2,10,5,0,666,0.42,420,0.58,1
5,1,4171,1,0,666,0.42,420,0.58,1
5,2,2347,0,0,300,0.5,572,0.32,486,0.18,1
5,3,13490,1,0,300,0.5,572,0.32,486,0.18,1
5,4,4605,1,0,500,0.6,1000,0.2,1400,0.2,1
5,5,10243,2,10,5,0,300,0.5,1700,0.5,1
5,6,3556,2,10,5,0,300,0.5,1700,0.5,1
5,7,4459,1,0,666,0.42,420,0.58,1
5,8,7606,2,10,5,0,500,0.6,1000,0.2,1400,0.2,1
5,9,11220,0,0,300,0.5,1700,0.5,1
5,10,8863,0,0,300,0.5,1700,0.5,1
5,11,3452,1,0,300,0.5,1700,0.5,1
6,0,309,2,10,5,0,666,0.42,420,0.58,1
6,1,10604,2,10,5,0,300,0.5,1700,0.5,1
6,2,7080,2,10,5,0,500,0.6,1000,0.2,1400,0.2,1
6,3,13742,0,0,500,0.6,1000,0.2,1400,0.2,1
6,4,7539,1,0,666,0.42,420,0.58,1
6,5,10789,0,0,500,0.6,1000,0.2,1400,0.2,1
6,6,2402,0,0,500,0.6,1000,0.2,1400,0.2,1
6,7,7188,2,10,5,0,300,0.5,572,0.32,486,0.18,1
6,8,11967,0,0,500,0.6,1000,0.2,1400,0.2,1
6,9,10610,2,10,5,0,500,0.6,1000,0.2,1400,0.2,1
6,10,1384,0,0,666,0.42,420,0.58,1
6,11,211,1,0,300,0.5,572,0.32,486,0.18,1
7,0,11524,2,10,5,0,500,0.6,1000,0.2,1400,0.2,1
7,1,1109,1,0,500,0.6,1000,0.2,1400,0.2,1
7,2,14075,1,0,300,0.5,572,0.32,486,0.18,1
7,3,6602,0,0,666,0.42,420,0.58,1
7,4,12280,2,10,5,0,300,0.5,572,0.32,486,0.18,1
7,5,7122,1,0,500,0.6,1000,0.2,1400,0.2,1
7,6,990,2,10,5,0,666,0.42,420,0.58,1
7,7,13319,0,0,500,0.6,1000,0.2,1400,0.2,1
7,8,2670,1,0,500,0.6,1000,0.2,1400,0.2,1
7,9,13111,0,0,666,0.42,420,0.58,1
7,10,1819,0,0,300,0.5,572,0.32,486,0.18,1
7,11,11974,2,10,5,0,300,0.5,1700,0.5,1
8,0,597,0,0,300,0.5,1700,0.5,1
8,1,14846,0,0,300,0.5,1700,0.5,1
8,2,1787,2,10,5,0,300,0.5,1700,0.5,1
8,3,12320,2,10,5,0,666,0.42,420,0.58,1
8,4,13564,2,10,5,0,500,0.6,1000,0.2,1400,0.2,1
8,5,13933,1,0,300,0.5,1700,0.5,1
8,6,10778,0,0,300,0.5,572,0.32,486,0.18,1
8,7,9922,0,0,300,0.5,1700,0.5,1
8,8,13743,1,0,300,0.5,572,0.32,486,0.18,1
8,9,385,0,0,500,0.6,1000,0.2,1400,0.2,1
8,10,11496,2,10,5,0,300,0.5,572,0.32,486,0.18,1
8,11,6899,1,0,500,0.6,1000,0.2,1400,0.2,1
9,0,3977,0,0,300,0.5,1700,0.5,1
9,1,2730,0,0,300,0.5,572,0.32,486,0.18,1
9,2,2210,1,0,666,0.42,420,0.58,1
9,3,5987,1,0,500,0.6,1000,0.2,1400,0.2,1
9,4,12239,1,0,300,0.5,1700,0.5,1
9,5,12917,2,10,5,0,300,0.5,572,0.32,486,0.18,1
9,6,352,0,0,666,0.42,420,0.58,1
9,7,10359,0,0,300,0.5,1700,0.5,1
9,8,6103,2,10,5,0,300,0.5,572,0.32,486,0.18,1
9,9,4780,1,0,300,0.5,1700,0.5,1
9,10,12750,0,0,300,0.5,572,0.32,486,0.18,1
9,11,1743,2,10,5,0,666,0.42,420,0.58,1
10,0,3290,0,0,666,0.42,420,0.58,1
10,1,1801,2,10,5,0,500,0.6,1000,0.2,1400,0.2,1
10,2,9426,2,10,5,0,666,0.42,420,0.58,1
10,3,9499,1,0,666,0.42,420,0.58,1
10,4,7549,1,0,666,0.42,420,0.58,1
10,5,8209,0,0,500,0.6,1000,0.2,1400,0.2,1
10,6,7644,1,0,500,0.6,1000,0.2,1400,0.2,1
10,7,11890,1,0,300,0.5,1700,0.5,1
10,8,695,2,10,5,0,666,0.42,420,0.58,1
10,9,7971,2,10,5,0,300,0.5,572,0.32,486,0.18,1
10,10,8478,0,0,300,0.5,1700,0.5,1
10,11,9999,2,10,5,0,300,0.5,572,0.32,486,0.18,1
11,0,3523,1,0,500,0.6,1000,0.2,1400,0.2,1
11,1,12759,1,0,666,0.42,420,0.58,1
11,2,7464,0,0,500,0.6,1000,0.2,1400,0.2,1
11,3,2496,1,0,500,0.6,1000,0.2,1400,0.2,1
11,4,11146,1,0,500,0.6,1000,0.2,1400,0.2,1
11,5,6507,2,10,5,0,300,0.5,572,0.32,486,0.18,1
11,6,3922,0,0,300,0.5,572,0.32,486,0.18,1
11,7,4273,0,0,300,0.5,572,0.32,486,0.18,1
11,8,8303,1,0,300,0.5,1700,0.5,1
11,9,3847,0,0,666,0.42,420,0.58,1
11,10,1069,1,0,666,0.42,420,0.58,1
11,11,13818,0,0,300,0.5,572,0.32,486,0.18,1
