0,0,3988,0,0,300,0.5,572,0.32,486,0.18,1
0,1,1061,1,0,666,0.42,420,0.58,1
0,2,1133,0,0,300,0.5,572,0.32,486,0.18,1
0,3,9349,0,0,500,0.6,1000,0.2,1400,0.2,1
0,4,5072,1,0,300,0.5,572,0.32,486,0.18,1
0,5,9760,2,10,5,0,300,0.5,572,0.32,486,0.18,1
0,6,6696,1,0,300,0.5,572,0.32,486,0.18,1
0,7,9428,2,10,5,0,300,0.5,1700,0.5,1
0,8,7572,1,0,300,0.5,1700,0.5,1
0,9,4170,0,0,300,0.5,1700,0.5,1
0,10,11571,1,0,300,0.5,572,0.32,486,0.18,1
0,11,8148,2,10,5,0,666,0.42,420,0.58,1
1,0,5641,1,0,666,0.42,420,0.58,1
1,1,14919,2,10,5,0,300,0.5,1700,0.5,1
1,2,14510,0,0,500,0.6,1000,0.2,1400,0.2,0
1,3,1578,1,0,300,0.5,572,0.32,486,0.18,1
1,4,2308,0,0,300,0.5,1700,0.5,1
1,5,12524,0,0,666,0.42,420,0.58,1
1,6,3418,1,0,300,0.5,572,0.32,486,0.18,1
1,7,12241,2,10,5,0,500,0.6,1000,0.2,1400,0.2,1
1,8,2314,0,0,666,0.42,420,0.58,1
1,9,13358,2,10,5,0,666,0.42,420,0.58,1
1,10,8293,2,10,5,0,666,0.42,420,0.58,1
1,11,4247,1,0,300,0.5,1700,0.5,1
2,0,2927,1,0,300,0.5,572,0.32,486,0.18,1
2,1,4883,1,0,300,0.5,572,0.32,486,0.18,1
2,2,6172,1,0,300,0.5,572,0.32,486,0.18,1
2,3,3987,0,0,300,0.5,572,0.32,486,0.18,1
2,4,11164,2,10,5,0,500,0.6,1000,0.2,1400,0.2,1
2,5,8145,1,0,300,0.5,1700,0.5,1
2,6,593,2,10,5,0,300,0.5,572,0.32,486,0.18,1
2,7,14418,2,10,5,0,300,0.5,572,0.32,486,0.18,1
2,8,11755,1,0,500,0.6,1000,0.2,1400,0.2,1
2,9,3672,1,0,666,0.42,420,0.58,1
2,10,13938,1,0,666,0.42,420,0.58,1
2,11,6231,0,0,500,0.6,1000,0.2,1400,0.2,1
3,0,3770,2,10,5,0,500,0.6,1000,0.2,1400,0.2,1
3,1,7684,0,0,666,0.42,420,0.58,1
3,2,13580,2,10,5,0,666,0.42,420,0.58,1
3,3,14457,1,0,500,0.6,1000,0.2,1400,0.2,1
3,4,4178,2,10,5,0,666,0.42,420,0.58,1
3,5,14054,1,0,300,0.5,572,0.32,486,0.18,1
3,6,1670,2,10,5,0,500,0.6,1000,0.2,1400,0.2,1
3,7,6182,0,0,666,0.42,420,0.58,1
3,8,6711,1,0,666,0.42,420,0.58,1
3,9,10433,2,10,5,0,300,0.5,572,0.32,486,0.18,1
3,10,11057,2,10,5,0,500,0.6,1000,0.2,1400,0.2,1
3,11,2515,2,10,5,0,500,0.6,1000,0.2,1400,0.2,1
4,0,823,1,0,666,0.42,420,0.58,1
4,1,4142,2,10,5,0,300,0.5,572,0.32,486,0.18,1
4,2,442,1,0,300,0.5,1700,0.5,1
4,3,9849,2,10,5,0,666,0.42,420,0.58,1
4,4,283,0,0,300,0.5,1700,0.5,1
4,5,13713,2,10,5,0,300,0.5,1700,0.5,1
4,6,14111,1,0,300,0.5,572,0.32,486,0.18,1
4,7,4179,2,10,5,0,666,0.42,420,0.58,1
4,8,10555,2,10,5,0,300,0.5,572,0.32,486,0.18,1
4,9,5130,1,0,500,0.6,1000,0.2,1400,0.2,1
4,10,454,2,10,5,0,666,0.42,420,0.58,1
4,11,3892,0,0,500,0.6,1000,0.2,1400,0.2,1
5,0,194,0,0,300,0.5,1700,0.5,1
5,1,7158,1,0,300,0.5,572,0.32,486,0.18,1
5,2,10306,0,0,500,0.6,1000,0.2,1400,0.2,1
5,3,1009,1,0,300,0.5,572,0.32,486,0.18,1
5,4,8899,1,0,300,0.5,1700,0.5,1
5,5,5735,0,0,666,0.42,420,0.58,1
5,6,14596,2,10,5,0,500,0.6,1000,0.2,1400,0.2,1
5,7,2836,1,0,300,0.5,572,0.32,486,0.18,1
5,8,10587,2,10,5,0,500,0.6,1000,0.2,1400,0.2,1
5,9,8794,0,0,666,0.42,420,0.58,1
5,10,3973,0,0,300,0.5,1700,0.5,1
5,11,7754,0,0,300,0.5,1700,0.5,1
6,0,261,0,0,500,0.6,1000,0.2,1400,0.2,1
6,1,6649,2,10,5,0,300,0.5,1700,0.5,1
6,2,10723,1,0,500,0.6,1000,0.2,1400,0.2,1
6,3,12988,1,0,300,0.5,1700,0.5,1
6,4,14503,1,0,300,0.5,572,0.32,486,0.18,1
6,5,13395,1,0,300,0.5,1700,0.5,1
6,6,1913,0,0,666,0.42,420,0.58,1
6,7,8174,1,0,500,0.6,1000,0.2,1400,0.2,1
6,8,5728,1,0,300,0.5,1700,0.5,1
6,9,7774,0,0,300,0.5,572,0.32,486,0.18,1
6,10,3223,1,0,500,0.6,1000,0.2,1400,0.2,1
6,11,3543,1,0,300,0.5,1700,0.5,1
7,0,6117,0,0,300,0.5,1700,0.5,1
7,1,8948,1,0,500,0.6,1000,0.2,1400,0.2,1
7,2,11904,2,10,5,0,500,0.6,1000,0.2,1400,0.2,1
7,3,14589,1,0,500,0.6,1000,0.2,1400,0.2,1
7,4,13752,2,10,5,0,500,0.6,1000,0.2,1400,0.2,1
7,5,2726,0,0,300,0.5,1700,0.5,1
7,6,11430,1,0,666,0.42,420,0.58,1
7,7,7380,0,0,500,0.6,1000,0.2,1400,0.2,1
7,8,9889,2,10,5,0,500,0.6,1000,0.2,1400,0.2,1
7,9,4058,0,0,666,0.42,420,0.58,1
7,10,3503,1,0,300,0.5,1700,0.5,1
7,11,2360,2,10,5,0,300,0.5,1700,0.5,1
8,0,14901,0,0,666,0.42,420,0.58,1
8,1,7213,1,0,300,0.5,572,0.32,486,0.18,1
8,2,14320,1,0,666,0.42,420,0.58,1
8,3,10387,2,10,5,0,300,0.5,572,0.32,486,0.18,1
8,4,4742,1,0,500,0.6,1000,0.2,1400,0.2,1
8,5,6347,1,0,300,0.5,572,0.32,486,0.18,1
8,6,1765,0,0,300,0.5,572,0.32,486,0.18,1
8,7,597,2,10,5,0,500,0.6,1000,0.2,1400,0.2,1
8,8,5642,2,10,5,0,500,0.6,1000,0.2,1400,0.2,1
8,9,8936,0,0,300,0.5,1700,0.5,1
8,10,1086,2,10,5,0,300,0.5,1700,0.5,1
8,11,10592,0,0,300,0.5,572,0.32,486,0.18,1
9,0,4427,0,0,300,0.5,572,0.32,486,0.18,1
9,1,2307,1,0,300,0.5,1700,0.5,1
9,2,5023,2,10,5,0,666,0.42,420,0.58,1
9,3,5958,1,0,500,0.6,1000,0.2,1400,0.2,1
9,4,13796,2,10,5,0,300,0.5,572,0.32,486,0.18,1
9,5,7120,0,0,500,0.6,1000,0.2,1400,0.2,1
9,6,5110,2,10,5,0,300,0.5,1700,0.5,1
9,7,14793,1,0,500,0.6,1000,0.2,1400,0.2,1
9,8,6711,2,10,5,0,300,0.5,572,0.32,486,0.18,1
9,9,12120,1,0,500,0.6,1000,0.2,1400,0.2,1
9,10,11105,0,0,666,0.42,420,0.58,1
9,11,11182,2,10,5,0,666,0.42,420,0.58,1
10,0,10380,1,0,300,0.5,572,0.32,486,0.18,1
10,1,10570,2,10,5,0,300,0.5,1700,0.5,1
10,2,13394,1,0,500,0.6,1000,0.2,1400,0.2,1
10,3,5293,2,10,5,0,300,0.5,572,0.32,486,0.18,1
10,4,5008,1,0,500,0.6,1000,0.2,1400,0.2,1
10,5,1956,1,0,500,0.6,1000,0.2,1400,0.2,1
10,6,8919,0,0,666,0.42,420,0.58,1
10,7,11628,1,0,666,0.42,420,0.58,1
10,8,4310,0,0,500,0.6,1000,0.2,1400,0.2,1
10,9,1716,2,10,5,0,300,0.5,1700,0.5,1
10,10,3731,0,0,300,0.5,572,0.32,486,0.18,1
10,11,13191,0,0,300,0.5,1700,0.5,1
11,0,4655,1,0,500,0.6,1000,0.2,1400,0.2,1
11,1,2410,2,10,5,0,666,0.42,420,0.58,1
11,2,13146,2,10,5,0,500,0.6,1000,0.2,1400,0.2,1
11,3,10138,2,10,5,0,300,0.5,1700,0.5,1
11,4,6322,1,0,500,0.6,1000,0.2,1400,0.2,1
11,5,10610,2,10,5,0,300,0.5,1700,0.5,1
11,6,12751,0,0,666,0.42,420,0.58,1
11,7,8600,1,0,500,0.6,1000,0.2,1400,0.2,1
11,8,2811,1,0,500,0.6,1000,0.2,1400,0.2,1
11,9,652,1,0,300,0.5,572,0.32,486,0.18,1
11,10,3018,0,0,500,0.6,1000,0.2,1400,0.2,1
11,11,3685,1,0,300,0.5,1700,0.5,1
