0,0,5014,1,0,666,0.42,420,0.58,1
0,1,6029,2,10,5,0,300,0.5,1700,0.5,1
0,2,2813,0,0,500,0.6,1000,0.2,1400,0.2,1
0,3,1134,0,0,500,0.6,1000,0.2,1400,0.2,1
0,4,4996,2,10,5,0,666,0.42,420,0.58,1
0,5,374,0,0,300,0.5,572,0.32,486,0.18,1
0,6,417,2,10,5,0,300,0.5,572,0.32,486,0.18,1
0,7,8477,1,0,300,0.5,1700,0.5,1
0,8,11683,0,0,300,0.5,572,0.32,486,0.18,1
0,9,14915,2,10,5,0,500,0.6,1000,0.2,1400,0.2,1
0,10,9652,0,0,666,0.42,420,0.58,1
0,11,14718,1,0,300,0.5,572,0.32,486,0.18,1
1,0,5480,1,0,500,0.6,1000,0.2,1400,0.2,1
1,1,2246,0,0,300,0.5,572,0.32,486,0.18,1
1,2,784,1,0,500,0.6,1000,0.2,1400,0.2,0
1,3,10349,2,10,5,0,300,0.5,572,0.32,486,0.18,1
1,4,6553,2,10,5,0,300,0.5,572,0.32,486,0.18,1
1,5,6564,1,0,300,0.5,1700,0.5,1
1,6,3733,2,10,5,0,300,0.5,572,0.32,486,0.18,1
1,7,7154,2,10,5,0,300,0.5,1700,0.5,1
1,8,863,1,0,300,0.5,1700,0.5,1
1,9,4476,2,10,5,0,666,0.42,420,0.58,1
1,10,1678,2,10,5,0,300,0.5,1700,0.5,1
1,11,10507,1,0,300,0.5,572,0.32,486,0.18,1
2,0,8164,2,10,5,0,300,0.5,572,0.32,486,0.18,1
2,1,11190,1,0,666,0.42,420,0.58,1
2,2,13082,1,0,300,0.5,572,0.32,486,0.18,1
2,3,715,2,10,5,0,666,0.42,420,0.58,1
2,4,9673,1,0,300,0.5,572,0.32,486,0.18,1
2,5,1636,0,0,666,0.42,420,0.58,1
2,6,8642,1,0,666,0.42,420,0.58,1
2,7,252,2,10,5,0,300,0.5,1700,0.5,1
2,8,2337,0,0,300,0.5,1700,0.5,1
2,9,7184,2,10,5,0,500,0.6,1000,0.2,1400,0.2,1
2,10,4264,1,0,300,0.5,572,0.32,486,0.18,1
2,11,11613,2,10,5,0,666,0.42,420,0.58,1
3,0,10595,2,10,5,0,666,0.42,420,0.58,1
3,1,1883,1,0,300,0.5,572,0.32,486,0.18,1
3,2,7171,1,0,500,0.6,1000,0.2,1400,0.2,1
3,3,10701,1,0,666,0.42,420,0.58,1
3,4,6324,0,0,666,0.42,420,0.58,1
3,5,3723,2,10,5,0,500,0.6,1000,0.2,1400,0.2,1
3,6,5968,0,0,300,0.5,572,0.32,486,0.18,1
3,7,14234,0,0,666,0.42,420,0.58,1
3,8,594,1,0,666,0.42,420,0.58,1
3,9,11621,1,0,500,0.6,1000,0.2,1400,0.2,1
3,10,14502,0,0,300,0.5,572,0.32,486,0.18,1
3,11,10195,1,0,666,0.42,420,0.58,1
4,0,9935,1,0,300,0.5,1700,0.5,1
4,1,6737,2,10,5,0,666,0.42,420,0.58,1
4,2,10184,0,0,300,0.5,1700,0.5,1
4,3,7463,0,0,300,0.5,572,0.32,486,0.18,1
4,4,3586,1,0,300,0.5,572,0.32,486,0.18,1
4,5,11301,2,10,5,0,300,0.5,572,0.32,486,0.18,1
4,6,11017,1,0,300,0.5,1700,0.5,1
4,7,11481,1,0,500,0.6,1000,0.2,1400,0.2,1
4,8,12102,1,0,300,0.5,1700,0.5,1
4,9,2883,0,0,300,0.5,572,0.32,486,0.18,1
4,10,7933,1,0,666,0.42,420,0.58,1
4,11,13426,2,10,5,0,300,0.5,572,0.32,486,0.18,1
5,0,659,0,0,300,0.5,572,0.32,486,0.18,1
5,1,3643,0,0,500,0.6,1000,0.2,1400,0.2,1
5,2,2387,2,10,5,0,300,0.5,572,0.32,486,0.18,1
5,3,2142,0,0,300,0.5,572,0.32,486,0.18,1
5,4,12038,0,0,300,0.5,1700,0.5,1
5,5,1780,0,0,500,0.6,1000,0.2,1400,0.2,1
5,6,1156,2,10,5,0,300,0.5,1700,0.5,1
5,7,12501,0,0,300,0.5,1700,0.5,1
5,8,2618,0,0,300,0.5,572,0.32,486,0.18,1
5,9,12281,1,0,666,0.42,420,0.58,1
5,10,12992,1,0,500,0.6,1000,0.2,1400,0.2,1
5,11,11564,0,0,300,0.5,572,0.32,486,0.18,1
6,0,8163,0,0,300,0.5,1700,0.5,1
6,1,12225,0,0,500,0.6,1000,0.2,1400,0.2,1
6,2,8642,2,10,5,0,666,0.42,420,0.58,1
6,3,14192,2,10,5,0,666,0.42,420,0.58,1
6,4,3456,2,10,5,0,300,0.5,572,0.32,486,0.18,1
6,5,14849,1,0,300,0.5,572,0.32,486,0.18,1
6,6,3165,2,10,5,0,300,0.5,1700,0.5,1
6,7,10169,2,10,5,0,666,0.42,420,0.58,1
6,8,8212,2,10,5,0,500,0.6,1000,0.2,1400,0.2,1
6,9,8075,1,0,500,0.6,1000,0.2,1400,0.2,1
6,10,11752,0,0,300,0.5,1700,0.5,1
6,11,1920,2,10,5,0,666,0.42,420,0.58,1
7,0,6481,0,0,500,0.6,1000,0.2,1400,0.2,1
7,1,658,0,0,500,0.6,1000,0.2,1400,0.2,1
7,2,13600,1,0,500,0.6,1000,0.2,1400,0.2,1
7,3,11469,2,10,5,0,500,0.6,1000,0.2,1400,0.2,1
7,4,14363,1,0,666,0.42,420,0.58,1
7,5,14290,2,10,5,0,500,0.6,1000,0.2,1400,0.2,1
7,6,11271,0,0,500,0.6,1000,0.2,1400,0.2,1
7,7,7348,2,10,5,0,500,0.6,1000,0.2,1400,0.2,1
7,8,3816,1,0,500,0.6,1000,0.2,1400,0.2,1
7,9,11362,1,0,500,0.6,1000,0.2,1400,0.2,1
7,10,7091,1,0,300,0.5,572,0.32,486,0.18,1
7,11,2177,0,0,500,0.6,1000,0.2,1400,0.2,1
8,0,6553,2,10,5,0,666,0.42,420,0.58,1
8,1,13755,0,0,300,0.5,572,0.32,486,0.18,1
8,2,7294,0,0,666,0.42,420,0.58,1
8,3,11231,2,10,5,0,666,0.42,420,0.58,1
8,4,14352,2,10,5,0,300,0.5,1700,0.5,1
8,5,10272,0,0,300,0.5,1700,0.5,1
8,6,4387,0,0,500,0.6,1000,0.2,1400,0.2,1
8,7,9729,0,0,500,0.6,1000,0.2,1400,0.2,1
8,8,7287,1,0,666,0.42,420,0.58,1
8,9,8440,0,0,300,0.5,1700,0.5,1
8,10,9849,2,10,5,0,666,0.42,420,0.58,1
8,11,772,2,10,5,0,300,0.5,572,0.32,486,0.18,1
9,0,5163,0,0,300,0.5,1700,0.5,1
9,1,6790,1,0,300,0.5,572,0.32,486,0.18,1
9,2,11120,0,0,300,0.5,1700,0.5,1
9,3,10888,2,10,5,0,300,0.5,572,0.32,486,0.18,1
9,4,1514,1,0,300,0.5,572,0.32,486,0.18,1
9,5,14526,0,0,500,0.6,1000,0.2,1400,0.2,1
9,6,2703,2,10,5,0,300,0.5,1700,0.5,1
9,7,9332,1,0,500,0.6,1000,0.2,1400,0.2,1
9,8,1582,0,0,300,0.5,1700,0.5,1
9,9,4531,1,0,500,0.6,1000,0.2,1400,0.2,1
9,10,14628,1,0,300,0.5,1700,0.5,1
9,11,10118,2,10,5,0,666,0.42,420,0.58,1
10,0,3308,1,0,500,0.6,1000,0.2,1400,0.2,1
10,1,4216,2,10,5,0,300,0.5,572,0.32,486,0.18,1
10,2,9141,0,0,300,0.5,1700,0.5,1
10,3,11904,0,0,500,0.6,1000,0.2,1400,0.2,1
10,4,5750,0,0,500,0.6,1000,0.2,1400,0.2,1
10,5,10610,2,10,5,0,300,0.5,572,0.32,486,0.18,1
10,6,250,0,0,300,0.5,572,0.32,486,0.18,1
10,7,6991,0,0,666,0.42,420,0.58,1
10,8,10444,0,0,300,0.5,1700,0.5,1
10,9,324,2,10,5,0,500,0.6,1000,0.2,1400,0.2,1
10,10,7908,1,0,300,0.5,572,0.32,486,0.18,1
10,11,987,2,10,5,0,666,0.42,420,0.58,1
11,0,13494,2,10,5,0,300,0.5,572,0.32,486,0.18,1
11,1,5458,2,10,5,0,300,0.5,1700,0.5,1
11,2,13203,0,0,500,0.6,1000,0.2,1400,0.2,1
11,3,7954,0,0,300,0.5,572,0.32,486,0.18,1
11,4,13638,0,0,666,0.42,420,0.58,1
11,5,9425,1,0,300,0.5,572,0.32,486,0.18,1
11,6,147,0,0,500,0.6,1000,0.2,1400,0.2,1
11,7,7738,1,0,500,0.6,1000,0.2,1400,0.2,1
11,8,5832,2,10,5,0,666,0.42,420,0.58,1
11,9,12261,2,10,5,0,300,0.5,1700,0.5,1
11,10,7394,2,10,5,0,666,0.42,420,0.58,1
11,11,7207,0,0,300,0.5,1700,0.5,1
