0,0,3065,0,0,666,0.42,420,0.58,1
0,1,13910,2,10,5,0,500,0.6,1000,0.2,1400,0.2,1
0,2,3661,0,0,300,0.5,1700,0.5,1
0,3,4857,1,0,500,0.6,1000,0.2,1400,0.2,1
0,4,1487,0,0,666,0.42,420,0.58,1
0,5,8745,2,10,5,0,500,0.6,1000,0.2,1400,0.2,1
0,6,3473,1,0,666,0.42,420,0.58,1
0,7,8878,0,0,300,0.5,572,0.32,486,0.18,1
0,8,5708,0,0,300,0.5,572,0.32,486,0.18,1
0,9,914,0,0,500,0.6,1000,0.2,1400,0.2,1
0,10,360,2,10,5,0,500,0.6,1000,0.2,1400,0.2,1
0,11,12448,0,0,300,0.5,572,0.32,486,0.18,1
1,0,12003,0,0,500,0.6,1000,0.2,1400,0.2,1
1,1,8663,1,0,300,0.5,1700,0.5,1
1,2,12016,1,0,300,0.5,1700,0.5,0
1,3,6108,2,10,5,0,300,0.5,1700,0.5,1
1,4,97,0,0,300,0.5,1700,0.5,1
1,5,9567,0,0,500,0.6,1000,0.2,1400,0.2,1
1,6,7466,0,0,500,0.6,1000,0.2,1400,0.2,1
1,7,10421,1,0,300,0.5,1700,0.5,1
1,8,4114,1,0,300,0.5,572,0.32,486,0.18,1
1,9,606,1,0,300,0.5,572,0.32,486,0.18,1
1,10,2486,0,0,500,0.6,1000,0.2,1400,0.2,1
1,11,8177,0,0,300,0.5,572,0.32,486,0.18,1
2,0,3564,1,0,300,0.5,572,0.32,486,0.18,1
2,1,12278,1,0,666,0.42,420,0.58,1
2,2,9137,2,10,5,0,300,0.5,1700,0.5,1
2,3,14218,2,10,5,0,500,0.6,1000,0.2,1400,0.2,1
2,4,197,2,10,5,0,300,0.5,572,0.32,486,0.18,1
2,5,6277,2,10,5,0,666,0.42,420,0.58,1
2,6,258,2,10,5,0,666,0.42,420,0.58,1
2,7,8550,0,0,300,0.5,572,0.32,486,0.18,1
2,8,4601,0,0,500,0.6,1000,0.2,1400,0.2,1
2,9,14129,2,10,5,0,500,0.6,1000,0.2,1400,0.2,1
2,10,7270,2,10,5,0,300,0.5,1700,0.5,1
2,11,12959,2,10,5,0,500,0.6,1000,0.2,1400,0.2,1
3,0,9199,2,10,5,0,300,0.5,572,0.32,486,0.18,1
3,1,13639,1,0,666,0.42,420,0.58,1
3,2,10162,0,0,666,0.42,420,0.58,1
3,3,8970,1,0,666,0.42,420,0.58,1
3,4,1070,1,0,500,0.6,1000,0.2,1400,0.2,1
3,5,7036,1,0,500,0.6,1000,0.2,1400,0.2,1
3,6,9108,2,10,5,0,300,0.5,1700,0.5,1
3,7,372,0,0,500,0.6,1000,0.2,1400,0.2,1
3,8,7593,1,0,666,0.42,420,0.58,1
3,9,12235,1,0,300,0.5,1700,0.5,1
3,10,5929,1,0,666,0.42,420,0.58,1
3,11,1741,1,0,300,0.5,572,0.32,486,0.18,1
4,0,3917,1,0,300,0.5,572,0.32,486,0.18,1
4,1,1943,1,0,300,0.5,1700,0.5,1
4,2,7344,2,10,5,0,300,0.5,1700,0.5,1
4,3,5332,0,0,300,0.5,572,0.32,486,0.18,1
4,4,2605,2,10,5,0,500,0.6,1000,0.2,1400,0.2,1
4,5,3142,0,0,666,0.42,420,0.58,1
4,6,5116,2,10,5,0,300,0.5,1700,0.5,1
4,7,6070,2,10,5,0,666,0.42,420,0.58,1
4,8,8319,1,0,500,0.6,1000,0.2,1400,0.2,1
4,9,10851,0,0,666,0.42,420,0.58,1
4,10,10753,1,0,666,0.42,420,0.58,1
4,11,14194,0,0,300,0.5,572,0.32,486,0.18,1
5,0,5905,0,0,500,0.6,1000,0.2,1400,0.2,1
5,1,7801,0,0,300,0.5,1700,0.5,1
5,2,6858,0,0,300,0.5,572,0.32,486,0.18,1
5,3,1011,0,0,300,0.5,1700,0.5,1
5,4,8467,0,0,300,0.5,1700,0.5,1
5,5,324,2,10,5,0,300,0.5,1700,0.5,1
5,6,4566,1,0,300,0.5,1700,0.5,1
5,7,14971,1,0,300,0.5,1700,0.5,1
5,8,4533,1,0,500,0.6,1000,0.2,1400,0.2,1
5,9,14698,0,0,666,0.42,420,0.58,1
5,10,9634,1,0,500,0.6,1000,0.2,1400,0.2,1
5,11,8064,1,0,300,0.5,572,0.32,486,0.18,1
6,0,7477,1,0,500,0.6,1000,0.2,1400,0.2,1
6,1,4085,1,0,500,0.6,1000,0.2,1400,0.2,1
6,2,3208,0,0,300,0.5,1700,0.5,1
6,3,8353,0,0,300,0.5,572,0.32,486,0.18,1
6,4,3237,1,0,500,0.6,1000,0.2,1400,0.2,1
6,5,7111,0,0,666,0.42,420,0.58,1
6,6,855,2,10,5,0,300,0.5,572,0.32,486,0.18,1
6,7,12746,0,0,300,0.5,572,0.32,486,0.18,1
6,8,10571,2,10,5,0,300,0.5,572,0.32,486,0.18,1
6,9,6842,2,10,5,0,300,0.5,572,0.32,486,0.18,1
6,10,3942,2,10,5,0,666,0.42,420,0.58,1
6,11,11642,1,0,666,0.42,420,0.58,1
7,0,13303,0,0,666,0.42,420,0.58,1
7,1,8284,1,0,666,0.42,420,0.58,1
7,2,5921,1,0,300,0.5,1700,0.5,1
7,3,6999,2,10,5,0,500,0.6,1000,0.2,1400,0.2,1
7,4,4014,0,0,666,0.42,420,0.58,1
7,5,1825,2,10,5,0,300,0.5,572,0.32,486,0.18,1
7,6,5564,0,0,300,0.5,572,0.32,486,0.18,1
7,7,14113,2,10,5,0,300,0.5,1700,0.5,1
7,8,11862,2,10,5,0,300,0.5,1700,0.5,1
7,9,8036,1,0,500,0.6,1000,0.2,1400,0.2,1
7,10,2128,0,0,300,0.5,572,0.32,486,0.18,1
7,11,11552,2,10,5,0,500,0.6,1000,0.2,1400,0.2,1
8,0,1252,0,0,300,0.5,1700,0.5,1
8,1,4865,0,0,500,0.6,1000,0.2,1400,0.2,1
8,2,6320,1,0,500,0.6,1000,0.2,1400,0.2,1
8,3,5448,2,10,5,0,300,0.5,572,0.32,486,0.18,1
8,4,14354,2,10,5,0,300,0.5,1700,0.5,1
8,5,11016,0,0,500,0.6,1000,0.2,1400,0.2,1
8,6,5702,2,10,5,0,300,0.5,572,0.32,486,0.18,1
8,7,11820,1,0,300,0.5,1700,0.5,1
8,8,4802,2,10,5,0,300,0.5,572,0.32,486,0.18,1
8,9,8392,2,10,5,0,666,0.42,420,0.58,1
8,10,8548,2,10,5,0,500,0.6,1000,0.2,1400,0.2,1
8,11,14701,1,0,300,0.5,1700,0.5,1
9,0,3542,0,0,300,0.5,572,0.32,486,0.18,1
9,1,5264,1,0,300,0.5,572,0.32,486,0.18,1
9,2,11266,0,0,300,0.5,1700,0.5,1
9,3,2037,0,0,300,0.5,1700,0.5,1
9,4,7562,1,0,300,0.5,1700,0.5,1
9,5,3015,1,0,500,0.6,1000,0.2,1400,0.2,1
9,6,11169,0,0,300,0.5,572,0.32,486,0.18,1
9,7,207,1,0,666,0.42,420,0.58,1
9,8,11011,2,10,5,0,500,0.6,1000,0.2,1400,0.2,1
9,9,7378,1,0,666,0.42,420,0.58,1
9,10,13498,0,0,300,0.5,1700,0.5,1
9,11,5722,0,0,666,0.42,420,0.58,1
10,0,13527,0,0,500,0.6,1000,0.2,1400,0.2,1
10,1,14398,1,0,500,0.6,1000,0.2,1400,0.2,1
10,2,13847,0,0,500,0.6,1000,0.2,1400,0.2,1
10,3,4067,1,0,500,0.6,1000,0.2,1400,0.2,1
10,4,1734,2,10,5,0,500,0.6,1000,0.2,1400,0.2,1
10,5,9275,1,0,300,0.5,1700,0.5,1
10,6,14807,0,0,500,0.6,1000,0.2,1400,0.2,1
10,7,7970,2,10,5,0,300,0.5,572,0.32,486,0.18,1
10,8,2480,2,10,5,0,666,0.42,420,0.58,1
10,9,2967,0,0,300,0.5,1700,0.5,1
10,10,5340,0,0,300,0.5,1700,0.5,1
10,11,402,1,0,666,0.42,420,0.58,1
11,0,8952,2,10,5,0,300,0.5,1700,0.5,1
11,1,5444,1,0,500,0.6,1000,0.2,1400,0.2,1
11,2,311,2,10,5,0,500,0.6,1000,0.2,1400,0.2,1
11,3,12698,2,10,5,0,500,0.6,1000,0.2,1400,0.2,1
11,4,1603,1,0,666,0.42,420,0.58,1
11,5,6878,1,0,666,0.42,420,0.58,1
11,6,529,0,0,300,0.5,572,0.32,486,0.18,1
11,7,11060,2,10,5,0,300,0.5,1700,0.5,1
11,8,7228,0,0,500,0.6,1000,0.2,1400,0.2,1
11,9,7219,1,0,500,0.6,1000,0.2,1400,0.2,1
11,10,14768,1,0,666,0.42,420,0.58,1
11,11,6807,2,10,5,0,300,0.5,1700,0.5,1
