0,0,11749,0,0,500,0.6,1000,0.2,1400,0.2,1
0,1,6895,2,10,5,0,300,0.5,1700,0.5,1
0,2,4921,0,0,300,0.5,572,0.32,486,0.18,1
0,3,12499,0,0,300,0.5,1700,0.5,1
0,4,11327,1,0,300,0.5,1700,0.5,1
0,5,3853,2,10,5,0,666,0.42,420,0.58,1
0,6,2332,0,0,300,0.5,572,0.32,486,0.18,1
0,7,3327,0,0,666,0.42,420,0.58,1
0,8,14173,2,10,5,0,666,0.42,420,0.58,1
0,9,3780,1,0,666,0.42,420,0.58,1
0,10,10940,1,0,666,0.42,420,0.58,1
0,11,10366,0,0,300,0.5,1700,0.5,1
1,0,2514,2,10,5,0,500,0.6,1000,0.2,1400,0.2,1
1,1,9608,2,10,5,0,500,0.6,1000,0.2,1400,0.2,1
1,2,9425,0,0,300,0.5,1700,0.5,0
1,3,13412,0,0,300,0.5,1700,0.5,1
1,4,7244,1,0,300,0.5,572,0.32,486,0.18,1
1,5,8489,0,0,300,0.5,572,0.32,486,0.18,1
1,6,5271,1,0,300,0.5,572,0.32,486,0.18,1
1,7,11508,2,10,5,0,300,0.5,572,0.32,486,0.18,1
1,8,13145,0,0,300,0.5,1700,0.5,1
1,9,5350,0,0,500,0.6,1000,0.2,1400,0.2,1
1,10,2688,2,10,5,0,666,0.42,420,0.58,1
1,11,14644,0,0,500,0.6,1000,0.2,1400,0.2,1
2,0,458,2,10,5,0,500,0.6,1000,0.2,1400,0.2,1
2,1,12918,0,0,666,0.42,420,0.58,1
2,2,12782,1,0,300,0.5,572,0.32,486,0.18,1
2,3,3718,1,0,500,0.6,1000,0.2,1400,0.2,1
2,4,3069,0,0,300,0.5,572,0.32,486,0.18,1
2,5,13848,1,0,300,0.5,572,0.32,486,0.18,1
2,6,2083,2,10,5,0,300,0.5,1700,0.5,1
2,7,12365,2,10,5,0,300,0.5,572,0.32,486,0.18,1
2,8,5894,1,0,300,0.5,1700,0.5,1
2,9,1950,0,0,500,0.6,1000,0.2,1400,0.2,1
2,10,4876,1,0,500,0.6,1000,0.2,1400,0.2,1
2,11,4066,2,10,5,0,666,0.42,420,0.58,1
3,0,2844,2,10,5,0,300,0.5,572,0.32,486,0.18,1
3,1,9439,2,10,5,0,300,0.5,572,0.32,486,0.18,1
3,2,11565,1,0,666,0.42,420,0.58,1
3,3,1645,0,0,666,0.42,420,0.58,1
3,4,12634,1,0,300,0.5,572,0.32,486,0.18,1
3,5,14769,1,0,666,0.42,420,0.58,1
3,6,10150,0,0,500,0.6,1000,0.2,1400,0.2,1
3,7,6213,2,10,5,0,300,0.5,1700,0.5,1
3,8,12275,0,0,300,0.5,1700,0.5,1
3,9,12363,1,0,666,0.42,420,0.58,1
3,10,3446,1,0,500,0.6,1000,0.2,1400,0.2,1
3,11,8462,1,0,666,0.42,420,0.58,1
4,0,14833,1,0,300,0.5,1700,0.5,1
4,1,13711,1,0,300,0.5,572,0.32,486,0.18,1
4,2,12629,2,10,5,0,500,0.6,1000,0.2,1400,0.2,1
4,3,13711,2,10,5,0,300,0.5,1700,0.5,1
4,4,13693,1,0,300,0.5,1700,0.5,1
4,5,11782,1,0,300,0.5,1700,0.5,1
4,6,12145,1,0,300,0.5,1700,0.5,1
4,7,13422,1,0,300,0.5,572,0.32,486,0.18,1
4,8,3757,0,0,666,0.42,420,0.58,1
4,9,11327,2,10,5,0,300,0.5,572,0.32,486,0.18,1
4,10,7854,2,10,5,0,300,0.5,572,0.32,486,0.18,1
4,11,4649,1,0,300,0.5,1700,0.5,1
5,0,812,2,10,5,0,300,0.5,1700,0.5,1
5,1,11335,1,0,666,0.42,420,0.58,1
5,2,7606,2,10,5,0,300,0.5,572,0.32,486,0.18,1
5,3,3870,1,0,500,0.6,1000,0.2,1400,0.2,1
5,4,7847,2,10,5,0,666,0.42,420,0.58,1
5,5,13020,1,0,666,0.42,420,0.58,1
5,6,11843,2,10,5,0,666,0.42,420,0.58,1
5,7,5913,2,10,5,0,666,0.42,420,0.58,1
5,8,8543,1,0,500,0.6,1000,0.2,1400,0.2,1
5,9,6613,2,10,5,0,300,0.5,572,0.32,486,0.18,1
5,10,10631,1,0,300,0.5,1700,0.5,1
5,11,9904,1,0,300,0.5,1700,0.5,1
6,0,14624,1,0,500,0.6,1000,0.2,1400,0.2,1
6,1,9328,0,0,300,0.5,1700,0.5,1
6,2,11508,2,10,5,0,500,0.6,1000,0.2,1400,0.2,1
6,3,11437,0,0,500,0.6,1000,0.2,1400,0.2,1
6,4,2394,0,0,666,0.42,420,0.58,1
6,5,27,0,0,300,0.5,1700,0.5,1
6,6,4902,0,0,500,0.6,1000,0.2,1400,0.2,1
6,7,148,1,0,666,0.42,420,0.58,1
6,8,8086,0,0,300,0.5,572,0.32,486,0.18,1
6,9,4199,2,10,5,0,666,0.42,420,0.58,1
6,10,13786,0,0,300,0.5,572,0.32,486,0.18,1
6,11,4162,1,0,300,0.5,572,0.32,486,0.18,1
7,0,4154,0,0,666,0.42,420,0.58,1
7,1,3518,2,10,5,0,300,0.5,1700,0.5,1
7,2,1203,1,0,666,0.42,420,0.58,1
7,3,10607,1,0,666,0.42,420,0.58,1
7,4,11541,2,10,5,0,300,0.5,1700,0.5,1
7,5,3621,0,0,300,0.5,1700,0.5,1
7,6,3316,0,0,300,0.5,1700,0.5,1
7,7,2257,1,0,300,0.5,1700,0.5,1
7,8,9492,0,0,300,0.5,1700,0.5,1
7,9,5233,2,10,5,0,500,0.6,1000,0.2,1400,0.2,1
7,10,14447,0,0,500,0.6,1000,0.2,1400,0.2,1
7,11,5416,0,0,300,0.5,572,0.32,486,0.18,1
8,0,12735,1,0,666,0.42,420,0.58,1
8,1,11840,1,0,500,0.6,1000,0.2,1400,0.2,1
8,2,6560,0,0,500,0.6,1000,0.2,1400,0.2,1
8,3,8629,0,0,666,0.42,420,0.58,1
8,4,12503,1,0,666,0.42,420,0.58,1
8,5,10064,1,0,500,0.6,1000,0.2,1400,0.2,1
8,6,258,2,10,5,0,300,0.5,572,0.32,486,0.18,1
8,7,9641,2,10,5,0,666,0.42,420,0.58,1
8,8,11794,2,10,5,0,300,0.5,572,0.32,486,0.18,1
8,9,8487,2,10,5,0,666,0.42,420,0.58,1
8,10,11182,1,0,500,0.6,1000,0.2,1400,0.2,1
8,11,4319,0,0,666,0.42,420,0.58,1
9,0,1390,2,10,5,0,666,0.42,420,0.58,1
9,1,13189,1,0,300,0.5,572,0.32,486,0.18,1
9,2,4686,1,0,300,0.5,572,0.32,486,0.18,1
9,3,6580,1,0,300,0.5,572,0.32,486,0.18,1
9,4,11480,1,0,666,0.42,420,0.58,1
9,5,2459,2,10,5,0,300,0.5,572,0.32,486,0.18,1
9,6,10359,1,0,300,0.5,572,0.32,486,0.18,1
9,7,5316,2,10,5,0,300,0.5,1700,0.5,1
9,8,11572,0,0,666,0.42,420,0.58,1
9,9,10053,0,0,300,0.5,572,0.32,486,0.18,1
9,10,11194,0,0,300,0.5,1700,0.5,1
9,11,848,1,0,666,0.42,420,0.58,1
10,0,8302,2,10,5,0,666,0.42,420,0.58,1
10,1,13844,0,0,500,0.6,1000,0.2,1400,0.2,1
10,2,1283,0,0,500,0.6,1000,0.2,1400,0.2,1
10,3,9765,0,0,300,0.5,572,0.32,486,0.18,1
10,4,7485,0,0,300,0.5,1700,0.5,1
10,5,3307,2,10,5,0,500,0.6,1000,0.2,1400,0.2,1
10,6,2261,1,0,666,0.42,420,0.58,1
10,7,4408,0,0,500,0.6,1000,0.2,1400,0.2,1
10,8,4157,0,0,666,0.42,420,0.58,1
10,9,4429,1,0,500,0.6,1000,0.2,1400,0.2,1
10,10,287,1,0,300,0.5,1700,0.5,1
10,11,2795,2,10,5,0,666,0.42,420,0.58,1
11,0,11557,0,0,300,0.5,1700,0.5,1
11,1,4124,1,0,300,0.5,1700,0.5,1
11,2,3572,0,0,300,0.5,572,0.32,486,0.18,1
11,3,5695,2,10,5,0,500,0.6,1000,0.2,1400,0.2,1
11,4,8040,2,10,5,0,500,0.6,1000,0.2,1400,0.2,1
11,5,13258,2,10,5,0,300,0.5,1700,0.5,1
11,6,1636,1,0,300,0.5,1700,0.5,1
11,7,1021,2,10,5,0,300,0.5,572,0.32,486,0.18,1
11,8,1357,0,0,300,0.5,1700,0.5,1
11,9,2001,2,10,5,0,666,0.42,420,0.58,1
11,10,486,0,0,500,0.6,1000,0.2,1400,0.2,1
11,11,12892,2,10,5,0,666,0.42,420,0.58,1
