0,0,2331,1,0,666,0.42,420,0.58,1
0,1,9181,1,0,500,0.6,1000,0.2,1400,0.2,1
0,2,6424,2,10,5,0,666,0.42,420,0.58,1
0,3,2775,0,0,300,0.5,572,0.32,486,0.18,1
0,4,7547,1,0,666,0.42,420,0.58,1
0,5,5164,1,0,300,0.5,1700,0.5,1
0,6,12641,2,10,5,0,300,0.5,1700,0.5,1
0,7,9390,2,10,5,0,666,0.42,420,0.58,1
0,8,14792,2,10,5,0,300,0.5,572,0.32,486,0.18,1
0,9,1999,1,0,300,0.5,1700,0.5,1
0,10,1459,1,0,300,0.5,572,0.32,486,0.18,1
0,11,143,0,0,300,0.5,572,0.32,486,0.18,1
1,0,11751,2,10,5,0,500,0.6,1000,0.2,1400,0.2,1
1,1,5605,2,10,5,0,300,0.5,1700,0.5,1
1,2,10822,0,0,500,0.6,1000,0.2,1400,0.2,0
1,3,2353,1,0,666,0.42,420,0.58,1
1,4,15,0,0,300,0.5,572,0.32,486,0.18,1
1,5,8815,2,10,5,0,300,0.5,1700,0.5,1
1,6,10463,2,10,5,0,500,0.6,1000,0.2,1400,0.2,1
1,7,7410,0,0,300,0.5,572,0.32,486,0.18,1
1,8,734,0,0,300,0.5,1700,0.5,1
1,9,6299,0,0,300,0.5,1700,0.5,1
1,10,6509,2,10,5,0,300,0.5,572,0.32,486,0.18,1
1,11,5951,1,0,300,0.5,572,0.32,486,0.18,1
2,0,1321,1,0,300,0.5,572,0.32,486,0.18,1
2,1,7114,1,0,300,0.5,1700,0.5,1
2,2,2385,0,0,500,0.6,1000,0.2,1400,0.2,1
2,3,12509,2,10,5,0,500,0.6,1000,0.2,1400,0.2,1
2,4,129,0,0,300,0.5,1700,0.5,1
2,5,13377,2,10,5,0,666,0.42,420,0.58,1
2,6,3705,1,0,666,0.42,420,0.58,1
2,7,11776,0,0,500,0.6,1000,0.2,1400,0.2,1
2,8,14365,1,0,300,0.5,572,0.32,486,0.18,1
2,9,3646,0,0,666,0.42,420,0.58,1
2,10,2113,2,10,5,0,300,0.5,572,0.32,486,0.18,1
2,11,11365,1,0,666,0.42,420,0.58,1
3,0,7210,0,0,500,0.6,1000,0.2,1400,0.2,1
3,1,12793,2,10,5,0,666,0.42,420,0.58,1
3,2,12462,0,0,666,0.42,420,0.58,1
3,3,14196,2,10,5,0,500,0.6,1000,0.2,1400,0.2,1
3,4,8073,2,10,5,0,300,0.5,572,0.32,486,0.18,1
3,5,73,1,0,666,0.42,420,0.58,1
3,6,3776,2,10,5,0,666,0.42,420,0.58,1
3,7,13230,0,0,666,0.42,420,0.58,1
3,8,13864,0,0,500,0.6,1000,0.2,1400,0.2,1
3,9,14084,0,0,500,0.6,1000,0.2,1400,0.2,1
3,10,3357,1,0,500,0.6,1000,0.2,1400,0.2,1
3,11,12284,0,0,500,0.6,1000,0.2,1400,0.2,1
4,0,8796,1,0,300,0.5,572,0.32,486,0.18,1
4,1,5206,1,0,300,0.5,1700,0.5,1
4,2,10847,1,0,500,0.6,1000,0.2,1400,0.2,1
4,3,5548,1,0,300,0.5,572,0.32,486,0.18,1
4,4,11630,0,0,300,0.5,1700,0.5,1
4,5,6275,1,0,500,0.6,1000,0.2,1400,0.2,1
4,6,1433,2,10,5,0,300,0.5,1700,0.5,1
4,7,9629,1,0,500,0.6,1000,0.2,1400,0.2,1
4,8,11986,2,10,5,0,300,0.5,572,0.32,486,0.18,1
4,9,2004,2,10,5,0,300,0.5,572,0.32,486,0.18,1
4,10,11252,0,0,300,0.5,572,0.32,486,0.18,1
4,11,3817,0,0,300,0.5,1700,0.5,1
5,0,498,0,0,500,0.6,1000,0.2,1400,0.2,1
5,1,4682,1,0,300,0.5,1700,0.5,1
5,2,6211,1,0,300,0.5,1700,0.5,1
5,3,11895,1,0,300,0.5,1700,0.5,1
5,4,5761,0,0,666,0.42,420,0.58,1
5,5,2193,2,10,5,0,300,0.5,1700,0.5,1
5,6,13490,1,0,300,0.5,572,0.32,486,0.18,1
5,7,6538,2,10,5,0,500,0.6,1000,0.2,1400,0.2,1
5,8,1108,1,0,666,0.42,420,0.58,1
5,9,6120,0,0,300,0.5,1700,0.5,1
5,10,8618,0,0,300,0.5,572,0.32,486,0.18,1
5,11,10646,2,10,5,0,300,0.5,572,0.32,486,0.18,1
6,0,6839,0,0,500,0.6,1000,0.2,1400,0.2,1
6,1,14126,1,0,666,0.42,420,0.58,1
6,2,297,2,10,5,0,666,0.42,420,0.58,1
6,3,317,2,10,5,0,300,0.5,1700,0.5,1
6,4,4096,1,0,300,0.5,1700,0.5,1
6,5,5192,2,10,5,0,300,0.5,572,0.32,486,0.18,1
6,6,6035,2,10,5,0,666,0.42,420,0.58,1
6,7,13465,2,10,5,0,300,0.5,1700,0.5,1
6,8,10574,2,10,5,0,666,0.42,420,0.58,1
6,9,7704,2,10,5,0,500,0.6,1000,0.2,1400,0.2,1
6,10,5609,1,0,300,0.5,572,0.32,486,0.18,1
6,11,9744,0,0,666,0.42,420,0.58,1
7,0,11674,0,0,500,0.6,1000,0.2,1400,0.2,1
7,1,12588,0,0,500,0.6,1000,0.2,1400,0.2,1
7,2,14367,1,0,300,0.5,1700,0.5,1
7,3,8435,2,10,5,0,300,0.5,1700,0.5,1
7,4,5688,0,0,300,0.5,1700,0.5,1
7,5,3614,2,10,5,0,300,0.5,572,0.32,486,0.18,1
7,6,10534,2,10,5,0,666,0.42,420,0.58,1
7,7,11917,0,0,300,0.5,572,0.32,486,0.18,1
7,8,11009,0,0,300,0.5,1700,0.5,1
7,9,12122,1,0,500,0.6,1000,0.2,1400,0.2,1
7,10,5752,0,0,500,0.6,1000,0.2,1400,0.2,1
7,11,14347,1,0,500,0.6,1000,0.2,1400,0.2,1
8,0,3283,2,10,5,0,666,0.42,420,0.58,1
8,1,5942,2,10,5,0,666,0.42,420,0.58,1
8,2,12186,2,10,5,0,300,0.5,1700,0.5,1
8,3,10155,1,0,666,0.42,420,0.58,1
8,4,3582,0,0,300,0.5,1700,0.5,1
8,5,6955,0,0,500,0.6,1000,0.2,1400,0.2,1
8,6,79,2,10,5,0,300,0.5,572,0.32,486,0.18,1
8,7,10516,2,10,5,0,300,0.5,572,0.32,486,0.18,1
8,8,10517,0,0,300,0.5,1700,0.5,1
8,9,612,1,0,300,0.5,572,0.32,486,0.18,1
8,10,9047,0,0,300,0.5,1700,0.5,1
8,11,11603,2,10,5,0,300,0.5,1700,0.5,1
9,0,9285,2,10,5,0,666,0.42,420,0.58,1
9,1,2269,1,0,300,0.5,1700,0.5,1
9,2,6456,0,0,500,0.6,1000,0.2,1400,0.2,1
9,3,9078,2,10,5,0,300,0.5,572,0.32,486,0.18,1
9,4,1500,0,0,666,0.42,420,0.58,1
9,5,1257,2,10,5,0,500,0.6,1000,0.2,1400,0.2,1
9,6,14665,1,0,500,0.6,1000,0.2,1400,0.2,1
9,7,12877,2,10,5,0,500,0.6,1000,0.2,1400,0.2,1
9,8,4737,1,0,500,0.6,1000,0.2,1400,0.2,1
9,9,3896,2,10,5,0,300,0.5,572,0.32,486,0.18,1
9,10,1058,1,0,300,0.5,1700,0.5,1
9,11,11176,1,0,666,0.42,420,0.58,1
10,0,5242,1,0,500,0.6,1000,0.2,1400,0.2,1
10,1,2625,0,0,500,0.6,1000,0.2,1400,0.2,1
10,2,10733,0,0,666,0.42,420,0.58,1
10,3,3990,0,0,500,0.6,1000,0.2,1400,0.2,1
10,4,3854,0,0,300,0.5,1700,0.5,1
10,5,14723,1,0,300,0.5,572,0.32,486,0.18,1
10,6,4983,0,0,666,0.42,420,0.58,1
10,7,2790,2,10,5,0,300,0.5,572,0.32,486,0.18,1
10,8,6675,2,10,5,0,300,0.5,572,0.32,486,0.18,1
10,9,4607,1,0,666,0.42,420,0.58,1
10,10,1927,1,0,300,0.5,1700,0.5,1
10,11,11879,0,0,300,0.5,1700,0.5,1
11,0,12590,1,0,300,0.5,572,0.32,486,0.18,1
11,1,3305,2,10,5,0,300,0.5,1700,0.5,1
11,2,13670,1,0,500,0.6,1000,0.2,1400,0.2,1
11,3,11296,1,0,666,0.42,420,0.58,1
11,4,10605,2,10,5,0,300,0.5,572,0.32,486,0.18,1
11,5,289,2,10,5,0,300,0.5,1700,0.5,1
11,6,6000,0,0,500,0.6,1000,0.2,1400,0.2,1
11,7,4904,2,10,5,0,500,0.6,1000,0.2,1400,0.2,1
11,8,12252,1,0,666,0.42,420,0.58,1
11,9,8135,1,0,500,0.6,1000,0.2,1400,0.2,1
11,10,6693,1,0,500,0.6,1000,0.2,1400,0.2,1
11,11,11706,0,0,300,0.5,572,0.32,486,0.18,1
