0,0,3851,2,10,5,0,666,0.42,420,0.58,1
0,1,6597,1,0,300,0.5,1700,0.5,1
0,2,3437,1,0,300,0.5,572,0.32,486,0.18,1
0,3,9551,1,0,300,0.5,572,0.32,486,0.18,1
0,4,11478,0,0,666,0.42,420,0.58,1
0,5,9456,2,10,5,0,300,0.5,572,0.32,486,0.18,1
0,6,265,0,0,300,0.5,1700,0.5,1
0,7,14907,2,10,5,0,666,0.42,420,0.58,1
0,8,8519,1,0,300,0.5,572,0.32,486,0.18,1
0,9,1066,2,10,5,0,300,0.5,1700,0.5,1
0,10,3659,1,0,666,0.42,420,0.58,1
0,11,7639,2,10,5,0,500,0.6,1000,0.2,1400,0.2,1
1,0,10857,2,10,5,0,300,0.5,572,0.32,486,0.18,1
1,1,13057,0,0,500,0.6,1000,0.2,1400,0.2,1
1,2,11806,1,0,500,0.6,1000,0.2,1400,0.2,0
1,3,171,0,0,500,0.6,1000,0.2,1400,0.2,1
1,4,2958,2,10,5,0,500,0.6,1000,0.2,1400,0.2,1
1,5,10765,0,0,666,0.42,420,0.58,1
1,6,7392,2,10,5,0,500,0.6,1000,0.2,1400,0.2,1
1,7,1292,0,0,500,0.6,1000,0.2,1400,0.2,1
1,8,4182,2,10,5,0,500,0.6,1000,0.2,1400,0.2,1
1,9,12488,0,0,300,0.5,1700,0.5,1
1,10,10708,2,10,5,0,300,0.5,1700,0.5,1
1,11,7494,2,10,5,0,666,0.42,420,0.58,1
2,0,3260,2,10,5,0,300,0.5,572,0.32,486,0.18,1
2,1,6490,1,0,300,0.5,572,0.32,486,0.18,1
2,2,1893,2,10,5,0,500,0.6,1000,0.2,1400,0.2,1
2,3,7456,1,0,666,0.42,420,0.58,1
2,4,1553,0,0,500,0.6,1000,0.2,1400,0.2,1
2,5,6305,2,10,5,0,500,0.6,1000,0.2,1400,0.2,1
2,6,5818,2,10,5,0,300,0.5,572,0.32,486,0.18,1
2,7,13814,1,0,300,0.5,1700,0.5,1
2,8,11061,0,0,666,0.42,420,0.58,1
2,9,8290,1,0,300,0.5,1700,0.5,1
2,10,13414,1,0,666,0.42,420,0.58,1
2,11,12835,0,0,666,0.42,420,0.58,1
3,0,550,1,0,500,0.6,1000,0.2,1400,0.2,1
3,1,12713,0,0,666,0.42,420,0.58,1
3,2,2144,2,10,5,0,666,0.42,420,0.58,1
3,3,13533,1,0,300,0.5,572,0.32,486,0.18,1
3,4,1357,0,0,500,0.6,1000,0.2,1400,0.2,1
3,5,12,2,10,5,0,666,0.42,420,0.58,1
3,6,2932,2,10,5,0,300,0.5,572,0.32,486,0.18,1
3,7,7887,2,10,5,0,666,0.42,420,0.58,1
3,8,2360,2,10,5,0,300,0.5,572,0.32,486,0.18,1
3,9,12600,1,0,666,0.42,420,0.58,1
3,10,1057,2,10,5,0,300,0.5,1700,0.5,1
3,11,2795,0,0,300,0.5,1700,0.5,1
4,0,14951,2,10,5,0,500,0.6,1000,0.2,1400,0.2,1
4,1,13263,2,10,5,0,300,0.5,1700,0.5,1
4,2,2875,1,0,300,0.5,1700,0.5,1
4,3,11010,2,10,5,0,300,0.5,572,0.32,486,0.18,1
4,4,10178,2,10,5,0,300,0.5,572,0.32,486,0.18,1
4,5,6720,1,0,300,0.5,1700,0.5,1
4,6,598,2,10,5,0,300,0.5,572,0.32,486,0.18,1
4,7,5952,0,0,666,0.42,420,0.58,1
4,8,7199,1,0,300,0.5,572,0.32,486,0.18,1
4,9,7045,1,0,500,0.6,1000,0.2,1400,0.2,1
4,10,2377,1,0,666,0.42,420,0.58,1
4,11,12897,1,0,500,0.6,1000,0.2,1400,0.2,1
5,0,10573,1,0,300,0.5,1700,0.5,1
5,1,5846,1,0,300,0.5,572,0.32,486,0.18,1
5,2,649,2,10,5,0,300,0.5,1700,0.5,1
5,3,2727,1,0,300,0.5,1700,0.5,1
5,4,8036,2,10,5,0,500,0.6,1000,0.2,1400,0.2,1
5,5,11033,0,0,666,0.42,420,0.58,1
5,6,11833,2,10,5,0,300,0.5,572,0.32,486,0.18,1
5,7,7053,0,0,300,0.5,572,0.32,486,0.18,1
5,8,578,2,10,5,0,300,0.5,572,0.32,486,0.18,1
5,9,6873,0,0,300,0.5,572,0.32,486,0.18,1
5,10,219,2,10,5,0,300,0.5,1700,0.5,1
5,11,10089,0,0,666,0.42,420,0.58,1
6,0,11185,0,0,300,0.5,572,0.32,486,0.18,1
6,1,3769,1,0,300,0.5,1700,0.5,1
6,2,2461,0,0,500,0.6,1000,0.2,1400,0.2,1
6,3,7983,2,10,5,0,666,0.42,420,0.58,1
6,4,3287,2,10,5,0,500,0.6,1000,0.2,1400,0.2,1
6,5,13580,0,0,300,0.5,572,0.32,486,0.18,1
6,6,11366,2,10,5,0,666,0.42,420,0.58,1
6,7,4304,0,0,300,0.5,572,0.32,486,0.18,1
6,8,10056,2,10,5,0,300,0.5,572,0.32,486,0.18,1
6,9,6219,2,10,5,0,300,0.5,572,0.32,486,0.18,1
6,10,2743,2,10,5,0,300,0.5,572,0.32,486,0.18,1
6,11,5640,2,10,5,0,666,0.42,420,0.58,1
7,0,14192,1,0,666,0.42,420,0.58,1
7,1,9839,2,10,5,0,300,0.5,572,0.32,486,0.18,1
7,2,5053,1,0,300,0.5,572,0.32,486,0.18,1
7,3,7152,1,0,300,0.5,572,0.32,486,0.18,1
7,4,3028,2,10,5,0,500,0.6,1000,0.2,1400,0.2,1
7,5,10464,0,0,666,0.42,420,0.58,1
7,6,12576,1,0,300,0.5,1700,0.5,1
7,7,11046,1,0,300,0.5,1700,0.5,1
7,8,10292,1,0,300,0.5,572,0.32,486,0.18,1
7,9,2831,1,0,666,0.42,420,0.58,1
7,10,5028,2,10,5,0,300,0.5,1700,0.5,1
7,11,1908,2,10,5,0,500,0.6,1000,0.2,1400,0.2,1
8,0,8029,0,0,300,0.5,1700,0.5,1
8,1,10245,1,0,300,0.5,572,0.32,486,0.18,1
8,2,5305,0,0,300,0.5,1700,0.5,1
8,3,1581,2,10,5,0,666,0.42,420,0.58,1
8,4,5657,1,0,500,0.6,1000,0.2,1400,0.2,1
8,5,584,2,10,5,0,300,0.5,1700,0.5,1
8,6,10695,0,0,300,0.5,572,0.32,486,0.18,1
8,7,1300,2,10,5,0,666,0.42,420,0.58,1
8,8,2133,0,0,300,0.5,572,0.32,486,0.18,1
8,9,1491,2,10,5,0,300,0.5,1700,0.5,1
8,10,8997,2,10,5,0,666,0.42,420,0.58,1
8,11,14445,2,10,5,0,500,0.6,1000,0.2,1400,0.2,1
9,0,2599,2,10,5,0,500,0.6,1000,0.2,1400,0.2,1
9,1,12792,0,0,300,0.5,572,0.32,486,0.18,1
9,2,6476,1,0,300,0.5,1700,0.5,1
9,3,4443,0,0,500,0.6,1000,0.2,1400,0.2,1
9,4,1695,2,10,5,0,666,0.42,420,0.58,1
9,5,9549,0,0,500,0.6,1000,0.2,1400,0.2,1
9,6,8941,2,10,5,0,300,0.5,1700,0.5,1
9,7,2691,2,10,5,0,300,0.5,572,0.32,486,0.18,1
9,8,12040,2,10,5,0,300,0.5,1700,0.5,1
9,9,14596,1,0,300,0.5,1700,0.5,1
9,10,13948,0,0,500,0.6,1000,0.2,1400,0.2,1
9,11,4981,0,0,666,0.42,420,0.58,1
10,0,6536,0,0,500,0.6,1000,0.2,1400,0.2,1
10,1,10998,0,0,666,0.42,420,0.58,1
10,2,3426,0,0,500,0.6,1000,0.2,1400,0.2,1
10,3,12863,2,10,5,0,500,0.6,1000,0.2,1400,0.2,1
10,4,9253,1,0,300,0.5,1700,0.5,1
10,5,3993,1,0,500,0.6,1000,0.2,1400,0.2,1
10,6,13383,2,10,5,0,666,0.42,420,0.58,1
10,7,4835,2,10,5,0,666,0.42,420,0.58,1
10,8,11700,1,0,666,0.42,420,0.58,1
10,9,14382,2,10,5,0,300,0.5,1700,0.5,1
10,10,11171,1,0,300,0.5,1700,0.5,1
10,11,2872,1,0,300,0.5,1700,0.5,1
11,0,4007,0,0,500,0.6,1000,0.2,1400,0.2,1
11,1,11508,1,0,300,0.5,1700,0.5,1
11,2,7454,1,0,500,0.6,1000,0.2,1400,0.2,1
11,3,762,0,0,300,0.5,572,0.32,486,0.18,1
11,4,12630,0,0,300,0.5,1700,0.5,1
11,5,2538,0,0,666,0.42,420,0.58,1
11,6,5283,1,0,666,0.42,420,0.58,1
11,7,4688,2,10,5,0,666,0.42,420,0.58,1
11,8,969,1,0,666,0.42,420,0.58,1
11,9,10280,0,0,300,0.5,1700,0.5,1
11,10,12604,0,0,300,0.5,1700,0.5,1
11,11,96,0,0,300,0.5,572,0.32,486,0.18,1
