0,0,12787,0,0,300,0.5,1700,0.5,1
0,1,390,2,10,5,0,300,0.5,1700,0.5,1
0,2,722,2,10,5,0,666,0.42,420,0.58,1
0,3,3060,0,0,300,0.5,1700,0.5,1
0,4,9341,2,10,5,0,666,0.42,420,0.58,1
0,5,7025,2,10,5,0,300,0.5,572,0.32,486,0.18,1
0,6,1886,1,0,300,0.5,572,0.32,486,0.18,1
0,7,7352,2,10,5,0,300,0.5,1700,0.5,1
0,8,13713,1,0,300,0.5,1700,0.5,1
0,9,1201,0,0,666,0.42,420,0.58,1
0,10,13534,0,0,666,0.42,420,0.58,1
0,11,2488,0,0,300,0.5,1700,0.5,1
1,0,14757,1,0,300,0.5,572,0.32,486,0.18,1
1,1,8396,2,10,5,0,300,0.5,1700,0.5,1
1,2,3833,0,0,666,0.42,420,0.58,0
1,3,13063,0,0,666,0.42,420,0.58,1
1,4,8134,1,0,300,0.5,572,0.32,486,0.18,1
1,5,11968,2,10,5,0,500,0.6,1000,0.2,1400,0.2,1
1,6,747,1,0,500,0.6,1000,0.2,1400,0.2,1
1,7,10649,2,10,5,0,300,0.5,1700,0.5,1
1,8,9294,0,0,300,0.5,1700,0.5,1
1,9,14677,1,0,300,0.5,572,0.32,486,0.18,1
1,10,8192,0,0,300,0.5,1700,0.5,1
1,11,11,2,10,5,0,500,0.6,1000,0.2,1400,0.2,1
2,0,14355,0,0,300,0.5,572,0.32,486,0.18,1
2,1,4534,1,0,500,0.6,1000,0.2,1400,0.2,1
2,2,5751,1,0,666,0.42,420,0.58,1
2,3,12223,1,0,500,0.6,1000,0.2,1400,0.2,1
2,4,14036,0,0,300,0.5,572,0.32,486,0.18,1
2,5,1115,2,10,5,0,300,0.5,572,0.32,486,0.18,1
2,6,8141,2,10,5,0,500,0.6,1000,0.2,1400,0.2,1
2,7,12708,2,10,5,0,300,0.5,572,0.32,486,0.18,1
2,8,10555,1,0,666,0.42,420,0.58,1
2,9,12400,0,0,666,0.42,420,0.58,1
2,10,10309,0,0,300,0.5,1700,0.5,1
2,11,10358,1,0,500,0.6,1000,0.2,1400,0.2,1
3,0,5363,1,0,300,0.5,1700,0.5,1
3,1,13355,2,10,5,0,666,0.42,420,0.58,1
3,2,3747,0,0,300,0.5,572,0.32,486,0.18,1
3,3,2443,2,10,5,0,300,0.5,572,0.32,486,0.18,1
3,4,14641,0,0,300,0.5,572,0.32,486,0.18,1
3,5,16,1,0,666,0.42,420,0.58,1
3,6,11341,2,10,5,0,500,0.6,1000,0.2,1400,0.2,1
3,7,4361,0,0,300,0.5,1700,0.5,1
3,8,1925,0,0,300,0.5,572,0.32,486,0.18,1
3,9,12563,2,10,5,0,300,0.5,572,0.32,486,0.18,1
3,10,8191,2,10,5,0,666,0.42,420,0.58,1
3,11,11114,2,10,5,0,300,0.5,1700,0.5,1
4,0,5430,2,10,5,0,300,0.5,572,0.32,486,0.18,1
4,1,3084,2,10,5,0,500,0.6,1000,0.2,1400,0.2,1
4,2,6145,0,0,666,0.42,420,0.58,1
4,3,12059,0,0,300,0.5,572,0.32,486,0.18,1
4,4,11660,1,0,666,0.42,420,0.58,1
4,5,4408,2,10,5,0,300,0.5,1700,0.5,1
4,6,7413,0,0,500,0.6,1000,0.2,1400,0.2,1
4,7,3614,0,0,300,0.5,1700,0.5,1
4,8,5651,0,0,500,0.6,1000,0.2,1400,0.2,1
4,9,14106,2,10,5,0,500,0.6,1000,0.2,1400,0.2,1
4,10,14683,0,0,666,0.42,420,0.58,1
4,11,12641,0,0,666,0.42,420,0.58,1
5,0,11594,2,10,5,0,300,0.5,572,0.32,486,0.18,1
5,1,10121,0,0,500,0.6,1000,0.2,1400,0.2,1
5,2,14145,1,0,500,0.6,1000,0.2,1400,0.2,1
5,3,14362,1,0,300,0.5,1700,0.5,1
5,4,7332,1,0,300,0.5,1700,0.5,1
5,5,14179,2,10,5,0,300,0.5,572,0.32,486,0.18,1
5,6,14612,1,0,300,0.5,572,0.32,486,0.18,1
5,7,7638,0,0,300,0.5,1700,0.5,1
5,8,276,2,10,5,0,666,0.42,420,0.58,1
5,9,3074,2,10,5,0,300,0.5,572,0.32,486,0.18,1
5,10,13064,0,0,666,0.42,420,0.58,1
5,11,5850,2,10,5,0,666,0.42,420,0.58,1
6,0,4749,1,0,300,0.5,572,0.32,486,0.18,1
6,1,4946,2,10,5,0,666,0.42,420,0.58,1
6,2,2781,1,0,300,0.5,572,0.32,486,0.18,1
6,3,6195,0,0,666,0.42,420,0.58,1
6,4,41,0,0,300,0.5,572,0.32,486,0.18,1
6,5,8764,0,0,500,0.6,1000,0.2,1400,0.2,1
6,6,7153,1,0,500,0.6,1000,0.2,1400,0.2,1
6,7,14687,0,0,300,0.5,572,0.32,486,0.18,1
6,8,11627,2,10,5,0,300,0.5,572,0.32,486,0.18,1
6,9,12905,1,0,500,0.6,1000,0.2,1400,0.2,1
6,10,8347,2,10,5,0,300,0.5,572,0.32,486,0.18,1
6,11,8311,2,10,5,0,300,0.5,572,0.32,486,0.18,1
7,0,7127,0,0,300,0.5,572,0.32,486,0.18,1
7,1,9302,2,10,5,0,300,0.5,572,0.32,486,0.18,1
7,2,6988,2,10,5,0,300,0.5,1700,0.5,1
7,3,1211,1,0,300,0.5,572,0.32,486,0.18,1
7,4,10872,0,0,300,0.5,1700,0.5,1
7,5,3067,1,0,300,0.5,572,0.32,486,0.18,1
7,6,14604,0,0,500,0.6,1000,0.2,1400,0.2,1
7,7,8819,1,0,500,0.6,1000,0.2,1400,0.2,1
7,8,4909,0,0,300,0.5,572,0.32,486,0.18,1
7,9,12282,0,0,300,0.5,1700,0.5,1
7,10,8842,1,0,500,0.6,1000,0.2,1400,0.2,1
7,11,12175,1,0,500,0.6,1000,0.2,1400,0.2,1
8,0,8083,2,10,5,0,666,0.42,420,0.58,1
8,1,8560,1,0,500,0.6,1000,0.2,1400,0.2,1
8,2,4284,1,0,500,0.6,1000,0.2,1400,0.2,1
8,3,6697,1,0,666,0.42,420,0.58,1
8,4,5270,0,0,500,0.6,1000,0.2,1400,0.2,1
8,5,4289,0,0,500,0.6,1000,0.2,1400,0.2,1
8,6,12464,1,0,500,0.6,1000,0.2,1400,0.2,1
8,7,9490,0,0,500,0.6,1000,0.2,1400,0.2,1
8,8,964,0,0,500,0.6,1000,0.2,1400,0.2,1
8,9,8402,1,0,300,0.5,1700,0.5,1
8,10,607,2,10,5,0,666,0.42,420,0.58,1
8,11,14251,1,0,666,0.42,420,0.58,1
9,0,8078,1,0,300,0.5,1700,0.5,1
9,1,8140,1,0,666,0.42,420,0.58,1
9,2,6685,0,0,300,0.5,1700,0.5,1
9,3,12778,1,0,666,0.42,420,0.58,1
9,4,10244,2,10,5,0,666,0.42,420,0.58,1
9,5,8493,2,10,5,0,500,0.6,1000,0.2,1400,0.2,1
9,6,12364,2,10,5,0,300,0.5,572,0.32,486,0.18,1
9,7,6696,0,0,300,0.5,572,0.32,486,0.18,1
9,8,7312,1,0,500,0.6,1000,0.2,1400,0.2,1
9,9,3490,1,0,666,0.42,420,0.58,1
9,10,8391,0,0,500,0.6,1000,0.2,1400,0.2,1
9,11,10266,2,10,5,0,300,0.5,1700,0.5,1
10,0,11254,2,10,5,0,500,0.6,1000,0.2,1400,0.2,1
10,1,10410,0,0,500,0.6,1000,0.2,1400,0.2,1
10,2,162,0,0,300,0.5,572,0.32,486,0.18,1
10,3,10616,1,0,500,0.6,1000,0.2,1400,0.2,1
10,4,11490,0,0,300,0.5,1700,0.5,1
10,5,8058,0,0,300,0.5,1700,0.5,1
10,6,14487,1,0,500,0.6,1000,0.2,1400,0.2,1
10,7,12827,2,10,5,0,500,0.6,1000,0.2,1400,0.2,1
10,8,813,1,0,300,0.5,572,0.32,486,0.18,1
10,9,8158,0,0,666,0.42,420,0.58,1
10,10,14815,1,0,300,0.5,572,0.32,486,0.18,1
10,11,6508,1,0,300,0.5,572,0.32,486,0.18,1
11,0,7195,1,0,666,0.42,420,0.58,1
11,1,5661,0,0,300,0.5,572,0.32,486,0.18,1
11,2,2937,1,0,300,0.5,572,0.32,486,0.18,1
11,3,9650,2,10,5,0,300,0.5,1700,0.5,1
11,4,463,1,0,300,0.5,572,0.32,486,0.18,1
11,5,4567,0,0,666,0.42,420,0.58,1
11,6,10360,1,0,500,0.6,1000,0.2,1400,0.2,1
11,7,13261,2,10,5,0,500,0.6,1000,0.2,1400,0.2,1
11,8,2560,2,10,5,0,300,0.5,572,0.32,486,0.18,1
11,9,9260,1,0,500,0.6,1000,0.2,1400,0.2,1
11,10,3333,0,0,300,0.5,572,0.32,486,0.18,1
11,11,1868,2,10,5,0,666,0.42,420,0.58,1
