0,0,3197,1,0,666,0.42,420,0.58,1
0,1,5057,2,10,5,0,300,0.5,1700,0.5,1
0,2,9506,0,0,300,0.5,572,0.32,486,0.18,1
0,3,6501,0,0,300,0.5,572,0.32,486,0.18,1
0,4,14463,1,0,300,0.5,572,0.32,486,0.18,1
0,5,11079,1,0,300,0.5,572,0.32,486,0.18,1
0,6,2283,1,0,500,0.6,1000,0.2,1400,0.2,1
0,7,8658,0,0,500,0.6,1000,0.2,1400,0.2,1
0,8,9852,1,0,666,0.42,420,0.58,1
0,9,4260,0,0,300,0.5,1700,0.5,1
0,10,2676,2,10,5,0,500,0.6,1000,0.2,1400,0.2,1
0,11,7533,0,0,300,0.5,1700,0.5,1
1,0,13880,1,0,666,0.42,420,0.58,1
1,1,13335,2,10,5,0,666,0.42,420,0.58,1
1,2,11070,2,10,5,0,300,0.5,1700,0.5,0
1,3,3119,1,0,666,0.42,420,0.58,1
1,4,613,1,0,300,0.5,1700,0.5,1
1,5,13669,1,0,300,0.5,572,0.32,486,0.18,1
1,6,9930,0,0,300,0.5,572,0.32,486,0.18,1
1,7,5428,2,10,5,0,666,0.42,420,0.58,1
1,8,9785,1,0,300,0.5,1700,0.5,1
1,9,13396,0,0,300,0.5,1700,0.5,1
1,10,3346,2,10,5,0,500,0.6,1000,0.2,1400,0.2,1
1,11,10679,1,0,500,0.6,1000,0.2,1400,0.2,1
2,0,4688,2,10,5,0,666,0.42,420,0.58,1
2,1,9278,2,10,5,0,300,0.5,1700,0.5,1
2,2,13023,2,10,5,0,300,0.5,1700,0.5,1
2,3,8156,1,0,300,0.5,1700,0.5,1
2,4,7288,0,0,500,0.6,1000,0.2,1400,0.2,1
2,5,3504,2,10,5,0,500,0.6,1000,0.2,1400,0.2,1
2,6,5322,0,0,666,0.42,420,0.58,1
2,7,1777,0,0,500,0.6,1000,0.2,1400,0.2,1
2,8,3666,0,0,300,0.5,1700,0.5,1
2,9,6370,0,0,666,0.42,420,0.58,1
2,10,5141,1,0,300,0.5,572,0.32,486,0.18,1
2,11,14915,0,0,300,0.5,1700,0.5,1
3,0,12137,1,0,300,0.5,1700,0.5,1
3,1,1123,2,10,5,0,300,0.5,1700,0.5,1
3,2,1419,0,0,666,0.42,420,0.58,1
3,3,10507,2,10,5,0,500,0.6,1000,0.2,1400,0.2,1
3,4,6422,2,10,5,0,500,0.6,1000,0.2,1400,0.2,1
3,5,8880,0,0,500,0.6,1000,0.2,1400,0.2,1
3,6,121,1,0,300,0.5,1700,0.5,1
3,7,13445,1,0,300,0.5,572,0.32,486,0.18,1
3,8,564,2,10,5,0,300,0.5,572,0.32,486,0.18,1
3,9,2304,0,0,666,0.42,420,0.58,1
3,10,11187,1,0,500,0.6,1000,0.2,1400,0.2,1
3,11,7204,2,10,5,0,300,0.5,1700,0.5,1
4,0,12087,2,10,5,0,300,0.5,572,0.32,486,0.18,1
4,1,2665,1,0,300,0.5,1700,0.5,1
4,2,14346,1,0,300,0.5,572,0.32,486,0.18,1
4,3,469,0,0,300,0.5,572,0.32,486,0.18,1
4,4,3485,1,0,300,0.5,1700,0.5,1
4,5,13051,0,0,666,0.42,420,0.58,1
4,6,3165,0,0,500,0.6,1000,0.2,1400,0.2,1
4,7,12661,2,10,5,0,300,0.5,1700,0.5,1
4,8,6870,2,10,5,0,666,0.42,420,0.58,1
4,9,10959,2,10,5,0,300,0.5,1700,0.5,1
4,10,8871,2,10,5,0,500,0.6,1000,0.2,1400,0.2,1
4,11,5721,2,10,5,0,300,0.5,572,0.32,486,0.18,1
5,0,4609,0,0,300,0.5,1700,0.5,1
5,1,6145,0,0,300,0.5,572,0.32,486,0.18,1
5,2,1983,0,0,500,0.6,1000,0.2,1400,0.2,1
5,3,4357,2,10,5,0,666,0.42,420,0.58,1
5,4,12022,0,0,300,0.5,1700,0.5,1
5,5,3209,1,0,300,0.5,572,0.32,486,0.18,1
5,6,3792,2,10,5,0,300,0.5,572,0.32,486,0.18,1
5,7,13226,1,0,500,0.6,1000,0.2,1400,0.2,1
5,8,2888,2,10,5,0,300,0.5,572,0.32,486,0.18,1
5,9,10602,0,0,666,0.42,420,0.58,1
5,10,9253,1,0,666,0.42,420,0.58,1
5,11,14621,2,10,5,0,300,0.5,572,0.32,486,0.18,1
6,0,5080,1,0,300,0.5,572,0.32,486,0.18,1
6,1,10309,1,0,300,0.5,572,0.32,486,0.18,1
6,2,13923,2,10,5,0,300,0.5,572,0.32,486,0.18,1
6,3,11618,1,0,666,0.42,420,0.58,1
6,4,10149,2,10,5,0,500,0.6,1000,0.2,1400,0.2,1
6,5,5660,0,0,300,0.5,1700,0.5,1
6,6,11529,2,10,5,0,300,0.5,1700,0.5,1
6,7,10271,1,0,300,0.5,1700,0.5,1
6,8,8949,2,10,5,0,300,0.5,1700,0.5,1
6,9,5232,1,0,666,0.42,420,0.58,1
6,10,5763,2,10,5,0,300,0.5,1700,0.5,1
6,11,12584,1,0,666,0.42,420,0.58,1
7,0,13457,2,10,5,0,300,0.5,572,0.32,486,0.18,1
7,1,4364,1,0,500,0.6,1000,0.2,1400,0.2,1
7,2,7181,0,0,500,0.6,1000,0.2,1400,0.2,1
7,3,13109,1,0,300,0.5,572,0.32,486,0.18,1
7,4,9187,2,10,5,0,666,0.42,420,0.58,1
7,5,12767,2,10,5,0,666,0.42,420,0.58,1
7,6,9794,1,0,500,0.6,1000,0.2,1400,0.2,1
7,7,6620,1,0,500,0.6,1000,0.2,1400,0.2,1
7,8,14283,1,0,300,0.5,1700,0.5,1
7,9,10220,2,10,5,0,300,0.5,572,0.32,486,0.18,1
7,10,13938,2,10,5,0,300,0.5,572,0.32,486,0.18,1
7,11,1103,2,10,5,0,300,0.5,572,0.32,486,0.18,1
8,0,13653,0,0,300,0.5,1700,0.5,1
8,1,2830,0,0,500,0.6,1000,0.2,1400,0.2,1
8,2,11230,0,0,666,0.42,420,0.58,1
8,3,8108,0,0,500,0.6,1000,0.2,1400,0.2,1
8,4,9024,2,10,5,0,300,0.5,572,0.32,486,0.18,1
8,5,12563,0,0,500,0.6,1000,0.2,1400,0.2,1
8,6,6334,1,0,666,0.42,420,0.58,1
8,7,9530,1,0,300,0.5,1700,0.5,1
8,8,9264,0,0,500,0.6,1000,0.2,1400,0.2,1
8,9,14175,0,0,300,0.5,572,0.32,486,0.18,1
8,10,14586,0,0,666,0.42,420,0.58,1
8,11,8593,0,0,500,0.6,1000,0.2,1400,0.2,1
9,0,1099,2,10,5,0,666,0.42,420,0.58,1
9,1,13179,1,0,300,0.5,572,0.32,486,0.18,1
9,2,7814,2,10,5,0,300,0.5,572,0.32,486,0.18,1
9,3,10190,0,0,500,0.6,1000,0.2,1400,0.2,1
9,4,13407,0,0,300,0.5,1700,0.5,1
9,5,779,2,10,5,0,666,0.42,420,0.58,1
9,6,1544,1,0,300,0.5,572,0.32,486,0.18,1
9,7,10571,1,0,666,0.42,420,0.58,1
9,8,7827,1,0,300,0.5,572,0.32,486,0.18,1
9,9,10961,2,10,5,0,300,0.5,1700,0.5,1
9,10,575,1,0,300,0.5,572,0.32,486,0.18,1
9,11,11056,2,10,5,0,666,0.42,420,0.58,1
10,0,12878,2,10,5,0,500,0.6,1000,0.2,1400,0.2,1
10,1,5861,2,10,5,0,300,0.5,1700,0.5,1
10,2,1025,0,0,500,0.6,1000,0.2,1400,0.2,1
10,3,3234,1,0,300,0.5,572,0.32,486,0.18,1
10,4,8084,1,0,300,0.5,572,0.32,486,0.18,1
10,5,11796,2,10,5,0,666,0.42,420,0.58,1
10,6,13887,1,0,300,0.5,1700,0.5,1
10,7,13919,2,10,5,0,300,0.5,1700,0.5,1
10,8,12315,1,0,300,0.5,1700,0.5,1
10,9,11729,2,10,5,0,666,0.42,420,0.58,1
10,10,8407,0,0,500,0.6,1000,0.2,1400,0.2,1
10,11,7395,0,0,666,0.42,420,0.58,1
11,0,11246,2,10,5,0,666,0.42,420,0.58,1
11,1,7874,1,0,300,0.5,1700,0.5,1
11,2,13760,1,0,300,0.5,1700,0.5,1
11,3,11884,1,0,500,0.6,1000,0.2,1400,0.2,1
11,4,13852,0,0,500,0.6,1000,0.2,1400,0.2,1
11,5,3905,2,10,5,0,300,0.5,572,0.32,486,0.18,1
11,6,1723,1,0,300,0.5,1700,0.5,1
11,7,4238,1,0,300,0.5,1700,0.5,1
11,8,3405,2,10,5,0,666,0.42,420,0.58,1
11,9,3086,2,10,5,0,300,0.5,572,0.32,486,0.18,1
11,10,12432,2,10,5,0,500,0.6,1000,0.2,1400,0.2,1
11,11,14779,0,0,300,0.5,572,0.32,486,0.18,1
