0,0,3424,2,10,5,0,300,0.5,572,0.32,486,0.18,1
0,1,9743,1,0,666,0.42,420,0.58,1
0,2,8463,0,0,300,0.5,572,0.32,486,0.18,1
0,3,10020,1,0,500,0.6,1000,0.2,1400,0.2,1
0,4,3893,2,10,5,0,300,0.5,1700,0.5,1
0,5,11762,1,0,666,0.42,420,0.58,1
0,6,9208,1,0,500,0.6,1000,0.2,1400,0.2,1
0,7,8059,0,0,666,0.42,420,0.58,1
0,8,7778,2,10,5,0,500,0.6,1000,0.2,1400,0.2,1
0,9,12928,2,10,5,0,300,0.5,572,0.32,486,0.18,1
0,10,11978,1,0,300,0.5,572,0.32,486,0.18,1
0,11,2009,0,0,500,0.6,1000,0.2,1400,0.2,1
1,0,1589,2,10,5,0,666,0.42,420,0.58,1
1,1,10874,0,0,500,0.6,1000,0.2,1400,0.2,1
1,2,6392,0,0,300,0.5,1700,0.5,0
1,3,7807,0,0,500,0.6,1000,0.2,1400,0.2,1
1,4,8912,1,0,500,0.6,1000,0.2,1400,0.2,1
1,5,307,1,0,300,0.5,1700,0.5,1
1,6,13293,1,0,500,0.6,1000,0.2,1400,0.2,1
1,7,1043,1,0,500,0.6,1000,0.2,1400,0.2,1
1,8,10697,1,0,666,0.42,420,0.58,1
1,9,6655,2,10,5,0,500,0.6,1000,0.2,1400,0.2,1
1,10,1400,0,0,300,0.5,1700,0.5,1
1,11,11975,2,10,5,0,300,0.5,1700,0.5,1
2,0,3693,0,0,500,0.6,1000,0.2,1400,0.2,1
2,1,2912,1,0,300,0.5,1700,0.5,1
2,2,1500,0,0,300,0.5,572,0.32,486,0.18,1
2,3,5165,1,0,500,0.6,1000,0.2,1400,0.2,1
2,4,7015,0,0,300,0.5,572,0.32,486,0.18,1
2,5,1541,0,0,300,0.5,1700,0.5,1
2,6,1811,0,0,666,0.42,420,0.58,1
2,7,8321,0,0,300,0.5,1700,0.5,1
2,8,7413,0,0,300,0.5,572,0.32,486,0.18,1
2,9,14859,2,10,5,0,666,0.42,420,0.58,1
2,10,45,2,10,5,0,500,0.6,1000,0.2,1400,0.2,1
2,11,4068,0,0,666,0.42,420,0.58,1
3,0,10335,2,10,5,0,300,0.5,572,0.32,486,0.18,1
3,1,2796,0,0,666,0.42,420,0.58,1
3,2,5700,0,0,500,0.6,1000,0.2,1400,0.2,1
3,3,5841,2,10,5,0,300,0.5,1700,0.5,1
3,4,6054,1,0,666,0.42,420,0.58,1
3,5,176,0,0,300,0.5,572,0.32,486,0.18,1
3,6,6390,1,0,500,0.6,1000,0.2,1400,0.2,1
3,7,2404,0,0,666,0.42,420,0.58,1
3,8,3101,1,0,300,0.5,1700,0.5,1
3,9,12499,1,0,666,0.42,420,0.58,1
3,10,13247,2,10,5,0,300,0.5,572,0.32,486,0.18,1
3,11,10537,0,0,300,0.5,572,0.32,486,0.18,1
4,0,13832,2,10,5,0,666,0.42,420,0.58,1
4,1,6961,1,0,666,0.42,420,0.58,1
4,2,8014,1,0,666,0.42,420,0.58,1
4,3,14501,2,10,5,0,500,0.6,1000,0.2,1400,0.2,1
4,4,10870,0,0,300,0.5,1700,0.5,1
4,5,4074,2,10,5,0,500,0.6,1000,0.2,1400,0.2,1
4,6,8193,2,10,5,0,300,0.5,1700,0.5,1
4,7,229,1,0,500,0.6,1000,0.2,1400,0.2,1
4,8,7294,1,0,666,0.42,420,0.58,1
4,9,10849,2,10,5,0,300,0.5,572,0.32,486,0.18,1
4,10,12388,2,10,5,0,300,0.5,1700,0.5,1
4,11,1091,1,0,666,0.42,420,0.58,1
5,0,5690,2,10,5,0,300,0.5,1700,0.5,1
5,1,11952,1,0,666,0.42,420,0.58,1
5,2,1859,0,0,500,0.6,1000,0.2,1400,0.2,1
5,3,285,1,0,300,0.5,1700,0.5,1
5,4,12575,0,0,300,0.5,572,0.32,486,0.18,1
5,5,1322,2,10,5,0,666,0.42,420,0.58,1
5,6,9468,0,0,300,0.5,1700,0.5,1
5,7,11973,2,10,5,0,300,0.5,1700,0.5,1
5,8,9419,1,0,666,0.42,420,0.58,1
5,9,6677,0,0,666,0.42,420,0.58,1
5,10,1654,2,10,5,0,300,0.5,1700,0.5,1
5,11,4681,0,0,300,0.5,1700,0.5,1
6,0,6038,0,0,300,0.5,572,0.32,486,0.18,1
6,1,5990,0,0,500,0.6,1000,0.2,1400,0.2,1
6,2,4723,0,0,300,0.5,572,0.32,486,0.18,1
6,3,5482,1,0,300,0.5,1700,0.5,1
6,4,13670,1,0,500,0.6,1000,0.2,1400,0.2,1
6,5,5888,1,0,666,0.42,420,0.58,1
6,6,14861,0,0,500,0.6,1000,0.2,1400,0.2,1
6,7,8586,2,10,5,0,666,0.42,420,0.58,1
6,8,6468,0,0,300,0.5,1700,0.5,1
6,9,80,1,0,300,0.5,1700,0.5,1
6,10,5301,1,0,300,0.5,1700,0.5,1
6,11,1607,2,10,5,0,300,0.5,1700,0.5,1
7,0,11075,2,10,5,0,300,0.5,1700,0.5,1
7,1,10483,1,0,500,0.6,1000,0.2,1400,0.2,1
7,2,9684,0,0,300,0.5,572,0.32,486,0.18,1
7,3,4371,2,10,5,0,500,0.6,1000,0.2,1400,0.2,1
7,4,12364,2,10,5,0,666,0.42,420,0.58,1
7,5,13491,1,0,300,0.5,1700,0.5,1
7,6,9213,2,10,5,0,666,0.42,420,0.58,1
7,7,8847,2,10,5,0,300,0.5,1700,0.5,1
7,8,13346,0,0,300,0.5,1700,0.5,1
7,9,1060,2,10,5,0,666,0.42,420,0.58,1
7,10,7831,2,10,5,0,500,0.6,1000,0.2,1400,0.2,1
7,11,10543,1,0,666,0.42,420,0.58,1
8,0,3864,2,10,5,0,666,0.42,420,0.58,1
8,1,13364,2,10,5,0,666,0.42,420,0.58,1
8,2,13710,2,10,5,0,666,0.42,420,0.58,1
8,3,10720,0,0,300,0.5,1700,0.5,1
8,4,7337,1,0,300,0.5,1700,0.5,1
8,5,7467,2,10,5,0,500,0.6,1000,0.2,1400,0.2,1
8,6,6359,2,10,5,0,666,0.42,420,0.58,1
8,7,986,1,0,300,0.5,572,0.32,486,0.18,1
8,8,10169,2,10,5,0,666,0.42,420,0.58,1
8,9,9341,1,0,500,0.6,1000,0.2,1400,0.2,1
8,10,1367,1,0,300,0.5,1700,0.5,1
8,11,5769,2,10,5,0,666,0.42,420,0.58,1
9,0,4622,0,0,500,0.6,1000,0.2,1400,0.2,1
9,1,6104,0,0,300,0.5,572,0.32,486,0.18,1
9,2,2400,2,10,5,0,300,0.5,572,0.32,486,0.18,1
9,3,11244,1,0,666,0.42,420,0.58,1
9,4,2028,0,0,300,0.5,1700,0.5,1
9,5,13499,2,10,5,0,300,0.5,1700,0.5,1
9,6,1143,0,0,666,0.42,420,0.58,1
9,7,4389,0,0,300,0.5,572,0.32,486,0.18,1
9,8,11389,1,0,666,0.42,420,0.58,1
9,9,7029,1,0,666,0.42,420,0.58,1
9,10,8698,1,0,666,0.42,420,0.58,1
9,11,1042,1,0,300,0.5,572,0.32,486,0.18,1
10,0,4424,0,0,300,0.5,572,0.32,486,0.18,1
10,1,2064,2,10,5,0,300,0.5,1700,0.5,1
10,2,8515,1,0,300,0.5,572,0.32,486,0.18,1
10,3,14456,1,0,300,0.5,1700,0.5,1
10,4,842,0,0,666,0.42,420,0.58,1
10,5,13974,0,0,300,0.5,572,0.32,486,0.18,1
10,6,4374,2,10,5,0,300,0.5,1700,0.5,1
10,7,11779,2,10,5,0,300,0.5,572,0.32,486,0.18,1
10,8,5751,1,0,300,0.5,572,0.32,486,0.18,1
10,9,6480,1,0,300,0.5,572,0.32,486,0.18,1
10,10,10042,2,10,5,0,666,0.42,420,0.58,1
10,11,6305,1,0,300,0.5,572,0.32,486,0.18,1
11,0,7038,2,10,5,0,300,0.5,572,0.32,486,0.18,1
11,1,10482,0,0,300,0.5,1700,0.5,1
11,2,4947,1,0,300,0.5,572,0.32,486,0.18,1
11,3,1208,2,10,5,0,500,0.6,1000,0.2,1400,0.2,1
11,4,9875,1,0,300,0.5,1700,0.5,1
11,5,3890,1,0,300,0.5,1700,0.5,1
11,6,3595,1,0,300,0.5,572,0.32,486,0.18,1
11,7,1630,0,0,666,0.42,420,0.58,1
11,8,3630,2,10,5,0,666,0.42,420,0.58,1
11,9,11095,0,0,300,0.5,1700,0.5,1
11,10,3425,1,0,300,0.5,1700,0.5,1
11,11,3233,0,0,300,0.5,1700,0.5,1
