0,0,2759,1,0,300,0.5,572,0.32,486,0.18,1
0,1,10166,1,0,500,0.6,1000,0.2,1400,0.2,1
0,2,11901,0,0,500,0.6,1000,0.2,1400,0.2,1
0,3,9182,1,0,666,0.42,420,0.58,1
0,4,141,2,10,5,0,300,0.5,572,0.32,486,0.18,1
0,5,2113,0,0,300,0.5,1700,0.5,1
0,6,11760,1,0,500,0.6,1000,0.2,1400,0.2,1
0,7,395,2,10,5,0,500,0.6,1000,0.2,1400,0.2,1
0,8,3190,0,0,500,0.6,1000,0.2,1400,0.2,1
0,9,14941,0,0,300,0.5,1700,0.5,1
0,10,12330,2,10,5,0,300,0.5,572,0.32,486,0.18,1
0,11,3563,2,10,5,0,500,0.6,1000,0.2,1400,0.2,1
1,0,1729,0,0,300,0.5,572,0.32,486,0.18,1
1,1,4630,1,0,666,0.42,420,0.58,1
1,2,7868,0,0,500,0.6,1000,0.2,1400,0.2,0
1,3,13866,1,0,300,0.5,572,0.32,486,0.18,1
1,4,3340,2,10,5,0,500,0.6,1000,0.2,1400,0.2,1
1,5,8192,1,0,300,0.5,572,0.32,486,0.18,1
1,6,11611,2,10,5,0,300,0.5,572,0.32,486,0.18,1
1,7,14170,1,0,300,0.5,572,0.32,486,0.18,1
1,8,13600,1,0,300,0.5,1700,0.5,1
1,9,2037,2,10,5,0,500,0.6,1000,0.2,1400,0.2,1
1,10,11440,1,0,666,0.42,420,0.58,1
1,11,2223,1,0,300,0.5,1700,0.5,1
2,0,4895,0,0,300,0.5,572,0.32,486,0.18,1
2,1,14410,2,10,5,0,500,0.6,1000,0.2,1400,0.2,1
2,2,10815,2,10,5,0,666,0.42,420,0.58,1
2,3,6540,1,0,500,0.6,1000,0.2,1400,0.2,1
2,4,5033,2,10,5,0,500,0.6,1000,0.2,1400,0.2,1
2,5,4924,1,0,300,0.5,1700,0.5,1
2,6,10874,1,0,300,0.5,1700,0.5,1
2,7,8281,0,0,666,0.42,420,0.58,1
2,8,9186,2,10,5,0,500,0.6,1000,0.2,1400,0.2,1
2,9,1808,2,10,5,0,500,0.6,1000,0.2,1400,0.2,1
2,10,5525,0,0,666,0.42,420,0.58,1
2,11,1903,1,0,300,0.5,1700,0.5,1
3,0,12485,1,0,500,0.6,1000,0.2,1400,0.2,1
3,1,3545,1,0,666,0.42,420,0.58,1
3,2,6556,2,10,5,0,500,0.6,1000,0.2,1400,0.2,1
3,3,6727,1,0,666,0.42,420,0.58,1
3,4,1177,1,0,300,0.5,572,0.32,486,0.18,1
3,5,13628,0,0,500,0.6,1000,0.2,1400,0.2,1
3,6,11949,1,0,300,0.5,572,0.32,486,0.18,1
3,7,2695,2,10,5,0,300,0.5,572,0.32,486,0.18,1
3,8,2441,0,0,300,0.5,572,0.32,486,0.18,1
3,9,10797,0,0,666,0.42,420,0.58,1
3,10,11475,1,0,666,0.42,420,0.58,1
3,11,11342,2,10,5,0,666,0.42,420,0.58,1
4,0,5045,0,0,300,0.5,572,0.32,486,0.18,1
4,1,4186,2,10,5,0,666,0.42,420,0.58,1
4,2,9006,1,0,666,0.42,420,0.58,1
4,3,2199,2,10,5,0,500,0.6,1000,0.2,1400,0.2,1
4,4,2200,0,0,666,0.42,420,0.58,1
4,5,11314,1,0,500,0.6,1000,0.2,1400,0.2,1
4,6,3505,1,0,300,0.5,1700,0.5,1
4,7,4423,2,10,5,0,300,0.5,572,0.32,486,0.18,1
4,8,12423,1,0,500,0.6,1000,0.2,1400,0.2,1
4,9,6298,1,0,300,0.5,572,0.32,486,0.18,1
4,10,3540,0,0,500,0.6,1000,0.2,1400,0.2,1
4,11,4502,2,10,5,0,666,0.42,420,0.58,1
5,0,2931,2,10,5,0,500,0.6,1000,0.2,1400,0.2,1
5,1,13777,0,0,300,0.5,572,0.32,486,0.18,1
5,2,8896,1,0,300,0.5,1700,0.5,1
5,3,782,0,0,300,0.5,572,0.32,486,0.18,1
5,4,10096,1,0,666,0.42,420,0.58,1
5,5,1718,2,10,5,0,666,0.42,420,0.58,1
5,6,1258,2,10,5,0,500,0.6,1000,0.2,1400,0.2,1
5,7,3253,0,0,500,0.6,1000,0.2,1400,0.2,1
5,8,162,2,10,5,0,300,0.5,572,0.32,486,0.18,1
5,9,9554,0,0,300,0.5,572,0.32,486,0.18,1
5,10,3475,1,0,500,0.6,1000,0.2,1400,0.2,1
5,11,11613,0,0,300,0.5,572,0.32,486,0.18,1
6,0,3621,1,0,300,0.5,572,0.32,486,0.18,1
6,1,3641,2,10,5,0,300,0.5,1700,0.5,1
6,2,7109,0,0,666,0.42,420,0.58,1
6,3,1898,2,10,5,0,300,0.5,1700,0.5,1
6,4,10900,0,0,666,0.42,420,0.58,1
6,5,601,0,0,300,0.5,572,0.32,486,0.18,1
6,6,8888,2,10,5,0,300,0.5,1700,0.5,1
6,7,6918,0,0,666,0.42,420,0.58,1
6,8,13687,1,0,300,0.5,1700,0.5,1
6,9,5025,0,0,300,0.5,1700,0.5,1
6,10,4980,1,0,300,0.5,572,0.32,486,0.18,1
6,11,11289,0,0,300,0.5,572,0.32,486,0.18,1
7,0,11095,2,10,5,0,300,0.5,572,0.32,486,0.18,1
7,1,12915,0,0,300,0.5,572,0.32,486,0.18,1
7,2,938,0,0,300,0.5,1700,0.5,1
7,3,8422,0,0,666,0.42,420,0.58,1
7,4,6578,0,0,300,0.5,572,0.32,486,0.18,1
7,5,5157,0,0,300,0.5,1700,0.5,1
7,6,3078,2,10,5,0,666,0.42,420,0.58,1
7,7,13761,0,0,666,0.42,420,0.58,1
7,8,6503,1,0,666,0.42,420,0.58,1
7,9,3458,0,0,666,0.42,420,0.58,1
7,10,2785,0,0,300,0.5,1700,0.5,1
7,11,68,1,0,300,0.5,1700,0.5,1
8,0,10412,0,0,300,0.5,572,0.32,486,0.18,1
8,1,3137,0,0,300,0.5,572,0.32,486,0.18,1
8,2,9323,2,10,5,0,666,0.42,420,0.58,1
8,3,6665,0,0,300,0.5,1700,0.5,1
8,4,5464,1,0,300,0.5,572,0.32,486,0.18,1
8,5,5427,2,10,5,0,300,0.5,1700,0.5,1
8,6,8756,1,0,500,0.6,1000,0.2,1400,0.2,1
8,7,1538,0,0,500,0.6,1000,0.2,1400,0.2,1
8,8,884,0,0,300,0.5,572,0.32,486,0.18,1
8,9,5256,0,0,666,0.42,420,0.58,1
8,10,9645,1,0,500,0.6,1000,0.2,1400,0.2,1
8,11,9503,2,10,5,0,666,0.42,420,0.58,1
9,0,1702,2,10,5,0,666,0.42,420,0.58,1
9,1,14981,0,0,666,0.42,420,0.58,1
9,2,11144,2,10,5,0,500,0.6,1000,0.2,1400,0.2,1
9,3,12524,1,0,500,0.6,1000,0.2,1400,0.2,1
9,4,12340,1,0,300,0.5,572,0.32,486,0.18,1
9,5,1411,2,10,5,0,300,0.5,572,0.32,486,0.18,1
9,6,12670,2,10,5,0,666,0.42,420,0.58,1
9,7,2470,0,0,500,0.6,1000,0.2,1400,0.2,1
9,8,47,0,0,666,0.42,420,0.58,1
9,9,10573,0,0,500,0.6,1000,0.2,1400,0.2,1
9,10,13744,1,0,500,0.6,1000,0.2,1400,0.2,1
9,11,4968,0,0,300,0.5,572,0.32,486,0.18,1
10,0,7672,2,10,5,0,300,0.5,1700,0.5,1
10,1,11745,2,10,5,0,666,0.42,420,0.58,1
10,2,11173,2,10,5,0,666,0.42,420,0.58,1
10,3,4726,1,0,500,0.6,1000,0.2,1400,0.2,1
10,4,895,0,0,666,0.42,420,0.58,1
10,5,8405,2,10,5,0,500,0.6,1000,0.2,1400,0.2,1
10,6,3186,0,0,666,0.42,420,0.58,1
10,7,6029,1,0,500,0.6,1000,0.2,1400,0.2,1
10,8,1588,2,10,5,0,300,0.5,1700,0.5,1
10,9,12006,2,10,5,0,500,0.6,1000,0.2,1400,0.2,1
10,10,9788,0,0,500,0.6,1000,0.2,1400,0.2,1
10,11,7633,2,10,5,0,300,0.5,1700,0.5,1
11,0,4786,0,0,666,0.42,420,0.58,1
11,1,486,2,10,5,0,300,0.5,572,0.32,486,0.18,1
11,2,645,2,10,5,0,666,0.42,420,0.58,1
11,3,1107,1,0,500,0.6,1000,0.2,1400,0.2,1
11,4,7719,0,0,300,0.5,572,0.32,486,0.18,1
11,5,7174,2,10,5,0,300,0.5,572,0.32,486,0.18,1
11,6,10372,0,0,500,0.6,1000,0.2,1400,0.2,1
11,7,1422,0,0,300,0.5,572,0.32,486,0.18,1
11,8,1039,1,0,300,0.5,1700,0.5,1
11,9,9180,2,10,5,0,300,0.5,572,0.32,486,0.18,1
11,10,2364,1,0,666,0.42,420,0.58,1
11,11,14966,2,10,5,0,500,0.6,1000,0.2,1400,0.2,1
