0,0,11853,1,0,300,0.5,572,0.32,486,0.18,1
0,1,6606,2,10,5,0,500,0.6,1000,0.2,1400,0.2,1
0,2,7527,0,0,500,0.6,1000,0.2,1400,0.2,1
0,3,8295,1,0,300,0.5,1700,0.5,1
0,4,13028,0,0,300,0.5,572,0.32,486,0.18,1
0,5,331,0,0,300,0.5,1700,0.5,1
0,6,14807,1,0,300,0.5,572,0.32,486,0.18,1
0,7,11792,2,10,5,0,666,0.42,420,0.58,1
0,8,5707,0,0,300,0.5,1700,0.5,1
0,9,7350,0,0,300,0.5,572,0.32,486,0.18,1
0,10,2062,2,10,5,0,500,0.6,1000,0.2,1400,0.2,1
0,11,9622,2,10,5,0,666,0.42,420,0.58,1
1,0,2646,1,0,300,0.5,572,0.32,486,0.18,1
1,1,6499,0,0,666,0.42,420,0.58,1
1,2,14334,1,0,300,0.5,1700,0.5,0
1,3,3692,0,0,666,0.42,420,0.58,1
1,4,5380,1,0,666,0.42,420,0.58,1
1,5,13320,2,10,5,0,300,0.5,1700,0.5,1
1,6,4628,2,10,5,0,666,0.42,420,0.58,1
1,7,5233,0,0,300,0.5,1700,0.5,1
1,8,5416,0,0,500,0.6,1000,0.2,1400,0.2,1
1,9,9755,1,0,300,0.5,572,0.32,486,0.18,1
1,10,10428,2,10,5,0,300,0.5,572,0.32,486,0.18,1
1,11,11238,2,10,5,0,300,0.5,1700,0.5,1
2,0,3139,1,0,300,0.5,572,0.32,486,0.18,1
2,1,6645,1,0,500,0.6,1000,0.2,1400,0.2,1
2,2,12384,0,0,300,0.5,572,0.32,486,0.18,1
2,3,14272,1,0,500,0.6,1000,0.2,1400,0.2,1
2,4,1615,0,0,300,0.5,1700,0.5,1
2,5,10866,1,0,500,0.6,1000,0.2,1400,0.2,1
2,6,162,1,0,666,0.42,420,0.58,1
2,7,3425,1,0,500,0.6,1000,0.2,1400,0.2,1
2,8,13377,2,10,5,0,500,0.6,1000,0.2,1400,0.2,1
2,9,1319,0,0,500,0.6,1000,0.2,1400,0.2,1
2,10,7473,0,0,500,0.6,1000,0.2,1400,0.2,1
2,11,12735,2,10,5,0,666,0.42,420,0.58,1
3,0,9092,0,0,500,0.6,1000,0.2,1400,0.2,1
3,1,4329,0,0,666,0.42,420,0.58,1
3,2,10492,2,10,5,0,300,0.5,572,0.32,486,0.18,1
3,3,4780,0,0,500,0.6,1000,0.2,1400,0.2,1
3,4,11875,0,0,300,0.5,1700,0.5,1
3,5,14039,1,0,666,0.42,420,0.58,1
3,6,12034,2,10,5,0,666,0.42,420,0.58,1
3,7,12519,1,0,500,0.6,1000,0.2,1400,0.2,1
3,8,14345,2,10,5,0,300,0.5,1700,0.5,1
3,9,6316,2,10,5,0,300,0.5,572,0.32,486,0.18,1
3,10,7648,2,10,5,0,300,0.5,1700,0.5,1
3,11,13913,1,0,300,0.5,572,0.32,486,0.18,1
4,0,13408,2,10,5,0,300,0.5,1700,0.5,1
4,1,12078,2,10,5,0,300,0.5,572,0.32,486,0.18,1
4,2,8999,2,10,5,0,300,0.5,572,0.32,486,0.18,1
4,3,641,0,0,500,0.6,1000,0.2,1400,0.2,1
4,4,4058,2,10,5,0,666,0.42,420,0.58,1
4,5,516,1,0,300,0.5,572,0.32,486,0.18,1
4,6,2445,2,10,5,0,666,0.42,420,0.58,1
4,7,2744,1,0,300,0.5,1700,0.5,1
4,8,10184,0,0,300,0.5,572,0.32,486,0.18,1
4,9,12839,1,0,300,0.5,1700,0.5,1
4,10,12774,0,0,300,0.5,1700,0.5,1
4,11,10988,0,0,500,0.6,1000,0.2,1400,0.2,1
5,0,4166,2,10,5,0,500,0.6,1000,0.2,1400,0.2,1
5,1,2347,2,10,5,0,500,0.6,1000,0.2,1400,0.2,1
5,2,7517,1,0,300,0.5,1700,0.5,1
5,3,5566,0,0,500,0.6,1000,0.2,1400,0.2,1
5,4,3243,1,0,666,0.42,420,0.58,1
5,5,14711,1,0,500,0.6,1000,0.2,1400,0.2,1
5,6,10795,1,0,500,0.6,1000,0.2,1400,0.2,1
5,7,2486,2,10,5,0,666,0.42,420,0.58,1
5,8,288,0,0,500,0.6,1000,0.2,1400,0.2,1
5,9,13149,1,0,666,0.42,420,0.58,1
5,10,4241,2,10,5,0,500,0.6,1000,0.2,1400,0.2,1
5,11,9137,2,10,5,0,666,0.42,420,0.58,1
6,0,5464,2,10,5,0,500,0.6,1000,0.2,1400,0.2,1
6,1,10019,1,0,500,0.6,1000,0.2,1400,0.2,1
6,2,6994,1,0,300,0.5,1700,0.5,1
6,3,10392,1,0,300,0.5,572,0.32,486,0.18,1
6,4,11386,1,0,300,0.5,1700,0.5,1
6,5,292,1,0,300,0.5,1700,0.5,1
6,6,12988,1,0,300,0.5,1700,0.5,1
6,7,2389,0,0,500,0.6,1000,0.2,1400,0.2,1
6,8,537,0,0,666,0.42,420,0.58,1
6,9,2847,1,0,666,0.42,420,0.58,1
6,10,14286,1,0,500,0.6,1000,0.2,1400,0.2,1
6,11,10258,2,10,5,0,666,0.42,420,0.58,1
7,0,5795,2,10,5,0,666,0.42,420,0.58,1
7,1,9556,2,10,5,0,666,0.42,420,0.58,1
7,2,9909,0,0,666,0.42,420,0.58,1
7,3,9754,1,0,666,0.42,420,0.58,1
7,4,9801,2,10,5,0,500,0.6,1000,0.2,1400,0.2,1
7,5,9766,1,0,500,0.6,1000,0.2,1400,0.2,1
7,6,162,1,0,666,0.42,420,0.58,1
7,7,6100,1,0,666,0.42,420,0.58,1
7,8,4482,2,10,5,0,500,0.6,1000,0.2,1400,0.2,1
7,9,1057,2,10,5,0,300,0.5,1700,0.5,1
7,10,5672,2,10,5,0,500,0.6,1000,0.2,1400,0.2,1
7,11,14665,2,10,5,0,666,0.42,420,0.58,1
8,0,6994,0,0,666,0.42,420,0.58,1
8,1,13134,2,10,5,0,500,0.6,1000,0.2,1400,0.2,1
8,2,2055,0,0,300,0.5,572,0.32,486,0.18,1
8,3,357,0,0,300,0.5,572,0.32,486,0.18,1
8,4,11745,0,0,300,0.5,1700,0.5,1
8,5,8203,1,0,666,0.42,420,0.58,1
8,6,5869,0,0,300,0.5,572,0.32,486,0.18,1
8,7,13953,1,0,666,0.42,420,0.58,1
8,8,8496,1,0,666,0.42,420,0.58,1
8,9,2250,2,10,5,0,666,0.42,420,0.58,1
8,10,2229,0,0,500,0.6,1000,0.2,1400,0.2,1
8,11,10256,0,0,500,0.6,1000,0.2,1400,0.2,1
9,0,12307,1,0,500,0.6,1000,0.2,1400,0.2,1
9,1,8242,2,10,5,0,500,0.6,1000,0.2,1400,0.2,1
9,2,4182,2,10,5,0,500,0.6,1000,0.2,1400,0.2,1
9,3,8867,1,0,300,0.5,572,0.32,486,0.18,1
9,4,14294,0,0,300,0.5,572,0.32,486,0.18,1
9,5,9625,2,10,5,0,500,0.6,1000,0.2,1400,0.2,1
9,6,4878,2,10,5,0,500,0.6,1000,0.2,1400,0.2,1
9,7,479,2,10,5,0,500,0.6,1000,0.2,1400,0.2,1
9,8,14714,0,0,300,0.5,572,0.32,486,0.18,1
9,9,1807,0,0,500,0.6,1000,0.2,1400,0.2,1
9,10,142,0,0,500,0.6,1000,0.2,1400,0.2,1
9,11,7529,2,10,5,0,300,0.5,572,0.32,486,0.18,1
10,0,14482,0,0,300,0.5,572,0.32,486,0.18,1
10,1,11434,0,0,500,0.6,1000,0.2,1400,0.2,1
10,2,3160,0,0,666,0.42,420,0.58,1
10,3,11093,2,10,5,0,300,0.5,1700,0.5,1
10,4,7242,2,10,5,0,666,0.42,420,0.58,1
10,5,13350,1,0,666,0.42,420,0.58,1
10,6,4866,0,0,666,0.42,420,0.58,1
10,7,7382,1,0,300,0.5,1700,0.5,1
10,8,5585,1,0,300,0.5,1700,0.5,1
10,9,758,1,0,300,0.5,1700,0.5,1
10,10,13369,0,0,300,0.5,1700,0.5,1
10,11,2894,1,0,300,0.5,1700,0.5,1
11,0,4022,1,0,500,0.6,1000,0.2,1400,0.2,1
11,1,12127,1,0,300,0.5,572,0.32,486,0.18,1
11,2,2973,2,10,5,0,300,0.5,1700,0.5,1
11,3,11823,1,0,666,0.42,420,0.58,1
11,4,7809,0,0,666,0.42,420,0.58,1
11,5,8222,0,0,300,0.5,572,0.32,486,0.18,1
11,6,1594,2,10,5,0,666,0.42,420,0.58,1
11,7,5520,2,10,5,0,500,0.6,1000,0.2,1400,0.2,1
11,8,9795,0,0,300,0.5,572,0.32,486,0.18,1
11,9,14584,0,0,666,0.42,420,0.58,1
11,10,7482,2,10,5,0,300,0.5,572,0.32,486,0.18,1
11,11,4644,0,0,300,0.5,1700,0.5,1
