0,0,5929,1,0,300,0.5,1700,0.5,1
0,1,11149,0,0,300,0.5,572,0.32,486,0.18,1
0,2,14038,0,0,300,0.5,572,0.32,486,0.18,1
0,3,8278,1,0,666,0.42,420,0.58,1
0,4,14647,2,10,5,0,300,0.5,572,0.32,486,0.18,1
0,5,13210,1,0,300,0.5,1700,0.5,1
0,6,6113,0,0,500,0.6,1000,0.2,1400,0.2,1
0,7,1424,1,0,300,0.5,572,0.32,486,0.18,1
0,8,9544,2,10,5,0,300,0.5,1700,0.5,1
0,9,7171,2,10,5,0,300,0.5,572,0.32,486,0.18,1
0,10,3475,0,0,500,0.6,1000,0.2,1400,0.2,1
0,11,14189,0,0,300,0.5,1700,0.5,1
1,0,992,1,0,300,0.5,572,0.32,486,0.18,1
1,1,14977,0,0,300,0.5,1700,0.5,1
1,2,11842,2,10,5,0,300,0.5,1700,0.5,0
1,3,2845,0,0,666,0.42,420,0.58,1
1,4,9633,2,10,5,0,500,0.6,1000,0.2,1400,0.2,1
1,5,3732,0,0,666,0.42,420,0.58,1
1,6,10933,0,0,500,0.6,1000,0.2,1400,0.2,1
1,7,14603,2,10,5,0,500,0.6,1000,0.2,1400,0.2,1
1,8,11378,1,0,666,0.42,420,0.58,1
1,9,12205,1,0,666,0.42,420,0.58,1
1,10,10513,2,10,5,0,300,0.5,572,0.32,486,0.18,1
1,11,7650,0,0,300,0.5,1700,0.5,1
2,0,10796,2,10,5,0,300,0.5,572,0.32,486,0.18,1
2,1,3086,2,10,5,0,300,0.5,1700,0.5,1
2,2,3988,2,10,5,0,300,0.5,1700,0.5,1
2,3,841,0,0,666,0.42,420,0.58,1
2,4,3478,1,0,300,0.5,1700,0.5,1
2,5,3382,0,0,300,0.5,572,0.32,486,0.18,1
2,6,6581,0,0,666,0.42,420,0.58,1
2,7,13007,0,0,300,0.5,1700,0.5,1
2,8,14437,1,0,500,0.6,1000,0.2,1400,0.2,1
2,9,7153,1,0,666,0.42,420,0.58,1
2,10,10076,1,0,666,0.42,420,0.58,1
2,11,232,2,10,5,0,300,0.5,572,0.32,486,0.18,1
3,0,9462,2,10,5,0,666,0.42,420,0.58,1
3,1,695,0,0,500,0.6,1000,0.2,1400,0.2,1
3,2,10941,1,0,300,0.5,1700,0.5,1
3,3,12521,1,0,300,0.5,1700,0.5,1
3,4,7248,2,10,5,0,666,0.42,420,0.58,1
3,5,12293,0,0,666,0.42,420,0.58,1
3,6,11339,0,0,666,0.42,420,0.58,1
3,7,4161,2,10,5,0,300,0.5,1700,0.5,1
3,8,1985,1,0,666,0.42,420,0.58,1
3,9,8098,0,0,300,0.5,1700,0.5,1
3,10,5832,0,0,300,0.5,1700,0.5,1
3,11,14637,0,0,500,0.6,1000,0.2,1400,0.2,1
4,0,4952,0,0,300,0.5,572,0.32,486,0.18,1
4,1,3080,2,10,5,0,666,0.42,420,0.58,1
4,2,5532,1,0,300,0.5,572,0.32,486,0.18,1
4,3,9680,0,0,300,0.5,1700,0.5,1
4,4,3466,2,10,5,0,666,0.42,420,0.58,1
4,5,7778,2,10,5,0,300,0.5,1700,0.5,1
4,6,14258,0,0,300,0.5,1700,0.5,1
4,7,7079,1,0,300,0.5,1700,0.5,1
4,8,2025,2,10,5,0,300,0.5,1700,0.5,1
4,9,14033,1,0,500,0.6,1000,0.2,1400,0.2,1
4,10,1860,1,0,666,0.42,420,0.58,1
4,11,1462,1,0,300,0.5,572,0.32,486,0.18,1
5,0,4890,1,0,300,0.5,1700,0.5,1
5,1,3446,1,0,300,0.5,1700,0.5,1
5,2,2257,1,0,300,0.5,1700,0.5,1
5,3,8034,2,10,5,0,500,0.6,1000,0.2,1400,0.2,1
5,4,6915,2,10,5,0,500,0.6,1000,0.2,1400,0.2,1
5,5,3392,0,0,300,0.5,572,0.32,486,0.18,1
5,6,10770,1,0,300,0.5,1700,0.5,1
5,7,11532,2,10,5,0,300,0.5,572,0.32,486,0.18,1
5,8,8802,2,10,5,0,500,0.6,1000,0.2,1400,0.2,1
5,9,8792,1,0,300,0.5,572,0.32,486,0.18,1
5,10,8830,2,10,5,0,300,0.5,1700,0.5,1
5,11,295,1,0,500,0.6,1000,0.2,1400,0.2,1
6,0,635,0,0,300,0.5,1700,0.5,1
6,1,11507,2,10,5,0,666,0.42,420,0.58,1
6,2,13159,1,0,666,0.42,420,0.58,1
6,3,10584,1,0,666,0.42,420,0.58,1
6,4,6404,0,0,300,0.5,1700,0.5,1
6,5,12929,1,0,300,0.5,1700,0.5,1
6,6,3666,2,10,5,0,300,0.5,572,0.32,486,0.18,1
6,7,2394,2,10,5,0,300,0.5,1700,0.5,1
6,8,1332,2,10,5,0,300,0.5,1700,0.5,1
6,9,5879,0,0,300,0.5,1700,0.5,1
6,10,6701,1,0,666,0.42,420,0.58,1
6,11,2025,0,0,666,0.42,420,0.58,1
7,0,2001,1,0,666,0.42,420,0.58,1
7,1,14623,2,10,5,0,300,0.5,1700,0.5,1
7,2,8420,0,0,300,0.5,572,0.32,486,0.18,1
7,3,4790,0,0,666,0.42,420,0.58,1
7,4,3060,2,10,5,0,300,0.5,572,0.32,486,0.18,1
7,5,2934,2,10,5,0,300,0.5,572,0.32,486,0.18,1
7,6,5260,0,0,300,0.5,572,0.32,486,0.18,1
7,7,6433,1,0,666,0.42,420,0.58,1
7,8,14994,2,10,5,0,666,0.42,420,0.58,1
7,9,7154,0,0,300,0.5,1700,0.5,1
7,10,14786,2,10,5,0,300,0.5,572,0.32,486,0.18,1
7,11,14359,1,0,500,0.6,1000,0.2,1400,0.2,1
8,0,5795,1,0,666,0.42,420,0.58,1
8,1,2416,2,10,5,0,500,0.6,1000,0.2,1400,0.2,1
8,2,689,2,10,5,0,666,0.42,420,0.58,1
8,3,3436,0,0,666,0.42,420,0.58,1
8,4,4206,0,0,666,0.42,420,0.58,1
8,5,12992,1,0,300,0.5,572,0.32,486,0.18,1
8,6,6483,0,0,666,0.42,420,0.58,1
8,7,8455,1,0,500,0.6,1000,0.2,1400,0.2,1
8,8,1819,2,10,5,0,300,0.5,1700,0.5,1
8,9,38,1,0,300,0.5,1700,0.5,1
8,10,11761,1,0,300,0.5,572,0.32,486,0.18,1
8,11,7596,1,0,500,0.6,1000,0.2,1400,0.2,1
9,0,3444,2,10,5,0,500,0.6,1000,0.2,1400,0.2,1
9,1,14927,1,0,666,0.42,420,0.58,1
9,2,10966,2,10,5,0,300,0.5,572,0.32,486,0.18,1
9,3,3168,1,0,666,0.42,420,0.58,1
9,4,11828,2,10,5,0,666,0.42,420,0.58,1
9,5,14081,0,0,300,0.5,1700,0.5,1
9,6,10289,1,0,666,0.42,420,0.58,1
9,7,13660,1,0,300,0.5,1700,0.5,1
9,8,14836,2,10,5,0,666,0.42,420,0.58,1
9,9,6022,1,0,500,0.6,1000,0.2,1400,0.2,1
9,10,1285,0,0,300,0.5,1700,0.5,1
9,11,10791,2,10,5,0,500,0.6,1000,0.2,1400,0.2,1
10,0,5242,1,0,666,0.42,420,0.58,1
10,1,8053,2,10,5,0,300,0.5,572,0.32,486,0.18,1
10,2,14542,1,0,666,0.42,420,0.58,1
10,3,9769,0,0,300,0.5,1700,0.5,1
10,4,1247,2,10,5,0,666,0.42,420,0.58,1
10,5,12374,2,10,5,0,666,0.42,420,0.58,1
10,6,6175,1,0,300,0.5,572,0.32,486,0.18,1
10,7,9381,0,0,300,0.5,572,0.32,486,0.18,1
10,8,461,1,0,666,0.42,420,0.58,1
10,9,5220,2,10,5,0,666,0.42,420,0.58,1
10,10,14194,2,10,5,0,500,0.6,1000,0.2,1400,0.2,1
10,11,6287,0,0,300,0.5,572,0.32,486,0.18,1
11,0,8581,2,10,5,0,500,0.6,1000,0.2,1400,0.2,1
11,1,7724,1,0,300,0.5,572,0.32,486,0.18,1
11,2,974,0,0,300,0.5,572,0.32,486,0.18,1
11,3,4606,1,0,500,0.6,1000,0.2,1400,0.2,1
11,4,10432,2,10,5,0,300,0.5,572,0.32,486,0.18,1
11,5,2771,0,0,300,0.5,572,0.32,486,0.18,1
11,6,6874,0,0,500,0.6,1000,0.2,1400,0.2,1
11,7,7775,1,0,666,0.42,420,0.58,1
11,8,14640,0,0,500,0.6,1000,0.2,1400,0.2,1
11,9,5832,1,0,666,0.42,420,0.58,1
11,10,14711,2,10,5,0,666,0.42,420,0.58,1
11,11,14871,0,0,300,0.5,572,0.32,486,0.18,1
