0,0,13791,1,0,300,0.5,572,0.32,486,0.18,1
0,1,14484,2,10,5,0,666,0.42,420,0.58,1
0,2,7091,2,10,5,0,500,0.6,1000,0.2,1400,0.2,1
0,3,5073,0,0,666,0.42,420,0.58,1
0,4,963,1,0,500,0.6,1000,0.2,1400,0.2,1
0,5,1655,1,0,666,0.42,420,0.58,1
0,6,12502,1,0,500,0.6,1000,0.2,1400,0.2,1
0,7,4375,0,0,666,0.42,420,0.58,1
0,8,7048,1,0,500,0.6,1000,0.2,1400,0.2,1
0,9,2346,0,0,666,0.42,420,0.58,1
0,10,791,0,0,300,0.5,572,0.32,486,0.18,1
0,11,13248,1,0,500,0.6,1000,0.2,1400,0.2,1
1,0,3584,1,0,300,0.5,1700,0.5,1
1,1,1694,1,0,300,0.5,1700,0.5,1
1,2,5613,0,0,500,0.6,1000,0.2,1400,0.2,0
1,3,14361,2,10,5,0,300,0.5,572,0.32,486,0.18,1
1,4,13634,1,0,300,0.5,1700,0.5,1
1,5,8433,2,10,5,0,500,0.6,1000,0.2,1400,0.2,1
1,6,2976,2,10,5,0,300,0.5,1700,0.5,1
1,7,10182,1,0,300,0.5,1700,0.5,1
1,8,4014,2,10,5,0,500,0.6,1000,0.2,1400,0.2,1
1,9,3689,1,0,666,0.42,420,0.58,1
1,10,3398,0,0,300,0.5,572,0.32,486,0.18,1
1,11,1727,1,0,500,0.6,1000,0.2,1400,0.2,1
2,0,93,0,0,500,0.6,1000,0.2,1400,0.2,1
2,1,12781,1,0,300,0.5,1700,0.5,1
2,2,12544,2,10,5,0,300,0.5,1700,0.5,1
2,3,2968,2,10,5,0,300,0.5,1700,0.5,1
2,4,7622,2,10,5,0,300,0.5,1700,0.5,1
2,5,3235,1,0,500,0.6,1000,0.2,1400,0.2,1
2,6,9527,1,0,666,0.42,420,0.58,1
2,7,7599,1,0,666,0.42,420,0.58,1
2,8,12161,1,0,300,0.5,1700,0.5,1
2,9,9641,2,10,5,0,666,0.42,420,0.58,1
2,10,7762,0,0,300,0.5,572,0.32,486,0.18,1
2,11,1964,2,10,5,0,300,0.5,572,0.32,486,0.18,1
3,0,5354,0,0,666,0.42,420,0.58,1
3,1,5769,2,10,5,0,300,0.5,572,0.32,486,0.18,1
3,2,12878,0,0,300,0.5,1700,0.5,1
3,3,11468,2,10,5,0,300,0.5,1700,0.5,1
3,4,726,2,10,5,0,300,0.5,1700,0.5,1
3,5,12449,0,0,500,0.6,1000,0.2,1400,0.2,1
3,6,6319,0,0,500,0.6,1000,0.2,1400,0.2,1
3,7,14435,0,0,300,0.5,572,0.32,486,0.18,1
3,8,10339,0,0,300,0.5,572,0.32,486,0.18,1
3,9,2966,2,10,5,0,500,0.6,1000,0.2,1400,0.2,1
3,10,11165,1,0,300,0.5,572,0.32,486,0.18,1
3,11,435,1,0,300,0.5,572,0.32,486,0.18,1
4,0,13281,1,0,666,0.42,420,0.58,1
4,1,4534,2,10,5,0,666,0.42,420,0.58,1
4,2,3101,1,0,300,0.5,1700,0.5,1
4,3,1543,2,10,5,0,300,0.5,572,0.32,486,0.18,1
4,4,7049,1,0,300,0.5,572,0.32,486,0.18,1
4,5,9138,1,0,300,0.5,572,0.32,486,0.18,1
4,6,9914,2,10,5,0,300,0.5,572,0.32,486,0.18,1
4,7,9101,2,10,5,0,666,0.42,420,0.58,1
4,8,5153,1,0,500,0.6,1000,0.2,1400,0.2,1
4,9,14052,0,0,300,0.5,1700,0.5,1
4,10,9901,2,10,5,0,666,0.42,420,0.58,1
4,11,12952,2,10,5,0,300,0.5,572,0.32,486,0.18,1
5,0,10365,1,0,666,0.42,420,0.58,1
5,1,14689,0,0,500,0.6,1000,0.2,1400,0.2,1
5,2,12971,0,0,300,0.5,1700,0.5,1
5,3,6662,1,0,666,0.42,420,0.58,1
5,4,14142,1,0,500,0.6,1000,0.2,1400,0.2,1
5,5,596,0,0,300,0.5,1700,0.5,1
5,6,13431,1,0,300,0.5,572,0.32,486,0.18,1
5,7,14646,0,0,666,0.42,420,0.58,1
5,8,13238,2,10,5,0,666,0.42,420,0.58,1
5,9,3868,0,0,666,0.42,420,0.58,1
5,10,6991,2,10,5,0,500,0.6,1000,0.2,1400,0.2,1
5,11,5607,2,10,5,0,500,0.6,1000,0.2,1400,0.2,1
6,0,7428,1,0,500,0.6,1000,0.2,1400,0.2,1
6,1,1253,2,10,5,0,300,0.5,1700,0.5,1
6,2,9711,0,0,300,0.5,1700,0.5,1
6,3,4575,2,10,5,0,666,0.42,420,0.58,1
6,4,14256,2,10,5,0,666,0.42,420,0.58,1
6,5,9626,1,0,666,0.42,420,0.58,1
6,6,8486,1,0,300,0.5,1700,0.5,1
6,7,6297,0,0,300,0.5,1700,0.5,1
6,8,8429,1,0,666,0.42,420,0.58,1
6,9,13723,1,0,300,0.5,572,0.32,486,0.18,1
6,10,3082,2,10,5,0,500,0.6,1000,0.2,1400,0.2,1
6,11,5947,1,0,500,0.6,1000,0.2,1400,0.2,1
7,0,2074,0,0,500,0.6,1000,0.2,1400,0.2,1
7,1,13875,2,10,5,0,300,0.5,572,0.32,486,0.18,1
7,2,5702,0,0,666,0.42,420,0.58,1
7,3,2058,2,10,5,0,500,0.6,1000,0.2,1400,0.2,1
7,4,4736,0,0,300,0.5,1700,0.5,1
7,5,12144,1,0,666,0.42,420,0.58,1
7,6,12588,0,0,300,0.5,572,0.32,486,0.18,1
7,7,10609,2,10,5,0,500,0.6,1000,0.2,1400,0.2,1
7,8,3441,0,0,666,0.42,420,0.58,1
7,9,8675,1,0,500,0.6,1000,0.2,1400,0.2,1
7,10,12018,1,0,500,0.6,1000,0.2,1400,0.2,1
7,11,11374,0,0,666,0.42,420,0.58,1
8,0,932,1,0,300,0.5,1700,0.5,1
8,1,9371,0,0,500,0.6,1000,0.2,1400,0.2,1
8,2,4561,2,10,5,0,300,0.5,572,0.32,486,0.18,1
8,3,13147,2,10,5,0,300,0.5,572,0.32,486,0.18,1
8,4,14165,2,10,5,0,300,0.5,572,0.32,486,0.18,1
8,5,1980,1,0,500,0.6,1000,0.2,1400,0.2,1
8,6,14380,1,0,500,0.6,1000,0.2,1400,0.2,1
8,7,5513,1,0,300,0.5,1700,0.5,1
8,8,8692,1,0,500,0.6,1000,0.2,1400,0.2,1
8,9,12774,0,0,300,0.5,572,0.32,486,0.18,1
8,10,6646,2,10,5,0,300,0.5,572,0.32,486,0.18,1
8,11,1804,2,10,5,0,666,0.42,420,0.58,1
9,0,9729,1,0,300,0.5,572,0.32,486,0.18,1
9,1,5504,0,0,500,0.6,1000,0.2,1400,0.2,1
9,2,14231,2,10,5,0,500,0.6,1000,0.2,1400,0.2,1
9,3,8364,0,0,300,0.5,572,0.32,486,0.18,1
9,4,1843,2,10,5,0,666,0.42,420,0.58,1
9,5,10113,0,0,500,0.6,1000,0.2,1400,0.2,1
9,6,8881,0,0,666,0.42,420,0.58,1
9,7,1303,1,0,666,0.42,420,0.58,1
9,8,7597,1,0,300,0.5,572,0.32,486,0.18,1
9,9,6059,1,0,666,0.42,420,0.58,1
9,10,3153,1,0,500,0.6,1000,0.2,1400,0.2,1
9,11,4489,2,10,5,0,500,0.6,1000,0.2,1400,0.2,1
10,0,3801,1,0,300,0.5,1700,0.5,1
10,1,9447,1,0,500,0.6,1000,0.2,1400,0.2,1
10,2,8234,2,10,5,0,666,0.42,420,0.58,1
10,3,12181,1,0,300,0.5,572,0.32,486,0.18,1
10,4,1040,2,10,5,0,666,0.42,420,0.58,1
10,5,9124,2,10,5,0,300,0.5,1700,0.5,1
10,6,13813,2,10,5,0,300,0.5,1700,0.5,1
10,7,9049,2,10,5,0,300,0.5,1700,0.5,1
10,8,861,1,0,300,0.5,1700,0.5,1
10,9,12786,1,0,500,0.6,1000,0.2,1400,0.2,1
10,10,1840,2,10,5,0,300,0.5,572,0.32,486,0.18,1
10,11,477,1,0,666,0.42,420,0.58,1
11,0,13791,2,10,5,0,300,0.5,1700,0.5,1
11,1,6445,2,10,5,0,300,0.5,572,0.32,486,0.18,1
11,2,3309,0,0,300,0.5,1700,0.5,1
11,3,3254,0,0,666,0.42,420,0.58,1
11,4,11679,1,0,300,0.5,572,0.32,486,0.18,1
11,5,6078,2,10,5,0,300,0.5,1700,0.5,1
11,6,14983,2,10,5,0,500,0.6,1000,0.2,1400,0.2,1
11,7,599,0,0,300,0.5,1700,0.5,1
11,8,9073,1,0,666,0.42,420,0.58,1
11,9,830,1,0,666,0.42,420,0.58,1
11,10,13828,0,0,666,0.42,420,0.58,1
11,11,6705,2,10,5,0,666,0.42,420,0.58,1
