0,0,10224,1,0,666,0.42,420,0.58,1
0,1,8583,2,10,5,0,500,0.6,1000,0.2,1400,0.2,1
0,2,3581,2,10,5,0,300,0.5,1700,0.5,1
0,3,4414,2,10,5,0,500,0.6,1000,0.2,1400,0.2,1
0,4,2233,2,10,5,0,300,0.5,1700,0.5,1
0,5,7428,2,10,5,0,300,0.5,572,0.32,486,0.18,1
0,6,8475,1,0,300,0.5,1700,0.5,1
0,7,6418,0,0,300,0.5,1700,0.5,1
0,8,9720,2,10,5,0,300,0.5,572,0.32,486,0.18,1
0,9,4415,2,10,5,0,300,0.5,1700,0.5,1
0,10,9697,0,0,666,0.42,420,0.58,1
0,11,8286,2,10,5,0,300,0.5,572,0.32,486,0.18,1
1,0,8764,0,0,666,0.42,420,0.58,1
1,1,1180,2,10,5,0,500,0.6,1000,0.2,1400,0.2,1
1,2,8387,2,10,5,0,300,0.5,1700,0.5,0
1,3,571,1,0,666,0.42,420,0.58,1
1,4,11759,2,10,5,0,300,0.5,572,0.32,486,0.18,1
1,5,7194,2,10,5,0,666,0.42,420,0.58,1
1,6,6965,1,0,666,0.42,420,0.58,1
1,7,12628,1,0,500,0.6,1000,0.2,1400,0.2,1
1,8,1383,2,10,5,0,300,0.5,572,0.32,486,0.18,1
1,9,4101,0,0,300,0.5,572,0.32,486,0.18,1
1,10,11971,0,0,300,0.5,1700,0.5,1
1,11,2668,1,0,666,0.42,420,0.58,1
2,0,1774,1,0,300,0.5,572,0.32,486,0.18,1
2,1,5603,0,0,300,0.5,572,0.32,486,0.18,1
2,2,12392,0,0,300,0.5,572,0.32,486,0.18,1
2,3,8814,0,0,666,0.42,420,0.58,1
2,4,12515,1,0,300,0.5,1700,0.5,1
2,5,663,0,0,666,0.42,420,0.58,1
2,6,37,1,0,500,0.6,1000,0.2,1400,0.2,1
2,7,2168,0,0,300,0.5,1700,0.5,1
2,8,408,2,10,5,0,300,0.5,572,0.32,486,0.18,1
2,9,5498,1,0,300,0.5,1700,0.5,1
2,10,14210,1,0,300,0.5,572,0.32,486,0.18,1
2,11,8811,1,0,666,0.42,420,0.58,1
3,0,7771,2,10,5,0,500,0.6,1000,0.2,1400,0.2,1
3,1,10656,2,10,5,0,300,0.5,572,0.32,486,0.18,1
3,2,2001,1,0,300,0.5,572,0.32,486,0.18,1
3,3,4746,1,0,666,0.42,420,0.58,1
3,4,11837,1,0,666,0.42,420,0.58,1
3,5,4089,1,0,500,0.6,1000,0.2,1400,0.2,1
3,6,3256,2,10,5,0,300,0.5,572,0.32,486,0.18,1
3,7,12417,1,0,300,0.5,1700,0.5,1
3,8,8835,1,0,666,0.42,420,0.58,1
3,9,7532,2,10,5,0,666,0.42,420,0.58,1
3,10,5850,1,0,666,0.42,420,0.58,1
3,11,8705,2,10,5,0,300,0.5,572,0.32,486,0.18,1
4,0,13319,0,0,300,0.5,572,0.32,486,0.18,1
4,1,11159,2,10,5,0,500,0.6,1000,0.2,1400,0.2,1
4,2,6313,2,10,5,0,300,0.5,1700,0.5,1
4,3,6083,1,0,300,0.5,1700,0.5,1
4,4,2973,0,0,666,0.42,420,0.58,1
4,5,407,2,10,5,0,666,0.42,420,0.58,1
4,6,14545,2,10,5,0,666,0.42,420,0.58,1
4,7,4478,2,10,5,0,300,0.5,1700,0.5,1
4,8,1885,2,10,5,0,300,0.5,572,0.32,486,0.18,1
4,9,5924,0,0,666,0.42,420,0.58,1
4,10,7715,1,0,666,0.42,420,0.58,1
4,11,790,2,10,5,0,300,0.5,1700,0.5,1
5,0,4329,0,0,500,0.6,1000,0.2,1400,0.2,1
5,1,14116,1,0,500,0.6,1000,0.2,1400,0.2,1
5,2,4630,1,0,666,0.42,420,0.58,1
5,3,3557,1,0,300,0.5,572,0.32,486,0.18,1
5,4,14869,1,0,666,0.42,420,0.58,1
5,5,13011,0,0,666,0.42,420,0.58,1
5,6,2911,1,0,300,0.5,1700,0.5,1
5,7,5777,1,0,300,0.5,572,0.32,486,0.18,1
5,8,13525,2,10,5,0,500,0.6,1000,0.2,1400,0.2,1
5,9,3614,1,0,666,0.42,420,0.58,1
5,10,7108,2,10,5,0,300,0.5,572,0.32,486,0.18,1
5,11,8365,2,10,5,0,500,0.6,1000,0.2,1400,0.2,1
6,0,10667,2,10,5,0,500,0.6,1000,0.2,1400,0.2,1
6,1,12354,0,0,300,0.5,572,0.32,486,0.18,1
6,2,11168,2,10,5,0,500,0.6,1000,0.2,1400,0.2,1
6,3,5178,1,0,300,0.5,572,0.32,486,0.18,1
6,4,7175,1,0,300,0.5,1700,0.5,1
6,5,14384,2,10,5,0,300,0.5,1700,0.5,1
6,6,6690,1,0,300,0.5,572,0.32,486,0.18,1
6,7,8977,0,0,666,0.42,420,0.58,1
6,8,5752,0,0,666,0.42,420,0.58,1
6,9,4818,2,10,5,0,300,0.5,572,0.32,486,0.18,1
6,10,4996,0,0,300,0.5,572,0.32,486,0.18,1
6,11,4587,0,0,666,0.42,420,0.58,1
7,0,5606,2,10,5,0,666,0.42,420,0.58,1
7,1,1191,1,0,300,0.5,1700,0.5,1
7,2,11537,0,0,500,0.6,1000,0.2,1400,0.2,1
7,3,2345,2,10,5,0,666,0.42,420,0.58,1
7,4,7374,2,10,5,0,666,0.42,420,0.58,1
7,5,10085,1,0,300,0.5,572,0.32,486,0.18,1
7,6,323,2,10,5,0,666,0.42,420,0.58,1
7,7,6980,1,0,300,0.5,1700,0.5,1
7,8,2305,2,10,5,0,500,0.6,1000,0.2,1400,0.2,1
7,9,13633,1,0,300,0.5,1700,0.5,1
7,10,11200,0,0,666,0.42,420,0.58,1
7,11,8007,0,0,500,0.6,1000,0.2,1400,0.2,1
8,0,13127,2,10,5,0,300,0.5,1700,0.5,1
8,1,9858,1,0,300,0.5,572,0.32,486,0.18,1
8,2,5143,1,0,300,0.5,1700,0.5,1
8,3,1581,0,0,300,0.5,572,0.32,486,0.18,1
8,4,13431,2,10,5,0,300,0.5,1700,0.5,1
8,5,6720,2,10,5,0,500,0.6,1000,0.2,1400,0.2,1
8,6,6897,0,0,300,0.5,572,0.32,486,0.18,1
8,7,13877,0,0,666,0.42,420,0.58,1
8,8,13173,2,10,5,0,300,0.5,572,0.32,486,0.18,1
8,9,1284,0,0,300,0.5,1700,0.5,1
8,10,14394,0,0,300,0.5,1700,0.5,1
8,11,9161,1,0,300,0.5,572,0.32,486,0.18,1
9,0,10783,1,0,300,0.5,572,0.32,486,0.18,1
9,1,7328,0,0,300,0.5,1700,0.5,1
9,2,7705,1,0,666,0.42,420,0.58,1
9,3,628,1,0,666,0.42,420,0.58,1
9,4,4649,1,0,300,0.5,572,0.32,486,0.18,1
9,5,4635,0,0,300,0.5,1700,0.5,1
9,6,13122,1,0,500,0.6,1000,0.2,1400,0.2,1
9,7,14577,1,0,300,0.5,572,0.32,486,0.18,1
9,8,13241,1,0,666,0.42,420,0.58,1
9,9,4759,1,0,500,0.6,1000,0.2,1400,0.2,1
9,10,12260,1,0,500,0.6,1000,0.2,1400,0.2,1
9,11,14342,2,10,5,0,300,0.5,572,0.32,486,0.18,1
10,0,6930,2,10,5,0,666,0.42,420,0.58,1
10,1,4970,1,0,500,0.6,1000,0.2,1400,0.2,1
10,2,5713,1,0,300,0.5,1700,0.5,1
10,3,700,0,0,300,0.5,1700,0.5,1
10,4,13264,2,10,5,0,666,0.42,420,0.58,1
10,5,7584,0,0,500,0.6,1000,0.2,1400,0.2,1
10,6,13910,0,0,300,0.5,572,0.32,486,0.18,1
10,7,3173,0,0,500,0.6,1000,0.2,1400,0.2,1
10,8,14253,2,10,5,0,300,0.5,1700,0.5,1
10,9,4833,2,10,5,0,300,0.5,1700,0.5,1
10,10,10156,0,0,666,0.42,420,0.58,1
10,11,1955,2,10,5,0,300,0.5,1700,0.5,1
11,0,7200,1,0,300,0.5,572,0.32,486,0.18,1
11,1,6317,1,0,300,0.5,572,0.32,486,0.18,1
11,2,1052,1,0,300,0.5,1700,0.5,1
11,3,6907,1,0,666,0.42,420,0.58,1
11,4,8179,1,0,666,0.42,420,0.58,1
11,5,4348,2,10,5,0,500,0.6,1000,0.2,1400,0.2,1
11,6,9286,1,0,300,0.5,1700,0.5,1
11,7,1155,2,10,5,0,300,0.5,1700,0.5,1
11,8,9344,0,0,500,0.6,1000,0.2,1400,0.2,1
11,9,14523,0,0,300,0.5,1700,0.5,1
11,10,6070,2,10,5,0,666,0.42,420,0.58,1
11,11,93,0,0,300,0.5,1700,0.5,1
