0,0,4627,1,0,300,0.5,1700,0.5,1
0,1,11304,1,0,666,0.42,420,0.58,1
0,2,2817,2,10,5,0,300,0.5,572,0.32,486,0.18,1
0,3,14526,0,0,500,0.6,1000,0.2,1400,0.2,1
0,4,7486,1,0,300,0.5,572,0.32,486,0.18,1
0,5,6879,0,0,500,0.6,1000,0.2,1400,0.2,1
0,6,12966,2,10,5,0,300,0.5,1700,0.5,1
0,7,2380,1,0,300,0.5,572,0.32,486,0.18,1
0,8,3585,1,0,500,0.6,1000,0.2,1400,0.2,1
0,9,8776,1,0,300,0.5,1700,0.5,1
0,10,5169,2,10,5,0,300,0.5,572,0.32,486,0.18,1
0,11,11198,1,0,666,0.42,420,0.58,1
1,0,12515,2,10,5,0,300,0.5,1700,0.5,1
1,1,1595,0,0,666,0.42,420,0.58,1
1,2,7712,0,0,300,0.5,572,0.32,486,0.18,0
1,3,3662,2,10,5,0,300,0.5,1700,0.5,1
1,4,5920,0,0,300,0.5,572,0.32,486,0.18,1
1,5,10043,0,0,300,0.5,1700,0.5,1
1,6,8337,0,0,500,0.6,1000,0.2,1400,0.2,1
1,7,7466,1,0,500,0.6,1000,0.2,1400,0.2,1
1,8,1480,1,0,666,0.42,420,0.58,1
1,9,8020,0,0,300,0.5,1700,0.5,1
1,10,4017,2,10,5,0,500,0.6,1000,0.2,1400,0.2,1
1,11,4270,0,0,300,0.5,572,0.32,486,0.18,1
2,0,10448,1,0,300,0.5,1700,0.5,1
2,1,5635,2,10,5,0,300,0.5,572,0.32,486,0.18,1
2,2,5262,1,0,500,0.6,1000,0.2,1400,0.2,1
2,3,3923,0,0,500,0.6,1000,0.2,1400,0.2,1
2,4,10475,2,10,5,0,500,0.6,1000,0.2,1400,0.2,1
2,5,3383,1,0,666,0.42,420,0.58,1
2,6,11224,1,0,300,0.5,1700,0.5,1
2,7,14170,1,0,666,0.42,420,0.58,1
2,8,10516,0,0,300,0.5,572,0.32,486,0.18,1
2,9,5508,0,0,300,0.5,572,0.32,486,0.18,1
2,10,13672,0,0,300,0.5,1700,0.5,1
2,11,11805,1,0,500,0.6,1000,0.2,1400,0.2,1
3,0,3650,1,0,300,0.5,1700,0.5,1
3,1,12448,2,10,5,0,300,0.5,572,0.32,486,0.18,1
3,2,8660,0,0,300,0.5,572,0.32,486,0.18,1
3,3,14922,1,0,500,0.6,1000,0.2,1400,0.2,1
3,4,9533,0,0,300,0.5,1700,0.5,1
3,5,12251,2,10,5,0,666,0.42,420,0.58,1
3,6,8854,2,10,5,0,500,0.6,1000,0.2,1400,0.2,1
3,7,8426,0,0,500,0.6,1000,0.2,1400,0.2,1
3,8,4508,0,0,666,0.42,420,0.58,1
3,9,1490,2,10,5,0,300,0.5,1700,0.5,1
3,10,6076,0,0,300,0.5,1700,0.5,1
3,11,14842,2,10,5,0,300,0.5,1700,0.5,1
4,0,5416,0,0,300,0.5,572,0.32,486,0.18,1
4,1,191,2,10,5,0,500,0.6,1000,0.2,1400,0.2,1
4,2,13547,2,10,5,0,666,0.42,420,0.58,1
4,3,3263,2,10,5,0,300,0.5,572,0.32,486,0.18,1
4,4,7791,2,10,5,0,500,0.6,1000,0.2,1400,0.2,1
4,5,8488,1,0,666,0.42,420,0.58,1
4,6,4002,1,0,300,0.5,1700,0.5,1
4,7,244,0,0,500,0.6,1000,0.2,1400,0.2,1
4,8,14860,0,0,300,0.5,572,0.32,486,0.18,1
4,9,13117,1,0,300,0.5,1700,0.5,1
4,10,6313,0,0,300,0.5,572,0.32,486,0.18,1
4,11,6862,1,0,666,0.42,420,0.58,1
5,0,11635,0,0,300,0.5,572,0.32,486,0.18,1
5,1,6915,0,0,300,0.5,572,0.32,486,0.18,1
5,2,9536,2,10,5,0,500,0.6,1000,0.2,1400,0.2,1
5,3,502,1,0,300,0.5,572,0.32,486,0.18,1
5,4,3318,1,0,500,0.6,1000,0.2,1400,0.2,1
5,5,14997,1,0,300,0.5,572,0.32,486,0.18,1
5,6,14072,0,0,300,0.5,1700,0.5,1
5,7,14108,2,10,5,0,300,0.5,572,0.32,486,0.18,1
5,8,10173,1,0,500,0.6,1000,0.2,1400,0.2,1
5,9,2972,1,0,300,0.5,572,0.32,486,0.18,1
5,10,8806,1,0,300,0.5,1700,0.5,1
5,11,14468,0,0,666,0.42,420,0.58,1
6,0,14906,2,10,5,0,300,0.5,1700,0.5,1
6,1,14673,1,0,300,0.5,572,0.32,486,0.18,1
6,2,8081,2,10,5,0,500,0.6,1000,0.2,1400,0.2,1
6,3,6412,1,0,500,0.6,1000,0.2,1400,0.2,1
6,4,9196,2,10,5,0,300,0.5,1700,0.5,1
6,5,11330,2,10,5,0,500,0.6,1000,0.2,1400,0.2,1
6,6,14213,0,0,500,0.6,1000,0.2,1400,0.2,1
6,7,13068,1,0,300,0.5,1700,0.5,1
6,8,4363,0,0,300,0.5,572,0.32,486,0.18,1
6,9,4845,2,10,5,0,300,0.5,572,0.32,486,0.18,1
6,10,6127,2,10,5,0,666,0.42,420,0.58,1
6,11,7277,0,0,300,0.5,1700,0.5,1
7,0,12132,2,10,5,0,500,0.6,1000,0.2,1400,0.2,1
7,1,12400,2,10,5,0,300,0.5,572,0.32,486,0.18,1
7,2,3038,0,0,500,0.6,1000,0.2,1400,0.2,1
7,3,3059,0,0,300,0.5,572,0.32,486,0.18,1
7,4,3810,1,0,300,0.5,1700,0.5,1
7,5,8565,1,0,500,0.6,1000,0.2,1400,0.2,1
7,6,3653,1,0,666,0.42,420,0.58,1
7,7,5092,0,0,300,0.5,572,0.32,486,0.18,1
7,8,2073,0,0,300,0.5,1700,0.5,1
7,9,12916,1,0,300,0.5,572,0.32,486,0.18,1
7,10,14709,0,0,300,0.5,572,0.32,486,0.18,1
7,11,5338,2,10,5,0,300,0.5,1700,0.5,1
8,0,814,1,0,300,0.5,572,0.32,486,0.18,1
8,1,14675,0,0,300,0.5,1700,0.5,1
8,2,12711,2,10,5,0,500,0.6,1000,0.2,1400,0.2,1
8,3,7931,2,10,5,0,666,0.42,420,0.58,1
8,4,10327,1,0,666,0.42,420,0.58,1
8,5,12950,0,0,300,0.5,572,0.32,486,0.18,1
8,6,14204,0,0,500,0.6,1000,0.2,1400,0.2,1
8,7,12070,1,0,300,0.5,572,0.32,486,0.18,1
8,8,8815,0,0,300,0.5,1700,0.5,1
8,9,3164,2,10,5,0,500,0.6,1000,0.2,1400,0.2,1
8,10,3267,2,10,5,0,300,0.5,572,0.32,486,0.18,1
8,11,755,2,10,5,0,300,0.5,1700,0.5,1
9,0,9855,2,10,5,0,300,0.5,572,0.32,486,0.18,1
9,1,9934,1,0,300,0.5,1700,0.5,1
9,2,1528,1,0,300,0.5,1700,0.5,1
9,3,13393,1,0,500,0.6,1000,0.2,1400,0.2,1
9,4,13474,0,0,300,0.5,1700,0.5,1
9,5,1988,2,10,5,0,300,0.5,1700,0.5,1
9,6,4340,2,10,5,0,500,0.6,1000,0.2,1400,0.2,1
9,7,12043,0,0,300,0.5,572,0.32,486,0.18,1
9,8,11589,0,0,300,0.5,572,0.32,486,0.18,1
9,9,3070,2,10,5,0,300,0.5,572,0.32,486,0.18,1
9,10,4768,0,0,300,0.5,572,0.32,486,0.18,1
9,11,13239,1,0,500,0.6,1000,0.2,1400,0.2,1
10,0,1476,2,10,5,0,300,0.5,572,0.32,486,0.18,1
10,1,10969,2,10,5,0,300,0.5,1700,0.5,1
10,2,6762,2,10,5,0,500,0.6,1000,0.2,1400,0.2,1
10,3,3645,1,0,300,0.5,1700,0.5,1
10,4,13846,1,0,300,0.5,572,0.32,486,0.18,1
10,5,1621,1,0,666,0.42,420,0.58,1
10,6,12206,0,0,500,0.6,1000,0.2,1400,0.2,1
10,7,12874,0,0,300,0.5,1700,0.5,1
10,8,3652,2,10,5,0,300,0.5,1700,0.5,1
10,9,12396,1,0,500,0.6,1000,0.2,1400,0.2,1
10,10,7506,0,0,300,0.5,1700,0.5,1
10,11,14412,0,0,666,0.42,420,0.58,1
11,0,11065,2,10,5,0,666,0.42,420,0.58,1
11,1,7954,0,0,500,0.6,1000,0.2,1400,0.2,1
11,2,12010,2,10,5,0,300,0.5,572,0.32,486,0.18,1
11,3,1166,1,0,300,0.5,1700,0.5,1
11,4,7839,2,10,5,0,300,0.5,1700,0.5,1
11,5,1964,0,0,300,0.5,1700,0.5,1
11,6,3278,1,0,300,0.5,1700,0.5,1
11,7,13598,1,0,500,0.6,1000,0.2,1400,0.2,1
11,8,7011,1,0,666,0.42,420,0.58,1
11,9,13412,0,0,300,0.5,1700,0.5,1
11,10,9142,2,10,5,0,666,0.42,420,0.58,1
11,11,9035,0,0,300,0.5,1700,0.5,1
