0,0,14750,2,10,5,0,300,0.5,1700,0.5,1
0,1,1455,0,0,300,0.5,1700,0.5,1
0,2,1945,0,0,666,0.42,420,0.58,1
0,3,6593,1,0,500,0.6,1000,0.2,1400,0.2,1
0,4,8937,2,10,5,0,500,0.6,1000,0.2,1400,0.2,1
0,5,90,0,0,300,0.5,1700,0.5,1
0,6,13530,2,10,5,0,300,0.5,572,0.32,486,0.18,1
0,7,5808,1,0,300,0.5,1700,0.5,1
0,8,2453,0,0,666,0.42,420,0.58,1
0,9,5261,0,0,500,0.6,1000,0.2,1400,0.2,1
0,10,13186,1,0,666,0.42,420,0.58,1
0,11,12683,1,0,300,0.5,572,0.32,486,0.18,1
1,0,3880,1,0,666,0.42,420,0.58,1
1,1,1791,0,0,500,0.6,1000,0.2,1400,0.2,1
1,2,14702,0,0,300,0.5,1700,0.5,0
1,3,910,0,0,300,0.5,572,0.32,486,0.18,1
1,4,4637,0,0,300,0.5,572,0.32,486,0.18,1
1,5,6980,1,0,666,0.42,420,0.58,1
1,6,13089,1,0,300,0.5,572,0.32,486,0.18,1
1,7,989,2,10,5,0,300,0.5,572,0.32,486,0.18,1
1,8,7932,2,10,5,0,666,0.42,420,0.58,1
1,9,14400,1,0,500,0.6,1000,0.2,1400,0.2,1
1,10,13131,2,10,5,0,500,0.6,1000,0.2,1400,0.2,1
1,11,524,0,0,300,0.5,1700,0.5,1
2,0,6913,0,0,500,0.6,1000,0.2,1400,0.2,1
2,1,7205,2,10,5,0,500,0.6,1000,0.2,1400,0.2,1
2,2,12358,0,0,500,0.6,1000,0.2,1400,0.2,1
2,3,5931,2,10,5,0,666,0.42,420,0.58,1
2,4,7506,0,0,666,0.42,420,0.58,1
2,5,11082,1,0,300,0.5,572,0.32,486,0.18,1
2,6,1802,2,10,5,0,500,0.6,1000,0.2,1400,0.2,1
2,7,2143,2,10,5,0,666,0.42,420,0.58,1
2,8,1229,2,10,5,0,300,0.5,1700,0.5,1
2,9,1182,1,0,500,0.6,1000,0.2,1400,0.2,1
2,10,3367,2,10,5,0,300,0.5,572,0.32,486,0.18,1
2,11,5947,0,0,300,0.5,1700,0.5,1
3,0,6662,2,10,5,0,500,0.6,1000,0.2,1400,0.2,1
3,1,5657,2,10,5,0,666,0.42,420,0.58,1
3,2,11491,0,0,666,0.42,420,0.58,1
3,3,13147,1,0,300,0.5,1700,0.5,1
3,4,1943,1,0,666,0.42,420,0.58,1
3,5,4035,1,0,300,0.5,572,0.32,486,0.18,1
3,6,10060,0,0,500,0.6,1000,0.2,1400,0.2,1
3,7,1790,2,10,5,0,300,0.5,572,0.32,486,0.18,1
3,8,6903,2,10,5,0,666,0.42,420,0.58,1
3,9,903,1,0,300,0.5,1700,0.5,1
3,10,14631,1,0,300,0.5,1700,0.5,1
3,11,3847,2,10,5,0,300,0.5,572,0.32,486,0.18,1
4,0,14913,2,10,5,0,300,0.5,1700,0.5,1
4,1,10735,0,0,300,0.5,1700,0.5,1
4,2,3074,2,10,5,0,300,0.5,572,0.32,486,0.18,1
4,3,9080,2,10,5,0,300,0.5,1700,0.5,1
4,4,2233,1,0,300,0.5,572,0.32,486,0.18,1
4,5,14752,2,10,5,0,300,0.5,572,0.32,486,0.18,1
4,6,14325,2,10,5,0,666,0.42,420,0.58,1
4,7,9591,0,0,300,0.5,1700,0.5,1
4,8,4682,0,0,666,0.42,420,0.58,1
4,9,3689,2,10,5,0,300,0.5,572,0.32,486,0.18,1
4,10,12901,2,10,5,0,300,0.5,1700,0.5,1
4,11,1226,0,0,300,0.5,1700,0.5,1
5,0,4380,1,0,500,0.6,1000,0.2,1400,0.2,1
5,1,13905,0,0,300,0.5,572,0.32,486,0.18,1
5,2,451,0,0,500,0.6,1000,0.2,1400,0.2,1
5,3,12477,1,0,300,0.5,572,0.32,486,0.18,1
5,4,12910,1,0,666,0.42,420,0.58,1
5,5,3645,2,10,5,0,666,0.42,420,0.58,1
5,6,10685,0,0,500,0.6,1000,0.2,1400,0.2,1
5,7,10565,1,0,666,0.42,420,0.58,1
5,8,8174,0,0,666,0.42,420,0.58,1
5,9,14067,1,0,300,0.5,1700,0.5,1
5,10,24,1,0,300,0.5,1700,0.5,1
5,11,532,1,0,300,0.5,572,0.32,486,0.18,1
6,0,825,0,0,300,0.5,572,0.32,486,0.18,1
6,1,2256,0,0,300,0.5,1700,0.5,1
6,2,1192,0,0,300,0.5,1700,0.5,1
6,3,13471,2,10,5,0,666,0.42,420,0.58,1
6,4,3070,0,0,300,0.5,1700,0.5,1
6,5,9851,0,0,500,0.6,1000,0.2,1400,0.2,1
6,6,13514,0,0,300,0.5,1700,0.5,1
6,7,12370,0,0,666,0.42,420,0.58,1
6,8,6445,0,0,300,0.5,1700,0.5,1
6,9,3872,1,0,666,0.42,420,0.58,1
6,10,2732,0,0,300,0.5,572,0.32,486,0.18,1
6,11,11069,0,0,666,0.42,420,0.58,1
7,0,8850,2,10,5,0,300,0.5,1700,0.5,1
7,1,3901,0,0,666,0.42,420,0.58,1
7,2,1686,2,10,5,0,500,0.6,1000,0.2,1400,0.2,1
7,3,10587,0,0,300,0.5,1700,0.5,1
7,4,2473,1,0,300,0.5,1700,0.5,1
7,5,14764,1,0,300,0.5,572,0.32,486,0.18,1
7,6,4062,1,0,300,0.5,572,0.32,486,0.18,1
7,7,3648,1,0,500,0.6,1000,0.2,1400,0.2,1
7,8,1842,0,0,500,0.6,1000,0.2,1400,0.2,1
7,9,11405,2,10,5,0,300,0.5,572,0.32,486,0.18,1
7,10,9890,0,0,666,0.42,420,0.58,1
7,11,9616,1,0,300,0.5,1700,0.5,1
8,0,14080,1,0,666,0.42,420,0.58,1
8,1,8186,2,10,5,0,300,0.5,572,0.32,486,0.18,1
8,2,6512,0,0,666,0.42,420,0.58,1
8,3,8161,2,10,5,0,500,0.6,1000,0.2,1400,0.2,1
8,4,8424,0,0,300,0.5,1700,0.5,1
8,5,8326,2,10,5,0,666,0.42,420,0.58,1
8,6,14070,1,0,300,0.5,1700,0.5,1
8,7,12131,0,0,300,0.5,1700,0.5,1
8,8,9394,0,0,300,0.5,572,0.32,486,0.18,1
8,9,3108,2,10,5,0,300,0.5,572,0.32,486,0.18,1
8,10,7360,1,0,300,0.5,1700,0.5,1
8,11,8814,0,0,300,0.5,1700,0.5,1
9,0,12359,2,10,5,0,666,0.42,420,0.58,1
9,1,13437,1,0,300,0.5,1700,0.5,1
9,2,6862,2,10,5,0,500,0.6,1000,0.2,1400,0.2,1
9,3,10726,0,0,300,0.5,1700,0.5,1
9,4,5197,1,0,300,0.5,1700,0.5,1
9,5,10865,1,0,666,0.42,420,0.58,1
9,6,12443,2,10,5,0,300,0.5,1700,0.5,1
9,7,13721,2,10,5,0,300,0.5,572,0.32,486,0.18,1
9,8,10106,2,10,5,0,300,0.5,572,0.32,486,0.18,1
9,9,2884,2,10,5,0,666,0.42,420,0.58,1
9,10,8738,2,10,5,0,300,0.5,572,0.32,486,0.18,1
9,11,14764,0,0,300,0.5,572,0.32,486,0.18,1
10,0,8884,2,10,5,0,300,0.5,1700,0.5,1
10,1,11744,1,0,500,0.6,1000,0.2,1400,0.2,1
10,2,5563,0,0,500,0.6,1000,0.2,1400,0.2,1
10,3,12461,0,0,300,0.5,1700,0.5,1
10,4,12273,0,0,500,0.6,1000,0.2,1400,0.2,1
10,5,6628,2,10,5,0,300,0.5,1700,0.5,1
10,6,7533,0,0,300,0.5,572,0.32,486,0.18,1
10,7,14301,1,0,500,0.6,1000,0.2,1400,0.2,1
10,8,2448,0,0,300,0.5,572,0.32,486,0.18,1
10,9,13601,0,0,500,0.6,1000,0.2,1400,0.2,1
10,10,2742,2,10,5,0,300,0.5,572,0.32,486,0.18,1
10,11,7849,0,0,300,0.5,1700,0.5,1
11,0,13171,1,0,300,0.5,572,0.32,486,0.18,1
11,1,12874,2,10,5,0,300,0.5,572,0.32,486,0.18,1
11,2,348,2,10,5,0,300,0.5,1700,0.5,1
11,3,12867,1,0,500,0.6,1000,0.2,1400,0.2,1
11,4,5621,1,0,500,0.6,1000,0.2,1400,0.2,1
11,5,5473,1,0,500,0.6,1000,0.2,1400,0.2,1
11,6,9678,2,10,5,0,300,0.5,1700,0.5,1
11,7,719,1,0,300,0.5,1700,0.5,1
11,8,6010,2,10,5,0,300,0.5,572,0.32,486,0.18,1
11,9,10247,2,10,5,0,666,0.42,420,0.58,1
11,10,7947,1,0,500,0.6,1000,0.2,1400,0.2,1
11,11,2851,1,0,500,0.6,1000,0.2,1400,0.2,1
