0,0,14287,1,0,300,0.5,1700,0.5,1
0,1,13208,2,10,5,0,300,0.5,572,0.32,486,0.18,1
0,2,10452,2,10,5,0,300,0.5,1700,0.5,1
0,3,9019,0,0,666,0.42,420,0.58,1
0,4,122,1,0,300,0.5,572,0.32,486,0.18,1
0,5,13515,1,0,500,0.6,1000,0.2,1400,0.2,1
0,6,9176,1,0,300,0.5,572,0.32,486,0.18,1
0,7,8232,2,10,5,0,300,0.5,572,0.32,486,0.18,1
0,8,5601,1,0,300,0.5,572,0.32,486,0.18,1
0,9,10282,0,0,300,0.5,1700,0.5,1
0,10,10760,2,10,5,0,666,0.42,420,0.58,1
0,11,1997,1,0,300,0.5,572,0.32,486,0.18,1
1,0,2652,1,0,300,0.5,572,0.32,486,0.18,1
1,1,11972,1,0,300,0.5,572,0.32,486,0.18,1
1,2,2234,2,10,5,0,500,0.6,1000,0.2,1400,0.2,0
1,3,12053,2,10,5,0,666,0.42,420,0.58,1
1,4,5096,1,0,300,0.5,1700,0.5,1
1,5,8326,2,10,5,0,666,0.42,420,0.58,1
1,6,8553,0,0,300,0.5,1700,0.5,1
1,7,12084,1,0,500,0.6,1000,0.2,1400,0.2,1
1,8,3902,1,0,300,0.5,1700,0.5,1
1,9,11003,1,0,300,0.5,572,0.32,486,0.18,1
1,10,14817,0,0,500,0.6,1000,0.2,1400,0.2,1
1,11,11210,0,0,666,0.42,420,0.58,1
2,0,13840,1,0,500,0.6,1000,0.2,1400,0.2,1
2,1,14271,0,0,300,0.5,572,0.32,486,0.18,1
2,2,12220,2,10,5,0,300,0.5,1700,0.5,1
2,3,8765,0,0,300,0.5,1700,0.5,1
2,4,11262,1,0,666,0.42,420,0.58,1
2,5,5328,2,10,5,0,500,0.6,1000,0.2,1400,0.2,1
2,6,4658,2,10,5,0,666,0.42,420,0.58,1
2,7,13191,2,10,5,0,300,0.5,1700,0.5,1
2,8,13545,2,10,5,0,300,0.5,572,0.32,486,0.18,1
2,9,8734,2,10,5,0,500,0.6,1000,0.2,1400,0.2,1
2,10,5224,0,0,300,0.5,1700,0.5,1
2,11,3911,1,0,666,0.42,420,0.58,1
3,0,5932,1,0,300,0.5,1700,0.5,1
3,1,8839,2,10,5,0,500,0.6,1000,0.2,1400,0.2,1
3,2,8277,1,0,500,0.6,1000,0.2,1400,0.2,1
3,3,4489,0,0,666,0.42,420,0.58,1
3,4,7326,2,10,5,0,300,0.5,572,0.32,486,0.18,1
3,5,4515,1,0,300,0.5,572,0.32,486,0.18,1
3,6,2202,0,0,300,0.5,572,0.32,486,0.18,1
3,7,11171,2,10,5,0,300,0.5,1700,0.5,1
3,8,13814,1,0,300,0.5,1700,0.5,1
3,9,1831,0,0,300,0.5,1700,0.5,1
3,10,6574,0,0,666,0.42,420,0.58,1
3,11,9114,0,0,666,0.42,420,0.58,1
4,0,10760,1,0,500,0.6,1000,0.2,1400,0.2,1
4,1,13144,2,10,5,0,300,0.5,1700,0.5,1
4,2,4899,2,10,5,0,500,0.6,1000,0.2,1400,0.2,1
4,3,12255,1,0,500,0.6,1000,0.2,1400,0.2,1
4,4,8826,1,0,300,0.5,1700,0.5,1
4,5,4893,2,10,5,0,300,0.5,572,0.32,486,0.18,1
4,6,8655,1,0,300,0.5,1700,0.5,1
4,7,12087,1,0,300,0.5,1700,0.5,1
4,8,7876,0,0,300,0.5,572,0.32,486,0.18,1
4,9,5998,0,0,500,0.6,1000,0.2,1400,0.2,1
4,10,2937,2,10,5,0,666,0.42,420,0.58,1
4,11,2631,0,0,300,0.5,1700,0.5,1
5,0,8646,1,0,666,0.42,420,0.58,1
5,1,6791,0,0,666,0.42,420,0.58,1
5,2,12066,0,0,500,0.6,1000,0.2,1400,0.2,1
5,3,9975,2,10,5,0,300,0.5,1700,0.5,1
5,4,3441,0,0,300,0.5,572,0.32,486,0.18,1
5,5,460,1,0,300,0.5,1700,0.5,1
5,6,9556,0,0,300,0.5,1700,0.5,1
5,7,14751,2,10,5,0,666,0.42,420,0.58,1
5,8,2910,0,0,666,0.42,420,0.58,1
5,9,10120,0,0,300,0.5,1700,0.5,1
5,10,7640,0,0,666,0.42,420,0.58,1
5,11,87,0,0,500,0.6,1000,0.2,1400,0.2,1
6,0,14719,0,0,300,0.5,572,0.32,486,0.18,1
6,1,759,1,0,300,0.5,1700,0.5,1
6,2,9229,2,10,5,0,500,0.6,1000,0.2,1400,0.2,1
6,3,7547,0,0,666,0.42,420,0.58,1
6,4,2166,0,0,500,0.6,1000,0.2,1400,0.2,1
6,5,10654,0,0,300,0.5,1700,0.5,1
6,6,5671,0,0,500,0.6,1000,0.2,1400,0.2,1
6,7,4493,1,0,300,0.5,1700,0.5,1
6,8,14866,2,10,5,0,300,0.5,1700,0.5,1
6,9,13495,0,0,300,0.5,1700,0.5,1
6,10,7731,0,0,500,0.6,1000,0.2,1400,0.2,1
6,11,1335,1,0,666,0.42,420,0.58,1
7,0,750,2,10,5,0,666,0.42,420,0.58,1
7,1,5876,0,0,300,0.5,1700,0.5,1
7,2,11044,0,0,500,0.6,1000,0.2,1400,0.2,1
7,3,6661,1,0,300,0.5,572,0.32,486,0.18,1
7,4,10298,2,10,5,0,300,0.5,1700,0.5,1
7,5,823,0,0,500,0.6,1000,0.2,1400,0.2,1
7,6,2428,0,0,666,0.42,420,0.58,1
7,7,2465,0,0,500,0.6,1000,0.2,1400,0.2,1
7,8,10083,1,0,666,0.42,420,0.58,1
7,9,8270,2,10,5,0,500,0.6,1000,0.2,1400,0.2,1
7,10,11114,2,10,5,0,500,0.6,1000,0.2,1400,0.2,1
7,11,11465,2,10,5,0,300,0.5,1700,0.5,1
8,0,13114,0,0,500,0.6,1000,0.2,1400,0.2,1
8,1,847,1,0,300,0.5,572,0.32,486,0.18,1
8,2,11814,0,0,300,0.5,572,0.32,486,0.18,1
8,3,1895,0,0,300,0.5,1700,0.5,1
8,4,4121,1,0,300,0.5,1700,0.5,1
8,5,1355,0,0,666,0.42,420,0.58,1
8,6,14391,2,10,5,0,300,0.5,1700,0.5,1
8,7,6127,0,0,500,0.6,1000,0.2,1400,0.2,1
8,8,6319,1,0,300,0.5,572,0.32,486,0.18,1
8,9,7895,0,0,500,0.6,1000,0.2,1400,0.2,1
8,10,3099,2,10,5,0,666,0.42,420,0.58,1
8,11,12983,1,0,666,0.42,420,0.58,1
9,0,7615,1,0,500,0.6,1000,0.2,1400,0.2,1
9,1,13822,0,0,300,0.5,1700,0.5,1
9,2,1417,1,0,300,0.5,572,0.32,486,0.18,1
9,3,5184,1,0,500,0.6,1000,0.2,1400,0.2,1
9,4,7253,2,10,5,0,300,0.5,572,0.32,486,0.18,1
9,5,1000,1,0,500,0.6,1000,0.2,1400,0.2,1
9,6,9726,1,0,300,0.5,1700,0.5,1
9,7,11349,1,0,500,0.6,1000,0.2,1400,0.2,1
9,8,8225,1,0,300,0.5,1700,0.5,1
9,9,391,0,0,500,0.6,1000,0.2,1400,0.2,1
9,10,8014,1,0,300,0.5,572,0.32,486,0.18,1
9,11,2066,1,0,666,0.42,420,0.58,1
10,0,11419,2,10,5,0,300,0.5,1700,0.5,1
10,1,10578,1,0,666,0.42,420,0.58,1
10,2,8686,1,0,666,0.42,420,0.58,1
10,3,10999,0,0,666,0.42,420,0.58,1
10,4,10328,1,0,500,0.6,1000,0.2,1400,0.2,1
10,5,12279,0,0,666,0.42,420,0.58,1
10,6,12502,1,0,300,0.5,572,0.32,486,0.18,1
10,7,5027,1,0,500,0.6,1000,0.2,1400,0.2,1
10,8,1979,1,0,300,0.5,1700,0.5,1
10,9,10075,1,0,500,0.6,1000,0.2,1400,0.2,1
10,10,10406,1,0,300,0.5,1700,0.5,1
10,11,8055,1,0,500,0.6,1000,0.2,1400,0.2,1
11,0,4237,2,10,5,0,300,0.5,1700,0.5,1
11,1,12410,0,0,300,0.5,572,0.32,486,0.18,1
11,2,1341,2,10,5,0,500,0.6,1000,0.2,1400,0.2,1
11,3,14567,1,0,300,0.5,572,0.32,486,0.18,1
11,4,11670,0,0,666,0.42,420,0.58,1
11,5,8888,0,0,300,0.5,1700,0.5,1
11,6,10459,1,0,300,0.5,1700,0.5,1
11,7,2907,1,0,500,0.6,1000,0.2,1400,0.2,1
11,8,6947,2,10,5,0,300,0.5,1700,0.5,1
11,9,14930,0,0,500,0.6,1000,0.2,1400,0.2,1
11,10,14639,0,0,666,0.42,420,0.58,1
11,11,2099,2,10,5,0,300,0.5,1700,0.5,1
