0,0,2761,2,10,5,0,500,0.6,1000,0.2,1400,0.2,1
0,1,9768,1,0,666,0.42,420,0.58,1
0,2,6208,1,0,666,0.42,420,0.58,1
0,3,10996,0,0,300,0.5,572,0.32,486,0.18,1
0,4,11744,1,0,300,0.5,572,0.32,486,0.18,1
0,5,9307,2,10,5,0,666,0.42,420,0.58,1
0,6,7509,0,0,300,0.5,1700,0.5,1
0,7,8260,0,0,500,0.6,1000,0.2,1400,0.2,1
0,8,9491,1,0,666,0.42,420,0.58,1
0,9,14937,1,0,300,0.5,572,0.32,486,0.18,1
0,10,4689,2,10,5,0,300,0.5,1700,0.5,1
0,11,12741,2,10,5,0,666,0.42,420,0.58,1
1,0,17,0,0,300,0.5,1700,0.5,1
1,1,13982,1,0,500,0.6,1000,0.2,1400,0.2,1
1,2,12233,1,0,666,0.42,420,0.58,0
1,3,11263,1,0,300,0.5,1700,0.5,1
1,4,1645,2,10,5,0,500,0.6,1000,0.2,1400,0.2,1
1,5,4346,1,0,666,0.42,420,0.58,1
1,6,9025,0,0,300,0.5,572,0.32,486,0.18,1
1,7,9908,1,0,300,0.5,1700,0.5,1
1,8,11393,0,0,666,0.42,420,0.58,1
1,9,355,0,0,300,0.5,1700,0.5,1
1,10,5604,0,0,300,0.5,1700,0.5,1
1,11,11461,2,10,5,0,300,0.5,572,0.32,486,0.18,1
2,0,6075,2,10,5,0,500,0.6,1000,0.2,1400,0.2,1
2,1,1310,1,0,666,0.42,420,0.58,1
2,2,12128,1,0,300,0.5,572,0.32,486,0.18,1
2,3,2145,2,10,5,0,500,0.6,1000,0.2,1400,0.2,1
2,4,900,2,10,5,0,666,0.42,420,0.58,1
2,5,5957,0,0,300,0.5,572,0.32,486,0.18,1
2,6,10312,0,0,300,0.5,572,0.32,486,0.18,1
2,7,2335,1,0,300,0.5,572,0.32,486,0.18,1
2,8,5643,1,0,666,0.42,420,0.58,1
2,9,2330,2,10,5,0,300,0.5,1700,0.5,1
2,10,648,1,0,300,0.5,572,0.32,486,0.18,1
2,11,6592,2,10,5,0,300,0.5,1700,0.5,1
3,0,2790,2,10,5,0,300,0.5,1700,0.5,1
3,1,7746,2,10,5,0,500,0.6,1000,0.2,1400,0.2,1
3,2,13189,1,0,500,0.6,1000,0.2,1400,0.2,1
3,3,753,0,0,666,0.42,420,0.58,1
3,4,6627,0,0,666,0.42,420,0.58,1
3,5,10266,2,10,5,0,666,0.42,420,0.58,1
3,6,10272,2,10,5,0,300,0.5,1700,0.5,1
3,7,5523,0,0,666,0.42,420,0.58,1
3,8,13359,0,0,500,0.6,1000,0.2,1400,0.2,1
3,9,5722,0,0,500,0.6,1000,0.2,1400,0.2,1
3,10,14601,1,0,300,0.5,572,0.32,486,0.18,1
3,11,9779,0,0,300,0.5,572,0.32,486,0.18,1
4,0,687,1,0,666,0.42,420,0.58,1
4,1,13713,2,10,5,0,300,0.5,1700,0.5,1
4,2,13352,1,0,300,0.5,1700,0.5,1
4,3,6338,1,0,666,0.42,420,0.58,1
4,4,1082,2,10,5,0,666,0.42,420,0.58,1
4,5,7580,1,0,500,0.6,1000,0.2,1400,0.2,1
4,6,11380,1,0,500,0.6,1000,0.2,1400,0.2,1
4,7,252,0,0,666,0.42,420,0.58,1
4,8,9261,1,0,300,0.5,1700,0.5,1
4,9,2231,1,0,300,0.5,572,0.32,486,0.18,1
4,10,5475,0,0,300,0.5,1700,0.5,1
4,11,11042,2,10,5,0,300,0.5,572,0.32,486,0.18,1
5,0,11874,1,0,666,0.42,420,0.58,1
5,1,7037,1,0,300,0.5,572,0.32,486,0.18,1
5,2,11045,0,0,300,0.5,1700,0.5,1
5,3,11578,0,0,300,0.5,1700,0.5,1
5,4,9066,1,0,300,0.5,572,0.32,486,0.18,1
5,5,8549,1,0,500,0.6,1000,0.2,1400,0.2,1
5,6,3885,0,0,300,0.5,1700,0.5,1
5,7,13959,2,10,5,0,300,0.5,572,0.32,486,0.18,1
5,8,12044,0,0,666,0.42,420,0.58,1
5,9,8685,1,0,300,0.5,572,0.32,486,0.18,1
5,10,7617,2,10,5,0,666,0.42,420,0.58,1
5,11,12285,0,0,500,0.6,1000,0.2,1400,0.2,1
6,0,7984,2,10,5,0,300,0.5,572,0.32,486,0.18,1
6,1,5198,1,0,666,0.42,420,0.58,1
6,2,10288,1,0,666,0.42,420,0.58,1
6,3,4710,2,10,5,0,666,0.42,420,0.58,1
6,4,10720,2,10,5,0,500,0.6,1000,0.2,1400,0.2,1
6,5,9687,2,10,5,0,300,0.5,572,0.32,486,0.18,1
6,6,8880,1,0,500,0.6,1000,0.2,1400,0.2,1
6,7,10983,2,10,5,0,666,0.42,420,0.58,1
6,8,1348,0,0,500,0.6,1000,0.2,1400,0.2,1
6,9,116,1,0,300,0.5,572,0.32,486,0.18,1
6,10,3806,1,0,300,0.5,1700,0.5,1
6,11,5932,1,0,300,0.5,572,0.32,486,0.18,1
7,0,8371,0,0,300,0.5,572,0.32,486,0.18,1
7,1,11328,2,10,5,0,500,0.6,1000,0.2,1400,0.2,1
7,2,12816,2,10,5,0,300,0.5,1700,0.5,1
7,3,240,2,10,5,0,300,0.5,1700,0.5,1
7,4,9334,1,0,500,0.6,1000,0.2,1400,0.2,1
7,5,8626,0,0,666,0.42,420,0.58,1
7,6,7842,1,0,300,0.5,572,0.32,486,0.18,1
7,7,12568,1,0,300,0.5,1700,0.5,1
7,8,12272,2,10,5,0,300,0.5,1700,0.5,1
7,9,4839,0,0,300,0.5,1700,0.5,1
7,10,11874,1,0,666,0.42,420,0.58,1
7,11,13329,1,0,666,0.42,420,0.58,1
8,0,9955,2,10,5,0,300,0.5,572,0.32,486,0.18,1
8,1,7651,2,10,5,0,300,0.5,1700,0.5,1
8,2,7085,1,0,300,0.5,1700,0.5,1
8,3,10184,2,10,5,0,300,0.5,1700,0.5,1
8,4,14603,1,0,300,0.5,572,0.32,486,0.18,1
8,5,8121,0,0,500,0.6,1000,0.2,1400,0.2,1
8,6,14531,2,10,5,0,666,0.42,420,0.58,1
8,7,6814,1,0,300,0.5,1700,0.5,1
8,8,3998,2,10,5,0,500,0.6,1000,0.2,1400,0.2,1
8,9,14888,0,0,500,0.6,1000,0.2,1400,0.2,1
8,10,13531,2,10,5,0,500,0.6,1000,0.2,1400,0.2,1
8,11,12070,1,0,666,0.42,420,0.58,1
9,0,86,1,0,300,0.5,572,0.32,486,0.18,1
9,1,9919,0,0,300,0.5,572,0.32,486,0.18,1
9,2,8368,2,10,5,0,300,0.5,1700,0.5,1
9,3,13569,0,0,300,0.5,572,0.32,486,0.18,1
9,4,8894,0,0,300,0.5,572,0.32,486,0.18,1
9,5,10656,2,10,5,0,300,0.5,1700,0.5,1
9,6,10744,1,0,666,0.42,420,0.58,1
9,7,2511,1,0,300,0.5,1700,0.5,1
9,8,13972,0,0,666,0.42,420,0.58,1
9,9,11816,2,10,5,0,666,0.42,420,0.58,1
9,10,971,0,0,300,0.5,572,0.32,486,0.18,1
9,11,10301,2,10,5,0,500,0.6,1000,0.2,1400,0.2,1
10,0,1966,1,0,300,0.5,572,0.32,486,0.18,1
10,1,8982,2,10,5,0,300,0.5,1700,0.5,1
10,2,14849,2,10,5,0,666,0.42,420,0.58,1
10,3,700,1,0,300,0.5,1700,0.5,1
10,4,12523,1,0,666,0.42,420,0.58,1
10,5,3199,0,0,666,0.42,420,0.58,1
10,6,8684,2,10,5,0,666,0.42,420,0.58,1
10,7,2380,1,0,300,0.5,1700,0.5,1
10,8,8268,2,10,5,0,300,0.5,572,0.32,486,0.18,1
10,9,13638,0,0,666,0.42,420,0.58,1
10,10,7961,2,10,5,0,300,0.5,572,0.32,486,0.18,1
10,11,3049,2,10,5,0,500,0.6,1000,0.2,1400,0.2,1
11,0,10496,0,0,666,0.42,420,0.58,1
11,1,154,2,10,5,0,666,0.42,420,0.58,1
11,2,10671,2,10,5,0,666,0.42,420,0.58,1
11,3,6165,2,10,5,0,300,0.5,1700,0.5,1
11,4,6819,0,0,666,0.42,420,0.58,1
11,5,5369,2,10,5,0,300,0.5,572,0.32,486,0.18,1
11,6,866,1,0,300,0.5,572,0.32,486,0.18,1
11,7,13090,2,10,5,0,300,0.5,572,0.32,486,0.18,1
11,8,13881,1,0,300,0.5,572,0.32,486,0.18,1
11,9,8360,2,10,5,0,666,0.42,420,0.58,1
11,10,8198,2,10,5,0,666,0.42,420,0.58,1
11,11,6994,2,10,5,0,300,0.5,572,0.32,486,0.18,1
