0,0,5189,1,0,300,0.5,572,0.32,486,0.18,1
0,1,10084,0,0,500,0.6,1000,0.2,1400,0.2,1
0,2,12013,2,10,5,0,500,0.6,1000,0.2,1400,0.2,1
0,3,3885,0,0,300,0.5,1700,0.5,1
0,4,11205,0,0,500,0.6,1000,0.2,1400,0.2,1
0,5,9371,1,0,500,0.6,1000,0.2,1400,0.2,1
0,6,14880,2,10,5,0,666,0.42,420,0.58,1
0,7,13470,2,10,5,0,666,0.42,420,0.58,1
0,8,8083,0,0,300,0.5,1700,0.5,1
0,9,546,0,0,300,0.5,1700,0.5,1
0,10,11242,2,10,5,0,300,0.5,1700,0.5,1
0,11,923,1,0,300,0.5,1700,0.5,1
1,0,6939,0,0,300,0.5,572,0.32,486,0.18,1
1,1,12793,0,0,300,0.5,1700,0.5,1
1,2,8302,0,0,300,0.5,1700,0.5,0
1,3,4646,1,0,300,0.5,572,0.32,486,0.18,1
1,4,8438,0,0,500,0.6,1000,0.2,1400,0.2,1
1,5,5858,2,10,5,0,500,0.6,1000,0.2,1400,0.2,1
1,6,14447,1,0,500,0.6,1000,0.2,1400,0.2,1
1,7,8826,2,10,5,0,300,0.5,572,0.32,486,0.18,1
1,8,8283,1,0,300,0.5,1700,0.5,1
1,9,13742,1,0,500,0.6,1000,0.2,1400,0.2,1
1,10,11263,2,10,5,0,300,0.5,1700,0.5,1
1,11,4670,0,0,666,0.42,420,0.58,1
2,0,10961,2,10,5,0,500,0.6,1000,0.2,1400,0.2,1
2,1,4492,0,0,666,0.42,420,0.58,1
2,2,4850,0,0,300,0.5,572,0.32,486,0.18,1
2,3,520,0,0,300,0.5,1700,0.5,1
2,4,3259,0,0,300,0.5,1700,0.5,1
2,5,14750,0,0,500,0.6,1000,0.2,1400,0.2,1
2,6,9149,1,0,300,0.5,572,0.32,486,0.18,1
2,7,718,1,0,300,0.5,1700,0.5,1
2,8,607,2,10,5,0,500,0.6,1000,0.2,1400,0.2,1
2,9,9290,2,10,5,0,666,0.42,420,0.58,1
2,10,6481,0,0,300,0.5,1700,0.5,1
2,11,1961,0,0,300,0.5,572,0.32,486,0.18,1
3,0,3457,0,0,300,0.5,572,0.32,486,0.18,1
3,1,12063,2,10,5,0,666,0.42,420,0.58,1
3,2,13383,0,0,666,0.42,420,0.58,1
3,3,12465,1,0,500,0.6,1000,0.2,1400,0.2,1
3,4,12055,1,0,500,0.6,1000,0.2,1400,0.2,1
3,5,1046,0,0,300,0.5,572,0.32,486,0.18,1
3,6,9090,2,10,5,0,500,0.6,1000,0.2,1400,0.2,1
3,7,11747,1,0,300,0.5,1700,0.5,1
3,8,2912,2,10,5,0,300,0.5,572,0.32,486,0.18,1
3,9,14159,2,10,5,0,300,0.5,572,0.32,486,0.18,1
3,10,5636,0,0,500,0.6,1000,0.2,1400,0.2,1
3,11,7425,1,0,300,0.5,1700,0.5,1
4,0,289,2,10,5,0,300,0.5,1700,0.5,1
4,1,13609,1,0,300,0.5,1700,0.5,1
4,2,8571,1,0,300,0.5,572,0.32,486,0.18,1
4,3,12137,0,0,666,0.42,420,0.58,1
4,4,4021,2,10,5,0,300,0.5,1700,0.5,1
4,5,1025,2,10,5,0,500,0.6,1000,0.2,1400,0.2,1
4,6,8589,2,10,5,0,666,0.42,420,0.58,1
4,7,7077,2,10,5,0,666,0.42,420,0.58,1
4,8,12277,0,0,300,0.5,572,0.32,486,0.18,1
4,9,2048,1,0,500,0.6,1000,0.2,1400,0.2,1
4,10,13413,1,0,500,0.6,1000,0.2,1400,0.2,1
4,11,3812,0,0,300,0.5,572,0.32,486,0.18,1
5,0,3821,1,0,300,0.5,572,0.32,486,0.18,1
5,1,11050,0,0,666,0.42,420,0.58,1
5,2,11878,0,0,300,0.5,572,0.32,486,0.18,1
5,3,14938,1,0,666,0.42,420,0.58,1
5,4,8849,1,0,300,0.5,572,0.32,486,0.18,1
5,5,14815,1,0,500,0.6,1000,0.2,1400,0.2,1
5,6,11261,1,0,666,0.42,420,0.58,1
5,7,13123,0,0,500,0.6,1000,0.2,1400,0.2,1
5,8,7473,0,0,300,0.5,1700,0.5,1
5,9,8413,2,10,5,0,300,0.5,1700,0.5,1
5,10,4446,1,0,666,0.42,420,0.58,1
5,11,4294,2,10,5,0,300,0.5,1700,0.5,1
6,0,2634,2,10,5,0,500,0.6,1000,0.2,1400,0.2,1
6,1,12690,1,0,500,0.6,1000,0.2,1400,0.2,1
6,2,10045,2,10,5,0,300,0.5,1700,0.5,1
6,3,10858,0,0,666,0.42,420,0.58,1
6,4,12523,2,10,5,0,300,0.5,1700,0.5,1
6,5,14603,2,10,5,0,500,0.6,1000,0.2,1400,0.2,1
6,6,9246,1,0,300,0.5,1700,0.5,1
6,7,9324,0,0,666,0.42,420,0.58,1
6,8,3870,0,0,666,0.42,420,0.58,1
6,9,5703,2,10,5,0,300,0.5,572,0.32,486,0.18,1
6,10,3648,2,10,5,0,666,0.42,420,0.58,1
6,11,3086,0,0,300,0.5,572,0.32,486,0.18,1
7,0,12600,1,0,300,0.5,1700,0.5,1
7,1,2704,0,0,300,0.5,572,0.32,486,0.18,1
7,2,13686,1,0,300,0.5,1700,0.5,1
7,3,10993,0,0,666,0.42,420,0.58,1
7,4,324,2,10,5,0,300,0.5,1700,0.5,1
7,5,5327,1,0,500,0.6,1000,0.2,1400,0.2,1
7,6,8760,0,0,500,0.6,1000,0.2,1400,0.2,1
7,7,10480,2,10,5,0,500,0.6,1000,0.2,1400,0.2,1
7,8,7351,1,0,300,0.5,572,0.32,486,0.18,1
7,9,14736,0,0,500,0.6,1000,0.2,1400,0.2,1
7,10,3592,0,0,500,0.6,1000,0.2,1400,0.2,1
7,11,14613,1,0,666,0.42,420,0.58,1
8,0,9910,2,10,5,0,666,0.42,420,0.58,1
8,1,9943,1,0,666,0.42,420,0.58,1
8,2,10651,0,0,300,0.5,572,0.32,486,0.18,1
8,3,12788,1,0,300,0.5,1700,0.5,1
8,4,770,1,0,300,0.5,572,0.32,486,0.18,1
8,5,12595,2,10,5,0,300,0.5,572,0.32,486,0.18,1
8,6,7738,1,0,500,0.6,1000,0.2,1400,0.2,1
8,7,11938,1,0,666,0.42,420,0.58,1
8,8,12070,1,0,300,0.5,1700,0.5,1
8,9,6057,0,0,500,0.6,1000,0.2,1400,0.2,1
8,10,8218,1,0,500,0.6,1000,0.2,1400,0.2,1
8,11,8355,1,0,300,0.5,1700,0.5,1
9,0,8890,2,10,5,0,300,0.5,1700,0.5,1
9,1,6495,1,0,500,0.6,1000,0.2,1400,0.2,1
9,2,11779,2,10,5,0,300,0.5,1700,0.5,1
9,3,775,1,0,300,0.5,572,0.32,486,0.18,1
9,4,1816,0,0,300,0.5,572,0.32,486,0.18,1
9,5,3648,1,0,500,0.6,1000,0.2,1400,0.2,1
9,6,5643,1,0,666,0.42,420,0.58,1
9,7,7700,0,0,300,0.5,1700,0.5,1
9,8,11377,1,0,300,0.5,572,0.32,486,0.18,1
9,9,1803,1,0,300,0.5,1700,0.5,1
9,10,9666,1,0,500,0.6,1000,0.2,1400,0.2,1
9,11,13657,0,0,666,0.42,420,0.58,1
10,0,9661,1,0,300,0.5,1700,0.5,1
10,1,13329,2,10,5,0,300,0.5,572,0.32,486,0.18,1
10,2,2671,2,10,5,0,300,0.5,572,0.32,486,0.18,1
10,3,4708,0,0,500,0.6,1000,0.2,1400,0.2,1
10,4,1224,0,0,500,0.6,1000,0.2,1400,0.2,1
10,5,7597,0,0,300,0.5,572,0.32,486,0.18,1
10,6,3078,1,0,300,0.5,1700,0.5,1
10,7,4419,1,0,500,0.6,1000,0.2,1400,0.2,1
10,8,5285,1,0,666,0.42,420,0.58,1
10,9,14875,1,0,666,0.42,420,0.58,1
10,10,9775,2,10,5,0,666,0.42,420,0.58,1
10,11,10956,2,10,5,0,300,0.5,572,0.32,486,0.18,1
11,0,1372,1,0,300,0.5,1700,0.5,1
11,1,7821,2,10,5,0,666,0.42,420,0.58,1
11,2,12799,1,0,300,0.5,1700,0.5,1
11,3,12519,2,10,5,0,666,0.42,420,0.58,1
11,4,6580,2,10,5,0,666,0.42,420,0.58,1
11,5,2948,1,0,500,0.6,1000,0.2,1400,0.2,1
11,6,3312,1,0,500,0.6,1000,0.2,1400,0.2,1
11,7,10836,2,10,5,0,500,0.6,1000,0.2,1400,0.2,1
11,8,6593,0,0,500,0.6,1000,0.2,1400,0.2,1
11,9,7429,1,0,500,0.6,1000,0.2,1400,0.2,1
11,10,14934,1,0,500,0.6,1000,0.2,1400,0.2,1
11,11,9676,0,0,666,0.42,420,0.58,1
