0,0,1279,2,10,5,0,300,0.5,572,0.32,486,0.18,1
0,1,5359,0,0,300,0.5,1700,0.5,1
0,2,11203,0,0,300,0.5,1700,0.5,1
0,3,6749,1,0,300,0.5,572,0.32,486,0.18,1
0,4,14077,1,0,666,0.42,420,0.58,1
0,5,8528,2,10,5,0,300,0.5,572,0.32,486,0.18,1
0,6,5611,2,10,5,0,300,0.5,1700,0.5,1
0,7,11445,1,0,500,0.6,1000,0.2,1400,0.2,1
0,8,7352,1,0,300,0.5,572,0.32,486,0.18,1
0,9,5846,0,0,666,0.42,420,0.58,1
0,10,9105,1,0,300,0.5,572,0.32,486,0.18,1
0,11,8620,2,10,5,0,300,0.5,572,0.32,486,0.18,1
1,0,8529,2,10,5,0,666,0.42,420,0.58,1
1,1,7677,0,0,666,0.42,420,0.58,1
1,2,4404,1,0,300,0.5,1700,0.5,0
1,3,2850,1,0,500,0.6,1000,0.2,1400,0.2,1
1,4,8852,2,10,5,0,300,0.5,1700,0.5,1
1,5,3195,2,10,5,0,500,0.6,1000,0.2,1400,0.2,1
1,6,2559,2,10,5,0,300,0.5,572,0.32,486,0.18,1
1,7,10155,0,0,666,0.42,420,0.58,1
1,8,13846,0,0,300,0.5,572,0.32,486,0.18,1
1,9,6819,0,0,666,0.42,420,0.58,1
1,10,13582,0,0,300,0.5,1700,0.5,1
1,11,2577,1,0,666,0.42,420,0.58,1
2,0,14501,2,10,5,0,666,0.42,420,0.58,1
2,1,11385,1,0,300,0.5,1700,0.5,1
2,2,6251,0,0,300,0.5,572,0.32,486,0.18,1
2,3,1831,2,10,5,0,500,0.6,1000,0.2,1400,0.2,1
2,4,11733,0,0,666,0.42,420,0.58,1
2,5,1865,0,0,300,0.5,1700,0.5,1
2,6,10137,2,10,5,0,666,0.42,420,0.58,1
2,7,10807,1,0,666,0.42,420,0.58,1
2,8,1377,1,0,300,0.5,1700,0.5,1
2,9,13157,2,10,5,0,300,0.5,572,0.32,486,0.18,1
2,10,2417,0,0,300,0.5,572,0.32,486,0.18,1
2,11,12209,1,0,300,0.5,572,0.32,486,0.18,1
3,0,937,2,10,5,0,500,0.6,1000,0.2,1400,0.2,1
3,1,10708,0,0,300,0.5,1700,0.5,1
3,2,8601,0,0,500,0.6,1000,0.2,1400,0.2,1
3,3,4645,0,0,666,0.42,420,0.58,1
3,4,4765,0,0,666,0.42,420,0.58,1
3,5,6123,0,0,666,0.42,420,0.58,1
3,6,13503,2,10,5,0,666,0.42,420,0.58,1
3,7,9643,2,10,5,0,300,0.5,1700,0.5,1
3,8,6235,2,10,5,0,300,0.5,572,0.32,486,0.18,1
3,9,10109,2,10,5,0,666,0.42,420,0.58,1
3,10,10967,2,10,5,0,300,0.5,572,0.32,486,0.18,1
3,11,12840,0,0,666,0.42,420,0.58,1
4,0,11477,0,0,500,0.6,1000,0.2,1400,0.2,1
4,1,10721,0,0,666,0.42,420,0.58,1
4,2,10970,2,10,5,0,666,0.42,420,0.58,1
4,3,6564,1,0,300,0.5,572,0.32,486,0.18,1
4,4,8059,2,10,5,0,300,0.5,1700,0.5,1
4,5,10980,2,10,5,0,300,0.5,572,0.32,486,0.18,1
4,6,9259,1,0,300,0.5,1700,0.5,1
4,7,5314,1,0,666,0.42,420,0.58,1
4,8,13091,0,0,300,0.5,1700,0.5,1
4,9,13975,0,0,300,0.5,1700,0.5,1
4,10,11086,1,0,500,0.6,1000,0.2,1400,0.2,1
4,11,9785,2,10,5,0,300,0.5,572,0.32,486,0.18,1
5,0,12178,2,10,5,0,300,0.5,1700,0.5,1
5,1,9727,1,0,500,0.6,1000,0.2,1400,0.2,1
5,2,6057,1,0,500,0.6,1000,0.2,1400,0.2,1
5,3,8085,2,10,5,0,300,0.5,1700,0.5,1
5,4,14042,2,10,5,0,666,0.42,420,0.58,1
5,5,9930,2,10,5,0,300,0.5,1700,0.5,1
5,6,2110,1,0,500,0.6,1000,0.2,1400,0.2,1
5,7,6418,0,0,500,0.6,1000,0.2,1400,0.2,1
5,8,6955,2,10,5,0,500,0.6,1000,0.2,1400,0.2,1
5,9,8194,1,0,300,0.5,572,0.32,486,0.18,1
5,10,8897,2,10,5,0,300,0.5,572,0.32,486,0.18,1
5,11,1888,1,0,500,0.6,1000,0.2,1400,0.2,1
6,0,7269,2,10,5,0,500,0.6,1000,0.2,1400,0.2,1
6,1,6951,1,0,300,0.5,572,0.32,486,0.18,1
6,2,1344,1,0,666,0.42,420,0.58,1
6,3,11694,0,0,300,0.5,572,0.32,486,0.18,1
6,4,10069,1,0,300,0.5,572,0.32,486,0.18,1
6,5,14358,1,0,666,0.42,420,0.58,1
6,6,13329,2,10,5,0,666,0.42,420,0.58,1
6,7,8763,0,0,300,0.5,1700,0.5,1
6,8,9386,0,0,300,0.5,572,0.32,486,0.18,1
6,9,9910,2,10,5,0,300,0.5,1700,0.5,1
6,10,13903,0,0,300,0.5,572,0.32,486,0.18,1
6,11,10841,1,0,500,0.6,1000,0.2,1400,0.2,1
7,0,2266,0,0,500,0.6,1000,0.2,1400,0.2,1
7,1,10597,1,0,300,0.5,572,0.32,486,0.18,1
7,2,7714,0,0,300,0.5,1700,0.5,1
7,3,5369,0,0,300,0.5,572,0.32,486,0.18,1
7,4,9223,1,0,500,0.6,1000,0.2,1400,0.2,1
7,5,3446,1,0,300,0.5,572,0.32,486,0.18,1
7,6,148,2,10,5,0,300,0.5,572,0.32,486,0.18,1
7,7,2092,0,0,500,0.6,1000,0.2,1400,0.2,1
7,8,3876,0,0,300,0.5,572,0.32,486,0.18,1
7,9,14103,2,10,5,0,500,0.6,1000,0.2,1400,0.2,1
7,10,12728,2,10,5,0,300,0.5,572,0.32,486,0.18,1
7,11,2387,0,0,666,0.42,420,0.58,1
8,0,14187,1,0,666,0.42,420,0.58,1
8,1,877,1,0,300,0.5,1700,0.5,1
8,2,8540,0,0,500,0.6,1000,0.2,1400,0.2,1
8,3,4927,2,10,5,0,300,0.5,572,0.32,486,0.18,1
8,4,7050,0,0,300,0.5,572,0.32,486,0.18,1
8,5,800,1,0,666,0.42,420,0.58,1
8,6,7270,0,0,300,0.5,572,0.32,486,0.18,1
8,7,12784,2,10,5,0,500,0.6,1000,0.2,1400,0.2,1
8,8,9626,2,10,5,0,500,0.6,1000,0.2,1400,0.2,1
8,9,1061,2,10,5,0,300,0.5,572,0.32,486,0.18,1
8,10,378,1,0,666,0.42,420,0.58,1
8,11,778,0,0,666,0.42,420,0.58,1
9,0,8204,0,0,300,0.5,1700,0.5,1
9,1,10353,1,0,300,0.5,1700,0.5,1
9,2,7070,2,10,5,0,500,0.6,1000,0.2,1400,0.2,1
9,3,7687,2,10,5,0,500,0.6,1000,0.2,1400,0.2,1
9,4,10170,2,10,5,0,500,0.6,1000,0.2,1400,0.2,1
9,5,2773,2,10,5,0,666,0.42,420,0.58,1
9,6,12513,0,0,666,0.42,420,0.58,1
9,7,3020,1,0,300,0.5,572,0.32,486,0.18,1
9,8,13588,1,0,500,0.6,1000,0.2,1400,0.2,1
9,9,13499,0,0,300,0.5,1700,0.5,1
9,10,5883,1,0,666,0.42,420,0.58,1
9,11,4283,1,0,300,0.5,572,0.32,486,0.18,1
10,0,3366,2,10,5,0,300,0.5,572,0.32,486,0.18,1
10,1,5016,0,0,300,0.5,1700,0.5,1
10,2,7194,1,0,300,0.5,1700,0.5,1
10,3,7587,2,10,5,0,500,0.6,1000,0.2,1400,0.2,1
10,4,1156,0,0,666,0.42,420,0.58,1
10,5,10359,0,0,500,0.6,1000,0.2,1400,0.2,1
10,6,9881,2,10,5,0,500,0.6,1000,0.2,1400,0.2,1
10,7,11162,0,0,666,0.42,420,0.58,1
10,8,11809,1,0,300,0.5,1700,0.5,1
10,9,12917,1,0,500,0.6,1000,0.2,1400,0.2,1
10,10,5567,2,10,5,0,500,0.6,1000,0.2,1400,0.2,1
10,11,7927,1,0,500,0.6,1000,0.2,1400,0.2,1
11,0,6413,0,0,500,0.6,1000,0.2,1400,0.2,1
11,1,2098,0,0,666,0.42,420,0.58,1
11,2,4574,2,10,5,0,300,0.5,1700,0.5,1
11,3,14575,1,0,500,0.6,1000,0.2,1400,0.2,1
11,4,2024,1,0,500,0.6,1000,0.2,1400,0.2,1
11,5,14324,0,0,300,0.5,1700,0.5,1
11,6,935,0,0,500,0.6,1000,0.2,1400,0.2,1
11,7,2201,0,0,500,0.6,1000,0.2,1400,0.2,1
11,8,9260,0,0,666,0.42,420,0.58,1
11,9,8983,2,10,5,0,666,0.42,420,0.58,1
11,10,4532,2,10,5,0,300,0.5,1700,0.5,1
11,11,2907,1,0,300,0.5,572,0.32,486,0.18,1
