0,0,12447,0,0,300,0.5,1700,0.5,1
0,1,2025,0,0,300,0.5,572,0.32,486,0.18,1
0,2,1897,2,10,5,0,500,0.6,1000,0.2,1400,0.2,1
0,3,5524,0,0,300,0.5,572,0.32,486,0.18,1
0,4,12995,1,0,300,0.5,1700,0.5,1
0,5,12850,1,0,666,0.42,420,0.58,1
0,6,2361,0,0,500,0.6,1000,0.2,1400,0.2,1
0,7,12489,1,0,500,0.6,1000,0.2,1400,0.2,1
0,8,8296,2,10,5,0,300,0.5,1700,0.5,1
0,9,4797,0,0,300,0.5,1700,0.5,1
0,10,14507,1,0,300,0.5,1700,0.5,1
0,11,12396,1,0,300,0.5,572,0.32,486,0.18,1
1,0,13105,1,0,300,0.5,572,0.32,486,0.18,1
1,1,1413,2,10,5,0,300,0.5,1700,0.5,1
1,2,14604,1,0,500,0.6,1000,0.2,1400,0.2,0
1,3,7622,2,10,5,0,500,0.6,1000,0.2,1400,0.2,1
1,4,3623,1,0,666,0.42,420,0.58,1
1,5,14103,1,0,666,0.42,420,0.58,1
1,6,4490,0,0,300,0.5,572,0.32,486,0.18,1
1,7,6845,1,0,300,0.5,572,0.32,486,0.18,1
1,8,9029,1,0,300,0.5,572,0.32,486,0.18,1
1,9,11352,1,0,666,0.42,420,0.58,1
1,10,5188,0,0,300,0.5,1700,0.5,1
1,11,2943,2,10,5,0,300,0.5,1700,0.5,1
2,0,589,2,10,5,0,300,0.5,1700,0.5,1
2,1,13233,0,0,500,0.6,1000,0.2,1400,0.2,1
2,2,5309,1,0,300,0.5,1700,0.5,1
2,3,1095,0,0,300,0.5,1700,0.5,1
2,4,8984,1,0,300,0.5,1700,0.5,1
2,5,12361,1,0,300,0.5,1700,0.5,1
2,6,3467,1,0,300,0.5,572,0.32,486,0.18,1
2,7,10663,0,0,300,0.5,572,0.32,486,0.18,1
2,8,12407,0,0,666,0.42,420,0.58,1
2,9,10844,2,10,5,0,500,0.6,1000,0.2,1400,0.2,1
2,10,11375,1,0,300,0.5,572,0.32,486,0.18,1
2,11,4105,1,0,500,0.6,1000,0.2,1400,0.2,1
3,0,3266,2,10,5,0,300,0.5,572,0.32,486,0.18,1
3,1,12142,2,10,5,0,300,0.5,1700,0.5,1
3,2,13284,2,10,5,0,500,0.6,1000,0.2,1400,0.2,1
3,3,3752,1,0,666,0.42,420,0.58,1
3,4,11459,0,0,300,0.5,1700,0.5,1
3,5,12103,2,10,5,0,300,0.5,572,0.32,486,0.18,1
3,6,4868,1,0,666,0.42,420,0.58,1
3,7,10848,0,0,300,0.5,1700,0.5,1
3,8,6800,0,0,666,0.42,420,0.58,1
3,9,12117,1,0,500,0.6,1000,0.2,1400,0.2,1
3,10,7295,0,0,666,0.42,420,0.58,1
3,11,6124,1,0,666,0.42,420,0.58,1
4,0,8846,2,10,5,0,666,0.42,420,0.58,1
4,1,8788,0,0,666,0.42,420,0.58,1
4,2,351,1,0,300,0.5,1700,0.5,1
4,3,10071,2,10,5,0,666,0.42,420,0.58,1
4,4,10226,2,10,5,0,500,0.6,1000,0.2,1400,0.2,1
4,5,4552,2,10,5,0,500,0.6,1000,0.2,1400,0.2,1
4,6,327,2,10,5,0,500,0.6,1000,0.2,1400,0.2,1
4,7,7043,2,10,5,0,500,0.6,1000,0.2,1400,0.2,1
4,8,3247,0,0,300,0.5,572,0.32,486,0.18,1
4,9,2274,0,0,300,0.5,1700,0.5,1
4,10,8278,0,0,500,0.6,1000,0.2,1400,0.2,1
4,11,2827,1,0,300,0.5,1700,0.5,1
5,0,12338,2,10,5,0,500,0.6,1000,0.2,1400,0.2,1
5,1,3614,1,0,666,0.42,420,0.58,1
5,2,6201,0,0,666,0.42,420,0.58,1
5,3,13782,0,0,500,0.6,1000,0.2,1400,0.2,1
5,4,856,1,0,300,0.5,1700,0.5,1
5,5,12425,1,0,500,0.6,1000,0.2,1400,0.2,1
5,6,9298,2,10,5,0,300,0.5,572,0.32,486,0.18,1
5,7,808,0,0,300,0.5,1700,0.5,1
5,8,7370,0,0,666,0.42,420,0.58,1
5,9,2500,0,0,500,0.6,1000,0.2,1400,0.2,1
5,10,10373,2,10,5,0,500,0.6,1000,0.2,1400,0.2,1
5,11,9641,2,10,5,0,500,0.6,1000,0.2,1400,0.2,1
6,0,14404,1,0,300,0.5,1700,0.5,1
6,1,8794,2,10,5,0,300,0.5,572,0.32,486,0.18,1
6,2,2316,2,10,5,0,666,0.42,420,0.58,1
6,3,6200,2,10,5,0,300,0.5,1700,0.5,1
6,4,9196,1,0,666,0.42,420,0.58,1
6,5,7904,1,0,300,0.5,572,0.32,486,0.18,1
6,6,12104,1,0,300,0.5,572,0.32,486,0.18,1
6,7,11553,0,0,500,0.6,1000,0.2,1400,0.2,1
6,8,7701,0,0,300,0.5,572,0.32,486,0.18,1
6,9,12077,0,0,300,0.5,1700,0.5,1
6,10,14457,2,10,5,0,300,0.5,1700,0.5,1
6,11,9716,2,10,5,0,666,0.42,420,0.58,1
7,0,11445,1,0,500,0.6,1000,0.2,1400,0.2,1
7,1,5807,2,10,5,0,500,0.6,1000,0.2,1400,0.2,1
7,2,654,2,10,5,0,300,0.5,1700,0.5,1
7,3,6302,0,0,666,0.42,420,0.58,1
7,4,2616,0,0,500,0.6,1000,0.2,1400,0.2,1
7,5,7366,2,10,5,0,666,0.42,420,0.58,1
7,6,590,1,0,300,0.5,1700,0.5,1
7,7,11695,2,10,5,0,300,0.5,572,0.32,486,0.18,1
7,8,4148,1,0,300,0.5,572,0.32,486,0.18,1
7,9,10338,1,0,300,0.5,572,0.32,486,0.18,1
7,10,13579,2,10,5,0,300,0.5,1700,0.5,1
7,11,502,1,0,300,0.5,1700,0.5,1
8,0,11160,1,0,300,0.5,1700,0.5,1
8,1,3948,2,10,5,0,300,0.5,572,0.32,486,0.18,1
8,2,11475,0,0,500,0.6,1000,0.2,1400,0.2,1
8,3,7628,2,10,5,0,300,0.5,572,0.32,486,0.18,1
8,4,6900,0,0,300,0.5,572,0.32,486,0.18,1
8,5,14448,0,0,300,0.5,572,0.32,486,0.18,1
8,6,6118,2,10,5,0,300,0.5,572,0.32,486,0.18,1
8,7,4733,1,0,300,0.5,1700,0.5,1
8,8,2840,0,0,500,0.6,1000,0.2,1400,0.2,1
8,9,14502,2,10,5,0,666,0.42,420,0.58,1
8,10,4840,2,10,5,0,300,0.5,1700,0.5,1
8,11,14330,0,0,300,0.5,572,0.32,486,0.18,1
9,0,794,0,0,300,0.5,572,0.32,486,0.18,1
9,1,8113,2,10,5,0,300,0.5,572,0.32,486,0.18,1
9,2,8395,0,0,300,0.5,572,0.32,486,0.18,1
9,3,8245,2,10,5,0,666,0.42,420,0.58,1
9,4,1020,1,0,300,0.5,1700,0.5,1
9,5,10735,1,0,300,0.5,1700,0.5,1
9,6,12529,1,0,666,0.42,420,0.58,1
9,7,4560,1,0,666,0.42,420,0.58,1
9,8,4959,1,0,500,0.6,1000,0.2,1400,0.2,1
9,9,3298,1,0,500,0.6,1000,0.2,1400,0.2,1
9,10,5440,0,0,300,0.5,572,0.32,486,0.18,1
9,11,2247,2,10,5,0,500,0.6,1000,0.2,1400,0.2,1
10,0,989,1,0,300,0.5,1700,0.5,1
10,1,9833,1,0,500,0.6,1000,0.2,1400,0.2,1
10,2,1909,0,0,500,0.6,1000,0.2,1400,0.2,1
10,3,12603,0,0,500,0.6,1000,0.2,1400,0.2,1
10,4,2739,2,10,5,0,500,0.6,1000,0.2,1400,0.2,1
10,5,13654,1,0,300,0.5,572,0.32,486,0.18,1
10,6,9425,0,0,500,0.6,1000,0.2,1400,0.2,1
10,7,1902,2,10,5,0,666,0.42,420,0.58,1
10,8,12884,1,0,666,0.42,420,0.58,1
10,9,9929,2,10,5,0,500,0.6,1000,0.2,1400,0.2,1
10,10,5140,1,0,666,0.42,420,0.58,1
10,11,14566,0,0,300,0.5,1700,0.5,1
11,0,169,0,0,500,0.6,1000,0.2,1400,0.2,1
11,1,8369,2,10,5,0,300,0.5,1700,0.5,1
11,2,720,1,0,300,0.5,1700,0.5,1
11,3,917,0,0,500,0.6,1000,0.2,1400,0.2,1
11,4,8884,2,10,5,0,666,0.42,420,0.58,1
11,5,6114,1,0,300,0.5,1700,0.5,1
11,6,10986,0,0,500,0.6,1000,0.2,1400,0.2,1
11,7,12361,2,10,5,0,666,0.42,420,0.58,1
11,8,11267,2,10,5,0,500,0.6,1000,0.2,1400,0.2,1
11,9,7763,1,0,300,0.5,1700,0.5,1
11,10,14715,1,0,300,0.5,572,0.32,486,0.18,1
11,11,5566,0,0,500,0.6,1000,0.2,1400,0.2,1
