0,0,3592,1,0,300,0.5,572,0.32,486,0.18,1
0,1,12237,2,10,5,0,500,0.6,1000,0.2,1400,0.2,1
0,2,4740,2,10,5,0,666,0.42,420,0.58,1
0,3,1759,2,10,5,0,300,0.5,1700,0.5,1
0,4,3703,2,10,5,0,300,0.5,572,0.32,486,0.18,1
0,5,12052,2,10,5,0,500,0.6,1000,0.2,1400,0.2,1
0,6,4997,1,0,300,0.5,572,0.32,486,0.18,1
0,7,1338,0,0,666,0.42,420,0.58,1
0,8,1928,1,0,300,0.5,1700,0.5,1
0,9,7868,2,10,5,0,300,0.5,572,0.32,486,0.18,1
0,10,7543,2,10,5,0,666,0.42,420,0.58,1
0,11,13901,0,0,666,0.42,420,0.58,1
1,0,5986,0,0,500,0.6,1000,0.2,1400,0.2,1
1,1,13161,2,10,5,0,300,0.5,1700,0.5,1
1,2,6513,1,0,300,0.5,1700,0.5,0
1,3,13234,0,0,300,0.5,1700,0.5,1
1,4,986,0,0,300,0.5,1700,0.5,1
1,5,12212,2,10,5,0,500,0.6,1000,0.2,1400,0.2,1
1,6,4544,2,10,5,0,666,0.42,420,0.58,1
1,7,3287,2,10,5,0,666,0.42,420,0.58,1
1,8,5119,2,10,5,0,300,0.5,1700,0.5,1
1,9,9407,0,0,300,0.5,1700,0.5,1
1,10,2865,1,0,666,0.42,420,0.58,1
1,11,9088,0,0,500,0.6,1000,0.2,1400,0.2,1
2,0,14166,0,0,300,0.5,1700,0.5,1
2,1,1621,2,10,5,0,300,0.5,572,0.32,486,0.18,1
2,2,2792,1,0,500,0.6,1000,0.2,1400,0.2,1
2,3,10405,2,10,5,0,300,0.5,1700,0.5,1
2,4,1437,1,0,300,0.5,572,0.32,486,0.18,1
2,5,2473,1,0,300,0.5,572,0.32,486,0.18,1
2,6,477,1,0,300,0.5,572,0.32,486,0.18,1
2,7,9948,2,10,5,0,300,0.5,1700,0.5,1
2,8,9882,2,10,5,0,500,0.6,1000,0.2,1400,0.2,1
2,9,5838,2,10,5,0,300,0.5,1700,0.5,1
2,10,12966,2,10,5,0,500,0.6,1000,0.2,1400,0.2,1
2,11,1414,1,0,300,0.5,1700,0.5,1
3,0,4316,1,0,300,0.5,572,0.32,486,0.18,1
3,1,10012,2,10,5,0,300,0.5,572,0.32,486,0.18,1
3,2,9388,2,10,5,0,500,0.6,1000,0.2,1400,0.2,1
3,3,8067,1,0,300,0.5,1700,0.5,1
3,4,1147,0,0,300,0.5,1700,0.5,1
3,5,9605,0,0,666,0.42,420,0.58,1
3,6,13020,0,0,666,0.42,420,0.58,1
3,7,1507,0,0,300,0.5,572,0.32,486,0.18,1
3,8,1421,2,10,5,0,300,0.5,1700,0.5,1
3,9,13318,0,0,500,0.6,1000,0.2,1400,0.2,1
3,10,13183,2,10,5,0,500,0.6,1000,0.2,1400,0.2,1
3,11,1784,1,0,666,0.42,420,0.58,1
4,0,12393,1,0,666,0.42,420,0.58,1
4,1,4179,2,10,5,0,300,0.5,572,0.32,486,0.18,1
4,2,6789,0,0,500,0.6,1000,0.2,1400,0.2,1
4,3,1639,2,10,5,0,300,0.5,572,0.32,486,0.18,1
4,4,8897,2,10,5,0,500,0.6,1000,0.2,1400,0.2,1
4,5,11216,2,10,5,0,500,0.6,1000,0.2,1400,0.2,1
4,6,925,2,10,5,0,300,0.5,1700,0.5,1
4,7,14308,1,0,500,0.6,1000,0.2,1400,0.2,1
4,8,12132,0,0,500,0.6,1000,0.2,1400,0.2,1
4,9,4290,0,0,500,0.6,1000,0.2,1400,0.2,1
4,10,14624,2,10,5,0,666,0.42,420,0.58,1
4,11,13634,2,10,5,0,300,0.5,572,0.32,486,0.18,1
5,0,4150,1,0,300,0.5,572,0.32,486,0.18,1
5,1,13705,2,10,5,0,500,0.6,1000,0.2,1400,0.2,1
5,2,10342,0,0,666,0.42,420,0.58,1
5,3,358,0,0,300,0.5,1700,0.5,1
5,4,608,1,0,500,0.6,1000,0.2,1400,0.2,1
5,5,14686,0,0,666,0.42,420,0.58,1
5,6,10464,1,0,300,0.5,572,0.32,486,0.18,1
5,7,198,2,10,5,0,300,0.5,572,0.32,486,0.18,1
5,8,10763,0,0,300,0.5,572,0.32,486,0.18,1
5,9,1087,1,0,300,0.5,572,0.32,486,0.18,1
5,10,6816,2,10,5,0,300,0.5,572,0.32,486,0.18,1
5,11,2391,1,0,300,0.5,572,0.32,486,0.18,1
6,0,11637,2,10,5,0,300,0.5,1700,0.5,1
6,1,811,1,0,666,0.42,420,0.58,1
6,2,12714,1,0,500,0.6,1000,0.2,1400,0.2,1
6,3,9759,2,10,5,0,300,0.5,572,0.32,486,0.18,1
6,4,11884,1,0,500,0.6,1000,0.2,1400,0.2,1
6,5,3989,2,10,5,0,300,0.5,572,0.32,486,0.18,1
6,6,6842,0,0,666,0.42,420,0.58,1
6,7,13257,0,0,300,0.5,572,0.32,486,0.18,1
6,8,12748,0,0,300,0.5,1700,0.5,1
6,9,4907,1,0,500,0.6,1000,0.2,1400,0.2,1
6,10,4933,1,0,500,0.6,1000,0.2,1400,0.2,1
6,11,7667,2,10,5,0,300,0.5,572,0.32,486,0.18,1
7,0,1974,2,10,5,0,666,0.42,420,0.58,1
7,1,3471,1,0,500,0.6,1000,0.2,1400,0.2,1
7,2,10516,2,10,5,0,300,0.5,1700,0.5,1
7,3,13565,2,10,5,0,300,0.5,572,0.32,486,0.18,1
7,4,13497,1,0,300,0.5,572,0.32,486,0.18,1
7,5,6273,2,10,5,0,500,0.6,1000,0.2,1400,0.2,1
7,6,2777,2,10,5,0,500,0.6,1000,0.2,1400,0.2,1
7,7,4598,2,10,5,0,300,0.5,1700,0.5,1
7,8,990,2,10,5,0,300,0.5,572,0.32,486,0.18,1
7,9,10792,2,10,5,0,666,0.42,420,0.58,1
7,10,14764,1,0,300,0.5,572,0.32,486,0.18,1
7,11,6046,0,0,300,0.5,1700,0.5,1
8,0,12627,0,0,666,0.42,420,0.58,1
8,1,698,2,10,5,0,500,0.6,1000,0.2,1400,0.2,1
8,2,5824,2,10,5,0,666,0.42,420,0.58,1
8,3,536,2,10,5,0,500,0.6,1000,0.2,1400,0.2,1
8,4,1524,1,0,300,0.5,572,0.32,486,0.18,1
8,5,7403,2,10,5,0,666,0.42,420,0.58,1
8,6,12776,2,10,5,0,666,0.42,420,0.58,1
8,7,6469,2,10,5,0,666,0.42,420,0.58,1
8,8,4871,1,0,300,0.5,572,0.32,486,0.18,1
8,9,343,2,10,5,0,300,0.5,1700,0.5,1
8,10,3354,1,0,500,0.6,1000,0.2,1400,0.2,1
8,11,6420,0,0,300,0.5,572,0.32,486,0.18,1
9,0,1842,1,0,300,0.5,572,0.32,486,0.18,1
9,1,816,2,10,5,0,666,0.42,420,0.58,1
9,2,13291,2,10,5,0,500,0.6,1000,0.2,1400,0.2,1
9,3,3078,1,0,500,0.6,1000,0.2,1400,0.2,1
9,4,14620,2,10,5,0,500,0.6,1000,0.2,1400,0.2,1
9,5,108,1,0,300,0.5,1700,0.5,1
9,6,13614,1,0,500,0.6,1000,0.2,1400,0.2,1
9,7,5168,0,0,300,0.5,1700,0.5,1
9,8,7974,1,0,300,0.5,1700,0.5,1
9,9,809,1,0,500,0.6,1000,0.2,1400,0.2,1
9,10,10223,0,0,666,0.42,420,0.58,1
9,11,13978,2,10,5,0,300,0.5,572,0.32,486,0.18,1
10,0,10574,0,0,500,0.6,1000,0.2,1400,0.2,1
10,1,9909,1,0,300,0.5,1700,0.5,1
10,2,1165,1,0,666,0.42,420,0.58,1
10,3,7764,2,10,5,0,300,0.5,572,0.32,486,0.18,1
10,4,11847,0,0,500,0.6,1000,0.2,1400,0.2,1
10,5,984,2,10,5,0,666,0.42,420,0.58,1
10,6,6998,0,0,300,0.5,1700,0.5,1
10,7,152,1,0,300,0.5,1700,0.5,1
10,8,8202,2,10,5,0,300,0.5,572,0.32,486,0.18,1
10,9,2102,2,10,5,0,500,0.6,1000,0.2,1400,0.2,1
10,10,12209,1,0,500,0.6,1000,0.2,1400,0.2,1
10,11,9947,2,10,5,0,500,0.6,1000,0.2,1400,0.2,1
11,0,8250,2,10,5,0,666,0.42,420,0.58,1
11,1,9736,0,0,666,0.42,420,0.58,1
11,2,5447,2,10,5,0,300,0.5,572,0.32,486,0.18,1
11,3,12330,1,0,300,0.5,572,0.32,486,0.18,1
11,4,11544,0,0,300,0.5,1700,0.5,1
11,5,8376,2,10,5,0,300,0.5,572,0.32,486,0.18,1
11,6,3916,1,0,300,0.5,572,0.32,486,0.18,1
11,7,2499,0,0,300,0.5,1700,0.5,1
11,8,3265,0,0,300,0.5,572,0.32,486,0.18,1
11,9,9202,2,10,5,0,500,0.6,1000,0.2,1400,0.2,1
11,10,1018,1,0,300,0.5,1700,0.5,1
11,11,4815,2,10,5,0,666,0.42,420,0.58,1
