0,0,10665,1,0,500,0.6,1000,0.2,1400,0.2,1
0,1,10086,2,10,5,0,666,0.42,420,0.58,1
0,2,2021,2,10,5,0,500,0.6,1000,0.2,1400,0.2,1
0,3,8644,0,0,666,0.42,420,0.58,1
0,4,1885,1,0,300,0.5,1700,0.5,1
0,5,2760,1,0,300,0.5,572,0.32,486,0.18,1
0,6,9792,2,10,5,0,300,0.5,572,0.32,486,0.18,1
0,7,2111,2,10,5,0,666,0.42,420,0.58,1
0,8,3200,0,0,500,0.6,1000,0.2,1400,0.2,1
0,9,448,0,0,300,0.5,572,0.32,486,0.18,1
0,10,10916,2,10,5,0,300,0.5,1700,0.5,1
0,11,14750,0,0,300,0.5,1700,0.5,1
1,0,3637,1,0,500,0.6,1000,0.2,1400,0.2,1
1,1,11547,1,0,300,0.5,572,0.32,486,0.18,1
1,2,12593,0,0,666,0.42,420,0.58,0
1,3,13071,1,0,666,0.42,420,0.58,1
1,4,12673,0,0,300,0.5,1700,0.5,1
1,5,2233,2,10,5,0,300,0.5,1700,0.5,1
1,6,797,1,0,500,0.6,1000,0.2,1400,0.2,1
1,7,5470,1,0,300,0.5,1700,0.5,1
1,8,9979,1,0,300,0.5,572,0.32,486,0.18,1
1,9,10385,1,0,300,0.5,572,0.32,486,0.18,1
1,10,729,0,0,500,0.6,1000,0.2,1400,0.2,1
1,11,8025,1,0,666,0.42,420,0.58,1
2,0,10138,1,0,300,0.5,572,0.32,486,0.18,1
2,1,3965,0,0,300,0.5,1700,0.5,1
2,2,482,1,0,500,0.6,1000,0.2,1400,0.2,1
2,3,3428,0,0,666,0.42,420,0.58,1
2,4,7630,0,0,300,0.5,1700,0.5,1
2,5,13688,2,10,5,0,300,0.5,1700,0.5,1
2,6,6649,0,0,300,0.5,572,0.32,486,0.18,1
2,7,9570,1,0,300,0.5,1700,0.5,1
2,8,818,1,0,500,0.6,1000,0.2,1400,0.2,1
2,9,12953,2,10,5,0,300,0.5,1700,0.5,1
2,10,8741,1,0,500,0.6,1000,0.2,1400,0.2,1
2,11,10076,2,10,5,0,666,0.42,420,0.58,1
3,0,9779,1,0,500,0.6,1000,0.2,1400,0.2,1
3,1,9121,1,0,300,0.5,1700,0.5,1
3,2,10277,1,0,300,0.5,572,0.32,486,0.18,1
3,3,9778,2,10,5,0,300,0.5,572,0.32,486,0.18,1
3,4,7735,0,0,500,0.6,1000,0.2,1400,0.2,1
3,5,7991,2,10,5,0,300,0.5,1700,0.5,1
3,6,8432,0,0,500,0.6,1000,0.2,1400,0.2,1
3,7,4862,1,0,300,0.5,572,0.32,486,0.18,1
3,8,9144,0,0,300,0.5,572,0.32,486,0.18,1
3,9,9636,2,10,5,0,300,0.5,572,0.32,486,0.18,1
3,10,3143,2,10,5,0,666,0.42,420,0.58,1
3,11,4767,1,0,500,0.6,1000,0.2,1400,0.2,1
4,0,4899,0,0,666,0.42,420,0.58,1
4,1,13072,1,0,666,0.42,420,0.58,1
4,2,1427,1,0,500,0.6,1000,0.2,1400,0.2,1
4,3,6234,1,0,500,0.6,1000,0.2,1400,0.2,1
4,4,5922,1,0,666,0.42,420,0.58,1
4,5,2790,1,0,666,0.42,420,0.58,1
4,6,342,1,0,666,0.42,420,0.58,1
4,7,11849,0,0,300,0.5,572,0.32,486,0.18,1
4,8,11531,1,0,300,0.5,572,0.32,486,0.18,1
4,9,3962,1,0,300,0.5,572,0.32,486,0.18,1
4,10,5842,2,10,5,0,300,0.5,572,0.32,486,0.18,1
4,11,10922,1,0,666,0.42,420,0.58,1
5,0,8572,1,0,500,0.6,1000,0.2,1400,0.2,1
5,1,10618,0,0,300,0.5,572,0.32,486,0.18,1
5,2,7567,2,10,5,0,666,0.42,420,0.58,1
5,3,12590,2,10,5,0,666,0.42,420,0.58,1
5,4,13588,0,0,300,0.5,1700,0.5,1
5,5,10138,1,0,300,0.5,572,0.32,486,0.18,1
5,6,4231,0,0,300,0.5,572,0.32,486,0.18,1
5,7,4783,0,0,666,0.42,420,0.58,1
5,8,7819,0,0,500,0.6,1000,0.2,1400,0.2,1
5,9,409,2,10,5,0,666,0.42,420,0.58,1
5,10,1650,2,10,5,0,500,0.6,1000,0.2,1400,0.2,1
5,11,1652,2,10,5,0,500,0.6,1000,0.2,1400,0.2,1
6,0,3910,0,0,666,0.42,420,0.58,1
6,1,14996,1,0,666,0.42,420,0.58,1
6,2,3110,1,0,300,0.5,1700,0.5,1
6,3,5955,0,0,300,0.5,572,0.32,486,0.18,1
6,4,7977,1,0,300,0.5,572,0.32,486,0.18,1
6,5,13452,0,0,300,0.5,572,0.32,486,0.18,1
6,6,8202,0,0,500,0.6,1000,0.2,1400,0.2,1
6,7,13522,0,0,300,0.5,1700,0.5,1
6,8,10972,1,0,500,0.6,1000,0.2,1400,0.2,1
6,9,6771,0,0,666,0.42,420,0.58,1
6,10,1469,1,0,300,0.5,1700,0.5,1
6,11,2178,1,0,300,0.5,572,0.32,486,0.18,1
7,0,8070,0,0,666,0.42,420,0.58,1
7,1,9010,0,0,300,0.5,1700,0.5,1
7,2,628,0,0,666,0.42,420,0.58,1
7,3,7650,0,0,500,0.6,1000,0.2,1400,0.2,1
7,4,1409,0,0,300,0.5,1700,0.5,1
7,5,6174,2,10,5,0,500,0.6,1000,0.2,1400,0.2,1
7,6,439,2,10,5,0,300,0.5,1700,0.5,1
7,7,927,1,0,300,0.5,1700,0.5,1
7,8,3266,2,10,5,0,666,0.42,420,0.58,1
7,9,14781,1,0,300,0.5,572,0.32,486,0.18,1
7,10,11283,2,10,5,0,666,0.42,420,0.58,1
7,11,3877,2,10,5,0,500,0.6,1000,0.2,1400,0.2,1
8,0,3577,2,10,5,0,500,0.6,1000,0.2,1400,0.2,1
8,1,11451,1,0,666,0.42,420,0.58,1
8,2,398,1,0,500,0.6,1000,0.2,1400,0.2,1
8,3,171,1,0,300,0.5,572,0.32,486,0.18,1
8,4,10655,0,0,500,0.6,1000,0.2,1400,0.2,1
8,5,14176,0,0,666,0.42,420,0.58,1
8,6,11919,0,0,300,0.5,572,0.32,486,0.18,1
8,7,10545,0,0,300,0.5,1700,0.5,1
8,8,6246,2,10,5,0,666,0.42,420,0.58,1
8,9,10752,1,0,300,0.5,572,0.32,486,0.18,1
8,10,12266,1,0,300,0.5,572,0.32,486,0.18,1
8,11,367,2,10,5,0,666,0.42,420,0.58,1
9,0,8185,2,10,5,0,300,0.5,572,0.32,486,0.18,1
9,1,8797,0,0,300,0.5,572,0.32,486,0.18,1
9,2,10411,2,10,5,0,500,0.6,1000,0.2,1400,0.2,1
9,3,10869,2,10,5,0,666,0.42,420,0.58,1
9,4,7955,2,10,5,0,666,0.42,420,0.58,1
9,5,14086,2,10,5,0,300,0.5,1700,0.5,1
9,6,8062,2,10,5,0,666,0.42,420,0.58,1
9,7,1838,1,0,300,0.5,1700,0.5,1
9,8,4641,2,10,5,0,666,0.42,420,0.58,1
9,9,11060,1,0,300,0.5,1700,0.5,1
9,10,2380,0,0,500,0.6,1000,0.2,1400,0.2,1
9,11,6613,2,10,5,0,300,0.5,1700,0.5,1
10,0,3495,1,0,300,0.5,572,0.32,486,0.18,1
10,1,974,2,10,5,0,666,0.42,420,0.58,1
10,2,5470,1,0,300,0.5,1700,0.5,1
10,3,8690,1,0,300,0.5,572,0.32,486,0.18,1
10,4,1385,1,0,500,0.6,1000,0.2,1400,0.2,1
10,5,229,0,0,500,0.6,1000,0.2,1400,0.2,1
10,6,5016,1,0,500,0.6,1000,0.2,1400,0.2,1
10,7,12682,2,10,5,0,666,0.42,420,0.58,1
10,8,12309,0,0,500,0.6,1000,0.2,1400,0.2,1
10,9,13244,0,0,300,0.5,572,0.32,486,0.18,1
10,10,1802,2,10,5,0,300,0.5,572,0.32,486,0.18,1
10,11,3082,0,0,500,0.6,1000,0.2,1400,0.2,1
11,0,4924,0,0,666,0.42,420,0.58,1
11,1,4084,1,0,300,0.5,1700,0.5,1
11,2,11744,2,10,5,0,300,0.5,572,0.32,486,0.18,1
11,3,14908,2,10,5,0,666,0.42,420,0.58,1
11,4,8818,2,10,5,0,300,0.5,572,0.32,486,0.18,1
11,5,14738,1,0,300,0.5,1700,0.5,1
11,6,1824,0,0,300,0.5,572,0.32,486,0.18,1
11,7,8006,1,0,666,0.42,420,0.58,1
11,8,4295,0,0,666,0.42,420,0.58,1
11,9,8687,2,10,5,0,300,0.5,572,0.32,486,0.18,1
11,10,13812,0,0,500,0.6,1000,0.2,1400,0.2,1
11,11,13260,2,10,5,0,300,0.5,572,0.32,486,0.18,1
