0,0,3206,0,0,500,0.6,1000,0.2,1400,0.2,1
0,1,1744,1,0,300,0.5,572,0.32,486,0.18,1
0,2,14832,2,10,5,0,300,0.5,572,0.32,486,0.18,1
0,3,1539,2,10,5,0,300,0.5,1700,0.5,1
0,4,5868,0,0,500,0.6,1000,0.2,1400,0.2,1
0,5,8509,2,10,5,0,500,0.6,1000,0.2,1400,0.2,1
0,6,13222,1,0,300,0.5,572,0.32,486,0.18,1
0,7,8788,2,10,5,0,500,0.6,1000,0.2,1400,0.2,1
0,8,2902,1,0,500,0.6,1000,0.2,1400,0.2,1
0,9,14168,0,0,666,0.42,420,0.58,1
0,10,6424,1,0,300,0.5,572,0.32,486,0.18,1
0,11,1371,0,0,666,0.42,420,0.58,1
1,0,12327,0,0,666,0.42,420,0.58,1
1,1,10785,1,0,500,0.6,1000,0.2,1400,0.2,1
1,2,5402,1,0,300,0.5,572,0.32,486,0.18,0
1,3,12902,0,0,500,0.6,1000,0.2,1400,0.2,1
1,4,4802,0,0,500,0.6,1000,0.2,1400,0.2,1
1,5,6753,0,0,300,0.5,1700,0.5,1
1,6,8406,0,0,300,0.5,572,0.32,486,0.18,1
1,7,5936,0,0,300,0.5,1700,0.5,1
1,8,7861,1,0,666,0.42,420,0.58,1
1,9,12741,1,0,300,0.5,1700,0.5,1
1,10,348,2,10,5,0,300,0.5,1700,0.5,1
1,11,674,1,0,666,0.42,420,0.58,1
2,0,679,1,0,500,0.6,1000,0.2,1400,0.2,1
2,1,10832,0,0,500,0.6,1000,0.2,1400,0.2,1
2,2,14109,1,0,500,0.6,1000,0.2,1400,0.2,1
2,3,7067,0,0,300,0.5,572,0.32,486,0.18,1
2,4,5156,1,0,500,0.6,1000,0.2,1400,0.2,1
2,5,14281,0,0,300,0.5,572,0.32,486,0.18,1
2,6,12833,0,0,300,0.5,1700,0.5,1
2,7,12877,1,0,300,0.5,1700,0.5,1
2,8,5977,0,0,300,0.5,572,0.32,486,0.18,1
2,9,4027,2,10,5,0,300,0.5,572,0.32,486,0.18,1
2,10,4863,1,0,500,0.6,1000,0.2,1400,0.2,1
2,11,9777,2,10,5,0,666,0.42,420,0.58,1
3,0,8521,0,0,666,0.42,420,0.58,1
3,1,14633,0,0,300,0.5,1700,0.5,1
3,2,11545,0,0,666,0.42,420,0.58,1
3,3,11743,2,10,5,0,300,0.5,572,0.32,486,0.18,1
3,4,10001,2,10,5,0,300,0.5,1700,0.5,1
3,5,1162,2,10,5,0,300,0.5,1700,0.5,1
3,6,12589,2,10,5,0,300,0.5,572,0.32,486,0.18,1
3,7,10258,2,10,5,0,666,0.42,420,0.58,1
3,8,1619,1,0,300,0.5,572,0.32,486,0.18,1
3,9,3112,2,10,5,0,666,0.42,420,0.58,1
3,10,4505,1,0,500,0.6,1000,0.2,1400,0.2,1
3,11,1994,0,0,300,0.5,1700,0.5,1
4,0,11796,1,0,300,0.5,572,0.32,486,0.18,1
4,1,2891,2,10,5,0,500,0.6,1000,0.2,1400,0.2,1
4,2,5058,2,10,5,0,300,0.5,572,0.32,486,0.18,1
4,3,5642,2,10,5,0,500,0.6,1000,0.2,1400,0.2,1
4,4,5060,1,0,300,0.5,572,0.32,486,0.18,1
4,5,11660,2,10,5,0,666,0.42,420,0.58,1
4,6,4009,2,10,5,0,500,0.6,1000,0.2,1400,0.2,1
4,7,12678,0,0,666,0.42,420,0.58,1
4,8,11086,2,10,5,0,666,0.42,420,0.58,1
4,9,5864,2,10,5,0,300,0.5,572,0.32,486,0.18,1
4,10,10117,0,0,300,0.5,572,0.32,486,0.18,1
4,11,9146,1,0,666,0.42,420,0.58,1
5,0,1741,0,0,300,0.5,1700,0.5,1
5,1,11006,1,0,666,0.42,420,0.58,1
5,2,2914,1,0,666,0.42,420,0.58,1
5,3,13367,2,10,5,0,300,0.5,572,0.32,486,0.18,1
5,4,8625,2,10,5,0,666,0.42,420,0.58,1
5,5,14454,2,10,5,0,300,0.5,572,0.32,486,0.18,1
5,6,6930,2,10,5,0,300,0.5,572,0.32,486,0.18,1
5,7,11994,0,0,300,0.5,1700,0.5,1
5,8,3010,1,0,300,0.5,572,0.32,486,0.18,1
5,9,7644,2,10,5,0,500,0.6,1000,0.2,1400,0.2,1
5,10,8524,1,0,500,0.6,1000,0.2,1400,0.2,1
5,11,4504,0,0,300,0.5,1700,0.5,1
6,0,4908,2,10,5,0,666,0.42,420,0.58,1
6,1,13584,0,0,500,0.6,1000,0.2,1400,0.2,1
6,2,3773,2,10,5,0,300,0.5,1700,0.5,1
6,3,8670,2,10,5,0,666,0.42,420,0.58,1
6,4,6485,0,0,300,0.5,1700,0.5,1
6,5,9024,1,0,300,0.5,1700,0.5,1
6,6,6311,1,0,300,0.5,1700,0.5,1
6,7,12339,1,0,300,0.5,1700,0.5,1
6,8,1282,0,0,500,0.6,1000,0.2,1400,0.2,1
6,9,14749,2,10,5,0,300,0.5,1700,0.5,1
6,10,6822,2,10,5,0,500,0.6,1000,0.2,1400,0.2,1
6,11,9233,2,10,5,0,300,0.5,572,0.32,486,0.18,1
7,0,14051,2,10,5,0,500,0.6,1000,0.2,1400,0.2,1
7,1,12518,0,0,300,0.5,572,0.32,486,0.18,1
7,2,205,2,10,5,0,300,0.5,572,0.32,486,0.18,1
7,3,1254,1,0,300,0.5,572,0.32,486,0.18,1
7,4,1734,0,0,300,0.5,572,0.32,486,0.18,1
7,5,6594,1,0,666,0.42,420,0.58,1
7,6,9389,0,0,300,0.5,572,0.32,486,0.18,1
7,7,7049,1,0,300,0.5,1700,0.5,1
7,8,2233,0,0,500,0.6,1000,0.2,1400,0.2,1
7,9,2013,0,0,300,0.5,572,0.32,486,0.18,1
7,10,4063,0,0,666,0.42,420,0.58,1
7,11,13872,1,0,666,0.42,420,0.58,1
8,0,14425,0,0,500,0.6,1000,0.2,1400,0.2,1
8,1,10764,2,10,5,0,300,0.5,1700,0.5,1
8,2,3676,0,0,500,0.6,1000,0.2,1400,0.2,1
8,3,395,0,0,300,0.5,1700,0.5,1
8,4,13077,1,0,500,0.6,1000,0.2,1400,0.2,1
8,5,8933,0,0,500,0.6,1000,0.2,1400,0.2,1
8,6,12998,2,10,5,0,300,0.5,572,0.32,486,0.18,1
8,7,3155,0,0,300,0.5,572,0.32,486,0.18,1
8,8,6983,2,10,5,0,666,0.42,420,0.58,1
8,9,5738,2,10,5,0,300,0.5,1700,0.5,1
8,10,3933,1,0,300,0.5,572,0.32,486,0.18,1
8,11,6135,1,0,500,0.6,1000,0.2,1400,0.2,1
9,0,14440,0,0,300,0.5,1700,0.5,1
9,1,14215,2,10,5,0,666,0.42,420,0.58,1
9,2,7104,2,10,5,0,500,0.6,1000,0.2,1400,0.2,1
9,3,14165,0,0,500,0.6,1000,0.2,1400,0.2,1
9,4,12313,2,10,5,0,666,0.42,420,0.58,1
9,5,14873,1,0,500,0.6,1000,0.2,1400,0.2,1
9,6,5122,0,0,300,0.5,572,0.32,486,0.18,1
9,7,1692,2,10,5,0,300,0.5,572,0.32,486,0.18,1
9,8,6781,1,0,666,0.42,420,0.58,1
9,9,7978,1,0,300,0.5,572,0.32,486,0.18,1
9,10,2884,0,0,500,0.6,1000,0.2,1400,0.2,1
9,11,2536,0,0,500,0.6,1000,0.2,1400,0.2,1
10,0,11277,0,0,666,0.42,420,0.58,1
10,1,2968,2,10,5,0,666,0.42,420,0.58,1
10,2,307,0,0,300,0.5,572,0.32,486,0.18,1
10,3,389,0,0,500,0.6,1000,0.2,1400,0.2,1
10,4,1362,2,10,5,0,500,0.6,1000,0.2,1400,0.2,1
10,5,5372,0,0,300,0.5,572,0.32,486,0.18,1
10,6,3456,0,0,300,0.5,1700,0.5,1
10,7,2770,1,0,500,0.6,1000,0.2,1400,0.2,1
10,8,12446,2,10,5,0,666,0.42,420,0.58,1
10,9,1189,2,10,5,0,300,0.5,572,0.32,486,0.18,1
10,10,9854,1,0,300,0.5,1700,0.5,1
10,11,5643,2,10,5,0,500,0.6,1000,0.2,1400,0.2,1
11,0,2897,2,10,5,0,300,0.5,572,0.32,486,0.18,1
11,1,5300,2,10,5,0,300,0.5,572,0.32,486,0.18,1
11,2,9228,2,10,5,0,500,0.6,1000,0.2,1400,0.2,1
11,3,2110,0,0,500,0.6,1000,0.2,1400,0.2,1
11,4,14673,1,0,666,0.42,420,0.58,1
11,5,12347,2,10,5,0,500,0.6,1000,0.2,1400,0.2,1
11,6,14432,0,0,300,0.5,572,0.32,486,0.18,1
11,7,2127,0,0,300,0.5,572,0.32,486,0.18,1
11,8,8767,0,0,300,0.5,1700,0.5,1
11,9,3710,2,10,5,0,500,0.6,1000,0.2,1400,0.2,1
11,10,6240,1,0,300,0.5,1700,0.5,1
11,11,9615,2,10,5,0,300,0.5,1700,0.5,1
