0,0,7978,0,0,300,0.5,572,0.32,486,0.18,1
0,1,9095,1,0,300,0.5,1700,0.5,1
0,2,1481,2,10,5,0,500,0.6,1000,0.2,1400,0.2,1
0,3,4777,2,10,5,0,666,0.42,420,0.58,1
0,4,14868,2,10,5,0,300,0.5,572,0.32,486,0.18,1
0,5,13171,1,0,300,0.5,1700,0.5,1
0,6,14229,1,0,666,0.42,420,0.58,1
0,7,12737,0,0,666,0.42,420,0.58,1
0,8,4914,2,10,5,0,300,0.5,572,0.32,486,0.18,1
0,9,7168,1,0,500,0.6,1000,0.2,1400,0.2,1
0,10,13791,0,0,500,0.6,1000,0.2,1400,0.2,1
0,11,4980,2,10,5,0,300,0.5,1700,0.5,1
1,0,10847,0,0,300,0.5,572,0.32,486,0.18,1
1,1,9469,0,0,500,0.6,1000,0.2,1400,0.2,1
1,2,4024,2,10,5,0,500,0.6,1000,0.2,1400,0.2,0
1,3,12256,1,0,300,0.5,1700,0.5,1
1,4,5057,0,0,500,0.6,1000,0.2,1400,0.2,1
1,5,9208,1,0,300,0.5,1700,0.5,1
1,6,9570,0,0,666,0.42,420,0.58,1
1,7,4731,2,10,5,0,666,0.42,420,0.58,1
1,8,13672,0,0,500,0.6,1000,0.2,1400,0.2,1
1,9,10243,2,10,5,0,500,0.6,1000,0.2,1400,0.2,1
1,10,5348,0,0,300,0.5,572,0.32,486,0.18,1
1,11,3823,0,0,300,0.5,572,0.32,486,0.18,1
2,0,12123,2,10,5,0,500,0.6,1000,0.2,1400,0.2,1
2,1,14300,2,10,5,0,300,0.5,572,0.32,486,0.18,1
2,2,4889,1,0,500,0.6,1000,0.2,1400,0.2,1
2,3,12752,1,0,300,0.5,1700,0.5,1
2,4,5598,2,10,5,0,500,0.6,1000,0.2,1400,0.2,1
2,5,22,2,10,5,0,300,0.5,1700,0.5,1
2,6,3813,2,10,5,0,500,0.6,1000,0.2,1400,0.2,1
2,7,3627,1,0,300,0.5,1700,0.5,1
2,8,5966,2,10,5,0,500,0.6,1000,0.2,1400,0.2,1
2,9,4674,1,0,500,0.6,1000,0.2,1400,0.2,1
2,10,81,1,0,666,0.42,420,0.58,1
2,11,11843,2,10,5,0,500,0.6,1000,0.2,1400,0.2,1
3,0,418,0,0,300,0.5,572,0.32,486,0.18,1
3,1,13451,1,0,300,0.5,572,0.32,486,0.18,1
3,2,11227,2,10,5,0,300,0.5,1700,0.5,1
3,3,11884,0,0,300,0.5,572,0.32,486,0.18,1
3,4,7268,1,0,300,0.5,1700,0.5,1
3,5,8602,1,0,666,0.42,420,0.58,1
3,6,10617,2,10,5,0,500,0.6,1000,0.2,1400,0.2,1
3,7,10576,2,10,5,0,666,0.42,420,0.58,1
3,8,13974,2,10,5,0,300,0.5,572,0.32,486,0.18,1
3,9,14248,2,10,5,0,300,0.5,572,0.32,486,0.18,1
3,10,4385,2,10,5,0,500,0.6,1000,0.2,1400,0.2,1
3,11,8381,2,10,5,0,666,0.42,420,0.58,1
4,0,12638,0,0,500,0.6,1000,0.2,1400,0.2,1
4,1,10319,1,0,300,0.5,1700,0.5,1
4,2,975,1,0,666,0.42,420,0.58,1
4,3,9903,1,0,300,0.5,572,0.32,486,0.18,1
4,4,11374,0,0,300,0.5,572,0.32,486,0.18,1
4,5,2157,2,10,5,0,300,0.5,1700,0.5,1
4,6,4407,0,0,500,0.6,1000,0.2,1400,0.2,1
4,7,4625,2,10,5,0,666,0.42,420,0.58,1
4,8,6901,2,10,5,0,300,0.5,572,0.32,486,0.18,1
4,9,1991,0,0,300,0.5,1700,0.5,1
4,10,12794,0,0,300,0.5,1700,0.5,1
4,11,13137,0,0,500,0.6,1000,0.2,1400,0.2,1
5,0,14712,1,0,666,0.42,420,0.58,1
5,1,4371,0,0,300,0.5,572,0.32,486,0.18,1
5,2,11034,2,10,5,0,500,0.6,1000,0.2,1400,0.2,1
5,3,14564,1,0,666,0.42,420,0.58,1
5,4,11203,0,0,500,0.6,1000,0.2,1400,0.2,1
5,5,3569,2,10,5,0,500,0.6,1000,0.2,1400,0.2,1
5,6,9139,2,10,5,0,500,0.6,1000,0.2,1400,0.2,1
5,7,5097,2,10,5,0,300,0.5,1700,0.5,1
5,8,9749,1,0,500,0.6,1000,0.2,1400,0.2,1
5,9,12379,1,0,300,0.5,1700,0.5,1
5,10,8971,0,0,300,0.5,1700,0.5,1
5,11,7079,0,0,500,0.6,1000,0.2,1400,0.2,1
6,0,11704,1,0,500,0.6,1000,0.2,1400,0.2,1
6,1,12652,2,10,5,0,666,0.42,420,0.58,1
6,2,1020,0,0,300,0.5,572,0.32,486,0.18,1
6,3,6286,0,0,666,0.42,420,0.58,1
6,4,13810,2,10,5,0,500,0.6,1000,0.2,1400,0.2,1
6,5,12193,1,0,500,0.6,1000,0.2,1400,0.2,1
6,6,13294,1,0,500,0.6,1000,0.2,1400,0.2,1
6,7,5200,0,0,300,0.5,1700,0.5,1
6,8,730,2,10,5,0,300,0.5,1700,0.5,1
6,9,11075,2,10,5,0,666,0.42,420,0.58,1
6,10,11840,0,0,300,0.5,1700,0.5,1
6,11,542,2,10,5,0,500,0.6,1000,0.2,1400,0.2,1
7,0,5479,2,10,5,0,500,0.6,1000,0.2,1400,0.2,1
7,1,10204,2,10,5,0,300,0.5,1700,0.5,1
7,2,3794,0,0,500,0.6,1000,0.2,1400,0.2,1
7,3,13096,1,0,300,0.5,1700,0.5,1
7,4,5107,2,10,5,0,300,0.5,572,0.32,486,0.18,1
7,5,6868,2,10,5,0,300,0.5,572,0.32,486,0.18,1
7,6,5717,2,10,5,0,666,0.42,420,0.58,1
7,7,2509,1,0,300,0.5,1700,0.5,1
7,8,13647,0,0,300,0.5,572,0.32,486,0.18,1
7,9,10374,1,0,500,0.6,1000,0.2,1400,0.2,1
7,10,1516,2,10,5,0,666,0.42,420,0.58,1
7,11,3601,0,0,666,0.42,420,0.58,1
8,0,11790,2,10,5,0,300,0.5,572,0.32,486,0.18,1
8,1,9983,0,0,666,0.42,420,0.58,1
8,2,4452,0,0,500,0.6,1000,0.2,1400,0.2,1
8,3,9634,2,10,5,0,500,0.6,1000,0.2,1400,0.2,1
8,4,12705,1,0,300,0.5,1700,0.5,1
8,5,7943,0,0,500,0.6,1000,0.2,1400,0.2,1
8,6,8313,1,0,300,0.5,572,0.32,486,0.18,1
8,7,2833,0,0,666,0.42,420,0.58,1
8,8,5826,2,10,5,0,500,0.6,1000,0.2,1400,0.2,1
8,9,5643,1,0,300,0.5,1700,0.5,1
8,10,6374,1,0,666,0.42,420,0.58,1
8,11,2125,1,0,300,0.5,572,0.32,486,0.18,1
9,0,13318,2,10,5,0,666,0.42,420,0.58,1
9,1,5541,1,0,500,0.6,1000,0.2,1400,0.2,1
9,2,11803,0,0,666,0.42,420,0.58,1
9,3,12686,1,0,300,0.5,572,0.32,486,0.18,1
9,4,9499,0,0,500,0.6,1000,0.2,1400,0.2,1
9,5,2100,1,0,300,0.5,572,0.32,486,0.18,1
9,6,10915,0,0,300,0.5,1700,0.5,1
9,7,6421,2,10,5,0,500,0.6,1000,0.2,1400,0.2,1
9,8,4176,0,0,666,0.42,420,0.58,1
9,9,6474,2,10,5,0,500,0.6,1000,0.2,1400,0.2,1
9,10,4889,1,0,300,0.5,1700,0.5,1
9,11,12840,0,0,500,0.6,1000,0.2,1400,0.2,1
10,0,13839,1,0,300,0.5,572,0.32,486,0.18,1
10,1,6817,1,0,300,0.5,1700,0.5,1
10,2,5918,1,0,300,0.5,572,0.32,486,0.18,1
10,3,12159,1,0,500,0.6,1000,0.2,1400,0.2,1
10,4,4617,1,0,300,0.5,572,0.32,486,0.18,1
10,5,10144,0,0,500,0.6,1000,0.2,1400,0.2,1
10,6,11887,1,0,500,0.6,1000,0.2,1400,0.2,1
10,7,4043,1,0,666,0.42,420,0.58,1
10,8,10544,2,10,5,0,666,0.42,420,0.58,1
10,9,811,2,10,5,0,666,0.42,420,0.58,1
10,10,14687,0,0,300,0.5,572,0.32,486,0.18,1
10,11,5909,0,0,300,0.5,572,0.32,486,0.18,1
11,0,10498,0,0,666,0.42,420,0.58,1
11,1,5409,0,0,300,0.5,1700,0.5,1
11,2,10656,2,10,5,0,666,0.42,420,0.58,1
11,3,10975,2,10,5,0,666,0.42,420,0.58,1
11,4,6478,1,0,300,0.5,572,0.32,486,0.18,1
11,5,5903,2,10,5,0,300,0.5,1700,0.5,1
11,6,13365,1,0,300,0.5,572,0.32,486,0.18,1
11,7,463,1,0,300,0.5,572,0.32,486,0.18,1
11,8,5608,1,0,300,0.5,572,0.32,486,0.18,1
11,9,8532,0,0,300,0.5,1700,0.5,1
11,10,10898,1,0,666,0.42,420,0.58,1
11,11,12424,1,0,666,0.42,420,0.58,1
