0,0,7616,1,0,300,0.5,1700,0.5,1
0,1,2095,0,0,300,0.5,572,0.32,486,0.18,1
0,2,8341,1,0,500,0.6,1000,0.2,1400,0.2,1
0,3,13972,2,10,5,0,666,0.42,420,0.58,1
0,4,1552,2,10,5,0,300,0.5,572,0.32,486,0.18,1
0,5,7801,0,0,300,0.5,1700,0.5,1
0,6,5618,1,0,666,0.42,420,0.58,1
0,7,6019,2,10,5,0,300,0.5,1700,0.5,1
0,8,12279,1,0,666,0.42,420,0.58,1
0,9,12288,2,10,5,0,500,0.6,1000,0.2,1400,0.2,1
0,10,8864,0,0,500,0.6,1000,0.2,1400,0.2,1
0,11,12866,0,0,300,0.5,1700,0.5,1
1,0,12876,0,0,666,0.42,420,0.58,1
1,1,9146,0,0,300,0.5,572,0.32,486,0.18,1
1,2,13711,1,0,500,0.6,1000,0.2,1400,0.2,0
1,3,12473,2,10,5,0,300,0.5,572,0.32,486,0.18,1
1,4,11637,0,0,666,0.42,420,0.58,1
1,5,7812,2,10,5,0,300,0.5,1700,0.5,1
1,6,7716,0,0,300,0.5,1700,0.5,1
1,7,11014,1,0,500,0.6,1000,0.2,1400,0.2,1
1,8,10198,1,0,300,0.5,1700,0.5,1
1,9,10967,2,10,5,0,500,0.6,1000,0.2,1400,0.2,1
1,10,6788,2,10,5,0,666,0.42,420,0.58,1
1,11,13002,1,0,300,0.5,572,0.32,486,0.18,1
2,0,6264,1,0,500,0.6,1000,0.2,1400,0.2,1
2,1,6203,0,0,300,0.5,572,0.32,486,0.18,1
2,2,3767,0,0,500,0.6,1000,0.2,1400,0.2,1
2,3,13189,1,0,666,0.42,420,0.58,1
2,4,9734,0,0,500,0.6,1000,0.2,1400,0.2,1
2,5,9859,2,10,5,0,300,0.5,572,0.32,486,0.18,1
2,6,1523,1,0,666,0.42,420,0.58,1
2,7,11360,2,10,5,0,300,0.5,572,0.32,486,0.18,1
2,8,11980,0,0,666,0.42,420,0.58,1
2,9,6640,0,0,300,0.5,572,0.32,486,0.18,1
2,10,10832,1,0,300,0.5,572,0.32,486,0.18,1
2,11,13259,0,0,300,0.5,572,0.32,486,0.18,1
3,0,11134,0,0,666,0.42,420,0.58,1
3,1,1319,0,0,666,0.42,420,0.58,1
3,2,2863,1,0,500,0.6,1000,0.2,1400,0.2,1
3,3,6413,1,0,300,0.5,572,0.32,486,0.18,1
3,4,12548,1,0,666,0.42,420,0.58,1
3,5,13964,1,0,300,0.5,1700,0.5,1
3,6,13905,0,0,500,0.6,1000,0.2,1400,0.2,1
3,7,3166,2,10,5,0,666,0.42,420,0.58,1
3,8,7276,1,0,300,0.5,572,0.32,486,0.18,1
3,9,2268,2,10,5,0,500,0.6,1000,0.2,1400,0.2,1
3,10,8579,2,10,5,0,666,0.42,420,0.58,1
3,11,12720,1,0,300,0.5,572,0.32,486,0.18,1
4,0,10028,1,0,300,0.5,1700,0.5,1
4,1,11626,0,0,300,0.5,1700,0.5,1
4,2,10249,1,0,666,0.42,420,0.58,1
4,3,13148,0,0,300,0.5,572,0.32,486,0.18,1
4,4,4760,0,0,500,0.6,1000,0.2,1400,0.2,1
4,5,6492,0,0,300,0.5,572,0.32,486,0.18,1
4,6,9100,0,0,300,0.5,1700,0.5,1
4,7,7680,2,10,5,0,500,0.6,1000,0.2,1400,0.2,1
4,8,14019,2,10,5,0,666,0.42,420,0.58,1
4,9,3652,0,0,666,0.42,420,0.58,1
4,10,7593,1,0,300,0.5,572,0.32,486,0.18,1
4,11,1078,0,0,300,0.5,572,0.32,486,0.18,1
5,0,1143,1,0,300,0.5,1700,0.5,1
5,1,7804,0,0,300,0.5,1700,0.5,1
5,2,11288,0,0,500,0.6,1000,0.2,1400,0.2,1
5,3,3233,2,10,5,0,666,0.42,420,0.58,1
5,4,8586,0,0,300,0.5,1700,0.5,1
5,5,9572,1,0,666,0.42,420,0.58,1
5,6,5783,0,0,500,0.6,1000,0.2,1400,0.2,1
5,7,12134,2,10,5,0,666,0.42,420,0.58,1
5,8,5828,0,0,500,0.6,1000,0.2,1400,0.2,1
5,9,4868,0,0,666,0.42,420,0.58,1
5,10,1292,2,10,5,0,300,0.5,572,0.32,486,0.18,1
5,11,289,1,0,300,0.5,1700,0.5,1
6,0,4249,1,0,666,0.42,420,0.58,1
6,1,2160,1,0,300,0.5,572,0.32,486,0.18,1
6,2,2234,1,0,300,0.5,1700,0.5,1
6,3,11559,1,0,300,0.5,1700,0.5,1
6,4,559,1,0,666,0.42,420,0.58,1
6,5,270,1,0,666,0.42,420,0.58,1
6,6,8431,1,0,666,0.42,420,0.58,1
6,7,9067,0,0,500,0.6,1000,0.2,1400,0.2,1
6,8,11874,1,0,300,0.5,572,0.32,486,0.18,1
6,9,13223,2,10,5,0,300,0.5,1700,0.5,1
6,10,7772,2,10,5,0,300,0.5,1700,0.5,1
6,11,6864,0,0,666,0.42,420,0.58,1
7,0,8984,1,0,300,0.5,572,0.32,486,0.18,1
7,1,367,2,10,5,0,300,0.5,572,0.32,486,0.18,1
7,2,12704,0,0,300,0.5,572,0.32,486,0.18,1
7,3,9012,0,0,300,0.5,572,0.32,486,0.18,1
7,4,14297,2,10,5,0,500,0.6,1000,0.2,1400,0.2,1
7,5,5189,1,0,300,0.5,572,0.32,486,0.18,1
7,6,14952,0,0,300,0.5,572,0.32,486,0.18,1
7,7,4459,2,10,5,0,300,0.5,572,0.32,486,0.18,1
7,8,6890,1,0,300,0.5,1700,0.5,1
7,9,1086,2,10,5,0,666,0.42,420,0.58,1
7,10,12828,1,0,500,0.6,1000,0.2,1400,0.2,1
7,11,7751,2,10,5,0,500,0.6,1000,0.2,1400,0.2,1
8,0,9233,0,0,500,0.6,1000,0.2,1400,0.2,1
8,1,2632,0,0,300,0.5,572,0.32,486,0.18,1
8,2,1633,0,0,666,0.42,420,0.58,1
8,3,3635,0,0,300,0.5,572,0.32,486,0.18,1
8,4,8964,0,0,300,0.5,1700,0.5,1
8,5,8915,2,10,5,0,300,0.5,572,0.32,486,0.18,1
8,6,7828,2,10,5,0,300,0.5,1700,0.5,1
8,7,14616,2,10,5,0,300,0.5,1700,0.5,1
8,8,3488,1,0,300,0.5,1700,0.5,1
8,9,1253,1,0,300,0.5,572,0.32,486,0.18,1
8,10,7088,1,0,500,0.6,1000,0.2,1400,0.2,1
8,11,6705,2,10,5,0,300,0.5,572,0.32,486,0.18,1
9,0,12614,0,0,300,0.5,572,0.32,486,0.18,1
9,1,3005,1,0,300,0.5,1700,0.5,1
9,2,1488,0,0,300,0.5,572,0.32,486,0.18,1
9,3,10041,1,0,500,0.6,1000,0.2,1400,0.2,1
9,4,13629,1,0,300,0.5,572,0.32,486,0.18,1
9,5,7637,2,10,5,0,300,0.5,572,0.32,486,0.18,1
9,6,14287,1,0,300,0.5,572,0.32,486,0.18,1
9,7,8000,0,0,300,0.5,1700,0.5,1
9,8,14742,0,0,666,0.42,420,0.58,1
9,9,1840,1,0,300,0.5,572,0.32,486,0.18,1
9,10,3339,1,0,666,0.42,420,0.58,1
9,11,6820,1,0,300,0.5,572,0.32,486,0.18,1
10,0,6791,0,0,300,0.5,1700,0.5,1
10,1,8373,2,10,5,0,500,0.6,1000,0.2,1400,0.2,1
10,2,12638,1,0,500,0.6,1000,0.2,1400,0.2,1
10,3,9158,2,10,5,0,500,0.6,1000,0.2,1400,0.2,1
10,4,1353,0,0,300,0.5,1700,0.5,1
10,5,9493,1,0,666,0.42,420,0.58,1
10,6,7334,1,0,500,0.6,1000,0.2,1400,0.2,1
10,7,2529,2,10,5,0,500,0.6,1000,0.2,1400,0.2,1
10,8,13872,0,0,500,0.6,1000,0.2,1400,0.2,1
10,9,14355,2,10,5,0,300,0.5,572,0.32,486,0.18,1
10,10,3041,1,0,500,0.6,1000,0.2,1400,0.2,1
10,11,10404,2,10,5,0,300,0.5,1700,0.5,1
11,0,1367,1,0,300,0.5,572,0.32,486,0.18,1
11,1,10231,2,10,5,0,500,0.6,1000,0.2,1400,0.2,1
11,2,14923,0,0,500,0.6,1000,0.2,1400,0.2,1
11,3,2134,0,0,300,0.5,572,0.32,486,0.18,1
11,4,2184,1,0,500,0.6,1000,0.2,1400,0.2,1
11,5,1236,0,0,300,0.5,1700,0.5,1
11,6,12135,0,0,666,0.42,420,0.58,1
11,7,5099,0,0,300,0.5,572,0.32,486,0.18,1
11,8,22,1,0,500,0.6,1000,0.2,1400,0.2,1
11,9,2610,2,10,5,0,300,0.5,572,0.32,486,0.18,1
11,10,13204,2,10,5,0,666,0.42,420,0.58,1
11,11,10098,2,10,5,0,300,0.5,572,0.32,486,0.18,1
