0,0,14223,1,0,500,0.6,1000,0.2,1400,0.2,1
0,1,8196,2,10,5,0,666,0.42,420,0.58,1
0,2,6609,0,0,500,0.6,1000,0.2,1400,0.2,1
0,3,2555,1,0,500,0.6,1000,0.2,1400,0.2,1
0,4,8319,1,0,666,0.42,420,0.58,1
0,5,5219,2,10,5,0,300,0.5,572,0.32,486,0.18,1
0,6,6515,2,10,5,0,300,0.5,572,0.32,486,0.18,1
0,7,3241,0,0,300,0.5,572,0.32,486,0.18,1
0,8,5221,1,0,300,0.5,1700,0.5,1
0,9,11912,0,0,300,0.5,1700,0.5,1
0,10,13194,0,0,300,0.5,572,0.32,486,0.18,1
0,11,11717,0,0,666,0.42,420,0.58,1
1,0,2742,2,10,5,0,300,0.5,1700,0.5,1
1,1,6230,0,0,300,0.5,572,0.32,486,0.18,1
1,2,8823,0,0,300,0.5,572,0.32,486,0.18,0
1,3,3134,1,0,300,0.5,1700,0.5,1
1,4,4869,2,10,5,0,300,0.5,572,0.32,486,0.18,1
1,5,3305,2,10,5,0,666,0.42,420,0.58,1
1,6,1611,0,0,666,0.42,420,0.58,1
1,7,10612,1,0,666,0.42,420,0.58,1
1,8,9331,1,0,300,0.5,572,0.32,486,0.18,1
1,9,3659,0,0,500,0.6,1000,0.2,1400,0.2,1
1,10,1631,2,10,5,0,666,0.42,420,0.58,1
1,11,5131,0,0,300,0.5,572,0.32,486,0.18,1
2,0,5497,1,0,500,0.6,1000,0.2,1400,0.2,1
2,1,476,1,0,300,0.5,1700,0.5,1
2,2,13525,0,0,300,0.5,572,0.32,486,0.18,1
2,3,9748,2,10,5,0,300,0.5,1700,0.5,1
2,4,5276,2,10,5,0,500,0.6,1000,0.2,1400,0.2,1
2,5,4144,0,0,500,0.6,1000,0.2,1400,0.2,1
2,6,10204,2,10,5,0,666,0.42,420,0.58,1
2,7,9871,1,0,500,0.6,1000,0.2,1400,0.2,1
2,8,3259,2,10,5,0,666,0.42,420,0.58,1
2,9,7449,0,0,300,0.5,572,0.32,486,0.18,1
2,10,3452,1,0,300,0.5,1700,0.5,1
2,11,10393,2,10,5,0,300,0.5,572,0.32,486,0.18,1
3,0,1148,0,0,666,0.42,420,0.58,1
3,1,10308,1,0,500,0.6,1000,0.2,1400,0.2,1
3,2,12295,1,0,500,0.6,1000,0.2,1400,0.2,1
3,3,11751,0,0,500,0.6,1000,0.2,1400,0.2,1
3,4,4778,2,10,5,0,500,0.6,1000,0.2,1400,0.2,1
3,5,428,2,10,5,0,666,0.42,420,0.58,1
3,6,10385,2,10,5,0,300,0.5,1700,0.5,1
3,7,10896,2,10,5,0,666,0.42,420,0.58,1
3,8,11439,2,10,5,0,500,0.6,1000,0.2,1400,0.2,1
3,9,6777,1,0,666,0.42,420,0.58,1
3,10,986,0,0,500,0.6,1000,0.2,1400,0.2,1
3,11,10186,0,0,300,0.5,572,0.32,486,0.18,1
4,0,6137,2,10,5,0,300,0.5,572,0.32,486,0.18,1
4,1,8601,2,10,5,0,300,0.5,572,0.32,486,0.18,1
4,2,3731,0,0,300,0.5,572,0.32,486,0.18,1
4,3,11485,0,0,666,0.42,420,0.58,1
4,4,7682,1,0,300,0.5,572,0.32,486,0.18,1
4,5,10981,0,0,300,0.5,572,0.32,486,0.18,1
4,6,7036,2,10,5,0,300,0.5,1700,0.5,1
4,7,8621,1,0,300,0.5,572,0.32,486,0.18,1
4,8,11744,2,10,5,0,666,0.42,420,0.58,1
4,9,9821,1,0,500,0.6,1000,0.2,1400,0.2,1
4,10,320,0,0,500,0.6,1000,0.2,1400,0.2,1
4,11,3786,1,0,300,0.5,572,0.32,486,0.18,1
5,0,9045,2,10,5,0,300,0.5,572,0.32,486,0.18,1
5,1,13798,1,0,300,0.5,572,0.32,486,0.18,1
5,2,157,1,0,300,0.5,1700,0.5,1
5,3,9394,1,0,500,0.6,1000,0.2,1400,0.2,1
5,4,7565,0,0,666,0.42,420,0.58,1
5,5,10962,1,0,300,0.5,572,0.32,486,0.18,1
5,6,10917,2,10,5,0,300,0.5,1700,0.5,1
5,7,1729,2,10,5,0,500,0.6,1000,0.2,1400,0.2,1
5,8,3871,0,0,666,0.42,420,0.58,1
5,9,4293,2,10,5,0,300,0.5,1700,0.5,1
5,10,12271,2,10,5,0,500,0.6,1000,0.2,1400,0.2,1
5,11,2254,0,0,666,0.42,420,0.58,1
6,0,12571,2,10,5,0,300,0.5,572,0.32,486,0.18,1
6,1,2161,2,10,5,0,500,0.6,1000,0.2,1400,0.2,1
6,2,11458,2,10,5,0,666,0.42,420,0.58,1
6,3,14305,2,10,5,0,300,0.5,572,0.32,486,0.18,1
6,4,3441,2,10,5,0,500,0.6,1000,0.2,1400,0.2,1
6,5,1841,2,10,5,0,500,0.6,1000,0.2,1400,0.2,1
6,6,2252,2,10,5,0,300,0.5,1700,0.5,1
6,7,10574,1,0,500,0.6,1000,0.2,1400,0.2,1
6,8,2919,2,10,5,0,500,0.6,1000,0.2,1400,0.2,1
6,9,2455,1,0,300,0.5,1700,0.5,1
6,10,4810,2,10,5,0,666,0.42,420,0.58,1
6,11,6358,1,0,300,0.5,572,0.32,486,0.18,1
7,0,11300,2,10,5,0,300,0.5,572,0.32,486,0.18,1
7,1,13439,1,0,500,0.6,1000,0.2,1400,0.2,1
7,2,14450,2,10,5,0,300,0.5,1700,0.5,1
7,3,13668,2,10,5,0,300,0.5,1700,0.5,1
7,4,4841,0,0,300,0.5,1700,0.5,1
7,5,9999,1,0,300,0.5,1700,0.5,1
7,6,1185,2,10,5,0,500,0.6,1000,0.2,1400,0.2,1
7,7,345,2,10,5,0,666,0.42,420,0.58,1
7,8,12895,1,0,300,0.5,1700,0.5,1
7,9,11765,1,0,666,0.42,420,0.58,1
7,10,14595,2,10,5,0,500,0.6,1000,0.2,1400,0.2,1
7,11,13870,2,10,5,0,666,0.42,420,0.58,1
8,0,2893,0,0,500,0.6,1000,0.2,1400,0.2,1
8,1,2068,2,10,5,0,300,0.5,572,0.32,486,0.18,1
8,2,3834,2,10,5,0,666,0.42,420,0.58,1
8,3,2847,2,10,5,0,300,0.5,1700,0.5,1
8,4,5997,1,0,666,0.42,420,0.58,1
8,5,4468,1,0,666,0.42,420,0.58,1
8,6,4101,0,0,666,0.42,420,0.58,1
8,7,1302,0,0,300,0.5,1700,0.5,1
8,8,4646,0,0,300,0.5,572,0.32,486,0.18,1
8,9,1039,2,10,5,0,500,0.6,1000,0.2,1400,0.2,1
8,10,7326,0,0,300,0.5,1700,0.5,1
8,11,7881,0,0,300,0.5,572,0.32,486,0.18,1
9,0,7637,0,0,666,0.42,420,0.58,1
9,1,3435,1,0,666,0.42,420,0.58,1
9,2,1592,0,0,300,0.5,1700,0.5,1
9,3,13525,2,10,5,0,300,0.5,1700,0.5,1
9,4,1282,1,0,300,0.5,572,0.32,486,0.18,1
9,5,1641,2,10,5,0,666,0.42,420,0.58,1
9,6,9124,0,0,500,0.6,1000,0.2,1400,0.2,1
9,7,2311,2,10,5,0,500,0.6,1000,0.2,1400,0.2,1
9,8,7214,0,0,300,0.5,1700,0.5,1
9,9,14871,0,0,500,0.6,1000,0.2,1400,0.2,1
9,10,5091,1,0,300,0.5,572,0.32,486,0.18,1
9,11,9008,1,0,666,0.42,420,0.58,1
10,0,1492,1,0,300,0.5,1700,0.5,1
10,1,3959,1,0,666,0.42,420,0.58,1
10,2,5700,1,0,300,0.5,572,0.32,486,0.18,1
10,3,5337,1,0,300,0.5,572,0.32,486,0.18,1
10,4,9225,2,10,5,0,300,0.5,572,0.32,486,0.18,1
10,5,2162,0,0,500,0.6,1000,0.2,1400,0.2,1
10,6,3267,1,0,300,0.5,1700,0.5,1
10,7,3526,2,10,5,0,666,0.42,420,0.58,1
10,8,11875,0,0,666,0.42,420,0.58,1
10,9,7222,2,10,5,0,500,0.6,1000,0.2,1400,0.2,1
10,10,5890,2,10,5,0,300,0.5,572,0.32,486,0.18,1
10,11,9890,1,0,300,0.5,572,0.32,486,0.18,1
11,0,6090,2,10,5,0,500,0.6,1000,0.2,1400,0.2,1
11,1,8784,0,0,300,0.5,1700,0.5,1
11,2,7896,2,10,5,0,500,0.6,1000,0.2,1400,0.2,1
11,3,13071,0,0,666,0.42,420,0.58,1
11,4,14180,1,0,666,0.42,420,0.58,1
11,5,3463,0,0,300,0.5,1700,0.5,1
11,6,1381,0,0,300,0.5,572,0.32,486,0.18,1
11,7,12114,0,0,300,0.5,572,0.32,486,0.18,1
11,8,12297,1,0,300,0.5,572,0.32,486,0.18,1
11,9,3063,0,0,300,0.5,572,0.32,486,0.18,1
11,10,9676,0,0,666,0.42,420,0.58,1
11,11,9412,0,0,500,0.6,1000,0.2,1400,0.2,1
