0,0,1472,2,10,5,0,500,0.6,1000,0.2,1400,0.2,1
0,1,5590,2,10,5,0,300,0.5,1700,0.5,1
0,2,5140,2,10,5,0,500,0.6,1000,0.2,1400,0.2,1
0,3,14159,0,0,500,0.6,1000,0.2,1400,0.2,1
0,4,1083,0,0,666,0.42,420,0.58,1
0,5,5730,0,0,300,0.5,1700,0.5,1
0,6,14356,0,0,300,0.5,1700,0.5,1
0,7,12670,0,0,500,0.6,1000,0.2,1400,0.2,1
0,8,11609,2,10,5,0,300,0.5,1700,0.5,1
0,9,9668,2,10,5,0,666,0.42,420,0.58,1
0,10,13629,1,0,300,0.5,572,0.32,486,0.18,1
0,11,7370,0,0,300,0.5,572,0.32,486,0.18,1
1,0,14500,0,0,500,0.6,1000,0.2,1400,0.2,1
1,1,5198,0,0,500,0.6,1000,0.2,1400,0.2,1
1,2,11720,1,0,666,0.42,420,0.58,0
1,3,608,1,0,300,0.5,572,0.32,486,0.18,1
1,4,6993,0,0,300,0.5,572,0.32,486,0.18,1
1,5,6106,2,10,5,0,500,0.6,1000,0.2,1400,0.2,1
1,6,5979,1,0,500,0.6,1000,0.2,1400,0.2,1
1,7,6733,1,0,500,0.6,1000,0.2,1400,0.2,1
1,8,947,0,0,300,0.5,572,0.32,486,0.18,1
1,9,12303,0,0,300,0.5,572,0.32,486,0.18,1
1,10,10412,1,0,666,0.42,420,0.58,1
1,11,11219,0,0,300,0.5,572,0.32,486,0.18,1
2,0,2296,2,10,5,0,300,0.5,1700,0.5,1
2,1,171,1,0,666,0.42,420,0.58,1
2,2,13258,1,0,300,0.5,572,0.32,486,0.18,1
2,3,7690,2,10,5,0,500,0.6,1000,0.2,1400,0.2,1
2,4,1505,2,10,5,0,500,0.6,1000,0.2,1400,0.2,1
2,5,14696,1,0,500,0.6,1000,0.2,1400,0.2,1
2,6,12013,0,0,500,0.6,1000,0.2,1400,0.2,1
2,7,6989,0,0,666,0.42,420,0.58,1
2,8,13265,0,0,666,0.42,420,0.58,1
2,9,991,0,0,666,0.42,420,0.58,1
2,10,13970,2,10,5,0,300,0.5,572,0.32,486,0.18,1
2,11,13256,2,10,5,0,666,0.42,420,0.58,1
3,0,12668,1,0,666,0.42,420,0.58,1
3,1,9865,0,0,666,0.42,420,0.58,1
3,2,11553,0,0,300,0.5,572,0.32,486,0.18,1
3,3,11590,1,0,500,0.6,1000,0.2,1400,0.2,1
3,4,10966,1,0,500,0.6,1000,0.2,1400,0.2,1
3,5,6429,2,10,5,0,300,0.5,1700,0.5,1
3,6,4610,0,0,300,0.5,572,0.32,486,0.18,1
3,7,995,1,0,666,0.42,420,0.58,1
3,8,9673,0,0,300,0.5,572,0.32,486,0.18,1
3,9,9166,2,10,5,0,500,0.6,1000,0.2,1400,0.2,1
3,10,3787,0,0,300,0.5,572,0.32,486,0.18,1
3,11,8015,0,0,300,0.5,572,0.32,486,0.18,1
4,0,3100,1,0,500,0.6,1000,0.2,1400,0.2,1
4,1,630,2,10,5,0,300,0.5,1700,0.5,1
4,2,9639,0,0,300,0.5,1700,0.5,1
4,3,9916,2,10,5,0,666,0.42,420,0.58,1
4,4,5200,1,0,300,0.5,1700,0.5,1
4,5,12447,0,0,300,0.5,572,0.32,486,0.18,1
4,6,6314,1,0,666,0.42,420,0.58,1
4,7,11968,1,0,500,0.6,1000,0.2,1400,0.2,1
4,8,3788,0,0,500,0.6,1000,0.2,1400,0.2,1
4,9,11679,0,0,666,0.42,420,0.58,1
4,10,4270,1,0,300,0.5,1700,0.5,1
4,11,6114,2,10,5,0,300,0.5,572,0.32,486,0.18,1
5,0,2768,2,10,5,0,666,0.42,420,0.58,1
5,1,13827,0,0,300,0.5,572,0.32,486,0.18,1
5,2,13476,1,0,300,0.5,1700,0.5,1
5,3,14494,1,0,666,0.42,420,0.58,1
5,4,5240,0,0,300,0.5,572,0.32,486,0.18,1
5,5,10185,0,0,300,0.5,1700,0.5,1
5,6,13724,0,0,666,0.42,420,0.58,1
5,7,14836,2,10,5,0,300,0.5,572,0.32,486,0.18,1
5,8,10855,0,0,300,0.5,1700,0.5,1
5,9,11955,2,10,5,0,500,0.6,1000,0.2,1400,0.2,1
5,10,13556,0,0,666,0.42,420,0.58,1
5,11,2207,0,0,500,0.6,1000,0.2,1400,0.2,1
6,0,5407,2,10,5,0,300,0.5,572,0.32,486,0.18,1
6,1,5685,2,10,5,0,300,0.5,1700,0.5,1
6,2,9314,0,0,300,0.5,572,0.32,486,0.18,1
6,3,3589,0,0,500,0.6,1000,0.2,1400,0.2,1
6,4,4845,2,10,5,0,300,0.5,572,0.32,486,0.18,1
6,5,4453,1,0,300,0.5,1700,0.5,1
6,6,3807,2,10,5,0,500,0.6,1000,0.2,1400,0.2,1
6,7,14704,0,0,500,0.6,1000,0.2,1400,0.2,1
6,8,14537,2,10,5,0,300,0.5,1700,0.5,1
6,9,13252,2,10,5,0,500,0.6,1000,0.2,1400,0.2,1
6,10,5331,1,0,300,0.5,572,0.32,486,0.18,1
6,11,5159,1,0,666,0.42,420,0.58,1
7,0,5495,2,10,5,0,300,0.5,1700,0.5,1
7,1,5301,0,0,300,0.5,572,0.32,486,0.18,1
7,2,14417,1,0,666,0.42,420,0.58,1
7,3,8134,2,10,5,0,500,0.6,1000,0.2,1400,0.2,1
7,4,10473,2,10,5,0,500,0.6,1000,0.2,1400,0.2,1
7,5,12103,2,10,5,0,300,0.5,1700,0.5,1
7,6,10970,0,0,500,0.6,1000,0.2,1400,0.2,1
7,7,9293,0,0,300,0.5,572,0.32,486,0.18,1
7,8,11268,0,0,666,0.42,420,0.58,1
7,9,10088,1,0,500,0.6,1000,0.2,1400,0.2,1
7,10,937,0,0,300,0.5,572,0.32,486,0.18,1
7,11,10855,1,0,300,0.5,572,0.32,486,0.18,1
8,0,5778,0,0,666,0.42,420,0.58,1
8,1,6770,0,0,666,0.42,420,0.58,1
8,2,10025,0,0,500,0.6,1000,0.2,1400,0.2,1
8,3,13496,1,0,300,0.5,572,0.32,486,0.18,1
8,4,193,0,0,666,0.42,420,0.58,1
8,5,8760,1,0,666,0.42,420,0.58,1
8,6,11828,0,0,500,0.6,1000,0.2,1400,0.2,1
8,7,5456,2,10,5,0,300,0.5,1700,0.5,1
8,8,3347,2,10,5,0,500,0.6,1000,0.2,1400,0.2,1
8,9,13554,2,10,5,0,300,0.5,1700,0.5,1
8,10,13772,2,10,5,0,300,0.5,1700,0.5,1
8,11,4472,0,0,666,0.42,420,0.58,1
9,0,5994,0,0,666,0.42,420,0.58,1
9,1,6451,0,0,666,0.42,420,0.58,1
9,2,7474,1,0,300,0.5,1700,0.5,1
9,3,9293,0,0,300,0.5,572,0.32,486,0.18,1
9,4,11395,0,0,300,0.5,1700,0.5,1
9,5,10607,0,0,500,0.6,1000,0.2,1400,0.2,1
9,6,9063,1,0,500,0.6,1000,0.2,1400,0.2,1
9,7,9315,2,10,5,0,500,0.6,1000,0.2,1400,0.2,1
9,8,14506,0,0,500,0.6,1000,0.2,1400,0.2,1
9,9,13696,2,10,5,0,500,0.6,1000,0.2,1400,0.2,1
9,10,3350,1,0,500,0.6,1000,0.2,1400,0.2,1
9,11,2952,1,0,666,0.42,420,0.58,1
10,0,12613,2,10,5,0,300,0.5,1700,0.5,1
10,1,9844,0,0,300,0.5,1700,0.5,1
10,2,4869,2,10,5,0,500,0.6,1000,0.2,1400,0.2,1
10,3,1450,0,0,300,0.5,572,0.32,486,0.18,1
10,4,9178,2,10,5,0,300,0.5,1700,0.5,1
10,5,131,1,0,300,0.5,572,0.32,486,0.18,1
10,6,1901,1,0,300,0.5,1700,0.5,1
10,7,7658,0,0,666,0.42,420,0.58,1
10,8,7233,2,10,5,0,300,0.5,1700,0.5,1
10,9,83,2,10,5,0,500,0.6,1000,0.2,1400,0.2,1
10,10,2012,0,0,500,0.6,1000,0.2,1400,0.2,1
10,11,8575,1,0,300,0.5,1700,0.5,1
11,0,6053,0,0,300,0.5,572,0.32,486,0.18,1
11,1,12531,1,0,300,0.5,1700,0.5,1
11,2,1791,1,0,300,0.5,572,0.32,486,0.18,1
11,3,11623,0,0,500,0.6,1000,0.2,1400,0.2,1
11,4,6879,0,0,300,0.5,572,0.32,486,0.18,1
11,5,12731,2,10,5,0,666,0.42,420,0.58,1
11,6,7376,2,10,5,0,666,0.42,420,0.58,1
11,7,7485,1,0,300,0.5,572,0.32,486,0.18,1
11,8,188,2,10,5,0,300,0.5,572,0.32,486,0.18,1
11,9,11132,0,0,300,0.5,1700,0.5,1
11,10,2383,2,10,5,0,300,0.5,572,0.32,486,0.18,1
11,11,9614,0,0,300,0.5,572,0.32,486,0.18,1
