0,0,12254,2,10,5,0,500,0.6,1000,0.2,1400,0.2,1
0,1,7913,2,10,5,0,666,0.42,420,0.58,1
0,2,11020,2,10,5,0,300,0.5,1700,0.5,1
0,3,14929,1,0,300,0.5,572,0.32,486,0.18,1
0,4,11303,1,0,666,0.42,420,0.58,1
0,5,2685,0,0,300,0.5,572,0.32,486,0.18,1
0,6,10366,1,0,300,0.5,572,0.32,486,0.18,1
0,7,6753,0,0,300,0.5,572,0.32,486,0.18,1
0,8,13149,0,0,300,0.5,1700,0.5,1
0,9,6448,0,0,300,0.5,1700,0.5,1
0,10,13360,0,0,500,0.6,1000,0.2,1400,0.2,1
0,11,12127,1,0,300,0.5,1700,0.5,1
1,0,14991,1,0,300,0.5,1700,0.5,1
1,1,12371,0,0,500,0.6,1000,0.2,1400,0.2,1
1,2,2495,0,0,300,0.5,1700,0.5,0
1,3,10286,0,0,300,0.5,572,0.32,486,0.18,1
1,4,10584,2,10,5,0,500,0.6,1000,0.2,1400,0.2,1
1,5,12899,1,0,500,0.6,1000,0.2,1400,0.2,1
1,6,6271,0,0,666,0.42,420,0.58,1
1,7,7939,2,10,5,0,300,0.5,572,0.32,486,0.18,1
1,8,12089,1,0,500,0.6,1000,0.2,1400,0.2,1
1,9,1345,1,0,300,0.5,1700,0.5,1
1,10,2775,1,0,300,0.5,1700,0.5,1
1,11,8821,2,10,5,0,666,0.42,420,0.58,1
2,0,6961,2,10,5,0,300,0.5,572,0.32,486,0.18,1
2,1,6359,0,0,300,0.5,572,0.32,486,0.18,1
2,2,9009,2,10,5,0,300,0.5,572,0.32,486,0.18,1
2,3,4903,1,0,300,0.5,1700,0.5,1
2,4,4945,2,10,5,0,500,0.6,1000,0.2,1400,0.2,1
2,5,9155,0,0,500,0.6,1000,0.2,1400,0.2,1
2,6,6618,1,0,300,0.5,1700,0.5,1
2,7,1346,2,10,5,0,666,0.42,420,0.58,1
2,8,14700,0,0,300,0.5,1700,0.5,1
2,9,5002,1,0,300,0.5,572,0.32,486,0.18,1
2,10,6416,0,0,500,0.6,1000,0.2,1400,0.2,1
2,11,2050,2,10,5,0,300,0.5,572,0.32,486,0.18,1
3,0,14622,1,0,666,0.42,420,0.58,1
3,1,1255,1,0,500,0.6,1000,0.2,1400,0.2,1
3,2,14584,2,10,5,0,666,0.42,420,0.58,1
3,3,5273,0,0,500,0.6,1000,0.2,1400,0.2,1
3,4,10568,2,10,5,0,500,0.6,1000,0.2,1400,0.2,1
3,5,5172,1,0,300,0.5,572,0.32,486,0.18,1
3,6,10106,0,0,300,0.5,572,0.32,486,0.18,1
3,7,4966,1,0,500,0.6,1000,0.2,1400,0.2,1
3,8,1707,0,0,300,0.5,572,0.32,486,0.18,1
3,9,12894,2,10,5,0,300,0.5,572,0.32,486,0.18,1
3,10,13088,0,0,666,0.42,420,0.58,1
3,11,3100,2,10,5,0,666,0.42,420,0.58,1
4,0,14080,0,0,300,0.5,1700,0.5,1
4,1,3145,0,0,300,0.5,1700,0.5,1
4,2,14753,2,10,5,0,666,0.42,420,0.58,1
4,3,1805,0,0,300,0.5,572,0.32,486,0.18,1
4,4,1452,0,0,666,0.42,420,0.58,1
4,5,9196,2,10,5,0,300,0.5,1700,0.5,1
4,6,4213,0,0,666,0.42,420,0.58,1
4,7,11480,0,0,500,0.6,1000,0.2,1400,0.2,1
4,8,12986,2,10,5,0,300,0.5,572,0.32,486,0.18,1
4,9,1082,0,0,300,0.5,572,0.32,486,0.18,1
4,10,7125,1,0,500,0.6,1000,0.2,1400,0.2,1
4,11,736,1,0,666,0.42,420,0.58,1
5,0,6487,1,0,666,0.42,420,0.58,1
5,1,9590,1,0,300,0.5,572,0.32,486,0.18,1
5,2,7517,0,0,300,0.5,572,0.32,486,0.18,1
5,3,9151,0,0,666,0.42,420,0.58,1
5,4,3033,0,0,300,0.5,572,0.32,486,0.18,1
5,5,2603,1,0,666,0.42,420,0.58,1
5,6,6447,2,10,5,0,300,0.5,572,0.32,486,0.18,1
5,7,12601,0,0,666,0.42,420,0.58,1
5,8,4661,0,0,500,0.6,1000,0.2,1400,0.2,1
5,9,4176,0,0,300,0.5,1700,0.5,1
5,10,7435,1,0,300,0.5,1700,0.5,1
5,11,7525,2,10,5,0,666,0.42,420,0.58,1
6,0,8160,1,0,300,0.5,1700,0.5,1
6,1,4577,0,0,666,0.42,420,0.58,1
6,2,8220,0,0,300,0.5,572,0.32,486,0.18,1
6,3,11507,1,0,300,0.5,572,0.32,486,0.18,1
6,4,4730,0,0,300,0.5,572,0.32,486,0.18,1
6,5,13959,2,10,5,0,300,0.5,1700,0.5,1
6,6,13642,1,0,300,0.5,572,0.32,486,0.18,1
6,7,7224,2,10,5,0,300,0.5,1700,0.5,1
6,8,8387,0,0,300,0.5,572,0.32,486,0.18,1
6,9,4134,0,0,500,0.6,1000,0.2,1400,0.2,1
6,10,7010,1,0,500,0.6,1000,0.2,1400,0.2,1
6,11,3850,2,10,5,0,300,0.5,1700,0.5,1
7,0,8613,0,0,300,0.5,572,0.32,486,0.18,1
7,1,7123,2,10,5,0,500,0.6,1000,0.2,1400,0.2,1
7,2,805,1,0,500,0.6,1000,0.2,1400,0.2,1
7,3,10514,0,0,300,0.5,1700,0.5,1
7,4,10662,0,0,666,0.42,420,0.58,1
7,5,1537,1,0,500,0.6,1000,0.2,1400,0.2,1
7,6,5501,0,0,300,0.5,1700,0.5,1
7,7,3971,2,10,5,0,666,0.42,420,0.58,1
7,8,3501,1,0,500,0.6,1000,0.2,1400,0.2,1
7,9,14595,1,0,500,0.6,1000,0.2,1400,0.2,1
7,10,8657,0,0,500,0.6,1000,0.2,1400,0.2,1
7,11,12619,0,0,666,0.42,420,0.58,1
8,0,3374,1,0,300,0.5,572,0.32,486,0.18,1
8,1,736,1,0,300,0.5,1700,0.5,1
8,2,8121,2,10,5,0,300,0.5,1700,0.5,1
8,3,9343,2,10,5,0,300,0.5,572,0.32,486,0.18,1
8,4,14504,0,0,666,0.42,420,0.58,1
8,5,13127,2,10,5,0,666,0.42,420,0.58,1
8,6,13992,1,0,300,0.5,1700,0.5,1
8,7,5017,0,0,300,0.5,1700,0.5,1
8,8,8015,1,0,500,0.6,1000,0.2,1400,0.2,1
8,9,11417,2,10,5,0,666,0.42,420,0.58,1
8,10,4509,0,0,300,0.5,572,0.32,486,0.18,1
8,11,6921,0,0,666,0.42,420,0.58,1
9,0,11711,2,10,5,0,300,0.5,1700,0.5,1
9,1,5249,1,0,300,0.5,572,0.32,486,0.18,1
9,2,10398,2,10,5,0,500,0.6,1000,0.2,1400,0.2,1
9,3,11013,2,10,5,0,500,0.6,1000,0.2,1400,0.2,1
9,4,10553,1,0,666,0.42,420,0.58,1
9,5,12217,1,0,300,0.5,1700,0.5,1
9,6,8845,2,10,5,0,500,0.6,1000,0.2,1400,0.2,1
9,7,13652,0,0,666,0.42,420,0.58,1
9,8,8452,0,0,666,0.42,420,0.58,1
9,9,1811,0,0,666,0.42,420,0.58,1
9,10,4934,1,0,500,0.6,1000,0.2,1400,0.2,1
9,11,11029,0,0,500,0.6,1000,0.2,1400,0.2,1
10,0,14856,0,0,300,0.5,1700,0.5,1
10,1,2873,1,0,500,0.6,1000,0.2,1400,0.2,1
10,2,14542,1,0,300,0.5,572,0.32,486,0.18,1
10,3,1617,1,0,666,0.42,420,0.58,1
10,4,4945,0,0,300,0.5,572,0.32,486,0.18,1
10,5,2368,1,0,500,0.6,1000,0.2,1400,0.2,1
10,6,8193,2,10,5,0,666,0.42,420,0.58,1
10,7,1580,1,0,500,0.6,1000,0.2,1400,0.2,1
10,8,8044,1,0,500,0.6,1000,0.2,1400,0.2,1
10,9,14390,1,0,300,0.5,1700,0.5,1
10,10,6965,1,0,300,0.5,572,0.32,486,0.18,1
10,11,4746,2,10,5,0,300,0.5,572,0.32,486,0.18,1
11,0,7014,0,0,300,0.5,1700,0.5,1
11,1,14265,2,10,5,0,666,0.42,420,0.58,1
11,2,1157,2,10,5,0,300,0.5,572,0.32,486,0.18,1
11,3,6769,0,0,300,0.5,572,0.32,486,0.18,1
11,4,14970,1,0,500,0.6,1000,0.2,1400,0.2,1
11,5,13104,0,0,300,0.5,1700,0.5,1
11,6,10725,0,0,300,0.5,572,0.32,486,0.18,1
11,7,1043,0,0,666,0.42,420,0.58,1
11,8,11356,2,10,5,0,300,0.5,1700,0.5,1
11,9,5749,0,0,500,0.6,1000,0.2,1400,0.2,1
11,10,12829,1,0,500,0.6,1000,0.2,1400,0.2,1
11,11,1555,0,0,666,0.42,420,0.58,1
