0,0,2917,0,0,666,0.42,420,0.58,1
0,1,12693,2,10,5,0,666,0.42,420,0.58,1
0,2,1313,0,0,500,0.6,1000,0.2,1400,0.2,1
0,3,5783,1,0,666,0.42,420,0.58,1
0,4,376,2,10,5,0,666,0.42,420,0.58,1
0,5,2710,1,0,300,0.5,572,0.32,486,0.18,1
0,6,6359,1,0,666,0.42,420,0.58,1
0,7,11494,2,10,5,0,500,0.6,1000,0.2,1400,0.2,1
0,8,13285,0,0,300,0.5,1700,0.5,1
0,9,6429,0,0,500,0.6,1000,0.2,1400,0.2,1
0,10,6522,1,0,300,0.5,572,0.32,486,0.18,1
0,11,10131,0,0,500,0.6,1000,0.2,1400,0.2,1
1,0,7339,0,0,666,0.42,420,0.58,1
1,1,7620,2,10,5,0,300,0.5,1700,0.5,1
1,2,14608,1,0,300,0.5,1700,0.5,0
1,3,13760,2,10,5,0,300,0.5,1700,0.5,1
1,4,5299,2,10,5,0,300,0.5,1700,0.5,1
1,5,2718,1,0,666,0.42,420,0.58,1
1,6,6931,1,0,500,0.6,1000,0.2,1400,0.2,1
1,7,9808,0,0,666,0.42,420,0.58,1
1,8,4729,2,10,5,0,500,0.6,1000,0.2,1400,0.2,1
1,9,14606,1,0,500,0.6,1000,0.2,1400,0.2,1
1,10,10243,0,0,500,0.6,1000,0.2,1400,0.2,1
1,11,12495,1,0,666,0.42,420,0.58,1
2,0,10236,0,0,500,0.6,1000,0.2,1400,0.2,1
2,1,10025,0,0,300,0.5,572,0.32,486,0.18,1
2,2,7445,0,0,500,0.6,1000,0.2,1400,0.2,1
2,3,8711,1,0,666,0.42,420,0.58,1
2,4,7595,1,0,300,0.5,572,0.32,486,0.18,1
2,5,8907,0,0,300,0.5,1700,0.5,1
2,6,8514,1,0,300,0.5,1700,0.5,1
2,7,11140,0,0,300,0.5,572,0.32,486,0.18,1
2,8,5619,2,10,5,0,500,0.6,1000,0.2,1400,0.2,1
2,9,8522,1,0,300,0.5,1700,0.5,1
2,10,3377,2,10,5,0,500,0.6,1000,0.2,1400,0.2,1
2,11,12018,1,0,500,0.6,1000,0.2,1400,0.2,1
3,0,10849,1,0,300,0.5,1700,0.5,1
3,1,2508,0,0,666,0.42,420,0.58,1
3,2,2075,1,0,500,0.6,1000,0.2,1400,0.2,1
3,3,12822,2,10,5,0,300,0.5,1700,0.5,1
3,4,13534,2,10,5,0,300,0.5,572,0.32,486,0.18,1
3,5,9386,1,0,666,0.42,420,0.58,1
3,6,6591,0,0,300,0.5,1700,0.5,1
3,7,12145,2,10,5,0,300,0.5,572,0.32,486,0.18,1
3,8,12907,1,0,300,0.5,572,0.32,486,0.18,1
3,9,7575,1,0,666,0.42,420,0.58,1
3,10,8682,0,0,500,0.6,1000,0.2,1400,0.2,1
3,11,6850,1,0,666,0.42,420,0.58,1
4,0,5223,2,10,5,0,300,0.5,572,0.32,486,0.18,1
4,1,988,0,0,666,0.42,420,0.58,1
4,2,11305,2,10,5,0,666,0.42,420,0.58,1
4,3,11127,1,0,300,0.5,1700,0.5,1
4,4,717,1,0,500,0.6,1000,0.2,1400,0.2,1
4,5,744,0,0,500,0.6,1000,0.2,1400,0.2,1
4,6,1947,1,0,300,0.5,572,0.32,486,0.18,1
4,7,10646,0,0,500,0.6,1000,0.2,1400,0.2,1
4,8,2325,1,0,666,0.42,420,0.58,1
4,9,10393,1,0,500,0.6,1000,0.2,1400,0.2,1
4,10,1585,2,10,5,0,300,0.5,1700,0.5,1
4,11,1819,2,10,5,0,500,0.6,1000,0.2,1400,0.2,1
5,0,9418,1,0,300,0.5,572,0.32,486,0.18,1
5,1,1547,0,0,300,0.5,572,0.32,486,0.18,1
5,2,12058,2,10,5,0,300,0.5,1700,0.5,1
5,3,14863,1,0,500,0.6,1000,0.2,1400,0.2,1
5,4,13183,1,0,500,0.6,1000,0.2,1400,0.2,1
5,5,2828,1,0,666,0.42,420,0.58,1
5,6,7914,0,0,500,0.6,1000,0.2,1400,0.2,1
5,7,11432,0,0,300,0.5,572,0.32,486,0.18,1
5,8,4412,1,0,300,0.5,1700,0.5,1
5,9,2843,0,0,666,0.42,420,0.58,1
5,10,7300,2,10,5,0,300,0.5,1700,0.5,1
5,11,1474,1,0,300,0.5,1700,0.5,1
6,0,11383,1,0,300,0.5,1700,0.5,1
6,1,7962,0,0,500,0.6,1000,0.2,1400,0.2,1
6,2,2602,2,10,5,0,666,0.42,420,0.58,1
6,3,2808,1,0,300,0.5,1700,0.5,1
6,4,7105,1,0,300,0.5,1700,0.5,1
6,5,721,2,10,5,0,500,0.6,1000,0.2,1400,0.2,1
6,6,11242,0,0,500,0.6,1000,0.2,1400,0.2,1
6,7,9538,2,10,5,0,300,0.5,572,0.32,486,0.18,1
6,8,12123,0,0,500,0.6,1000,0.2,1400,0.2,1
6,9,2413,1,0,500,0.6,1000,0.2,1400,0.2,1
6,10,7093,0,0,666,0.42,420,0.58,1
6,11,5015,1,0,300,0.5,572,0.32,486,0.18,1
7,0,13391,0,0,300,0.5,1700,0.5,1
7,1,2652,0,0,300,0.5,572,0.32,486,0.18,1
7,2,9571,0,0,666,0.42,420,0.58,1
7,3,11543,0,0,500,0.6,1000,0.2,1400,0.2,1
7,4,9631,0,0,500,0.6,1000,0.2,1400,0.2,1
7,5,13195,2,10,5,0,500,0.6,1000,0.2,1400,0.2,1
7,6,8258,1,0,300,0.5,572,0.32,486,0.18,1
7,7,1271,1,0,666,0.42,420,0.58,1
7,8,9191,0,0,500,0.6,1000,0.2,1400,0.2,1
7,9,12409,2,10,5,0,500,0.6,1000,0.2,1400,0.2,1
7,10,10064,0,0,300,0.5,1700,0.5,1
7,11,2203,2,10,5,0,300,0.5,572,0.32,486,0.18,1
8,0,9164,2,10,5,0,666,0.42,420,0.58,1
8,1,8632,2,10,5,0,300,0.5,572,0.32,486,0.18,1
8,2,11084,2,10,5,0,500,0.6,1000,0.2,1400,0.2,1
8,3,14252,2,10,5,0,666,0.42,420,0.58,1
8,4,10652,0,0,300,0.5,1700,0.5,1
8,5,924,1,0,300,0.5,1700,0.5,1
8,6,6358,0,0,300,0.5,572,0.32,486,0.18,1
8,7,2485,0,0,300,0.5,572,0.32,486,0.18,1
8,8,1057,1,0,300,0.5,1700,0.5,1
8,9,10385,2,10,5,0,500,0.6,1000,0.2,1400,0.2,1
8,10,3004,2,10,5,0,300,0.5,572,0.32,486,0.18,1
8,11,11792,1,0,500,0.6,1000,0.2,1400,0.2,1
9,0,10482,0,0,500,0.6,1000,0.2,1400,0.2,1
9,1,7842,2,10,5,0,300,0.5,1700,0.5,1
9,2,6738,1,0,300,0.5,1700,0.5,1
9,3,13291,1,0,666,0.42,420,0.58,1
9,4,1803,2,10,5,0,300,0.5,572,0.32,486,0.18,1
9,5,14365,1,0,300,0.5,1700,0.5,1
9,6,2743,0,0,300,0.5,572,0.32,486,0.18,1
9,7,2134,0,0,666,0.42,420,0.58,1
9,8,10414,1,0,500,0.6,1000,0.2,1400,0.2,1
9,9,4325,1,0,300,0.5,572,0.32,486,0.18,1
9,10,4542,0,0,300,0.5,1700,0.5,1
9,11,3371,2,10,5,0,300,0.5,572,0.32,486,0.18,1
10,0,12666,0,0,666,0.42,420,0.58,1
10,1,8153,0,0,300,0.5,572,0.32,486,0.18,1
10,2,12224,1,0,666,0.42,420,0.58,1
10,3,10551,1,0,500,0.6,1000,0.2,1400,0.2,1
10,4,12369,1,0,500,0.6,1000,0.2,1400,0.2,1
10,5,5959,1,0,300,0.5,572,0.32,486,0.18,1
10,6,2044,0,0,300,0.5,572,0.32,486,0.18,1
10,7,3913,1,0,500,0.6,1000,0.2,1400,0.2,1
10,8,14576,2,10,5,0,300,0.5,572,0.32,486,0.18,1
10,9,9521,2,10,5,0,300,0.5,572,0.32,486,0.18,1
10,10,8858,2,10,5,0,300,0.5,572,0.32,486,0.18,1
10,11,7533,1,0,300,0.5,1700,0.5,1
11,0,5034,2,10,5,0,300,0.5,572,0.32,486,0.18,1
11,1,4783,1,0,500,0.6,1000,0.2,1400,0.2,1
11,2,2340,2,10,5,0,666,0.42,420,0.58,1
11,3,13057,2,10,5,0,300,0.5,1700,0.5,1
11,4,9682,2,10,5,0,500,0.6,1000,0.2,1400,0.2,1
11,5,7737,0,0,300,0.5,572,0.32,486,0.18,1
11,6,7820,0,0,500,0.6,1000,0.2,1400,0.2,1
11,7,10082,2,10,5,0,666,0.42,420,0.58,1
11,8,2182,2,10,5,0,300,0.5,572,0.32,486,0.18,1
11,9,2911,0,0,500,0.6,1000,0.2,1400,0.2,1
11,10,12931,0,0,300,0.5,572,0.32,486,0.18,1
11,11,707,0,0,300,0.5,572,0.32,486,0.18,1
