0,0,11546,1,0,666,0.42,420,0.58,1
0,1,8644,0,0,300,0.5,572,0.32,486,0.18,1
0,2,2785,0,0,300,0.5,572,0.32,486,0.18,1
0,3,14734,1,0,300,0.5,572,0.32,486,0.18,1
0,4,9197,0,0,666,0.42,420,0.58,1
0,5,7331,1,0,300,0.5,1700,0.5,1
0,6,9480,0,0,500,0.6,1000,0.2,1400,0.2,1
0,7,13074,1,0,300,0.5,572,0.32,486,0.18,1
0,8,5587,1,0,666,0.42,420,0.58,1
0,9,6587,1,0,300,0.5,572,0.32,486,0.18,1
0,10,11791,0,0,500,0.6,1000,0.2,1400,0.2,1
0,11,1086,2,10,5,0,500,0.6,1000,0.2,1400,0.2,1
1,0,2664,2,10,5,0,300,0.5,572,0.32,486,0.18,1
1,1,2922,1,0,300,0.5,1700,0.5,1
1,2,4188,1,0,500,0.6,1000,0.2,1400,0.2,0
1,3,13565,2,10,5,0,666,0.42,420,0.58,1
1,4,9139,2,10,5,0,500,0.6,1000,0.2,1400,0.2,1
1,5,7072,2,10,5,0,300,0.5,1700,0.5,1
1,6,11397,1,0,300,0.5,572,0.32,486,0.18,1
1,7,2694,2,10,5,0,300,0.5,1700,0.5,1
1,8,1045,2,10,5,0,300,0.5,1700,0.5,1
1,9,2486,2,10,5,0,666,0.42,420,0.58,1
1,10,7144,2,10,5,0,300,0.5,1700,0.5,1
1,11,3615,1,0,300,0.5,1700,0.5,1
2,0,10285,1,0,666,0.42,420,0.58,1
2,1,6232,2,10,5,0,666,0.42,420,0.58,1
2,2,9815,1,0,666,0.42,420,0.58,1
2,3,13111,2,10,5,0,500,0.6,1000,0.2,1400,0.2,1
2,4,11152,1,0,300,0.5,572,0.32,486,0.18,1
2,5,8565,0,0,666,0.42,420,0.58,1
2,6,2460,1,0,300,0.5,572,0.32,486,0.18,1
2,7,2523,0,0,300,0.5,1700,0.5,1
2,8,7586,0,0,300,0.5,1700,0.5,1
2,9,1034,0,0,300,0.5,572,0.32,486,0.18,1
2,10,8722,1,0,666,0.42,420,0.58,1
2,11,1346,2,10,5,0,300,0.5,1700,0.5,1
3,0,4968,0,0,500,0.6,1000,0.2,1400,0.2,1
3,1,13601,1,0,500,0.6,1000,0.2,1400,0.2,1
3,2,14167,2,10,5,0,666,0.42,420,0.58,1
3,3,4698,2,10,5,0,300,0.5,572,0.32,486,0.18,1
3,4,3221,2,10,5,0,500,0.6,1000,0.2,1400,0.2,1
3,5,8944,0,0,300,0.5,1700,0.5,1
3,6,13613,2,10,5,0,300,0.5,1700,0.5,1
3,7,767,2,10,5,0,666,0.42,420,0.58,1
3,8,5180,1,0,500,0.6,1000,0.2,1400,0.2,1
3,9,6449,2,10,5,0,300,0.5,1700,0.5,1
3,10,10661,2,10,5,0,500,0.6,1000,0.2,1400,0.2,1
3,11,2751,1,0,300,0.5,572,0.32,486,0.18,1
4,0,11867,1,0,300,0.5,1700,0.5,1
4,1,12718,1,0,500,0.6,1000,0.2,1400,0.2,1
4,2,4221,1,0,300,0.5,1700,0.5,1
4,3,3591,1,0,666,0.42,420,0.58,1
4,4,4650,0,0,300,0.5,1700,0.5,1
4,5,8471,2,10,5,0,300,0.5,1700,0.5,1
4,6,2633,1,0,300,0.5,1700,0.5,1
4,7,5353,0,0,666,0.42,420,0.58,1
4,8,13232,0,0,500,0.6,1000,0.2,1400,0.2,1
4,9,3649,0,0,300,0.5,1700,0.5,1
4,10,13896,1,0,300,0.5,1700,0.5,1
4,11,817,1,0,300,0.5,1700,0.5,1
5,0,11980,2,10,5,0,500,0.6,1000,0.2,1400,0.2,1
5,1,1671,2,10,5,0,300,0.5,572,0.32,486,0.18,1
5,2,10143,1,0,300,0.5,1700,0.5,1
5,3,8123,2,10,5,0,500,0.6,1000,0.2,1400,0.2,1
5,4,5986,2,10,5,0,500,0.6,1000,0.2,1400,0.2,1
5,5,14523,2,10,5,0,666,0.42,420,0.58,1
5,6,6295,1,0,500,0.6,1000,0.2,1400,0.2,1
5,7,5151,1,0,300,0.5,572,0.32,486,0.18,1
5,8,722,1,0,300,0.5,1700,0.5,1
5,9,12625,0,0,300,0.5,1700,0.5,1
5,10,14611,0,0,666,0.42,420,0.58,1
5,11,14641,2,10,5,0,300,0.5,1700,0.5,1
6,0,8701,2,10,5,0,300,0.5,1700,0.5,1
6,1,14627,0,0,300,0.5,572,0.32,486,0.18,1
6,2,7014,1,0,666,0.42,420,0.58,1
6,3,4738,2,10,5,0,666,0.42,420,0.58,1
6,4,12583,0,0,300,0.5,572,0.32,486,0.18,1
6,5,4062,2,10,5,0,300,0.5,572,0.32,486,0.18,1
6,6,6045,2,10,5,0,300,0.5,572,0.32,486,0.18,1
6,7,1814,2,10,5,0,300,0.5,1700,0.5,1
6,8,3121,1,0,500,0.6,1000,0.2,1400,0.2,1
6,9,1963,2,10,5,0,300,0.5,572,0.32,486,0.18,1
6,10,2392,2,10,5,0,300,0.5,572,0.32,486,0.18,1
6,11,4593,2,10,5,0,666,0.42,420,0.58,1
7,0,3234,2,10,5,0,500,0.6,1000,0.2,1400,0.2,1
7,1,9477,1,0,666,0.42,420,0.58,1
7,2,14707,0,0,500,0.6,1000,0.2,1400,0.2,1
7,3,1652,0,0,300,0.5,1700,0.5,1
7,4,12940,1,0,500,0.6,1000,0.2,1400,0.2,1
7,5,1399,1,0,500,0.6,1000,0.2,1400,0.2,1
7,6,12686,0,0,666,0.42,420,0.58,1
7,7,2522,2,10,5,0,666,0.42,420,0.58,1
7,8,12582,0,0,300,0.5,572,0.32,486,0.18,1
7,9,11826,0,0,666,0.42,420,0.58,1
7,10,12226,2,10,5,0,300,0.5,1700,0.5,1
7,11,9788,1,0,300,0.5,1700,0.5,1
8,0,1047,1,0,500,0.6,1000,0.2,1400,0.2,1
8,1,6639,1,0,300,0.5,1700,0.5,1
8,2,9591,0,0,500,0.6,1000,0.2,1400,0.2,1
8,3,836,2,10,5,0,300,0.5,572,0.32,486,0.18,1
8,4,4732,2,10,5,0,300,0.5,1700,0.5,1
8,5,6830,0,0,300,0.5,572,0.32,486,0.18,1
8,6,12665,0,0,666,0.42,420,0.58,1
8,7,2906,1,0,300,0.5,1700,0.5,1
8,8,14373,1,0,300,0.5,572,0.32,486,0.18,1
8,9,12210,0,0,666,0.42,420,0.58,1
8,10,7333,0,0,666,0.42,420,0.58,1
8,11,2516,1,0,666,0.42,420,0.58,1
9,0,7733,1,0,666,0.42,420,0.58,1
9,1,2123,2,10,5,0,300,0.5,1700,0.5,1
9,2,2017,2,10,5,0,500,0.6,1000,0.2,1400,0.2,1
9,3,11986,1,0,300,0.5,1700,0.5,1
9,4,2227,2,10,5,0,300,0.5,1700,0.5,1
9,5,12750,0,0,666,0.42,420,0.58,1
9,6,11720,1,0,666,0.42,420,0.58,1
9,7,2787,0,0,500,0.6,1000,0.2,1400,0.2,1
9,8,13606,1,0,300,0.5,572,0.32,486,0.18,1
9,9,6189,0,0,666,0.42,420,0.58,1
9,10,11972,1,0,500,0.6,1000,0.2,1400,0.2,1
9,11,2381,2,10,5,0,666,0.42,420,0.58,1
10,0,3999,1,0,666,0.42,420,0.58,1
10,1,8839,0,0,500,0.6,1000,0.2,1400,0.2,1
10,2,2646,2,10,5,0,500,0.6,1000,0.2,1400,0.2,1
10,3,2177,0,0,300,0.5,1700,0.5,1
10,4,13708,0,0,666,0.42,420,0.58,1
10,5,2812,2,10,5,0,500,0.6,1000,0.2,1400,0.2,1
10,6,2303,0,0,666,0.42,420,0.58,1
10,7,5487,0,0,666,0.42,420,0.58,1
10,8,12536,1,0,500,0.6,1000,0.2,1400,0.2,1
10,9,1257,0,0,300,0.5,1700,0.5,1
10,10,10210,2,10,5,0,300,0.5,572,0.32,486,0.18,1
10,11,6303,1,0,500,0.6,1000,0.2,1400,0.2,1
11,0,1120,2,10,5,0,300,0.5,1700,0.5,1
11,1,9574,0,0,500,0.6,1000,0.2,1400,0.2,1
11,2,7208,1,0,300,0.5,1700,0.5,1
11,3,8330,0,0,500,0.6,1000,0.2,1400,0.2,1
11,4,7940,2,10,5,0,300,0.5,1700,0.5,1
11,5,9165,2,10,5,0,300,0.5,1700,0.5,1
11,6,10498,2,10,5,0,500,0.6,1000,0.2,1400,0.2,1
11,7,5268,2,10,5,0,300,0.5,572,0.32,486,0.18,1
11,8,2998,0,0,500,0.6,1000,0.2,1400,0.2,1
11,9,8725,2,10,5,0,300,0.5,572,0.32,486,0.18,1
11,10,13979,2,10,5,0,666,0.42,420,0.58,1
11,11,3494,0,0,666,0.42,420,0.58,1
