0,0,355,0,0,300,0.5,572,0.32,486,0.18,1
0,1,2071,2,10,5,0,666,0.42,420,0.58,1
0,2,1446,1,0,500,0.6,1000,0.2,1400,0.2,1
0,3,13179,0,0,300,0.5,572,0.32,486,0.18,1
0,4,5909,2,10,5,0,300,0.5,1700,0.5,1
0,5,8090,1,0,300,0.5,572,0.32,486,0.18,1
0,6,10383,0,0,500,0.6,1000,0.2,1400,0.2,1
0,7,13322,1,0,300,0.5,1700,0.5,1
0,8,12477,1,0,300,0.5,572,0.32,486,0.18,1
0,9,5767,1,0,300,0.5,572,0.32,486,0.18,1
0,10,2912,1,0,300,0.5,572,0.32,486,0.18,1
0,11,5067,0,0,300,0.5,1700,0.5,1
1,0,11784,0,0,500,0.6,1000,0.2,1400,0.2,1
1,1,13244,2,10,5,0,500,0.6,1000,0.2,1400,0.2,1
1,2,187,0,0,300,0.5,572,0.32,486,0.18,0
1,3,841,2,10,5,0,300,0.5,572,0.32,486,0.18,1
1,4,11693,2,10,5,0,666,0.42,420,0.58,1
1,5,9126,1,0,500,0.6,1000,0.2,1400,0.2,1
1,6,7707,2,10,5,0,666,0.42,420,0.58,1
1,7,1771,0,0,300,0.5,572,0.32,486,0.18,1
1,8,3158,0,0,300,0.5,1700,0.5,1
1,9,13797,2,10,5,0,300,0.5,572,0.32,486,0.18,1
1,10,9518,0,0,300,0.5,1700,0.5,1
1,11,8354,2,10,5,0,500,0.6,1000,0.2,1400,0.2,1
2,0,2010,0,0,500,0.6,1000,0.2,1400,0.2,1
2,1,3671,0,0,500,0.6,1000,0.2,1400,0.2,1
2,2,2899,0,0,300,0.5,1700,0.5,1
2,3,12220,2,10,5,0,300,0.5,1700,0.5,1
2,4,51,1,0,300,0.5,572,0.32,486,0.18,1
2,5,12446,2,10,5,0,300,0.5,1700,0.5,1
2,6,9648,0,0,500,0.6,1000,0.2,1400,0.2,1
2,7,93,0,0,500,0.6,1000,0.2,1400,0.2,1
2,8,5113,0,0,300,0.5,1700,0.5,1
2,9,14521,1,0,300,0.5,572,0.32,486,0.18,1
2,10,13652,1,0,500,0.6,1000,0.2,1400,0.2,1
2,11,1314,1,0,300,0.5,572,0.32,486,0.18,1
3,0,5620,2,10,5,0,666,0.42,420,0.58,1
3,1,8365,0,0,500,0.6,1000,0.2,1400,0.2,1
3,2,3376,0,0,500,0.6,1000,0.2,1400,0.2,1
3,3,9349,0,0,500,0.6,1000,0.2,1400,0.2,1
3,4,9373,2,10,5,0,666,0.42,420,0.58,1
3,5,7708,1,0,300,0.5,1700,0.5,1
3,6,697,1,0,666,0.42,420,0.58,1
3,7,7623,2,10,5,0,300,0.5,572,0.32,486,0.18,1
3,8,12652,2,10,5,0,500,0.6,1000,0.2,1400,0.2,1
3,9,9088,2,10,5,0,500,0.6,1000,0.2,1400,0.2,1
3,10,563,2,10,5,0,666,0.42,420,0.58,1
3,11,169,1,0,666,0.42,420,0.58,1
4,0,9588,1,0,300,0.5,572,0.32,486,0.18,1
4,1,11203,0,0,500,0.6,1000,0.2,1400,0.2,1
4,2,1304,0,0,666,0.42,420,0.58,1
4,3,3611,1,0,300,0.5,572,0.32,486,0.18,1
4,4,10589,1,0,300,0.5,572,0.32,486,0.18,1
4,5,9368,2,10,5,0,500,0.6,1000,0.2,1400,0.2,1
4,6,12359,1,0,500,0.6,1000,0.2,1400,0.2,1
4,7,262,1,0,500,0.6,1000,0.2,1400,0.2,1
4,8,7020,2,10,5,0,300,0.5,1700,0.5,1
4,9,5768,2,10,5,0,300,0.5,572,0.32,486,0.18,1
4,10,2954,2,10,5,0,300,0.5,1700,0.5,1
4,11,8091,1,0,300,0.5,1700,0.5,1
5,0,3577,1,0,300,0.5,572,0.32,486,0.18,1
5,1,764,1,0,300,0.5,1700,0.5,1
5,2,6613,2,10,5,0,300,0.5,1700,0.5,1
5,3,6750,1,0,300,0.5,1700,0.5,1
5,4,8159,1,0,300,0.5,572,0.32,486,0.18,1
5,5,5855,2,10,5,0,500,0.6,1000,0.2,1400,0.2,1
5,6,13137,2,10,5,0,300,0.5,572,0.32,486,0.18,1
5,7,13587,2,10,5,0,300,0.5,1700,0.5,1
5,8,3180,1,0,300,0.5,572,0.32,486,0.18,1
5,9,3789,1,0,300,0.5,1700,0.5,1
5,10,7366,2,10,5,0,500,0.6,1000,0.2,1400,0.2,1
5,11,10361,0,0,500,0.6,1000,0.2,1400,0.2,1
6,0,13793,1,0,300,0.5,572,0.32,486,0.18,1
6,1,8750,0,0,300,0.5,1700,0.5,1
6,2,4146,1,0,300,0.5,572,0.32,486,0.18,1
6,3,6311,2,10,5,0,300,0.5,572,0.32,486,0.18,1
6,4,10997,1,0,500,0.6,1000,0.2,1400,0.2,1
6,5,9975,2,10,5,0,666,0.42,420,0.58,1
6,6,2481,0,0,666,0.42,420,0.58,1
6,7,14798,2,10,5,0,300,0.5,1700,0.5,1
6,8,6832,1,0,666,0.42,420,0.58,1
6,9,14887,0,0,500,0.6,1000,0.2,1400,0.2,1
6,10,10337,2,10,5,0,666,0.42,420,0.58,1
6,11,9689,2,10,5,0,300,0.5,1700,0.5,1
7,0,12371,2,10,5,0,300,0.5,1700,0.5,1
7,1,14553,1,0,300,0.5,572,0.32,486,0.18,1
7,2,2879,2,10,5,0,500,0.6,1000,0.2,1400,0.2,1
7,3,8257,1,0,300,0.5,1700,0.5,1
7,4,11248,0,0,300,0.5,572,0.32,486,0.18,1
7,5,7110,2,10,5,0,300,0.5,1700,0.5,1
7,6,6593,0,0,300,0.5,1700,0.5,1
7,7,4392,2,10,5,0,666,0.42,420,0.58,1
7,8,348,2,10,5,0,666,0.42,420,0.58,1
7,9,14912,1,0,500,0.6,1000,0.2,1400,0.2,1
7,10,11741,1,0,300,0.5,1700,0.5,1
7,11,1193,1,0,666,0.42,420,0.58,1
8,0,5968,2,10,5,0,300,0.5,572,0.32,486,0.18,1
8,1,14435,0,0,666,0.42,420,0.58,1
8,2,10109,0,0,300,0.5,572,0.32,486,0.18,1
8,3,13301,1,0,300,0.5,1700,0.5,1
8,4,1724,1,0,300,0.5,572,0.32,486,0.18,1
8,5,14592,2,10,5,0,300,0.5,572,0.32,486,0.18,1
8,6,8270,0,0,666,0.42,420,0.58,1
8,7,140,2,10,5,0,300,0.5,572,0.32,486,0.18,1
8,8,933,1,0,300,0.5,572,0.32,486,0.18,1
8,9,10518,1,0,500,0.6,1000,0.2,1400,0.2,1
8,10,5604,2,10,5,0,300,0.5,572,0.32,486,0.18,1
8,11,13723,0,0,300,0.5,1700,0.5,1
9,0,8471,2,10,5,0,300,0.5,1700,0.5,1
9,1,12276,1,0,666,0.42,420,0.58,1
9,2,4612,1,0,500,0.6,1000,0.2,1400,0.2,1
9,3,4699,0,0,666,0.42,420,0.58,1
9,4,11407,1,0,500,0.6,1000,0.2,1400,0.2,1
9,5,14610,0,0,666,0.42,420,0.58,1
9,6,11977,2,10,5,0,300,0.5,572,0.32,486,0.18,1
9,7,8933,1,0,666,0.42,420,0.58,1
9,8,6728,2,10,5,0,500,0.6,1000,0.2,1400,0.2,1
9,9,4296,0,0,300,0.5,1700,0.5,1
9,10,10392,0,0,300,0.5,572,0.32,486,0.18,1
9,11,155,2,10,5,0,300,0.5,1700,0.5,1
10,0,8994,0,0,300,0.5,1700,0.5,1
10,1,8496,0,0,500,0.6,1000,0.2,1400,0.2,1
10,2,14677,2,10,5,0,500,0.6,1000,0.2,1400,0.2,1
10,3,3577,2,10,5,0,666,0.42,420,0.58,1
10,4,12966,0,0,500,0.6,1000,0.2,1400,0.2,1
10,5,6426,2,10,5,0,666,0.42,420,0.58,1
10,6,10246,2,10,5,0,500,0.6,1000,0.2,1400,0.2,1
10,7,5790,0,0,300,0.5,1700,0.5,1
10,8,13321,2,10,5,0,300,0.5,1700,0.5,1
10,9,12562,0,0,500,0.6,1000,0.2,1400,0.2,1
10,10,1709,2,10,5,0,666,0.42,420,0.58,1
10,11,11348,0,0,666,0.42,420,0.58,1
11,0,2218,2,10,5,0,500,0.6,1000,0.2,1400,0.2,1
11,1,10863,2,10,5,0,300,0.5,572,0.32,486,0.18,1
11,2,7688,0,0,500,0.6,1000,0.2,1400,0.2,1
11,3,8339,1,0,300,0.5,572,0.32,486,0.18,1
11,4,5305,0,0,666,0.42,420,0.58,1
11,5,13253,2,10,5,0,500,0.6,1000,0.2,1400,0.2,1
11,6,1723,0,0,300,0.5,572,0.32,486,0.18,1
11,7,4779,1,0,300,0.5,572,0.32,486,0.18,1
11,8,11644,1,0,300,0.5,572,0.32,486,0.18,1
11,9,5705,0,0,300,0.5,572,0.32,486,0.18,1
11,10,12059,2,10,5,0,300,0.5,572,0.32,486,0.18,1
11,11,612,2,10,5,0,500,0.6,1000,0.2,1400,0.2,1
