0,0,13984,1,0,300,0.5,1700,0.5,1
0,1,14107,0,0,300,0.5,572,0.32,486,0.18,1
0,2,10193,0,0,666,0.42,420,0.58,1
0,3,1659,0,0,300,0.5,1700,0.5,1
0,4,10288,0,0,666,0.42,420,0.58,1
0,5,11506,1,0,666,0.42,420,0.58,1
0,6,7876,1,0,666,0.42,420,0.58,1
0,7,6959,1,0,500,0.6,1000,0.2,1400,0.2,1
0,8,13333,0,0,500,0.6,1000,0.2,1400,0.2,1
0,9,9758,2,10,5,0,300,0.5,1700,0.5,1
0,10,7711,0,0,500,0.6,1000,0.2,1400,0.2,1
0,11,9975,1,0,666,0.42,420,0.58,1
1,0,11004,2,10,5,0,300,0.5,572,0.32,486,0.18,1
1,1,12271,1,0,300,0.5,572,0.32,486,0.18,1
1,2,11201,0,0,300,0.5,572,0.32,486,0.18,0
1,3,7848,1,0,300,0.5,1700,0.5,1
1,4,14016,0,0,300,0.5,1700,0.5,1
1,5,14035,0,0,300,0.5,1700,0.5,1
1,6,13698,2,10,5,0,300,0.5,572,0.32,486,0.18,1
1,7,6522,0,0,300,0.5,1700,0.5,1
1,8,13144,1,0,300,0.5,1700,0.5,1
1,9,14307,2,10,5,0,300,0.5,1700,0.5,1
1,10,924,1,0,500,0.6,1000,0.2,1400,0.2,1
1,11,10593,1,0,300,0.5,572,0.32,486,0.18,1
2,0,3890,2,10,5,0,300,0.5,1700,0.5,1
2,1,13014,1,0,500,0.6,1000,0.2,1400,0.2,1
2,2,3443,2,10,5,0,300,0.5,1700,0.5,1
2,3,12266,1,0,300,0.5,1700,0.5,1
2,4,12073,2,10,5,0,300,0.5,1700,0.5,1
2,5,13541,2,10,5,0,666,0.42,420,0.58,1
2,6,2029,2,10,5,0,300,0.5,572,0.32,486,0.18,1
2,7,8148,2,10,5,0,300,0.5,1700,0.5,1
2,8,8388,0,0,300,0.5,572,0.32,486,0.18,1
2,9,9483,2,10,5,0,300,0.5,1700,0.5,1
2,10,5268,0,0,300,0.5,572,0.32,486,0.18,1
2,11,711,2,10,5,0,500,0.6,1000,0.2,1400,0.2,1
3,0,7439,0,0,300,0.5,572,0.32,486,0.18,1
3,1,4521,1,0,300,0.5,1700,0.5,1
3,2,2730,2,10,5,0,300,0.5,572,0.32,486,0.18,1
3,3,337,2,10,5,0,300,0.5,1700,0.5,1
3,4,10327,1,0,666,0.42,420,0.58,1
3,5,3069,2,10,5,0,300,0.5,572,0.32,486,0.18,1
3,6,12932,2,10,5,0,300,0.5,572,0.32,486,0.18,1
3,7,8627,0,0,300,0.5,1700,0.5,1
3,8,2600,0,0,666,0.42,420,0.58,1
3,9,1338,1,0,500,0.6,1000,0.2,1400,0.2,1
3,10,1980,1,0,500,0.6,1000,0.2,1400,0.2,1
3,11,1599,0,0,500,0.6,1000,0.2,1400,0.2,1
4,0,400,0,0,666,0.42,420,0.58,1
4,1,9830,0,0,300,0.5,1700,0.5,1
4,2,4017,0,0,300,0.5,572,0.32,486,0.18,1
4,3,335,2,10,5,0,300,0.5,1700,0.5,1
4,4,80,0,0,300,0.5,572,0.32,486,0.18,1
4,5,12573,0,0,500,0.6,1000,0.2,1400,0.2,1
4,6,13088,1,0,300,0.5,1700,0.5,1
4,7,4550,0,0,666,0.42,420,0.58,1
4,8,2069,0,0,300,0.5,1700,0.5,1
4,9,342,1,0,300,0.5,572,0.32,486,0.18,1
4,10,12470,2,10,5,0,500,0.6,1000,0.2,1400,0.2,1
4,11,2172,2,10,5,0,500,0.6,1000,0.2,1400,0.2,1
5,0,3010,0,0,666,0.42,420,0.58,1
5,1,13562,1,0,300,0.5,572,0.32,486,0.18,1
5,2,10273,2,10,5,0,666,0.42,420,0.58,1
5,3,6697,2,10,5,0,300,0.5,572,0.32,486,0.18,1
5,4,3488,0,0,300,0.5,1700,0.5,1
5,5,10286,1,0,666,0.42,420,0.58,1
5,6,7409,0,0,300,0.5,1700,0.5,1
5,7,11182,1,0,666,0.42,420,0.58,1
5,8,10231,2,10,5,0,500,0.6,1000,0.2,1400,0.2,1
5,9,6027,2,10,5,0,300,0.5,1700,0.5,1
5,10,5637,2,10,5,0,500,0.6,1000,0.2,1400,0.2,1
5,11,13290,0,0,500,0.6,1000,0.2,1400,0.2,1
6,0,11364,1,0,300,0.5,1700,0.5,1
6,1,8376,0,0,666,0.42,420,0.58,1
6,2,8986,0,0,300,0.5,572,0.32,486,0.18,1
6,3,1958,0,0,300,0.5,1700,0.5,1
6,4,14694,2,10,5,0,300,0.5,572,0.32,486,0.18,1
6,5,2053,2,10,5,0,300,0.5,1700,0.5,1
6,6,2446,2,10,5,0,666,0.42,420,0.58,1
6,7,10040,2,10,5,0,300,0.5,572,0.32,486,0.18,1
6,8,8760,1,0,500,0.6,1000,0.2,1400,0.2,1
6,9,12286,2,10,5,0,300,0.5,1700,0.5,1
6,10,6563,0,0,500,0.6,1000,0.2,1400,0.2,1
6,11,2568,1,0,300,0.5,1700,0.5,1
7,0,785,0,0,300,0.5,1700,0.5,1
7,1,2207,1,0,500,0.6,1000,0.2,1400,0.2,1
7,2,8421,2,10,5,0,666,0.42,420,0.58,1
7,3,4367,1,0,500,0.6,1000,0.2,1400,0.2,1
7,4,7870,1,0,500,0.6,1000,0.2,1400,0.2,1
7,5,5894,2,10,5,0,300,0.5,572,0.32,486,0.18,1
7,6,10749,0,0,666,0.42,420,0.58,1
7,7,9189,2,10,5,0,500,0.6,1000,0.2,1400,0.2,1
7,8,12433,1,0,666,0.42,420,0.58,1
7,9,9971,1,0,300,0.5,1700,0.5,1
7,10,2217,0,0,666,0.42,420,0.58,1
7,11,9531,1,0,300,0.5,1700,0.5,1
8,0,11786,1,0,300,0.5,572,0.32,486,0.18,1
8,1,2561,2,10,5,0,300,0.5,572,0.32,486,0.18,1
8,2,3681,1,0,300,0.5,1700,0.5,1
8,3,9374,1,0,666,0.42,420,0.58,1
8,4,14631,0,0,666,0.42,420,0.58,1
8,5,10675,0,0,666,0.42,420,0.58,1
8,6,3545,0,0,500,0.6,1000,0.2,1400,0.2,1
8,7,499,2,10,5,0,300,0.5,572,0.32,486,0.18,1
8,8,613,0,0,666,0.42,420,0.58,1
8,9,3368,2,10,5,0,300,0.5,1700,0.5,1
8,10,4682,0,0,300,0.5,1700,0.5,1
8,11,13284,1,0,666,0.42,420,0.58,1
9,0,9861,1,0,666,0.42,420,0.58,1
9,1,11462,2,10,5,0,300,0.5,1700,0.5,1
9,2,6812,2,10,5,0,666,0.42,420,0.58,1
9,3,14503,0,0,300,0.5,1700,0.5,1
9,4,3225,1,0,300,0.5,1700,0.5,1
9,5,14873,2,10,5,0,300,0.5,572,0.32,486,0.18,1
9,6,10447,2,10,5,0,500,0.6,1000,0.2,1400,0.2,1
9,7,6100,1,0,300,0.5,1700,0.5,1
9,8,12495,2,10,5,0,300,0.5,1700,0.5,1
9,9,4565,2,10,5,0,666,0.42,420,0.58,1
9,10,8822,2,10,5,0,500,0.6,1000,0.2,1400,0.2,1
9,11,14595,1,0,300,0.5,1700,0.5,1
10,0,12202,2,10,5,0,300,0.5,572,0.32,486,0.18,1
10,1,8974,2,10,5,0,500,0.6,1000,0.2,1400,0.2,1
10,2,1256,2,10,5,0,300,0.5,1700,0.5,1
10,3,9481,0,0,300,0.5,572,0.32,486,0.18,1
10,4,5863,0,0,300,0.5,572,0.32,486,0.18,1
10,5,2050,1,0,500,0.6,1000,0.2,1400,0.2,1
10,6,178,1,0,666,0.42,420,0.58,1
10,7,866,0,0,500,0.6,1000,0.2,1400,0.2,1
10,8,13600,1,0,500,0.6,1000,0.2,1400,0.2,1
10,9,968,0,0,500,0.6,1000,0.2,1400,0.2,1
10,10,10023,2,10,5,0,300,0.5,572,0.32,486,0.18,1
10,11,6508,2,10,5,0,300,0.5,1700,0.5,1
11,0,14401,2,10,5,0,500,0.6,1000,0.2,1400,0.2,1
11,1,6682,0,0,300,0.5,1700,0.5,1
11,2,8848,2,10,5,0,666,0.42,420,0.58,1
11,3,10812,1,0,666,0.42,420,0.58,1
11,4,12489,1,0,300,0.5,572,0.32,486,0.18,1
11,5,7101,1,0,500,0.6,1000,0.2,1400,0.2,1
11,6,14430,2,10,5,0,666,0.42,420,0.58,1
11,7,4949,0,0,300,0.5,572,0.32,486,0.18,1
11,8,5411,1,0,300,0.5,572,0.32,486,0.18,1
11,9,12916,0,0,300,0.5,572,0.32,486,0.18,1
11,10,6302,1,0,666,0.42,420,0.58,1
11,11,6492,1,0,666,0.42,420,0.58,1
