0,0,12563,1,0,300,0.5,572,0.32,486,0.18,1
0,1,3129,1,0,300,0.5,572,0.32,486,0.18,1
0,2,5639,2,10,5,0,300,0.5,1700,0.5,1
0,3,12429,1,0,500,0.6,1000,0.2,1400,0.2,1
0,4,14551,0,0,500,0.6,1000,0.2,1400,0.2,1
0,5,5768,1,0,666,0.42,420,0.58,1
0,6,936,0,0,300,0.5,1700,0.5,1
0,7,11369,1,0,666,0.42,420,0.58,1
0,8,14983,0,0,300,0.5,1700,0.5,1
0,9,4136,1,0,500,0.6,1000,0.2,1400,0.2,1
0,10,1834,1,0,300,0.5,572,0.32,486,0.18,1
0,11,12150,0,0,300,0.5,1700,0.5,1
1,0,13417,2,10,5,0,300,0.5,572,0.32,486,0.18,1
1,1,8200,2,10,5,0,300,0.5,572,0.32,486,0.18,1
1,2,5118,2,10,5,0,300,0.5,1700,0.5,0
1,3,1387,2,10,5,0,300,0.5,1700,0.5,1
1,4,4010,0,0,666,0.42,420,0.58,1
1,5,12648,0,0,666,0.42,420,0.58,1
1,6,12424,2,10,5,0,666,0.42,420,0.58,1
1,7,12159,1,0,300,0.5,1700,0.5,1
1,8,9861,0,0,300,0.5,1700,0.5,1
1,9,4669,0,0,500,0.6,1000,0.2,1400,0.2,1
1,10,3923,2,10,5,0,500,0.6,1000,0.2,1400,0.2,1
1,11,537,2,10,5,0,300,0.5,572,0.32,486,0.18,1
2,0,10583,2,10,5,0,666,0.42,420,0.58,1
2,1,8587,0,0,500,0.6,1000,0.2,1400,0.2,1
2,2,4009,0,0,500,0.6,1000,0.2,1400,0.2,1
2,3,1840,1,0,300,0.5,1700,0.5,1
2,4,5396,0,0,666,0.42,420,0.58,1
2,5,4596,1,0,666,0.42,420,0.58,1
2,6,1718,1,0,666,0.42,420,0.58,1
2,7,13200,1,0,500,0.6,1000,0.2,1400,0.2,1
2,8,9403,2,10,5,0,500,0.6,1000,0.2,1400,0.2,1
2,9,2807,1,0,666,0.42,420,0.58,1
2,10,2825,0,0,300,0.5,1700,0.5,1
2,11,9340,2,10,5,0,300,0.5,572,0.32,486,0.18,1
3,0,5232,2,10,5,0,500,0.6,1000,0.2,1400,0.2,1
3,1,2296,2,10,5,0,500,0.6,1000,0.2,1400,0.2,1
3,2,12307,1,0,500,0.6,1000,0.2,1400,0.2,1
3,3,5449,0,0,500,0.6,1000,0.2,1400,0.2,1
3,4,5118,2,10,5,0,500,0.6,1000,0.2,1400,0.2,1
3,5,4036,1,0,300,0.5,572,0.32,486,0.18,1
3,6,3338,2,10,5,0,666,0.42,420,0.58,1
3,7,3331,2,10,5,0,500,0.6,1000,0.2,1400,0.2,1
3,8,2584,0,0,300,0.5,572,0.32,486,0.18,1
3,9,9879,2,10,5,0,300,0.5,572,0.32,486,0.18,1
3,10,13347,2,10,5,0,666,0.42,420,0.58,1
3,11,1533,0,0,300,0.5,1700,0.5,1
4,0,11403,2,10,5,0,300,0.5,1700,0.5,1
4,1,12962,2,10,5,0,300,0.5,572,0.32,486,0.18,1
4,2,7694,0,0,500,0.6,1000,0.2,1400,0.2,1
4,3,8939,0,0,300,0.5,1700,0.5,1
4,4,13380,1,0,500,0.6,1000,0.2,1400,0.2,1
4,5,14108,2,10,5,0,500,0.6,1000,0.2,1400,0.2,1
4,6,1448,0,0,666,0.42,420,0.58,1
4,7,8847,0,0,500,0.6,1000,0.2,1400,0.2,1
4,8,10181,2,10,5,0,666,0.42,420,0.58,1
4,9,11198,2,10,5,0,300,0.5,1700,0.5,1
4,10,12665,1,0,300,0.5,1700,0.5,1
4,11,2937,0,0,300,0.5,572,0.32,486,0.18,1
5,0,922,2,10,5,0,300,0.5,572,0.32,486,0.18,1
5,1,13848,2,10,5,0,300,0.5,572,0.32,486,0.18,1
5,2,12029,0,0,300,0.5,1700,0.5,1
5,3,3487,1,0,500,0.6,1000,0.2,1400,0.2,1
5,4,14757,0,0,300,0.5,1700,0.5,1
5,5,13186,2,10,5,0,666,0.42,420,0.58,1
5,6,2442,2,10,5,0,300,0.5,572,0.32,486,0.18,1
5,7,5467,1,0,500,0.6,1000,0.2,1400,0.2,1
5,8,1602,1,0,500,0.6,1000,0.2,1400,0.2,1
5,9,5238,1,0,300,0.5,1700,0.5,1
5,10,186,0,0,300,0.5,572,0.32,486,0.18,1
5,11,1389,2,10,5,0,300,0.5,572,0.32,486,0.18,1
6,0,2123,2,10,5,0,500,0.6,1000,0.2,1400,0.2,1
6,1,3031,2,10,5,0,300,0.5,1700,0.5,1
6,2,11714,1,0,300,0.5,1700,0.5,1
6,3,4573,1,0,666,0.42,420,0.58,1
6,4,2186,1,0,300,0.5,572,0.32,486,0.18,1
6,5,6315,2,10,5,0,300,0.5,572,0.32,486,0.18,1
6,6,5992,2,10,5,0,666,0.42,420,0.58,1
6,7,539,1,0,300,0.5,1700,0.5,1
6,8,14907,2,10,5,0,300,0.5,1700,0.5,1
6,9,6317,2,10,5,0,300,0.5,1700,0.5,1
6,10,8544,2,10,5,0,666,0.42,420,0.58,1
6,11,11373,2,10,5,0,300,0.5,572,0.32,486,0.18,1
7,0,8573,0,0,500,0.6,1000,0.2,1400,0.2,1
7,1,3546,1,0,500,0.6,1000,0.2,1400,0.2,1
7,2,3521,0,0,666,0.42,420,0.58,1
7,3,3043,1,0,500,0.6,1000,0.2,1400,0.2,1
7,4,14663,0,0,300,0.5,572,0.32,486,0.18,1
7,5,12514,0,0,666,0.42,420,0.58,1
7,6,10355,1,0,500,0.6,1000,0.2,1400,0.2,1
7,7,11610,2,10,5,0,300,0.5,1700,0.5,1
7,8,12114,1,0,666,0.42,420,0.58,1
7,9,5791,0,0,300,0.5,572,0.32,486,0.18,1
7,10,1785,2,10,5,0,500,0.6,1000,0.2,1400,0.2,1
7,11,2831,1,0,300,0.5,1700,0.5,1
8,0,117,0,0,300,0.5,572,0.32,486,0.18,1
8,1,7224,0,0,300,0.5,1700,0.5,1
8,2,14907,2,10,5,0,500,0.6,1000,0.2,1400,0.2,1
8,3,2034,1,0,666,0.42,420,0.58,1
8,4,11896,1,0,500,0.6,1000,0.2,1400,0.2,1
8,5,4293,2,10,5,0,300,0.5,1700,0.5,1
8,6,13710,2,10,5,0,666,0.42,420,0.58,1
8,7,10218,0,0,666,0.42,420,0.58,1
8,8,13476,2,10,5,0,300,0.5,1700,0.5,1
8,9,1626,1,0,300,0.5,1700,0.5,1
8,10,4135,1,0,666,0.42,420,0.58,1
8,11,6556,2,10,5,0,500,0.6,1000,0.2,1400,0.2,1
9,0,8267,0,0,300,0.5,1700,0.5,1
9,1,3214,0,0,500,0.6,1000,0.2,1400,0.2,1
9,2,9624,1,0,300,0.5,1700,0.5,1
9,3,7456,0,0,300,0.5,572,0.32,486,0.18,1
9,4,5374,0,0,666,0.42,420,0.58,1
9,5,706,2,10,5,0,666,0.42,420,0.58,1
9,6,1857,0,0,300,0.5,572,0.32,486,0.18,1
9,7,2035,1,0,300,0.5,572,0.32,486,0.18,1
9,8,11509,2,10,5,0,500,0.6,1000,0.2,1400,0.2,1
9,9,14468,2,10,5,0,500,0.6,1000,0.2,1400,0.2,1
9,10,2117,2,10,5,0,300,0.5,572,0.32,486,0.18,1
9,11,13381,1,0,300,0.5,1700,0.5,1
10,0,2773,0,0,300,0.5,572,0.32,486,0.18,1
10,1,8743,0,0,300,0.5,572,0.32,486,0.18,1
10,2,9787,0,0,666,0.42,420,0.58,1
10,3,13492,1,0,500,0.6,1000,0.2,1400,0.2,1
10,4,11202,2,10,5,0,500,0.6,1000,0.2,1400,0.2,1
10,5,12772,2,10,5,0,500,0.6,1000,0.2,1400,0.2,1
10,6,5462,2,10,5,0,500,0.6,1000,0.2,1400,0.2,1
10,7,3528,0,0,300,0.5,1700,0.5,1
10,8,4533,2,10,5,0,666,0.42,420,0.58,1
10,9,5029,0,0,300,0.5,572,0.32,486,0.18,1
10,10,9837,0,0,300,0.5,572,0.32,486,0.18,1
10,11,5854,2,10,5,0,300,0.5,572,0.32,486,0.18,1
11,0,2223,1,0,300,0.5,1700,0.5,1
11,1,8141,2,10,5,0,500,0.6,1000,0.2,1400,0.2,1
11,2,10443,2,10,5,0,300,0.5,1700,0.5,1
11,3,10178,0,0,300,0.5,572,0.32,486,0.18,1
11,4,8826,2,10,5,0,666,0.42,420,0.58,1
11,5,12548,1,0,300,0.5,1700,0.5,1
11,6,12685,0,0,666,0.42,420,0.58,1
11,7,8111,1,0,300,0.5,1700,0.5,1
11,8,9875,2,10,5,0,300,0.5,572,0.32,486,0.18,1
11,9,10757,0,0,666,0.42,420,0.58,1
11,10,11484,1,0,500,0.6,1000,0.2,1400,0.2,1
11,11,11814,1,0,666,0.42,420,0.58,1
