0,0,13785,2,10,5,0,666,0.42,420,0.58,1
0,1,5886,0,0,666,0.42,420,0.58,1
0,2,1545,2,10,5,0,666,0.42,420,0.58,1
0,3,10278,1,0,500,0.6,1000,0.2,1400,0.2,1
0,4,8147,1,0,300,0.5,1700,0.5,1
0,5,14994,1,0,666,0.42,420,0.58,1
0,6,10684,2,10,5,0,666,0.42,420,0.58,1
0,7,4753,1,0,300,0.5,572,0.32,486,0.18,1
0,8,11192,1,0,300,0.5,1700,0.5,1
0,9,232,1,0,500,0.6,1000,0.2,1400,0.2,1
0,10,10549,2,10,5,0,300,0.5,1700,0.5,1
0,11,11839,0,0,300,0.5,572,0.32,486,0.18,1
1,0,13001,2,10,5,0,300,0.5,572,0.32,486,0.18,1
1,1,6755,2,10,5,0,300,0.5,572,0.32,486,0.18,1
1,2,7943,2,10,5,0,300,0.5,572,0.32,486,0.18,0
1,3,10192,2,10,5,0,300,0.5,1700,0.5,1
1,4,11899,1,0,500,0.6,1000,0.2,1400,0.2,1
1,5,5550,0,0,666,0.42,420,0.58,1
1,6,9279,1,0,500,0.6,1000,0.2,1400,0.2,1
1,7,2541,1,0,666,0.42,420,0.58,1
1,8,14676,0,0,666,0.42,420,0.58,1
1,9,11723,0,0,666,0.42,420,0.58,1
1,10,12767,2,10,5,0,300,0.5,1700,0.5,1
1,11,2369,1,0,300,0.5,1700,0.5,1
2,0,4198,0,0,500,0.6,1000,0.2,1400,0.2,1
2,1,2052,2,10,5,0,500,0.6,1000,0.2,1400,0.2,1
2,2,9988,1,0,300,0.5,1700,0.5,1
2,3,7435,2,10,5,0,666,0.42,420,0.58,1
2,4,734,0,0,300,0.5,1700,0.5,1
2,5,10098,0,0,300,0.5,572,0.32,486,0.18,1
2,6,4843,1,0,500,0.6,1000,0.2,1400,0.2,1
2,7,13605,2,10,5,0,500,0.6,1000,0.2,1400,0.2,1
2,8,9770,1,0,666,0.42,420,0.58,1
2,9,6664,1,0,300,0.5,1700,0.5,1
2,10,12191,2,10,5,0,300,0.5,572,0.32,486,0.18,1
2,11,8386,2,10,5,0,500,0.6,1000,0.2,1400,0.2,1
3,0,13126,2,10,5,0,500,0.6,1000,0.2,1400,0.2,1
3,1,8321,2,10,5,0,500,0.6,1000,0.2,1400,0.2,1
3,2,14665,1,0,300,0.5,1700,0.5,1
3,3,4069,0,0,666,0.42,420,0.58,1
3,4,14911,1,0,300,0.5,572,0.32,486,0.18,1
3,5,12636,0,0,666,0.42,420,0.58,1
3,6,14531,2,10,5,0,300,0.5,572,0.32,486,0.18,1
3,7,3518,1,0,500,0.6,1000,0.2,1400,0.2,1
3,8,6573,1,0,300,0.5,1700,0.5,1
3,9,14886,2,10,5,0,666,0.42,420,0.58,1
3,10,1340,1,0,300,0.5,1700,0.5,1
3,11,11631,1,0,300,0.5,572,0.32,486,0.18,1
4,0,2227,1,0,300,0.5,1700,0.5,1
4,1,7889,1,0,666,0.42,420,0.58,1
4,2,5677,1,0,500,0.6,1000,0.2,1400,0.2,1
4,3,10373,0,0,300,0.5,572,0.32,486,0.18,1
4,4,11945,0,0,300,0.5,572,0.32,486,0.18,1
4,5,859,0,0,300,0.5,572,0.32,486,0.18,1
4,6,3407,0,0,500,0.6,1000,0.2,1400,0.2,1
4,7,3087,0,0,300,0.5,1700,0.5,1
4,8,14814,2,10,5,0,300,0.5,572,0.32,486,0.18,1
4,9,534,0,0,300,0.5,1700,0.5,1
4,10,11528,2,10,5,0,666,0.42,420,0.58,1
4,11,7790,0,0,500,0.6,1000,0.2,1400,0.2,1
5,0,9720,2,10,5,0,300,0.5,572,0.32,486,0.18,1
5,1,6630,0,0,300,0.5,1700,0.5,1
5,2,10790,0,0,300,0.5,1700,0.5,1
5,3,7848,0,0,666,0.42,420,0.58,1
5,4,9197,2,10,5,0,300,0.5,572,0.32,486,0.18,1
5,5,6324,0,0,666,0.42,420,0.58,1
5,6,2714,1,0,666,0.42,420,0.58,1
5,7,7445,1,0,300,0.5,1700,0.5,1
5,8,1449,2,10,5,0,300,0.5,1700,0.5,1
5,9,14471,1,0,300,0.5,1700,0.5,1
5,10,5966,0,0,500,0.6,1000,0.2,1400,0.2,1
5,11,14353,0,0,300,0.5,572,0.32,486,0.18,1
6,0,11495,2,10,5,0,666,0.42,420,0.58,1
6,1,7779,1,0,666,0.42,420,0.58,1
6,2,10726,1,0,300,0.5,1700,0.5,1
6,3,4611,2,10,5,0,300,0.5,572,0.32,486,0.18,1
6,4,12818,1,0,300,0.5,572,0.32,486,0.18,1
6,5,2857,0,0,500,0.6,1000,0.2,1400,0.2,1
6,6,1097,2,10,5,0,300,0.5,1700,0.5,1
6,7,12049,1,0,500,0.6,1000,0.2,1400,0.2,1
6,8,151,1,0,666,0.42,420,0.58,1
6,9,13120,1,0,300,0.5,1700,0.5,1
6,10,12861,2,10,5,0,300,0.5,572,0.32,486,0.18,1
6,11,10163,2,10,5,0,666,0.42,420,0.58,1
7,0,4884,2,10,5,0,666,0.42,420,0.58,1
7,1,3333,2,10,5,0,300,0.5,572,0.32,486,0.18,1
7,2,6045,2,10,5,0,666,0.42,420,0.58,1
7,3,5396,0,0,300,0.5,572,0.32,486,0.18,1
7,4,14760,2,10,5,0,300,0.5,572,0.32,486,0.18,1
7,5,2855,0,0,300,0.5,572,0.32,486,0.18,1
7,6,634,0,0,500,0.6,1000,0.2,1400,0.2,1
7,7,14878,0,0,500,0.6,1000,0.2,1400,0.2,1
7,8,6273,2,10,5,0,300,0.5,572,0.32,486,0.18,1
7,9,5920,0,0,300,0.5,572,0.32,486,0.18,1
7,10,1612,0,0,300,0.5,572,0.32,486,0.18,1
7,11,474,2,10,5,0,500,0.6,1000,0.2,1400,0.2,1
8,0,7171,2,10,5,0,300,0.5,1700,0.5,1
8,1,13690,0,0,500,0.6,1000,0.2,1400,0.2,1
8,2,2129,1,0,666,0.42,420,0.58,1
8,3,10214,0,0,500,0.6,1000,0.2,1400,0.2,1
8,4,5755,2,10,5,0,666,0.42,420,0.58,1
8,5,1326,2,10,5,0,666,0.42,420,0.58,1
8,6,11466,0,0,300,0.5,1700,0.5,1
8,7,474,0,0,300,0.5,1700,0.5,1
8,8,1764,2,10,5,0,300,0.5,1700,0.5,1
8,9,2248,2,10,5,0,500,0.6,1000,0.2,1400,0.2,1
8,10,12554,1,0,666,0.42,420,0.58,1
8,11,8887,0,0,666,0.42,420,0.58,1
9,0,4868,0,0,300,0.5,1700,0.5,1
9,1,2190,0,0,666,0.42,420,0.58,1
9,2,7278,1,0,300,0.5,572,0.32,486,0.18,1
9,3,4190,0,0,500,0.6,1000,0.2,1400,0.2,1
9,4,13622,1,0,666,0.42,420,0.58,1
9,5,12029,1,0,300,0.5,572,0.32,486,0.18,1
9,6,12834,0,0,300,0.5,572,0.32,486,0.18,1
9,7,2923,1,0,300,0.5,572,0.32,486,0.18,1
9,8,6600,1,0,500,0.6,1000,0.2,1400,0.2,1
9,9,14033,2,10,5,0,666,0.42,420,0.58,1
9,10,10074,0,0,300,0.5,1700,0.5,1
9,11,13813,1,0,300,0.5,1700,0.5,1
10,0,1661,2,10,5,0,300,0.5,1700,0.5,1
10,1,13983,0,0,300,0.5,572,0.32,486,0.18,1
10,2,7173,2,10,5,0,300,0.5,572,0.32,486,0.18,1
10,3,12393,2,10,5,0,666,0.42,420,0.58,1
10,4,11918,1,0,300,0.5,572,0.32,486,0.18,1
10,5,11233,2,10,5,0,300,0.5,572,0.32,486,0.18,1
10,6,5421,2,10,5,0,300,0.5,1700,0.5,1
10,7,12990,0,0,300,0.5,572,0.32,486,0.18,1
10,8,4962,0,0,666,0.42,420,0.58,1
10,9,7348,0,0,500,0.6,1000,0.2,1400,0.2,1
10,10,3820,0,0,300,0.5,572,0.32,486,0.18,1
10,11,9895,1,0,666,0.42,420,0.58,1
11,0,2911,0,0,300,0.5,1700,0.5,1
11,1,10410,2,10,5,0,300,0.5,572,0.32,486,0.18,1
11,2,5365,0,0,500,0.6,1000,0.2,1400,0.2,1
11,3,8016,1,0,666,0.42,420,0.58,1
11,4,2084,1,0,300,0.5,1700,0.5,1
11,5,8609,0,0,300,0.5,572,0.32,486,0.18,1
11,6,8434,0,0,666,0.42,420,0.58,1
11,7,11183,2,10,5,0,300,0.5,572,0.32,486,0.18,1
11,8,339,2,10,5,0,500,0.6,1000,0.2,1400,0.2,1
11,9,6965,2,10,5,0,500,0.6,1000,0.2,1400,0.2,1
11,10,8970,2,10,5,0,300,0.5,1700,0.5,1
11,11,11439,0,0,300,0.5,1700,0.5,1
