0,0,3888,0,0,300,0.5,1700,0.5,1
0,1,10934,2,10,5,0,300,0.5,1700,0.5,1
0,2,11525,1,0,300,0.5,1700,0.5,1
0,3,2553,2,10,5,0,300,0.5,572,0.32,486,0.18,1
0,4,4916,1,0,500,0.6,1000,0.2,1400,0.2,1
0,5,6733,2,10,5,0,300,0.5,1700,0.5,1
0,6,5990,1,0,300,0.5,572,0.32,486,0.18,1
0,7,4775,2,10,5,0,500,0.6,1000,0.2,1400,0.2,1
0,8,13374,2,10,5,0,666,0.42,420,0.58,1
0,9,6427,0,0,300,0.5,572,0.32,486,0.18,1
0,10,5104,2,10,5,0,500,0.6,1000,0.2,1400,0.2,1
0,11,6682,1,0,300,0.5,572,0.32,486,0.18,1
1,0,10824,1,0,300,0.5,572,0.32,486,0.18,1
1,1,4617,2,10,5,0,666,0.42,420,0.58,1
1,2,8686,2,10,5,0,300,0.5,1700,0.5,0
1,3,9125,2,10,5,0,300,0.5,572,0.32,486,0.18,1
1,4,12986,0,0,666,0.42,420,0.58,1
1,5,13878,1,0,300,0.5,572,0.32,486,0.18,1
1,6,1974,0,0,300,0.5,1700,0.5,1
1,7,4596,2,10,5,0,500,0.6,1000,0.2,1400,0.2,1
1,8,13976,0,0,300,0.5,1700,0.5,1
1,9,6093,2,10,5,0,300,0.5,1700,0.5,1
1,10,8798,2,10,5,0,666,0.42,420,0.58,1
1,11,1809,1,0,666,0.42,420,0.58,1
2,0,4021,0,0,500,0.6,1000,0.2,1400,0.2,1
2,1,7511,2,10,5,0,666,0.42,420,0.58,1
2,2,12072,0,0,500,0.6,1000,0.2,1400,0.2,1
2,3,4033,1,0,300,0.5,572,0.32,486,0.18,1
2,4,4613,1,0,500,0.6,1000,0.2,1400,0.2,1
2,5,2231,0,0,300,0.5,1700,0.5,1
2,6,695,2,10,5,0,666,0.42,420,0.58,1
2,7,12427,0,0,500,0.6,1000,0.2,1400,0.2,1
2,8,3983,2,10,5,0,300,0.5,1700,0.5,1
2,9,12976,1,0,300,0.5,1700,0.5,1
2,10,5319,2,10,5,0,300,0.5,572,0.32,486,0.18,1
2,11,1373,0,0,300,0.5,1700,0.5,1
3,0,4468,1,0,666,0.42,420,0.58,1
3,1,11622,1,0,500,0.6,1000,0.2,1400,0.2,1
3,2,12537,0,0,666,0.42,420,0.58,1
3,3,9486,1,0,300,0.5,572,0.32,486,0.18,1
3,4,3316,1,0,300,0.5,1700,0.5,1
3,5,11741,2,10,5,0,666,0.42,420,0.58,1
3,6,11606,1,0,300,0.5,572,0.32,486,0.18,1
3,7,10083,1,0,666,0.42,420,0.58,1
3,8,7403,0,0,666,0.42,420,0.58,1
3,9,4015,2,10,5,0,500,0.6,1000,0.2,1400,0.2,1
3,10,56,2,10,5,0,666,0.42,420,0.58,1
3,11,2808,2,10,5,0,300,0.5,572,0.32,486,0.18,1
4,0,9940,2,10,5,0,500,0.6,1000,0.2,1400,0.2,1
4,1,9579,1,0,666,0.42,420,0.58,1
4,2,9374,2,10,5,0,300,0.5,572,0.32,486,0.18,1
4,3,2356,2,10,5,0,300,0.5,1700,0.5,1
4,4,9579,1,0,666,0.42,420,0.58,1
4,5,5205,2,10,5,0,666,0.42,420,0.58,1
4,6,7210,0,0,300,0.5,572,0.32,486,0.18,1
4,7,7103,2,10,5,0,500,0.6,1000,0.2,1400,0.2,1
4,8,30,2,10,5,0,300,0.5,572,0.32,486,0.18,1
4,9,12214,0,0,666,0.42,420,0.58,1
4,10,10597,1,0,300,0.5,1700,0.5,1
4,11,9267,2,10,5,0,300,0.5,1700,0.5,1
5,0,1898,0,0,500,0.6,1000,0.2,1400,0.2,1
5,1,10896,2,10,5,0,666,0.42,420,0.58,1
5,2,11782,1,0,666,0.42,420,0.58,1
5,3,9213,2,10,5,0,300,0.5,1700,0.5,1
5,4,7085,1,0,666,0.42,420,0.58,1
5,5,5002,0,0,300,0.5,572,0.32,486,0.18,1
5,6,4758,1,0,500,0.6,1000,0.2,1400,0.2,1
5,7,7014,0,0,300,0.5,1700,0.5,1
5,8,10489,0,0,500,0.6,1000,0.2,1400,0.2,1
5,9,9073,2,10,5,0,500,0.6,1000,0.2,1400,0.2,1
5,10,9438,1,0,300,0.5,1700,0.5,1
5,11,1436,0,0,666,0.42,420,0.58,1
6,0,6911,2,10,5,0,500,0.6,1000,0.2,1400,0.2,1
6,1,11037,0,0,666,0.42,420,0.58,1
6,2,1456,2,10,5,0,500,0.6,1000,0.2,1400,0.2,1
6,3,14753,2,10,5,0,500,0.6,1000,0.2,1400,0.2,1
6,4,12105,2,10,5,0,300,0.5,572,0.32,486,0.18,1
6,5,1001,2,10,5,0,300,0.5,1700,0.5,1
6,6,6751,0,0,500,0.6,1000,0.2,1400,0.2,1
6,7,12859,1,0,300,0.5,1700,0.5,1
6,8,7884,0,0,300,0.5,1700,0.5,1
6,9,9126,2,10,5,0,666,0.42,420,0.58,1
6,10,10121,2,10,5,0,666,0.42,420,0.58,1
6,11,12531,0,0,300,0.5,1700,0.5,1
7,0,1217,0,0,500,0.6,1000,0.2,1400,0.2,1
7,1,10678,2,10,5,0,300,0.5,572,0.32,486,0.18,1
7,2,11866,2,10,5,0,666,0.42,420,0.58,1
7,3,4450,1,0,300,0.5,1700,0.5,1
7,4,3631,0,0,666,0.42,420,0.58,1
7,5,9518,0,0,666,0.42,420,0.58,1
7,6,2036,1,0,300,0.5,572,0.32,486,0.18,1
7,7,2256,1,0,300,0.5,572,0.32,486,0.18,1
7,8,6758,1,0,300,0.5,1700,0.5,1
7,9,3673,0,0,300,0.5,1700,0.5,1
7,10,306,0,0,300,0.5,1700,0.5,1
7,11,532,2,10,5,0,300,0.5,1700,0.5,1
8,0,10521,2,10,5,0,500,0.6,1000,0.2,1400,0.2,1
8,1,14006,2,10,5,0,300,0.5,1700,0.5,1
8,2,10167,0,0,500,0.6,1000,0.2,1400,0.2,1
8,3,1502,1,0,500,0.6,1000,0.2,1400,0.2,1
8,4,2612,2,10,5,0,300,0.5,572,0.32,486,0.18,1
8,5,3667,2,10,5,0,666,0.42,420,0.58,1
8,6,12947,1,0,500,0.6,1000,0.2,1400,0.2,1
8,7,3373,2,10,5,0,300,0.5,1700,0.5,1
8,8,12999,0,0,300,0.5,1700,0.5,1
8,9,12548,0,0,300,0.5,1700,0.5,1
8,10,5909,1,0,666,0.42,420,0.58,1
8,11,381,2,10,5,0,666,0.42,420,0.58,1
9,0,1914,0,0,666,0.42,420,0.58,1
9,1,8193,1,0,300,0.5,1700,0.5,1
9,2,2581,1,0,666,0.42,420,0.58,1
9,3,6231,1,0,300,0.5,572,0.32,486,0.18,1
9,4,13034,2,10,5,0,666,0.42,420,0.58,1
9,5,1652,0,0,300,0.5,572,0.32,486,0.18,1
9,6,13602,1,0,500,0.6,1000,0.2,1400,0.2,1
9,7,8009,2,10,5,0,300,0.5,1700,0.5,1
9,8,11513,2,10,5,0,300,0.5,572,0.32,486,0.18,1
9,9,398,0,0,300,0.5,572,0.32,486,0.18,1
9,10,4382,0,0,300,0.5,1700,0.5,1
9,11,12272,1,0,300,0.5,1700,0.5,1
10,0,12520,0,0,666,0.42,420,0.58,1
10,1,13492,1,0,666,0.42,420,0.58,1
10,2,979,1,0,300,0.5,1700,0.5,1
10,3,6945,0,0,300,0.5,1700,0.5,1
10,4,7504,0,0,300,0.5,572,0.32,486,0.18,1
10,5,6644,2,10,5,0,300,0.5,1700,0.5,1
10,6,1061,1,0,500,0.6,1000,0.2,1400,0.2,1
10,7,10247,0,0,300,0.5,1700,0.5,1
10,8,894,0,0,300,0.5,1700,0.5,1
10,9,10664,0,0,500,0.6,1000,0.2,1400,0.2,1
10,10,12179,0,0,300,0.5,572,0.32,486,0.18,1
10,11,13300,2,10,5,0,500,0.6,1000,0.2,1400,0.2,1
11,0,9130,2,10,5,0,666,0.42,420,0.58,1
11,1,10603,0,0,300,0.5,1700,0.5,1
11,2,3818,0,0,300,0.5,572,0.32,486,0.18,1
11,3,5446,1,0,666,0.42,420,0.58,1
11,4,12179,1,0,500,0.6,1000,0.2,1400,0.2,1
11,5,4602,1,0,666,0.42,420,0.58,1
11,6,6839,1,0,300,0.5,1700,0.5,1
11,7,10773,0,0,500,0.6,1000,0.2,1400,0.2,1
11,8,6346,1,0,300,0.5,572,0.32,486,0.18,1
11,9,7885,0,0,300,0.5,1700,0.5,1
11,10,4427,2,10,5,0,300,0.5,1700,0.5,1
11,11,13878,1,0,666,0.42,420,0.58,1
