0,0,4792,0,0,300,0.5,1700,0.5,1
0,1,1147,0,0,666,0.42,420,0.58,1
0,2,11444,2,10,5,0,300,0.5,1700,0.5,1
0,3,751,1,0,300,0.5,1700,0.5,1
0,4,10992,1,0,300,0.5,1700,0.5,1
0,5,1923,2,10,5,0,300,0.5,572,0.32,486,0.18,1
0,6,1508,2,10,5,0,300,0.5,572,0.32,486,0.18,1
0,7,1436,0,0,300,0.5,572,0.32,486,0.18,1
0,8,13583,2,10,5,0,300,0.5,572,0.32,486,0.18,1
0,9,4373,2,10,5,0,500,0.6,1000,0.2,1400,0.2,1
0,10,3890,2,10,5,0,300,0.5,1700,0.5,1
0,11,8108,1,0,300,0.5,1700,0.5,1
1,0,9611,2,10,5,0,300,0.5,1700,0.5,1
1,1,12146,2,10,5,0,500,0.6,1000,0.2,1400,0.2,1
1,2,1255,2,10,5,0,500,0.6,1000,0.2,1400,0.2,0
1,3,12059,1,0,500,0.6,1000,0.2,1400,0.2,1
1,4,5414,1,0,300,0.5,572,0.32,486,0.18,1
1,5,9981,2,10,5,0,500,0.6,1000,0.2,1400,0.2,1
1,6,6545,0,0,300,0.5,572,0.32,486,0.18,1
1,7,8755,2,10,5,0,300,0.5,572,0.32,486,0.18,1
1,8,4938,1,0,500,0.6,1000,0.2,1400,0.2,1
1,9,2056,1,0,300,0.5,572,0.32,486,0.18,1
1,10,7834,2,10,5,0,300,0.5,572,0.32,486,0.18,1
1,11,7417,0,0,300,0.5,572,0.32,486,0.18,1
2,0,203,2,10,5,0,300,0.5,572,0.32,486,0.18,1
2,1,3390,0,0,300,0.5,572,0.32,486,0.18,1
2,2,3028,1,0,666,0.42,420,0.58,1
2,3,7773,0,0,300,0.5,1700,0.5,1
2,4,3472,1,0,666,0.42,420,0.58,1
2,5,9265,2,10,5,0,300,0.5,1700,0.5,1
2,6,8528,0,0,300,0.5,1700,0.5,1
2,7,10468,2,10,5,0,300,0.5,1700,0.5,1
2,8,14343,1,0,300,0.5,572,0.32,486,0.18,1
2,9,10668,2,10,5,0,300,0.5,1700,0.5,1
2,10,7756,2,10,5,0,300,0.5,1700,0.5,1
2,11,8609,2,10,5,0,300,0.5,1700,0.5,1
3,0,5035,2,10,5,0,666,0.42,420,0.58,1
3,1,4033,1,0,300,0.5,1700,0.5,1
3,2,12723,1,0,666,0.42,420,0.58,1
3,3,7463,1,0,500,0.6,1000,0.2,1400,0.2,1
3,4,1009,0,0,300,0.5,1700,0.5,1
3,5,9871,2,10,5,0,300,0.5,1700,0.5,1
3,6,14891,1,0,300,0.5,572,0.32,486,0.18,1
3,7,12367,1,0,500,0.6,1000,0.2,1400,0.2,1
3,8,2669,0,0,500,0.6,1000,0.2,1400,0.2,1
3,9,14801,2,10,5,0,666,0.42,420,0.58,1
3,10,12565,0,0,300,0.5,572,0.32,486,0.18,1
3,11,3123,1,0,500,0.6,1000,0.2,1400,0.2,1
4,0,4831,1,0,300,0.5,1700,0.5,1
4,1,4827,2,10,5,0,300,0.5,1700,0.5,1
4,2,4336,0,0,300,0.5,572,0.32,486,0.18,1
4,3,11046,1,0,300,0.5,1700,0.5,1
4,4,14964,2,10,5,0,500,0.6,1000,0.2,1400,0.2,1
4,5,1482,2,10,5,0,300,0.5,1700,0.5,1
4,6,104,2,10,5,0,500,0.6,1000,0.2,1400,0.2,1
4,7,10475,1,0,300,0.5,572,0.32,486,0.18,1
4,8,14133,1,0,500,0.6,1000,0.2,1400,0.2,1
4,9,12310,1,0,300,0.5,572,0.32,486,0.18,1
4,10,14836,1,0,500,0.6,1000,0.2,1400,0.2,1
4,11,12868,2,10,5,0,300,0.5,572,0.32,486,0.18,1
5,0,11374,0,0,300,0.5,1700,0.5,1
5,1,8973,0,0,666,0.42,420,0.58,1
5,2,5294,2,10,5,0,300,0.5,572,0.32,486,0.18,1
5,3,2016,2,10,5,0,300,0.5,1700,0.5,1
5,4,1722,1,0,300,0.5,1700,0.5,1
5,5,5129,0,0,500,0.6,1000,0.2,1400,0.2,1
5,6,14534,1,0,500,0.6,1000,0.2,1400,0.2,1
5,7,7554,0,0,500,0.6,1000,0.2,1400,0.2,1
5,8,4139,1,0,300,0.5,1700,0.5,1
5,9,8793,1,0,300,0.5,572,0.32,486,0.18,1
5,10,10621,1,0,500,0.6,1000,0.2,1400,0.2,1
5,11,9584,2,10,5,0,300,0.5,1700,0.5,1
6,0,94,2,10,5,0,666,0.42,420,0.58,1
6,1,8851,2,10,5,0,300,0.5,572,0.32,486,0.18,1
6,2,2436,2,10,5,0,300,0.5,1700,0.5,1
6,3,3585,0,0,500,0.6,1000,0.2,1400,0.2,1
6,4,5540,2,10,5,0,666,0.42,420,0.58,1
6,5,14835,2,10,5,0,300,0.5,1700,0.5,1
6,6,9540,0,0,666,0.42,420,0.58,1
6,7,14082,0,0,300,0.5,572,0.32,486,0.18,1
6,8,3555,1,0,500,0.6,1000,0.2,1400,0.2,1
6,9,4690,1,0,300,0.5,1700,0.5,1
6,10,6746,0,0,300,0.5,1700,0.5,1
6,11,2047,0,0,500,0.6,1000,0.2,1400,0.2,1
7,0,14872,1,0,300,0.5,1700,0.5,1
7,1,965,0,0,666,0.42,420,0.58,1
7,2,7669,1,0,300,0.5,1700,0.5,1
7,3,6914,1,0,666,0.42,420,0.58,1
7,4,11924,0,0,300,0.5,572,0.32,486,0.18,1
7,5,7683,2,10,5,0,666,0.42,420,0.58,1
7,6,128,2,10,5,0,500,0.6,1000,0.2,1400,0.2,1
7,7,11371,0,0,300,0.5,1700,0.5,1
7,8,8481,0,0,300,0.5,572,0.32,486,0.18,1
7,9,6743,1,0,300,0.5,572,0.32,486,0.18,1
7,10,272,2,10,5,0,666,0.42,420,0.58,1
7,11,11882,2,10,5,0,666,0.42,420,0.58,1
8,0,5206,2,10,5,0,300,0.5,1700,0.5,1
8,1,12814,2,10,5,0,300,0.5,572,0.32,486,0.18,1
8,2,13500,0,0,666,0.42,420,0.58,1
8,3,3676,0,0,300,0.5,1700,0.5,1
8,4,1072,1,0,300,0.5,572,0.32,486,0.18,1
8,5,11925,2,10,5,0,666,0.42,420,0.58,1
8,6,7763,2,10,5,0,300,0.5,572,0.32,486,0.18,1
8,7,1785,0,0,300,0.5,572,0.32,486,0.18,1
8,8,11184,2,10,5,0,500,0.6,1000,0.2,1400,0.2,1
8,9,13398,1,0,666,0.42,420,0.58,1
8,10,4671,0,0,666,0.42,420,0.58,1
8,11,1670,1,0,666,0.42,420,0.58,1
9,0,11861,1,0,300,0.5,572,0.32,486,0.18,1
9,1,5754,1,0,300,0.5,572,0.32,486,0.18,1
9,2,13725,2,10,5,0,666,0.42,420,0.58,1
9,3,13732,2,10,5,0,300,0.5,572,0.32,486,0.18,1
9,4,4930,2,10,5,0,500,0.6,1000,0.2,1400,0.2,1
9,5,12302,2,10,5,0,666,0.42,420,0.58,1
9,6,461,0,0,500,0.6,1000,0.2,1400,0.2,1
9,7,14687,1,0,300,0.5,1700,0.5,1
9,8,8207,2,10,5,0,666,0.42,420,0.58,1
9,9,5386,2,10,5,0,500,0.6,1000,0.2,1400,0.2,1
9,10,6655,1,0,300,0.5,1700,0.5,1
9,11,7768,1,0,300,0.5,572,0.32,486,0.18,1
10,0,4005,2,10,5,0,500,0.6,1000,0.2,1400,0.2,1
10,1,13139,0,0,500,0.6,1000,0.2,1400,0.2,1
10,2,11433,0,0,300,0.5,572,0.32,486,0.18,1
10,3,4725,0,0,300,0.5,572,0.32,486,0.18,1
10,4,13036,2,10,5,0,666,0.42,420,0.58,1
10,5,9964,2,10,5,0,300,0.5,572,0.32,486,0.18,1
10,6,1286,0,0,500,0.6,1000,0.2,1400,0.2,1
10,7,3040,1,0,300,0.5,572,0.32,486,0.18,1
10,8,11071,0,0,666,0.42,420,0.58,1
10,9,7945,2,10,5,0,300,0.5,1700,0.5,1
10,10,14037,0,0,666,0.42,420,0.58,1
10,11,9740,1,0,666,0.42,420,0.58,1
11,0,1820,2,10,5,0,500,0.6,1000,0.2,1400,0.2,1
11,1,13273,1,0,500,0.6,1000,0.2,1400,0.2,1
11,2,123,0,0,300,0.5,572,0.32,486,0.18,1
11,3,5827,2,10,5,0,300,0.5,1700,0.5,1
11,4,393,0,0,500,0.6,1000,0.2,1400,0.2,1
11,5,4359,2,10,5,0,500,0.6,1000,0.2,1400,0.2,1
11,6,9405,1,0,300,0.5,572,0.32,486,0.18,1
11,7,1591,2,10,5,0,300,0.5,1700,0.5,1
11,8,4265,2,10,5,0,300,0.5,1700,0.5,1
11,9,12519,0,0,300,0.5,1700,0.5,1
11,10,2926,0,0,300,0.5,572,0.32,486,0.18,1
11,11,2281,0,0,300,0.5,572,0.32,486,0.18,1
