0,0,9903,1,0,666,0.42,420,0.58,1
0,1,8289,0,0,300,0.5,1700,0.5,1
0,2,7094,1,0,300,0.5,1700,0.5,1
0,3,6671,2,10,5,0,666,0.42,420,0.58,1
0,4,785,2,10,5,0,666,0.42,420,0.58,1
0,5,14423,0,0,500,0.6,1000,0.2,1400,0.2,1
0,6,1454,0,0,300,0.5,572,0.32,486,0.18,1
0,7,11434,1,0,300,0.5,1700,0.5,1
0,8,2809,0,0,300,0.5,1700,0.5,1
0,9,2870,1,0,500,0.6,1000,0.2,1400,0.2,1
0,10,13156,1,0,500,0.6,1000,0.2,1400,0.2,1
0,11,6231,0,0,500,0.6,1000,0.2,1400,0.2,1
1,0,7539,2,10,5,0,300,0.5,1700,0.5,1
1,1,2851,1,0,300,0.5,572,0.32,486,0.18,1
1,2,12099,0,0,300,0.5,1700,0.5,0
1,3,4891,0,0,300,0.5,1700,0.5,1
1,4,5507,1,0,300,0.5,1700,0.5,1
1,5,733,1,0,666,0.42,420,0.58,1
1,6,6766,0,0,300,0.5,572,0.32,486,0.18,1
1,7,4935,2,10,5,0,300,0.5,1700,0.5,1
1,8,1301,1,0,300,0.5,1700,0.5,1
1,9,7786,2,10,5,0,300,0.5,1700,0.5,1
1,10,804,0,0,300,0.5,572,0.32,486,0.18,1
1,11,2573,2,10,5,0,300,0.5,572,0.32,486,0.18,1
2,0,5251,2,10,5,0,300,0.5,572,0.32,486,0.18,1
2,1,11593,0,0,500,0.6,1000,0.2,1400,0.2,1
2,2,13681,2,10,5,0,300,0.5,1700,0.5,1
2,3,10979,0,0,666,0.42,420,0.58,1
2,4,5166,2,10,5,0,500,0.6,1000,0.2,1400,0.2,1
2,5,11725,0,0,666,0.42,420,0.58,1
2,6,11624,0,0,300,0.5,572,0.32,486,0.18,1
2,7,9166,2,10,5,0,666,0.42,420,0.58,1
2,8,9969,2,10,5,0,300,0.5,572,0.32,486,0.18,1
2,9,34,1,0,300,0.5,1700,0.5,1
2,10,12150,0,0,300,0.5,1700,0.5,1
2,11,2103,2,10,5,0,300,0.5,1700,0.5,1
3,0,12863,2,10,5,0,300,0.5,1700,0.5,1
3,1,13971,0,0,500,0.6,1000,0.2,1400,0.2,1
3,2,9834,0,0,300,0.5,1700,0.5,1
3,3,11553,1,0,666,0.42,420,0.58,1
3,4,10705,1,0,500,0.6,1000,0.2,1400,0.2,1
3,5,6826,1,0,666,0.42,420,0.58,1
3,6,2647,2,10,5,0,666,0.42,420,0.58,1
3,7,5583,2,10,5,0,300,0.5,572,0.32,486,0.18,1
3,8,10144,1,0,300,0.5,572,0.32,486,0.18,1
3,9,5121,1,0,300,0.5,1700,0.5,1
3,10,12107,1,0,300,0.5,572,0.32,486,0.18,1
3,11,3783,1,0,300,0.5,1700,0.5,1
4,0,12572,2,10,5,0,300,0.5,572,0.32,486,0.18,1
4,1,14439,0,0,300,0.5,572,0.32,486,0.18,1
4,2,6928,1,0,666,0.42,420,0.58,1
4,3,4991,1,0,500,0.6,1000,0.2,1400,0.2,1
4,4,1447,1,0,500,0.6,1000,0.2,1400,0.2,1
4,5,12866,1,0,300,0.5,572,0.32,486,0.18,1
4,6,12732,0,0,500,0.6,1000,0.2,1400,0.2,1
4,7,10735,2,10,5,0,666,0.42,420,0.58,1
4,8,1858,0,0,300,0.5,572,0.32,486,0.18,1
4,9,5462,2,10,5,0,500,0.6,1000,0.2,1400,0.2,1
4,10,5592,1,0,300,0.5,1700,0.5,1
4,11,2224,0,0,300,0.5,1700,0.5,1
5,0,14704,1,0,500,0.6,1000,0.2,1400,0.2,1
5,1,207,2,10,5,0,300,0.5,572,0.32,486,0.18,1
5,2,7671,0,0,666,0.42,420,0.58,1
5,3,14189,2,10,5,0,300,0.5,572,0.32,486,0.18,1
5,4,858,0,0,300,0.5,572,0.32,486,0.18,1
5,5,8453,2,10,5,0,666,0.42,420,0.58,1
5,6,6527,0,0,500,0.6,1000,0.2,1400,0.2,1
5,7,12799,2,10,5,0,500,0.6,1000,0.2,1400,0.2,1
5,8,12345,2,10,5,0,500,0.6,1000,0.2,1400,0.2,1
5,9,4489,1,0,300,0.5,1700,0.5,1
5,10,4335,1,0,500,0.6,1000,0.2,1400,0.2,1
5,11,10027,0,0,500,0.6,1000,0.2,1400,0.2,1
6,0,5123,2,10,5,0,666,0.42,420,0.58,1
6,1,5825,1,0,300,0.5,572,0.32,486,0.18,1
6,2,768,1,0,300,0.5,1700,0.5,1
6,3,7263,0,0,666,0.42,420,0.58,1
6,4,11516,2,10,5,0,300,0.5,572,0.32,486,0.18,1
6,5,5205,1,0,300,0.5,572,0.32,486,0.18,1
6,6,11052,1,0,666,0.42,420,0.58,1
6,7,4655,1,0,300,0.5,572,0.32,486,0.18,1
6,8,6855,0,0,300,0.5,1700,0.5,1
6,9,8312,0,0,300,0.5,1700,0.5,1
6,10,969,0,0,666,0.42,420,0.58,1
6,11,2394,2,10,5,0,666,0.42,420,0.58,1
7,0,4947,0,0,300,0.5,572,0.32,486,0.18,1
7,1,7153,1,0,300,0.5,1700,0.5,1
7,2,3367,0,0,300,0.5,1700,0.5,1
7,3,7499,2,10,5,0,300,0.5,1700,0.5,1
7,4,660,1,0,666,0.42,420,0.58,1
7,5,6720,0,0,300,0.5,1700,0.5,1
7,6,9637,0,0,500,0.6,1000,0.2,1400,0.2,1
7,7,546,2,10,5,0,300,0.5,572,0.32,486,0.18,1
7,8,13561,0,0,500,0.6,1000,0.2,1400,0.2,1
7,9,635,0,0,300,0.5,572,0.32,486,0.18,1
7,10,11643,2,10,5,0,300,0.5,572,0.32,486,0.18,1
7,11,5628,2,10,5,0,666,0.42,420,0.58,1
8,0,8437,2,10,5,0,666,0.42,420,0.58,1
8,1,13968,0,0,500,0.6,1000,0.2,1400,0.2,1
8,2,14779,2,10,5,0,300,0.5,572,0.32,486,0.18,1
8,3,9070,1,0,666,0.42,420,0.58,1
8,4,2699,2,10,5,0,500,0.6,1000,0.2,1400,0.2,1
8,5,2851,1,0,500,0.6,1000,0.2,1400,0.2,1
8,6,5679,0,0,500,0.6,1000,0.2,1400,0.2,1
8,7,887,0,0,300,0.5,1700,0.5,1
8,8,13263,0,0,300,0.5,572,0.32,486,0.18,1
8,9,8409,0,0,666,0.42,420,0.58,1
8,10,2446,1,0,666,0.42,420,0.58,1
8,11,2509,1,0,500,0.6,1000,0.2,1400,0.2,1
9,0,3823,2,10,5,0,500,0.6,1000,0.2,1400,0.2,1
9,1,4759,2,10,5,0,300,0.5,572,0.32,486,0.18,1
9,2,12602,2,10,5,0,300,0.5,572,0.32,486,0.18,1
9,3,12526,1,0,300,0.5,572,0.32,486,0.18,1
9,4,9611,0,0,300,0.5,1700,0.5,1
9,5,3234,0,0,300,0.5,1700,0.5,1
9,6,1231,2,10,5,0,500,0.6,1000,0.2,1400,0.2,1
9,7,4277,0,0,300,0.5,1700,0.5,1
9,8,12008,2,10,5,0,666,0.42,420,0.58,1
9,9,3738,0,0,666,0.42,420,0.58,1
9,10,2417,1,0,500,0.6,1000,0.2,1400,0.2,1
9,11,13331,1,0,500,0.6,1000,0.2,1400,0.2,1
10,0,6320,2,10,5,0,300,0.5,1700,0.5,1
10,1,10356,2,10,5,0,666,0.42,420,0.58,1
10,2,10426,0,0,500,0.6,1000,0.2,1400,0.2,1
10,3,12723,1,0,300,0.5,572,0.32,486,0.18,1
10,4,1924,0,0,500,0.6,1000,0.2,1400,0.2,1
10,5,9745,1,0,300,0.5,1700,0.5,1
10,6,7164,2,10,5,0,300,0.5,572,0.32,486,0.18,1
10,7,157,0,0,300,0.5,572,0.32,486,0.18,1
10,8,3787,0,0,300,0.5,572,0.32,486,0.18,1
10,9,12487,2,10,5,0,300,0.5,572,0.32,486,0.18,1
10,10,9042,1,0,300,0.5,572,0.32,486,0.18,1
10,11,4278,0,0,500,0.6,1000,0.2,1400,0.2,1
11,0,4925,1,0,300,0.5,572,0.32,486,0.18,1
11,1,4815,0,0,500,0.6,1000,0.2,1400,0.2,1
11,2,8537,1,0,300,0.5,1700,0.5,1
11,3,10337,2,10,5,0,300,0.5,572,0.32,486,0.18,1
11,4,698,2,10,5,0,300,0.5,572,0.32,486,0.18,1
11,5,2843,0,0,300,0.5,1700,0.5,1
11,6,3135,1,0,666,0.42,420,0.58,1
11,7,13994,1,0,300,0.5,1700,0.5,1
11,8,12337,1,0,300,0.5,572,0.32,486,0.18,1
11,9,7566,2,10,5,0,300,0.5,572,0.32,486,0.18,1
11,10,5464,1,0,500,0.6,1000,0.2,1400,0.2,1
11,11,10315,1,0,666,0.42,420,0.58,1
