0,0,9294,0,0,300,0.5,572,0.32,486,0.18,1
0,1,3043,2,10,5,0,300,0.5,1700,0.5,1
0,2,7121,0,0,300,0.5,1700,0.5,1
0,3,1755,1,0,666,0.42,420,0.58,1
0,4,14577,0,0,300,0.5,1700,0.5,1
0,5,8349,1,0,500,0.6,1000,0.2,1400,0.2,1
0,6,6814,2,10,5,0,500,0.6,1000,0.2,1400,0.2,1
0,7,2037,1,0,300,0.5,572,0.32,486,0.18,1
0,8,14952,1,0,300,0.5,1700,0.5,1
0,9,3755,0,0,666,0.42,420,0.58,1
0,10,184,1,0,300,0.5,1700,0.5,1
0,11,7924,2,10,5,0,666,0.42,420,0.58,1
1,0,143,0,0,300,0.5,1700,0.5,1
1,1,333,0,0,300,0.5,1700,0.5,1
1,2,3749,2,10,5,0,300,0.5,1700,0.5,0
1,3,11163,1,0,300,0.5,572,0.32,486,0.18,1
1,4,9118,2,10,5,0,666,0.42,420,0.58,1
1,5,9830,2,10,5,0,300,0.5,1700,0.5,1
1,6,8399,0,0,500,0.6,1000,0.2,1400,0.2,1
1,7,13996,0,0,666,0.42,420,0.58,1
1,8,3494,2,10,5,0,300,0.5,1700,0.5,1
1,9,12073,0,0,666,0.42,420,0.58,1
1,10,10698,0,0,666,0.42,420,0.58,1
1,11,236,0,0,300,0.5,572,0.32,486,0.18,1
2,0,9832,2,10,5,0,300,0.5,572,0.32,486,0.18,1
2,1,7746,1,0,666,0.42,420,0.58,1
2,2,5076,0,0,300,0.5,1700,0.5,1
2,3,8809,1,0,300,0.5,572,0.32,486,0.18,1
2,4,6359,2,10,5,0,300,0.5,1700,0.5,1
2,5,4601,0,0,666,0.42,420,0.58,1
2,6,4538,1,0,300,0.5,1700,0.5,1
2,7,8320,1,0,300,0.5,1700,0.5,1
2,8,3025,1,0,300,0.5,572,0.32,486,0.18,1
2,9,3571,2,10,5,0,300,0.5,1700,0.5,1
2,10,1521,1,0,300,0.5,1700,0.5,1
2,11,8542,0,0,666,0.42,420,0.58,1
3,0,10794,2,10,5,0,300,0.5,1700,0.5,1
3,1,3990,0,0,300,0.5,572,0.32,486,0.18,1
3,2,13152,1,0,300,0.5,572,0.32,486,0.18,1
3,3,3249,2,10,5,0,666,0.42,420,0.58,1
3,4,14168,0,0,300,0.5,1700,0.5,1
3,5,10200,1,0,500,0.6,1000,0.2,1400,0.2,1
3,6,8275,1,0,300,0.5,1700,0.5,1
3,7,13270,2,10,5,0,666,0.42,420,0.58,1
3,8,6558,1,0,500,0.6,1000,0.2,1400,0.2,1
3,9,7393,2,10,5,0,500,0.6,1000,0.2,1400,0.2,1
3,10,13642,2,10,5,0,500,0.6,1000,0.2,1400,0.2,1
3,11,9753,1,0,500,0.6,1000,0.2,1400,0.2,1
4,0,5745,1,0,500,0.6,1000,0.2,1400,0.2,1
4,1,8390,1,0,666,0.42,420,0.58,1
4,2,9316,2,10,5,0,300,0.5,572,0.32,486,0.18,1
4,3,9644,0,0,300,0.5,572,0.32,486,0.18,1
4,4,9235,0,0,300,0.5,1700,0.5,1
4,5,5499,1,0,300,0.5,1700,0.5,1
4,6,7530,2,10,5,0,500,0.6,1000,0.2,1400,0.2,1
4,7,3390,0,0,300,0.5,572,0.32,486,0.18,1
4,8,10019,1,0,300,0.5,1700,0.5,1
4,9,7304,1,0,500,0.6,1000,0.2,1400,0.2,1
4,10,721,0,0,300,0.5,572,0.32,486,0.18,1
4,11,6352,1,0,500,0.6,1000,0.2,1400,0.2,1
5,0,7212,0,0,300,0.5,572,0.32,486,0.18,1
5,1,557,0,0,666,0.42,420,0.58,1
5,2,7938,1,0,300,0.5,1700,0.5,1
5,3,1224,2,10,5,0,666,0.42,420,0.58,1
5,4,1563,2,10,5,0,500,0.6,1000,0.2,1400,0.2,1
5,5,9517,2,10,5,0,666,0.42,420,0.58,1
5,6,96,1,0,300,0.5,1700,0.5,1
5,7,11332,0,0,300,0.5,1700,0.5,1
5,8,14315,0,0,300,0.5,572,0.32,486,0.18,1
5,9,11849,2,10,5,0,666,0.42,420,0.58,1
5,10,14076,1,0,300,0.5,572,0.32,486,0.18,1
5,11,1891,2,10,5,0,300,0.5,1700,0.5,1
6,0,12516,1,0,300,0.5,572,0.32,486,0.18,1
6,1,8946,2,10,5,0,300,0.5,572,0.32,486,0.18,1
6,2,9142,0,0,666,0.42,420,0.58,1
6,3,1968,2,10,5,0,300,0.5,1700,0.5,1
6,4,8441,1,0,666,0.42,420,0.58,1
6,5,865,2,10,5,0,300,0.5,572,0.32,486,0.18,1
6,6,8119,1,0,666,0.42,420,0.58,1
6,7,5491,1,0,300,0.5,572,0.32,486,0.18,1
6,8,12328,1,0,500,0.6,1000,0.2,1400,0.2,1
6,9,13509,2,10,5,0,500,0.6,1000,0.2,1400,0.2,1
6,10,5924,0,0,666,0.42,420,0.58,1
6,11,10996,0,0,500,0.6,1000,0.2,1400,0.2,1
7,0,13119,0,0,666,0.42,420,0.58,1
7,1,11736,2,10,5,0,666,0.42,420,0.58,1
7,2,14680,0,0,666,0.42,420,0.58,1
7,3,8330,2,10,5,0,300,0.5,572,0.32,486,0.18,1
7,4,14428,0,0,500,0.6,1000,0.2,1400,0.2,1
7,5,6802,0,0,666,0.42,420,0.58,1
7,6,718,0,0,300,0.5,572,0.32,486,0.18,1
7,7,7273,2,10,5,0,300,0.5,572,0.32,486,0.18,1
7,8,9482,0,0,300,0.5,1700,0.5,1
7,9,6066,0,0,666,0.42,420,0.58,1
7,10,1725,1,0,666,0.42,420,0.58,1
7,11,8788,1,0,500,0.6,1000,0.2,1400,0.2,1
8,0,4587,0,0,666,0.42,420,0.58,1
8,1,6462,0,0,300,0.5,1700,0.5,1
8,2,4356,2,10,5,0,666,0.42,420,0.58,1
8,3,13760,1,0,300,0.5,572,0.32,486,0.18,1
8,4,9431,1,0,300,0.5,1700,0.5,1
8,5,14381,2,10,5,0,500,0.6,1000,0.2,1400,0.2,1
8,6,6971,1,0,500,0.6,1000,0.2,1400,0.2,1
8,7,1616,2,10,5,0,300,0.5,572,0.32,486,0.18,1
8,8,428,0,0,300,0.5,1700,0.5,1
8,9,3307,2,10,5,0,300,0.5,572,0.32,486,0.18,1
8,10,7080,2,10,5,0,300,0.5,572,0.32,486,0.18,1
8,11,1381,0,0,300,0.5,572,0.32,486,0.18,1
9,0,3178,1,0,300,0.5,572,0.32,486,0.18,1
9,1,6102,0,0,300,0.5,572,0.32,486,0.18,1
9,2,4317,0,0,300,0.5,1700,0.5,1
9,3,4057,2,10,5,0,666,0.42,420,0.58,1
9,4,9296,1,0,500,0.6,1000,0.2,1400,0.2,1
9,5,7289,2,10,5,0,300,0.5,1700,0.5,1
9,6,13128,1,0,300,0.5,1700,0.5,1
9,7,1394,0,0,666,0.42,420,0.58,1
9,8,10374,1,0,666,0.42,420,0.58,1
9,9,6609,0,0,300,0.5,572,0.32,486,0.18,1
9,10,12715,2,10,5,0,300,0.5,572,0.32,486,0.18,1
9,11,10967,0,0,300,0.5,572,0.32,486,0.18,1
10,0,12507,1,0,500,0.6,1000,0.2,1400,0.2,1
10,1,10430,0,0,300,0.5,1700,0.5,1
10,2,14379,1,0,300,0.5,572,0.32,486,0.18,1
10,3,10673,0,0,300,0.5,1700,0.5,1
10,4,3588,1,0,300,0.5,572,0.32,486,0.18,1
10,5,6843,0,0,300,0.5,572,0.32,486,0.18,1
10,6,12588,2,10,5,0,666,0.42,420,0.58,1
10,7,11488,1,0,666,0.42,420,0.58,1
10,8,4463,1,0,500,0.6,1000,0.2,1400,0.2,1
10,9,8010,1,0,666,0.42,420,0.58,1
10,10,7053,1,0,300,0.5,572,0.32,486,0.18,1
10,11,2654,0,0,500,0.6,1000,0.2,1400,0.2,1
11,0,7938,0,0,300,0.5,1700,0.5,1
11,1,8437,2,10,5,0,300,0.5,1700,0.5,1
11,2,12907,0,0,666,0.42,420,0.58,1
11,3,8794,2,10,5,0,300,0.5,1700,0.5,1
11,4,7512,1,0,666,0.42,420,0.58,1
11,5,14433,1,0,500,0.6,1000,0.2,1400,0.2,1
11,6,4729,1,0,500,0.6,1000,0.2,1400,0.2,1
11,7,8708,1,0,300,0.5,1700,0.5,1
11,8,4405,1,0,300,0.5,1700,0.5,1
11,9,2086,2,10,5,0,500,0.6,1000,0.2,1400,0.2,1
11,10,13149,2,10,5,0,500,0.6,1000,0.2,1400,0.2,1
11,11,4387,2,10,5,0,300,0.5,1700,0.5,1
