0,0,13769,1,0,666,0.42,420,0.58,1
0,1,12320,2,10,5,0,300,0.5,572,0.32,486,0.18,1
0,2,12062,1,0,300,0.5,572,0.32,486,0.18,1
0,3,2672,2,10,5,0,500,0.6,1000,0.2,1400,0.2,1
0,4,13343,2,10,5,0,500,0.6,1000,0.2,1400,0.2,1
0,5,13935,0,0,666,0.42,420,0.58,1
0,6,3280,0,0,666,0.42,420,0.58,1
0,7,10106,1,0,500,0.6,1000,0.2,1400,0.2,1
0,8,11475,1,0,300,0.5,572,0.32,486,0.18,1
0,9,5681,0,0,500,0.6,1000,0.2,1400,0.2,1
0,10,714,0,0,666,0.42,420,0.58,1
0,11,895,0,0,500,0.6,1000,0.2,1400,0.2,1
1,0,59,2,10,5,0,500,0.6,1000,0.2,1400,0.2,1
1,1,12949,2,10,5,0,300,0.5,572,0.32,486,0.18,1
1,2,11982,0,0,300,0.5,1700,0.5,0
1,3,7375,1,0,500,0.6,1000,0.2,1400,0.2,1
1,4,6813,2,10,5,0,500,0.6,1000,0.2,1400,0.2,1
1,5,10800,0,0,300,0.5,572,0.32,486,0.18,1
1,6,9674,0,0,666,0.42,420,0.58,1
1,7,7683,0,0,500,0.6,1000,0.2,1400,0.2,1
1,8,9038,2,10,5,0,500,0.6,1000,0.2,1400,0.2,1
1,9,7277,1,0,666,0.42,420,0.58,1
1,10,1060,1,0,666,0.42,420,0.58,1
1,11,1869,0,0,500,0.6,1000,0.2,1400,0.2,1
2,0,13843,0,0,300,0.5,572,0.32,486,0.18,1
2,1,1486,2,10,5,0,500,0.6,1000,0.2,1400,0.2,1
2,2,2292,0,0,666,0.42,420,0.58,1
2,3,7388,1,0,300,0.5,572,0.32,486,0.18,1
2,4,11147,1,0,300,0.5,1700,0.5,1
2,5,11768,2,10,5,0,666,0.42,420,0.58,1
2,6,4913,1,0,300,0.5,572,0.32,486,0.18,1
2,7,5210,1,0,300,0.5,572,0.32,486,0.18,1
2,8,6629,0,0,500,0.6,1000,0.2,1400,0.2,1
2,9,7299,1,0,666,0.42,420,0.58,1
2,10,7579,0,0,300,0.5,1700,0.5,1
2,11,4465,1,0,666,0.42,420,0.58,1
3,0,6644,2,10,5,0,300,0.5,1700,0.5,1
3,1,11641,0,0,300,0.5,572,0.32,486,0.18,1
3,2,9318,1,0,300,0.5,572,0.32,486,0.18,1
3,3,3976,0,0,300,0.5,1700,0.5,1
3,4,6602,0,0,500,0.6,1000,0.2,1400,0.2,1
3,5,5337,2,10,5,0,500,0.6,1000,0.2,1400,0.2,1
3,6,14290,1,0,300,0.5,1700,0.5,1
3,7,1671,2,10,5,0,666,0.42,420,0.58,1
3,8,2967,0,0,300,0.5,1700,0.5,1
3,9,3197,0,0,666,0.42,420,0.58,1
3,10,10642,0,0,300,0.5,1700,0.5,1
3,11,8111,2,10,5,0,300,0.5,1700,0.5,1
4,0,14177,0,0,300,0.5,572,0.32,486,0.18,1
4,1,9318,2,10,5,0,300,0.5,1700,0.5,1
4,2,12024,2,10,5,0,500,0.6,1000,0.2,1400,0.2,1
4,3,13686,1,0,666,0.42,420,0.58,1
4,4,14092,1,0,300,0.5,1700,0.5,1
4,5,8573,0,0,500,0.6,1000,0.2,1400,0.2,1
4,6,3671,2,10,5,0,300,0.5,1700,0.5,1
4,7,3989,2,10,5,0,666,0.42,420,0.58,1
4,8,3015,1,0,666,0.42,420,0.58,1
4,9,9138,0,0,666,0.42,420,0.58,1
4,10,3099,1,0,300,0.5,1700,0.5,1
4,11,9465,0,0,666,0.42,420,0.58,1
5,0,13932,1,0,666,0.42,420,0.58,1
5,1,14487,1,0,300,0.5,572,0.32,486,0.18,1
5,2,14196,2,10,5,0,300,0.5,1700,0.5,1
5,3,97,1,0,300,0.5,572,0.32,486,0.18,1
5,4,14401,0,0,500,0.6,1000,0.2,1400,0.2,1
5,5,4850,2,10,5,0,500,0.6,1000,0.2,1400,0.2,1
5,6,11906,2,10,5,0,500,0.6,1000,0.2,1400,0.2,1
5,7,9946,2,10,5,0,300,0.5,1700,0.5,1
5,8,1023,1,0,666,0.42,420,0.58,1
5,9,9508,1,0,300,0.5,572,0.32,486,0.18,1
5,10,8320,0,0,300,0.5,572,0.32,486,0.18,1
5,11,7923,1,0,666,0.42,420,0.58,1
6,0,6240,2,10,5,0,300,0.5,1700,0.5,1
6,1,10827,2,10,5,0,666,0.42,420,0.58,1
6,2,9693,0,0,666,0.42,420,0.58,1
6,3,7129,1,0,300,0.5,1700,0.5,1
6,4,7724,1,0,666,0.42,420,0.58,1
6,5,5580,2,10,5,0,500,0.6,1000,0.2,1400,0.2,1
6,6,12458,2,10,5,0,500,0.6,1000,0.2,1400,0.2,1
6,7,10412,0,0,300,0.5,1700,0.5,1
6,8,14399,0,0,300,0.5,572,0.32,486,0.18,1
6,9,9810,2,10,5,0,300,0.5,1700,0.5,1
6,10,9626,1,0,666,0.42,420,0.58,1
6,11,13843,2,10,5,0,500,0.6,1000,0.2,1400,0.2,1
7,0,14787,1,0,666,0.42,420,0.58,1
7,1,5540,1,0,500,0.6,1000,0.2,1400,0.2,1
7,2,14137,2,10,5,0,666,0.42,420,0.58,1
7,3,8730,2,10,5,0,500,0.6,1000,0.2,1400,0.2,1
7,4,7670,2,10,5,0,300,0.5,572,0.32,486,0.18,1
7,5,2089,0,0,666,0.42,420,0.58,1
7,6,8484,1,0,666,0.42,420,0.58,1
7,7,14038,2,10,5,0,300,0.5,1700,0.5,1
7,8,5794,0,0,500,0.6,1000,0.2,1400,0.2,1
7,9,14268,1,0,300,0.5,1700,0.5,1
7,10,3083,0,0,300,0.5,1700,0.5,1
7,11,10329,1,0,300,0.5,572,0.32,486,0.18,1
8,0,14955,2,10,5,0,300,0.5,1700,0.5,1
8,1,13991,0,0,500,0.6,1000,0.2,1400,0.2,1
8,2,11867,0,0,666,0.42,420,0.58,1
8,3,8259,0,0,300,0.5,572,0.32,486,0.18,1
8,4,2330,2,10,5,0,500,0.6,1000,0.2,1400,0.2,1
8,5,514,0,0,300,0.5,572,0.32,486,0.18,1
8,6,8404,1,0,300,0.5,572,0.32,486,0.18,1
8,7,12281,0,0,500,0.6,1000,0.2,1400,0.2,1
8,8,6505,0,0,500,0.6,1000,0.2,1400,0.2,1
8,9,1606,1,0,666,0.42,420,0.58,1
8,10,13232,2,10,5,0,500,0.6,1000,0.2,1400,0.2,1
8,11,14304,1,0,300,0.5,572,0.32,486,0.18,1
9,0,4261,0,0,300,0.5,572,0.32,486,0.18,1
9,1,3681,2,10,5,0,500,0.6,1000,0.2,1400,0.2,1
9,2,11537,2,10,5,0,500,0.6,1000,0.2,1400,0.2,1
9,3,2800,2,10,5,0,300,0.5,572,0.32,486,0.18,1
9,4,7814,0,0,300,0.5,572,0.32,486,0.18,1
9,5,12463,0,0,300,0.5,1700,0.5,1
9,6,2976,1,0,300,0.5,1700,0.5,1
9,7,808,0,0,300,0.5,572,0.32,486,0.18,1
9,8,10496,1,0,300,0.5,572,0.32,486,0.18,1
9,9,3184,2,10,5,0,300,0.5,1700,0.5,1
9,10,4885,1,0,300,0.5,572,0.32,486,0.18,1
9,11,12796,2,10,5,0,666,0.42,420,0.58,1
10,0,1699,0,0,300,0.5,1700,0.5,1
10,1,12767,0,0,300,0.5,1700,0.5,1
10,2,2147,0,0,666,0.42,420,0.58,1
10,3,9702,1,0,300,0.5,1700,0.5,1
10,4,11258,2,10,5,0,300,0.5,1700,0.5,1
10,5,5688,1,0,300,0.5,572,0.32,486,0.18,1
10,6,9314,2,10,5,0,300,0.5,572,0.32,486,0.18,1
10,7,6083,0,0,300,0.5,572,0.32,486,0.18,1
10,8,8537,2,10,5,0,666,0.42,420,0.58,1
10,9,6738,0,0,666,0.42,420,0.58,1
10,10,7696,0,0,300,0.5,572,0.32,486,0.18,1
10,11,10672,1,0,500,0.6,1000,0.2,1400,0.2,1
11,0,7095,0,0,300,0.5,572,0.32,486,0.18,1
11,1,7448,1,0,300,0.5,572,0.32,486,0.18,1
11,2,7000,1,0,500,0.6,1000,0.2,1400,0.2,1
11,3,2606,2,10,5,0,300,0.5,1700,0.5,1
11,4,12450,2,10,5,0,300,0.5,572,0.32,486,0.18,1
11,5,4383,0,0,300,0.5,572,0.32,486,0.18,1
11,6,1805,1,0,300,0.5,572,0.32,486,0.18,1
11,7,7354,0,0,666,0.42,420,0.58,1
11,8,1538,2,10,5,0,300,0.5,1700,0.5,1
11,9,7882,0,0,300,0.5,1700,0.5,1
11,10,4355,2,10,5,0,500,0.6,1000,0.2,1400,0.2,1
11,11,11498,2,10,5,0,300,0.5,572,0.32,486,0.18,1
