0,0,10058,0,0,666,0.42,420,0.58,1
0,1,10359,1,0,666,0.42,420,0.58,1
0,2,14369,0,0,300,0.5,1700,0.5,1
0,3,9703,1,0,300,0.5,1700,0.5,1
0,4,3993,1,0,300,0.5,1700,0.5,1
0,5,9949,1,0,500,0.6,1000,0.2,1400,0.2,1
0,6,9827,1,0,500,0.6,1000,0.2,1400,0.2,1
0,7,12082,2,10,5,0,666,0.42,420,0.58,1
0,8,8057,0,0,300,0.5,572,0.32,486,0.18,1
0,9,6269,1,0,300,0.5,572,0.32,486,0.18,1
0,10,9404,0,0,500,0.6,1000,0.2,1400,0.2,1
0,11,9877,1,0,666,0.42,420,0.58,1
1,0,3448,1,0,500,0.6,1000,0.2,1400,0.2,1
1,1,8425,0,0,666,0.42,420,0.58,1
1,2,12710,0,0,666,0.42,420,0.58,0
1,3,3179,0,0,300,0.5,572,0.32,486,0.18,1
1,4,4974,1,0,300,0.5,572,0.32,486,0.18,1
1,5,12912,2,10,5,0,666,0.42,420,0.58,1
1,6,2694,1,0,500,0.6,1000,0.2,1400,0.2,1
1,7,7974,1,0,300,0.5,572,0.32,486,0.18,1
1,8,2339,2,10,5,0,300,0.5,572,0.32,486,0.18,1
1,9,12841,0,0,500,0.6,1000,0.2,1400,0.2,1
1,10,12572,2,10,5,0,300,0.5,1700,0.5,1
1,11,5209,1,0,300,0.5,1700,0.5,1
2,0,13246,0,0,666,0.42,420,0.58,1
2,1,183,1,0,500,0.6,1000,0.2,1400,0.2,1
2,2,2163,0,0,300,0.5,1700,0.5,1
2,3,11479,2,10,5,0,300,0.5,1700,0.5,1
2,4,7090,2,10,5,0,300,0.5,572,0.32,486,0.18,1
2,5,8683,0,0,500,0.6,1000,0.2,1400,0.2,1
2,6,2683,0,0,300,0.5,572,0.32,486,0.18,1
2,7,6468,0,0,300,0.5,1700,0.5,1
2,8,3351,0,0,300,0.5,572,0.32,486,0.18,1
2,9,11350,2,10,5,0,300,0.5,1700,0.5,1
2,10,8927,0,0,500,0.6,1000,0.2,1400,0.2,1
2,11,4463,1,0,300,0.5,1700,0.5,1
3,0,5596,0,0,300,0.5,1700,0.5,1
3,1,9162,0,0,500,0.6,1000,0.2,1400,0.2,1
3,2,4299,2,10,5,0,300,0.5,572,0.32,486,0.18,1
3,3,3641,0,0,666,0.42,420,0.58,1
3,4,7330,0,0,666,0.42,420,0.58,1
3,5,435,2,10,5,0,666,0.42,420,0.58,1
3,6,14394,1,0,300,0.5,1700,0.5,1
3,7,640,1,0,500,0.6,1000,0.2,1400,0.2,1
3,8,6757,2,10,5,0,300,0.5,1700,0.5,1
3,9,6340,0,0,300,0.5,1700,0.5,1
3,10,13285,1,0,300,0.5,1700,0.5,1
3,11,7736,2,10,5,0,666,0.42,420,0.58,1
4,0,10768,0,0,666,0.42,420,0.58,1
4,1,9393,2,10,5,0,666,0.42,420,0.58,1
4,2,7568,0,0,666,0.42,420,0.58,1
4,3,13307,0,0,300,0.5,572,0.32,486,0.18,1
4,4,3948,0,0,500,0.6,1000,0.2,1400,0.2,1
4,5,3198,0,0,300,0.5,1700,0.5,1
4,6,4955,1,0,500,0.6,1000,0.2,1400,0.2,1
4,7,7547,1,0,500,0.6,1000,0.2,1400,0.2,1
4,8,5409,1,0,666,0.42,420,0.58,1
4,9,12748,0,0,300,0.5,1700,0.5,1
4,10,2487,2,10,5,0,500,0.6,1000,0.2,1400,0.2,1
4,11,3654,0,0,300,0.5,1700,0.5,1
5,0,8453,1,0,500,0.6,1000,0.2,1400,0.2,1
5,1,3333,1,0,666,0.42,420,0.58,1
5,2,1722,2,10,5,0,300,0.5,1700,0.5,1
5,3,12069,2,10,5,0,300,0.5,572,0.32,486,0.18,1
5,4,690,2,10,5,0,300,0.5,1700,0.5,1
5,5,1953,0,0,666,0.42,420,0.58,1
5,6,14992,2,10,5,0,300,0.5,572,0.32,486,0.18,1
5,7,5841,0,0,666,0.42,420,0.58,1
5,8,6709,1,0,300,0.5,1700,0.5,1
5,9,11972,2,10,5,0,300,0.5,1700,0.5,1
5,10,11163,2,10,5,0,300,0.5,1700,0.5,1
5,11,3352,0,0,666,0.42,420,0.58,1
6,0,1553,2,10,5,0,300,0.5,1700,0.5,1
6,1,9930,1,0,300,0.5,572,0.32,486,0.18,1
6,2,12234,1,0,666,0.42,420,0.58,1
6,3,11819,1,0,666,0.42,420,0.58,1
6,4,1805,1,0,666,0.42,420,0.58,1
6,5,14830,0,0,300,0.5,572,0.32,486,0.18,1
6,6,5379,0,0,300,0.5,572,0.32,486,0.18,1
6,7,13140,2,10,5,0,666,0.42,420,0.58,1
6,8,6020,2,10,5,0,500,0.6,1000,0.2,1400,0.2,1
6,9,5757,1,0,300,0.5,572,0.32,486,0.18,1
6,10,8570,2,10,5,0,300,0.5,1700,0.5,1
6,11,6263,2,10,5,0,300,0.5,1700,0.5,1
7,0,13481,1,0,500,0.6,1000,0.2,1400,0.2,1
7,1,12063,0,0,500,0.6,1000,0.2,1400,0.2,1
7,2,5358,1,0,666,0.42,420,0.58,1
7,3,12971,2,10,5,0,666,0.42,420,0.58,1
7,4,7590,0,0,300,0.5,572,0.32,486,0.18,1
7,5,4870,2,10,5,0,666,0.42,420,0.58,1
7,6,14708,1,0,300,0.5,572,0.32,486,0.18,1
7,7,1360,2,10,5,0,500,0.6,1000,0.2,1400,0.2,1
7,8,7798,1,0,500,0.6,1000,0.2,1400,0.2,1
7,9,4944,0,0,300,0.5,572,0.32,486,0.18,1
7,10,10452,1,0,300,0.5,1700,0.5,1
7,11,13036,0,0,300,0.5,572,0.32,486,0.18,1
8,0,869,1,0,666,0.42,420,0.58,1
8,1,5329,0,0,666,0.42,420,0.58,1
8,2,10762,0,0,666,0.42,420,0.58,1
8,3,4515,0,0,300,0.5,572,0.32,486,0.18,1
8,4,10996,1,0,300,0.5,1700,0.5,1
8,5,4703,1,0,300,0.5,572,0.32,486,0.18,1
8,6,9682,1,0,500,0.6,1000,0.2,1400,0.2,1
8,7,5639,1,0,666,0.42,420,0.58,1
8,8,5820,0,0,300,0.5,572,0.32,486,0.18,1
8,9,10935,0,0,666,0.42,420,0.58,1
8,10,1012,2,10,5,0,300,0.5,572,0.32,486,0.18,1
8,11,2457,2,10,5,0,300,0.5,1700,0.5,1
9,0,10652,2,10,5,0,666,0.42,420,0.58,1
9,1,11133,2,10,5,0,300,0.5,1700,0.5,1
9,2,8306,0,0,300,0.5,572,0.32,486,0.18,1
9,3,3138,2,10,5,0,666,0.42,420,0.58,1
9,4,9337,2,10,5,0,666,0.42,420,0.58,1
9,5,3663,0,0,666,0.42,420,0.58,1
9,6,2078,2,10,5,0,666,0.42,420,0.58,1
9,7,6043,0,0,666,0.42,420,0.58,1
9,8,14705,0,0,666,0.42,420,0.58,1
9,9,1995,1,0,666,0.42,420,0.58,1
9,10,9320,0,0,300,0.5,572,0.32,486,0.18,1
9,11,2642,0,0,500,0.6,1000,0.2,1400,0.2,1
10,0,4721,1,0,300,0.5,572,0.32,486,0.18,1
10,1,6735,1,0,300,0.5,572,0.32,486,0.18,1
10,2,2924,2,10,5,0,666,0.42,420,0.58,1
10,3,111,1,0,300,0.5,1700,0.5,1
10,4,10300,0,0,500,0.6,1000,0.2,1400,0.2,1
10,5,1428,2,10,5,0,500,0.6,1000,0.2,1400,0.2,1
10,6,7769,2,10,5,0,500,0.6,1000,0.2,1400,0.2,1
10,7,6771,0,0,666,0.42,420,0.58,1
10,8,8618,0,0,666,0.42,420,0.58,1
10,9,3483,2,10,5,0,300,0.5,572,0.32,486,0.18,1
10,10,7345,2,10,5,0,666,0.42,420,0.58,1
10,11,5500,1,0,666,0.42,420,0.58,1
11,0,10955,1,0,666,0.42,420,0.58,1
11,1,4526,2,10,5,0,300,0.5,1700,0.5,1
11,2,14665,1,0,500,0.6,1000,0.2,1400,0.2,1
11,3,12835,2,10,5,0,666,0.42,420,0.58,1
11,4,5462,2,10,5,0,666,0.42,420,0.58,1
11,5,8168,2,10,5,0,666,0.42,420,0.58,1
11,6,5279,1,0,300,0.5,572,0.32,486,0.18,1
11,7,14550,0,0,300,0.5,572,0.32,486,0.18,1
11,8,11250,1,0,300,0.5,1700,0.5,1
11,9,7397,0,0,300,0.5,572,0.32,486,0.18,1
11,10,13813,2,10,5,0,666,0.42,420,0.58,1
11,11,14677,0,0,300,0.5,572,0.32,486,0.18,1
