0,0,5615,2,10,5,0,300,0.5,1700,0.5,1
0,1,2174,2,10,5,0,500,0.6,1000,0.2,1400,0.2,1
0,2,3005,1,0,500,0.6,1000,0.2,1400,0.2,1
0,3,14710,2,10,5,0,500,0.6,1000,0.2,1400,0.2,1
0,4,14688,1,0,300,0.5,1700,0.5,1
0,5,4484,0,0,666,0.42,420,0.58,1
0,6,1208,1,0,666,0.42,420,0.58,1
0,7,13110,1,0,300,0.5,572,0.32,486,0.18,1
0,8,6629,2,10,5,0,300,0.5,572,0.32,486,0.18,1
0,9,4653,1,0,300,0.5,572,0.32,486,0.18,1
0,10,6643,0,0,300,0.5,1700,0.5,1
0,11,11540,2,10,5,0,300,0.5,1700,0.5,1
1,0,9770,0,0,300,0.5,1700,0.5,1
1,1,9366,0,0,666,0.42,420,0.58,1
1,2,2267,2,10,5,0,300,0.5,572,0.32,486,0.18,0
1,3,12332,2,10,5,0,666,0.42,420,0.58,1
1,4,12393,2,10,5,0,500,0.6,1000,0.2,1400,0.2,1
1,5,1737,1,0,300,0.5,572,0.32,486,0.18,1
1,6,808,2,10,5,0,500,0.6,1000,0.2,1400,0.2,1
1,7,7604,1,0,300,0.5,572,0.32,486,0.18,1
1,8,11437,0,0,300,0.5,1700,0.5,1
1,9,2402,1,0,666,0.42,420,0.58,1
1,10,11760,1,0,300,0.5,1700,0.5,1
1,11,8321,0,0,300,0.5,1700,0.5,1
2,0,3152,0,0,300,0.5,572,0.32,486,0.18,1
2,1,10402,2,10,5,0,500,0.6,1000,0.2,1400,0.2,1
2,2,7075,0,0,300,0.5,572,0.32,486,0.18,1
2,3,271,0,0,666,0.42,420,0.58,1
2,4,9725,1,0,666,0.42,420,0.58,1
2,5,10094,2,10,5,0,300,0.5,1700,0.5,1
2,6,13681,0,0,300,0.5,1700,0.5,1
2,7,12390,1,0,500,0.6,1000,0.2,1400,0.2,1
2,8,740,0,0,500,0.6,1000,0.2,1400,0.2,1
2,9,1929,0,0,300,0.5,1700,0.5,1
2,10,135,2,10,5,0,666,0.42,420,0.58,1
2,11,10184,0,0,300,0.5,572,0.32,486,0.18,1
3,0,3108,2,10,5,0,666,0.42,420,0.58,1
3,1,12022,0,0,500,0.6,1000,0.2,1400,0.2,1
3,2,1688,2,10,5,0,300,0.5,1700,0.5,1
3,3,115,1,0,666,0.42,420,0.58,1
3,4,534,1,0,500,0.6,1000,0.2,1400,0.2,1
3,5,11795,1,0,666,0.42,420,0.58,1
3,6,14666,1,0,500,0.6,1000,0.2,1400,0.2,1
3,7,14420,2,10,5,0,666,0.42,420,0.58,1
3,8,11998,0,0,666,0.42,420,0.58,1
3,9,1366,1,0,300,0.5,572,0.32,486,0.18,1
3,10,4577,1,0,500,0.6,1000,0.2,1400,0.2,1
3,11,9585,0,0,300,0.5,1700,0.5,1
4,0,9671,0,0,300,0.5,1700,0.5,1
4,1,986,2,10,5,0,666,0.42,420,0.58,1
4,2,4805,1,0,500,0.6,1000,0.2,1400,0.2,1
4,3,9491,0,0,300,0.5,1700,0.5,1
4,4,7759,1,0,666,0.42,420,0.58,1
4,5,14672,2,10,5,0,500,0.6,1000,0.2,1400,0.2,1
4,6,10741,1,0,500,0.6,1000,0.2,1400,0.2,1
4,7,5990,2,10,5,0,500,0.6,1000,0.2,1400,0.2,1
4,8,2313,1,0,300,0.5,1700,0.5,1
4,9,10117,1,0,300,0.5,1700,0.5,1
4,10,2139,0,0,300,0.5,572,0.32,486,0.18,1
4,11,12910,0,0,500,0.6,1000,0.2,1400,0.2,1
5,0,9036,2,10,5,0,300,0.5,572,0.32,486,0.18,1
5,1,7808,1,0,666,0.42,420,0.58,1
5,2,5535,1,0,300,0.5,1700,0.5,1
5,3,14002,0,0,300,0.5,572,0.32,486,0.18,1
5,4,4654,0,0,300,0.5,1700,0.5,1
5,5,5603,1,0,666,0.42,420,0.58,1
5,6,5060,0,0,300,0.5,572,0.32,486,0.18,1
5,7,1739,1,0,300,0.5,1700,0.5,1
5,8,2912,0,0,300,0.5,572,0.32,486,0.18,1
5,9,10759,0,0,500,0.6,1000,0.2,1400,0.2,1
5,10,3534,0,0,300,0.5,572,0.32,486,0.18,1
5,11,9861,2,10,5,0,666,0.42,420,0.58,1
6,0,6049,0,0,666,0.42,420,0.58,1
6,1,13750,0,0,666,0.42,420,0.58,1
6,2,6453,2,10,5,0,500,0.6,1000,0.2,1400,0.2,1
6,3,7475,1,0,300,0.5,572,0.32,486,0.18,1
6,4,10715,0,0,300,0.5,572,0.32,486,0.18,1
6,5,3663,1,0,666,0.42,420,0.58,1
6,6,10784,1,0,300,0.5,1700,0.5,1
6,7,4145,2,10,5,0,300,0.5,572,0.32,486,0.18,1
6,8,12585,2,10,5,0,300,0.5,572,0.32,486,0.18,1
6,9,7245,2,10,5,0,300,0.5,1700,0.5,1
6,10,12711,0,0,300,0.5,572,0.32,486,0.18,1
6,11,7707,0,0,500,0.6,1000,0.2,1400,0.2,1
7,0,4068,2,10,5,0,300,0.5,572,0.32,486,0.18,1
7,1,13700,0,0,500,0.6,1000,0.2,1400,0.2,1
7,2,14583,0,0,500,0.6,1000,0.2,1400,0.2,1
7,3,10435,2,10,5,0,666,0.42,420,0.58,1
7,4,3983,0,0,300,0.5,1700,0.5,1
7,5,3538,2,10,5,0,666,0.42,420,0.58,1
7,6,6653,2,10,5,0,666,0.42,420,0.58,1
7,7,11604,2,10,5,0,300,0.5,1700,0.5,1
7,8,9439,2,10,5,0,500,0.6,1000,0.2,1400,0.2,1
7,9,12516,0,0,300,0.5,1700,0.5,1
7,10,2622,0,0,666,0.42,420,0.58,1
7,11,3989,2,10,5,0,500,0.6,1000,0.2,1400,0.2,1
8,0,5742,1,0,300,0.5,1700,0.5,1
8,1,9545,1,0,300,0.5,1700,0.5,1
8,2,5059,2,10,5,0,300,0.5,1700,0.5,1
8,3,4187,1,0,300,0.5,572,0.32,486,0.18,1
8,4,8885,0,0,300,0.5,1700,0.5,1
8,5,12143,0,0,500,0.6,1000,0.2,1400,0.2,1
8,6,10532,2,10,5,0,300,0.5,572,0.32,486,0.18,1
8,7,30,0,0,500,0.6,1000,0.2,1400,0.2,1
8,8,6119,0,0,500,0.6,1000,0.2,1400,0.2,1
8,9,9728,0,0,300,0.5,1700,0.5,1
8,10,292,0,0,666,0.42,420,0.58,1
8,11,13269,0,0,300,0.5,572,0.32,486,0.18,1
9,0,1727,2,10,5,0,666,0.42,420,0.58,1
9,1,1633,0,0,300,0.5,572,0.32,486,0.18,1
9,2,3664,1,0,666,0.42,420,0.58,1
9,3,10077,2,10,5,0,500,0.6,1000,0.2,1400,0.2,1
9,4,11033,2,10,5,0,300,0.5,572,0.32,486,0.18,1
9,5,5271,0,0,500,0.6,1000,0.2,1400,0.2,1
9,6,6040,1,0,500,0.6,1000,0.2,1400,0.2,1
9,7,3253,2,10,5,0,500,0.6,1000,0.2,1400,0.2,1
9,8,14558,1,0,300,0.5,572,0.32,486,0.18,1
9,9,14820,0,0,500,0.6,1000,0.2,1400,0.2,1
9,10,11673,2,10,5,0,666,0.42,420,0.58,1
9,11,8987,0,0,500,0.6,1000,0.2,1400,0.2,1
10,0,6387,0,0,300,0.5,572,0.32,486,0.18,1
10,1,7599,0,0,300,0.5,1700,0.5,1
10,2,8125,0,0,300,0.5,1700,0.5,1
10,3,10367,1,0,500,0.6,1000,0.2,1400,0.2,1
10,4,8894,1,0,500,0.6,1000,0.2,1400,0.2,1
10,5,4657,0,0,300,0.5,572,0.32,486,0.18,1
10,6,5785,0,0,300,0.5,1700,0.5,1
10,7,12944,0,0,300,0.5,1700,0.5,1
10,8,11506,1,0,300,0.5,572,0.32,486,0.18,1
10,9,6585,0,0,300,0.5,1700,0.5,1
10,10,962,2,10,5,0,500,0.6,1000,0.2,1400,0.2,1
10,11,1923,0,0,300,0.5,1700,0.5,1
11,0,11179,0,0,300,0.5,572,0.32,486,0.18,1
11,1,10080,1,0,300,0.5,572,0.32,486,0.18,1
11,2,9450,2,10,5,0,300,0.5,572,0.32,486,0.18,1
11,3,13414,2,10,5,0,300,0.5,572,0.32,486,0.18,1
11,4,13508,1,0,300,0.5,572,0.32,486,0.18,1
11,5,13838,2,10,5,0,300,0.5,572,0.32,486,0.18,1
11,6,11474,1,0,300,0.5,1700,0.5,1
11,7,4754,2,10,5,0,300,0.5,572,0.32,486,0.18,1
11,8,3061,0,0,300,0.5,572,0.32,486,0.18,1
11,9,14522,2,10,5,0,300,0.5,572,0.32,486,0.18,1
11,10,3132,2,10,5,0,300,0.5,572,0.32,486,0.18,1
11,11,10984,0,0,300,0.5,1700,0.5,1
