0,0,4030,2,10,5,0,666,0.42,420,0.58,1
0,1,8735,2,10,5,0,500,0.6,1000,0.2,1400,0.2,1
0,2,2537,2,10,5,0,300,0.5,1700,0.5,1
0,3,1664,0,0,300,0.5,572,0.32,486,0.18,1
0,4,12676,2,10,5,0,300,0.5,1700,0.5,1
0,5,9875,2,10,5,0,666,0.42,420,0.58,1
0,6,9294,0,0,300,0.5,572,0.32,486,0.18,1
0,7,9959,2,10,5,0,666,0.42,420,0.58,1
0,8,14267,1,0,300,0.5,1700,0.5,1
0,9,4073,2,10,5,0,666,0.42,420,0.58,1
0,10,4661,2,10,5,0,300,0.5,1700,0.5,1
0,11,4796,0,0,500,0.6,1000,0.2,1400,0.2,1
1,0,7071,2,10,5,0,500,0.6,1000,0.2,1400,0.2,1
1,1,11573,2,10,5,0,500,0.6,1000,0.2,1400,0.2,1
1,2,11475,1,0,300,0.5,572,0.32,486,0.18,0
1,3,13340,0,0,300,0.5,1700,0.5,1
1,4,7051,1,0,300,0.5,572,0.32,486,0.18,1
1,5,10811,2,10,5,0,666,0.42,420,0.58,1
1,6,3960,1,0,300,0.5,572,0.32,486,0.18,1
1,7,9847,1,0,300,0.5,1700,0.5,1
1,8,10083,2,10,5,0,500,0.6,1000,0.2,1400,0.2,1
1,9,12680,2,10,5,0,300,0.5,1700,0.5,1
1,10,14165,2,10,5,0,500,0.6,1000,0.2,1400,0.2,1
1,11,1117,0,0,500,0.6,1000,0.2,1400,0.2,1
2,0,4493,2,10,5,0,500,0.6,1000,0.2,1400,0.2,1
2,1,10685,0,0,500,0.6,1000,0.2,1400,0.2,1
2,2,1428,0,0,500,0.6,1000,0.2,1400,0.2,1
2,3,9835,0,0,300,0.5,1700,0.5,1
2,4,3587,1,0,666,0.42,420,0.58,1
2,5,6072,0,0,500,0.6,1000,0.2,1400,0.2,1
2,6,1259,0,0,300,0.5,1700,0.5,1
2,7,9001,2,10,5,0,300,0.5,572,0.32,486,0.18,1
2,8,387,2,10,5,0,500,0.6,1000,0.2,1400,0.2,1
2,9,6734,0,0,300,0.5,572,0.32,486,0.18,1
2,10,3640,0,0,300,0.5,572,0.32,486,0.18,1
2,11,13610,2,10,5,0,300,0.5,572,0.32,486,0.18,1
3,0,11177,2,10,5,0,500,0.6,1000,0.2,1400,0.2,1
3,1,12862,2,10,5,0,300,0.5,1700,0.5,1
3,2,5640,1,0,666,0.42,420,0.58,1
3,3,12736,1,0,300,0.5,572,0.32,486,0.18,1
3,4,14482,2,10,5,0,300,0.5,572,0.32,486,0.18,1
3,5,14185,2,10,5,0,300,0.5,572,0.32,486,0.18,1
3,6,5350,2,10,5,0,666,0.42,420,0.58,1
3,7,12886,1,0,666,0.42,420,0.58,1
3,8,13802,0,0,300,0.5,1700,0.5,1
3,9,9018,1,0,666,0.42,420,0.58,1
3,10,4946,0,0,666,0.42,420,0.58,1
3,11,3030,0,0,500,0.6,1000,0.2,1400,0.2,1
4,0,14073,2,10,5,0,300,0.5,572,0.32,486,0.18,1
4,1,3211,2,10,5,0,300,0.5,1700,0.5,1
4,2,12557,2,10,5,0,666,0.42,420,0.58,1
4,3,12979,0,0,300,0.5,1700,0.5,1
4,4,10561,0,0,300,0.5,572,0.32,486,0.18,1
4,5,14259,0,0,300,0.5,1700,0.5,1
4,6,1064,2,10,5,0,300,0.5,1700,0.5,1
4,7,10747,2,10,5,0,500,0.6,1000,0.2,1400,0.2,1
4,8,13730,1,0,500,0.6,1000,0.2,1400,0.2,1
4,9,1176,0,0,300,0.5,572,0.32,486,0.18,1
4,10,7637,1,0,300,0.5,572,0.32,486,0.18,1
4,11,6018,0,0,500,0.6,1000,0.2,1400,0.2,1
5,0,1330,2,10,5,0,500,0.6,1000,0.2,1400,0.2,1
5,1,3615,1,0,300,0.5,572,0.32,486,0.18,1
5,2,14090,1,0,300,0.5,572,0.32,486,0.18,1
5,3,13113,2,10,5,0,300,0.5,1700,0.5,1
5,4,10490,2,10,5,0,300,0.5,1700,0.5,1
5,5,6651,0,0,500,0.6,1000,0.2,1400,0.2,1
5,6,887,2,10,5,0,666,0.42,420,0.58,1
5,7,8755,2,10,5,0,300,0.5,572,0.32,486,0.18,1
5,8,6722,1,0,300,0.5,1700,0.5,1
5,9,9479,0,0,500,0.6,1000,0.2,1400,0.2,1
5,10,6713,0,0,300,0.5,572,0.32,486,0.18,1
5,11,5933,2,10,5,0,666,0.42,420,0.58,1
6,0,6514,1,0,300,0.5,1700,0.5,1
6,1,13505,1,0,500,0.6,1000,0.2,1400,0.2,1
6,2,10949,1,0,300,0.5,572,0.32,486,0.18,1
6,3,6792,2,10,5,0,500,0.6,1000,0.2,1400,0.2,1
6,4,5662,2,10,5,0,666,0.42,420,0.58,1
6,5,2381,1,0,666,0.42,420,0.58,1
6,6,10942,1,0,300,0.5,572,0.32,486,0.18,1
6,7,6647,0,0,300,0.5,572,0.32,486,0.18,1
6,8,11872,1,0,666,0.42,420,0.58,1
6,9,8968,1,0,666,0.42,420,0.58,1
6,10,12538,2,10,5,0,500,0.6,1000,0.2,1400,0.2,1
6,11,8609,0,0,300,0.5,572,0.32,486,0.18,1
7,0,9419,0,0,666,0.42,420,0.58,1
7,1,14726,0,0,300,0.5,1700,0.5,1
7,2,13390,0,0,300,0.5,572,0.32,486,0.18,1
7,3,10112,0,0,500,0.6,1000,0.2,1400,0.2,1
7,4,9218,1,0,300,0.5,572,0.32,486,0.18,1
7,5,6318,2,10,5,0,500,0.6,1000,0.2,1400,0.2,1
7,6,5421,0,0,300,0.5,1700,0.5,1
7,7,13416,1,0,666,0.42,420,0.58,1
7,8,10689,2,10,5,0,300,0.5,1700,0.5,1
7,9,7113,0,0,666,0.42,420,0.58,1
7,10,12269,0,0,666,0.42,420,0.58,1
7,11,9924,1,0,300,0.5,572,0.32,486,0.18,1
8,0,8331,1,0,500,0.6,1000,0.2,1400,0.2,1
8,1,5143,0,0,300,0.5,572,0.32,486,0.18,1
8,2,7089,2,10,5,0,300,0.5,572,0.32,486,0.18,1
8,3,4568,0,0,500,0.6,1000,0.2,1400,0.2,1
8,4,4304,2,10,5,0,666,0.42,420,0.58,1
8,5,14678,0,0,666,0.42,420,0.58,1
8,6,155,0,0,666,0.42,420,0.58,1
8,7,2985,0,0,500,0.6,1000,0.2,1400,0.2,1
8,8,13313,1,0,300,0.5,1700,0.5,1
8,9,2396,0,0,666,0.42,420,0.58,1
8,10,6915,0,0,300,0.5,572,0.32,486,0.18,1
8,11,2487,0,0,500,0.6,1000,0.2,1400,0.2,1
9,0,261,0,0,300,0.5,572,0.32,486,0.18,1
9,1,1757,0,0,300,0.5,572,0.32,486,0.18,1
9,2,12859,1,0,666,0.42,420,0.58,1
9,3,3632,1,0,500,0.6,1000,0.2,1400,0.2,1
9,4,616,0,0,300,0.5,572,0.32,486,0.18,1
9,5,7245,1,0,300,0.5,1700,0.5,1
9,6,12845,1,0,300,0.5,572,0.32,486,0.18,1
9,7,11870,0,0,300,0.5,572,0.32,486,0.18,1
9,8,146,2,10,5,0,300,0.5,572,0.32,486,0.18,1
9,9,14513,1,0,500,0.6,1000,0.2,1400,0.2,1
9,10,14300,1,0,500,0.6,1000,0.2,1400,0.2,1
9,11,11121,2,10,5,0,300,0.5,1700,0.5,1
10,0,9518,0,0,500,0.6,1000,0.2,1400,0.2,1
10,1,5127,2,10,5,0,300,0.5,1700,0.5,1
10,2,4653,0,0,300,0.5,572,0.32,486,0.18,1
10,3,5056,1,0,300,0.5,572,0.32,486,0.18,1
10,4,1959,2,10,5,0,500,0.6,1000,0.2,1400,0.2,1
10,5,8705,2,10,5,0,500,0.6,1000,0.2,1400,0.2,1
10,6,4558,1,0,666,0.42,420,0.58,1
10,7,2697,2,10,5,0,300,0.5,572,0.32,486,0.18,1
10,8,13348,2,10,5,0,666,0.42,420,0.58,1
10,9,7312,2,10,5,0,666,0.42,420,0.58,1
10,10,14800,0,0,300,0.5,1700,0.5,1
10,11,4111,2,10,5,0,300,0.5,1700,0.5,1
11,0,11005,0,0,300,0.5,1700,0.5,1
11,1,7262,2,10,5,0,300,0.5,572,0.32,486,0.18,1
11,2,6278,1,0,666,0.42,420,0.58,1
11,3,7131,0,0,300,0.5,572,0.32,486,0.18,1
11,4,12273,1,0,500,0.6,1000,0.2,1400,0.2,1
11,5,9914,2,10,5,0,300,0.5,572,0.32,486,0.18,1
11,6,14698,2,10,5,0,500,0.6,1000,0.2,1400,0.2,1
11,7,8428,0,0,666,0.42,420,0.58,1
11,8,3100,1,0,666,0.42,420,0.58,1
11,9,1158,1,0,666,0.42,420,0.58,1
11,10,9270,1,0,300,0.5,572,0.32,486,0.18,1
11,11,4184,2,10,5,0,666,0.42,420,0.58,1
