0,0,13073,1,0,500,0.6,1000,0.2,1400,0.2,1
0,1,3621,2,10,5,0,300,0.5,1700,0.5,1
0,2,8506,1,0,500,0.6,1000,0.2,1400,0.2,1
0,3,13245,2,10,5,0,500,0.6,1000,0.2,1400,0.2,1
0,4,9280,1,0,300,0.5,572,0.32,486,0.18,1
0,5,14964,1,0,666,0.42,420,0.58,1
0,6,3580,2,10,5,0,300,0.5,572,0.32,486,0.18,1
0,7,12003,1,0,666,0.42,420,0.58,1
0,8,8244,0,0,300,0.5,572,0.32,486,0.18,1
0,9,10030,0,0,500,0.6,1000,0.2,1400,0.2,1
0,10,12456,1,0,666,0.42,420,0.58,1
0,11,3107,0,0,666,0.42,420,0.58,1
1,0,4777,1,0,300,0.5,572,0.32,486,0.18,1
1,1,2607,1,0,300,0.5,572,0.32,486,0.18,1
1,2,676,1,0,300,0.5,1700,0.5,0
1,3,4873,1,0,666,0.42,420,0.58,1
1,4,7152,1,0,666,0.42,420,0.58,1
1,5,12840,2,10,5,0,666,0.42,420,0.58,1
1,6,8850,0,0,500,0.6,1000,0.2,1400,0.2,1
1,7,13174,0,0,300,0.5,572,0.32,486,0.18,1
1,8,3843,1,0,300,0.5,1700,0.5,1
1,9,5190,0,0,500,0.6,1000,0.2,1400,0.2,1
1,10,12141,2,10,5,0,300,0.5,1700,0.5,1
1,11,7742,0,0,666,0.42,420,0.58,1
2,0,3008,0,0,666,0.42,420,0.58,1
2,1,5252,1,0,666,0.42,420,0.58,1
2,2,6634,2,10,5,0,300,0.5,1700,0.5,1
2,3,5242,1,0,300,0.5,1700,0.5,1
2,4,14687,0,0,666,0.42,420,0.58,1
2,5,14747,1,0,300,0.5,572,0.32,486,0.18,1
2,6,13394,0,0,666,0.42,420,0.58,1
2,7,3944,2,10,5,0,300,0.5,1700,0.5,1
2,8,10206,2,10,5,0,300,0.5,572,0.32,486,0.18,1
2,9,9339,1,0,300,0.5,572,0.32,486,0.18,1
2,10,12831,1,0,300,0.5,572,0.32,486,0.18,1
2,11,14399,0,0,500,0.6,1000,0.2,1400,0.2,1
3,0,5560,1,0,300,0.5,572,0.32,486,0.18,1
3,1,5251,2,10,5,0,300,0.5,1700,0.5,1
3,2,12915,2,10,5,0,666,0.42,420,0.58,1
3,3,14983,0,0,300,0.5,572,0.32,486,0.18,1
3,4,13360,1,0,300,0.5,1700,0.5,1
3,5,9946,1,0,666,0.42,420,0.58,1
3,6,14507,1,0,500,0.6,1000,0.2,1400,0.2,1
3,7,13540,0,0,666,0.42,420,0.58,1
3,8,6843,2,10,5,0,300,0.5,572,0.32,486,0.18,1
3,9,13761,1,0,300,0.5,1700,0.5,1
3,10,1735,0,0,300,0.5,1700,0.5,1
3,11,6971,2,10,5,0,300,0.5,572,0.32,486,0.18,1
4,0,9308,2,10,5,0,300,0.5,1700,0.5,1
4,1,223,0,0,300,0.5,572,0.32,486,0.18,1
4,2,14949,2,10,5,0,300,0.5,572,0.32,486,0.18,1
4,3,14787,1,0,300,0.5,572,0.32,486,0.18,1
4,4,2228,0,0,300,0.5,572,0.32,486,0.18,1
4,5,2943,0,0,300,0.5,1700,0.5,1
4,6,8209,2,10,5,0,300,0.5,1700,0.5,1
4,7,6729,0,0,666,0.42,420,0.58,1
4,8,8676,0,0,300,0.5,1700,0.5,1
4,9,6526,1,0,300,0.5,572,0.32,486,0.18,1
4,10,14256,0,0,300,0.5,1700,0.5,1
4,11,1580,1,0,666,0.42,420,0.58,1
5,0,10635,0,0,666,0.42,420,0.58,1
5,1,13447,0,0,500,0.6,1000,0.2,1400,0.2,1
5,2,4348,0,0,300,0.5,572,0.32,486,0.18,1
5,3,12452,1,0,666,0.42,420,0.58,1
5,4,1397,1,0,666,0.42,420,0.58,1
5,5,9023,0,0,300,0.5,1700,0.5,1
5,6,1627,2,10,5,0,500,0.6,1000,0.2,1400,0.2,1
5,7,7256,1,0,300,0.5,572,0.32,486,0.18,1
5,8,8293,1,0,666,0.42,420,0.58,1
5,9,2346,1,0,300,0.5,572,0.32,486,0.18,1
5,10,8519,2,10,5,0,500,0.6,1000,0.2,1400,0.2,1
5,11,13650,2,10,5,0,500,0.6,1000,0.2,1400,0.2,1
6,0,14497,0,0,666,0.42,420,0.58,1
6,1,1094,0,0,666,0.42,420,0.58,1
6,2,5443,1,0,300,0.5,572,0.32,486,0.18,1
6,3,9623,2,10,5,0,300,0.5,1700,0.5,1
6,4,7398,2,10,5,0,300,0.5,572,0.32,486,0.18,1
6,5,10210,0,0,300,0.5,1700,0.5,1
6,6,6796,2,10,5,0,300,0.5,572,0.32,486,0.18,1
6,7,1375,1,0,500,0.6,1000,0.2,1400,0.2,1
6,8,13468,0,0,500,0.6,1000,0.2,1400,0.2,1
6,9,1274,0,0,300,0.5,1700,0.5,1
6,10,13377,1,0,666,0.42,420,0.58,1
6,11,13703,1,0,666,0.42,420,0.58,1
7,0,5865,1,0,500,0.6,1000,0.2,1400,0.2,1
7,1,1992,0,0,666,0.42,420,0.58,1
7,2,11496,2,10,5,0,300,0.5,572,0.32,486,0.18,1
7,3,8860,0,0,300,0.5,572,0.32,486,0.18,1
7,4,8039,1,0,666,0.42,420,0.58,1
7,5,11298,1,0,300,0.5,572,0.32,486,0.18,1
7,6,2595,1,0,666,0.42,420,0.58,1
7,7,5975,2,10,5,0,666,0.42,420,0.58,1
7,8,4676,1,0,666,0.42,420,0.58,1
7,9,8825,2,10,5,0,666,0.42,420,0.58,1
7,10,10500,2,10,5,0,666,0.42,420,0.58,1
7,11,4077,1,0,300,0.5,1700,0.5,1
8,0,6085,2,10,5,0,300,0.5,572,0.32,486,0.18,1
8,1,14183,0,0,666,0.42,420,0.58,1
8,2,7759,2,10,5,0,500,0.6,1000,0.2,1400,0.2,1
8,3,13972,1,0,666,0.42,420,0.58,1
8,4,2998,2,10,5,0,300,0.5,1700,0.5,1
8,5,11881,1,0,500,0.6,1000,0.2,1400,0.2,1
8,6,6320,1,0,666,0.42,420,0.58,1
8,7,3891,2,10,5,0,500,0.6,1000,0.2,1400,0.2,1
8,8,14444,1,0,500,0.6,1000,0.2,1400,0.2,1
8,9,10240,0,0,500,0.6,1000,0.2,1400,0.2,1
8,10,2239,1,0,300,0.5,572,0.32,486,0.18,1
8,11,11169,0,0,500,0.6,1000,0.2,1400,0.2,1
9,0,10027,0,0,300,0.5,572,0.32,486,0.18,1
9,1,1869,2,10,5,0,500,0.6,1000,0.2,1400,0.2,1
9,2,7067,0,0,300,0.5,572,0.32,486,0.18,1
9,3,1808,1,0,300,0.5,572,0.32,486,0.18,1
9,4,335,1,0,666,0.42,420,0.58,1
9,5,10642,0,0,500,0.6,1000,0.2,1400,0.2,1
9,6,5763,0,0,500,0.6,1000,0.2,1400,0.2,1
9,7,10558,2,10,5,0,500,0.6,1000,0.2,1400,0.2,1
9,8,9412,1,0,500,0.6,1000,0.2,1400,0.2,1
9,9,1776,1,0,500,0.6,1000,0.2,1400,0.2,1
9,10,7079,0,0,666,0.42,420,0.58,1
9,11,12726,2,10,5,0,500,0.6,1000,0.2,1400,0.2,1
10,0,13163,2,10,5,0,666,0.42,420,0.58,1
10,1,14580,2,10,5,0,300,0.5,572,0.32,486,0.18,1
10,2,8393,1,0,500,0.6,1000,0.2,1400,0.2,1
10,3,2709,2,10,5,0,300,0.5,572,0.32,486,0.18,1
10,4,10012,1,0,666,0.42,420,0.58,1
10,5,1974,2,10,5,0,666,0.42,420,0.58,1
10,6,7526,1,0,666,0.42,420,0.58,1
10,7,8547,0,0,500,0.6,1000,0.2,1400,0.2,1
10,8,3178,1,0,666,0.42,420,0.58,1
10,9,9026,2,10,5,0,666,0.42,420,0.58,1
10,10,4335,1,0,300,0.5,1700,0.5,1
10,11,4683,0,0,500,0.6,1000,0.2,1400,0.2,1
11,0,3320,2,10,5,0,500,0.6,1000,0.2,1400,0.2,1
11,1,3354,1,0,300,0.5,572,0.32,486,0.18,1
11,2,13471,1,0,300,0.5,1700,0.5,1
11,3,5031,1,0,300,0.5,572,0.32,486,0.18,1
11,4,3165,2,10,5,0,666,0.42,420,0.58,1
11,5,1658,2,10,5,0,300,0.5,572,0.32,486,0.18,1
11,6,9567,1,0,666,0.42,420,0.58,1
11,7,2454,2,10,5,0,300,0.5,572,0.32,486,0.18,1
11,8,2354,2,10,5,0,300,0.5,1700,0.5,1
11,9,7737,1,0,666,0.42,420,0.58,1
11,10,11290,0,0,300,0.5,1700,0.5,1
11,11,5473,0,0,300,0.5,1700,0.5,1
