0,0,6841,0,0,300,0.5,1700,0.5,1
0,1,4555,1,0,300,0.5,572,0.32,486,0.18,1
0,2,2625,1,0,500,0.6,1000,0.2,1400,0.2,1
0,3,11149,1,0,666,0.42,420,0.58,1
0,4,3876,1,0,300,0.5,1700,0.5,1
0,5,13834,2,10,5,0,500,0.6,1000,0.2,1400,0.2,1
0,6,14922,0,0,300,0.5,572,0.32,486,0.18,1
0,7,13161,0,0,300,0.5,572,0.32,486,0.18,1
0,8,9622,0,0,666,0.42,420,0.58,1
0,9,11654,1,0,300,0.5,572,0.32,486,0.18,1
0,10,14214,1,0,666,0.42,420,0.58,1
0,11,4203,0,0,300,0.5,1700,0.5,1
1,0,2339,1,0,300,0.5,572,0.32,486,0.18,1
1,1,14694,1,0,500,0.6,1000,0.2,1400,0.2,1
1,2,13789,0,0,666,0.42,420,0.58,0
1,3,11751,2,10,5,0,300,0.5,1700,0.5,1
1,4,13851,2,10,5,0,666,0.42,420,0.58,1
1,5,828,1,0,300,0.5,1700,0.5,1
1,6,9577,0,0,500,0.6,1000,0.2,1400,0.2,1
1,7,1454,1,0,500,0.6,1000,0.2,1400,0.2,1
1,8,14654,0,0,666,0.42,420,0.58,1
1,9,1201,1,0,500,0.6,1000,0.2,1400,0.2,1
1,10,3059,1,0,500,0.6,1000,0.2,1400,0.2,1
1,11,5581,0,0,300,0.5,1700,0.5,1
2,0,2148,0,0,300,0.5,1700,0.5,1
2,1,13295,0,0,300,0.5,572,0.32,486,0.18,1
2,2,4092,0,0,300,0.5,1700,0.5,1
2,3,1638,1,0,666,0.42,420,0.58,1
2,4,6716,1,0,500,0.6,1000,0.2,1400,0.2,1
2,5,1009,0,0,500,0.6,1000,0.2,1400,0.2,1
2,6,8149,2,10,5,0,666,0.42,420,0.58,1
2,7,1759,1,0,500,0.6,1000,0.2,1400,0.2,1
2,8,8356,1,0,300,0.5,572,0.32,486,0.18,1
2,9,12259,1,0,300,0.5,1700,0.5,1
2,10,14709,0,0,500,0.6,1000,0.2,1400,0.2,1
2,11,12189,0,0,500,0.6,1000,0.2,1400,0.2,1
3,0,957,2,10,5,0,300,0.5,572,0.32,486,0.18,1
3,1,9534,1,0,300,0.5,572,0.32,486,0.18,1
3,2,2328,2,10,5,0,666,0.42,420,0.58,1
3,3,11171,1,0,500,0.6,1000,0.2,1400,0.2,1
3,4,5470,0,0,300,0.5,1700,0.5,1
3,5,182,1,0,300,0.5,572,0.32,486,0.18,1
3,6,9026,0,0,300,0.5,572,0.32,486,0.18,1
3,7,12466,0,0,300,0.5,572,0.32,486,0.18,1
3,8,1183,0,0,666,0.42,420,0.58,1
3,9,3528,2,10,5,0,500,0.6,1000,0.2,1400,0.2,1
3,10,1195,1,0,300,0.5,1700,0.5,1
3,11,3470,1,0,500,0.6,1000,0.2,1400,0.2,1
4,0,9903,1,0,666,0.42,420,0.58,1
4,1,10821,0,0,300,0.5,572,0.32,486,0.18,1
4,2,12289,2,10,5,0,300,0.5,572,0.32,486,0.18,1
4,3,11846,1,0,500,0.6,1000,0.2,1400,0.2,1
4,4,11944,2,10,5,0,500,0.6,1000,0.2,1400,0.2,1
4,5,9548,2,10,5,0,666,0.42,420,0.58,1
4,6,12382,1,0,666,0.42,420,0.58,1
4,7,8716,2,10,5,0,300,0.5,572,0.32,486,0.18,1
4,8,2943,2,10,5,0,500,0.6,1000,0.2,1400,0.2,1
4,9,891,2,10,5,0,300,0.5,572,0.32,486,0.18,1
4,10,7596,0,0,500,0.6,1000,0.2,1400,0.2,1
4,11,8473,0,0,300,0.5,1700,0.5,1
5,0,3070,2,10,5,0,300,0.5,572,0.32,486,0.18,1
5,1,12224,2,10,5,0,666,0.42,420,0.58,1
5,2,2302,0,0,500,0.6,1000,0.2,1400,0.2,1
5,3,14413,0,0,300,0.5,1700,0.5,1
5,4,4753,2,10,5,0,300,0.5,1700,0.5,1
5,5,12564,1,0,666,0.42,420,0.58,1
5,6,3642,2,10,5,0,300,0.5,572,0.32,486,0.18,1
5,7,14544,0,0,666,0.42,420,0.58,1
5,8,7396,0,0,300,0.5,572,0.32,486,0.18,1
5,9,6771,2,10,5,0,300,0.5,572,0.32,486,0.18,1
5,10,8973,2,10,5,0,300,0.5,1700,0.5,1
5,11,12167,2,10,5,0,666,0.42,420,0.58,1
6,0,12020,2,10,5,0,300,0.5,572,0.32,486,0.18,1
6,1,215,0,0,666,0.42,420,0.58,1
6,2,5857,1,0,300,0.5,1700,0.5,1
6,3,7661,2,10,5,0,300,0.5,572,0.32,486,0.18,1
6,4,11461,0,0,500,0.6,1000,0.2,1400,0.2,1
6,5,1438,0,0,300,0.5,1700,0.5,1
6,6,13617,0,0,300,0.5,572,0.32,486,0.18,1
6,7,5940,2,10,5,0,666,0.42,420,0.58,1
6,8,11876,1,0,500,0.6,1000,0.2,1400,0.2,1
6,9,3614,0,0,300,0.5,572,0.32,486,0.18,1
6,10,8335,1,0,666,0.42,420,0.58,1
6,11,6232,2,10,5,0,666,0.42,420,0.58,1
7,0,6705,1,0,666,0.42,420,0.58,1
7,1,1272,0,0,300,0.5,572,0.32,486,0.18,1
7,2,4897,2,10,5,0,300,0.5,572,0.32,486,0.18,1
7,3,12999,2,10,5,0,300,0.5,1700,0.5,1
7,4,5365,2,10,5,0,500,0.6,1000,0.2,1400,0.2,1
7,5,11678,1,0,300,0.5,1700,0.5,1
7,6,3203,2,10,5,0,300,0.5,1700,0.5,1
7,7,6991,0,0,300,0.5,1700,0.5,1
7,8,6863,0,0,300,0.5,1700,0.5,1
7,9,523,2,10,5,0,300,0.5,572,0.32,486,0.18,1
7,10,11832,1,0,666,0.42,420,0.58,1
7,11,11101,0,0,300,0.5,572,0.32,486,0.18,1
8,0,4161,2,10,5,0,500,0.6,1000,0.2,1400,0.2,1
8,1,7354,0,0,500,0.6,1000,0.2,1400,0.2,1
8,2,1849,0,0,666,0.42,420,0.58,1
8,3,2251,1,0,300,0.5,1700,0.5,1
8,4,6787,2,10,5,0,500,0.6,1000,0.2,1400,0.2,1
8,5,585,2,10,5,0,666,0.42,420,0.58,1
8,6,4918,0,0,666,0.42,420,0.58,1
8,7,7797,0,0,300,0.5,1700,0.5,1
8,8,4563,2,10,5,0,300,0.5,572,0.32,486,0.18,1
8,9,12499,0,0,300,0.5,572,0.32,486,0.18,1
8,10,3422,2,10,5,0,666,0.42,420,0.58,1
8,11,5862,2,10,5,0,300,0.5,1700,0.5,1
9,0,9908,2,10,5,0,666,0.42,420,0.58,1
9,1,10460,1,0,300,0.5,572,0.32,486,0.18,1
9,2,2308,1,0,300,0.5,1700,0.5,1
9,3,14811,1,0,300,0.5,1700,0.5,1
9,4,4658,2,10,5,0,500,0.6,1000,0.2,1400,0.2,1
9,5,3080,1,0,300,0.5,572,0.32,486,0.18,1
9,6,11804,0,0,666,0.42,420,0.58,1
9,7,3206,0,0,666,0.42,420,0.58,1
9,8,4472,0,0,300,0.5,572,0.32,486,0.18,1
9,9,559,2,10,5,0,300,0.5,1700,0.5,1
9,10,1606,0,0,666,0.42,420,0.58,1
9,11,2333,0,0,300,0.5,1700,0.5,1
10,0,12213,2,10,5,0,300,0.5,572,0.32,486,0.18,1
10,1,14030,0,0,666,0.42,420,0.58,1
10,2,12339,0,0,300,0.5,572,0.32,486,0.18,1
10,3,6117,1,0,300,0.5,1700,0.5,1
10,4,13773,0,0,300,0.5,572,0.32,486,0.18,1
10,5,11966,2,10,5,0,666,0.42,420,0.58,1
10,6,3905,1,0,300,0.5,572,0.32,486,0.18,1
10,7,12796,1,0,300,0.5,572,0.32,486,0.18,1
10,8,8368,1,0,666,0.42,420,0.58,1
10,9,9797,1,0,500,0.6,1000,0.2,1400,0.2,1
10,10,6105,2,10,5,0,666,0.42,420,0.58,1
10,11,5073,1,0,300,0.5,1700,0.5,1
11,0,11310,2,10,5,0,300,0.5,1700,0.5,1
11,1,392,0,0,300,0.5,1700,0.5,1
11,2,8649,1,0,500,0.6,1000,0.2,1400,0.2,1
11,3,10927,0,0,666,0.42,420,0.58,1
11,4,4482,2,10,5,0,666,0.42,420,0.58,1
11,5,4819,1,0,300,0.5,1700,0.5,1
11,6,9345,1,0,300,0.5,1700,0.5,1
11,7,7906,1,0,500,0.6,1000,0.2,1400,0.2,1
11,8,2490,1,0,666,0.42,420,0.58,1
11,9,11962,0,0,666,0.42,420,0.58,1
11,10,5409,2,10,5,0,500,0.6,1000,0.2,1400,0.2,1
11,11,5537,2,10,5,0,666,0.42,420,0.58,1
