0,0,3720,2,10,5,0,300,0.5,572,0.32,486,0.18,1
0,1,14914,1,0,300,0.5,572,0.32,486,0.18,1
0,2,1269,2,10,5,0,500,0.6,1000,0.2,1400,0.2,1
0,3,6932,1,0,666,0.42,420,0.58,1
0,4,5985,0,0,500,0.6,1000,0.2,1400,0.2,1
0,5,4827,2,10,5,0,500,0.6,1000,0.2,1400,0.2,1
0,6,13202,2,10,5,0,300,0.5,572,0.32,486,0.18,1
0,7,13688,0,0,300,0.5,1700,0.5,1
0,8,2110,0,0,500,0.6,1000,0.2,1400,0.2,1
0,9,4242,2,10,5,0,300,0.5,1700,0.5,1
0,10,969,1,0,500,0.6,1000,0.2,1400,0.2,1
0,11,13642,2,10,5,0,500,0.6,1000,0.2,1400,0.2,1
1,0,7380,0,0,300,0.5,572,0.32,486,0.18,1
1,1,5023,0,0,300,0.5,1700,0.5,1
1,2,14321,2,10,5,0,666,0.42,420,0.58,0
1,3,3090,2,10,5,0,666,0.42,420,0.58,1
1,4,8279,1,0,666,0.42,420,0.58,1
1,5,3002,0,0,300,0.5,572,0.32,486,0.18,1
1,6,10799,1,0,500,0.6,1000,0.2,1400,0.2,1
1,7,7711,1,0,300,0.5,572,0.32,486,0.18,1
1,8,7820,1,0,300,0.5,572,0.32,486,0.18,1
1,9,4963,2,10,5,0,666,0.42,420,0.58,1
1,10,2239,0,0,666,0.42,420,0.58,1
1,11,14097,0,0,300,0.5,572,0.32,486,0.18,1
2,0,14287,2,10,5,0,666,0.42,420,0.58,1
2,1,4100,0,0,666,0.42,420,0.58,1
2,2,10673,1,0,500,0.6,1000,0.2,1400,0.2,1
2,3,10396,2,10,5,0,500,0.6,1000,0.2,1400,0.2,1
2,4,3858,0,0,666,0.42,420,0.58,1
2,5,10814,1,0,300,0.5,572,0.32,486,0.18,1
2,6,14334,2,10,5,0,500,0.6,1000,0.2,1400,0.2,1
2,7,5151,1,0,666,0.42,420,0.58,1
2,8,2568,2,10,5,0,300,0.5,1700,0.5,1
2,9,13640,2,10,5,0,300,0.5,1700,0.5,1
2,10,13481,1,0,666,0.42,420,0.58,1
2,11,6251,2,10,5,0,300,0.5,1700,0.5,1
3,0,2017,1,0,500,0.6,1000,0.2,1400,0.2,1
3,1,7089,2,10,5,0,666,0.42,420,0.58,1
3,2,2313,2,10,5,0,666,0.42,420,0.58,1
3,3,10195,2,10,5,0,300,0.5,572,0.32,486,0.18,1
3,4,3356,1,0,666,0.42,420,0.58,1
3,5,10325,0,0,300,0.5,572,0.32,486,0.18,1
3,6,11924,2,10,5,0,300,0.5,1700,0.5,1
3,7,1942,0,0,666,0.42,420,0.58,1
3,8,10506,0,0,300,0.5,572,0.32,486,0.18,1
3,9,7825,1,0,300,0.5,572,0.32,486,0.18,1
3,10,9689,1,0,500,0.6,1000,0.2,1400,0.2,1
3,11,7152,1,0,300,0.5,1700,0.5,1
4,0,10538,0,0,666,0.42,420,0.58,1
4,1,4589,2,10,5,0,300,0.5,1700,0.5,1
4,2,13884,2,10,5,0,300,0.5,1700,0.5,1
4,3,11160,0,0,666,0.42,420,0.58,1
4,4,12503,0,0,300,0.5,1700,0.5,1
4,5,13942,0,0,666,0.42,420,0.58,1
4,6,542,0,0,500,0.6,1000,0.2,1400,0.2,1
4,7,12396,2,10,5,0,300,0.5,1700,0.5,1
4,8,10252,0,0,500,0.6,1000,0.2,1400,0.2,1
4,9,11853,2,10,5,0,666,0.42,420,0.58,1
4,10,6444,1,0,300,0.5,1700,0.5,1
4,11,13457,2,10,5,0,500,0.6,1000,0.2,1400,0.2,1
5,0,13256,2,10,5,0,300,0.5,1700,0.5,1
5,1,2518,1,0,300,0.5,1700,0.5,1
5,2,9941,2,10,5,0,300,0.5,1700,0.5,1
5,3,4845,1,0,500,0.6,1000,0.2,1400,0.2,1
5,4,3552,1,0,666,0.42,420,0.58,1
5,5,14373,2,10,5,0,300,0.5,572,0.32,486,0.18,1
5,6,691,2,10,5,0,666,0.42,420,0.58,1
5,7,8358,0,0,500,0.6,1000,0.2,1400,0.2,1
5,8,9155,0,0,666,0.42,420,0.58,1
5,9,8289,2,10,5,0,666,0.42,420,0.58,1
5,10,12083,1,0,500,0.6,1000,0.2,1400,0.2,1
5,11,6735,2,10,5,0,500,0.6,1000,0.2,1400,0.2,1
6,0,8346,1,0,300,0.5,1700,0.5,1
6,1,14896,2,10,5,0,300,0.5,572,0.32,486,0.18,1
6,2,4471,0,0,300,0.5,572,0.32,486,0.18,1
6,3,4950,2,10,5,0,300,0.5,1700,0.5,1
6,4,8282,2,10,5,0,666,0.42,420,0.58,1
6,5,8952,1,0,300,0.5,572,0.32,486,0.18,1
6,6,3921,1,0,500,0.6,1000,0.2,1400,0.2,1
6,7,12539,0,0,500,0.6,1000,0.2,1400,0.2,1
6,8,2313,1,0,666,0.42,420,0.58,1
6,9,4107,1,0,300,0.5,572,0.32,486,0.18,1
6,10,3375,2,10,5,0,300,0.5,1700,0.5,1
6,11,13390,0,0,300,0.5,1700,0.5,1
7,0,7143,2,10,5,0,666,0.42,420,0.58,1
7,1,11462,1,0,500,0.6,1000,0.2,1400,0.2,1
7,2,3276,0,0,300,0.5,572,0.32,486,0.18,1
7,3,1821,0,0,666,0.42,420,0.58,1
7,4,10246,0,0,500,0.6,1000,0.2,1400,0.2,1
7,5,7536,0,0,500,0.6,1000,0.2,1400,0.2,1
7,6,12325,0,0,300,0.5,572,0.32,486,0.18,1
7,7,11609,1,0,300,0.5,1700,0.5,1
7,8,14922,2,10,5,0,500,0.6,1000,0.2,1400,0.2,1
7,9,14131,1,0,300,0.5,1700,0.5,1
7,10,13806,0,0,300,0.5,572,0.32,486,0.18,1
7,11,3728,1,0,300,0.5,1700,0.5,1
8,0,1037,1,0,300,0.5,1700,0.5,1
8,1,4550,0,0,300,0.5,1700,0.5,1
8,2,3977,0,0,300,0.5,1700,0.5,1
8,3,4573,2,10,5,0,500,0.6,1000,0.2,1400,0.2,1
8,4,1272,2,10,5,0,300,0.5,1700,0.5,1
8,5,923,2,10,5,0,300,0.5,1700,0.5,1
8,6,7453,1,0,300,0.5,1700,0.5,1
8,7,1820,1,0,300,0.5,572,0.32,486,0.18,1
8,8,1566,0,0,666,0.42,420,0.58,1
8,9,5980,1,0,300,0.5,572,0.32,486,0.18,1
8,10,7509,1,0,300,0.5,1700,0.5,1
8,11,13178,0,0,666,0.42,420,0.58,1
9,0,10123,0,0,300,0.5,1700,0.5,1
9,1,1106,2,10,5,0,666,0.42,420,0.58,1
9,2,4814,0,0,666,0.42,420,0.58,1
9,3,362,2,10,5,0,500,0.6,1000,0.2,1400,0.2,1
9,4,14635,2,10,5,0,300,0.5,1700,0.5,1
9,5,10449,0,0,300,0.5,572,0.32,486,0.18,1
9,6,7536,2,10,5,0,300,0.5,1700,0.5,1
9,7,8862,1,0,300,0.5,1700,0.5,1
9,8,13061,0,0,300,0.5,1700,0.5,1
9,9,2515,2,10,5,0,500,0.6,1000,0.2,1400,0.2,1
9,10,13637,2,10,5,0,300,0.5,572,0.32,486,0.18,1
9,11,13798,0,0,500,0.6,1000,0.2,1400,0.2,1
10,0,7127,1,0,300,0.5,572,0.32,486,0.18,1
10,1,10754,2,10,5,0,500,0.6,1000,0.2,1400,0.2,1
10,2,3437,1,0,300,0.5,572,0.32,486,0.18,1
10,3,3619,0,0,300,0.5,572,0.32,486,0.18,1
10,4,2975,1,0,666,0.42,420,0.58,1
10,5,7586,2,10,5,0,500,0.6,1000,0.2,1400,0.2,1
10,6,11295,2,10,5,0,300,0.5,572,0.32,486,0.18,1
10,7,14437,1,0,300,0.5,572,0.32,486,0.18,1
10,8,9537,1,0,666,0.42,420,0.58,1
10,9,1442,0,0,500,0.6,1000,0.2,1400,0.2,1
10,10,2791,2,10,5,0,300,0.5,572,0.32,486,0.18,1
10,11,5397,2,10,5,0,666,0.42,420,0.58,1
11,0,13389,2,10,5,0,666,0.42,420,0.58,1
11,1,8637,0,0,300,0.5,1700,0.5,1
11,2,2835,1,0,300,0.5,572,0.32,486,0.18,1
11,3,264,1,0,500,0.6,1000,0.2,1400,0.2,1
11,4,12457,2,10,5,0,666,0.42,420,0.58,1
11,5,4976,1,0,300,0.5,1700,0.5,1
11,6,8010,2,10,5,0,300,0.5,1700,0.5,1
11,7,2666,0,0,666,0.42,420,0.58,1
11,8,9825,2,10,5,0,300,0.5,572,0.32,486,0.18,1
11,9,2995,2,10,5,0,300,0.5,1700,0.5,1
11,10,14652,0,0,666,0.42,420,0.58,1
11,11,2643,1,0,300,0.5,572,0.32,486,0.18,1
