0,0,9597,2,10,5,0,666,0.42,420,0.58,1
0,1,1244,0,0,300,0.5,572,0.32,486,0.18,1
0,2,2652,1,0,666,0.42,420,0.58,1
0,3,11579,1,0,300,0.5,1700,0.5,1
0,4,501,0,0,300,0.5,1700,0.5,1
0,5,10159,1,0,666,0.42,420,0.58,1
0,6,13190,0,0,666,0.42,420,0.58,1
0,7,3223,0,0,300,0.5,572,0.32,486,0.18,1
0,8,9778,0,0,300,0.5,572,0.32,486,0.18,1
0,9,14874,0,0,300,0.5,1700,0.5,1
0,10,7630,1,0,300,0.5,1700,0.5,1
0,11,8898,2,10,5,0,300,0.5,1700,0.5,1
1,0,2482,1,0,300,0.5,1700,0.5,1
1,1,7796,0,0,300,0.5,1700,0.5,1
1,2,8038,0,0,500,0.6,1000,0.2,1400,0.2,0
1,3,6514,1,0,666,0.42,420,0.58,1
1,4,5202,2,10,5,0,500,0.6,1000,0.2,1400,0.2,1
1,5,7769,2,10,5,0,500,0.6,1000,0.2,1400,0.2,1
1,6,7211,0,0,500,0.6,1000,0.2,1400,0.2,1
1,7,1609,2,10,5,0,300,0.5,572,0.32,486,0.18,1
1,8,3786,1,0,300,0.5,1700,0.5,1
1,9,3988,1,0,300,0.5,1700,0.5,1
1,10,14910,2,10,5,0,300,0.5,572,0.32,486,0.18,1
1,11,10235,1,0,666,0.42,420,0.58,1
2,0,11051,0,0,300,0.5,572,0.32,486,0.18,1
2,1,10309,2,10,5,0,666,0.42,420,0.58,1
2,2,1808,2,10,5,0,500,0.6,1000,0.2,1400,0.2,1
2,3,9222,1,0,300,0.5,1700,0.5,1
2,4,6914,2,10,5,0,300,0.5,1700,0.5,1
2,5,10184,2,10,5,0,666,0.42,420,0.58,1
2,6,5105,0,0,500,0.6,1000,0.2,1400,0.2,1
2,7,6063,2,10,5,0,666,0.42,420,0.58,1
2,8,8157,2,10,5,0,500,0.6,1000,0.2,1400,0.2,1
2,9,9222,0,0,300,0.5,1700,0.5,1
2,10,8126,0,0,300,0.5,572,0.32,486,0.18,1
2,11,1053,1,0,300,0.5,1700,0.5,1
3,0,13111,0,0,300,0.5,572,0.32,486,0.18,1
3,1,10297,1,0,500,0.6,1000,0.2,1400,0.2,1
3,2,10133,2,10,5,0,500,0.6,1000,0.2,1400,0.2,1
3,3,1137,0,0,500,0.6,1000,0.2,1400,0.2,1
3,4,13418,0,0,300,0.5,572,0.32,486,0.18,1
3,5,13763,1,0,300,0.5,1700,0.5,1
3,6,1917,0,0,666,0.42,420,0.58,1
3,7,9786,0,0,666,0.42,420,0.58,1
3,8,1930,1,0,300,0.5,572,0.32,486,0.18,1
3,9,12523,2,10,5,0,300,0.5,1700,0.5,1
3,10,6798,1,0,500,0.6,1000,0.2,1400,0.2,1
3,11,4095,0,0,666,0.42,420,0.58,1
4,0,5195,1,0,500,0.6,1000,0.2,1400,0.2,1
4,1,7598,2,10,5,0,666,0.42,420,0.58,1
4,2,1609,2,10,5,0,300,0.5,1700,0.5,1
4,3,6548,2,10,5,0,500,0.6,1000,0.2,1400,0.2,1
4,4,7799,0,0,500,0.6,1000,0.2,1400,0.2,1
4,5,2825,1,0,500,0.6,1000,0.2,1400,0.2,1
4,6,12790,0,0,300,0.5,572,0.32,486,0.18,1
4,7,6022,2,10,5,0,300,0.5,572,0.32,486,0.18,1
4,8,11027,2,10,5,0,666,0.42,420,0.58,1
4,9,13508,1,0,300,0.5,1700,0.5,1
4,10,1930,1,0,666,0.42,420,0.58,1
4,11,10823,2,10,5,0,300,0.5,572,0.32,486,0.18,1
5,0,14094,1,0,300,0.5,1700,0.5,1
5,1,9957,2,10,5,0,300,0.5,572,0.32,486,0.18,1
5,2,5808,0,0,300,0.5,1700,0.5,1
5,3,14298,0,0,666,0.42,420,0.58,1
5,4,9190,0,0,300,0.5,572,0.32,486,0.18,1
5,5,11108,0,0,666,0.42,420,0.58,1
5,6,3320,0,0,300,0.5,572,0.32,486,0.18,1
5,7,10282,0,0,300,0.5,572,0.32,486,0.18,1
5,8,8695,2,10,5,0,300,0.5,1700,0.5,1
5,9,401,0,0,500,0.6,1000,0.2,1400,0.2,1
5,10,8896,0,0,666,0.42,420,0.58,1
5,11,5452,0,0,666,0.42,420,0.58,1
6,0,2767,1,0,300,0.5,1700,0.5,1
6,1,12566,0,0,500,0.6,1000,0.2,1400,0.2,1
6,2,6222,1,0,300,0.5,1700,0.5,1
6,3,10230,0,0,300,0.5,572,0.32,486,0.18,1
6,4,6637,0,0,300,0.5,572,0.32,486,0.18,1
6,5,14834,1,0,666,0.42,420,0.58,1
6,6,9665,1,0,300,0.5,1700,0.5,1
6,7,4352,1,0,666,0.42,420,0.58,1
6,8,3745,2,10,5,0,500,0.6,1000,0.2,1400,0.2,1
6,9,7186,0,0,300,0.5,1700,0.5,1
6,10,11981,0,0,500,0.6,1000,0.2,1400,0.2,1
6,11,13678,2,10,5,0,666,0.42,420,0.58,1
7,0,11731,0,0,666,0.42,420,0.58,1
7,1,4138,0,0,300,0.5,1700,0.5,1
7,2,1100,0,0,300,0.5,1700,0.5,1
7,3,4593,0,0,500,0.6,1000,0.2,1400,0.2,1
7,4,12670,1,0,500,0.6,1000,0.2,1400,0.2,1
7,5,14386,1,0,300,0.5,572,0.32,486,0.18,1
7,6,3134,2,10,5,0,300,0.5,1700,0.5,1
7,7,6720,1,0,300,0.5,1700,0.5,1
7,8,11589,1,0,300,0.5,1700,0.5,1
7,9,7009,0,0,300,0.5,572,0.32,486,0.18,1
7,10,1937,2,10,5,0,300,0.5,1700,0.5,1
7,11,8616,2,10,5,0,500,0.6,1000,0.2,1400,0.2,1
8,0,4111,2,10,5,0,500,0.6,1000,0.2,1400,0.2,1
8,1,11003,0,0,300,0.5,572,0.32,486,0.18,1
8,2,11626,0,0,666,0.42,420,0.58,1
8,3,2987,2,10,5,0,300,0.5,572,0.32,486,0.18,1
8,4,6646,1,0,300,0.5,572,0.32,486,0.18,1
8,5,7761,1,0,300,0.5,1700,0.5,1
8,6,11839,1,0,300,0.5,572,0.32,486,0.18,1
8,7,67,2,10,5,0,500,0.6,1000,0.2,1400,0.2,1
8,8,13791,2,10,5,0,500,0.6,1000,0.2,1400,0.2,1
8,9,10339,2,10,5,0,666,0.42,420,0.58,1
8,10,9154,2,10,5,0,500,0.6,1000,0.2,1400,0.2,1
8,11,7739,1,0,300,0.5,572,0.32,486,0.18,1
9,0,1094,0,0,300,0.5,1700,0.5,1
9,1,12042,0,0,666,0.42,420,0.58,1
9,2,4930,1,0,500,0.6,1000,0.2,1400,0.2,1
9,3,12264,1,0,300,0.5,1700,0.5,1
9,4,11610,1,0,300,0.5,1700,0.5,1
9,5,8052,1,0,300,0.5,572,0.32,486,0.18,1
9,6,9075,0,0,300,0.5,572,0.32,486,0.18,1
9,7,10237,0,0,666,0.42,420,0.58,1
9,8,12045,2,10,5,0,300,0.5,1700,0.5,1
9,9,13578,2,10,5,0,300,0.5,1700,0.5,1
9,10,8742,1,0,666,0.42,420,0.58,1
9,11,13853,2,10,5,0,500,0.6,1000,0.2,1400,0.2,1
10,0,7771,0,0,500,0.6,1000,0.2,1400,0.2,1
10,1,12904,1,0,500,0.6,1000,0.2,1400,0.2,1
10,2,3647,0,0,666,0.42,420,0.58,1
10,3,4251,0,0,500,0.6,1000,0.2,1400,0.2,1
10,4,12335,0,0,300,0.5,572,0.32,486,0.18,1
10,5,11520,1,0,300,0.5,1700,0.5,1
10,6,7555,2,10,5,0,666,0.42,420,0.58,1
10,7,4163,1,0,300,0.5,572,0.32,486,0.18,1
10,8,11796,0,0,300,0.5,572,0.32,486,0.18,1
10,9,1492,1,0,666,0.42,420,0.58,1
10,10,13033,1,0,300,0.5,1700,0.5,1
10,11,6291,0,0,300,0.5,1700,0.5,1
11,0,13777,1,0,300,0.5,1700,0.5,1
11,1,9062,2,10,5,0,500,0.6,1000,0.2,1400,0.2,1
11,2,1513,0,0,500,0.6,1000,0.2,1400,0.2,1
11,3,1607,0,0,500,0.6,1000,0.2,1400,0.2,1
11,4,12560,0,0,500,0.6,1000,0.2,1400,0.2,1
11,5,9604,1,0,300,0.5,1700,0.5,1
11,6,13726,0,0,300,0.5,572,0.32,486,0.18,1
11,7,7116,1,0,300,0.5,1700,0.5,1
11,8,11405,0,0,500,0.6,1000,0.2,1400,0.2,1
11,9,1257,2,10,5,0,500,0.6,1000,0.2,1400,0.2,1
11,10,10264,1,0,300,0.5,1700,0.5,1
11,11,13595,0,0,500,0.6,1000,0.2,1400,0.2,1
