0,0,3492,1,0,666,0.42,420,0.58,1
0,1,13365,1,0,300,0.5,1700,0.5,1
0,2,3526,2,10,5,0,300,0.5,1700,0.5,1
0,3,2402,1,0,300,0.5,572,0.32,486,0.18,1
0,4,5699,1,0,300,0.5,572,0.32,486,0.18,1
0,5,14369,2,10,5,0,666,0.42,420,0.58,1
0,6,1826,2,10,5,0,666,0.42,420,0.58,1
0,7,14070,1,0,500,0.6,1000,0.2,1400,0.2,1
0,8,2523,1,0,300,0.5,572,0.32,486,0.18,1
0,9,11105,0,0,666,0.42,420,0.58,1
0,10,735,1,0,500,0.6,1000,0.2,1400,0.2,1
0,11,3124,1,0,666,0.42,420,0.58,1
1,0,10504,1,0,666,0.42,420,0.58,1
1,1,7692,0,0,300,0.5,1700,0.5,1
1,2,12801,1,0,300,0.5,572,0.32,486,0.18,0
1,3,4679,1,0,300,0.5,1700,0.5,1
1,4,13707,1,0,300,0.5,1700,0.5,1
1,5,14132,2,10,5,0,300,0.5,1700,0.5,1
1,6,10421,0,0,300,0.5,572,0.32,486,0.18,1
1,7,3415,1,0,300,0.5,572,0.32,486,0.18,1
1,8,6970,2,10,5,0,500,0.6,1000,0.2,1400,0.2,1
1,9,11661,1,0,500,0.6,1000,0.2,1400,0.2,1
1,10,4103,2,10,5,0,666,0.42,420,0.58,1
1,11,1459,2,10,5,0,300,0.5,572,0.32,486,0.18,1
2,0,2445,0,0,666,0.42,420,0.58,1
2,1,14013,2,10,5,0,500,0.6,1000,0.2,1400,0.2,1
2,2,1826,0,0,666,0.42,420,0.58,1
2,3,3136,1,0,500,0.6,1000,0.2,1400,0.2,1
2,4,3218,1,0,300,0.5,572,0.32,486,0.18,1
2,5,930,2,10,5,0,300,0.5,572,0.32,486,0.18,1
2,6,10109,1,0,300,0.5,1700,0.5,1
2,7,12358,0,0,666,0.42,420,0.58,1
2,8,6000,2,10,5,0,300,0.5,1700,0.5,1
2,9,6313,2,10,5,0,666,0.42,420,0.58,1
2,10,5124,1,0,300,0.5,572,0.32,486,0.18,1
2,11,103,2,10,5,0,300,0.5,572,0.32,486,0.18,1
3,0,4669,1,0,300,0.5,572,0.32,486,0.18,1
3,1,2246,0,0,300,0.5,572,0.32,486,0.18,1
3,2,5108,2,10,5,0,300,0.5,572,0.32,486,0.18,1
3,3,4024,1,0,300,0.5,572,0.32,486,0.18,1
3,4,2158,2,10,5,0,300,0.5,572,0.32,486,0.18,1
3,5,4698,2,10,5,0,666,0.42,420,0.58,1
3,6,2972,1,0,300,0.5,1700,0.5,1
3,7,11081,2,10,5,0,666,0.42,420,0.58,1
3,8,2127,2,10,5,0,300,0.5,1700,0.5,1
3,9,6942,2,10,5,0,300,0.5,1700,0.5,1
3,10,1083,1,0,666,0.42,420,0.58,1
3,11,6606,0,0,300,0.5,572,0.32,486,0.18,1
4,0,13080,1,0,300,0.5,1700,0.5,1
4,1,6492,0,0,300,0.5,572,0.32,486,0.18,1
4,2,6258,2,10,5,0,300,0.5,572,0.32,486,0.18,1
4,3,7533,2,10,5,0,300,0.5,1700,0.5,1
4,4,7884,0,0,300,0.5,1700,0.5,1
4,5,8221,0,0,666,0.42,420,0.58,1
4,6,13305,0,0,300,0.5,1700,0.5,1
4,7,4864,0,0,666,0.42,420,0.58,1
4,8,10804,0,0,500,0.6,1000,0.2,1400,0.2,1
4,9,7904,2,10,5,0,300,0.5,1700,0.5,1
4,10,10515,1,0,666,0.42,420,0.58,1
4,11,6535,1,0,666,0.42,420,0.58,1
5,0,14631,0,0,666,0.42,420,0.58,1
5,1,306,1,0,300,0.5,572,0.32,486,0.18,1
5,2,4863,2,10,5,0,300,0.5,572,0.32,486,0.18,1
5,3,11662,0,0,666,0.42,420,0.58,1
5,4,5226,1,0,300,0.5,572,0.32,486,0.18,1
5,5,11233,0,0,500,0.6,1000,0.2,1400,0.2,1
5,6,3874,1,0,666,0.42,420,0.58,1
5,7,11452,1,0,666,0.42,420,0.58,1
5,8,9479,1,0,500,0.6,1000,0.2,1400,0.2,1
5,9,12184,2,10,5,0,300,0.5,1700,0.5,1
5,10,8007,2,10,5,0,666,0.42,420,0.58,1
5,11,11202,0,0,500,0.6,1000,0.2,1400,0.2,1
6,0,1218,1,0,300,0.5,1700,0.5,1
6,1,10410,1,0,300,0.5,1700,0.5,1
6,2,12253,2,10,5,0,666,0.42,420,0.58,1
6,3,14304,1,0,500,0.6,1000,0.2,1400,0.2,1
6,4,12457,2,10,5,0,300,0.5,1700,0.5,1
6,5,9522,2,10,5,0,300,0.5,1700,0.5,1
6,6,3299,1,0,300,0.5,572,0.32,486,0.18,1
6,7,4904,1,0,500,0.6,1000,0.2,1400,0.2,1
6,8,10912,2,10,5,0,500,0.6,1000,0.2,1400,0.2,1
6,9,8380,1,0,300,0.5,572,0.32,486,0.18,1
6,10,7084,0,0,666,0.42,420,0.58,1
6,11,6600,1,0,666,0.42,420,0.58,1
7,0,2196,2,10,5,0,300,0.5,572,0.32,486,0.18,1
7,1,4045,1,0,300,0.5,572,0.32,486,0.18,1
7,2,11845,0,0,666,0.42,420,0.58,1
7,3,5073,2,10,5,0,300,0.5,1700,0.5,1
7,4,5243,2,10,5,0,300,0.5,1700,0.5,1
7,5,11157,0,0,300,0.5,1700,0.5,1
7,6,4499,2,10,5,0,300,0.5,572,0.32,486,0.18,1
7,7,1232,0,0,300,0.5,572,0.32,486,0.18,1
7,8,14909,0,0,666,0.42,420,0.58,1
7,9,9480,2,10,5,0,500,0.6,1000,0.2,1400,0.2,1
7,10,6401,2,10,5,0,300,0.5,572,0.32,486,0.18,1
7,11,3329,2,10,5,0,300,0.5,572,0.32,486,0.18,1
8,0,8768,0,0,300,0.5,1700,0.5,1
8,1,9895,1,0,300,0.5,572,0.32,486,0.18,1
8,2,8153,2,10,5,0,500,0.6,1000,0.2,1400,0.2,1
8,3,3918,1,0,300,0.5,1700,0.5,1
8,4,2844,1,0,300,0.5,1700,0.5,1
8,5,11050,1,0,300,0.5,572,0.32,486,0.18,1
8,6,1100,1,0,300,0.5,1700,0.5,1
8,7,3445,1,0,300,0.5,1700,0.5,1
8,8,3770,0,0,666,0.42,420,0.58,1
8,9,7962,1,0,300,0.5,572,0.32,486,0.18,1
8,10,11586,2,10,5,0,300,0.5,1700,0.5,1
8,11,14590,1,0,500,0.6,1000,0.2,1400,0.2,1
9,0,12901,1,0,300,0.5,572,0.32,486,0.18,1
9,1,11380,1,0,666,0.42,420,0.58,1
9,2,9617,2,10,5,0,500,0.6,1000,0.2,1400,0.2,1
9,3,6272,0,0,300,0.5,572,0.32,486,0.18,1
9,4,7271,2,10,5,0,500,0.6,1000,0.2,1400,0.2,1
9,5,1794,1,0,300,0.5,572,0.32,486,0.18,1
9,6,1909,2,10,5,0,300,0.5,572,0.32,486,0.18,1
9,7,2430,0,0,666,0.42,420,0.58,1
9,8,11960,0,0,666,0.42,420,0.58,1
9,9,6750,1,0,300,0.5,1700,0.5,1
9,10,6040,2,10,5,0,666,0.42,420,0.58,1
9,11,12155,0,0,500,0.6,1000,0.2,1400,0.2,1
10,0,10142,0,0,666,0.42,420,0.58,1
10,1,11541,1,0,666,0.42,420,0.58,1
10,2,9169,0,0,666,0.42,420,0.58,1
10,3,11632,1,0,300,0.5,1700,0.5,1
10,4,10755,1,0,300,0.5,1700,0.5,1
10,5,10826,1,0,500,0.6,1000,0.2,1400,0.2,1
10,6,1627,2,10,5,0,666,0.42,420,0.58,1
10,7,4665,2,10,5,0,666,0.42,420,0.58,1
10,8,4408,1,0,666,0.42,420,0.58,1
10,9,13836,1,0,666,0.42,420,0.58,1
10,10,8305,1,0,300,0.5,1700,0.5,1
10,11,11068,0,0,300,0.5,572,0.32,486,0.18,1
11,0,9543,1,0,300,0.5,572,0.32,486,0.18,1
11,1,4038,2,10,5,0,300,0.5,572,0.32,486,0.18,1
11,2,11940,1,0,300,0.5,1700,0.5,1
11,3,6954,0,0,300,0.5,572,0.32,486,0.18,1
11,4,1272,1,0,300,0.5,1700,0.5,1
11,5,14389,1,0,666,0.42,420,0.58,1
11,6,1349,0,0,300,0.5,1700,0.5,1
11,7,8131,2,10,5,0,300,0.5,572,0.32,486,0.18,1
11,8,8178,2,10,5,0,666,0.42,420,0.58,1
11,9,9824,0,0,666,0.42,420,0.58,1
11,10,13620,2,10,5,0,300,0.5,572,0.32,486,0.18,1
11,11,11209,1,0,500,0.6,1000,0.2,1400,0.2,1
