0,0,11871,0,0,666,0.42,420,0.58,1
0,1,1606,0,0,500,0.6,1000,0.2,1400,0.2,1
0,2,11995,1,0,500,0.6,1000,0.2,1400,0.2,1
0,3,5216,2,10,5,0,666,0.42,420,0.58,1
0,4,12616,0,0,666,0.42,420,0.58,1
0,5,11216,2,10,5,0,500,0.6,1000,0.2,1400,0.2,1
0,6,7967,1,0,300,0.5,1700,0.5,1
0,7,3555,0,0,300,0.5,572,0.32,486,0.18,1
0,8,4870,1,0,300,0.5,1700,0.5,1
0,9,6536,1,0,500,0.6,1000,0.2,1400,0.2,1
0,10,4371,1,0,500,0.6,1000,0.2,1400,0.2,1
0,11,10800,2,10,5,0,666,0.42,420,0.58,1
1,0,9135,0,0,666,0.42,420,0.58,1
1,1,6526,1,0,300,0.5,572,0.32,486,0.18,1
1,2,170,0,0,300,0.5,572,0.32,486,0.18,0
1,3,4625,2,10,5,0,300,0.5,1700,0.5,1
1,4,13108,2,10,5,0,300,0.5,1700,0.5,1
1,5,14782,1,0,500,0.6,1000,0.2,1400,0.2,1
1,6,804,2,10,5,0,300,0.5,572,0.32,486,0.18,1
1,7,8995,0,0,300,0.5,1700,0.5,1
1,8,5511,1,0,300,0.5,572,0.32,486,0.18,1
1,9,9926,0,0,500,0.6,1000,0.2,1400,0.2,1
1,10,12695,0,0,300,0.5,1700,0.5,1
1,11,5448,2,10,5,0,666,0.42,420,0.58,1
2,0,10930,1,0,300,0.5,572,0.32,486,0.18,1
2,1,10533,2,10,5,0,500,0.6,1000,0.2,1400,0.2,1
2,2,8209,1,0,500,0.6,1000,0.2,1400,0.2,1
2,3,10496,1,0,300,0.5,1700,0.5,1
2,4,9949,1,0,666,0.42,420,0.58,1
2,5,10646,1,0,666,0.42,420,0.58,1
2,6,7496,0,0,666,0.42,420,0.58,1
2,7,10345,2,10,5,0,666,0.42,420,0.58,1
2,8,7114,0,0,500,0.6,1000,0.2,1400,0.2,1
2,9,12660,2,10,5,0,300,0.5,1700,0.5,1
2,10,4968,1,0,666,0.42,420,0.58,1
2,11,838,0,0,666,0.42,420,0.58,1
3,0,8661,0,0,300,0.5,572,0.32,486,0.18,1
3,1,14638,0,0,300,0.5,572,0.32,486,0.18,1
3,2,6140,2,10,5,0,300,0.5,572,0.32,486,0.18,1
3,3,1062,1,0,300,0.5,572,0.32,486,0.18,1
3,4,9686,0,0,500,0.6,1000,0.2,1400,0.2,1
3,5,4444,1,0,300,0.5,1700,0.5,1
3,6,9240,1,0,500,0.6,1000,0.2,1400,0.2,1
3,7,2578,0,0,300,0.5,572,0.32,486,0.18,1
3,8,154,2,10,5,0,500,0.6,1000,0.2,1400,0.2,1
3,9,2564,2,10,5,0,300,0.5,1700,0.5,1
3,10,11213,1,0,500,0.6,1000,0.2,1400,0.2,1
3,11,13094,1,0,300,0.5,1700,0.5,1
4,0,7488,1,0,300,0.5,1700,0.5,1
4,1,5160,2,10,5,0,500,0.6,1000,0.2,1400,0.2,1
4,2,3983,1,0,666,0.42,420,0.58,1
4,3,14212,0,0,300,0.5,1700,0.5,1
4,4,568,0,0,666,0.42,420,0.58,1
4,5,5544,0,0,300,0.5,1700,0.5,1
4,6,5541,1,0,300,0.5,1700,0.5,1
4,7,6227,2,10,5,0,300,0.5,572,0.32,486,0.18,1
4,8,11522,2,10,5,0,500,0.6,1000,0.2,1400,0.2,1
4,9,1658,1,0,300,0.5,572,0.32,486,0.18,1
4,10,2275,2,10,5,0,300,0.5,572,0.32,486,0.18,1
4,11,5090,0,0,500,0.6,1000,0.2,1400,0.2,1
5,0,7753,2,10,5,0,666,0.42,420,0.58,1
5,1,5513,0,0,666,0.42,420,0.58,1
5,2,9562,1,0,500,0.6,1000,0.2,1400,0.2,1
5,3,5330,1,0,300,0.5,572,0.32,486,0.18,1
5,4,6260,1,0,500,0.6,1000,0.2,1400,0.2,1
5,5,12668,0,0,300,0.5,1700,0.5,1
5,6,6897,0,0,300,0.5,1700,0.5,1
5,7,1501,0,0,666,0.42,420,0.58,1
5,8,11528,2,10,5,0,666,0.42,420,0.58,1
5,9,11408,1,0,500,0.6,1000,0.2,1400,0.2,1
5,10,2234,0,0,666,0.42,420,0.58,1
5,11,11041,1,0,666,0.42,420,0.58,1
6,0,11357,1,0,666,0.42,420,0.58,1
6,1,11083,0,0,500,0.6,1000,0.2,1400,0.2,1
6,2,2801,2,10,5,0,300,0.5,1700,0.5,1
6,3,7909,0,0,300,0.5,1700,0.5,1
6,4,3968,2,10,5,0,300,0.5,572,0.32,486,0.18,1
6,5,13011,2,10,5,0,500,0.6,1000,0.2,1400,0.2,1
6,6,9334,0,0,500,0.6,1000,0.2,1400,0.2,1
6,7,14534,1,0,500,0.6,1000,0.2,1400,0.2,1
6,8,13976,0,0,500,0.6,1000,0.2,1400,0.2,1
6,9,49,2,10,5,0,666,0.42,420,0.58,1
6,10,8601,2,10,5,0,500,0.6,1000,0.2,1400,0.2,1
6,11,7710,2,10,5,0,300,0.5,1700,0.5,1
7,0,2211,1,0,300,0.5,1700,0.5,1
7,1,571,0,0,300,0.5,1700,0.5,1
7,2,11659,2,10,5,0,300,0.5,572,0.32,486,0.18,1
7,3,14685,1,0,666,0.42,420,0.58,1
7,4,7147,0,0,300,0.5,1700,0.5,1
7,5,566,1,0,300,0.5,572,0.32,486,0.18,1
7,6,12229,0,0,500,0.6,1000,0.2,1400,0.2,1
7,7,3100,0,0,666,0.42,420,0.58,1
7,8,2045,0,0,500,0.6,1000,0.2,1400,0.2,1
7,9,1729,1,0,300,0.5,572,0.32,486,0.18,1
7,10,10887,2,10,5,0,300,0.5,572,0.32,486,0.18,1
7,11,12012,0,0,500,0.6,1000,0.2,1400,0.2,1
8,0,3133,1,0,666,0.42,420,0.58,1
8,1,10255,1,0,666,0.42,420,0.58,1
8,2,9080,0,0,300,0.5,1700,0.5,1
8,3,5599,0,0,300,0.5,1700,0.5,1
8,4,3150,0,0,300,0.5,1700,0.5,1
8,5,2527,2,10,5,0,666,0.42,420,0.58,1
8,6,723,0,0,300,0.5,1700,0.5,1
8,7,10428,1,0,300,0.5,572,0.32,486,0.18,1
8,8,6579,0,0,500,0.6,1000,0.2,1400,0.2,1
8,9,8760,2,10,5,0,300,0.5,1700,0.5,1
8,10,12617,1,0,300,0.5,572,0.32,486,0.18,1
8,11,10737,1,0,666,0.42,420,0.58,1
9,0,3251,0,0,666,0.42,420,0.58,1
9,1,9539,0,0,300,0.5,572,0.32,486,0.18,1
9,2,768,2,10,5,0,500,0.6,1000,0.2,1400,0.2,1
9,3,13281,2,10,5,0,666,0.42,420,0.58,1
9,4,13723,2,10,5,0,300,0.5,1700,0.5,1
9,5,11050,0,0,500,0.6,1000,0.2,1400,0.2,1
9,6,12778,1,0,300,0.5,1700,0.5,1
9,7,376,2,10,5,0,500,0.6,1000,0.2,1400,0.2,1
9,8,11309,0,0,666,0.42,420,0.58,1
9,9,8149,0,0,300,0.5,1700,0.5,1
9,10,1309,0,0,300,0.5,1700,0.5,1
9,11,9728,2,10,5,0,500,0.6,1000,0.2,1400,0.2,1
10,0,11881,0,0,300,0.5,572,0.32,486,0.18,1
10,1,9509,1,0,500,0.6,1000,0.2,1400,0.2,1
10,2,10881,0,0,300,0.5,572,0.32,486,0.18,1
10,3,421,2,10,5,0,300,0.5,1700,0.5,1
10,4,9466,1,0,300,0.5,572,0.32,486,0.18,1
10,5,9356,1,0,500,0.6,1000,0.2,1400,0.2,1
10,6,3525,1,0,500,0.6,1000,0.2,1400,0.2,1
10,7,9710,2,10,5,0,500,0.6,1000,0.2,1400,0.2,1
10,8,14685,0,0,500,0.6,1000,0.2,1400,0.2,1
10,9,6512,0,0,500,0.6,1000,0.2,1400,0.2,1
10,10,5156,1,0,666,0.42,420,0.58,1
10,11,12389,1,0,666,0.42,420,0.58,1
11,0,7256,1,0,500,0.6,1000,0.2,1400,0.2,1
11,1,8701,0,0,300,0.5,1700,0.5,1
11,2,2714,2,10,5,0,300,0.5,572,0.32,486,0.18,1
11,3,2319,1,0,666,0.42,420,0.58,1
11,4,7491,2,10,5,0,500,0.6,1000,0.2,1400,0.2,1
11,5,5960,0,0,500,0.6,1000,0.2,1400,0.2,1
11,6,9418,0,0,300,0.5,572,0.32,486,0.18,1
11,7,1747,2,10,5,0,300,0.5,1700,0.5,1
11,8,9600,2,10,5,0,666,0.42,420,0.58,1
11,9,6526,1,0,300,0.5,1700,0.5,1
11,10,9567,1,0,500,0.6,1000,0.2,1400,0.2,1
11,11,1471,0,0,300,0.5,572,0.32,486,0.18,1
