0,0,32,1,0,666,0.42,420,0.58,1
0,1,4026,1,0,300,0.5,1700,0.5,1
0,2,4430,0,0,300,0.5,572,0.32,486,0.18,1
0,3,12666,1,0,300,0.5,1700,0.5,1
0,4,11626,2,10,5,0,300,0.5,572,0.32,486,0.18,1
0,5,3994,1,0,300,0.5,572,0.32,486,0.18,1
0,6,4985,2,10,5,0,300,0.5,572,0.32,486,0.18,1
0,7,11188,0,0,300,0.5,1700,0.5,1
0,8,8274,1,0,500,0.6,1000,0.2,1400,0.2,1
0,9,12528,1,0,300,0.5,572,0.32,486,0.18,1
0,10,5547,2,10,5,0,300,0.5,1700,0.5,1
0,11,8559,0,0,300,0.5,572,0.32,486,0.18,1
1,0,9752,1,0,500,0.6,1000,0.2,1400,0.2,1
1,1,1616,0,0,500,0.6,1000,0.2,1400,0.2,1
1,2,3638,2,10,5,0,300,0.5,1700,0.5,0
1,3,7737,1,0,300,0.5,1700,0.5,1
1,4,11935,2,10,5,0,300,0.5,572,0.32,486,0.18,1
1,5,14252,1,0,300,0.5,572,0.32,486,0.18,1
1,6,11337,2,10,5,0,500,0.6,1000,0.2,1400,0.2,1
1,7,13436,0,0,300,0.5,572,0.32,486,0.18,1
1,8,2972,2,10,5,0,300,0.5,1700,0.5,1
1,9,14854,2,10,5,0,666,0.42,420,0.58,1
1,10,14004,1,0,500,0.6,1000,0.2,1400,0.2,1
1,11,4845,1,0,666,0.42,420,0.58,1
2,0,2399,2,10,5,0,300,0.5,572,0.32,486,0.18,1
2,1,4907,0,0,300,0.5,1700,0.5,1
2,2,12665,2,10,5,0,300,0.5,572,0.32,486,0.18,1
2,3,8987,0,0,300,0.5,1700,0.5,1
2,4,2950,1,0,666,0.42,420,0.58,1
2,5,13742,0,0,666,0.42,420,0.58,1
2,6,4125,2,10,5,0,500,0.6,1000,0.2,1400,0.2,1
2,7,6644,1,0,666,0.42,420,0.58,1
2,8,9054,1,0,300,0.5,1700,0.5,1
2,9,8669,0,0,500,0.6,1000,0.2,1400,0.2,1
2,10,4573,1,0,500,0.6,1000,0.2,1400,0.2,1
2,11,3979,2,10,5,0,666,0.42,420,0.58,1
3,0,11830,2,10,5,0,500,0.6,1000,0.2,1400,0.2,1
3,1,8921,0,0,300,0.5,1700,0.5,1
3,2,2924,2,10,5,0,300,0.5,572,0.32,486,0.18,1
3,3,2647,1,0,666,0.42,420,0.58,1
3,4,355,2,10,5,0,666,0.42,420,0.58,1
3,5,10483,0,0,500,0.6,1000,0.2,1400,0.2,1
3,6,1865,1,0,666,0.42,420,0.58,1
3,7,409,1,0,300,0.5,1700,0.5,1
3,8,11000,2,10,5,0,666,0.42,420,0.58,1
3,9,5606,1,0,666,0.42,420,0.58,1
3,10,3057,0,0,500,0.6,1000,0.2,1400,0.2,1
3,11,11593,1,0,666,0.42,420,0.58,1
4,0,10949,0,0,300,0.5,1700,0.5,1
4,1,8734,2,10,5,0,300,0.5,572,0.32,486,0.18,1
4,2,12729,1,0,666,0.42,420,0.58,1
4,3,8178,1,0,666,0.42,420,0.58,1
4,4,4720,1,0,666,0.42,420,0.58,1
4,5,10356,0,0,666,0.42,420,0.58,1
4,6,7554,1,0,666,0.42,420,0.58,1
4,7,13693,1,0,300,0.5,572,0.32,486,0.18,1
4,8,13840,1,0,666,0.42,420,0.58,1
4,9,12088,2,10,5,0,666,0.42,420,0.58,1
4,10,6432,0,0,300,0.5,1700,0.5,1
4,11,10402,1,0,300,0.5,572,0.32,486,0.18,1
5,0,14403,1,0,300,0.5,572,0.32,486,0.18,1
5,1,7356,0,0,500,0.6,1000,0.2,1400,0.2,1
5,2,5879,1,0,500,0.6,1000,0.2,1400,0.2,1
5,3,13635,1,0,300,0.5,572,0.32,486,0.18,1
5,4,8358,2,10,5,0,500,0.6,1000,0.2,1400,0.2,1
5,5,6583,1,0,666,0.42,420,0.58,1
5,6,4515,0,0,500,0.6,1000,0.2,1400,0.2,1
5,7,7250,0,0,500,0.6,1000,0.2,1400,0.2,1
5,8,14095,2,10,5,0,500,0.6,1000,0.2,1400,0.2,1
5,9,14441,1,0,300,0.5,572,0.32,486,0.18,1
5,10,1237,1,0,300,0.5,572,0.32,486,0.18,1
5,11,9011,1,0,300,0.5,1700,0.5,1
6,0,2150,2,10,5,0,300,0.5,1700,0.5,1
6,1,14436,0,0,300,0.5,572,0.32,486,0.18,1
6,2,11324,2,10,5,0,300,0.5,1700,0.5,1
6,3,12890,1,0,300,0.5,572,0.32,486,0.18,1
6,4,3923,0,0,666,0.42,420,0.58,1
6,5,1550,0,0,500,0.6,1000,0.2,1400,0.2,1
6,6,4139,2,10,5,0,500,0.6,1000,0.2,1400,0.2,1
6,7,3971,2,10,5,0,300,0.5,572,0.32,486,0.18,1
6,8,11804,1,0,300,0.5,1700,0.5,1
6,9,2059,1,0,300,0.5,1700,0.5,1
6,10,8555,2,10,5,0,300,0.5,1700,0.5,1
6,11,8001,2,10,5,0,666,0.42,420,0.58,1
7,0,7945,1,0,300,0.5,572,0.32,486,0.18,1
7,1,9739,2,10,5,0,500,0.6,1000,0.2,1400,0.2,1
7,2,1924,1,0,666,0.42,420,0.58,1
7,3,11890,2,10,5,0,666,0.42,420,0.58,1
7,4,11316,0,0,300,0.5,1700,0.5,1
7,5,12386,0,0,666,0.42,420,0.58,1
7,6,6753,1,0,300,0.5,1700,0.5,1
7,7,10286,0,0,500,0.6,1000,0.2,1400,0.2,1
7,8,10034,2,10,5,0,300,0.5,1700,0.5,1
7,9,976,2,10,5,0,300,0.5,572,0.32,486,0.18,1
7,10,11258,1,0,300,0.5,1700,0.5,1
7,11,10038,0,0,300,0.5,572,0.32,486,0.18,1
8,0,7451,2,10,5,0,666,0.42,420,0.58,1
8,1,10433,1,0,666,0.42,420,0.58,1
8,2,3596,0,0,300,0.5,1700,0.5,1
8,3,13054,1,0,300,0.5,572,0.32,486,0.18,1
8,4,12024,2,10,5,0,300,0.5,1700,0.5,1
8,5,294,1,0,666,0.42,420,0.58,1
8,6,9767,0,0,666,0.42,420,0.58,1
8,7,2399,1,0,666,0.42,420,0.58,1
8,8,4027,2,10,5,0,500,0.6,1000,0.2,1400,0.2,1
8,9,1458,2,10,5,0,666,0.42,420,0.58,1
8,10,3287,0,0,500,0.6,1000,0.2,1400,0.2,1
8,11,12503,2,10,5,0,300,0.5,1700,0.5,1
9,0,2087,0,0,666,0.42,420,0.58,1
9,1,4793,2,10,5,0,300,0.5,572,0.32,486,0.18,1
9,2,1855,2,10,5,0,300,0.5,1700,0.5,1
9,3,190,0,0,500,0.6,1000,0.2,1400,0.2,1
9,4,13100,2,10,5,0,500,0.6,1000,0.2,1400,0.2,1
9,5,6482,0,0,500,0.6,1000,0.2,1400,0.2,1
9,6,4598,1,0,500,0.6,1000,0.2,1400,0.2,1
9,7,4885,0,0,300,0.5,572,0.32,486,0.18,1
9,8,10291,2,10,5,0,500,0.6,1000,0.2,1400,0.2,1
9,9,4237,0,0,300,0.5,572,0.32,486,0.18,1
9,10,3475,1,0,666,0.42,420,0.58,1
9,11,10983,0,0,500,0.6,1000,0.2,1400,0.2,1
10,0,236,0,0,666,0.42,420,0.58,1
10,1,7222,0,0,666,0.42,420,0.58,1
10,2,13446,2,10,5,0,500,0.6,1000,0.2,1400,0.2,1
10,3,10709,1,0,666,0.42,420,0.58,1
10,4,14470,0,0,666,0.42,420,0.58,1
10,5,3647,2,10,5,0,666,0.42,420,0.58,1
10,6,3970,1,0,666,0.42,420,0.58,1
10,7,13399,1,0,666,0.42,420,0.58,1
10,8,975,2,10,5,0,300,0.5,572,0.32,486,0.18,1
10,9,7409,0,0,666,0.42,420,0.58,1
10,10,13657,2,10,5,0,666,0.42,420,0.58,1
10,11,13217,2,10,5,0,666,0.42,420,0.58,1
11,0,8473,0,0,300,0.5,572,0.32,486,0.18,1
11,1,14300,0,0,300,0.5,572,0.32,486,0.18,1
11,2,4366,0,0,666,0.42,420,0.58,1
11,3,11211,0,0,300,0.5,572,0.32,486,0.18,1
11,4,11575,1,0,666,0.42,420,0.58,1
11,5,8619,1,0,666,0.42,420,0.58,1
11,6,855,2,10,5,0,666,0.42,420,0.58,1
11,7,3369,1,0,300,0.5,572,0.32,486,0.18,1
11,8,3867,2,10,5,0,500,0.6,1000,0.2,1400,0.2,1
11,9,6619,2,10,5,0,500,0.6,1000,0.2,1400,0.2,1
11,10,1753,2,10,5,0,500,0.6,1000,0.2,1400,0.2,1
11,11,4023,2,10,5,0,500,0.6,1000,0.2,1400,0.2,1
