0,0,7541,1,0,300,0.5,1700,0.5,1
0,1,1398,0,0,500,0.6,1000,0.2,1400,0.2,1
0,2,6126,1,0,500,0.6,1000,0.2,1400,0.2,1
0,3,13607,1,0,666,0.42,420,0.58,1
0,4,12953,2,10,5,0,300,0.5,1700,0.5,1
0,5,2482,1,0,500,0.6,1000,0.2,1400,0.2,1
0,6,8841,0,0,300,0.5,1700,0.5,1
0,7,317,0,0,300,0.5,572,0.32,486,0.18,1
0,8,13868,0,0,500,0.6,1000,0.2,1400,0.2,1
0,9,2349,2,10,5,0,300,0.5,1700,0.5,1
0,10,2165,2,10,5,0,500,0.6,1000,0.2,1400,0.2,1
0,11,5255,2,10,5,0,666,0.42,420,0.58,1
1,0,12037,1,0,500,0.6,1000,0.2,1400,0.2,1
1,1,6600,2,10,5,0,500,0.6,1000,0.2,1400,0.2,1
1,2,5121,1,0,300,0.5,1700,0.5,0
1,3,9886,1,0,300,0.5,1700,0.5,1
1,4,13175,2,10,5,0,300,0.5,572,0.32,486,0.18,1
1,5,12892,0,0,500,0.6,1000,0.2,1400,0.2,1
1,6,11906,2,10,5,0,300,0.5,572,0.32,486,0.18,1
1,7,1733,1,0,500,0.6,1000,0.2,1400,0.2,1
1,8,971,1,0,300,0.5,572,0.32,486,0.18,1
1,9,12832,2,10,5,0,300,0.5,1700,0.5,1
1,10,10707,2,10,5,0,500,0.6,1000,0.2,1400,0.2,1
1,11,1327,2,10,5,0,300,0.5,1700,0.5,1
2,0,13316,2,10,5,0,500,0.6,1000,0.2,1400,0.2,1
2,1,8477,2,10,5,0,300,0.5,1700,0.5,1
2,2,6526,1,0,500,0.6,1000,0.2,1400,0.2,1
2,3,3686,2,10,5,0,300,0.5,1700,0.5,1
2,4,10842,2,10,5,0,300,0.5,1700,0.5,1
2,5,7848,0,0,300,0.5,572,0.32,486,0.18,1
2,6,13345,1,0,666,0.42,420,0.58,1
2,7,386,0,0,500,0.6,1000,0.2,1400,0.2,1
2,8,9976,1,0,300,0.5,1700,0.5,1
2,9,5786,2,10,5,0,666,0.42,420,0.58,1
2,10,8956,2,10,5,0,500,0.6,1000,0.2,1400,0.2,1
2,11,13812,0,0,300,0.5,1700,0.5,1
3,0,4727,0,0,300,0.5,572,0.32,486,0.18,1
3,1,2826,2,10,5,0,500,0.6,1000,0.2,1400,0.2,1
3,2,4368,0,0,500,0.6,1000,0.2,1400,0.2,1
3,3,737,1,0,500,0.6,1000,0.2,1400,0.2,1
3,4,1089,0,0,300,0.5,1700,0.5,1
3,5,12388,0,0,300,0.5,1700,0.5,1
3,6,1340,0,0,500,0.6,1000,0.2,1400,0.2,1
3,7,1699,2,10,5,0,300,0.5,572,0.32,486,0.18,1
3,8,10275,0,0,300,0.5,572,0.32,486,0.18,1
3,9,3542,2,10,5,0,300,0.5,1700,0.5,1
3,10,10426,2,10,5,0,300,0.5,572,0.32,486,0.18,1
3,11,13687,2,10,5,0,500,0.6,1000,0.2,1400,0.2,1
4,0,14302,2,10,5,0,300,0.5,572,0.32,486,0.18,1
4,1,9592,2,10,5,0,500,0.6,1000,0.2,1400,0.2,1
4,2,6046,1,0,300,0.5,1700,0.5,1
4,3,4063,2,10,5,0,300,0.5,1700,0.5,1
4,4,8282,1,0,300,0.5,572,0.32,486,0.18,1
4,5,11460,0,0,666,0.42,420,0.58,1
4,6,10878,2,10,5,0,500,0.6,1000,0.2,1400,0.2,1
4,7,8499,0,0,300,0.5,1700,0.5,1
4,8,14122,0,0,500,0.6,1000,0.2,1400,0.2,1
4,9,3027,0,0,500,0.6,1000,0.2,1400,0.2,1
4,10,5119,1,0,500,0.6,1000,0.2,1400,0.2,1
4,11,5512,1,0,300,0.5,1700,0.5,1
5,0,6412,0,0,300,0.5,1700,0.5,1
5,1,12131,0,0,300,0.5,1700,0.5,1
5,2,667,0,0,300,0.5,1700,0.5,1
5,3,11903,0,0,300,0.5,1700,0.5,1
5,4,1510,1,0,300,0.5,572,0.32,486,0.18,1
5,5,14149,0,0,300,0.5,1700,0.5,1
5,6,907,2,10,5,0,300,0.5,1700,0.5,1
5,7,6005,2,10,5,0,300,0.5,572,0.32,486,0.18,1
5,8,8577,0,0,666,0.42,420,0.58,1
5,9,9435,2,10,5,0,300,0.5,1700,0.5,1
5,10,3032,0,0,500,0.6,1000,0.2,1400,0.2,1
5,11,9866,2,10,5,0,500,0.6,1000,0.2,1400,0.2,1
6,0,12423,0,0,666,0.42,420,0.58,1
6,1,12350,1,0,300,0.5,1700,0.5,1
6,2,9009,0,0,666,0.42,420,0.58,1
6,3,9590,1,0,500,0.6,1000,0.2,1400,0.2,1
6,4,3518,0,0,300,0.5,1700,0.5,1
6,5,8775,1,0,500,0.6,1000,0.2,1400,0.2,1
6,6,12451,1,0,500,0.6,1000,0.2,1400,0.2,1
6,7,9605,2,10,5,0,300,0.5,1700,0.5,1
6,8,14819,1,0,300,0.5,1700,0.5,1
6,9,237,0,0,666,0.42,420,0.58,1
6,10,6524,2,10,5,0,300,0.5,572,0.32,486,0.18,1
6,11,14886,1,0,300,0.5,1700,0.5,1
7,0,8558,2,10,5,0,300,0.5,572,0.32,486,0.18,1
7,1,2436,0,0,666,0.42,420,0.58,1
7,2,10273,2,10,5,0,666,0.42,420,0.58,1
7,3,4026,2,10,5,0,300,0.5,1700,0.5,1
7,4,12578,0,0,300,0.5,1700,0.5,1
7,5,13530,2,10,5,0,300,0.5,1700,0.5,1
7,6,1776,1,0,500,0.6,1000,0.2,1400,0.2,1
7,7,3817,1,0,300,0.5,572,0.32,486,0.18,1
7,8,12016,0,0,666,0.42,420,0.58,1
7,9,14309,0,0,300,0.5,572,0.32,486,0.18,1
7,10,11558,1,0,500,0.6,1000,0.2,1400,0.2,1
7,11,3339,2,10,5,0,300,0.5,572,0.32,486,0.18,1
8,0,2431,0,0,500,0.6,1000,0.2,1400,0.2,1
8,1,10750,0,0,500,0.6,1000,0.2,1400,0.2,1
8,2,7451,1,0,300,0.5,572,0.32,486,0.18,1
8,3,3728,0,0,300,0.5,1700,0.5,1
8,4,7461,0,0,300,0.5,572,0.32,486,0.18,1
8,5,13358,1,0,500,0.6,1000,0.2,1400,0.2,1
8,6,3137,1,0,500,0.6,1000,0.2,1400,0.2,1
8,7,3342,1,0,500,0.6,1000,0.2,1400,0.2,1
8,8,10334,1,0,300,0.5,572,0.32,486,0.18,1
8,9,10139,0,0,300,0.5,572,0.32,486,0.18,1
8,10,1053,0,0,300,0.5,1700,0.5,1
8,11,5009,1,0,666,0.42,420,0.58,1
9,0,11467,2,10,5,0,300,0.5,572,0.32,486,0.18,1
9,1,11064,0,0,666,0.42,420,0.58,1
9,2,7651,2,10,5,0,500,0.6,1000,0.2,1400,0.2,1
9,3,647,2,10,5,0,500,0.6,1000,0.2,1400,0.2,1
9,4,383,0,0,300,0.5,572,0.32,486,0.18,1
9,5,7517,2,10,5,0,300,0.5,1700,0.5,1
9,6,2653,2,10,5,0,300,0.5,572,0.32,486,0.18,1
9,7,12881,2,10,5,0,666,0.42,420,0.58,1
9,8,13507,0,0,300,0.5,1700,0.5,1
9,9,9399,2,10,5,0,300,0.5,1700,0.5,1
9,10,7465,2,10,5,0,300,0.5,1700,0.5,1
9,11,9569,1,0,666,0.42,420,0.58,1
10,0,14938,2,10,5,0,300,0.5,1700,0.5,1
10,1,13301,0,0,300,0.5,572,0.32,486,0.18,1
10,2,4413,0,0,300,0.5,1700,0.5,1
10,3,13887,0,0,300,0.5,572,0.32,486,0.18,1
10,4,11155,0,0,666,0.42,420,0.58,1
10,5,5751,0,0,500,0.6,1000,0.2,1400,0.2,1
10,6,4436,0,0,300,0.5,1700,0.5,1
10,7,10467,0,0,300,0.5,572,0.32,486,0.18,1
10,8,13549,1,0,300,0.5,1700,0.5,1
10,9,13407,0,0,666,0.42,420,0.58,1
10,10,6194,0,0,500,0.6,1000,0.2,1400,0.2,1
10,11,14355,1,0,300,0.5,1700,0.5,1
11,0,2148,0,0,666,0.42,420,0.58,1
11,1,6664,0,0,300,0.5,572,0.32,486,0.18,1
11,2,13194,0,0,300,0.5,1700,0.5,1
11,3,11742,2,10,5,0,300,0.5,1700,0.5,1
11,4,6894,2,10,5,0,300,0.5,572,0.32,486,0.18,1
11,5,1405,2,10,5,0,300,0.5,572,0.32,486,0.18,1
11,6,4553,1,0,666,0.42,420,0.58,1
11,7,11489,0,0,500,0.6,1000,0.2,1400,0.2,1
11,8,162,0,0,500,0.6,1000,0.2,1400,0.2,1
11,9,2966,1,0,300,0.5,572,0.32,486,0.18,1
11,10,13036,0,0,666,0.42,420,0.58,1
11,11,1419,1,0,300,0.5,572,0.32,486,0.18,1
