0,0,1186,1,0,500,0.6,1000,0.2,1400,0.2,1
0,1,1424,0,0,500,0.6,1000,0.2,1400,0.2,1
0,2,12529,0,0,500,0.6,1000,0.2,1400,0.2,1
0,3,9007,0,0,300,0.5,1700,0.5,1
0,4,9634,2,10,5,0,300,0.5,1700,0.5,1
0,5,5869,2,10,5,0,500,0.6,1000,0.2,1400,0.2,1
0,6,11019,0,0,500,0.6,1000,0.2,1400,0.2,1
0,7,10696,0,0,300,0.5,572,0.32,486,0.18,1
0,8,5462,1,0,300,0.5,1700,0.5,1
0,9,3957,1,0,500,0.6,1000,0.2,1400,0.2,1
0,10,495,0,0,666,0.42,420,0.58,1
0,11,4641,0,0,300,0.5,1700,0.5,1
1,0,4272,1,0,300,0.5,1700,0.5,1
1,1,12419,0,0,300,0.5,572,0.32,486,0.18,1
1,2,4681,2,10,5,0,500,0.6,1000,0.2,1400,0.2,0
1,3,6228,2,10,5,0,666,0.42,420,0.58,1
1,4,6077,0,0,300,0.5,572,0.32,486,0.18,1
1,5,1829,1,0,300,0.5,1700,0.5,1
1,6,14005,1,0,666,0.42,420,0.58,1
1,7,1347,0,0,300,0.5,1700,0.5,1
1,8,5216,2,10,5,0,666,0.42,420,0.58,1
1,9,595,1,0,500,0.6,1000,0.2,1400,0.2,1
1,10,12048,2,10,5,0,300,0.5,572,0.32,486,0.18,1
1,11,14128,2,10,5,0,300,0.5,1700,0.5,1
2,0,6199,1,0,666,0.42,420,0.58,1
2,1,10098,2,10,5,0,300,0.5,572,0.32,486,0.18,1
2,2,14571,2,10,5,0,666,0.42,420,0.58,1
2,3,9299,0,0,300,0.5,572,0.32,486,0.18,1
2,4,14530,1,0,300,0.5,1700,0.5,1
2,5,8820,0,0,500,0.6,1000,0.2,1400,0.2,1
2,6,1270,2,10,5,0,300,0.5,572,0.32,486,0.18,1
2,7,2911,1,0,666,0.42,420,0.58,1
2,8,10916,1,0,500,0.6,1000,0.2,1400,0.2,1
2,9,4400,1,0,300,0.5,572,0.32,486,0.18,1
2,10,13708,0,0,300,0.5,572,0.32,486,0.18,1
2,11,12728,2,10,5,0,666,0.42,420,0.58,1
3,0,539,2,10,5,0,500,0.6,1000,0.2,1400,0.2,1
3,1,1866,0,0,300,0.5,1700,0.5,1
3,2,12814,1,0,666,0.42,420,0.58,1
3,3,3531,2,10,5,0,300,0.5,1700,0.5,1
3,4,1590,0,0,300,0.5,572,0.32,486,0.18,1
3,5,9608,0,0,300,0.5,572,0.32,486,0.18,1
3,6,10416,1,0,500,0.6,1000,0.2,1400,0.2,1
3,7,3979,2,10,5,0,300,0.5,1700,0.5,1
3,8,4994,2,10,5,0,300,0.5,1700,0.5,1
3,9,10155,2,10,5,0,300,0.5,1700,0.5,1
3,10,12665,1,0,666,0.42,420,0.58,1
3,11,6619,1,0,300,0.5,1700,0.5,1
4,0,9909,1,0,300,0.5,1700,0.5,1
4,1,4596,1,0,300,0.5,1700,0.5,1
4,2,7765,1,0,500,0.6,1000,0.2,1400,0.2,1
4,3,10397,2,10,5,0,500,0.6,1000,0.2,1400,0.2,1
4,4,12320,1,0,500,0.6,1000,0.2,1400,0.2,1
4,5,14364,0,0,300,0.5,1700,0.5,1
4,6,9949,0,0,300,0.5,572,0.32,486,0.18,1
4,7,2318,1,0,300,0.5,572,0.32,486,0.18,1
4,8,4083,0,0,500,0.6,1000,0.2,1400,0.2,1
4,9,7067,0,0,300,0.5,1700,0.5,1
4,10,9092,2,10,5,0,500,0.6,1000,0.2,1400,0.2,1
4,11,13398,0,0,666,0.42,420,0.58,1
5,0,8845,1,0,300,0.5,1700,0.5,1
5,1,13096,2,10,5,0,300,0.5,1700,0.5,1
5,2,14997,0,0,300,0.5,1700,0.5,1
5,3,1702,0,0,300,0.5,572,0.32,486,0.18,1
5,4,9536,2,10,5,0,300,0.5,1700,0.5,1
5,5,5655,0,0,500,0.6,1000,0.2,1400,0.2,1
5,6,6814,1,0,500,0.6,1000,0.2,1400,0.2,1
5,7,11993,2,10,5,0,300,0.5,1700,0.5,1
5,8,7216,1,0,300,0.5,572,0.32,486,0.18,1
5,9,13051,2,10,5,0,666,0.42,420,0.58,1
5,10,11136,1,0,500,0.6,1000,0.2,1400,0.2,1
5,11,14435,0,0,500,0.6,1000,0.2,1400,0.2,1
6,0,7517,1,0,500,0.6,1000,0.2,1400,0.2,1
6,1,3675,1,0,500,0.6,1000,0.2,1400,0.2,1
6,2,4926,2,10,5,0,666,0.42,420,0.58,1
6,3,3770,0,0,300,0.5,572,0.32,486,0.18,1
6,4,6233,0,0,666,0.42,420,0.58,1
6,5,199,0,0,300,0.5,1700,0.5,1
6,6,7368,2,10,5,0,666,0.42,420,0.58,1
6,7,7963,0,0,666,0.42,420,0.58,1
6,8,10876,0,0,300,0.5,1700,0.5,1
6,9,12174,2,10,5,0,500,0.6,1000,0.2,1400,0.2,1
6,10,291,1,0,666,0.42,420,0.58,1
6,11,8215,0,0,666,0.42,420,0.58,1
7,0,10385,2,10,5,0,500,0.6,1000,0.2,1400,0.2,1
7,1,7948,2,10,5,0,300,0.5,572,0.32,486,0.18,1
7,2,10104,2,10,5,0,300,0.5,1700,0.5,1
7,3,14108,2,10,5,0,500,0.6,1000,0.2,1400,0.2,1
7,4,9447,1,0,666,0.42,420,0.58,1
7,5,14459,1,0,300,0.5,572,0.32,486,0.18,1
7,6,2266,2,10,5,0,300,0.5,572,0.32,486,0.18,1
7,7,3554,1,0,300,0.5,572,0.32,486,0.18,1
7,8,7922,0,0,300,0.5,1700,0.5,1
7,9,1470,1,0,300,0.5,1700,0.5,1
7,10,5728,2,10,5,0,500,0.6,1000,0.2,1400,0.2,1
7,11,8566,2,10,5,0,666,0.42,420,0.58,1
8,0,8131,0,0,300,0.5,572,0.32,486,0.18,1
8,1,753,1,0,300,0.5,572,0.32,486,0.18,1
8,2,5281,0,0,300,0.5,572,0.32,486,0.18,1
8,3,3978,1,0,300,0.5,572,0.32,486,0.18,1
8,4,13091,0,0,300,0.5,572,0.32,486,0.18,1
8,5,10133,1,0,666,0.42,420,0.58,1
8,6,9424,1,0,666,0.42,420,0.58,1
8,7,3799,2,10,5,0,300,0.5,572,0.32,486,0.18,1
8,8,1832,0,0,300,0.5,1700,0.5,1
8,9,14031,0,0,666,0.42,420,0.58,1
8,10,9705,1,0,666,0.42,420,0.58,1
8,11,12411,0,0,300,0.5,1700,0.5,1
9,0,10955,1,0,666,0.42,420,0.58,1
9,1,4420,0,0,300,0.5,572,0.32,486,0.18,1
9,2,10124,2,10,5,0,300,0.5,1700,0.5,1
9,3,7846,1,0,300,0.5,1700,0.5,1
9,4,8507,2,10,5,0,500,0.6,1000,0.2,1400,0.2,1
9,5,5388,2,10,5,0,500,0.6,1000,0.2,1400,0.2,1
9,6,964,1,0,300,0.5,572,0.32,486,0.18,1
9,7,8407,1,0,666,0.42,420,0.58,1
9,8,7180,1,0,300,0.5,572,0.32,486,0.18,1
9,9,14270,1,0,666,0.42,420,0.58,1
9,10,6571,0,0,300,0.5,1700,0.5,1
9,11,12371,0,0,300,0.5,1700,0.5,1
10,0,10659,0,0,500,0.6,1000,0.2,1400,0.2,1
10,1,4843,0,0,666,0.42,420,0.58,1
10,2,3207,2,10,5,0,666,0.42,420,0.58,1
10,3,12308,1,0,300,0.5,1700,0.5,1
10,4,8417,2,10,5,0,300,0.5,1700,0.5,1
10,5,14461,1,0,500,0.6,1000,0.2,1400,0.2,1
10,6,2266,1,0,300,0.5,1700,0.5,1
10,7,3397,2,10,5,0,666,0.42,420,0.58,1
10,8,13182,2,10,5,0,500,0.6,1000,0.2,1400,0.2,1
10,9,5686,2,10,5,0,300,0.5,572,0.32,486,0.18,1
10,10,4452,2,10,5,0,300,0.5,1700,0.5,1
10,11,11084,2,10,5,0,300,0.5,1700,0.5,1
11,0,13410,2,10,5,0,300,0.5,572,0.32,486,0.18,1
11,1,14305,0,0,300,0.5,572,0.32,486,0.18,1
11,2,4933,2,10,5,0,500,0.6,1000,0.2,1400,0.2,1
11,3,6368,0,0,300,0.5,1700,0.5,1
11,4,10012,1,0,500,0.6,1000,0.2,1400,0.2,1
11,5,8967,2,10,5,0,666,0.42,420,0.58,1
11,6,1155,2,10,5,0,666,0.42,420,0.58,1
11,7,633,2,10,5,0,500,0.6,1000,0.2,1400,0.2,1
11,8,11577,0,0,300,0.5,1700,0.5,1
11,9,7605,0,0,666,0.42,420,0.58,1
11,10,5317,0,0,300,0.5,1700,0.5,1
11,11,8309,2,10,5,0,300,0.5,572,0.32,486,0.18,1
