0,0,11297,1,0,300,0.5,572,0.32,486,0.18,1
0,1,9218,1,0,666,0.42,420,0.58,1
0,2,1122,2,10,5,0,666,0.42,420,0.58,1
0,3,1739,0,0,666,0.42,420,0.58,1
0,4,7547,2,10,5,0,300,0.5,572,0.32,486,0.18,1
0,5,405,0,0,666,0.42,420,0.58,1
0,6,226,2,10,5,0,666,0.42,420,0.58,1
0,7,10116,1,0,500,0.6,1000,0.2,1400,0.2,1
0,8,10520,1,0,300,0.5,572,0.32,486,0.18,1
0,9,8686,1,0,300,0.5,572,0.32,486,0.18,1
0,10,8182,1,0,300,0.5,572,0.32,486,0.18,1
0,11,9502,1,0,300,0.5,572,0.32,486,0.18,1
1,0,4164,0,0,300,0.5,1700,0.5,1
1,1,12567,0,0,666,0.42,420,0.58,1
1,2,4367,1,0,500,0.6,1000,0.2,1400,0.2,0
1,3,3060,1,0,300,0.5,572,0.32,486,0.18,1
1,4,904,1,0,300,0.5,572,0.32,486,0.18,1
1,5,13588,2,10,5,0,666,0.42,420,0.58,1
1,6,8627,2,10,5,0,500,0.6,1000,0.2,1400,0.2,1
1,7,5291,2,10,5,0,500,0.6,1000,0.2,1400,0.2,1
1,8,12466,1,0,666,0.42,420,0.58,1
1,9,12563,2,10,5,0,500,0.6,1000,0.2,1400,0.2,1
1,10,10886,2,10,5,0,300,0.5,1700,0.5,1
1,11,12020,2,10,5,0,300,0.5,572,0.32,486,0.18,1
2,0,309,0,0,666,0.42,420,0.58,1
2,1,9330,2,10,5,0,300,0.5,1700,0.5,1
2,2,9229,1,0,666,0.42,420,0.58,1
2,3,4290,2,10,5,0,666,0.42,420,0.58,1
2,4,6025,0,0,300,0.5,572,0.32,486,0.18,1
2,5,1706,2,10,5,0,300,0.5,572,0.32,486,0.18,1
2,6,5440,1,0,666,0.42,420,0.58,1
2,7,13865,1,0,500,0.6,1000,0.2,1400,0.2,1
2,8,9077,2,10,5,0,666,0.42,420,0.58,1
2,9,2239,0,0,300,0.5,572,0.32,486,0.18,1
2,10,12266,2,10,5,0,500,0.6,1000,0.2,1400,0.2,1
2,11,407,1,0,500,0.6,1000,0.2,1400,0.2,1
3,0,439,1,0,300,0.5,1700,0.5,1
3,1,6345,0,0,300,0.5,572,0.32,486,0.18,1
3,2,442,1,0,666,0.42,420,0.58,1
3,3,4850,0,0,500,0.6,1000,0.2,1400,0.2,1
3,4,8198,0,0,300,0.5,572,0.32,486,0.18,1
3,5,11609,1,0,300,0.5,572,0.32,486,0.18,1
3,6,5846,1,0,300,0.5,572,0.32,486,0.18,1
3,7,7311,2,10,5,0,300,0.5,1700,0.5,1
3,8,10379,1,0,666,0.42,420,0.58,1
3,9,13739,0,0,300,0.5,572,0.32,486,0.18,1
3,10,9150,0,0,666,0.42,420,0.58,1
3,11,5326,0,0,300,0.5,1700,0.5,1
4,0,10877,2,10,5,0,666,0.42,420,0.58,1
4,1,13616,1,0,500,0.6,1000,0.2,1400,0.2,1
4,2,12365,1,0,300,0.5,572,0.32,486,0.18,1
4,3,670,0,0,500,0.6,1000,0.2,1400,0.2,1
4,4,11270,0,0,666,0.42,420,0.58,1
4,5,7352,1,0,500,0.6,1000,0.2,1400,0.2,1
4,6,9491,1,0,300,0.5,1700,0.5,1
4,7,9873,2,10,5,0,300,0.5,572,0.32,486,0.18,1
4,8,12538,2,10,5,0,500,0.6,1000,0.2,1400,0.2,1
4,9,5200,1,0,300,0.5,572,0.32,486,0.18,1
4,10,1411,1,0,300,0.5,1700,0.5,1
4,11,6322,2,10,5,0,666,0.42,420,0.58,1
5,0,837,0,0,300,0.5,1700,0.5,1
5,1,13555,2,10,5,0,666,0.42,420,0.58,1
5,2,6934,2,10,5,0,300,0.5,1700,0.5,1
5,3,1480,0,0,300,0.5,1700,0.5,1
5,4,5745,0,0,500,0.6,1000,0.2,1400,0.2,1
5,5,7457,1,0,500,0.6,1000,0.2,1400,0.2,1
5,6,12607,2,10,5,0,500,0.6,1000,0.2,1400,0.2,1
5,7,8318,1,0,300,0.5,1700,0.5,1
5,8,3996,1,0,666,0.42,420,0.58,1
5,9,12110,2,10,5,0,666,0.42,420,0.58,1
5,10,13375,0,0,500,0.6,1000,0.2,1400,0.2,1
5,11,14726,0,0,300,0.5,572,0.32,486,0.18,1
6,0,9656,0,0,300,0.5,572,0.32,486,0.18,1
6,1,2673,1,0,300,0.5,1700,0.5,1
6,2,9556,1,0,666,0.42,420,0.58,1
6,3,12652,2,10,5,0,300,0.5,1700,0.5,1
6,4,12576,2,10,5,0,300,0.5,1700,0.5,1
6,5,5883,0,0,666,0.42,420,0.58,1
6,6,6218,1,0,300,0.5,1700,0.5,1
6,7,1735,2,10,5,0,300,0.5,572,0.32,486,0.18,1
6,8,4668,2,10,5,0,300,0.5,572,0.32,486,0.18,1
6,9,5328,0,0,666,0.42,420,0.58,1
6,10,13374,1,0,666,0.42,420,0.58,1
6,11,13297,2,10,5,0,666,0.42,420,0.58,1
7,0,7298,2,10,5,0,500,0.6,1000,0.2,1400,0.2,1
7,1,10380,0,0,300,0.5,1700,0.5,1
7,2,11818,2,10,5,0,300,0.5,572,0.32,486,0.18,1
7,3,12810,0,0,300,0.5,572,0.32,486,0.18,1
7,4,5423,1,0,300,0.5,1700,0.5,1
7,5,7876,2,10,5,0,666,0.42,420,0.58,1
7,6,469,0,0,300,0.5,1700,0.5,1
7,7,14583,2,10,5,0,500,0.6,1000,0.2,1400,0.2,1
7,8,1243,0,0,666,0.42,420,0.58,1
7,9,524,1,0,666,0.42,420,0.58,1
7,10,12470,1,0,300,0.5,572,0.32,486,0.18,1
7,11,2662,1,0,300,0.5,1700,0.5,1
8,0,6097,2,10,5,0,300,0.5,572,0.32,486,0.18,1
8,1,3538,2,10,5,0,666,0.42,420,0.58,1
8,2,3179,1,0,666,0.42,420,0.58,1
8,3,7678,1,0,666,0.42,420,0.58,1
8,4,14729,2,10,5,0,300,0.5,1700,0.5,1
8,5,3807,0,0,500,0.6,1000,0.2,1400,0.2,1
8,6,6938,1,0,300,0.5,572,0.32,486,0.18,1
8,7,9844,2,10,5,0,300,0.5,572,0.32,486,0.18,1
8,8,11388,2,10,5,0,500,0.6,1000,0.2,1400,0.2,1
8,9,3670,0,0,666,0.42,420,0.58,1
8,10,11470,2,10,5,0,666,0.42,420,0.58,1
8,11,2125,1,0,300,0.5,572,0.32,486,0.18,1
9,0,4091,2,10,5,0,300,0.5,1700,0.5,1
9,1,5652,1,0,666,0.42,420,0.58,1
9,2,810,1,0,300,0.5,572,0.32,486,0.18,1
9,3,8459,2,10,5,0,300,0.5,1700,0.5,1
9,4,10986,1,0,500,0.6,1000,0.2,1400,0.2,1
9,5,4737,2,10,5,0,666,0.42,420,0.58,1
9,6,6445,2,10,5,0,300,0.5,1700,0.5,1
9,7,886,1,0,300,0.5,572,0.32,486,0.18,1
9,8,5725,1,0,500,0.6,1000,0.2,1400,0.2,1
9,9,4296,2,10,5,0,666,0.42,420,0.58,1
9,10,8502,1,0,300,0.5,572,0.32,486,0.18,1
9,11,12357,0,0,300,0.5,1700,0.5,1
10,0,13090,1,0,300,0.5,572,0.32,486,0.18,1
10,1,10451,1,0,500,0.6,1000,0.2,1400,0.2,1
10,2,9738,1,0,300,0.5,1700,0.5,1
10,3,3082,2,10,5,0,300,0.5,572,0.32,486,0.18,1
10,4,9257,0,0,500,0.6,1000,0.2,1400,0.2,1
10,5,8767,0,0,300,0.5,572,0.32,486,0.18,1
10,6,3430,2,10,5,0,300,0.5,572,0.32,486,0.18,1
10,7,10990,1,0,666,0.42,420,0.58,1
10,8,345,1,0,300,0.5,1700,0.5,1
10,9,11169,0,0,300,0.5,572,0.32,486,0.18,1
10,10,2012,2,10,5,0,300,0.5,572,0.32,486,0.18,1
10,11,1978,2,10,5,0,666,0.42,420,0.58,1
11,0,9720,0,0,300,0.5,1700,0.5,1
11,1,3800,1,0,500,0.6,1000,0.2,1400,0.2,1
11,2,1157,1,0,500,0.6,1000,0.2,1400,0.2,1
11,3,10812,1,0,300,0.5,572,0.32,486,0.18,1
11,4,11443,1,0,300,0.5,572,0.32,486,0.18,1
11,5,4778,1,0,500,0.6,1000,0.2,1400,0.2,1
11,6,8093,2,10,5,0,300,0.5,1700,0.5,1
11,7,6129,1,0,300,0.5,1700,0.5,1
11,8,9239,1,0,300,0.5,1700,0.5,1
11,9,55,0,0,500,0.6,1000,0.2,1400,0.2,1
11,10,14123,0,0,300,0.5,572,0.32,486,0.18,1
11,11,6698,1,0,300,0.5,572,0.32,486,0.18,1
