0,0,9828,1,0,300,0.5,1700,0.5,1
0,1,8257,1,0,500,0.6,1000,0.2,1400,0.2,1
0,2,13831,1,0,500,0.6,1000,0.2,1400,0.2,1
0,3,3203,2,10,5,0,300,0.5,572,0.32,486,0.18,1
0,4,1382,2,10,5,0,500,0.6,1000,0.2,1400,0.2,1
0,5,2296,1,0,500,0.6,1000,0.2,1400,0.2,1
0,6,3824,0,0,300,0.5,1700,0.5,1
0,7,10302,1,0,300,0.5,1700,0.5,1
0,8,2953,2,10,5,0,300,0.5,1700,0.5,1
0,9,915,0,0,500,0.6,1000,0.2,1400,0.2,1
0,10,690,2,10,5,0,500,0.6,1000,0.2,1400,0.2,1
0,11,7486,0,0,666,0.42,420,0.58,1
1,0,2087,2,10,5,0,666,0.42,420,0.58,1
1,1,14903,0,0,500,0.6,1000,0.2,1400,0.2,1
1,2,6118,1,0,666,0.42,420,0.58,0
1,3,3731,2,10,5,0,666,0.42,420,0.58,1
1,4,10447,2,10,5,0,300,0.5,572,0.32,486,0.18,1
1,5,3180,1,0,300,0.5,1700,0.5,1
1,6,8824,1,0,300,0.5,1700,0.5,1
1,7,1292,0,0,500,0.6,1000,0.2,1400,0.2,1
1,8,139,0,0,666,0.42,420,0.58,1
1,9,1313,1,0,500,0.6,1000,0.2,1400,0.2,1
1,10,7254,2,10,5,0,300,0.5,572,0.32,486,0.18,1
1,11,14692,2,10,5,0,500,0.6,1000,0.2,1400,0.2,1
2,0,9146,1,0,500,0.6,1000,0.2,1400,0.2,1
2,1,14302,0,0,300,0.5,572,0.32,486,0.18,1
2,2,12775,2,10,5,0,666,0.42,420,0.58,1
2,3,1736,0,0,300,0.5,1700,0.5,1
2,4,13520,2,10,5,0,666,0.42,420,0.58,1
2,5,3127,1,0,666,0.42,420,0.58,1
2,6,6859,2,10,5,0,300,0.5,572,0.32,486,0.18,1
2,7,9702,0,0,300,0.5,572,0.32,486,0.18,1
2,8,11010,0,0,500,0.6,1000,0.2,1400,0.2,1
2,9,10846,0,0,500,0.6,1000,0.2,1400,0.2,1
2,10,1643,2,10,5,0,300,0.5,572,0.32,486,0.18,1
2,11,10779,0,0,666,0.42,420,0.58,1
3,0,3406,1,0,300,0.5,1700,0.5,1
3,1,9487,1,0,300,0.5,1700,0.5,1
3,2,1786,1,0,666,0.42,420,0.58,1
3,3,1201,0,0,300,0.5,1700,0.5,1
3,4,7792,2,10,5,0,300,0.5,572,0.32,486,0.18,1
3,5,8596,0,0,500,0.6,1000,0.2,1400,0.2,1
3,6,4949,2,10,5,0,666,0.42,420,0.58,1
3,7,8737,1,0,300,0.5,1700,0.5,1
3,8,6814,1,0,300,0.5,1700,0.5,1
3,9,2651,1,0,500,0.6,1000,0.2,1400,0.2,1
3,10,10962,2,10,5,0,300,0.5,572,0.32,486,0.18,1
3,11,9052,0,0,500,0.6,1000,0.2,1400,0.2,1
4,0,5071,2,10,5,0,300,0.5,572,0.32,486,0.18,1
4,1,8183,0,0,300,0.5,1700,0.5,1
4,2,14551,1,0,666,0.42,420,0.58,1
4,3,6617,2,10,5,0,666,0.42,420,0.58,1
4,4,13556,2,10,5,0,666,0.42,420,0.58,1
4,5,6869,0,0,300,0.5,1700,0.5,1
4,6,13139,1,0,300,0.5,572,0.32,486,0.18,1
4,7,4527,1,0,500,0.6,1000,0.2,1400,0.2,1
4,8,5932,1,0,300,0.5,572,0.32,486,0.18,1
4,9,13523,1,0,300,0.5,1700,0.5,1
4,10,9933,1,0,300,0.5,1700,0.5,1
4,11,2093,1,0,500,0.6,1000,0.2,1400,0.2,1
5,0,1498,1,0,300,0.5,572,0.32,486,0.18,1
5,1,6311,0,0,500,0.6,1000,0.2,1400,0.2,1
5,2,10511,0,0,300,0.5,572,0.32,486,0.18,1
5,3,1493,2,10,5,0,300,0.5,572,0.32,486,0.18,1
5,4,5913,2,10,5,0,300,0.5,572,0.32,486,0.18,1
5,5,8645,0,0,300,0.5,1700,0.5,1
5,6,6624,1,0,666,0.42,420,0.58,1
5,7,6877,0,0,666,0.42,420,0.58,1
5,8,5610,2,10,5,0,666,0.42,420,0.58,1
5,9,11688,2,10,5,0,666,0.42,420,0.58,1
5,10,373,1,0,500,0.6,1000,0.2,1400,0.2,1
5,11,12786,0,0,666,0.42,420,0.58,1
6,0,8684,0,0,300,0.5,1700,0.5,1
6,1,11871,1,0,666,0.42,420,0.58,1
6,2,403,1,0,300,0.5,1700,0.5,1
6,3,9380,2,10,5,0,300,0.5,572,0.32,486,0.18,1
6,4,3727,1,0,300,0.5,572,0.32,486,0.18,1
6,5,632,0,0,300,0.5,572,0.32,486,0.18,1
6,6,9468,2,10,5,0,300,0.5,572,0.32,486,0.18,1
6,7,6601,0,0,666,0.42,420,0.58,1
6,8,14771,1,0,300,0.5,572,0.32,486,0.18,1
6,9,14650,0,0,666,0.42,420,0.58,1
6,10,8516,0,0,300,0.5,572,0.32,486,0.18,1
6,11,10560,1,0,300,0.5,572,0.32,486,0.18,1
7,0,11170,1,0,300,0.5,572,0.32,486,0.18,1
7,1,4303,2,10,5,0,500,0.6,1000,0.2,1400,0.2,1
7,2,5132,2,10,5,0,500,0.6,1000,0.2,1400,0.2,1
7,3,13947,0,0,300,0.5,572,0.32,486,0.18,1
7,4,4823,2,10,5,0,300,0.5,572,0.32,486,0.18,1
7,5,3470,2,10,5,0,300,0.5,1700,0.5,1
7,6,11119,1,0,666,0.42,420,0.58,1
7,7,13513,2,10,5,0,300,0.5,1700,0.5,1
7,8,4930,1,0,300,0.5,572,0.32,486,0.18,1
7,9,5748,1,0,300,0.5,572,0.32,486,0.18,1
7,10,5162,2,10,5,0,300,0.5,572,0.32,486,0.18,1
7,11,10366,0,0,300,0.5,1700,0.5,1
8,0,10235,0,0,300,0.5,1700,0.5,1
8,1,2446,0,0,500,0.6,1000,0.2,1400,0.2,1
8,2,1911,2,10,5,0,500,0.6,1000,0.2,1400,0.2,1
8,3,14209,1,0,500,0.6,1000,0.2,1400,0.2,1
8,4,10478,1,0,300,0.5,1700,0.5,1
8,5,7091,2,10,5,0,300,0.5,572,0.32,486,0.18,1
8,6,12859,0,0,300,0.5,572,0.32,486,0.18,1
8,7,14410,1,0,300,0.5,1700,0.5,1
8,8,10188,2,10,5,0,300,0.5,572,0.32,486,0.18,1
8,9,3554,1,0,666,0.42,420,0.58,1
8,10,876,1,0,300,0.5,572,0.32,486,0.18,1
8,11,5518,1,0,300,0.5,572,0.32,486,0.18,1
9,0,476,0,0,300,0.5,572,0.32,486,0.18,1
9,1,3953,1,0,500,0.6,1000,0.2,1400,0.2,1
9,2,10480,0,0,300,0.5,1700,0.5,1
9,3,12652,1,0,300,0.5,572,0.32,486,0.18,1
9,4,3084,0,0,300,0.5,1700,0.5,1
9,5,13066,1,0,500,0.6,1000,0.2,1400,0.2,1
9,6,5578,2,10,5,0,300,0.5,572,0.32,486,0.18,1
9,7,2558,2,10,5,0,666,0.42,420,0.58,1
9,8,10231,0,0,300,0.5,1700,0.5,1
9,9,12803,2,10,5,0,666,0.42,420,0.58,1
9,10,11147,0,0,300,0.5,572,0.32,486,0.18,1
9,11,4896,1,0,666,0.42,420,0.58,1
10,0,14794,0,0,300,0.5,572,0.32,486,0.18,1
10,1,11597,1,0,300,0.5,1700,0.5,1
10,2,10176,2,10,5,0,300,0.5,1700,0.5,1
10,3,4286,0,0,500,0.6,1000,0.2,1400,0.2,1
10,4,8410,2,10,5,0,300,0.5,1700,0.5,1
10,5,783,1,0,666,0.42,420,0.58,1
10,6,5522,2,10,5,0,500,0.6,1000,0.2,1400,0.2,1
10,7,1423,1,0,500,0.6,1000,0.2,1400,0.2,1
10,8,323,1,0,666,0.42,420,0.58,1
10,9,8081,0,0,300,0.5,572,0.32,486,0.18,1
10,10,9888,0,0,666,0.42,420,0.58,1
10,11,14202,2,10,5,0,300,0.5,1700,0.5,1
11,0,10471,2,10,5,0,300,0.5,1700,0.5,1
11,1,10371,1,0,300,0.5,572,0.32,486,0.18,1
11,2,11273,0,0,300,0.5,1700,0.5,1
11,3,10160,0,0,666,0.42,420,0.58,1
11,4,6286,0,0,500,0.6,1000,0.2,1400,0.2,1
11,5,6502,0,0,500,0.6,1000,0.2,1400,0.2,1
11,6,13096,0,0,300,0.5,1700,0.5,1
11,7,8799,2,10,5,0,300,0.5,572,0.32,486,0.18,1
11,8,7152,0,0,300,0.5,1700,0.5,1
11,9,262,1,0,500,0.6,1000,0.2,1400,0.2,1
11,10,26,2,10,5,0,500,0.6,1000,0.2,1400,0.2,1
11,11,12526,2,10,5,0,500,0.6,1000,0.2,1400,0.2,1
