0,0,1321,0,0,500,0.6,1000,0.2,1400,0.2,1
0,1,14794,0,0,300,0.5,572,0.32,486,0.18,1
0,2,14373,2,10,5,0,500,0.6,1000,0.2,1400,0.2,1
0,3,1068,1,0,300,0.5,572,0.32,486,0.18,1
0,4,4276,1,0,300,0.5,572,0.32,486,0.18,1
0,5,5063,1,0,666,0.42,420,0.58,1
0,6,1602,2,10,5,0,300,0.5,1700,0.5,1
0,7,10697,2,10,5,0,666,0.42,420,0.58,1
0,8,3839,0,0,300,0.5,1700,0.5,1
0,9,7123,1,0,300,0.5,1700,0.5,1
0,10,30,2,10,5,0,300,0.5,572,0.32,486,0.18,1
0,11,6064,0,0,666,0.42,420,0.58,1
1,0,6180,0,0,500,0.6,1000,0.2,1400,0.2,1
1,1,8765,2,10,5,0,500,0.6,1000,0.2,1400,0.2,1
1,2,12952,1,0,500,0.6,1000,0.2,1400,0.2,0
1,3,5610,0,0,300,0.5,572,0.32,486,0.18,1
1,4,9219,0,0,300,0.5,572,0.32,486,0.18,1
1,5,1952,1,0,666,0.42,420,0.58,1
1,6,5450,2,10,5,0,300,0.5,1700,0.5,1
1,7,8305,2,10,5,0,300,0.5,572,0.32,486,0.18,1
1,8,3840,2,10,5,0,300,0.5,572,0.32,486,0.18,1
1,9,12875,0,0,500,0.6,1000,0.2,1400,0.2,1
1,10,3704,1,0,300,0.5,572,0.32,486,0.18,1
1,11,7596,2,10,5,0,500,0.6,1000,0.2,1400,0.2,1
2,0,3018,2,10,5,0,666,0.42,420,0.58,1
2,1,11854,2,10,5,0,300,0.5,572,0.32,486,0.18,1
2,2,10270,2,10,5,0,300,0.5,572,0.32,486,0.18,1
2,3,13772,0,0,666,0.42,420,0.58,1
2,4,83,0,0,500,0.6,1000,0.2,1400,0.2,1
2,5,13675,0,0,500,0.6,1000,0.2,1400,0.2,1
2,6,14952,0,0,500,0.6,1000,0.2,1400,0.2,1
2,7,7415,0,0,666,0.42,420,0.58,1
2,8,5078,2,10,5,0,666,0.42,420,0.58,1
2,9,6165,2,10,5,0,500,0.6,1000,0.2,1400,0.2,1
2,10,6302,2,10,5,0,300,0.5,1700,0.5,1
2,11,4694,1,0,300,0.5,572,0.32,486,0.18,1
3,0,359,0,0,300,0.5,1700,0.5,1
3,1,2616,1,0,300,0.5,1700,0.5,1
3,2,13393,0,0,500,0.6,1000,0.2,1400,0.2,1
3,3,2743,0,0,300,0.5,1700,0.5,1
3,4,14217,2,10,5,0,500,0.6,1000,0.2,1400,0.2,1
3,5,9970,1,0,500,0.6,1000,0.2,1400,0.2,1
3,6,605,0,0,300,0.5,1700,0.5,1
3,7,8904,2,10,5,0,300,0.5,1700,0.5,1
3,8,2939,1,0,666,0.42,420,0.58,1
3,9,10136,0,0,666,0.42,420,0.58,1
3,10,2492,1,0,300,0.5,1700,0.5,1
3,11,5918,1,0,300,0.5,572,0.32,486,0.18,1
4,0,8872,2,10,5,0,300,0.5,572,0.32,486,0.18,1
4,1,6703,1,0,300,0.5,1700,0.5,1
4,2,12623,1,0,500,0.6,1000,0.2,1400,0.2,1
4,3,14541,0,0,300,0.5,572,0.32,486,0.18,1
4,4,2759,1,0,300,0.5,572,0.32,486,0.18,1
4,5,13572,1,0,500,0.6,1000,0.2,1400,0.2,1
4,6,10489,1,0,300,0.5,572,0.32,486,0.18,1
4,7,7914,2,10,5,0,300,0.5,572,0.32,486,0.18,1
4,8,2998,2,10,5,0,300,0.5,572,0.32,486,0.18,1
4,9,4004,1,0,300,0.5,572,0.32,486,0.18,1
4,10,6188,0,0,666,0.42,420,0.58,1
4,11,1203,1,0,666,0.42,420,0.58,1
5,0,1961,2,10,5,0,300,0.5,572,0.32,486,0.18,1
5,1,14503,0,0,300,0.5,572,0.32,486,0.18,1
5,2,4096,1,0,300,0.5,1700,0.5,1
5,3,9651,2,10,5,0,500,0.6,1000,0.2,1400,0.2,1
5,4,8822,1,0,300,0.5,572,0.32,486,0.18,1
5,5,4115,1,0,300,0.5,572,0.32,486,0.18,1
5,6,8618,1,0,300,0.5,1700,0.5,1
5,7,13075,2,10,5,0,500,0.6,1000,0.2,1400,0.2,1
5,8,2679,1,0,666,0.42,420,0.58,1
5,9,2505,2,10,5,0,300,0.5,572,0.32,486,0.18,1
5,10,14697,1,0,666,0.42,420,0.58,1
5,11,9661,1,0,500,0.6,1000,0.2,1400,0.2,1
6,0,6027,0,0,500,0.6,1000,0.2,1400,0.2,1
6,1,5313,0,0,500,0.6,1000,0.2,1400,0.2,1
6,2,13370,0,0,500,0.6,1000,0.2,1400,0.2,1
6,3,1610,2,10,5,0,300,0.5,1700,0.5,1
6,4,8167,1,0,500,0.6,1000,0.2,1400,0.2,1
6,5,6011,2,10,5,0,300,0.5,572,0.32,486,0.18,1
6,6,4768,2,10,5,0,300,0.5,1700,0.5,1
6,7,13656,0,0,500,0.6,1000,0.2,1400,0.2,1
6,8,6182,1,0,300,0.5,1700,0.5,1
6,9,8764,2,10,5,0,666,0.42,420,0.58,1
6,10,12575,0,0,666,0.42,420,0.58,1
6,11,2827,2,10,5,0,300,0.5,1700,0.5,1
7,0,14802,1,0,666,0.42,420,0.58,1
7,1,5556,0,0,300,0.5,572,0.32,486,0.18,1
7,2,12714,2,10,5,0,500,0.6,1000,0.2,1400,0.2,1
7,3,8711,2,10,5,0,666,0.42,420,0.58,1
7,4,12416,2,10,5,0,500,0.6,1000,0.2,1400,0.2,1
7,5,2069,0,0,300,0.5,572,0.32,486,0.18,1
7,6,2847,0,0,500,0.6,1000,0.2,1400,0.2,1
7,7,14113,2,10,5,0,500,0.6,1000,0.2,1400,0.2,1
7,8,13494,2,10,5,0,666,0.42,420,0.58,1
7,9,9909,1,0,500,0.6,1000,0.2,1400,0.2,1
7,10,3068,0,0,300,0.5,1700,0.5,1
7,11,8586,2,10,5,0,500,0.6,1000,0.2,1400,0.2,1
8,0,10533,1,0,300,0.5,572,0.32,486,0.18,1
8,1,4003,0,0,300,0.5,572,0.32,486,0.18,1
8,2,13528,0,0,300,0.5,572,0.32,486,0.18,1
8,3,6060,1,0,300,0.5,572,0.32,486,0.18,1
8,4,7262,2,10,5,0,300,0.5,572,0.32,486,0.18,1
8,5,6548,1,0,300,0.5,1700,0.5,1
8,6,6963,0,0,500,0.6,1000,0.2,1400,0.2,1
8,7,41,1,0,666,0.42,420,0.58,1
8,8,2256,0,0,666,0.42,420,0.58,1
8,9,6705,2,10,5,0,666,0.42,420,0.58,1
8,10,6947,2,10,5,0,300,0.5,1700,0.5,1
8,11,13871,1,0,300,0.5,1700,0.5,1
9,0,12663,2,10,5,0,300,0.5,572,0.32,486,0.18,1
9,1,4085,0,0,300,0.5,572,0.32,486,0.18,1
9,2,8696,2,10,5,0,300,0.5,1700,0.5,1
9,3,12728,2,10,5,0,500,0.6,1000,0.2,1400,0.2,1
9,4,4141,0,0,300,0.5,1700,0.5,1
9,5,12696,2,10,5,0,300,0.5,572,0.32,486,0.18,1
9,6,10140,0,0,300,0.5,572,0.32,486,0.18,1
9,7,13645,1,0,300,0.5,1700,0.5,1
9,8,13246,1,0,300,0.5,1700,0.5,1
9,9,2837,2,10,5,0,500,0.6,1000,0.2,1400,0.2,1
9,10,12112,2,10,5,0,300,0.5,572,0.32,486,0.18,1
9,11,10362,0,0,300,0.5,1700,0.5,1
10,0,928,0,0,666,0.42,420,0.58,1
10,1,6769,2,10,5,0,500,0.6,1000,0.2,1400,0.2,1
10,2,5604,2,10,5,0,666,0.42,420,0.58,1
10,3,11880,1,0,300,0.5,572,0.32,486,0.18,1
10,4,13740,0,0,300,0.5,572,0.32,486,0.18,1
10,5,7361,1,0,666,0.42,420,0.58,1
10,6,4618,1,0,500,0.6,1000,0.2,1400,0.2,1
10,7,5993,2,10,5,0,300,0.5,572,0.32,486,0.18,1
10,8,9263,1,0,300,0.5,572,0.32,486,0.18,1
10,9,6979,1,0,500,0.6,1000,0.2,1400,0.2,1
10,10,10922,2,10,5,0,666,0.42,420,0.58,1
10,11,3113,2,10,5,0,666,0.42,420,0.58,1
11,0,11307,0,0,300,0.5,1700,0.5,1
11,1,14591,1,0,666,0.42,420,0.58,1
11,2,7113,0,0,300,0.5,1700,0.5,1
11,3,8991,0,0,666,0.42,420,0.58,1
11,4,1151,2,10,5,0,300,0.5,572,0.32,486,0.18,1
11,5,14342,1,0,300,0.5,572,0.32,486,0.18,1
11,6,11013,2,10,5,0,500,0.6,1000,0.2,1400,0.2,1
11,7,5604,0,0,300,0.5,572,0.32,486,0.18,1
11,8,12052,0,0,300,0.5,1700,0.5,1
11,9,300,1,0,300,0.5,1700,0.5,1
11,10,9500,0,0,666,0.42,420,0.58,1
11,11,551,2,10,5,0,500,0.6,1000,0.2,1400,0.2,1
