0,0,14688,0,0,500,0.6,1000,0.2,1400,0.2,1
0,1,12529,1,0,500,0.6,1000,0.2,1400,0.2,1
0,2,1467,2,10,5,0,300,0.5,1700,0.5,1
0,3,3940,1,0,666,0.42,420,0.58,1
0,4,6829,1,0,300,0.5,572,0.32,486,0.18,1
0,5,13281,0,0,300,0.5,1700,0.5,1
0,6,5082,2,10,5,0,500,0.6,1000,0.2,1400,0.2,1
0,7,10690,2,10,5,0,500,0.6,1000,0.2,1400,0.2,1
0,8,14994,1,0,666,0.42,420,0.58,1
0,9,12879,2,10,5,0,500,0.6,1000,0.2,1400,0.2,1
0,10,3525,0,0,666,0.42,420,0.58,1
0,11,1068,0,0,666,0.42,420,0.58,1
1,0,10025,1,0,300,0.5,1700,0.5,1
1,1,3653,1,0,300,0.5,1700,0.5,1
1,2,14564,0,0,500,0.6,1000,0.2,1400,0.2,0
1,3,9658,2,10,5,0,300,0.5,572,0.32,486,0.18,1
1,4,9473,0,0,300,0.5,572,0.32,486,0.18,1
1,5,8517,1,0,300,0.5,572,0.32,486,0.18,1
1,6,11570,1,0,300,0.5,1700,0.5,1
1,7,5844,1,0,300,0.5,572,0.32,486,0.18,1
1,8,12759,1,0,300,0.5,572,0.32,486,0.18,1
1,9,13689,0,0,300,0.5,572,0.32,486,0.18,1
1,10,14815,2,10,5,0,500,0.6,1000,0.2,1400,0.2,1
1,11,12486,0,0,300,0.5,1700,0.5,1
2,0,10292,0,0,666,0.42,420,0.58,1
2,1,12137,1,0,666,0.42,420,0.58,1
2,2,2102,2,10,5,0,300,0.5,572,0.32,486,0.18,1
2,3,14901,2,10,5,0,500,0.6,1000,0.2,1400,0.2,1
2,4,10510,0,0,666,0.42,420,0.58,1
2,5,14817,0,0,300,0.5,572,0.32,486,0.18,1
2,6,2677,1,0,666,0.42,420,0.58,1
2,7,974,1,0,500,0.6,1000,0.2,1400,0.2,1
2,8,8313,0,0,500,0.6,1000,0.2,1400,0.2,1
2,9,8043,2,10,5,0,300,0.5,1700,0.5,1
2,10,621,1,0,300,0.5,572,0.32,486,0.18,1
2,11,11824,0,0,300,0.5,572,0.32,486,0.18,1
3,0,8524,0,0,666,0.42,420,0.58,1
3,1,870,2,10,5,0,500,0.6,1000,0.2,1400,0.2,1
3,2,7266,2,10,5,0,666,0.42,420,0.58,1
3,3,13145,2,10,5,0,300,0.5,1700,0.5,1
3,4,6494,1,0,500,0.6,1000,0.2,1400,0.2,1
3,5,3873,0,0,500,0.6,1000,0.2,1400,0.2,1
3,6,6872,2,10,5,0,300,0.5,572,0.32,486,0.18,1
3,7,13548,2,10,5,0,666,0.42,420,0.58,1
3,8,2318,1,0,300,0.5,1700,0.5,1
3,9,653,1,0,666,0.42,420,0.58,1
3,10,499,0,0,666,0.42,420,0.58,1
3,11,3585,1,0,500,0.6,1000,0.2,1400,0.2,1
4,0,1864,1,0,300,0.5,1700,0.5,1
4,1,11177,0,0,666,0.42,420,0.58,1
4,2,5266,1,0,300,0.5,572,0.32,486,0.18,1
4,3,11974,2,10,5,0,666,0.42,420,0.58,1
4,4,12390,0,0,300,0.5,1700,0.5,1
4,5,363,0,0,500,0.6,1000,0.2,1400,0.2,1
4,6,5258,1,0,300,0.5,1700,0.5,1
4,7,12369,0,0,300,0.5,572,0.32,486,0.18,1
4,8,11338,0,0,666,0.42,420,0.58,1
4,9,13656,2,10,5,0,500,0.6,1000,0.2,1400,0.2,1
4,10,2042,0,0,300,0.5,572,0.32,486,0.18,1
4,11,402,1,0,300,0.5,1700,0.5,1
5,0,3118,0,0,666,0.42,420,0.58,1
5,1,11739,1,0,300,0.5,1700,0.5,1
5,2,5749,1,0,666,0.42,420,0.58,1
5,3,3920,2,10,5,0,666,0.42,420,0.58,1
5,4,11174,1,0,300,0.5,1700,0.5,1
5,5,4858,1,0,300,0.5,572,0.32,486,0.18,1
5,6,13031,0,0,300,0.5,572,0.32,486,0.18,1
5,7,5115,2,10,5,0,666,0.42,420,0.58,1
5,8,11274,2,10,5,0,666,0.42,420,0.58,1
5,9,3519,0,0,666,0.42,420,0.58,1
5,10,8116,1,0,666,0.42,420,0.58,1
5,11,5846,2,10,5,0,666,0.42,420,0.58,1
6,0,5363,1,0,300,0.5,572,0.32,486,0.18,1
6,1,7641,2,10,5,0,300,0.5,1700,0.5,1
6,2,11168,0,0,300,0.5,1700,0.5,1
6,3,6677,0,0,300,0.5,1700,0.5,1
6,4,4583,1,0,300,0.5,572,0.32,486,0.18,1
6,5,8088,0,0,300,0.5,572,0.32,486,0.18,1
6,6,148,0,0,300,0.5,572,0.32,486,0.18,1
6,7,4203,1,0,300,0.5,1700,0.5,1
6,8,555,2,10,5,0,300,0.5,1700,0.5,1
6,9,11762,2,10,5,0,300,0.5,1700,0.5,1
6,10,8805,2,10,5,0,300,0.5,1700,0.5,1
6,11,11090,2,10,5,0,666,0.42,420,0.58,1
7,0,14128,2,10,5,0,300,0.5,572,0.32,486,0.18,1
7,1,13122,0,0,300,0.5,572,0.32,486,0.18,1
7,2,3783,1,0,666,0.42,420,0.58,1
7,3,7925,0,0,300,0.5,1700,0.5,1
7,4,4119,0,0,500,0.6,1000,0.2,1400,0.2,1
7,5,10125,1,0,666,0.42,420,0.58,1
7,6,6739,1,0,300,0.5,572,0.32,486,0.18,1
7,7,6262,2,10,5,0,300,0.5,572,0.32,486,0.18,1
7,8,1427,2,10,5,0,300,0.5,1700,0.5,1
7,9,3858,1,0,300,0.5,572,0.32,486,0.18,1
7,10,10850,0,0,300,0.5,1700,0.5,1
7,11,7809,2,10,5,0,300,0.5,572,0.32,486,0.18,1
8,0,14332,2,10,5,0,666,0.42,420,0.58,1
8,1,2874,2,10,5,0,666,0.42,420,0.58,1
8,2,8051,1,0,666,0.42,420,0.58,1
8,3,4262,0,0,300,0.5,1700,0.5,1
8,4,4142,1,0,666,0.42,420,0.58,1
8,5,12133,2,10,5,0,500,0.6,1000,0.2,1400,0.2,1
8,6,11910,2,10,5,0,300,0.5,1700,0.5,1
8,7,600,0,0,300,0.5,572,0.32,486,0.18,1
8,8,2555,2,10,5,0,300,0.5,1700,0.5,1
8,9,1813,2,10,5,0,300,0.5,572,0.32,486,0.18,1
8,10,3783,2,10,5,0,500,0.6,1000,0.2,1400,0.2,1
8,11,14742,2,10,5,0,500,0.6,1000,0.2,1400,0.2,1
9,0,10041,0,0,300,0.5,572,0.32,486,0.18,1
9,1,7573,0,0,300,0.5,572,0.32,486,0.18,1
9,2,12978,0,0,300,0.5,1700,0.5,1
9,3,14338,1,0,666,0.42,420,0.58,1
9,4,5678,1,0,300,0.5,1700,0.5,1
9,5,3996,2,10,5,0,300,0.5,572,0.32,486,0.18,1
9,6,49,0,0,666,0.42,420,0.58,1
9,7,13749,0,0,300,0.5,1700,0.5,1
9,8,1277,2,10,5,0,300,0.5,1700,0.5,1
9,9,11025,1,0,500,0.6,1000,0.2,1400,0.2,1
9,10,11457,2,10,5,0,666,0.42,420,0.58,1
9,11,5819,2,10,5,0,666,0.42,420,0.58,1
10,0,13424,1,0,300,0.5,1700,0.5,1
10,1,9046,2,10,5,0,300,0.5,572,0.32,486,0.18,1
10,2,14041,2,10,5,0,500,0.6,1000,0.2,1400,0.2,1
10,3,13091,1,0,300,0.5,572,0.32,486,0.18,1
10,4,8007,2,10,5,0,300,0.5,572,0.32,486,0.18,1
10,5,9243,2,10,5,0,666,0.42,420,0.58,1
10,6,11161,1,0,666,0.42,420,0.58,1
10,7,4083,0,0,300,0.5,1700,0.5,1
10,8,8475,0,0,666,0.42,420,0.58,1
10,9,7864,0,0,300,0.5,1700,0.5,1
10,10,5613,0,0,300,0.5,1700,0.5,1
10,11,11018,2,10,5,0,300,0.5,572,0.32,486,0.18,1
11,0,12919,1,0,300,0.5,572,0.32,486,0.18,1
11,1,3933,2,10,5,0,300,0.5,572,0.32,486,0.18,1
11,2,5265,1,0,300,0.5,1700,0.5,1
11,3,11455,0,0,666,0.42,420,0.58,1
11,4,9966,1,0,300,0.5,572,0.32,486,0.18,1
11,5,2136,0,0,666,0.42,420,0.58,1
11,6,14085,1,0,300,0.5,572,0.32,486,0.18,1
11,7,4675,0,0,500,0.6,1000,0.2,1400,0.2,1
11,8,13159,1,0,300,0.5,1700,0.5,1
11,9,9648,2,10,5,0,300,0.5,1700,0.5,1
11,10,3713,0,0,500,0.6,1000,0.2,1400,0.2,1
11,11,10030,1,0,666,0.42,420,0.58,1
