0,0,2001,0,0,300,0.5,572,0.32,486,0.18,1
0,1,9615,1,0,300,0.5,572,0.32,486,0.18,1
0,2,11834,1,0,666,0.42,420,0.58,1
0,3,7990,0,0,666,0.42,420,0.58,1
0,4,13884,2,10,5,0,300,0.5,572,0.32,486,0.18,1
0,5,10607,0,0,500,0.6,1000,0.2,1400,0.2,1
0,6,9501,0,0,500,0.6,1000,0.2,1400,0.2,1
0,7,2456,0,0,666,0.42,420,0.58,1
0,8,5737,2,10,5,0,300,0.5,1700,0.5,1
0,9,3669,2,10,5,0,666,0.42,420,0.58,1
0,10,7226,0,0,300,0.5,572,0.32,486,0.18,1
0,11,1031,0,0,300,0.5,572,0.32,486,0.18,1
1,0,465,1,0,666,0.42,420,0.58,1
1,1,10130,1,0,300,0.5,1700,0.5,1
1,2,11745,0,0,300,0.5,572,0.32,486,0.18,0
1,3,2614,1,0,300,0.5,1700,0.5,1
1,4,7778,2,10,5,0,500,0.6,1000,0.2,1400,0.2,1
1,5,1489,1,0,300,0.5,1700,0.5,1
1,6,11035,0,0,300,0.5,572,0.32,486,0.18,1
1,7,7970,2,10,5,0,500,0.6,1000,0.2,1400,0.2,1
1,8,7721,2,10,5,0,300,0.5,1700,0.5,1
1,9,4692,2,10,5,0,300,0.5,1700,0.5,1
1,10,6255,0,0,300,0.5,1700,0.5,1
1,11,5467,1,0,300,0.5,1700,0.5,1
2,0,4507,2,10,5,0,300,0.5,1700,0.5,1
2,1,1869,2,10,5,0,300,0.5,1700,0.5,1
2,2,3024,0,0,500,0.6,1000,0.2,1400,0.2,1
2,3,11875,2,10,5,0,666,0.42,420,0.58,1
2,4,6276,2,10,5,0,300,0.5,1700,0.5,1
2,5,2409,1,0,666,0.42,420,0.58,1
2,6,9528,1,0,300,0.5,1700,0.5,1
2,7,9166,0,0,300,0.5,572,0.32,486,0.18,1
2,8,2445,2,10,5,0,500,0.6,1000,0.2,1400,0.2,1
2,9,12371,2,10,5,0,300,0.5,1700,0.5,1
2,10,1294,1,0,300,0.5,572,0.32,486,0.18,1
2,11,12881,0,0,300,0.5,1700,0.5,1
3,0,8950,1,0,500,0.6,1000,0.2,1400,0.2,1
3,1,11346,0,0,300,0.5,572,0.32,486,0.18,1
3,2,9410,0,0,300,0.5,572,0.32,486,0.18,1
3,3,10317,0,0,666,0.42,420,0.58,1
3,4,6038,1,0,300,0.5,1700,0.5,1
3,5,13969,0,0,300,0.5,572,0.32,486,0.18,1
3,6,4189,0,0,666,0.42,420,0.58,1
3,7,4089,0,0,666,0.42,420,0.58,1
3,8,13285,0,0,300,0.5,572,0.32,486,0.18,1
3,9,14979,2,10,5,0,500,0.6,1000,0.2,1400,0.2,1
3,10,11581,0,0,500,0.6,1000,0.2,1400,0.2,1
3,11,3857,1,0,500,0.6,1000,0.2,1400,0.2,1
4,0,9190,0,0,666,0.42,420,0.58,1
4,1,12203,0,0,300,0.5,1700,0.5,1
4,2,9182,0,0,500,0.6,1000,0.2,1400,0.2,1
4,3,3392,1,0,300,0.5,1700,0.5,1
4,4,2014,2,10,5,0,300,0.5,1700,0.5,1
4,5,2809,2,10,5,0,300,0.5,572,0.32,486,0.18,1
4,6,6665,2,10,5,0,300,0.5,572,0.32,486,0.18,1
4,7,14907,2,10,5,0,300,0.5,572,0.32,486,0.18,1
4,8,11262,2,10,5,0,666,0.42,420,0.58,1
4,9,13747,1,0,300,0.5,1700,0.5,1
4,10,2945,2,10,5,0,300,0.5,1700,0.5,1
4,11,3324,1,0,500,0.6,1000,0.2,1400,0.2,1
5,0,13371,2,10,5,0,666,0.42,420,0.58,1
5,1,7557,1,0,500,0.6,1000,0.2,1400,0.2,1
5,2,10215,2,10,5,0,666,0.42,420,0.58,1
5,3,8591,1,0,300,0.5,572,0.32,486,0.18,1
5,4,13300,1,0,500,0.6,1000,0.2,1400,0.2,1
5,5,4520,1,0,300,0.5,572,0.32,486,0.18,1
5,6,6656,1,0,300,0.5,572,0.32,486,0.18,1
5,7,9810,0,0,500,0.6,1000,0.2,1400,0.2,1
5,8,14605,0,0,300,0.5,1700,0.5,1
5,9,5736,2,10,5,0,300,0.5,572,0.32,486,0.18,1
5,10,3684,1,0,300,0.5,572,0.32,486,0.18,1
5,11,13203,0,0,300,0.5,1700,0.5,1
6,0,7014,1,0,300,0.5,572,0.32,486,0.18,1
6,1,6411,1,0,666,0.42,420,0.58,1
6,2,12246,1,0,300,0.5,572,0.32,486,0.18,1
6,3,7890,1,0,500,0.6,1000,0.2,1400,0.2,1
6,4,2773,1,0,300,0.5,572,0.32,486,0.18,1
6,5,8152,1,0,300,0.5,1700,0.5,1
6,6,10360,1,0,666,0.42,420,0.58,1
6,7,9059,0,0,666,0.42,420,0.58,1
6,8,7765,0,0,300,0.5,1700,0.5,1
6,9,3043,1,0,666,0.42,420,0.58,1
6,10,1130,0,0,300,0.5,1700,0.5,1
6,11,12997,1,0,500,0.6,1000,0.2,1400,0.2,1
7,0,7519,0,0,666,0.42,420,0.58,1
7,1,2017,1,0,666,0.42,420,0.58,1
7,2,12561,2,10,5,0,500,0.6,1000,0.2,1400,0.2,1
7,3,14968,0,0,300,0.5,572,0.32,486,0.18,1
7,4,11792,0,0,500,0.6,1000,0.2,1400,0.2,1
7,5,3508,2,10,5,0,300,0.5,572,0.32,486,0.18,1
7,6,8133,2,10,5,0,666,0.42,420,0.58,1
7,7,10040,2,10,5,0,500,0.6,1000,0.2,1400,0.2,1
7,8,7071,1,0,666,0.42,420,0.58,1
7,9,8617,0,0,500,0.6,1000,0.2,1400,0.2,1
7,10,13787,1,0,666,0.42,420,0.58,1
7,11,2276,1,0,500,0.6,1000,0.2,1400,0.2,1
8,0,12691,0,0,666,0.42,420,0.58,1
8,1,6457,0,0,666,0.42,420,0.58,1
8,2,14016,2,10,5,0,666,0.42,420,0.58,1
8,3,10136,0,0,666,0.42,420,0.58,1
8,4,1375,0,0,300,0.5,572,0.32,486,0.18,1
8,5,811,1,0,666,0.42,420,0.58,1
8,6,78,2,10,5,0,500,0.6,1000,0.2,1400,0.2,1
8,7,11196,2,10,5,0,500,0.6,1000,0.2,1400,0.2,1
8,8,1223,2,10,5,0,666,0.42,420,0.58,1
8,9,14744,0,0,666,0.42,420,0.58,1
8,10,14714,1,0,300,0.5,572,0.32,486,0.18,1
8,11,10912,2,10,5,0,300,0.5,572,0.32,486,0.18,1
9,0,6137,0,0,300,0.5,1700,0.5,1
9,1,13591,0,0,500,0.6,1000,0.2,1400,0.2,1
9,2,9667,2,10,5,0,666,0.42,420,0.58,1
9,3,4178,2,10,5,0,300,0.5,572,0.32,486,0.18,1
9,4,12791,2,10,5,0,500,0.6,1000,0.2,1400,0.2,1
9,5,314,2,10,5,0,666,0.42,420,0.58,1
9,6,1345,0,0,666,0.42,420,0.58,1
9,7,9634,0,0,666,0.42,420,0.58,1
9,8,11191,2,10,5,0,500,0.6,1000,0.2,1400,0.2,1
9,9,14212,2,10,5,0,666,0.42,420,0.58,1
9,10,8801,2,10,5,0,666,0.42,420,0.58,1
9,11,11584,0,0,300,0.5,572,0.32,486,0.18,1
10,0,1257,1,0,300,0.5,572,0.32,486,0.18,1
10,1,10563,2,10,5,0,300,0.5,1700,0.5,1
10,2,970,2,10,5,0,500,0.6,1000,0.2,1400,0.2,1
10,3,3619,2,10,5,0,300,0.5,572,0.32,486,0.18,1
10,4,8384,2,10,5,0,300,0.5,1700,0.5,1
10,5,14780,2,10,5,0,500,0.6,1000,0.2,1400,0.2,1
10,6,10715,0,0,666,0.42,420,0.58,1
10,7,1953,0,0,500,0.6,1000,0.2,1400,0.2,1
10,8,1427,1,0,666,0.42,420,0.58,1
10,9,11127,1,0,300,0.5,572,0.32,486,0.18,1
10,10,7926,2,10,5,0,666,0.42,420,0.58,1
10,11,10227,0,0,666,0.42,420,0.58,1
11,0,7565,0,0,500,0.6,1000,0.2,1400,0.2,1
11,1,3656,2,10,5,0,666,0.42,420,0.58,1
11,2,6699,0,0,500,0.6,1000,0.2,1400,0.2,1
11,3,9709,2,10,5,0,300,0.5,572,0.32,486,0.18,1
11,4,1069,1,0,300,0.5,572,0.32,486,0.18,1
11,5,12928,1,0,500,0.6,1000,0.2,1400,0.2,1
11,6,9524,2,10,5,0,500,0.6,1000,0.2,1400,0.2,1
11,7,9030,1,0,666,0.42,420,0.58,1
11,8,12473,2,10,5,0,500,0.6,1000,0.2,1400,0.2,1
11,9,3654,1,0,666,0.42,420,0.58,1
11,10,8112,1,0,300,0.5,572,0.32,486,0.18,1
11,11,5331,2,10,5,0,666,0.42,420,0.58,1
