0,0,2819,2,10,5,0,500,0.6,1000,0.2,1400,0.2,1
0,1,2181,1,0,500,0.6,1000,0.2,1400,0.2,1
0,2,10848,2,10,5,0,300,0.5,1700,0.5,1
0,3,4622,2,10,5,0,300,0.5,572,0.32,486,0.18,1
0,4,4419,2,10,5,0,300,0.5,1700,0.5,1
0,5,8748,1,0,666,0.42,420,0.58,1
0,6,1905,2,10,5,0,500,0.6,1000,0.2,1400,0.2,1
0,7,2754,1,0,500,0.6,1000,0.2,1400,0.2,1
0,8,2073,2,10,5,0,300,0.5,1700,0.5,1
0,9,9490,1,0,300,0.5,572,0.32,486,0.18,1
0,10,8398,2,10,5,0,666,0.42,420,0.58,1
0,11,11758,0,0,300,0.5,572,0.32,486,0.18,1
1,0,2927,1,0,500,0.6,1000,0.2,1400,0.2,1
1,1,3050,1,0,666,0.42,420,0.58,1
1,2,9202,2,10,5,0,300,0.5,572,0.32,486,0.18,0
1,3,1069,0,0,300,0.5,572,0.32,486,0.18,1
1,4,4870,2,10,5,0,300,0.5,1700,0.5,1
1,5,13161,1,0,500,0.6,1000,0.2,1400,0.2,1
1,6,11537,1,0,666,0.42,420,0.58,1
1,7,10547,0,0,500,0.6,1000,0.2,1400,0.2,1
1,8,14596,0,0,500,0.6,1000,0.2,1400,0.2,1
1,9,14368,2,10,5,0,300,0.5,1700,0.5,1
1,10,2928,0,0,666,0.42,420,0.58,1
1,11,1285,1,0,666,0.42,420,0.58,1
2,0,562,0,0,300,0.5,1700,0.5,1
2,1,12121,2,10,5,0,300,0.5,572,0.32,486,0.18,1
2,2,7645,1,0,300,0.5,1700,0.5,1
2,3,4027,2,10,5,0,500,0.6,1000,0.2,1400,0.2,1
2,4,13013,0,0,666,0.42,420,0.58,1
2,5,10798,2,10,5,0,300,0.5,1700,0.5,1
2,6,9404,0,0,666,0.42,420,0.58,1
2,7,5777,2,10,5,0,666,0.42,420,0.58,1
2,8,13275,2,10,5,0,300,0.5,572,0.32,486,0.18,1
2,9,5714,1,0,300,0.5,1700,0.5,1
2,10,1273,2,10,5,0,300,0.5,1700,0.5,1
2,11,458,0,0,300,0.5,1700,0.5,1
3,0,7161,1,0,500,0.6,1000,0.2,1400,0.2,1
3,1,2356,2,10,5,0,666,0.42,420,0.58,1
3,2,12226,1,0,300,0.5,1700,0.5,1
3,3,13088,2,10,5,0,666,0.42,420,0.58,1
3,4,12346,2,10,5,0,300,0.5,572,0.32,486,0.18,1
3,5,5901,0,0,500,0.6,1000,0.2,1400,0.2,1
3,6,11515,1,0,300,0.5,572,0.32,486,0.18,1
3,7,10962,2,10,5,0,666,0.42,420,0.58,1
3,8,10777,0,0,500,0.6,1000,0.2,1400,0.2,1
3,9,5507,0,0,300,0.5,572,0.32,486,0.18,1
3,10,8205,1,0,666,0.42,420,0.58,1
3,11,9463,1,0,300,0.5,1700,0.5,1
4,0,11208,0,0,300,0.5,572,0.32,486,0.18,1
4,1,5121,1,0,300,0.5,1700,0.5,1
4,2,9154,0,0,500,0.6,1000,0.2,1400,0.2,1
4,3,9260,2,10,5,0,500,0.6,1000,0.2,1400,0.2,1
4,4,12513,0,0,500,0.6,1000,0.2,1400,0.2,1
4,5,728,1,0,300,0.5,1700,0.5,1
4,6,5731,1,0,666,0.42,420,0.58,1
4,7,9698,2,10,5,0,666,0.42,420,0.58,1
4,8,4115,0,0,300,0.5,572,0.32,486,0.18,1
4,9,12362,0,0,666,0.42,420,0.58,1
4,10,13046,2,10,5,0,300,0.5,572,0.32,486,0.18,1
4,11,3972,0,0,500,0.6,1000,0.2,1400,0.2,1
5,0,13441,0,0,500,0.6,1000,0.2,1400,0.2,1
5,1,11687,0,0,666,0.42,420,0.58,1
5,2,6688,1,0,300,0.5,1700,0.5,1
5,3,11782,2,10,5,0,300,0.5,1700,0.5,1
5,4,13481,2,10,5,0,300,0.5,1700,0.5,1
5,5,6687,0,0,300,0.5,572,0.32,486,0.18,1
5,6,13748,0,0,666,0.42,420,0.58,1
5,7,2341,1,0,666,0.42,420,0.58,1
5,8,9237,1,0,300,0.5,572,0.32,486,0.18,1
5,9,4227,1,0,500,0.6,1000,0.2,1400,0.2,1
5,10,2541,0,0,300,0.5,1700,0.5,1
5,11,3008,2,10,5,0,300,0.5,572,0.32,486,0.18,1
6,0,5484,1,0,300,0.5,572,0.32,486,0.18,1
6,1,10636,2,10,5,0,300,0.5,572,0.32,486,0.18,1
6,2,10376,1,0,500,0.6,1000,0.2,1400,0.2,1
6,3,8314,0,0,300,0.5,1700,0.5,1
6,4,6823,2,10,5,0,666,0.42,420,0.58,1
6,5,2526,2,10,5,0,300,0.5,572,0.32,486,0.18,1
6,6,1024,1,0,500,0.6,1000,0.2,1400,0.2,1
6,7,12275,1,0,500,0.6,1000,0.2,1400,0.2,1
6,8,4778,0,0,300,0.5,572,0.32,486,0.18,1
6,9,11077,1,0,666,0.42,420,0.58,1
6,10,11672,0,0,300,0.5,572,0.32,486,0.18,1
6,11,12139,0,0,666,0.42,420,0.58,1
7,0,11268,0,0,300,0.5,572,0.32,486,0.18,1
7,1,5436,1,0,500,0.6,1000,0.2,1400,0.2,1
7,2,4535,2,10,5,0,666,0.42,420,0.58,1
7,3,12237,2,10,5,0,500,0.6,1000,0.2,1400,0.2,1
7,4,4012,0,0,500,0.6,1000,0.2,1400,0.2,1
7,5,14908,0,0,300,0.5,1700,0.5,1
7,6,1877,2,10,5,0,666,0.42,420,0.58,1
7,7,13546,0,0,300,0.5,572,0.32,486,0.18,1
7,8,8242,0,0,666,0.42,420,0.58,1
7,9,1258,2,10,5,0,300,0.5,572,0.32,486,0.18,1
7,10,10008,1,0,666,0.42,420,0.58,1
7,11,4169,0,0,300,0.5,572,0.32,486,0.18,1
8,0,10116,2,10,5,0,666,0.42,420,0.58,1
8,1,9128,2,10,5,0,666,0.42,420,0.58,1
8,2,5229,0,0,300,0.5,572,0.32,486,0.18,1
8,3,671,1,0,300,0.5,572,0.32,486,0.18,1
8,4,13436,1,0,300,0.5,572,0.32,486,0.18,1
8,5,13907,1,0,300,0.5,572,0.32,486,0.18,1
8,6,4718,2,10,5,0,300,0.5,572,0.32,486,0.18,1
8,7,14552,2,10,5,0,300,0.5,1700,0.5,1
8,8,4411,1,0,500,0.6,1000,0.2,1400,0.2,1
8,9,1346,2,10,5,0,300,0.5,572,0.32,486,0.18,1
8,10,1965,0,0,500,0.6,1000,0.2,1400,0.2,1
8,11,4772,0,0,666,0.42,420,0.58,1
9,0,6571,2,10,5,0,300,0.5,572,0.32,486,0.18,1
9,1,4348,2,10,5,0,666,0.42,420,0.58,1
9,2,211,0,0,666,0.42,420,0.58,1
9,3,6714,2,10,5,0,300,0.5,1700,0.5,1
9,4,13394,2,10,5,0,666,0.42,420,0.58,1
9,5,5021,1,0,500,0.6,1000,0.2,1400,0.2,1
9,6,3219,2,10,5,0,500,0.6,1000,0.2,1400,0.2,1
9,7,870,0,0,500,0.6,1000,0.2,1400,0.2,1
9,8,8416,0,0,500,0.6,1000,0.2,1400,0.2,1
9,9,10247,1,0,500,0.6,1000,0.2,1400,0.2,1
9,10,1820,1,0,666,0.42,420,0.58,1
9,11,584,1,0,300,0.5,1700,0.5,1
10,0,10622,0,0,300,0.5,1700,0.5,1
10,1,8337,0,0,300,0.5,572,0.32,486,0.18,1
10,2,7615,1,0,300,0.5,572,0.32,486,0.18,1
10,3,8048,2,10,5,0,300,0.5,572,0.32,486,0.18,1
10,4,5644,0,0,500,0.6,1000,0.2,1400,0.2,1
10,5,3217,2,10,5,0,300,0.5,1700,0.5,1
10,6,6910,2,10,5,0,300,0.5,572,0.32,486,0.18,1
10,7,8136,0,0,300,0.5,572,0.32,486,0.18,1
10,8,3487,0,0,666,0.42,420,0.58,1
10,9,31,1,0,300,0.5,1700,0.5,1
10,10,8286,1,0,666,0.42,420,0.58,1
10,11,477,2,10,5,0,500,0.6,1000,0.2,1400,0.2,1
11,0,1101,1,0,300,0.5,572,0.32,486,0.18,1
11,1,3490,1,0,666,0.42,420,0.58,1
11,2,4558,1,0,666,0.42,420,0.58,1
11,3,13183,2,10,5,0,300,0.5,1700,0.5,1
11,4,9484,0,0,500,0.6,1000,0.2,1400,0.2,1
11,5,12445,2,10,5,0,300,0.5,1700,0.5,1
11,6,8820,0,0,300,0.5,572,0.32,486,0.18,1
11,7,13598,0,0,666,0.42,420,0.58,1
11,8,9665,1,0,500,0.6,1000,0.2,1400,0.2,1
11,9,2768,1,0,300,0.5,1700,0.5,1
11,10,6671,2,10,5,0,666,0.42,420,0.58,1
11,11,14512,0,0,500,0.6,1000,0.2,1400,0.2,1
