0,0,4423,0,0,500,0.6,1000,0.2,1400,0.2,1
0,1,13983,1,0,300,0.5,1700,0.5,1
0,2,8291,2,10,5,0,500,0.6,1000,0.2,1400,0.2,1
0,3,12871,1,0,300,0.5,572,0.32,486,0.18,1
0,4,4736,0,0,500,0.6,1000,0.2,1400,0.2,1
0,5,12043,1,0,300,0.5,572,0.32,486,0.18,1
0,6,962,2,10,5,0,300,0.5,572,0.32,486,0.18,1
0,7,1036,2,10,5,0,300,0.5,572,0.32,486,0.18,1
0,8,4056,0,0,300,0.5,572,0.32,486,0.18,1
0,9,9770,0,0,300,0.5,572,0.32,486,0.18,1
0,10,6283,2,10,5,0,300,0.5,1700,0.5,1
0,11,7100,2,10,5,0,666,0.42,420,0.58,1
1,0,7228,1,0,500,0.6,1000,0.2,1400,0.2,1
1,1,13068,0,0,500,0.6,1000,0.2,1400,0.2,1
1,2,9689,2,10,5,0,666,0.42,420,0.58,0
1,3,3867,2,10,5,0,300,0.5,572,0.32,486,0.18,1
1,4,3830,2,10,5,0,300,0.5,572,0.32,486,0.18,1
1,5,3179,2,10,5,0,500,0.6,1000,0.2,1400,0.2,1
1,6,316,0,0,500,0.6,1000,0.2,1400,0.2,1
1,7,1368,1,0,500,0.6,1000,0.2,1400,0.2,1
1,8,2415,2,10,5,0,300,0.5,1700,0.5,1
1,9,1133,1,0,500,0.6,1000,0.2,1400,0.2,1
1,10,1719,1,0,666,0.42,420,0.58,1
1,11,2506,2,10,5,0,500,0.6,1000,0.2,1400,0.2,1
2,0,6452,2,10,5,0,666,0.42,420,0.58,1
2,1,6648,0,0,300,0.5,572,0.32,486,0.18,1
2,2,2018,2,10,5,0,500,0.6,1000,0.2,1400,0.2,1
2,3,4535,0,0,300,0.5,572,0.32,486,0.18,1
2,4,3839,1,0,500,0.6,1000,0.2,1400,0.2,1
2,5,651,2,10,5,0,300,0.5,572,0.32,486,0.18,1
2,6,11010,2,10,5,0,300,0.5,572,0.32,486,0.18,1
2,7,9453,0,0,300,0.5,1700,0.5,1
2,8,7456,0,0,666,0.42,420,0.58,1
2,9,2453,2,10,5,0,500,0.6,1000,0.2,1400,0.2,1
2,10,5265,0,0,666,0.42,420,0.58,1
2,11,1552,0,0,300,0.5,1700,0.5,1
3,0,8430,2,10,5,0,300,0.5,572,0.32,486,0.18,1
3,1,3511,2,10,5,0,500,0.6,1000,0.2,1400,0.2,1
3,2,9537,1,0,300,0.5,572,0.32,486,0.18,1
3,3,7878,2,10,5,0,666,0.42,420,0.58,1
3,4,13530,0,0,500,0.6,1000,0.2,1400,0.2,1
3,5,4340,1,0,666,0.42,420,0.58,1
3,6,14477,1,0,500,0.6,1000,0.2,1400,0.2,1
3,7,7815,0,0,300,0.5,1700,0.5,1
3,8,8016,0,0,300,0.5,572,0.32,486,0.18,1
3,9,2209,0,0,300,0.5,1700,0.5,1
3,10,12095,0,0,500,0.6,1000,0.2,1400,0.2,1
3,11,4877,1,0,500,0.6,1000,0.2,1400,0.2,1
4,0,10226,2,10,5,0,500,0.6,1000,0.2,1400,0.2,1
4,1,11303,0,0,500,0.6,1000,0.2,1400,0.2,1
4,2,3811,1,0,500,0.6,1000,0.2,1400,0.2,1
4,3,13530,2,10,5,0,666,0.42,420,0.58,1
4,4,10179,0,0,500,0.6,1000,0.2,1400,0.2,1
4,5,11381,2,10,5,0,666,0.42,420,0.58,1
4,6,12080,2,10,5,0,300,0.5,572,0.32,486,0.18,1
4,7,8960,0,0,500,0.6,1000,0.2,1400,0.2,1
4,8,8370,1,0,666,0.42,420,0.58,1
4,9,2841,2,10,5,0,666,0.42,420,0.58,1
4,10,14265,2,10,5,0,300,0.5,572,0.32,486,0.18,1
4,11,2807,1,0,300,0.5,1700,0.5,1
5,0,10661,2,10,5,0,300,0.5,572,0.32,486,0.18,1
5,1,10052,1,0,666,0.42,420,0.58,1
5,2,7265,0,0,300,0.5,1700,0.5,1
5,3,2021,2,10,5,0,300,0.5,572,0.32,486,0.18,1
5,4,13596,0,0,666,0.42,420,0.58,1
5,5,6847,0,0,300,0.5,572,0.32,486,0.18,1
5,6,4024,0,0,300,0.5,1700,0.5,1
5,7,7533,1,0,300,0.5,572,0.32,486,0.18,1
5,8,3602,0,0,666,0.42,420,0.58,1
5,9,3563,0,0,666,0.42,420,0.58,1
5,10,863,1,0,500,0.6,1000,0.2,1400,0.2,1
5,11,1428,2,10,5,0,666,0.42,420,0.58,1
6,0,12152,2,10,5,0,666,0.42,420,0.58,1
6,1,14865,0,0,300,0.5,572,0.32,486,0.18,1
6,2,5260,0,0,666,0.42,420,0.58,1
6,3,5940,0,0,300,0.5,572,0.32,486,0.18,1
6,4,5156,0,0,300,0.5,572,0.32,486,0.18,1
6,5,552,0,0,500,0.6,1000,0.2,1400,0.2,1
6,6,9870,1,0,666,0.42,420,0.58,1
6,7,9788,0,0,666,0.42,420,0.58,1
6,8,13085,2,10,5,0,500,0.6,1000,0.2,1400,0.2,1
6,9,8259,2,10,5,0,666,0.42,420,0.58,1
6,10,14001,1,0,300,0.5,1700,0.5,1
6,11,10108,2,10,5,0,666,0.42,420,0.58,1
7,0,7158,1,0,666,0.42,420,0.58,1
7,1,13121,0,0,666,0.42,420,0.58,1
7,2,235,1,0,300,0.5,572,0.32,486,0.18,1
7,3,4135,0,0,500,0.6,1000,0.2,1400,0.2,1
7,4,878,2,10,5,0,666,0.42,420,0.58,1
7,5,7449,1,0,500,0.6,1000,0.2,1400,0.2,1
7,6,1900,1,0,300,0.5,1700,0.5,1
7,7,12535,1,0,300,0.5,1700,0.5,1
7,8,4486,0,0,300,0.5,572,0.32,486,0.18,1
7,9,14315,2,10,5,0,500,0.6,1000,0.2,1400,0.2,1
7,10,14017,2,10,5,0,300,0.5,1700,0.5,1
7,11,14346,0,0,300,0.5,572,0.32,486,0.18,1
8,0,6459,0,0,300,0.5,572,0.32,486,0.18,1
8,1,7206,1,0,300,0.5,572,0.32,486,0.18,1
8,2,1873,2,10,5,0,500,0.6,1000,0.2,1400,0.2,1
8,3,10226,1,0,666,0.42,420,0.58,1
8,4,13984,2,10,5,0,500,0.6,1000,0.2,1400,0.2,1
8,5,13097,1,0,300,0.5,1700,0.5,1
8,6,14942,2,10,5,0,500,0.6,1000,0.2,1400,0.2,1
8,7,7327,0,0,300,0.5,1700,0.5,1
8,8,5166,0,0,666,0.42,420,0.58,1
8,9,11228,1,0,666,0.42,420,0.58,1
8,10,7269,0,0,666,0.42,420,0.58,1
8,11,146,1,0,666,0.42,420,0.58,1
9,0,12777,1,0,500,0.6,1000,0.2,1400,0.2,1
9,1,12132,0,0,666,0.42,420,0.58,1
9,2,8183,2,10,5,0,300,0.5,572,0.32,486,0.18,1
9,3,1728,1,0,500,0.6,1000,0.2,1400,0.2,1
9,4,3853,2,10,5,0,500,0.6,1000,0.2,1400,0.2,1
9,5,716,2,10,5,0,300,0.5,572,0.32,486,0.18,1
9,6,10788,1,0,666,0.42,420,0.58,1
9,7,7794,2,10,5,0,500,0.6,1000,0.2,1400,0.2,1
9,8,2179,0,0,300,0.5,572,0.32,486,0.18,1
9,9,10728,1,0,666,0.42,420,0.58,1
9,10,10223,2,10,5,0,300,0.5,572,0.32,486,0.18,1
9,11,7060,1,0,300,0.5,1700,0.5,1
10,0,2513,2,10,5,0,500,0.6,1000,0.2,1400,0.2,1
10,1,13798,1,0,500,0.6,1000,0.2,1400,0.2,1
10,2,5261,2,10,5,0,500,0.6,1000,0.2,1400,0.2,1
10,3,5863,0,0,300,0.5,572,0.32,486,0.18,1
10,4,9083,2,10,5,0,300,0.5,572,0.32,486,0.18,1
10,5,13088,1,0,500,0.6,1000,0.2,1400,0.2,1
10,6,903,2,10,5,0,500,0.6,1000,0.2,1400,0.2,1
10,7,10502,2,10,5,0,500,0.6,1000,0.2,1400,0.2,1
10,8,10990,0,0,300,0.5,1700,0.5,1
10,9,13212,0,0,500,0.6,1000,0.2,1400,0.2,1
10,10,7036,1,0,300,0.5,1700,0.5,1
10,11,14665,0,0,300,0.5,572,0.32,486,0.18,1
11,0,10279,1,0,300,0.5,1700,0.5,1
11,1,14336,2,10,5,0,500,0.6,1000,0.2,1400,0.2,1
11,2,7472,2,10,5,0,500,0.6,1000,0.2,1400,0.2,1
11,3,9761,0,0,666,0.42,420,0.58,1
11,4,6745,0,0,300,0.5,572,0.32,486,0.18,1
11,5,13804,1,0,666,0.42,420,0.58,1
11,6,8578,0,0,666,0.42,420,0.58,1
11,7,5946,1,0,666,0.42,420,0.58,1
11,8,14551,0,0,300,0.5,1700,0.5,1
11,9,13099,1,0,300,0.5,1700,0.5,1
11,10,5298,0,0,300,0.5,572,0.32,486,0.18,1
11,11,9631,2,10,5,0,300,0.5,572,0.32,486,0.18,1
