0,0,2278,0,0,500,0.6,1000,0.2,1400,0.2,1
0,1,3390,0,0,500,0.6,1000,0.2,1400,0.2,1
0,2,2224,1,0,500,0.6,1000,0.2,1400,0.2,1
0,3,10652,1,0,666,0.42,420,0.58,1
0,4,7030,1,0,300,0.5,1700,0.5,1
0,5,10229,2,10,5,0,500,0.6,1000,0.2,1400,0.2,1
0,6,3487,2,10,5,0,666,0.42,420,0.58,1
0,7,8704,2,10,5,0,300,0.5,572,0.32,486,0.18,1
0,8,3609,2,10,5,0,300,0.5,1700,0.5,1
0,9,5985,0,0,500,0.6,1000,0.2,1400,0.2,1
0,10,13235,0,0,500,0.6,1000,0.2,1400,0.2,1
0,11,2630,2,10,5,0,300,0.5,572,0.32,486,0.18,1
1,0,12350,1,0,666,0.42,420,0.58,1
1,1,7112,1,0,666,0.42,420,0.58,1
1,2,8687,0,0,300,0.5,572,0.32,486,0.18,0
1,3,12277,0,0,500,0.6,1000,0.2,1400,0.2,1
1,4,8178,2,10,5,0,300,0.5,1700,0.5,1
1,5,11999,1,0,300,0.5,572,0.32,486,0.18,1
1,6,2679,0,0,300,0.5,572,0.32,486,0.18,1
1,7,5515,1,0,300,0.5,1700,0.5,1
1,8,824,1,0,300,0.5,1700,0.5,1
1,9,7517,2,10,5,0,500,0.6,1000,0.2,1400,0.2,1
1,10,10905,1,0,666,0.42,420,0.58,1
1,11,2266,2,10,5,0,666,0.42,420,0.58,1
2,0,9667,1,0,500,0.6,1000,0.2,1400,0.2,1
2,1,5795,0,0,300,0.5,572,0.32,486,0.18,1
2,2,12766,2,10,5,0,666,0.42,420,0.58,1
2,3,14924,1,0,500,0.6,1000,0.2,1400,0.2,1
2,4,6460,0,0,300,0.5,1700,0.5,1
2,5,84,0,0,500,0.6,1000,0.2,1400,0.2,1
2,6,2169,1,0,666,0.42,420,0.58,1
2,7,13804,0,0,666,0.42,420,0.58,1
2,8,708,1,0,300,0.5,1700,0.5,1
2,9,6856,0,0,300,0.5,572,0.32,486,0.18,1
2,10,9631,2,10,5,0,300,0.5,572,0.32,486,0.18,1
2,11,14677,1,0,300,0.5,1700,0.5,1
3,0,6464,0,0,666,0.42,420,0.58,1
3,1,2121,1,0,300,0.5,572,0.32,486,0.18,1
3,2,2418,2,10,5,0,300,0.5,1700,0.5,1
3,3,966,0,0,300,0.5,1700,0.5,1
3,4,350,1,0,500,0.6,1000,0.2,1400,0.2,1
3,5,5116,0,0,500,0.6,1000,0.2,1400,0.2,1
3,6,3591,2,10,5,0,300,0.5,1700,0.5,1
3,7,1364,1,0,300,0.5,1700,0.5,1
3,8,1767,1,0,300,0.5,572,0.32,486,0.18,1
3,9,3929,0,0,300,0.5,1700,0.5,1
3,10,4807,0,0,666,0.42,420,0.58,1
3,11,13126,2,10,5,0,500,0.6,1000,0.2,1400,0.2,1
4,0,1567,1,0,300,0.5,572,0.32,486,0.18,1
4,1,6742,2,10,5,0,300,0.5,572,0.32,486,0.18,1
4,2,10824,0,0,300,0.5,1700,0.5,1
4,3,13026,2,10,5,0,666,0.42,420,0.58,1
4,4,1868,0,0,300,0.5,1700,0.5,1
4,5,4505,2,10,5,0,666,0.42,420,0.58,1
4,6,9649,0,0,300,0.5,1700,0.5,1
4,7,12867,2,10,5,0,500,0.6,1000,0.2,1400,0.2,1
4,8,4370,1,0,300,0.5,572,0.32,486,0.18,1
4,9,10704,0,0,500,0.6,1000,0.2,1400,0.2,1
4,10,11750,2,10,5,0,666,0.42,420,0.58,1
4,11,2440,1,0,666,0.42,420,0.58,1
5,0,5232,1,0,500,0.6,1000,0.2,1400,0.2,1
5,1,9573,2,10,5,0,666,0.42,420,0.58,1
5,2,6852,2,10,5,0,300,0.5,572,0.32,486,0.18,1
5,3,5176,1,0,300,0.5,1700,0.5,1
5,4,2971,1,0,300,0.5,1700,0.5,1
5,5,1472,2,10,5,0,666,0.42,420,0.58,1
5,6,8708,2,10,5,0,500,0.6,1000,0.2,1400,0.2,1
5,7,7080,2,10,5,0,300,0.5,1700,0.5,1
5,8,14040,2,10,5,0,500,0.6,1000,0.2,1400,0.2,1
5,9,14213,1,0,300,0.5,572,0.32,486,0.18,1
5,10,2837,1,0,300,0.5,572,0.32,486,0.18,1
5,11,4065,2,10,5,0,500,0.6,1000,0.2,1400,0.2,1
6,0,12337,0,0,666,0.42,420,0.58,1
6,1,2272,2,10,5,0,300,0.5,1700,0.5,1
6,2,8497,2,10,5,0,666,0.42,420,0.58,1
6,3,5375,0,0,300,0.5,1700,0.5,1
6,4,4059,0,0,666,0.42,420,0.58,1
6,5,4636,2,10,5,0,500,0.6,1000,0.2,1400,0.2,1
6,6,6364,1,0,300,0.5,572,0.32,486,0.18,1
6,7,10595,0,0,300,0.5,572,0.32,486,0.18,1
6,8,3551,2,10,5,0,300,0.5,572,0.32,486,0.18,1
6,9,7206,2,10,5,0,666,0.42,420,0.58,1
6,10,2265,0,0,500,0.6,1000,0.2,1400,0.2,1
6,11,3216,0,0,300,0.5,1700,0.5,1
7,0,639,2,10,5,0,500,0.6,1000,0.2,1400,0.2,1
7,1,4271,0,0,300,0.5,572,0.32,486,0.18,1
7,2,1315,1,0,300,0.5,1700,0.5,1
7,3,3459,1,0,666,0.42,420,0.58,1
7,4,4006,1,0,300,0.5,1700,0.5,1
7,5,1462,1,0,300,0.5,1700,0.5,1
7,6,3760,0,0,500,0.6,1000,0.2,1400,0.2,1
7,7,13809,1,0,300,0.5,572,0.32,486,0.18,1
7,8,8100,0,0,500,0.6,1000,0.2,1400,0.2,1
7,9,13034,2,10,5,0,500,0.6,1000,0.2,1400,0.2,1
7,10,10948,2,10,5,0,666,0.42,420,0.58,1
7,11,1033,0,0,500,0.6,1000,0.2,1400,0.2,1
8,0,6953,0,0,300,0.5,572,0.32,486,0.18,1
8,1,1387,0,0,666,0.42,420,0.58,1
8,2,1684,0,0,500,0.6,1000,0.2,1400,0.2,1
8,3,10306,1,0,666,0.42,420,0.58,1
8,4,14407,2,10,5,0,500,0.6,1000,0.2,1400,0.2,1
8,5,363,2,10,5,0,666,0.42,420,0.58,1
8,6,8734,2,10,5,0,500,0.6,1000,0.2,1400,0.2,1
8,7,14420,2,10,5,0,500,0.6,1000,0.2,1400,0.2,1
8,8,1718,0,0,300,0.5,572,0.32,486,0.18,1
8,9,14897,0,0,666,0.42,420,0.58,1
8,10,833,0,0,500,0.6,1000,0.2,1400,0.2,1
8,11,4834,2,10,5,0,500,0.6,1000,0.2,1400,0.2,1
9,0,11025,0,0,500,0.6,1000,0.2,1400,0.2,1
9,1,10228,2,10,5,0,300,0.5,572,0.32,486,0.18,1
9,2,2719,1,0,500,0.6,1000,0.2,1400,0.2,1
9,3,9628,1,0,666,0.42,420,0.58,1
9,4,13098,0,0,300,0.5,572,0.32,486,0.18,1
9,5,1056,1,0,500,0.6,1000,0.2,1400,0.2,1
9,6,8387,1,0,300,0.5,572,0.32,486,0.18,1
9,7,11169,1,0,500,0.6,1000,0.2,1400,0.2,1
9,8,13300,2,10,5,0,500,0.6,1000,0.2,1400,0.2,1
9,9,1555,0,0,666,0.42,420,0.58,1
9,10,822,1,0,500,0.6,1000,0.2,1400,0.2,1
9,11,12991,0,0,500,0.6,1000,0.2,1400,0.2,1
10,0,8865,0,0,300,0.5,1700,0.5,1
10,1,11077,0,0,666,0.42,420,0.58,1
10,2,1947,0,0,300,0.5,1700,0.5,1
10,3,10505,1,0,300,0.5,1700,0.5,1
10,4,14846,1,0,500,0.6,1000,0.2,1400,0.2,1
10,5,8729,0,0,300,0.5,572,0.32,486,0.18,1
10,6,8488,0,0,300,0.5,572,0.32,486,0.18,1
10,7,7936,1,0,300,0.5,1700,0.5,1
10,8,5627,1,0,666,0.42,420,0.58,1
10,9,14572,2,10,5,0,300,0.5,572,0.32,486,0.18,1
10,10,8807,0,0,300,0.5,572,0.32,486,0.18,1
10,11,14292,1,0,666,0.42,420,0.58,1
11,0,2926,2,10,5,0,300,0.5,1700,0.5,1
11,1,11558,0,0,666,0.42,420,0.58,1
11,2,6116,2,10,5,0,500,0.6,1000,0.2,1400,0.2,1
11,3,973,0,0,300,0.5,572,0.32,486,0.18,1
11,4,11041,1,0,300,0.5,1700,0.5,1
11,5,10418,2,10,5,0,300,0.5,572,0.32,486,0.18,1
11,6,12030,1,0,300,0.5,572,0.32,486,0.18,1
11,7,33,1,0,666,0.42,420,0.58,1
11,8,6923,1,0,666,0.42,420,0.58,1
11,9,3479,1,0,300,0.5,572,0.32,486,0.18,1
11,10,762,0,0,300,0.5,1700,0.5,1
11,11,11646,2,10,5,0,300,0.5,572,0.32,486,0.18,1
