0,0,2742,1,0,500,0.6,1000,0.2,1400,0.2,1
0,1,8930,1,0,500,0.6,1000,0.2,1400,0.2,1
0,2,12909,1,0,300,0.5,1700,0.5,1
0,3,14286,0,0,300,0.5,572,0.32,486,0.18,1
0,4,4399,2,10,5,0,500,0.6,1000,0.2,1400,0.2,1
0,5,12090,2,10,5,0,500,0.6,1000,0.2,1400,0.2,1
0,6,10,1,0,300,0.5,1700,0.5,1
0,7,1877,1,0,300,0.5,572,0.32,486,0.18,1
0,8,109,1,0,300,0.5,1700,0.5,1
0,9,13658,2,10,5,0,500,0.6,1000,0.2,1400,0.2,1
0,10,7963,1,0,666,0.42,420,0.58,1
0,11,9463,1,0,500,0.6,1000,0.2,1400,0.2,1
1,0,7357,1,0,300,0.5,1700,0.5,1
1,1,5936,1,0,300,0.5,1700,0.5,1
1,2,8332,1,0,666,0.42,420,0.58,0
1,3,5936,2,10,5,0,500,0.6,1000,0.2,1400,0.2,1
1,4,9104,2,10,5,0,300,0.5,572,0.32,486,0.18,1
1,5,10136,0,0,300,0.5,1700,0.5,1
1,6,1259,1,0,300,0.5,1700,0.5,1
1,7,9838,2,10,5,0,300,0.5,1700,0.5,1
1,8,6075,2,10,5,0,300,0.5,1700,0.5,1
1,9,3568,1,0,666,0.42,420,0.58,1
1,10,4859,2,10,5,0,300,0.5,1700,0.5,1
1,11,12172,2,10,5,0,500,0.6,1000,0.2,1400,0.2,1
2,0,3396,0,0,666,0.42,420,0.58,1
2,1,13831,0,0,500,0.6,1000,0.2,1400,0.2,1
2,2,6068,1,0,500,0.6,1000,0.2,1400,0.2,1
2,3,2903,0,0,300,0.5,572,0.32,486,0.18,1
2,4,9574,1,0,300,0.5,1700,0.5,1
2,5,2593,0,0,300,0.5,1700,0.5,1
2,6,2846,2,10,5,0,500,0.6,1000,0.2,1400,0.2,1
2,7,8901,1,0,300,0.5,1700,0.5,1
2,8,7223,1,0,666,0.42,420,0.58,1
2,9,6848,1,0,300,0.5,572,0.32,486,0.18,1
2,10,11557,0,0,300,0.5,1700,0.5,1
2,11,4082,2,10,5,0,300,0.5,572,0.32,486,0.18,1
3,0,10999,0,0,500,0.6,1000,0.2,1400,0.2,1
3,1,3129,1,0,300,0.5,1700,0.5,1
3,2,14797,2,10,5,0,300,0.5,1700,0.5,1
3,3,870,2,10,5,0,666,0.42,420,0.58,1
3,4,12295,0,0,300,0.5,572,0.32,486,0.18,1
3,5,14200,0,0,666,0.42,420,0.58,1
3,6,1601,1,0,300,0.5,572,0.32,486,0.18,1
3,7,14057,1,0,666,0.42,420,0.58,1
3,8,1399,0,0,500,0.6,1000,0.2,1400,0.2,1
3,9,11015,2,10,5,0,500,0.6,1000,0.2,1400,0.2,1
3,10,11413,1,0,666,0.42,420,0.58,1
3,11,1118,0,0,300,0.5,1700,0.5,1
4,0,8463,2,10,5,0,500,0.6,1000,0.2,1400,0.2,1
4,1,12436,0,0,666,0.42,420,0.58,1
4,2,4255,2,10,5,0,300,0.5,572,0.32,486,0.18,1
4,3,13782,2,10,5,0,500,0.6,1000,0.2,1400,0.2,1
4,4,63,1,0,666,0.42,420,0.58,1
4,5,14176,1,0,666,0.42,420,0.58,1
4,6,11205,2,10,5,0,500,0.6,1000,0.2,1400,0.2,1
4,7,5221,0,0,300,0.5,1700,0.5,1
4,8,2812,0,0,666,0.42,420,0.58,1
4,9,14446,1,0,300,0.5,572,0.32,486,0.18,1
4,10,1998,2,10,5,0,666,0.42,420,0.58,1
4,11,10811,1,0,500,0.6,1000,0.2,1400,0.2,1
5,0,11997,0,0,666,0.42,420,0.58,1
5,1,2821,2,10,5,0,666,0.42,420,0.58,1
5,2,12636,1,0,500,0.6,1000,0.2,1400,0.2,1
5,3,8067,1,0,500,0.6,1000,0.2,1400,0.2,1
5,4,5561,2,10,5,0,300,0.5,572,0.32,486,0.18,1
5,5,8107,1,0,500,0.6,1000,0.2,1400,0.2,1
5,6,1146,0,0,300,0.5,572,0.32,486,0.18,1
5,7,8879,1,0,500,0.6,1000,0.2,1400,0.2,1
5,8,4828,1,0,300,0.5,572,0.32,486,0.18,1
5,9,2680,0,0,666,0.42,420,0.58,1
5,10,12158,0,0,300,0.5,572,0.32,486,0.18,1
5,11,11252,0,0,300,0.5,572,0.32,486,0.18,1
6,0,7579,0,0,300,0.5,1700,0.5,1
6,1,179,2,10,5,0,666,0.42,420,0.58,1
6,2,14663,1,0,666,0.42,420,0.58,1
6,3,13111,0,0,500,0.6,1000,0.2,1400,0.2,1
6,4,14637,2,10,5,0,666,0.42,420,0.58,1
6,5,9207,1,0,300,0.5,572,0.32,486,0.18,1
6,6,3549,0,0,666,0.42,420,0.58,1
6,7,1072,1,0,300,0.5,572,0.32,486,0.18,1
6,8,4548,0,0,500,0.6,1000,0.2,1400,0.2,1
6,9,11218,0,0,300,0.5,572,0.32,486,0.18,1
6,10,14727,1,0,300,0.5,1700,0.5,1
6,11,7038,1,0,300,0.5,572,0.32,486,0.18,1
7,0,9985,0,0,300,0.5,1700,0.5,1
7,1,1504,0,0,300,0.5,572,0.32,486,0.18,1
7,2,1567,1,0,666,0.42,420,0.58,1
7,3,8048,1,0,666,0.42,420,0.58,1
7,4,12545,2,10,5,0,300,0.5,572,0.32,486,0.18,1
7,5,8912,1,0,666,0.42,420,0.58,1
7,6,13703,2,10,5,0,300,0.5,572,0.32,486,0.18,1
7,7,10120,2,10,5,0,300,0.5,572,0.32,486,0.18,1
7,8,2608,1,0,666,0.42,420,0.58,1
7,9,1493,2,10,5,0,300,0.5,1700,0.5,1
7,10,5033,1,0,666,0.42,420,0.58,1
7,11,5974,2,10,5,0,666,0.42,420,0.58,1
8,0,13339,1,0,666,0.42,420,0.58,1
8,1,2888,1,0,666,0.42,420,0.58,1
8,2,4680,2,10,5,0,300,0.5,572,0.32,486,0.18,1
8,3,12710,1,0,666,0.42,420,0.58,1
8,4,2926,1,0,300,0.5,1700,0.5,1
8,5,13643,0,0,666,0.42,420,0.58,1
8,6,13147,0,0,300,0.5,572,0.32,486,0.18,1
8,7,2547,2,10,5,0,300,0.5,572,0.32,486,0.18,1
8,8,7067,1,0,500,0.6,1000,0.2,1400,0.2,1
8,9,868,1,0,666,0.42,420,0.58,1
8,10,10772,2,10,5,0,666,0.42,420,0.58,1
8,11,5993,2,10,5,0,300,0.5,1700,0.5,1
9,0,14682,0,0,300,0.5,1700,0.5,1
9,1,8513,1,0,300,0.5,1700,0.5,1
9,2,1713,2,10,5,0,300,0.5,1700,0.5,1
9,3,5055,0,0,500,0.6,1000,0.2,1400,0.2,1
9,4,5799,1,0,300,0.5,1700,0.5,1
9,5,84,0,0,300,0.5,572,0.32,486,0.18,1
9,6,3020,2,10,5,0,500,0.6,1000,0.2,1400,0.2,1
9,7,8377,2,10,5,0,300,0.5,1700,0.5,1
9,8,7547,0,0,666,0.42,420,0.58,1
9,9,3231,2,10,5,0,500,0.6,1000,0.2,1400,0.2,1
9,10,7138,2,10,5,0,300,0.5,572,0.32,486,0.18,1
9,11,4436,2,10,5,0,300,0.5,572,0.32,486,0.18,1
10,0,9472,2,10,5,0,500,0.6,1000,0.2,1400,0.2,1
10,1,8009,1,0,300,0.5,572,0.32,486,0.18,1
10,2,9462,1,0,500,0.6,1000,0.2,1400,0.2,1
10,3,8420,2,10,5,0,500,0.6,1000,0.2,1400,0.2,1
10,4,12167,1,0,500,0.6,1000,0.2,1400,0.2,1
10,5,10389,2,10,5,0,300,0.5,572,0.32,486,0.18,1
10,6,10185,1,0,500,0.6,1000,0.2,1400,0.2,1
10,7,1235,0,0,300,0.5,1700,0.5,1
10,8,3513,0,0,666,0.42,420,0.58,1
10,9,6303,2,10,5,0,300,0.5,1700,0.5,1
10,10,3117,2,10,5,0,666,0.42,420,0.58,1
10,11,1818,2,10,5,0,666,0.42,420,0.58,1
11,0,8919,1,0,300,0.5,572,0.32,486,0.18,1
11,1,4209,1,0,500,0.6,1000,0.2,1400,0.2,1
11,2,13330,0,0,500,0.6,1000,0.2,1400,0.2,1
11,3,3267,2,10,5,0,300,0.5,572,0.32,486,0.18,1
11,4,1860,0,0,300,0.5,572,0.32,486,0.18,1
11,5,1109,1,0,500,0.6,1000,0.2,1400,0.2,1
11,6,8828,1,0,500,0.6,1000,0.2,1400,0.2,1
11,7,4425,1,0,300,0.5,572,0.32,486,0.18,1
11,8,10056,1,0,500,0.6,1000,0.2,1400,0.2,1
11,9,7547,0,0,300,0.5,572,0.32,486,0.18,1
11,10,164,1,0,300,0.5,1700,0.5,1
11,11,1400,1,0,500,0.6,1000,0.2,1400,0.2,1
