0,0,9007,1,0,300,0.5,1700,0.5,1
0,1,11674,0,0,500,0.6,1000,0.2,1400,0.2,1
0,2,2823,1,0,666,0.42,420,0.58,1
0,3,6452,0,0,500,0.6,1000,0.2,1400,0.2,1
0,4,13172,2,10,5,0,300,0.5,1700,0.5,1
0,5,9062,1,0,500,0.6,1000,0.2,1400,0.2,1
0,6,8843,1,0,300,0.5,572,0.32,486,0.18,1
0,7,3787,2,10,5,0,666,0.42,420,0.58,1
0,8,1851,0,0,666,0.42,420,0.58,1
0,9,4878,2,10,5,0,300,0.5,572,0.32,486,0.18,1
0,10,2682,0,0,300,0.5,1700,0.5,1
0,11,2314,0,0,666,0.42,420,0.58,1
1,0,9848,2,10,5,0,300,0.5,1700,0.5,1
1,1,11429,1,0,300,0.5,572,0.32,486,0.18,1
1,2,2173,2,10,5,0,500,0.6,1000,0.2,1400,0.2,0
1,3,8523,1,0,300,0.5,572,0.32,486,0.18,1
1,4,10957,0,0,500,0.6,1000,0.2,1400,0.2,1
1,5,767,1,0,666,0.42,420,0.58,1
1,6,588,2,10,5,0,666,0.42,420,0.58,1
1,7,8410,2,10,5,0,300,0.5,1700,0.5,1
1,8,11874,2,10,5,0,300,0.5,1700,0.5,1
1,9,12508,2,10,5,0,300,0.5,572,0.32,486,0.18,1
1,10,7356,2,10,5,0,666,0.42,420,0.58,1
1,11,3169,1,0,666,0.42,420,0.58,1
2,0,1143,1,0,666,0.42,420,0.58,1
2,1,8328,2,10,5,0,666,0.42,420,0.58,1
2,2,1165,1,0,666,0.42,420,0.58,1
2,3,7368,0,0,300,0.5,572,0.32,486,0.18,1
2,4,6448,1,0,500,0.6,1000,0.2,1400,0.2,1
2,5,4674,2,10,5,0,500,0.6,1000,0.2,1400,0.2,1
2,6,1803,1,0,666,0.42,420,0.58,1
2,7,630,1,0,500,0.6,1000,0.2,1400,0.2,1
2,8,14112,2,10,5,0,300,0.5,572,0.32,486,0.18,1
2,9,6560,2,10,5,0,500,0.6,1000,0.2,1400,0.2,1
2,10,13496,2,10,5,0,300,0.5,572,0.32,486,0.18,1
2,11,1074,0,0,500,0.6,1000,0.2,1400,0.2,1
3,0,2535,0,0,300,0.5,1700,0.5,1
3,1,5322,1,0,500,0.6,1000,0.2,1400,0.2,1
3,2,5729,1,0,500,0.6,1000,0.2,1400,0.2,1
3,3,6257,2,10,5,0,300,0.5,1700,0.5,1
3,4,2350,0,0,666,0.42,420,0.58,1
3,5,8721,0,0,300,0.5,572,0.32,486,0.18,1
3,6,3362,2,10,5,0,500,0.6,1000,0.2,1400,0.2,1
3,7,6816,1,0,500,0.6,1000,0.2,1400,0.2,1
3,8,12813,1,0,300,0.5,1700,0.5,1
3,9,1333,2,10,5,0,300,0.5,1700,0.5,1
3,10,8490,0,0,666,0.42,420,0.58,1
3,11,9539,1,0,300,0.5,1700,0.5,1
4,0,3601,1,0,300,0.5,572,0.32,486,0.18,1
4,1,8542,1,0,500,0.6,1000,0.2,1400,0.2,1
4,2,5626,0,0,666,0.42,420,0.58,1
4,3,11541,0,0,300,0.5,1700,0.5,1
4,4,7821,2,10,5,0,500,0.6,1000,0.2,1400,0.2,1
4,5,8269,0,0,300,0.5,572,0.32,486,0.18,1
4,6,6244,2,10,5,0,500,0.6,1000,0.2,1400,0.2,1
4,7,12969,1,0,300,0.5,1700,0.5,1
4,8,12766,0,0,500,0.6,1000,0.2,1400,0.2,1
4,9,10355,0,0,666,0.42,420,0.58,1
4,10,10698,2,10,5,0,500,0.6,1000,0.2,1400,0.2,1
4,11,12328,2,10,5,0,300,0.5,1700,0.5,1
5,0,3787,1,0,666,0.42,420,0.58,1
5,1,13117,2,10,5,0,500,0.6,1000,0.2,1400,0.2,1
5,2,4037,0,0,300,0.5,572,0.32,486,0.18,1
5,3,10120,0,0,300,0.5,1700,0.5,1
5,4,1226,0,0,666,0.42,420,0.58,1
5,5,20,0,0,666,0.42,420,0.58,1
5,6,11270,1,0,500,0.6,1000,0.2,1400,0.2,1
5,7,486,0,0,500,0.6,1000,0.2,1400,0.2,1
5,8,6156,2,10,5,0,500,0.6,1000,0.2,1400,0.2,1
5,9,14559,0,0,300,0.5,572,0.32,486,0.18,1
5,10,9433,0,0,300,0.5,572,0.32,486,0.18,1
5,11,6676,0,0,500,0.6,1000,0.2,1400,0.2,1
6,0,12342,2,10,5,0,300,0.5,1700,0.5,1
6,1,7572,1,0,500,0.6,1000,0.2,1400,0.2,1
6,2,9848,1,0,300,0.5,1700,0.5,1
6,3,8463,2,10,5,0,500,0.6,1000,0.2,1400,0.2,1
6,4,13359,0,0,666,0.42,420,0.58,1
6,5,4962,1,0,666,0.42,420,0.58,1
6,6,3647,1,0,300,0.5,1700,0.5,1
6,7,667,1,0,300,0.5,1700,0.5,1
6,8,6648,1,0,500,0.6,1000,0.2,1400,0.2,1
6,9,7136,2,10,5,0,300,0.5,1700,0.5,1
6,10,8947,2,10,5,0,300,0.5,1700,0.5,1
6,11,7071,2,10,5,0,300,0.5,1700,0.5,1
7,0,4336,2,10,5,0,500,0.6,1000,0.2,1400,0.2,1
7,1,12911,0,0,666,0.42,420,0.58,1
7,2,901,2,10,5,0,666,0.42,420,0.58,1
7,3,11045,1,0,500,0.6,1000,0.2,1400,0.2,1
7,4,14544,2,10,5,0,666,0.42,420,0.58,1
7,5,11514,1,0,300,0.5,572,0.32,486,0.18,1
7,6,3625,0,0,666,0.42,420,0.58,1
7,7,13554,0,0,666,0.42,420,0.58,1
7,8,1060,2,10,5,0,500,0.6,1000,0.2,1400,0.2,1
7,9,7030,2,10,5,0,300,0.5,572,0.32,486,0.18,1
7,10,12032,2,10,5,0,300,0.5,1700,0.5,1
7,11,3620,1,0,500,0.6,1000,0.2,1400,0.2,1
8,0,11492,0,0,666,0.42,420,0.58,1
8,1,8870,1,0,300,0.5,572,0.32,486,0.18,1
8,2,14700,0,0,500,0.6,1000,0.2,1400,0.2,1
8,3,1624,1,0,300,0.5,572,0.32,486,0.18,1
8,4,11055,2,10,5,0,300,0.5,572,0.32,486,0.18,1
8,5,2365,1,0,500,0.6,1000,0.2,1400,0.2,1
8,6,4576,1,0,666,0.42,420,0.58,1
8,7,7161,2,10,5,0,300,0.5,1700,0.5,1
8,8,14144,1,0,300,0.5,1700,0.5,1
8,9,5748,1,0,300,0.5,572,0.32,486,0.18,1
8,10,14492,0,0,300,0.5,572,0.32,486,0.18,1
8,11,118,0,0,300,0.5,1700,0.5,1
9,0,8025,1,0,666,0.42,420,0.58,1
9,1,3906,2,10,5,0,500,0.6,1000,0.2,1400,0.2,1
9,2,5475,0,0,500,0.6,1000,0.2,1400,0.2,1
9,3,1456,1,0,300,0.5,572,0.32,486,0.18,1
9,4,6610,2,10,5,0,500,0.6,1000,0.2,1400,0.2,1
9,5,3328,1,0,666,0.42,420,0.58,1
9,6,13542,1,0,300,0.5,1700,0.5,1
9,7,7259,1,0,666,0.42,420,0.58,1
9,8,14608,1,0,500,0.6,1000,0.2,1400,0.2,1
9,9,10871,0,0,500,0.6,1000,0.2,1400,0.2,1
9,10,9953,1,0,300,0.5,572,0.32,486,0.18,1
9,11,7050,1,0,300,0.5,1700,0.5,1
10,0,699,1,0,300,0.5,1700,0.5,1
10,1,12457,2,10,5,0,500,0.6,1000,0.2,1400,0.2,1
10,2,5389,0,0,666,0.42,420,0.58,1
10,3,12653,0,0,300,0.5,572,0.32,486,0.18,1
10,4,3267,2,10,5,0,500,0.6,1000,0.2,1400,0.2,1
10,5,4189,2,10,5,0,500,0.6,1000,0.2,1400,0.2,1
10,6,3834,0,0,300,0.5,572,0.32,486,0.18,1
10,7,11425,0,0,300,0.5,1700,0.5,1
10,8,5874,2,10,5,0,666,0.42,420,0.58,1
10,9,6993,2,10,5,0,300,0.5,572,0.32,486,0.18,1
10,10,3652,1,0,300,0.5,572,0.32,486,0.18,1
10,11,9326,1,0,300,0.5,572,0.32,486,0.18,1
11,0,1686,1,0,666,0.42,420,0.58,1
11,1,4643,0,0,300,0.5,572,0.32,486,0.18,1
11,2,7519,2,10,5,0,300,0.5,572,0.32,486,0.18,1
11,3,5661,2,10,5,0,300,0.5,572,0.32,486,0.18,1
11,4,10724,0,0,666,0.42,420,0.58,1
11,5,3507,2,10,5,0,300,0.5,572,0.32,486,0.18,1
11,6,7313,1,0,300,0.5,572,0.32,486,0.18,1
11,7,1278,1,0,666,0.42,420,0.58,1
11,8,3328,1,0,300,0.5,572,0.32,486,0.18,1
11,9,13428,2,10,5,0,500,0.6,1000,0.2,1400,0.2,1
11,10,13062,0,0,666,0.42,420,0.58,1
11,11,12647,2,10,5,0,500,0.6,1000,0.2,1400,0.2,1
