0,0,13902,0,0,300,0.5,572,0.32,486,0.18,1
0,1,12797,2,10,5,0,300,0.5,1700,0.5,1
0,2,5312,1,0,666,0.42,420,0.58,1
0,3,14771,0,0,500,0.6,1000,0.2,1400,0.2,1
0,4,827,1,0,300,0.5,1700,0.5,1
0,5,9660,0,0,666,0.42,420,0.58,1
0,6,1102,0,0,666,0.42,420,0.58,1
0,7,8054,1,0,300,0.5,572,0.32,486,0.18,1
0,8,10619,0,0,666,0.42,420,0.58,1
0,9,3130,1,0,500,0.6,1000,0.2,1400,0.2,1
0,10,311,0,0,666,0.42,420,0.58,1
0,11,610,2,10,5,0,300,0.5,572,0.32,486,0.18,1
1,0,13825,1,0,500,0.6,1000,0.2,1400,0.2,1
1,1,8384,0,0,500,0.6,1000,0.2,1400,0.2,1
1,2,12015,1,0,300,0.5,1700,0.5,0
1,3,794,0,0,666,0.42,420,0.58,1
1,4,3071,2,10,5,0,300,0.5,1700,0.5,1
1,5,2645,2,10,5,0,300,0.5,1700,0.5,1
1,6,5338,0,0,300,0.5,1700,0.5,1
1,7,1219,0,0,666,0.42,420,0.58,1
1,8,4817,1,0,300,0.5,1700,0.5,1
1,9,4890,0,0,500,0.6,1000,0.2,1400,0.2,1
1,10,988,0,0,500,0.6,1000,0.2,1400,0.2,1
1,11,3831,2,10,5,0,300,0.5,572,0.32,486,0.18,1
2,0,8370,1,0,500,0.6,1000,0.2,1400,0.2,1
2,1,7997,2,10,5,0,300,0.5,572,0.32,486,0.18,1
2,2,14193,2,10,5,0,666,0.42,420,0.58,1
2,3,10323,2,10,5,0,300,0.5,572,0.32,486,0.18,1
2,4,4694,2,10,5,0,300,0.5,572,0.32,486,0.18,1
2,5,9792,0,0,300,0.5,1700,0.5,1
2,6,682,1,0,500,0.6,1000,0.2,1400,0.2,1
2,7,3799,2,10,5,0,300,0.5,572,0.32,486,0.18,1
2,8,1152,2,10,5,0,300,0.5,1700,0.5,1
2,9,806,0,0,500,0.6,1000,0.2,1400,0.2,1
2,10,2306,2,10,5,0,300,0.5,1700,0.5,1
2,11,8016,2,10,5,0,666,0.42,420,0.58,1
3,0,12968,0,0,300,0.5,572,0.32,486,0.18,1
3,1,11694,0,0,666,0.42,420,0.58,1
3,2,4064,0,0,500,0.6,1000,0.2,1400,0.2,1
3,3,13890,0,0,666,0.42,420,0.58,1
3,4,1713,1,0,300,0.5,1700,0.5,1
3,5,10334,0,0,300,0.5,572,0.32,486,0.18,1
3,6,8593,1,0,300,0.5,1700,0.5,1
3,7,5585,2,10,5,0,500,0.6,1000,0.2,1400,0.2,1
3,8,4771,2,10,5,0,666,0.42,420,0.58,1
3,9,14605,0,0,666,0.42,420,0.58,1
3,10,2180,0,0,666,0.42,420,0.58,1
3,11,4494,2,10,5,0,300,0.5,572,0.32,486,0.18,1
4,0,13172,2,10,5,0,300,0.5,572,0.32,486,0.18,1
4,1,14753,0,0,300,0.5,572,0.32,486,0.18,1
4,2,14635,0,0,300,0.5,1700,0.5,1
4,3,10743,0,0,300,0.5,572,0.32,486,0.18,1
4,4,3733,2,10,5,0,666,0.42,420,0.58,1
4,5,10525,1,0,500,0.6,1000,0.2,1400,0.2,1
4,6,11064,0,0,500,0.6,1000,0.2,1400,0.2,1
4,7,1353,2,10,5,0,666,0.42,420,0.58,1
4,8,6625,2,10,5,0,300,0.5,572,0.32,486,0.18,1
4,9,4475,2,10,5,0,300,0.5,1700,0.5,1
4,10,5457,0,0,300,0.5,572,0.32,486,0.18,1
4,11,8433,0,0,666,0.42,420,0.58,1
5,0,7252,2,10,5,0,300,0.5,572,0.32,486,0.18,1
5,1,969,1,0,500,0.6,1000,0.2,1400,0.2,1
5,2,7076,1,0,666,0.42,420,0.58,1
5,3,9438,2,10,5,0,666,0.42,420,0.58,1
5,4,11026,0,0,300,0.5,572,0.32,486,0.18,1
5,5,5378,2,10,5,0,300,0.5,572,0.32,486,0.18,1
5,6,13309,1,0,300,0.5,572,0.32,486,0.18,1
5,7,12023,1,0,300,0.5,572,0.32,486,0.18,1
5,8,7467,2,10,5,0,300,0.5,572,0.32,486,0.18,1
5,9,4418,1,0,666,0.42,420,0.58,1
5,10,8937,2,10,5,0,500,0.6,1000,0.2,1400,0.2,1
5,11,6594,1,0,300,0.5,572,0.32,486,0.18,1
6,0,7427,0,0,300,0.5,1700,0.5,1
6,1,12460,2,10,5,0,500,0.6,1000,0.2,1400,0.2,1
6,2,9234,0,0,500,0.6,1000,0.2,1400,0.2,1
6,3,9863,0,0,300,0.5,572,0.32,486,0.18,1
6,4,8179,2,10,5,0,300,0.5,572,0.32,486,0.18,1
6,5,2472,1,0,500,0.6,1000,0.2,1400,0.2,1
6,6,12766,0,0,666,0.42,420,0.58,1
6,7,13435,0,0,666,0.42,420,0.58,1
6,8,507,0,0,300,0.5,572,0.32,486,0.18,1
6,9,3583,0,0,500,0.6,1000,0.2,1400,0.2,1
6,10,7108,1,0,300,0.5,572,0.32,486,0.18,1
6,11,10959,1,0,300,0.5,572,0.32,486,0.18,1
7,0,6839,2,10,5,0,500,0.6,1000,0.2,1400,0.2,1
7,1,7593,0,0,666,0.42,420,0.58,1
7,2,8710,1,0,300,0.5,1700,0.5,1
7,3,3882,1,0,300,0.5,572,0.32,486,0.18,1
7,4,14686,1,0,666,0.42,420,0.58,1
7,5,12126,1,0,500,0.6,1000,0.2,1400,0.2,1
7,6,14458,2,10,5,0,300,0.5,1700,0.5,1
7,7,6539,2,10,5,0,666,0.42,420,0.58,1
7,8,10522,1,0,500,0.6,1000,0.2,1400,0.2,1
7,9,8406,1,0,300,0.5,1700,0.5,1
7,10,7975,0,0,300,0.5,572,0.32,486,0.18,1
7,11,2374,1,0,500,0.6,1000,0.2,1400,0.2,1
8,0,10355,1,0,300,0.5,1700,0.5,1
8,1,14968,0,0,666,0.42,420,0.58,1
8,2,9331,1,0,300,0.5,1700,0.5,1
8,3,7208,1,0,500,0.6,1000,0.2,1400,0.2,1
8,4,3852,1,0,500,0.6,1000,0.2,1400,0.2,1
8,5,14353,2,10,5,0,666,0.42,420,0.58,1
8,6,13880,0,0,500,0.6,1000,0.2,1400,0.2,1
8,7,5230,1,0,666,0.42,420,0.58,1
8,8,9170,0,0,300,0.5,572,0.32,486,0.18,1
8,9,13458,2,10,5,0,666,0.42,420,0.58,1
8,10,1986,0,0,300,0.5,572,0.32,486,0.18,1
8,11,8989,0,0,666,0.42,420,0.58,1
9,0,8881,1,0,666,0.42,420,0.58,1
9,1,2811,0,0,300,0.5,1700,0.5,1
9,2,3951,2,10,5,0,666,0.42,420,0.58,1
9,3,7742,2,10,5,0,500,0.6,1000,0.2,1400,0.2,1
9,4,6888,1,0,666,0.42,420,0.58,1
9,5,8747,1,0,666,0.42,420,0.58,1
9,6,9195,1,0,300,0.5,572,0.32,486,0.18,1
9,7,11252,1,0,666,0.42,420,0.58,1
9,8,3794,0,0,300,0.5,572,0.32,486,0.18,1
9,9,1316,1,0,666,0.42,420,0.58,1
9,10,2630,2,10,5,0,666,0.42,420,0.58,1
9,11,324,1,0,300,0.5,572,0.32,486,0.18,1
10,0,8994,1,0,666,0.42,420,0.58,1
10,1,8891,0,0,300,0.5,1700,0.5,1
10,2,7149,1,0,300,0.5,1700,0.5,1
10,3,7524,1,0,500,0.6,1000,0.2,1400,0.2,1
10,4,327,2,10,5,0,500,0.6,1000,0.2,1400,0.2,1
10,5,4306,1,0,300,0.5,572,0.32,486,0.18,1
10,6,14545,1,0,300,0.5,1700,0.5,1
10,7,73,0,0,300,0.5,1700,0.5,1
10,8,10846,2,10,5,0,500,0.6,1000,0.2,1400,0.2,1
10,9,4120,0,0,666,0.42,420,0.58,1
10,10,166,2,10,5,0,300,0.5,572,0.32,486,0.18,1
10,11,9618,0,0,666,0.42,420,0.58,1
11,0,14246,0,0,500,0.6,1000,0.2,1400,0.2,1
11,1,3171,2,10,5,0,666,0.42,420,0.58,1
11,2,6762,2,10,5,0,500,0.6,1000,0.2,1400,0.2,1
11,3,9038,1,0,300,0.5,1700,0.5,1
11,4,7565,1,0,300,0.5,572,0.32,486,0.18,1
11,5,536,0,0,666,0.42,420,0.58,1
11,6,4778,0,0,666,0.42,420,0.58,1
11,7,11239,2,10,5,0,300,0.5,1700,0.5,1
11,8,5733,2,10,5,0,666,0.42,420,0.58,1
11,9,13832,0,0,666,0.42,420,0.58,1
11,10,2759,0,0,500,0.6,1000,0.2,1400,0.2,1
11,11,13846,0,0,500,0.6,1000,0.2,1400,0.2,1
