0,0,7864,1,0,500,0.6,1000,0.2,1400,0.2,1
0,1,13475,2,10,5,0,500,0.6,1000,0.2,1400,0.2,1
0,2,3949,2,10,5,0,300,0.5,572,0.32,486,0.18,1
0,3,2727,2,10,5,0,300,0.5,1700,0.5,1
0,4,164,2,10,5,0,300,0.5,572,0.32,486,0.18,1
0,5,8144,2,10,5,0,666,0.42,420,0.58,1
0,6,8567,1,0,666,0.42,420,0.58,1
0,7,7570,0,0,300,0.5,572,0.32,486,0.18,1
0,8,10878,2,10,5,0,666,0.42,420,0.58,1
0,9,11910,2,10,5,0,666,0.42,420,0.58,1
0,10,7352,0,0,300,0.5,572,0.32,486,0.18,1
0,11,12232,0,0,300,0.5,1700,0.5,1
1,0,4053,2,10,5,0,500,0.6,1000,0.2,1400,0.2,1
1,1,6884,2,10,5,0,300,0.5,572,0.32,486,0.18,1
1,2,4061,0,0,300,0.5,572,0.32,486,0.18,0
1,3,658,0,0,300,0.5,572,0.32,486,0.18,1
1,4,847,1,0,500,0.6,1000,0.2,1400,0.2,1
1,5,9762,1,0,300,0.5,1700,0.5,1
1,6,10263,2,10,5,0,666,0.42,420,0.58,1
1,7,9263,2,10,5,0,500,0.6,1000,0.2,1400,0.2,1
1,8,7012,1,0,500,0.6,1000,0.2,1400,0.2,1
1,9,4837,2,10,5,0,500,0.6,1000,0.2,1400,0.2,1
1,10,12671,2,10,5,0,666,0.42,420,0.58,1
1,11,13240,1,0,666,0.42,420,0.58,1
2,0,14868,2,10,5,0,500,0.6,1000,0.2,1400,0.2,1
2,1,3078,2,10,5,0,300,0.5,1700,0.5,1
2,2,2517,1,0,666,0.42,420,0.58,1
2,3,6354,0,0,666,0.42,420,0.58,1
2,4,490,2,10,5,0,300,0.5,572,0.32,486,0.18,1
2,5,7060,2,10,5,0,500,0.6,1000,0.2,1400,0.2,1
2,6,11457,1,0,300,0.5,572,0.32,486,0.18,1
2,7,7584,2,10,5,0,300,0.5,572,0.32,486,0.18,1
2,8,9745,2,10,5,0,666,0.42,420,0.58,1
2,9,7227,1,0,666,0.42,420,0.58,1
2,10,8558,2,10,5,0,666,0.42,420,0.58,1
2,11,2822,1,0,666,0.42,420,0.58,1
3,0,128,1,0,500,0.6,1000,0.2,1400,0.2,1
3,1,9715,1,0,666,0.42,420,0.58,1
3,2,5036,1,0,500,0.6,1000,0.2,1400,0.2,1
3,3,4395,1,0,300,0.5,1700,0.5,1
3,4,14781,1,0,500,0.6,1000,0.2,1400,0.2,1
3,5,6695,0,0,500,0.6,1000,0.2,1400,0.2,1
3,6,13256,1,0,300,0.5,572,0.32,486,0.18,1
3,7,7643,2,10,5,0,300,0.5,1700,0.5,1
3,8,7468,0,0,300,0.5,1700,0.5,1
3,9,9372,1,0,300,0.5,1700,0.5,1
3,10,2402,0,0,666,0.42,420,0.58,1
3,11,11492,2,10,5,0,500,0.6,1000,0.2,1400,0.2,1
4,0,12703,2,10,5,0,300,0.5,572,0.32,486,0.18,1
4,1,14153,1,0,300,0.5,572,0.32,486,0.18,1
4,2,11846,2,10,5,0,300,0.5,572,0.32,486,0.18,1
4,3,11511,1,0,500,0.6,1000,0.2,1400,0.2,1
4,4,5505,2,10,5,0,300,0.5,572,0.32,486,0.18,1
4,5,9126,2,10,5,0,300,0.5,1700,0.5,1
4,6,4509,1,0,300,0.5,1700,0.5,1
4,7,5747,0,0,300,0.5,1700,0.5,1
4,8,3072,0,0,300,0.5,572,0.32,486,0.18,1
4,9,6207,0,0,300,0.5,1700,0.5,1
4,10,5711,2,10,5,0,300,0.5,1700,0.5,1
4,11,3296,0,0,500,0.6,1000,0.2,1400,0.2,1
5,0,13386,1,0,500,0.6,1000,0.2,1400,0.2,1
5,1,10534,0,0,300,0.5,1700,0.5,1
5,2,9703,1,0,300,0.5,572,0.32,486,0.18,1
5,3,2658,1,0,666,0.42,420,0.58,1
5,4,14701,0,0,300,0.5,1700,0.5,1
5,5,1761,0,0,500,0.6,1000,0.2,1400,0.2,1
5,6,4892,1,0,500,0.6,1000,0.2,1400,0.2,1
5,7,713,2,10,5,0,500,0.6,1000,0.2,1400,0.2,1
5,8,9491,0,0,666,0.42,420,0.58,1
5,9,10935,1,0,500,0.6,1000,0.2,1400,0.2,1
5,10,6850,1,0,500,0.6,1000,0.2,1400,0.2,1
5,11,3483,2,10,5,0,666,0.42,420,0.58,1
6,0,7970,2,10,5,0,500,0.6,1000,0.2,1400,0.2,1
6,1,11786,0,0,300,0.5,572,0.32,486,0.18,1
6,2,1309,1,0,300,0.5,572,0.32,486,0.18,1
6,3,14737,2,10,5,0,300,0.5,1700,0.5,1
6,4,13783,1,0,666,0.42,420,0.58,1
6,5,14635,2,10,5,0,666,0.42,420,0.58,1
6,6,10296,1,0,300,0.5,1700,0.5,1
6,7,3177,1,0,300,0.5,572,0.32,486,0.18,1
6,8,4598,1,0,300,0.5,1700,0.5,1
6,9,13268,1,0,500,0.6,1000,0.2,1400,0.2,1
6,10,9082,1,0,300,0.5,1700,0.5,1
6,11,13067,2,10,5,0,500,0.6,1000,0.2,1400,0.2,1
7,0,6821,2,10,5,0,300,0.5,572,0.32,486,0.18,1
7,1,5351,0,0,300,0.5,572,0.32,486,0.18,1
7,2,14787,2,10,5,0,666,0.42,420,0.58,1
7,3,2932,1,0,666,0.42,420,0.58,1
7,4,2797,1,0,300,0.5,572,0.32,486,0.18,1
7,5,11154,2,10,5,0,666,0.42,420,0.58,1
7,6,1060,1,0,666,0.42,420,0.58,1
7,7,4227,0,0,500,0.6,1000,0.2,1400,0.2,1
7,8,12223,0,0,300,0.5,572,0.32,486,0.18,1
7,9,13748,2,10,5,0,500,0.6,1000,0.2,1400,0.2,1
7,10,8684,0,0,300,0.5,1700,0.5,1
7,11,10750,2,10,5,0,500,0.6,1000,0.2,1400,0.2,1
8,0,934,1,0,500,0.6,1000,0.2,1400,0.2,1
8,1,12606,1,0,666,0.42,420,0.58,1
8,2,4852,0,0,300,0.5,572,0.32,486,0.18,1
8,3,2877,1,0,300,0.5,572,0.32,486,0.18,1
8,4,4931,1,0,500,0.6,1000,0.2,1400,0.2,1
8,5,3576,1,0,500,0.6,1000,0.2,1400,0.2,1
8,6,14484,2,10,5,0,666,0.42,420,0.58,1
8,7,10408,0,0,666,0.42,420,0.58,1
8,8,11076,2,10,5,0,300,0.5,1700,0.5,1
8,9,7199,0,0,300,0.5,1700,0.5,1
8,10,14691,2,10,5,0,300,0.5,1700,0.5,1
8,11,8379,1,0,500,0.6,1000,0.2,1400,0.2,1
9,0,5583,1,0,666,0.42,420,0.58,1
9,1,443,2,10,5,0,300,0.5,572,0.32,486,0.18,1
9,2,7152,1,0,666,0.42,420,0.58,1
9,3,9647,1,0,300,0.5,572,0.32,486,0.18,1
9,4,1637,0,0,666,0.42,420,0.58,1
9,5,4670,0,0,666,0.42,420,0.58,1
9,6,2504,1,0,300,0.5,572,0.32,486,0.18,1
9,7,12378,2,10,5,0,666,0.42,420,0.58,1
9,8,1095,2,10,5,0,500,0.6,1000,0.2,1400,0.2,1
9,9,11711,0,0,666,0.42,420,0.58,1
9,10,1092,0,0,300,0.5,572,0.32,486,0.18,1
9,11,12956,2,10,5,0,500,0.6,1000,0.2,1400,0.2,1
10,0,4211,2,10,5,0,500,0.6,1000,0.2,1400,0.2,1
10,1,2435,2,10,5,0,300,0.5,572,0.32,486,0.18,1
10,2,14392,1,0,300,0.5,572,0.32,486,0.18,1
10,3,9393,0,0,500,0.6,1000,0.2,1400,0.2,1
10,4,10289,0,0,500,0.6,1000,0.2,1400,0.2,1
10,5,12086,2,10,5,0,300,0.5,1700,0.5,1
10,6,7817,0,0,300,0.5,572,0.32,486,0.18,1
10,7,7634,1,0,500,0.6,1000,0.2,1400,0.2,1
10,8,6911,2,10,5,0,500,0.6,1000,0.2,1400,0.2,1
10,9,6842,2,10,5,0,300,0.5,1700,0.5,1
10,10,9365,2,10,5,0,300,0.5,572,0.32,486,0.18,1
10,11,2132,0,0,300,0.5,1700,0.5,1
11,0,9676,2,10,5,0,500,0.6,1000,0.2,1400,0.2,1
11,1,11290,2,10,5,0,666,0.42,420,0.58,1
11,2,11823,2,10,5,0,666,0.42,420,0.58,1
11,3,9690,1,0,666,0.42,420,0.58,1
11,4,8434,0,0,500,0.6,1000,0.2,1400,0.2,1
11,5,10805,2,10,5,0,666,0.42,420,0.58,1
11,6,9929,2,10,5,0,666,0.42,420,0.58,1
11,7,14090,0,0,300,0.5,1700,0.5,1
11,8,4149,0,0,300,0.5,572,0.32,486,0.18,1
11,9,12302,2,10,5,0,666,0.42,420,0.58,1
11,10,7397,2,10,5,0,500,0.6,1000,0.2,1400,0.2,1
11,11,14513,1,0,666,0.42,420,0.58,1
