0,0,12324,2,10,5,0,500,0.6,1000,0.2,1400,0.2,1
0,1,13728,1,0,500,0.6,1000,0.2,1400,0.2,1
0,2,9121,0,0,300,0.5,1700,0.5,1
0,3,10528,0,0,300,0.5,572,0.32,486,0.18,1
0,4,3971,2,10,5,0,300,0.5,572,0.32,486,0.18,1
0,5,5132,1,0,300,0.5,572,0.32,486,0.18,1
0,6,9837,0,0,666,0.42,420,0.58,1
0,7,2121,2,10,5,0,666,0.42,420,0.58,1
0,8,12464,1,0,666,0.42,420,0.58,1
0,9,1084,2,10,5,0,666,0.42,420,0.58,1
0,10,12858,1,0,300,0.5,572,0.32,486,0.18,1
0,11,6673,2,10,5,0,666,0.42,420,0.58,1
1,0,12187,1,0,666,0.42,420,0.58,1
1,1,4211,2,10,5,0,300,0.5,1700,0.5,1
1,2,2630,1,0,500,0.6,1000,0.2,1400,0.2,0
1,3,7937,0,0,300,0.5,572,0.32,486,0.18,1
1,4,14531,1,0,300,0.5,1700,0.5,1
1,5,1607,0,0,666,0.42,420,0.58,1
1,6,10677,0,0,666,0.42,420,0.58,1
1,7,12202,1,0,300,0.5,1700,0.5,1
1,8,2791,1,0,500,0.6,1000,0.2,1400,0.2,1
1,9,13271,0,0,500,0.6,1000,0.2,1400,0.2,1
1,10,285,1,0,500,0.6,1000,0.2,1400,0.2,1
1,11,3848,2,10,5,0,500,0.6,1000,0.2,1400,0.2,1
2,0,4957,2,10,5,0,300,0.5,572,0.32,486,0.18,1
2,1,11024,1,0,300,0.5,1700,0.5,1
2,2,13474,0,0,300,0.5,572,0.32,486,0.18,1
2,3,11476,0,0,300,0.5,1700,0.5,1
2,4,8247,1,0,500,0.6,1000,0.2,1400,0.2,1
2,5,11943,1,0,300,0.5,572,0.32,486,0.18,1
2,6,7332,2,10,5,0,500,0.6,1000,0.2,1400,0.2,1
2,7,4029,2,10,5,0,300,0.5,572,0.32,486,0.18,1
2,8,13674,1,0,666,0.42,420,0.58,1
2,9,6544,0,0,300,0.5,572,0.32,486,0.18,1
2,10,6765,0,0,300,0.5,1700,0.5,1
2,11,3860,2,10,5,0,500,0.6,1000,0.2,1400,0.2,1
3,0,13581,2,10,5,0,666,0.42,420,0.58,1
3,1,14605,0,0,300,0.5,1700,0.5,1
3,2,14196,0,0,300,0.5,1700,0.5,1
3,3,9890,2,10,5,0,666,0.42,420,0.58,1
3,4,10173,2,10,5,0,500,0.6,1000,0.2,1400,0.2,1
3,5,2010,2,10,5,0,500,0.6,1000,0.2,1400,0.2,1
3,6,13370,0,0,300,0.5,572,0.32,486,0.18,1
3,7,3013,0,0,300,0.5,572,0.32,486,0.18,1
3,8,10637,1,0,300,0.5,572,0.32,486,0.18,1
3,9,5795,2,10,5,0,500,0.6,1000,0.2,1400,0.2,1
3,10,90,0,0,666,0.42,420,0.58,1
3,11,2386,2,10,5,0,500,0.6,1000,0.2,1400,0.2,1
4,0,1888,2,10,5,0,500,0.6,1000,0.2,1400,0.2,1
4,1,10159,2,10,5,0,666,0.42,420,0.58,1
4,2,1676,1,0,300,0.5,1700,0.5,1
4,3,5484,2,10,5,0,300,0.5,572,0.32,486,0.18,1
4,4,1205,1,0,500,0.6,1000,0.2,1400,0.2,1
4,5,7372,1,0,500,0.6,1000,0.2,1400,0.2,1
4,6,11565,1,0,666,0.42,420,0.58,1
4,7,11423,1,0,300,0.5,572,0.32,486,0.18,1
4,8,11590,2,10,5,0,500,0.6,1000,0.2,1400,0.2,1
4,9,1540,1,0,666,0.42,420,0.58,1
4,10,4881,0,0,300,0.5,572,0.32,486,0.18,1
4,11,7173,2,10,5,0,300,0.5,572,0.32,486,0.18,1
5,0,8225,2,10,5,0,666,0.42,420,0.58,1
5,1,6996,0,0,500,0.6,1000,0.2,1400,0.2,1
5,2,2754,2,10,5,0,666,0.42,420,0.58,1
5,3,7383,2,10,5,0,300,0.5,572,0.32,486,0.18,1
5,4,11666,2,10,5,0,300,0.5,1700,0.5,1
5,5,4002,1,0,300,0.5,572,0.32,486,0.18,1
5,6,6087,0,0,300,0.5,572,0.32,486,0.18,1
5,7,10584,1,0,300,0.5,572,0.32,486,0.18,1
5,8,6423,2,10,5,0,300,0.5,572,0.32,486,0.18,1
5,9,216,1,0,666,0.42,420,0.58,1
5,10,9006,1,0,300,0.5,1700,0.5,1
5,11,9765,0,0,500,0.6,1000,0.2,1400,0.2,1
6,0,14427,1,0,666,0.42,420,0.58,1
6,1,8783,2,10,5,0,300,0.5,572,0.32,486,0.18,1
6,2,10771,0,0,300,0.5,1700,0.5,1
6,3,8101,1,0,666,0.42,420,0.58,1
6,4,3711,1,0,300,0.5,572,0.32,486,0.18,1
6,5,1640,2,10,5,0,300,0.5,1700,0.5,1
6,6,2196,2,10,5,0,666,0.42,420,0.58,1
6,7,2153,1,0,666,0.42,420,0.58,1
6,8,10553,2,10,5,0,500,0.6,1000,0.2,1400,0.2,1
6,9,6447,2,10,5,0,300,0.5,1700,0.5,1
6,10,3866,1,0,300,0.5,572,0.32,486,0.18,1
6,11,4654,0,0,666,0.42,420,0.58,1
7,0,6857,1,0,666,0.42,420,0.58,1
7,1,13317,1,0,300,0.5,572,0.32,486,0.18,1
7,2,6174,2,10,5,0,300,0.5,572,0.32,486,0.18,1
7,3,14768,1,0,500,0.6,1000,0.2,1400,0.2,1
7,4,6481,2,10,5,0,500,0.6,1000,0.2,1400,0.2,1
7,5,12434,0,0,300,0.5,1700,0.5,1
7,6,2377,0,0,300,0.5,1700,0.5,1
7,7,635,0,0,300,0.5,1700,0.5,1
7,8,2941,0,0,666,0.42,420,0.58,1
7,9,10179,0,0,500,0.6,1000,0.2,1400,0.2,1
7,10,11226,1,0,300,0.5,1700,0.5,1
7,11,5254,2,10,5,0,300,0.5,572,0.32,486,0.18,1
8,0,1686,1,0,300,0.5,1700,0.5,1
8,1,3188,1,0,300,0.5,572,0.32,486,0.18,1
8,2,12944,1,0,500,0.6,1000,0.2,1400,0.2,1
8,3,11721,1,0,300,0.5,572,0.32,486,0.18,1
8,4,6939,0,0,300,0.5,1700,0.5,1
8,5,11481,2,10,5,0,300,0.5,572,0.32,486,0.18,1
8,6,14213,0,0,666,0.42,420,0.58,1
8,7,4041,1,0,300,0.5,1700,0.5,1
8,8,7089,0,0,300,0.5,1700,0.5,1
8,9,7831,2,10,5,0,500,0.6,1000,0.2,1400,0.2,1
8,10,6697,0,0,300,0.5,572,0.32,486,0.18,1
8,11,11987,1,0,300,0.5,572,0.32,486,0.18,1
9,0,8352,2,10,5,0,300,0.5,1700,0.5,1
9,1,6088,2,10,5,0,300,0.5,572,0.32,486,0.18,1
9,2,8024,0,0,300,0.5,1700,0.5,1
9,3,14769,1,0,500,0.6,1000,0.2,1400,0.2,1
9,4,4305,2,10,5,0,300,0.5,572,0.32,486,0.18,1
9,5,14036,1,0,500,0.6,1000,0.2,1400,0.2,1
9,6,10001,1,0,500,0.6,1000,0.2,1400,0.2,1
9,7,4301,1,0,300,0.5,572,0.32,486,0.18,1
9,8,285,2,10,5,0,300,0.5,572,0.32,486,0.18,1
9,9,11058,2,10,5,0,500,0.6,1000,0.2,1400,0.2,1
9,10,7237,2,10,5,0,300,0.5,572,0.32,486,0.18,1
9,11,5319,0,0,300,0.5,572,0.32,486,0.18,1
10,0,12581,2,10,5,0,300,0.5,572,0.32,486,0.18,1
10,1,4018,1,0,666,0.42,420,0.58,1
10,2,7442,0,0,300,0.5,1700,0.5,1
10,3,3580,2,10,5,0,666,0.42,420,0.58,1
10,4,14735,1,0,666,0.42,420,0.58,1
10,5,12335,2,10,5,0,300,0.5,1700,0.5,1
10,6,14261,0,0,500,0.6,1000,0.2,1400,0.2,1
10,7,7353,2,10,5,0,300,0.5,1700,0.5,1
10,8,576,2,10,5,0,500,0.6,1000,0.2,1400,0.2,1
10,9,4516,2,10,5,0,666,0.42,420,0.58,1
10,10,11141,2,10,5,0,300,0.5,572,0.32,486,0.18,1
10,11,13317,1,0,666,0.42,420,0.58,1
11,0,11725,1,0,666,0.42,420,0.58,1
11,1,3649,0,0,300,0.5,572,0.32,486,0.18,1
11,2,9728,2,10,5,0,500,0.6,1000,0.2,1400,0.2,1
11,3,2389,2,10,5,0,300,0.5,572,0.32,486,0.18,1
11,4,2663,1,0,666,0.42,420,0.58,1
11,5,13578,0,0,300,0.5,572,0.32,486,0.18,1
11,6,11607,0,0,500,0.6,1000,0.2,1400,0.2,1
11,7,8674,2,10,5,0,666,0.42,420,0.58,1
11,8,14727,0,0,500,0.6,1000,0.2,1400,0.2,1
11,9,12536,2,10,5,0,500,0.6,1000,0.2,1400,0.2,1
11,10,10009,1,0,300,0.5,1700,0.5,1
11,11,6110,0,0,666,0.42,420,0.58,1
