0,0,7370,0,0,300,0.5,1700,0.5,1
0,1,4167,1,0,500,0.6,1000,0.2,1400,0.2,1
0,2,9410,0,0,666,0.42,420,0.58,1
0,3,3358,1,0,300,0.5,572,0.32,486,0.18,1
0,4,13773,2,10,5,0,300,0.5,572,0.32,486,0.18,1
0,5,5301,2,10,5,0,666,0.42,420,0.58,1
0,6,2116,0,0,300,0.5,572,0.32,486,0.18,1
0,7,7297,2,10,5,0,300,0.5,1700,0.5,1
0,8,1981,2,10,5,0,300,0.5,1700,0.5,1
0,9,8736,2,10,5,0,500,0.6,1000,0.2,1400,0.2,1
0,10,6075,2,10,5,0,300,0.5,1700,0.5,1
0,11,12371,1,0,300,0.5,1700,0.5,1
1,0,6280,0,0,300,0.5,1700,0.5,1
1,1,10416,0,0,666,0.42,420,0.58,1
1,2,12707,1,0,500,0.6,1000,0.2,1400,0.2,0
1,3,5977,1,0,500,0.6,1000,0.2,1400,0.2,1
1,4,10224,1,0,300,0.5,1700,0.5,1
1,5,10230,2,10,5,0,500,0.6,1000,0.2,1400,0.2,1
1,6,8391,1,0,500,0.6,1000,0.2,1400,0.2,1
1,7,6384,0,0,666,0.42,420,0.58,1
1,8,1893,1,0,500,0.6,1000,0.2,1400,0.2,1
1,9,9441,1,0,300,0.5,1700,0.5,1
1,10,5606,2,10,5,0,666,0.42,420,0.58,1
1,11,8918,0,0,500,0.6,1000,0.2,1400,0.2,1
2,0,6336,2,10,5,0,300,0.5,1700,0.5,1
2,1,13814,2,10,5,0,666,0.42,420,0.58,1
2,2,9065,2,10,5,0,666,0.42,420,0.58,1
2,3,5958,1,0,666,0.42,420,0.58,1
2,4,11512,1,0,300,0.5,1700,0.5,1
2,5,13718,1,0,300,0.5,572,0.32,486,0.18,1
2,6,9868,1,0,300,0.5,572,0.32,486,0.18,1
2,7,1598,0,0,300,0.5,1700,0.5,1
2,8,3428,1,0,300,0.5,572,0.32,486,0.18,1
2,9,13167,2,10,5,0,666,0.42,420,0.58,1
2,10,4863,2,10,5,0,500,0.6,1000,0.2,1400,0.2,1
2,11,7524,0,0,300,0.5,572,0.32,486,0.18,1
3,0,4640,1,0,300,0.5,572,0.32,486,0.18,1
3,1,8395,0,0,500,0.6,1000,0.2,1400,0.2,1
3,2,2057,0,0,666,0.42,420,0.58,1
3,3,1350,2,10,5,0,666,0.42,420,0.58,1
3,4,8362,0,0,666,0.42,420,0.58,1
3,5,6256,2,10,5,0,300,0.5,1700,0.5,1
3,6,3968,1,0,500,0.6,1000,0.2,1400,0.2,1
3,7,14024,1,0,300,0.5,1700,0.5,1
3,8,14226,2,10,5,0,666,0.42,420,0.58,1
3,9,7311,0,0,500,0.6,1000,0.2,1400,0.2,1
3,10,14666,2,10,5,0,666,0.42,420,0.58,1
3,11,2008,0,0,666,0.42,420,0.58,1
4,0,14332,2,10,5,0,500,0.6,1000,0.2,1400,0.2,1
4,1,1091,2,10,5,0,300,0.5,572,0.32,486,0.18,1
4,2,13704,1,0,300,0.5,572,0.32,486,0.18,1
4,3,7683,1,0,666,0.42,420,0.58,1
4,4,4829,1,0,500,0.6,1000,0.2,1400,0.2,1
4,5,7112,2,10,5,0,300,0.5,572,0.32,486,0.18,1
4,6,12984,0,0,666,0.42,420,0.58,1
4,7,8206,2,10,5,0,300,0.5,1700,0.5,1
4,8,5688,1,0,300,0.5,1700,0.5,1
4,9,10839,1,0,666,0.42,420,0.58,1
4,10,4351,0,0,500,0.6,1000,0.2,1400,0.2,1
4,11,7006,0,0,500,0.6,1000,0.2,1400,0.2,1
5,0,10138,2,10,5,0,300,0.5,1700,0.5,1
5,1,5229,0,0,500,0.6,1000,0.2,1400,0.2,1
5,2,12708,0,0,300,0.5,1700,0.5,1
5,3,11729,0,0,300,0.5,1700,0.5,1
5,4,5019,0,0,500,0.6,1000,0.2,1400,0.2,1
5,5,7978,1,0,300,0.5,572,0.32,486,0.18,1
5,6,4060,1,0,300,0.5,572,0.32,486,0.18,1
5,7,243,0,0,300,0.5,1700,0.5,1
5,8,9259,0,0,300,0.5,572,0.32,486,0.18,1
5,9,11411,2,10,5,0,666,0.42,420,0.58,1
5,10,14251,2,10,5,0,500,0.6,1000,0.2,1400,0.2,1
5,11,7004,1,0,300,0.5,1700,0.5,1
6,0,767,1,0,500,0.6,1000,0.2,1400,0.2,1
6,1,8743,2,10,5,0,500,0.6,1000,0.2,1400,0.2,1
6,2,9408,1,0,500,0.6,1000,0.2,1400,0.2,1
6,3,12244,0,0,300,0.5,572,0.32,486,0.18,1
6,4,7018,2,10,5,0,666,0.42,420,0.58,1
6,5,10991,1,0,300,0.5,1700,0.5,1
6,6,8753,2,10,5,0,300,0.5,1700,0.5,1
6,7,4696,2,10,5,0,666,0.42,420,0.58,1
6,8,536,1,0,666,0.42,420,0.58,1
6,9,13859,2,10,5,0,300,0.5,572,0.32,486,0.18,1
6,10,6720,1,0,666,0.42,420,0.58,1
6,11,4021,2,10,5,0,300,0.5,1700,0.5,1
7,0,13900,0,0,666,0.42,420,0.58,1
7,1,10041,2,10,5,0,300,0.5,572,0.32,486,0.18,1
7,2,117,1,0,300,0.5,1700,0.5,1
7,3,11178,1,0,666,0.42,420,0.58,1
7,4,7725,2,10,5,0,300,0.5,572,0.32,486,0.18,1
7,5,9422,1,0,500,0.6,1000,0.2,1400,0.2,1
7,6,11038,0,0,300,0.5,572,0.32,486,0.18,1
7,7,4866,2,10,5,0,300,0.5,1700,0.5,1
7,8,5196,0,0,300,0.5,1700,0.5,1
7,9,11324,0,0,300,0.5,1700,0.5,1
7,10,4020,0,0,666,0.42,420,0.58,1
7,11,12971,0,0,300,0.5,1700,0.5,1
8,0,11104,0,0,300,0.5,1700,0.5,1
8,1,4677,2,10,5,0,666,0.42,420,0.58,1
8,2,806,2,10,5,0,300,0.5,572,0.32,486,0.18,1
8,3,9553,1,0,666,0.42,420,0.58,1
8,4,14135,0,0,300,0.5,572,0.32,486,0.18,1
8,5,14240,1,0,300,0.5,572,0.32,486,0.18,1
8,6,1298,1,0,300,0.5,1700,0.5,1
8,7,14834,1,0,300,0.5,1700,0.5,1
8,8,8297,2,10,5,0,300,0.5,572,0.32,486,0.18,1
8,9,11478,0,0,300,0.5,1700,0.5,1
8,10,13014,0,0,500,0.6,1000,0.2,1400,0.2,1
8,11,3603,1,0,666,0.42,420,0.58,1
9,0,4126,2,10,5,0,300,0.5,572,0.32,486,0.18,1
9,1,10055,1,0,500,0.6,1000,0.2,1400,0.2,1
9,2,10298,2,10,5,0,500,0.6,1000,0.2,1400,0.2,1
9,3,12839,2,10,5,0,666,0.42,420,0.58,1
9,4,4981,0,0,300,0.5,1700,0.5,1
9,5,782,2,10,5,0,300,0.5,572,0.32,486,0.18,1
9,6,5252,2,10,5,0,500,0.6,1000,0.2,1400,0.2,1
9,7,1221,0,0,666,0.42,420,0.58,1
9,8,5566,1,0,500,0.6,1000,0.2,1400,0.2,1
9,9,6137,0,0,500,0.6,1000,0.2,1400,0.2,1
9,10,10513,0,0,500,0.6,1000,0.2,1400,0.2,1
9,11,9057,0,0,666,0.42,420,0.58,1
10,0,10550,1,0,300,0.5,572,0.32,486,0.18,1
10,1,4646,2,10,5,0,666,0.42,420,0.58,1
10,2,10104,2,10,5,0,300,0.5,1700,0.5,1
10,3,2079,2,10,5,0,666,0.42,420,0.58,1
10,4,4208,1,0,300,0.5,572,0.32,486,0.18,1
10,5,7281,1,0,300,0.5,1700,0.5,1
10,6,1026,1,0,666,0.42,420,0.58,1
10,7,8434,2,10,5,0,666,0.42,420,0.58,1
10,8,10623,0,0,300,0.5,1700,0.5,1
10,9,13463,1,0,500,0.6,1000,0.2,1400,0.2,1
10,10,3311,2,10,5,0,300,0.5,1700,0.5,1
10,11,14716,0,0,300,0.5,1700,0.5,1
11,0,12769,2,10,5,0,666,0.42,420,0.58,1
11,1,13993,2,10,5,0,300,0.5,1700,0.5,1
11,2,7829,1,0,300,0.5,1700,0.5,1
11,3,265,1,0,666,0.42,420,0.58,1
11,4,548,2,10,5,0,300,0.5,572,0.32,486,0.18,1
11,5,12197,0,0,300,0.5,1700,0.5,1
11,6,10053,1,0,666,0.42,420,0.58,1
11,7,1097,0,0,300,0.5,572,0.32,486,0.18,1
11,8,13858,1,0,666,0.42,420,0.58,1
11,9,660,2,10,5,0,666,0.42,420,0.58,1
11,10,12054,0,0,666,0.42,420,0.58,1
11,11,13864,0,0,300,0.5,572,0.32,486,0.18,1
