0,0,8845,1,0,300,0.5,572,0.32,486,0.18,1
0,1,2248,1,0,500,0.6,1000,0.2,1400,0.2,1
0,2,2836,0,0,300,0.5,1700,0.5,1
0,3,8717,0,0,300,0.5,572,0.32,486,0.18,1
0,4,6611,0,0,300,0.5,572,0.32,486,0.18,1
0,5,10989,2,10,5,0,300,0.5,1700,0.5,1
0,6,13638,1,0,500,0.6,1000,0.2,1400,0.2,1
0,7,4753,0,0,500,0.6,1000,0.2,1400,0.2,1
0,8,12388,2,10,5,0,300,0.5,1700,0.5,1
0,9,10819,1,0,300,0.5,572,0.32,486,0.18,1
0,10,7320,1,0,300,0.5,572,0.32,486,0.18,1
0,11,7018,1,0,500,0.6,1000,0.2,1400,0.2,1
1,0,963,0,0,666,0.42,420,0.58,1
1,1,725,0,0,666,0.42,420,0.58,1
1,2,6637,0,0,666,0.42,420,0.58,0
1,3,961,1,0,500,0.6,1000,0.2,1400,0.2,1
1,4,6296,0,0,666,0.42,420,0.58,1
1,5,1076,0,0,500,0.6,1000,0.2,1400,0.2,1
1,6,888,0,0,300,0.5,1700,0.5,1
1,7,2953,0,0,300,0.5,1700,0.5,1
1,8,7282,2,10,5,0,300,0.5,572,0.32,486,0.18,1
1,9,10545,2,10,5,0,500,0.6,1000,0.2,1400,0.2,1
1,10,14939,0,0,666,0.42,420,0.58,1
1,11,7095,1,0,300,0.5,572,0.32,486,0.18,1
2,0,11387,0,0,300,0.5,1700,0.5,1
2,1,11764,0,0,500,0.6,1000,0.2,1400,0.2,1
2,2,595,1,0,300,0.5,572,0.32,486,0.18,1
2,3,3571,0,0,500,0.6,1000,0.2,1400,0.2,1
2,4,8614,1,0,300,0.5,572,0.32,486,0.18,1
2,5,8137,1,0,500,0.6,1000,0.2,1400,0.2,1
2,6,14082,0,0,666,0.42,420,0.58,1
2,7,2380,2,10,5,0,666,0.42,420,0.58,1
2,8,13702,0,0,300,0.5,1700,0.5,1
2,9,10362,2,10,5,0,500,0.6,1000,0.2,1400,0.2,1
2,10,266,2,10,5,0,300,0.5,1700,0.5,1
2,11,12631,2,10,5,0,666,0.42,420,0.58,1
3,0,1537,2,10,5,0,666,0.42,420,0.58,1
3,1,10714,2,10,5,0,500,0.6,1000,0.2,1400,0.2,1
3,2,11901,2,10,5,0,666,0.42,420,0.58,1
3,3,14211,2,10,5,0,300,0.5,572,0.32,486,0.18,1
3,4,9890,0,0,666,0.42,420,0.58,1
3,5,4109,0,0,300,0.5,572,0.32,486,0.18,1
3,6,10627,2,10,5,0,300,0.5,572,0.32,486,0.18,1
3,7,932,0,0,666,0.42,420,0.58,1
3,8,13271,1,0,300,0.5,572,0.32,486,0.18,1
3,9,6434,1,0,300,0.5,1700,0.5,1
3,10,8852,2,10,5,0,300,0.5,1700,0.5,1
3,11,1932,2,10,5,0,300,0.5,572,0.32,486,0.18,1
4,0,13794,0,0,300,0.5,572,0.32,486,0.18,1
4,1,7836,1,0,300,0.5,1700,0.5,1
4,2,3220,0,0,300,0.5,572,0.32,486,0.18,1
4,3,11903,2,10,5,0,666,0.42,420,0.58,1
4,4,12113,2,10,5,0,300,0.5,1700,0.5,1
4,5,12211,0,0,666,0.42,420,0.58,1
4,6,10095,2,10,5,0,666,0.42,420,0.58,1
4,7,13920,0,0,500,0.6,1000,0.2,1400,0.2,1
4,8,3834,2,10,5,0,500,0.6,1000,0.2,1400,0.2,1
4,9,14945,0,0,300,0.5,1700,0.5,1
4,10,5385,0,0,500,0.6,1000,0.2,1400,0.2,1
4,11,11644,0,0,300,0.5,572,0.32,486,0.18,1
5,0,11520,2,10,5,0,666,0.42,420,0.58,1
5,1,503,1,0,666,0.42,420,0.58,1
5,2,6926,2,10,5,0,300,0.5,1700,0.5,1
5,3,10987,2,10,5,0,300,0.5,572,0.32,486,0.18,1
5,4,229,0,0,300,0.5,1700,0.5,1
5,5,355,2,10,5,0,300,0.5,572,0.32,486,0.18,1
5,6,8020,0,0,300,0.5,572,0.32,486,0.18,1
5,7,9033,2,10,5,0,500,0.6,1000,0.2,1400,0.2,1
5,8,188,0,0,666,0.42,420,0.58,1
5,9,10558,2,10,5,0,500,0.6,1000,0.2,1400,0.2,1
5,10,904,1,0,300,0.5,572,0.32,486,0.18,1
5,11,5724,1,0,666,0.42,420,0.58,1
6,0,1016,0,0,300,0.5,572,0.32,486,0.18,1
6,1,13269,0,0,500,0.6,1000,0.2,1400,0.2,1
6,2,16,1,0,300,0.5,572,0.32,486,0.18,1
6,3,1010,2,10,5,0,300,0.5,572,0.32,486,0.18,1
6,4,13252,0,0,300,0.5,1700,0.5,1
6,5,11089,2,10,5,0,300,0.5,572,0.32,486,0.18,1
6,6,3682,1,0,500,0.6,1000,0.2,1400,0.2,1
6,7,7073,1,0,666,0.42,420,0.58,1
6,8,3503,0,0,500,0.6,1000,0.2,1400,0.2,1
6,9,10992,0,0,300,0.5,1700,0.5,1
6,10,2821,2,10,5,0,500,0.6,1000,0.2,1400,0.2,1
6,11,5426,1,0,300,0.5,1700,0.5,1
7,0,5558,0,0,300,0.5,572,0.32,486,0.18,1
7,1,1492,0,0,300,0.5,1700,0.5,1
7,2,1826,2,10,5,0,300,0.5,1700,0.5,1
7,3,989,0,0,300,0.5,1700,0.5,1
7,4,5168,0,0,300,0.5,1700,0.5,1
7,5,5349,2,10,5,0,300,0.5,572,0.32,486,0.18,1
7,6,1722,2,10,5,0,500,0.6,1000,0.2,1400,0.2,1
7,7,9673,0,0,300,0.5,572,0.32,486,0.18,1
7,8,3588,0,0,300,0.5,1700,0.5,1
7,9,3977,0,0,300,0.5,1700,0.5,1
7,10,9496,0,0,300,0.5,1700,0.5,1
7,11,253,0,0,300,0.5,572,0.32,486,0.18,1
8,0,4996,1,0,300,0.5,1700,0.5,1
8,1,13752,2,10,5,0,300,0.5,1700,0.5,1
8,2,2512,0,0,500,0.6,1000,0.2,1400,0.2,1
8,3,4200,0,0,666,0.42,420,0.58,1
8,4,5720,1,0,300,0.5,1700,0.5,1
8,5,2038,0,0,666,0.42,420,0.58,1
8,6,6156,1,0,300,0.5,572,0.32,486,0.18,1
8,7,7957,1,0,500,0.6,1000,0.2,1400,0.2,1
8,8,1309,1,0,500,0.6,1000,0.2,1400,0.2,1
8,9,803,0,0,500,0.6,1000,0.2,1400,0.2,1
8,10,10905,2,10,5,0,300,0.5,572,0.32,486,0.18,1
8,11,1751,2,10,5,0,666,0.42,420,0.58,1
9,0,4829,2,10,5,0,300,0.5,1700,0.5,1
9,1,9820,2,10,5,0,666,0.42,420,0.58,1
9,2,11911,2,10,5,0,300,0.5,572,0.32,486,0.18,1
9,3,5203,0,0,500,0.6,1000,0.2,1400,0.2,1
9,4,9721,0,0,666,0.42,420,0.58,1
9,5,13526,1,0,300,0.5,572,0.32,486,0.18,1
9,6,1091,2,10,5,0,500,0.6,1000,0.2,1400,0.2,1
9,7,713,1,0,300,0.5,1700,0.5,1
9,8,1951,2,10,5,0,666,0.42,420,0.58,1
9,9,7537,2,10,5,0,300,0.5,1700,0.5,1
9,10,5782,2,10,5,0,300,0.5,1700,0.5,1
9,11,10247,2,10,5,0,300,0.5,1700,0.5,1
10,0,13604,2,10,5,0,500,0.6,1000,0.2,1400,0.2,1
10,1,1427,1,0,300,0.5,572,0.32,486,0.18,1
10,2,4895,1,0,666,0.42,420,0.58,1
10,3,14829,2,10,5,0,500,0.6,1000,0.2,1400,0.2,1
10,4,9654,2,10,5,0,666,0.42,420,0.58,1
10,5,13851,2,10,5,0,500,0.6,1000,0.2,1400,0.2,1
10,6,6501,2,10,5,0,300,0.5,1700,0.5,1
10,7,12934,1,0,300,0.5,572,0.32,486,0.18,1
10,8,4704,1,0,300,0.5,572,0.32,486,0.18,1
10,9,8015,2,10,5,0,666,0.42,420,0.58,1
10,10,7619,2,10,5,0,500,0.6,1000,0.2,1400,0.2,1
10,11,8966,2,10,5,0,300,0.5,572,0.32,486,0.18,1
11,0,975,0,0,300,0.5,572,0.32,486,0.18,1
11,1,11871,2,10,5,0,666,0.42,420,0.58,1
11,2,10852,0,0,300,0.5,572,0.32,486,0.18,1
11,3,14084,2,10,5,0,300,0.5,1700,0.5,1
11,4,5299,1,0,500,0.6,1000,0.2,1400,0.2,1
11,5,13444,2,10,5,0,300,0.5,572,0.32,486,0.18,1
11,6,8418,0,0,300,0.5,572,0.32,486,0.18,1
11,7,68,1,0,500,0.6,1000,0.2,1400,0.2,1
11,8,2797,2,10,5,0,300,0.5,572,0.32,486,0.18,1
11,9,4868,2,10,5,0,666,0.42,420,0.58,1
11,10,2322,2,10,5,0,300,0.5,1700,0.5,1
11,11,14054,2,10,5,0,500,0.6,1000,0.2,1400,0.2,1
