0,0,1951,2,10,5,0,300,0.5,1700,0.5,1
0,1,1420,1,0,666,0.42,420,0.58,1
0,2,3235,1,0,500,0.6,1000,0.2,1400,0.2,1
0,3,9184,1,0,666,0.42,420,0.58,1
0,4,12034,0,0,300,0.5,572,0.32,486,0.18,1
0,5,8075,2,10,5,0,300,0.5,1700,0.5,1
0,6,10513,2,10,5,0,300,0.5,1700,0.5,1
0,7,994,2,10,5,0,300,0.5,572,0.32,486,0.18,1
0,8,10606,0,0,300,0.5,572,0.32,486,0.18,1
0,9,1584,1,0,666,0.42,420,0.58,1
0,10,11136,2,10,5,0,300,0.5,1700,0.5,1
0,11,67,1,0,666,0.42,420,0.58,1
1,0,12070,1,0,300,0.5,572,0.32,486,0.18,1
1,1,8573,0,0,300,0.5,1700,0.5,1
1,2,414,1,0,666,0.42,420,0.58,0
1,3,7465,1,0,300,0.5,1700,0.5,1
1,4,3235,0,0,500,0.6,1000,0.2,1400,0.2,1
1,5,6118,2,10,5,0,666,0.42,420,0.58,1
1,6,10335,1,0,300,0.5,1700,0.5,1
1,7,11571,1,0,500,0.6,1000,0.2,1400,0.2,1
1,8,1024,2,10,5,0,300,0.5,1700,0.5,1
1,9,14456,1,0,300,0.5,572,0.32,486,0.18,1
1,10,10361,0,0,500,0.6,1000,0.2,1400,0.2,1
1,11,2466,1,0,500,0.6,1000,0.2,1400,0.2,1
2,0,12509,0,0,300,0.5,1700,0.5,1
2,1,12116,1,0,500,0.6,1000,0.2,1400,0.2,1
2,2,5093,0,0,300,0.5,1700,0.5,1
2,3,7147,1,0,666,0.42,420,0.58,1
2,4,6436,0,0,300,0.5,572,0.32,486,0.18,1
2,5,9252,2,10,5,0,300,0.5,1700,0.5,1
2,6,1424,0,0,300,0.5,572,0.32,486,0.18,1
2,7,11977,1,0,666,0.42,420,0.58,1
2,8,9659,0,0,666,0.42,420,0.58,1
2,9,9201,1,0,300,0.5,572,0.32,486,0.18,1
2,10,10843,0,0,300,0.5,1700,0.5,1
2,11,3452,1,0,666,0.42,420,0.58,1
3,0,9025,1,0,300,0.5,572,0.32,486,0.18,1
3,1,4509,2,10,5,0,666,0.42,420,0.58,1
3,2,1126,0,0,300,0.5,572,0.32,486,0.18,1
3,3,2224,2,10,5,0,300,0.5,1700,0.5,1
3,4,10229,2,10,5,0,500,0.6,1000,0.2,1400,0.2,1
3,5,10051,2,10,5,0,300,0.5,1700,0.5,1
3,6,13378,1,0,300,0.5,1700,0.5,1
3,7,35,1,0,666,0.42,420,0.58,1
3,8,13555,2,10,5,0,300,0.5,1700,0.5,1
3,9,4763,0,0,300,0.5,572,0.32,486,0.18,1
3,10,10985,1,0,500,0.6,1000,0.2,1400,0.2,1
3,11,471,2,10,5,0,500,0.6,1000,0.2,1400,0.2,1
4,0,8456,1,0,300,0.5,1700,0.5,1
4,1,14092,2,10,5,0,300,0.5,572,0.32,486,0.18,1
4,2,13404,2,10,5,0,500,0.6,1000,0.2,1400,0.2,1
4,3,6148,0,0,300,0.5,1700,0.5,1
4,4,12381,2,10,5,0,300,0.5,572,0.32,486,0.18,1
4,5,7077,0,0,300,0.5,572,0.32,486,0.18,1
4,6,4311,2,10,5,0,300,0.5,1700,0.5,1
4,7,7733,1,0,300,0.5,572,0.32,486,0.18,1
4,8,12706,1,0,500,0.6,1000,0.2,1400,0.2,1
4,9,6863,1,0,300,0.5,572,0.32,486,0.18,1
4,10,14899,2,10,5,0,500,0.6,1000,0.2,1400,0.2,1
4,11,10315,1,0,666,0.42,420,0.58,1
5,0,480,1,0,300,0.5,572,0.32,486,0.18,1
5,1,14533,0,0,300,0.5,1700,0.5,1
5,2,11203,2,10,5,0,300,0.5,1700,0.5,1
5,3,7876,2,10,5,0,300,0.5,572,0.32,486,0.18,1
5,4,12017,2,10,5,0,300,0.5,572,0.32,486,0.18,1
5,5,13928,0,0,300,0.5,1700,0.5,1
5,6,10188,0,0,300,0.5,1700,0.5,1
5,7,10325,2,10,5,0,500,0.6,1000,0.2,1400,0.2,1
5,8,11274,2,10,5,0,300,0.5,1700,0.5,1
5,9,1188,0,0,300,0.5,572,0.32,486,0.18,1
5,10,379,2,10,5,0,300,0.5,572,0.32,486,0.18,1
5,11,6897,1,0,500,0.6,1000,0.2,1400,0.2,1
6,0,9101,2,10,5,0,500,0.6,1000,0.2,1400,0.2,1
6,1,7582,0,0,300,0.5,1700,0.5,1
6,2,9417,1,0,300,0.5,1700,0.5,1
6,3,7764,2,10,5,0,666,0.42,420,0.58,1
6,4,4016,0,0,666,0.42,420,0.58,1
6,5,2829,2,10,5,0,666,0.42,420,0.58,1
6,6,14606,2,10,5,0,500,0.6,1000,0.2,1400,0.2,1
6,7,12851,0,0,300,0.5,1700,0.5,1
6,8,11780,2,10,5,0,500,0.6,1000,0.2,1400,0.2,1
6,9,1443,0,0,500,0.6,1000,0.2,1400,0.2,1
6,10,9293,1,0,666,0.42,420,0.58,1
6,11,14991,0,0,666,0.42,420,0.58,1
7,0,4652,2,10,5,0,666,0.42,420,0.58,1
7,1,9038,1,0,300,0.5,572,0.32,486,0.18,1
7,2,3025,2,10,5,0,666,0.42,420,0.58,1
7,3,11828,1,0,300,0.5,572,0.32,486,0.18,1
7,4,7098,1,0,300,0.5,1700,0.5,1
7,5,10830,0,0,300,0.5,572,0.32,486,0.18,1
7,6,14683,2,10,5,0,300,0.5,572,0.32,486,0.18,1
7,7,13818,2,10,5,0,300,0.5,572,0.32,486,0.18,1
7,8,8586,0,0,666,0.42,420,0.58,1
7,9,4874,0,0,666,0.42,420,0.58,1
7,10,11637,2,10,5,0,666,0.42,420,0.58,1
7,11,2127,0,0,300,0.5,1700,0.5,1
8,0,3045,1,0,300,0.5,572,0.32,486,0.18,1
8,1,5551,2,10,5,0,300,0.5,1700,0.5,1
8,2,14088,0,0,666,0.42,420,0.58,1
8,3,3488,1,0,666,0.42,420,0.58,1
8,4,7256,1,0,300,0.5,1700,0.5,1
8,5,2447,0,0,300,0.5,572,0.32,486,0.18,1
8,6,12488,2,10,5,0,300,0.5,572,0.32,486,0.18,1
8,7,488,1,0,666,0.42,420,0.58,1
8,8,2299,2,10,5,0,300,0.5,1700,0.5,1
8,9,12301,1,0,300,0.5,1700,0.5,1
8,10,5013,1,0,666,0.42,420,0.58,1
8,11,13740,2,10,5,0,500,0.6,1000,0.2,1400,0.2,1
9,0,1368,2,10,5,0,666,0.42,420,0.58,1
9,1,8412,1,0,500,0.6,1000,0.2,1400,0.2,1
9,2,4427,1,0,300,0.5,572,0.32,486,0.18,1
9,3,3918,2,10,5,0,500,0.6,1000,0.2,1400,0.2,1
9,4,2312,1,0,666,0.42,420,0.58,1
9,5,1663,0,0,666,0.42,420,0.58,1
9,6,1775,2,10,5,0,300,0.5,1700,0.5,1
9,7,9568,2,10,5,0,300,0.5,1700,0.5,1
9,8,2628,2,10,5,0,300,0.5,1700,0.5,1
9,9,2293,0,0,300,0.5,1700,0.5,1
9,10,14270,0,0,666,0.42,420,0.58,1
9,11,3106,1,0,300,0.5,572,0.32,486,0.18,1
10,0,9391,0,0,500,0.6,1000,0.2,1400,0.2,1
10,1,9019,1,0,300,0.5,572,0.32,486,0.18,1
10,2,1049,0,0,666,0.42,420,0.58,1
10,3,10094,1,0,300,0.5,1700,0.5,1
10,4,1585,1,0,666,0.42,420,0.58,1
10,5,7840,1,0,300,0.5,1700,0.5,1
10,6,10187,2,10,5,0,500,0.6,1000,0.2,1400,0.2,1
10,7,14133,2,10,5,0,500,0.6,1000,0.2,1400,0.2,1
10,8,10005,1,0,500,0.6,1000,0.2,1400,0.2,1
10,9,10842,1,0,300,0.5,572,0.32,486,0.18,1
10,10,11574,2,10,5,0,500,0.6,1000,0.2,1400,0.2,1
10,11,1036,2,10,5,0,500,0.6,1000,0.2,1400,0.2,1
11,0,10603,0,0,300,0.5,1700,0.5,1
11,1,10934,0,0,500,0.6,1000,0.2,1400,0.2,1
11,2,13939,2,10,5,0,666,0.42,420,0.58,1
11,3,14220,1,0,666,0.42,420,0.58,1
11,4,9452,0,0,300,0.5,1700,0.5,1
11,5,3350,0,0,300,0.5,572,0.32,486,0.18,1
11,6,12288,1,0,666,0.42,420,0.58,1
11,7,9794,2,10,5,0,300,0.5,1700,0.5,1
11,8,8569,0,0,500,0.6,1000,0.2,1400,0.2,1
11,9,3200,0,0,300,0.5,1700,0.5,1
11,10,4781,2,10,5,0,300,0.5,1700,0.5,1
11,11,10072,2,10,5,0,300,0.5,1700,0.5,1
