0,0,7509,2,10,5,0,500,0.6,1000,0.2,1400,0.2,1
0,1,12618,2,10,5,0,300,0.5,1700,0.5,1
0,2,14491,1,0,300,0.5,572,0.32,486,0.18,1
0,3,7727,1,0,666,0.42,420,0.58,1
0,4,2341,2,10,5,0,300,0.5,572,0.32,486,0.18,1
0,5,8910,1,0,500,0.6,1000,0.2,1400,0.2,1
0,6,2109,0,0,500,0.6,1000,0.2,1400,0.2,1
0,7,14457,0,0,666,0.42,420,0.58,1
0,8,14813,2,10,5,0,300,0.5,572,0.32,486,0.18,1
0,9,4467,0,0,300,0.5,1700,0.5,1
0,10,8897,2,10,5,0,300,0.5,572,0.32,486,0.18,1
0,11,6713,1,0,300,0.5,572,0.32,486,0.18,1
1,0,690,2,10,5,0,500,0.6,1000,0.2,1400,0.2,1
1,1,9243,0,0,500,0.6,1000,0.2,1400,0.2,1
1,2,11452,1,0,300,0.5,572,0.32,486,0.18,0
1,3,1461,2,10,5,0,300,0.5,1700,0.5,1
1,4,13655,2,10,5,0,300,0.5,572,0.32,486,0.18,1
1,5,7138,2,10,5,0,500,0.6,1000,0.2,1400,0.2,1
1,6,3402,2,10,5,0,666,0.42,420,0.58,1
1,7,1472,1,0,300,0.5,1700,0.5,1
1,8,1220,1,0,300,0.5,572,0.32,486,0.18,1
1,9,11971,0,0,666,0.42,420,0.58,1
1,10,834,0,0,666,0.42,420,0.58,1
1,11,4034,2,10,5,0,500,0.6,1000,0.2,1400,0.2,1
2,0,6282,0,0,300,0.5,572,0.32,486,0.18,1
2,1,9208,2,10,5,0,300,0.5,1700,0.5,1
2,2,13025,0,0,500,0.6,1000,0.2,1400,0.2,1
2,3,1828,0,0,300,0.5,572,0.32,486,0.18,1
2,4,462,2,10,5,0,300,0.5,1700,0.5,1
2,5,209,1,0,300,0.5,572,0.32,486,0.18,1
2,6,247,2,10,5,0,300,0.5,572,0.32,486,0.18,1
2,7,14841,1,0,500,0.6,1000,0.2,1400,0.2,1
2,8,13758,2,10,5,0,300,0.5,1700,0.5,1
2,9,6304,2,10,5,0,666,0.42,420,0.58,1
2,10,10883,2,10,5,0,300,0.5,1700,0.5,1
2,11,14081,2,10,5,0,300,0.5,1700,0.5,1
3,0,13322,1,0,666,0.42,420,0.58,1
3,1,8956,2,10,5,0,300,0.5,1700,0.5,1
3,2,9278,0,0,500,0.6,1000,0.2,1400,0.2,1
3,3,2082,2,10,5,0,666,0.42,420,0.58,1
3,4,524,2,10,5,0,500,0.6,1000,0.2,1400,0.2,1
3,5,9614,2,10,5,0,300,0.5,1700,0.5,1
3,6,9509,1,0,500,0.6,1000,0.2,1400,0.2,1
3,7,2984,2,10,5,0,500,0.6,1000,0.2,1400,0.2,1
3,8,9652,1,0,300,0.5,1700,0.5,1
3,9,13832,1,0,500,0.6,1000,0.2,1400,0.2,1
3,10,14101,0,0,666,0.42,420,0.58,1
3,11,7409,0,0,666,0.42,420,0.58,1
4,0,4739,2,10,5,0,666,0.42,420,0.58,1
4,1,2208,1,0,500,0.6,1000,0.2,1400,0.2,1
4,2,13693,2,10,5,0,500,0.6,1000,0.2,1400,0.2,1
4,3,1567,0,0,500,0.6,1000,0.2,1400,0.2,1
4,4,5252,0,0,300,0.5,572,0.32,486,0.18,1
4,5,2189,2,10,5,0,300,0.5,1700,0.5,1
4,6,4474,1,0,300,0.5,1700,0.5,1
4,7,8482,2,10,5,0,500,0.6,1000,0.2,1400,0.2,1
4,8,7936,0,0,300,0.5,1700,0.5,1
4,9,12676,0,0,500,0.6,1000,0.2,1400,0.2,1
4,10,8652,2,10,5,0,300,0.5,572,0.32,486,0.18,1
4,11,7518,2,10,5,0,300,0.5,572,0.32,486,0.18,1
5,0,12127,1,0,666,0.42,420,0.58,1
5,1,1599,0,0,300,0.5,1700,0.5,1
5,2,9673,1,0,300,0.5,1700,0.5,1
5,3,11187,2,10,5,0,500,0.6,1000,0.2,1400,0.2,1
5,4,3872,0,0,500,0.6,1000,0.2,1400,0.2,1
5,5,8984,0,0,500,0.6,1000,0.2,1400,0.2,1
5,6,851,0,0,300,0.5,572,0.32,486,0.18,1
5,7,12857,0,0,300,0.5,572,0.32,486,0.18,1
5,8,14095,0,0,666,0.42,420,0.58,1
5,9,10079,1,0,300,0.5,572,0.32,486,0.18,1
5,10,10412,2,10,5,0,300,0.5,1700,0.5,1
5,11,5393,2,10,5,0,300,0.5,1700,0.5,1
6,0,8298,0,0,666,0.42,420,0.58,1
6,1,9976,2,10,5,0,500,0.6,1000,0.2,1400,0.2,1
6,2,13839,1,0,300,0.5,572,0.32,486,0.18,1
6,3,895,0,0,666,0.42,420,0.58,1
6,4,8338,1,0,500,0.6,1000,0.2,1400,0.2,1
6,5,4210,1,0,666,0.42,420,0.58,1
6,6,11736,1,0,666,0.42,420,0.58,1
6,7,11945,0,0,300,0.5,572,0.32,486,0.18,1
6,8,7107,2,10,5,0,300,0.5,572,0.32,486,0.18,1
6,9,1799,2,10,5,0,500,0.6,1000,0.2,1400,0.2,1
6,10,1444,2,10,5,0,666,0.42,420,0.58,1
6,11,11520,2,10,5,0,300,0.5,1700,0.5,1
7,0,13710,0,0,300,0.5,572,0.32,486,0.18,1
7,1,9326,1,0,300,0.5,572,0.32,486,0.18,1
7,2,6969,1,0,500,0.6,1000,0.2,1400,0.2,1
7,3,9050,2,10,5,0,666,0.42,420,0.58,1
7,4,8895,1,0,666,0.42,420,0.58,1
7,5,9922,2,10,5,0,666,0.42,420,0.58,1
7,6,10079,0,0,666,0.42,420,0.58,1
7,7,11859,2,10,5,0,500,0.6,1000,0.2,1400,0.2,1
7,8,2127,0,0,666,0.42,420,0.58,1
7,9,10462,0,0,300,0.5,1700,0.5,1
7,10,8485,2,10,5,0,300,0.5,1700,0.5,1
7,11,8985,2,10,5,0,666,0.42,420,0.58,1
8,0,8472,1,0,300,0.5,1700,0.5,1
8,1,11473,0,0,500,0.6,1000,0.2,1400,0.2,1
8,2,3874,0,0,500,0.6,1000,0.2,1400,0.2,1
8,3,6898,0,0,300,0.5,572,0.32,486,0.18,1
8,4,5497,2,10,5,0,300,0.5,572,0.32,486,0.18,1
8,5,1002,2,10,5,0,500,0.6,1000,0.2,1400,0.2,1
8,6,1471,0,0,500,0.6,1000,0.2,1400,0.2,1
8,7,9539,1,0,500,0.6,1000,0.2,1400,0.2,1
8,8,9686,2,10,5,0,300,0.5,1700,0.5,1
8,9,10236,0,0,666,0.42,420,0.58,1
8,10,12332,0,0,300,0.5,572,0.32,486,0.18,1
8,11,8150,2,10,5,0,300,0.5,1700,0.5,1
9,0,4632,0,0,300,0.5,1700,0.5,1
9,1,4629,2,10,5,0,666,0.42,420,0.58,1
9,2,9649,1,0,300,0.5,1700,0.5,1
9,3,7960,0,0,500,0.6,1000,0.2,1400,0.2,1
9,4,14842,0,0,666,0.42,420,0.58,1
9,5,2694,2,10,5,0,300,0.5,572,0.32,486,0.18,1
9,6,10422,1,0,500,0.6,1000,0.2,1400,0.2,1
9,7,3434,2,10,5,0,500,0.6,1000,0.2,1400,0.2,1
9,8,2289,0,0,300,0.5,1700,0.5,1
9,9,9769,2,10,5,0,666,0.42,420,0.58,1
9,10,1239,2,10,5,0,500,0.6,1000,0.2,1400,0.2,1
9,11,9898,1,0,300,0.5,572,0.32,486,0.18,1
10,0,7255,0,0,666,0.42,420,0.58,1
10,1,6815,0,0,666,0.42,420,0.58,1
10,2,9242,0,0,300,0.5,1700,0.5,1
10,3,10677,1,0,500,0.6,1000,0.2,1400,0.2,1
10,4,9758,0,0,300,0.5,572,0.32,486,0.18,1
10,5,4766,0,0,666,0.42,420,0.58,1
10,6,1954,0,0,300,0.5,1700,0.5,1
10,7,12128,2,10,5,0,666,0.42,420,0.58,1
10,8,1385,2,10,5,0,300,0.5,1700,0.5,1
10,9,11837,2,10,5,0,666,0.42,420,0.58,1
10,10,657,0,0,666,0.42,420,0.58,1
10,11,8232,2,10,5,0,300,0.5,572,0.32,486,0.18,1
11,0,2506,0,0,500,0.6,1000,0.2,1400,0.2,1
11,1,12439,0,0,300,0.5,572,0.32,486,0.18,1
11,2,72,1,0,300,0.5,572,0.32,486,0.18,1
11,3,9228,1,0,500,0.6,1000,0.2,1400,0.2,1
11,4,11807,1,0,666,0.42,420,0.58,1
11,5,3773,2,10,5,0,500,0.6,1000,0.2,1400,0.2,1
11,6,11250,1,0,300,0.5,1700,0.5,1
11,7,6751,0,0,300,0.5,572,0.32,486,0.18,1
11,8,12253,2,10,5,0,666,0.42,420,0.58,1
11,9,10731,1,0,666,0.42,420,0.58,1
11,10,3205,2,10,5,0,300,0.5,572,0.32,486,0.18,1
11,11,7381,2,10,5,0,300,0.5,572,0.32,486,0.18,1
