0,0,2695,1,0,300,0.5,572,0.32,486,0.18,1
0,1,2825,1,0,300,0.5,572,0.32,486,0.18,1
0,2,4784,1,0,500,0.6,1000,0.2,1400,0.2,1
0,3,5543,0,0,300,0.5,572,0.32,486,0.18,1
0,4,6655,1,0,666,0.42,420,0.58,1
0,5,8885,2,10,5,0,666,0.42,420,0.58,1
0,6,12513,1,0,300,0.5,572,0.32,486,0.18,1
0,7,2011,0,0,666,0.42,420,0.58,1
0,8,8590,0,0,300,0.5,572,0.32,486,0.18,1
0,9,14345,1,0,666,0.42,420,0.58,1
0,10,8458,2,10,5,0,300,0.5,1700,0.5,1
0,11,2541,1,0,300,0.5,1700,0.5,1
1,0,1270,0,0,500,0.6,1000,0.2,1400,0.2,1
1,1,10644,0,0,300,0.5,572,0.32,486,0.18,1
1,2,1438,0,0,300,0.5,1700,0.5,0
1,3,289,2,10,5,0,500,0.6,1000,0.2,1400,0.2,1
1,4,12998,1,0,300,0.5,1700,0.5,1
1,5,7636,1,0,500,0.6,1000,0.2,1400,0.2,1
1,6,3295,0,0,666,0.42,420,0.58,1
1,7,1775,0,0,666,0.42,420,0.58,1
1,8,5920,1,0,666,0.42,420,0.58,1
1,9,11596,1,0,500,0.6,1000,0.2,1400,0.2,1
1,10,12938,1,0,300,0.5,1700,0.5,1
1,11,3593,0,0,666,0.42,420,0.58,1
2,0,4065,0,0,300,0.5,572,0.32,486,0.18,1
2,1,10971,1,0,500,0.6,1000,0.2,1400,0.2,1
2,2,6351,0,0,500,0.6,1000,0.2,1400,0.2,1
2,3,7965,1,0,300,0.5,1700,0.5,1
2,4,5571,0,0,300,0.5,572,0.32,486,0.18,1
2,5,6947,0,0,300,0.5,1700,0.5,1
2,6,1712,2,10,5,0,666,0.42,420,0.58,1
2,7,9626,2,10,5,0,300,0.5,572,0.32,486,0.18,1
2,8,2870,1,0,300,0.5,572,0.32,486,0.18,1
2,9,6027,2,10,5,0,666,0.42,420,0.58,1
2,10,2418,2,10,5,0,300,0.5,572,0.32,486,0.18,1
2,11,3963,1,0,300,0.5,572,0.32,486,0.18,1
3,0,1493,1,0,300,0.5,572,0.32,486,0.18,1
3,1,4393,2,10,5,0,500,0.6,1000,0.2,1400,0.2,1
3,2,13296,1,0,300,0.5,1700,0.5,1
3,3,4616,1,0,300,0.5,572,0.32,486,0.18,1
3,4,522,2,10,5,0,300,0.5,1700,0.5,1
3,5,14343,1,0,500,0.6,1000,0.2,1400,0.2,1
3,6,3474,2,10,5,0,666,0.42,420,0.58,1
3,7,8891,1,0,666,0.42,420,0.58,1
3,8,4416,1,0,300,0.5,1700,0.5,1
3,9,13168,2,10,5,0,300,0.5,572,0.32,486,0.18,1
3,10,7294,2,10,5,0,300,0.5,572,0.32,486,0.18,1
3,11,7838,0,0,666,0.42,420,0.58,1
4,0,6018,2,10,5,0,500,0.6,1000,0.2,1400,0.2,1
4,1,3883,2,10,5,0,300,0.5,1700,0.5,1
4,2,2043,0,0,666,0.42,420,0.58,1
4,3,11392,2,10,5,0,300,0.5,572,0.32,486,0.18,1
4,4,12153,2,10,5,0,666,0.42,420,0.58,1
4,5,12505,2,10,5,0,500,0.6,1000,0.2,1400,0.2,1
4,6,13798,1,0,300,0.5,572,0.32,486,0.18,1
4,7,10968,1,0,666,0.42,420,0.58,1
4,8,1504,2,10,5,0,500,0.6,1000,0.2,1400,0.2,1
4,9,1386,2,10,5,0,500,0.6,1000,0.2,1400,0.2,1
4,10,11695,0,0,666,0.42,420,0.58,1
4,11,4006,0,0,666,0.42,420,0.58,1
5,0,5103,1,0,300,0.5,1700,0.5,1
5,1,13271,2,10,5,0,300,0.5,572,0.32,486,0.18,1
5,2,9526,1,0,666,0.42,420,0.58,1
5,3,2923,1,0,300,0.5,572,0.32,486,0.18,1
5,4,12366,0,0,300,0.5,572,0.32,486,0.18,1
5,5,4861,0,0,300,0.5,1700,0.5,1
5,6,5776,2,10,5,0,300,0.5,1700,0.5,1
5,7,3556,0,0,300,0.5,572,0.32,486,0.18,1
5,8,10994,1,0,300,0.5,572,0.32,486,0.18,1
5,9,11794,0,0,500,0.6,1000,0.2,1400,0.2,1
5,10,13592,2,10,5,0,666,0.42,420,0.58,1
5,11,11936,0,0,500,0.6,1000,0.2,1400,0.2,1
6,0,6041,0,0,500,0.6,1000,0.2,1400,0.2,1
6,1,6589,2,10,5,0,300,0.5,572,0.32,486,0.18,1
6,2,710,0,0,500,0.6,1000,0.2,1400,0.2,1
6,3,7993,2,10,5,0,300,0.5,1700,0.5,1
6,4,8262,2,10,5,0,666,0.42,420,0.58,1
6,5,12666,1,0,300,0.5,572,0.32,486,0.18,1
6,6,8053,2,10,5,0,300,0.5,572,0.32,486,0.18,1
6,7,8096,0,0,500,0.6,1000,0.2,1400,0.2,1
6,8,3049,2,10,5,0,500,0.6,1000,0.2,1400,0.2,1
6,9,14662,2,10,5,0,300,0.5,1700,0.5,1
6,10,6255,2,10,5,0,300,0.5,572,0.32,486,0.18,1
6,11,1920,2,10,5,0,300,0.5,1700,0.5,1
7,0,4111,0,0,300,0.5,1700,0.5,1
7,1,5202,1,0,500,0.6,1000,0.2,1400,0.2,1
7,2,12405,2,10,5,0,300,0.5,572,0.32,486,0.18,1
7,3,621,2,10,5,0,666,0.42,420,0.58,1
7,4,1439,0,0,300,0.5,1700,0.5,1
7,5,11551,2,10,5,0,300,0.5,1700,0.5,1
7,6,160,0,0,300,0.5,572,0.32,486,0.18,1
7,7,12318,2,10,5,0,300,0.5,572,0.32,486,0.18,1
7,8,6658,1,0,300,0.5,1700,0.5,1
7,9,2392,0,0,500,0.6,1000,0.2,1400,0.2,1
7,10,7984,2,10,5,0,666,0.42,420,0.58,1
7,11,10170,1,0,300,0.5,572,0.32,486,0.18,1
8,0,1146,1,0,300,0.5,572,0.32,486,0.18,1
8,1,8697,2,10,5,0,666,0.42,420,0.58,1
8,2,12062,2,10,5,0,300,0.5,1700,0.5,1
8,3,6308,2,10,5,0,666,0.42,420,0.58,1
8,4,2585,0,0,300,0.5,572,0.32,486,0.18,1
8,5,11694,0,0,666,0.42,420,0.58,1
8,6,9473,1,0,300,0.5,1700,0.5,1
8,7,6096,1,0,666,0.42,420,0.58,1
8,8,9785,1,0,666,0.42,420,0.58,1
8,9,7139,0,0,300,0.5,1700,0.5,1
8,10,3419,1,0,666,0.42,420,0.58,1
8,11,6071,1,0,300,0.5,1700,0.5,1
9,0,5439,2,10,5,0,666,0.42,420,0.58,1
9,1,1254,1,0,300,0.5,1700,0.5,1
9,2,407,0,0,500,0.6,1000,0.2,1400,0.2,1
9,3,9500,1,0,300,0.5,1700,0.5,1
9,4,4759,0,0,666,0.42,420,0.58,1
9,5,8954,0,0,300,0.5,572,0.32,486,0.18,1
9,6,12487,0,0,500,0.6,1000,0.2,1400,0.2,1
9,7,9942,1,0,300,0.5,1700,0.5,1
9,8,9426,1,0,300,0.5,1700,0.5,1
9,9,6475,0,0,500,0.6,1000,0.2,1400,0.2,1
9,10,6965,1,0,300,0.5,572,0.32,486,0.18,1
9,11,3547,1,0,300,0.5,1700,0.5,1
10,0,13461,0,0,300,0.5,1700,0.5,1
10,1,4041,0,0,666,0.42,420,0.58,1
10,2,9370,1,0,666,0.42,420,0.58,1
10,3,3571,2,10,5,0,300,0.5,1700,0.5,1
10,4,7000,0,0,300,0.5,572,0.32,486,0.18,1
10,5,8647,0,0,300,0.5,572,0.32,486,0.18,1
10,6,1590,1,0,500,0.6,1000,0.2,1400,0.2,1
10,7,8544,0,0,300,0.5,572,0.32,486,0.18,1
10,8,1959,2,10,5,0,300,0.5,572,0.32,486,0.18,1
10,9,11152,2,10,5,0,500,0.6,1000,0.2,1400,0.2,1
10,10,510,2,10,5,0,300,0.5,572,0.32,486,0.18,1
10,11,5530,1,0,500,0.6,1000,0.2,1400,0.2,1
11,0,14176,2,10,5,0,500,0.6,1000,0.2,1400,0.2,1
11,1,3206,0,0,500,0.6,1000,0.2,1400,0.2,1
11,2,8106,2,10,5,0,300,0.5,1700,0.5,1
11,3,13058,2,10,5,0,500,0.6,1000,0.2,1400,0.2,1
11,4,3983,0,0,300,0.5,1700,0.5,1
11,5,3189,2,10,5,0,666,0.42,420,0.58,1
11,6,2605,1,0,300,0.5,572,0.32,486,0.18,1
11,7,11584,2,10,5,0,300,0.5,572,0.32,486,0.18,1
11,8,6365,1,0,300,0.5,1700,0.5,1
11,9,6488,1,0,300,0.5,572,0.32,486,0.18,1
11,10,9621,0,0,666,0.42,420,0.58,1
11,11,4642,1,0,666,0.42,420,0.58,1
