0,0,10224,2,10,5,0,300,0.5,1700,0.5,1
0,1,7350,0,0,666,0.42,420,0.58,1
0,2,10528,0,0,300,0.5,572,0.32,486,0.18,1
0,3,14880,0,0,500,0.6,1000,0.2,1400,0.2,1
0,4,9322,2,10,5,0,500,0.6,1000,0.2,1400,0.2,1
0,5,9044,2,10,5,0,666,0.42,420,0.58,1
0,6,12903,2,10,5,0,666,0.42,420,0.58,1
0,7,7921,1,0,500,0.6,1000,0.2,1400,0.2,1
0,8,9729,2,10,5,0,666,0.42,420,0.58,1
0,9,7796,0,0,300,0.5,572,0.32,486,0.18,1
0,10,3945,0,0,666,0.42,420,0.58,1
0,11,3423,2,10,5,0,500,0.6,1000,0.2,1400,0.2,1
1,0,4014,0,0,300,0.5,572,0.32,486,0.18,1
1,1,13513,0,0,300,0.5,1700,0.5,1
1,2,12806,1,0,500,0.6,1000,0.2,1400,0.2,0
1,3,13017,2,10,5,0,666,0.42,420,0.58,1
1,4,5980,0,0,300,0.5,572,0.32,486,0.18,1
1,5,4972,1,0,300,0.5,572,0.32,486,0.18,1
1,6,2764,0,0,300,0.5,572,0.32,486,0.18,1
1,7,4299,2,10,5,0,300,0.5,1700,0.5,1
1,8,9160,2,10,5,0,300,0.5,572,0.32,486,0.18,1
1,9,8919,1,0,500,0.6,1000,0.2,1400,0.2,1
1,10,12692,2,10,5,0,500,0.6,1000,0.2,1400,0.2,1
1,11,5732,2,10,5,0,500,0.6,1000,0.2,1400,0.2,1
2,0,13217,2,10,5,0,666,0.42,420,0.58,1
2,1,3526,1,0,500,0.6,1000,0.2,1400,0.2,1
2,2,1822,2,10,5,0,666,0.42,420,0.58,1
2,3,14630,0,0,666,0.42,420,0.58,1
2,4,13741,2,10,5,0,666,0.42,420,0.58,1
2,5,109,0,0,300,0.5,1700,0.5,1
2,6,12927,0,0,666,0.42,420,0.58,1
2,7,4590,1,0,300,0.5,572,0.32,486,0.18,1
2,8,394,0,0,300,0.5,572,0.32,486,0.18,1
2,9,10196,0,0,666,0.42,420,0.58,1
2,10,3149,1,0,300,0.5,1700,0.5,1
2,11,3171,1,0,300,0.5,1700,0.5,1
3,0,12215,2,10,5,0,300,0.5,572,0.32,486,0.18,1
3,1,14303,2,10,5,0,666,0.42,420,0.58,1
3,2,7915,2,10,5,0,300,0.5,572,0.32,486,0.18,1
3,3,12123,2,10,5,0,300,0.5,1700,0.5,1
3,4,2560,0,0,300,0.5,1700,0.5,1
3,5,11989,1,0,300,0.5,1700,0.5,1
3,6,10135,2,10,5,0,500,0.6,1000,0.2,1400,0.2,1
3,7,1132,0,0,300,0.5,572,0.32,486,0.18,1
3,8,14777,2,10,5,0,666,0.42,420,0.58,1
3,9,8133,2,10,5,0,300,0.5,572,0.32,486,0.18,1
3,10,12778,1,0,300,0.5,572,0.32,486,0.18,1
3,11,7804,1,0,300,0.5,572,0.32,486,0.18,1
4,0,345,0,0,500,0.6,1000,0.2,1400,0.2,1
4,1,6928,0,0,300,0.5,1700,0.5,1
4,2,1856,1,0,666,0.42,420,0.58,1
4,3,13372,0,0,300,0.5,572,0.32,486,0.18,1
4,4,13088,2,10,5,0,500,0.6,1000,0.2,1400,0.2,1
4,5,6969,2,10,5,0,300,0.5,1700,0.5,1
4,6,3970,0,0,300,0.5,572,0.32,486,0.18,1
4,7,13851,2,10,5,0,500,0.6,1000,0.2,1400,0.2,1
4,8,2711,2,10,5,0,300,0.5,1700,0.5,1
4,9,10537,0,0,500,0.6,1000,0.2,1400,0.2,1
4,10,6109,2,10,5,0,500,0.6,1000,0.2,1400,0.2,1
4,11,450,1,0,300,0.5,1700,0.5,1
5,0,11359,1,0,300,0.5,572,0.32,486,0.18,1
5,1,8149,0,0,300,0.5,572,0.32,486,0.18,1
5,2,6827,0,0,300,0.5,1700,0.5,1
5,3,3982,2,10,5,0,300,0.5,1700,0.5,1
5,4,6071,0,0,500,0.6,1000,0.2,1400,0.2,1
5,5,14832,1,0,500,0.6,1000,0.2,1400,0.2,1
5,6,4745,2,10,5,0,300,0.5,1700,0.5,1
5,7,1599,0,0,300,0.5,572,0.32,486,0.18,1
5,8,1062,2,10,5,0,300,0.5,1700,0.5,1
5,9,6419,0,0,666,0.42,420,0.58,1
5,10,3214,1,0,500,0.6,1000,0.2,1400,0.2,1
5,11,6320,0,0,300,0.5,572,0.32,486,0.18,1
6,0,12107,0,0,666,0.42,420,0.58,1
6,1,8218,2,10,5,0,300,0.5,572,0.32,486,0.18,1
6,2,9767,1,0,300,0.5,1700,0.5,1
6,3,7187,1,0,300,0.5,572,0.32,486,0.18,1
6,4,1978,2,10,5,0,300,0.5,1700,0.5,1
6,5,9307,0,0,300,0.5,572,0.32,486,0.18,1
6,6,8386,1,0,500,0.6,1000,0.2,1400,0.2,1
6,7,10918,2,10,5,0,300,0.5,1700,0.5,1
6,8,11788,2,10,5,0,300,0.5,1700,0.5,1
6,9,553,1,0,300,0.5,572,0.32,486,0.18,1
6,10,7383,2,10,5,0,300,0.5,1700,0.5,1
6,11,11980,0,0,300,0.5,572,0.32,486,0.18,1
7,0,2840,1,0,300,0.5,572,0.32,486,0.18,1
7,1,12610,2,10,5,0,666,0.42,420,0.58,1
7,2,10880,2,10,5,0,666,0.42,420,0.58,1
7,3,3784,2,10,5,0,500,0.6,1000,0.2,1400,0.2,1
7,4,14750,0,0,666,0.42,420,0.58,1
7,5,4306,2,10,5,0,666,0.42,420,0.58,1
7,6,6964,2,10,5,0,500,0.6,1000,0.2,1400,0.2,1
7,7,13317,0,0,666,0.42,420,0.58,1
7,8,4852,2,10,5,0,300,0.5,572,0.32,486,0.18,1
7,9,7842,1,0,666,0.42,420,0.58,1
7,10,2425,2,10,5,0,500,0.6,1000,0.2,1400,0.2,1
7,11,8583,2,10,5,0,666,0.42,420,0.58,1
8,0,11366,1,0,300,0.5,1700,0.5,1
8,1,12544,0,0,666,0.42,420,0.58,1
8,2,12196,2,10,5,0,300,0.5,1700,0.5,1
8,3,6961,2,10,5,0,300,0.5,572,0.32,486,0.18,1
8,4,3666,1,0,300,0.5,1700,0.5,1
8,5,7427,0,0,666,0.42,420,0.58,1
8,6,546,0,0,666,0.42,420,0.58,1
8,7,14172,1,0,666,0.42,420,0.58,1
8,8,11448,0,0,500,0.6,1000,0.2,1400,0.2,1
8,9,12313,2,10,5,0,666,0.42,420,0.58,1
8,10,11029,2,10,5,0,500,0.6,1000,0.2,1400,0.2,1
8,11,13006,0,0,300,0.5,1700,0.5,1
9,0,1813,2,10,5,0,300,0.5,1700,0.5,1
9,1,8324,0,0,300,0.5,1700,0.5,1
9,2,465,0,0,666,0.42,420,0.58,1
9,3,538,1,0,300,0.5,572,0.32,486,0.18,1
9,4,6689,1,0,500,0.6,1000,0.2,1400,0.2,1
9,5,8864,2,10,5,0,666,0.42,420,0.58,1
9,6,10755,0,0,300,0.5,1700,0.5,1
9,7,10265,0,0,300,0.5,1700,0.5,1
9,8,2384,0,0,300,0.5,572,0.32,486,0.18,1
9,9,6675,2,10,5,0,500,0.6,1000,0.2,1400,0.2,1
9,10,265,2,10,5,0,300,0.5,1700,0.5,1
9,11,290,2,10,5,0,666,0.42,420,0.58,1
10,0,8419,0,0,500,0.6,1000,0.2,1400,0.2,1
10,1,6095,0,0,500,0.6,1000,0.2,1400,0.2,1
10,2,739,1,0,666,0.42,420,0.58,1
10,3,5117,1,0,666,0.42,420,0.58,1
10,4,7890,1,0,300,0.5,1700,0.5,1
10,5,10707,2,10,5,0,300,0.5,572,0.32,486,0.18,1
10,6,4908,2,10,5,0,300,0.5,572,0.32,486,0.18,1
10,7,8979,0,0,300,0.5,1700,0.5,1
10,8,13070,1,0,666,0.42,420,0.58,1
10,9,10449,2,10,5,0,300,0.5,572,0.32,486,0.18,1
10,10,8274,2,10,5,0,666,0.42,420,0.58,1
10,11,6955,1,0,300,0.5,1700,0.5,1
11,0,5731,2,10,5,0,500,0.6,1000,0.2,1400,0.2,1
11,1,4358,2,10,5,0,500,0.6,1000,0.2,1400,0.2,1
11,2,6658,0,0,300,0.5,1700,0.5,1
11,3,14713,2,10,5,0,300,0.5,1700,0.5,1
11,4,14837,1,0,666,0.42,420,0.58,1
11,5,3776,2,10,5,0,300,0.5,572,0.32,486,0.18,1
11,6,8315,1,0,666,0.42,420,0.58,1
11,7,6399,2,10,5,0,666,0.42,420,0.58,1
11,8,11170,2,10,5,0,300,0.5,1700,0.5,1
11,9,2324,2,10,5,0,666,0.42,420,0.58,1
11,10,7339,0,0,300,0.5,572,0.32,486,0.18,1
11,11,14597,2,10,5,0,300,0.5,572,0.32,486,0.18,1
