0,0,13866,0,0,300,0.5,1700,0.5,1
0,1,6329,0,0,300,0.5,572,0.32,486,0.18,1
0,2,13441,1,0,666,0.42,420,0.58,1
0,3,9829,2,10,5,0,500,0.6,1000,0.2,1400,0.2,1
0,4,11775,2,10,5,0,300,0.5,1700,0.5,1
0,5,6905,1,0,666,0.42,420,0.58,1
0,6,2705,1,0,300,0.5,1700,0.5,1
0,7,9184,1,0,500,0.6,1000,0.2,1400,0.2,1
0,8,11279,1,0,300,0.5,1700,0.5,1
0,9,13741,1,0,500,0.6,1000,0.2,1400,0.2,1
0,10,211,0,0,300,0.5,1700,0.5,1
0,11,7236,1,0,300,0.5,572,0.32,486,0.18,1
1,0,10622,1,0,500,0.6,1000,0.2,1400,0.2,1
1,1,8876,2,10,5,0,300,0.5,1700,0.5,1
1,2,8772,1,0,500,0.6,1000,0.2,1400,0.2,0
1,3,6890,1,0,300,0.5,572,0.32,486,0.18,1
1,4,8566,2,10,5,0,300,0.5,1700,0.5,1
1,5,2640,2,10,5,0,300,0.5,1700,0.5,1
1,6,8547,1,0,300,0.5,572,0.32,486,0.18,1
1,7,1547,1,0,300,0.5,1700,0.5,1
1,8,4271,2,10,5,0,500,0.6,1000,0.2,1400,0.2,1
1,9,6038,0,0,300,0.5,572,0.32,486,0.18,1
1,10,6182,2,10,5,0,500,0.6,1000,0.2,1400,0.2,1
1,11,5507,1,0,300,0.5,1700,0.5,1
2,0,3703,0,0,300,0.5,1700,0.5,1
2,1,14720,1,0,500,0.6,1000,0.2,1400,0.2,1
2,2,1537,2,10,5,0,300,0.5,1700,0.5,1
2,3,10834,2,10,5,0,500,0.6,1000,0.2,1400,0.2,1
2,4,14174,2,10,5,0,300,0.5,572,0.32,486,0.18,1
2,5,4266,1,0,666,0.42,420,0.58,1
2,6,1482,0,0,666,0.42,420,0.58,1
2,7,779,2,10,5,0,300,0.5,572,0.32,486,0.18,1
2,8,5884,0,0,666,0.42,420,0.58,1
2,9,9587,0,0,500,0.6,1000,0.2,1400,0.2,1
2,10,4048,0,0,500,0.6,1000,0.2,1400,0.2,1
2,11,1217,2,10,5,0,300,0.5,572,0.32,486,0.18,1
3,0,9417,2,10,5,0,300,0.5,1700,0.5,1
3,1,9465,1,0,500,0.6,1000,0.2,1400,0.2,1
3,2,13711,0,0,300,0.5,1700,0.5,1
3,3,14816,2,10,5,0,500,0.6,1000,0.2,1400,0.2,1
3,4,7588,0,0,666,0.42,420,0.58,1
3,5,2522,2,10,5,0,300,0.5,1700,0.5,1
3,6,7497,2,10,5,0,666,0.42,420,0.58,1
3,7,10478,1,0,300,0.5,1700,0.5,1
3,8,2390,2,10,5,0,500,0.6,1000,0.2,1400,0.2,1
3,9,3347,1,0,666,0.42,420,0.58,1
3,10,321,0,0,666,0.42,420,0.58,1
3,11,13012,2,10,5,0,500,0.6,1000,0.2,1400,0.2,1
4,0,5543,2,10,5,0,300,0.5,572,0.32,486,0.18,1
4,1,8099,0,0,300,0.5,1700,0.5,1
4,2,6483,2,10,5,0,300,0.5,1700,0.5,1
4,3,12012,0,0,666,0.42,420,0.58,1
4,4,9278,2,10,5,0,500,0.6,1000,0.2,1400,0.2,1
4,5,13033,2,10,5,0,300,0.5,572,0.32,486,0.18,1
4,6,10534,1,0,300,0.5,1700,0.5,1
4,7,2637,0,0,300,0.5,572,0.32,486,0.18,1
4,8,14697,2,10,5,0,300,0.5,572,0.32,486,0.18,1
4,9,9442,0,0,300,0.5,572,0.32,486,0.18,1
4,10,10989,2,10,5,0,300,0.5,572,0.32,486,0.18,1
4,11,12095,2,10,5,0,300,0.5,1700,0.5,1
5,0,3076,1,0,666,0.42,420,0.58,1
5,1,8869,1,0,666,0.42,420,0.58,1
5,2,1790,0,0,500,0.6,1000,0.2,1400,0.2,1
5,3,12099,0,0,300,0.5,1700,0.5,1
5,4,6769,2,10,5,0,666,0.42,420,0.58,1
5,5,12344,0,0,666,0.42,420,0.58,1
5,6,5651,2,10,5,0,300,0.5,1700,0.5,1
5,7,3191,0,0,300,0.5,572,0.32,486,0.18,1
5,8,5357,2,10,5,0,666,0.42,420,0.58,1
5,9,7993,2,10,5,0,500,0.6,1000,0.2,1400,0.2,1
5,10,9832,1,0,666,0.42,420,0.58,1
5,11,7562,1,0,300,0.5,1700,0.5,1
6,0,801,0,0,500,0.6,1000,0.2,1400,0.2,1
6,1,8456,2,10,5,0,300,0.5,572,0.32,486,0.18,1
6,2,11416,0,0,666,0.42,420,0.58,1
6,3,6692,0,0,500,0.6,1000,0.2,1400,0.2,1
6,4,5537,0,0,666,0.42,420,0.58,1
6,5,581,0,0,500,0.6,1000,0.2,1400,0.2,1
6,6,12452,2,10,5,0,666,0.42,420,0.58,1
6,7,2315,2,10,5,0,300,0.5,572,0.32,486,0.18,1
6,8,6154,0,0,500,0.6,1000,0.2,1400,0.2,1
6,9,14440,1,0,300,0.5,572,0.32,486,0.18,1
6,10,7179,1,0,300,0.5,1700,0.5,1
6,11,14940,0,0,300,0.5,572,0.32,486,0.18,1
7,0,10886,2,10,5,0,666,0.42,420,0.58,1
7,1,11586,1,0,300,0.5,572,0.32,486,0.18,1
7,2,12602,2,10,5,0,500,0.6,1000,0.2,1400,0.2,1
7,3,14641,0,0,500,0.6,1000,0.2,1400,0.2,1
7,4,6689,2,10,5,0,500,0.6,1000,0.2,1400,0.2,1
7,5,4429,0,0,500,0.6,1000,0.2,1400,0.2,1
7,6,2715,0,0,666,0.42,420,0.58,1
7,7,8117,0,0,666,0.42,420,0.58,1
7,8,8209,1,0,500,0.6,1000,0.2,1400,0.2,1
7,9,12669,0,0,500,0.6,1000,0.2,1400,0.2,1
7,10,3324,0,0,300,0.5,572,0.32,486,0.18,1
7,11,1649,2,10,5,0,666,0.42,420,0.58,1
8,0,1052,1,0,666,0.42,420,0.58,1
8,1,307,1,0,300,0.5,1700,0.5,1
8,2,14839,0,0,666,0.42,420,0.58,1
8,3,2275,0,0,300,0.5,572,0.32,486,0.18,1
8,4,5922,2,10,5,0,300,0.5,1700,0.5,1
8,5,13999,1,0,300,0.5,572,0.32,486,0.18,1
8,6,1571,2,10,5,0,300,0.5,572,0.32,486,0.18,1
8,7,11732,2,10,5,0,300,0.5,1700,0.5,1
8,8,5724,1,0,666,0.42,420,0.58,1
8,9,466,1,0,666,0.42,420,0.58,1
8,10,5453,2,10,5,0,300,0.5,1700,0.5,1
8,11,10553,2,10,5,0,300,0.5,1700,0.5,1
9,0,8529,1,0,300,0.5,1700,0.5,1
9,1,3289,2,10,5,0,666,0.42,420,0.58,1
9,2,1545,1,0,300,0.5,572,0.32,486,0.18,1
9,3,750,2,10,5,0,300,0.5,572,0.32,486,0.18,1
9,4,12201,0,0,300,0.5,572,0.32,486,0.18,1
9,5,8976,1,0,300,0.5,1700,0.5,1
9,6,8219,0,0,666,0.42,420,0.58,1
9,7,10027,2,10,5,0,500,0.6,1000,0.2,1400,0.2,1
9,8,6336,1,0,666,0.42,420,0.58,1
9,9,10247,2,10,5,0,666,0.42,420,0.58,1
9,10,5142,2,10,5,0,300,0.5,1700,0.5,1
9,11,8186,0,0,300,0.5,572,0.32,486,0.18,1
10,0,12909,0,0,300,0.5,1700,0.5,1
10,1,8099,0,0,300,0.5,1700,0.5,1
10,2,3729,1,0,300,0.5,1700,0.5,1
10,3,3009,2,10,5,0,666,0.42,420,0.58,1
10,4,6934,1,0,300,0.5,1700,0.5,1
10,5,6152,2,10,5,0,300,0.5,572,0.32,486,0.18,1
10,6,1325,2,10,5,0,500,0.6,1000,0.2,1400,0.2,1
10,7,8320,2,10,5,0,300,0.5,572,0.32,486,0.18,1
10,8,779,1,0,300,0.5,572,0.32,486,0.18,1
10,9,4857,1,0,500,0.6,1000,0.2,1400,0.2,1
10,10,14998,0,0,300,0.5,1700,0.5,1
10,11,9969,0,0,300,0.5,1700,0.5,1
11,0,10455,2,10,5,0,666,0.42,420,0.58,1
11,1,4532,1,0,666,0.42,420,0.58,1
11,2,649,1,0,300,0.5,572,0.32,486,0.18,1
11,3,2321,0,0,500,0.6,1000,0.2,1400,0.2,1
11,4,552,1,0,500,0.6,1000,0.2,1400,0.2,1
11,5,14704,0,0,300,0.5,572,0.32,486,0.18,1
11,6,12525,2,10,5,0,500,0.6,1000,0.2,1400,0.2,1
11,7,10488,0,0,300,0.5,1700,0.5,1
11,8,3446,2,10,5,0,300,0.5,1700,0.5,1
11,9,12377,0,0,300,0.5,1700,0.5,1
11,10,6457,0,0,300,0.5,1700,0.5,1
11,11,7377,0,0,300,0.5,1700,0.5,1
