0,0,14154,0,0,300,0.5,572,0.32,486,0.18,1
0,1,8909,0,0,500,0.6,1000,0.2,1400,0.2,1
0,2,8902,1,0,666,0.42,420,0.58,1
0,3,8350,2,10,5,0,500,0.6,1000,0.2,1400,0.2,1
0,4,11335,1,0,500,0.6,1000,0.2,1400,0.2,1
0,5,7442,1,0,300,0.5,572,0.32,486,0.18,1
0,6,14224,2,10,5,0,300,0.5,1700,0.5,1
0,7,8586,0,0,500,0.6,1000,0.2,1400,0.2,1
0,8,4874,2,10,5,0,300,0.5,1700,0.5,1
0,9,2719,0,0,500,0.6,1000,0.2,1400,0.2,1
0,10,6546,0,0,500,0.6,1000,0.2,1400,0.2,1
0,11,3076,1,0,300,0.5,1700,0.5,1
1,0,13373,1,0,300,0.5,1700,0.5,1
1,1,12422,0,0,666,0.42,420,0.58,1
1,2,6657,0,0,666,0.42,420,0.58,0
1,3,11025,1,0,666,0.42,420,0.58,1
1,4,13986,0,0,500,0.6,1000,0.2,1400,0.2,1
1,5,755,0,0,666,0.42,420,0.58,1
1,6,14528,0,0,500,0.6,1000,0.2,1400,0.2,1
1,7,12793,1,0,500,0.6,1000,0.2,1400,0.2,1
1,8,9302,0,0,300,0.5,1700,0.5,1
1,9,741,1,0,300,0.5,572,0.32,486,0.18,1
1,10,7106,1,0,666,0.42,420,0.58,1
1,11,2170,1,0,666,0.42,420,0.58,1
2,0,8347,1,0,666,0.42,420,0.58,1
2,1,5272,0,0,300,0.5,572,0.32,486,0.18,1
2,2,1357,2,10,5,0,300,0.5,572,0.32,486,0.18,1
2,3,12815,0,0,666,0.42,420,0.58,1
2,4,5397,0,0,300,0.5,1700,0.5,1
2,5,6592,1,0,300,0.5,1700,0.5,1
2,6,12000,1,0,300,0.5,572,0.32,486,0.18,1
2,7,12240,1,0,500,0.6,1000,0.2,1400,0.2,1
2,8,214,0,0,500,0.6,1000,0.2,1400,0.2,1
2,9,551,1,0,666,0.42,420,0.58,1
2,10,14489,0,0,300,0.5,1700,0.5,1
2,11,10109,0,0,300,0.5,1700,0.5,1
3,0,1216,1,0,500,0.6,1000,0.2,1400,0.2,1
3,1,7819,0,0,300,0.5,1700,0.5,1
3,2,9808,0,0,300,0.5,1700,0.5,1
3,3,4047,0,0,300,0.5,572,0.32,486,0.18,1
3,4,7571,0,0,500,0.6,1000,0.2,1400,0.2,1
3,5,10145,0,0,300,0.5,572,0.32,486,0.18,1
3,6,3270,1,0,300,0.5,572,0.32,486,0.18,1
3,7,700,1,0,300,0.5,1700,0.5,1
3,8,9593,0,0,300,0.5,572,0.32,486,0.18,1
3,9,9485,0,0,300,0.5,572,0.32,486,0.18,1
3,10,1591,2,10,5,0,300,0.5,572,0.32,486,0.18,1
3,11,9525,2,10,5,0,500,0.6,1000,0.2,1400,0.2,1
4,0,11260,2,10,5,0,500,0.6,1000,0.2,1400,0.2,1
4,1,5141,0,0,300,0.5,1700,0.5,1
4,2,1630,1,0,300,0.5,572,0.32,486,0.18,1
4,3,5264,2,10,5,0,300,0.5,1700,0.5,1
4,4,1935,0,0,666,0.42,420,0.58,1
4,5,10641,1,0,500,0.6,1000,0.2,1400,0.2,1
4,6,13077,1,0,666,0.42,420,0.58,1
4,7,5282,2,10,5,0,300,0.5,572,0.32,486,0.18,1
4,8,4575,1,0,666,0.42,420,0.58,1
4,9,3906,1,0,300,0.5,1700,0.5,1
4,10,5316,0,0,500,0.6,1000,0.2,1400,0.2,1
4,11,5283,0,0,500,0.6,1000,0.2,1400,0.2,1
5,0,14742,2,10,5,0,300,0.5,1700,0.5,1
5,1,11984,1,0,300,0.5,1700,0.5,1
5,2,12411,0,0,300,0.5,1700,0.5,1
5,3,13225,0,0,300,0.5,572,0.32,486,0.18,1
5,4,4702,2,10,5,0,500,0.6,1000,0.2,1400,0.2,1
5,5,6414,0,0,666,0.42,420,0.58,1
5,6,9865,1,0,500,0.6,1000,0.2,1400,0.2,1
5,7,6520,1,0,300,0.5,572,0.32,486,0.18,1
5,8,1384,2,10,5,0,666,0.42,420,0.58,1
5,9,11492,0,0,300,0.5,1700,0.5,1
5,10,7243,2,10,5,0,300,0.5,572,0.32,486,0.18,1
5,11,7602,0,0,300,0.5,572,0.32,486,0.18,1
6,0,13009,1,0,300,0.5,572,0.32,486,0.18,1
6,1,9148,1,0,666,0.42,420,0.58,1
6,2,5202,1,0,500,0.6,1000,0.2,1400,0.2,1
6,3,13433,1,0,300,0.5,572,0.32,486,0.18,1
6,4,8441,2,10,5,0,500,0.6,1000,0.2,1400,0.2,1
6,5,7278,0,0,300,0.5,572,0.32,486,0.18,1
6,6,8996,0,0,666,0.42,420,0.58,1
6,7,8866,1,0,300,0.5,1700,0.5,1
6,8,14842,1,0,500,0.6,1000,0.2,1400,0.2,1
6,9,12128,2,10,5,0,300,0.5,572,0.32,486,0.18,1
6,10,8686,1,0,500,0.6,1000,0.2,1400,0.2,1
6,11,12420,2,10,5,0,300,0.5,1700,0.5,1
7,0,6808,2,10,5,0,666,0.42,420,0.58,1
7,1,8379,0,0,300,0.5,572,0.32,486,0.18,1
7,2,2262,0,0,500,0.6,1000,0.2,1400,0.2,1
7,3,10151,0,0,500,0.6,1000,0.2,1400,0.2,1
7,4,13941,0,0,666,0.42,420,0.58,1
7,5,10783,2,10,5,0,500,0.6,1000,0.2,1400,0.2,1
7,6,4583,0,0,300,0.5,572,0.32,486,0.18,1
7,7,141,0,0,300,0.5,572,0.32,486,0.18,1
7,8,10914,2,10,5,0,300,0.5,1700,0.5,1
7,9,2600,0,0,300,0.5,1700,0.5,1
7,10,12840,1,0,300,0.5,572,0.32,486,0.18,1
7,11,2584,2,10,5,0,300,0.5,1700,0.5,1
8,0,6486,1,0,300,0.5,1700,0.5,1
8,1,4257,2,10,5,0,300,0.5,1700,0.5,1
8,2,5106,2,10,5,0,300,0.5,1700,0.5,1
8,3,6304,2,10,5,0,300,0.5,1700,0.5,1
8,4,5289,1,0,300,0.5,1700,0.5,1
8,5,3986,0,0,300,0.5,572,0.32,486,0.18,1
8,6,13770,0,0,300,0.5,1700,0.5,1
8,7,3995,2,10,5,0,500,0.6,1000,0.2,1400,0.2,1
8,8,935,1,0,300,0.5,1700,0.5,1
8,9,343,2,10,5,0,300,0.5,572,0.32,486,0.18,1
8,10,9828,2,10,5,0,300,0.5,572,0.32,486,0.18,1
8,11,7937,2,10,5,0,500,0.6,1000,0.2,1400,0.2,1
9,0,13426,1,0,300,0.5,572,0.32,486,0.18,1
9,1,1348,2,10,5,0,300,0.5,572,0.32,486,0.18,1
9,2,4384,1,0,500,0.6,1000,0.2,1400,0.2,1
9,3,170,1,0,666,0.42,420,0.58,1
9,4,164,2,10,5,0,300,0.5,572,0.32,486,0.18,1
9,5,6127,2,10,5,0,300,0.5,572,0.32,486,0.18,1
9,6,7351,0,0,666,0.42,420,0.58,1
9,7,2160,0,0,666,0.42,420,0.58,1
9,8,14241,1,0,500,0.6,1000,0.2,1400,0.2,1
9,9,5610,2,10,5,0,666,0.42,420,0.58,1
9,10,4776,0,0,300,0.5,572,0.32,486,0.18,1
9,11,3861,2,10,5,0,300,0.5,572,0.32,486,0.18,1
10,0,13347,0,0,500,0.6,1000,0.2,1400,0.2,1
10,1,1971,0,0,666,0.42,420,0.58,1
10,2,7609,2,10,5,0,666,0.42,420,0.58,1
10,3,3243,0,0,666,0.42,420,0.58,1
10,4,10222,1,0,300,0.5,572,0.32,486,0.18,1
10,5,1241,0,0,300,0.5,572,0.32,486,0.18,1
10,6,13588,1,0,666,0.42,420,0.58,1
10,7,4556,2,10,5,0,300,0.5,572,0.32,486,0.18,1
10,8,3175,1,0,300,0.5,1700,0.5,1
10,9,877,0,0,300,0.5,1700,0.5,1
10,10,9635,0,0,300,0.5,1700,0.5,1
10,11,5429,1,0,666,0.42,420,0.58,1
11,0,8180,0,0,666,0.42,420,0.58,1
11,1,4734,1,0,666,0.42,420,0.58,1
11,2,2491,1,0,666,0.42,420,0.58,1
11,3,9210,2,10,5,0,500,0.6,1000,0.2,1400,0.2,1
11,4,2802,1,0,300,0.5,572,0.32,486,0.18,1
11,5,12234,1,0,300,0.5,1700,0.5,1
11,6,1491,1,0,300,0.5,1700,0.5,1
11,7,5411,2,10,5,0,300,0.5,572,0.32,486,0.18,1
11,8,10370,0,0,500,0.6,1000,0.2,1400,0.2,1
11,9,12905,1,0,500,0.6,1000,0.2,1400,0.2,1
11,10,2431,1,0,666,0.42,420,0.58,1
11,11,8838,0,0,300,0.5,572,0.32,486,0.18,1
