0,0,10257,1,0,300,0.5,572,0.32,486,0.18,1
0,1,14882,0,0,666,0.42,420,0.58,1
0,2,9812,2,10,5,0,666,0.42,420,0.58,1
0,3,7796,1,0,300,0.5,572,0.32,486,0.18,1
0,4,7488,0,0,300,0.5,572,0.32,486,0.18,1
0,5,2470,1,0,500,0.6,1000,0.2,1400,0.2,1
0,6,7863,1,0,500,0.6,1000,0.2,1400,0.2,1
0,7,6285,2,10,5,0,300,0.5,1700,0.5,1
0,8,14208,0,0,500,0.6,1000,0.2,1400,0.2,1
0,9,12944,2,10,5,0,300,0.5,1700,0.5,1
0,10,665,2,10,5,0,300,0.5,572,0.32,486,0.18,1
0,11,10792,0,0,500,0.6,1000,0.2,1400,0.2,1
1,0,11107,2,10,5,0,300,0.5,1700,0.5,1
1,1,7132,2,10,5,0,666,0.42,420,0.58,1
1,2,1592,1,0,300,0.5,1700,0.5,0
1,3,6427,0,0,300,0.5,1700,0.5,1
1,4,13480,2,10,5,0,300,0.5,1700,0.5,1
1,5,5445,0,0,500,0.6,1000,0.2,1400,0.2,1
1,6,10059,2,10,5,0,666,0.42,420,0.58,1
1,7,6678,1,0,300,0.5,572,0.32,486,0.18,1
1,8,3722,0,0,666,0.42,420,0.58,1
1,9,5223,2,10,5,0,666,0.42,420,0.58,1
1,10,981,2,10,5,0,666,0.42,420,0.58,1
1,11,1895,0,0,500,0.6,1000,0.2,1400,0.2,1
2,0,4018,0,0,300,0.5,572,0.32,486,0.18,1
2,1,12288,1,0,666,0.42,420,0.58,1
2,2,181,1,0,300,0.5,572,0.32,486,0.18,1
2,3,10706,1,0,300,0.5,572,0.32,486,0.18,1
2,4,3961,1,0,500,0.6,1000,0.2,1400,0.2,1
2,5,13864,2,10,5,0,300,0.5,1700,0.5,1
2,6,11342,2,10,5,0,666,0.42,420,0.58,1
2,7,11592,2,10,5,0,300,0.5,572,0.32,486,0.18,1
2,8,1672,2,10,5,0,300,0.5,572,0.32,486,0.18,1
2,9,12481,0,0,666,0.42,420,0.58,1
2,10,13219,1,0,300,0.5,572,0.32,486,0.18,1
2,11,5055,0,0,300,0.5,572,0.32,486,0.18,1
3,0,5285,1,0,666,0.42,420,0.58,1
3,1,12161,0,0,300,0.5,572,0.32,486,0.18,1
3,2,1253,1,0,300,0.5,1700,0.5,1
3,3,12297,1,0,300,0.5,1700,0.5,1
3,4,11123,1,0,666,0.42,420,0.58,1
3,5,14630,1,0,300,0.5,1700,0.5,1
3,6,9187,0,0,666,0.42,420,0.58,1
3,7,338,0,0,500,0.6,1000,0.2,1400,0.2,1
3,8,4910,1,0,300,0.5,572,0.32,486,0.18,1
3,9,13646,0,0,300,0.5,572,0.32,486,0.18,1
3,10,8558,0,0,300,0.5,572,0.32,486,0.18,1
3,11,10572,2,10,5,0,666,0.42,420,0.58,1
4,0,3689,2,10,5,0,500,0.6,1000,0.2,1400,0.2,1
4,1,12526,2,10,5,0,500,0.6,1000,0.2,1400,0.2,1
4,2,246,2,10,5,0,300,0.5,1700,0.5,1
4,3,11848,0,0,666,0.42,420,0.58,1
4,4,1315,2,10,5,0,500,0.6,1000,0.2,1400,0.2,1
4,5,7631,2,10,5,0,666,0.42,420,0.58,1
4,6,11269,2,10,5,0,300,0.5,572,0.32,486,0.18,1
4,7,6485,1,0,500,0.6,1000,0.2,1400,0.2,1
4,8,696,1,0,666,0.42,420,0.58,1
4,9,8025,1,0,500,0.6,1000,0.2,1400,0.2,1
4,10,2002,1,0,500,0.6,1000,0.2,1400,0.2,1
4,11,14082,0,0,500,0.6,1000,0.2,1400,0.2,1
5,0,7121,0,0,300,0.5,1700,0.5,1
5,1,6072,0,0,500,0.6,1000,0.2,1400,0.2,1
5,2,5423,0,0,666,0.42,420,0.58,1
5,3,13371,0,0,300,0.5,572,0.32,486,0.18,1
5,4,2440,1,0,500,0.6,1000,0.2,1400,0.2,1
5,5,25,2,10,5,0,300,0.5,1700,0.5,1
5,6,14294,0,0,666,0.42,420,0.58,1
5,7,9995,2,10,5,0,666,0.42,420,0.58,1
5,8,9531,2,10,5,0,500,0.6,1000,0.2,1400,0.2,1
5,9,7469,2,10,5,0,300,0.5,572,0.32,486,0.18,1
5,10,3560,0,0,300,0.5,572,0.32,486,0.18,1
5,11,11744,0,0,666,0.42,420,0.58,1
6,0,2102,1,0,500,0.6,1000,0.2,1400,0.2,1
6,1,1922,0,0,300,0.5,1700,0.5,1
6,2,13204,1,0,300,0.5,572,0.32,486,0.18,1
6,3,8436,2,10,5,0,300,0.5,572,0.32,486,0.18,1
6,4,12463,0,0,300,0.5,1700,0.5,1
6,5,14987,1,0,666,0.42,420,0.58,1
6,6,3531,0,0,500,0.6,1000,0.2,1400,0.2,1
6,7,7044,2,10,5,0,500,0.6,1000,0.2,1400,0.2,1
6,8,6031,2,10,5,0,500,0.6,1000,0.2,1400,0.2,1
6,9,12348,0,0,300,0.5,1700,0.5,1
6,10,12920,2,10,5,0,300,0.5,1700,0.5,1
6,11,13819,1,0,500,0.6,1000,0.2,1400,0.2,1
7,0,8576,0,0,300,0.5,572,0.32,486,0.18,1
7,1,3245,2,10,5,0,666,0.42,420,0.58,1
7,2,3274,1,0,500,0.6,1000,0.2,1400,0.2,1
7,3,9405,0,0,500,0.6,1000,0.2,1400,0.2,1
7,4,606,1,0,500,0.6,1000,0.2,1400,0.2,1
7,5,720,0,0,300,0.5,572,0.32,486,0.18,1
7,6,5767,0,0,300,0.5,572,0.32,486,0.18,1
7,7,10657,2,10,5,0,300,0.5,1700,0.5,1
7,8,9665,2,10,5,0,666,0.42,420,0.58,1
7,9,14508,1,0,666,0.42,420,0.58,1
7,10,13642,2,10,5,0,300,0.5,1700,0.5,1
7,11,11428,0,0,666,0.42,420,0.58,1
8,0,5079,0,0,300,0.5,1700,0.5,1
8,1,12599,1,0,500,0.6,1000,0.2,1400,0.2,1
8,2,5269,1,0,300,0.5,572,0.32,486,0.18,1
8,3,13479,2,10,5,0,500,0.6,1000,0.2,1400,0.2,1
8,4,10594,0,0,666,0.42,420,0.58,1
8,5,4866,2,10,5,0,300,0.5,1700,0.5,1
8,6,13159,1,0,666,0.42,420,0.58,1
8,7,2752,1,0,300,0.5,1700,0.5,1
8,8,10223,2,10,5,0,300,0.5,1700,0.5,1
8,9,10347,1,0,300,0.5,1700,0.5,1
8,10,8549,0,0,666,0.42,420,0.58,1
8,11,14652,0,0,300,0.5,572,0.32,486,0.18,1
9,0,14675,2,10,5,0,500,0.6,1000,0.2,1400,0.2,1
9,1,10659,2,10,5,0,500,0.6,1000,0.2,1400,0.2,1
9,2,9627,0,0,300,0.5,572,0.32,486,0.18,1
9,3,792,2,10,5,0,300,0.5,1700,0.5,1
9,4,7463,0,0,300,0.5,572,0.32,486,0.18,1
9,5,7865,2,10,5,0,300,0.5,572,0.32,486,0.18,1
9,6,10008,1,0,300,0.5,572,0.32,486,0.18,1
9,7,11867,1,0,300,0.5,572,0.32,486,0.18,1
9,8,6815,2,10,5,0,300,0.5,572,0.32,486,0.18,1
9,9,6778,1,0,300,0.5,572,0.32,486,0.18,1
9,10,12509,2,10,5,0,500,0.6,1000,0.2,1400,0.2,1
9,11,54,0,0,300,0.5,572,0.32,486,0.18,1
10,0,11825,0,0,300,0.5,1700,0.5,1
10,1,585,0,0,300,0.5,1700,0.5,1
10,2,2536,0,0,666,0.42,420,0.58,1
10,3,3428,2,10,5,0,300,0.5,1700,0.5,1
10,4,10950,1,0,300,0.5,572,0.32,486,0.18,1
10,5,13364,0,0,300,0.5,572,0.32,486,0.18,1
10,6,6079,0,0,300,0.5,572,0.32,486,0.18,1
10,7,14126,1,0,300,0.5,572,0.32,486,0.18,1
10,8,3790,1,0,300,0.5,1700,0.5,1
10,9,8667,0,0,666,0.42,420,0.58,1
10,10,11401,2,10,5,0,666,0.42,420,0.58,1
10,11,11109,0,0,300,0.5,1700,0.5,1
11,0,2116,0,0,300,0.5,1700,0.5,1
11,1,3789,0,0,300,0.5,1700,0.5,1
11,2,11387,2,10,5,0,300,0.5,572,0.32,486,0.18,1
11,3,9454,1,0,500,0.6,1000,0.2,1400,0.2,1
11,4,7173,2,10,5,0,300,0.5,1700,0.5,1
11,5,12153,1,0,666,0.42,420,0.58,1
11,6,6168,1,0,300,0.5,1700,0.5,1
11,7,9429,0,0,666,0.42,420,0.58,1
11,8,8791,1,0,300,0.5,572,0.32,486,0.18,1
11,9,3607,2,10,5,0,500,0.6,1000,0.2,1400,0.2,1
11,10,9093,0,0,500,0.6,1000,0.2,1400,0.2,1
11,11,5789,0,0,300,0.5,572,0.32,486,0.18,1
