0,0,14155,1,0,300,0.5,572,0.32,486,0.18,1
0,1,1946,1,0,300,0.5,572,0.32,486,0.18,1
0,2,7187,2,10,5,0,500,0.6,1000,0.2,1400,0.2,1
0,3,397,0,0,300,0.5,572,0.32,486,0.18,1
0,4,11601,1,0,300,0.5,1700,0.5,1
0,5,8975,2,10,5,0,300,0.5,1700,0.5,1
0,6,7224,1,0,500,0.6,1000,0.2,1400,0.2,1
0,7,11249,1,0,500,0.6,1000,0.2,1400,0.2,1
0,8,3243,1,0,666,0.42,420,0.58,1
0,9,8198,1,0,666,0.42,420,0.58,1
0,10,7517,0,0,300,0.5,572,0.32,486,0.18,1
0,11,4507,0,0,300,0.5,1700,0.5,1
1,0,5096,0,0,300,0.5,572,0.32,486,0.18,1
1,1,1636,2,10,5,0,300,0.5,1700,0.5,1
1,2,5902,2,10,5,0,300,0.5,1700,0.5,0
1,3,11004,0,0,500,0.6,1000,0.2,1400,0.2,1
1,4,2314,1,0,500,0.6,1000,0.2,1400,0.2,1
1,5,6519,1,0,300,0.5,572,0.32,486,0.18,1
1,6,6748,1,0,300,0.5,1700,0.5,1
1,7,3639,1,0,500,0.6,1000,0.2,1400,0.2,1
1,8,1125,1,0,300,0.5,572,0.32,486,0.18,1
1,9,7395,1,0,666,0.42,420,0.58,1
1,10,8037,2,10,5,0,300,0.5,1700,0.5,1
1,11,5506,2,10,5,0,500,0.6,1000,0.2,1400,0.2,1
2,0,12465,1,0,500,0.6,1000,0.2,1400,0.2,1
2,1,530,2,10,5,0,666,0.42,420,0.58,1
2,2,1113,0,0,300,0.5,572,0.32,486,0.18,1
2,3,10585,0,0,500,0.6,1000,0.2,1400,0.2,1
2,4,279,0,0,300,0.5,1700,0.5,1
2,5,13604,2,10,5,0,666,0.42,420,0.58,1
2,6,10503,1,0,300,0.5,1700,0.5,1
2,7,11139,2,10,5,0,500,0.6,1000,0.2,1400,0.2,1
2,8,382,0,0,300,0.5,1700,0.5,1
2,9,7781,1,0,500,0.6,1000,0.2,1400,0.2,1
2,10,10761,0,0,666,0.42,420,0.58,1
2,11,12080,0,0,500,0.6,1000,0.2,1400,0.2,1
3,0,7867,0,0,666,0.42,420,0.58,1
3,1,7599,2,10,5,0,666,0.42,420,0.58,1
3,2,6906,2,10,5,0,500,0.6,1000,0.2,1400,0.2,1
3,3,721,2,10,5,0,300,0.5,1700,0.5,1
3,4,5866,2,10,5,0,300,0.5,1700,0.5,1
3,5,3407,1,0,300,0.5,1700,0.5,1
3,6,3410,1,0,666,0.42,420,0.58,1
3,7,11204,1,0,300,0.5,572,0.32,486,0.18,1
3,8,2307,1,0,300,0.5,572,0.32,486,0.18,1
3,9,8585,0,0,500,0.6,1000,0.2,1400,0.2,1
3,10,862,1,0,300,0.5,572,0.32,486,0.18,1
3,11,1090,1,0,666,0.42,420,0.58,1
4,0,6640,1,0,666,0.42,420,0.58,1
4,1,3957,1,0,500,0.6,1000,0.2,1400,0.2,1
4,2,1281,0,0,300,0.5,1700,0.5,1
4,3,1135,2,10,5,0,300,0.5,1700,0.5,1
4,4,8913,2,10,5,0,666,0.42,420,0.58,1
4,5,6867,0,0,500,0.6,1000,0.2,1400,0.2,1
4,6,12623,2,10,5,0,300,0.5,572,0.32,486,0.18,1
4,7,13653,0,0,666,0.42,420,0.58,1
4,8,14156,2,10,5,0,666,0.42,420,0.58,1
4,9,1050,1,0,500,0.6,1000,0.2,1400,0.2,1
4,10,11715,0,0,300,0.5,1700,0.5,1
4,11,9883,1,0,500,0.6,1000,0.2,1400,0.2,1
5,0,14023,0,0,500,0.6,1000,0.2,1400,0.2,1
5,1,1042,2,10,5,0,300,0.5,572,0.32,486,0.18,1
5,2,7618,0,0,300,0.5,1700,0.5,1
5,3,4993,1,0,300,0.5,1700,0.5,1
5,4,3080,1,0,666,0.42,420,0.58,1
5,5,14103,0,0,666,0.42,420,0.58,1
5,6,5097,1,0,500,0.6,1000,0.2,1400,0.2,1
5,7,5245,0,0,500,0.6,1000,0.2,1400,0.2,1
5,8,10817,2,10,5,0,666,0.42,420,0.58,1
5,9,3580,1,0,300,0.5,572,0.32,486,0.18,1
5,10,8022,0,0,500,0.6,1000,0.2,1400,0.2,1
5,11,5485,1,0,500,0.6,1000,0.2,1400,0.2,1
6,0,9341,1,0,300,0.5,572,0.32,486,0.18,1
6,1,243,0,0,666,0.42,420,0.58,1
6,2,1854,0,0,666,0.42,420,0.58,1
6,3,13875,2,10,5,0,300,0.5,1700,0.5,1
6,4,6923,1,0,500,0.6,1000,0.2,1400,0.2,1
6,5,878,1,0,300,0.5,572,0.32,486,0.18,1
6,6,11090,0,0,666,0.42,420,0.58,1
6,7,1209,2,10,5,0,300,0.5,572,0.32,486,0.18,1
6,8,13237,1,0,500,0.6,1000,0.2,1400,0.2,1
6,9,3790,2,10,5,0,300,0.5,572,0.32,486,0.18,1
6,10,5704,2,10,5,0,300,0.5,1700,0.5,1
6,11,13699,0,0,666,0.42,420,0.58,1
7,0,5794,0,0,500,0.6,1000,0.2,1400,0.2,1
7,1,8788,2,10,5,0,300,0.5,572,0.32,486,0.18,1
7,2,7520,1,0,300,0.5,572,0.32,486,0.18,1
7,3,2429,0,0,300,0.5,572,0.32,486,0.18,1
7,4,12297,2,10,5,0,666,0.42,420,0.58,1
7,5,6997,0,0,300,0.5,1700,0.5,1
7,6,2344,1,0,500,0.6,1000,0.2,1400,0.2,1
7,7,4916,2,10,5,0,300,0.5,1700,0.5,1
7,8,9628,1,0,300,0.5,1700,0.5,1
7,9,5155,2,10,5,0,300,0.5,572,0.32,486,0.18,1
7,10,14419,1,0,500,0.6,1000,0.2,1400,0.2,1
7,11,2480,2,10,5,0,300,0.5,1700,0.5,1
8,0,14081,2,10,5,0,300,0.5,572,0.32,486,0.18,1
8,1,9253,0,0,666,0.42,420,0.58,1
8,2,5220,1,0,666,0.42,420,0.58,1
8,3,12358,1,0,500,0.6,1000,0.2,1400,0.2,1
8,4,14198,1,0,300,0.5,572,0.32,486,0.18,1
8,5,2359,0,0,500,0.6,1000,0.2,1400,0.2,1
8,6,8908,1,0,666,0.42,420,0.58,1
8,7,1485,0,0,500,0.6,1000,0.2,1400,0.2,1
8,8,1025,0,0,500,0.6,1000,0.2,1400,0.2,1
8,9,743,0,0,666,0.42,420,0.58,1
8,10,7099,1,0,300,0.5,1700,0.5,1
8,11,9891,2,10,5,0,500,0.6,1000,0.2,1400,0.2,1
9,0,4274,2,10,5,0,300,0.5,1700,0.5,1
9,1,821,0,0,500,0.6,1000,0.2,1400,0.2,1
9,2,5565,1,0,666,0.42,420,0.58,1
9,3,2633,2,10,5,0,300,0.5,1700,0.5,1
9,4,7107,0,0,666,0.42,420,0.58,1
9,5,14427,0,0,300,0.5,572,0.32,486,0.18,1
9,6,11155,2,10,5,0,300,0.5,1700,0.5,1
9,7,10171,1,0,666,0.42,420,0.58,1
9,8,4759,1,0,300,0.5,1700,0.5,1
9,9,14769,0,0,500,0.6,1000,0.2,1400,0.2,1
9,10,4162,0,0,300,0.5,1700,0.5,1
9,11,1441,0,0,666,0.42,420,0.58,1
10,0,1700,1,0,500,0.6,1000,0.2,1400,0.2,1
10,1,10016,2,10,5,0,300,0.5,572,0.32,486,0.18,1
10,2,10812,0,0,500,0.6,1000,0.2,1400,0.2,1
10,3,7969,1,0,666,0.42,420,0.58,1
10,4,1437,2,10,5,0,500,0.6,1000,0.2,1400,0.2,1
10,5,13901,2,10,5,0,300,0.5,572,0.32,486,0.18,1
10,6,1144,2,10,5,0,300,0.5,1700,0.5,1
10,7,9621,2,10,5,0,666,0.42,420,0.58,1
10,8,9396,1,0,500,0.6,1000,0.2,1400,0.2,1
10,9,14253,0,0,300,0.5,572,0.32,486,0.18,1
10,10,12138,2,10,5,0,300,0.5,572,0.32,486,0.18,1
10,11,8723,2,10,5,0,300,0.5,1700,0.5,1
11,0,6383,0,0,300,0.5,1700,0.5,1
11,1,4944,1,0,300,0.5,1700,0.5,1
11,2,12877,0,0,300,0.5,1700,0.5,1
11,3,13649,1,0,500,0.6,1000,0.2,1400,0.2,1
11,4,5201,1,0,500,0.6,1000,0.2,1400,0.2,1
11,5,2128,1,0,300,0.5,1700,0.5,1
11,6,12981,1,0,666,0.42,420,0.58,1
11,7,7370,1,0,500,0.6,1000,0.2,1400,0.2,1
11,8,170,2,10,5,0,666,0.42,420,0.58,1
11,9,99,1,0,300,0.5,1700,0.5,1
11,10,3889,1,0,300,0.5,572,0.32,486,0.18,1
11,11,3085,2,10,5,0,300,0.5,572,0.32,486,0.18,1
