0,0,5984,0,0,500,0.6,1000,0.2,1400,0.2,1
0,1,6002,2,10,5,0,300,0.5,1700,0.5,1
0,2,2054,0,0,300,0.5,572,0.32,486,0.18,1
0,3,8643,1,0,300,0.5,1700,0.5,1
0,4,1522,0,0,300,0.5,1700,0.5,1
0,5,10294,1,0,300,0.5,572,0.32,486,0.18,1
0,6,11964,2,10,5,0,300,0.5,1700,0.5,1
0,7,2544,1,0,666,0.42,420,0.58,1
0,8,12014,0,0,300,0.5,572,0.32,486,0.18,1
0,9,12600,0,0,666,0.42,420,0.58,1
0,10,13540,2,10,5,0,300,0.5,572,0.32,486,0.18,1
0,11,4297,1,0,666,0.42,420,0.58,1
1,0,6933,1,0,666,0.42,420,0.58,1
1,1,1820,1,0,300,0.5,572,0.32,486,0.18,1
1,2,11902,1,0,666,0.42,420,0.58,0
1,3,857,0,0,500,0.6,1000,0.2,1400,0.2,1
1,4,12242,2,10,5,0,500,0.6,1000,0.2,1400,0.2,1
1,5,8615,1,0,300,0.5,572,0.32,486,0.18,1
1,6,4770,2,10,5,0,666,0.42,420,0.58,1
1,7,4035,1,0,500,0.6,1000,0.2,1400,0.2,1
1,8,6675,2,10,5,0,666,0.42,420,0.58,1
1,9,11198,0,0,300,0.5,572,0.32,486,0.18,1
1,10,4121,0,0,300,0.5,1700,0.5,1
1,11,5087,1,0,666,0.42,420,0.58,1
2,0,12772,1,0,666,0.42,420,0.58,1
2,1,13066,0,0,300,0.5,1700,0.5,1
2,2,5392,0,0,300,0.5,1700,0.5,1
2,3,6270,2,10,5,0,500,0.6,1000,0.2,1400,0.2,1
2,4,9908,2,10,5,0,300,0.5,572,0.32,486,0.18,1
2,5,2024,2,10,5,0,300,0.5,1700,0.5,1
2,6,4858,1,0,500,0.6,1000,0.2,1400,0.2,1
2,7,5974,0,0,300,0.5,1700,0.5,1
2,8,8948,0,0,300,0.5,572,0.32,486,0.18,1
2,9,5806,2,10,5,0,300,0.5,572,0.32,486,0.18,1
2,10,8311,1,0,666,0.42,420,0.58,1
2,11,14908,0,0,300,0.5,572,0.32,486,0.18,1
3,0,9798,1,0,300,0.5,572,0.32,486,0.18,1
3,1,7358,2,10,5,0,300,0.5,572,0.32,486,0.18,1
3,2,4942,1,0,300,0.5,572,0.32,486,0.18,1
3,3,11305,0,0,666,0.42,420,0.58,1
3,4,13209,2,10,5,0,500,0.6,1000,0.2,1400,0.2,1
3,5,14578,1,0,500,0.6,1000,0.2,1400,0.2,1
3,6,13550,0,0,666,0.42,420,0.58,1
3,7,13633,1,0,300,0.5,1700,0.5,1
3,8,2940,1,0,300,0.5,572,0.32,486,0.18,1
3,9,12460,2,10,5,0,300,0.5,572,0.32,486,0.18,1
3,10,10069,1,0,666,0.42,420,0.58,1
3,11,3196,0,0,300,0.5,572,0.32,486,0.18,1
4,0,5183,2,10,5,0,500,0.6,1000,0.2,1400,0.2,1
4,1,5930,1,0,666,0.42,420,0.58,1
4,2,8444,1,0,300,0.5,572,0.32,486,0.18,1
4,3,5126,0,0,666,0.42,420,0.58,1
4,4,5471,2,10,5,0,300,0.5,572,0.32,486,0.18,1
4,5,13818,1,0,300,0.5,1700,0.5,1
4,6,5632,1,0,300,0.5,572,0.32,486,0.18,1
4,7,10628,0,0,666,0.42,420,0.58,1
4,8,9287,2,10,5,0,500,0.6,1000,0.2,1400,0.2,1
4,9,7863,2,10,5,0,300,0.5,572,0.32,486,0.18,1
4,10,2024,1,0,500,0.6,1000,0.2,1400,0.2,1
4,11,6354,2,10,5,0,300,0.5,572,0.32,486,0.18,1
5,0,3749,0,0,500,0.6,1000,0.2,1400,0.2,1
5,1,4257,1,0,300,0.5,572,0.32,486,0.18,1
5,2,6494,2,10,5,0,300,0.5,572,0.32,486,0.18,1
5,3,10063,1,0,666,0.42,420,0.58,1
5,4,8522,2,10,5,0,666,0.42,420,0.58,1
5,5,64,1,0,666,0.42,420,0.58,1
5,6,12333,2,10,5,0,300,0.5,1700,0.5,1
5,7,7383,1,0,666,0.42,420,0.58,1
5,8,7942,1,0,300,0.5,1700,0.5,1
5,9,11704,1,0,500,0.6,1000,0.2,1400,0.2,1
5,10,13,1,0,300,0.5,1700,0.5,1
5,11,9722,0,0,666,0.42,420,0.58,1
6,0,14665,2,10,5,0,500,0.6,1000,0.2,1400,0.2,1
6,1,858,2,10,5,0,666,0.42,420,0.58,1
6,2,150,0,0,300,0.5,1700,0.5,1
6,3,13391,2,10,5,0,300,0.5,572,0.32,486,0.18,1
6,4,9459,0,0,666,0.42,420,0.58,1
6,5,1949,2,10,5,0,300,0.5,1700,0.5,1
6,6,3714,1,0,500,0.6,1000,0.2,1400,0.2,1
6,7,6829,1,0,300,0.5,1700,0.5,1
6,8,4961,2,10,5,0,666,0.42,420,0.58,1
6,9,7362,1,0,300,0.5,1700,0.5,1
6,10,9318,0,0,300,0.5,572,0.32,486,0.18,1
6,11,13564,2,10,5,0,300,0.5,572,0.32,486,0.18,1
7,0,5687,0,0,300,0.5,1700,0.5,1
7,1,13147,2,10,5,0,666,0.42,420,0.58,1
7,2,11487,1,0,300,0.5,572,0.32,486,0.18,1
7,3,9592,1,0,300,0.5,572,0.32,486,0.18,1
7,4,1020,2,10,5,0,300,0.5,572,0.32,486,0.18,1
7,5,3750,2,10,5,0,300,0.5,572,0.32,486,0.18,1
7,6,9229,0,0,300,0.5,572,0.32,486,0.18,1
7,7,6623,0,0,300,0.5,1700,0.5,1
7,8,10695,1,0,500,0.6,1000,0.2,1400,0.2,1
7,9,4126,2,10,5,0,500,0.6,1000,0.2,1400,0.2,1
7,10,9816,2,10,5,0,300,0.5,572,0.32,486,0.18,1
7,11,14093,2,10,5,0,666,0.42,420,0.58,1
8,0,5090,1,0,300,0.5,572,0.32,486,0.18,1
8,1,13805,1,0,300,0.5,572,0.32,486,0.18,1
8,2,515,1,0,300,0.5,1700,0.5,1
8,3,5490,0,0,666,0.42,420,0.58,1
8,4,13859,0,0,300,0.5,1700,0.5,1
8,5,10843,0,0,300,0.5,572,0.32,486,0.18,1
8,6,12184,0,0,500,0.6,1000,0.2,1400,0.2,1
8,7,11229,0,0,300,0.5,572,0.32,486,0.18,1
8,8,14818,2,10,5,0,300,0.5,572,0.32,486,0.18,1
8,9,8310,1,0,300,0.5,1700,0.5,1
8,10,6477,1,0,300,0.5,1700,0.5,1
8,11,14812,2,10,5,0,300,0.5,1700,0.5,1
9,0,7941,1,0,300,0.5,1700,0.5,1
9,1,13637,0,0,300,0.5,572,0.32,486,0.18,1
9,2,3409,0,0,300,0.5,1700,0.5,1
9,3,7437,2,10,5,0,666,0.42,420,0.58,1
9,4,3285,0,0,300,0.5,1700,0.5,1
9,5,6404,1,0,666,0.42,420,0.58,1
9,6,5496,1,0,300,0.5,1700,0.5,1
9,7,1026,2,10,5,0,300,0.5,572,0.32,486,0.18,1
9,8,14388,0,0,666,0.42,420,0.58,1
9,9,8450,0,0,300,0.5,1700,0.5,1
9,10,9092,1,0,500,0.6,1000,0.2,1400,0.2,1
9,11,12523,1,0,500,0.6,1000,0.2,1400,0.2,1
10,0,3446,0,0,300,0.5,572,0.32,486,0.18,1
10,1,2597,2,10,5,0,300,0.5,1700,0.5,1
10,2,14573,0,0,300,0.5,572,0.32,486,0.18,1
10,3,5728,0,0,500,0.6,1000,0.2,1400,0.2,1
10,4,7107,1,0,500,0.6,1000,0.2,1400,0.2,1
10,5,7127,2,10,5,0,300,0.5,572,0.32,486,0.18,1
10,6,4936,1,0,300,0.5,572,0.32,486,0.18,1
10,7,11882,1,0,500,0.6,1000,0.2,1400,0.2,1
10,8,14823,1,0,500,0.6,1000,0.2,1400,0.2,1
10,9,9378,2,10,5,0,500,0.6,1000,0.2,1400,0.2,1
10,10,14001,0,0,666,0.42,420,0.58,1
10,11,8608,1,0,300,0.5,1700,0.5,1
11,0,5431,1,0,300,0.5,1700,0.5,1
11,1,13424,1,0,300,0.5,572,0.32,486,0.18,1
11,2,3589,2,10,5,0,500,0.6,1000,0.2,1400,0.2,1
11,3,13744,0,0,300,0.5,1700,0.5,1
11,4,4803,1,0,300,0.5,572,0.32,486,0.18,1
11,5,9381,2,10,5,0,300,0.5,572,0.32,486,0.18,1
11,6,7980,2,10,5,0,500,0.6,1000,0.2,1400,0.2,1
11,7,12894,0,0,300,0.5,572,0.32,486,0.18,1
11,8,2649,2,10,5,0,666,0.42,420,0.58,1
11,9,9756,2,10,5,0,666,0.42,420,0.58,1
11,10,7943,2,10,5,0,500,0.6,1000,0.2,1400,0.2,1
11,11,7987,1,0,500,0.6,1000,0.2,1400,0.2,1
