0,0,12433,0,0,666,0.42,420,0.58,1
0,1,5896,0,0,300,0.5,572,0.32,486,0.18,1
0,2,10785,2,10,5,0,300,0.5,1700,0.5,1
0,3,8467,0,0,300,0.5,1700,0.5,1
0,4,261,2,10,5,0,500,0.6,1000,0.2,1400,0.2,1
0,5,11695,2,10,5,0,500,0.6,1000,0.2,1400,0.2,1
0,6,10507,0,0,300,0.5,1700,0.5,1
0,7,5902,1,0,666,0.42,420,0.58,1
0,8,7465,1,0,300,0.5,1700,0.5,1
0,9,3619,2,10,5,0,300,0.5,572,0.32,486,0.18,1
0,10,13806,1,0,666,0.42,420,0.58,1
0,11,2927,1,0,300,0.5,572,0.32,486,0.18,1
1,0,14987,1,0,300,0.5,1700,0.5,1
1,1,12439,1,0,500,0.6,1000,0.2,1400,0.2,1
1,2,11163,0,0,666,0.42,420,0.58,0
1,3,14728,2,10,5,0,300,0.5,572,0.32,486,0.18,1
1,4,188,2,10,5,0,666,0.42,420,0.58,1
1,5,3977,0,0,300,0.5,1700,0.5,1
1,6,3062,2,10,5,0,500,0.6,1000,0.2,1400,0.2,1
1,7,13944,2,10,5,0,300,0.5,1700,0.5,1
1,8,3112,2,10,5,0,666,0.42,420,0.58,1
1,9,1103,0,0,300,0.5,572,0.32,486,0.18,1
1,10,3047,0,0,300,0.5,572,0.32,486,0.18,1
1,11,13458,0,0,666,0.42,420,0.58,1
2,0,14671,1,0,300,0.5,1700,0.5,1
2,1,14424,1,0,300,0.5,1700,0.5,1
2,2,13876,2,10,5,0,666,0.42,420,0.58,1
2,3,7558,2,10,5,0,500,0.6,1000,0.2,1400,0.2,1
2,4,11408,2,10,5,0,300,0.5,1700,0.5,1
2,5,2771,2,10,5,0,300,0.5,572,0.32,486,0.18,1
2,6,12005,2,10,5,0,666,0.42,420,0.58,1
2,7,12,2,10,5,0,300,0.5,572,0.32,486,0.18,1
2,8,7201,0,0,300,0.5,572,0.32,486,0.18,1
2,9,10560,0,0,300,0.5,1700,0.5,1
2,10,9230,2,10,5,0,300,0.5,1700,0.5,1
2,11,6028,0,0,300,0.5,1700,0.5,1
3,0,12859,1,0,300,0.5,1700,0.5,1
3,1,1789,0,0,500,0.6,1000,0.2,1400,0.2,1
3,2,4226,2,10,5,0,500,0.6,1000,0.2,1400,0.2,1
3,3,756,2,10,5,0,666,0.42,420,0.58,1
3,4,1430,1,0,300,0.5,572,0.32,486,0.18,1
3,5,1502,2,10,5,0,666,0.42,420,0.58,1
3,6,7118,0,0,500,0.6,1000,0.2,1400,0.2,1
3,7,6983,0,0,500,0.6,1000,0.2,1400,0.2,1
3,8,2914,1,0,666,0.42,420,0.58,1
3,9,1419,1,0,300,0.5,572,0.32,486,0.18,1
3,10,4853,2,10,5,0,300,0.5,1700,0.5,1
3,11,1925,2,10,5,0,300,0.5,572,0.32,486,0.18,1
4,0,6785,0,0,666,0.42,420,0.58,1
4,1,13412,0,0,300,0.5,1700,0.5,1
4,2,8506,1,0,500,0.6,1000,0.2,1400,0.2,1
4,3,9064,2,10,5,0,300,0.5,572,0.32,486,0.18,1
4,4,10354,1,0,300,0.5,572,0.32,486,0.18,1
4,5,5655,1,0,500,0.6,1000,0.2,1400,0.2,1
4,6,13052,1,0,300,0.5,572,0.32,486,0.18,1
4,7,12703,2,10,5,0,500,0.6,1000,0.2,1400,0.2,1
4,8,10829,2,10,5,0,500,0.6,1000,0.2,1400,0.2,1
4,9,3018,0,0,666,0.42,420,0.58,1
4,10,1134,0,0,500,0.6,1000,0.2,1400,0.2,1
4,11,4801,0,0,300,0.5,1700,0.5,1
5,0,775,2,10,5,0,300,0.5,1700,0.5,1
5,1,4610,0,0,500,0.6,1000,0.2,1400,0.2,1
5,2,5476,0,0,300,0.5,1700,0.5,1
5,3,10577,0,0,666,0.42,420,0.58,1
5,4,13830,1,0,666,0.42,420,0.58,1
5,5,11943,1,0,300,0.5,1700,0.5,1
5,6,3562,0,0,300,0.5,572,0.32,486,0.18,1
5,7,13,2,10,5,0,300,0.5,572,0.32,486,0.18,1
5,8,14978,1,0,300,0.5,1700,0.5,1
5,9,6417,0,0,666,0.42,420,0.58,1
5,10,8470,1,0,666,0.42,420,0.58,1
5,11,10917,0,0,300,0.5,572,0.32,486,0.18,1
6,0,3986,2,10,5,0,666,0.42,420,0.58,1
6,1,7784,1,0,666,0.42,420,0.58,1
6,2,12617,1,0,500,0.6,1000,0.2,1400,0.2,1
6,3,10929,1,0,666,0.42,420,0.58,1
6,4,14600,1,0,500,0.6,1000,0.2,1400,0.2,1
6,5,7794,0,0,300,0.5,1700,0.5,1
6,6,14126,2,10,5,0,300,0.5,572,0.32,486,0.18,1
6,7,548,2,10,5,0,666,0.42,420,0.58,1
6,8,5894,0,0,500,0.6,1000,0.2,1400,0.2,1
6,9,9335,1,0,300,0.5,1700,0.5,1
6,10,8417,0,0,500,0.6,1000,0.2,1400,0.2,1
6,11,9851,1,0,300,0.5,572,0.32,486,0.18,1
7,0,99,1,0,300,0.5,1700,0.5,1
7,1,14061,0,0,666,0.42,420,0.58,1
7,2,9070,0,0,300,0.5,572,0.32,486,0.18,1
7,3,10025,2,10,5,0,500,0.6,1000,0.2,1400,0.2,1
7,4,6654,2,10,5,0,300,0.5,572,0.32,486,0.18,1
7,5,13333,2,10,5,0,300,0.5,1700,0.5,1
7,6,10120,1,0,500,0.6,1000,0.2,1400,0.2,1
7,7,7222,2,10,5,0,666,0.42,420,0.58,1
7,8,13341,2,10,5,0,300,0.5,572,0.32,486,0.18,1
7,9,11375,1,0,666,0.42,420,0.58,1
7,10,6755,1,0,500,0.6,1000,0.2,1400,0.2,1
7,11,3239,0,0,300,0.5,572,0.32,486,0.18,1
8,0,3878,1,0,300,0.5,572,0.32,486,0.18,1
8,1,3235,0,0,300,0.5,572,0.32,486,0.18,1
8,2,6056,0,0,666,0.42,420,0.58,1
8,3,1246,1,0,500,0.6,1000,0.2,1400,0.2,1
8,4,14671,0,0,300,0.5,572,0.32,486,0.18,1
8,5,3143,1,0,500,0.6,1000,0.2,1400,0.2,1
8,6,761,1,0,666,0.42,420,0.58,1
8,7,9375,0,0,666,0.42,420,0.58,1
8,8,4344,1,0,500,0.6,1000,0.2,1400,0.2,1
8,9,6099,0,0,300,0.5,572,0.32,486,0.18,1
8,10,12026,0,0,300,0.5,572,0.32,486,0.18,1
8,11,11026,2,10,5,0,666,0.42,420,0.58,1
9,0,4600,1,0,300,0.5,1700,0.5,1
9,1,13065,2,10,5,0,300,0.5,1700,0.5,1
9,2,11570,0,0,666,0.42,420,0.58,1
9,3,6624,1,0,666,0.42,420,0.58,1
9,4,8372,0,0,666,0.42,420,0.58,1
9,5,4127,1,0,666,0.42,420,0.58,1
9,6,91,1,0,500,0.6,1000,0.2,1400,0.2,1
9,7,5905,1,0,500,0.6,1000,0.2,1400,0.2,1
9,8,6330,2,10,5,0,300,0.5,1700,0.5,1
9,9,11759,1,0,500,0.6,1000,0.2,1400,0.2,1
9,10,12548,2,10,5,0,666,0.42,420,0.58,1
9,11,12119,1,0,300,0.5,1700,0.5,1
10,0,14006,1,0,300,0.5,1700,0.5,1
10,1,3014,1,0,500,0.6,1000,0.2,1400,0.2,1
10,2,1492,0,0,500,0.6,1000,0.2,1400,0.2,1
10,3,682,1,0,300,0.5,572,0.32,486,0.18,1
10,4,9370,0,0,500,0.6,1000,0.2,1400,0.2,1
10,5,4505,2,10,5,0,666,0.42,420,0.58,1
10,6,2987,2,10,5,0,300,0.5,1700,0.5,1
10,7,11060,0,0,666,0.42,420,0.58,1
10,8,978,1,0,300,0.5,572,0.32,486,0.18,1
10,9,5330,0,0,300,0.5,572,0.32,486,0.18,1
10,10,14818,0,0,666,0.42,420,0.58,1
10,11,5863,1,0,300,0.5,572,0.32,486,0.18,1
11,0,9087,2,10,5,0,666,0.42,420,0.58,1
11,1,2477,1,0,300,0.5,572,0.32,486,0.18,1
11,2,6472,0,0,300,0.5,572,0.32,486,0.18,1
11,3,12039,0,0,666,0.42,420,0.58,1
11,4,9666,0,0,300,0.5,572,0.32,486,0.18,1
11,5,13616,0,0,500,0.6,1000,0.2,1400,0.2,1
11,6,6474,0,0,300,0.5,1700,0.5,1
11,7,8001,0,0,666,0.42,420,0.58,1
11,8,12434,0,0,500,0.6,1000,0.2,1400,0.2,1
11,9,12586,0,0,666,0.42,420,0.58,1
11,10,730,2,10,5,0,300,0.5,572,0.32,486,0.18,1
11,11,7325,0,0,500,0.6,1000,0.2,1400,0.2,1
