0,0,14837,1,0,300,0.5,572,0.32,486,0.18,1
0,1,760,0,0,666,0.42,420,0.58,1
0,2,8048,0,0,666,0.42,420,0.58,1
0,3,8176,0,0,300,0.5,572,0.32,486,0.18,1
0,4,12728,0,0,666,0.42,420,0.58,1
0,5,14622,0,0,500,0.6,1000,0.2,1400,0.2,1
0,6,2899,2,10,5,0,500,0.6,1000,0.2,1400,0.2,1
0,7,196,2,10,5,0,500,0.6,1000,0.2,1400,0.2,1
0,8,12055,0,0,300,0.5,1700,0.5,1
0,9,7915,0,0,500,0.6,1000,0.2,1400,0.2,1
0,10,12505,0,0,666,0.42,420,0.58,1
0,11,4256,0,0,666,0.42,420,0.58,1
1,0,6440,0,0,666,0.42,420,0.58,1
1,1,5725,2,10,5,0,300,0.5,1700,0.5,1
1,2,34,2,10,5,0,666,0.42,420,0.58,0
1,3,1725,2,10,5,0,300,0.5,572,0.32,486,0.18,1
1,4,9156,0,0,500,0.6,1000,0.2,1400,0.2,1
1,5,13175,2,10,5,0,666,0.42,420,0.58,1
1,6,2093,2,10,5,0,300,0.5,572,0.32,486,0.18,1
1,7,6390,0,0,300,0.5,1700,0.5,1
1,8,2610,2,10,5,0,666,0.42,420,0.58,1
1,9,12133,2,10,5,0,500,0.6,1000,0.2,1400,0.2,1
1,10,9660,2,10,5,0,666,0.42,420,0.58,1
1,11,6819,1,0,500,0.6,1000,0.2,1400,0.2,1
2,0,14594,1,0,666,0.42,420,0.58,1
2,1,2127,2,10,5,0,666,0.42,420,0.58,1
2,2,3376,0,0,666,0.42,420,0.58,1
2,3,6596,0,0,666,0.42,420,0.58,1
2,4,3950,1,0,300,0.5,1700,0.5,1
2,5,5942,2,10,5,0,500,0.6,1000,0.2,1400,0.2,1
2,6,9867,0,0,666,0.42,420,0.58,1
2,7,3351,1,0,300,0.5,1700,0.5,1
2,8,9176,1,0,666,0.42,420,0.58,1
2,9,4853,0,0,500,0.6,1000,0.2,1400,0.2,1
2,10,3321,0,0,500,0.6,1000,0.2,1400,0.2,1
2,11,8198,1,0,300,0.5,1700,0.5,1
3,0,9201,2,10,5,0,500,0.6,1000,0.2,1400,0.2,1
3,1,11871,0,0,300,0.5,572,0.32,486,0.18,1
3,2,14549,2,10,5,0,300,0.5,572,0.32,486,0.18,1
3,3,7485,1,0,300,0.5,572,0.32,486,0.18,1
3,4,46,1,0,300,0.5,1700,0.5,1
3,5,5038,0,0,300,0.5,572,0.32,486,0.18,1
3,6,14960,0,0,500,0.6,1000,0.2,1400,0.2,1
3,7,11711,1,0,500,0.6,1000,0.2,1400,0.2,1
3,8,12325,1,0,300,0.5,1700,0.5,1
3,9,288,0,0,300,0.5,1700,0.5,1
3,10,12557,2,10,5,0,500,0.6,1000,0.2,1400,0.2,1
3,11,3017,0,0,666,0.42,420,0.58,1
4,0,11248,2,10,5,0,300,0.5,572,0.32,486,0.18,1
4,1,11903,0,0,666,0.42,420,0.58,1
4,2,13061,0,0,666,0.42,420,0.58,1
4,3,10308,2,10,5,0,300,0.5,1700,0.5,1
4,4,11556,2,10,5,0,666,0.42,420,0.58,1
4,5,7083,0,0,300,0.5,1700,0.5,1
4,6,13061,2,10,5,0,666,0.42,420,0.58,1
4,7,11016,0,0,300,0.5,1700,0.5,1
4,8,11456,0,0,300,0.5,1700,0.5,1
4,9,9064,0,0,666,0.42,420,0.58,1
4,10,5112,0,0,500,0.6,1000,0.2,1400,0.2,1
4,11,13322,1,0,666,0.42,420,0.58,1
5,0,3881,1,0,500,0.6,1000,0.2,1400,0.2,1
5,1,14784,1,0,666,0.42,420,0.58,1
5,2,4931,2,10,5,0,300,0.5,1700,0.5,1
5,3,12035,2,10,5,0,300,0.5,572,0.32,486,0.18,1
5,4,10094,0,0,500,0.6,1000,0.2,1400,0.2,1
5,5,12201,1,0,300,0.5,1700,0.5,1
5,6,7735,1,0,300,0.5,1700,0.5,1
5,7,10713,1,0,300,0.5,572,0.32,486,0.18,1
5,8,3514,0,0,300,0.5,1700,0.5,1
5,9,11491,0,0,300,0.5,572,0.32,486,0.18,1
5,10,1772,2,10,5,0,666,0.42,420,0.58,1
5,11,904,2,10,5,0,300,0.5,1700,0.5,1
6,0,9535,0,0,300,0.5,1700,0.5,1
6,1,5687,1,0,666,0.42,420,0.58,1
6,2,2720,2,10,5,0,300,0.5,1700,0.5,1
6,3,1134,0,0,666,0.42,420,0.58,1
6,4,1436,0,0,300,0.5,572,0.32,486,0.18,1
6,5,9731,1,0,300,0.5,572,0.32,486,0.18,1
6,6,2943,2,10,5,0,300,0.5,572,0.32,486,0.18,1
6,7,11086,2,10,5,0,300,0.5,572,0.32,486,0.18,1
6,8,12938,1,0,300,0.5,572,0.32,486,0.18,1
6,9,11759,1,0,300,0.5,572,0.32,486,0.18,1
6,10,3026,2,10,5,0,666,0.42,420,0.58,1
6,11,4808,0,0,666,0.42,420,0.58,1
7,0,14135,0,0,300,0.5,1700,0.5,1
7,1,740,1,0,500,0.6,1000,0.2,1400,0.2,1
7,2,8288,0,0,300,0.5,572,0.32,486,0.18,1
7,3,2062,0,0,300,0.5,1700,0.5,1
7,4,1757,0,0,300,0.5,572,0.32,486,0.18,1
7,5,17,1,0,666,0.42,420,0.58,1
7,6,10393,0,0,300,0.5,572,0.32,486,0.18,1
7,7,13136,2,10,5,0,666,0.42,420,0.58,1
7,8,308,2,10,5,0,300,0.5,572,0.32,486,0.18,1
7,9,9877,2,10,5,0,666,0.42,420,0.58,1
7,10,2003,1,0,300,0.5,1700,0.5,1
7,11,396,1,0,666,0.42,420,0.58,1
8,0,2739,0,0,300,0.5,572,0.32,486,0.18,1
8,1,5811,2,10,5,0,300,0.5,1700,0.5,1
8,2,3557,2,10,5,0,300,0.5,1700,0.5,1
8,3,5740,2,10,5,0,666,0.42,420,0.58,1
8,4,11024,1,0,300,0.5,1700,0.5,1
8,5,4067,1,0,500,0.6,1000,0.2,1400,0.2,1
8,6,14829,1,0,666,0.42,420,0.58,1
8,7,13335,0,0,300,0.5,1700,0.5,1
8,8,4031,0,0,666,0.42,420,0.58,1
8,9,14114,1,0,300,0.5,1700,0.5,1
8,10,3748,2,10,5,0,300,0.5,572,0.32,486,0.18,1
8,11,155,1,0,500,0.6,1000,0.2,1400,0.2,1
9,0,5881,0,0,300,0.5,572,0.32,486,0.18,1
9,1,6102,0,0,300,0.5,572,0.32,486,0.18,1
9,2,6030,1,0,300,0.5,1700,0.5,1
9,3,12399,0,0,666,0.42,420,0.58,1
9,4,11049,0,0,500,0.6,1000,0.2,1400,0.2,1
9,5,4440,0,0,300,0.5,572,0.32,486,0.18,1
9,6,10900,1,0,300,0.5,1700,0.5,1
9,7,9972,1,0,300,0.5,1700,0.5,1
9,8,12855,0,0,500,0.6,1000,0.2,1400,0.2,1
9,9,13258,0,0,300,0.5,572,0.32,486,0.18,1
9,10,9377,1,0,300,0.5,1700,0.5,1
9,11,13527,0,0,666,0.42,420,0.58,1
10,0,9786,1,0,300,0.5,572,0.32,486,0.18,1
10,1,14233,0,0,300,0.5,1700,0.5,1
10,2,12928,0,0,300,0.5,572,0.32,486,0.18,1
10,3,11783,0,0,300,0.5,1700,0.5,1
10,4,14945,0,0,300,0.5,572,0.32,486,0.18,1
10,5,12582,1,0,300,0.5,1700,0.5,1
10,6,14925,2,10,5,0,300,0.5,572,0.32,486,0.18,1
10,7,7133,2,10,5,0,300,0.5,572,0.32,486,0.18,1
10,8,13105,1,0,300,0.5,1700,0.5,1
10,9,5313,0,0,500,0.6,1000,0.2,1400,0.2,1
10,10,11451,2,10,5,0,300,0.5,572,0.32,486,0.18,1
10,11,11235,0,0,300,0.5,572,0.32,486,0.18,1
11,0,4485,2,10,5,0,500,0.6,1000,0.2,1400,0.2,1
11,1,1909,2,10,5,0,300,0.5,1700,0.5,1
11,2,857,2,10,5,0,500,0.6,1000,0.2,1400,0.2,1
11,3,10272,0,0,500,0.6,1000,0.2,1400,0.2,1
11,4,13085,0,0,500,0.6,1000,0.2,1400,0.2,1
11,5,11465,0,0,500,0.6,1000,0.2,1400,0.2,1
11,6,4082,1,0,300,0.5,572,0.32,486,0.18,1
11,7,3431,0,0,500,0.6,1000,0.2,1400,0.2,1
11,8,3477,1,0,300,0.5,572,0.32,486,0.18,1
11,9,11244,2,10,5,0,300,0.5,572,0.32,486,0.18,1
11,10,2897,2,10,5,0,500,0.6,1000,0.2,1400,0.2,1
11,11,7076,0,0,666,0.42,420,0.58,1
