0,0,7998,2,10,5,0,500,0.6,1000,0.2,1400,0.2,1
0,1,12267,1,0,300,0.5,1700,0.5,1
0,2,3446,0,0,300,0.5,572,0.32,486,0.18,1
0,3,7233,0,0,500,0.6,1000,0.2,1400,0.2,1
0,4,5406,0,0,300,0.5,1700,0.5,1
0,5,11076,2,10,5,0,666,0.42,420,0.58,1
0,6,1892,2,10,5,0,300,0.5,572,0.32,486,0.18,1
0,7,6727,0,0,300,0.5,572,0.32,486,0.18,1
0,8,8520,1,0,500,0.6,1000,0.2,1400,0.2,1
0,9,12755,1,0,666,0.42,420,0.58,1
0,10,3274,2,10,5,0,300,0.5,572,0.32,486,0.18,1
0,11,7942,1,0,300,0.5,1700,0.5,1
1,0,13953,1,0,666,0.42,420,0.58,1
1,1,1587,2,10,5,0,300,0.5,572,0.32,486,0.18,1
1,2,4620,1,0,300,0.5,572,0.32,486,0.18,0
1,3,3283,0,0,500,0.6,1000,0.2,1400,0.2,1
1,4,9479,0,0,500,0.6,1000,0.2,1400,0.2,1
1,5,1488,0,0,666,0.42,420,0.58,1
1,6,6642,2,10,5,0,666,0.42,420,0.58,1
1,7,7566,0,0,500,0.6,1000,0.2,1400,0.2,1
1,8,7398,2,10,5,0,500,0.6,1000,0.2,1400,0.2,1
1,9,5640,2,10,5,0,300,0.5,1700,0.5,1
1,10,14770,0,0,300,0.5,572,0.32,486,0.18,1
1,11,14830,0,0,300,0.5,572,0.32,486,0.18,1
2,0,11954,2,10,5,0,300,0.5,572,0.32,486,0.18,1
2,1,10123,1,0,666,0.42,420,0.58,1
2,2,8483,1,0,300,0.5,1700,0.5,1
2,3,14868,2,10,5,0,300,0.5,1700,0.5,1
2,4,13642,1,0,300,0.5,572,0.32,486,0.18,1
2,5,13030,1,0,500,0.6,1000,0.2,1400,0.2,1
2,6,3926,0,0,500,0.6,1000,0.2,1400,0.2,1
2,7,8811,0,0,500,0.6,1000,0.2,1400,0.2,1
2,8,14010,1,0,500,0.6,1000,0.2,1400,0.2,1
2,9,356,2,10,5,0,300,0.5,572,0.32,486,0.18,1
2,10,8580,2,10,5,0,300,0.5,1700,0.5,1
2,11,10525,1,0,300,0.5,572,0.32,486,0.18,1
3,0,4453,2,10,5,0,500,0.6,1000,0.2,1400,0.2,1
3,1,7089,0,0,300,0.5,1700,0.5,1
3,2,3478,0,0,300,0.5,572,0.32,486,0.18,1
3,3,13990,0,0,666,0.42,420,0.58,1
3,4,10370,0,0,666,0.42,420,0.58,1
3,5,4135,1,0,500,0.6,1000,0.2,1400,0.2,1
3,6,1680,0,0,300,0.5,572,0.32,486,0.18,1
3,7,736,0,0,666,0.42,420,0.58,1
3,8,8106,1,0,500,0.6,1000,0.2,1400,0.2,1
3,9,9379,1,0,300,0.5,572,0.32,486,0.18,1
3,10,308,0,0,300,0.5,572,0.32,486,0.18,1
3,11,9287,1,0,300,0.5,572,0.32,486,0.18,1
4,0,1756,2,10,5,0,300,0.5,1700,0.5,1
4,1,12308,1,0,300,0.5,572,0.32,486,0.18,1
4,2,11624,0,0,300,0.5,572,0.32,486,0.18,1
4,3,12583,2,10,5,0,666,0.42,420,0.58,1
4,4,6476,2,10,5,0,300,0.5,572,0.32,486,0.18,1
4,5,14992,0,0,300,0.5,572,0.32,486,0.18,1
4,6,2575,0,0,666,0.42,420,0.58,1
4,7,14890,0,0,500,0.6,1000,0.2,1400,0.2,1
4,8,6957,2,10,5,0,300,0.5,1700,0.5,1
4,9,1714,2,10,5,0,500,0.6,1000,0.2,1400,0.2,1
4,10,1815,1,0,300,0.5,1700,0.5,1
4,11,5588,0,0,300,0.5,572,0.32,486,0.18,1
5,0,13783,0,0,300,0.5,572,0.32,486,0.18,1
5,1,11655,1,0,666,0.42,420,0.58,1
5,2,12787,0,0,500,0.6,1000,0.2,1400,0.2,1
5,3,1677,0,0,666,0.42,420,0.58,1
5,4,3233,2,10,5,0,500,0.6,1000,0.2,1400,0.2,1
5,5,1414,0,0,500,0.6,1000,0.2,1400,0.2,1
5,6,8326,2,10,5,0,300,0.5,572,0.32,486,0.18,1
5,7,14821,1,0,300,0.5,572,0.32,486,0.18,1
5,8,7472,2,10,5,0,300,0.5,1700,0.5,1
5,9,4215,0,0,666,0.42,420,0.58,1
5,10,13198,2,10,5,0,666,0.42,420,0.58,1
5,11,13769,2,10,5,0,300,0.5,572,0.32,486,0.18,1
6,0,5015,2,10,5,0,500,0.6,1000,0.2,1400,0.2,1
6,1,8509,2,10,5,0,300,0.5,1700,0.5,1
6,2,4406,2,10,5,0,300,0.5,1700,0.5,1
6,3,9978,1,0,666,0.42,420,0.58,1
6,4,10635,0,0,300,0.5,1700,0.5,1
6,5,3190,0,0,666,0.42,420,0.58,1
6,6,8275,0,0,500,0.6,1000,0.2,1400,0.2,1
6,7,283,1,0,666,0.42,420,0.58,1
6,8,7597,2,10,5,0,666,0.42,420,0.58,1
6,9,11990,2,10,5,0,300,0.5,572,0.32,486,0.18,1
6,10,8421,2,10,5,0,500,0.6,1000,0.2,1400,0.2,1
6,11,9907,2,10,5,0,500,0.6,1000,0.2,1400,0.2,1
7,0,7699,0,0,500,0.6,1000,0.2,1400,0.2,1
7,1,3088,2,10,5,0,300,0.5,1700,0.5,1
7,2,14492,2,10,5,0,500,0.6,1000,0.2,1400,0.2,1
7,3,13702,0,0,666,0.42,420,0.58,1
7,4,2422,1,0,300,0.5,1700,0.5,1
7,5,10407,1,0,300,0.5,572,0.32,486,0.18,1
7,6,6137,2,10,5,0,500,0.6,1000,0.2,1400,0.2,1
7,7,9770,0,0,300,0.5,1700,0.5,1
7,8,6048,2,10,5,0,300,0.5,572,0.32,486,0.18,1
7,9,4170,1,0,666,0.42,420,0.58,1
7,10,1005,2,10,5,0,300,0.5,572,0.32,486,0.18,1
7,11,13389,0,0,300,0.5,1700,0.5,1
8,0,9894,0,0,500,0.6,1000,0.2,1400,0.2,1
8,1,1283,1,0,666,0.42,420,0.58,1
8,2,4008,2,10,5,0,300,0.5,572,0.32,486,0.18,1
8,3,14611,1,0,666,0.42,420,0.58,1
8,4,4289,0,0,500,0.6,1000,0.2,1400,0.2,1
8,5,9644,2,10,5,0,300,0.5,1700,0.5,1
8,6,7271,1,0,666,0.42,420,0.58,1
8,7,2594,2,10,5,0,500,0.6,1000,0.2,1400,0.2,1
8,8,14305,1,0,300,0.5,1700,0.5,1
8,9,14907,2,10,5,0,300,0.5,572,0.32,486,0.18,1
8,10,12031,1,0,300,0.5,1700,0.5,1
8,11,10811,0,0,300,0.5,572,0.32,486,0.18,1
9,0,3903,2,10,5,0,500,0.6,1000,0.2,1400,0.2,1
9,1,2510,0,0,300,0.5,1700,0.5,1
9,2,10581,0,0,300,0.5,1700,0.5,1
9,3,13106,2,10,5,0,300,0.5,1700,0.5,1
9,4,7481,0,0,666,0.42,420,0.58,1
9,5,14230,2,10,5,0,300,0.5,572,0.32,486,0.18,1
9,6,7123,0,0,500,0.6,1000,0.2,1400,0.2,1
9,7,1783,2,10,5,0,300,0.5,1700,0.5,1
9,8,5703,2,10,5,0,500,0.6,1000,0.2,1400,0.2,1
9,9,3714,0,0,300,0.5,1700,0.5,1
9,10,14082,1,0,300,0.5,572,0.32,486,0.18,1
9,11,9371,2,10,5,0,500,0.6,1000,0.2,1400,0.2,1
10,0,4359,2,10,5,0,666,0.42,420,0.58,1
10,1,889,2,10,5,0,500,0.6,1000,0.2,1400,0.2,1
10,2,12243,2,10,5,0,500,0.6,1000,0.2,1400,0.2,1
10,3,14533,0,0,300,0.5,572,0.32,486,0.18,1
10,4,13467,2,10,5,0,500,0.6,1000,0.2,1400,0.2,1
10,5,14085,2,10,5,0,300,0.5,1700,0.5,1
10,6,5451,2,10,5,0,666,0.42,420,0.58,1
10,7,14649,2,10,5,0,300,0.5,572,0.32,486,0.18,1
10,8,2339,1,0,666,0.42,420,0.58,1
10,9,10289,0,0,300,0.5,572,0.32,486,0.18,1
10,10,11223,1,0,300,0.5,572,0.32,486,0.18,1
10,11,13423,1,0,300,0.5,572,0.32,486,0.18,1
11,0,8980,2,10,5,0,500,0.6,1000,0.2,1400,0.2,1
11,1,526,2,10,5,0,500,0.6,1000,0.2,1400,0.2,1
11,2,13704,1,0,300,0.5,1700,0.5,1
11,3,12624,2,10,5,0,300,0.5,572,0.32,486,0.18,1
11,4,8847,0,0,300,0.5,1700,0.5,1
11,5,3509,0,0,666,0.42,420,0.58,1
11,6,3106,1,0,666,0.42,420,0.58,1
11,7,12068,2,10,5,0,300,0.5,1700,0.5,1
11,8,8864,1,0,666,0.42,420,0.58,1
11,9,12515,1,0,300,0.5,572,0.32,486,0.18,1
11,10,7373,2,10,5,0,300,0.5,1700,0.5,1
11,11,6127,2,10,5,0,500,0.6,1000,0.2,1400,0.2,1
