0,0,12914,0,0,300,0.5,1700,0.5,1
0,1,14435,0,0,300,0.5,1700,0.5,1
0,2,12168,0,0,666,0.42,420,0.58,1
0,3,11134,0,0,300,0.5,572,0.32,486,0.18,1
0,4,8127,0,0,500,0.6,1000,0.2,1400,0.2,1
0,5,4094,2,10,5,0,666,0.42,420,0.58,1
0,6,10489,2,10,5,0,300,0.5,572,0.32,486,0.18,1
0,7,7569,2,10,5,0,500,0.6,1000,0.2,1400,0.2,1
0,8,12468,0,0,300,0.5,1700,0.5,1
0,9,723,2,10,5,0,300,0.5,572,0.32,486,0.18,1
0,10,5026,1,0,300,0.5,572,0.32,486,0.18,1
0,11,526,1,0,500,0.6,1000,0.2,1400,0.2,1
1,0,3447,2,10,5,0,300,0.5,1700,0.5,1
1,1,14628,1,0,300,0.5,572,0.32,486,0.18,1
1,2,1652,0,0,500,0.6,1000,0.2,1400,0.2,0
1,3,14660,0,0,666,0.42,420,0.58,1
1,4,13075,1,0,300,0.5,1700,0.5,1
1,5,3559,0,0,500,0.6,1000,0.2,1400,0.2,1
1,6,4352,1,0,500,0.6,1000,0.2,1400,0.2,1
1,7,3238,2,10,5,0,500,0.6,1000,0.2,1400,0.2,1
1,8,1201,1,0,300,0.5,572,0.32,486,0.18,1
1,9,7318,0,0,666,0.42,420,0.58,1
1,10,4189,0,0,300,0.5,572,0.32,486,0.18,1
1,11,2648,1,0,300,0.5,1700,0.5,1
2,0,9625,1,0,300,0.5,1700,0.5,1
2,1,14410,1,0,300,0.5,572,0.32,486,0.18,1
2,2,13666,2,10,5,0,666,0.42,420,0.58,1
2,3,2145,2,10,5,0,666,0.42,420,0.58,1
2,4,635,0,0,300,0.5,572,0.32,486,0.18,1
2,5,11531,0,0,666,0.42,420,0.58,1
2,6,8258,2,10,5,0,300,0.5,572,0.32,486,0.18,1
2,7,8765,0,0,300,0.5,1700,0.5,1
2,8,3306,2,10,5,0,300,0.5,1700,0.5,1
2,9,7132,0,0,300,0.5,1700,0.5,1
2,10,4674,2,10,5,0,300,0.5,1700,0.5,1
2,11,3367,1,0,300,0.5,1700,0.5,1
3,0,6462,1,0,300,0.5,1700,0.5,1
3,1,9489,1,0,666,0.42,420,0.58,1
3,2,14476,0,0,500,0.6,1000,0.2,1400,0.2,1
3,3,13371,0,0,300,0.5,1700,0.5,1
3,4,12462,0,0,666,0.42,420,0.58,1
3,5,7875,1,0,300,0.5,1700,0.5,1
3,6,11829,0,0,666,0.42,420,0.58,1
3,7,14987,0,0,666,0.42,420,0.58,1
3,8,6384,1,0,500,0.6,1000,0.2,1400,0.2,1
3,9,11727,2,10,5,0,500,0.6,1000,0.2,1400,0.2,1
3,10,34,1,0,300,0.5,1700,0.5,1
3,11,5323,1,0,300,0.5,1700,0.5,1
4,0,11395,0,0,500,0.6,1000,0.2,1400,0.2,1
4,1,6234,2,10,5,0,300,0.5,572,0.32,486,0.18,1
4,2,4251,1,0,500,0.6,1000,0.2,1400,0.2,1
4,3,5950,2,10,5,0,300,0.5,1700,0.5,1
4,4,14594,2,10,5,0,666,0.42,420,0.58,1
4,5,11329,0,0,300,0.5,1700,0.5,1
4,6,14007,1,0,300,0.5,1700,0.5,1
4,7,712,2,10,5,0,666,0.42,420,0.58,1
4,8,13009,1,0,500,0.6,1000,0.2,1400,0.2,1
4,9,3930,0,0,300,0.5,572,0.32,486,0.18,1
4,10,12155,1,0,300,0.5,1700,0.5,1
4,11,3704,0,0,300,0.5,1700,0.5,1
5,0,8905,0,0,666,0.42,420,0.58,1
5,1,3948,0,0,300,0.5,572,0.32,486,0.18,1
5,2,12840,1,0,300,0.5,1700,0.5,1
5,3,12507,1,0,500,0.6,1000,0.2,1400,0.2,1
5,4,2469,0,0,300,0.5,1700,0.5,1
5,5,14072,1,0,500,0.6,1000,0.2,1400,0.2,1
5,6,9727,2,10,5,0,666,0.42,420,0.58,1
5,7,10631,2,10,5,0,666,0.42,420,0.58,1
5,8,8522,2,10,5,0,300,0.5,572,0.32,486,0.18,1
5,9,5026,0,0,666,0.42,420,0.58,1
5,10,12840,1,0,666,0.42,420,0.58,1
5,11,7554,2,10,5,0,300,0.5,1700,0.5,1
6,0,1803,1,0,300,0.5,572,0.32,486,0.18,1
6,1,6163,2,10,5,0,666,0.42,420,0.58,1
6,2,223,2,10,5,0,666,0.42,420,0.58,1
6,3,6492,1,0,666,0.42,420,0.58,1
6,4,3181,2,10,5,0,300,0.5,1700,0.5,1
6,5,2290,2,10,5,0,300,0.5,572,0.32,486,0.18,1
6,6,11083,0,0,666,0.42,420,0.58,1
6,7,8648,2,10,5,0,300,0.5,572,0.32,486,0.18,1
6,8,10239,1,0,300,0.5,1700,0.5,1
6,9,10276,2,10,5,0,666,0.42,420,0.58,1
6,10,8083,1,0,300,0.5,1700,0.5,1
6,11,12118,1,0,500,0.6,1000,0.2,1400,0.2,1
7,0,3468,1,0,666,0.42,420,0.58,1
7,1,1701,2,10,5,0,300,0.5,1700,0.5,1
7,2,5124,2,10,5,0,300,0.5,1700,0.5,1
7,3,8159,0,0,300,0.5,1700,0.5,1
7,4,1738,0,0,666,0.42,420,0.58,1
7,5,11938,1,0,500,0.6,1000,0.2,1400,0.2,1
7,6,1493,0,0,300,0.5,572,0.32,486,0.18,1
7,7,13717,0,0,300,0.5,1700,0.5,1
7,8,14209,0,0,300,0.5,572,0.32,486,0.18,1
7,9,2378,2,10,5,0,300,0.5,572,0.32,486,0.18,1
7,10,5529,2,10,5,0,300,0.5,1700,0.5,1
7,11,6630,2,10,5,0,300,0.5,1700,0.5,1
8,0,9246,0,0,300,0.5,572,0.32,486,0.18,1
8,1,78,2,10,5,0,666,0.42,420,0.58,1
8,2,14398,1,0,300,0.5,1700,0.5,1
8,3,6776,1,0,500,0.6,1000,0.2,1400,0.2,1
8,4,6490,0,0,300,0.5,1700,0.5,1
8,5,9396,1,0,300,0.5,572,0.32,486,0.18,1
8,6,3233,0,0,500,0.6,1000,0.2,1400,0.2,1
8,7,5715,2,10,5,0,300,0.5,1700,0.5,1
8,8,6327,1,0,300,0.5,572,0.32,486,0.18,1
8,9,9945,2,10,5,0,300,0.5,572,0.32,486,0.18,1
8,10,134,1,0,666,0.42,420,0.58,1
8,11,670,2,10,5,0,300,0.5,572,0.32,486,0.18,1
9,0,9147,1,0,500,0.6,1000,0.2,1400,0.2,1
9,1,10997,0,0,666,0.42,420,0.58,1
9,2,9290,2,10,5,0,500,0.6,1000,0.2,1400,0.2,1
9,3,11987,1,0,500,0.6,1000,0.2,1400,0.2,1
9,4,3894,0,0,500,0.6,1000,0.2,1400,0.2,1
9,5,7940,0,0,500,0.6,1000,0.2,1400,0.2,1
9,6,908,0,0,500,0.6,1000,0.2,1400,0.2,1
9,7,11626,2,10,5,0,666,0.42,420,0.58,1
9,8,11058,2,10,5,0,500,0.6,1000,0.2,1400,0.2,1
9,9,11829,2,10,5,0,500,0.6,1000,0.2,1400,0.2,1
9,10,5332,2,10,5,0,300,0.5,572,0.32,486,0.18,1
9,11,2289,0,0,500,0.6,1000,0.2,1400,0.2,1
10,0,1724,2,10,5,0,500,0.6,1000,0.2,1400,0.2,1
10,1,10002,2,10,5,0,300,0.5,572,0.32,486,0.18,1
10,2,14486,1,0,300,0.5,572,0.32,486,0.18,1
10,3,5054,0,0,300,0.5,1700,0.5,1
10,4,1818,2,10,5,0,300,0.5,572,0.32,486,0.18,1
10,5,5993,2,10,5,0,500,0.6,1000,0.2,1400,0.2,1
10,6,536,2,10,5,0,300,0.5,572,0.32,486,0.18,1
10,7,8407,1,0,300,0.5,572,0.32,486,0.18,1
10,8,8077,2,10,5,0,300,0.5,572,0.32,486,0.18,1
10,9,6733,0,0,300,0.5,572,0.32,486,0.18,1
10,10,4370,1,0,666,0.42,420,0.58,1
10,11,1459,0,0,500,0.6,1000,0.2,1400,0.2,1
11,0,1858,2,10,5,0,300,0.5,572,0.32,486,0.18,1
11,1,11676,0,0,300,0.5,1700,0.5,1
11,2,11330,1,0,500,0.6,1000,0.2,1400,0.2,1
11,3,10206,2,10,5,0,300,0.5,572,0.32,486,0.18,1
11,4,11724,0,0,300,0.5,1700,0.5,1
11,5,2214,1,0,300,0.5,572,0.32,486,0.18,1
11,6,14906,0,0,500,0.6,1000,0.2,1400,0.2,1
11,7,1781,2,10,5,0,500,0.6,1000,0.2,1400,0.2,1
11,8,11590,1,0,500,0.6,1000,0.2,1400,0.2,1
11,9,4689,0,0,500,0.6,1000,0.2,1400,0.2,1
11,10,3192,0,0,500,0.6,1000,0.2,1400,0.2,1
11,11,8532,2,10,5,0,666,0.42,420,0.58,1
