0,0,8642,1,0,300,0.5,1700,0.5,1
0,1,2743,1,0,300,0.5,1700,0.5,1
0,2,12051,1,0,666,0.42,420,0.58,1
0,3,12939,0,0,500,0.6,1000,0.2,1400,0.2,1
0,4,2524,2,10,5,0,500,0.6,1000,0.2,1400,0.2,1
0,5,10280,1,0,500,0.6,1000,0.2,1400,0.2,1
0,6,4140,2,10,5,0,300,0.5,1700,0.5,1
0,7,24,2,10,5,0,300,0.5,1700,0.5,1
0,8,9871,0,0,300,0.5,572,0.32,486,0.18,1
0,9,10837,2,10,5,0,500,0.6,1000,0.2,1400,0.2,1
0,10,302,2,10,5,0,300,0.5,572,0.32,486,0.18,1
0,11,13027,2,10,5,0,666,0.42,420,0.58,1
1,0,10657,2,10,5,0,500,0.6,1000,0.2,1400,0.2,1
1,1,689,2,10,5,0,300,0.5,572,0.32,486,0.18,1
1,2,5463,0,0,666,0.42,420,0.58,0
1,3,5565,0,0,300,0.5,572,0.32,486,0.18,1
1,4,12294,1,0,300,0.5,1700,0.5,1
1,5,3223,1,0,666,0.42,420,0.58,1
1,6,1566,0,0,300,0.5,1700,0.5,1
1,7,14186,0,0,300,0.5,572,0.32,486,0.18,1
1,8,5256,2,10,5,0,666,0.42,420,0.58,1
1,9,7762,2,10,5,0,300,0.5,1700,0.5,1
1,10,13843,2,10,5,0,500,0.6,1000,0.2,1400,0.2,1
1,11,12593,0,0,300,0.5,572,0.32,486,0.18,1
2,0,3933,0,0,300,0.5,1700,0.5,1
2,1,12111,2,10,5,0,300,0.5,1700,0.5,1
2,2,158,1,0,500,0.6,1000,0.2,1400,0.2,1
2,3,13384,1,0,300,0.5,572,0.32,486,0.18,1
2,4,2145,0,0,300,0.5,1700,0.5,1
2,5,4427,2,10,5,0,300,0.5,1700,0.5,1
2,6,1838,1,0,300,0.5,572,0.32,486,0.18,1
2,7,5730,1,0,500,0.6,1000,0.2,1400,0.2,1
2,8,13409,2,10,5,0,300,0.5,572,0.32,486,0.18,1
2,9,12877,1,0,500,0.6,1000,0.2,1400,0.2,1
2,10,2326,0,0,300,0.5,1700,0.5,1
2,11,4205,1,0,300,0.5,572,0.32,486,0.18,1
3,0,10180,2,10,5,0,666,0.42,420,0.58,1
3,1,8397,0,0,300,0.5,1700,0.5,1
3,2,14158,2,10,5,0,500,0.6,1000,0.2,1400,0.2,1
3,3,11736,2,10,5,0,300,0.5,572,0.32,486,0.18,1
3,4,3706,0,0,666,0.42,420,0.58,1
3,5,6679,2,10,5,0,300,0.5,572,0.32,486,0.18,1
3,6,13062,0,0,500,0.6,1000,0.2,1400,0.2,1
3,7,2398,0,0,666,0.42,420,0.58,1
3,8,9599,2,10,5,0,666,0.42,420,0.58,1
3,9,9140,1,0,300,0.5,572,0.32,486,0.18,1
3,10,14654,1,0,666,0.42,420,0.58,1
3,11,6235,0,0,300,0.5,572,0.32,486,0.18,1
4,0,5802,2,10,5,0,300,0.5,572,0.32,486,0.18,1
4,1,1988,1,0,500,0.6,1000,0.2,1400,0.2,1
4,2,442,2,10,5,0,300,0.5,1700,0.5,1
4,3,5821,1,0,300,0.5,572,0.32,486,0.18,1
4,4,3995,1,0,300,0.5,572,0.32,486,0.18,1
4,5,11643,1,0,300,0.5,572,0.32,486,0.18,1
4,6,8503,2,10,5,0,300,0.5,572,0.32,486,0.18,1
4,7,13257,0,0,666,0.42,420,0.58,1
4,8,7669,1,0,500,0.6,1000,0.2,1400,0.2,1
4,9,9560,0,0,300,0.5,1700,0.5,1
4,10,13907,0,0,500,0.6,1000,0.2,1400,0.2,1
4,11,12040,1,0,300,0.5,572,0.32,486,0.18,1
5,0,4590,2,10,5,0,666,0.42,420,0.58,1
5,1,12476,1,0,666,0.42,420,0.58,1
5,2,6024,2,10,5,0,300,0.5,1700,0.5,1
5,3,4825,0,0,666,0.42,420,0.58,1
5,4,8809,0,0,666,0.42,420,0.58,1
5,5,6083,2,10,5,0,500,0.6,1000,0.2,1400,0.2,1
5,6,12468,1,0,300,0.5,1700,0.5,1
5,7,7841,0,0,300,0.5,1700,0.5,1
5,8,9870,1,0,666,0.42,420,0.58,1
5,9,13583,2,10,5,0,666,0.42,420,0.58,1
5,10,383,1,0,300,0.5,1700,0.5,1
5,11,9459,0,0,300,0.5,572,0.32,486,0.18,1
6,0,11970,2,10,5,0,300,0.5,572,0.32,486,0.18,1
6,1,828,0,0,300,0.5,1700,0.5,1
6,2,3545,1,0,300,0.5,1700,0.5,1
6,3,11706,1,0,300,0.5,1700,0.5,1
6,4,8341,0,0,300,0.5,572,0.32,486,0.18,1
6,5,12641,0,0,300,0.5,1700,0.5,1
6,6,10205,1,0,300,0.5,572,0.32,486,0.18,1
6,7,13183,2,10,5,0,300,0.5,572,0.32,486,0.18,1
6,8,7655,1,0,300,0.5,1700,0.5,1
6,9,2604,2,10,5,0,300,0.5,1700,0.5,1
6,10,12626,1,0,300,0.5,572,0.32,486,0.18,1
6,11,8458,1,0,300,0.5,1700,0.5,1
7,0,13529,2,10,5,0,300,0.5,572,0.32,486,0.18,1
7,1,1360,0,0,300,0.5,1700,0.5,1
7,2,8894,1,0,300,0.5,1700,0.5,1
7,3,3753,0,0,300,0.5,572,0.32,486,0.18,1
7,4,7960,2,10,5,0,300,0.5,1700,0.5,1
7,5,905,2,10,5,0,300,0.5,572,0.32,486,0.18,1
7,6,14608,0,0,500,0.6,1000,0.2,1400,0.2,1
7,7,3478,2,10,5,0,300,0.5,1700,0.5,1
7,8,10367,1,0,300,0.5,572,0.32,486,0.18,1
7,9,12424,2,10,5,0,300,0.5,572,0.32,486,0.18,1
7,10,13207,0,0,300,0.5,572,0.32,486,0.18,1
7,11,13459,0,0,300,0.5,1700,0.5,1
8,0,13806,2,10,5,0,666,0.42,420,0.58,1
8,1,14477,2,10,5,0,500,0.6,1000,0.2,1400,0.2,1
8,2,14294,1,0,300,0.5,572,0.32,486,0.18,1
8,3,5216,2,10,5,0,666,0.42,420,0.58,1
8,4,6606,2,10,5,0,300,0.5,1700,0.5,1
8,5,1417,2,10,5,0,300,0.5,572,0.32,486,0.18,1
8,6,5307,1,0,300,0.5,572,0.32,486,0.18,1
8,7,1908,2,10,5,0,300,0.5,572,0.32,486,0.18,1
8,8,3233,0,0,666,0.42,420,0.58,1
8,9,3027,1,0,300,0.5,572,0.32,486,0.18,1
8,10,5053,1,0,300,0.5,1700,0.5,1
8,11,10534,0,0,666,0.42,420,0.58,1
9,0,9778,2,10,5,0,500,0.6,1000,0.2,1400,0.2,1
9,1,9280,0,0,666,0.42,420,0.58,1
9,2,14729,1,0,300,0.5,1700,0.5,1
9,3,4211,2,10,5,0,666,0.42,420,0.58,1
9,4,11486,1,0,300,0.5,1700,0.5,1
9,5,2637,1,0,666,0.42,420,0.58,1
9,6,9250,0,0,666,0.42,420,0.58,1
9,7,14238,2,10,5,0,300,0.5,1700,0.5,1
9,8,14896,1,0,300,0.5,1700,0.5,1
9,9,6639,0,0,300,0.5,1700,0.5,1
9,10,14140,0,0,666,0.42,420,0.58,1
9,11,12546,0,0,500,0.6,1000,0.2,1400,0.2,1
10,0,2293,2,10,5,0,300,0.5,572,0.32,486,0.18,1
10,1,3401,0,0,300,0.5,572,0.32,486,0.18,1
10,2,7012,2,10,5,0,300,0.5,1700,0.5,1
10,3,7318,1,0,500,0.6,1000,0.2,1400,0.2,1
10,4,10321,2,10,5,0,300,0.5,1700,0.5,1
10,5,6582,2,10,5,0,666,0.42,420,0.58,1
10,6,6088,2,10,5,0,666,0.42,420,0.58,1
10,7,13041,0,0,666,0.42,420,0.58,1
10,8,2449,0,0,666,0.42,420,0.58,1
10,9,14641,1,0,500,0.6,1000,0.2,1400,0.2,1
10,10,2774,2,10,5,0,300,0.5,1700,0.5,1
10,11,1327,2,10,5,0,300,0.5,1700,0.5,1
11,0,6636,0,0,500,0.6,1000,0.2,1400,0.2,1
11,1,13458,0,0,500,0.6,1000,0.2,1400,0.2,1
11,2,2522,0,0,300,0.5,572,0.32,486,0.18,1
11,3,6784,1,0,300,0.5,1700,0.5,1
11,4,359,0,0,500,0.6,1000,0.2,1400,0.2,1
11,5,2405,0,0,300,0.5,572,0.32,486,0.18,1
11,6,6717,2,10,5,0,300,0.5,572,0.32,486,0.18,1
11,7,261,1,0,300,0.5,572,0.32,486,0.18,1
11,8,14926,2,10,5,0,500,0.6,1000,0.2,1400,0.2,1
11,9,1000,2,10,5,0,300,0.5,1700,0.5,1
11,10,9308,1,0,300,0.5,1700,0.5,1
11,11,3365,0,0,300,0.5,572,0.32,486,0.18,1
