0,0,13066,0,0,300,0.5,1700,0.5,1
0,1,5833,1,0,300,0.5,1700,0.5,1
0,2,2561,1,0,500,0.6,1000,0.2,1400,0.2,1
0,3,5253,2,10,5,0,666,0.42,420,0.58,1
0,4,1736,0,0,666,0.42,420,0.58,1
0,5,977,0,0,666,0.42,420,0.58,1
0,6,8288,2,10,5,0,666,0.42,420,0.58,1
0,7,2368,2,10,5,0,666,0.42,420,0.58,1
0,8,1679,1,0,666,0.42,420,0.58,1
0,9,11808,1,0,300,0.5,1700,0.5,1
0,10,1202,1,0,666,0.42,420,0.58,1
0,11,11136,1,0,500,0.6,1000,0.2,1400,0.2,1
1,0,13110,0,0,666,0.42,420,0.58,1
1,1,14802,1,0,300,0.5,572,0.32,486,0.18,1
1,2,8846,2,10,5,0,666,0.42,420,0.58,0
1,3,9607,1,0,300,0.5,572,0.32,486,0.18,1
1,4,6726,2,10,5,0,500,0.6,1000,0.2,1400,0.2,1
1,5,2670,2,10,5,0,300,0.5,572,0.32,486,0.18,1
1,6,8230,0,0,300,0.5,1700,0.5,1
1,7,2236,0,0,300,0.5,572,0.32,486,0.18,1
1,8,10225,2,10,5,0,300,0.5,572,0.32,486,0.18,1
1,9,6476,2,10,5,0,300,0.5,1700,0.5,1
1,10,7259,2,10,5,0,300,0.5,572,0.32,486,0.18,1
1,11,3887,1,0,300,0.5,572,0.32,486,0.18,1
2,0,5081,0,0,300,0.5,572,0.32,486,0.18,1
2,1,124,2,10,5,0,500,0.6,1000,0.2,1400,0.2,1
2,2,14722,2,10,5,0,300,0.5,1700,0.5,1
2,3,10121,1,0,666,0.42,420,0.58,1
2,4,14661,2,10,5,0,500,0.6,1000,0.2,1400,0.2,1
2,5,2406,0,0,500,0.6,1000,0.2,1400,0.2,1
2,6,8697,1,0,500,0.6,1000,0.2,1400,0.2,1
2,7,1148,0,0,300,0.5,572,0.32,486,0.18,1
2,8,8400,0,0,300,0.5,572,0.32,486,0.18,1
2,9,458,1,0,666,0.42,420,0.58,1
2,10,13991,0,0,666,0.42,420,0.58,1
2,11,13454,2,10,5,0,300,0.5,1700,0.5,1
3,0,2780,0,0,500,0.6,1000,0.2,1400,0.2,1
3,1,10276,0,0,666,0.42,420,0.58,1
3,2,6079,2,10,5,0,500,0.6,1000,0.2,1400,0.2,1
3,3,3508,0,0,300,0.5,572,0.32,486,0.18,1
3,4,11332,1,0,300,0.5,1700,0.5,1
3,5,116,1,0,300,0.5,1700,0.5,1
3,6,2477,2,10,5,0,300,0.5,572,0.32,486,0.18,1
3,7,4988,0,0,500,0.6,1000,0.2,1400,0.2,1
3,8,10030,0,0,300,0.5,1700,0.5,1
3,9,5306,0,0,666,0.42,420,0.58,1
3,10,7555,2,10,5,0,300,0.5,572,0.32,486,0.18,1
3,11,3185,1,0,300,0.5,572,0.32,486,0.18,1
4,0,7492,1,0,500,0.6,1000,0.2,1400,0.2,1
4,1,14758,1,0,666,0.42,420,0.58,1
4,2,10460,1,0,500,0.6,1000,0.2,1400,0.2,1
4,3,5895,1,0,666,0.42,420,0.58,1
4,4,6215,0,0,500,0.6,1000,0.2,1400,0.2,1
4,5,3151,0,0,300,0.5,572,0.32,486,0.18,1
4,6,4536,1,0,300,0.5,572,0.32,486,0.18,1
4,7,1592,0,0,300,0.5,572,0.32,486,0.18,1
4,8,11201,0,0,300,0.5,572,0.32,486,0.18,1
4,9,12950,2,10,5,0,300,0.5,572,0.32,486,0.18,1
4,10,3019,1,0,300,0.5,572,0.32,486,0.18,1
4,11,13283,2,10,5,0,500,0.6,1000,0.2,1400,0.2,1
5,0,82,1,0,666,0.42,420,0.58,1
5,1,6117,2,10,5,0,500,0.6,1000,0.2,1400,0.2,1
5,2,247,1,0,500,0.6,1000,0.2,1400,0.2,1
5,3,13777,0,0,500,0.6,1000,0.2,1400,0.2,1
5,4,5978,0,0,500,0.6,1000,0.2,1400,0.2,1
5,5,14852,1,0,500,0.6,1000,0.2,1400,0.2,1
5,6,5531,0,0,666,0.42,420,0.58,1
5,7,2142,2,10,5,0,666,0.42,420,0.58,1
5,8,10815,1,0,300,0.5,1700,0.5,1
5,9,13998,0,0,300,0.5,1700,0.5,1
5,10,6821,1,0,300,0.5,1700,0.5,1
5,11,12371,0,0,300,0.5,1700,0.5,1
6,0,11357,1,0,300,0.5,572,0.32,486,0.18,1
6,1,9225,1,0,500,0.6,1000,0.2,1400,0.2,1
6,2,5915,1,0,500,0.6,1000,0.2,1400,0.2,1
6,3,5003,1,0,500,0.6,1000,0.2,1400,0.2,1
6,4,3522,2,10,5,0,300,0.5,572,0.32,486,0.18,1
6,5,13858,2,10,5,0,300,0.5,1700,0.5,1
6,6,1990,2,10,5,0,300,0.5,572,0.32,486,0.18,1
6,7,13756,0,0,666,0.42,420,0.58,1
6,8,6647,0,0,666,0.42,420,0.58,1
6,9,12253,0,0,300,0.5,572,0.32,486,0.18,1
6,10,5838,2,10,5,0,666,0.42,420,0.58,1
6,11,13939,2,10,5,0,300,0.5,572,0.32,486,0.18,1
7,0,9423,2,10,5,0,500,0.6,1000,0.2,1400,0.2,1
7,1,9004,0,0,500,0.6,1000,0.2,1400,0.2,1
7,2,10344,1,0,300,0.5,572,0.32,486,0.18,1
7,3,9290,1,0,300,0.5,1700,0.5,1
7,4,8875,2,10,5,0,300,0.5,572,0.32,486,0.18,1
7,5,1692,1,0,300,0.5,572,0.32,486,0.18,1
7,6,11023,0,0,300,0.5,1700,0.5,1
7,7,3265,0,0,300,0.5,1700,0.5,1
7,8,5813,0,0,300,0.5,1700,0.5,1
7,9,6479,2,10,5,0,300,0.5,1700,0.5,1
7,10,9953,2,10,5,0,300,0.5,572,0.32,486,0.18,1
7,11,14655,0,0,300,0.5,572,0.32,486,0.18,1
8,0,11035,0,0,666,0.42,420,0.58,1
8,1,11544,0,0,300,0.5,572,0.32,486,0.18,1
8,2,7486,2,10,5,0,666,0.42,420,0.58,1
8,3,5075,0,0,300,0.5,1700,0.5,1
8,4,10825,2,10,5,0,300,0.5,572,0.32,486,0.18,1
8,5,10148,1,0,300,0.5,1700,0.5,1
8,6,4581,2,10,5,0,500,0.6,1000,0.2,1400,0.2,1
8,7,13750,1,0,300,0.5,572,0.32,486,0.18,1
8,8,10202,1,0,666,0.42,420,0.58,1
8,9,10276,1,0,500,0.6,1000,0.2,1400,0.2,1
8,10,3070,1,0,300,0.5,1700,0.5,1
8,11,14323,2,10,5,0,500,0.6,1000,0.2,1400,0.2,1
9,0,1048,2,10,5,0,666,0.42,420,0.58,1
9,1,8646,1,0,300,0.5,572,0.32,486,0.18,1
9,2,996,2,10,5,0,500,0.6,1000,0.2,1400,0.2,1
9,3,2597,0,0,500,0.6,1000,0.2,1400,0.2,1
9,4,9874,2,10,5,0,300,0.5,572,0.32,486,0.18,1
9,5,5201,1,0,666,0.42,420,0.58,1
9,6,14734,0,0,300,0.5,1700,0.5,1
9,7,3324,1,0,300,0.5,572,0.32,486,0.18,1
9,8,8863,0,0,300,0.5,1700,0.5,1
9,9,3212,1,0,300,0.5,1700,0.5,1
9,10,12330,1,0,666,0.42,420,0.58,1
9,11,8385,2,10,5,0,300,0.5,1700,0.5,1
10,0,1796,1,0,300,0.5,1700,0.5,1
10,1,6829,1,0,500,0.6,1000,0.2,1400,0.2,1
10,2,11273,2,10,5,0,300,0.5,1700,0.5,1
10,3,4341,1,0,300,0.5,1700,0.5,1
10,4,6169,0,0,300,0.5,572,0.32,486,0.18,1
10,5,2979,1,0,666,0.42,420,0.58,1
10,6,10400,1,0,300,0.5,572,0.32,486,0.18,1
10,7,14918,0,0,500,0.6,1000,0.2,1400,0.2,1
10,8,8709,2,10,5,0,300,0.5,1700,0.5,1
10,9,172,0,0,666,0.42,420,0.58,1
10,10,10334,0,0,300,0.5,572,0.32,486,0.18,1
10,11,1734,0,0,666,0.42,420,0.58,1
11,0,2074,2,10,5,0,500,0.6,1000,0.2,1400,0.2,1
11,1,1486,0,0,500,0.6,1000,0.2,1400,0.2,1
11,2,2886,2,10,5,0,500,0.6,1000,0.2,1400,0.2,1
11,3,8146,0,0,500,0.6,1000,0.2,1400,0.2,1
11,4,5442,0,0,666,0.42,420,0.58,1
11,5,1830,2,10,5,0,300,0.5,572,0.32,486,0.18,1
11,6,2043,0,0,300,0.5,1700,0.5,1
11,7,7487,2,10,5,0,666,0.42,420,0.58,1
11,8,806,0,0,300,0.5,1700,0.5,1
11,9,3742,0,0,300,0.5,1700,0.5,1
11,10,10979,1,0,300,0.5,1700,0.5,1
11,11,9682,1,0,666,0.42,420,0.58,1
