0,0,3778,0,0,500,0.6,1000,0.2,1400,0.2,1
0,1,10652,0,0,300,0.5,572,0.32,486,0.18,1
0,2,14604,1,0,500,0.6,1000,0.2,1400,0.2,1
0,3,4705,1,0,300,0.5,1700,0.5,1
0,4,12999,1,0,666,0.42,420,0.58,1
0,5,4326,0,0,500,0.6,1000,0.2,1400,0.2,1
0,6,7411,0,0,666,0.42,420,0.58,1
0,7,3984,1,0,300,0.5,1700,0.5,1
0,8,1883,2,10,5,0,300,0.5,572,0.32,486,0.18,1
0,9,8179,2,10,5,0,500,0.6,1000,0.2,1400,0.2,1
0,10,12538,1,0,300,0.5,572,0.32,486,0.18,1
0,11,5076,2,10,5,0,500,0.6,1000,0.2,1400,0.2,1
1,0,2517,2,10,5,0,300,0.5,572,0.32,486,0.18,1
1,1,11105,2,10,5,0,300,0.5,1700,0.5,1
1,2,2670,1,0,500,0.6,1000,0.2,1400,0.2,0
1,3,12893,1,0,666,0.42,420,0.58,1
1,4,1816,1,0,500,0.6,1000,0.2,1400,0.2,1
1,5,10820,2,10,5,0,666,0.42,420,0.58,1
1,6,9168,2,10,5,0,300,0.5,572,0.32,486,0.18,1
1,7,8940,2,10,5,0,500,0.6,1000,0.2,1400,0.2,1
1,8,2737,1,0,500,0.6,1000,0.2,1400,0.2,1
1,9,11776,0,0,300,0.5,572,0.32,486,0.18,1
1,10,11854,2,10,5,0,300,0.5,1700,0.5,1
1,11,5177,2,10,5,0,300,0.5,1700,0.5,1
2,0,11256,2,10,5,0,300,0.5,1700,0.5,1
2,1,7564,1,0,666,0.42,420,0.58,1
2,2,5488,2,10,5,0,500,0.6,1000,0.2,1400,0.2,1
2,3,1674,0,0,500,0.6,1000,0.2,1400,0.2,1
2,4,4380,2,10,5,0,500,0.6,1000,0.2,1400,0.2,1
2,5,74,0,0,300,0.5,572,0.32,486,0.18,1
2,6,7267,0,0,300,0.5,1700,0.5,1
2,7,13978,0,0,300,0.5,572,0.32,486,0.18,1
2,8,13165,0,0,300,0.5,572,0.32,486,0.18,1
2,9,9004,1,0,500,0.6,1000,0.2,1400,0.2,1
2,10,13109,0,0,666,0.42,420,0.58,1
2,11,5424,0,0,300,0.5,572,0.32,486,0.18,1
3,0,7535,0,0,300,0.5,572,0.32,486,0.18,1
3,1,11487,2,10,5,0,500,0.6,1000,0.2,1400,0.2,1
3,2,5106,0,0,500,0.6,1000,0.2,1400,0.2,1
3,3,3805,1,0,500,0.6,1000,0.2,1400,0.2,1
3,4,8581,1,0,666,0.42,420,0.58,1
3,5,7276,1,0,666,0.42,420,0.58,1
3,6,14821,2,10,5,0,666,0.42,420,0.58,1
3,7,3712,1,0,300,0.5,572,0.32,486,0.18,1
3,8,10469,0,0,300,0.5,1700,0.5,1
3,9,6959,0,0,500,0.6,1000,0.2,1400,0.2,1
3,10,2090,1,0,300,0.5,572,0.32,486,0.18,1
3,11,3703,2,10,5,0,500,0.6,1000,0.2,1400,0.2,1
4,0,11135,2,10,5,0,500,0.6,1000,0.2,1400,0.2,1
4,1,12745,0,0,500,0.6,1000,0.2,1400,0.2,1
4,2,6880,2,10,5,0,500,0.6,1000,0.2,1400,0.2,1
4,3,2205,0,0,300,0.5,1700,0.5,1
4,4,14423,1,0,300,0.5,1700,0.5,1
4,5,12069,2,10,5,0,500,0.6,1000,0.2,1400,0.2,1
4,6,370,2,10,5,0,666,0.42,420,0.58,1
4,7,3529,1,0,300,0.5,1700,0.5,1
4,8,14569,2,10,5,0,300,0.5,1700,0.5,1
4,9,11799,1,0,500,0.6,1000,0.2,1400,0.2,1
4,10,1424,1,0,500,0.6,1000,0.2,1400,0.2,1
4,11,2194,2,10,5,0,300,0.5,572,0.32,486,0.18,1
5,0,12203,0,0,300,0.5,572,0.32,486,0.18,1
5,1,1439,1,0,666,0.42,420,0.58,1
5,2,13727,1,0,300,0.5,1700,0.5,1
5,3,4118,1,0,300,0.5,1700,0.5,1
5,4,2697,0,0,666,0.42,420,0.58,1
5,5,1045,0,0,666,0.42,420,0.58,1
5,6,7367,2,10,5,0,500,0.6,1000,0.2,1400,0.2,1
5,7,14585,0,0,500,0.6,1000,0.2,1400,0.2,1
5,8,4672,0,0,666,0.42,420,0.58,1
5,9,12850,1,0,300,0.5,1700,0.5,1
5,10,11629,2,10,5,0,300,0.5,572,0.32,486,0.18,1
5,11,12041,2,10,5,0,500,0.6,1000,0.2,1400,0.2,1
6,0,8595,1,0,300,0.5,572,0.32,486,0.18,1
6,1,14373,1,0,666,0.42,420,0.58,1
6,2,12923,1,0,300,0.5,572,0.32,486,0.18,1
6,3,10410,1,0,300,0.5,1700,0.5,1
6,4,9211,2,10,5,0,500,0.6,1000,0.2,1400,0.2,1
6,5,4779,0,0,666,0.42,420,0.58,1
6,6,9250,0,0,300,0.5,572,0.32,486,0.18,1
6,7,7523,0,0,500,0.6,1000,0.2,1400,0.2,1
6,8,9802,0,0,500,0.6,1000,0.2,1400,0.2,1
6,9,12451,1,0,300,0.5,572,0.32,486,0.18,1
6,10,1482,2,10,5,0,500,0.6,1000,0.2,1400,0.2,1
6,11,11741,1,0,500,0.6,1000,0.2,1400,0.2,1
7,0,2384,2,10,5,0,500,0.6,1000,0.2,1400,0.2,1
7,1,6840,1,0,300,0.5,572,0.32,486,0.18,1
7,2,13315,0,0,666,0.42,420,0.58,1
7,3,2227,0,0,666,0.42,420,0.58,1
7,4,9264,1,0,666,0.42,420,0.58,1
7,5,9672,1,0,300,0.5,1700,0.5,1
7,6,6838,1,0,300,0.5,572,0.32,486,0.18,1
7,7,9494,2,10,5,0,500,0.6,1000,0.2,1400,0.2,1
7,8,14591,1,0,500,0.6,1000,0.2,1400,0.2,1
7,9,13668,2,10,5,0,300,0.5,572,0.32,486,0.18,1
7,10,7204,1,0,300,0.5,1700,0.5,1
7,11,14299,2,10,5,0,500,0.6,1000,0.2,1400,0.2,1
8,0,5993,0,0,500,0.6,1000,0.2,1400,0.2,1
8,1,13892,1,0,300,0.5,1700,0.5,1
8,2,11994,2,10,5,0,300,0.5,572,0.32,486,0.18,1
8,3,14001,2,10,5,0,300,0.5,1700,0.5,1
8,4,970,1,0,500,0.6,1000,0.2,1400,0.2,1
8,5,10669,0,0,500,0.6,1000,0.2,1400,0.2,1
8,6,1763,1,0,300,0.5,1700,0.5,1
8,7,6537,1,0,300,0.5,572,0.32,486,0.18,1
8,8,1886,2,10,5,0,300,0.5,572,0.32,486,0.18,1
8,9,14032,0,0,300,0.5,1700,0.5,1
8,10,6076,0,0,500,0.6,1000,0.2,1400,0.2,1
8,11,1429,0,0,300,0.5,1700,0.5,1
9,0,7862,2,10,5,0,300,0.5,1700,0.5,1
9,1,656,0,0,666,0.42,420,0.58,1
9,2,7512,0,0,500,0.6,1000,0.2,1400,0.2,1
9,3,8225,0,0,666,0.42,420,0.58,1
9,4,12597,2,10,5,0,666,0.42,420,0.58,1
9,5,8214,1,0,666,0.42,420,0.58,1
9,6,7844,0,0,300,0.5,1700,0.5,1
9,7,13960,1,0,300,0.5,1700,0.5,1
9,8,999,0,0,500,0.6,1000,0.2,1400,0.2,1
9,9,110,1,0,300,0.5,572,0.32,486,0.18,1
9,10,11432,1,0,300,0.5,572,0.32,486,0.18,1
9,11,7093,1,0,300,0.5,572,0.32,486,0.18,1
10,0,14012,2,10,5,0,300,0.5,572,0.32,486,0.18,1
10,1,1406,0,0,300,0.5,572,0.32,486,0.18,1
10,2,10968,0,0,500,0.6,1000,0.2,1400,0.2,1
10,3,8134,2,10,5,0,300,0.5,572,0.32,486,0.18,1
10,4,4166,2,10,5,0,500,0.6,1000,0.2,1400,0.2,1
10,5,10398,0,0,500,0.6,1000,0.2,1400,0.2,1
10,6,14669,1,0,666,0.42,420,0.58,1
10,7,1528,2,10,5,0,500,0.6,1000,0.2,1400,0.2,1
10,8,7211,2,10,5,0,666,0.42,420,0.58,1
10,9,3976,2,10,5,0,666,0.42,420,0.58,1
10,10,4584,2,10,5,0,300,0.5,572,0.32,486,0.18,1
10,11,10116,0,0,500,0.6,1000,0.2,1400,0.2,1
11,0,13962,0,0,300,0.5,572,0.32,486,0.18,1
11,1,8207,2,10,5,0,300,0.5,1700,0.5,1
11,2,2747,1,0,666,0.42,420,0.58,1
11,3,2861,2,10,5,0,300,0.5,572,0.32,486,0.18,1
11,4,2682,0,0,300,0.5,572,0.32,486,0.18,1
11,5,12001,0,0,666,0.42,420,0.58,1
11,6,3209,0,0,300,0.5,1700,0.5,1
11,7,5553,2,10,5,0,500,0.6,1000,0.2,1400,0.2,1
11,8,12608,0,0,666,0.42,420,0.58,1
11,9,3060,2,10,5,0,500,0.6,1000,0.2,1400,0.2,1
11,10,593,1,0,500,0.6,1000,0.2,1400,0.2,1
11,11,6897,0,0,666,0.42,420,0.58,1
