0,0,13919,0,0,666,0.42,420,0.58,1
0,1,10507,0,0,300,0.5,1700,0.5,1
0,2,596,2,10,5,0,500,0.6,1000,0.2,1400,0.2,1
0,3,10631,1,0,500,0.6,1000,0.2,1400,0.2,1
0,4,6140,2,10,5,0,300,0.5,1700,0.5,1
0,5,3688,2,10,5,0,300,0.5,572,0.32,486,0.18,1
0,6,13204,2,10,5,0,666,0.42,420,0.58,1
0,7,12060,2,10,5,0,500,0.6,1000,0.2,1400,0.2,1
0,8,7186,1,0,500,0.6,1000,0.2,1400,0.2,1
0,9,14220,1,0,500,0.6,1000,0.2,1400,0.2,1
0,10,9668,1,0,300,0.5,572,0.32,486,0.18,1
0,11,3605,2,10,5,0,666,0.42,420,0.58,1
1,0,3274,1,0,300,0.5,572,0.32,486,0.18,1
1,1,9354,0,0,300,0.5,572,0.32,486,0.18,1
1,2,7072,2,10,5,0,300,0.5,1700,0.5,0
1,3,8413,1,0,500,0.6,1000,0.2,1400,0.2,1
1,4,8417,1,0,500,0.6,1000,0.2,1400,0.2,1
1,5,11468,0,0,300,0.5,572,0.32,486,0.18,1
1,6,3939,2,10,5,0,500,0.6,1000,0.2,1400,0.2,1
1,7,12849,2,10,5,0,666,0.42,420,0.58,1
1,8,3225,1,0,300,0.5,572,0.32,486,0.18,1
1,9,668,1,0,666,0.42,420,0.58,1
1,10,6521,1,0,500,0.6,1000,0.2,1400,0.2,1
1,11,4862,1,0,500,0.6,1000,0.2,1400,0.2,1
2,0,7931,1,0,666,0.42,420,0.58,1
2,1,1815,1,0,500,0.6,1000,0.2,1400,0.2,1
2,2,5542,1,0,300,0.5,572,0.32,486,0.18,1
2,3,13082,1,0,666,0.42,420,0.58,1
2,4,1807,1,0,500,0.6,1000,0.2,1400,0.2,1
2,5,7581,0,0,500,0.6,1000,0.2,1400,0.2,1
2,6,12312,2,10,5,0,500,0.6,1000,0.2,1400,0.2,1
2,7,1376,1,0,300,0.5,1700,0.5,1
2,8,10155,1,0,500,0.6,1000,0.2,1400,0.2,1
2,9,1547,2,10,5,0,300,0.5,572,0.32,486,0.18,1
2,10,2222,0,0,300,0.5,572,0.32,486,0.18,1
2,11,9927,0,0,300,0.5,572,0.32,486,0.18,1
3,0,13697,0,0,666,0.42,420,0.58,1
3,1,14348,1,0,300,0.5,572,0.32,486,0.18,1
3,2,6742,1,0,300,0.5,572,0.32,486,0.18,1
3,3,1636,1,0,500,0.6,1000,0.2,1400,0.2,1
3,4,3932,2,10,5,0,300,0.5,1700,0.5,1
3,5,14086,1,0,500,0.6,1000,0.2,1400,0.2,1
3,6,13280,2,10,5,0,500,0.6,1000,0.2,1400,0.2,1
3,7,4008,2,10,5,0,300,0.5,1700,0.5,1
3,8,7405,0,0,666,0.42,420,0.58,1
3,9,11695,2,10,5,0,300,0.5,572,0.32,486,0.18,1
3,10,12443,1,0,500,0.6,1000,0.2,1400,0.2,1
3,11,6941,2,10,5,0,300,0.5,1700,0.5,1
4,0,12236,0,0,666,0.42,420,0.58,1
4,1,1608,0,0,300,0.5,572,0.32,486,0.18,1
4,2,9534,1,0,300,0.5,572,0.32,486,0.18,1
4,3,13600,2,10,5,0,500,0.6,1000,0.2,1400,0.2,1
4,4,5306,0,0,500,0.6,1000,0.2,1400,0.2,1
4,5,2550,0,0,500,0.6,1000,0.2,1400,0.2,1
4,6,11722,0,0,500,0.6,1000,0.2,1400,0.2,1
4,7,1497,0,0,300,0.5,1700,0.5,1
4,8,5093,1,0,300,0.5,1700,0.5,1
4,9,2202,2,10,5,0,300,0.5,1700,0.5,1
4,10,3832,2,10,5,0,500,0.6,1000,0.2,1400,0.2,1
4,11,13941,0,0,666,0.42,420,0.58,1
5,0,564,1,0,500,0.6,1000,0.2,1400,0.2,1
5,1,2830,0,0,300,0.5,1700,0.5,1
5,2,9856,1,0,300,0.5,1700,0.5,1
5,3,9097,2,10,5,0,300,0.5,1700,0.5,1
5,4,3735,1,0,666,0.42,420,0.58,1
5,5,2047,2,10,5,0,300,0.5,1700,0.5,1
5,6,8723,0,0,300,0.5,572,0.32,486,0.18,1
5,7,9491,2,10,5,0,300,0.5,1700,0.5,1
5,8,678,1,0,300,0.5,1700,0.5,1
5,9,11441,1,0,500,0.6,1000,0.2,1400,0.2,1
5,10,9157,1,0,300,0.5,1700,0.5,1
5,11,4559,1,0,300,0.5,1700,0.5,1
6,0,12744,2,10,5,0,300,0.5,1700,0.5,1
6,1,13698,0,0,300,0.5,572,0.32,486,0.18,1
6,2,4786,1,0,300,0.5,1700,0.5,1
6,3,8813,1,0,500,0.6,1000,0.2,1400,0.2,1
6,4,9758,2,10,5,0,300,0.5,572,0.32,486,0.18,1
6,5,3053,2,10,5,0,300,0.5,1700,0.5,1
6,6,8028,1,0,300,0.5,1700,0.5,1
6,7,8068,0,0,666,0.42,420,0.58,1
6,8,5571,0,0,300,0.5,572,0.32,486,0.18,1
6,9,2086,0,0,500,0.6,1000,0.2,1400,0.2,1
6,10,12839,0,0,666,0.42,420,0.58,1
6,11,9529,2,10,5,0,300,0.5,572,0.32,486,0.18,1
7,0,2583,1,0,300,0.5,572,0.32,486,0.18,1
7,1,4449,0,0,300,0.5,572,0.32,486,0.18,1
7,2,11385,2,10,5,0,666,0.42,420,0.58,1
7,3,13442,2,10,5,0,666,0.42,420,0.58,1
7,4,12465,0,0,500,0.6,1000,0.2,1400,0.2,1
7,5,5021,0,0,666,0.42,420,0.58,1
7,6,5961,1,0,500,0.6,1000,0.2,1400,0.2,1
7,7,3150,1,0,500,0.6,1000,0.2,1400,0.2,1
7,8,11335,0,0,666,0.42,420,0.58,1
7,9,14694,1,0,500,0.6,1000,0.2,1400,0.2,1
7,10,10106,2,10,5,0,666,0.42,420,0.58,1
7,11,14818,0,0,500,0.6,1000,0.2,1400,0.2,1
8,0,8816,1,0,300,0.5,572,0.32,486,0.18,1
8,1,11645,1,0,300,0.5,572,0.32,486,0.18,1
8,2,6094,1,0,300,0.5,572,0.32,486,0.18,1
8,3,11995,0,0,300,0.5,572,0.32,486,0.18,1
8,4,14751,2,10,5,0,300,0.5,572,0.32,486,0.18,1
8,5,4626,2,10,5,0,500,0.6,1000,0.2,1400,0.2,1
8,6,257,2,10,5,0,500,0.6,1000,0.2,1400,0.2,1
8,7,8424,1,0,500,0.6,1000,0.2,1400,0.2,1
8,8,8109,0,0,500,0.6,1000,0.2,1400,0.2,1
8,9,13087,2,10,5,0,300,0.5,572,0.32,486,0.18,1
8,10,11465,1,0,500,0.6,1000,0.2,1400,0.2,1
8,11,14817,1,0,300,0.5,1700,0.5,1
9,0,14256,1,0,300,0.5,1700,0.5,1
9,1,7025,2,10,5,0,500,0.6,1000,0.2,1400,0.2,1
9,2,9454,2,10,5,0,300,0.5,1700,0.5,1
9,3,4062,2,10,5,0,300,0.5,1700,0.5,1
9,4,7092,0,0,666,0.42,420,0.58,1
9,5,4997,1,0,300,0.5,572,0.32,486,0.18,1
9,6,3864,2,10,5,0,300,0.5,572,0.32,486,0.18,1
9,7,11104,0,0,666,0.42,420,0.58,1
9,8,12452,1,0,500,0.6,1000,0.2,1400,0.2,1
9,9,2728,1,0,300,0.5,1700,0.5,1
9,10,5298,1,0,300,0.5,572,0.32,486,0.18,1
9,11,3725,0,0,300,0.5,1700,0.5,1
10,0,11705,2,10,5,0,300,0.5,1700,0.5,1
10,1,9244,1,0,300,0.5,1700,0.5,1
10,2,11872,1,0,300,0.5,572,0.32,486,0.18,1
10,3,9393,2,10,5,0,300,0.5,1700,0.5,1
10,4,1470,1,0,300,0.5,1700,0.5,1
10,5,9115,1,0,300,0.5,1700,0.5,1
10,6,9089,0,0,666,0.42,420,0.58,1
10,7,6633,0,0,300,0.5,1700,0.5,1
10,8,6125,2,10,5,0,300,0.5,1700,0.5,1
10,9,12712,0,0,300,0.5,1700,0.5,1
10,10,6245,0,0,500,0.6,1000,0.2,1400,0.2,1
10,11,6928,1,0,300,0.5,572,0.32,486,0.18,1
11,0,5643,0,0,500,0.6,1000,0.2,1400,0.2,1
11,1,4216,0,0,300,0.5,572,0.32,486,0.18,1
11,2,4544,1,0,500,0.6,1000,0.2,1400,0.2,1
11,3,5187,1,0,500,0.6,1000,0.2,1400,0.2,1
11,4,13611,2,10,5,0,666,0.42,420,0.58,1
11,5,3417,0,0,666,0.42,420,0.58,1
11,6,13791,1,0,300,0.5,1700,0.5,1
11,7,1797,2,10,5,0,500,0.6,1000,0.2,1400,0.2,1
11,8,5133,1,0,300,0.5,1700,0.5,1
11,9,3130,2,10,5,0,500,0.6,1000,0.2,1400,0.2,1
11,10,8580,1,0,500,0.6,1000,0.2,1400,0.2,1
11,11,1410,0,0,300,0.5,1700,0.5,1
