0,0,8759,0,0,300,0.5,1700,0.5,1
0,1,2333,2,10,5,0,300,0.5,1700,0.5,1
0,2,6348,1,0,300,0.5,1700,0.5,1
0,3,9140,0,0,300,0.5,1700,0.5,1
0,4,2663,1,0,666,0.42,420,0.58,1
0,5,5151,2,10,5,0,500,0.6,1000,0.2,1400,0.2,1
0,6,1807,0,0,666,0.42,420,0.58,1
0,7,13564,1,0,300,0.5,1700,0.5,1
0,8,8730,1,0,666,0.42,420,0.58,1
0,9,4625,1,0,500,0.6,1000,0.2,1400,0.2,1
0,10,6504,0,0,300,0.5,572,0.32,486,0.18,1
0,11,6755,1,0,300,0.5,1700,0.5,1
1,0,9543,2,10,5,0,300,0.5,572,0.32,486,0.18,1
1,1,3501,1,0,300,0.5,1700,0.5,1
1,2,6214,1,0,666,0.42,420,0.58,0
1,3,5198,2,10,5,0,300,0.5,1700,0.5,1
1,4,14689,1,0,300,0.5,572,0.32,486,0.18,1
1,5,1315,2,10,5,0,500,0.6,1000,0.2,1400,0.2,1
1,6,10259,1,0,300,0.5,1700,0.5,1
1,7,14463,1,0,300,0.5,572,0.32,486,0.18,1
1,8,2524,0,0,300,0.5,572,0.32,486,0.18,1
1,9,260,0,0,666,0.42,420,0.58,1
1,10,7204,2,10,5,0,666,0.42,420,0.58,1
1,11,11281,0,0,300,0.5,1700,0.5,1
2,0,14324,0,0,666,0.42,420,0.58,1
2,1,9091,2,10,5,0,666,0.42,420,0.58,1
2,2,9576,1,0,300,0.5,1700,0.5,1
2,3,13181,1,0,300,0.5,572,0.32,486,0.18,1
2,4,8017,2,10,5,0,666,0.42,420,0.58,1
2,5,3586,0,0,666,0.42,420,0.58,1
2,6,6245,1,0,300,0.5,572,0.32,486,0.18,1
2,7,2008,2,10,5,0,666,0.42,420,0.58,1
2,8,13622,2,10,5,0,666,0.42,420,0.58,1
2,9,9910,0,0,500,0.6,1000,0.2,1400,0.2,1
2,10,1276,1,0,666,0.42,420,0.58,1
2,11,1294,2,10,5,0,300,0.5,572,0.32,486,0.18,1
3,0,4015,2,10,5,0,300,0.5,1700,0.5,1
3,1,6214,1,0,500,0.6,1000,0.2,1400,0.2,1
3,2,6853,2,10,5,0,666,0.42,420,0.58,1
3,3,8464,0,0,500,0.6,1000,0.2,1400,0.2,1
3,4,10829,2,10,5,0,300,0.5,1700,0.5,1
3,5,2792,2,10,5,0,666,0.42,420,0.58,1
3,6,11150,0,0,300,0.5,1700,0.5,1
3,7,8819,2,10,5,0,666,0.42,420,0.58,1
3,8,9337,2,10,5,0,500,0.6,1000,0.2,1400,0.2,1
3,9,7225,2,10,5,0,666,0.42,420,0.58,1
3,10,9752,2,10,5,0,500,0.6,1000,0.2,1400,0.2,1
3,11,2677,0,0,666,0.42,420,0.58,1
4,0,757,2,10,5,0,666,0.42,420,0.58,1
4,1,3191,0,0,300,0.5,1700,0.5,1
4,2,5295,2,10,5,0,300,0.5,1700,0.5,1
4,3,12328,2,10,5,0,300,0.5,1700,0.5,1
4,4,13631,1,0,666,0.42,420,0.58,1
4,5,9009,0,0,666,0.42,420,0.58,1
4,6,9364,1,0,300,0.5,572,0.32,486,0.18,1
4,7,12526,1,0,666,0.42,420,0.58,1
4,8,9612,2,10,5,0,300,0.5,1700,0.5,1
4,9,1155,1,0,300,0.5,1700,0.5,1
4,10,908,2,10,5,0,666,0.42,420,0.58,1
4,11,1340,2,10,5,0,666,0.42,420,0.58,1
5,0,8629,2,10,5,0,300,0.5,572,0.32,486,0.18,1
5,1,10171,0,0,666,0.42,420,0.58,1
5,2,14035,1,0,500,0.6,1000,0.2,1400,0.2,1
5,3,6510,1,0,300,0.5,572,0.32,486,0.18,1
5,4,3353,1,0,666,0.42,420,0.58,1
5,5,3701,0,0,300,0.5,572,0.32,486,0.18,1
5,6,6379,1,0,300,0.5,1700,0.5,1
5,7,7979,0,0,666,0.42,420,0.58,1
5,8,13395,2,10,5,0,666,0.42,420,0.58,1
5,9,1103,0,0,500,0.6,1000,0.2,1400,0.2,1
5,10,665,1,0,500,0.6,1000,0.2,1400,0.2,1
5,11,5933,1,0,300,0.5,572,0.32,486,0.18,1
6,0,11989,1,0,666,0.42,420,0.58,1
6,1,6159,2,10,5,0,500,0.6,1000,0.2,1400,0.2,1
6,2,1097,2,10,5,0,500,0.6,1000,0.2,1400,0.2,1
6,3,11623,1,0,300,0.5,572,0.32,486,0.18,1
6,4,1484,0,0,666,0.42,420,0.58,1
6,5,5369,2,10,5,0,666,0.42,420,0.58,1
6,6,8328,0,0,300,0.5,572,0.32,486,0.18,1
6,7,11876,2,10,5,0,666,0.42,420,0.58,1
6,8,10452,0,0,300,0.5,1700,0.5,1
6,9,9534,1,0,666,0.42,420,0.58,1
6,10,6388,1,0,300,0.5,1700,0.5,1
6,11,7572,0,0,300,0.5,572,0.32,486,0.18,1
7,0,2022,1,0,300,0.5,572,0.32,486,0.18,1
7,1,546,1,0,300,0.5,572,0.32,486,0.18,1
7,2,3754,0,0,500,0.6,1000,0.2,1400,0.2,1
7,3,3491,1,0,666,0.42,420,0.58,1
7,4,14148,0,0,666,0.42,420,0.58,1
7,5,6937,1,0,500,0.6,1000,0.2,1400,0.2,1
7,6,1690,1,0,666,0.42,420,0.58,1
7,7,8844,2,10,5,0,666,0.42,420,0.58,1
7,8,5466,1,0,666,0.42,420,0.58,1
7,9,4512,1,0,500,0.6,1000,0.2,1400,0.2,1
7,10,12717,1,0,300,0.5,1700,0.5,1
7,11,14520,2,10,5,0,300,0.5,1700,0.5,1
8,0,6348,1,0,500,0.6,1000,0.2,1400,0.2,1
8,1,5528,0,0,500,0.6,1000,0.2,1400,0.2,1
8,2,6072,0,0,500,0.6,1000,0.2,1400,0.2,1
8,3,11376,2,10,5,0,500,0.6,1000,0.2,1400,0.2,1
8,4,13598,0,0,300,0.5,572,0.32,486,0.18,1
8,5,13574,1,0,300,0.5,1700,0.5,1
8,6,13895,0,0,666,0.42,420,0.58,1
8,7,3640,0,0,300,0.5,1700,0.5,1
8,8,1800,0,0,500,0.6,1000,0.2,1400,0.2,1
8,9,14239,1,0,500,0.6,1000,0.2,1400,0.2,1
8,10,4742,0,0,300,0.5,572,0.32,486,0.18,1
8,11,4213,2,10,5,0,666,0.42,420,0.58,1
9,0,6944,1,0,300,0.5,1700,0.5,1
9,1,14575,0,0,300,0.5,572,0.32,486,0.18,1
9,2,9164,2,10,5,0,300,0.5,1700,0.5,1
9,3,1077,1,0,666,0.42,420,0.58,1
9,4,4060,0,0,300,0.5,1700,0.5,1
9,5,5880,0,0,300,0.5,1700,0.5,1
9,6,9615,0,0,666,0.42,420,0.58,1
9,7,12057,2,10,5,0,500,0.6,1000,0.2,1400,0.2,1
9,8,3792,2,10,5,0,300,0.5,1700,0.5,1
9,9,13651,2,10,5,0,300,0.5,572,0.32,486,0.18,1
9,10,2230,0,0,300,0.5,572,0.32,486,0.18,1
9,11,848,0,0,666,0.42,420,0.58,1
10,0,9803,1,0,666,0.42,420,0.58,1
10,1,13869,0,0,500,0.6,1000,0.2,1400,0.2,1
10,2,8050,2,10,5,0,300,0.5,572,0.32,486,0.18,1
10,3,4118,2,10,5,0,666,0.42,420,0.58,1
10,4,7329,1,0,300,0.5,1700,0.5,1
10,5,11830,0,0,666,0.42,420,0.58,1
10,6,10659,2,10,5,0,300,0.5,1700,0.5,1
10,7,9007,0,0,300,0.5,1700,0.5,1
10,8,13224,0,0,666,0.42,420,0.58,1
10,9,12230,0,0,300,0.5,1700,0.5,1
10,10,13888,2,10,5,0,300,0.5,1700,0.5,1
10,11,7651,2,10,5,0,300,0.5,572,0.32,486,0.18,1
11,0,9395,2,10,5,0,500,0.6,1000,0.2,1400,0.2,1
11,1,14220,0,0,300,0.5,1700,0.5,1
11,2,12395,1,0,300,0.5,1700,0.5,1
11,3,4173,2,10,5,0,300,0.5,1700,0.5,1
11,4,12115,1,0,300,0.5,572,0.32,486,0.18,1
11,5,7855,0,0,300,0.5,1700,0.5,1
11,6,14326,0,0,300,0.5,572,0.32,486,0.18,1
11,7,3402,2,10,5,0,666,0.42,420,0.58,1
11,8,10804,2,10,5,0,666,0.42,420,0.58,1
11,9,5046,1,0,300,0.5,1700,0.5,1
11,10,5558,0,0,300,0.5,572,0.32,486,0.18,1
11,11,3462,1,0,666,0.42,420,0.58,1
