0,0,5679,2,10,5,0,500,0.6,1000,0.2,1400,0.2,1
0,1,1175,0,0,666,0.42,420,0.58,1
0,2,5372,0,0,500,0.6,1000,0.2,1400,0.2,1
0,3,140,2,10,5,0,300,0.5,1700,0.5,1
0,4,7075,0,0,300,0.5,1700,0.5,1
0,5,13060,0,0,500,0.6,1000,0.2,1400,0.2,1
0,6,9696,2,10,5,0,500,0.6,1000,0.2,1400,0.2,1
0,7,3723,2,10,5,0,500,0.6,1000,0.2,1400,0.2,1
0,8,1502,0,0,666,0.42,420,0.58,1
0,9,1260,0,0,300,0.5,572,0.32,486,0.18,1
0,10,9682,0,0,666,0.42,420,0.58,1
0,11,4360,1,0,300,0.5,1700,0.5,1
1,0,14417,0,0,300,0.5,1700,0.5,1
1,1,2974,1,0,300,0.5,572,0.32,486,0.18,1
1,2,762,0,0,666,0.42,420,0.58,0
1,3,2789,1,0,500,0.6,1000,0.2,1400,0.2,1
1,4,7871,1,0,300,0.5,1700,0.5,1
1,5,9145,2,10,5,0,500,0.6,1000,0.2,1400,0.2,1
1,6,4724,0,0,300,0.5,572,0.32,486,0.18,1
1,7,3160,1,0,300,0.5,572,0.32,486,0.18,1
1,8,2735,1,0,666,0.42,420,0.58,1
1,9,10194,0,0,300,0.5,1700,0.5,1
1,10,5949,2,10,5,0,666,0.42,420,0.58,1
1,11,13050,0,0,300,0.5,572,0.32,486,0.18,1
2,0,159,2,10,5,0,666,0.42,420,0.58,1
2,1,4659,2,10,5,0,300,0.5,572,0.32,486,0.18,1
2,2,7377,1,0,300,0.5,572,0.32,486,0.18,1
2,3,7081,1,0,300,0.5,1700,0.5,1
2,4,14337,1,0,500,0.6,1000,0.2,1400,0.2,1
2,5,10257,2,10,5,0,300,0.5,1700,0.5,1
2,6,7010,2,10,5,0,300,0.5,1700,0.5,1
2,7,1744,2,10,5,0,666,0.42,420,0.58,1
2,8,13363,0,0,666,0.42,420,0.58,1
2,9,13835,2,10,5,0,300,0.5,1700,0.5,1
2,10,3095,1,0,666,0.42,420,0.58,1
2,11,14886,1,0,300,0.5,1700,0.5,1
3,0,13850,2,10,5,0,300,0.5,572,0.32,486,0.18,1
3,1,12355,1,0,500,0.6,1000,0.2,1400,0.2,1
3,2,1514,2,10,5,0,666,0.42,420,0.58,1
3,3,11387,0,0,666,0.42,420,0.58,1
3,4,7683,2,10,5,0,666,0.42,420,0.58,1
3,5,1103,2,10,5,0,300,0.5,572,0.32,486,0.18,1
3,6,6393,2,10,5,0,300,0.5,1700,0.5,1
3,7,1196,1,0,666,0.42,420,0.58,1
3,8,1952,1,0,300,0.5,572,0.32,486,0.18,1
3,9,3972,2,10,5,0,500,0.6,1000,0.2,1400,0.2,1
3,10,5025,1,0,666,0.42,420,0.58,1
3,11,9269,1,0,500,0.6,1000,0.2,1400,0.2,1
4,0,9398,2,10,5,0,666,0.42,420,0.58,1
4,1,14524,1,0,300,0.5,1700,0.5,1
4,2,8042,1,0,300,0.5,1700,0.5,1
4,3,7669,1,0,300,0.5,1700,0.5,1
4,4,13399,1,0,300,0.5,572,0.32,486,0.18,1
4,5,12016,0,0,500,0.6,1000,0.2,1400,0.2,1
4,6,7806,2,10,5,0,300,0.5,1700,0.5,1
4,7,14474,2,10,5,0,500,0.6,1000,0.2,1400,0.2,1
4,8,4536,0,0,500,0.6,1000,0.2,1400,0.2,1
4,9,4333,1,0,300,0.5,1700,0.5,1
4,10,6772,2,10,5,0,500,0.6,1000,0.2,1400,0.2,1
4,11,877,2,10,5,0,300,0.5,572,0.32,486,0.18,1
5,0,2221,2,10,5,0,300,0.5,1700,0.5,1
5,1,3148,2,10,5,0,300,0.5,572,0.32,486,0.18,1
5,2,6533,2,10,5,0,500,0.6,1000,0.2,1400,0.2,1
5,3,2086,1,0,300,0.5,572,0.32,486,0.18,1
5,4,11011,2,10,5,0,500,0.6,1000,0.2,1400,0.2,1
5,5,9262,1,0,300,0.5,572,0.32,486,0.18,1
5,6,14222,1,0,300,0.5,572,0.32,486,0.18,1
5,7,3435,0,0,300,0.5,572,0.32,486,0.18,1
5,8,12921,0,0,500,0.6,1000,0.2,1400,0.2,1
5,9,11318,2,10,5,0,300,0.5,572,0.32,486,0.18,1
5,10,11869,1,0,300,0.5,1700,0.5,1
5,11,4584,0,0,300,0.5,1700,0.5,1
6,0,14370,0,0,500,0.6,1000,0.2,1400,0.2,1
6,1,6743,2,10,5,0,500,0.6,1000,0.2,1400,0.2,1
6,2,8244,1,0,300,0.5,1700,0.5,1
6,3,14066,0,0,666,0.42,420,0.58,1
6,4,5667,2,10,5,0,300,0.5,572,0.32,486,0.18,1
6,5,3514,0,0,300,0.5,572,0.32,486,0.18,1
6,6,4384,1,0,300,0.5,572,0.32,486,0.18,1
6,7,12392,1,0,300,0.5,1700,0.5,1
6,8,9840,1,0,300,0.5,1700,0.5,1
6,9,12130,0,0,500,0.6,1000,0.2,1400,0.2,1
6,10,2505,1,0,666,0.42,420,0.58,1
6,11,6174,1,0,500,0.6,1000,0.2,1400,0.2,1
7,0,4379,0,0,300,0.5,572,0.32,486,0.18,1
7,1,7280,0,0,300,0.5,572,0.32,486,0.18,1
7,2,4120,2,10,5,0,300,0.5,1700,0.5,1
7,3,12548,1,0,500,0.6,1000,0.2,1400,0.2,1
7,4,10021,0,0,500,0.6,1000,0.2,1400,0.2,1
7,5,8841,1,0,666,0.42,420,0.58,1
7,6,2180,2,10,5,0,300,0.5,1700,0.5,1
7,7,11787,0,0,300,0.5,1700,0.5,1
7,8,5163,1,0,300,0.5,572,0.32,486,0.18,1
7,9,6572,2,10,5,0,300,0.5,1700,0.5,1
7,10,4822,1,0,666,0.42,420,0.58,1
7,11,3955,2,10,5,0,300,0.5,572,0.32,486,0.18,1
8,0,13826,1,0,300,0.5,1700,0.5,1
8,1,8153,0,0,500,0.6,1000,0.2,1400,0.2,1
8,2,7455,2,10,5,0,500,0.6,1000,0.2,1400,0.2,1
8,3,983,1,0,300,0.5,1700,0.5,1
8,4,10008,0,0,666,0.42,420,0.58,1
8,5,5467,1,0,300,0.5,1700,0.5,1
8,6,10786,0,0,666,0.42,420,0.58,1
8,7,3974,2,10,5,0,300,0.5,572,0.32,486,0.18,1
8,8,11218,0,0,666,0.42,420,0.58,1
8,9,13196,2,10,5,0,500,0.6,1000,0.2,1400,0.2,1
8,10,8937,1,0,300,0.5,572,0.32,486,0.18,1
8,11,1001,2,10,5,0,500,0.6,1000,0.2,1400,0.2,1
9,0,6768,0,0,666,0.42,420,0.58,1
9,1,13366,0,0,666,0.42,420,0.58,1
9,2,9764,1,0,666,0.42,420,0.58,1
9,3,12190,1,0,300,0.5,1700,0.5,1
9,4,4957,1,0,300,0.5,1700,0.5,1
9,5,10580,1,0,300,0.5,572,0.32,486,0.18,1
9,6,11359,0,0,300,0.5,1700,0.5,1
9,7,10188,1,0,500,0.6,1000,0.2,1400,0.2,1
9,8,8494,2,10,5,0,500,0.6,1000,0.2,1400,0.2,1
9,9,8245,0,0,500,0.6,1000,0.2,1400,0.2,1
9,10,3076,0,0,666,0.42,420,0.58,1
9,11,10487,0,0,300,0.5,572,0.32,486,0.18,1
10,0,6581,1,0,300,0.5,1700,0.5,1
10,1,11386,2,10,5,0,300,0.5,1700,0.5,1
10,2,13497,1,0,300,0.5,1700,0.5,1
10,3,7924,2,10,5,0,300,0.5,572,0.32,486,0.18,1
10,4,2214,0,0,500,0.6,1000,0.2,1400,0.2,1
10,5,2130,2,10,5,0,300,0.5,572,0.32,486,0.18,1
10,6,10474,2,10,5,0,666,0.42,420,0.58,1
10,7,5627,2,10,5,0,666,0.42,420,0.58,1
10,8,2081,0,0,300,0.5,1700,0.5,1
10,9,10840,2,10,5,0,300,0.5,572,0.32,486,0.18,1
10,10,3408,0,0,300,0.5,572,0.32,486,0.18,1
10,11,14091,2,10,5,0,666,0.42,420,0.58,1
11,0,497,0,0,500,0.6,1000,0.2,1400,0.2,1
11,1,11814,2,10,5,0,300,0.5,1700,0.5,1
11,2,11203,1,0,300,0.5,1700,0.5,1
11,3,8635,2,10,5,0,500,0.6,1000,0.2,1400,0.2,1
11,4,7706,0,0,500,0.6,1000,0.2,1400,0.2,1
11,5,13932,0,0,500,0.6,1000,0.2,1400,0.2,1
11,6,14043,1,0,500,0.6,1000,0.2,1400,0.2,1
11,7,4055,2,10,5,0,300,0.5,572,0.32,486,0.18,1
11,8,11372,2,10,5,0,666,0.42,420,0.58,1
11,9,7768,0,0,666,0.42,420,0.58,1
11,10,2907,0,0,500,0.6,1000,0.2,1400,0.2,1
11,11,5061,0,0,666,0.42,420,0.58,1
