0,0,14737,0,0,300,0.5,1700,0.5,1
0,1,3080,1,0,300,0.5,572,0.32,486,0.18,1
0,2,11784,2,10,5,0,300,0.5,1700,0.5,1
0,3,10591,2,10,5,0,666,0.42,420,0.58,1
0,4,3834,0,0,500,0.6,1000,0.2,1400,0.2,1
0,5,10851,2,10,5,0,500,0.6,1000,0.2,1400,0.2,1
0,6,12820,1,0,300,0.5,572,0.32,486,0.18,1
0,7,1821,2,10,5,0,666,0.42,420,0.58,1
0,8,2732,2,10,5,0,300,0.5,1700,0.5,1
0,9,11351,1,0,666,0.42,420,0.58,1
0,10,7329,0,0,300,0.5,572,0.32,486,0.18,1
0,11,10270,1,0,300,0.5,572,0.32,486,0.18,1
1,0,2502,0,0,666,0.42,420,0.58,1
1,1,13995,2,10,5,0,300,0.5,572,0.32,486,0.18,1
1,2,4976,0,0,300,0.5,572,0.32,486,0.18,0
1,3,713,1,0,300,0.5,572,0.32,486,0.18,1
1,4,9250,2,10,5,0,666,0.42,420,0.58,1
1,5,13345,2,10,5,0,300,0.5,572,0.32,486,0.18,1
1,6,12727,1,0,500,0.6,1000,0.2,1400,0.2,1
1,7,3431,1,0,666,0.42,420,0.58,1
1,8,2571,1,0,300,0.5,1700,0.5,1
1,9,12757,0,0,500,0.6,1000,0.2,1400,0.2,1
1,10,7239,2,10,5,0,300,0.5,572,0.32,486,0.18,1
1,11,13922,1,0,300,0.5,1700,0.5,1
2,0,342,2,10,5,0,666,0.42,420,0.58,1
2,1,2099,2,10,5,0,300,0.5,1700,0.5,1
2,2,4552,1,0,300,0.5,1700,0.5,1
2,3,11131,0,0,300,0.5,572,0.32,486,0.18,1
2,4,1777,1,0,300,0.5,1700,0.5,1
2,5,11882,2,10,5,0,300,0.5,572,0.32,486,0.18,1
2,6,3527,1,0,300,0.5,1700,0.5,1
2,7,6308,0,0,666,0.42,420,0.58,1
2,8,247,2,10,5,0,666,0.42,420,0.58,1
2,9,12358,1,0,300,0.5,1700,0.5,1
2,10,10267,0,0,300,0.5,1700,0.5,1
2,11,13639,0,0,500,0.6,1000,0.2,1400,0.2,1
3,0,8947,2,10,5,0,300,0.5,572,0.32,486,0.18,1
3,1,6584,2,10,5,0,300,0.5,1700,0.5,1
3,2,2698,0,0,300,0.5,1700,0.5,1
3,3,10211,2,10,5,0,500,0.6,1000,0.2,1400,0.2,1
3,4,14076,2,10,5,0,300,0.5,1700,0.5,1
3,5,725,1,0,666,0.42,420,0.58,1
3,6,4570,0,0,666,0.42,420,0.58,1
3,7,11771,1,0,300,0.5,572,0.32,486,0.18,1
3,8,11229,2,10,5,0,666,0.42,420,0.58,1
3,9,8597,0,0,666,0.42,420,0.58,1
3,10,14064,2,10,5,0,666,0.42,420,0.58,1
3,11,11995,0,0,300,0.5,1700,0.5,1
4,0,7917,2,10,5,0,666,0.42,420,0.58,1
4,1,2063,2,10,5,0,666,0.42,420,0.58,1
4,2,2048,1,0,500,0.6,1000,0.2,1400,0.2,1
4,3,14224,1,0,300,0.5,1700,0.5,1
4,4,9292,0,0,500,0.6,1000,0.2,1400,0.2,1
4,5,12733,1,0,300,0.5,1700,0.5,1
4,6,8858,1,0,500,0.6,1000,0.2,1400,0.2,1
4,7,875,0,0,666,0.42,420,0.58,1
4,8,13070,2,10,5,0,666,0.42,420,0.58,1
4,9,9427,1,0,666,0.42,420,0.58,1
4,10,12324,2,10,5,0,666,0.42,420,0.58,1
4,11,7118,1,0,300,0.5,1700,0.5,1
5,0,14647,0,0,300,0.5,1700,0.5,1
5,1,10274,0,0,300,0.5,572,0.32,486,0.18,1
5,2,2981,0,0,300,0.5,572,0.32,486,0.18,1
5,3,12569,2,10,5,0,666,0.42,420,0.58,1
5,4,3040,0,0,500,0.6,1000,0.2,1400,0.2,1
5,5,3003,2,10,5,0,300,0.5,1700,0.5,1
5,6,2714,2,10,5,0,666,0.42,420,0.58,1
5,7,6914,0,0,300,0.5,572,0.32,486,0.18,1
5,8,6982,0,0,666,0.42,420,0.58,1
5,9,13852,1,0,500,0.6,1000,0.2,1400,0.2,1
5,10,10507,0,0,300,0.5,572,0.32,486,0.18,1
5,11,4979,1,0,300,0.5,572,0.32,486,0.18,1
6,0,1693,1,0,300,0.5,1700,0.5,1
6,1,14823,2,10,5,0,666,0.42,420,0.58,1
6,2,3773,0,0,500,0.6,1000,0.2,1400,0.2,1
6,3,5976,2,10,5,0,666,0.42,420,0.58,1
6,4,4494,0,0,500,0.6,1000,0.2,1400,0.2,1
6,5,12962,0,0,500,0.6,1000,0.2,1400,0.2,1
6,6,7859,2,10,5,0,666,0.42,420,0.58,1
6,7,13083,0,0,500,0.6,1000,0.2,1400,0.2,1
6,8,11011,1,0,300,0.5,572,0.32,486,0.18,1
6,9,9818,2,10,5,0,500,0.6,1000,0.2,1400,0.2,1
6,10,349,2,10,5,0,500,0.6,1000,0.2,1400,0.2,1
6,11,8330,1,0,500,0.6,1000,0.2,1400,0.2,1
7,0,14698,0,0,300,0.5,572,0.32,486,0.18,1
7,1,10102,0,0,300,0.5,1700,0.5,1
7,2,167,0,0,500,0.6,1000,0.2,1400,0.2,1
7,3,10304,2,10,5,0,500,0.6,1000,0.2,1400,0.2,1
7,4,12584,2,10,5,0,666,0.42,420,0.58,1
7,5,2273,2,10,5,0,666,0.42,420,0.58,1
7,6,11785,2,10,5,0,500,0.6,1000,0.2,1400,0.2,1
7,7,4475,0,0,666,0.42,420,0.58,1
7,8,12222,2,10,5,0,300,0.5,572,0.32,486,0.18,1
7,9,12874,2,10,5,0,666,0.42,420,0.58,1
7,10,11270,1,0,300,0.5,572,0.32,486,0.18,1
7,11,2872,0,0,300,0.5,572,0.32,486,0.18,1
8,0,3560,0,0,300,0.5,572,0.32,486,0.18,1
8,1,4381,0,0,300,0.5,1700,0.5,1
8,2,10400,0,0,300,0.5,572,0.32,486,0.18,1
8,3,4565,1,0,500,0.6,1000,0.2,1400,0.2,1
8,4,13926,0,0,666,0.42,420,0.58,1
8,5,12999,0,0,300,0.5,1700,0.5,1
8,6,300,0,0,500,0.6,1000,0.2,1400,0.2,1
8,7,5827,1,0,500,0.6,1000,0.2,1400,0.2,1
8,8,6270,1,0,500,0.6,1000,0.2,1400,0.2,1
8,9,2219,0,0,300,0.5,1700,0.5,1
8,10,9474,0,0,500,0.6,1000,0.2,1400,0.2,1
8,11,11223,0,0,300,0.5,572,0.32,486,0.18,1
9,0,9969,1,0,300,0.5,1700,0.5,1
9,1,6316,1,0,300,0.5,1700,0.5,1
9,2,2544,2,10,5,0,300,0.5,1700,0.5,1
9,3,5996,0,0,500,0.6,1000,0.2,1400,0.2,1
9,4,14730,0,0,500,0.6,1000,0.2,1400,0.2,1
9,5,14366,0,0,666,0.42,420,0.58,1
9,6,4643,2,10,5,0,500,0.6,1000,0.2,1400,0.2,1
9,7,1673,0,0,300,0.5,1700,0.5,1
9,8,13745,0,0,300,0.5,572,0.32,486,0.18,1
9,9,7097,2,10,5,0,666,0.42,420,0.58,1
9,10,12919,1,0,666,0.42,420,0.58,1
9,11,3122,0,0,666,0.42,420,0.58,1
10,0,7347,1,0,300,0.5,572,0.32,486,0.18,1
10,1,53,0,0,300,0.5,572,0.32,486,0.18,1
10,2,4550,1,0,666,0.42,420,0.58,1
10,3,5209,2,10,5,0,300,0.5,1700,0.5,1
10,4,2875,1,0,300,0.5,1700,0.5,1
10,5,564,0,0,300,0.5,1700,0.5,1
10,6,5257,0,0,666,0.42,420,0.58,1
10,7,9067,1,0,666,0.42,420,0.58,1
10,8,12274,2,10,5,0,666,0.42,420,0.58,1
10,9,10294,0,0,500,0.6,1000,0.2,1400,0.2,1
10,10,14332,2,10,5,0,666,0.42,420,0.58,1
10,11,1639,2,10,5,0,666,0.42,420,0.58,1
11,0,8675,1,0,666,0.42,420,0.58,1
11,1,6061,0,0,666,0.42,420,0.58,1
11,2,14588,1,0,300,0.5,572,0.32,486,0.18,1
11,3,7170,0,0,300,0.5,572,0.32,486,0.18,1
11,4,940,1,0,500,0.6,1000,0.2,1400,0.2,1
11,5,1914,1,0,666,0.42,420,0.58,1
11,6,2579,1,0,300,0.5,572,0.32,486,0.18,1
11,7,86,1,0,666,0.42,420,0.58,1
11,8,3022,2,10,5,0,300,0.5,1700,0.5,1
11,9,8534,0,0,666,0.42,420,0.58,1
11,10,3390,0,0,300,0.5,1700,0.5,1
11,11,4765,0,0,500,0.6,1000,0.2,1400,0.2,1
