0,0,12304,1,0,500,0.6,1000,0.2,1400,0.2,1
0,1,341,2,10,5,0,666,0.42,420,0.58,1
0,2,13295,0,0,500,0.6,1000,0.2,1400,0.2,1
0,3,5641,1,0,666,0.42,420,0.58,1
0,4,8720,0,0,666,0.42,420,0.58,1
0,5,14137,2,10,5,0,500,0.6,1000,0.2,1400,0.2,1
0,6,3194,1,0,300,0.5,572,0.32,486,0.18,1
0,7,14732,1,0,500,0.6,1000,0.2,1400,0.2,1
0,8,591,1,0,300,0.5,572,0.32,486,0.18,1
0,9,12879,2,10,5,0,300,0.5,572,0.32,486,0.18,1
0,10,1108,0,0,666,0.42,420,0.58,1
0,11,3202,2,10,5,0,500,0.6,1000,0.2,1400,0.2,1
1,0,13433,1,0,300,0.5,572,0.32,486,0.18,1
1,1,8841,0,0,500,0.6,1000,0.2,1400,0.2,1
1,2,6474,0,0,300,0.5,572,0.32,486,0.18,0
1,3,14614,0,0,300,0.5,1700,0.5,1
1,4,1375,1,0,300,0.5,572,0.32,486,0.18,1
1,5,11079,0,0,300,0.5,572,0.32,486,0.18,1
1,6,13520,0,0,500,0.6,1000,0.2,1400,0.2,1
1,7,9260,0,0,500,0.6,1000,0.2,1400,0.2,1
1,8,6320,1,0,300,0.5,1700,0.5,1
1,9,6199,2,10,5,0,300,0.5,572,0.32,486,0.18,1
1,10,2829,0,0,666,0.42,420,0.58,1
1,11,1669,1,0,666,0.42,420,0.58,1
2,0,12202,0,0,300,0.5,572,0.32,486,0.18,1
2,1,10563,1,0,300,0.5,1700,0.5,1
2,2,6593,0,0,300,0.5,1700,0.5,1
2,3,4259,1,0,666,0.42,420,0.58,1
2,4,2051,1,0,300,0.5,1700,0.5,1
2,5,995,0,0,300,0.5,572,0.32,486,0.18,1
2,6,9350,1,0,300,0.5,1700,0.5,1
2,7,3372,1,0,300,0.5,1700,0.5,1
2,8,5443,2,10,5,0,500,0.6,1000,0.2,1400,0.2,1
2,9,2252,2,10,5,0,300,0.5,1700,0.5,1
2,10,4473,2,10,5,0,666,0.42,420,0.58,1
2,11,14211,2,10,5,0,300,0.5,1700,0.5,1
3,0,4856,1,0,500,0.6,1000,0.2,1400,0.2,1
3,1,805,0,0,300,0.5,572,0.32,486,0.18,1
3,2,14907,2,10,5,0,300,0.5,1700,0.5,1
3,3,5355,1,0,300,0.5,1700,0.5,1
3,4,12653,0,0,300,0.5,572,0.32,486,0.18,1
3,5,14911,0,0,500,0.6,1000,0.2,1400,0.2,1
3,6,2865,2,10,5,0,300,0.5,572,0.32,486,0.18,1
3,7,2076,1,0,300,0.5,572,0.32,486,0.18,1
3,8,1837,2,10,5,0,300,0.5,572,0.32,486,0.18,1
3,9,8651,1,0,666,0.42,420,0.58,1
3,10,4767,2,10,5,0,666,0.42,420,0.58,1
3,11,10071,0,0,300,0.5,572,0.32,486,0.18,1
4,0,13869,0,0,300,0.5,1700,0.5,1
4,1,3269,0,0,300,0.5,1700,0.5,1
4,2,1070,0,0,300,0.5,572,0.32,486,0.18,1
4,3,6937,1,0,666,0.42,420,0.58,1
4,4,14147,1,0,300,0.5,572,0.32,486,0.18,1
4,5,450,1,0,300,0.5,572,0.32,486,0.18,1
4,6,361,1,0,300,0.5,1700,0.5,1
4,7,2368,0,0,300,0.5,1700,0.5,1
4,8,10482,2,10,5,0,666,0.42,420,0.58,1
4,9,2587,0,0,666,0.42,420,0.58,1
4,10,14194,1,0,300,0.5,572,0.32,486,0.18,1
4,11,10623,1,0,500,0.6,1000,0.2,1400,0.2,1
5,0,10761,0,0,666,0.42,420,0.58,1
5,1,14134,1,0,300,0.5,572,0.32,486,0.18,1
5,2,6433,2,10,5,0,666,0.42,420,0.58,1
5,3,12583,1,0,300,0.5,1700,0.5,1
5,4,11896,2,10,5,0,500,0.6,1000,0.2,1400,0.2,1
5,5,770,1,0,300,0.5,1700,0.5,1
5,6,11453,0,0,666,0.42,420,0.58,1
5,7,5425,2,10,5,0,500,0.6,1000,0.2,1400,0.2,1
5,8,9879,0,0,300,0.5,1700,0.5,1
5,9,12462,0,0,300,0.5,1700,0.5,1
5,10,9373,2,10,5,0,300,0.5,1700,0.5,1
5,11,11251,0,0,500,0.6,1000,0.2,1400,0.2,1
6,0,77,2,10,5,0,300,0.5,572,0.32,486,0.18,1
6,1,5962,0,0,500,0.6,1000,0.2,1400,0.2,1
6,2,13182,2,10,5,0,300,0.5,1700,0.5,1
6,3,6038,2,10,5,0,500,0.6,1000,0.2,1400,0.2,1
6,4,4477,2,10,5,0,500,0.6,1000,0.2,1400,0.2,1
6,5,4173,2,10,5,0,300,0.5,572,0.32,486,0.18,1
6,6,2843,1,0,300,0.5,1700,0.5,1
6,7,2756,1,0,500,0.6,1000,0.2,1400,0.2,1
6,8,11294,2,10,5,0,300,0.5,1700,0.5,1
6,9,10913,0,0,500,0.6,1000,0.2,1400,0.2,1
6,10,12555,0,0,500,0.6,1000,0.2,1400,0.2,1
6,11,533,2,10,5,0,300,0.5,572,0.32,486,0.18,1
7,0,1642,1,0,666,0.42,420,0.58,1
7,1,7587,1,0,300,0.5,1700,0.5,1
7,2,659,2,10,5,0,300,0.5,1700,0.5,1
7,3,8721,2,10,5,0,500,0.6,1000,0.2,1400,0.2,1
7,4,8166,1,0,666,0.42,420,0.58,1
7,5,11213,0,0,500,0.6,1000,0.2,1400,0.2,1
7,6,1352,1,0,300,0.5,572,0.32,486,0.18,1
7,7,14676,0,0,300,0.5,572,0.32,486,0.18,1
7,8,9958,2,10,5,0,500,0.6,1000,0.2,1400,0.2,1
7,9,541,2,10,5,0,300,0.5,572,0.32,486,0.18,1
7,10,5902,2,10,5,0,300,0.5,1700,0.5,1
7,11,1595,0,0,300,0.5,1700,0.5,1
8,0,8181,2,10,5,0,666,0.42,420,0.58,1
8,1,898,1,0,500,0.6,1000,0.2,1400,0.2,1
8,2,2169,0,0,500,0.6,1000,0.2,1400,0.2,1
8,3,11203,1,0,300,0.5,1700,0.5,1
8,4,2602,1,0,300,0.5,1700,0.5,1
8,5,11367,0,0,300,0.5,1700,0.5,1
8,6,9116,2,10,5,0,300,0.5,572,0.32,486,0.18,1
8,7,8354,2,10,5,0,500,0.6,1000,0.2,1400,0.2,1
8,8,7574,0,0,300,0.5,572,0.32,486,0.18,1
8,9,7774,2,10,5,0,500,0.6,1000,0.2,1400,0.2,1
8,10,8899,2,10,5,0,666,0.42,420,0.58,1
8,11,10302,2,10,5,0,666,0.42,420,0.58,1
9,0,9809,0,0,300,0.5,572,0.32,486,0.18,1
9,1,3487,2,10,5,0,666,0.42,420,0.58,1
9,2,6279,0,0,666,0.42,420,0.58,1
9,3,7542,1,0,300,0.5,1700,0.5,1
9,4,8997,2,10,5,0,500,0.6,1000,0.2,1400,0.2,1
9,5,13200,2,10,5,0,300,0.5,1700,0.5,1
9,6,13388,0,0,666,0.42,420,0.58,1
9,7,14834,1,0,300,0.5,572,0.32,486,0.18,1
9,8,9757,1,0,300,0.5,1700,0.5,1
9,9,8970,1,0,300,0.5,1700,0.5,1
9,10,8982,1,0,666,0.42,420,0.58,1
9,11,2797,1,0,300,0.5,572,0.32,486,0.18,1
10,0,45,0,0,300,0.5,1700,0.5,1
10,1,12241,0,0,300,0.5,572,0.32,486,0.18,1
10,2,3839,1,0,666,0.42,420,0.58,1
10,3,12615,0,0,300,0.5,572,0.32,486,0.18,1
10,4,6497,0,0,300,0.5,1700,0.5,1
10,5,14937,2,10,5,0,300,0.5,572,0.32,486,0.18,1
10,6,8525,0,0,500,0.6,1000,0.2,1400,0.2,1
10,7,14152,1,0,500,0.6,1000,0.2,1400,0.2,1
10,8,1989,1,0,300,0.5,1700,0.5,1
10,9,6055,2,10,5,0,300,0.5,1700,0.5,1
10,10,12670,1,0,500,0.6,1000,0.2,1400,0.2,1
10,11,8610,1,0,300,0.5,572,0.32,486,0.18,1
11,0,2421,2,10,5,0,300,0.5,572,0.32,486,0.18,1
11,1,2714,0,0,300,0.5,1700,0.5,1
11,2,7799,1,0,500,0.6,1000,0.2,1400,0.2,1
11,3,8290,1,0,300,0.5,572,0.32,486,0.18,1
11,4,791,1,0,300,0.5,1700,0.5,1
11,5,11422,2,10,5,0,500,0.6,1000,0.2,1400,0.2,1
11,6,9753,1,0,300,0.5,572,0.32,486,0.18,1
11,7,11097,1,0,666,0.42,420,0.58,1
11,8,11309,0,0,500,0.6,1000,0.2,1400,0.2,1
11,9,5675,2,10,5,0,500,0.6,1000,0.2,1400,0.2,1
11,10,5859,2,10,5,0,500,0.6,1000,0.2,1400,0.2,1
11,11,1180,1,0,500,0.6,1000,0.2,1400,0.2,1
