0,0,2945,1,0,300,0.5,1700,0.5,1
0,1,13248,0,0,300,0.5,572,0.32,486,0.18,1
0,2,8986,1,0,666,0.42,420,0.58,1
0,3,11790,1,0,300,0.5,572,0.32,486,0.18,1
0,4,12450,2,10,5,0,300,0.5,572,0.32,486,0.18,1
0,5,9209,1,0,300,0.5,572,0.32,486,0.18,1
0,6,3748,2,10,5,0,300,0.5,572,0.32,486,0.18,1
0,7,10169,1,0,300,0.5,572,0.32,486,0.18,1
0,8,14667,0,0,300,0.5,572,0.32,486,0.18,1
0,9,4037,0,0,300,0.5,1700,0.5,1
0,10,2567,2,10,5,0,666,0.42,420,0.58,1
0,11,5428,2,10,5,0,300,0.5,1700,0.5,1
1,0,7670,0,0,300,0.5,572,0.32,486,0.18,1
1,1,14679,2,10,5,0,300,0.5,1700,0.5,1
1,2,2732,0,0,300,0.5,1700,0.5,0
1,3,7656,1,0,300,0.5,1700,0.5,1
1,4,8418,0,0,666,0.42,420,0.58,1
1,5,11529,2,10,5,0,666,0.42,420,0.58,1
1,6,11938,2,10,5,0,300,0.5,1700,0.5,1
1,7,4186,0,0,300,0.5,572,0.32,486,0.18,1
1,8,5880,2,10,5,0,300,0.5,1700,0.5,1
1,9,8200,0,0,300,0.5,1700,0.5,1
1,10,9220,1,0,500,0.6,1000,0.2,1400,0.2,1
1,11,10958,2,10,5,0,300,0.5,572,0.32,486,0.18,1
2,0,5833,0,0,300,0.5,572,0.32,486,0.18,1
2,1,7072,0,0,300,0.5,572,0.32,486,0.18,1
2,2,4530,2,10,5,0,500,0.6,1000,0.2,1400,0.2,1
2,3,12846,1,0,500,0.6,1000,0.2,1400,0.2,1
2,4,604,0,0,666,0.42,420,0.58,1
2,5,6391,2,10,5,0,666,0.42,420,0.58,1
2,6,13096,1,0,500,0.6,1000,0.2,1400,0.2,1
2,7,9164,2,10,5,0,300,0.5,1700,0.5,1
2,8,12261,1,0,666,0.42,420,0.58,1
2,9,5918,1,0,666,0.42,420,0.58,1
2,10,10382,2,10,5,0,300,0.5,572,0.32,486,0.18,1
2,11,13132,2,10,5,0,300,0.5,1700,0.5,1
3,0,10372,1,0,300,0.5,1700,0.5,1
3,1,12076,2,10,5,0,300,0.5,572,0.32,486,0.18,1
3,2,13585,0,0,666,0.42,420,0.58,1
3,3,5491,0,0,300,0.5,1700,0.5,1
3,4,10940,0,0,300,0.5,572,0.32,486,0.18,1
3,5,6842,0,0,300,0.5,572,0.32,486,0.18,1
3,6,6289,0,0,666,0.42,420,0.58,1
3,7,13889,0,0,500,0.6,1000,0.2,1400,0.2,1
3,8,954,1,0,666,0.42,420,0.58,1
3,9,10468,0,0,500,0.6,1000,0.2,1400,0.2,1
3,10,4459,0,0,300,0.5,1700,0.5,1
3,11,9979,2,10,5,0,666,0.42,420,0.58,1
4,0,12296,0,0,300,0.5,572,0.32,486,0.18,1
4,1,4875,1,0,500,0.6,1000,0.2,1400,0.2,1
4,2,14380,1,0,300,0.5,1700,0.5,1
4,3,6684,0,0,300,0.5,1700,0.5,1
4,4,9595,1,0,666,0.42,420,0.58,1
4,5,9256,1,0,300,0.5,1700,0.5,1
4,6,14335,2,10,5,0,300,0.5,572,0.32,486,0.18,1
4,7,10020,2,10,5,0,300,0.5,572,0.32,486,0.18,1
4,8,2930,1,0,500,0.6,1000,0.2,1400,0.2,1
4,9,143,1,0,500,0.6,1000,0.2,1400,0.2,1
4,10,12762,0,0,500,0.6,1000,0.2,1400,0.2,1
4,11,8905,0,0,666,0.42,420,0.58,1
5,0,3910,2,10,5,0,666,0.42,420,0.58,1
5,1,1630,1,0,666,0.42,420,0.58,1
5,2,12807,0,0,300,0.5,572,0.32,486,0.18,1
5,3,13540,2,10,5,0,300,0.5,572,0.32,486,0.18,1
5,4,4890,0,0,666,0.42,420,0.58,1
5,5,221,1,0,666,0.42,420,0.58,1
5,6,819,1,0,500,0.6,1000,0.2,1400,0.2,1
5,7,8840,1,0,666,0.42,420,0.58,1
5,8,6036,1,0,300,0.5,1700,0.5,1
5,9,10824,2,10,5,0,300,0.5,572,0.32,486,0.18,1
5,10,12226,2,10,5,0,666,0.42,420,0.58,1
5,11,7803,2,10,5,0,300,0.5,1700,0.5,1
6,0,1019,1,0,300,0.5,572,0.32,486,0.18,1
6,1,1073,2,10,5,0,666,0.42,420,0.58,1
6,2,9449,1,0,500,0.6,1000,0.2,1400,0.2,1
6,3,3457,2,10,5,0,666,0.42,420,0.58,1
6,4,13910,0,0,666,0.42,420,0.58,1
6,5,11492,0,0,666,0.42,420,0.58,1
6,6,12991,1,0,300,0.5,1700,0.5,1
6,7,240,0,0,300,0.5,1700,0.5,1
6,8,12582,2,10,5,0,500,0.6,1000,0.2,1400,0.2,1
6,9,709,0,0,300,0.5,572,0.32,486,0.18,1
6,10,12465,1,0,666,0.42,420,0.58,1
6,11,6322,0,0,500,0.6,1000,0.2,1400,0.2,1
7,0,8145,2,10,5,0,666,0.42,420,0.58,1
7,1,7502,0,0,300,0.5,572,0.32,486,0.18,1
7,2,2966,2,10,5,0,300,0.5,572,0.32,486,0.18,1
7,3,34,0,0,300,0.5,572,0.32,486,0.18,1
7,4,541,1,0,500,0.6,1000,0.2,1400,0.2,1
7,5,3808,0,0,300,0.5,1700,0.5,1
7,6,849,2,10,5,0,300,0.5,1700,0.5,1
7,7,1004,1,0,300,0.5,572,0.32,486,0.18,1
7,8,9721,2,10,5,0,300,0.5,572,0.32,486,0.18,1
7,9,1545,2,10,5,0,500,0.6,1000,0.2,1400,0.2,1
7,10,10286,0,0,300,0.5,572,0.32,486,0.18,1
7,11,5865,0,0,666,0.42,420,0.58,1
8,0,707,1,0,300,0.5,572,0.32,486,0.18,1
8,1,891,1,0,300,0.5,572,0.32,486,0.18,1
8,2,9498,1,0,300,0.5,1700,0.5,1
8,3,84,2,10,5,0,666,0.42,420,0.58,1
8,4,2197,1,0,666,0.42,420,0.58,1
8,5,12818,1,0,300,0.5,572,0.32,486,0.18,1
8,6,514,0,0,300,0.5,1700,0.5,1
8,7,12427,1,0,500,0.6,1000,0.2,1400,0.2,1
8,8,14026,0,0,300,0.5,572,0.32,486,0.18,1
8,9,10956,0,0,666,0.42,420,0.58,1
8,10,5479,0,0,300,0.5,1700,0.5,1
8,11,673,2,10,5,0,300,0.5,572,0.32,486,0.18,1
9,0,3777,2,10,5,0,300,0.5,1700,0.5,1
9,1,10468,0,0,500,0.6,1000,0.2,1400,0.2,1
9,2,5138,1,0,500,0.6,1000,0.2,1400,0.2,1
9,3,2318,0,0,666,0.42,420,0.58,1
9,4,13691,2,10,5,0,500,0.6,1000,0.2,1400,0.2,1
9,5,13553,2,10,5,0,300,0.5,1700,0.5,1
9,6,10121,1,0,666,0.42,420,0.58,1
9,7,3144,2,10,5,0,300,0.5,1700,0.5,1
9,8,9027,2,10,5,0,666,0.42,420,0.58,1
9,9,14559,2,10,5,0,300,0.5,572,0.32,486,0.18,1
9,10,5691,1,0,500,0.6,1000,0.2,1400,0.2,1
9,11,7163,0,0,300,0.5,572,0.32,486,0.18,1
10,0,4439,0,0,666,0.42,420,0.58,1
10,1,1486,0,0,666,0.42,420,0.58,1
10,2,444,2,10,5,0,666,0.42,420,0.58,1
10,3,4272,0,0,300,0.5,1700,0.5,1
10,4,13257,2,10,5,0,300,0.5,1700,0.5,1
10,5,12017,0,0,666,0.42,420,0.58,1
10,6,3353,1,0,300,0.5,572,0.32,486,0.18,1
10,7,14887,1,0,300,0.5,572,0.32,486,0.18,1
10,8,11266,0,0,500,0.6,1000,0.2,1400,0.2,1
10,9,9038,1,0,300,0.5,1700,0.5,1
10,10,8809,0,0,300,0.5,572,0.32,486,0.18,1
10,11,11054,1,0,500,0.6,1000,0.2,1400,0.2,1
11,0,9046,2,10,5,0,500,0.6,1000,0.2,1400,0.2,1
11,1,10488,2,10,5,0,500,0.6,1000,0.2,1400,0.2,1
11,2,3126,0,0,300,0.5,1700,0.5,1
11,3,12739,0,0,666,0.42,420,0.58,1
11,4,248,0,0,300,0.5,1700,0.5,1
11,5,1487,2,10,5,0,500,0.6,1000,0.2,1400,0.2,1
11,6,7990,1,0,500,0.6,1000,0.2,1400,0.2,1
11,7,5400,0,0,500,0.6,1000,0.2,1400,0.2,1
11,8,3431,0,0,300,0.5,1700,0.5,1
11,9,8737,2,10,5,0,300,0.5,572,0.32,486,0.18,1
11,10,4501,0,0,666,0.42,420,0.58,1
11,11,14399,0,0,300,0.5,1700,0.5,1
