0,0,386,1,0,300,0.5,1700,0.5,1
0,1,7539,2,10,5,0,300,0.5,1700,0.5,1
0,2,8475,1,0,666,0.42,420,0.58,1
0,3,9393,1,0,666,0.42,420,0.58,1
0,4,5014,0,0,300,0.5,1700,0.5,1
0,5,6125,0,0,500,0.6,1000,0.2,1400,0.2,1
0,6,3673,2,10,5,0,666,0.42,420,0.58,1
0,7,5238,1,0,500,0.6,1000,0.2,1400,0.2,1
0,8,12052,2,10,5,0,300,0.5,1700,0.5,1
0,9,5913,1,0,666,0.42,420,0.58,1
0,10,7240,0,0,666,0.42,420,0.58,1
0,11,659,1,0,666,0.42,420,0.58,1
1,0,8399,2,10,5,0,666,0.42,420,0.58,1
1,1,5275,2,10,5,0,500,0.6,1000,0.2,1400,0.2,1
1,2,10265,2,10,5,0,300,0.5,1700,0.5,0
1,3,5044,2,10,5,0,300,0.5,1700,0.5,1
1,4,8970,0,0,300,0.5,1700,0.5,1
1,5,14353,1,0,300,0.5,1700,0.5,1
1,6,6086,1,0,500,0.6,1000,0.2,1400,0.2,1
1,7,8180,1,0,666,0.42,420,0.58,1
1,8,4339,0,0,666,0.42,420,0.58,1
1,9,6778,0,0,300,0.5,1700,0.5,1
1,10,13047,0,0,666,0.42,420,0.58,1
1,11,2944,2,10,5,0,500,0.6,1000,0.2,1400,0.2,1
2,0,10299,1,0,500,0.6,1000,0.2,1400,0.2,1
2,1,11638,1,0,666,0.42,420,0.58,1
2,2,9761,0,0,666,0.42,420,0.58,1
2,3,1396,2,10,5,0,500,0.6,1000,0.2,1400,0.2,1
2,4,10833,0,0,666,0.42,420,0.58,1
2,5,2029,2,10,5,0,666,0.42,420,0.58,1
2,6,2534,2,10,5,0,300,0.5,572,0.32,486,0.18,1
2,7,12149,1,0,666,0.42,420,0.58,1
2,8,1149,2,10,5,0,300,0.5,572,0.32,486,0.18,1
2,9,13774,1,0,300,0.5,1700,0.5,1
2,10,10917,0,0,300,0.5,572,0.32,486,0.18,1
2,11,9254,1,0,300,0.5,572,0.32,486,0.18,1
3,0,7947,2,10,5,0,666,0.42,420,0.58,1
3,1,712,1,0,500,0.6,1000,0.2,1400,0.2,1
3,2,9064,0,0,300,0.5,572,0.32,486,0.18,1
3,3,3732,1,0,666,0.42,420,0.58,1
3,4,7999,1,0,300,0.5,1700,0.5,1
3,5,14754,2,10,5,0,666,0.42,420,0.58,1
3,6,3321,1,0,666,0.42,420,0.58,1
3,7,7196,0,0,666,0.42,420,0.58,1
3,8,9035,1,0,300,0.5,572,0.32,486,0.18,1
3,9,1308,2,10,5,0,300,0.5,1700,0.5,1
3,10,4749,0,0,300,0.5,1700,0.5,1
3,11,7281,2,10,5,0,666,0.42,420,0.58,1
4,0,3981,1,0,500,0.6,1000,0.2,1400,0.2,1
4,1,9207,1,0,300,0.5,1700,0.5,1
4,2,1041,0,0,300,0.5,1700,0.5,1
4,3,8145,2,10,5,0,666,0.42,420,0.58,1
4,4,5687,0,0,300,0.5,572,0.32,486,0.18,1
4,5,7082,2,10,5,0,300,0.5,1700,0.5,1
4,6,5148,0,0,500,0.6,1000,0.2,1400,0.2,1
4,7,5563,2,10,5,0,300,0.5,1700,0.5,1
4,8,13746,2,10,5,0,300,0.5,572,0.32,486,0.18,1
4,9,895,0,0,666,0.42,420,0.58,1
4,10,14618,2,10,5,0,300,0.5,1700,0.5,1
4,11,8008,2,10,5,0,500,0.6,1000,0.2,1400,0.2,1
5,0,2326,0,0,666,0.42,420,0.58,1
5,1,95,0,0,500,0.6,1000,0.2,1400,0.2,1
5,2,1296,2,10,5,0,300,0.5,572,0.32,486,0.18,1
5,3,4173,0,0,500,0.6,1000,0.2,1400,0.2,1
5,4,4363,2,10,5,0,300,0.5,572,0.32,486,0.18,1
5,5,4687,0,0,300,0.5,1700,0.5,1
5,6,128,2,10,5,0,300,0.5,1700,0.5,1
5,7,12280,2,10,5,0,500,0.6,1000,0.2,1400,0.2,1
5,8,595,2,10,5,0,300,0.5,1700,0.5,1
5,9,4581,1,0,300,0.5,572,0.32,486,0.18,1
5,10,3850,2,10,5,0,666,0.42,420,0.58,1
5,11,6716,0,0,300,0.5,1700,0.5,1
6,0,5348,0,0,666,0.42,420,0.58,1
6,1,2704,2,10,5,0,666,0.42,420,0.58,1
6,2,10939,0,0,666,0.42,420,0.58,1
6,3,7597,2,10,5,0,500,0.6,1000,0.2,1400,0.2,1
6,4,1479,2,10,5,0,500,0.6,1000,0.2,1400,0.2,1
6,5,10778,2,10,5,0,666,0.42,420,0.58,1
6,6,1755,2,10,5,0,500,0.6,1000,0.2,1400,0.2,1
6,7,4367,0,0,300,0.5,1700,0.5,1
6,8,5556,1,0,300,0.5,1700,0.5,1
6,9,8427,2,10,5,0,500,0.6,1000,0.2,1400,0.2,1
6,10,14092,0,0,500,0.6,1000,0.2,1400,0.2,1
6,11,1391,1,0,500,0.6,1000,0.2,1400,0.2,1
7,0,457,2,10,5,0,300,0.5,572,0.32,486,0.18,1
7,1,9830,2,10,5,0,666,0.42,420,0.58,1
7,2,12378,0,0,666,0.42,420,0.58,1
7,3,11069,2,10,5,0,500,0.6,1000,0.2,1400,0.2,1
7,4,5671,1,0,300,0.5,1700,0.5,1
7,5,416,1,0,300,0.5,1700,0.5,1
7,6,13981,0,0,500,0.6,1000,0.2,1400,0.2,1
7,7,8574,0,0,666,0.42,420,0.58,1
7,8,9078,1,0,666,0.42,420,0.58,1
7,9,988,2,10,5,0,300,0.5,1700,0.5,1
7,10,4652,1,0,666,0.42,420,0.58,1
7,11,4896,2,10,5,0,300,0.5,572,0.32,486,0.18,1
8,0,11696,1,0,500,0.6,1000,0.2,1400,0.2,1
8,1,196,1,0,300,0.5,1700,0.5,1
8,2,13655,1,0,666,0.42,420,0.58,1
8,3,11754,0,0,666,0.42,420,0.58,1
8,4,4353,2,10,5,0,500,0.6,1000,0.2,1400,0.2,1
8,5,10529,1,0,300,0.5,1700,0.5,1
8,6,10458,0,0,300,0.5,572,0.32,486,0.18,1
8,7,7848,2,10,5,0,666,0.42,420,0.58,1
8,8,12244,2,10,5,0,500,0.6,1000,0.2,1400,0.2,1
8,9,4781,1,0,666,0.42,420,0.58,1
8,10,3470,2,10,5,0,666,0.42,420,0.58,1
8,11,6730,0,0,300,0.5,1700,0.5,1
9,0,6924,1,0,300,0.5,1700,0.5,1
9,1,6280,1,0,300,0.5,1700,0.5,1
9,2,12319,1,0,300,0.5,572,0.32,486,0.18,1
9,3,9932,1,0,300,0.5,1700,0.5,1
9,4,3497,1,0,666,0.42,420,0.58,1
9,5,3094,2,10,5,0,300,0.5,572,0.32,486,0.18,1
9,6,8706,2,10,5,0,666,0.42,420,0.58,1
9,7,9572,0,0,500,0.6,1000,0.2,1400,0.2,1
9,8,14697,0,0,500,0.6,1000,0.2,1400,0.2,1
9,9,5949,0,0,500,0.6,1000,0.2,1400,0.2,1
9,10,7042,2,10,5,0,500,0.6,1000,0.2,1400,0.2,1
9,11,9779,1,0,300,0.5,1700,0.5,1
10,0,12353,2,10,5,0,300,0.5,572,0.32,486,0.18,1
10,1,4256,1,0,666,0.42,420,0.58,1
10,2,10035,1,0,500,0.6,1000,0.2,1400,0.2,1
10,3,902,0,0,666,0.42,420,0.58,1
10,4,1991,0,0,666,0.42,420,0.58,1
10,5,5401,2,10,5,0,300,0.5,572,0.32,486,0.18,1
10,6,5368,2,10,5,0,500,0.6,1000,0.2,1400,0.2,1
10,7,14349,0,0,666,0.42,420,0.58,1
10,8,13056,0,0,500,0.6,1000,0.2,1400,0.2,1
10,9,6448,1,0,300,0.5,1700,0.5,1
10,10,1804,1,0,300,0.5,572,0.32,486,0.18,1
10,11,14774,0,0,300,0.5,1700,0.5,1
11,0,7634,1,0,300,0.5,1700,0.5,1
11,1,3978,2,10,5,0,300,0.5,1700,0.5,1
11,2,3529,1,0,666,0.42,420,0.58,1
11,3,9094,0,0,666,0.42,420,0.58,1
11,4,6158,1,0,666,0.42,420,0.58,1
11,5,635,1,0,500,0.6,1000,0.2,1400,0.2,1
11,6,6733,0,0,300,0.5,572,0.32,486,0.18,1
11,7,13773,0,0,300,0.5,572,0.32,486,0.18,1
11,8,1472,2,10,5,0,500,0.6,1000,0.2,1400,0.2,1
11,9,4741,1,0,666,0.42,420,0.58,1
11,10,9716,0,0,300,0.5,1700,0.5,1
11,11,803,2,10,5,0,500,0.6,1000,0.2,1400,0.2,1
