0,0,8101,0,0,500,0.6,1000,0.2,1400,0.2,1
0,1,7314,1,0,666,0.42,420,0.58,1
0,2,11140,0,0,500,0.6,1000,0.2,1400,0.2,1
0,3,2537,0,0,300,0.5,572,0.32,486,0.18,1
0,4,4643,2,10,5,0,500,0.6,1000,0.2,1400,0.2,1
0,5,3040,1,0,300,0.5,1700,0.5,1
0,6,11223,1,0,666,0.42,420,0.58,1
0,7,8303,0,0,300,0.5,1700,0.5,1
0,8,11134,0,0,300,0.5,1700,0.5,1
0,9,7200,2,10,5,0,666,0.42,420,0.58,1
0,10,3768,1,0,666,0.42,420,0.58,1
0,11,9637,2,10,5,0,300,0.5,572,0.32,486,0.18,1
1,0,4653,1,0,500,0.6,1000,0.2,1400,0.2,1
1,1,5574,0,0,500,0.6,1000,0.2,1400,0.2,1
1,2,409,0,0,300,0.5,1700,0.5,0
1,3,14303,2,10,5,0,300,0.5,1700,0.5,1
1,4,10880,1,0,666,0.42,420,0.58,1
1,5,2388,1,0,500,0.6,1000,0.2,1400,0.2,1
1,6,1564,2,10,5,0,300,0.5,572,0.32,486,0.18,1
1,7,9414,0,0,300,0.5,1700,0.5,1
1,8,6030,0,0,500,0.6,1000,0.2,1400,0.2,1
1,9,384,1,0,300,0.5,1700,0.5,1
1,10,12110,0,0,300,0.5,1700,0.5,1
1,11,1450,0,0,300,0.5,572,0.32,486,0.18,1
2,0,4252,2,10,5,0,300,0.5,572,0.32,486,0.18,1
2,1,5903,0,0,500,0.6,1000,0.2,1400,0.2,1
2,2,7710,1,0,300,0.5,572,0.32,486,0.18,1
2,3,5287,2,10,5,0,300,0.5,572,0.32,486,0.18,1
2,4,12123,0,0,300,0.5,1700,0.5,1
2,5,5999,0,0,500,0.6,1000,0.2,1400,0.2,1
2,6,3431,2,10,5,0,300,0.5,572,0.32,486,0.18,1
2,7,11130,0,0,666,0.42,420,0.58,1
2,8,7437,2,10,5,0,300,0.5,572,0.32,486,0.18,1
2,9,719,0,0,500,0.6,1000,0.2,1400,0.2,1
2,10,12034,2,10,5,0,300,0.5,572,0.32,486,0.18,1
2,11,8009,0,0,500,0.6,1000,0.2,1400,0.2,1
3,0,13148,2,10,5,0,666,0.42,420,0.58,1
3,1,6717,0,0,500,0.6,1000,0.2,1400,0.2,1
3,2,9219,0,0,300,0.5,572,0.32,486,0.18,1
3,3,14032,2,10,5,0,500,0.6,1000,0.2,1400,0.2,1
3,4,4849,0,0,500,0.6,1000,0.2,1400,0.2,1
3,5,7459,0,0,300,0.5,572,0.32,486,0.18,1
3,6,1424,1,0,300,0.5,572,0.32,486,0.18,1
3,7,1246,2,10,5,0,300,0.5,572,0.32,486,0.18,1
3,8,13825,0,0,500,0.6,1000,0.2,1400,0.2,1
3,9,7275,1,0,300,0.5,1700,0.5,1
3,10,5148,0,0,666,0.42,420,0.58,1
3,11,662,0,0,500,0.6,1000,0.2,1400,0.2,1
4,0,12048,1,0,500,0.6,1000,0.2,1400,0.2,1
4,1,12235,2,10,5,0,300,0.5,1700,0.5,1
4,2,4603,1,0,500,0.6,1000,0.2,1400,0.2,1
4,3,11687,1,0,300,0.5,572,0.32,486,0.18,1
4,4,7205,0,0,500,0.6,1000,0.2,1400,0.2,1
4,5,6093,0,0,300,0.5,1700,0.5,1
4,6,3459,1,0,300,0.5,1700,0.5,1
4,7,2221,1,0,500,0.6,1000,0.2,1400,0.2,1
4,8,2487,1,0,500,0.6,1000,0.2,1400,0.2,1
4,9,4661,2,10,5,0,666,0.42,420,0.58,1
4,10,2261,0,0,666,0.42,420,0.58,1
4,11,8290,2,10,5,0,500,0.6,1000,0.2,1400,0.2,1
5,0,4971,0,0,300,0.5,572,0.32,486,0.18,1
5,1,5484,1,0,300,0.5,572,0.32,486,0.18,1
5,2,4171,2,10,5,0,500,0.6,1000,0.2,1400,0.2,1
5,3,496,2,10,5,0,300,0.5,1700,0.5,1
5,4,8631,1,0,300,0.5,572,0.32,486,0.18,1
5,5,6451,0,0,666,0.42,420,0.58,1
5,6,12008,0,0,500,0.6,1000,0.2,1400,0.2,1
5,7,11950,2,10,5,0,666,0.42,420,0.58,1
5,8,12803,2,10,5,0,300,0.5,1700,0.5,1
5,9,7933,1,0,666,0.42,420,0.58,1
5,10,2145,1,0,300,0.5,572,0.32,486,0.18,1
5,11,14270,1,0,300,0.5,572,0.32,486,0.18,1
6,0,381,1,0,666,0.42,420,0.58,1
6,1,4022,0,0,300,0.5,1700,0.5,1
6,2,11314,0,0,300,0.5,1700,0.5,1
6,3,11568,0,0,500,0.6,1000,0.2,1400,0.2,1
6,4,5721,1,0,300,0.5,1700,0.5,1
6,5,13947,0,0,500,0.6,1000,0.2,1400,0.2,1
6,6,10465,1,0,666,0.42,420,0.58,1
6,7,6506,2,10,5,0,300,0.5,1700,0.5,1
6,8,8224,2,10,5,0,300,0.5,1700,0.5,1
6,9,7583,0,0,500,0.6,1000,0.2,1400,0.2,1
6,10,1332,1,0,300,0.5,1700,0.5,1
6,11,8424,0,0,300,0.5,572,0.32,486,0.18,1
7,0,11545,2,10,5,0,300,0.5,1700,0.5,1
7,1,5439,1,0,500,0.6,1000,0.2,1400,0.2,1
7,2,4531,0,0,666,0.42,420,0.58,1
7,3,3327,2,10,5,0,500,0.6,1000,0.2,1400,0.2,1
7,4,9235,1,0,500,0.6,1000,0.2,1400,0.2,1
7,5,4433,2,10,5,0,300,0.5,1700,0.5,1
7,6,4966,2,10,5,0,300,0.5,1700,0.5,1
7,7,8885,1,0,666,0.42,420,0.58,1
7,8,9225,2,10,5,0,500,0.6,1000,0.2,1400,0.2,1
7,9,14751,0,0,300,0.5,1700,0.5,1
7,10,9430,2,10,5,0,500,0.6,1000,0.2,1400,0.2,1
7,11,556,1,0,666,0.42,420,0.58,1
8,0,12234,0,0,300,0.5,572,0.32,486,0.18,1
8,1,2084,1,0,300,0.5,1700,0.5,1
8,2,4123,0,0,300,0.5,572,0.32,486,0.18,1
8,3,1288,0,0,666,0.42,420,0.58,1
8,4,5125,2,10,5,0,500,0.6,1000,0.2,1400,0.2,1
8,5,3464,1,0,300,0.5,572,0.32,486,0.18,1
8,6,12946,2,10,5,0,300,0.5,572,0.32,486,0.18,1
8,7,7722,2,10,5,0,666,0.42,420,0.58,1
8,8,1614,0,0,300,0.5,1700,0.5,1
8,9,10935,2,10,5,0,300,0.5,572,0.32,486,0.18,1
8,10,9143,0,0,300,0.5,1700,0.5,1
8,11,5591,0,0,300,0.5,1700,0.5,1
9,0,5116,1,0,500,0.6,1000,0.2,1400,0.2,1
9,1,9988,1,0,300,0.5,1700,0.5,1
9,2,8737,2,10,5,0,666,0.42,420,0.58,1
9,3,11063,1,0,666,0.42,420,0.58,1
9,4,4823,2,10,5,0,666,0.42,420,0.58,1
9,5,14184,2,10,5,0,300,0.5,1700,0.5,1
9,6,14407,1,0,666,0.42,420,0.58,1
9,7,11637,1,0,500,0.6,1000,0.2,1400,0.2,1
9,8,14265,2,10,5,0,666,0.42,420,0.58,1
9,9,4442,2,10,5,0,300,0.5,572,0.32,486,0.18,1
9,10,5571,2,10,5,0,300,0.5,1700,0.5,1
9,11,3185,2,10,5,0,500,0.6,1000,0.2,1400,0.2,1
10,0,3543,1,0,666,0.42,420,0.58,1
10,1,10886,1,0,300,0.5,572,0.32,486,0.18,1
10,2,10985,1,0,300,0.5,572,0.32,486,0.18,1
10,3,6495,0,0,300,0.5,1700,0.5,1
10,4,2368,2,10,5,0,666,0.42,420,0.58,1
10,5,1120,2,10,5,0,500,0.6,1000,0.2,1400,0.2,1
10,6,10942,0,0,300,0.5,1700,0.5,1
10,7,5289,1,0,300,0.5,572,0.32,486,0.18,1
10,8,2766,1,0,300,0.5,1700,0.5,1
10,9,9620,0,0,666,0.42,420,0.58,1
10,10,10377,2,10,5,0,500,0.6,1000,0.2,1400,0.2,1
10,11,9613,1,0,666,0.42,420,0.58,1
11,0,98,0,0,300,0.5,572,0.32,486,0.18,1
11,1,5481,0,0,300,0.5,572,0.32,486,0.18,1
11,2,8316,0,0,666,0.42,420,0.58,1
11,3,5271,1,0,300,0.5,572,0.32,486,0.18,1
11,4,858,0,0,300,0.5,1700,0.5,1
11,5,10590,2,10,5,0,666,0.42,420,0.58,1
11,6,12783,0,0,500,0.6,1000,0.2,1400,0.2,1
11,7,13242,1,0,300,0.5,1700,0.5,1
11,8,9212,0,0,300,0.5,572,0.32,486,0.18,1
11,9,11749,0,0,666,0.42,420,0.58,1
11,10,9263,2,10,5,0,666,0.42,420,0.58,1
11,11,2737,2,10,5,0,500,0.6,1000,0.2,1400,0.2,1
