0,0,2972,2,10,5,0,300,0.5,572,0.32,486,0.18,1
0,1,2171,1,0,500,0.6,1000,0.2,1400,0.2,1
0,2,7067,0,0,500,0.6,1000,0.2,1400,0.2,1
0,3,1869,1,0,666,0.42,420,0.58,1
0,4,4911,1,0,300,0.5,572,0.32,486,0.18,1
0,5,8433,1,0,666,0.42,420,0.58,1
0,6,1348,2,10,5,0,666,0.42,420,0.58,1
0,7,14010,2,10,5,0,300,0.5,572,0.32,486,0.18,1
0,8,784,0,0,666,0.42,420,0.58,1
0,9,6204,0,0,300,0.5,572,0.32,486,0.18,1
0,10,9881,0,0,300,0.5,1700,0.5,1
0,11,1803,1,0,300,0.5,572,0.32,486,0.18,1
1,0,9203,2,10,5,0,300,0.5,572,0.32,486,0.18,1
1,1,12902,0,0,666,0.42,420,0.58,1
1,2,3109,1,0,666,0.42,420,0.58,0
1,3,7551,2,10,5,0,300,0.5,572,0.32,486,0.18,1
1,4,4305,0,0,500,0.6,1000,0.2,1400,0.2,1
1,5,9810,0,0,500,0.6,1000,0.2,1400,0.2,1
1,6,8208,0,0,300,0.5,572,0.32,486,0.18,1
1,7,8081,2,10,5,0,300,0.5,1700,0.5,1
1,8,800,1,0,300,0.5,1700,0.5,1
1,9,13212,1,0,300,0.5,572,0.32,486,0.18,1
1,10,3177,0,0,300,0.5,572,0.32,486,0.18,1
1,11,577,2,10,5,0,300,0.5,572,0.32,486,0.18,1
2,0,2625,2,10,5,0,666,0.42,420,0.58,1
2,1,13898,2,10,5,0,300,0.5,1700,0.5,1
2,2,701,0,0,300,0.5,572,0.32,486,0.18,1
2,3,8469,2,10,5,0,300,0.5,1700,0.5,1
2,4,2082,2,10,5,0,666,0.42,420,0.58,1
2,5,7114,2,10,5,0,666,0.42,420,0.58,1
2,6,8602,0,0,500,0.6,1000,0.2,1400,0.2,1
2,7,10583,0,0,300,0.5,572,0.32,486,0.18,1
2,8,257,1,0,500,0.6,1000,0.2,1400,0.2,1
2,9,8925,1,0,666,0.42,420,0.58,1
2,10,9227,2,10,5,0,300,0.5,572,0.32,486,0.18,1
2,11,1099,2,10,5,0,500,0.6,1000,0.2,1400,0.2,1
3,0,13352,0,0,300,0.5,1700,0.5,1
3,1,148,1,0,300,0.5,1700,0.5,1
3,2,2345,2,10,5,0,300,0.5,1700,0.5,1
3,3,8910,0,0,500,0.6,1000,0.2,1400,0.2,1
3,4,3606,1,0,666,0.42,420,0.58,1
3,5,2616,2,10,5,0,500,0.6,1000,0.2,1400,0.2,1
3,6,14706,2,10,5,0,300,0.5,572,0.32,486,0.18,1
3,7,7522,2,10,5,0,500,0.6,1000,0.2,1400,0.2,1
3,8,5191,1,0,666,0.42,420,0.58,1
3,9,7703,2,10,5,0,300,0.5,1700,0.5,1
3,10,3029,0,0,300,0.5,572,0.32,486,0.18,1
3,11,12132,0,0,300,0.5,572,0.32,486,0.18,1
4,0,1304,2,10,5,0,500,0.6,1000,0.2,1400,0.2,1
4,1,5482,0,0,666,0.42,420,0.58,1
4,2,9793,0,0,500,0.6,1000,0.2,1400,0.2,1
4,3,10112,1,0,300,0.5,572,0.32,486,0.18,1
4,4,2145,2,10,5,0,300,0.5,572,0.32,486,0.18,1
4,5,4581,2,10,5,0,666,0.42,420,0.58,1
4,6,11068,0,0,300,0.5,1700,0.5,1
4,7,2327,1,0,500,0.6,1000,0.2,1400,0.2,1
4,8,9366,2,10,5,0,300,0.5,1700,0.5,1
4,9,3210,1,0,300,0.5,1700,0.5,1
4,10,3801,1,0,300,0.5,572,0.32,486,0.18,1
4,11,8957,0,0,666,0.42,420,0.58,1
5,0,9773,2,10,5,0,500,0.6,1000,0.2,1400,0.2,1
5,1,1069,0,0,500,0.6,1000,0.2,1400,0.2,1
5,2,4736,0,0,500,0.6,1000,0.2,1400,0.2,1
5,3,6927,1,0,500,0.6,1000,0.2,1400,0.2,1
5,4,7123,0,0,300,0.5,1700,0.5,1
5,5,11433,1,0,300,0.5,1700,0.5,1
5,6,1166,0,0,300,0.5,572,0.32,486,0.18,1
5,7,14835,1,0,500,0.6,1000,0.2,1400,0.2,1
5,8,3755,1,0,300,0.5,1700,0.5,1
5,9,7576,0,0,300,0.5,1700,0.5,1
5,10,1343,1,0,300,0.5,1700,0.5,1
5,11,1013,2,10,5,0,666,0.42,420,0.58,1
6,0,6849,2,10,5,0,300,0.5,572,0.32,486,0.18,1
6,1,6881,0,0,666,0.42,420,0.58,1
6,2,9502,0,0,666,0.42,420,0.58,1
6,3,584,0,0,500,0.6,1000,0.2,1400,0.2,1
6,4,1246,1,0,300,0.5,572,0.32,486,0.18,1
6,5,5876,0,0,300,0.5,1700,0.5,1
6,6,2517,2,10,5,0,666,0.42,420,0.58,1
6,7,6374,2,10,5,0,300,0.5,1700,0.5,1
6,8,2732,2,10,5,0,300,0.5,572,0.32,486,0.18,1
6,9,738,0,0,666,0.42,420,0.58,1
6,10,4848,1,0,300,0.5,1700,0.5,1
6,11,9218,2,10,5,0,300,0.5,572,0.32,486,0.18,1
7,0,8524,1,0,500,0.6,1000,0.2,1400,0.2,1
7,1,10827,1,0,666,0.42,420,0.58,1
7,2,4859,1,0,500,0.6,1000,0.2,1400,0.2,1
7,3,2964,1,0,300,0.5,572,0.32,486,0.18,1
7,4,10680,0,0,500,0.6,1000,0.2,1400,0.2,1
7,5,4727,0,0,300,0.5,1700,0.5,1
7,6,13981,0,0,300,0.5,572,0.32,486,0.18,1
7,7,2552,0,0,300,0.5,572,0.32,486,0.18,1
7,8,12627,0,0,300,0.5,1700,0.5,1
7,9,12474,1,0,300,0.5,1700,0.5,1
7,10,5795,2,10,5,0,300,0.5,572,0.32,486,0.18,1
7,11,12403,1,0,666,0.42,420,0.58,1
8,0,13534,1,0,300,0.5,572,0.32,486,0.18,1
8,1,2893,2,10,5,0,300,0.5,1700,0.5,1
8,2,5945,1,0,300,0.5,1700,0.5,1
8,3,14921,0,0,666,0.42,420,0.58,1
8,4,8055,0,0,666,0.42,420,0.58,1
8,5,3896,1,0,666,0.42,420,0.58,1
8,6,10856,2,10,5,0,500,0.6,1000,0.2,1400,0.2,1
8,7,5557,1,0,500,0.6,1000,0.2,1400,0.2,1
8,8,6616,0,0,300,0.5,572,0.32,486,0.18,1
8,9,9301,2,10,5,0,300,0.5,572,0.32,486,0.18,1
8,10,6384,1,0,500,0.6,1000,0.2,1400,0.2,1
8,11,10715,0,0,300,0.5,1700,0.5,1
9,0,6348,2,10,5,0,300,0.5,1700,0.5,1
9,1,1144,0,0,300,0.5,572,0.32,486,0.18,1
9,2,7553,1,0,300,0.5,1700,0.5,1
9,3,5423,0,0,666,0.42,420,0.58,1
9,4,12509,2,10,5,0,300,0.5,572,0.32,486,0.18,1
9,5,2862,2,10,5,0,500,0.6,1000,0.2,1400,0.2,1
9,6,9853,0,0,500,0.6,1000,0.2,1400,0.2,1
9,7,7558,1,0,300,0.5,1700,0.5,1
9,8,8063,0,0,500,0.6,1000,0.2,1400,0.2,1
9,9,6607,2,10,5,0,300,0.5,1700,0.5,1
9,10,8521,2,10,5,0,300,0.5,1700,0.5,1
9,11,4575,2,10,5,0,666,0.42,420,0.58,1
10,0,5498,1,0,666,0.42,420,0.58,1
10,1,10367,2,10,5,0,300,0.5,1700,0.5,1
10,2,5107,0,0,300,0.5,1700,0.5,1
10,3,5923,2,10,5,0,300,0.5,1700,0.5,1
10,4,9174,0,0,300,0.5,1700,0.5,1
10,5,6141,2,10,5,0,500,0.6,1000,0.2,1400,0.2,1
10,6,14889,0,0,300,0.5,572,0.32,486,0.18,1
10,7,11416,1,0,500,0.6,1000,0.2,1400,0.2,1
10,8,14036,2,10,5,0,666,0.42,420,0.58,1
10,9,14114,2,10,5,0,300,0.5,572,0.32,486,0.18,1
10,10,8434,0,0,666,0.42,420,0.58,1
10,11,5425,2,10,5,0,666,0.42,420,0.58,1
11,0,5829,2,10,5,0,300,0.5,572,0.32,486,0.18,1
11,1,12675,2,10,5,0,300,0.5,1700,0.5,1
11,2,13507,1,0,500,0.6,1000,0.2,1400,0.2,1
11,3,1648,2,10,5,0,300,0.5,1700,0.5,1
11,4,2610,1,0,500,0.6,1000,0.2,1400,0.2,1
11,5,12541,1,0,666,0.42,420,0.58,1
11,6,12911,1,0,666,0.42,420,0.58,1
11,7,14780,2,10,5,0,500,0.6,1000,0.2,1400,0.2,1
11,8,9789,2,10,5,0,666,0.42,420,0.58,1
11,9,12554,0,0,300,0.5,1700,0.5,1
11,10,5617,0,0,500,0.6,1000,0.2,1400,0.2,1
11,11,11875,1,0,666,0.42,420,0.58,1
