0,0,14682,2,10,5,0,666,0.42,420,0.58,1
0,1,3361,0,0,666,0.42,420,0.58,1
0,2,7632,2,10,5,0,300,0.5,572,0.32,486,0.18,1
0,3,8424,1,0,300,0.5,1700,0.5,1
0,4,6362,1,0,500,0.6,1000,0.2,1400,0.2,1
0,5,11209,1,0,300,0.5,1700,0.5,1
0,6,7357,0,0,500,0.6,1000,0.2,1400,0.2,1
0,7,3230,1,0,666,0.42,420,0.58,1
0,8,6846,1,0,500,0.6,1000,0.2,1400,0.2,1
0,9,11329,1,0,666,0.42,420,0.58,1
0,10,1614,0,0,300,0.5,572,0.32,486,0.18,1
0,11,1425,1,0,500,0.6,1000,0.2,1400,0.2,1
1,0,12244,1,0,300,0.5,572,0.32,486,0.18,1
1,1,12250,2,10,5,0,300,0.5,572,0.32,486,0.18,1
1,2,10669,1,0,300,0.5,1700,0.5,0
1,3,1264,1,0,300,0.5,572,0.32,486,0.18,1
1,4,4032,0,0,500,0.6,1000,0.2,1400,0.2,1
1,5,841,0,0,500,0.6,1000,0.2,1400,0.2,1
1,6,14224,2,10,5,0,300,0.5,1700,0.5,1
1,7,10034,0,0,666,0.42,420,0.58,1
1,8,10774,2,10,5,0,300,0.5,1700,0.5,1
1,9,13655,1,0,300,0.5,572,0.32,486,0.18,1
1,10,10285,1,0,666,0.42,420,0.58,1
1,11,9437,1,0,666,0.42,420,0.58,1
2,0,12472,1,0,500,0.6,1000,0.2,1400,0.2,1
2,1,11595,1,0,666,0.42,420,0.58,1
2,2,4538,1,0,500,0.6,1000,0.2,1400,0.2,1
2,3,3599,0,0,300,0.5,1700,0.5,1
2,4,11400,0,0,300,0.5,1700,0.5,1
2,5,2398,1,0,500,0.6,1000,0.2,1400,0.2,1
2,6,8882,0,0,300,0.5,572,0.32,486,0.18,1
2,7,7193,2,10,5,0,500,0.6,1000,0.2,1400,0.2,1
2,8,13261,0,0,300,0.5,572,0.32,486,0.18,1
2,9,2544,1,0,666,0.42,420,0.58,1
2,10,4814,1,0,500,0.6,1000,0.2,1400,0.2,1
2,11,14180,0,0,300,0.5,572,0.32,486,0.18,1
3,0,6819,0,0,500,0.6,1000,0.2,1400,0.2,1
3,1,5768,1,0,300,0.5,572,0.32,486,0.18,1
3,2,9107,1,0,500,0.6,1000,0.2,1400,0.2,1
3,3,12491,2,10,5,0,300,0.5,572,0.32,486,0.18,1
3,4,9125,2,10,5,0,500,0.6,1000,0.2,1400,0.2,1
3,5,2423,1,0,300,0.5,1700,0.5,1
3,6,11381,0,0,300,0.5,572,0.32,486,0.18,1
3,7,14858,1,0,666,0.42,420,0.58,1
3,8,14781,1,0,300,0.5,1700,0.5,1
3,9,2145,0,0,500,0.6,1000,0.2,1400,0.2,1
3,10,2341,2,10,5,0,300,0.5,572,0.32,486,0.18,1
3,11,14406,0,0,300,0.5,1700,0.5,1
4,0,6663,1,0,500,0.6,1000,0.2,1400,0.2,1
4,1,9773,2,10,5,0,666,0.42,420,0.58,1
4,2,7440,0,0,300,0.5,1700,0.5,1
4,3,8561,0,0,300,0.5,1700,0.5,1
4,4,9704,0,0,500,0.6,1000,0.2,1400,0.2,1
4,5,6073,0,0,300,0.5,1700,0.5,1
4,6,10170,0,0,666,0.42,420,0.58,1
4,7,13190,1,0,500,0.6,1000,0.2,1400,0.2,1
4,8,9844,2,10,5,0,300,0.5,572,0.32,486,0.18,1
4,9,3380,1,0,500,0.6,1000,0.2,1400,0.2,1
4,10,2332,0,0,300,0.5,572,0.32,486,0.18,1
4,11,10432,2,10,5,0,666,0.42,420,0.58,1
5,0,4693,0,0,300,0.5,572,0.32,486,0.18,1
5,1,7363,2,10,5,0,300,0.5,1700,0.5,1
5,2,10379,0,0,300,0.5,572,0.32,486,0.18,1
5,3,8936,0,0,300,0.5,572,0.32,486,0.18,1
5,4,4916,1,0,500,0.6,1000,0.2,1400,0.2,1
5,5,6384,0,0,300,0.5,572,0.32,486,0.18,1
5,6,10094,1,0,300,0.5,572,0.32,486,0.18,1
5,7,8846,1,0,666,0.42,420,0.58,1
5,8,14227,2,10,5,0,666,0.42,420,0.58,1
5,9,13902,1,0,500,0.6,1000,0.2,1400,0.2,1
5,10,5294,0,0,666,0.42,420,0.58,1
5,11,14294,0,0,666,0.42,420,0.58,1
6,0,12449,2,10,5,0,300,0.5,572,0.32,486,0.18,1
6,1,13833,2,10,5,0,300,0.5,572,0.32,486,0.18,1
6,2,5231,1,0,300,0.5,1700,0.5,1
6,3,10614,0,0,300,0.5,572,0.32,486,0.18,1
6,4,13060,1,0,666,0.42,420,0.58,1
6,5,6654,0,0,500,0.6,1000,0.2,1400,0.2,1
6,6,1484,2,10,5,0,666,0.42,420,0.58,1
6,7,13892,2,10,5,0,300,0.5,1700,0.5,1
6,8,12838,2,10,5,0,300,0.5,1700,0.5,1
6,9,12004,0,0,300,0.5,1700,0.5,1
6,10,3286,0,0,300,0.5,1700,0.5,1
6,11,2765,0,0,500,0.6,1000,0.2,1400,0.2,1
7,0,13988,2,10,5,0,500,0.6,1000,0.2,1400,0.2,1
7,1,13537,1,0,300,0.5,1700,0.5,1
7,2,14449,2,10,5,0,300,0.5,1700,0.5,1
7,3,9722,0,0,666,0.42,420,0.58,1
7,4,1352,2,10,5,0,300,0.5,572,0.32,486,0.18,1
7,5,14956,1,0,500,0.6,1000,0.2,1400,0.2,1
7,6,11322,1,0,300,0.5,572,0.32,486,0.18,1
7,7,11557,1,0,666,0.42,420,0.58,1
7,8,1016,0,0,300,0.5,572,0.32,486,0.18,1
7,9,5307,2,10,5,0,666,0.42,420,0.58,1
7,10,3247,1,0,666,0.42,420,0.58,1
7,11,7771,1,0,666,0.42,420,0.58,1
8,0,1801,0,0,300,0.5,1700,0.5,1
8,1,8206,2,10,5,0,300,0.5,572,0.32,486,0.18,1
8,2,3858,0,0,666,0.42,420,0.58,1
8,3,11370,2,10,5,0,300,0.5,1700,0.5,1
8,4,4404,0,0,300,0.5,572,0.32,486,0.18,1
8,5,3088,1,0,300,0.5,1700,0.5,1
8,6,5915,1,0,500,0.6,1000,0.2,1400,0.2,1
8,7,11686,1,0,666,0.42,420,0.58,1
8,8,4944,2,10,5,0,666,0.42,420,0.58,1
8,9,13349,1,0,300,0.5,1700,0.5,1
8,10,2789,0,0,500,0.6,1000,0.2,1400,0.2,1
8,11,5280,0,0,300,0.5,572,0.32,486,0.18,1
9,0,7472,1,0,666,0.42,420,0.58,1
9,1,12253,2,10,5,0,500,0.6,1000,0.2,1400,0.2,1
9,2,10609,1,0,666,0.42,420,0.58,1
9,3,1181,0,0,666,0.42,420,0.58,1
9,4,2032,1,0,666,0.42,420,0.58,1
9,5,6655,0,0,300,0.5,572,0.32,486,0.18,1
9,6,13362,2,10,5,0,666,0.42,420,0.58,1
9,7,14597,0,0,666,0.42,420,0.58,1
9,8,8373,0,0,500,0.6,1000,0.2,1400,0.2,1
9,9,13612,2,10,5,0,300,0.5,572,0.32,486,0.18,1
9,10,4745,1,0,500,0.6,1000,0.2,1400,0.2,1
9,11,8426,1,0,300,0.5,1700,0.5,1
10,0,858,1,0,500,0.6,1000,0.2,1400,0.2,1
10,1,10122,0,0,300,0.5,572,0.32,486,0.18,1
10,2,1466,0,0,666,0.42,420,0.58,1
10,3,10537,1,0,500,0.6,1000,0.2,1400,0.2,1
10,4,2152,2,10,5,0,500,0.6,1000,0.2,1400,0.2,1
10,5,7923,2,10,5,0,300,0.5,1700,0.5,1
10,6,3789,1,0,666,0.42,420,0.58,1
10,7,7125,2,10,5,0,300,0.5,1700,0.5,1
10,8,8406,1,0,300,0.5,1700,0.5,1
10,9,14596,1,0,500,0.6,1000,0.2,1400,0.2,1
10,10,2473,1,0,300,0.5,1700,0.5,1
10,11,965,0,0,300,0.5,572,0.32,486,0.18,1
11,0,2077,0,0,300,0.5,1700,0.5,1
11,1,6250,2,10,5,0,500,0.6,1000,0.2,1400,0.2,1
11,2,10285,1,0,500,0.6,1000,0.2,1400,0.2,1
11,3,1776,2,10,5,0,500,0.6,1000,0.2,1400,0.2,1
11,4,5755,0,0,500,0.6,1000,0.2,1400,0.2,1
11,5,3876,0,0,300,0.5,1700,0.5,1
11,6,3813,0,0,666,0.42,420,0.58,1
11,7,9581,0,0,300,0.5,572,0.32,486,0.18,1
11,8,5363,2,10,5,0,500,0.6,1000,0.2,1400,0.2,1
11,9,10035,1,0,300,0.5,572,0.32,486,0.18,1
11,10,2681,1,0,300,0.5,572,0.32,486,0.18,1
11,11,6510,0,0,500,0.6,1000,0.2,1400,0.2,1
