0,0,9344,2,10,5,0,666,0.42,420,0.58,1
0,1,13115,1,0,666,0.42,420,0.58,1
0,2,6400,0,0,666,0.42,420,0.58,1
0,3,14932,1,0,300,0.5,572,0.32,486,0.18,1
0,4,13043,0,0,500,0.6,1000,0.2,1400,0.2,1
0,5,10743,1,0,300,0.5,572,0.32,486,0.18,1
0,6,6511,1,0,300,0.5,572,0.32,486,0.18,1
0,7,12916,2,10,5,0,500,0.6,1000,0.2,1400,0.2,1
0,8,6000,0,0,300,0.5,572,0.32,486,0.18,1
0,9,14784,0,0,300,0.5,572,0.32,486,0.18,1
0,10,3638,0,0,666,0.42,420,0.58,1
0,11,10086,1,0,500,0.6,1000,0.2,1400,0.2,1
1,0,10476,2,10,5,0,300,0.5,572,0.32,486,0.18,1
1,1,11521,1,0,500,0.6,1000,0.2,1400,0.2,1
1,2,10511,2,10,5,0,300,0.5,1700,0.5,0
1,3,2017,1,0,500,0.6,1000,0.2,1400,0.2,1
1,4,5110,2,10,5,0,666,0.42,420,0.58,1
1,5,6326,1,0,666,0.42,420,0.58,1
1,6,7931,2,10,5,0,300,0.5,1700,0.5,1
1,7,13085,1,0,300,0.5,1700,0.5,1
1,8,10540,0,0,300,0.5,1700,0.5,1
1,9,9903,2,10,5,0,300,0.5,1700,0.5,1
1,10,11561,0,0,500,0.6,1000,0.2,1400,0.2,1
1,11,3495,2,10,5,0,300,0.5,572,0.32,486,0.18,1
2,0,8284,1,0,666,0.42,420,0.58,1
2,1,4528,0,0,300,0.5,1700,0.5,1
2,2,4378,2,10,5,0,500,0.6,1000,0.2,1400,0.2,1
2,3,5939,0,0,500,0.6,1000,0.2,1400,0.2,1
2,4,8598,0,0,300,0.5,572,0.32,486,0.18,1
2,5,12173,1,0,300,0.5,572,0.32,486,0.18,1
2,6,7775,0,0,300,0.5,1700,0.5,1
2,7,7942,0,0,300,0.5,572,0.32,486,0.18,1
2,8,9319,1,0,666,0.42,420,0.58,1
2,9,12130,2,10,5,0,666,0.42,420,0.58,1
2,10,11486,0,0,300,0.5,572,0.32,486,0.18,1
2,11,6455,0,0,500,0.6,1000,0.2,1400,0.2,1
3,0,6239,1,0,500,0.6,1000,0.2,1400,0.2,1
3,1,9253,1,0,300,0.5,572,0.32,486,0.18,1
3,2,8414,0,0,666,0.42,420,0.58,1
3,3,8370,1,0,300,0.5,1700,0.5,1
3,4,12592,2,10,5,0,300,0.5,1700,0.5,1
3,5,14957,1,0,300,0.5,1700,0.5,1
3,6,13370,0,0,300,0.5,1700,0.5,1
3,7,11303,0,0,300,0.5,572,0.32,486,0.18,1
3,8,10089,2,10,5,0,666,0.42,420,0.58,1
3,9,9952,0,0,300,0.5,572,0.32,486,0.18,1
3,10,3245,0,0,300,0.5,1700,0.5,1
3,11,7714,0,0,500,0.6,1000,0.2,1400,0.2,1
4,0,3491,1,0,666,0.42,420,0.58,1
4,1,8467,0,0,666,0.42,420,0.58,1
4,2,10607,2,10,5,0,500,0.6,1000,0.2,1400,0.2,1
4,3,6210,2,10,5,0,500,0.6,1000,0.2,1400,0.2,1
4,4,8078,2,10,5,0,500,0.6,1000,0.2,1400,0.2,1
4,5,483,1,0,500,0.6,1000,0.2,1400,0.2,1
4,6,7037,0,0,300,0.5,572,0.32,486,0.18,1
4,7,8335,2,10,5,0,500,0.6,1000,0.2,1400,0.2,1
4,8,2608,0,0,300,0.5,572,0.32,486,0.18,1
4,9,9731,2,10,5,0,500,0.6,1000,0.2,1400,0.2,1
4,10,1216,0,0,300,0.5,572,0.32,486,0.18,1
4,11,14653,1,0,666,0.42,420,0.58,1
5,0,3508,1,0,300,0.5,1700,0.5,1
5,1,2975,2,10,5,0,300,0.5,1700,0.5,1
5,2,10255,2,10,5,0,666,0.42,420,0.58,1
5,3,10418,2,10,5,0,300,0.5,572,0.32,486,0.18,1
5,4,4412,0,0,500,0.6,1000,0.2,1400,0.2,1
5,5,14197,0,0,300,0.5,572,0.32,486,0.18,1
5,6,709,0,0,666,0.42,420,0.58,1
5,7,6636,0,0,666,0.42,420,0.58,1
5,8,10737,0,0,666,0.42,420,0.58,1
5,9,2456,0,0,300,0.5,1700,0.5,1
5,10,9505,0,0,300,0.5,572,0.32,486,0.18,1
5,11,3146,0,0,300,0.5,1700,0.5,1
6,0,5213,1,0,666,0.42,420,0.58,1
6,1,1562,2,10,5,0,300,0.5,1700,0.5,1
6,2,13802,1,0,300,0.5,572,0.32,486,0.18,1
6,3,6043,0,0,666,0.42,420,0.58,1
6,4,13007,0,0,300,0.5,1700,0.5,1
6,5,7453,1,0,500,0.6,1000,0.2,1400,0.2,1
6,6,11003,0,0,300,0.5,572,0.32,486,0.18,1
6,7,4244,1,0,300,0.5,1700,0.5,1
6,8,12452,2,10,5,0,500,0.6,1000,0.2,1400,0.2,1
6,9,13215,2,10,5,0,500,0.6,1000,0.2,1400,0.2,1
6,10,7469,0,0,300,0.5,1700,0.5,1
6,11,13382,1,0,500,0.6,1000,0.2,1400,0.2,1
7,0,6422,0,0,666,0.42,420,0.58,1
7,1,13477,2,10,5,0,300,0.5,1700,0.5,1
7,2,1540,0,0,500,0.6,1000,0.2,1400,0.2,1
7,3,9335,1,0,500,0.6,1000,0.2,1400,0.2,1
7,4,6358,1,0,500,0.6,1000,0.2,1400,0.2,1
7,5,3648,1,0,300,0.5,1700,0.5,1
7,6,14533,0,0,300,0.5,1700,0.5,1
7,7,1118,2,10,5,0,300,0.5,572,0.32,486,0.18,1
7,8,12915,2,10,5,0,300,0.5,572,0.32,486,0.18,1
7,9,13733,1,0,300,0.5,572,0.32,486,0.18,1
7,10,14740,2,10,5,0,500,0.6,1000,0.2,1400,0.2,1
7,11,41,2,10,5,0,300,0.5,572,0.32,486,0.18,1
8,0,12716,0,0,666,0.42,420,0.58,1
8,1,5159,1,0,300,0.5,572,0.32,486,0.18,1
8,2,14402,0,0,500,0.6,1000,0.2,1400,0.2,1
8,3,10588,2,10,5,0,500,0.6,1000,0.2,1400,0.2,1
8,4,4548,1,0,300,0.5,1700,0.5,1
8,5,8663,1,0,300,0.5,572,0.32,486,0.18,1
8,6,3133,1,0,500,0.6,1000,0.2,1400,0.2,1
8,7,8887,0,0,666,0.42,420,0.58,1
8,8,12323,0,0,300,0.5,1700,0.5,1
8,9,403,1,0,300,0.5,1700,0.5,1
8,10,535,0,0,666,0.42,420,0.58,1
8,11,1891,0,0,300,0.5,572,0.32,486,0.18,1
9,0,2589,1,0,500,0.6,1000,0.2,1400,0.2,1
9,1,3531,2,10,5,0,300,0.5,1700,0.5,1
9,2,2162,2,10,5,0,300,0.5,1700,0.5,1
9,3,3423,0,0,300,0.5,1700,0.5,1
9,4,4282,0,0,300,0.5,572,0.32,486,0.18,1
9,5,11229,2,10,5,0,666,0.42,420,0.58,1
9,6,14305,1,0,500,0.6,1000,0.2,1400,0.2,1
9,7,13338,0,0,300,0.5,572,0.32,486,0.18,1
9,8,6593,2,10,5,0,500,0.6,1000,0.2,1400,0.2,1
9,9,14091,1,0,300,0.5,1700,0.5,1
9,10,989,2,10,5,0,300,0.5,1700,0.5,1
9,11,11810,1,0,300,0.5,572,0.32,486,0.18,1
10,0,6534,2,10,5,0,500,0.6,1000,0.2,1400,0.2,1
10,1,3634,1,0,666,0.42,420,0.58,1
10,2,6756,1,0,500,0.6,1000,0.2,1400,0.2,1
10,3,9139,2,10,5,0,300,0.5,1700,0.5,1
10,4,12128,0,0,500,0.6,1000,0.2,1400,0.2,1
10,5,7687,1,0,300,0.5,572,0.32,486,0.18,1
10,6,4179,0,0,500,0.6,1000,0.2,1400,0.2,1
10,7,7546,1,0,666,0.42,420,0.58,1
10,8,4528,1,0,666,0.42,420,0.58,1
10,9,5523,0,0,666,0.42,420,0.58,1
10,10,11799,2,10,5,0,666,0.42,420,0.58,1
10,11,5731,1,0,300,0.5,1700,0.5,1
11,0,10188,0,0,500,0.6,1000,0.2,1400,0.2,1
11,1,13183,0,0,300,0.5,1700,0.5,1
11,2,14832,2,10,5,0,300,0.5,1700,0.5,1
11,3,1370,0,0,666,0.42,420,0.58,1
11,4,14010,1,0,666,0.42,420,0.58,1
11,5,11227,1,0,300,0.5,1700,0.5,1
11,6,6250,1,0,666,0.42,420,0.58,1
11,7,94,2,10,5,0,500,0.6,1000,0.2,1400,0.2,1
11,8,12692,2,10,5,0,300,0.5,1700,0.5,1
11,9,12360,0,0,500,0.6,1000,0.2,1400,0.2,1
11,10,221,2,10,5,0,300,0.5,572,0.32,486,0.18,1
11,11,8750,0,0,666,0.42,420,0.58,1
