0,0,7880,2,10,5,0,300,0.5,572,0.32,486,0.18,1
0,1,6658,2,10,5,0,500,0.6,1000,0.2,1400,0.2,1
0,2,11773,0,0,300,0.5,572,0.32,486,0.18,1
0,3,10626,1,0,666,0.42,420,0.58,1
0,4,2831,0,0,500,0.6,1000,0.2,1400,0.2,1
0,5,12753,2,10,5,0,666,0.42,420,0.58,1
0,6,10411,0,0,666,0.42,420,0.58,1
0,7,14535,2,10,5,0,666,0.42,420,0.58,1
0,8,10536,0,0,300,0.5,572,0.32,486,0.18,1
0,9,10328,0,0,500,0.6,1000,0.2,1400,0.2,1
0,10,8749,0,0,300,0.5,1700,0.5,1
0,11,13531,2,10,5,0,300,0.5,572,0.32,486,0.18,1
1,0,9029,1,0,666,0.42,420,0.58,1
1,1,14241,2,10,5,0,666,0.42,420,0.58,1
1,2,8050,0,0,666,0.42,420,0.58,0
1,3,14871,2,10,5,0,300,0.5,572,0.32,486,0.18,1
1,4,1367,1,0,500,0.6,1000,0.2,1400,0.2,1
1,5,5470,2,10,5,0,300,0.5,572,0.32,486,0.18,1
1,6,14851,0,0,666,0.42,420,0.58,1
1,7,8198,2,10,5,0,500,0.6,1000,0.2,1400,0.2,1
1,8,4732,2,10,5,0,666,0.42,420,0.58,1
1,9,14959,2,10,5,0,666,0.42,420,0.58,1
1,10,3336,2,10,5,0,666,0.42,420,0.58,1
1,11,12450,1,0,300,0.5,1700,0.5,1
2,0,6833,1,0,300,0.5,1700,0.5,1
2,1,12918,2,10,5,0,666,0.42,420,0.58,1
2,2,9410,2,10,5,0,500,0.6,1000,0.2,1400,0.2,1
2,3,2990,1,0,500,0.6,1000,0.2,1400,0.2,1
2,4,9563,1,0,300,0.5,572,0.32,486,0.18,1
2,5,2188,2,10,5,0,300,0.5,572,0.32,486,0.18,1
2,6,7509,1,0,300,0.5,572,0.32,486,0.18,1
2,7,11189,2,10,5,0,500,0.6,1000,0.2,1400,0.2,1
2,8,4303,2,10,5,0,300,0.5,572,0.32,486,0.18,1
2,9,6828,2,10,5,0,666,0.42,420,0.58,1
2,10,2459,1,0,500,0.6,1000,0.2,1400,0.2,1
2,11,7162,2,10,5,0,300,0.5,572,0.32,486,0.18,1
3,0,747,0,0,666,0.42,420,0.58,1
3,1,115,2,10,5,0,500,0.6,1000,0.2,1400,0.2,1
3,2,2285,2,10,5,0,300,0.5,1700,0.5,1
3,3,7356,1,0,300,0.5,572,0.32,486,0.18,1
3,4,4870,2,10,5,0,300,0.5,572,0.32,486,0.18,1
3,5,4349,0,0,300,0.5,1700,0.5,1
3,6,1126,1,0,500,0.6,1000,0.2,1400,0.2,1
3,7,13870,0,0,500,0.6,1000,0.2,1400,0.2,1
3,8,8624,0,0,300,0.5,572,0.32,486,0.18,1
3,9,3477,2,10,5,0,300,0.5,572,0.32,486,0.18,1
3,10,13654,0,0,500,0.6,1000,0.2,1400,0.2,1
3,11,3897,1,0,300,0.5,572,0.32,486,0.18,1
4,0,1851,2,10,5,0,500,0.6,1000,0.2,1400,0.2,1
4,1,12434,0,0,500,0.6,1000,0.2,1400,0.2,1
4,2,4526,1,0,666,0.42,420,0.58,1
4,3,14750,1,0,666,0.42,420,0.58,1
4,4,5604,1,0,500,0.6,1000,0.2,1400,0.2,1
4,5,11970,0,0,300,0.5,1700,0.5,1
4,6,10653,0,0,300,0.5,572,0.32,486,0.18,1
4,7,6917,2,10,5,0,666,0.42,420,0.58,1
4,8,7784,1,0,300,0.5,1700,0.5,1
4,9,14955,2,10,5,0,500,0.6,1000,0.2,1400,0.2,1
4,10,1510,0,0,666,0.42,420,0.58,1
4,11,6533,1,0,300,0.5,572,0.32,486,0.18,1
5,0,10727,1,0,300,0.5,1700,0.5,1
5,1,3351,0,0,666,0.42,420,0.58,1
5,2,4616,1,0,666,0.42,420,0.58,1
5,3,8617,2,10,5,0,300,0.5,572,0.32,486,0.18,1
5,4,9385,1,0,300,0.5,1700,0.5,1
5,5,19,2,10,5,0,300,0.5,1700,0.5,1
5,6,1958,1,0,666,0.42,420,0.58,1
5,7,4744,0,0,666,0.42,420,0.58,1
5,8,13660,2,10,5,0,300,0.5,1700,0.5,1
5,9,10429,1,0,300,0.5,572,0.32,486,0.18,1
5,10,5033,2,10,5,0,300,0.5,572,0.32,486,0.18,1
5,11,5175,0,0,300,0.5,1700,0.5,1
6,0,12693,0,0,500,0.6,1000,0.2,1400,0.2,1
6,1,4797,1,0,300,0.5,1700,0.5,1
6,2,6321,0,0,500,0.6,1000,0.2,1400,0.2,1
6,3,7791,2,10,5,0,300,0.5,1700,0.5,1
6,4,2361,1,0,500,0.6,1000,0.2,1400,0.2,1
6,5,265,0,0,300,0.5,1700,0.5,1
6,6,1717,0,0,666,0.42,420,0.58,1
6,7,11001,2,10,5,0,300,0.5,1700,0.5,1
6,8,6479,1,0,500,0.6,1000,0.2,1400,0.2,1
6,9,14627,0,0,300,0.5,1700,0.5,1
6,10,13322,0,0,666,0.42,420,0.58,1
6,11,7659,1,0,666,0.42,420,0.58,1
7,0,2132,0,0,300,0.5,1700,0.5,1
7,1,11614,0,0,500,0.6,1000,0.2,1400,0.2,1
7,2,8430,0,0,300,0.5,1700,0.5,1
7,3,12080,0,0,300,0.5,572,0.32,486,0.18,1
7,4,2649,0,0,666,0.42,420,0.58,1
7,5,10522,1,0,300,0.5,1700,0.5,1
7,6,4158,1,0,666,0.42,420,0.58,1
7,7,12133,2,10,5,0,300,0.5,1700,0.5,1
7,8,2734,0,0,666,0.42,420,0.58,1
7,9,4001,2,10,5,0,300,0.5,1700,0.5,1
7,10,14148,0,0,300,0.5,572,0.32,486,0.18,1
7,11,3811,1,0,666,0.42,420,0.58,1
8,0,6473,1,0,300,0.5,572,0.32,486,0.18,1
8,1,9919,2,10,5,0,300,0.5,1700,0.5,1
8,2,5234,2,10,5,0,500,0.6,1000,0.2,1400,0.2,1
8,3,10432,0,0,500,0.6,1000,0.2,1400,0.2,1
8,4,11340,1,0,300,0.5,1700,0.5,1
8,5,7593,0,0,300,0.5,572,0.32,486,0.18,1
8,6,2946,0,0,500,0.6,1000,0.2,1400,0.2,1
8,7,12871,1,0,300,0.5,572,0.32,486,0.18,1
8,8,6363,2,10,5,0,500,0.6,1000,0.2,1400,0.2,1
8,9,2161,1,0,300,0.5,1700,0.5,1
8,10,3414,2,10,5,0,300,0.5,1700,0.5,1
8,11,1702,2,10,5,0,300,0.5,1700,0.5,1
9,0,12436,1,0,300,0.5,572,0.32,486,0.18,1
9,1,9652,0,0,300,0.5,572,0.32,486,0.18,1
9,2,13058,2,10,5,0,300,0.5,572,0.32,486,0.18,1
9,3,1495,0,0,300,0.5,572,0.32,486,0.18,1
9,4,11694,1,0,300,0.5,572,0.32,486,0.18,1
9,5,10804,1,0,500,0.6,1000,0.2,1400,0.2,1
9,6,8806,1,0,300,0.5,1700,0.5,1
9,7,7501,2,10,5,0,300,0.5,1700,0.5,1
9,8,11920,1,0,300,0.5,1700,0.5,1
9,9,14619,2,10,5,0,500,0.6,1000,0.2,1400,0.2,1
9,10,7455,0,0,300,0.5,1700,0.5,1
9,11,14194,2,10,5,0,500,0.6,1000,0.2,1400,0.2,1
10,0,11713,1,0,300,0.5,1700,0.5,1
10,1,5463,2,10,5,0,666,0.42,420,0.58,1
10,2,8465,1,0,500,0.6,1000,0.2,1400,0.2,1
10,3,5430,0,0,500,0.6,1000,0.2,1400,0.2,1
10,4,11398,0,0,300,0.5,572,0.32,486,0.18,1
10,5,3956,0,0,500,0.6,1000,0.2,1400,0.2,1
10,6,5563,2,10,5,0,666,0.42,420,0.58,1
10,7,14247,1,0,300,0.5,572,0.32,486,0.18,1
10,8,5985,0,0,300,0.5,1700,0.5,1
10,9,1423,2,10,5,0,500,0.6,1000,0.2,1400,0.2,1
10,10,1000,0,0,666,0.42,420,0.58,1
10,11,13977,0,0,500,0.6,1000,0.2,1400,0.2,1
11,0,2155,1,0,300,0.5,1700,0.5,1
11,1,7434,2,10,5,0,300,0.5,1700,0.5,1
11,2,6235,2,10,5,0,300,0.5,572,0.32,486,0.18,1
11,3,12593,1,0,300,0.5,1700,0.5,1
11,4,8053,1,0,300,0.5,1700,0.5,1
11,5,7814,0,0,500,0.6,1000,0.2,1400,0.2,1
11,6,7709,0,0,300,0.5,1700,0.5,1
11,7,7079,2,10,5,0,666,0.42,420,0.58,1
11,8,10310,0,0,300,0.5,572,0.32,486,0.18,1
11,9,8104,1,0,300,0.5,572,0.32,486,0.18,1
11,10,12208,0,0,300,0.5,1700,0.5,1
11,11,4035,2,10,5,0,500,0.6,1000,0.2,1400,0.2,1
