0,0,2846,2,10,5,0,300,0.5,572,0.32,486,0.18,1
0,1,3485,0,0,500,0.6,1000,0.2,1400,0.2,1
0,2,2116,2,10,5,0,500,0.6,1000,0.2,1400,0.2,1
0,3,1501,1,0,500,0.6,1000,0.2,1400,0.2,1
0,4,801,0,0,666,0.42,420,0.58,1
0,5,2525,1,0,300,0.5,572,0.32,486,0.18,1
0,6,2501,1,0,300,0.5,572,0.32,486,0.18,1
0,7,13822,0,0,300,0.5,1700,0.5,1
0,8,12960,1,0,300,0.5,572,0.32,486,0.18,1
0,9,14093,2,10,5,0,666,0.42,420,0.58,1
0,10,6471,1,0,300,0.5,572,0.32,486,0.18,1
0,11,3299,2,10,5,0,666,0.42,420,0.58,1
1,0,10940,2,10,5,0,300,0.5,572,0.32,486,0.18,1
1,1,5776,1,0,300,0.5,572,0.32,486,0.18,1
1,2,341,1,0,666,0.42,420,0.58,0
1,3,12293,0,0,500,0.6,1000,0.2,1400,0.2,1
1,4,14921,0,0,300,0.5,572,0.32,486,0.18,1
1,5,1108,0,0,300,0.5,572,0.32,486,0.18,1
1,6,9064,2,10,5,0,666,0.42,420,0.58,1
1,7,4940,2,10,5,0,500,0.6,1000,0.2,1400,0.2,1
1,8,9657,2,10,5,0,300,0.5,1700,0.5,1
1,9,661,1,0,300,0.5,572,0.32,486,0.18,1
1,10,11345,2,10,5,0,666,0.42,420,0.58,1
1,11,9317,2,10,5,0,666,0.42,420,0.58,1
2,0,13212,0,0,300,0.5,572,0.32,486,0.18,1
2,1,13438,0,0,300,0.5,1700,0.5,1
2,2,900,0,0,300,0.5,1700,0.5,1
2,3,13336,2,10,5,0,300,0.5,572,0.32,486,0.18,1
2,4,5272,2,10,5,0,666,0.42,420,0.58,1
2,5,13851,1,0,500,0.6,1000,0.2,1400,0.2,1
2,6,3397,0,0,300,0.5,1700,0.5,1
2,7,7726,1,0,300,0.5,1700,0.5,1
2,8,5273,2,10,5,0,300,0.5,572,0.32,486,0.18,1
2,9,6492,2,10,5,0,300,0.5,572,0.32,486,0.18,1
2,10,199,0,0,666,0.42,420,0.58,1
2,11,10063,0,0,300,0.5,572,0.32,486,0.18,1
3,0,10869,2,10,5,0,300,0.5,1700,0.5,1
3,1,6854,0,0,500,0.6,1000,0.2,1400,0.2,1
3,2,728,1,0,666,0.42,420,0.58,1
3,3,14201,2,10,5,0,300,0.5,572,0.32,486,0.18,1
3,4,9560,1,0,300,0.5,572,0.32,486,0.18,1
3,5,12040,1,0,300,0.5,1700,0.5,1
3,6,1685,2,10,5,0,300,0.5,1700,0.5,1
3,7,2201,0,0,300,0.5,572,0.32,486,0.18,1
3,8,6745,1,0,666,0.42,420,0.58,1
3,9,10247,0,0,300,0.5,1700,0.5,1
3,10,11723,0,0,666,0.42,420,0.58,1
3,11,8802,0,0,666,0.42,420,0.58,1
4,0,13392,1,0,300,0.5,572,0.32,486,0.18,1
4,1,743,1,0,500,0.6,1000,0.2,1400,0.2,1
4,2,2273,2,10,5,0,300,0.5,1700,0.5,1
4,3,14826,2,10,5,0,300,0.5,572,0.32,486,0.18,1
4,4,5009,0,0,666,0.42,420,0.58,1
4,5,767,0,0,500,0.6,1000,0.2,1400,0.2,1
4,6,8516,0,0,300,0.5,1700,0.5,1
4,7,5955,0,0,666,0.42,420,0.58,1
4,8,2405,2,10,5,0,300,0.5,1700,0.5,1
4,9,14938,1,0,500,0.6,1000,0.2,1400,0.2,1
4,10,10198,1,0,500,0.6,1000,0.2,1400,0.2,1
4,11,3763,2,10,5,0,300,0.5,572,0.32,486,0.18,1
5,0,6255,1,0,300,0.5,572,0.32,486,0.18,1
5,1,14011,0,0,300,0.5,572,0.32,486,0.18,1
5,2,674,2,10,5,0,300,0.5,572,0.32,486,0.18,1
5,3,9082,0,0,500,0.6,1000,0.2,1400,0.2,1
5,4,5136,1,0,300,0.5,1700,0.5,1
5,5,4502,0,0,300,0.5,572,0.32,486,0.18,1
5,6,5729,1,0,300,0.5,572,0.32,486,0.18,1
5,7,10214,0,0,500,0.6,1000,0.2,1400,0.2,1
5,8,14756,2,10,5,0,666,0.42,420,0.58,1
5,9,4390,2,10,5,0,300,0.5,572,0.32,486,0.18,1
5,10,1411,0,0,666,0.42,420,0.58,1
5,11,8856,2,10,5,0,500,0.6,1000,0.2,1400,0.2,1
6,0,635,0,0,300,0.5,1700,0.5,1
6,1,7450,2,10,5,0,300,0.5,1700,0.5,1
6,2,11899,0,0,300,0.5,572,0.32,486,0.18,1
6,3,14237,2,10,5,0,300,0.5,572,0.32,486,0.18,1
6,4,7119,0,0,300,0.5,1700,0.5,1
6,5,9546,2,10,5,0,300,0.5,1700,0.5,1
6,6,5945,1,0,666,0.42,420,0.58,1
6,7,12443,2,10,5,0,300,0.5,572,0.32,486,0.18,1
6,8,6985,0,0,500,0.6,1000,0.2,1400,0.2,1
6,9,14898,0,0,300,0.5,1700,0.5,1
6,10,449,2,10,5,0,666,0.42,420,0.58,1
6,11,13599,2,10,5,0,500,0.6,1000,0.2,1400,0.2,1
7,0,2332,2,10,5,0,300,0.5,572,0.32,486,0.18,1
7,1,5836,0,0,500,0.6,1000,0.2,1400,0.2,1
7,2,5183,2,10,5,0,300,0.5,1700,0.5,1
7,3,9610,0,0,300,0.5,572,0.32,486,0.18,1
7,4,505,2,10,5,0,666,0.42,420,0.58,1
7,5,7135,0,0,500,0.6,1000,0.2,1400,0.2,1
7,6,10034,1,0,500,0.6,1000,0.2,1400,0.2,1
7,7,6445,2,10,5,0,666,0.42,420,0.58,1
7,8,2438,1,0,500,0.6,1000,0.2,1400,0.2,1
7,9,5758,0,0,500,0.6,1000,0.2,1400,0.2,1
7,10,8338,2,10,5,0,300,0.5,572,0.32,486,0.18,1
7,11,2917,0,0,300,0.5,1700,0.5,1
8,0,4620,1,0,300,0.5,1700,0.5,1
8,1,10576,0,0,500,0.6,1000,0.2,1400,0.2,1
8,2,1021,1,0,666,0.42,420,0.58,1
8,3,1696,2,10,5,0,300,0.5,572,0.32,486,0.18,1
8,4,9242,0,0,666,0.42,420,0.58,1
8,5,838,0,0,666,0.42,420,0.58,1
8,6,3547,2,10,5,0,666,0.42,420,0.58,1
8,7,115,0,0,500,0.6,1000,0.2,1400,0.2,1
8,8,10133,2,10,5,0,666,0.42,420,0.58,1
8,9,8963,1,0,300,0.5,572,0.32,486,0.18,1
8,10,10140,2,10,5,0,666,0.42,420,0.58,1
8,11,1744,2,10,5,0,666,0.42,420,0.58,1
9,0,72,0,0,300,0.5,572,0.32,486,0.18,1
9,1,7433,1,0,666,0.42,420,0.58,1
9,2,14856,1,0,300,0.5,572,0.32,486,0.18,1
9,3,3613,1,0,300,0.5,572,0.32,486,0.18,1
9,4,12181,0,0,300,0.5,1700,0.5,1
9,5,5570,0,0,300,0.5,572,0.32,486,0.18,1
9,6,7228,1,0,300,0.5,1700,0.5,1
9,7,760,0,0,666,0.42,420,0.58,1
9,8,9552,1,0,500,0.6,1000,0.2,1400,0.2,1
9,9,14619,0,0,300,0.5,572,0.32,486,0.18,1
9,10,2822,1,0,666,0.42,420,0.58,1
9,11,14715,0,0,666,0.42,420,0.58,1
10,0,10168,2,10,5,0,300,0.5,572,0.32,486,0.18,1
10,1,14692,1,0,300,0.5,572,0.32,486,0.18,1
10,2,7426,2,10,5,0,500,0.6,1000,0.2,1400,0.2,1
10,3,8466,2,10,5,0,300,0.5,1700,0.5,1
10,4,10564,0,0,300,0.5,572,0.32,486,0.18,1
10,5,1481,2,10,5,0,300,0.5,1700,0.5,1
10,6,12939,1,0,500,0.6,1000,0.2,1400,0.2,1
10,7,14040,1,0,666,0.42,420,0.58,1
10,8,14991,0,0,666,0.42,420,0.58,1
10,9,8149,0,0,300,0.5,1700,0.5,1
10,10,9816,1,0,500,0.6,1000,0.2,1400,0.2,1
10,11,7968,2,10,5,0,300,0.5,1700,0.5,1
11,0,7101,1,0,666,0.42,420,0.58,1
11,1,14673,1,0,300,0.5,572,0.32,486,0.18,1
11,2,377,0,0,300,0.5,1700,0.5,1
11,3,3693,1,0,300,0.5,1700,0.5,1
11,4,9163,0,0,300,0.5,572,0.32,486,0.18,1
11,5,14941,0,0,300,0.5,1700,0.5,1
11,6,6212,2,10,5,0,300,0.5,572,0.32,486,0.18,1
11,7,9750,2,10,5,0,666,0.42,420,0.58,1
11,8,11811,0,0,300,0.5,572,0.32,486,0.18,1
11,9,2901,1,0,666,0.42,420,0.58,1
11,10,5806,0,0,300,0.5,572,0.32,486,0.18,1
11,11,4866,0,0,500,0.6,1000,0.2,1400,0.2,1
