0,0,13176,1,0,300,0.5,572,0.32,486,0.18,1
0,1,5860,1,0,500,0.6,1000,0.2,1400,0.2,1
0,2,11207,0,0,300,0.5,572,0.32,486,0.18,1
0,3,11912,1,0,500,0.6,1000,0.2,1400,0.2,1
0,4,6528,0,0,300,0.5,1700,0.5,1
0,5,12767,0,0,300,0.5,572,0.32,486,0.18,1
0,6,2901,0,0,300,0.5,1700,0.5,1
0,7,8262,1,0,666,0.42,420,0.58,1
0,8,6914,2,10,5,0,500,0.6,1000,0.2,1400,0.2,1
0,9,9579,2,10,5,0,500,0.6,1000,0.2,1400,0.2,1
0,10,12740,2,10,5,0,666,0.42,420,0.58,1
0,11,725,1,0,300,0.5,1700,0.5,1
1,0,3967,2,10,5,0,300,0.5,572,0.32,486,0.18,1
1,1,7974,2,10,5,0,500,0.6,1000,0.2,1400,0.2,1
1,2,1736,0,0,300,0.5,1700,0.5,0
1,3,5905,0,0,666,0.42,420,0.58,1
1,4,8117,0,0,666,0.42,420,0.58,1
1,5,8866,2,10,5,0,500,0.6,1000,0.2,1400,0.2,1
1,6,3123,0,0,666,0.42,420,0.58,1
1,7,10726,2,10,5,0,666,0.42,420,0.58,1
1,8,14850,0,0,500,0.6,1000,0.2,1400,0.2,1
1,9,12734,0,0,500,0.6,1000,0.2,1400,0.2,1
1,10,14451,1,0,300,0.5,1700,0.5,1
1,11,12334,1,0,300,0.5,572,0.32,486,0.18,1
2,0,14493,2,10,5,0,300,0.5,572,0.32,486,0.18,1
2,1,6000,2,10,5,0,300,0.5,572,0.32,486,0.18,1
2,2,12620,0,0,500,0.6,1000,0.2,1400,0.2,1
2,3,5765,1,0,300,0.5,572,0.32,486,0.18,1
2,4,602,2,10,5,0,500,0.6,1000,0.2,1400,0.2,1
2,5,3414,1,0,666,0.42,420,0.58,1
2,6,4241,1,0,500,0.6,1000,0.2,1400,0.2,1
2,7,12806,2,10,5,0,500,0.6,1000,0.2,1400,0.2,1
2,8,9791,0,0,500,0.6,1000,0.2,1400,0.2,1
2,9,1297,0,0,300,0.5,1700,0.5,1
2,10,5126,0,0,666,0.42,420,0.58,1
2,11,5917,0,0,300,0.5,572,0.32,486,0.18,1
3,0,4721,1,0,300,0.5,1700,0.5,1
3,1,13794,0,0,666,0.42,420,0.58,1
3,2,7209,0,0,300,0.5,1700,0.5,1
3,3,12702,2,10,5,0,300,0.5,1700,0.5,1
3,4,10349,1,0,300,0.5,572,0.32,486,0.18,1
3,5,4769,0,0,300,0.5,1700,0.5,1
3,6,9393,2,10,5,0,666,0.42,420,0.58,1
3,7,10579,1,0,300,0.5,572,0.32,486,0.18,1
3,8,6921,0,0,500,0.6,1000,0.2,1400,0.2,1
3,9,12901,1,0,300,0.5,572,0.32,486,0.18,1
3,10,5125,1,0,666,0.42,420,0.58,1
3,11,7754,2,10,5,0,666,0.42,420,0.58,1
4,0,10788,1,0,500,0.6,1000,0.2,1400,0.2,1
4,1,13814,2,10,5,0,500,0.6,1000,0.2,1400,0.2,1
4,2,8057,2,10,5,0,500,0.6,1000,0.2,1400,0.2,1
4,3,4273,2,10,5,0,666,0.42,420,0.58,1
4,4,6759,2,10,5,0,500,0.6,1000,0.2,1400,0.2,1
4,5,11164,2,10,5,0,300,0.5,1700,0.5,1
4,6,12916,0,0,500,0.6,1000,0.2,1400,0.2,1
4,7,12248,0,0,300,0.5,1700,0.5,1
4,8,4231,1,0,300,0.5,572,0.32,486,0.18,1
4,9,9066,1,0,300,0.5,572,0.32,486,0.18,1
4,10,4657,0,0,300,0.5,1700,0.5,1
4,11,14424,1,0,666,0.42,420,0.58,1
5,0,6470,0,0,300,0.5,572,0.32,486,0.18,1
5,1,7008,0,0,500,0.6,1000,0.2,1400,0.2,1
5,2,6711,1,0,666,0.42,420,0.58,1
5,3,2025,2,10,5,0,300,0.5,572,0.32,486,0.18,1
5,4,8785,1,0,500,0.6,1000,0.2,1400,0.2,1
5,5,820,1,0,300,0.5,1700,0.5,1
5,6,1651,0,0,500,0.6,1000,0.2,1400,0.2,1
5,7,3481,2,10,5,0,500,0.6,1000,0.2,1400,0.2,1
5,8,7664,1,0,666,0.42,420,0.58,1
5,9,454,1,0,500,0.6,1000,0.2,1400,0.2,1
5,10,13474,2,10,5,0,300,0.5,572,0.32,486,0.18,1
5,11,11601,1,0,300,0.5,1700,0.5,1
6,0,3840,1,0,300,0.5,572,0.32,486,0.18,1
6,1,7070,0,0,300,0.5,572,0.32,486,0.18,1
6,2,9226,0,0,300,0.5,1700,0.5,1
6,3,3321,2,10,5,0,500,0.6,1000,0.2,1400,0.2,1
6,4,8250,2,10,5,0,666,0.42,420,0.58,1
6,5,6546,2,10,5,0,666,0.42,420,0.58,1
6,6,11446,0,0,300,0.5,572,0.32,486,0.18,1
6,7,9198,2,10,5,0,500,0.6,1000,0.2,1400,0.2,1
6,8,6453,2,10,5,0,300,0.5,572,0.32,486,0.18,1
6,9,9808,1,0,300,0.5,1700,0.5,1
6,10,2265,1,0,500,0.6,1000,0.2,1400,0.2,1
6,11,9933,0,0,500,0.6,1000,0.2,1400,0.2,1
7,0,12258,0,0,300,0.5,1700,0.5,1
7,1,2226,2,10,5,0,666,0.42,420,0.58,1
7,2,1010,1,0,500,0.6,1000,0.2,1400,0.2,1
7,3,2912,2,10,5,0,300,0.5,1700,0.5,1
7,4,8445,0,0,500,0.6,1000,0.2,1400,0.2,1
7,5,10113,2,10,5,0,300,0.5,572,0.32,486,0.18,1
7,6,12617,2,10,5,0,500,0.6,1000,0.2,1400,0.2,1
7,7,94,1,0,300,0.5,572,0.32,486,0.18,1
7,8,14359,2,10,5,0,300,0.5,572,0.32,486,0.18,1
7,9,2442,0,0,300,0.5,1700,0.5,1
7,10,8314,1,0,500,0.6,1000,0.2,1400,0.2,1
7,11,4971,1,0,500,0.6,1000,0.2,1400,0.2,1
8,0,11330,1,0,300,0.5,572,0.32,486,0.18,1
8,1,4295,0,0,300,0.5,572,0.32,486,0.18,1
8,2,5108,2,10,5,0,300,0.5,572,0.32,486,0.18,1
8,3,12931,0,0,300,0.5,572,0.32,486,0.18,1
8,4,14960,1,0,500,0.6,1000,0.2,1400,0.2,1
8,5,13350,2,10,5,0,500,0.6,1000,0.2,1400,0.2,1
8,6,1521,0,0,300,0.5,572,0.32,486,0.18,1
8,7,1770,1,0,300,0.5,572,0.32,486,0.18,1
8,8,6920,0,0,500,0.6,1000,0.2,1400,0.2,1
8,9,3778,1,0,300,0.5,572,0.32,486,0.18,1
8,10,2931,2,10,5,0,300,0.5,572,0.32,486,0.18,1
8,11,14994,2,10,5,0,666,0.42,420,0.58,1
9,0,9501,0,0,300,0.5,572,0.32,486,0.18,1
9,1,5108,0,0,500,0.6,1000,0.2,1400,0.2,1
9,2,13766,2,10,5,0,300,0.5,572,0.32,486,0.18,1
9,3,12257,2,10,5,0,300,0.5,1700,0.5,1
9,4,14261,0,0,300,0.5,1700,0.5,1
9,5,12815,1,0,300,0.5,1700,0.5,1
9,6,10666,0,0,300,0.5,572,0.32,486,0.18,1
9,7,14296,1,0,300,0.5,572,0.32,486,0.18,1
9,8,14544,0,0,300,0.5,572,0.32,486,0.18,1
9,9,1620,0,0,300,0.5,572,0.32,486,0.18,1
9,10,1633,1,0,666,0.42,420,0.58,1
9,11,13716,0,0,666,0.42,420,0.58,1
10,0,2276,2,10,5,0,300,0.5,572,0.32,486,0.18,1
10,1,9639,1,0,500,0.6,1000,0.2,1400,0.2,1
10,2,399,1,0,500,0.6,1000,0.2,1400,0.2,1
10,3,1547,2,10,5,0,500,0.6,1000,0.2,1400,0.2,1
10,4,2239,0,0,300,0.5,1700,0.5,1
10,5,7337,1,0,300,0.5,572,0.32,486,0.18,1
10,6,25,2,10,5,0,500,0.6,1000,0.2,1400,0.2,1
10,7,11932,0,0,666,0.42,420,0.58,1
10,8,13894,1,0,300,0.5,1700,0.5,1
10,9,4814,0,0,300,0.5,1700,0.5,1
10,10,4032,0,0,300,0.5,1700,0.5,1
10,11,3663,2,10,5,0,500,0.6,1000,0.2,1400,0.2,1
11,0,5697,2,10,5,0,300,0.5,572,0.32,486,0.18,1
11,1,10888,0,0,300,0.5,1700,0.5,1
11,2,13075,1,0,300,0.5,1700,0.5,1
11,3,13062,0,0,300,0.5,1700,0.5,1
11,4,6630,2,10,5,0,300,0.5,1700,0.5,1
11,5,101,1,0,300,0.5,572,0.32,486,0.18,1
11,6,5865,0,0,500,0.6,1000,0.2,1400,0.2,1
11,7,1484,1,0,500,0.6,1000,0.2,1400,0.2,1
11,8,7572,1,0,500,0.6,1000,0.2,1400,0.2,1
11,9,14540,1,0,300,0.5,572,0.32,486,0.18,1
11,10,14906,2,10,5,0,300,0.5,572,0.32,486,0.18,1
11,11,1647,0,0,300,0.5,572,0.32,486,0.18,1
