0,0,6775,0,0,300,0.5,572,0.32,486,0.18,1
0,1,12532,0,0,500,0.6,1000,0.2,1400,0.2,1
0,2,10505,0,0,300,0.5,1700,0.5,1
0,3,5913,0,0,500,0.6,1000,0.2,1400,0.2,1
0,4,6037,1,0,300,0.5,1700,0.5,1
0,5,12129,0,0,500,0.6,1000,0.2,1400,0.2,1
0,6,10799,0,0,300,0.5,572,0.32,486,0.18,1
0,7,10330,1,0,666,0.42,420,0.58,1
0,8,8147,2,10,5,0,666,0.42,420,0.58,1
0,9,8213,0,0,500,0.6,1000,0.2,1400,0.2,1
0,10,3689,2,10,5,0,300,0.5,1700,0.5,1
0,11,1138,0,0,300,0.5,572,0.32,486,0.18,1
1,0,6009,0,0,500,0.6,1000,0.2,1400,0.2,1
1,1,7559,2,10,5,0,666,0.42,420,0.58,1
1,2,10656,1,0,300,0.5,1700,0.5,0
1,3,10122,0,0,500,0.6,1000,0.2,1400,0.2,1
1,4,12428,0,0,500,0.6,1000,0.2,1400,0.2,1
1,5,11735,2,10,5,0,300,0.5,572,0.32,486,0.18,1
1,6,6525,1,0,500,0.6,1000,0.2,1400,0.2,1
1,7,13951,1,0,300,0.5,1700,0.5,1
1,8,5470,0,0,666,0.42,420,0.58,1
1,9,14571,1,0,666,0.42,420,0.58,1
1,10,14451,1,0,666,0.42,420,0.58,1
1,11,1319,2,10,5,0,300,0.5,572,0.32,486,0.18,1
2,0,14027,1,0,500,0.6,1000,0.2,1400,0.2,1
2,1,3009,1,0,300,0.5,1700,0.5,1
2,2,5774,2,10,5,0,666,0.42,420,0.58,1
2,3,3001,1,0,500,0.6,1000,0.2,1400,0.2,1
2,4,6188,1,0,666,0.42,420,0.58,1
2,5,1515,0,0,500,0.6,1000,0.2,1400,0.2,1
2,6,4488,1,0,666,0.42,420,0.58,1
2,7,271,2,10,5,0,300,0.5,1700,0.5,1
2,8,2586,1,0,300,0.5,1700,0.5,1
2,9,6983,2,10,5,0,500,0.6,1000,0.2,1400,0.2,1
2,10,3627,0,0,666,0.42,420,0.58,1
2,11,365,2,10,5,0,300,0.5,1700,0.5,1
3,0,6788,2,10,5,0,300,0.5,1700,0.5,1
3,1,4062,2,10,5,0,300,0.5,1700,0.5,1
3,2,5012,1,0,666,0.42,420,0.58,1
3,3,2043,1,0,666,0.42,420,0.58,1
3,4,6382,0,0,666,0.42,420,0.58,1
3,5,13185,0,0,666,0.42,420,0.58,1
3,6,2797,1,0,300,0.5,1700,0.5,1
3,7,10903,0,0,666,0.42,420,0.58,1
3,8,14559,2,10,5,0,300,0.5,572,0.32,486,0.18,1
3,9,9765,1,0,300,0.5,572,0.32,486,0.18,1
3,10,9642,0,0,666,0.42,420,0.58,1
3,11,14417,1,0,300,0.5,1700,0.5,1
4,0,12089,0,0,500,0.6,1000,0.2,1400,0.2,1
4,1,14438,2,10,5,0,300,0.5,1700,0.5,1
4,2,13311,2,10,5,0,666,0.42,420,0.58,1
4,3,7805,1,0,300,0.5,1700,0.5,1
4,4,6466,1,0,300,0.5,1700,0.5,1
4,5,615,0,0,666,0.42,420,0.58,1
4,6,6665,1,0,300,0.5,1700,0.5,1
4,7,3683,0,0,300,0.5,572,0.32,486,0.18,1
4,8,4862,0,0,666,0.42,420,0.58,1
4,9,11017,2,10,5,0,300,0.5,1700,0.5,1
4,10,13078,1,0,300,0.5,572,0.32,486,0.18,1
4,11,14533,1,0,300,0.5,572,0.32,486,0.18,1
5,0,8943,0,0,666,0.42,420,0.58,1
5,1,5352,2,10,5,0,666,0.42,420,0.58,1
5,2,13919,1,0,500,0.6,1000,0.2,1400,0.2,1
5,3,9682,0,0,500,0.6,1000,0.2,1400,0.2,1
5,4,8109,0,0,300,0.5,572,0.32,486,0.18,1
5,5,9887,0,0,500,0.6,1000,0.2,1400,0.2,1
5,6,13004,1,0,300,0.5,572,0.32,486,0.18,1
5,7,7557,2,10,5,0,666,0.42,420,0.58,1
5,8,4396,0,0,300,0.5,1700,0.5,1
5,9,3113,1,0,300,0.5,1700,0.5,1
5,10,11408,1,0,300,0.5,1700,0.5,1
5,11,7805,0,0,500,0.6,1000,0.2,1400,0.2,1
6,0,8897,1,0,300,0.5,572,0.32,486,0.18,1
6,1,5753,2,10,5,0,666,0.42,420,0.58,1
6,2,7896,2,10,5,0,666,0.42,420,0.58,1
6,3,10889,2,10,5,0,300,0.5,572,0.32,486,0.18,1
6,4,7593,1,0,300,0.5,572,0.32,486,0.18,1
6,5,9878,0,0,666,0.42,420,0.58,1
6,6,7281,2,10,5,0,300,0.5,572,0.32,486,0.18,1
6,7,10490,0,0,300,0.5,1700,0.5,1
6,8,14348,2,10,5,0,666,0.42,420,0.58,1
6,9,12628,1,0,300,0.5,572,0.32,486,0.18,1
6,10,10561,2,10,5,0,300,0.5,1700,0.5,1
6,11,8967,0,0,300,0.5,1700,0.5,1
7,0,4940,1,0,300,0.5,572,0.32,486,0.18,1
7,1,8431,1,0,500,0.6,1000,0.2,1400,0.2,1
7,2,8946,0,0,300,0.5,572,0.32,486,0.18,1
7,3,819,0,0,666,0.42,420,0.58,1
7,4,1766,1,0,666,0.42,420,0.58,1
7,5,12264,0,0,666,0.42,420,0.58,1
7,6,13787,1,0,300,0.5,572,0.32,486,0.18,1
7,7,4655,0,0,300,0.5,572,0.32,486,0.18,1
7,8,12580,1,0,300,0.5,572,0.32,486,0.18,1
7,9,1601,0,0,500,0.6,1000,0.2,1400,0.2,1
7,10,8044,0,0,666,0.42,420,0.58,1
7,11,4287,2,10,5,0,300,0.5,1700,0.5,1
8,0,10293,0,0,300,0.5,572,0.32,486,0.18,1
8,1,1216,1,0,666,0.42,420,0.58,1
8,2,2971,1,0,300,0.5,1700,0.5,1
8,3,2502,0,0,300,0.5,572,0.32,486,0.18,1
8,4,5526,1,0,300,0.5,572,0.32,486,0.18,1
8,5,7488,2,10,5,0,500,0.6,1000,0.2,1400,0.2,1
8,6,12596,1,0,300,0.5,1700,0.5,1
8,7,14510,1,0,666,0.42,420,0.58,1
8,8,3068,2,10,5,0,666,0.42,420,0.58,1
8,9,14122,0,0,300,0.5,1700,0.5,1
8,10,10424,0,0,666,0.42,420,0.58,1
8,11,11409,2,10,5,0,666,0.42,420,0.58,1
9,0,10914,2,10,5,0,666,0.42,420,0.58,1
9,1,9783,1,0,666,0.42,420,0.58,1
9,2,4284,2,10,5,0,666,0.42,420,0.58,1
9,3,289,0,0,500,0.6,1000,0.2,1400,0.2,1
9,4,4697,0,0,500,0.6,1000,0.2,1400,0.2,1
9,5,14552,1,0,300,0.5,572,0.32,486,0.18,1
9,6,5563,1,0,300,0.5,1700,0.5,1
9,7,6499,1,0,300,0.5,572,0.32,486,0.18,1
9,8,7559,1,0,666,0.42,420,0.58,1
9,9,4367,2,10,5,0,666,0.42,420,0.58,1
9,10,7250,0,0,300,0.5,572,0.32,486,0.18,1
9,11,13920,1,0,300,0.5,1700,0.5,1
10,0,13799,1,0,300,0.5,1700,0.5,1
10,1,5659,1,0,300,0.5,572,0.32,486,0.18,1
10,2,4246,2,10,5,0,500,0.6,1000,0.2,1400,0.2,1
10,3,533,1,0,500,0.6,1000,0.2,1400,0.2,1
10,4,5866,2,10,5,0,300,0.5,1700,0.5,1
10,5,8734,0,0,300,0.5,572,0.32,486,0.18,1
10,6,753,0,0,300,0.5,572,0.32,486,0.18,1
10,7,7680,1,0,300,0.5,1700,0.5,1
10,8,912,0,0,300,0.5,572,0.32,486,0.18,1
10,9,6995,0,0,500,0.6,1000,0.2,1400,0.2,1
10,10,11903,1,0,300,0.5,572,0.32,486,0.18,1
10,11,8206,0,0,300,0.5,572,0.32,486,0.18,1
11,0,12746,0,0,300,0.5,572,0.32,486,0.18,1
11,1,5646,1,0,500,0.6,1000,0.2,1400,0.2,1
11,2,11726,1,0,500,0.6,1000,0.2,1400,0.2,1
11,3,10691,1,0,300,0.5,1700,0.5,1
11,4,13861,2,10,5,0,300,0.5,1700,0.5,1
11,5,8737,2,10,5,0,300,0.5,572,0.32,486,0.18,1
11,6,12052,1,0,300,0.5,572,0.32,486,0.18,1
11,7,6464,0,0,666,0.42,420,0.58,1
11,8,3517,1,0,300,0.5,1700,0.5,1
11,9,9170,1,0,666,0.42,420,0.58,1
11,10,7668,1,0,500,0.6,1000,0.2,1400,0.2,1
11,11,3029,1,0,666,0.42,420,0.58,1
