0,0,8334,1,0,300,0.5,1700,0.5,1
0,1,1445,0,0,300,0.5,572,0.32,486,0.18,1
0,2,2962,1,0,300,0.5,1700,0.5,1
0,3,6453,1,0,300,0.5,572,0.32,486,0.18,1
0,4,8777,2,10,5,0,666,0.42,420,0.58,1
0,5,2667,0,0,300,0.5,572,0.32,486,0.18,1
0,6,9865,2,10,5,0,300,0.5,1700,0.5,1
0,7,13927,2,10,5,0,666,0.42,420,0.58,1
0,8,3079,2,10,5,0,666,0.42,420,0.58,1
0,9,9238,2,10,5,0,500,0.6,1000,0.2,1400,0.2,1
0,10,7495,0,0,300,0.5,572,0.32,486,0.18,1
0,11,3671,0,0,300,0.5,572,0.32,486,0.18,1
1,0,10706,2,10,5,0,300,0.5,1700,0.5,1
1,1,924,1,0,666,0.42,420,0.58,1
1,2,7453,1,0,300,0.5,1700,0.5,0
1,3,3723,2,10,5,0,300,0.5,572,0.32,486,0.18,1
1,4,11178,0,0,666,0.42,420,0.58,1
1,5,10794,0,0,300,0.5,572,0.32,486,0.18,1
1,6,9641,2,10,5,0,500,0.6,1000,0.2,1400,0.2,1
1,7,2162,0,0,300,0.5,1700,0.5,1
1,8,12260,2,10,5,0,300,0.5,572,0.32,486,0.18,1
1,9,7738,2,10,5,0,500,0.6,1000,0.2,1400,0.2,1
1,10,8676,1,0,500,0.6,1000,0.2,1400,0.2,1
1,11,7739,2,10,5,0,666,0.42,420,0.58,1
2,0,7274,2,10,5,0,666,0.42,420,0.58,1
2,1,11689,1,0,300,0.5,1700,0.5,1
2,2,4273,0,0,666,0.42,420,0.58,1
2,3,723,0,0,666,0.42,420,0.58,1
2,4,4749,0,0,666,0.42,420,0.58,1
2,5,675,0,0,500,0.6,1000,0.2,1400,0.2,1
2,6,7822,0,0,666,0.42,420,0.58,1
2,7,4661,0,0,666,0.42,420,0.58,1
2,8,6099,0,0,500,0.6,1000,0.2,1400,0.2,1
2,9,6511,1,0,500,0.6,1000,0.2,1400,0.2,1
2,10,3939,0,0,666,0.42,420,0.58,1
2,11,14128,1,0,300,0.5,1700,0.5,1
3,0,11980,0,0,300,0.5,1700,0.5,1
3,1,10929,0,0,666,0.42,420,0.58,1
3,2,10941,0,0,300,0.5,572,0.32,486,0.18,1
3,3,5856,2,10,5,0,666,0.42,420,0.58,1
3,4,7213,0,0,500,0.6,1000,0.2,1400,0.2,1
3,5,11714,2,10,5,0,666,0.42,420,0.58,1
3,6,13774,2,10,5,0,300,0.5,1700,0.5,1
3,7,11664,1,0,500,0.6,1000,0.2,1400,0.2,1
3,8,11428,1,0,300,0.5,1700,0.5,1
3,9,12060,1,0,300,0.5,1700,0.5,1
3,10,3098,2,10,5,0,300,0.5,1700,0.5,1
3,11,8977,2,10,5,0,300,0.5,572,0.32,486,0.18,1
4,0,1156,1,0,666,0.42,420,0.58,1
4,1,7769,1,0,500,0.6,1000,0.2,1400,0.2,1
4,2,3758,0,0,666,0.42,420,0.58,1
4,3,2626,1,0,300,0.5,572,0.32,486,0.18,1
4,4,7752,1,0,500,0.6,1000,0.2,1400,0.2,1
4,5,5563,2,10,5,0,300,0.5,572,0.32,486,0.18,1
4,6,8633,1,0,300,0.5,1700,0.5,1
4,7,9207,1,0,500,0.6,1000,0.2,1400,0.2,1
4,8,9336,0,0,300,0.5,572,0.32,486,0.18,1
4,9,6297,1,0,500,0.6,1000,0.2,1400,0.2,1
4,10,8315,1,0,500,0.6,1000,0.2,1400,0.2,1
4,11,13438,1,0,666,0.42,420,0.58,1
5,0,4372,1,0,300,0.5,1700,0.5,1
5,1,5655,2,10,5,0,500,0.6,1000,0.2,1400,0.2,1
5,2,3908,1,0,500,0.6,1000,0.2,1400,0.2,1
5,3,6964,1,0,300,0.5,572,0.32,486,0.18,1
5,4,13793,2,10,5,0,666,0.42,420,0.58,1
5,5,7571,1,0,300,0.5,572,0.32,486,0.18,1
5,6,2303,0,0,300,0.5,1700,0.5,1
5,7,1182,0,0,300,0.5,1700,0.5,1
5,8,11317,0,0,500,0.6,1000,0.2,1400,0.2,1
5,9,4865,1,0,300,0.5,572,0.32,486,0.18,1
5,10,2815,0,0,300,0.5,572,0.32,486,0.18,1
5,11,3503,0,0,500,0.6,1000,0.2,1400,0.2,1
6,0,14997,2,10,5,0,300,0.5,572,0.32,486,0.18,1
6,1,7561,0,0,300,0.5,572,0.32,486,0.18,1
6,2,13311,2,10,5,0,300,0.5,572,0.32,486,0.18,1
6,3,1637,0,0,300,0.5,572,0.32,486,0.18,1
6,4,2176,2,10,5,0,666,0.42,420,0.58,1
6,5,8190,2,10,5,0,300,0.5,572,0.32,486,0.18,1
6,6,344,0,0,666,0.42,420,0.58,1
6,7,3791,0,0,500,0.6,1000,0.2,1400,0.2,1
6,8,13242,1,0,300,0.5,1700,0.5,1
6,9,13362,2,10,5,0,300,0.5,1700,0.5,1
6,10,10739,2,10,5,0,300,0.5,572,0.32,486,0.18,1
6,11,11886,2,10,5,0,500,0.6,1000,0.2,1400,0.2,1
7,0,1445,1,0,500,0.6,1000,0.2,1400,0.2,1
7,1,11867,2,10,5,0,666,0.42,420,0.58,1
7,2,14741,2,10,5,0,500,0.6,1000,0.2,1400,0.2,1
7,3,13500,2,10,5,0,300,0.5,572,0.32,486,0.18,1
7,4,6296,0,0,500,0.6,1000,0.2,1400,0.2,1
7,5,6530,0,0,300,0.5,572,0.32,486,0.18,1
7,6,12228,0,0,500,0.6,1000,0.2,1400,0.2,1
7,7,10688,1,0,300,0.5,572,0.32,486,0.18,1
7,8,11901,0,0,666,0.42,420,0.58,1
7,9,9259,2,10,5,0,300,0.5,1700,0.5,1
7,10,2779,2,10,5,0,300,0.5,1700,0.5,1
7,11,10492,0,0,500,0.6,1000,0.2,1400,0.2,1
8,0,4985,0,0,300,0.5,1700,0.5,1
8,1,1769,0,0,300,0.5,572,0.32,486,0.18,1
8,2,7124,1,0,300,0.5,1700,0.5,1
8,3,3553,0,0,300,0.5,1700,0.5,1
8,4,7104,1,0,300,0.5,572,0.32,486,0.18,1
8,5,5610,2,10,5,0,666,0.42,420,0.58,1
8,6,5395,1,0,300,0.5,1700,0.5,1
8,7,6290,0,0,666,0.42,420,0.58,1
8,8,415,0,0,500,0.6,1000,0.2,1400,0.2,1
8,9,4671,2,10,5,0,500,0.6,1000,0.2,1400,0.2,1
8,10,11944,1,0,300,0.5,572,0.32,486,0.18,1
8,11,9011,2,10,5,0,300,0.5,1700,0.5,1
9,0,3915,2,10,5,0,300,0.5,1700,0.5,1
9,1,8133,1,0,666,0.42,420,0.58,1
9,2,9074,0,0,300,0.5,1700,0.5,1
9,3,14427,1,0,500,0.6,1000,0.2,1400,0.2,1
9,4,5604,0,0,300,0.5,572,0.32,486,0.18,1
9,5,8751,1,0,666,0.42,420,0.58,1
9,6,13335,1,0,300,0.5,1700,0.5,1
9,7,8013,1,0,500,0.6,1000,0.2,1400,0.2,1
9,8,2052,2,10,5,0,500,0.6,1000,0.2,1400,0.2,1
9,9,12265,0,0,300,0.5,1700,0.5,1
9,10,11819,1,0,500,0.6,1000,0.2,1400,0.2,1
9,11,4483,1,0,500,0.6,1000,0.2,1400,0.2,1
10,0,6361,0,0,666,0.42,420,0.58,1
10,1,10922,0,0,500,0.6,1000,0.2,1400,0.2,1
10,2,6066,1,0,666,0.42,420,0.58,1
10,3,5402,1,0,300,0.5,572,0.32,486,0.18,1
10,4,13810,1,0,666,0.42,420,0.58,1
10,5,8355,0,0,300,0.5,1700,0.5,1
10,6,10835,1,0,500,0.6,1000,0.2,1400,0.2,1
10,7,1292,2,10,5,0,666,0.42,420,0.58,1
10,8,11722,1,0,300,0.5,572,0.32,486,0.18,1
10,9,13327,1,0,666,0.42,420,0.58,1
10,10,13649,1,0,300,0.5,572,0.32,486,0.18,1
10,11,10712,0,0,666,0.42,420,0.58,1
11,0,9920,0,0,500,0.6,1000,0.2,1400,0.2,1
11,1,266,2,10,5,0,500,0.6,1000,0.2,1400,0.2,1
11,2,2728,2,10,5,0,300,0.5,1700,0.5,1
11,3,13006,2,10,5,0,300,0.5,572,0.32,486,0.18,1
11,4,12542,0,0,500,0.6,1000,0.2,1400,0.2,1
11,5,4222,2,10,5,0,666,0.42,420,0.58,1
11,6,7542,2,10,5,0,500,0.6,1000,0.2,1400,0.2,1
11,7,403,1,0,666,0.42,420,0.58,1
11,8,2927,1,0,300,0.5,1700,0.5,1
11,9,2818,2,10,5,0,666,0.42,420,0.58,1
11,10,11094,1,0,500,0.6,1000,0.2,1400,0.2,1
11,11,4504,1,0,666,0.42,420,0.58,1
