0,0,10810,1,0,666,0.42,420,0.58,1
0,1,5860,1,0,666,0.42,420,0.58,1
0,2,2142,1,0,666,0.42,420,0.58,1
0,3,648,0,0,500,0.6,1000,0.2,1400,0.2,1
0,4,12832,2,10,5,0,666,0.42,420,0.58,1
0,5,4733,1,0,500,0.6,1000,0.2,1400,0.2,1
0,6,10977,1,0,500,0.6,1000,0.2,1400,0.2,1
0,7,2114,2,10,5,0,300,0.5,1700,0.5,1
0,8,14179,2,10,5,0,300,0.5,572,0.32,486,0.18,1
0,9,4301,1,0,500,0.6,1000,0.2,1400,0.2,1
0,10,9960,2,10,5,0,300,0.5,1700,0.5,1
0,11,3955,2,10,5,0,300,0.5,572,0.32,486,0.18,1
1,0,13442,0,0,300,0.5,572,0.32,486,0.18,1
1,1,12174,0,0,300,0.5,1700,0.5,1
1,2,8202,0,0,300,0.5,1700,0.5,0
1,3,3824,1,0,666,0.42,420,0.58,1
1,4,5162,1,0,300,0.5,572,0.32,486,0.18,1
1,5,14165,1,0,300,0.5,572,0.32,486,0.18,1
1,6,13278,0,0,500,0.6,1000,0.2,1400,0.2,1
1,7,14987,1,0,666,0.42,420,0.58,1
1,8,9891,0,0,666,0.42,420,0.58,1
1,9,2529,1,0,666,0.42,420,0.58,1
1,10,14321,2,10,5,0,500,0.6,1000,0.2,1400,0.2,1
1,11,988,1,0,666,0.42,420,0.58,1
2,0,9883,1,0,500,0.6,1000,0.2,1400,0.2,1
2,1,12853,0,0,300,0.5,1700,0.5,1
2,2,13134,0,0,500,0.6,1000,0.2,1400,0.2,1
2,3,14107,1,0,666,0.42,420,0.58,1
2,4,3068,2,10,5,0,500,0.6,1000,0.2,1400,0.2,1
2,5,3656,1,0,300,0.5,572,0.32,486,0.18,1
2,6,8559,1,0,300,0.5,1700,0.5,1
2,7,5115,2,10,5,0,500,0.6,1000,0.2,1400,0.2,1
2,8,6722,0,0,500,0.6,1000,0.2,1400,0.2,1
2,9,947,2,10,5,0,666,0.42,420,0.58,1
2,10,5352,2,10,5,0,300,0.5,572,0.32,486,0.18,1
2,11,13760,2,10,5,0,300,0.5,1700,0.5,1
3,0,7576,0,0,500,0.6,1000,0.2,1400,0.2,1
3,1,7218,2,10,5,0,666,0.42,420,0.58,1
3,2,11706,1,0,500,0.6,1000,0.2,1400,0.2,1
3,3,14309,0,0,300,0.5,1700,0.5,1
3,4,5259,0,0,300,0.5,1700,0.5,1
3,5,10004,1,0,300,0.5,1700,0.5,1
3,6,5194,2,10,5,0,666,0.42,420,0.58,1
3,7,7599,1,0,300,0.5,572,0.32,486,0.18,1
3,8,2089,0,0,300,0.5,572,0.32,486,0.18,1
3,9,8369,1,0,500,0.6,1000,0.2,1400,0.2,1
3,10,6331,1,0,300,0.5,1700,0.5,1
3,11,515,1,0,300,0.5,572,0.32,486,0.18,1
4,0,2194,2,10,5,0,500,0.6,1000,0.2,1400,0.2,1
4,1,1843,1,0,300,0.5,1700,0.5,1
4,2,3579,1,0,666,0.42,420,0.58,1
4,3,9135,0,0,666,0.42,420,0.58,1
4,4,13904,1,0,300,0.5,572,0.32,486,0.18,1
4,5,14701,0,0,666,0.42,420,0.58,1
4,6,6525,0,0,300,0.5,572,0.32,486,0.18,1
4,7,6669,2,10,5,0,300,0.5,572,0.32,486,0.18,1
4,8,1019,0,0,300,0.5,572,0.32,486,0.18,1
4,9,2717,1,0,500,0.6,1000,0.2,1400,0.2,1
4,10,14615,2,10,5,0,300,0.5,1700,0.5,1
4,11,7189,2,10,5,0,300,0.5,572,0.32,486,0.18,1
5,0,10400,0,0,300,0.5,572,0.32,486,0.18,1
5,1,1500,2,10,5,0,300,0.5,1700,0.5,1
5,2,2184,1,0,300,0.5,572,0.32,486,0.18,1
5,3,4296,1,0,300,0.5,572,0.32,486,0.18,1
5,4,13978,1,0,666,0.42,420,0.58,1
5,5,10098,0,0,300,0.5,1700,0.5,1
5,6,12831,0,0,666,0.42,420,0.58,1
5,7,5325,0,0,666,0.42,420,0.58,1
5,8,13385,0,0,300,0.5,572,0.32,486,0.18,1
5,9,4813,2,10,5,0,666,0.42,420,0.58,1
5,10,1367,1,0,300,0.5,572,0.32,486,0.18,1
5,11,9198,0,0,666,0.42,420,0.58,1
6,0,8512,1,0,300,0.5,1700,0.5,1
6,1,2853,0,0,500,0.6,1000,0.2,1400,0.2,1
6,2,9988,1,0,300,0.5,572,0.32,486,0.18,1
6,3,12947,0,0,666,0.42,420,0.58,1
6,4,10034,2,10,5,0,500,0.6,1000,0.2,1400,0.2,1
6,5,1030,1,0,300,0.5,1700,0.5,1
6,6,10244,1,0,666,0.42,420,0.58,1
6,7,13425,2,10,5,0,300,0.5,1700,0.5,1
6,8,3212,2,10,5,0,500,0.6,1000,0.2,1400,0.2,1
6,9,3877,0,0,500,0.6,1000,0.2,1400,0.2,1
6,10,10149,0,0,500,0.6,1000,0.2,1400,0.2,1
6,11,4014,0,0,666,0.42,420,0.58,1
7,0,11183,1,0,300,0.5,1700,0.5,1
7,1,7298,1,0,500,0.6,1000,0.2,1400,0.2,1
7,2,7798,0,0,300,0.5,572,0.32,486,0.18,1
7,3,7687,0,0,300,0.5,1700,0.5,1
7,4,6861,1,0,500,0.6,1000,0.2,1400,0.2,1
7,5,12153,2,10,5,0,300,0.5,1700,0.5,1
7,6,3945,0,0,500,0.6,1000,0.2,1400,0.2,1
7,7,6542,1,0,300,0.5,572,0.32,486,0.18,1
7,8,13197,2,10,5,0,666,0.42,420,0.58,1
7,9,10745,2,10,5,0,666,0.42,420,0.58,1
7,10,388,1,0,300,0.5,572,0.32,486,0.18,1
7,11,820,0,0,666,0.42,420,0.58,1
8,0,7417,1,0,500,0.6,1000,0.2,1400,0.2,1
8,1,8229,1,0,666,0.42,420,0.58,1
8,2,7756,1,0,300,0.5,572,0.32,486,0.18,1
8,3,2162,0,0,500,0.6,1000,0.2,1400,0.2,1
8,4,8470,0,0,500,0.6,1000,0.2,1400,0.2,1
8,5,1937,0,0,500,0.6,1000,0.2,1400,0.2,1
8,6,10127,0,0,300,0.5,572,0.32,486,0.18,1
8,7,9674,0,0,300,0.5,1700,0.5,1
8,8,7629,2,10,5,0,500,0.6,1000,0.2,1400,0.2,1
8,9,13303,0,0,300,0.5,572,0.32,486,0.18,1
8,10,11660,2,10,5,0,300,0.5,1700,0.5,1
8,11,12802,0,0,666,0.42,420,0.58,1
9,0,8459,1,0,300,0.5,572,0.32,486,0.18,1
9,1,6467,0,0,300,0.5,572,0.32,486,0.18,1
9,2,3210,1,0,666,0.42,420,0.58,1
9,3,10294,1,0,300,0.5,572,0.32,486,0.18,1
9,4,5061,1,0,300,0.5,572,0.32,486,0.18,1
9,5,981,0,0,300,0.5,572,0.32,486,0.18,1
9,6,7444,0,0,666,0.42,420,0.58,1
9,7,13424,2,10,5,0,666,0.42,420,0.58,1
9,8,5486,0,0,500,0.6,1000,0.2,1400,0.2,1
9,9,7468,0,0,300,0.5,1700,0.5,1
9,10,3743,1,0,300,0.5,1700,0.5,1
9,11,3608,1,0,300,0.5,572,0.32,486,0.18,1
10,0,6459,0,0,300,0.5,572,0.32,486,0.18,1
10,1,5070,0,0,666,0.42,420,0.58,1
10,2,2959,2,10,5,0,300,0.5,572,0.32,486,0.18,1
10,3,537,1,0,300,0.5,572,0.32,486,0.18,1
10,4,14803,1,0,300,0.5,1700,0.5,1
10,5,11154,2,10,5,0,300,0.5,572,0.32,486,0.18,1
10,6,412,2,10,5,0,666,0.42,420,0.58,1
10,7,11062,2,10,5,0,300,0.5,1700,0.5,1
10,8,11390,2,10,5,0,300,0.5,572,0.32,486,0.18,1
10,9,13898,2,10,5,0,666,0.42,420,0.58,1
10,10,8077,2,10,5,0,666,0.42,420,0.58,1
10,11,13403,2,10,5,0,500,0.6,1000,0.2,1400,0.2,1
11,0,216,0,0,666,0.42,420,0.58,1
11,1,8258,0,0,300,0.5,1700,0.5,1
11,2,639,1,0,300,0.5,572,0.32,486,0.18,1
11,3,3485,2,10,5,0,666,0.42,420,0.58,1
11,4,7394,0,0,300,0.5,1700,0.5,1
11,5,5792,1,0,300,0.5,1700,0.5,1
11,6,6971,1,0,666,0.42,420,0.58,1
11,7,3097,0,0,666,0.42,420,0.58,1
11,8,10290,0,0,300,0.5,572,0.32,486,0.18,1
11,9,7248,0,0,500,0.6,1000,0.2,1400,0.2,1
11,10,8925,2,10,5,0,666,0.42,420,0.58,1
11,11,7476,0,0,666,0.42,420,0.58,1
