0,0,14984,0,0,500,0.6,1000,0.2,1400,0.2,1
0,1,4976,2,10,5,0,500,0.6,1000,0.2,1400,0.2,1
0,2,1136,1,0,300,0.5,1700,0.5,1
0,3,1075,2,10,5,0,300,0.5,572,0.32,486,0.18,1
0,4,11014,1,0,300,0.5,1700,0.5,1
0,5,6427,2,10,5,0,300,0.5,572,0.32,486,0.18,1
0,6,10032,0,0,500,0.6,1000,0.2,1400,0.2,1
0,7,14567,1,0,300,0.5,1700,0.5,1
0,8,14198,0,0,666,0.42,420,0.58,1
0,9,14799,1,0,300,0.5,1700,0.5,1
0,10,2007,0,0,300,0.5,572,0.32,486,0.18,1
0,11,13007,1,0,666,0.42,420,0.58,1
1,0,5390,2,10,5,0,300,0.5,1700,0.5,1
1,1,10391,1,0,300,0.5,572,0.32,486,0.18,1
1,2,11761,0,0,666,0.42,420,0.58,0
1,3,1913,2,10,5,0,666,0.42,420,0.58,1
1,4,7308,0,0,300,0.5,1700,0.5,1
1,5,431,0,0,300,0.5,572,0.32,486,0.18,1
1,6,11975,2,10,5,0,666,0.42,420,0.58,1
1,7,6226,0,0,300,0.5,1700,0.5,1
1,8,10878,2,10,5,0,666,0.42,420,0.58,1
1,9,6583,1,0,500,0.6,1000,0.2,1400,0.2,1
1,10,1886,1,0,666,0.42,420,0.58,1
1,11,11701,2,10,5,0,666,0.42,420,0.58,1
2,0,11185,0,0,300,0.5,1700,0.5,1
2,1,11452,2,10,5,0,666,0.42,420,0.58,1
2,2,103,2,10,5,0,300,0.5,572,0.32,486,0.18,1
2,3,2584,0,0,300,0.5,572,0.32,486,0.18,1
2,4,4983,2,10,5,0,300,0.5,1700,0.5,1
2,5,1512,0,0,300,0.5,572,0.32,486,0.18,1
2,6,626,1,0,666,0.42,420,0.58,1
2,7,5507,1,0,300,0.5,572,0.32,486,0.18,1
2,8,730,2,10,5,0,666,0.42,420,0.58,1
2,9,2882,0,0,666,0.42,420,0.58,1
2,10,7378,1,0,300,0.5,1700,0.5,1
2,11,7487,2,10,5,0,300,0.5,1700,0.5,1
3,0,5960,2,10,5,0,300,0.5,1700,0.5,1
3,1,8925,0,0,300,0.5,1700,0.5,1
3,2,4168,1,0,666,0.42,420,0.58,1
3,3,5321,2,10,5,0,666,0.42,420,0.58,1
3,4,9273,1,0,500,0.6,1000,0.2,1400,0.2,1
3,5,1954,0,0,300,0.5,572,0.32,486,0.18,1
3,6,6202,2,10,5,0,300,0.5,1700,0.5,1
3,7,9513,1,0,300,0.5,1700,0.5,1
3,8,14423,1,0,666,0.42,420,0.58,1
3,9,12354,0,0,300,0.5,1700,0.5,1
3,10,10898,0,0,300,0.5,572,0.32,486,0.18,1
3,11,6693,0,0,666,0.42,420,0.58,1
4,0,11631,0,0,666,0.42,420,0.58,1
4,1,5776,1,0,500,0.6,1000,0.2,1400,0.2,1
4,2,11523,0,0,666,0.42,420,0.58,1
4,3,11766,2,10,5,0,300,0.5,572,0.32,486,0.18,1
4,4,2740,1,0,300,0.5,1700,0.5,1
4,5,5637,1,0,300,0.5,572,0.32,486,0.18,1
4,6,663,1,0,300,0.5,1700,0.5,1
4,7,8285,2,10,5,0,500,0.6,1000,0.2,1400,0.2,1
4,8,9647,1,0,300,0.5,1700,0.5,1
4,9,5779,1,0,300,0.5,572,0.32,486,0.18,1
4,10,11046,1,0,300,0.5,572,0.32,486,0.18,1
4,11,8323,2,10,5,0,300,0.5,1700,0.5,1
5,0,2867,2,10,5,0,500,0.6,1000,0.2,1400,0.2,1
5,1,8223,2,10,5,0,500,0.6,1000,0.2,1400,0.2,1
5,2,13871,0,0,300,0.5,572,0.32,486,0.18,1
5,3,3640,0,0,300,0.5,1700,0.5,1
5,4,12776,1,0,300,0.5,1700,0.5,1
5,5,3428,0,0,300,0.5,572,0.32,486,0.18,1
5,6,13119,2,10,5,0,300,0.5,572,0.32,486,0.18,1
5,7,617,1,0,500,0.6,1000,0.2,1400,0.2,1
5,8,11852,2,10,5,0,300,0.5,1700,0.5,1
5,9,13459,0,0,300,0.5,1700,0.5,1
5,10,2812,2,10,5,0,300,0.5,1700,0.5,1
5,11,8753,2,10,5,0,300,0.5,1700,0.5,1
6,0,10157,1,0,300,0.5,572,0.32,486,0.18,1
6,1,12841,1,0,500,0.6,1000,0.2,1400,0.2,1
6,2,1692,1,0,500,0.6,1000,0.2,1400,0.2,1
6,3,12245,1,0,300,0.5,572,0.32,486,0.18,1
6,4,1003,1,0,300,0.5,572,0.32,486,0.18,1
6,5,13592,1,0,666,0.42,420,0.58,1
6,6,4905,2,10,5,0,500,0.6,1000,0.2,1400,0.2,1
6,7,4602,1,0,500,0.6,1000,0.2,1400,0.2,1
6,8,12169,0,0,300,0.5,1700,0.5,1
6,9,14133,0,0,666,0.42,420,0.58,1
6,10,4041,1,0,666,0.42,420,0.58,1
6,11,10405,1,0,500,0.6,1000,0.2,1400,0.2,1
7,0,11521,1,0,666,0.42,420,0.58,1
7,1,8902,0,0,300,0.5,572,0.32,486,0.18,1
7,2,10444,1,0,300,0.5,572,0.32,486,0.18,1
7,3,6003,0,0,300,0.5,572,0.32,486,0.18,1
7,4,1600,0,0,300,0.5,1700,0.5,1
7,5,12326,2,10,5,0,500,0.6,1000,0.2,1400,0.2,1
7,6,205,1,0,500,0.6,1000,0.2,1400,0.2,1
7,7,3178,1,0,666,0.42,420,0.58,1
7,8,14628,2,10,5,0,666,0.42,420,0.58,1
7,9,4250,0,0,300,0.5,572,0.32,486,0.18,1
7,10,7054,2,10,5,0,300,0.5,1700,0.5,1
7,11,6837,2,10,5,0,500,0.6,1000,0.2,1400,0.2,1
8,0,1992,1,0,300,0.5,572,0.32,486,0.18,1
8,1,11108,1,0,500,0.6,1000,0.2,1400,0.2,1
8,2,9795,1,0,500,0.6,1000,0.2,1400,0.2,1
8,3,12663,1,0,666,0.42,420,0.58,1
8,4,10763,2,10,5,0,300,0.5,572,0.32,486,0.18,1
8,5,430,2,10,5,0,500,0.6,1000,0.2,1400,0.2,1
8,6,9976,1,0,666,0.42,420,0.58,1
8,7,380,0,0,300,0.5,572,0.32,486,0.18,1
8,8,380,1,0,300,0.5,1700,0.5,1
8,9,2092,0,0,300,0.5,1700,0.5,1
8,10,9918,2,10,5,0,300,0.5,1700,0.5,1
8,11,1304,1,0,300,0.5,572,0.32,486,0.18,1
9,0,569,1,0,666,0.42,420,0.58,1
9,1,9141,0,0,500,0.6,1000,0.2,1400,0.2,1
9,2,3467,0,0,300,0.5,572,0.32,486,0.18,1
9,3,7566,1,0,300,0.5,1700,0.5,1
9,4,8258,2,10,5,0,666,0.42,420,0.58,1
9,5,11069,2,10,5,0,300,0.5,572,0.32,486,0.18,1
9,6,2649,1,0,500,0.6,1000,0.2,1400,0.2,1
9,7,14693,0,0,666,0.42,420,0.58,1
9,8,6773,2,10,5,0,666,0.42,420,0.58,1
9,9,5692,1,0,300,0.5,1700,0.5,1
9,10,7891,0,0,300,0.5,1700,0.5,1
9,11,64,1,0,300,0.5,1700,0.5,1
10,0,6932,0,0,666,0.42,420,0.58,1
10,1,1669,0,0,300,0.5,572,0.32,486,0.18,1
10,2,13541,0,0,300,0.5,572,0.32,486,0.18,1
10,3,10701,0,0,500,0.6,1000,0.2,1400,0.2,1
10,4,6306,1,0,500,0.6,1000,0.2,1400,0.2,1
10,5,11059,1,0,666,0.42,420,0.58,1
10,6,7132,2,10,5,0,666,0.42,420,0.58,1
10,7,660,1,0,300,0.5,1700,0.5,1
10,8,12259,2,10,5,0,300,0.5,572,0.32,486,0.18,1
10,9,10140,0,0,500,0.6,1000,0.2,1400,0.2,1
10,10,5501,0,0,666,0.42,420,0.58,1
10,11,5010,1,0,300,0.5,1700,0.5,1
11,0,11514,0,0,300,0.5,572,0.32,486,0.18,1
11,1,1253,2,10,5,0,666,0.42,420,0.58,1
11,2,11658,1,0,300,0.5,1700,0.5,1
11,3,4590,2,10,5,0,300,0.5,572,0.32,486,0.18,1
11,4,13148,2,10,5,0,300,0.5,572,0.32,486,0.18,1
11,5,3923,1,0,500,0.6,1000,0.2,1400,0.2,1
11,6,9853,2,10,5,0,500,0.6,1000,0.2,1400,0.2,1
11,7,4466,0,0,666,0.42,420,0.58,1
11,8,12083,2,10,5,0,300,0.5,1700,0.5,1
11,9,6955,0,0,666,0.42,420,0.58,1
11,10,4875,1,0,300,0.5,1700,0.5,1
11,11,7285,1,0,500,0.6,1000,0.2,1400,0.2,1
