0,0,12253,2,10,5,0,500,0.6,1000,0.2,1400,0.2,1
0,1,293,0,0,666,0.42,420,0.58,1
0,2,11776,1,0,300,0.5,1700,0.5,1
0,3,4029,1,0,300,0.5,1700,0.5,1
0,4,4076,1,0,500,0.6,1000,0.2,1400,0.2,1
0,5,11366,2,10,5,0,666,0.42,420,0.58,1
0,6,11439,1,0,666,0.42,420,0.58,1
0,7,14802,2,10,5,0,300,0.5,572,0.32,486,0.18,1
0,8,14608,0,0,300,0.5,572,0.32,486,0.18,1
0,9,10340,1,0,300,0.5,572,0.32,486,0.18,1
0,10,13614,2,10,5,0,300,0.5,1700,0.5,1
0,11,11527,0,0,300,0.5,1700,0.5,1
1,0,2743,2,10,5,0,666,0.42,420,0.58,1
1,1,104,2,10,5,0,666,0.42,420,0.58,1
1,2,10869,2,10,5,0,500,0.6,1000,0.2,1400,0.2,0
1,3,14600,1,0,666,0.42,420,0.58,1
1,4,3446,2,10,5,0,300,0.5,572,0.32,486,0.18,1
1,5,4097,0,0,300,0.5,1700,0.5,1
1,6,13926,0,0,666,0.42,420,0.58,1
1,7,4599,1,0,300,0.5,572,0.32,486,0.18,1
1,8,170,0,0,300,0.5,572,0.32,486,0.18,1
1,9,10697,1,0,500,0.6,1000,0.2,1400,0.2,1
1,10,3362,1,0,300,0.5,572,0.32,486,0.18,1
1,11,11492,2,10,5,0,300,0.5,572,0.32,486,0.18,1
2,0,12506,0,0,300,0.5,1700,0.5,1
2,1,10635,2,10,5,0,300,0.5,572,0.32,486,0.18,1
2,2,3742,2,10,5,0,300,0.5,572,0.32,486,0.18,1
2,3,14057,1,0,666,0.42,420,0.58,1
2,4,11279,2,10,5,0,666,0.42,420,0.58,1
2,5,13778,2,10,5,0,500,0.6,1000,0.2,1400,0.2,1
2,6,2749,1,0,666,0.42,420,0.58,1
2,7,8015,0,0,300,0.5,572,0.32,486,0.18,1
2,8,2834,2,10,5,0,500,0.6,1000,0.2,1400,0.2,1
2,9,2275,0,0,666,0.42,420,0.58,1
2,10,5528,1,0,300,0.5,1700,0.5,1
2,11,10659,0,0,666,0.42,420,0.58,1
3,0,12029,1,0,300,0.5,1700,0.5,1
3,1,6668,0,0,666,0.42,420,0.58,1
3,2,8263,0,0,500,0.6,1000,0.2,1400,0.2,1
3,3,13388,0,0,500,0.6,1000,0.2,1400,0.2,1
3,4,14263,1,0,300,0.5,1700,0.5,1
3,5,2555,2,10,5,0,666,0.42,420,0.58,1
3,6,11424,0,0,300,0.5,572,0.32,486,0.18,1
3,7,10337,1,0,500,0.6,1000,0.2,1400,0.2,1
3,8,6393,0,0,300,0.5,572,0.32,486,0.18,1
3,9,3396,1,0,300,0.5,572,0.32,486,0.18,1
3,10,506,1,0,500,0.6,1000,0.2,1400,0.2,1
3,11,6667,2,10,5,0,300,0.5,1700,0.5,1
4,0,14017,2,10,5,0,500,0.6,1000,0.2,1400,0.2,1
4,1,14768,0,0,300,0.5,572,0.32,486,0.18,1
4,2,12307,2,10,5,0,500,0.6,1000,0.2,1400,0.2,1
4,3,6884,2,10,5,0,300,0.5,572,0.32,486,0.18,1
4,4,14316,2,10,5,0,666,0.42,420,0.58,1
4,5,4702,1,0,300,0.5,572,0.32,486,0.18,1
4,6,10096,0,0,300,0.5,1700,0.5,1
4,7,9508,2,10,5,0,666,0.42,420,0.58,1
4,8,5206,2,10,5,0,666,0.42,420,0.58,1
4,9,1561,0,0,300,0.5,572,0.32,486,0.18,1
4,10,11995,1,0,300,0.5,572,0.32,486,0.18,1
4,11,6953,1,0,500,0.6,1000,0.2,1400,0.2,1
5,0,7647,1,0,300,0.5,572,0.32,486,0.18,1
5,1,4821,2,10,5,0,300,0.5,572,0.32,486,0.18,1
5,2,12747,0,0,300,0.5,1700,0.5,1
5,3,6221,2,10,5,0,500,0.6,1000,0.2,1400,0.2,1
5,4,13577,2,10,5,0,500,0.6,1000,0.2,1400,0.2,1
5,5,6098,2,10,5,0,666,0.42,420,0.58,1
5,6,13507,1,0,300,0.5,1700,0.5,1
5,7,613,2,10,5,0,500,0.6,1000,0.2,1400,0.2,1
5,8,10831,2,10,5,0,500,0.6,1000,0.2,1400,0.2,1
5,9,8220,2,10,5,0,300,0.5,1700,0.5,1
5,10,10208,0,0,300,0.5,572,0.32,486,0.18,1
5,11,13065,2,10,5,0,300,0.5,572,0.32,486,0.18,1
6,0,8780,2,10,5,0,300,0.5,572,0.32,486,0.18,1
6,1,8568,0,0,300,0.5,1700,0.5,1
6,2,12409,2,10,5,0,300,0.5,1700,0.5,1
6,3,6971,1,0,300,0.5,1700,0.5,1
6,4,1993,0,0,666,0.42,420,0.58,1
6,5,10268,0,0,666,0.42,420,0.58,1
6,6,3942,2,10,5,0,300,0.5,1700,0.5,1
6,7,11996,0,0,300,0.5,1700,0.5,1
6,8,2720,2,10,5,0,500,0.6,1000,0.2,1400,0.2,1
6,9,11580,1,0,666,0.42,420,0.58,1
6,10,11677,2,10,5,0,666,0.42,420,0.58,1
6,11,9052,0,0,500,0.6,1000,0.2,1400,0.2,1
7,0,9312,1,0,300,0.5,572,0.32,486,0.18,1
7,1,4477,2,10,5,0,666,0.42,420,0.58,1
7,2,5417,1,0,300,0.5,572,0.32,486,0.18,1
7,3,1144,1,0,500,0.6,1000,0.2,1400,0.2,1
7,4,11193,2,10,5,0,300,0.5,1700,0.5,1
7,5,2870,2,10,5,0,500,0.6,1000,0.2,1400,0.2,1
7,6,10780,2,10,5,0,300,0.5,572,0.32,486,0.18,1
7,7,4912,2,10,5,0,666,0.42,420,0.58,1
7,8,3120,2,10,5,0,300,0.5,1700,0.5,1
7,9,14506,0,0,300,0.5,572,0.32,486,0.18,1
7,10,13940,2,10,5,0,300,0.5,1700,0.5,1
7,11,9698,0,0,666,0.42,420,0.58,1
8,0,10221,2,10,5,0,300,0.5,1700,0.5,1
8,1,1366,2,10,5,0,666,0.42,420,0.58,1
8,2,6498,1,0,300,0.5,572,0.32,486,0.18,1
8,3,13712,0,0,300,0.5,1700,0.5,1
8,4,381,1,0,300,0.5,572,0.32,486,0.18,1
8,5,9021,1,0,666,0.42,420,0.58,1
8,6,7834,1,0,666,0.42,420,0.58,1
8,7,1724,0,0,300,0.5,572,0.32,486,0.18,1
8,8,3890,0,0,666,0.42,420,0.58,1
8,9,7850,1,0,500,0.6,1000,0.2,1400,0.2,1
8,10,8924,2,10,5,0,666,0.42,420,0.58,1
8,11,14476,1,0,300,0.5,1700,0.5,1
9,0,13374,2,10,5,0,300,0.5,1700,0.5,1
9,1,13349,0,0,300,0.5,572,0.32,486,0.18,1
9,2,8492,1,0,666,0.42,420,0.58,1
9,3,5682,2,10,5,0,300,0.5,572,0.32,486,0.18,1
9,4,2515,1,0,300,0.5,1700,0.5,1
9,5,8814,1,0,300,0.5,572,0.32,486,0.18,1
9,6,1596,1,0,500,0.6,1000,0.2,1400,0.2,1
9,7,448,1,0,300,0.5,572,0.32,486,0.18,1
9,8,2106,1,0,300,0.5,572,0.32,486,0.18,1
9,9,7746,2,10,5,0,666,0.42,420,0.58,1
9,10,13747,2,10,5,0,500,0.6,1000,0.2,1400,0.2,1
9,11,3653,0,0,666,0.42,420,0.58,1
10,0,13665,1,0,300,0.5,572,0.32,486,0.18,1
10,1,11939,0,0,300,0.5,572,0.32,486,0.18,1
10,2,11255,1,0,500,0.6,1000,0.2,1400,0.2,1
10,3,13213,2,10,5,0,500,0.6,1000,0.2,1400,0.2,1
10,4,7119,0,0,666,0.42,420,0.58,1
10,5,9131,2,10,5,0,666,0.42,420,0.58,1
10,6,8312,1,0,300,0.5,1700,0.5,1
10,7,6154,2,10,5,0,300,0.5,572,0.32,486,0.18,1
10,8,12889,1,0,300,0.5,572,0.32,486,0.18,1
10,9,494,0,0,300,0.5,1700,0.5,1
10,10,14537,2,10,5,0,666,0.42,420,0.58,1
10,11,9464,0,0,300,0.5,1700,0.5,1
11,0,12594,1,0,300,0.5,1700,0.5,1
11,1,3693,1,0,666,0.42,420,0.58,1
11,2,4966,1,0,666,0.42,420,0.58,1
11,3,1707,0,0,666,0.42,420,0.58,1
11,4,7520,1,0,300,0.5,1700,0.5,1
11,5,3318,0,0,666,0.42,420,0.58,1
11,6,6578,2,10,5,0,666,0.42,420,0.58,1
11,7,4040,0,0,500,0.6,1000,0.2,1400,0.2,1
11,8,12525,0,0,666,0.42,420,0.58,1
11,9,7426,0,0,300,0.5,572,0.32,486,0.18,1
11,10,12395,1,0,500,0.6,1000,0.2,1400,0.2,1
11,11,14620,2,10,5,0,500,0.6,1000,0.2,1400,0.2,1
