0,0,4679,1,0,300,0.5,1700,0.5,1
0,1,10351,2,10,5,0,666,0.42,420,0.58,1
0,2,5536,2,10,5,0,666,0.42,420,0.58,1
0,3,11694,1,0,500,0.6,1000,0.2,1400,0.2,1
0,4,6622,2,10,5,0,666,0.42,420,0.58,1
0,5,6682,1,0,300,0.5,1700,0.5,1
0,6,136,0,0,500,0.6,1000,0.2,1400,0.2,1
0,7,9655,0,0,500,0.6,1000,0.2,1400,0.2,1
0,8,7317,1,0,300,0.5,1700,0.5,1
0,9,5647,0,0,300,0.5,572,0.32,486,0.18,1
0,10,13226,1,0,300,0.5,1700,0.5,1
0,11,7955,2,10,5,0,500,0.6,1000,0.2,1400,0.2,1
1,0,9059,0,0,666,0.42,420,0.58,1
1,1,8779,2,10,5,0,500,0.6,1000,0.2,1400,0.2,1
1,2,2000,1,0,300,0.5,1700,0.5,0
1,3,602,2,10,5,0,666,0.42,420,0.58,1
1,4,3601,0,0,300,0.5,572,0.32,486,0.18,1
1,5,10439,0,0,300,0.5,572,0.32,486,0.18,1
1,6,2085,2,10,5,0,300,0.5,1700,0.5,1
1,7,2373,0,0,300,0.5,572,0.32,486,0.18,1
1,8,1111,2,10,5,0,500,0.6,1000,0.2,1400,0.2,1
1,9,8024,1,0,500,0.6,1000,0.2,1400,0.2,1
1,10,13404,2,10,5,0,300,0.5,1700,0.5,1
1,11,4007,1,0,300,0.5,572,0.32,486,0.18,1
2,0,11599,1,0,666,0.42,420,0.58,1
2,1,14434,2,10,5,0,300,0.5,1700,0.5,1
2,2,681,2,10,5,0,300,0.5,1700,0.5,1
2,3,4712,2,10,5,0,500,0.6,1000,0.2,1400,0.2,1
2,4,7969,1,0,300,0.5,1700,0.5,1
2,5,7842,0,0,300,0.5,1700,0.5,1
2,6,7922,2,10,5,0,666,0.42,420,0.58,1
2,7,201,1,0,300,0.5,1700,0.5,1
2,8,7806,1,0,666,0.42,420,0.58,1
2,9,3451,0,0,500,0.6,1000,0.2,1400,0.2,1
2,10,8024,1,0,500,0.6,1000,0.2,1400,0.2,1
2,11,467,1,0,666,0.42,420,0.58,1
3,0,10935,1,0,300,0.5,1700,0.5,1
3,1,9374,1,0,300,0.5,572,0.32,486,0.18,1
3,2,11493,1,0,300,0.5,1700,0.5,1
3,3,11040,2,10,5,0,500,0.6,1000,0.2,1400,0.2,1
3,4,13835,2,10,5,0,666,0.42,420,0.58,1
3,5,2550,1,0,300,0.5,572,0.32,486,0.18,1
3,6,2039,1,0,666,0.42,420,0.58,1
3,7,5805,1,0,500,0.6,1000,0.2,1400,0.2,1
3,8,9447,0,0,500,0.6,1000,0.2,1400,0.2,1
3,9,2176,2,10,5,0,300,0.5,572,0.32,486,0.18,1
3,10,1899,0,0,666,0.42,420,0.58,1
3,11,7616,0,0,666,0.42,420,0.58,1
4,0,4108,0,0,300,0.5,572,0.32,486,0.18,1
4,1,4212,2,10,5,0,500,0.6,1000,0.2,1400,0.2,1
4,2,14267,2,10,5,0,666,0.42,420,0.58,1
4,3,13922,0,0,500,0.6,1000,0.2,1400,0.2,1
4,4,160,2,10,5,0,500,0.6,1000,0.2,1400,0.2,1
4,5,11394,0,0,666,0.42,420,0.58,1
4,6,2809,2,10,5,0,500,0.6,1000,0.2,1400,0.2,1
4,7,12665,0,0,300,0.5,572,0.32,486,0.18,1
4,8,4747,0,0,500,0.6,1000,0.2,1400,0.2,1
4,9,4726,2,10,5,0,666,0.42,420,0.58,1
4,10,915,1,0,500,0.6,1000,0.2,1400,0.2,1
4,11,8441,0,0,300,0.5,1700,0.5,1
5,0,11496,2,10,5,0,300,0.5,1700,0.5,1
5,1,1160,0,0,300,0.5,1700,0.5,1
5,2,11987,1,0,500,0.6,1000,0.2,1400,0.2,1
5,3,2432,1,0,500,0.6,1000,0.2,1400,0.2,1
5,4,3300,2,10,5,0,300,0.5,1700,0.5,1
5,5,3321,2,10,5,0,500,0.6,1000,0.2,1400,0.2,1
5,6,3154,1,0,666,0.42,420,0.58,1
5,7,4940,1,0,666,0.42,420,0.58,1
5,8,9661,1,0,300,0.5,1700,0.5,1
5,9,4639,0,0,500,0.6,1000,0.2,1400,0.2,1
5,10,8574,1,0,500,0.6,1000,0.2,1400,0.2,1
5,11,11249,2,10,5,0,666,0.42,420,0.58,1
6,0,12475,0,0,666,0.42,420,0.58,1
6,1,3547,2,10,5,0,500,0.6,1000,0.2,1400,0.2,1
6,2,1388,1,0,666,0.42,420,0.58,1
6,3,8434,1,0,666,0.42,420,0.58,1
6,4,11264,1,0,300,0.5,572,0.32,486,0.18,1
6,5,14977,2,10,5,0,300,0.5,572,0.32,486,0.18,1
6,6,1034,1,0,500,0.6,1000,0.2,1400,0.2,1
6,7,6631,0,0,500,0.6,1000,0.2,1400,0.2,1
6,8,5931,1,0,666,0.42,420,0.58,1
6,9,13579,2,10,5,0,666,0.42,420,0.58,1
6,10,1091,1,0,300,0.5,572,0.32,486,0.18,1
6,11,7557,0,0,500,0.6,1000,0.2,1400,0.2,1
7,0,5063,1,0,300,0.5,572,0.32,486,0.18,1
7,1,2314,2,10,5,0,300,0.5,1700,0.5,1
7,2,2139,2,10,5,0,300,0.5,572,0.32,486,0.18,1
7,3,13542,2,10,5,0,500,0.6,1000,0.2,1400,0.2,1
7,4,1957,1,0,300,0.5,572,0.32,486,0.18,1
7,5,8950,1,0,666,0.42,420,0.58,1
7,6,11990,2,10,5,0,300,0.5,1700,0.5,1
7,7,12892,1,0,666,0.42,420,0.58,1
7,8,322,1,0,300,0.5,572,0.32,486,0.18,1
7,9,5194,0,0,500,0.6,1000,0.2,1400,0.2,1
7,10,12470,0,0,300,0.5,572,0.32,486,0.18,1
7,11,4719,1,0,500,0.6,1000,0.2,1400,0.2,1
8,0,8661,1,0,500,0.6,1000,0.2,1400,0.2,1
8,1,9239,0,0,500,0.6,1000,0.2,1400,0.2,1
8,2,3746,2,10,5,0,666,0.42,420,0.58,1
8,3,2394,1,0,300,0.5,572,0.32,486,0.18,1
8,4,14272,0,0,500,0.6,1000,0.2,1400,0.2,1
8,5,12467,2,10,5,0,300,0.5,572,0.32,486,0.18,1
8,6,2715,2,10,5,0,300,0.5,572,0.32,486,0.18,1
8,7,819,1,0,500,0.6,1000,0.2,1400,0.2,1
8,8,4739,1,0,300,0.5,1700,0.5,1
8,9,12080,2,10,5,0,300,0.5,1700,0.5,1
8,10,2372,0,0,300,0.5,572,0.32,486,0.18,1
8,11,9373,2,10,5,0,300,0.5,572,0.32,486,0.18,1
9,0,4462,2,10,5,0,300,0.5,1700,0.5,1
9,1,14977,0,0,300,0.5,572,0.32,486,0.18,1
9,2,11206,2,10,5,0,300,0.5,1700,0.5,1
9,3,14487,2,10,5,0,300,0.5,572,0.32,486,0.18,1
9,4,704,1,0,666,0.42,420,0.58,1
9,5,9011,0,0,666,0.42,420,0.58,1
9,6,4941,0,0,300,0.5,1700,0.5,1
9,7,2953,2,10,5,0,300,0.5,572,0.32,486,0.18,1
9,8,5235,0,0,300,0.5,1700,0.5,1
9,9,5550,0,0,300,0.5,572,0.32,486,0.18,1
9,10,14081,2,10,5,0,300,0.5,1700,0.5,1
9,11,7321,2,10,5,0,300,0.5,572,0.32,486,0.18,1
10,0,7418,1,0,300,0.5,572,0.32,486,0.18,1
10,1,8439,1,0,300,0.5,1700,0.5,1
10,2,5654,2,10,5,0,300,0.5,1700,0.5,1
10,3,1276,2,10,5,0,300,0.5,572,0.32,486,0.18,1
10,4,4035,0,0,300,0.5,1700,0.5,1
10,5,12818,0,0,666,0.42,420,0.58,1
10,6,806,2,10,5,0,500,0.6,1000,0.2,1400,0.2,1
10,7,12904,2,10,5,0,666,0.42,420,0.58,1
10,8,10083,1,0,300,0.5,572,0.32,486,0.18,1
10,9,6571,1,0,500,0.6,1000,0.2,1400,0.2,1
10,10,8337,0,0,666,0.42,420,0.58,1
10,11,109,0,0,300,0.5,572,0.32,486,0.18,1
11,0,5846,0,0,666,0.42,420,0.58,1
11,1,2912,0,0,300,0.5,1700,0.5,1
11,2,8802,2,10,5,0,300,0.5,1700,0.5,1
11,3,4123,2,10,5,0,300,0.5,1700,0.5,1
11,4,11105,2,10,5,0,300,0.5,1700,0.5,1
11,5,1899,1,0,666,0.42,420,0.58,1
11,6,13981,2,10,5,0,300,0.5,572,0.32,486,0.18,1
11,7,5272,0,0,666,0.42,420,0.58,1
11,8,8677,0,0,500,0.6,1000,0.2,1400,0.2,1
11,9,620,1,0,666,0.42,420,0.58,1
11,10,1269,1,0,666,0.42,420,0.58,1
11,11,13965,2,10,5,0,666,0.42,420,0.58,1
