0,0,5107,0,0,500,0.6,1000,0.2,1400,0.2,1
0,1,14534,0,0,500,0.6,1000,0.2,1400,0.2,1
0,2,9514,0,0,300,0.5,572,0.32,486,0.18,1
0,3,1976,0,0,300,0.5,572,0.32,486,0.18,1
0,4,1417,0,0,500,0.6,1000,0.2,1400,0.2,1
0,5,12703,0,0,666,0.42,420,0.58,1
0,6,4015,0,0,300,0.5,572,0.32,486,0.18,1
0,7,11129,2,10,5,0,666,0.42,420,0.58,1
0,8,511,2,10,5,0,300,0.5,1700,0.5,1
0,9,13091,1,0,300,0.5,572,0.32,486,0.18,1
0,10,8762,0,0,300,0.5,572,0.32,486,0.18,1
0,11,1246,0,0,300,0.5,572,0.32,486,0.18,1
1,0,12942,0,0,666,0.42,420,0.58,1
1,1,7105,2,10,5,0,300,0.5,1700,0.5,1
1,2,14893,2,10,5,0,500,0.6,1000,0.2,1400,0.2,0
1,3,7370,1,0,300,0.5,572,0.32,486,0.18,1
1,4,2294,1,0,666,0.42,420,0.58,1
1,5,4033,0,0,300,0.5,572,0.32,486,0.18,1
1,6,6589,0,0,666,0.42,420,0.58,1
1,7,6982,2,10,5,0,500,0.6,1000,0.2,1400,0.2,1
1,8,13578,0,0,300,0.5,1700,0.5,1
1,9,12654,0,0,300,0.5,1700,0.5,1
1,10,5201,1,0,300,0.5,572,0.32,486,0.18,1
1,11,14914,0,0,666,0.42,420,0.58,1
2,0,2484,1,0,500,0.6,1000,0.2,1400,0.2,1
2,1,14439,2,10,5,0,500,0.6,1000,0.2,1400,0.2,1
2,2,5638,2,10,5,0,500,0.6,1000,0.2,1400,0.2,1
2,3,9256,0,0,500,0.6,1000,0.2,1400,0.2,1
2,4,2351,2,10,5,0,666,0.42,420,0.58,1
2,5,8032,0,0,500,0.6,1000,0.2,1400,0.2,1
2,6,5268,1,0,300,0.5,572,0.32,486,0.18,1
2,7,7321,0,0,300,0.5,1700,0.5,1
2,8,10647,2,10,5,0,500,0.6,1000,0.2,1400,0.2,1
2,9,7487,0,0,300,0.5,1700,0.5,1
2,10,13497,2,10,5,0,300,0.5,1700,0.5,1
2,11,8487,0,0,300,0.5,572,0.32,486,0.18,1
3,0,12916,0,0,300,0.5,1700,0.5,1
3,1,14260,2,10,5,0,666,0.42,420,0.58,1
3,2,9331,2,10,5,0,300,0.5,572,0.32,486,0.18,1
3,3,3803,0,0,500,0.6,1000,0.2,1400,0.2,1
3,4,9801,0,0,300,0.5,1700,0.5,1
3,5,10939,0,0,300,0.5,572,0.32,486,0.18,1
3,6,14332,1,0,300,0.5,1700,0.5,1
3,7,9117,2,10,5,0,300,0.5,572,0.32,486,0.18,1
3,8,12195,2,10,5,0,666,0.42,420,0.58,1
3,9,2071,2,10,5,0,500,0.6,1000,0.2,1400,0.2,1
3,10,6591,1,0,666,0.42,420,0.58,1
3,11,8743,2,10,5,0,666,0.42,420,0.58,1
4,0,10499,2,10,5,0,666,0.42,420,0.58,1
4,1,10819,1,0,300,0.5,572,0.32,486,0.18,1
4,2,827,0,0,500,0.6,1000,0.2,1400,0.2,1
4,3,4526,1,0,666,0.42,420,0.58,1
4,4,14388,2,10,5,0,300,0.5,572,0.32,486,0.18,1
4,5,229,2,10,5,0,500,0.6,1000,0.2,1400,0.2,1
4,6,11946,1,0,666,0.42,420,0.58,1
4,7,3844,2,10,5,0,500,0.6,1000,0.2,1400,0.2,1
4,8,7458,2,10,5,0,300,0.5,1700,0.5,1
4,9,14156,0,0,300,0.5,572,0.32,486,0.18,1
4,10,11735,0,0,500,0.6,1000,0.2,1400,0.2,1
4,11,5345,1,0,300,0.5,572,0.32,486,0.18,1
5,0,8756,0,0,300,0.5,572,0.32,486,0.18,1
5,1,8984,1,0,666,0.42,420,0.58,1
5,2,7639,0,0,300,0.5,1700,0.5,1
5,3,11064,2,10,5,0,666,0.42,420,0.58,1
5,4,5301,2,10,5,0,300,0.5,1700,0.5,1
5,5,6863,0,0,300,0.5,572,0.32,486,0.18,1
5,6,5869,2,10,5,0,666,0.42,420,0.58,1
5,7,10527,1,0,300,0.5,1700,0.5,1
5,8,9679,2,10,5,0,300,0.5,572,0.32,486,0.18,1
5,9,1516,2,10,5,0,666,0.42,420,0.58,1
5,10,3913,1,0,300,0.5,1700,0.5,1
5,11,11265,2,10,5,0,500,0.6,1000,0.2,1400,0.2,1
6,0,10306,0,0,666,0.42,420,0.58,1
6,1,5739,1,0,666,0.42,420,0.58,1
6,2,1097,2,10,5,0,300,0.5,1700,0.5,1
6,3,3078,1,0,300,0.5,1700,0.5,1
6,4,11715,0,0,500,0.6,1000,0.2,1400,0.2,1
6,5,14828,1,0,666,0.42,420,0.58,1
6,6,1225,0,0,300,0.5,1700,0.5,1
6,7,13587,0,0,300,0.5,572,0.32,486,0.18,1
6,8,2806,0,0,300,0.5,1700,0.5,1
6,9,10797,0,0,666,0.42,420,0.58,1
6,10,9890,1,0,300,0.5,1700,0.5,1
6,11,1560,0,0,500,0.6,1000,0.2,1400,0.2,1
7,0,11841,2,10,5,0,300,0.5,572,0.32,486,0.18,1
7,1,14585,1,0,666,0.42,420,0.58,1
7,2,3426,1,0,300,0.5,1700,0.5,1
7,3,12130,0,0,300,0.5,572,0.32,486,0.18,1
7,4,8974,2,10,5,0,300,0.5,572,0.32,486,0.18,1
7,5,13722,0,0,666,0.42,420,0.58,1
7,6,12961,1,0,300,0.5,1700,0.5,1
7,7,7784,0,0,500,0.6,1000,0.2,1400,0.2,1
7,8,6759,1,0,666,0.42,420,0.58,1
7,9,8062,1,0,300,0.5,1700,0.5,1
7,10,7849,1,0,500,0.6,1000,0.2,1400,0.2,1
7,11,5443,1,0,300,0.5,1700,0.5,1
8,0,7689,1,0,500,0.6,1000,0.2,1400,0.2,1
8,1,6870,0,0,300,0.5,1700,0.5,1
8,2,14038,2,10,5,0,666,0.42,420,0.58,1
8,3,10842,1,0,300,0.5,1700,0.5,1
8,4,3700,2,10,5,0,500,0.6,1000,0.2,1400,0.2,1
8,5,3796,2,10,5,0,300,0.5,572,0.32,486,0.18,1
8,6,7804,2,10,5,0,500,0.6,1000,0.2,1400,0.2,1
8,7,6263,2,10,5,0,300,0.5,1700,0.5,1
8,8,13932,2,10,5,0,300,0.5,1700,0.5,1
8,9,7221,0,0,300,0.5,572,0.32,486,0.18,1
8,10,1148,2,10,5,0,300,0.5,1700,0.5,1
8,11,9290,0,0,300,0.5,1700,0.5,1
9,0,10375,1,0,300,0.5,572,0.32,486,0.18,1
9,1,8359,1,0,300,0.5,572,0.32,486,0.18,1
9,2,58,0,0,666,0.42,420,0.58,1
9,3,768,1,0,300,0.5,572,0.32,486,0.18,1
9,4,11790,0,0,666,0.42,420,0.58,1
9,5,13044,0,0,300,0.5,572,0.32,486,0.18,1
9,6,7138,2,10,5,0,500,0.6,1000,0.2,1400,0.2,1
9,7,12570,1,0,666,0.42,420,0.58,1
9,8,9077,2,10,5,0,300,0.5,1700,0.5,1
9,9,2998,0,0,666,0.42,420,0.58,1
9,10,7894,1,0,300,0.5,572,0.32,486,0.18,1
9,11,10897,1,0,666,0.42,420,0.58,1
10,0,10903,0,0,666,0.42,420,0.58,1
10,1,5826,1,0,300,0.5,1700,0.5,1
10,2,6729,0,0,666,0.42,420,0.58,1
10,3,12143,2,10,5,0,300,0.5,572,0.32,486,0.18,1
10,4,5974,2,10,5,0,300,0.5,572,0.32,486,0.18,1
10,5,7611,2,10,5,0,300,0.5,572,0.32,486,0.18,1
10,6,12714,0,0,300,0.5,1700,0.5,1
10,7,13609,2,10,5,0,300,0.5,572,0.32,486,0.18,1
10,8,14652,2,10,5,0,300,0.5,572,0.32,486,0.18,1
10,9,1388,2,10,5,0,300,0.5,1700,0.5,1
10,10,10924,0,0,300,0.5,572,0.32,486,0.18,1
10,11,9652,2,10,5,0,300,0.5,572,0.32,486,0.18,1
11,0,7297,2,10,5,0,500,0.6,1000,0.2,1400,0.2,1
11,1,3559,2,10,5,0,300,0.5,1700,0.5,1
11,2,9054,0,0,500,0.6,1000,0.2,1400,0.2,1
11,3,1928,2,10,5,0,666,0.42,420,0.58,1
11,4,5053,1,0,300,0.5,572,0.32,486,0.18,1
11,5,14002,0,0,300,0.5,1700,0.5,1
11,6,5002,1,0,666,0.42,420,0.58,1
11,7,5242,2,10,5,0,500,0.6,1000,0.2,1400,0.2,1
11,8,4008,2,10,5,0,666,0.42,420,0.58,1
11,9,5644,0,0,300,0.5,1700,0.5,1
11,10,6216,0,0,500,0.6,1000,0.2,1400,0.2,1
11,11,13427,1,0,300,0.5,572,0.32,486,0.18,1
