0,0,13666,0,0,300,0.5,572,0.32,486,0.18,1
0,1,111,0,0,500,0.6,1000,0.2,1400,0.2,1
0,2,6947,0,0,500,0.6,1000,0.2,1400,0.2,1
0,3,6451,1,0,500,0.6,1000,0.2,1400,0.2,1
0,4,3053,0,0,500,0.6,1000,0.2,1400,0.2,1
0,5,5629,1,0,300,0.5,1700,0.5,1
0,6,606,1,0,300,0.5,572,0.32,486,0.18,1
0,7,1627,1,0,500,0.6,1000,0.2,1400,0.2,1
0,8,3585,0,0,300,0.5,572,0.32,486,0.18,1
0,9,4388,1,0,666,0.42,420,0.58,1
0,10,9426,0,0,300,0.5,572,0.32,486,0.18,1
0,11,12259,0,0,500,0.6,1000,0.2,1400,0.2,1
1,0,12998,1,0,300,0.5,572,0.32,486,0.18,1
1,1,9453,1,0,666,0.42,420,0.58,1
1,2,14480,0,0,300,0.5,1700,0.5,0
1,3,2302,2,10,5,0,500,0.6,1000,0.2,1400,0.2,1
1,4,4609,2,10,5,0,500,0.6,1000,0.2,1400,0.2,1
1,5,9828,0,0,666,0.42,420,0.58,1
1,6,10252,2,10,5,0,666,0.42,420,0.58,1
1,7,9266,0,0,666,0.42,420,0.58,1
1,8,11546,1,0,300,0.5,572,0.32,486,0.18,1
1,9,14520,1,0,300,0.5,1700,0.5,1
1,10,8782,2,10,5,0,300,0.5,1700,0.5,1
1,11,9114,2,10,5,0,500,0.6,1000,0.2,1400,0.2,1
2,0,573,1,0,300,0.5,1700,0.5,1
2,1,7900,0,0,300,0.5,572,0.32,486,0.18,1
2,2,4915,1,0,666,0.42,420,0.58,1
2,3,10611,2,10,5,0,666,0.42,420,0.58,1
2,4,8772,0,0,300,0.5,572,0.32,486,0.18,1
2,5,12577,2,10,5,0,666,0.42,420,0.58,1
2,6,3775,2,10,5,0,300,0.5,1700,0.5,1
2,7,5277,0,0,500,0.6,1000,0.2,1400,0.2,1
2,8,10978,1,0,666,0.42,420,0.58,1
2,9,499,1,0,300,0.5,572,0.32,486,0.18,1
2,10,13561,1,0,300,0.5,1700,0.5,1
2,11,4652,1,0,500,0.6,1000,0.2,1400,0.2,1
3,0,4007,0,0,300,0.5,1700,0.5,1
3,1,10486,2,10,5,0,300,0.5,572,0.32,486,0.18,1
3,2,5676,0,0,300,0.5,1700,0.5,1
3,3,1623,1,0,500,0.6,1000,0.2,1400,0.2,1
3,4,3912,1,0,500,0.6,1000,0.2,1400,0.2,1
3,5,11947,0,0,300,0.5,1700,0.5,1
3,6,5439,2,10,5,0,300,0.5,572,0.32,486,0.18,1
3,7,9663,1,0,300,0.5,1700,0.5,1
3,8,5680,2,10,5,0,500,0.6,1000,0.2,1400,0.2,1
3,9,2949,2,10,5,0,500,0.6,1000,0.2,1400,0.2,1
3,10,12759,1,0,500,0.6,1000,0.2,1400,0.2,1
3,11,11796,0,0,300,0.5,1700,0.5,1
4,0,1611,2,10,5,0,300,0.5,572,0.32,486,0.18,1
4,1,5000,2,10,5,0,500,0.6,1000,0.2,1400,0.2,1
4,2,6498,2,10,5,0,300,0.5,1700,0.5,1
4,3,1373,1,0,300,0.5,572,0.32,486,0.18,1
4,4,4401,1,0,300,0.5,1700,0.5,1
4,5,10387,1,0,500,0.6,1000,0.2,1400,0.2,1
4,6,8594,0,0,666,0.42,420,0.58,1
4,7,10052,0,0,666,0.42,420,0.58,1
4,8,10758,0,0,300,0.5,572,0.32,486,0.18,1
4,9,12512,2,10,5,0,666,0.42,420,0.58,1
4,10,862,1,0,300,0.5,1700,0.5,1
4,11,14469,1,0,300,0.5,1700,0.5,1
5,0,4219,2,10,5,0,300,0.5,1700,0.5,1
5,1,5394,1,0,666,0.42,420,0.58,1
5,2,5276,2,10,5,0,666,0.42,420,0.58,1
5,3,4687,1,0,500,0.6,1000,0.2,1400,0.2,1
5,4,11494,0,0,500,0.6,1000,0.2,1400,0.2,1
5,5,12326,2,10,5,0,300,0.5,572,0.32,486,0.18,1
5,6,14427,2,10,5,0,300,0.5,1700,0.5,1
5,7,9911,1,0,300,0.5,1700,0.5,1
5,8,6037,0,0,300,0.5,1700,0.5,1
5,9,2076,1,0,300,0.5,1700,0.5,1
5,10,8842,1,0,300,0.5,1700,0.5,1
5,11,3613,2,10,5,0,300,0.5,572,0.32,486,0.18,1
6,0,270,2,10,5,0,300,0.5,572,0.32,486,0.18,1
6,1,5757,1,0,300,0.5,572,0.32,486,0.18,1
6,2,6862,0,0,666,0.42,420,0.58,1
6,3,8943,1,0,300,0.5,572,0.32,486,0.18,1
6,4,8452,1,0,300,0.5,1700,0.5,1
6,5,14143,0,0,300,0.5,572,0.32,486,0.18,1
6,6,12505,1,0,666,0.42,420,0.58,1
6,7,9100,0,0,300,0.5,572,0.32,486,0.18,1
6,8,9271,0,0,300,0.5,1700,0.5,1
6,9,9089,2,10,5,0,300,0.5,572,0.32,486,0.18,1
6,10,6315,2,10,5,0,500,0.6,1000,0.2,1400,0.2,1
6,11,6835,2,10,5,0,300,0.5,1700,0.5,1
7,0,8444,1,0,666,0.42,420,0.58,1
7,1,10242,1,0,300,0.5,572,0.32,486,0.18,1
7,2,979,0,0,300,0.5,572,0.32,486,0.18,1
7,3,6494,0,0,666,0.42,420,0.58,1
7,4,2725,1,0,666,0.42,420,0.58,1
7,5,2380,2,10,5,0,666,0.42,420,0.58,1
7,6,5345,1,0,300,0.5,1700,0.5,1
7,7,14998,0,0,666,0.42,420,0.58,1
7,8,13900,2,10,5,0,300,0.5,1700,0.5,1
7,9,6564,0,0,300,0.5,572,0.32,486,0.18,1
7,10,12384,0,0,300,0.5,572,0.32,486,0.18,1
7,11,11158,0,0,300,0.5,1700,0.5,1
8,0,10434,2,10,5,0,666,0.42,420,0.58,1
8,1,2116,2,10,5,0,500,0.6,1000,0.2,1400,0.2,1
8,2,2427,2,10,5,0,666,0.42,420,0.58,1
8,3,4727,0,0,300,0.5,572,0.32,486,0.18,1
8,4,11996,2,10,5,0,300,0.5,1700,0.5,1
8,5,13949,2,10,5,0,300,0.5,572,0.32,486,0.18,1
8,6,2928,0,0,666,0.42,420,0.58,1
8,7,13543,2,10,5,0,300,0.5,1700,0.5,1
8,8,2408,0,0,666,0.42,420,0.58,1
8,9,4788,1,0,300,0.5,572,0.32,486,0.18,1
8,10,4661,0,0,300,0.5,572,0.32,486,0.18,1
8,11,12973,1,0,300,0.5,572,0.32,486,0.18,1
9,0,9943,1,0,300,0.5,572,0.32,486,0.18,1
9,1,8098,1,0,666,0.42,420,0.58,1
9,2,6102,0,0,300,0.5,1700,0.5,1
9,3,10111,1,0,666,0.42,420,0.58,1
9,4,12818,0,0,300,0.5,572,0.32,486,0.18,1
9,5,7251,1,0,300,0.5,1700,0.5,1
9,6,13201,2,10,5,0,666,0.42,420,0.58,1
9,7,4188,2,10,5,0,500,0.6,1000,0.2,1400,0.2,1
9,8,7347,1,0,666,0.42,420,0.58,1
9,9,8817,0,0,500,0.6,1000,0.2,1400,0.2,1
9,10,3365,1,0,300,0.5,1700,0.5,1
9,11,8055,1,0,500,0.6,1000,0.2,1400,0.2,1
10,0,2850,2,10,5,0,666,0.42,420,0.58,1
10,1,9478,2,10,5,0,300,0.5,1700,0.5,1
10,2,1949,1,0,300,0.5,572,0.32,486,0.18,1
10,3,14539,1,0,300,0.5,1700,0.5,1
10,4,2814,1,0,300,0.5,1700,0.5,1
10,5,12099,1,0,300,0.5,572,0.32,486,0.18,1
10,6,90,2,10,5,0,666,0.42,420,0.58,1
10,7,9943,0,0,300,0.5,572,0.32,486,0.18,1
10,8,1599,0,0,666,0.42,420,0.58,1
10,9,9807,2,10,5,0,500,0.6,1000,0.2,1400,0.2,1
10,10,7001,0,0,666,0.42,420,0.58,1
10,11,11423,2,10,5,0,300,0.5,1700,0.5,1
11,0,10509,2,10,5,0,500,0.6,1000,0.2,1400,0.2,1
11,1,10153,2,10,5,0,300,0.5,572,0.32,486,0.18,1
11,2,14203,0,0,666,0.42,420,0.58,1
11,3,11770,2,10,5,0,666,0.42,420,0.58,1
11,4,1540,1,0,500,0.6,1000,0.2,1400,0.2,1
11,5,12075,1,0,666,0.42,420,0.58,1
11,6,10960,2,10,5,0,300,0.5,1700,0.5,1
11,7,3420,0,0,666,0.42,420,0.58,1
11,8,1521,0,0,300,0.5,572,0.32,486,0.18,1
11,9,7514,0,0,666,0.42,420,0.58,1
11,10,3983,1,0,300,0.5,1700,0.5,1
11,11,10800,2,10,5,0,300,0.5,1700,0.5,1
