0,0,6593,1,0,500,0.6,1000,0.2,1400,0.2,1
0,1,792,2,10,5,0,500,0.6,1000,0.2,1400,0.2,1
0,2,1531,0,0,500,0.6,1000,0.2,1400,0.2,1
0,3,14976,2,10,5,0,666,0.42,420,0.58,1
0,4,5344,1,0,666,0.42,420,0.58,1
0,5,12486,0,0,300,0.5,572,0.32,486,0.18,1
0,6,5896,0,0,300,0.5,572,0.32,486,0.18,1
0,7,793,2,10,5,0,300,0.5,572,0.32,486,0.18,1
0,8,13302,1,0,666,0.42,420,0.58,1
0,9,3692,2,10,5,0,666,0.42,420,0.58,1
0,10,11209,1,0,500,0.6,1000,0.2,1400,0.2,1
0,11,7663,2,10,5,0,500,0.6,1000,0.2,1400,0.2,1
1,0,2457,1,0,500,0.6,1000,0.2,1400,0.2,1
1,1,14475,2,10,5,0,500,0.6,1000,0.2,1400,0.2,1
1,2,11895,0,0,500,0.6,1000,0.2,1400,0.2,0
1,3,102,2,10,5,0,300,0.5,572,0.32,486,0.18,1
1,4,8739,0,0,300,0.5,1700,0.5,1
1,5,8646,0,0,300,0.5,1700,0.5,1
1,6,8604,2,10,5,0,666,0.42,420,0.58,1
1,7,7915,1,0,300,0.5,572,0.32,486,0.18,1
1,8,13516,0,0,666,0.42,420,0.58,1
1,9,10530,0,0,666,0.42,420,0.58,1
1,10,3178,2,10,5,0,500,0.6,1000,0.2,1400,0.2,1
1,11,14863,1,0,300,0.5,1700,0.5,1
2,0,3367,2,10,5,0,666,0.42,420,0.58,1
2,1,507,1,0,666,0.42,420,0.58,1
2,2,9515,0,0,300,0.5,1700,0.5,1
2,3,1853,2,10,5,0,300,0.5,572,0.32,486,0.18,1
2,4,1110,2,10,5,0,500,0.6,1000,0.2,1400,0.2,1
2,5,270,2,10,5,0,666,0.42,420,0.58,1
2,6,14815,2,10,5,0,300,0.5,1700,0.5,1
2,7,5764,0,0,300,0.5,572,0.32,486,0.18,1
2,8,1282,0,0,300,0.5,572,0.32,486,0.18,1
2,9,10829,1,0,500,0.6,1000,0.2,1400,0.2,1
2,10,9273,0,0,300,0.5,572,0.32,486,0.18,1
2,11,9859,1,0,500,0.6,1000,0.2,1400,0.2,1
3,0,11260,2,10,5,0,300,0.5,1700,0.5,1
3,1,2602,2,10,5,0,300,0.5,572,0.32,486,0.18,1
3,2,8667,1,0,666,0.42,420,0.58,1
3,3,12175,1,0,300,0.5,1700,0.5,1
3,4,12246,0,0,500,0.6,1000,0.2,1400,0.2,1
3,5,8618,2,10,5,0,300,0.5,1700,0.5,1
3,6,11256,0,0,666,0.42,420,0.58,1
3,7,9617,2,10,5,0,500,0.6,1000,0.2,1400,0.2,1
3,8,2500,0,0,666,0.42,420,0.58,1
3,9,5032,1,0,500,0.6,1000,0.2,1400,0.2,1
3,10,13101,0,0,666,0.42,420,0.58,1
3,11,2599,2,10,5,0,500,0.6,1000,0.2,1400,0.2,1
4,0,2150,2,10,5,0,500,0.6,1000,0.2,1400,0.2,1
4,1,2643,1,0,300,0.5,1700,0.5,1
4,2,7720,1,0,500,0.6,1000,0.2,1400,0.2,1
4,3,10138,2,10,5,0,666,0.42,420,0.58,1
4,4,6421,1,0,666,0.42,420,0.58,1
4,5,10951,1,0,300,0.5,1700,0.5,1
4,6,5085,0,0,300,0.5,572,0.32,486,0.18,1
4,7,2636,1,0,500,0.6,1000,0.2,1400,0.2,1
4,8,13391,0,0,666,0.42,420,0.58,1
4,9,3631,1,0,500,0.6,1000,0.2,1400,0.2,1
4,10,9731,1,0,300,0.5,572,0.32,486,0.18,1
4,11,3848,1,0,300,0.5,572,0.32,486,0.18,1
5,0,5930,2,10,5,0,500,0.6,1000,0.2,1400,0.2,1
5,1,10230,2,10,5,0,300,0.5,572,0.32,486,0.18,1
5,2,10924,2,10,5,0,300,0.5,1700,0.5,1
5,3,9955,1,0,666,0.42,420,0.58,1
5,4,11245,2,10,5,0,300,0.5,1700,0.5,1
5,5,11981,1,0,300,0.5,572,0.32,486,0.18,1
5,6,12304,2,10,5,0,500,0.6,1000,0.2,1400,0.2,1
5,7,14260,1,0,666,0.42,420,0.58,1
5,8,10310,0,0,500,0.6,1000,0.2,1400,0.2,1
5,9,10619,0,0,300,0.5,1700,0.5,1
5,10,1867,1,0,300,0.5,1700,0.5,1
5,11,2182,0,0,500,0.6,1000,0.2,1400,0.2,1
6,0,9431,2,10,5,0,300,0.5,572,0.32,486,0.18,1
6,1,3500,2,10,5,0,500,0.6,1000,0.2,1400,0.2,1
6,2,450,1,0,666,0.42,420,0.58,1
6,3,9865,1,0,666,0.42,420,0.58,1
6,4,10614,2,10,5,0,500,0.6,1000,0.2,1400,0.2,1
6,5,12242,1,0,300,0.5,572,0.32,486,0.18,1
6,6,1507,1,0,300,0.5,572,0.32,486,0.18,1
6,7,964,2,10,5,0,666,0.42,420,0.58,1
6,8,7274,1,0,500,0.6,1000,0.2,1400,0.2,1
6,9,5664,1,0,666,0.42,420,0.58,1
6,10,11857,1,0,500,0.6,1000,0.2,1400,0.2,1
6,11,13005,2,10,5,0,300,0.5,1700,0.5,1
7,0,2685,1,0,500,0.6,1000,0.2,1400,0.2,1
7,1,2509,2,10,5,0,300,0.5,1700,0.5,1
7,2,1755,2,10,5,0,300,0.5,1700,0.5,1
7,3,5913,2,10,5,0,666,0.42,420,0.58,1
7,4,8168,1,0,300,0.5,1700,0.5,1
7,5,9144,2,10,5,0,300,0.5,1700,0.5,1
7,6,6124,0,0,666,0.42,420,0.58,1
7,7,1722,1,0,500,0.6,1000,0.2,1400,0.2,1
7,8,5747,2,10,5,0,300,0.5,572,0.32,486,0.18,1
7,9,9066,0,0,300,0.5,1700,0.5,1
7,10,12970,1,0,300,0.5,572,0.32,486,0.18,1
7,11,6590,1,0,666,0.42,420,0.58,1
8,0,4516,0,0,300,0.5,572,0.32,486,0.18,1
8,1,13590,0,0,500,0.6,1000,0.2,1400,0.2,1
8,2,5208,2,10,5,0,666,0.42,420,0.58,1
8,3,7342,1,0,666,0.42,420,0.58,1
8,4,2165,0,0,300,0.5,1700,0.5,1
8,5,4766,2,10,5,0,500,0.6,1000,0.2,1400,0.2,1
8,6,12996,0,0,500,0.6,1000,0.2,1400,0.2,1
8,7,9246,0,0,500,0.6,1000,0.2,1400,0.2,1
8,8,12791,2,10,5,0,500,0.6,1000,0.2,1400,0.2,1
8,9,5463,1,0,300,0.5,572,0.32,486,0.18,1
8,10,1319,1,0,500,0.6,1000,0.2,1400,0.2,1
8,11,300,1,0,500,0.6,1000,0.2,1400,0.2,1
9,0,13971,1,0,666,0.42,420,0.58,1
9,1,13981,2,10,5,0,300,0.5,572,0.32,486,0.18,1
9,2,13049,0,0,300,0.5,1700,0.5,1
9,3,3371,2,10,5,0,300,0.5,1700,0.5,1
9,4,3428,2,10,5,0,666,0.42,420,0.58,1
9,5,1094,2,10,5,0,666,0.42,420,0.58,1
9,6,2611,1,0,500,0.6,1000,0.2,1400,0.2,1
9,7,12480,2,10,5,0,300,0.5,1700,0.5,1
9,8,3655,0,0,300,0.5,1700,0.5,1
9,9,11483,1,0,300,0.5,1700,0.5,1
9,10,11199,0,0,300,0.5,1700,0.5,1
9,11,3171,0,0,300,0.5,572,0.32,486,0.18,1
10,0,11043,0,0,500,0.6,1000,0.2,1400,0.2,1
10,1,11230,1,0,666,0.42,420,0.58,1
10,2,12719,0,0,666,0.42,420,0.58,1
10,3,9193,1,0,666,0.42,420,0.58,1
10,4,7952,1,0,500,0.6,1000,0.2,1400,0.2,1
10,5,2793,1,0,666,0.42,420,0.58,1
10,6,34,2,10,5,0,300,0.5,1700,0.5,1
10,7,10589,0,0,666,0.42,420,0.58,1
10,8,9557,2,10,5,0,300,0.5,1700,0.5,1
10,9,8397,2,10,5,0,300,0.5,572,0.32,486,0.18,1
10,10,13269,2,10,5,0,666,0.42,420,0.58,1
10,11,2218,2,10,5,0,300,0.5,1700,0.5,1
11,0,11342,1,0,500,0.6,1000,0.2,1400,0.2,1
11,1,5141,0,0,300,0.5,572,0.32,486,0.18,1
11,2,6937,2,10,5,0,300,0.5,1700,0.5,1
11,3,10967,1,0,666,0.42,420,0.58,1
11,4,5318,0,0,300,0.5,1700,0.5,1
11,5,10567,2,10,5,0,666,0.42,420,0.58,1
11,6,11552,0,0,300,0.5,1700,0.5,1
11,7,14030,0,0,500,0.6,1000,0.2,1400,0.2,1
11,8,7432,2,10,5,0,666,0.42,420,0.58,1
11,9,6247,2,10,5,0,666,0.42,420,0.58,1
11,10,2251,2,10,5,0,666,0.42,420,0.58,1
11,11,7457,0,0,500,0.6,1000,0.2,1400,0.2,1
