0,0,10641,0,0,500,0.6,1000,0.2,1400,0.2,1
0,1,11263,0,0,500,0.6,1000,0.2,1400,0.2,1
0,2,4101,0,0,666,0.42,420,0.58,1
0,3,5837,0,0,300,0.5,572,0.32,486,0.18,1
0,4,14806,2,10,5,0,500,0.6,1000,0.2,1400,0.2,1
0,5,4447,0,0,500,0.6,1000,0.2,1400,0.2,1
0,6,12665,1,0,500,0.6,1000,0.2,1400,0.2,1
0,7,4488,2,10,5,0,300,0.5,572,0.32,486,0.18,1
0,8,8805,2,10,5,0,666,0.42,420,0.58,1
0,9,14333,1,0,666,0.42,420,0.58,1
0,10,2970,1,0,300,0.5,1700,0.5,1
0,11,1697,1,0,500,0.6,1000,0.2,1400,0.2,1
1,0,4867,2,10,5,0,300,0.5,1700,0.5,1
1,1,2345,2,10,5,0,666,0.42,420,0.58,1
1,2,3765,0,0,300,0.5,1700,0.5,0
1,3,6926,2,10,5,0,666,0.42,420,0.58,1
1,4,9045,0,0,300,0.5,572,0.32,486,0.18,1
1,5,11976,2,10,5,0,300,0.5,1700,0.5,1
1,6,2718,2,10,5,0,300,0.5,1700,0.5,1
1,7,11834,1,0,666,0.42,420,0.58,1
1,8,2839,0,0,300,0.5,1700,0.5,1
1,9,14410,1,0,300,0.5,1700,0.5,1
1,10,4200,2,10,5,0,500,0.6,1000,0.2,1400,0.2,1
1,11,4305,2,10,5,0,300,0.5,1700,0.5,1
2,0,643,1,0,300,0.5,1700,0.5,1
2,1,711,1,0,666,0.42,420,0.58,1
2,2,13416,0,0,300,0.5,572,0.32,486,0.18,1
2,3,2945,2,10,5,0,500,0.6,1000,0.2,1400,0.2,1
2,4,13134,2,10,5,0,500,0.6,1000,0.2,1400,0.2,1
2,5,8575,2,10,5,0,300,0.5,572,0.32,486,0.18,1
2,6,5171,2,10,5,0,300,0.5,572,0.32,486,0.18,1
2,7,8853,0,0,300,0.5,572,0.32,486,0.18,1
2,8,6482,0,0,300,0.5,1700,0.5,1
2,9,8621,2,10,5,0,666,0.42,420,0.58,1
2,10,5462,0,0,300,0.5,572,0.32,486,0.18,1
2,11,6411,1,0,300,0.5,1700,0.5,1
3,0,7385,2,10,5,0,300,0.5,572,0.32,486,0.18,1
3,1,7772,2,10,5,0,666,0.42,420,0.58,1
3,2,13580,0,0,666,0.42,420,0.58,1
3,3,4163,2,10,5,0,300,0.5,1700,0.5,1
3,4,9811,1,0,666,0.42,420,0.58,1
3,5,4070,0,0,666,0.42,420,0.58,1
3,6,10759,1,0,300,0.5,1700,0.5,1
3,7,14852,1,0,500,0.6,1000,0.2,1400,0.2,1
3,8,2852,0,0,500,0.6,1000,0.2,1400,0.2,1
3,9,3976,1,0,666,0.42,420,0.58,1
3,10,1149,1,0,300,0.5,572,0.32,486,0.18,1
3,11,12661,0,0,666,0.42,420,0.58,1
4,0,1671,1,0,300,0.5,572,0.32,486,0.18,1
4,1,2191,0,0,300,0.5,1700,0.5,1
4,2,4093,1,0,666,0.42,420,0.58,1
4,3,2905,2,10,5,0,666,0.42,420,0.58,1
4,4,4878,0,0,300,0.5,1700,0.5,1
4,5,7437,0,0,500,0.6,1000,0.2,1400,0.2,1
4,6,5321,2,10,5,0,300,0.5,1700,0.5,1
4,7,5463,1,0,300,0.5,572,0.32,486,0.18,1
4,8,2249,2,10,5,0,500,0.6,1000,0.2,1400,0.2,1
4,9,876,0,0,300,0.5,1700,0.5,1
4,10,14007,1,0,500,0.6,1000,0.2,1400,0.2,1
4,11,9911,0,0,500,0.6,1000,0.2,1400,0.2,1
5,0,10319,2,10,5,0,666,0.42,420,0.58,1
5,1,6176,1,0,300,0.5,572,0.32,486,0.18,1
5,2,12662,1,0,300,0.5,1700,0.5,1
5,3,4694,2,10,5,0,300,0.5,572,0.32,486,0.18,1
5,4,9049,1,0,300,0.5,1700,0.5,1
5,5,12842,2,10,5,0,666,0.42,420,0.58,1
5,6,13533,0,0,666,0.42,420,0.58,1
5,7,5321,0,0,666,0.42,420,0.58,1
5,8,3563,2,10,5,0,666,0.42,420,0.58,1
5,9,499,2,10,5,0,500,0.6,1000,0.2,1400,0.2,1
5,10,3950,1,0,666,0.42,420,0.58,1
5,11,5357,0,0,500,0.6,1000,0.2,1400,0.2,1
6,0,9916,2,10,5,0,300,0.5,1700,0.5,1
6,1,422,0,0,300,0.5,1700,0.5,1
6,2,7493,2,10,5,0,300,0.5,572,0.32,486,0.18,1
6,3,1508,0,0,500,0.6,1000,0.2,1400,0.2,1
6,4,4377,0,0,300,0.5,1700,0.5,1
6,5,5417,0,0,500,0.6,1000,0.2,1400,0.2,1
6,6,4984,2,10,5,0,666,0.42,420,0.58,1
6,7,8198,1,0,500,0.6,1000,0.2,1400,0.2,1
6,8,495,0,0,300,0.5,1700,0.5,1
6,9,12677,1,0,300,0.5,1700,0.5,1
6,10,1130,1,0,300,0.5,1700,0.5,1
6,11,2041,0,0,500,0.6,1000,0.2,1400,0.2,1
7,0,6415,1,0,500,0.6,1000,0.2,1400,0.2,1
7,1,11415,1,0,500,0.6,1000,0.2,1400,0.2,1
7,2,4863,0,0,666,0.42,420,0.58,1
7,3,8722,1,0,500,0.6,1000,0.2,1400,0.2,1
7,4,3431,1,0,300,0.5,1700,0.5,1
7,5,4548,2,10,5,0,300,0.5,572,0.32,486,0.18,1
7,6,13849,0,0,666,0.42,420,0.58,1
7,7,14836,1,0,300,0.5,1700,0.5,1
7,8,505,1,0,666,0.42,420,0.58,1
7,9,14269,1,0,666,0.42,420,0.58,1
7,10,14562,1,0,300,0.5,572,0.32,486,0.18,1
7,11,13727,1,0,666,0.42,420,0.58,1
8,0,11059,2,10,5,0,666,0.42,420,0.58,1
8,1,14337,0,0,300,0.5,572,0.32,486,0.18,1
8,2,13330,0,0,300,0.5,1700,0.5,1
8,3,3974,2,10,5,0,300,0.5,1700,0.5,1
8,4,12100,2,10,5,0,300,0.5,1700,0.5,1
8,5,3190,2,10,5,0,300,0.5,1700,0.5,1
8,6,4322,2,10,5,0,300,0.5,572,0.32,486,0.18,1
8,7,8932,0,0,500,0.6,1000,0.2,1400,0.2,1
8,8,11117,1,0,500,0.6,1000,0.2,1400,0.2,1
8,9,7063,2,10,5,0,300,0.5,572,0.32,486,0.18,1
8,10,12530,0,0,300,0.5,572,0.32,486,0.18,1
8,11,9340,2,10,5,0,300,0.5,572,0.32,486,0.18,1
9,0,1258,1,0,300,0.5,1700,0.5,1
9,1,7384,0,0,300,0.5,1700,0.5,1
9,2,14971,1,0,300,0.5,1700,0.5,1
9,3,9378,1,0,500,0.6,1000,0.2,1400,0.2,1
9,4,9213,2,10,5,0,500,0.6,1000,0.2,1400,0.2,1
9,5,12693,2,10,5,0,500,0.6,1000,0.2,1400,0.2,1
9,6,5521,2,10,5,0,300,0.5,572,0.32,486,0.18,1
9,7,6001,1,0,300,0.5,572,0.32,486,0.18,1
9,8,13936,1,0,300,0.5,572,0.32,486,0.18,1
9,9,14044,0,0,300,0.5,572,0.32,486,0.18,1
9,10,5271,1,0,666,0.42,420,0.58,1
9,11,9161,1,0,500,0.6,1000,0.2,1400,0.2,1
10,0,10920,2,10,5,0,300,0.5,572,0.32,486,0.18,1
10,1,11917,2,10,5,0,666,0.42,420,0.58,1
10,2,169,1,0,300,0.5,572,0.32,486,0.18,1
10,3,11314,2,10,5,0,500,0.6,1000,0.2,1400,0.2,1
10,4,14608,2,10,5,0,300,0.5,572,0.32,486,0.18,1
10,5,11550,0,0,666,0.42,420,0.58,1
10,6,5202,0,0,300,0.5,572,0.32,486,0.18,1
10,7,12244,2,10,5,0,300,0.5,572,0.32,486,0.18,1
10,8,6844,2,10,5,0,300,0.5,572,0.32,486,0.18,1
10,9,6403,1,0,300,0.5,1700,0.5,1
10,10,12973,0,0,300,0.5,572,0.32,486,0.18,1
10,11,5094,1,0,666,0.42,420,0.58,1
11,0,3011,2,10,5,0,500,0.6,1000,0.2,1400,0.2,1
11,1,12558,2,10,5,0,300,0.5,572,0.32,486,0.18,1
11,2,13565,1,0,300,0.5,572,0.32,486,0.18,1
11,3,5085,2,10,5,0,666,0.42,420,0.58,1
11,4,12260,1,0,300,0.5,1700,0.5,1
11,5,409,0,0,500,0.6,1000,0.2,1400,0.2,1
11,6,8597,0,0,300,0.5,1700,0.5,1
11,7,13847,2,10,5,0,300,0.5,572,0.32,486,0.18,1
11,8,3265,1,0,300,0.5,572,0.32,486,0.18,1
11,9,13803,1,0,500,0.6,1000,0.2,1400,0.2,1
11,10,4211,2,10,5,0,300,0.5,1700,0.5,1
11,11,14372,1,0,300,0.5,1700,0.5,1
