0,0,1185,0,0,500,0.6,1000,0.2,1400,0.2,1
0,1,8362,0,0,300,0.5,572,0.32,486,0.18,1
0,2,7901,0,0,666,0.42,420,0.58,1
0,3,13603,2,10,5,0,300,0.5,572,0.32,486,0.18,1
0,4,14044,1,0,300,0.5,1700,0.5,1
0,5,2334,0,0,500,0.6,1000,0.2,1400,0.2,1
0,6,9287,1,0,300,0.5,1700,0.5,1
0,7,1654,2,10,5,0,500,0.6,1000,0.2,1400,0.2,1
0,8,10778,1,0,666,0.42,420,0.58,1
0,9,11823,0,0,666,0.42,420,0.58,1
0,10,5627,2,10,5,0,300,0.5,1700,0.5,1
0,11,1789,2,10,5,0,300,0.5,572,0.32,486,0.18,1
1,0,13347,1,0,300,0.5,572,0.32,486,0.18,1
1,1,364,0,0,300,0.5,572,0.32,486,0.18,1
1,2,12990,0,0,300,0.5,1700,0.5,0
1,3,9923,1,0,300,0.5,572,0.32,486,0.18,1
1,4,14838,2,10,5,0,300,0.5,1700,0.5,1
1,5,223,2,10,5,0,300,0.5,572,0.32,486,0.18,1
1,6,4451,2,10,5,0,300,0.5,1700,0.5,1
1,7,13240,0,0,300,0.5,572,0.32,486,0.18,1
1,8,13783,2,10,5,0,666,0.42,420,0.58,1
1,9,4849,0,0,300,0.5,572,0.32,486,0.18,1
1,10,5989,0,0,300,0.5,572,0.32,486,0.18,1
1,11,1633,1,0,500,0.6,1000,0.2,1400,0.2,1
2,0,1166,1,0,500,0.6,1000,0.2,1400,0.2,1
2,1,14886,2,10,5,0,500,0.6,1000,0.2,1400,0.2,1
2,2,8936,0,0,300,0.5,572,0.32,486,0.18,1
2,3,12630,2,10,5,0,300,0.5,572,0.32,486,0.18,1
2,4,11711,2,10,5,0,300,0.5,1700,0.5,1
2,5,14168,2,10,5,0,666,0.42,420,0.58,1
2,6,4291,0,0,300,0.5,572,0.32,486,0.18,1
2,7,4514,2,10,5,0,300,0.5,572,0.32,486,0.18,1
2,8,338,1,0,300,0.5,572,0.32,486,0.18,1
2,9,14522,0,0,300,0.5,1700,0.5,1
2,10,10434,2,10,5,0,300,0.5,572,0.32,486,0.18,1
2,11,8780,2,10,5,0,300,0.5,572,0.32,486,0.18,1
3,0,9283,0,0,500,0.6,1000,0.2,1400,0.2,1
3,1,10778,0,0,666,0.42,420,0.58,1
3,2,3353,0,0,300,0.5,1700,0.5,1
3,3,10039,0,0,666,0.42,420,0.58,1
3,4,5699,1,0,300,0.5,1700,0.5,1
3,5,2405,0,0,666,0.42,420,0.58,1
3,6,10493,0,0,666,0.42,420,0.58,1
3,7,388,0,0,666,0.42,420,0.58,1
3,8,5387,2,10,5,0,500,0.6,1000,0.2,1400,0.2,1
3,9,11605,2,10,5,0,300,0.5,572,0.32,486,0.18,1
3,10,532,0,0,500,0.6,1000,0.2,1400,0.2,1
3,11,1799,2,10,5,0,666,0.42,420,0.58,1
4,0,12812,2,10,5,0,666,0.42,420,0.58,1
4,1,8025,2,10,5,0,500,0.6,1000,0.2,1400,0.2,1
4,2,5652,2,10,5,0,500,0.6,1000,0.2,1400,0.2,1
4,3,9579,1,0,500,0.6,1000,0.2,1400,0.2,1
4,4,1689,2,10,5,0,300,0.5,1700,0.5,1
4,5,3500,1,0,300,0.5,572,0.32,486,0.18,1
4,6,5193,0,0,300,0.5,572,0.32,486,0.18,1
4,7,12340,2,10,5,0,666,0.42,420,0.58,1
4,8,1663,0,0,666,0.42,420,0.58,1
4,9,9221,0,0,500,0.6,1000,0.2,1400,0.2,1
4,10,12253,1,0,666,0.42,420,0.58,1
4,11,5688,1,0,300,0.5,572,0.32,486,0.18,1
5,0,8571,0,0,666,0.42,420,0.58,1
5,1,10946,0,0,500,0.6,1000,0.2,1400,0.2,1
5,2,8510,2,10,5,0,300,0.5,572,0.32,486,0.18,1
5,3,716,1,0,300,0.5,572,0.32,486,0.18,1
5,4,14720,0,0,666,0.42,420,0.58,1
5,5,230,2,10,5,0,300,0.5,1700,0.5,1
5,6,9873,1,0,666,0.42,420,0.58,1
5,7,9024,1,0,666,0.42,420,0.58,1
5,8,1605,1,0,300,0.5,1700,0.5,1
5,9,788,0,0,300,0.5,1700,0.5,1
5,10,1891,0,0,500,0.6,1000,0.2,1400,0.2,1
5,11,4016,0,0,300,0.5,572,0.32,486,0.18,1
6,0,8148,2,10,5,0,500,0.6,1000,0.2,1400,0.2,1
6,1,12773,0,0,300,0.5,572,0.32,486,0.18,1
6,2,8151,1,0,500,0.6,1000,0.2,1400,0.2,1
6,3,748,2,10,5,0,666,0.42,420,0.58,1
6,4,9475,1,0,666,0.42,420,0.58,1
6,5,3435,1,0,300,0.5,1700,0.5,1
6,6,10958,0,0,666,0.42,420,0.58,1
6,7,1948,2,10,5,0,666,0.42,420,0.58,1
6,8,14290,0,0,500,0.6,1000,0.2,1400,0.2,1
6,9,2350,0,0,300,0.5,1700,0.5,1
6,10,10292,2,10,5,0,300,0.5,572,0.32,486,0.18,1
6,11,10636,2,10,5,0,500,0.6,1000,0.2,1400,0.2,1
7,0,3291,1,0,300,0.5,1700,0.5,1
7,1,3593,1,0,666,0.42,420,0.58,1
7,2,4986,1,0,666,0.42,420,0.58,1
7,3,400,1,0,666,0.42,420,0.58,1
7,4,8841,2,10,5,0,500,0.6,1000,0.2,1400,0.2,1
7,5,8798,0,0,500,0.6,1000,0.2,1400,0.2,1
7,6,9653,2,10,5,0,666,0.42,420,0.58,1
7,7,8059,2,10,5,0,300,0.5,572,0.32,486,0.18,1
7,8,14728,0,0,300,0.5,572,0.32,486,0.18,1
7,9,4985,0,0,500,0.6,1000,0.2,1400,0.2,1
7,10,8139,2,10,5,0,500,0.6,1000,0.2,1400,0.2,1
7,11,4039,2,10,5,0,300,0.5,572,0.32,486,0.18,1
8,0,4828,0,0,300,0.5,1700,0.5,1
8,1,14230,0,0,500,0.6,1000,0.2,1400,0.2,1
8,2,13575,2,10,5,0,300,0.5,572,0.32,486,0.18,1
8,3,12253,0,0,666,0.42,420,0.58,1
8,4,12605,0,0,500,0.6,1000,0.2,1400,0.2,1
8,5,1220,0,0,666,0.42,420,0.58,1
8,6,9501,1,0,300,0.5,1700,0.5,1
8,7,12415,2,10,5,0,666,0.42,420,0.58,1
8,8,10054,2,10,5,0,300,0.5,1700,0.5,1
8,9,5769,1,0,666,0.42,420,0.58,1
8,10,9453,1,0,666,0.42,420,0.58,1
8,11,12122,0,0,666,0.42,420,0.58,1
9,0,1863,1,0,666,0.42,420,0.58,1
9,1,4767,0,0,300,0.5,572,0.32,486,0.18,1
9,2,12687,1,0,300,0.5,572,0.32,486,0.18,1
9,3,12051,0,0,300,0.5,1700,0.5,1
9,4,13377,0,0,300,0.5,572,0.32,486,0.18,1
9,5,11763,1,0,300,0.5,572,0.32,486,0.18,1
9,6,6831,1,0,666,0.42,420,0.58,1
9,7,10551,2,10,5,0,666,0.42,420,0.58,1
9,8,176,2,10,5,0,300,0.5,1700,0.5,1
9,9,9561,1,0,300,0.5,1700,0.5,1
9,10,7409,1,0,300,0.5,572,0.32,486,0.18,1
9,11,4136,2,10,5,0,300,0.5,572,0.32,486,0.18,1
10,0,10704,0,0,666,0.42,420,0.58,1
10,1,10789,0,0,666,0.42,420,0.58,1
10,2,7398,1,0,300,0.5,1700,0.5,1
10,3,11087,0,0,300,0.5,572,0.32,486,0.18,1
10,4,14922,1,0,300,0.5,572,0.32,486,0.18,1
10,5,5718,2,10,5,0,666,0.42,420,0.58,1
10,6,1344,1,0,666,0.42,420,0.58,1
10,7,9548,1,0,666,0.42,420,0.58,1
10,8,10872,1,0,300,0.5,1700,0.5,1
10,9,5817,2,10,5,0,500,0.6,1000,0.2,1400,0.2,1
10,10,6197,1,0,500,0.6,1000,0.2,1400,0.2,1
10,11,5824,2,10,5,0,300,0.5,1700,0.5,1
11,0,14818,1,0,500,0.6,1000,0.2,1400,0.2,1
11,1,7282,1,0,500,0.6,1000,0.2,1400,0.2,1
11,2,10847,2,10,5,0,300,0.5,572,0.32,486,0.18,1
11,3,1899,1,0,666,0.42,420,0.58,1
11,4,12324,0,0,300,0.5,1700,0.5,1
11,5,14054,2,10,5,0,300,0.5,572,0.32,486,0.18,1
11,6,896,2,10,5,0,300,0.5,572,0.32,486,0.18,1
11,7,6235,0,0,300,0.5,572,0.32,486,0.18,1
11,8,5978,1,0,300,0.5,572,0.32,486,0.18,1
11,9,941,0,0,300,0.5,1700,0.5,1
11,10,264,2,10,5,0,666,0.42,420,0.58,1
11,11,11214,1,0,666,0.42,420,0.58,1
