0,0,14918,0,0,500,0.6,1000,0.2,1400,0.2,1
0,1,12168,2,10,5,0,666,0.42,420,0.58,1
0,2,9169,0,0,300,0.5,1700,0.5,1
0,3,10645,1,0,300,0.5,572,0.32,486,0.18,1
0,4,14315,1,0,300,0.5,572,0.32,486,0.18,1
0,5,4284,2,10,5,0,300,0.5,572,0.32,486,0.18,1
0,6,2882,0,0,300,0.5,572,0.32,486,0.18,1
0,7,3726,2,10,5,0,500,0.6,1000,0.2,1400,0.2,1
0,8,3300,1,0,300,0.5,1700,0.5,1
0,9,2426,1,0,666,0.42,420,0.58,1
0,10,3885,2,10,5,0,300,0.5,572,0.32,486,0.18,1
0,11,12078,2,10,5,0,300,0.5,572,0.32,486,0.18,1
1,0,6778,2,10,5,0,666,0.42,420,0.58,1
1,1,7673,1,0,300,0.5,1700,0.5,1
1,2,10988,0,0,666,0.42,420,0.58,0
1,3,9029,0,0,300,0.5,1700,0.5,1
1,4,289,2,10,5,0,500,0.6,1000,0.2,1400,0.2,1
1,5,6324,0,0,500,0.6,1000,0.2,1400,0.2,1
1,6,12326,2,10,5,0,300,0.5,572,0.32,486,0.18,1
1,7,3758,0,0,300,0.5,572,0.32,486,0.18,1
1,8,4901,0,0,300,0.5,1700,0.5,1
1,9,12371,1,0,300,0.5,572,0.32,486,0.18,1
1,10,7243,2,10,5,0,666,0.42,420,0.58,1
1,11,14206,1,0,300,0.5,572,0.32,486,0.18,1
2,0,12855,2,10,5,0,300,0.5,1700,0.5,1
2,1,5601,0,0,500,0.6,1000,0.2,1400,0.2,1
2,2,6728,2,10,5,0,666,0.42,420,0.58,1
2,3,3570,2,10,5,0,500,0.6,1000,0.2,1400,0.2,1
2,4,14822,1,0,300,0.5,572,0.32,486,0.18,1
2,5,1067,0,0,300,0.5,572,0.32,486,0.18,1
2,6,624,2,10,5,0,300,0.5,572,0.32,486,0.18,1
2,7,7925,1,0,300,0.5,1700,0.5,1
2,8,942,2,10,5,0,300,0.5,572,0.32,486,0.18,1
2,9,6294,0,0,666,0.42,420,0.58,1
2,10,10271,1,0,500,0.6,1000,0.2,1400,0.2,1
2,11,6571,2,10,5,0,500,0.6,1000,0.2,1400,0.2,1
3,0,6570,1,0,666,0.42,420,0.58,1
3,1,2601,2,10,5,0,500,0.6,1000,0.2,1400,0.2,1
3,2,7019,1,0,500,0.6,1000,0.2,1400,0.2,1
3,3,13223,2,10,5,0,666,0.42,420,0.58,1
3,4,696,2,10,5,0,666,0.42,420,0.58,1
3,5,6306,0,0,300,0.5,1700,0.5,1
3,6,13763,1,0,666,0.42,420,0.58,1
3,7,6876,0,0,300,0.5,572,0.32,486,0.18,1
3,8,5955,1,0,300,0.5,572,0.32,486,0.18,1
3,9,901,0,0,300,0.5,1700,0.5,1
3,10,10567,0,0,300,0.5,572,0.32,486,0.18,1
3,11,10816,0,0,666,0.42,420,0.58,1
4,0,1038,2,10,5,0,666,0.42,420,0.58,1
4,1,6646,2,10,5,0,500,0.6,1000,0.2,1400,0.2,1
4,2,4824,1,0,666,0.42,420,0.58,1
4,3,14306,2,10,5,0,300,0.5,572,0.32,486,0.18,1
4,4,10932,1,0,300,0.5,1700,0.5,1
4,5,12205,2,10,5,0,666,0.42,420,0.58,1
4,6,10069,0,0,666,0.42,420,0.58,1
4,7,3594,2,10,5,0,500,0.6,1000,0.2,1400,0.2,1
4,8,745,2,10,5,0,666,0.42,420,0.58,1
4,9,10359,0,0,500,0.6,1000,0.2,1400,0.2,1
4,10,7834,0,0,300,0.5,572,0.32,486,0.18,1
4,11,13351,2,10,5,0,500,0.6,1000,0.2,1400,0.2,1
5,0,7167,1,0,300,0.5,572,0.32,486,0.18,1
5,1,11200,0,0,300,0.5,572,0.32,486,0.18,1
5,2,1814,1,0,300,0.5,572,0.32,486,0.18,1
5,3,1159,2,10,5,0,666,0.42,420,0.58,1
5,4,9677,1,0,500,0.6,1000,0.2,1400,0.2,1
5,5,14129,1,0,500,0.6,1000,0.2,1400,0.2,1
5,6,10566,0,0,500,0.6,1000,0.2,1400,0.2,1
5,7,1859,1,0,300,0.5,572,0.32,486,0.18,1
5,8,4274,2,10,5,0,500,0.6,1000,0.2,1400,0.2,1
5,9,13765,2,10,5,0,500,0.6,1000,0.2,1400,0.2,1
5,10,11819,1,0,300,0.5,1700,0.5,1
5,11,10239,1,0,666,0.42,420,0.58,1
6,0,3278,1,0,666,0.42,420,0.58,1
6,1,2142,0,0,500,0.6,1000,0.2,1400,0.2,1
6,2,1848,0,0,300,0.5,1700,0.5,1
6,3,458,0,0,300,0.5,1700,0.5,1
6,4,8652,0,0,500,0.6,1000,0.2,1400,0.2,1
6,5,235,2,10,5,0,666,0.42,420,0.58,1
6,6,12722,2,10,5,0,300,0.5,572,0.32,486,0.18,1
6,7,13824,0,0,666,0.42,420,0.58,1
6,8,4183,1,0,666,0.42,420,0.58,1
6,9,132,0,0,300,0.5,572,0.32,486,0.18,1
6,10,3272,1,0,666,0.42,420,0.58,1
6,11,14999,0,0,666,0.42,420,0.58,1
7,0,7235,2,10,5,0,300,0.5,1700,0.5,1
7,1,9236,2,10,5,0,300,0.5,572,0.32,486,0.18,1
7,2,12323,1,0,300,0.5,1700,0.5,1
7,3,1202,0,0,500,0.6,1000,0.2,1400,0.2,1
7,4,9329,2,10,5,0,300,0.5,1700,0.5,1
7,5,2154,2,10,5,0,300,0.5,1700,0.5,1
7,6,9359,0,0,300,0.5,1700,0.5,1
7,7,13477,1,0,500,0.6,1000,0.2,1400,0.2,1
7,8,7600,2,10,5,0,300,0.5,572,0.32,486,0.18,1
7,9,3276,2,10,5,0,666,0.42,420,0.58,1
7,10,10642,1,0,300,0.5,1700,0.5,1
7,11,337,0,0,666,0.42,420,0.58,1
8,0,14584,2,10,5,0,300,0.5,1700,0.5,1
8,1,3295,1,0,500,0.6,1000,0.2,1400,0.2,1
8,2,518,0,0,300,0.5,1700,0.5,1
8,3,11541,1,0,300,0.5,572,0.32,486,0.18,1
8,4,13368,2,10,5,0,500,0.6,1000,0.2,1400,0.2,1
8,5,10262,0,0,300,0.5,572,0.32,486,0.18,1
8,6,5207,2,10,5,0,300,0.5,1700,0.5,1
8,7,13770,1,0,500,0.6,1000,0.2,1400,0.2,1
8,8,6710,0,0,300,0.5,572,0.32,486,0.18,1
8,9,14896,1,0,300,0.5,572,0.32,486,0.18,1
8,10,5931,0,0,666,0.42,420,0.58,1
8,11,8734,2,10,5,0,666,0.42,420,0.58,1
9,0,7767,1,0,666,0.42,420,0.58,1
9,1,4243,2,10,5,0,500,0.6,1000,0.2,1400,0.2,1
9,2,10964,0,0,300,0.5,572,0.32,486,0.18,1
9,3,9005,2,10,5,0,666,0.42,420,0.58,1
9,4,6504,0,0,300,0.5,1700,0.5,1
9,5,6941,2,10,5,0,500,0.6,1000,0.2,1400,0.2,1
9,6,7403,1,0,666,0.42,420,0.58,1
9,7,8312,1,0,300,0.5,572,0.32,486,0.18,1
9,8,3744,1,0,300,0.5,572,0.32,486,0.18,1
9,9,3576,2,10,5,0,500,0.6,1000,0.2,1400,0.2,1
9,10,8135,0,0,666,0.42,420,0.58,1
9,11,13067,2,10,5,0,666,0.42,420,0.58,1
10,0,14567,2,10,5,0,300,0.5,572,0.32,486,0.18,1
10,1,7060,0,0,300,0.5,572,0.32,486,0.18,1
10,2,1223,0,0,300,0.5,1700,0.5,1
10,3,1257,1,0,300,0.5,572,0.32,486,0.18,1
10,4,7920,1,0,666,0.42,420,0.58,1
10,5,1543,1,0,300,0.5,1700,0.5,1
10,6,11019,2,10,5,0,300,0.5,1700,0.5,1
10,7,9413,1,0,666,0.42,420,0.58,1
10,8,12864,1,0,666,0.42,420,0.58,1
10,9,11751,1,0,300,0.5,572,0.32,486,0.18,1
10,10,2832,1,0,300,0.5,572,0.32,486,0.18,1
10,11,13503,1,0,500,0.6,1000,0.2,1400,0.2,1
11,0,2745,2,10,5,0,500,0.6,1000,0.2,1400,0.2,1
11,1,4410,1,0,300,0.5,1700,0.5,1
11,2,6087,2,10,5,0,300,0.5,572,0.32,486,0.18,1
11,3,10329,2,10,5,0,500,0.6,1000,0.2,1400,0.2,1
11,4,14348,2,10,5,0,500,0.6,1000,0.2,1400,0.2,1
11,5,1360,0,0,500,0.6,1000,0.2,1400,0.2,1
11,6,13772,2,10,5,0,666,0.42,420,0.58,1
11,7,4999,0,0,300,0.5,1700,0.5,1
11,8,13011,0,0,300,0.5,1700,0.5,1
11,9,5245,2,10,5,0,500,0.6,1000,0.2,1400,0.2,1
11,10,12348,0,0,500,0.6,1000,0.2,1400,0.2,1
11,11,12177,0,0,500,0.6,1000,0.2,1400,0.2,1
