0,0,10664,2,10,5,0,666,0.42,420,0.58,1
0,1,9362,2,10,5,0,300,0.5,572,0.32,486,0.18,1
0,2,267,0,0,300,0.5,1700,0.5,1
0,3,9786,1,0,500,0.6,1000,0.2,1400,0.2,1
0,4,4699,0,0,300,0.5,1700,0.5,1
0,5,13633,1,0,300,0.5,1700,0.5,1
0,6,9296,1,0,666,0.42,420,0.58,1
0,7,3423,0,0,300,0.5,572,0.32,486,0.18,1
0,8,11489,1,0,500,0.6,1000,0.2,1400,0.2,1
0,9,13122,1,0,500,0.6,1000,0.2,1400,0.2,1
0,10,7044,2,10,5,0,300,0.5,1700,0.5,1
0,11,4908,1,0,666,0.42,420,0.58,1
1,0,10164,0,0,300,0.5,1700,0.5,1
1,1,3655,0,0,300,0.5,1700,0.5,1
1,2,3398,2,10,5,0,666,0.42,420,0.58,0
1,3,8833,1,0,300,0.5,572,0.32,486,0.18,1
1,4,3620,1,0,500,0.6,1000,0.2,1400,0.2,1
1,5,6531,0,0,666,0.42,420,0.58,1
1,6,2578,0,0,500,0.6,1000,0.2,1400,0.2,1
1,7,4345,0,0,666,0.42,420,0.58,1
1,8,5299,2,10,5,0,300,0.5,1700,0.5,1
1,9,3360,2,10,5,0,300,0.5,572,0.32,486,0.18,1
1,10,9365,2,10,5,0,300,0.5,572,0.32,486,0.18,1
1,11,4349,2,10,5,0,300,0.5,1700,0.5,1
2,0,338,1,0,666,0.42,420,0.58,1
2,1,9196,1,0,500,0.6,1000,0.2,1400,0.2,1
2,2,5070,2,10,5,0,500,0.6,1000,0.2,1400,0.2,1
2,3,5766,1,0,300,0.5,572,0.32,486,0.18,1
2,4,8347,0,0,300,0.5,572,0.32,486,0.18,1
2,5,1039,1,0,500,0.6,1000,0.2,1400,0.2,1
2,6,12974,1,0,300,0.5,572,0.32,486,0.18,1
2,7,10885,2,10,5,0,300,0.5,572,0.32,486,0.18,1
2,8,2901,1,0,666,0.42,420,0.58,1
2,9,13316,0,0,500,0.6,1000,0.2,1400,0.2,1
2,10,12546,0,0,666,0.42,420,0.58,1
2,11,7737,0,0,500,0.6,1000,0.2,1400,0.2,1
3,0,9635,2,10,5,0,500,0.6,1000,0.2,1400,0.2,1
3,1,7658,2,10,5,0,666,0.42,420,0.58,1
3,2,7495,1,0,666,0.42,420,0.58,1
3,3,9396,2,10,5,0,300,0.5,1700,0.5,1
3,4,2336,0,0,500,0.6,1000,0.2,1400,0.2,1
3,5,6331,0,0,666,0.42,420,0.58,1
3,6,14157,0,0,500,0.6,1000,0.2,1400,0.2,1
3,7,12111,0,0,300,0.5,572,0.32,486,0.18,1
3,8,430,0,0,500,0.6,1000,0.2,1400,0.2,1
3,9,5955,0,0,666,0.42,420,0.58,1
3,10,8257,0,0,300,0.5,1700,0.5,1
3,11,13870,1,0,666,0.42,420,0.58,1
4,0,1763,2,10,5,0,300,0.5,1700,0.5,1
4,1,6400,2,10,5,0,300,0.5,572,0.32,486,0.18,1
4,2,10531,1,0,300,0.5,572,0.32,486,0.18,1
4,3,14927,2,10,5,0,300,0.5,1700,0.5,1
4,4,7263,1,0,666,0.42,420,0.58,1
4,5,4055,0,0,666,0.42,420,0.58,1
4,6,1027,1,0,500,0.6,1000,0.2,1400,0.2,1
4,7,6810,0,0,300,0.5,572,0.32,486,0.18,1
4,8,5402,0,0,300,0.5,1700,0.5,1
4,9,11226,1,0,300,0.5,1700,0.5,1
4,10,3300,0,0,500,0.6,1000,0.2,1400,0.2,1
4,11,5158,1,0,500,0.6,1000,0.2,1400,0.2,1
5,0,9739,1,0,500,0.6,1000,0.2,1400,0.2,1
5,1,5153,1,0,300,0.5,572,0.32,486,0.18,1
5,2,10062,1,0,300,0.5,1700,0.5,1
5,3,2177,1,0,666,0.42,420,0.58,1
5,4,5790,0,0,300,0.5,1700,0.5,1
5,5,9218,2,10,5,0,666,0.42,420,0.58,1
5,6,10614,0,0,300,0.5,1700,0.5,1
5,7,1664,0,0,500,0.6,1000,0.2,1400,0.2,1
5,8,1993,1,0,300,0.5,1700,0.5,1
5,9,7135,0,0,300,0.5,572,0.32,486,0.18,1
5,10,3698,0,0,300,0.5,572,0.32,486,0.18,1
5,11,5889,1,0,666,0.42,420,0.58,1
6,0,7462,0,0,666,0.42,420,0.58,1
6,1,1224,2,10,5,0,300,0.5,572,0.32,486,0.18,1
6,2,668,2,10,5,0,666,0.42,420,0.58,1
6,3,13729,0,0,300,0.5,1700,0.5,1
6,4,11423,0,0,300,0.5,1700,0.5,1
6,5,13642,0,0,300,0.5,1700,0.5,1
6,6,11711,2,10,5,0,300,0.5,572,0.32,486,0.18,1
6,7,3739,0,0,500,0.6,1000,0.2,1400,0.2,1
6,8,11120,1,0,300,0.5,572,0.32,486,0.18,1
6,9,7730,1,0,666,0.42,420,0.58,1
6,10,6979,1,0,300,0.5,1700,0.5,1
6,11,2969,0,0,666,0.42,420,0.58,1
7,0,13366,2,10,5,0,300,0.5,572,0.32,486,0.18,1
7,1,1464,0,0,500,0.6,1000,0.2,1400,0.2,1
7,2,13948,1,0,300,0.5,1700,0.5,1
7,3,1207,1,0,500,0.6,1000,0.2,1400,0.2,1
7,4,9234,1,0,300,0.5,572,0.32,486,0.18,1
7,5,2305,1,0,500,0.6,1000,0.2,1400,0.2,1
7,6,13451,2,10,5,0,300,0.5,572,0.32,486,0.18,1
7,7,13850,2,10,5,0,300,0.5,572,0.32,486,0.18,1
7,8,6105,1,0,300,0.5,1700,0.5,1
7,9,12476,1,0,300,0.5,1700,0.5,1
7,10,8048,2,10,5,0,500,0.6,1000,0.2,1400,0.2,1
7,11,5576,0,0,500,0.6,1000,0.2,1400,0.2,1
8,0,2350,0,0,300,0.5,1700,0.5,1
8,1,8949,2,10,5,0,300,0.5,1700,0.5,1
8,2,5704,1,0,300,0.5,572,0.32,486,0.18,1
8,3,7679,2,10,5,0,666,0.42,420,0.58,1
8,4,5453,1,0,300,0.5,1700,0.5,1
8,5,9265,1,0,300,0.5,1700,0.5,1
8,6,12127,2,10,5,0,500,0.6,1000,0.2,1400,0.2,1
8,7,8166,2,10,5,0,500,0.6,1000,0.2,1400,0.2,1
8,8,3198,2,10,5,0,500,0.6,1000,0.2,1400,0.2,1
8,9,174,1,0,500,0.6,1000,0.2,1400,0.2,1
8,10,14116,1,0,666,0.42,420,0.58,1
8,11,567,2,10,5,0,666,0.42,420,0.58,1
9,0,5662,2,10,5,0,300,0.5,572,0.32,486,0.18,1
9,1,4752,1,0,300,0.5,572,0.32,486,0.18,1
9,2,2070,1,0,300,0.5,1700,0.5,1
9,3,445,2,10,5,0,500,0.6,1000,0.2,1400,0.2,1
9,4,3652,1,0,300,0.5,1700,0.5,1
9,5,4568,1,0,300,0.5,1700,0.5,1
9,6,12649,1,0,300,0.5,572,0.32,486,0.18,1
9,7,13489,0,0,500,0.6,1000,0.2,1400,0.2,1
9,8,14067,0,0,300,0.5,572,0.32,486,0.18,1
9,9,6332,2,10,5,0,300,0.5,572,0.32,486,0.18,1
9,10,4141,2,10,5,0,300,0.5,572,0.32,486,0.18,1
9,11,2128,0,0,666,0.42,420,0.58,1
10,0,8037,0,0,300,0.5,572,0.32,486,0.18,1
10,1,4903,0,0,666,0.42,420,0.58,1
10,2,10868,0,0,500,0.6,1000,0.2,1400,0.2,1
10,3,2954,2,10,5,0,500,0.6,1000,0.2,1400,0.2,1
10,4,1373,2,10,5,0,500,0.6,1000,0.2,1400,0.2,1
10,5,1752,2,10,5,0,666,0.42,420,0.58,1
10,6,5183,0,0,300,0.5,1700,0.5,1
10,7,9158,2,10,5,0,500,0.6,1000,0.2,1400,0.2,1
10,8,12404,1,0,300,0.5,572,0.32,486,0.18,1
10,9,2898,2,10,5,0,666,0.42,420,0.58,1
10,10,9506,0,0,300,0.5,1700,0.5,1
10,11,14072,2,10,5,0,300,0.5,1700,0.5,1
11,0,14636,2,10,5,0,666,0.42,420,0.58,1
11,1,446,0,0,300,0.5,572,0.32,486,0.18,1
11,2,785,1,0,500,0.6,1000,0.2,1400,0.2,1
11,3,7971,0,0,300,0.5,1700,0.5,1
11,4,11332,2,10,5,0,300,0.5,1700,0.5,1
11,5,13212,2,10,5,0,300,0.5,1700,0.5,1
11,6,14452,1,0,666,0.42,420,0.58,1
11,7,11971,1,0,500,0.6,1000,0.2,1400,0.2,1
11,8,6660,2,10,5,0,300,0.5,1700,0.5,1
11,9,4923,0,0,300,0.5,572,0.32,486,0.18,1
11,10,6210,2,10,5,0,300,0.5,572,0.32,486,0.18,1
11,11,5877,0,0,500,0.6,1000,0.2,1400,0.2,1
