0,0,14827,2,10,5,0,300,0.5,572,0.32,486,0.18,1
0,1,12546,2,10,5,0,666,0.42,420,0.58,1
0,2,9006,0,0,500,0.6,1000,0.2,1400,0.2,1
0,3,1773,2,10,5,0,500,0.6,1000,0.2,1400,0.2,1
0,4,11202,1,0,300,0.5,1700,0.5,1
0,5,4828,2,10,5,0,666,0.42,420,0.58,1
0,6,13852,0,0,666,0.42,420,0.58,1
0,7,1120,2,10,5,0,300,0.5,1700,0.5,1
0,8,10292,0,0,300,0.5,1700,0.5,1
0,9,9300,1,0,500,0.6,1000,0.2,1400,0.2,1
0,10,6997,1,0,300,0.5,1700,0.5,1
0,11,12008,1,0,300,0.5,1700,0.5,1
1,0,5119,0,0,666,0.42,420,0.58,1
1,1,12159,1,0,500,0.6,1000,0.2,1400,0.2,1
1,2,7711,1,0,300,0.5,1700,0.5,0
1,3,7192,2,10,5,0,300,0.5,572,0.32,486,0.18,1
1,4,6860,0,0,500,0.6,1000,0.2,1400,0.2,1
1,5,13583,0,0,666,0.42,420,0.58,1
1,6,1928,0,0,300,0.5,572,0.32,486,0.18,1
1,7,3699,2,10,5,0,500,0.6,1000,0.2,1400,0.2,1
1,8,740,0,0,500,0.6,1000,0.2,1400,0.2,1
1,9,12010,1,0,666,0.42,420,0.58,1
1,10,10188,0,0,300,0.5,1700,0.5,1
1,11,1082,2,10,5,0,666,0.42,420,0.58,1
2,0,1865,1,0,666,0.42,420,0.58,1
2,1,11516,0,0,300,0.5,1700,0.5,1
2,2,9829,2,10,5,0,300,0.5,572,0.32,486,0.18,1
2,3,5658,2,10,5,0,300,0.5,1700,0.5,1
2,4,3663,0,0,300,0.5,572,0.32,486,0.18,1
2,5,11,2,10,5,0,300,0.5,1700,0.5,1
2,6,4002,0,0,300,0.5,1700,0.5,1
2,7,7214,0,0,300,0.5,1700,0.5,1
2,8,11925,0,0,300,0.5,572,0.32,486,0.18,1
2,9,4197,2,10,5,0,300,0.5,1700,0.5,1
2,10,6687,2,10,5,0,666,0.42,420,0.58,1
2,11,1344,1,0,300,0.5,1700,0.5,1
3,0,1428,1,0,666,0.42,420,0.58,1
3,1,9030,1,0,500,0.6,1000,0.2,1400,0.2,1
3,2,8606,0,0,300,0.5,572,0.32,486,0.18,1
3,3,4207,0,0,666,0.42,420,0.58,1
3,4,10663,1,0,300,0.5,1700,0.5,1
3,5,6182,1,0,500,0.6,1000,0.2,1400,0.2,1
3,6,4969,1,0,500,0.6,1000,0.2,1400,0.2,1
3,7,13156,1,0,300,0.5,1700,0.5,1
3,8,3560,1,0,500,0.6,1000,0.2,1400,0.2,1
3,9,952,0,0,500,0.6,1000,0.2,1400,0.2,1
3,10,14833,1,0,666,0.42,420,0.58,1
3,11,8893,2,10,5,0,300,0.5,572,0.32,486,0.18,1
4,0,8941,0,0,300,0.5,1700,0.5,1
4,1,681,1,0,300,0.5,572,0.32,486,0.18,1
4,2,14644,2,10,5,0,500,0.6,1000,0.2,1400,0.2,1
4,3,3582,0,0,300,0.5,572,0.32,486,0.18,1
4,4,13506,1,0,500,0.6,1000,0.2,1400,0.2,1
4,5,14026,2,10,5,0,300,0.5,1700,0.5,1
4,6,10229,1,0,666,0.42,420,0.58,1
4,7,4454,0,0,300,0.5,1700,0.5,1
4,8,7561,0,0,300,0.5,1700,0.5,1
4,9,7166,1,0,666,0.42,420,0.58,1
4,10,13140,0,0,666,0.42,420,0.58,1
4,11,1163,1,0,300,0.5,572,0.32,486,0.18,1
5,0,294,0,0,500,0.6,1000,0.2,1400,0.2,1
5,1,6220,1,0,500,0.6,1000,0.2,1400,0.2,1
5,2,4186,2,10,5,0,500,0.6,1000,0.2,1400,0.2,1
5,3,4727,1,0,300,0.5,1700,0.5,1
5,4,4933,0,0,500,0.6,1000,0.2,1400,0.2,1
5,5,12221,1,0,300,0.5,572,0.32,486,0.18,1
5,6,12432,1,0,300,0.5,1700,0.5,1
5,7,3589,0,0,500,0.6,1000,0.2,1400,0.2,1
5,8,9197,2,10,5,0,500,0.6,1000,0.2,1400,0.2,1
5,9,11581,0,0,300,0.5,572,0.32,486,0.18,1
5,10,226,0,0,666,0.42,420,0.58,1
5,11,13183,2,10,5,0,666,0.42,420,0.58,1
6,0,6625,0,0,300,0.5,572,0.32,486,0.18,1
6,1,10535,1,0,300,0.5,572,0.32,486,0.18,1
6,2,9259,2,10,5,0,666,0.42,420,0.58,1
6,3,4116,0,0,300,0.5,572,0.32,486,0.18,1
6,4,10438,1,0,300,0.5,572,0.32,486,0.18,1
6,5,2988,1,0,300,0.5,1700,0.5,1
6,6,7451,0,0,666,0.42,420,0.58,1
6,7,6499,1,0,500,0.6,1000,0.2,1400,0.2,1
6,8,13018,2,10,5,0,666,0.42,420,0.58,1
6,9,8244,0,0,500,0.6,1000,0.2,1400,0.2,1
6,10,3090,1,0,500,0.6,1000,0.2,1400,0.2,1
6,11,10404,2,10,5,0,666,0.42,420,0.58,1
7,0,10516,0,0,666,0.42,420,0.58,1
7,1,2840,1,0,666,0.42,420,0.58,1
7,2,11493,0,0,500,0.6,1000,0.2,1400,0.2,1
7,3,2017,0,0,300,0.5,572,0.32,486,0.18,1
7,4,5712,0,0,300,0.5,572,0.32,486,0.18,1
7,5,5842,2,10,5,0,300,0.5,1700,0.5,1
7,6,6391,2,10,5,0,300,0.5,1700,0.5,1
7,7,3142,1,0,300,0.5,1700,0.5,1
7,8,9375,2,10,5,0,300,0.5,572,0.32,486,0.18,1
7,9,6876,0,0,666,0.42,420,0.58,1
7,10,9058,1,0,500,0.6,1000,0.2,1400,0.2,1
7,11,6571,1,0,300,0.5,1700,0.5,1
8,0,705,0,0,666,0.42,420,0.58,1
8,1,7736,2,10,5,0,666,0.42,420,0.58,1
8,2,10843,1,0,666,0.42,420,0.58,1
8,3,2173,2,10,5,0,500,0.6,1000,0.2,1400,0.2,1
8,4,13779,2,10,5,0,500,0.6,1000,0.2,1400,0.2,1
8,5,1579,2,10,5,0,300,0.5,1700,0.5,1
8,6,3295,1,0,300,0.5,572,0.32,486,0.18,1
8,7,3766,2,10,5,0,300,0.5,1700,0.5,1
8,8,9042,1,0,500,0.6,1000,0.2,1400,0.2,1
8,9,12223,1,0,300,0.5,572,0.32,486,0.18,1
8,10,3249,0,0,300,0.5,572,0.32,486,0.18,1
8,11,7787,0,0,300,0.5,572,0.32,486,0.18,1
9,0,3775,0,0,300,0.5,572,0.32,486,0.18,1
9,1,5981,2,10,5,0,500,0.6,1000,0.2,1400,0.2,1
9,2,4675,1,0,300,0.5,572,0.32,486,0.18,1
9,3,2210,2,10,5,0,300,0.5,1700,0.5,1
9,4,6029,0,0,300,0.5,572,0.32,486,0.18,1
9,5,3531,2,10,5,0,300,0.5,1700,0.5,1
9,6,6748,1,0,300,0.5,572,0.32,486,0.18,1
9,7,6852,1,0,666,0.42,420,0.58,1
9,8,3329,1,0,300,0.5,1700,0.5,1
9,9,5455,2,10,5,0,500,0.6,1000,0.2,1400,0.2,1
9,10,3445,0,0,666,0.42,420,0.58,1
9,11,1498,1,0,500,0.6,1000,0.2,1400,0.2,1
10,0,9205,0,0,666,0.42,420,0.58,1
10,1,4451,2,10,5,0,666,0.42,420,0.58,1
10,2,14991,0,0,300,0.5,1700,0.5,1
10,3,12809,2,10,5,0,666,0.42,420,0.58,1
10,4,14202,2,10,5,0,500,0.6,1000,0.2,1400,0.2,1
10,5,9517,2,10,5,0,666,0.42,420,0.58,1
10,6,9252,2,10,5,0,500,0.6,1000,0.2,1400,0.2,1
10,7,6925,2,10,5,0,500,0.6,1000,0.2,1400,0.2,1
10,8,3808,1,0,300,0.5,1700,0.5,1
10,9,5548,2,10,5,0,500,0.6,1000,0.2,1400,0.2,1
10,10,6287,1,0,666,0.42,420,0.58,1
10,11,4213,0,0,300,0.5,572,0.32,486,0.18,1
11,0,1723,2,10,5,0,666,0.42,420,0.58,1
11,1,12067,1,0,666,0.42,420,0.58,1
11,2,5525,2,10,5,0,300,0.5,572,0.32,486,0.18,1
11,3,179,2,10,5,0,300,0.5,1700,0.5,1
11,4,2688,1,0,500,0.6,1000,0.2,1400,0.2,1
11,5,8885,2,10,5,0,300,0.5,1700,0.5,1
11,6,9706,0,0,666,0.42,420,0.58,1
11,7,7015,0,0,666,0.42,420,0.58,1
11,8,6909,2,10,5,0,666,0.42,420,0.58,1
11,9,2567,1,0,300,0.5,572,0.32,486,0.18,1
11,10,4934,2,10,5,0,300,0.5,1700,0.5,1
11,11,9481,1,0,500,0.6,1000,0.2,1400,0.2,1
