0,0,13155,1,0,500,0.6,1000,0.2,1400,0.2,1
0,1,9360,2,10,5,0,300,0.5,572,0.32,486,0.18,1
0,2,4179,1,0,300,0.5,1700,0.5,1
0,3,14000,2,10,5,0,300,0.5,572,0.32,486,0.18,1
0,4,1755,1,0,300,0.5,572,0.32,486,0.18,1
0,5,8136,0,0,500,0.6,1000,0.2,1400,0.2,1
0,6,2487,2,10,5,0,666,0.42,420,0.58,1
0,7,13556,1,0,500,0.6,1000,0.2,1400,0.2,1
0,8,9824,1,0,500,0.6,1000,0.2,1400,0.2,1
0,9,1135,0,0,500,0.6,1000,0.2,1400,0.2,1
0,10,7143,1,0,666,0.42,420,0.58,1
0,11,13462,2,10,5,0,300,0.5,572,0.32,486,0.18,1
1,0,6570,1,0,300,0.5,1700,0.5,1
1,1,5657,2,10,5,0,300,0.5,1700,0.5,1
1,2,1080,1,0,666,0.42,420,0.58,0
1,3,4331,1,0,300,0.5,572,0.32,486,0.18,1
1,4,3726,0,0,666,0.42,420,0.58,1
1,5,11047,1,0,300,0.5,572,0.32,486,0.18,1
1,6,5071,0,0,300,0.5,1700,0.5,1
1,7,14772,2,10,5,0,666,0.42,420,0.58,1
1,8,4541,0,0,500,0.6,1000,0.2,1400,0.2,1
1,9,14296,1,0,500,0.6,1000,0.2,1400,0.2,1
1,10,6329,0,0,500,0.6,1000,0.2,1400,0.2,1
1,11,11096,1,0,500,0.6,1000,0.2,1400,0.2,1
2,0,10510,0,0,500,0.6,1000,0.2,1400,0.2,1
2,1,13099,0,0,300,0.5,572,0.32,486,0.18,1
2,2,4122,2,10,5,0,666,0.42,420,0.58,1
2,3,11809,1,0,666,0.42,420,0.58,1
2,4,2307,1,0,500,0.6,1000,0.2,1400,0.2,1
2,5,13585,0,0,300,0.5,1700,0.5,1
2,6,8784,2,10,5,0,500,0.6,1000,0.2,1400,0.2,1
2,7,8446,2,10,5,0,300,0.5,572,0.32,486,0.18,1
2,8,7477,1,0,300,0.5,1700,0.5,1
2,9,7430,0,0,300,0.5,572,0.32,486,0.18,1
2,10,9402,1,0,666,0.42,420,0.58,1
2,11,7878,1,0,300,0.5,572,0.32,486,0.18,1
3,0,45,2,10,5,0,500,0.6,1000,0.2,1400,0.2,1
3,1,13463,2,10,5,0,500,0.6,1000,0.2,1400,0.2,1
3,2,12966,1,0,300,0.5,1700,0.5,1
3,3,13106,0,0,666,0.42,420,0.58,1
3,4,13100,0,0,300,0.5,572,0.32,486,0.18,1
3,5,5039,1,0,500,0.6,1000,0.2,1400,0.2,1
3,6,5672,1,0,300,0.5,572,0.32,486,0.18,1
3,7,8604,2,10,5,0,500,0.6,1000,0.2,1400,0.2,1
3,8,4900,2,10,5,0,300,0.5,1700,0.5,1
3,9,6145,2,10,5,0,666,0.42,420,0.58,1
3,10,13077,1,0,666,0.42,420,0.58,1
3,11,6035,1,0,500,0.6,1000,0.2,1400,0.2,1
4,0,17,1,0,300,0.5,1700,0.5,1
4,1,10035,2,10,5,0,300,0.5,1700,0.5,1
4,2,9150,2,10,5,0,300,0.5,572,0.32,486,0.18,1
4,3,5167,2,10,5,0,500,0.6,1000,0.2,1400,0.2,1
4,4,3776,0,0,500,0.6,1000,0.2,1400,0.2,1
4,5,9190,0,0,300,0.5,572,0.32,486,0.18,1
4,6,2904,2,10,5,0,500,0.6,1000,0.2,1400,0.2,1
4,7,1484,2,10,5,0,300,0.5,1700,0.5,1
4,8,4474,2,10,5,0,666,0.42,420,0.58,1
4,9,3741,2,10,5,0,666,0.42,420,0.58,1
4,10,3506,1,0,300,0.5,1700,0.5,1
4,11,12587,1,0,300,0.5,572,0.32,486,0.18,1
5,0,3166,1,0,666,0.42,420,0.58,1
5,1,8459,2,10,5,0,300,0.5,1700,0.5,1
5,2,499,0,0,300,0.5,572,0.32,486,0.18,1
5,3,10463,1,0,500,0.6,1000,0.2,1400,0.2,1
5,4,10221,1,0,300,0.5,1700,0.5,1
5,5,9360,2,10,5,0,666,0.42,420,0.58,1
5,6,3863,2,10,5,0,500,0.6,1000,0.2,1400,0.2,1
5,7,5063,1,0,666,0.42,420,0.58,1
5,8,6899,2,10,5,0,666,0.42,420,0.58,1
5,9,11929,1,0,666,0.42,420,0.58,1
5,10,6383,0,0,300,0.5,572,0.32,486,0.18,1
5,11,3276,1,0,300,0.5,572,0.32,486,0.18,1
6,0,6973,1,0,500,0.6,1000,0.2,1400,0.2,1
6,1,10081,0,0,500,0.6,1000,0.2,1400,0.2,1
6,2,2104,1,0,300,0.5,1700,0.5,1
6,3,8724,0,0,300,0.5,1700,0.5,1
6,4,7578,0,0,666,0.42,420,0.58,1
6,5,8607,2,10,5,0,666,0.42,420,0.58,1
6,6,6176,0,0,500,0.6,1000,0.2,1400,0.2,1
6,7,5236,0,0,300,0.5,1700,0.5,1
6,8,7060,2,10,5,0,300,0.5,572,0.32,486,0.18,1
6,9,2611,0,0,300,0.5,1700,0.5,1
6,10,13018,0,0,300,0.5,572,0.32,486,0.18,1
6,11,4343,1,0,300,0.5,572,0.32,486,0.18,1
7,0,4967,1,0,500,0.6,1000,0.2,1400,0.2,1
7,1,2278,0,0,300,0.5,1700,0.5,1
7,2,6839,0,0,300,0.5,1700,0.5,1
7,3,12729,2,10,5,0,666,0.42,420,0.58,1
7,4,10231,1,0,666,0.42,420,0.58,1
7,5,5684,1,0,300,0.5,1700,0.5,1
7,6,14170,0,0,300,0.5,572,0.32,486,0.18,1
7,7,384,1,0,500,0.6,1000,0.2,1400,0.2,1
7,8,7016,0,0,300,0.5,572,0.32,486,0.18,1
7,9,8975,1,0,300,0.5,1700,0.5,1
7,10,12846,2,10,5,0,300,0.5,1700,0.5,1
7,11,990,2,10,5,0,300,0.5,572,0.32,486,0.18,1
8,0,6933,1,0,500,0.6,1000,0.2,1400,0.2,1
8,1,6564,2,10,5,0,300,0.5,572,0.32,486,0.18,1
8,2,283,0,0,300,0.5,572,0.32,486,0.18,1
8,3,4893,2,10,5,0,500,0.6,1000,0.2,1400,0.2,1
8,4,1467,2,10,5,0,300,0.5,572,0.32,486,0.18,1
8,5,6474,2,10,5,0,300,0.5,1700,0.5,1
8,6,4517,1,0,666,0.42,420,0.58,1
8,7,7888,1,0,300,0.5,572,0.32,486,0.18,1
8,8,4442,2,10,5,0,666,0.42,420,0.58,1
8,9,8015,2,10,5,0,300,0.5,1700,0.5,1
8,10,13581,0,0,300,0.5,572,0.32,486,0.18,1
8,11,4041,2,10,5,0,300,0.5,1700,0.5,1
9,0,14141,2,10,5,0,666,0.42,420,0.58,1
9,1,12143,0,0,500,0.6,1000,0.2,1400,0.2,1
9,2,2985,0,0,300,0.5,1700,0.5,1
9,3,14225,2,10,5,0,300,0.5,572,0.32,486,0.18,1
9,4,10706,0,0,666,0.42,420,0.58,1
9,5,13791,0,0,300,0.5,572,0.32,486,0.18,1
9,6,6007,1,0,500,0.6,1000,0.2,1400,0.2,1
9,7,2349,0,0,666,0.42,420,0.58,1
9,8,5606,1,0,300,0.5,1700,0.5,1
9,9,5773,2,10,5,0,300,0.5,1700,0.5,1
9,10,3857,2,10,5,0,300,0.5,1700,0.5,1
9,11,14699,2,10,5,0,300,0.5,1700,0.5,1
10,0,1425,0,0,300,0.5,572,0.32,486,0.18,1
10,1,11003,1,0,500,0.6,1000,0.2,1400,0.2,1
10,2,5972,2,10,5,0,500,0.6,1000,0.2,1400,0.2,1
10,3,6531,0,0,300,0.5,1700,0.5,1
10,4,6285,0,0,666,0.42,420,0.58,1
10,5,10382,1,0,300,0.5,1700,0.5,1
10,6,6086,0,0,500,0.6,1000,0.2,1400,0.2,1
10,7,10508,0,0,300,0.5,1700,0.5,1
10,8,5300,2,10,5,0,300,0.5,572,0.32,486,0.18,1
10,9,2768,1,0,500,0.6,1000,0.2,1400,0.2,1
10,10,4081,0,0,500,0.6,1000,0.2,1400,0.2,1
10,11,8838,2,10,5,0,666,0.42,420,0.58,1
11,0,8448,0,0,300,0.5,1700,0.5,1
11,1,4470,0,0,666,0.42,420,0.58,1
11,2,27,0,0,666,0.42,420,0.58,1
11,3,13936,1,0,300,0.5,572,0.32,486,0.18,1
11,4,6570,2,10,5,0,500,0.6,1000,0.2,1400,0.2,1
11,5,6613,1,0,500,0.6,1000,0.2,1400,0.2,1
11,6,11899,0,0,300,0.5,1700,0.5,1
11,7,2873,0,0,300,0.5,1700,0.5,1
11,8,1559,1,0,300,0.5,1700,0.5,1
11,9,9022,2,10,5,0,500,0.6,1000,0.2,1400,0.2,1
11,10,11293,2,10,5,0,500,0.6,1000,0.2,1400,0.2,1
11,11,3378,2,10,5,0,300,0.5,1700,0.5,1
