0,0,4749,1,0,300,0.5,1700,0.5,1
0,1,5161,1,0,300,0.5,1700,0.5,1
0,2,7150,1,0,500,0.6,1000,0.2,1400,0.2,1
0,3,14507,0,0,300,0.5,1700,0.5,1
0,4,262,2,10,5,0,300,0.5,572,0.32,486,0.18,1
0,5,14391,1,0,300,0.5,1700,0.5,1
0,6,7665,1,0,300,0.5,1700,0.5,1
0,7,6668,0,0,666,0.42,420,0.58,1
0,8,1800,1,0,666,0.42,420,0.58,1
0,9,13519,1,0,300,0.5,572,0.32,486,0.18,1
0,10,14843,1,0,300,0.5,1700,0.5,1
0,11,3016,0,0,300,0.5,1700,0.5,1
1,0,10707,1,0,300,0.5,1700,0.5,1
1,1,12795,1,0,300,0.5,572,0.32,486,0.18,1
1,2,3642,1,0,300,0.5,572,0.32,486,0.18,0
1,3,7646,0,0,500,0.6,1000,0.2,1400,0.2,1
1,4,8789,1,0,300,0.5,572,0.32,486,0.18,1
1,5,12662,0,0,300,0.5,1700,0.5,1
1,6,13709,2,10,5,0,300,0.5,1700,0.5,1
1,7,1403,1,0,300,0.5,572,0.32,486,0.18,1
1,8,14622,1,0,300,0.5,572,0.32,486,0.18,1
1,9,321,0,0,300,0.5,1700,0.5,1
1,10,12795,1,0,666,0.42,420,0.58,1
1,11,7088,0,0,300,0.5,1700,0.5,1
2,0,8603,0,0,500,0.6,1000,0.2,1400,0.2,1
2,1,8612,1,0,500,0.6,1000,0.2,1400,0.2,1
2,2,3690,1,0,300,0.5,1700,0.5,1
2,3,556,1,0,666,0.42,420,0.58,1
2,4,10994,2,10,5,0,666,0.42,420,0.58,1
2,5,7174,1,0,500,0.6,1000,0.2,1400,0.2,1
2,6,11642,0,0,666,0.42,420,0.58,1
2,7,6194,1,0,300,0.5,1700,0.5,1
2,8,9871,1,0,300,0.5,1700,0.5,1
2,9,14620,1,0,300,0.5,1700,0.5,1
2,10,4657,0,0,666,0.42,420,0.58,1
2,11,4087,2,10,5,0,300,0.5,572,0.32,486,0.18,1
3,0,12002,0,0,300,0.5,572,0.32,486,0.18,1
3,1,14543,0,0,500,0.6,1000,0.2,1400,0.2,1
3,2,7381,0,0,500,0.6,1000,0.2,1400,0.2,1
3,3,7038,1,0,500,0.6,1000,0.2,1400,0.2,1
3,4,5415,0,0,666,0.42,420,0.58,1
3,5,9872,2,10,5,0,300,0.5,572,0.32,486,0.18,1
3,6,12584,1,0,666,0.42,420,0.58,1
3,7,10001,2,10,5,0,500,0.6,1000,0.2,1400,0.2,1
3,8,13414,0,0,300,0.5,1700,0.5,1
3,9,1274,1,0,666,0.42,420,0.58,1
3,10,8904,1,0,666,0.42,420,0.58,1
3,11,14737,0,0,500,0.6,1000,0.2,1400,0.2,1
4,0,14122,0,0,666,0.42,420,0.58,1
4,1,577,0,0,500,0.6,1000,0.2,1400,0.2,1
4,2,4638,1,0,300,0.5,572,0.32,486,0.18,1
4,3,7341,1,0,300,0.5,1700,0.5,1
4,4,5027,1,0,666,0.42,420,0.58,1
4,5,5985,0,0,500,0.6,1000,0.2,1400,0.2,1
4,6,8675,2,10,5,0,300,0.5,572,0.32,486,0.18,1
4,7,2256,2,10,5,0,666,0.42,420,0.58,1
4,8,1288,0,0,500,0.6,1000,0.2,1400,0.2,1
4,9,11745,0,0,300,0.5,572,0.32,486,0.18,1
4,10,429,0,0,500,0.6,1000,0.2,1400,0.2,1
4,11,14556,1,0,300,0.5,1700,0.5,1
5,0,3677,0,0,300,0.5,572,0.32,486,0.18,1
5,1,10002,0,0,300,0.5,572,0.32,486,0.18,1
5,2,10365,1,0,300,0.5,572,0.32,486,0.18,1
5,3,6826,2,10,5,0,666,0.42,420,0.58,1
5,4,14476,2,10,5,0,300,0.5,1700,0.5,1
5,5,14346,0,0,300,0.5,572,0.32,486,0.18,1
5,6,2725,1,0,666,0.42,420,0.58,1
5,7,6665,0,0,666,0.42,420,0.58,1
5,8,8718,0,0,500,0.6,1000,0.2,1400,0.2,1
5,9,6806,1,0,666,0.42,420,0.58,1
5,10,10391,1,0,300,0.5,1700,0.5,1
5,11,13699,1,0,666,0.42,420,0.58,1
6,0,14656,0,0,666,0.42,420,0.58,1
6,1,1757,1,0,666,0.42,420,0.58,1
6,2,14502,2,10,5,0,300,0.5,572,0.32,486,0.18,1
6,3,860,2,10,5,0,500,0.6,1000,0.2,1400,0.2,1
6,4,1743,2,10,5,0,300,0.5,1700,0.5,1
6,5,3430,2,10,5,0,500,0.6,1000,0.2,1400,0.2,1
6,6,1741,1,0,300,0.5,572,0.32,486,0.18,1
6,7,880,0,0,300,0.5,1700,0.5,1
6,8,5275,1,0,300,0.5,572,0.32,486,0.18,1
6,9,3785,2,10,5,0,300,0.5,572,0.32,486,0.18,1
6,10,9620,1,0,500,0.6,1000,0.2,1400,0.2,1
6,11,2048,2,10,5,0,500,0.6,1000,0.2,1400,0.2,1
7,0,9386,2,10,5,0,500,0.6,1000,0.2,1400,0.2,1
7,1,8845,0,0,666,0.42,420,0.58,1
7,2,192,1,0,300,0.5,572,0.32,486,0.18,1
7,3,11279,1,0,666,0.42,420,0.58,1
7,4,2822,2,10,5,0,666,0.42,420,0.58,1
7,5,8903,0,0,300,0.5,572,0.32,486,0.18,1
7,6,11945,2,10,5,0,500,0.6,1000,0.2,1400,0.2,1
7,7,14574,2,10,5,0,300,0.5,572,0.32,486,0.18,1
7,8,12916,1,0,666,0.42,420,0.58,1
7,9,3731,0,0,500,0.6,1000,0.2,1400,0.2,1
7,10,5182,1,0,300,0.5,572,0.32,486,0.18,1
7,11,2553,0,0,300,0.5,1700,0.5,1
8,0,13264,1,0,666,0.42,420,0.58,1
8,1,13439,2,10,5,0,300,0.5,572,0.32,486,0.18,1
8,2,6590,1,0,300,0.5,1700,0.5,1
8,3,9027,0,0,300,0.5,572,0.32,486,0.18,1
8,4,12851,0,0,666,0.42,420,0.58,1
8,5,11816,0,0,300,0.5,572,0.32,486,0.18,1
8,6,13387,2,10,5,0,300,0.5,1700,0.5,1
8,7,7087,1,0,500,0.6,1000,0.2,1400,0.2,1
8,8,13428,0,0,500,0.6,1000,0.2,1400,0.2,1
8,9,5221,2,10,5,0,300,0.5,572,0.32,486,0.18,1
8,10,7365,0,0,300,0.5,1700,0.5,1
8,11,1312,1,0,300,0.5,1700,0.5,1
9,0,8384,2,10,5,0,500,0.6,1000,0.2,1400,0.2,1
9,1,2443,1,0,500,0.6,1000,0.2,1400,0.2,1
9,2,2447,2,10,5,0,300,0.5,1700,0.5,1
9,3,14121,1,0,300,0.5,572,0.32,486,0.18,1
9,4,9601,0,0,300,0.5,572,0.32,486,0.18,1
9,5,9418,2,10,5,0,300,0.5,1700,0.5,1
9,6,8085,2,10,5,0,666,0.42,420,0.58,1
9,7,1319,0,0,300,0.5,572,0.32,486,0.18,1
9,8,11778,2,10,5,0,666,0.42,420,0.58,1
9,9,836,1,0,666,0.42,420,0.58,1
9,10,4074,2,10,5,0,300,0.5,1700,0.5,1
9,11,10989,2,10,5,0,300,0.5,1700,0.5,1
10,0,1249,1,0,300,0.5,572,0.32,486,0.18,1
10,1,5459,2,10,5,0,300,0.5,1700,0.5,1
10,2,9534,2,10,5,0,300,0.5,572,0.32,486,0.18,1
10,3,6098,2,10,5,0,666,0.42,420,0.58,1
10,4,4299,1,0,500,0.6,1000,0.2,1400,0.2,1
10,5,1605,2,10,5,0,500,0.6,1000,0.2,1400,0.2,1
10,6,7277,0,0,300,0.5,1700,0.5,1
10,7,10139,1,0,500,0.6,1000,0.2,1400,0.2,1
10,8,12701,1,0,500,0.6,1000,0.2,1400,0.2,1
10,9,11953,0,0,300,0.5,572,0.32,486,0.18,1
10,10,12923,1,0,300,0.5,1700,0.5,1
10,11,7006,2,10,5,0,500,0.6,1000,0.2,1400,0.2,1
11,0,1928,1,0,666,0.42,420,0.58,1
11,1,7418,2,10,5,0,300,0.5,1700,0.5,1
11,2,13869,0,0,300,0.5,1700,0.5,1
11,3,8715,2,10,5,0,500,0.6,1000,0.2,1400,0.2,1
11,4,7284,1,0,300,0.5,572,0.32,486,0.18,1
11,5,5850,2,10,5,0,500,0.6,1000,0.2,1400,0.2,1
11,6,1071,0,0,666,0.42,420,0.58,1
11,7,14821,0,0,300,0.5,1700,0.5,1
11,8,2659,0,0,300,0.5,1700,0.5,1
11,9,6199,0,0,300,0.5,572,0.32,486,0.18,1
11,10,3668,0,0,666,0.42,420,0.58,1
11,11,3257,2,10,5,0,300,0.5,1700,0.5,1
