0,0,1465,2,10,5,0,500,0.6,1000,0.2,1400,0.2,1
0,1,390,0,0,300,0.5,1700,0.5,1
0,2,10790,1,0,300,0.5,572,0.32,486,0.18,1
0,3,1286,0,0,300,0.5,572,0.32,486,0.18,1
0,4,8388,2,10,5,0,300,0.5,572,0.32,486,0.18,1
0,5,3660,0,0,300,0.5,572,0.32,486,0.18,1
0,6,7833,1,0,300,0.5,572,0.32,486,0.18,1
0,7,3428,0,0,666,0.42,420,0.58,1
0,8,10830,2,10,5,0,500,0.6,1000,0.2,1400,0.2,1
0,9,9007,1,0,666,0.42,420,0.58,1
0,10,12619,0,0,666,0.42,420,0.58,1
0,11,5777,0,0,300,0.5,572,0.32,486,0.18,1
1,0,14942,0,0,300,0.5,572,0.32,486,0.18,1
1,1,1459,2,10,5,0,500,0.6,1000,0.2,1400,0.2,1
1,2,7290,2,10,5,0,300,0.5,1700,0.5,0
1,3,6954,0,0,300,0.5,1700,0.5,1
1,4,6702,0,0,300,0.5,1700,0.5,1
1,5,1959,0,0,666,0.42,420,0.58,1
1,6,8870,1,0,500,0.6,1000,0.2,1400,0.2,1
1,7,2410,1,0,300,0.5,1700,0.5,1
1,8,12799,2,10,5,0,300,0.5,572,0.32,486,0.18,1
1,9,1935,2,10,5,0,666,0.42,420,0.58,1
1,10,1027,1,0,500,0.6,1000,0.2,1400,0.2,1
1,11,5222,0,0,300,0.5,572,0.32,486,0.18,1
2,0,13537,0,0,300,0.5,572,0.32,486,0.18,1
2,1,2272,0,0,666,0.42,420,0.58,1
2,2,13202,1,0,500,0.6,1000,0.2,1400,0.2,1
2,3,12134,2,10,5,0,300,0.5,572,0.32,486,0.18,1
2,4,3527,1,0,300,0.5,572,0.32,486,0.18,1
2,5,6107,0,0,300,0.5,1700,0.5,1
2,6,9901,1,0,300,0.5,1700,0.5,1
2,7,14129,1,0,500,0.6,1000,0.2,1400,0.2,1
2,8,12682,0,0,666,0.42,420,0.58,1
2,9,13423,2,10,5,0,500,0.6,1000,0.2,1400,0.2,1
2,10,9754,2,10,5,0,666,0.42,420,0.58,1
2,11,8626,2,10,5,0,300,0.5,572,0.32,486,0.18,1
3,0,7203,0,0,300,0.5,1700,0.5,1
3,1,7335,2,10,5,0,500,0.6,1000,0.2,1400,0.2,1
3,2,7362,1,0,500,0.6,1000,0.2,1400,0.2,1
3,3,2701,1,0,666,0.42,420,0.58,1
3,4,13633,2,10,5,0,666,0.42,420,0.58,1
3,5,3101,2,10,5,0,300,0.5,1700,0.5,1
3,6,5400,1,0,666,0.42,420,0.58,1
3,7,11144,1,0,666,0.42,420,0.58,1
3,8,14958,2,10,5,0,300,0.5,572,0.32,486,0.18,1
3,9,7363,2,10,5,0,300,0.5,1700,0.5,1
3,10,7351,2,10,5,0,300,0.5,572,0.32,486,0.18,1
3,11,13698,1,0,300,0.5,1700,0.5,1
4,0,5670,2,10,5,0,300,0.5,1700,0.5,1
4,1,5409,0,0,500,0.6,1000,0.2,1400,0.2,1
4,2,959,2,10,5,0,500,0.6,1000,0.2,1400,0.2,1
4,3,10929,1,0,666,0.42,420,0.58,1
4,4,12825,1,0,300,0.5,1700,0.5,1
4,5,14000,0,0,500,0.6,1000,0.2,1400,0.2,1
4,6,9971,2,10,5,0,300,0.5,1700,0.5,1
4,7,5097,0,0,300,0.5,572,0.32,486,0.18,1
4,8,9391,2,10,5,0,300,0.5,572,0.32,486,0.18,1
4,9,9092,2,10,5,0,300,0.5,572,0.32,486,0.18,1
4,10,5327,2,10,5,0,300,0.5,1700,0.5,1
4,11,10129,0,0,300,0.5,572,0.32,486,0.18,1
5,0,547,1,0,300,0.5,1700,0.5,1
5,1,4655,0,0,500,0.6,1000,0.2,1400,0.2,1
5,2,13474,2,10,5,0,666,0.42,420,0.58,1
5,3,12969,0,0,666,0.42,420,0.58,1
5,4,3237,1,0,300,0.5,1700,0.5,1
5,5,8590,1,0,300,0.5,1700,0.5,1
5,6,7651,0,0,500,0.6,1000,0.2,1400,0.2,1
5,7,9511,1,0,666,0.42,420,0.58,1
5,8,10018,2,10,5,0,666,0.42,420,0.58,1
5,9,13124,1,0,300,0.5,1700,0.5,1
5,10,9016,2,10,5,0,300,0.5,572,0.32,486,0.18,1
5,11,1962,0,0,500,0.6,1000,0.2,1400,0.2,1
6,0,5424,0,0,500,0.6,1000,0.2,1400,0.2,1
6,1,7558,1,0,500,0.6,1000,0.2,1400,0.2,1
6,2,2815,0,0,500,0.6,1000,0.2,1400,0.2,1
6,3,7906,0,0,666,0.42,420,0.58,1
6,4,9217,0,0,500,0.6,1000,0.2,1400,0.2,1
6,5,2348,2,10,5,0,666,0.42,420,0.58,1
6,6,1654,1,0,300,0.5,1700,0.5,1
6,7,14258,1,0,500,0.6,1000,0.2,1400,0.2,1
6,8,2852,0,0,500,0.6,1000,0.2,1400,0.2,1
6,9,7260,1,0,300,0.5,572,0.32,486,0.18,1
6,10,12310,1,0,300,0.5,1700,0.5,1
6,11,5400,1,0,300,0.5,1700,0.5,1
7,0,14000,0,0,300,0.5,572,0.32,486,0.18,1
7,1,403,1,0,666,0.42,420,0.58,1
7,2,507,2,10,5,0,666,0.42,420,0.58,1
7,3,14396,2,10,5,0,300,0.5,1700,0.5,1
7,4,7156,1,0,300,0.5,572,0.32,486,0.18,1
7,5,10288,2,10,5,0,666,0.42,420,0.58,1
7,6,4943,0,0,666,0.42,420,0.58,1
7,7,8208,2,10,5,0,500,0.6,1000,0.2,1400,0.2,1
7,8,4779,0,0,300,0.5,1700,0.5,1
7,9,2270,0,0,666,0.42,420,0.58,1
7,10,11585,2,10,5,0,300,0.5,572,0.32,486,0.18,1
7,11,3820,1,0,300,0.5,572,0.32,486,0.18,1
8,0,14305,2,10,5,0,300,0.5,572,0.32,486,0.18,1
8,1,14511,0,0,500,0.6,1000,0.2,1400,0.2,1
8,2,3787,2,10,5,0,666,0.42,420,0.58,1
8,3,14091,1,0,300,0.5,572,0.32,486,0.18,1
8,4,6367,2,10,5,0,300,0.5,1700,0.5,1
8,5,5579,0,0,300,0.5,1700,0.5,1
8,6,5670,2,10,5,0,300,0.5,572,0.32,486,0.18,1
8,7,2457,0,0,666,0.42,420,0.58,1
8,8,8330,0,0,500,0.6,1000,0.2,1400,0.2,1
8,9,1539,1,0,666,0.42,420,0.58,1
8,10,5148,0,0,300,0.5,1700,0.5,1
8,11,5318,0,0,300,0.5,1700,0.5,1
9,0,14091,2,10,5,0,300,0.5,1700,0.5,1
9,1,1357,0,0,300,0.5,1700,0.5,1
9,2,4904,1,0,500,0.6,1000,0.2,1400,0.2,1
9,3,7583,2,10,5,0,666,0.42,420,0.58,1
9,4,1409,0,0,500,0.6,1000,0.2,1400,0.2,1
9,5,12233,0,0,300,0.5,1700,0.5,1
9,6,8139,1,0,300,0.5,572,0.32,486,0.18,1
9,7,6219,1,0,666,0.42,420,0.58,1
9,8,12004,1,0,300,0.5,572,0.32,486,0.18,1
9,9,12396,2,10,5,0,300,0.5,1700,0.5,1
9,10,10945,1,0,300,0.5,572,0.32,486,0.18,1
9,11,6090,2,10,5,0,300,0.5,572,0.32,486,0.18,1
10,0,10726,2,10,5,0,300,0.5,1700,0.5,1
10,1,5034,2,10,5,0,500,0.6,1000,0.2,1400,0.2,1
10,2,8909,0,0,666,0.42,420,0.58,1
10,3,238,2,10,5,0,666,0.42,420,0.58,1
10,4,1701,1,0,300,0.5,1700,0.5,1
10,5,10151,2,10,5,0,300,0.5,572,0.32,486,0.18,1
10,6,4483,1,0,666,0.42,420,0.58,1
10,7,1282,0,0,666,0.42,420,0.58,1
10,8,13469,2,10,5,0,300,0.5,572,0.32,486,0.18,1
10,9,12824,2,10,5,0,300,0.5,1700,0.5,1
10,10,10934,1,0,300,0.5,1700,0.5,1
10,11,1281,1,0,300,0.5,1700,0.5,1
11,0,14492,0,0,300,0.5,572,0.32,486,0.18,1
11,1,3179,1,0,300,0.5,572,0.32,486,0.18,1
11,2,6951,0,0,300,0.5,1700,0.5,1
11,3,10230,1,0,300,0.5,572,0.32,486,0.18,1
11,4,4164,2,10,5,0,666,0.42,420,0.58,1
11,5,12355,1,0,500,0.6,1000,0.2,1400,0.2,1
11,6,2296,2,10,5,0,500,0.6,1000,0.2,1400,0.2,1
11,7,4899,2,10,5,0,666,0.42,420,0.58,1
11,8,5012,1,0,300,0.5,1700,0.5,1
11,9,4648,0,0,300,0.5,1700,0.5,1
11,10,8433,1,0,300,0.5,572,0.32,486,0.18,1
11,11,5501,2,10,5,0,300,0.5,572,0.32,486,0.18,1
