0,0,7310,1,0,666,0.42,420,0.58,1
0,1,7657,0,0,300,0.5,572,0.32,486,0.18,1
0,2,2455,0,0,300,0.5,1700,0.5,1
0,3,748,2,10,5,0,666,0.42,420,0.58,1
0,4,9551,2,10,5,0,666,0.42,420,0.58,1
0,5,13792,1,0,300,0.5,1700,0.5,1
0,6,14252,2,10,5,0,666,0.42,420,0.58,1
0,7,14661,2,10,5,0,300,0.5,1700,0.5,1
0,8,474,2,10,5,0,500,0.6,1000,0.2,1400,0.2,1
0,9,14284,0,0,500,0.6,1000,0.2,1400,0.2,1
0,10,5616,2,10,5,0,500,0.6,1000,0.2,1400,0.2,1
0,11,6067,0,0,500,0.6,1000,0.2,1400,0.2,1
1,0,1426,0,0,500,0.6,1000,0.2,1400,0.2,1
1,1,3899,0,0,666,0.42,420,0.58,1
1,2,12379,0,0,666,0.42,420,0.58,0
1,3,6172,1,0,300,0.5,1700,0.5,1
1,4,3893,0,0,666,0.42,420,0.58,1
1,5,10167,1,0,500,0.6,1000,0.2,1400,0.2,1
1,6,9957,2,10,5,0,300,0.5,572,0.32,486,0.18,1
1,7,5523,0,0,300,0.5,572,0.32,486,0.18,1
1,8,7058,1,0,500,0.6,1000,0.2,1400,0.2,1
1,9,10594,0,0,300,0.5,572,0.32,486,0.18,1
1,10,1720,2,10,5,0,300,0.5,1700,0.5,1
1,11,6997,1,0,300,0.5,572,0.32,486,0.18,1
2,0,11983,1,0,500,0.6,1000,0.2,1400,0.2,1
2,1,10540,0,0,300,0.5,1700,0.5,1
2,2,13392,0,0,300,0.5,1700,0.5,1
2,3,4940,2,10,5,0,500,0.6,1000,0.2,1400,0.2,1
2,4,12246,2,10,5,0,300,0.5,1700,0.5,1
2,5,4416,1,0,666,0.42,420,0.58,1
2,6,1130,0,0,300,0.5,572,0.32,486,0.18,1
2,7,2419,0,0,666,0.42,420,0.58,1
2,8,3213,1,0,500,0.6,1000,0.2,1400,0.2,1
2,9,10493,2,10,5,0,300,0.5,572,0.32,486,0.18,1
2,10,13907,2,10,5,0,666,0.42,420,0.58,1
2,11,8110,2,10,5,0,500,0.6,1000,0.2,1400,0.2,1
3,0,12846,0,0,500,0.6,1000,0.2,1400,0.2,1
3,1,9152,1,0,300,0.5,572,0.32,486,0.18,1
3,2,3857,0,0,500,0.6,1000,0.2,1400,0.2,1
3,3,6584,2,10,5,0,300,0.5,572,0.32,486,0.18,1
3,4,1756,1,0,666,0.42,420,0.58,1
3,5,14278,2,10,5,0,300,0.5,572,0.32,486,0.18,1
3,6,4514,2,10,5,0,300,0.5,572,0.32,486,0.18,1
3,7,2380,1,0,666,0.42,420,0.58,1
3,8,3121,0,0,666,0.42,420,0.58,1
3,9,4072,0,0,666,0.42,420,0.58,1
3,10,12888,2,10,5,0,300,0.5,1700,0.5,1
3,11,2496,2,10,5,0,300,0.5,572,0.32,486,0.18,1
4,0,5771,0,0,666,0.42,420,0.58,1
4,1,3988,1,0,666,0.42,420,0.58,1
4,2,3591,1,0,666,0.42,420,0.58,1
4,3,3308,1,0,666,0.42,420,0.58,1
4,4,6641,0,0,300,0.5,1700,0.5,1
4,5,7895,1,0,666,0.42,420,0.58,1
4,6,6444,0,0,300,0.5,572,0.32,486,0.18,1
4,7,8580,1,0,500,0.6,1000,0.2,1400,0.2,1
4,8,11276,2,10,5,0,300,0.5,572,0.32,486,0.18,1
4,9,3426,1,0,666,0.42,420,0.58,1
4,10,10592,1,0,300,0.5,572,0.32,486,0.18,1
4,11,7883,1,0,666,0.42,420,0.58,1
5,0,9712,0,0,300,0.5,1700,0.5,1
5,1,6821,1,0,500,0.6,1000,0.2,1400,0.2,1
5,2,3348,0,0,500,0.6,1000,0.2,1400,0.2,1
5,3,3808,1,0,300,0.5,572,0.32,486,0.18,1
5,4,4987,2,10,5,0,300,0.5,1700,0.5,1
5,5,12971,0,0,500,0.6,1000,0.2,1400,0.2,1
5,6,7608,2,10,5,0,300,0.5,572,0.32,486,0.18,1
5,7,13437,2,10,5,0,300,0.5,572,0.32,486,0.18,1
5,8,475,0,0,300,0.5,572,0.32,486,0.18,1
5,9,1217,0,0,300,0.5,572,0.32,486,0.18,1
5,10,7177,1,0,300,0.5,572,0.32,486,0.18,1
5,11,6628,2,10,5,0,666,0.42,420,0.58,1
6,0,14627,2,10,5,0,666,0.42,420,0.58,1
6,1,14688,0,0,300,0.5,572,0.32,486,0.18,1
6,2,4839,1,0,300,0.5,1700,0.5,1
6,3,7941,1,0,300,0.5,1700,0.5,1
6,4,471,1,0,666,0.42,420,0.58,1
6,5,14088,1,0,666,0.42,420,0.58,1
6,6,1953,2,10,5,0,666,0.42,420,0.58,1
6,7,2893,1,0,300,0.5,1700,0.5,1
6,8,9977,2,10,5,0,300,0.5,1700,0.5,1
6,9,6500,1,0,500,0.6,1000,0.2,1400,0.2,1
6,10,3029,2,10,5,0,500,0.6,1000,0.2,1400,0.2,1
6,11,2368,2,10,5,0,300,0.5,1700,0.5,1
7,0,4910,2,10,5,0,500,0.6,1000,0.2,1400,0.2,1
7,1,2239,1,0,300,0.5,572,0.32,486,0.18,1
7,2,10747,2,10,5,0,500,0.6,1000,0.2,1400,0.2,1
7,3,14129,1,0,300,0.5,572,0.32,486,0.18,1
7,4,7303,1,0,300,0.5,1700,0.5,1
7,5,6839,0,0,666,0.42,420,0.58,1
7,6,1202,1,0,500,0.6,1000,0.2,1400,0.2,1
7,7,10596,1,0,666,0.42,420,0.58,1
7,8,12916,2,10,5,0,500,0.6,1000,0.2,1400,0.2,1
7,9,11417,1,0,300,0.5,1700,0.5,1
7,10,6806,1,0,300,0.5,572,0.32,486,0.18,1
7,11,2812,1,0,666,0.42,420,0.58,1
8,0,5802,0,0,300,0.5,1700,0.5,1
8,1,10211,2,10,5,0,500,0.6,1000,0.2,1400,0.2,1
8,2,11393,2,10,5,0,300,0.5,572,0.32,486,0.18,1
8,3,9419,1,0,300,0.5,572,0.32,486,0.18,1
8,4,1193,1,0,500,0.6,1000,0.2,1400,0.2,1
8,5,5204,2,10,5,0,300,0.5,1700,0.5,1
8,6,4211,0,0,666,0.42,420,0.58,1
8,7,598,0,0,666,0.42,420,0.58,1
8,8,4400,0,0,300,0.5,1700,0.5,1
8,9,2533,1,0,666,0.42,420,0.58,1
8,10,7287,2,10,5,0,300,0.5,572,0.32,486,0.18,1
8,11,9134,0,0,300,0.5,572,0.32,486,0.18,1
9,0,13947,0,0,300,0.5,1700,0.5,1
9,1,3022,0,0,666,0.42,420,0.58,1
9,2,9818,2,10,5,0,500,0.6,1000,0.2,1400,0.2,1
9,3,14087,2,10,5,0,500,0.6,1000,0.2,1400,0.2,1
9,4,866,2,10,5,0,666,0.42,420,0.58,1
9,5,14496,0,0,300,0.5,572,0.32,486,0.18,1
9,6,4650,0,0,300,0.5,1700,0.5,1
9,7,11623,2,10,5,0,666,0.42,420,0.58,1
9,8,6386,0,0,300,0.5,1700,0.5,1
9,9,1853,0,0,666,0.42,420,0.58,1
9,10,8579,1,0,500,0.6,1000,0.2,1400,0.2,1
9,11,3927,1,0,500,0.6,1000,0.2,1400,0.2,1
10,0,9327,2,10,5,0,666,0.42,420,0.58,1
10,1,3703,0,0,666,0.42,420,0.58,1
10,2,752,0,0,300,0.5,1700,0.5,1
10,3,2971,2,10,5,0,500,0.6,1000,0.2,1400,0.2,1
10,4,11071,2,10,5,0,300,0.5,1700,0.5,1
10,5,5768,2,10,5,0,500,0.6,1000,0.2,1400,0.2,1
10,6,3588,1,0,300,0.5,1700,0.5,1
10,7,7681,2,10,5,0,300,0.5,1700,0.5,1
10,8,5362,0,0,300,0.5,1700,0.5,1
10,9,7704,2,10,5,0,666,0.42,420,0.58,1
10,10,14945,0,0,500,0.6,1000,0.2,1400,0.2,1
10,11,6530,1,0,300,0.5,1700,0.5,1
11,0,2694,0,0,666,0.42,420,0.58,1
11,1,10182,2,10,5,0,300,0.5,572,0.32,486,0.18,1
11,2,10309,2,10,5,0,500,0.6,1000,0.2,1400,0.2,1
11,3,9157,1,0,300,0.5,572,0.32,486,0.18,1
11,4,4729,2,10,5,0,300,0.5,572,0.32,486,0.18,1
11,5,7816,2,10,5,0,500,0.6,1000,0.2,1400,0.2,1
11,6,1350,0,0,300,0.5,1700,0.5,1
11,7,3889,1,0,666,0.42,420,0.58,1
11,8,2331,0,0,500,0.6,1000,0.2,1400,0.2,1
11,9,11148,1,0,666,0.42,420,0.58,1
11,10,11195,2,10,5,0,300,0.5,1700,0.5,1
11,11,4474,2,10,5,0,300,0.5,1700,0.5,1
