0,0,5050,0,0,300,0.5,1700,0.5,1
0,1,2668,2,10,5,0,666,0.42,420,0.58,1
0,2,5686,2,10,5,0,500,0.6,1000,0.2,1400,0.2,1
0,3,2122,0,0,500,0.6,1000,0.2,1400,0.2,1
0,4,7841,0,0,300,0.5,1700,0.5,1
0,5,4779,2,10,5,0,500,0.6,1000,0.2,1400,0.2,1
0,6,869,1,0,300,0.5,572,0.32,486,0.18,1
0,7,12652,1,0,300,0.5,1700,0.5,1
0,8,11670,0,0,300,0.5,572,0.32,486,0.18,1
0,9,3519,1,0,300,0.5,1700,0.5,1
0,10,1415,2,10,5,0,666,0.42,420,0.58,1
0,11,14027,1,0,500,0.6,1000,0.2,1400,0.2,1
1,0,12363,0,0,666,0.42,420,0.58,1
1,1,1219,2,10,5,0,500,0.6,1000,0.2,1400,0.2,1
1,2,14753,2,10,5,0,666,0.42,420,0.58,0
1,3,8402,0,0,500,0.6,1000,0.2,1400,0.2,1
1,4,10729,1,0,500,0.6,1000,0.2,1400,0.2,1
1,5,12062,0,0,300,0.5,1700,0.5,1
1,6,10338,2,10,5,0,500,0.6,1000,0.2,1400,0.2,1
1,7,12582,0,0,300,0.5,572,0.32,486,0.18,1
1,8,11233,2,10,5,0,666,0.42,420,0.58,1
1,9,13955,2,10,5,0,300,0.5,1700,0.5,1
1,10,9349,2,10,5,0,300,0.5,1700,0.5,1
1,11,4498,1,0,300,0.5,572,0.32,486,0.18,1
2,0,9634,1,0,666,0.42,420,0.58,1
2,1,1833,2,10,5,0,300,0.5,572,0.32,486,0.18,1
2,2,2668,1,0,666,0.42,420,0.58,1
2,3,13924,0,0,500,0.6,1000,0.2,1400,0.2,1
2,4,8007,0,0,300,0.5,1700,0.5,1
2,5,11075,0,0,300,0.5,572,0.32,486,0.18,1
2,6,10702,0,0,300,0.5,1700,0.5,1
2,7,13337,0,0,666,0.42,420,0.58,1
2,8,9615,2,10,5,0,300,0.5,572,0.32,486,0.18,1
2,9,11385,2,10,5,0,300,0.5,572,0.32,486,0.18,1
2,10,8981,0,0,666,0.42,420,0.58,1
2,11,8707,2,10,5,0,500,0.6,1000,0.2,1400,0.2,1
3,0,9767,2,10,5,0,300,0.5,1700,0.5,1
3,1,7479,2,10,5,0,500,0.6,1000,0.2,1400,0.2,1
3,2,9039,1,0,500,0.6,1000,0.2,1400,0.2,1
3,3,2147,2,10,5,0,666,0.42,420,0.58,1
3,4,7794,1,0,500,0.6,1000,0.2,1400,0.2,1
3,5,4421,0,0,300,0.5,572,0.32,486,0.18,1
3,6,1124,0,0,300,0.5,1700,0.5,1
3,7,5219,0,0,500,0.6,1000,0.2,1400,0.2,1
3,8,7341,1,0,500,0.6,1000,0.2,1400,0.2,1
3,9,1540,2,10,5,0,500,0.6,1000,0.2,1400,0.2,1
3,10,8907,0,0,300,0.5,572,0.32,486,0.18,1
3,11,1970,1,0,300,0.5,572,0.32,486,0.18,1
4,0,6794,0,0,300,0.5,572,0.32,486,0.18,1
4,1,3900,0,0,666,0.42,420,0.58,1
4,2,3434,1,0,300,0.5,572,0.32,486,0.18,1
4,3,1878,2,10,5,0,300,0.5,572,0.32,486,0.18,1
4,4,10933,2,10,5,0,300,0.5,572,0.32,486,0.18,1
4,5,4209,0,0,666,0.42,420,0.58,1
4,6,11767,1,0,666,0.42,420,0.58,1
4,7,7493,1,0,500,0.6,1000,0.2,1400,0.2,1
4,8,14440,1,0,500,0.6,1000,0.2,1400,0.2,1
4,9,10827,0,0,500,0.6,1000,0.2,1400,0.2,1
4,10,8706,2,10,5,0,300,0.5,1700,0.5,1
4,11,7963,1,0,300,0.5,1700,0.5,1
5,0,13426,1,0,666,0.42,420,0.58,1
5,1,5879,1,0,300,0.5,572,0.32,486,0.18,1
5,2,8726,2,10,5,0,300,0.5,572,0.32,486,0.18,1
5,3,6949,0,0,666,0.42,420,0.58,1
5,4,1884,1,0,666,0.42,420,0.58,1
5,5,14619,0,0,300,0.5,1700,0.5,1
5,6,2840,1,0,300,0.5,1700,0.5,1
5,7,11580,1,0,666,0.42,420,0.58,1
5,8,11925,1,0,500,0.6,1000,0.2,1400,0.2,1
5,9,62,2,10,5,0,666,0.42,420,0.58,1
5,10,2277,2,10,5,0,666,0.42,420,0.58,1
5,11,10404,1,0,300,0.5,1700,0.5,1
6,0,7253,2,10,5,0,300,0.5,572,0.32,486,0.18,1
6,1,2982,0,0,300,0.5,572,0.32,486,0.18,1
6,2,120,1,0,666,0.42,420,0.58,1
6,3,13026,1,0,500,0.6,1000,0.2,1400,0.2,1
6,4,6750,0,0,300,0.5,572,0.32,486,0.18,1
6,5,3974,2,10,5,0,300,0.5,572,0.32,486,0.18,1
6,6,14945,1,0,666,0.42,420,0.58,1
6,7,11395,0,0,300,0.5,1700,0.5,1
6,8,4477,1,0,300,0.5,572,0.32,486,0.18,1
6,9,3045,2,10,5,0,500,0.6,1000,0.2,1400,0.2,1
6,10,817,2,10,5,0,300,0.5,1700,0.5,1
6,11,2670,1,0,300,0.5,1700,0.5,1
7,0,1355,1,0,300,0.5,572,0.32,486,0.18,1
7,1,9155,0,0,666,0.42,420,0.58,1
7,2,5343,1,0,666,0.42,420,0.58,1
7,3,5606,2,10,5,0,300,0.5,572,0.32,486,0.18,1
7,4,2747,1,0,500,0.6,1000,0.2,1400,0.2,1
7,5,10773,2,10,5,0,300,0.5,1700,0.5,1
7,6,14184,0,0,500,0.6,1000,0.2,1400,0.2,1
7,7,14584,1,0,500,0.6,1000,0.2,1400,0.2,1
7,8,2930,1,0,300,0.5,1700,0.5,1
7,9,3022,1,0,666,0.42,420,0.58,1
7,10,8545,0,0,500,0.6,1000,0.2,1400,0.2,1
7,11,13587,1,0,300,0.5,572,0.32,486,0.18,1
8,0,14030,2,10,5,0,666,0.42,420,0.58,1
8,1,3512,1,0,300,0.5,572,0.32,486,0.18,1
8,2,1907,0,0,300,0.5,1700,0.5,1
8,3,1659,1,0,300,0.5,572,0.32,486,0.18,1
8,4,6512,2,10,5,0,300,0.5,572,0.32,486,0.18,1
8,5,8845,1,0,300,0.5,1700,0.5,1
8,6,13301,2,10,5,0,300,0.5,1700,0.5,1
8,7,10686,2,10,5,0,300,0.5,1700,0.5,1
8,8,5549,2,10,5,0,666,0.42,420,0.58,1
8,9,3451,2,10,5,0,666,0.42,420,0.58,1
8,10,3876,2,10,5,0,500,0.6,1000,0.2,1400,0.2,1
8,11,10904,2,10,5,0,300,0.5,1700,0.5,1
9,0,3878,0,0,500,0.6,1000,0.2,1400,0.2,1
9,1,7475,1,0,300,0.5,1700,0.5,1
9,2,1543,1,0,500,0.6,1000,0.2,1400,0.2,1
9,3,7687,1,0,666,0.42,420,0.58,1
9,4,872,1,0,500,0.6,1000,0.2,1400,0.2,1
9,5,1487,0,0,300,0.5,572,0.32,486,0.18,1
9,6,11035,0,0,500,0.6,1000,0.2,1400,0.2,1
9,7,4644,1,0,500,0.6,1000,0.2,1400,0.2,1
9,8,12339,2,10,5,0,300,0.5,1700,0.5,1
9,9,6289,2,10,5,0,300,0.5,572,0.32,486,0.18,1
9,10,9446,1,0,666,0.42,420,0.58,1
9,11,1741,1,0,666,0.42,420,0.58,1
10,0,1686,0,0,300,0.5,572,0.32,486,0.18,1
10,1,757,2,10,5,0,300,0.5,572,0.32,486,0.18,1
10,2,11407,1,0,500,0.6,1000,0.2,1400,0.2,1
10,3,7935,0,0,666,0.42,420,0.58,1
10,4,8946,1,0,300,0.5,572,0.32,486,0.18,1
10,5,4237,2,10,5,0,666,0.42,420,0.58,1
10,6,114,0,0,300,0.5,1700,0.5,1
10,7,245,0,0,300,0.5,1700,0.5,1
10,8,8112,0,0,500,0.6,1000,0.2,1400,0.2,1
10,9,8513,0,0,300,0.5,1700,0.5,1
10,10,5510,2,10,5,0,300,0.5,1700,0.5,1
10,11,4157,1,0,300,0.5,572,0.32,486,0.18,1
11,0,6472,1,0,300,0.5,1700,0.5,1
11,1,3885,1,0,666,0.42,420,0.58,1
11,2,5430,1,0,300,0.5,572,0.32,486,0.18,1
11,3,5254,0,0,666,0.42,420,0.58,1
11,4,8825,0,0,300,0.5,572,0.32,486,0.18,1
11,5,3042,1,0,666,0.42,420,0.58,1
11,6,1866,0,0,300,0.5,572,0.32,486,0.18,1
11,7,10508,2,10,5,0,500,0.6,1000,0.2,1400,0.2,1
11,8,8782,2,10,5,0,300,0.5,572,0.32,486,0.18,1
11,9,14223,0,0,500,0.6,1000,0.2,1400,0.2,1
11,10,13616,0,0,666,0.42,420,0.58,1
11,11,8792,0,0,666,0.42,420,0.58,1
