0,0,5474,0,0,500,0.6,1000,0.2,1400,0.2,1
0,1,7364,1,0,666,0.42,420,0.58,1
0,2,8541,1,0,300,0.5,1700,0.5,1
0,3,9536,1,0,500,0.6,1000,0.2,1400,0.2,1
0,4,11900,0,0,500,0.6,1000,0.2,1400,0.2,1
0,5,13122,0,0,300,0.5,572,0.32,486,0.18,1
0,6,2512,2,10,5,0,300,0.5,1700,0.5,1
0,7,2336,0,0,666,0.42,420,0.58,1
0,8,8858,1,0,666,0.42,420,0.58,1
0,9,13358,0,0,666,0.42,420,0.58,1
0,10,2828,0,0,500,0.6,1000,0.2,1400,0.2,1
0,11,14621,1,0,666,0.42,420,0.58,1
1,0,1306,2,10,5,0,300,0.5,572,0.32,486,0.18,1
1,1,14865,2,10,5,0,666,0.42,420,0.58,1
1,2,9689,1,0,500,0.6,1000,0.2,1400,0.2,0
1,3,1289,1,0,300,0.5,1700,0.5,1
1,4,4351,0,0,666,0.42,420,0.58,1
1,5,3540,1,0,500,0.6,1000,0.2,1400,0.2,1
1,6,6215,1,0,300,0.5,572,0.32,486,0.18,1
1,7,1027,0,0,500,0.6,1000,0.2,1400,0.2,1
1,8,326,1,0,666,0.42,420,0.58,1
1,9,6447,0,0,300,0.5,1700,0.5,1
1,10,3751,1,0,300,0.5,572,0.32,486,0.18,1
1,11,6201,2,10,5,0,500,0.6,1000,0.2,1400,0.2,1
2,0,1627,2,10,5,0,666,0.42,420,0.58,1
2,1,4643,1,0,300,0.5,1700,0.5,1
2,2,6964,2,10,5,0,300,0.5,1700,0.5,1
2,3,12376,0,0,300,0.5,572,0.32,486,0.18,1
2,4,66,2,10,5,0,300,0.5,1700,0.5,1
2,5,8525,0,0,300,0.5,572,0.32,486,0.18,1
2,6,1259,2,10,5,0,300,0.5,572,0.32,486,0.18,1
2,7,10917,0,0,300,0.5,572,0.32,486,0.18,1
2,8,3446,1,0,300,0.5,572,0.32,486,0.18,1
2,9,12354,2,10,5,0,666,0.42,420,0.58,1
2,10,1613,0,0,300,0.5,1700,0.5,1
2,11,7205,1,0,500,0.6,1000,0.2,1400,0.2,1
3,0,7744,0,0,666,0.42,420,0.58,1
3,1,858,1,0,300,0.5,572,0.32,486,0.18,1
3,2,3814,2,10,5,0,500,0.6,1000,0.2,1400,0.2,1
3,3,9888,1,0,300,0.5,1700,0.5,1
3,4,3082,2,10,5,0,300,0.5,572,0.32,486,0.18,1
3,5,7615,2,10,5,0,300,0.5,1700,0.5,1
3,6,6272,0,0,666,0.42,420,0.58,1
3,7,14514,0,0,500,0.6,1000,0.2,1400,0.2,1
3,8,14260,2,10,5,0,300,0.5,572,0.32,486,0.18,1
3,9,14552,1,0,300,0.5,1700,0.5,1
3,10,5134,2,10,5,0,500,0.6,1000,0.2,1400,0.2,1
3,11,13797,1,0,500,0.6,1000,0.2,1400,0.2,1
4,0,11284,0,0,300,0.5,1700,0.5,1
4,1,13487,2,10,5,0,300,0.5,1700,0.5,1
4,2,8898,0,0,500,0.6,1000,0.2,1400,0.2,1
4,3,3874,1,0,300,0.5,572,0.32,486,0.18,1
4,4,3981,1,0,300,0.5,572,0.32,486,0.18,1
4,5,3851,0,0,500,0.6,1000,0.2,1400,0.2,1
4,6,14201,1,0,300,0.5,1700,0.5,1
4,7,9527,1,0,666,0.42,420,0.58,1
4,8,9226,2,10,5,0,300,0.5,572,0.32,486,0.18,1
4,9,13755,2,10,5,0,300,0.5,572,0.32,486,0.18,1
4,10,2372,1,0,500,0.6,1000,0.2,1400,0.2,1
4,11,14749,2,10,5,0,666,0.42,420,0.58,1
5,0,6195,1,0,300,0.5,572,0.32,486,0.18,1
5,1,1027,2,10,5,0,500,0.6,1000,0.2,1400,0.2,1
5,2,3557,2,10,5,0,500,0.6,1000,0.2,1400,0.2,1
5,3,14578,0,0,500,0.6,1000,0.2,1400,0.2,1
5,4,9718,1,0,666,0.42,420,0.58,1
5,5,4184,1,0,666,0.42,420,0.58,1
5,6,13703,1,0,300,0.5,572,0.32,486,0.18,1
5,7,9153,2,10,5,0,300,0.5,572,0.32,486,0.18,1
5,8,2763,1,0,300,0.5,572,0.32,486,0.18,1
5,9,1361,2,10,5,0,300,0.5,1700,0.5,1
5,10,10751,0,0,500,0.6,1000,0.2,1400,0.2,1
5,11,8966,2,10,5,0,300,0.5,572,0.32,486,0.18,1
6,0,3762,0,0,500,0.6,1000,0.2,1400,0.2,1
6,1,6996,0,0,300,0.5,1700,0.5,1
6,2,10505,1,0,500,0.6,1000,0.2,1400,0.2,1
6,3,9479,2,10,5,0,300,0.5,1700,0.5,1
6,4,1289,0,0,300,0.5,572,0.32,486,0.18,1
6,5,7817,2,10,5,0,300,0.5,572,0.32,486,0.18,1
6,6,6551,0,0,666,0.42,420,0.58,1
6,7,14117,2,10,5,0,500,0.6,1000,0.2,1400,0.2,1
6,8,535,0,0,300,0.5,572,0.32,486,0.18,1
6,9,8708,0,0,300,0.5,1700,0.5,1
6,10,2566,2,10,5,0,300,0.5,1700,0.5,1
6,11,14417,1,0,300,0.5,572,0.32,486,0.18,1
7,0,10410,1,0,666,0.42,420,0.58,1
7,1,3070,2,10,5,0,300,0.5,572,0.32,486,0.18,1
7,2,10064,0,0,666,0.42,420,0.58,1
7,3,14550,1,0,300,0.5,572,0.32,486,0.18,1
7,4,2409,2,10,5,0,666,0.42,420,0.58,1
7,5,9081,1,0,300,0.5,1700,0.5,1
7,6,239,1,0,500,0.6,1000,0.2,1400,0.2,1
7,7,10623,0,0,666,0.42,420,0.58,1
7,8,11025,0,0,300,0.5,572,0.32,486,0.18,1
7,9,13175,1,0,300,0.5,572,0.32,486,0.18,1
7,10,10362,1,0,300,0.5,572,0.32,486,0.18,1
7,11,3184,0,0,500,0.6,1000,0.2,1400,0.2,1
8,0,9211,2,10,5,0,300,0.5,1700,0.5,1
8,1,13076,0,0,666,0.42,420,0.58,1
8,2,11554,2,10,5,0,666,0.42,420,0.58,1
8,3,7629,0,0,500,0.6,1000,0.2,1400,0.2,1
8,4,5458,2,10,5,0,666,0.42,420,0.58,1
8,5,12784,1,0,666,0.42,420,0.58,1
8,6,12034,2,10,5,0,500,0.6,1000,0.2,1400,0.2,1
8,7,7067,2,10,5,0,500,0.6,1000,0.2,1400,0.2,1
8,8,5964,2,10,5,0,500,0.6,1000,0.2,1400,0.2,1
8,9,9672,0,0,500,0.6,1000,0.2,1400,0.2,1
8,10,4156,2,10,5,0,300,0.5,1700,0.5,1
8,11,7964,1,0,300,0.5,1700,0.5,1
9,0,193,1,0,500,0.6,1000,0.2,1400,0.2,1
9,1,9506,0,0,300,0.5,1700,0.5,1
9,2,14459,1,0,500,0.6,1000,0.2,1400,0.2,1
9,3,14430,1,0,666,0.42,420,0.58,1
9,4,14646,0,0,300,0.5,572,0.32,486,0.18,1
9,5,11095,1,0,300,0.5,572,0.32,486,0.18,1
9,6,14647,0,0,300,0.5,572,0.32,486,0.18,1
9,7,5512,2,10,5,0,300,0.5,1700,0.5,1
9,8,6466,0,0,300,0.5,1700,0.5,1
9,9,2801,1,0,666,0.42,420,0.58,1
9,10,12817,0,0,300,0.5,1700,0.5,1
9,11,8762,2,10,5,0,300,0.5,1700,0.5,1
10,0,7793,2,10,5,0,300,0.5,1700,0.5,1
10,1,234,0,0,500,0.6,1000,0.2,1400,0.2,1
10,2,2006,0,0,300,0.5,572,0.32,486,0.18,1
10,3,11523,2,10,5,0,300,0.5,572,0.32,486,0.18,1
10,4,11917,0,0,300,0.5,572,0.32,486,0.18,1
10,5,12233,1,0,500,0.6,1000,0.2,1400,0.2,1
10,6,11417,1,0,666,0.42,420,0.58,1
10,7,3214,2,10,5,0,300,0.5,572,0.32,486,0.18,1
10,8,13238,0,0,300,0.5,572,0.32,486,0.18,1
10,9,6940,2,10,5,0,500,0.6,1000,0.2,1400,0.2,1
10,10,9547,0,0,500,0.6,1000,0.2,1400,0.2,1
10,11,3532,0,0,300,0.5,572,0.32,486,0.18,1
11,0,11274,2,10,5,0,300,0.5,1700,0.5,1
11,1,9190,0,0,500,0.6,1000,0.2,1400,0.2,1
11,2,865,2,10,5,0,500,0.6,1000,0.2,1400,0.2,1
11,3,11392,1,0,300,0.5,1700,0.5,1
11,4,5404,0,0,500,0.6,1000,0.2,1400,0.2,1
11,5,1670,2,10,5,0,500,0.6,1000,0.2,1400,0.2,1
11,6,8848,2,10,5,0,300,0.5,1700,0.5,1
11,7,5261,2,10,5,0,500,0.6,1000,0.2,1400,0.2,1
11,8,8963,0,0,300,0.5,1700,0.5,1
11,9,5230,2,10,5,0,300,0.5,572,0.32,486,0.18,1
11,10,2770,0,0,300,0.5,1700,0.5,1
11,11,4184,1,0,500,0.6,1000,0.2,1400,0.2,1
