0,0,7910,2,10,5,0,300,0.5,1700,0.5,1
0,1,11487,1,0,500,0.6,1000,0.2,1400,0.2,1
0,2,14881,0,0,500,0.6,1000,0.2,1400,0.2,1
0,3,5758,2,10,5,0,300,0.5,572,0.32,486,0.18,1
0,4,2295,1,0,300,0.5,1700,0.5,1
0,5,2376,0,0,300,0.5,572,0.32,486,0.18,1
0,6,10072,1,0,300,0.5,572,0.32,486,0.18,1
0,7,12,0,0,300,0.5,1700,0.5,1
0,8,1586,0,0,300,0.5,572,0.32,486,0.18,1
0,9,12450,2,10,5,0,300,0.5,1700,0.5,1
0,10,11519,1,0,300,0.5,1700,0.5,1
0,11,4002,0,0,500,0.6,1000,0.2,1400,0.2,1
1,0,9048,2,10,5,0,300,0.5,572,0.32,486,0.18,1
1,1,13139,0,0,300,0.5,1700,0.5,1
1,2,3674,2,10,5,0,666,0.42,420,0.58,0
1,3,2730,0,0,300,0.5,572,0.32,486,0.18,1
1,4,11349,0,0,500,0.6,1000,0.2,1400,0.2,1
1,5,13156,1,0,300,0.5,1700,0.5,1
1,6,1402,2,10,5,0,300,0.5,1700,0.5,1
1,7,8341,2,10,5,0,500,0.6,1000,0.2,1400,0.2,1
1,8,12733,0,0,500,0.6,1000,0.2,1400,0.2,1
1,9,11394,0,0,500,0.6,1000,0.2,1400,0.2,1
1,10,8692,1,0,300,0.5,1700,0.5,1
1,11,3364,1,0,300,0.5,572,0.32,486,0.18,1
2,0,1627,0,0,666,0.42,420,0.58,1
2,1,7256,2,10,5,0,666,0.42,420,0.58,1
2,2,7119,1,0,666,0.42,420,0.58,1
2,3,5913,0,0,300,0.5,572,0.32,486,0.18,1
2,4,4888,0,0,500,0.6,1000,0.2,1400,0.2,1
2,5,2656,0,0,300,0.5,1700,0.5,1
2,6,7979,2,10,5,0,666,0.42,420,0.58,1
2,7,5428,1,0,300,0.5,1700,0.5,1
2,8,3530,1,0,666,0.42,420,0.58,1
2,9,7172,0,0,300,0.5,1700,0.5,1
2,10,9105,1,0,300,0.5,1700,0.5,1
2,11,1983,1,0,300,0.5,1700,0.5,1
3,0,9979,2,10,5,0,666,0.42,420,0.58,1
3,1,10671,2,10,5,0,500,0.6,1000,0.2,1400,0.2,1
3,2,7088,1,0,300,0.5,572,0.32,486,0.18,1
3,3,1858,2,10,5,0,300,0.5,1700,0.5,1
3,4,7231,1,0,500,0.6,1000,0.2,1400,0.2,1
3,5,10605,2,10,5,0,666,0.42,420,0.58,1
3,6,8580,2,10,5,0,666,0.42,420,0.58,1
3,7,952,0,0,300,0.5,572,0.32,486,0.18,1
3,8,5944,0,0,300,0.5,1700,0.5,1
3,9,7175,1,0,666,0.42,420,0.58,1
3,10,5499,2,10,5,0,666,0.42,420,0.58,1
3,11,1944,2,10,5,0,500,0.6,1000,0.2,1400,0.2,1
4,0,14240,0,0,500,0.6,1000,0.2,1400,0.2,1
4,1,4650,0,0,500,0.6,1000,0.2,1400,0.2,1
4,2,6323,2,10,5,0,300,0.5,572,0.32,486,0.18,1
4,3,524,0,0,300,0.5,572,0.32,486,0.18,1
4,4,11851,0,0,300,0.5,1700,0.5,1
4,5,337,0,0,300,0.5,1700,0.5,1
4,6,9802,2,10,5,0,666,0.42,420,0.58,1
4,7,11284,0,0,300,0.5,1700,0.5,1
4,8,7263,2,10,5,0,300,0.5,1700,0.5,1
4,9,8102,2,10,5,0,300,0.5,1700,0.5,1
4,10,6521,0,0,666,0.42,420,0.58,1
4,11,3196,1,0,300,0.5,572,0.32,486,0.18,1
5,0,10954,2,10,5,0,300,0.5,1700,0.5,1
5,1,10292,2,10,5,0,300,0.5,572,0.32,486,0.18,1
5,2,4940,2,10,5,0,500,0.6,1000,0.2,1400,0.2,1
5,3,3824,1,0,300,0.5,1700,0.5,1
5,4,3227,0,0,666,0.42,420,0.58,1
5,5,13014,1,0,500,0.6,1000,0.2,1400,0.2,1
5,6,6095,1,0,300,0.5,572,0.32,486,0.18,1
5,7,12800,2,10,5,0,300,0.5,1700,0.5,1
5,8,14128,2,10,5,0,300,0.5,1700,0.5,1
5,9,4663,2,10,5,0,300,0.5,1700,0.5,1
5,10,10509,2,10,5,0,300,0.5,1700,0.5,1
5,11,6333,1,0,300,0.5,572,0.32,486,0.18,1
6,0,1050,1,0,500,0.6,1000,0.2,1400,0.2,1
6,1,4471,2,10,5,0,300,0.5,572,0.32,486,0.18,1
6,2,12871,0,0,500,0.6,1000,0.2,1400,0.2,1
6,3,13563,0,0,300,0.5,1700,0.5,1
6,4,1739,2,10,5,0,300,0.5,1700,0.5,1
6,5,11080,1,0,500,0.6,1000,0.2,1400,0.2,1
6,6,6484,1,0,500,0.6,1000,0.2,1400,0.2,1
6,7,8640,0,0,300,0.5,1700,0.5,1
6,8,10301,0,0,300,0.5,572,0.32,486,0.18,1
6,9,1720,0,0,500,0.6,1000,0.2,1400,0.2,1
6,10,198,1,0,300,0.5,572,0.32,486,0.18,1
6,11,8863,1,0,300,0.5,1700,0.5,1
7,0,6610,1,0,300,0.5,572,0.32,486,0.18,1
7,1,508,0,0,500,0.6,1000,0.2,1400,0.2,1
7,2,2604,2,10,5,0,500,0.6,1000,0.2,1400,0.2,1
7,3,7237,0,0,500,0.6,1000,0.2,1400,0.2,1
7,4,3155,0,0,300,0.5,1700,0.5,1
7,5,8886,2,10,5,0,666,0.42,420,0.58,1
7,6,14556,1,0,300,0.5,1700,0.5,1
7,7,12896,1,0,300,0.5,572,0.32,486,0.18,1
7,8,4784,1,0,300,0.5,572,0.32,486,0.18,1
7,9,7980,0,0,666,0.42,420,0.58,1
7,10,8911,2,10,5,0,666,0.42,420,0.58,1
7,11,13562,1,0,666,0.42,420,0.58,1
8,0,2384,0,0,300,0.5,1700,0.5,1
8,1,2882,2,10,5,0,300,0.5,572,0.32,486,0.18,1
8,2,2240,2,10,5,0,500,0.6,1000,0.2,1400,0.2,1
8,3,4722,0,0,500,0.6,1000,0.2,1400,0.2,1
8,4,9159,1,0,666,0.42,420,0.58,1
8,5,4475,0,0,300,0.5,1700,0.5,1
8,6,5833,1,0,500,0.6,1000,0.2,1400,0.2,1
8,7,3971,1,0,300,0.5,572,0.32,486,0.18,1
8,8,14018,2,10,5,0,300,0.5,572,0.32,486,0.18,1
8,9,2446,1,0,300,0.5,572,0.32,486,0.18,1
8,10,1300,1,0,300,0.5,1700,0.5,1
8,11,7786,2,10,5,0,300,0.5,1700,0.5,1
9,0,14167,2,10,5,0,300,0.5,1700,0.5,1
9,1,8548,2,10,5,0,300,0.5,572,0.32,486,0.18,1
9,2,915,2,10,5,0,300,0.5,1700,0.5,1
9,3,8097,1,0,666,0.42,420,0.58,1
9,4,14528,0,0,666,0.42,420,0.58,1
9,5,11871,1,0,300,0.5,1700,0.5,1
9,6,2500,2,10,5,0,500,0.6,1000,0.2,1400,0.2,1
9,7,299,2,10,5,0,300,0.5,572,0.32,486,0.18,1
9,8,4064,0,0,500,0.6,1000,0.2,1400,0.2,1
9,9,3245,1,0,666,0.42,420,0.58,1
9,10,7088,1,0,500,0.6,1000,0.2,1400,0.2,1
9,11,4581,2,10,5,0,666,0.42,420,0.58,1
10,0,397,1,0,300,0.5,572,0.32,486,0.18,1
10,1,7707,1,0,300,0.5,1700,0.5,1
10,2,11145,1,0,500,0.6,1000,0.2,1400,0.2,1
10,3,12806,0,0,300,0.5,572,0.32,486,0.18,1
10,4,3559,0,0,300,0.5,572,0.32,486,0.18,1
10,5,8111,0,0,300,0.5,1700,0.5,1
10,6,6667,2,10,5,0,300,0.5,1700,0.5,1
10,7,243,0,0,500,0.6,1000,0.2,1400,0.2,1
10,8,11290,2,10,5,0,500,0.6,1000,0.2,1400,0.2,1
10,9,10074,0,0,500,0.6,1000,0.2,1400,0.2,1
10,10,10502,1,0,300,0.5,1700,0.5,1
10,11,6377,0,0,666,0.42,420,0.58,1
11,0,13166,2,10,5,0,500,0.6,1000,0.2,1400,0.2,1
11,1,4275,2,10,5,0,300,0.5,572,0.32,486,0.18,1
11,2,1842,2,10,5,0,500,0.6,1000,0.2,1400,0.2,1
11,3,3215,0,0,666,0.42,420,0.58,1
11,4,11867,0,0,500,0.6,1000,0.2,1400,0.2,1
11,5,2578,0,0,500,0.6,1000,0.2,1400,0.2,1
11,6,504,2,10,5,0,500,0.6,1000,0.2,1400,0.2,1
11,7,9894,2,10,5,0,300,0.5,1700,0.5,1
11,8,1312,1,0,300,0.5,1700,0.5,1
11,9,7491,1,0,666,0.42,420,0.58,1
11,10,8689,2,10,5,0,300,0.5,1700,0.5,1
11,11,4489,0,0,300,0.5,572,0.32,486,0.18,1
