0,0,5270,1,0,300,0.5,1700,0.5,1
0,1,12177,2,10,5,0,500,0.6,1000,0.2,1400,0.2,1
0,2,11809,0,0,500,0.6,1000,0.2,1400,0.2,1
0,3,14087,2,10,5,0,300,0.5,572,0.32,486,0.18,1
0,4,12700,2,10,5,0,300,0.5,572,0.32,486,0.18,1
0,5,3653,0,0,300,0.5,1700,0.5,1
0,6,4331,1,0,500,0.6,1000,0.2,1400,0.2,1
0,7,8263,2,10,5,0,666,0.42,420,0.58,1
0,8,1897,0,0,666,0.42,420,0.58,1
0,9,7008,1,0,500,0.6,1000,0.2,1400,0.2,1
0,10,2726,0,0,500,0.6,1000,0.2,1400,0.2,1
0,11,14279,1,0,300,0.5,572,0.32,486,0.18,1
1,0,10643,0,0,500,0.6,1000,0.2,1400,0.2,1
1,1,5437,0,0,300,0.5,572,0.32,486,0.18,1
1,2,3265,2,10,5,0,300,0.5,1700,0.5,0
1,3,6092,2,10,5,0,666,0.42,420,0.58,1
1,4,1603,1,0,500,0.6,1000,0.2,1400,0.2,1
1,5,5496,1,0,500,0.6,1000,0.2,1400,0.2,1
1,6,1451,1,0,666,0.42,420,0.58,1
1,7,2116,1,0,500,0.6,1000,0.2,1400,0.2,1
1,8,6877,0,0,666,0.42,420,0.58,1
1,9,13329,0,0,500,0.6,1000,0.2,1400,0.2,1
1,10,6909,0,0,500,0.6,1000,0.2,1400,0.2,1
1,11,14514,0,0,500,0.6,1000,0.2,1400,0.2,1
2,0,10253,2,10,5,0,300,0.5,1700,0.5,1
2,1,8648,2,10,5,0,666,0.42,420,0.58,1
2,2,14491,1,0,666,0.42,420,0.58,1
2,3,11421,0,0,300,0.5,572,0.32,486,0.18,1
2,4,11670,1,0,300,0.5,572,0.32,486,0.18,1
2,5,42,1,0,300,0.5,1700,0.5,1
2,6,7745,2,10,5,0,666,0.42,420,0.58,1
2,7,12725,2,10,5,0,300,0.5,572,0.32,486,0.18,1
2,8,14892,0,0,300,0.5,572,0.32,486,0.18,1
2,9,1885,0,0,300,0.5,572,0.32,486,0.18,1
2,10,8405,0,0,300,0.5,1700,0.5,1
2,11,7421,0,0,500,0.6,1000,0.2,1400,0.2,1
3,0,11520,2,10,5,0,666,0.42,420,0.58,1
3,1,12275,0,0,666,0.42,420,0.58,1
3,2,8009,2,10,5,0,666,0.42,420,0.58,1
3,3,111,0,0,300,0.5,1700,0.5,1
3,4,7861,2,10,5,0,300,0.5,1700,0.5,1
3,5,8331,1,0,500,0.6,1000,0.2,1400,0.2,1
3,6,14627,0,0,300,0.5,1700,0.5,1
3,7,7167,2,10,5,0,300,0.5,572,0.32,486,0.18,1
3,8,14633,0,0,666,0.42,420,0.58,1
3,9,13976,2,10,5,0,666,0.42,420,0.58,1
3,10,6442,0,0,666,0.42,420,0.58,1
3,11,12815,2,10,5,0,300,0.5,572,0.32,486,0.18,1
4,0,9645,0,0,300,0.5,1700,0.5,1
4,1,9075,2,10,5,0,300,0.5,1700,0.5,1
4,2,9752,2,10,5,0,300,0.5,1700,0.5,1
4,3,11227,1,0,500,0.6,1000,0.2,1400,0.2,1
4,4,3446,1,0,300,0.5,1700,0.5,1
4,5,11312,1,0,666,0.42,420,0.58,1
4,6,11281,1,0,300,0.5,572,0.32,486,0.18,1
4,7,14709,0,0,666,0.42,420,0.58,1
4,8,5469,0,0,300,0.5,1700,0.5,1
4,9,13745,1,0,300,0.5,1700,0.5,1
4,10,12840,0,0,300,0.5,572,0.32,486,0.18,1
4,11,10500,2,10,5,0,500,0.6,1000,0.2,1400,0.2,1
5,0,1834,0,0,500,0.6,1000,0.2,1400,0.2,1
5,1,9417,0,0,500,0.6,1000,0.2,1400,0.2,1
5,2,4585,2,10,5,0,500,0.6,1000,0.2,1400,0.2,1
5,3,534,1,0,666,0.42,420,0.58,1
5,4,9736,2,10,5,0,300,0.5,1700,0.5,1
5,5,12485,2,10,5,0,666,0.42,420,0.58,1
5,6,8014,2,10,5,0,300,0.5,572,0.32,486,0.18,1
5,7,213,1,0,500,0.6,1000,0.2,1400,0.2,1
5,8,11433,0,0,666,0.42,420,0.58,1
5,9,4289,1,0,500,0.6,1000,0.2,1400,0.2,1
5,10,10887,0,0,666,0.42,420,0.58,1
5,11,7205,2,10,5,0,666,0.42,420,0.58,1
6,0,5988,0,0,300,0.5,572,0.32,486,0.18,1
6,1,6733,0,0,500,0.6,1000,0.2,1400,0.2,1
6,2,9112,0,0,300,0.5,1700,0.5,1
6,3,10303,1,0,666,0.42,420,0.58,1
6,4,9712,1,0,666,0.42,420,0.58,1
6,5,513,0,0,300,0.5,572,0.32,486,0.18,1
6,6,11282,1,0,300,0.5,572,0.32,486,0.18,1
6,7,3334,1,0,666,0.42,420,0.58,1
6,8,11112,0,0,666,0.42,420,0.58,1
6,9,7850,1,0,666,0.42,420,0.58,1
6,10,2444,0,0,500,0.6,1000,0.2,1400,0.2,1
6,11,1099,2,10,5,0,666,0.42,420,0.58,1
7,0,8216,2,10,5,0,666,0.42,420,0.58,1
7,1,12190,2,10,5,0,300,0.5,572,0.32,486,0.18,1
7,2,14369,1,0,300,0.5,1700,0.5,1
7,3,11423,1,0,500,0.6,1000,0.2,1400,0.2,1
7,4,11062,0,0,666,0.42,420,0.58,1
7,5,13396,0,0,500,0.6,1000,0.2,1400,0.2,1
7,6,5593,2,10,5,0,300,0.5,1700,0.5,1
7,7,454,2,10,5,0,300,0.5,1700,0.5,1
7,8,10439,1,0,300,0.5,572,0.32,486,0.18,1
7,9,14405,2,10,5,0,300,0.5,1700,0.5,1
7,10,12899,1,0,300,0.5,1700,0.5,1
7,11,5023,0,0,500,0.6,1000,0.2,1400,0.2,1
8,0,3455,2,10,5,0,500,0.6,1000,0.2,1400,0.2,1
8,1,4261,0,0,666,0.42,420,0.58,1
8,2,2229,2,10,5,0,500,0.6,1000,0.2,1400,0.2,1
8,3,13263,0,0,500,0.6,1000,0.2,1400,0.2,1
8,4,5371,1,0,666,0.42,420,0.58,1
8,5,1645,0,0,300,0.5,572,0.32,486,0.18,1
8,6,6440,1,0,300,0.5,572,0.32,486,0.18,1
8,7,14264,2,10,5,0,666,0.42,420,0.58,1
8,8,3275,0,0,500,0.6,1000,0.2,1400,0.2,1
8,9,2742,0,0,500,0.6,1000,0.2,1400,0.2,1
8,10,6776,2,10,5,0,300,0.5,572,0.32,486,0.18,1
8,11,2667,2,10,5,0,300,0.5,1700,0.5,1
9,0,7323,2,10,5,0,666,0.42,420,0.58,1
9,1,11283,2,10,5,0,300,0.5,1700,0.5,1
9,2,14772,2,10,5,0,300,0.5,572,0.32,486,0.18,1
9,3,12498,2,10,5,0,300,0.5,572,0.32,486,0.18,1
9,4,4719,0,0,300,0.5,1700,0.5,1
9,5,14642,0,0,300,0.5,1700,0.5,1
9,6,1928,1,0,300,0.5,572,0.32,486,0.18,1
9,7,1791,0,0,666,0.42,420,0.58,1
9,8,11399,0,0,666,0.42,420,0.58,1
9,9,3547,0,0,500,0.6,1000,0.2,1400,0.2,1
9,10,14528,0,0,300,0.5,572,0.32,486,0.18,1
9,11,12981,0,0,666,0.42,420,0.58,1
10,0,12657,1,0,666,0.42,420,0.58,1
10,1,4113,2,10,5,0,300,0.5,572,0.32,486,0.18,1
10,2,11623,1,0,666,0.42,420,0.58,1
10,3,916,0,0,300,0.5,1700,0.5,1
10,4,10166,2,10,5,0,666,0.42,420,0.58,1
10,5,581,0,0,300,0.5,1700,0.5,1
10,6,14128,0,0,500,0.6,1000,0.2,1400,0.2,1
10,7,12316,0,0,666,0.42,420,0.58,1
10,8,5737,0,0,666,0.42,420,0.58,1
10,9,564,1,0,300,0.5,572,0.32,486,0.18,1
10,10,3800,2,10,5,0,500,0.6,1000,0.2,1400,0.2,1
10,11,632,0,0,666,0.42,420,0.58,1
11,0,4818,2,10,5,0,666,0.42,420,0.58,1
11,1,1570,2,10,5,0,300,0.5,1700,0.5,1
11,2,1726,2,10,5,0,500,0.6,1000,0.2,1400,0.2,1
11,3,5687,0,0,666,0.42,420,0.58,1
11,4,1240,0,0,300,0.5,572,0.32,486,0.18,1
11,5,6344,0,0,300,0.5,1700,0.5,1
11,6,3125,2,10,5,0,666,0.42,420,0.58,1
11,7,4221,0,0,666,0.42,420,0.58,1
11,8,753,0,0,300,0.5,1700,0.5,1
11,9,8702,2,10,5,0,666,0.42,420,0.58,1
11,10,9439,1,0,666,0.42,420,0.58,1
11,11,12608,0,0,300,0.5,572,0.32,486,0.18,1
