0,0,5572,0,0,666,0.42,420,0.58,1
0,1,3103,0,0,666,0.42,420,0.58,1
0,2,13457,0,0,300,0.5,572,0.32,486,0.18,1
0,3,7783,1,0,666,0.42,420,0.58,1
0,4,8342,0,0,666,0.42,420,0.58,1
0,5,7780,2,10,5,0,666,0.42,420,0.58,1
0,6,11020,0,0,300,0.5,1700,0.5,1
0,7,3156,0,0,500,0.6,1000,0.2,1400,0.2,1
0,8,13347,2,10,5,0,300,0.5,1700,0.5,1
0,9,6902,2,10,5,0,300,0.5,572,0.32,486,0.18,1
0,10,13515,1,0,500,0.6,1000,0.2,1400,0.2,1
0,11,14191,1,0,666,0.42,420,0.58,1
1,0,11686,0,0,500,0.6,1000,0.2,1400,0.2,1
1,1,8061,1,0,500,0.6,1000,0.2,1400,0.2,1
1,2,4754,2,10,5,0,300,0.5,572,0.32,486,0.18,0
1,3,9388,2,10,5,0,666,0.42,420,0.58,1
1,4,11945,1,0,300,0.5,572,0.32,486,0.18,1
1,5,3267,1,0,500,0.6,1000,0.2,1400,0.2,1
1,6,6324,2,10,5,0,300,0.5,1700,0.5,1
1,7,11849,2,10,5,0,500,0.6,1000,0.2,1400,0.2,1
1,8,1917,2,10,5,0,300,0.5,572,0.32,486,0.18,1
1,9,5793,2,10,5,0,300,0.5,572,0.32,486,0.18,1
1,10,9906,0,0,300,0.5,1700,0.5,1
1,11,13500,1,0,300,0.5,1700,0.5,1
2,0,12200,0,0,666,0.42,420,0.58,1
2,1,12038,1,0,300,0.5,572,0.32,486,0.18,1
2,2,3285,2,10,5,0,300,0.5,572,0.32,486,0.18,1
2,3,1707,2,10,5,0,300,0.5,572,0.32,486,0.18,1
2,4,12540,2,10,5,0,500,0.6,1000,0.2,1400,0.2,1
2,5,7142,0,0,300,0.5,1700,0.5,1
2,6,14500,1,0,300,0.5,572,0.32,486,0.18,1
2,7,11049,2,10,5,0,300,0.5,572,0.32,486,0.18,1
2,8,8897,1,0,666,0.42,420,0.58,1
2,9,1951,0,0,500,0.6,1000,0.2,1400,0.2,1
2,10,11435,0,0,500,0.6,1000,0.2,1400,0.2,1
2,11,9661,0,0,666,0.42,420,0.58,1
3,0,10076,0,0,300,0.5,1700,0.5,1
3,1,7388,0,0,666,0.42,420,0.58,1
3,2,1359,0,0,666,0.42,420,0.58,1
3,3,279,0,0,300,0.5,1700,0.5,1
3,4,9682,0,0,500,0.6,1000,0.2,1400,0.2,1
3,5,13283,0,0,300,0.5,572,0.32,486,0.18,1
3,6,8136,2,10,5,0,300,0.5,572,0.32,486,0.18,1
3,7,8889,0,0,666,0.42,420,0.58,1
3,8,11258,2,10,5,0,300,0.5,1700,0.5,1
3,9,4452,1,0,300,0.5,572,0.32,486,0.18,1
3,10,8505,1,0,500,0.6,1000,0.2,1400,0.2,1
3,11,2141,1,0,500,0.6,1000,0.2,1400,0.2,1
4,0,1347,0,0,300,0.5,572,0.32,486,0.18,1
4,1,8080,0,0,500,0.6,1000,0.2,1400,0.2,1
4,2,2093,2,10,5,0,300,0.5,1700,0.5,1
4,3,1881,2,10,5,0,500,0.6,1000,0.2,1400,0.2,1
4,4,7465,0,0,300,0.5,572,0.32,486,0.18,1
4,5,992,2,10,5,0,300,0.5,572,0.32,486,0.18,1
4,6,3780,1,0,500,0.6,1000,0.2,1400,0.2,1
4,7,4837,2,10,5,0,300,0.5,1700,0.5,1
4,8,6824,1,0,500,0.6,1000,0.2,1400,0.2,1
4,9,5884,1,0,500,0.6,1000,0.2,1400,0.2,1
4,10,7920,2,10,5,0,300,0.5,1700,0.5,1
4,11,7399,0,0,300,0.5,572,0.32,486,0.18,1
5,0,14401,2,10,5,0,300,0.5,572,0.32,486,0.18,1
5,1,4347,1,0,500,0.6,1000,0.2,1400,0.2,1
5,2,10788,2,10,5,0,500,0.6,1000,0.2,1400,0.2,1
5,3,999,2,10,5,0,666,0.42,420,0.58,1
5,4,11565,0,0,300,0.5,572,0.32,486,0.18,1
5,5,9380,1,0,300,0.5,1700,0.5,1
5,6,10129,0,0,666,0.42,420,0.58,1
5,7,11068,1,0,500,0.6,1000,0.2,1400,0.2,1
5,8,6743,0,0,300,0.5,572,0.32,486,0.18,1
5,9,14750,0,0,300,0.5,572,0.32,486,0.18,1
5,10,2619,2,10,5,0,300,0.5,572,0.32,486,0.18,1
5,11,7268,2,10,5,0,300,0.5,1700,0.5,1
6,0,8262,1,0,500,0.6,1000,0.2,1400,0.2,1
6,1,14720,2,10,5,0,300,0.5,572,0.32,486,0.18,1
6,2,6611,2,10,5,0,666,0.42,420,0.58,1
6,3,1233,0,0,500,0.6,1000,0.2,1400,0.2,1
6,4,1370,2,10,5,0,300,0.5,572,0.32,486,0.18,1
6,5,7960,0,0,300,0.5,1700,0.5,1
6,6,14913,1,0,300,0.5,572,0.32,486,0.18,1
6,7,904,2,10,5,0,300,0.5,572,0.32,486,0.18,1
6,8,9351,2,10,5,0,300,0.5,1700,0.5,1
6,9,14984,1,0,300,0.5,572,0.32,486,0.18,1
6,10,13844,1,0,300,0.5,1700,0.5,1
6,11,11996,1,0,300,0.5,572,0.32,486,0.18,1
7,0,5382,0,0,666,0.42,420,0.58,1
7,1,12530,2,10,5,0,300,0.5,572,0.32,486,0.18,1
7,2,12206,1,0,300,0.5,572,0.32,486,0.18,1
7,3,6251,0,0,500,0.6,1000,0.2,1400,0.2,1
7,4,7192,1,0,500,0.6,1000,0.2,1400,0.2,1
7,5,9178,2,10,5,0,500,0.6,1000,0.2,1400,0.2,1
7,6,11316,1,0,500,0.6,1000,0.2,1400,0.2,1
7,7,2116,0,0,500,0.6,1000,0.2,1400,0.2,1
7,8,3023,2,10,5,0,666,0.42,420,0.58,1
7,9,1831,1,0,666,0.42,420,0.58,1
7,10,11881,1,0,500,0.6,1000,0.2,1400,0.2,1
7,11,9425,1,0,500,0.6,1000,0.2,1400,0.2,1
8,0,14398,2,10,5,0,500,0.6,1000,0.2,1400,0.2,1
8,1,9756,0,0,300,0.5,572,0.32,486,0.18,1
8,2,9979,1,0,666,0.42,420,0.58,1
8,3,14977,2,10,5,0,300,0.5,572,0.32,486,0.18,1
8,4,12486,1,0,666,0.42,420,0.58,1
8,5,123,2,10,5,0,300,0.5,1700,0.5,1
8,6,11512,1,0,300,0.5,572,0.32,486,0.18,1
8,7,9541,1,0,500,0.6,1000,0.2,1400,0.2,1
8,8,3700,0,0,300,0.5,1700,0.5,1
8,9,9992,2,10,5,0,666,0.42,420,0.58,1
8,10,14006,0,0,666,0.42,420,0.58,1
8,11,2572,2,10,5,0,300,0.5,572,0.32,486,0.18,1
9,0,1021,0,0,666,0.42,420,0.58,1
9,1,2613,2,10,5,0,300,0.5,572,0.32,486,0.18,1
9,2,9985,1,0,300,0.5,572,0.32,486,0.18,1
9,3,1666,2,10,5,0,300,0.5,1700,0.5,1
9,4,4010,2,10,5,0,300,0.5,1700,0.5,1
9,5,7297,2,10,5,0,300,0.5,572,0.32,486,0.18,1
9,6,7758,2,10,5,0,300,0.5,572,0.32,486,0.18,1
9,7,14802,0,0,500,0.6,1000,0.2,1400,0.2,1
9,8,1901,2,10,5,0,300,0.5,572,0.32,486,0.18,1
9,9,6946,2,10,5,0,666,0.42,420,0.58,1
9,10,1926,0,0,666,0.42,420,0.58,1
9,11,4202,2,10,5,0,500,0.6,1000,0.2,1400,0.2,1
10,0,9458,0,0,300,0.5,572,0.32,486,0.18,1
10,1,6550,2,10,5,0,300,0.5,572,0.32,486,0.18,1
10,2,7561,0,0,300,0.5,1700,0.5,1
10,3,4141,2,10,5,0,666,0.42,420,0.58,1
10,4,9665,2,10,5,0,300,0.5,572,0.32,486,0.18,1
10,5,12809,0,0,500,0.6,1000,0.2,1400,0.2,1
10,6,12610,2,10,5,0,300,0.5,572,0.32,486,0.18,1
10,7,13218,1,0,666,0.42,420,0.58,1
10,8,6786,2,10,5,0,300,0.5,572,0.32,486,0.18,1
10,9,229,2,10,5,0,500,0.6,1000,0.2,1400,0.2,1
10,10,4603,1,0,300,0.5,572,0.32,486,0.18,1
10,11,7052,0,0,666,0.42,420,0.58,1
11,0,8400,1,0,300,0.5,1700,0.5,1
11,1,1914,1,0,500,0.6,1000,0.2,1400,0.2,1
11,2,3430,0,0,666,0.42,420,0.58,1
11,3,5632,2,10,5,0,666,0.42,420,0.58,1
11,4,8353,2,10,5,0,300,0.5,572,0.32,486,0.18,1
11,5,85,0,0,666,0.42,420,0.58,1
11,6,11064,0,0,300,0.5,572,0.32,486,0.18,1
11,7,7013,1,0,300,0.5,1700,0.5,1
11,8,991,0,0,666,0.42,420,0.58,1
11,9,4237,1,0,666,0.42,420,0.58,1
11,10,14148,2,10,5,0,300,0.5,1700,0.5,1
11,11,10046,0,0,500,0.6,1000,0.2,1400,0.2,1
