0,0,991,1,0,300,0.5,572,0.32,486,0.18,1
0,1,11602,1,0,666,0.42,420,0.58,1
0,2,3544,1,0,300,0.5,1700,0.5,1
0,3,8941,0,0,300,0.5,1700,0.5,1
0,4,10642,0,0,300,0.5,1700,0.5,1
0,5,9014,2,10,5,0,300,0.5,572,0.32,486,0.18,1
0,6,7332,1,0,666,0.42,420,0.58,1
0,7,9149,1,0,300,0.5,572,0.32,486,0.18,1
0,8,1553,1,0,300,0.5,572,0.32,486,0.18,1
0,9,9931,2,10,5,0,666,0.42,420,0.58,1
0,10,10644,1,0,300,0.5,1700,0.5,1
0,11,12370,2,10,5,0,666,0.42,420,0.58,1
1,0,2861,2,10,5,0,300,0.5,572,0.32,486,0.18,1
1,1,12543,2,10,5,0,300,0.5,1700,0.5,1
1,2,1289,2,10,5,0,300,0.5,572,0.32,486,0.18,0
1,3,7043,0,0,300,0.5,572,0.32,486,0.18,1
1,4,9208,2,10,5,0,666,0.42,420,0.58,1
1,5,9406,2,10,5,0,300,0.5,1700,0.5,1
1,6,11116,2,10,5,0,300,0.5,572,0.32,486,0.18,1
1,7,584,2,10,5,0,300,0.5,1700,0.5,1
1,8,6910,0,0,300,0.5,572,0.32,486,0.18,1
1,9,523,0,0,300,0.5,1700,0.5,1
1,10,2156,0,0,500,0.6,1000,0.2,1400,0.2,1
1,11,10425,0,0,300,0.5,572,0.32,486,0.18,1
2,0,4979,0,0,666,0.42,420,0.58,1
2,1,2793,1,0,300,0.5,572,0.32,486,0.18,1
2,2,7297,0,0,500,0.6,1000,0.2,1400,0.2,1
2,3,4102,2,10,5,0,666,0.42,420,0.58,1
2,4,14819,0,0,666,0.42,420,0.58,1
2,5,10658,2,10,5,0,300,0.5,572,0.32,486,0.18,1
2,6,8047,1,0,500,0.6,1000,0.2,1400,0.2,1
2,7,11249,0,0,300,0.5,1700,0.5,1
2,8,10956,2,10,5,0,300,0.5,1700,0.5,1
2,9,7378,2,10,5,0,300,0.5,1700,0.5,1
2,10,10432,1,0,666,0.42,420,0.58,1
2,11,8320,0,0,300,0.5,1700,0.5,1
3,0,14856,1,0,300,0.5,1700,0.5,1
3,1,5733,1,0,666,0.42,420,0.58,1
3,2,13164,1,0,666,0.42,420,0.58,1
3,3,14959,2,10,5,0,500,0.6,1000,0.2,1400,0.2,1
3,4,1686,1,0,666,0.42,420,0.58,1
3,5,6225,2,10,5,0,300,0.5,1700,0.5,1
3,6,4230,1,0,300,0.5,1700,0.5,1
3,7,513,0,0,666,0.42,420,0.58,1
3,8,724,2,10,5,0,500,0.6,1000,0.2,1400,0.2,1
3,9,3998,1,0,300,0.5,572,0.32,486,0.18,1
3,10,7779,1,0,666,0.42,420,0.58,1
3,11,1458,1,0,666,0.42,420,0.58,1
4,0,11185,0,0,300,0.5,572,0.32,486,0.18,1
4,1,13518,1,0,300,0.5,572,0.32,486,0.18,1
4,2,520,0,0,500,0.6,1000,0.2,1400,0.2,1
4,3,5747,0,0,500,0.6,1000,0.2,1400,0.2,1
4,4,14293,2,10,5,0,666,0.42,420,0.58,1
4,5,13454,2,10,5,0,300,0.5,1700,0.5,1
4,6,8383,0,0,300,0.5,1700,0.5,1
4,7,7919,2,10,5,0,300,0.5,572,0.32,486,0.18,1
4,8,3116,2,10,5,0,300,0.5,572,0.32,486,0.18,1
4,9,5900,1,0,500,0.6,1000,0.2,1400,0.2,1
4,10,9859,1,0,300,0.5,572,0.32,486,0.18,1
4,11,10489,1,0,300,0.5,572,0.32,486,0.18,1
5,0,1071,2,10,5,0,300,0.5,1700,0.5,1
5,1,1316,2,10,5,0,666,0.42,420,0.58,1
5,2,12661,1,0,300,0.5,572,0.32,486,0.18,1
5,3,3373,1,0,666,0.42,420,0.58,1
5,4,2536,0,0,500,0.6,1000,0.2,1400,0.2,1
5,5,10938,0,0,300,0.5,1700,0.5,1
5,6,1293,2,10,5,0,300,0.5,1700,0.5,1
5,7,13891,2,10,5,0,300,0.5,572,0.32,486,0.18,1
5,8,3150,1,0,300,0.5,572,0.32,486,0.18,1
5,9,9892,2,10,5,0,300,0.5,572,0.32,486,0.18,1
5,10,5947,2,10,5,0,300,0.5,1700,0.5,1
5,11,2733,1,0,500,0.6,1000,0.2,1400,0.2,1
6,0,7537,0,0,500,0.6,1000,0.2,1400,0.2,1
6,1,11757,0,0,666,0.42,420,0.58,1
6,2,3261,2,10,5,0,300,0.5,1700,0.5,1
6,3,1708,2,10,5,0,666,0.42,420,0.58,1
6,4,4632,0,0,300,0.5,572,0.32,486,0.18,1
6,5,6086,0,0,500,0.6,1000,0.2,1400,0.2,1
6,6,14187,1,0,500,0.6,1000,0.2,1400,0.2,1
6,7,7936,0,0,300,0.5,572,0.32,486,0.18,1
6,8,14164,2,10,5,0,300,0.5,1700,0.5,1
6,9,14189,1,0,300,0.5,1700,0.5,1
6,10,11162,1,0,300,0.5,572,0.32,486,0.18,1
6,11,13059,2,10,5,0,500,0.6,1000,0.2,1400,0.2,1
7,0,9395,1,0,300,0.5,1700,0.5,1
7,1,10469,0,0,500,0.6,1000,0.2,1400,0.2,1
7,2,13743,2,10,5,0,666,0.42,420,0.58,1
7,3,2897,0,0,300,0.5,1700,0.5,1
7,4,1396,2,10,5,0,300,0.5,572,0.32,486,0.18,1
7,5,1924,2,10,5,0,500,0.6,1000,0.2,1400,0.2,1
7,6,5433,0,0,666,0.42,420,0.58,1
7,7,6292,0,0,500,0.6,1000,0.2,1400,0.2,1
7,8,12352,2,10,5,0,500,0.6,1000,0.2,1400,0.2,1
7,9,4500,0,0,300,0.5,572,0.32,486,0.18,1
7,10,11043,1,0,500,0.6,1000,0.2,1400,0.2,1
7,11,12661,2,10,5,0,500,0.6,1000,0.2,1400,0.2,1
8,0,10119,0,0,300,0.5,1700,0.5,1
8,1,2924,1,0,500,0.6,1000,0.2,1400,0.2,1
8,2,9850,0,0,500,0.6,1000,0.2,1400,0.2,1
8,3,12228,1,0,300,0.5,572,0.32,486,0.18,1
8,4,1394,1,0,300,0.5,1700,0.5,1
8,5,2047,2,10,5,0,300,0.5,1700,0.5,1
8,6,656,0,0,666,0.42,420,0.58,1
8,7,13884,0,0,666,0.42,420,0.58,1
8,8,6446,2,10,5,0,500,0.6,1000,0.2,1400,0.2,1
8,9,3447,2,10,5,0,666,0.42,420,0.58,1
8,10,10758,1,0,300,0.5,572,0.32,486,0.18,1
8,11,9570,2,10,5,0,500,0.6,1000,0.2,1400,0.2,1
9,0,4881,1,0,500,0.6,1000,0.2,1400,0.2,1
9,1,1732,1,0,500,0.6,1000,0.2,1400,0.2,1
9,2,14490,1,0,666,0.42,420,0.58,1
9,3,9161,1,0,300,0.5,1700,0.5,1
9,4,9592,0,0,666,0.42,420,0.58,1
9,5,12488,1,0,500,0.6,1000,0.2,1400,0.2,1
9,6,9154,1,0,500,0.6,1000,0.2,1400,0.2,1
9,7,10977,1,0,500,0.6,1000,0.2,1400,0.2,1
9,8,14939,2,10,5,0,500,0.6,1000,0.2,1400,0.2,1
9,9,9761,1,0,300,0.5,572,0.32,486,0.18,1
9,10,6909,2,10,5,0,300,0.5,572,0.32,486,0.18,1
9,11,12518,1,0,666,0.42,420,0.58,1
10,0,1870,2,10,5,0,666,0.42,420,0.58,1
10,1,12542,2,10,5,0,666,0.42,420,0.58,1
10,2,10744,2,10,5,0,500,0.6,1000,0.2,1400,0.2,1
10,3,14711,2,10,5,0,666,0.42,420,0.58,1
10,4,12605,0,0,500,0.6,1000,0.2,1400,0.2,1
10,5,52,2,10,5,0,300,0.5,572,0.32,486,0.18,1
10,6,12072,1,0,666,0.42,420,0.58,1
10,7,12107,1,0,300,0.5,572,0.32,486,0.18,1
10,8,2822,1,0,300,0.5,1700,0.5,1
10,9,4541,1,0,300,0.5,572,0.32,486,0.18,1
10,10,10256,2,10,5,0,300,0.5,1700,0.5,1
10,11,10238,0,0,666,0.42,420,0.58,1
11,0,4693,1,0,500,0.6,1000,0.2,1400,0.2,1
11,1,1562,1,0,300,0.5,1700,0.5,1
11,2,8638,2,10,5,0,300,0.5,1700,0.5,1
11,3,8117,0,0,500,0.6,1000,0.2,1400,0.2,1
11,4,302,1,0,500,0.6,1000,0.2,1400,0.2,1
11,5,11981,1,0,500,0.6,1000,0.2,1400,0.2,1
11,6,10122,2,10,5,0,500,0.6,1000,0.2,1400,0.2,1
11,7,5137,1,0,300,0.5,572,0.32,486,0.18,1
11,8,5828,1,0,300,0.5,1700,0.5,1
11,9,7885,2,10,5,0,500,0.6,1000,0.2,1400,0.2,1
11,10,12532,1,0,500,0.6,1000,0.2,1400,0.2,1
11,11,8609,0,0,300,0.5,1700,0.5,1
