0,0,9461,1,0,300,0.5,572,0.32,486,0.18,1
0,1,12747,2,10,5,0,300,0.5,572,0.32,486,0.18,1
0,2,1977,1,0,300,0.5,572,0.32,486,0.18,1
0,3,7538,1,0,666,0.42,420,0.58,1
0,4,7156,1,0,300,0.5,572,0.32,486,0.18,1
0,5,2856,1,0,666,0.42,420,0.58,1
0,6,7586,0,0,300,0.5,572,0.32,486,0.18,1
0,7,11752,1,0,500,0.6,1000,0.2,1400,0.2,1
0,8,10729,0,0,300,0.5,572,0.32,486,0.18,1
0,9,8720,0,0,666,0.42,420,0.58,1
0,10,13184,0,0,300,0.5,572,0.32,486,0.18,1
0,11,3474,2,10,5,0,300,0.5,572,0.32,486,0.18,1
1,0,12943,0,0,666,0.42,420,0.58,1
1,1,5888,1,0,300,0.5,1700,0.5,1
1,2,7764,2,10,5,0,666,0.42,420,0.58,0
1,3,362,0,0,300,0.5,1700,0.5,1
1,4,3783,0,0,500,0.6,1000,0.2,1400,0.2,1
1,5,14408,2,10,5,0,666,0.42,420,0.58,1
1,6,14190,0,0,666,0.42,420,0.58,1
1,7,9567,1,0,300,0.5,1700,0.5,1
1,8,5252,1,0,666,0.42,420,0.58,1
1,9,5833,2,10,5,0,300,0.5,1700,0.5,1
1,10,7292,0,0,666,0.42,420,0.58,1
1,11,7661,1,0,300,0.5,572,0.32,486,0.18,1
2,0,14862,1,0,300,0.5,572,0.32,486,0.18,1
2,1,2928,0,0,300,0.5,572,0.32,486,0.18,1
2,2,3468,2,10,5,0,300,0.5,572,0.32,486,0.18,1
2,3,11091,0,0,666,0.42,420,0.58,1
2,4,4116,1,0,666,0.42,420,0.58,1
2,5,7187,2,10,5,0,300,0.5,572,0.32,486,0.18,1
2,6,10978,2,10,5,0,666,0.42,420,0.58,1
2,7,13629,1,0,300,0.5,572,0.32,486,0.18,1
2,8,12521,2,10,5,0,666,0.42,420,0.58,1
2,9,3222,0,0,500,0.6,1000,0.2,1400,0.2,1
2,10,14292,0,0,666,0.42,420,0.58,1
2,11,2751,1,0,300,0.5,572,0.32,486,0.18,1
3,0,1833,0,0,300,0.5,572,0.32,486,0.18,1
3,1,6788,0,0,300,0.5,572,0.32,486,0.18,1
3,2,2735,2,10,5,0,300,0.5,572,0.32,486,0.18,1
3,3,9472,0,0,300,0.5,572,0.32,486,0.18,1
3,4,6070,0,0,500,0.6,1000,0.2,1400,0.2,1
3,5,2846,0,0,500,0.6,1000,0.2,1400,0.2,1
3,6,10251,0,0,666,0.42,420,0.58,1
3,7,13408,1,0,500,0.6,1000,0.2,1400,0.2,1
3,8,9251,2,10,5,0,500,0.6,1000,0.2,1400,0.2,1
3,9,8639,0,0,300,0.5,572,0.32,486,0.18,1
3,10,2846,2,10,5,0,666,0.42,420,0.58,1
3,11,3439,0,0,300,0.5,572,0.32,486,0.18,1
4,0,8759,0,0,666,0.42,420,0.58,1
4,1,8470,1,0,300,0.5,1700,0.5,1
4,2,12099,2,10,5,0,300,0.5,572,0.32,486,0.18,1
4,3,6270,2,10,5,0,300,0.5,1700,0.5,1
4,4,92,0,0,500,0.6,1000,0.2,1400,0.2,1
4,5,13484,2,10,5,0,300,0.5,1700,0.5,1
4,6,2708,0,0,500,0.6,1000,0.2,1400,0.2,1
4,7,13514,0,0,500,0.6,1000,0.2,1400,0.2,1
4,8,12346,2,10,5,0,666,0.42,420,0.58,1
4,9,4214,0,0,300,0.5,572,0.32,486,0.18,1
4,10,6691,1,0,300,0.5,572,0.32,486,0.18,1
4,11,1221,0,0,300,0.5,1700,0.5,1
5,0,13848,2,10,5,0,666,0.42,420,0.58,1
5,1,11704,2,10,5,0,666,0.42,420,0.58,1
5,2,9375,1,0,666,0.42,420,0.58,1
5,3,10138,2,10,5,0,300,0.5,572,0.32,486,0.18,1
5,4,6672,1,0,300,0.5,572,0.32,486,0.18,1
5,5,3065,0,0,300,0.5,572,0.32,486,0.18,1
5,6,3806,2,10,5,0,500,0.6,1000,0.2,1400,0.2,1
5,7,7107,0,0,300,0.5,572,0.32,486,0.18,1
5,8,9447,2,10,5,0,666,0.42,420,0.58,1
5,9,8894,1,0,300,0.5,1700,0.5,1
5,10,631,0,0,500,0.6,1000,0.2,1400,0.2,1
5,11,11681,1,0,300,0.5,572,0.32,486,0.18,1
6,0,4126,0,0,666,0.42,420,0.58,1
6,1,8260,2,10,5,0,666,0.42,420,0.58,1
6,2,13618,1,0,500,0.6,1000,0.2,1400,0.2,1
6,3,7130,2,10,5,0,500,0.6,1000,0.2,1400,0.2,1
6,4,6546,1,0,666,0.42,420,0.58,1
6,5,9197,1,0,300,0.5,572,0.32,486,0.18,1
6,6,11164,0,0,500,0.6,1000,0.2,1400,0.2,1
6,7,5058,1,0,666,0.42,420,0.58,1
6,8,2041,0,0,300,0.5,572,0.32,486,0.18,1
6,9,10752,0,0,300,0.5,572,0.32,486,0.18,1
6,10,10379,1,0,500,0.6,1000,0.2,1400,0.2,1
6,11,14610,0,0,500,0.6,1000,0.2,1400,0.2,1
7,0,393,2,10,5,0,300,0.5,572,0.32,486,0.18,1
7,1,2773,0,0,500,0.6,1000,0.2,1400,0.2,1
7,2,14312,2,10,5,0,300,0.5,572,0.32,486,0.18,1
7,3,3318,0,0,500,0.6,1000,0.2,1400,0.2,1
7,4,7438,0,0,300,0.5,1700,0.5,1
7,5,5252,2,10,5,0,300,0.5,1700,0.5,1
7,6,308,0,0,666,0.42,420,0.58,1
7,7,9381,2,10,5,0,300,0.5,572,0.32,486,0.18,1
7,8,2466,2,10,5,0,500,0.6,1000,0.2,1400,0.2,1
7,9,14850,0,0,300,0.5,572,0.32,486,0.18,1
7,10,9661,0,0,300,0.5,1700,0.5,1
7,11,841,0,0,300,0.5,1700,0.5,1
8,0,8836,1,0,666,0.42,420,0.58,1
8,1,4289,1,0,300,0.5,572,0.32,486,0.18,1
8,2,11788,1,0,300,0.5,572,0.32,486,0.18,1
8,3,4049,1,0,300,0.5,572,0.32,486,0.18,1
8,4,10201,1,0,500,0.6,1000,0.2,1400,0.2,1
8,5,11245,2,10,5,0,666,0.42,420,0.58,1
8,6,5285,0,0,666,0.42,420,0.58,1
8,7,10754,1,0,666,0.42,420,0.58,1
8,8,14061,0,0,500,0.6,1000,0.2,1400,0.2,1
8,9,14027,1,0,300,0.5,572,0.32,486,0.18,1
8,10,10255,0,0,666,0.42,420,0.58,1
8,11,4975,0,0,666,0.42,420,0.58,1
9,0,12905,1,0,300,0.5,1700,0.5,1
9,1,948,2,10,5,0,300,0.5,572,0.32,486,0.18,1
9,2,11547,1,0,666,0.42,420,0.58,1
9,3,2987,1,0,300,0.5,572,0.32,486,0.18,1
9,4,2658,2,10,5,0,500,0.6,1000,0.2,1400,0.2,1
9,5,2312,2,10,5,0,300,0.5,1700,0.5,1
9,6,11368,1,0,500,0.6,1000,0.2,1400,0.2,1
9,7,8972,2,10,5,0,300,0.5,1700,0.5,1
9,8,8586,0,0,666,0.42,420,0.58,1
9,9,823,1,0,300,0.5,1700,0.5,1
9,10,13180,2,10,5,0,666,0.42,420,0.58,1
9,11,9610,2,10,5,0,300,0.5,572,0.32,486,0.18,1
10,0,11661,1,0,500,0.6,1000,0.2,1400,0.2,1
10,1,6418,0,0,300,0.5,1700,0.5,1
10,2,2921,0,0,300,0.5,572,0.32,486,0.18,1
10,3,5195,1,0,666,0.42,420,0.58,1
10,4,1036,0,0,500,0.6,1000,0.2,1400,0.2,1
10,5,12328,2,10,5,0,666,0.42,420,0.58,1
10,6,6711,1,0,300,0.5,1700,0.5,1
10,7,2587,1,0,500,0.6,1000,0.2,1400,0.2,1
10,8,2534,2,10,5,0,300,0.5,572,0.32,486,0.18,1
10,9,6991,0,0,500,0.6,1000,0.2,1400,0.2,1
10,10,1555,1,0,300,0.5,572,0.32,486,0.18,1
10,11,4008,2,10,5,0,666,0.42,420,0.58,1
11,0,8012,0,0,500,0.6,1000,0.2,1400,0.2,1
11,1,3770,0,0,300,0.5,572,0.32,486,0.18,1
11,2,3974,0,0,500,0.6,1000,0.2,1400,0.2,1
11,3,3167,1,0,500,0.6,1000,0.2,1400,0.2,1
11,4,6824,0,0,300,0.5,1700,0.5,1
11,5,3118,0,0,300,0.5,1700,0.5,1
11,6,8986,0,0,666,0.42,420,0.58,1
11,7,12958,0,0,500,0.6,1000,0.2,1400,0.2,1
11,8,12916,0,0,500,0.6,1000,0.2,1400,0.2,1
11,9,11595,0,0,300,0.5,572,0.32,486,0.18,1
11,10,14160,0,0,300,0.5,1700,0.5,1
11,11,14813,0,0,666,0.42,420,0.58,1
