0,0,13447,2,10,5,0,500,0.6,1000,0.2,1400,0.2,1
0,1,7492,0,0,666,0.42,420,0.58,1
0,2,1360,1,0,300,0.5,572,0.32,486,0.18,1
0,3,2055,0,0,300,0.5,1700,0.5,1
0,4,5075,2,10,5,0,300,0.5,1700,0.5,1
0,5,4744,0,0,300,0.5,572,0.32,486,0.18,1
0,6,9159,2,10,5,0,300,0.5,572,0.32,486,0.18,1
0,7,8502,1,0,300,0.5,1700,0.5,1
0,8,11022,2,10,5,0,666,0.42,420,0.58,1
0,9,11107,1,0,666,0.42,420,0.58,1
0,10,9915,0,0,300,0.5,572,0.32,486,0.18,1
0,11,11539,1,0,666,0.42,420,0.58,1
1,0,10869,1,0,300,0.5,1700,0.5,1
1,1,9833,2,10,5,0,300,0.5,572,0.32,486,0.18,1
1,2,5908,0,0,300,0.5,572,0.32,486,0.18,0
1,3,345,2,10,5,0,300,0.5,1700,0.5,1
1,4,2383,2,10,5,0,300,0.5,572,0.32,486,0.18,1
1,5,11866,0,0,666,0.42,420,0.58,1
1,6,9822,2,10,5,0,300,0.5,572,0.32,486,0.18,1
1,7,10369,1,0,300,0.5,572,0.32,486,0.18,1
1,8,13882,2,10,5,0,500,0.6,1000,0.2,1400,0.2,1
1,9,13340,1,0,300,0.5,1700,0.5,1
1,10,7449,2,10,5,0,666,0.42,420,0.58,1
1,11,13751,1,0,300,0.5,572,0.32,486,0.18,1
2,0,11571,2,10,5,0,300,0.5,572,0.32,486,0.18,1
2,1,10134,2,10,5,0,300,0.5,1700,0.5,1
2,2,6743,0,0,300,0.5,572,0.32,486,0.18,1
2,3,8104,0,0,666,0.42,420,0.58,1
2,4,6725,2,10,5,0,300,0.5,1700,0.5,1
2,5,6726,1,0,300,0.5,1700,0.5,1
2,6,12325,2,10,5,0,666,0.42,420,0.58,1
2,7,14871,2,10,5,0,500,0.6,1000,0.2,1400,0.2,1
2,8,13194,2,10,5,0,500,0.6,1000,0.2,1400,0.2,1
2,9,10724,0,0,666,0.42,420,0.58,1
2,10,354,2,10,5,0,300,0.5,572,0.32,486,0.18,1
2,11,2953,2,10,5,0,500,0.6,1000,0.2,1400,0.2,1
3,0,9185,0,0,666,0.42,420,0.58,1
3,1,7322,1,0,300,0.5,1700,0.5,1
3,2,6574,2,10,5,0,500,0.6,1000,0.2,1400,0.2,1
3,3,4790,1,0,500,0.6,1000,0.2,1400,0.2,1
3,4,1611,1,0,500,0.6,1000,0.2,1400,0.2,1
3,5,11548,1,0,300,0.5,572,0.32,486,0.18,1
3,6,13486,0,0,300,0.5,1700,0.5,1
3,7,13959,1,0,300,0.5,572,0.32,486,0.18,1
3,8,9971,2,10,5,0,500,0.6,1000,0.2,1400,0.2,1
3,9,476,2,10,5,0,300,0.5,572,0.32,486,0.18,1
3,10,2695,0,0,666,0.42,420,0.58,1
3,11,13635,1,0,500,0.6,1000,0.2,1400,0.2,1
4,0,1605,1,0,300,0.5,572,0.32,486,0.18,1
4,1,5402,2,10,5,0,300,0.5,1700,0.5,1
4,2,8462,1,0,300,0.5,1700,0.5,1
4,3,1372,0,0,666,0.42,420,0.58,1
4,4,1232,2,10,5,0,300,0.5,1700,0.5,1
4,5,10241,1,0,300,0.5,572,0.32,486,0.18,1
4,6,7229,1,0,300,0.5,1700,0.5,1
4,7,2913,2,10,5,0,300,0.5,572,0.32,486,0.18,1
4,8,7536,0,0,666,0.42,420,0.58,1
4,9,562,1,0,500,0.6,1000,0.2,1400,0.2,1
4,10,1108,0,0,666,0.42,420,0.58,1
4,11,6951,1,0,500,0.6,1000,0.2,1400,0.2,1
5,0,7824,2,10,5,0,666,0.42,420,0.58,1
5,1,5900,2,10,5,0,500,0.6,1000,0.2,1400,0.2,1
5,2,10448,1,0,500,0.6,1000,0.2,1400,0.2,1
5,3,12970,1,0,500,0.6,1000,0.2,1400,0.2,1
5,4,7246,0,0,500,0.6,1000,0.2,1400,0.2,1
5,5,1791,1,0,300,0.5,572,0.32,486,0.18,1
5,6,5024,1,0,300,0.5,1700,0.5,1
5,7,7295,0,0,666,0.42,420,0.58,1
5,8,4607,1,0,500,0.6,1000,0.2,1400,0.2,1
5,9,6505,1,0,666,0.42,420,0.58,1
5,10,8012,1,0,500,0.6,1000,0.2,1400,0.2,1
5,11,14473,2,10,5,0,666,0.42,420,0.58,1
6,0,6797,1,0,300,0.5,572,0.32,486,0.18,1
6,1,8488,0,0,500,0.6,1000,0.2,1400,0.2,1
6,2,12823,0,0,500,0.6,1000,0.2,1400,0.2,1
6,3,8194,1,0,666,0.42,420,0.58,1
6,4,12449,0,0,300,0.5,572,0.32,486,0.18,1
6,5,11142,2,10,5,0,500,0.6,1000,0.2,1400,0.2,1
6,6,6038,0,0,300,0.5,572,0.32,486,0.18,1
6,7,12818,0,0,500,0.6,1000,0.2,1400,0.2,1
6,8,8886,1,0,300,0.5,1700,0.5,1
6,9,1068,2,10,5,0,666,0.42,420,0.58,1
6,10,7119,2,10,5,0,300,0.5,1700,0.5,1
6,11,13908,1,0,666,0.42,420,0.58,1
7,0,3521,2,10,5,0,300,0.5,1700,0.5,1
7,1,9236,1,0,500,0.6,1000,0.2,1400,0.2,1
7,2,7461,2,10,5,0,300,0.5,1700,0.5,1
7,3,2819,0,0,300,0.5,1700,0.5,1
7,4,2457,2,10,5,0,300,0.5,1700,0.5,1
7,5,835,0,0,666,0.42,420,0.58,1
7,6,9429,1,0,300,0.5,572,0.32,486,0.18,1
7,7,3185,1,0,300,0.5,572,0.32,486,0.18,1
7,8,14136,1,0,500,0.6,1000,0.2,1400,0.2,1
7,9,10564,0,0,300,0.5,1700,0.5,1
7,10,10858,1,0,500,0.6,1000,0.2,1400,0.2,1
7,11,5746,2,10,5,0,300,0.5,1700,0.5,1
8,0,9796,1,0,300,0.5,572,0.32,486,0.18,1
8,1,13452,1,0,300,0.5,1700,0.5,1
8,2,4658,1,0,300,0.5,1700,0.5,1
8,3,4232,2,10,5,0,500,0.6,1000,0.2,1400,0.2,1
8,4,14769,1,0,500,0.6,1000,0.2,1400,0.2,1
8,5,5299,0,0,666,0.42,420,0.58,1
8,6,10435,0,0,666,0.42,420,0.58,1
8,7,6072,2,10,5,0,300,0.5,572,0.32,486,0.18,1
8,8,10207,0,0,300,0.5,1700,0.5,1
8,9,452,1,0,300,0.5,1700,0.5,1
8,10,9102,1,0,300,0.5,572,0.32,486,0.18,1
8,11,1339,1,0,666,0.42,420,0.58,1
9,0,13761,1,0,300,0.5,572,0.32,486,0.18,1
9,1,8207,0,0,500,0.6,1000,0.2,1400,0.2,1
9,2,10976,0,0,666,0.42,420,0.58,1
9,3,2714,0,0,500,0.6,1000,0.2,1400,0.2,1
9,4,7137,0,0,666,0.42,420,0.58,1
9,5,10574,2,10,5,0,300,0.5,572,0.32,486,0.18,1
9,6,6269,1,0,666,0.42,420,0.58,1
9,7,9813,2,10,5,0,300,0.5,572,0.32,486,0.18,1
9,8,11659,2,10,5,0,500,0.6,1000,0.2,1400,0.2,1
9,9,12231,1,0,300,0.5,572,0.32,486,0.18,1
9,10,14449,0,0,300,0.5,1700,0.5,1
9,11,10113,2,10,5,0,500,0.6,1000,0.2,1400,0.2,1
10,0,14200,0,0,666,0.42,420,0.58,1
10,1,10848,2,10,5,0,500,0.6,1000,0.2,1400,0.2,1
10,2,2342,2,10,5,0,500,0.6,1000,0.2,1400,0.2,1
10,3,2118,2,10,5,0,300,0.5,572,0.32,486,0.18,1
10,4,5744,1,0,500,0.6,1000,0.2,1400,0.2,1
10,5,629,0,0,666,0.42,420,0.58,1
10,6,7216,2,10,5,0,300,0.5,1700,0.5,1
10,7,11399,0,0,300,0.5,1700,0.5,1
10,8,4702,0,0,300,0.5,572,0.32,486,0.18,1
10,9,1685,2,10,5,0,300,0.5,572,0.32,486,0.18,1
10,10,2951,2,10,5,0,300,0.5,572,0.32,486,0.18,1
10,11,4834,1,0,666,0.42,420,0.58,1
11,0,2389,1,0,300,0.5,1700,0.5,1
11,1,9900,0,0,300,0.5,1700,0.5,1
11,2,10786,0,0,666,0.42,420,0.58,1
11,3,8586,0,0,500,0.6,1000,0.2,1400,0.2,1
11,4,9474,2,10,5,0,500,0.6,1000,0.2,1400,0.2,1
11,5,11910,0,0,500,0.6,1000,0.2,1400,0.2,1
11,6,12091,2,10,5,0,300,0.5,572,0.32,486,0.18,1
11,7,12968,0,0,300,0.5,1700,0.5,1
11,8,3214,1,0,666,0.42,420,0.58,1
11,9,4778,2,10,5,0,300,0.5,1700,0.5,1
11,10,12312,2,10,5,0,300,0.5,1700,0.5,1
11,11,1832,2,10,5,0,300,0.5,1700,0.5,1
