0,0,7267,1,0,300,0.5,1700,0.5,1
0,1,8832,2,10,5,0,300,0.5,572,0.32,486,0.18,1
0,2,6850,1,0,300,0.5,572,0.32,486,0.18,1
0,3,1094,1,0,300,0.5,572,0.32,486,0.18,1
0,4,9814,0,0,500,0.6,1000,0.2,1400,0.2,1
0,5,14820,2,10,5,0,666,0.42,420,0.58,1
0,6,10629,0,0,300,0.5,572,0.32,486,0.18,1
0,7,6601,0,0,300,0.5,572,0.32,486,0.18,1
0,8,13833,1,0,500,0.6,1000,0.2,1400,0.2,1
0,9,4003,2,10,5,0,500,0.6,1000,0.2,1400,0.2,1
0,10,7946,0,0,300,0.5,1700,0.5,1
0,11,8311,2,10,5,0,300,0.5,572,0.32,486,0.18,1
1,0,13806,1,0,500,0.6,1000,0.2,1400,0.2,1
1,1,7458,1,0,500,0.6,1000,0.2,1400,0.2,1
1,2,5005,0,0,666,0.42,420,0.58,0
1,3,6291,1,0,666,0.42,420,0.58,1
1,4,3625,2,10,5,0,300,0.5,1700,0.5,1
1,5,1500,0,0,300,0.5,1700,0.5,1
1,6,10277,2,10,5,0,666,0.42,420,0.58,1
1,7,5533,2,10,5,0,500,0.6,1000,0.2,1400,0.2,1
1,8,3989,0,0,500,0.6,1000,0.2,1400,0.2,1
1,9,8404,1,0,300,0.5,572,0.32,486,0.18,1
1,10,7499,1,0,300,0.5,572,0.32,486,0.18,1
1,11,13575,0,0,300,0.5,572,0.32,486,0.18,1
2,0,14470,1,0,666,0.42,420,0.58,1
2,1,14056,1,0,300,0.5,1700,0.5,1
2,2,10779,2,10,5,0,500,0.6,1000,0.2,1400,0.2,1
2,3,14997,2,10,5,0,300,0.5,572,0.32,486,0.18,1
2,4,13282,0,0,500,0.6,1000,0.2,1400,0.2,1
2,5,8696,0,0,300,0.5,572,0.32,486,0.18,1
2,6,13841,1,0,300,0.5,1700,0.5,1
2,7,6865,0,0,300,0.5,572,0.32,486,0.18,1
2,8,225,0,0,666,0.42,420,0.58,1
2,9,8684,2,10,5,0,300,0.5,572,0.32,486,0.18,1
2,10,11697,1,0,666,0.42,420,0.58,1
2,11,14746,2,10,5,0,300,0.5,572,0.32,486,0.18,1
3,0,3871,1,0,300,0.5,1700,0.5,1
3,1,7358,0,0,500,0.6,1000,0.2,1400,0.2,1
3,2,11024,0,0,300,0.5,1700,0.5,1
3,3,7614,2,10,5,0,300,0.5,1700,0.5,1
3,4,7676,1,0,300,0.5,1700,0.5,1
3,5,3156,1,0,300,0.5,572,0.32,486,0.18,1
3,6,9720,2,10,5,0,300,0.5,1700,0.5,1
3,7,10260,1,0,500,0.6,1000,0.2,1400,0.2,1
3,8,8440,2,10,5,0,300,0.5,572,0.32,486,0.18,1
3,9,9790,0,0,500,0.6,1000,0.2,1400,0.2,1
3,10,10564,2,10,5,0,666,0.42,420,0.58,1
3,11,11034,1,0,300,0.5,1700,0.5,1
4,0,4954,0,0,300,0.5,1700,0.5,1
4,1,12105,1,0,666,0.42,420,0.58,1
4,2,10249,2,10,5,0,300,0.5,572,0.32,486,0.18,1
4,3,13692,2,10,5,0,500,0.6,1000,0.2,1400,0.2,1
4,4,2458,1,0,500,0.6,1000,0.2,1400,0.2,1
4,5,6810,2,10,5,0,300,0.5,572,0.32,486,0.18,1
4,6,9072,0,0,300,0.5,1700,0.5,1
4,7,3342,0,0,666,0.42,420,0.58,1
4,8,14116,0,0,300,0.5,1700,0.5,1
4,9,14485,1,0,300,0.5,572,0.32,486,0.18,1
4,10,10082,1,0,666,0.42,420,0.58,1
4,11,11528,1,0,300,0.5,1700,0.5,1
5,0,5051,2,10,5,0,666,0.42,420,0.58,1
5,1,14966,0,0,300,0.5,1700,0.5,1
5,2,6844,2,10,5,0,300,0.5,572,0.32,486,0.18,1
5,3,8805,2,10,5,0,666,0.42,420,0.58,1
5,4,8186,1,0,500,0.6,1000,0.2,1400,0.2,1
5,5,5526,1,0,300,0.5,1700,0.5,1
5,6,11891,1,0,300,0.5,572,0.32,486,0.18,1
5,7,10549,1,0,300,0.5,1700,0.5,1
5,8,8808,1,0,500,0.6,1000,0.2,1400,0.2,1
5,9,4268,0,0,300,0.5,1700,0.5,1
5,10,9588,1,0,300,0.5,1700,0.5,1
5,11,10810,0,0,300,0.5,572,0.32,486,0.18,1
6,0,5136,0,0,300,0.5,572,0.32,486,0.18,1
6,1,4192,1,0,300,0.5,572,0.32,486,0.18,1
6,2,7480,1,0,300,0.5,1700,0.5,1
6,3,14669,2,10,5,0,300,0.5,572,0.32,486,0.18,1
6,4,13582,1,0,300,0.5,572,0.32,486,0.18,1
6,5,14600,1,0,666,0.42,420,0.58,1
6,6,11844,2,10,5,0,500,0.6,1000,0.2,1400,0.2,1
6,7,10068,1,0,500,0.6,1000,0.2,1400,0.2,1
6,8,11523,2,10,5,0,500,0.6,1000,0.2,1400,0.2,1
6,9,13535,2,10,5,0,300,0.5,1700,0.5,1
6,10,11472,1,0,300,0.5,572,0.32,486,0.18,1
6,11,2183,0,0,500,0.6,1000,0.2,1400,0.2,1
7,0,7822,1,0,300,0.5,572,0.32,486,0.18,1
7,1,1475,0,0,300,0.5,572,0.32,486,0.18,1
7,2,13877,1,0,300,0.5,572,0.32,486,0.18,1
7,3,9790,2,10,5,0,666,0.42,420,0.58,1
7,4,1140,1,0,500,0.6,1000,0.2,1400,0.2,1
7,5,3464,0,0,300,0.5,1700,0.5,1
7,6,2521,1,0,666,0.42,420,0.58,1
7,7,303,2,10,5,0,500,0.6,1000,0.2,1400,0.2,1
7,8,14699,1,0,666,0.42,420,0.58,1
7,9,11770,2,10,5,0,300,0.5,572,0.32,486,0.18,1
7,10,6298,1,0,300,0.5,572,0.32,486,0.18,1
7,11,2144,1,0,666,0.42,420,0.58,1
8,0,579,1,0,500,0.6,1000,0.2,1400,0.2,1
8,1,333,2,10,5,0,300,0.5,572,0.32,486,0.18,1
8,2,4247,2,10,5,0,666,0.42,420,0.58,1
8,3,8232,2,10,5,0,300,0.5,1700,0.5,1
8,4,3413,1,0,300,0.5,572,0.32,486,0.18,1
8,5,4588,0,0,300,0.5,1700,0.5,1
8,6,4143,0,0,666,0.42,420,0.58,1
8,7,13949,1,0,300,0.5,572,0.32,486,0.18,1
8,8,11231,2,10,5,0,300,0.5,572,0.32,486,0.18,1
8,9,8674,0,0,666,0.42,420,0.58,1
8,10,2011,1,0,666,0.42,420,0.58,1
8,11,11457,0,0,666,0.42,420,0.58,1
9,0,2754,2,10,5,0,500,0.6,1000,0.2,1400,0.2,1
9,1,5658,2,10,5,0,666,0.42,420,0.58,1
9,2,13722,1,0,500,0.6,1000,0.2,1400,0.2,1
9,3,10201,2,10,5,0,300,0.5,1700,0.5,1
9,4,11344,2,10,5,0,300,0.5,572,0.32,486,0.18,1
9,5,4127,1,0,300,0.5,1700,0.5,1
9,6,14997,2,10,5,0,500,0.6,1000,0.2,1400,0.2,1
9,7,11522,1,0,666,0.42,420,0.58,1
9,8,6703,0,0,666,0.42,420,0.58,1
9,9,3886,0,0,300,0.5,572,0.32,486,0.18,1
9,10,12089,0,0,500,0.6,1000,0.2,1400,0.2,1
9,11,4514,1,0,500,0.6,1000,0.2,1400,0.2,1
10,0,3743,1,0,300,0.5,1700,0.5,1
10,1,3468,2,10,5,0,300,0.5,572,0.32,486,0.18,1
10,2,12502,1,0,500,0.6,1000,0.2,1400,0.2,1
10,3,14070,1,0,300,0.5,572,0.32,486,0.18,1
10,4,5010,0,0,500,0.6,1000,0.2,1400,0.2,1
10,5,10807,1,0,300,0.5,1700,0.5,1
10,6,3998,1,0,500,0.6,1000,0.2,1400,0.2,1
10,7,10225,2,10,5,0,500,0.6,1000,0.2,1400,0.2,1
10,8,4187,1,0,666,0.42,420,0.58,1
10,9,11814,2,10,5,0,300,0.5,1700,0.5,1
10,10,8603,0,0,500,0.6,1000,0.2,1400,0.2,1
10,11,14784,0,0,300,0.5,572,0.32,486,0.18,1
11,0,12435,2,10,5,0,300,0.5,1700,0.5,1
11,1,5634,2,10,5,0,666,0.42,420,0.58,1
11,2,3488,0,0,666,0.42,420,0.58,1
11,3,2200,2,10,5,0,300,0.5,1700,0.5,1
11,4,11093,1,0,300,0.5,572,0.32,486,0.18,1
11,5,10825,0,0,666,0.42,420,0.58,1
11,6,1045,0,0,300,0.5,572,0.32,486,0.18,1
11,7,7990,0,0,666,0.42,420,0.58,1
11,8,12393,0,0,666,0.42,420,0.58,1
11,9,4100,1,0,300,0.5,1700,0.5,1
11,10,10829,2,10,5,0,300,0.5,1700,0.5,1
11,11,2482,0,0,500,0.6,1000,0.2,1400,0.2,1
