0,0,11676,0,0,300,0.5,1700,0.5,1
0,1,4746,2,10,5,0,300,0.5,1700,0.5,1
0,2,1843,1,0,500,0.6,1000,0.2,1400,0.2,1
0,3,1308,1,0,666,0.42,420,0.58,1
0,4,13538,0,0,300,0.5,572,0.32,486,0.18,1
0,5,1896,1,0,300,0.5,572,0.32,486,0.18,1
0,6,12712,0,0,666,0.42,420,0.58,1
0,7,3778,0,0,300,0.5,1700,0.5,1
0,8,7479,0,0,666,0.42,420,0.58,1
0,9,4258,2,10,5,0,666,0.42,420,0.58,1
0,10,10784,2,10,5,0,300,0.5,1700,0.5,1
0,11,6788,0,0,500,0.6,1000,0.2,1400,0.2,1
1,0,14880,2,10,5,0,300,0.5,572,0.32,486,0.18,1
1,1,12900,2,10,5,0,300,0.5,1700,0.5,1
1,2,650,0,0,300,0.5,1700,0.5,0
1,3,5553,2,10,5,0,500,0.6,1000,0.2,1400,0.2,1
1,4,2291,1,0,666,0.42,420,0.58,1
1,5,8798,1,0,300,0.5,1700,0.5,1
1,6,679,1,0,666,0.42,420,0.58,1
1,7,6128,2,10,5,0,300,0.5,1700,0.5,1
1,8,2037,1,0,300,0.5,1700,0.5,1
1,9,1411,2,10,5,0,300,0.5,572,0.32,486,0.18,1
1,10,1907,2,10,5,0,300,0.5,572,0.32,486,0.18,1
1,11,6113,0,0,666,0.42,420,0.58,1
2,0,7337,2,10,5,0,666,0.42,420,0.58,1
2,1,5732,2,10,5,0,500,0.6,1000,0.2,1400,0.2,1
2,2,2034,2,10,5,0,300,0.5,572,0.32,486,0.18,1
2,3,11241,1,0,300,0.5,572,0.32,486,0.18,1
2,4,3675,1,0,300,0.5,572,0.32,486,0.18,1
2,5,5469,0,0,666,0.42,420,0.58,1
2,6,5976,0,0,500,0.6,1000,0.2,1400,0.2,1
2,7,13049,0,0,666,0.42,420,0.58,1
2,8,7097,0,0,300,0.5,1700,0.5,1
2,9,6093,1,0,300,0.5,572,0.32,486,0.18,1
2,10,12309,0,0,300,0.5,1700,0.5,1
2,11,10433,1,0,666,0.42,420,0.58,1
3,0,12821,2,10,5,0,500,0.6,1000,0.2,1400,0.2,1
3,1,7869,2,10,5,0,666,0.42,420,0.58,1
3,2,7612,0,0,500,0.6,1000,0.2,1400,0.2,1
3,3,8173,0,0,666,0.42,420,0.58,1
3,4,2806,0,0,500,0.6,1000,0.2,1400,0.2,1
3,5,1035,2,10,5,0,300,0.5,572,0.32,486,0.18,1
3,6,8702,2,10,5,0,300,0.5,1700,0.5,1
3,7,11108,2,10,5,0,500,0.6,1000,0.2,1400,0.2,1
3,8,7886,0,0,300,0.5,572,0.32,486,0.18,1
3,9,11261,2,10,5,0,500,0.6,1000,0.2,1400,0.2,1
3,10,7193,0,0,300,0.5,1700,0.5,1
3,11,5525,0,0,666,0.42,420,0.58,1
4,0,2801,1,0,300,0.5,1700,0.5,1
4,1,3999,1,0,300,0.5,572,0.32,486,0.18,1
4,2,13656,1,0,666,0.42,420,0.58,1
4,3,12075,2,10,5,0,300,0.5,1700,0.5,1
4,4,10126,0,0,666,0.42,420,0.58,1
4,5,11816,2,10,5,0,300,0.5,572,0.32,486,0.18,1
4,6,9211,2,10,5,0,500,0.6,1000,0.2,1400,0.2,1
4,7,10048,2,10,5,0,500,0.6,1000,0.2,1400,0.2,1
4,8,10610,1,0,500,0.6,1000,0.2,1400,0.2,1
4,9,12137,0,0,300,0.5,572,0.32,486,0.18,1
4,10,8847,2,10,5,0,300,0.5,572,0.32,486,0.18,1
4,11,7630,0,0,300,0.5,1700,0.5,1
5,0,1985,2,10,5,0,500,0.6,1000,0.2,1400,0.2,1
5,1,10241,2,10,5,0,300,0.5,1700,0.5,1
5,2,4812,1,0,666,0.42,420,0.58,1
5,3,2466,2,10,5,0,500,0.6,1000,0.2,1400,0.2,1
5,4,14951,2,10,5,0,300,0.5,572,0.32,486,0.18,1
5,5,2960,0,0,300,0.5,572,0.32,486,0.18,1
5,6,14866,0,0,500,0.6,1000,0.2,1400,0.2,1
5,7,6875,2,10,5,0,500,0.6,1000,0.2,1400,0.2,1
5,8,10028,1,0,500,0.6,1000,0.2,1400,0.2,1
5,9,13689,0,0,300,0.5,572,0.32,486,0.18,1
5,10,6934,2,10,5,0,666,0.42,420,0.58,1
5,11,821,0,0,500,0.6,1000,0.2,1400,0.2,1
6,0,12098,2,10,5,0,666,0.42,420,0.58,1
6,1,4513,1,0,666,0.42,420,0.58,1
6,2,7520,1,0,666,0.42,420,0.58,1
6,3,8306,0,0,300,0.5,1700,0.5,1
6,4,13503,2,10,5,0,300,0.5,572,0.32,486,0.18,1
6,5,14616,1,0,300,0.5,1700,0.5,1
6,6,10033,0,0,500,0.6,1000,0.2,1400,0.2,1
6,7,14051,2,10,5,0,500,0.6,1000,0.2,1400,0.2,1
6,8,4320,1,0,500,0.6,1000,0.2,1400,0.2,1
6,9,8343,0,0,666,0.42,420,0.58,1
6,10,14675,2,10,5,0,300,0.5,572,0.32,486,0.18,1
6,11,13355,2,10,5,0,300,0.5,572,0.32,486,0.18,1
7,0,13907,2,10,5,0,500,0.6,1000,0.2,1400,0.2,1
7,1,2871,2,10,5,0,300,0.5,1700,0.5,1
7,2,6625,0,0,300,0.5,1700,0.5,1
7,3,14812,1,0,666,0.42,420,0.58,1
7,4,6395,1,0,500,0.6,1000,0.2,1400,0.2,1
7,5,13936,1,0,300,0.5,1700,0.5,1
7,6,6038,2,10,5,0,500,0.6,1000,0.2,1400,0.2,1
7,7,1334,0,0,666,0.42,420,0.58,1
7,8,8838,2,10,5,0,500,0.6,1000,0.2,1400,0.2,1
7,9,3749,1,0,300,0.5,572,0.32,486,0.18,1
7,10,8574,0,0,666,0.42,420,0.58,1
7,11,14405,1,0,300,0.5,572,0.32,486,0.18,1
8,0,4904,1,0,300,0.5,1700,0.5,1
8,1,369,2,10,5,0,300,0.5,572,0.32,486,0.18,1
8,2,11851,1,0,666,0.42,420,0.58,1
8,3,6295,2,10,5,0,666,0.42,420,0.58,1
8,4,2083,2,10,5,0,300,0.5,572,0.32,486,0.18,1
8,5,128,0,0,300,0.5,1700,0.5,1
8,6,1260,2,10,5,0,500,0.6,1000,0.2,1400,0.2,1
8,7,9397,2,10,5,0,300,0.5,572,0.32,486,0.18,1
8,8,72,2,10,5,0,500,0.6,1000,0.2,1400,0.2,1
8,9,8613,0,0,300,0.5,572,0.32,486,0.18,1
8,10,9476,2,10,5,0,300,0.5,572,0.32,486,0.18,1
8,11,4345,1,0,300,0.5,1700,0.5,1
9,0,12272,2,10,5,0,500,0.6,1000,0.2,1400,0.2,1
9,1,8595,1,0,300,0.5,1700,0.5,1
9,2,11076,0,0,300,0.5,572,0.32,486,0.18,1
9,3,12247,1,0,500,0.6,1000,0.2,1400,0.2,1
9,4,929,1,0,500,0.6,1000,0.2,1400,0.2,1
9,5,2783,1,0,500,0.6,1000,0.2,1400,0.2,1
9,6,1864,2,10,5,0,666,0.42,420,0.58,1
9,7,11942,2,10,5,0,300,0.5,1700,0.5,1
9,8,12206,1,0,300,0.5,1700,0.5,1
9,9,14315,2,10,5,0,300,0.5,1700,0.5,1
9,10,8295,2,10,5,0,500,0.6,1000,0.2,1400,0.2,1
9,11,2787,1,0,300,0.5,1700,0.5,1
10,0,358,2,10,5,0,300,0.5,572,0.32,486,0.18,1
10,1,6339,1,0,500,0.6,1000,0.2,1400,0.2,1
10,2,4842,0,0,666,0.42,420,0.58,1
10,3,14144,1,0,300,0.5,1700,0.5,1
10,4,13712,2,10,5,0,666,0.42,420,0.58,1
10,5,11558,0,0,666,0.42,420,0.58,1
10,6,8364,1,0,300,0.5,1700,0.5,1
10,7,4955,0,0,500,0.6,1000,0.2,1400,0.2,1
10,8,4703,2,10,5,0,300,0.5,572,0.32,486,0.18,1
10,9,828,1,0,500,0.6,1000,0.2,1400,0.2,1
10,10,7022,1,0,666,0.42,420,0.58,1
10,11,2830,2,10,5,0,500,0.6,1000,0.2,1400,0.2,1
11,0,9114,2,10,5,0,300,0.5,1700,0.5,1
11,1,2949,1,0,300,0.5,572,0.32,486,0.18,1
11,2,3447,0,0,666,0.42,420,0.58,1
11,3,7549,0,0,500,0.6,1000,0.2,1400,0.2,1
11,4,10818,0,0,300,0.5,1700,0.5,1
11,5,7508,2,10,5,0,500,0.6,1000,0.2,1400,0.2,1
11,6,11881,0,0,666,0.42,420,0.58,1
11,7,3542,2,10,5,0,300,0.5,572,0.32,486,0.18,1
11,8,14592,1,0,500,0.6,1000,0.2,1400,0.2,1
11,9,2684,1,0,300,0.5,572,0.32,486,0.18,1
11,10,6798,0,0,666,0.42,420,0.58,1
11,11,4113,2,10,5,0,666,0.42,420,0.58,1
