0,0,4516,0,0,666,0.42,420,0.58,1
0,1,5651,0,0,300,0.5,572,0.32,486,0.18,1
0,2,11448,2,10,5,0,300,0.5,1700,0.5,1
0,3,11732,2,10,5,0,300,0.5,1700,0.5,1
0,4,4988,1,0,300,0.5,572,0.32,486,0.18,1
0,5,9615,1,0,300,0.5,572,0.32,486,0.18,1
0,6,9261,2,10,5,0,500,0.6,1000,0.2,1400,0.2,1
0,7,560,1,0,300,0.5,1700,0.5,1
0,8,8144,0,0,666,0.42,420,0.58,1
0,9,12759,2,10,5,0,300,0.5,572,0.32,486,0.18,1
0,10,10321,2,10,5,0,666,0.42,420,0.58,1
0,11,10278,0,0,500,0.6,1000,0.2,1400,0.2,1
1,0,6489,1,0,666,0.42,420,0.58,1
1,1,9642,0,0,300,0.5,572,0.32,486,0.18,1
1,2,4500,1,0,300,0.5,1700,0.5,0
1,3,10049,1,0,500,0.6,1000,0.2,1400,0.2,1
1,4,8826,0,0,500,0.6,1000,0.2,1400,0.2,1
1,5,2429,0,0,500,0.6,1000,0.2,1400,0.2,1
1,6,7020,2,10,5,0,300,0.5,1700,0.5,1
1,7,9416,1,0,666,0.42,420,0.58,1
1,8,13428,1,0,666,0.42,420,0.58,1
1,9,12369,0,0,300,0.5,572,0.32,486,0.18,1
1,10,8630,1,0,300,0.5,572,0.32,486,0.18,1
1,11,4310,1,0,300,0.5,1700,0.5,1
2,0,5639,0,0,500,0.6,1000,0.2,1400,0.2,1
2,1,168,1,0,500,0.6,1000,0.2,1400,0.2,1
2,2,6556,0,0,500,0.6,1000,0.2,1400,0.2,1
2,3,12119,2,10,5,0,666,0.42,420,0.58,1
2,4,8559,1,0,666,0.42,420,0.58,1
2,5,925,1,0,666,0.42,420,0.58,1
2,6,12192,1,0,300,0.5,1700,0.5,1
2,7,7453,2,10,5,0,300,0.5,572,0.32,486,0.18,1
2,8,13290,2,10,5,0,300,0.5,1700,0.5,1
2,9,8668,2,10,5,0,300,0.5,1700,0.5,1
2,10,11944,0,0,500,0.6,1000,0.2,1400,0.2,1
2,11,1941,0,0,300,0.5,572,0.32,486,0.18,1
3,0,12915,1,0,300,0.5,1700,0.5,1
3,1,13581,1,0,666,0.42,420,0.58,1
3,2,9018,1,0,666,0.42,420,0.58,1
3,3,14239,1,0,300,0.5,1700,0.5,1
3,4,1232,2,10,5,0,666,0.42,420,0.58,1
3,5,14959,1,0,300,0.5,1700,0.5,1
3,6,13921,0,0,300,0.5,1700,0.5,1
3,7,1324,0,0,666,0.42,420,0.58,1
3,8,4951,0,0,500,0.6,1000,0.2,1400,0.2,1
3,9,2883,0,0,300,0.5,572,0.32,486,0.18,1
3,10,6447,0,0,500,0.6,1000,0.2,1400,0.2,1
3,11,13474,0,0,666,0.42,420,0.58,1
4,0,8877,2,10,5,0,500,0.6,1000,0.2,1400,0.2,1
4,1,6044,1,0,666,0.42,420,0.58,1
4,2,8461,2,10,5,0,500,0.6,1000,0.2,1400,0.2,1
4,3,12042,0,0,300,0.5,1700,0.5,1
4,4,11802,2,10,5,0,666,0.42,420,0.58,1
4,5,5298,2,10,5,0,500,0.6,1000,0.2,1400,0.2,1
4,6,7918,1,0,500,0.6,1000,0.2,1400,0.2,1
4,7,10713,1,0,300,0.5,572,0.32,486,0.18,1
4,8,2435,1,0,500,0.6,1000,0.2,1400,0.2,1
4,9,11835,0,0,666,0.42,420,0.58,1
4,10,13205,0,0,666,0.42,420,0.58,1
4,11,9201,0,0,500,0.6,1000,0.2,1400,0.2,1
5,0,14163,2,10,5,0,666,0.42,420,0.58,1
5,1,13675,1,0,500,0.6,1000,0.2,1400,0.2,1
5,2,14846,0,0,500,0.6,1000,0.2,1400,0.2,1
5,3,12017,2,10,5,0,300,0.5,572,0.32,486,0.18,1
5,4,12030,2,10,5,0,300,0.5,1700,0.5,1
5,5,4683,1,0,666,0.42,420,0.58,1
5,6,9118,1,0,500,0.6,1000,0.2,1400,0.2,1
5,7,4231,0,0,500,0.6,1000,0.2,1400,0.2,1
5,8,603,0,0,300,0.5,1700,0.5,1
5,9,1491,0,0,300,0.5,1700,0.5,1
5,10,10436,2,10,5,0,300,0.5,1700,0.5,1
5,11,11993,0,0,300,0.5,1700,0.5,1
6,0,1148,0,0,500,0.6,1000,0.2,1400,0.2,1
6,1,14503,0,0,300,0.5,1700,0.5,1
6,2,14554,0,0,500,0.6,1000,0.2,1400,0.2,1
6,3,2542,0,0,666,0.42,420,0.58,1
6,4,449,0,0,666,0.42,420,0.58,1
6,5,10515,2,10,5,0,300,0.5,572,0.32,486,0.18,1
6,6,14829,2,10,5,0,300,0.5,572,0.32,486,0.18,1
6,7,5120,2,10,5,0,300,0.5,1700,0.5,1
6,8,9970,2,10,5,0,500,0.6,1000,0.2,1400,0.2,1
6,9,2165,0,0,500,0.6,1000,0.2,1400,0.2,1
6,10,9425,2,10,5,0,500,0.6,1000,0.2,1400,0.2,1
6,11,766,0,0,666,0.42,420,0.58,1
7,0,11020,2,10,5,0,666,0.42,420,0.58,1
7,1,3192,1,0,666,0.42,420,0.58,1
7,2,8389,1,0,500,0.6,1000,0.2,1400,0.2,1
7,3,7982,1,0,500,0.6,1000,0.2,1400,0.2,1
7,4,1378,0,0,300,0.5,1700,0.5,1
7,5,5947,2,10,5,0,500,0.6,1000,0.2,1400,0.2,1
7,6,11580,0,0,300,0.5,1700,0.5,1
7,7,14382,2,10,5,0,300,0.5,1700,0.5,1
7,8,414,1,0,300,0.5,1700,0.5,1
7,9,11827,1,0,300,0.5,1700,0.5,1
7,10,3068,0,0,500,0.6,1000,0.2,1400,0.2,1
7,11,9275,0,0,300,0.5,572,0.32,486,0.18,1
8,0,12433,0,0,666,0.42,420,0.58,1
8,1,14289,2,10,5,0,300,0.5,1700,0.5,1
8,2,6952,1,0,300,0.5,572,0.32,486,0.18,1
8,3,9271,0,0,500,0.6,1000,0.2,1400,0.2,1
8,4,413,2,10,5,0,500,0.6,1000,0.2,1400,0.2,1
8,5,2362,1,0,300,0.5,572,0.32,486,0.18,1
8,6,3661,0,0,666,0.42,420,0.58,1
8,7,256,2,10,5,0,300,0.5,572,0.32,486,0.18,1
8,8,12715,0,0,666,0.42,420,0.58,1
8,9,7685,2,10,5,0,300,0.5,572,0.32,486,0.18,1
8,10,1669,2,10,5,0,666,0.42,420,0.58,1
8,11,9904,0,0,300,0.5,572,0.32,486,0.18,1
9,0,5679,1,0,500,0.6,1000,0.2,1400,0.2,1
9,1,13166,0,0,666,0.42,420,0.58,1
9,2,2030,2,10,5,0,300,0.5,1700,0.5,1
9,3,7352,0,0,666,0.42,420,0.58,1
9,4,9688,0,0,300,0.5,572,0.32,486,0.18,1
9,5,809,2,10,5,0,300,0.5,1700,0.5,1
9,6,12281,2,10,5,0,666,0.42,420,0.58,1
9,7,3326,1,0,500,0.6,1000,0.2,1400,0.2,1
9,8,4936,1,0,666,0.42,420,0.58,1
9,9,7258,1,0,300,0.5,1700,0.5,1
9,10,14399,1,0,300,0.5,1700,0.5,1
9,11,7486,1,0,500,0.6,1000,0.2,1400,0.2,1
10,0,12971,0,0,300,0.5,1700,0.5,1
10,1,2298,2,10,5,0,300,0.5,572,0.32,486,0.18,1
10,2,10838,2,10,5,0,500,0.6,1000,0.2,1400,0.2,1
10,3,7030,2,10,5,0,666,0.42,420,0.58,1
10,4,2777,1,0,300,0.5,1700,0.5,1
10,5,1374,1,0,300,0.5,1700,0.5,1
10,6,14743,1,0,500,0.6,1000,0.2,1400,0.2,1
10,7,14912,2,10,5,0,500,0.6,1000,0.2,1400,0.2,1
10,8,10315,0,0,300,0.5,572,0.32,486,0.18,1
10,9,5070,2,10,5,0,500,0.6,1000,0.2,1400,0.2,1
10,10,14701,1,0,666,0.42,420,0.58,1
10,11,10806,2,10,5,0,666,0.42,420,0.58,1
11,0,2616,1,0,500,0.6,1000,0.2,1400,0.2,1
11,1,10862,0,0,666,0.42,420,0.58,1
11,2,7494,0,0,300,0.5,572,0.32,486,0.18,1
11,3,10691,0,0,300,0.5,572,0.32,486,0.18,1
11,4,7036,2,10,5,0,300,0.5,572,0.32,486,0.18,1
11,5,4768,2,10,5,0,500,0.6,1000,0.2,1400,0.2,1
11,6,9001,0,0,300,0.5,1700,0.5,1
11,7,1463,0,0,300,0.5,572,0.32,486,0.18,1
11,8,4288,2,10,5,0,300,0.5,572,0.32,486,0.18,1
11,9,664,2,10,5,0,500,0.6,1000,0.2,1400,0.2,1
11,10,1880,1,0,500,0.6,1000,0.2,1400,0.2,1
11,11,11172,1,0,500,0.6,1000,0.2,1400,0.2,1
