0,0,3047,1,0,300,0.5,572,0.32,486,0.18,1
0,1,7533,0,0,500,0.6,1000,0.2,1400,0.2,1
0,2,3966,2,10,5,0,300,0.5,572,0.32,486,0.18,1
0,3,14266,0,0,300,0.5,572,0.32,486,0.18,1
0,4,1716,2,10,5,0,500,0.6,1000,0.2,1400,0.2,1
0,5,4648,0,0,666,0.42,420,0.58,1
0,6,769,0,0,300,0.5,1700,0.5,1
0,7,3415,0,0,300,0.5,1700,0.5,1
0,8,10659,2,10,5,0,500,0.6,1000,0.2,1400,0.2,1
0,9,5711,0,0,666,0.42,420,0.58,1
0,10,1410,0,0,300,0.5,1700,0.5,1
0,11,6724,0,0,300,0.5,572,0.32,486,0.18,1
1,0,10967,2,10,5,0,300,0.5,1700,0.5,1
1,1,1916,1,0,666,0.42,420,0.58,1
1,2,4713,0,0,666,0.42,420,0.58,0
1,3,11670,0,0,500,0.6,1000,0.2,1400,0.2,1
1,4,8739,1,0,300,0.5,1700,0.5,1
1,5,4483,2,10,5,0,300,0.5,572,0.32,486,0.18,1
1,6,7820,1,0,300,0.5,1700,0.5,1
1,7,9885,2,10,5,0,500,0.6,1000,0.2,1400,0.2,1
1,8,9562,1,0,300,0.5,572,0.32,486,0.18,1
1,9,10490,0,0,500,0.6,1000,0.2,1400,0.2,1
1,10,11613,0,0,300,0.5,572,0.32,486,0.18,1
1,11,13392,2,10,5,0,500,0.6,1000,0.2,1400,0.2,1
2,0,7423,2,10,5,0,666,0.42,420,0.58,1
2,1,7405,0,0,500,0.6,1000,0.2,1400,0.2,1
2,2,1899,0,0,666,0.42,420,0.58,1
2,3,10710,2,10,5,0,300,0.5,1700,0.5,1
2,4,4075,2,10,5,0,300,0.5,1700,0.5,1
2,5,8515,0,0,300,0.5,1700,0.5,1
2,6,13290,2,10,5,0,300,0.5,572,0.32,486,0.18,1
2,7,2896,0,0,500,0.6,1000,0.2,1400,0.2,1
2,8,7366,2,10,5,0,666,0.42,420,0.58,1
2,9,4370,0,0,300,0.5,572,0.32,486,0.18,1
2,10,7641,2,10,5,0,300,0.5,572,0.32,486,0.18,1
2,11,10032,2,10,5,0,300,0.5,1700,0.5,1
3,0,11141,1,0,666,0.42,420,0.58,1
3,1,8284,2,10,5,0,300,0.5,572,0.32,486,0.18,1
3,2,14702,1,0,500,0.6,1000,0.2,1400,0.2,1
3,3,9156,2,10,5,0,500,0.6,1000,0.2,1400,0.2,1
3,4,940,0,0,300,0.5,572,0.32,486,0.18,1
3,5,4513,0,0,300,0.5,1700,0.5,1
3,6,3556,2,10,5,0,300,0.5,572,0.32,486,0.18,1
3,7,2695,2,10,5,0,300,0.5,1700,0.5,1
3,8,531,1,0,300,0.5,572,0.32,486,0.18,1
3,9,14367,2,10,5,0,300,0.5,572,0.32,486,0.18,1
3,10,6186,0,0,666,0.42,420,0.58,1
3,11,5043,0,0,300,0.5,1700,0.5,1
4,0,3257,0,0,300,0.5,1700,0.5,1
4,1,11891,2,10,5,0,500,0.6,1000,0.2,1400,0.2,1
4,2,9122,2,10,5,0,500,0.6,1000,0.2,1400,0.2,1
4,3,12479,2,10,5,0,300,0.5,1700,0.5,1
4,4,12684,0,0,666,0.42,420,0.58,1
4,5,4471,2,10,5,0,300,0.5,572,0.32,486,0.18,1
4,6,5403,0,0,300,0.5,572,0.32,486,0.18,1
4,7,11184,2,10,5,0,300,0.5,1700,0.5,1
4,8,6898,0,0,500,0.6,1000,0.2,1400,0.2,1
4,9,6695,0,0,500,0.6,1000,0.2,1400,0.2,1
4,10,9761,1,0,500,0.6,1000,0.2,1400,0.2,1
4,11,8344,2,10,5,0,300,0.5,1700,0.5,1
5,0,13206,0,0,300,0.5,572,0.32,486,0.18,1
5,1,10498,0,0,300,0.5,572,0.32,486,0.18,1
5,2,8449,2,10,5,0,300,0.5,1700,0.5,1
5,3,7085,0,0,500,0.6,1000,0.2,1400,0.2,1
5,4,9041,1,0,300,0.5,1700,0.5,1
5,5,4375,2,10,5,0,300,0.5,1700,0.5,1
5,6,10897,1,0,666,0.42,420,0.58,1
5,7,10542,0,0,666,0.42,420,0.58,1
5,8,10313,0,0,666,0.42,420,0.58,1
5,9,7301,2,10,5,0,300,0.5,1700,0.5,1
5,10,2833,2,10,5,0,300,0.5,1700,0.5,1
5,11,12385,0,0,300,0.5,1700,0.5,1
6,0,14877,0,0,300,0.5,572,0.32,486,0.18,1
6,1,3024,2,10,5,0,300,0.5,1700,0.5,1
6,2,11712,1,0,666,0.42,420,0.58,1
6,3,673,0,0,300,0.5,1700,0.5,1
6,4,1748,0,0,666,0.42,420,0.58,1
6,5,1359,2,10,5,0,300,0.5,572,0.32,486,0.18,1
6,6,8920,1,0,300,0.5,572,0.32,486,0.18,1
6,7,10534,1,0,666,0.42,420,0.58,1
6,8,3569,2,10,5,0,300,0.5,1700,0.5,1
6,9,3160,0,0,500,0.6,1000,0.2,1400,0.2,1
6,10,10339,0,0,666,0.42,420,0.58,1
6,11,12582,0,0,500,0.6,1000,0.2,1400,0.2,1
7,0,331,0,0,300,0.5,1700,0.5,1
7,1,8096,2,10,5,0,300,0.5,1700,0.5,1
7,2,7802,0,0,500,0.6,1000,0.2,1400,0.2,1
7,3,584,1,0,300,0.5,572,0.32,486,0.18,1
7,4,14032,1,0,300,0.5,572,0.32,486,0.18,1
7,5,5350,2,10,5,0,500,0.6,1000,0.2,1400,0.2,1
7,6,4675,0,0,500,0.6,1000,0.2,1400,0.2,1
7,7,1983,0,0,300,0.5,1700,0.5,1
7,8,404,0,0,500,0.6,1000,0.2,1400,0.2,1
7,9,9612,1,0,666,0.42,420,0.58,1
7,10,684,1,0,500,0.6,1000,0.2,1400,0.2,1
7,11,8965,0,0,500,0.6,1000,0.2,1400,0.2,1
8,0,6456,2,10,5,0,500,0.6,1000,0.2,1400,0.2,1
8,1,7116,2,10,5,0,666,0.42,420,0.58,1
8,2,10131,0,0,300,0.5,572,0.32,486,0.18,1
8,3,10734,0,0,300,0.5,1700,0.5,1
8,4,7650,2,10,5,0,666,0.42,420,0.58,1
8,5,1880,1,0,300,0.5,1700,0.5,1
8,6,5168,1,0,666,0.42,420,0.58,1
8,7,44,2,10,5,0,666,0.42,420,0.58,1
8,8,7129,0,0,500,0.6,1000,0.2,1400,0.2,1
8,9,12811,1,0,300,0.5,1700,0.5,1
8,10,5223,1,0,666,0.42,420,0.58,1
8,11,14445,2,10,5,0,300,0.5,572,0.32,486,0.18,1
9,0,14836,2,10,5,0,666,0.42,420,0.58,1
9,1,14559,0,0,300,0.5,572,0.32,486,0.18,1
9,2,13434,2,10,5,0,300,0.5,572,0.32,486,0.18,1
9,3,8787,1,0,666,0.42,420,0.58,1
9,4,373,2,10,5,0,300,0.5,1700,0.5,1
9,5,13769,2,10,5,0,500,0.6,1000,0.2,1400,0.2,1
9,6,10035,1,0,500,0.6,1000,0.2,1400,0.2,1
9,7,12924,2,10,5,0,300,0.5,572,0.32,486,0.18,1
9,8,12075,0,0,500,0.6,1000,0.2,1400,0.2,1
9,9,13353,2,10,5,0,300,0.5,572,0.32,486,0.18,1
9,10,3922,0,0,300,0.5,1700,0.5,1
9,11,8094,1,0,300,0.5,572,0.32,486,0.18,1
10,0,10318,1,0,300,0.5,572,0.32,486,0.18,1
10,1,13647,0,0,666,0.42,420,0.58,1
10,2,2016,0,0,500,0.6,1000,0.2,1400,0.2,1
10,3,13964,2,10,5,0,666,0.42,420,0.58,1
10,4,1939,1,0,300,0.5,1700,0.5,1
10,5,12577,2,10,5,0,500,0.6,1000,0.2,1400,0.2,1
10,6,5701,2,10,5,0,666,0.42,420,0.58,1
10,7,2551,1,0,300,0.5,572,0.32,486,0.18,1
10,8,9130,1,0,300,0.5,572,0.32,486,0.18,1
10,9,10116,2,10,5,0,300,0.5,1700,0.5,1
10,10,6767,1,0,300,0.5,572,0.32,486,0.18,1
10,11,7688,2,10,5,0,300,0.5,1700,0.5,1
11,0,7644,1,0,300,0.5,572,0.32,486,0.18,1
11,1,3651,2,10,5,0,666,0.42,420,0.58,1
11,2,14329,0,0,300,0.5,572,0.32,486,0.18,1
11,3,2491,0,0,500,0.6,1000,0.2,1400,0.2,1
11,4,3477,0,0,500,0.6,1000,0.2,1400,0.2,1
11,5,9521,2,10,5,0,300,0.5,572,0.32,486,0.18,1
11,6,10254,1,0,300,0.5,1700,0.5,1
11,7,2235,1,0,500,0.6,1000,0.2,1400,0.2,1
11,8,8540,1,0,500,0.6,1000,0.2,1400,0.2,1
11,9,6282,0,0,300,0.5,1700,0.5,1
11,10,1878,2,10,5,0,666,0.42,420,0.58,1
11,11,6040,2,10,5,0,500,0.6,1000,0.2,1400,0.2,1
