0,0,1933,1,0,300,0.5,572,0.32,486,0.18,1
0,1,13303,2,10,5,0,300,0.5,572,0.32,486,0.18,1
0,2,2235,0,0,500,0.6,1000,0.2,1400,0.2,1
0,3,14174,1,0,300,0.5,572,0.32,486,0.18,1
0,4,6793,1,0,300,0.5,572,0.32,486,0.18,1
0,5,1122,2,10,5,0,500,0.6,1000,0.2,1400,0.2,1
0,6,1453,0,0,300,0.5,572,0.32,486,0.18,1
0,7,14926,2,10,5,0,300,0.5,572,0.32,486,0.18,1
0,8,41,1,0,300,0.5,572,0.32,486,0.18,1
0,9,59,1,0,500,0.6,1000,0.2,1400,0.2,1
0,10,4109,0,0,666,0.42,420,0.58,1
0,11,13160,0,0,666,0.42,420,0.58,1
1,0,13773,2,10,5,0,666,0.42,420,0.58,1
1,1,13167,1,0,300,0.5,572,0.32,486,0.18,1
1,2,5922,0,0,500,0.6,1000,0.2,1400,0.2,0
1,3,6906,0,0,500,0.6,1000,0.2,1400,0.2,1
1,4,13195,1,0,300,0.5,572,0.32,486,0.18,1
1,5,5814,1,0,500,0.6,1000,0.2,1400,0.2,1
1,6,14790,1,0,300,0.5,572,0.32,486,0.18,1
1,7,6149,0,0,500,0.6,1000,0.2,1400,0.2,1
1,8,13784,1,0,500,0.6,1000,0.2,1400,0.2,1
1,9,8398,0,0,666,0.42,420,0.58,1
1,10,5729,1,0,300,0.5,572,0.32,486,0.18,1
1,11,2772,1,0,300,0.5,572,0.32,486,0.18,1
2,0,2649,0,0,500,0.6,1000,0.2,1400,0.2,1
2,1,2688,2,10,5,0,300,0.5,572,0.32,486,0.18,1
2,2,3506,0,0,300,0.5,572,0.32,486,0.18,1
2,3,8214,1,0,300,0.5,1700,0.5,1
2,4,8123,2,10,5,0,300,0.5,1700,0.5,1
2,5,10910,2,10,5,0,300,0.5,572,0.32,486,0.18,1
2,6,7977,1,0,666,0.42,420,0.58,1
2,7,3246,2,10,5,0,300,0.5,1700,0.5,1
2,8,11918,2,10,5,0,300,0.5,572,0.32,486,0.18,1
2,9,5494,2,10,5,0,666,0.42,420,0.58,1
2,10,14704,1,0,300,0.5,1700,0.5,1
2,11,7267,0,0,300,0.5,572,0.32,486,0.18,1
3,0,8740,1,0,666,0.42,420,0.58,1
3,1,8284,2,10,5,0,300,0.5,572,0.32,486,0.18,1
3,2,58,0,0,300,0.5,572,0.32,486,0.18,1
3,3,5922,2,10,5,0,300,0.5,1700,0.5,1
3,4,5439,2,10,5,0,500,0.6,1000,0.2,1400,0.2,1
3,5,5687,0,0,500,0.6,1000,0.2,1400,0.2,1
3,6,10173,0,0,500,0.6,1000,0.2,1400,0.2,1
3,7,5549,1,0,300,0.5,1700,0.5,1
3,8,11370,1,0,666,0.42,420,0.58,1
3,9,4655,0,0,500,0.6,1000,0.2,1400,0.2,1
3,10,3797,2,10,5,0,666,0.42,420,0.58,1
3,11,2436,0,0,300,0.5,1700,0.5,1
4,0,11132,0,0,300,0.5,1700,0.5,1
4,1,602,0,0,300,0.5,572,0.32,486,0.18,1
4,2,2537,1,0,666,0.42,420,0.58,1
4,3,14115,0,0,300,0.5,572,0.32,486,0.18,1
4,4,3954,2,10,5,0,300,0.5,1700,0.5,1
4,5,2027,1,0,666,0.42,420,0.58,1
4,6,10166,1,0,500,0.6,1000,0.2,1400,0.2,1
4,7,2152,1,0,500,0.6,1000,0.2,1400,0.2,1
4,8,9946,1,0,300,0.5,572,0.32,486,0.18,1
4,9,8015,0,0,500,0.6,1000,0.2,1400,0.2,1
4,10,11974,0,0,500,0.6,1000,0.2,1400,0.2,1
4,11,9587,2,10,5,0,300,0.5,1700,0.5,1
5,0,14986,2,10,5,0,300,0.5,1700,0.5,1
5,1,10478,2,10,5,0,300,0.5,1700,0.5,1
5,2,5593,1,0,300,0.5,572,0.32,486,0.18,1
5,3,6429,2,10,5,0,500,0.6,1000,0.2,1400,0.2,1
5,4,10930,2,10,5,0,300,0.5,572,0.32,486,0.18,1
5,5,9539,0,0,500,0.6,1000,0.2,1400,0.2,1
5,6,8635,1,0,300,0.5,572,0.32,486,0.18,1
5,7,11666,1,0,300,0.5,572,0.32,486,0.18,1
5,8,7570,1,0,300,0.5,572,0.32,486,0.18,1
5,9,6496,0,0,300,0.5,1700,0.5,1
5,10,566,1,0,300,0.5,1700,0.5,1
5,11,4849,0,0,300,0.5,572,0.32,486,0.18,1
6,0,9546,0,0,666,0.42,420,0.58,1
6,1,6731,2,10,5,0,500,0.6,1000,0.2,1400,0.2,1
6,2,7952,0,0,300,0.5,1700,0.5,1
6,3,474,1,0,300,0.5,572,0.32,486,0.18,1
6,4,1197,1,0,500,0.6,1000,0.2,1400,0.2,1
6,5,6448,0,0,300,0.5,572,0.32,486,0.18,1
6,6,14514,1,0,300,0.5,1700,0.5,1
6,7,12445,0,0,500,0.6,1000,0.2,1400,0.2,1
6,8,10693,0,0,666,0.42,420,0.58,1
6,9,12063,2,10,5,0,300,0.5,1700,0.5,1
6,10,4712,2,10,5,0,666,0.42,420,0.58,1
6,11,10934,1,0,500,0.6,1000,0.2,1400,0.2,1
7,0,2462,1,0,300,0.5,572,0.32,486,0.18,1
7,1,3758,0,0,666,0.42,420,0.58,1
7,2,599,0,0,500,0.6,1000,0.2,1400,0.2,1
7,3,5301,0,0,500,0.6,1000,0.2,1400,0.2,1
7,4,7544,1,0,500,0.6,1000,0.2,1400,0.2,1
7,5,10789,1,0,300,0.5,572,0.32,486,0.18,1
7,6,9961,2,10,5,0,300,0.5,572,0.32,486,0.18,1
7,7,3839,1,0,500,0.6,1000,0.2,1400,0.2,1
7,8,9653,0,0,666,0.42,420,0.58,1
7,9,9486,2,10,5,0,500,0.6,1000,0.2,1400,0.2,1
7,10,12011,0,0,666,0.42,420,0.58,1
7,11,888,2,10,5,0,666,0.42,420,0.58,1
8,0,11882,0,0,500,0.6,1000,0.2,1400,0.2,1
8,1,12142,0,0,300,0.5,1700,0.5,1
8,2,14782,0,0,500,0.6,1000,0.2,1400,0.2,1
8,3,9134,0,0,300,0.5,572,0.32,486,0.18,1
8,4,3600,2,10,5,0,300,0.5,572,0.32,486,0.18,1
8,5,3929,2,10,5,0,666,0.42,420,0.58,1
8,6,6522,0,0,666,0.42,420,0.58,1
8,7,9439,0,0,300,0.5,572,0.32,486,0.18,1
8,8,11626,0,0,666,0.42,420,0.58,1
8,9,8489,2,10,5,0,666,0.42,420,0.58,1
8,10,5110,2,10,5,0,300,0.5,1700,0.5,1
8,11,1556,1,0,500,0.6,1000,0.2,1400,0.2,1
9,0,12790,0,0,500,0.6,1000,0.2,1400,0.2,1
9,1,5749,1,0,666,0.42,420,0.58,1
9,2,8004,2,10,5,0,300,0.5,572,0.32,486,0.18,1
9,3,1265,2,10,5,0,666,0.42,420,0.58,1
9,4,11574,0,0,300,0.5,1700,0.5,1
9,5,1700,1,0,500,0.6,1000,0.2,1400,0.2,1
9,6,9163,0,0,300,0.5,572,0.32,486,0.18,1
9,7,7289,1,0,300,0.5,572,0.32,486,0.18,1
9,8,12468,2,10,5,0,500,0.6,1000,0.2,1400,0.2,1
9,9,12752,0,0,300,0.5,572,0.32,486,0.18,1
9,10,4899,2,10,5,0,666,0.42,420,0.58,1
9,11,4206,1,0,300,0.5,572,0.32,486,0.18,1
10,0,2073,2,10,5,0,300,0.5,1700,0.5,1
10,1,10373,0,0,666,0.42,420,0.58,1
10,2,2021,2,10,5,0,500,0.6,1000,0.2,1400,0.2,1
10,3,14850,0,0,300,0.5,572,0.32,486,0.18,1
10,4,13442,1,0,300,0.5,1700,0.5,1
10,5,11792,0,0,500,0.6,1000,0.2,1400,0.2,1
10,6,4537,1,0,300,0.5,1700,0.5,1
10,7,12999,0,0,300,0.5,1700,0.5,1
10,8,4895,1,0,500,0.6,1000,0.2,1400,0.2,1
10,9,5498,1,0,300,0.5,1700,0.5,1
10,10,7202,2,10,5,0,500,0.6,1000,0.2,1400,0.2,1
10,11,14887,1,0,666,0.42,420,0.58,1
11,0,5549,2,10,5,0,300,0.5,1700,0.5,1
11,1,7269,2,10,5,0,500,0.6,1000,0.2,1400,0.2,1
11,2,9755,1,0,500,0.6,1000,0.2,1400,0.2,1
11,3,4020,0,0,300,0.5,572,0.32,486,0.18,1
11,4,8957,2,10,5,0,500,0.6,1000,0.2,1400,0.2,1
11,5,676,2,10,5,0,300,0.5,572,0.32,486,0.18,1
11,6,9434,2,10,5,0,300,0.5,1700,0.5,1
11,7,9348,1,0,300,0.5,1700,0.5,1
11,8,14131,0,0,300,0.5,572,0.32,486,0.18,1
11,9,1377,1,0,666,0.42,420,0.58,1
11,10,6237,1,0,666,0.42,420,0.58,1
11,11,2478,1,0,300,0.5,572,0.32,486,0.18,1
