0,0,9269,0,0,500,0.6,1000,0.2,1400,0.2,1
0,1,4872,1,0,300,0.5,1700,0.5,1
0,2,1739,2,10,5,0,300,0.5,1700,0.5,1
0,3,1407,0,0,300,0.5,1700,0.5,1
0,4,11691,0,0,500,0.6,1000,0.2,1400,0.2,1
0,5,1690,0,0,500,0.6,1000,0.2,1400,0.2,1
0,6,7027,2,10,5,0,666,0.42,420,0.58,1
0,7,6859,2,10,5,0,300,0.5,1700,0.5,1
0,8,13249,0,0,300,0.5,572,0.32,486,0.18,1
0,9,4980,0,0,500,0.6,1000,0.2,1400,0.2,1
0,10,10300,1,0,666,0.42,420,0.58,1
0,11,11360,1,0,666,0.42,420,0.58,1
1,0,4198,0,0,300,0.5,1700,0.5,1
1,1,9531,2,10,5,0,300,0.5,1700,0.5,1
1,2,4311,1,0,666,0.42,420,0.58,0
1,3,3417,0,0,300,0.5,572,0.32,486,0.18,1
1,4,4755,2,10,5,0,300,0.5,572,0.32,486,0.18,1
1,5,2929,2,10,5,0,300,0.5,572,0.32,486,0.18,1
1,6,2655,0,0,666,0.42,420,0.58,1
1,7,7577,0,0,300,0.5,1700,0.5,1
1,8,7267,2,10,5,0,500,0.6,1000,0.2,1400,0.2,1
1,9,8721,1,0,300,0.5,1700,0.5,1
1,10,6213,2,10,5,0,300,0.5,1700,0.5,1
1,11,901,1,0,300,0.5,572,0.32,486,0.18,1
2,0,5463,2,10,5,0,300,0.5,572,0.32,486,0.18,1
2,1,5616,0,0,300,0.5,572,0.32,486,0.18,1
2,2,13084,2,10,5,0,500,0.6,1000,0.2,1400,0.2,1
2,3,4395,1,0,300,0.5,572,0.32,486,0.18,1
2,4,5332,0,0,300,0.5,572,0.32,486,0.18,1
2,5,8234,1,0,300,0.5,572,0.32,486,0.18,1
2,6,944,1,0,300,0.5,572,0.32,486,0.18,1
2,7,4320,2,10,5,0,300,0.5,572,0.32,486,0.18,1
2,8,3452,0,0,300,0.5,572,0.32,486,0.18,1
2,9,3788,0,0,300,0.5,572,0.32,486,0.18,1
2,10,1435,1,0,666,0.42,420,0.58,1
2,11,13602,0,0,500,0.6,1000,0.2,1400,0.2,1
3,0,10155,1,0,666,0.42,420,0.58,1
3,1,12290,0,0,666,0.42,420,0.58,1
3,2,11996,1,0,666,0.42,420,0.58,1
3,3,4055,2,10,5,0,666,0.42,420,0.58,1
3,4,7146,1,0,666,0.42,420,0.58,1
3,5,12622,2,10,5,0,300,0.5,1700,0.5,1
3,6,7286,0,0,300,0.5,1700,0.5,1
3,7,7292,0,0,300,0.5,572,0.32,486,0.18,1
3,8,11173,0,0,500,0.6,1000,0.2,1400,0.2,1
3,9,6456,1,0,666,0.42,420,0.58,1
3,10,10652,0,0,500,0.6,1000,0.2,1400,0.2,1
3,11,13644,2,10,5,0,300,0.5,572,0.32,486,0.18,1
4,0,3064,2,10,5,0,300,0.5,572,0.32,486,0.18,1
4,1,6632,0,0,300,0.5,572,0.32,486,0.18,1
4,2,1300,1,0,500,0.6,1000,0.2,1400,0.2,1
4,3,10115,0,0,500,0.6,1000,0.2,1400,0.2,1
4,4,3072,0,0,300,0.5,1700,0.5,1
4,5,793,0,0,500,0.6,1000,0.2,1400,0.2,1
4,6,1977,2,10,5,0,500,0.6,1000,0.2,1400,0.2,1
4,7,11895,1,0,500,0.6,1000,0.2,1400,0.2,1
4,8,7684,1,0,500,0.6,1000,0.2,1400,0.2,1
4,9,10591,0,0,500,0.6,1000,0.2,1400,0.2,1
4,10,9874,2,10,5,0,666,0.42,420,0.58,1
4,11,10000,2,10,5,0,500,0.6,1000,0.2,1400,0.2,1
5,0,9800,1,0,300,0.5,1700,0.5,1
5,1,12820,2,10,5,0,300,0.5,572,0.32,486,0.18,1
5,2,1710,0,0,500,0.6,1000,0.2,1400,0.2,1
5,3,3765,0,0,300,0.5,1700,0.5,1
5,4,139,2,10,5,0,666,0.42,420,0.58,1
5,5,6237,2,10,5,0,300,0.5,572,0.32,486,0.18,1
5,6,5772,0,0,300,0.5,1700,0.5,1
5,7,1053,1,0,666,0.42,420,0.58,1
5,8,4339,0,0,300,0.5,572,0.32,486,0.18,1
5,9,14074,0,0,500,0.6,1000,0.2,1400,0.2,1
5,10,13171,0,0,300,0.5,572,0.32,486,0.18,1
5,11,7634,0,0,300,0.5,572,0.32,486,0.18,1
6,0,5103,0,0,300,0.5,1700,0.5,1
6,1,9352,2,10,5,0,300,0.5,572,0.32,486,0.18,1
6,2,11788,1,0,300,0.5,1700,0.5,1
6,3,12669,0,0,666,0.42,420,0.58,1
6,4,9439,2,10,5,0,500,0.6,1000,0.2,1400,0.2,1
6,5,12274,2,10,5,0,300,0.5,572,0.32,486,0.18,1
6,6,5037,1,0,300,0.5,1700,0.5,1
6,7,5645,1,0,300,0.5,572,0.32,486,0.18,1
6,8,11674,0,0,500,0.6,1000,0.2,1400,0.2,1
6,9,2237,1,0,300,0.5,1700,0.5,1
6,10,8881,0,0,500,0.6,1000,0.2,1400,0.2,1
6,11,7979,1,0,666,0.42,420,0.58,1
7,0,8355,0,0,300,0.5,572,0.32,486,0.18,1
7,1,10445,0,0,500,0.6,1000,0.2,1400,0.2,1
7,2,9157,0,0,300,0.5,1700,0.5,1
7,3,13194,2,10,5,0,500,0.6,1000,0.2,1400,0.2,1
7,4,5486,1,0,500,0.6,1000,0.2,1400,0.2,1
7,5,13774,2,10,5,0,300,0.5,1700,0.5,1
7,6,14927,1,0,300,0.5,572,0.32,486,0.18,1
7,7,4618,2,10,5,0,500,0.6,1000,0.2,1400,0.2,1
7,8,5637,2,10,5,0,500,0.6,1000,0.2,1400,0.2,1
7,9,2194,1,0,300,0.5,572,0.32,486,0.18,1
7,10,8524,1,0,666,0.42,420,0.58,1
7,11,5577,0,0,666,0.42,420,0.58,1
8,0,8185,2,10,5,0,300,0.5,1700,0.5,1
8,1,2997,1,0,300,0.5,572,0.32,486,0.18,1
8,2,6910,2,10,5,0,666,0.42,420,0.58,1
8,3,13261,2,10,5,0,500,0.6,1000,0.2,1400,0.2,1
8,4,10044,0,0,666,0.42,420,0.58,1
8,5,2544,2,10,5,0,500,0.6,1000,0.2,1400,0.2,1
8,6,13360,0,0,666,0.42,420,0.58,1
8,7,1699,2,10,5,0,300,0.5,572,0.32,486,0.18,1
8,8,35,1,0,300,0.5,1700,0.5,1
8,9,10430,0,0,300,0.5,1700,0.5,1
8,10,2944,0,0,300,0.5,1700,0.5,1
8,11,7967,1,0,666,0.42,420,0.58,1
9,0,10105,1,0,500,0.6,1000,0.2,1400,0.2,1
9,1,6026,0,0,666,0.42,420,0.58,1
9,2,5511,0,0,500,0.6,1000,0.2,1400,0.2,1
9,3,9197,1,0,500,0.6,1000,0.2,1400,0.2,1
9,4,5762,0,0,300,0.5,572,0.32,486,0.18,1
9,5,3710,0,0,300,0.5,572,0.32,486,0.18,1
9,6,7795,1,0,500,0.6,1000,0.2,1400,0.2,1
9,7,14879,1,0,300,0.5,572,0.32,486,0.18,1
9,8,6899,1,0,300,0.5,572,0.32,486,0.18,1
9,9,8955,1,0,666,0.42,420,0.58,1
9,10,14509,0,0,300,0.5,1700,0.5,1
9,11,11261,1,0,300,0.5,1700,0.5,1
10,0,12774,0,0,300,0.5,572,0.32,486,0.18,1
10,1,5270,1,0,300,0.5,1700,0.5,1
10,2,8882,0,0,300,0.5,1700,0.5,1
10,3,8495,2,10,5,0,666,0.42,420,0.58,1
10,4,14805,0,0,500,0.6,1000,0.2,1400,0.2,1
10,5,2635,2,10,5,0,300,0.5,572,0.32,486,0.18,1
10,6,12582,2,10,5,0,500,0.6,1000,0.2,1400,0.2,1
10,7,13900,1,0,300,0.5,1700,0.5,1
10,8,7496,1,0,666,0.42,420,0.58,1
10,9,8275,2,10,5,0,300,0.5,1700,0.5,1
10,10,743,1,0,300,0.5,572,0.32,486,0.18,1
10,11,7017,2,10,5,0,500,0.6,1000,0.2,1400,0.2,1
11,0,14994,0,0,666,0.42,420,0.58,1
11,1,10481,1,0,300,0.5,572,0.32,486,0.18,1
11,2,11661,2,10,5,0,500,0.6,1000,0.2,1400,0.2,1
11,3,13118,0,0,300,0.5,572,0.32,486,0.18,1
11,4,6828,2,10,5,0,300,0.5,1700,0.5,1
11,5,10792,1,0,666,0.42,420,0.58,1
11,6,343,2,10,5,0,300,0.5,572,0.32,486,0.18,1
11,7,1074,2,10,5,0,666,0.42,420,0.58,1
11,8,7798,1,0,300,0.5,572,0.32,486,0.18,1
11,9,9473,0,0,300,0.5,1700,0.5,1
11,10,14661,0,0,300,0.5,1700,0.5,1
11,11,9304,1,0,300,0.5,572,0.32,486,0.18,1
