0,0,10738,2,10,5,0,666,0.42,420,0.58,1
0,1,9655,1,0,666,0.42,420,0.58,1
0,2,4644,0,0,300,0.5,1700,0.5,1
0,3,5450,2,10,5,0,666,0.42,420,0.58,1
0,4,7346,0,0,300,0.5,1700,0.5,1
0,5,7618,0,0,300,0.5,1700,0.5,1
0,6,8220,2,10,5,0,500,0.6,1000,0.2,1400,0.2,1
0,7,14412,1,0,666,0.42,420,0.58,1
0,8,3576,1,0,666,0.42,420,0.58,1
0,9,174,1,0,500,0.6,1000,0.2,1400,0.2,1
0,10,2002,0,0,666,0.42,420,0.58,1
0,11,1343,0,0,300,0.5,572,0.32,486,0.18,1
1,0,1397,1,0,300,0.5,1700,0.5,1
1,1,1202,1,0,300,0.5,572,0.32,486,0.18,1
1,2,1135,1,0,300,0.5,572,0.32,486,0.18,0
1,3,5706,0,0,300,0.5,572,0.32,486,0.18,1
1,4,235,1,0,666,0.42,420,0.58,1
1,5,3145,2,10,5,0,300,0.5,1700,0.5,1
1,6,644,2,10,5,0,500,0.6,1000,0.2,1400,0.2,1
1,7,3088,0,0,300,0.5,1700,0.5,1
1,8,5394,1,0,666,0.42,420,0.58,1
1,9,827,2,10,5,0,666,0.42,420,0.58,1
1,10,12299,0,0,300,0.5,1700,0.5,1
1,11,11474,2,10,5,0,300,0.5,572,0.32,486,0.18,1
2,0,14315,0,0,300,0.5,572,0.32,486,0.18,1
2,1,11186,2,10,5,0,666,0.42,420,0.58,1
2,2,12713,2,10,5,0,300,0.5,1700,0.5,1
2,3,2068,2,10,5,0,300,0.5,572,0.32,486,0.18,1
2,4,14012,2,10,5,0,500,0.6,1000,0.2,1400,0.2,1
2,5,10379,2,10,5,0,300,0.5,572,0.32,486,0.18,1
2,6,3388,1,0,666,0.42,420,0.58,1
2,7,1944,1,0,500,0.6,1000,0.2,1400,0.2,1
2,8,1342,0,0,500,0.6,1000,0.2,1400,0.2,1
2,9,7915,1,0,500,0.6,1000,0.2,1400,0.2,1
2,10,14059,1,0,300,0.5,1700,0.5,1
2,11,9061,2,10,5,0,666,0.42,420,0.58,1
3,0,11295,0,0,300,0.5,572,0.32,486,0.18,1
3,1,5103,0,0,500,0.6,1000,0.2,1400,0.2,1
3,2,14910,1,0,300,0.5,1700,0.5,1
3,3,5626,2,10,5,0,500,0.6,1000,0.2,1400,0.2,1
3,4,6245,0,0,500,0.6,1000,0.2,1400,0.2,1
3,5,12701,1,0,500,0.6,1000,0.2,1400,0.2,1
3,6,12478,1,0,300,0.5,1700,0.5,1
3,7,7465,2,10,5,0,300,0.5,572,0.32,486,0.18,1
3,8,5365,1,0,666,0.42,420,0.58,1
3,9,6768,0,0,500,0.6,1000,0.2,1400,0.2,1
3,10,800,0,0,500,0.6,1000,0.2,1400,0.2,1
3,11,9756,0,0,500,0.6,1000,0.2,1400,0.2,1
4,0,9827,2,10,5,0,500,0.6,1000,0.2,1400,0.2,1
4,1,4997,0,0,300,0.5,572,0.32,486,0.18,1
4,2,4876,2,10,5,0,300,0.5,572,0.32,486,0.18,1
4,3,3896,0,0,300,0.5,572,0.32,486,0.18,1
4,4,2080,2,10,5,0,500,0.6,1000,0.2,1400,0.2,1
4,5,9569,0,0,500,0.6,1000,0.2,1400,0.2,1
4,6,8951,1,0,666,0.42,420,0.58,1
4,7,14709,2,10,5,0,500,0.6,1000,0.2,1400,0.2,1
4,8,5221,2,10,5,0,300,0.5,572,0.32,486,0.18,1
4,9,8353,2,10,5,0,500,0.6,1000,0.2,1400,0.2,1
4,10,11564,0,0,666,0.42,420,0.58,1
4,11,8095,2,10,5,0,666,0.42,420,0.58,1
5,0,9522,1,0,666,0.42,420,0.58,1
5,1,12708,2,10,5,0,500,0.6,1000,0.2,1400,0.2,1
5,2,8662,0,0,300,0.5,1700,0.5,1
5,3,13386,1,0,666,0.42,420,0.58,1
5,4,8422,1,0,666,0.42,420,0.58,1
5,5,12491,2,10,5,0,300,0.5,1700,0.5,1
5,6,6394,0,0,300,0.5,572,0.32,486,0.18,1
5,7,3183,0,0,500,0.6,1000,0.2,1400,0.2,1
5,8,2451,0,0,300,0.5,572,0.32,486,0.18,1
5,9,10275,2,10,5,0,300,0.5,1700,0.5,1
5,10,3486,2,10,5,0,300,0.5,1700,0.5,1
5,11,10144,0,0,300,0.5,572,0.32,486,0.18,1
6,0,438,2,10,5,0,500,0.6,1000,0.2,1400,0.2,1
6,1,11683,2,10,5,0,300,0.5,1700,0.5,1
6,2,6182,0,0,300,0.5,572,0.32,486,0.18,1
6,3,6886,0,0,500,0.6,1000,0.2,1400,0.2,1
6,4,13762,2,10,5,0,666,0.42,420,0.58,1
6,5,7811,0,0,300,0.5,572,0.32,486,0.18,1
6,6,7060,2,10,5,0,300,0.5,1700,0.5,1
6,7,11452,1,0,300,0.5,572,0.32,486,0.18,1
6,8,5390,0,0,300,0.5,572,0.32,486,0.18,1
6,9,1970,2,10,5,0,300,0.5,572,0.32,486,0.18,1
6,10,344,0,0,300,0.5,1700,0.5,1
6,11,2145,0,0,500,0.6,1000,0.2,1400,0.2,1
7,0,2943,2,10,5,0,300,0.5,1700,0.5,1
7,1,4930,1,0,300,0.5,572,0.32,486,0.18,1
7,2,5768,0,0,300,0.5,572,0.32,486,0.18,1
7,3,12705,1,0,300,0.5,572,0.32,486,0.18,1
7,4,14252,2,10,5,0,666,0.42,420,0.58,1
7,5,513,2,10,5,0,500,0.6,1000,0.2,1400,0.2,1
7,6,10398,1,0,500,0.6,1000,0.2,1400,0.2,1
7,7,12989,1,0,300,0.5,1700,0.5,1
7,8,10654,2,10,5,0,300,0.5,572,0.32,486,0.18,1
7,9,5531,0,0,500,0.6,1000,0.2,1400,0.2,1
7,10,8152,0,0,666,0.42,420,0.58,1
7,11,10883,2,10,5,0,666,0.42,420,0.58,1
8,0,12933,2,10,5,0,666,0.42,420,0.58,1
8,1,2257,2,10,5,0,300,0.5,572,0.32,486,0.18,1
8,2,555,0,0,300,0.5,1700,0.5,1
8,3,11324,2,10,5,0,300,0.5,1700,0.5,1
8,4,3684,0,0,300,0.5,1700,0.5,1
8,5,9630,0,0,666,0.42,420,0.58,1
8,6,2137,0,0,666,0.42,420,0.58,1
8,7,5579,1,0,500,0.6,1000,0.2,1400,0.2,1
8,8,1380,2,10,5,0,300,0.5,1700,0.5,1
8,9,3228,2,10,5,0,666,0.42,420,0.58,1
8,10,118,0,0,300,0.5,572,0.32,486,0.18,1
8,11,10602,0,0,300,0.5,1700,0.5,1
9,0,5133,1,0,300,0.5,572,0.32,486,0.18,1
9,1,5922,1,0,300,0.5,572,0.32,486,0.18,1
9,2,6551,2,10,5,0,500,0.6,1000,0.2,1400,0.2,1
9,3,13211,0,0,666,0.42,420,0.58,1
9,4,75,2,10,5,0,300,0.5,572,0.32,486,0.18,1
9,5,13832,1,0,300,0.5,572,0.32,486,0.18,1
9,6,10514,2,10,5,0,300,0.5,572,0.32,486,0.18,1
9,7,9078,0,0,500,0.6,1000,0.2,1400,0.2,1
9,8,8554,1,0,300,0.5,1700,0.5,1
9,9,14403,0,0,300,0.5,572,0.32,486,0.18,1
9,10,7347,0,0,300,0.5,1700,0.5,1
9,11,6263,1,0,300,0.5,572,0.32,486,0.18,1
10,0,12490,0,0,666,0.42,420,0.58,1
10,1,5424,1,0,300,0.5,572,0.32,486,0.18,1
10,2,2786,0,0,300,0.5,572,0.32,486,0.18,1
10,3,3360,0,0,500,0.6,1000,0.2,1400,0.2,1
10,4,9561,1,0,300,0.5,1700,0.5,1
10,5,1219,0,0,300,0.5,1700,0.5,1
10,6,4433,0,0,300,0.5,572,0.32,486,0.18,1
10,7,637,1,0,500,0.6,1000,0.2,1400,0.2,1
10,8,13944,1,0,666,0.42,420,0.58,1
10,9,4434,1,0,300,0.5,572,0.32,486,0.18,1
10,10,7999,1,0,500,0.6,1000,0.2,1400,0.2,1
10,11,12051,2,10,5,0,500,0.6,1000,0.2,1400,0.2,1
11,0,10035,0,0,666,0.42,420,0.58,1
11,1,13890,1,0,300,0.5,1700,0.5,1
11,2,2568,1,0,300,0.5,572,0.32,486,0.18,1
11,3,14870,1,0,300,0.5,1700,0.5,1
11,4,6925,0,0,300,0.5,572,0.32,486,0.18,1
11,5,7738,0,0,500,0.6,1000,0.2,1400,0.2,1
11,6,993,2,10,5,0,300,0.5,572,0.32,486,0.18,1
11,7,14678,1,0,300,0.5,1700,0.5,1
11,8,8060,1,0,666,0.42,420,0.58,1
11,9,6270,1,0,300,0.5,572,0.32,486,0.18,1
11,10,14717,0,0,666,0.42,420,0.58,1
11,11,10023,0,0,300,0.5,1700,0.5,1
