0,0,12716,1,0,300,0.5,572,0.32,486,0.18,1
0,1,8448,1,0,666,0.42,420,0.58,1
0,2,7045,2,10,5,0,666,0.42,420,0.58,1
0,3,11647,2,10,5,0,300,0.5,572,0.32,486,0.18,1
0,4,8409,1,0,300,0.5,572,0.32,486,0.18,1
0,5,1287,2,10,5,0,300,0.5,572,0.32,486,0.18,1
0,6,3126,0,0,666,0.42,420,0.58,1
0,7,9655,1,0,300,0.5,572,0.32,486,0.18,1
0,8,7829,2,10,5,0,500,0.6,1000,0.2,1400,0.2,1
0,9,238,0,0,666,0.42,420,0.58,1
0,10,4353,2,10,5,0,300,0.5,1700,0.5,1
0,11,7769,1,0,500,0.6,1000,0.2,1400,0.2,1
1,0,5907,2,10,5,0,300,0.5,1700,0.5,1
1,1,8637,0,0,500,0.6,1000,0.2,1400,0.2,1
1,2,1314,1,0,300,0.5,1700,0.5,0
1,3,13797,2,10,5,0,500,0.6,1000,0.2,1400,0.2,1
1,4,14632,1,0,300,0.5,572,0.32,486,0.18,1
1,5,8464,2,10,5,0,666,0.42,420,0.58,1
1,6,10851,1,0,300,0.5,1700,0.5,1
1,7,9323,0,0,300,0.5,1700,0.5,1
1,8,9231,1,0,666,0.42,420,0.58,1
1,9,1394,0,0,300,0.5,1700,0.5,1
1,10,3608,1,0,300,0.5,1700,0.5,1
1,11,7384,2,10,5,0,500,0.6,1000,0.2,1400,0.2,1
2,0,3129,0,0,300,0.5,1700,0.5,1
2,1,11141,1,0,666,0.42,420,0.58,1
2,2,326,0,0,500,0.6,1000,0.2,1400,0.2,1
2,3,1540,2,10,5,0,300,0.5,1700,0.5,1
2,4,176,2,10,5,0,500,0.6,1000,0.2,1400,0.2,1
2,5,13791,0,0,500,0.6,1000,0.2,1400,0.2,1
2,6,12142,0,0,666,0.42,420,0.58,1
2,7,9709,1,0,666,0.42,420,0.58,1
2,8,9637,1,0,500,0.6,1000,0.2,1400,0.2,1
2,9,8646,1,0,300,0.5,1700,0.5,1
2,10,11536,2,10,5,0,300,0.5,572,0.32,486,0.18,1
2,11,9274,1,0,300,0.5,572,0.32,486,0.18,1
3,0,3944,0,0,666,0.42,420,0.58,1
3,1,9145,1,0,300,0.5,1700,0.5,1
3,2,4881,2,10,5,0,300,0.5,1700,0.5,1
3,3,6108,1,0,500,0.6,1000,0.2,1400,0.2,1
3,4,8463,2,10,5,0,500,0.6,1000,0.2,1400,0.2,1
3,5,12136,0,0,300,0.5,1700,0.5,1
3,6,10294,1,0,666,0.42,420,0.58,1
3,7,9493,1,0,300,0.5,1700,0.5,1
3,8,10665,2,10,5,0,300,0.5,1700,0.5,1
3,9,353,2,10,5,0,300,0.5,572,0.32,486,0.18,1
3,10,7092,2,10,5,0,500,0.6,1000,0.2,1400,0.2,1
3,11,12418,1,0,300,0.5,1700,0.5,1
4,0,5905,2,10,5,0,300,0.5,572,0.32,486,0.18,1
4,1,12039,2,10,5,0,500,0.6,1000,0.2,1400,0.2,1
4,2,10512,0,0,300,0.5,1700,0.5,1
4,3,6726,1,0,300,0.5,572,0.32,486,0.18,1
4,4,6790,2,10,5,0,300,0.5,572,0.32,486,0.18,1
4,5,4856,0,0,300,0.5,1700,0.5,1
4,6,2637,0,0,500,0.6,1000,0.2,1400,0.2,1
4,7,8088,0,0,666,0.42,420,0.58,1
4,8,12681,1,0,666,0.42,420,0.58,1
4,9,5398,2,10,5,0,300,0.5,572,0.32,486,0.18,1
4,10,7602,2,10,5,0,666,0.42,420,0.58,1
4,11,2763,2,10,5,0,666,0.42,420,0.58,1
5,0,6606,2,10,5,0,300,0.5,1700,0.5,1
5,1,13088,1,0,666,0.42,420,0.58,1
5,2,8103,0,0,500,0.6,1000,0.2,1400,0.2,1
5,3,4133,2,10,5,0,666,0.42,420,0.58,1
5,4,4251,1,0,500,0.6,1000,0.2,1400,0.2,1
5,5,119,1,0,500,0.6,1000,0.2,1400,0.2,1
5,6,11186,0,0,500,0.6,1000,0.2,1400,0.2,1
5,7,9708,1,0,300,0.5,1700,0.5,1
5,8,7969,1,0,500,0.6,1000,0.2,1400,0.2,1
5,9,13255,0,0,500,0.6,1000,0.2,1400,0.2,1
5,10,8987,2,10,5,0,666,0.42,420,0.58,1
5,11,2384,1,0,300,0.5,572,0.32,486,0.18,1
6,0,13987,2,10,5,0,300,0.5,572,0.32,486,0.18,1
6,1,409,1,0,666,0.42,420,0.58,1
6,2,11982,2,10,5,0,666,0.42,420,0.58,1
6,3,9352,0,0,500,0.6,1000,0.2,1400,0.2,1
6,4,12326,0,0,666,0.42,420,0.58,1
6,5,7554,2,10,5,0,300,0.5,1700,0.5,1
6,6,1163,1,0,500,0.6,1000,0.2,1400,0.2,1
6,7,1528,0,0,500,0.6,1000,0.2,1400,0.2,1
6,8,11933,0,0,666,0.42,420,0.58,1
6,9,8165,1,0,300,0.5,572,0.32,486,0.18,1
6,10,5397,1,0,300,0.5,1700,0.5,1
6,11,4258,0,0,300,0.5,572,0.32,486,0.18,1
7,0,3334,0,0,300,0.5,1700,0.5,1
7,1,7342,2,10,5,0,500,0.6,1000,0.2,1400,0.2,1
7,2,6326,2,10,5,0,300,0.5,572,0.32,486,0.18,1
7,3,5796,1,0,300,0.5,1700,0.5,1
7,4,7065,2,10,5,0,300,0.5,1700,0.5,1
7,5,13056,1,0,666,0.42,420,0.58,1
7,6,12245,0,0,300,0.5,1700,0.5,1
7,7,10669,1,0,500,0.6,1000,0.2,1400,0.2,1
7,8,4812,2,10,5,0,500,0.6,1000,0.2,1400,0.2,1
7,9,12384,1,0,666,0.42,420,0.58,1
7,10,403,0,0,500,0.6,1000,0.2,1400,0.2,1
7,11,11087,0,0,300,0.5,1700,0.5,1
8,0,8137,2,10,5,0,300,0.5,572,0.32,486,0.18,1
8,1,11157,1,0,300,0.5,1700,0.5,1
8,2,10008,0,0,300,0.5,1700,0.5,1
8,3,8332,2,10,5,0,666,0.42,420,0.58,1
8,4,10933,1,0,300,0.5,1700,0.5,1
8,5,6677,1,0,500,0.6,1000,0.2,1400,0.2,1
8,6,1189,1,0,500,0.6,1000,0.2,1400,0.2,1
8,7,6719,2,10,5,0,500,0.6,1000,0.2,1400,0.2,1
8,8,2897,2,10,5,0,500,0.6,1000,0.2,1400,0.2,1
8,9,2520,2,10,5,0,500,0.6,1000,0.2,1400,0.2,1
8,10,6248,2,10,5,0,500,0.6,1000,0.2,1400,0.2,1
8,11,8714,2,10,5,0,300,0.5,572,0.32,486,0.18,1
9,0,7592,2,10,5,0,666,0.42,420,0.58,1
9,1,11102,2,10,5,0,300,0.5,1700,0.5,1
9,2,9486,1,0,300,0.5,1700,0.5,1
9,3,4566,2,10,5,0,666,0.42,420,0.58,1
9,4,14744,0,0,500,0.6,1000,0.2,1400,0.2,1
9,5,12877,2,10,5,0,300,0.5,1700,0.5,1
9,6,13857,0,0,500,0.6,1000,0.2,1400,0.2,1
9,7,14264,0,0,300,0.5,1700,0.5,1
9,8,13048,0,0,500,0.6,1000,0.2,1400,0.2,1
9,9,6610,1,0,300,0.5,1700,0.5,1
9,10,580,2,10,5,0,500,0.6,1000,0.2,1400,0.2,1
9,11,14254,2,10,5,0,666,0.42,420,0.58,1
10,0,578,1,0,666,0.42,420,0.58,1
10,1,3601,0,0,300,0.5,1700,0.5,1
10,2,7660,0,0,666,0.42,420,0.58,1
10,3,10067,1,0,300,0.5,572,0.32,486,0.18,1
10,4,4531,0,0,300,0.5,572,0.32,486,0.18,1
10,5,4926,0,0,300,0.5,572,0.32,486,0.18,1
10,6,4286,0,0,666,0.42,420,0.58,1
10,7,6268,1,0,300,0.5,572,0.32,486,0.18,1
10,8,10188,0,0,500,0.6,1000,0.2,1400,0.2,1
10,9,12112,2,10,5,0,300,0.5,572,0.32,486,0.18,1
10,10,7010,1,0,666,0.42,420,0.58,1
10,11,3253,0,0,300,0.5,1700,0.5,1
11,0,12667,2,10,5,0,300,0.5,572,0.32,486,0.18,1
11,1,3598,1,0,500,0.6,1000,0.2,1400,0.2,1
11,2,7807,2,10,5,0,666,0.42,420,0.58,1
11,3,6083,1,0,500,0.6,1000,0.2,1400,0.2,1
11,4,100,2,10,5,0,300,0.5,572,0.32,486,0.18,1
11,5,1646,1,0,500,0.6,1000,0.2,1400,0.2,1
11,6,1888,0,0,300,0.5,572,0.32,486,0.18,1
11,7,1215,1,0,666,0.42,420,0.58,1
11,8,2717,0,0,300,0.5,572,0.32,486,0.18,1
11,9,1110,2,10,5,0,500,0.6,1000,0.2,1400,0.2,1
11,10,13496,1,0,300,0.5,572,0.32,486,0.18,1
11,11,10290,0,0,300,0.5,572,0.32,486,0.18,1
