0,0,2940,2,10,5,0,666,0.42,420,0.58,1
0,1,8719,2,10,5,0,500,0.6,1000,0.2,1400,0.2,1
0,2,1809,0,0,300,0.5,572,0.32,486,0.18,1
0,3,8434,2,10,5,0,500,0.6,1000,0.2,1400,0.2,1
0,4,10959,1,0,500,0.6,1000,0.2,1400,0.2,1
0,5,8504,0,0,300,0.5,1700,0.5,1
0,6,12022,2,10,5,0,300,0.5,1700,0.5,1
0,7,7284,1,0,300,0.5,1700,0.5,1
0,8,1383,0,0,300,0.5,1700,0.5,1
0,9,2663,1,0,300,0.5,572,0.32,486,0.18,1
0,10,8287,2,10,5,0,666,0.42,420,0.58,1
0,11,3777,0,0,500,0.6,1000,0.2,1400,0.2,1
1,0,9071,0,0,300,0.5,572,0.32,486,0.18,1
1,1,120,0,0,666,0.42,420,0.58,1
1,2,4626,2,10,5,0,666,0.42,420,0.58,0
1,3,4097,1,0,500,0.6,1000,0.2,1400,0.2,1
1,4,3743,0,0,500,0.6,1000,0.2,1400,0.2,1
1,5,2083,1,0,300,0.5,572,0.32,486,0.18,1
1,6,13191,2,10,5,0,500,0.6,1000,0.2,1400,0.2,1
1,7,11850,2,10,5,0,666,0.42,420,0.58,1
1,8,9727,2,10,5,0,300,0.5,1700,0.5,1
1,9,7421,2,10,5,0,500,0.6,1000,0.2,1400,0.2,1
1,10,4641,2,10,5,0,300,0.5,1700,0.5,1
1,11,1887,2,10,5,0,300,0.5,572,0.32,486,0.18,1
2,0,10274,0,0,666,0.42,420,0.58,1
2,1,5108,0,0,300,0.5,1700,0.5,1
2,2,8009,1,0,500,0.6,1000,0.2,1400,0.2,1
2,3,11707,1,0,666,0.42,420,0.58,1
2,4,9756,1,0,300,0.5,1700,0.5,1
2,5,77,1,0,300,0.5,1700,0.5,1
2,6,8810,1,0,300,0.5,572,0.32,486,0.18,1
2,7,12741,2,10,5,0,500,0.6,1000,0.2,1400,0.2,1
2,8,709,1,0,666,0.42,420,0.58,1
2,9,9647,0,0,666,0.42,420,0.58,1
2,10,933,0,0,300,0.5,1700,0.5,1
2,11,1393,1,0,666,0.42,420,0.58,1
3,0,2267,2,10,5,0,666,0.42,420,0.58,1
3,1,7958,1,0,300,0.5,1700,0.5,1
3,2,10862,0,0,300,0.5,572,0.32,486,0.18,1
3,3,7265,2,10,5,0,500,0.6,1000,0.2,1400,0.2,1
3,4,9041,1,0,666,0.42,420,0.58,1
3,5,8189,2,10,5,0,666,0.42,420,0.58,1
3,6,397,2,10,5,0,300,0.5,572,0.32,486,0.18,1
3,7,10702,0,0,500,0.6,1000,0.2,1400,0.2,1
3,8,12237,0,0,300,0.5,572,0.32,486,0.18,1
3,9,12171,1,0,500,0.6,1000,0.2,1400,0.2,1
3,10,11130,0,0,300,0.5,572,0.32,486,0.18,1
3,11,11633,2,10,5,0,666,0.42,420,0.58,1
4,0,2226,1,0,666,0.42,420,0.58,1
4,1,14885,1,0,300,0.5,1700,0.5,1
4,2,4555,1,0,666,0.42,420,0.58,1
4,3,3617,0,0,300,0.5,1700,0.5,1
4,4,10971,0,0,300,0.5,572,0.32,486,0.18,1
4,5,10586,0,0,300,0.5,1700,0.5,1
4,6,3164,0,0,300,0.5,1700,0.5,1
4,7,3356,0,0,500,0.6,1000,0.2,1400,0.2,1
4,8,6759,2,10,5,0,300,0.5,1700,0.5,1
4,9,14907,1,0,666,0.42,420,0.58,1
4,10,14759,2,10,5,0,666,0.42,420,0.58,1
4,11,2598,0,0,300,0.5,572,0.32,486,0.18,1
5,0,12709,1,0,300,0.5,572,0.32,486,0.18,1
5,1,8734,0,0,300,0.5,572,0.32,486,0.18,1
5,2,11354,0,0,666,0.42,420,0.58,1
5,3,5191,1,0,500,0.6,1000,0.2,1400,0.2,1
5,4,9731,1,0,500,0.6,1000,0.2,1400,0.2,1
5,5,13503,0,0,300,0.5,572,0.32,486,0.18,1
5,6,1359,0,0,500,0.6,1000,0.2,1400,0.2,1
5,7,1666,0,0,666,0.42,420,0.58,1
5,8,13890,0,0,300,0.5,1700,0.5,1
5,9,14167,2,10,5,0,500,0.6,1000,0.2,1400,0.2,1
5,10,13299,0,0,300,0.5,572,0.32,486,0.18,1
5,11,8240,2,10,5,0,300,0.5,572,0.32,486,0.18,1
6,0,1913,1,0,500,0.6,1000,0.2,1400,0.2,1
6,1,415,2,10,5,0,500,0.6,1000,0.2,1400,0.2,1
6,2,24,1,0,300,0.5,572,0.32,486,0.18,1
6,3,7039,2,10,5,0,300,0.5,1700,0.5,1
6,4,6599,1,0,300,0.5,1700,0.5,1
6,5,8830,1,0,300,0.5,1700,0.5,1
6,6,2817,0,0,300,0.5,572,0.32,486,0.18,1
6,7,12237,0,0,500,0.6,1000,0.2,1400,0.2,1
6,8,1519,2,10,5,0,300,0.5,1700,0.5,1
6,9,9758,1,0,300,0.5,1700,0.5,1
6,10,11750,2,10,5,0,500,0.6,1000,0.2,1400,0.2,1
6,11,7146,1,0,500,0.6,1000,0.2,1400,0.2,1
7,0,10439,0,0,300,0.5,572,0.32,486,0.18,1
7,1,11974,0,0,500,0.6,1000,0.2,1400,0.2,1
7,2,358,0,0,300,0.5,572,0.32,486,0.18,1
7,3,12343,1,0,666,0.42,420,0.58,1
7,4,6704,1,0,300,0.5,1700,0.5,1
7,5,8655,0,0,300,0.5,1700,0.5,1
7,6,9087,0,0,500,0.6,1000,0.2,1400,0.2,1
7,7,13418,0,0,300,0.5,1700,0.5,1
7,8,14139,2,10,5,0,300,0.5,1700,0.5,1
7,9,2251,2,10,5,0,300,0.5,572,0.32,486,0.18,1
7,10,14742,1,0,666,0.42,420,0.58,1
7,11,2544,1,0,666,0.42,420,0.58,1
8,0,3933,2,10,5,0,300,0.5,1700,0.5,1
8,1,5465,0,0,666,0.42,420,0.58,1
8,2,12762,0,0,300,0.5,1700,0.5,1
8,3,3174,0,0,500,0.6,1000,0.2,1400,0.2,1
8,4,1185,2,10,5,0,300,0.5,572,0.32,486,0.18,1
8,5,3328,1,0,300,0.5,1700,0.5,1
8,6,2164,2,10,5,0,500,0.6,1000,0.2,1400,0.2,1
8,7,8844,0,0,300,0.5,1700,0.5,1
8,8,2147,0,0,300,0.5,572,0.32,486,0.18,1
8,9,10218,1,0,300,0.5,1700,0.5,1
8,10,6049,2,10,5,0,666,0.42,420,0.58,1
8,11,6601,1,0,500,0.6,1000,0.2,1400,0.2,1
9,0,7572,1,0,300,0.5,1700,0.5,1
9,1,6983,1,0,500,0.6,1000,0.2,1400,0.2,1
9,2,6911,2,10,5,0,500,0.6,1000,0.2,1400,0.2,1
9,3,1620,0,0,500,0.6,1000,0.2,1400,0.2,1
9,4,14717,1,0,500,0.6,1000,0.2,1400,0.2,1
9,5,1256,2,10,5,0,500,0.6,1000,0.2,1400,0.2,1
9,6,9331,2,10,5,0,666,0.42,420,0.58,1
9,7,12648,0,0,666,0.42,420,0.58,1
9,8,8636,0,0,300,0.5,1700,0.5,1
9,9,6711,2,10,5,0,500,0.6,1000,0.2,1400,0.2,1
9,10,8837,1,0,300,0.5,1700,0.5,1
9,11,854,0,0,500,0.6,1000,0.2,1400,0.2,1
10,0,9625,1,0,300,0.5,1700,0.5,1
10,1,7310,2,10,5,0,500,0.6,1000,0.2,1400,0.2,1
10,2,12056,0,0,500,0.6,1000,0.2,1400,0.2,1
10,3,8808,0,0,666,0.42,420,0.58,1
10,4,4947,1,0,300,0.5,572,0.32,486,0.18,1
10,5,9680,2,10,5,0,500,0.6,1000,0.2,1400,0.2,1
10,6,9406,1,0,300,0.5,1700,0.5,1
10,7,14300,0,0,300,0.5,572,0.32,486,0.18,1
10,8,9409,0,0,300,0.5,1700,0.5,1
10,9,12757,1,0,300,0.5,572,0.32,486,0.18,1
10,10,5575,0,0,666,0.42,420,0.58,1
10,11,11984,0,0,300,0.5,572,0.32,486,0.18,1
11,0,7488,0,0,300,0.5,1700,0.5,1
11,1,4581,0,0,500,0.6,1000,0.2,1400,0.2,1
11,2,3407,0,0,300,0.5,572,0.32,486,0.18,1
11,3,6566,2,10,5,0,500,0.6,1000,0.2,1400,0.2,1
11,4,4533,2,10,5,0,666,0.42,420,0.58,1
11,5,6878,0,0,300,0.5,572,0.32,486,0.18,1
11,6,1763,1,0,300,0.5,1700,0.5,1
11,7,14621,2,10,5,0,666,0.42,420,0.58,1
11,8,6031,1,0,300,0.5,572,0.32,486,0.18,1
11,9,1640,1,0,300,0.5,1700,0.5,1
11,10,4419,1,0,300,0.5,1700,0.5,1
11,11,4241,2,10,5,0,500,0.6,1000,0.2,1400,0.2,1
