0,0,13350,0,0,666,0.42,420,0.58,1
0,1,4736,1,0,300,0.5,572,0.32,486,0.18,1
0,2,4375,1,0,500,0.6,1000,0.2,1400,0.2,1
0,3,3243,0,0,300,0.5,1700,0.5,1
0,4,8206,2,10,5,0,300,0.5,572,0.32,486,0.18,1
0,5,14364,1,0,666,0.42,420,0.58,1
0,6,8556,0,0,300,0.5,572,0.32,486,0.18,1
0,7,13056,2,10,5,0,666,0.42,420,0.58,1
0,8,13488,0,0,666,0.42,420,0.58,1
0,9,9848,0,0,666,0.42,420,0.58,1
0,10,4169,2,10,5,0,500,0.6,1000,0.2,1400,0.2,1
0,11,13063,2,10,5,0,500,0.6,1000,0.2,1400,0.2,1
1,0,185,2,10,5,0,300,0.5,572,0.32,486,0.18,1
1,1,8652,2,10,5,0,500,0.6,1000,0.2,1400,0.2,1
1,2,4429,0,0,300,0.5,1700,0.5,0
1,3,6595,2,10,5,0,500,0.6,1000,0.2,1400,0.2,1
1,4,12972,2,10,5,0,500,0.6,1000,0.2,1400,0.2,1
1,5,5629,1,0,300,0.5,572,0.32,486,0.18,1
1,6,3983,0,0,300,0.5,572,0.32,486,0.18,1
1,7,7729,2,10,5,0,300,0.5,1700,0.5,1
1,8,7044,2,10,5,0,500,0.6,1000,0.2,1400,0.2,1
1,9,12102,1,0,300,0.5,1700,0.5,1
1,10,2856,0,0,300,0.5,572,0.32,486,0.18,1
1,11,12954,1,0,300,0.5,1700,0.5,1
2,0,9031,2,10,5,0,300,0.5,572,0.32,486,0.18,1
2,1,6308,1,0,300,0.5,572,0.32,486,0.18,1
2,2,9935,0,0,300,0.5,572,0.32,486,0.18,1
2,3,8837,1,0,666,0.42,420,0.58,1
2,4,10716,1,0,300,0.5,1700,0.5,1
2,5,12767,2,10,5,0,300,0.5,1700,0.5,1
2,6,8392,0,0,500,0.6,1000,0.2,1400,0.2,1
2,7,6508,1,0,500,0.6,1000,0.2,1400,0.2,1
2,8,9811,1,0,500,0.6,1000,0.2,1400,0.2,1
2,9,7000,0,0,300,0.5,572,0.32,486,0.18,1
2,10,14534,2,10,5,0,300,0.5,572,0.32,486,0.18,1
2,11,4968,0,0,300,0.5,572,0.32,486,0.18,1
3,0,2834,2,10,5,0,300,0.5,1700,0.5,1
3,1,5984,0,0,300,0.5,572,0.32,486,0.18,1
3,2,1591,0,0,666,0.42,420,0.58,1
3,3,6747,1,0,500,0.6,1000,0.2,1400,0.2,1
3,4,12649,1,0,500,0.6,1000,0.2,1400,0.2,1
3,5,1925,2,10,5,0,666,0.42,420,0.58,1
3,6,11456,1,0,666,0.42,420,0.58,1
3,7,4905,2,10,5,0,500,0.6,1000,0.2,1400,0.2,1
3,8,5269,2,10,5,0,300,0.5,572,0.32,486,0.18,1
3,9,7838,2,10,5,0,666,0.42,420,0.58,1
3,10,1330,2,10,5,0,666,0.42,420,0.58,1
3,11,1180,2,10,5,0,300,0.5,1700,0.5,1
4,0,13518,1,0,666,0.42,420,0.58,1
4,1,13679,1,0,666,0.42,420,0.58,1
4,2,12435,1,0,300,0.5,572,0.32,486,0.18,1
4,3,13332,0,0,500,0.6,1000,0.2,1400,0.2,1
4,4,13910,0,0,500,0.6,1000,0.2,1400,0.2,1
4,5,2593,0,0,666,0.42,420,0.58,1
4,6,11647,0,0,666,0.42,420,0.58,1
4,7,11952,0,0,500,0.6,1000,0.2,1400,0.2,1
4,8,7155,1,0,500,0.6,1000,0.2,1400,0.2,1
4,9,6355,2,10,5,0,500,0.6,1000,0.2,1400,0.2,1
4,10,9803,1,0,300,0.5,1700,0.5,1
4,11,1687,1,0,300,0.5,572,0.32,486,0.18,1
5,0,5575,1,0,300,0.5,1700,0.5,1
5,1,7638,1,0,300,0.5,572,0.32,486,0.18,1
5,2,10260,0,0,300,0.5,572,0.32,486,0.18,1
5,3,2755,0,0,500,0.6,1000,0.2,1400,0.2,1
5,4,3877,1,0,666,0.42,420,0.58,1
5,5,11663,1,0,500,0.6,1000,0.2,1400,0.2,1
5,6,13084,1,0,500,0.6,1000,0.2,1400,0.2,1
5,7,6255,2,10,5,0,666,0.42,420,0.58,1
5,8,2622,2,10,5,0,500,0.6,1000,0.2,1400,0.2,1
5,9,193,2,10,5,0,300,0.5,1700,0.5,1
5,10,10278,1,0,500,0.6,1000,0.2,1400,0.2,1
5,11,12843,0,0,666,0.42,420,0.58,1
6,0,5978,2,10,5,0,666,0.42,420,0.58,1
6,1,2378,1,0,300,0.5,572,0.32,486,0.18,1
6,2,13616,1,0,666,0.42,420,0.58,1
6,3,3482,1,0,300,0.5,572,0.32,486,0.18,1
6,4,13056,1,0,300,0.5,1700,0.5,1
6,5,13866,2,10,5,0,300,0.5,1700,0.5,1
6,6,5383,2,10,5,0,300,0.5,572,0.32,486,0.18,1
6,7,12361,0,0,300,0.5,1700,0.5,1
6,8,3450,2,10,5,0,300,0.5,1700,0.5,1
6,9,13756,2,10,5,0,300,0.5,572,0.32,486,0.18,1
6,10,3546,2,10,5,0,500,0.6,1000,0.2,1400,0.2,1
6,11,233,0,0,300,0.5,1700,0.5,1
7,0,940,1,0,300,0.5,1700,0.5,1
7,1,1154,0,0,300,0.5,1700,0.5,1
7,2,10370,2,10,5,0,300,0.5,1700,0.5,1
7,3,3987,2,10,5,0,500,0.6,1000,0.2,1400,0.2,1
7,4,4186,1,0,500,0.6,1000,0.2,1400,0.2,1
7,5,12522,1,0,500,0.6,1000,0.2,1400,0.2,1
7,6,4927,0,0,300,0.5,572,0.32,486,0.18,1
7,7,12126,0,0,666,0.42,420,0.58,1
7,8,3693,2,10,5,0,666,0.42,420,0.58,1
7,9,11479,2,10,5,0,500,0.6,1000,0.2,1400,0.2,1
7,10,8776,1,0,666,0.42,420,0.58,1
7,11,2700,0,0,500,0.6,1000,0.2,1400,0.2,1
8,0,8358,0,0,300,0.5,572,0.32,486,0.18,1
8,1,7266,2,10,5,0,666,0.42,420,0.58,1
8,2,12251,1,0,500,0.6,1000,0.2,1400,0.2,1
8,3,1970,2,10,5,0,300,0.5,572,0.32,486,0.18,1
8,4,7870,2,10,5,0,300,0.5,572,0.32,486,0.18,1
8,5,7268,0,0,666,0.42,420,0.58,1
8,6,6635,2,10,5,0,300,0.5,1700,0.5,1
8,7,8680,1,0,300,0.5,1700,0.5,1
8,8,13184,0,0,500,0.6,1000,0.2,1400,0.2,1
8,9,5853,1,0,300,0.5,572,0.32,486,0.18,1
8,10,7586,1,0,300,0.5,1700,0.5,1
8,11,1578,1,0,666,0.42,420,0.58,1
9,0,13756,0,0,666,0.42,420,0.58,1
9,1,9520,2,10,5,0,500,0.6,1000,0.2,1400,0.2,1
9,2,4451,2,10,5,0,300,0.5,1700,0.5,1
9,3,14399,1,0,666,0.42,420,0.58,1
9,4,6353,1,0,300,0.5,1700,0.5,1
9,5,13141,0,0,300,0.5,572,0.32,486,0.18,1
9,6,2505,2,10,5,0,300,0.5,572,0.32,486,0.18,1
9,7,2095,2,10,5,0,666,0.42,420,0.58,1
9,8,14527,0,0,300,0.5,1700,0.5,1
9,9,1410,0,0,500,0.6,1000,0.2,1400,0.2,1
9,10,1392,2,10,5,0,666,0.42,420,0.58,1
9,11,6767,1,0,300,0.5,1700,0.5,1
10,0,8095,2,10,5,0,300,0.5,572,0.32,486,0.18,1
10,1,14125,2,10,5,0,300,0.5,572,0.32,486,0.18,1
10,2,11418,1,0,500,0.6,1000,0.2,1400,0.2,1
10,3,5558,0,0,300,0.5,572,0.32,486,0.18,1
10,4,304,1,0,300,0.5,1700,0.5,1
10,5,14136,0,0,500,0.6,1000,0.2,1400,0.2,1
10,6,10759,0,0,300,0.5,572,0.32,486,0.18,1
10,7,11071,0,0,666,0.42,420,0.58,1
10,8,6684,1,0,300,0.5,572,0.32,486,0.18,1
10,9,10599,0,0,666,0.42,420,0.58,1
10,10,2385,1,0,300,0.5,1700,0.5,1
10,11,1362,0,0,666,0.42,420,0.58,1
11,0,402,0,0,500,0.6,1000,0.2,1400,0.2,1
11,1,5644,1,0,300,0.5,572,0.32,486,0.18,1
11,2,10518,2,10,5,0,300,0.5,572,0.32,486,0.18,1
11,3,4168,1,0,300,0.5,572,0.32,486,0.18,1
11,4,6630,1,0,300,0.5,1700,0.5,1
11,5,6626,1,0,300,0.5,1700,0.5,1
11,6,6866,1,0,500,0.6,1000,0.2,1400,0.2,1
11,7,7628,1,0,666,0.42,420,0.58,1
11,8,11704,1,0,300,0.5,572,0.32,486,0.18,1
11,9,12588,2,10,5,0,300,0.5,572,0.32,486,0.18,1
11,10,2848,0,0,300,0.5,572,0.32,486,0.18,1
11,11,2802,1,0,666,0.42,420,0.58,1
