0,0,3460,0,0,300,0.5,1700,0.5,1
0,1,9814,2,10,5,0,500,0.6,1000,0.2,1400,0.2,1
0,2,5609,1,0,300,0.5,572,0.32,486,0.18,1
0,3,9082,0,0,300,0.5,572,0.32,486,0.18,1
0,4,10636,0,0,300,0.5,572,0.32,486,0.18,1
0,5,3185,0,0,300,0.5,572,0.32,486,0.18,1
0,6,2405,1,0,500,0.6,1000,0.2,1400,0.2,1
0,7,10995,2,10,5,0,666,0.42,420,0.58,1
0,8,1783,0,0,300,0.5,572,0.32,486,0.18,1
0,9,11379,1,0,300,0.5,572,0.32,486,0.18,1
0,10,7512,1,0,500,0.6,1000,0.2,1400,0.2,1
0,11,6590,1,0,500,0.6,1000,0.2,1400,0.2,1
1,0,582,0,0,500,0.6,1000,0.2,1400,0.2,1
1,1,2463,2,10,5,0,300,0.5,1700,0.5,1
1,2,12321,0,0,300,0.5,572,0.32,486,0.18,0
1,3,672,1,0,300,0.5,1700,0.5,1
1,4,1215,2,10,5,0,500,0.6,1000,0.2,1400,0.2,1
1,5,11951,1,0,300,0.5,1700,0.5,1
1,6,4327,0,0,500,0.6,1000,0.2,1400,0.2,1
1,7,3751,1,0,500,0.6,1000,0.2,1400,0.2,1
1,8,7219,1,0,300,0.5,1700,0.5,1
1,9,12725,2,10,5,0,300,0.5,1700,0.5,1
1,10,11875,1,0,500,0.6,1000,0.2,1400,0.2,1
1,11,13378,0,0,666,0.42,420,0.58,1
2,0,1362,0,0,300,0.5,1700,0.5,1
2,1,13394,0,0,300,0.5,572,0.32,486,0.18,1
2,2,9052,0,0,666,0.42,420,0.58,1
2,3,4028,2,10,5,0,500,0.6,1000,0.2,1400,0.2,1
2,4,4481,0,0,300,0.5,1700,0.5,1
2,5,6822,2,10,5,0,666,0.42,420,0.58,1
2,6,7925,0,0,666,0.42,420,0.58,1
2,7,6132,1,0,666,0.42,420,0.58,1
2,8,1517,0,0,300,0.5,572,0.32,486,0.18,1
2,9,14709,0,0,300,0.5,1700,0.5,1
2,10,8139,1,0,300,0.5,1700,0.5,1
2,11,8973,1,0,300,0.5,1700,0.5,1
3,0,7809,0,0,300,0.5,1700,0.5,1
3,1,8558,0,0,500,0.6,1000,0.2,1400,0.2,1
3,2,2001,0,0,500,0.6,1000,0.2,1400,0.2,1
3,3,5426,2,10,5,0,300,0.5,1700,0.5,1
3,4,11960,2,10,5,0,500,0.6,1000,0.2,1400,0.2,1
3,5,6911,2,10,5,0,500,0.6,1000,0.2,1400,0.2,1
3,6,6334,2,10,5,0,500,0.6,1000,0.2,1400,0.2,1
3,7,1221,2,10,5,0,300,0.5,572,0.32,486,0.18,1
3,8,670,0,0,666,0.42,420,0.58,1
3,9,5777,1,0,300,0.5,1700,0.5,1
3,10,2327,2,10,5,0,500,0.6,1000,0.2,1400,0.2,1
3,11,11876,0,0,300,0.5,1700,0.5,1
4,0,11059,1,0,300,0.5,1700,0.5,1
4,1,8399,0,0,300,0.5,572,0.32,486,0.18,1
4,2,13784,0,0,300,0.5,572,0.32,486,0.18,1
4,3,12464,0,0,300,0.5,1700,0.5,1
4,4,10462,2,10,5,0,666,0.42,420,0.58,1
4,5,5307,0,0,500,0.6,1000,0.2,1400,0.2,1
4,6,8714,0,0,300,0.5,1700,0.5,1
4,7,1423,2,10,5,0,300,0.5,572,0.32,486,0.18,1
4,8,14693,2,10,5,0,666,0.42,420,0.58,1
4,9,2044,1,0,300,0.5,1700,0.5,1
4,10,4545,1,0,300,0.5,572,0.32,486,0.18,1
4,11,14628,0,0,666,0.42,420,0.58,1
5,0,4026,2,10,5,0,300,0.5,1700,0.5,1
5,1,2759,2,10,5,0,300,0.5,572,0.32,486,0.18,1
5,2,7671,0,0,500,0.6,1000,0.2,1400,0.2,1
5,3,13030,1,0,500,0.6,1000,0.2,1400,0.2,1
5,4,1469,1,0,666,0.42,420,0.58,1
5,5,8345,0,0,300,0.5,572,0.32,486,0.18,1
5,6,8392,1,0,500,0.6,1000,0.2,1400,0.2,1
5,7,1430,0,0,300,0.5,572,0.32,486,0.18,1
5,8,4382,0,0,666,0.42,420,0.58,1
5,9,14597,1,0,666,0.42,420,0.58,1
5,10,13996,2,10,5,0,300,0.5,1700,0.5,1
5,11,10617,1,0,666,0.42,420,0.58,1
6,0,9719,0,0,300,0.5,572,0.32,486,0.18,1
6,1,4428,2,10,5,0,300,0.5,1700,0.5,1
6,2,3688,1,0,300,0.5,1700,0.5,1
6,3,8456,2,10,5,0,300,0.5,572,0.32,486,0.18,1
6,4,1585,1,0,500,0.6,1000,0.2,1400,0.2,1
6,5,7605,1,0,666,0.42,420,0.58,1
6,6,14344,0,0,500,0.6,1000,0.2,1400,0.2,1
6,7,4579,0,0,666,0.42,420,0.58,1
6,8,10057,0,0,500,0.6,1000,0.2,1400,0.2,1
6,9,12189,1,0,500,0.6,1000,0.2,1400,0.2,1
6,10,10595,2,10,5,0,300,0.5,1700,0.5,1
6,11,8852,1,0,300,0.5,1700,0.5,1
7,0,663,0,0,300,0.5,572,0.32,486,0.18,1
7,1,11077,0,0,666,0.42,420,0.58,1
7,2,8316,0,0,300,0.5,1700,0.5,1
7,3,9252,2,10,5,0,500,0.6,1000,0.2,1400,0.2,1
7,4,8426,1,0,500,0.6,1000,0.2,1400,0.2,1
7,5,1918,1,0,666,0.42,420,0.58,1
7,6,9720,0,0,300,0.5,1700,0.5,1
7,7,1190,2,10,5,0,300,0.5,572,0.32,486,0.18,1
7,8,14806,2,10,5,0,300,0.5,1700,0.5,1
7,9,122,0,0,300,0.5,572,0.32,486,0.18,1
7,10,5240,0,0,300,0.5,1700,0.5,1
7,11,49,2,10,5,0,300,0.5,1700,0.5,1
8,0,11760,1,0,666,0.42,420,0.58,1
8,1,10797,2,10,5,0,666,0.42,420,0.58,1
8,2,10870,1,0,300,0.5,572,0.32,486,0.18,1
8,3,11008,0,0,300,0.5,1700,0.5,1
8,4,3472,2,10,5,0,300,0.5,1700,0.5,1
8,5,7468,2,10,5,0,300,0.5,1700,0.5,1
8,6,11289,0,0,300,0.5,572,0.32,486,0.18,1
8,7,12410,0,0,500,0.6,1000,0.2,1400,0.2,1
8,8,7956,2,10,5,0,300,0.5,1700,0.5,1
8,9,10592,1,0,666,0.42,420,0.58,1
8,10,8330,0,0,300,0.5,1700,0.5,1
8,11,5829,0,0,300,0.5,572,0.32,486,0.18,1
9,0,7041,1,0,300,0.5,1700,0.5,1
9,1,9737,0,0,500,0.6,1000,0.2,1400,0.2,1
9,2,4447,2,10,5,0,300,0.5,1700,0.5,1
9,3,4925,0,0,666,0.42,420,0.58,1
9,4,3695,2,10,5,0,300,0.5,1700,0.5,1
9,5,13779,1,0,500,0.6,1000,0.2,1400,0.2,1
9,6,12871,0,0,500,0.6,1000,0.2,1400,0.2,1
9,7,7350,2,10,5,0,666,0.42,420,0.58,1
9,8,7798,1,0,500,0.6,1000,0.2,1400,0.2,1
9,9,3490,1,0,500,0.6,1000,0.2,1400,0.2,1
9,10,8980,1,0,300,0.5,572,0.32,486,0.18,1
9,11,2084,2,10,5,0,300,0.5,1700,0.5,1
10,0,3917,1,0,300,0.5,572,0.32,486,0.18,1
10,1,4368,0,0,300,0.5,1700,0.5,1
10,2,7127,0,0,666,0.42,420,0.58,1
10,3,6634,1,0,300,0.5,1700,0.5,1
10,4,6161,0,0,500,0.6,1000,0.2,1400,0.2,1
10,5,12155,0,0,300,0.5,572,0.32,486,0.18,1
10,6,10167,0,0,300,0.5,572,0.32,486,0.18,1
10,7,6362,2,10,5,0,500,0.6,1000,0.2,1400,0.2,1
10,8,66,2,10,5,0,500,0.6,1000,0.2,1400,0.2,1
10,9,10001,0,0,666,0.42,420,0.58,1
10,10,11490,2,10,5,0,300,0.5,1700,0.5,1
10,11,13871,2,10,5,0,666,0.42,420,0.58,1
11,0,3161,2,10,5,0,666,0.42,420,0.58,1
11,1,7319,0,0,300,0.5,1700,0.5,1
11,2,6348,0,0,300,0.5,1700,0.5,1
11,3,5137,0,0,666,0.42,420,0.58,1
11,4,3075,2,10,5,0,500,0.6,1000,0.2,1400,0.2,1
11,5,94,2,10,5,0,500,0.6,1000,0.2,1400,0.2,1
11,6,7691,2,10,5,0,300,0.5,572,0.32,486,0.18,1
11,7,10679,1,0,666,0.42,420,0.58,1
11,8,215,2,10,5,0,666,0.42,420,0.58,1
11,9,806,2,10,5,0,500,0.6,1000,0.2,1400,0.2,1
11,10,2573,0,0,300,0.5,572,0.32,486,0.18,1
11,11,13265,1,0,500,0.6,1000,0.2,1400,0.2,1
