0,0,8314,0,0,300,0.5,572,0.32,486,0.18,1
0,1,7962,2,10,5,0,300,0.5,1700,0.5,1
0,2,12224,2,10,5,0,500,0.6,1000,0.2,1400,0.2,1
0,3,13992,0,0,300,0.5,572,0.32,486,0.18,1
0,4,14783,0,0,300,0.5,1700,0.5,1
0,5,8742,0,0,500,0.6,1000,0.2,1400,0.2,1
0,6,14095,2,10,5,0,300,0.5,572,0.32,486,0.18,1
0,7,1052,1,0,666,0.42,420,0.58,1
0,8,14070,2,10,5,0,666,0.42,420,0.58,1
0,9,5263,1,0,300,0.5,1700,0.5,1
0,10,924,1,0,500,0.6,1000,0.2,1400,0.2,1
0,11,6921,1,0,300,0.5,572,0.32,486,0.18,1
1,0,6058,1,0,300,0.5,572,0.32,486,0.18,1
1,1,8546,1,0,300,0.5,572,0.32,486,0.18,1
1,2,215,0,0,300,0.5,1700,0.5,0
1,3,3684,0,0,500,0.6,1000,0.2,1400,0.2,1
1,4,3407,1,0,666,0.42,420,0.58,1
1,5,12082,1,0,666,0.42,420,0.58,1
1,6,5451,1,0,500,0.6,1000,0.2,1400,0.2,1
1,7,476,1,0,300,0.5,572,0.32,486,0.18,1
1,8,14609,1,0,666,0.42,420,0.58,1
1,9,2827,0,0,300,0.5,572,0.32,486,0.18,1
1,10,1706,0,0,666,0.42,420,0.58,1
1,11,6572,1,0,666,0.42,420,0.58,1
2,0,1318,0,0,666,0.42,420,0.58,1
2,1,3817,1,0,300,0.5,572,0.32,486,0.18,1
2,2,5780,1,0,300,0.5,1700,0.5,1
2,3,6594,0,0,500,0.6,1000,0.2,1400,0.2,1
2,4,9363,0,0,300,0.5,572,0.32,486,0.18,1
2,5,7336,1,0,300,0.5,572,0.32,486,0.18,1
2,6,6323,2,10,5,0,300,0.5,572,0.32,486,0.18,1
2,7,12392,0,0,300,0.5,1700,0.5,1
2,8,633,0,0,666,0.42,420,0.58,1
2,9,3051,0,0,500,0.6,1000,0.2,1400,0.2,1
2,10,12059,0,0,300,0.5,572,0.32,486,0.18,1
2,11,2057,2,10,5,0,300,0.5,572,0.32,486,0.18,1
3,0,9366,1,0,500,0.6,1000,0.2,1400,0.2,1
3,1,3013,0,0,500,0.6,1000,0.2,1400,0.2,1
3,2,1644,0,0,300,0.5,572,0.32,486,0.18,1
3,3,9694,1,0,300,0.5,572,0.32,486,0.18,1
3,4,10828,2,10,5,0,666,0.42,420,0.58,1
3,5,209,0,0,666,0.42,420,0.58,1
3,6,3837,1,0,500,0.6,1000,0.2,1400,0.2,1
3,7,9109,1,0,300,0.5,572,0.32,486,0.18,1
3,8,12049,0,0,300,0.5,572,0.32,486,0.18,1
3,9,11101,0,0,666,0.42,420,0.58,1
3,10,788,1,0,666,0.42,420,0.58,1
3,11,10049,1,0,300,0.5,1700,0.5,1
4,0,11447,2,10,5,0,666,0.42,420,0.58,1
4,1,5300,2,10,5,0,300,0.5,572,0.32,486,0.18,1
4,2,4743,2,10,5,0,666,0.42,420,0.58,1
4,3,3198,1,0,500,0.6,1000,0.2,1400,0.2,1
4,4,7879,2,10,5,0,300,0.5,1700,0.5,1
4,5,1644,2,10,5,0,500,0.6,1000,0.2,1400,0.2,1
4,6,7178,1,0,500,0.6,1000,0.2,1400,0.2,1
4,7,5696,1,0,300,0.5,1700,0.5,1
4,8,8558,1,0,500,0.6,1000,0.2,1400,0.2,1
4,9,1289,2,10,5,0,300,0.5,1700,0.5,1
4,10,6732,0,0,300,0.5,1700,0.5,1
4,11,662,2,10,5,0,666,0.42,420,0.58,1
5,0,3467,2,10,5,0,666,0.42,420,0.58,1
5,1,12176,2,10,5,0,666,0.42,420,0.58,1
5,2,7069,2,10,5,0,666,0.42,420,0.58,1
5,3,14336,2,10,5,0,500,0.6,1000,0.2,1400,0.2,1
5,4,9326,2,10,5,0,500,0.6,1000,0.2,1400,0.2,1
5,5,13750,0,0,500,0.6,1000,0.2,1400,0.2,1
5,6,7098,0,0,300,0.5,1700,0.5,1
5,7,10070,2,10,5,0,666,0.42,420,0.58,1
5,8,8883,1,0,300,0.5,572,0.32,486,0.18,1
5,9,738,0,0,300,0.5,572,0.32,486,0.18,1
5,10,6080,2,10,5,0,500,0.6,1000,0.2,1400,0.2,1
5,11,1044,2,10,5,0,500,0.6,1000,0.2,1400,0.2,1
6,0,1746,0,0,666,0.42,420,0.58,1
6,1,4754,0,0,500,0.6,1000,0.2,1400,0.2,1
6,2,9943,1,0,666,0.42,420,0.58,1
6,3,11865,1,0,300,0.5,1700,0.5,1
6,4,3133,2,10,5,0,300,0.5,1700,0.5,1
6,5,2084,0,0,300,0.5,572,0.32,486,0.18,1
6,6,13989,2,10,5,0,500,0.6,1000,0.2,1400,0.2,1
6,7,939,1,0,500,0.6,1000,0.2,1400,0.2,1
6,8,4993,2,10,5,0,500,0.6,1000,0.2,1400,0.2,1
6,9,2769,0,0,300,0.5,1700,0.5,1
6,10,2048,1,0,666,0.42,420,0.58,1
6,11,8105,2,10,5,0,300,0.5,1700,0.5,1
7,0,7340,0,0,300,0.5,572,0.32,486,0.18,1
7,1,4969,2,10,5,0,300,0.5,1700,0.5,1
7,2,12582,1,0,666,0.42,420,0.58,1
7,3,4960,0,0,666,0.42,420,0.58,1
7,4,10727,0,0,300,0.5,1700,0.5,1
7,5,8016,2,10,5,0,500,0.6,1000,0.2,1400,0.2,1
7,6,181,2,10,5,0,300,0.5,572,0.32,486,0.18,1
7,7,1569,0,0,300,0.5,1700,0.5,1
7,8,5133,0,0,300,0.5,1700,0.5,1
7,9,1187,0,0,300,0.5,572,0.32,486,0.18,1
7,10,6423,0,0,300,0.5,572,0.32,486,0.18,1
7,11,7527,0,0,666,0.42,420,0.58,1
8,0,3233,1,0,300,0.5,1700,0.5,1
8,1,1287,2,10,5,0,300,0.5,572,0.32,486,0.18,1
8,2,10341,2,10,5,0,300,0.5,572,0.32,486,0.18,1
8,3,10192,2,10,5,0,300,0.5,1700,0.5,1
8,4,350,1,0,300,0.5,1700,0.5,1
8,5,13267,1,0,500,0.6,1000,0.2,1400,0.2,1
8,6,7836,2,10,5,0,500,0.6,1000,0.2,1400,0.2,1
8,7,12127,1,0,500,0.6,1000,0.2,1400,0.2,1
8,8,9680,0,0,666,0.42,420,0.58,1
8,9,449,0,0,300,0.5,572,0.32,486,0.18,1
8,10,13465,0,0,300,0.5,1700,0.5,1
8,11,2680,0,0,666,0.42,420,0.58,1
9,0,5086,0,0,300,0.5,572,0.32,486,0.18,1
9,1,7517,1,0,300,0.5,572,0.32,486,0.18,1
9,2,7860,1,0,300,0.5,572,0.32,486,0.18,1
9,3,4599,0,0,500,0.6,1000,0.2,1400,0.2,1
9,4,4905,1,0,300,0.5,572,0.32,486,0.18,1
9,5,1825,2,10,5,0,300,0.5,572,0.32,486,0.18,1
9,6,11993,2,10,5,0,300,0.5,1700,0.5,1
9,7,13183,1,0,666,0.42,420,0.58,1
9,8,13044,0,0,666,0.42,420,0.58,1
9,9,3468,0,0,300,0.5,572,0.32,486,0.18,1
9,10,2139,2,10,5,0,300,0.5,572,0.32,486,0.18,1
9,11,13613,2,10,5,0,666,0.42,420,0.58,1
10,0,3954,0,0,300,0.5,572,0.32,486,0.18,1
10,1,3734,2,10,5,0,300,0.5,1700,0.5,1
10,2,4890,0,0,300,0.5,572,0.32,486,0.18,1
10,3,8409,0,0,500,0.6,1000,0.2,1400,0.2,1
10,4,7926,0,0,666,0.42,420,0.58,1
10,5,1821,0,0,300,0.5,572,0.32,486,0.18,1
10,6,9087,0,0,300,0.5,572,0.32,486,0.18,1
10,7,4429,1,0,300,0.5,1700,0.5,1
10,8,6439,0,0,300,0.5,572,0.32,486,0.18,1
10,9,599,0,0,300,0.5,1700,0.5,1
10,10,2800,0,0,300,0.5,1700,0.5,1
10,11,3665,1,0,300,0.5,1700,0.5,1
11,0,9888,2,10,5,0,500,0.6,1000,0.2,1400,0.2,1
11,1,8619,0,0,500,0.6,1000,0.2,1400,0.2,1
11,2,170,1,0,300,0.5,572,0.32,486,0.18,1
11,3,10983,0,0,500,0.6,1000,0.2,1400,0.2,1
11,4,9944,1,0,300,0.5,1700,0.5,1
11,5,14040,0,0,666,0.42,420,0.58,1
11,6,9820,1,0,300,0.5,1700,0.5,1
11,7,6560,1,0,666,0.42,420,0.58,1
11,8,55,2,10,5,0,500,0.6,1000,0.2,1400,0.2,1
11,9,7982,2,10,5,0,500,0.6,1000,0.2,1400,0.2,1
11,10,3513,0,0,300,0.5,572,0.32,486,0.18,1
11,11,1053,0,0,500,0.6,1000,0.2,1400,0.2,1
