0,0,6569,1,0,300,0.5,572,0.32,486,0.18,1
0,1,725,0,0,300,0.5,572,0.32,486,0.18,1
0,2,5684,2,10,5,0,666,0.42,420,0.58,1
0,3,13445,0,0,300,0.5,1700,0.5,1
0,4,5978,2,10,5,0,300,0.5,572,0.32,486,0.18,1
0,5,1723,2,10,5,0,300,0.5,572,0.32,486,0.18,1
0,6,11150,2,10,5,0,500,0.6,1000,0.2,1400,0.2,1
0,7,13474,2,10,5,0,300,0.5,1700,0.5,1
0,8,10511,2,10,5,0,300,0.5,572,0.32,486,0.18,1
0,9,13979,1,0,666,0.42,420,0.58,1
0,10,3493,0,0,300,0.5,1700,0.5,1
0,11,5349,2,10,5,0,500,0.6,1000,0.2,1400,0.2,1
1,0,10664,1,0,666,0.42,420,0.58,1
1,1,7832,1,0,666,0.42,420,0.58,1
1,2,12764,2,10,5,0,300,0.5,572,0.32,486,0.18,0
1,3,4056,1,0,666,0.42,420,0.58,1
1,4,1971,0,0,500,0.6,1000,0.2,1400,0.2,1
1,5,1093,1,0,300,0.5,1700,0.5,1
1,6,8345,1,0,300,0.5,1700,0.5,1
1,7,6762,1,0,500,0.6,1000,0.2,1400,0.2,1
1,8,9503,0,0,666,0.42,420,0.58,1
1,9,14901,1,0,500,0.6,1000,0.2,1400,0.2,1
1,10,6237,1,0,300,0.5,572,0.32,486,0.18,1
1,11,11742,1,0,300,0.5,572,0.32,486,0.18,1
2,0,14625,2,10,5,0,666,0.42,420,0.58,1
2,1,10281,1,0,500,0.6,1000,0.2,1400,0.2,1
2,2,12630,1,0,666,0.42,420,0.58,1
2,3,11498,2,10,5,0,500,0.6,1000,0.2,1400,0.2,1
2,4,8411,2,10,5,0,500,0.6,1000,0.2,1400,0.2,1
2,5,4132,0,0,300,0.5,572,0.32,486,0.18,1
2,6,12684,2,10,5,0,666,0.42,420,0.58,1
2,7,4245,1,0,300,0.5,572,0.32,486,0.18,1
2,8,2318,0,0,500,0.6,1000,0.2,1400,0.2,1
2,9,9142,0,0,666,0.42,420,0.58,1
2,10,1665,0,0,300,0.5,572,0.32,486,0.18,1
2,11,6292,0,0,300,0.5,1700,0.5,1
3,0,11809,0,0,300,0.5,572,0.32,486,0.18,1
3,1,10210,1,0,666,0.42,420,0.58,1
3,2,11656,1,0,300,0.5,1700,0.5,1
3,3,13278,1,0,666,0.42,420,0.58,1
3,4,9649,1,0,300,0.5,572,0.32,486,0.18,1
3,5,1333,0,0,666,0.42,420,0.58,1
3,6,14181,1,0,500,0.6,1000,0.2,1400,0.2,1
3,7,8505,2,10,5,0,300,0.5,1700,0.5,1
3,8,12624,0,0,300,0.5,1700,0.5,1
3,9,11042,0,0,300,0.5,572,0.32,486,0.18,1
3,10,14322,1,0,300,0.5,1700,0.5,1
3,11,8608,0,0,300,0.5,1700,0.5,1
4,0,8193,0,0,666,0.42,420,0.58,1
4,1,14127,2,10,5,0,300,0.5,572,0.32,486,0.18,1
4,2,9652,1,0,300,0.5,1700,0.5,1
4,3,14565,2,10,5,0,666,0.42,420,0.58,1
4,4,10003,2,10,5,0,666,0.42,420,0.58,1
4,5,772,0,0,500,0.6,1000,0.2,1400,0.2,1
4,6,6372,1,0,300,0.5,572,0.32,486,0.18,1
4,7,5917,0,0,500,0.6,1000,0.2,1400,0.2,1
4,8,9946,0,0,666,0.42,420,0.58,1
4,9,5670,1,0,500,0.6,1000,0.2,1400,0.2,1
4,10,273,1,0,300,0.5,572,0.32,486,0.18,1
4,11,5915,1,0,666,0.42,420,0.58,1
5,0,8368,2,10,5,0,500,0.6,1000,0.2,1400,0.2,1
5,1,14118,2,10,5,0,300,0.5,1700,0.5,1
5,2,2289,0,0,300,0.5,1700,0.5,1
5,3,13918,1,0,666,0.42,420,0.58,1
5,4,7790,2,10,5,0,300,0.5,572,0.32,486,0.18,1
5,5,13864,2,10,5,0,500,0.6,1000,0.2,1400,0.2,1
5,6,10537,1,0,300,0.5,1700,0.5,1
5,7,10630,1,0,666,0.42,420,0.58,1
5,8,4019,1,0,500,0.6,1000,0.2,1400,0.2,1
5,9,10002,0,0,500,0.6,1000,0.2,1400,0.2,1
5,10,60,0,0,666,0.42,420,0.58,1
5,11,5763,2,10,5,0,300,0.5,572,0.32,486,0.18,1
6,0,6107,0,0,300,0.5,572,0.32,486,0.18,1
6,1,13956,1,0,500,0.6,1000,0.2,1400,0.2,1
6,2,6380,0,0,300,0.5,1700,0.5,1
6,3,3088,2,10,5,0,300,0.5,572,0.32,486,0.18,1
6,4,9285,0,0,666,0.42,420,0.58,1
6,5,12394,0,0,300,0.5,572,0.32,486,0.18,1
6,6,12930,0,0,300,0.5,572,0.32,486,0.18,1
6,7,9779,1,0,666,0.42,420,0.58,1
6,8,7151,2,10,5,0,300,0.5,572,0.32,486,0.18,1
6,9,3551,1,0,666,0.42,420,0.58,1
6,10,7652,0,0,300,0.5,1700,0.5,1
6,11,4383,1,0,300,0.5,572,0.32,486,0.18,1
7,0,14745,2,10,5,0,300,0.5,1700,0.5,1
7,1,12113,1,0,666,0.42,420,0.58,1
7,2,6920,1,0,666,0.42,420,0.58,1
7,3,8375,2,10,5,0,500,0.6,1000,0.2,1400,0.2,1
7,4,3589,2,10,5,0,300,0.5,1700,0.5,1
7,5,9742,2,10,5,0,300,0.5,572,0.32,486,0.18,1
7,6,8524,2,10,5,0,500,0.6,1000,0.2,1400,0.2,1
7,7,9232,0,0,300,0.5,1700,0.5,1
7,8,5717,0,0,300,0.5,1700,0.5,1
7,9,12845,2,10,5,0,666,0.42,420,0.58,1
7,10,1923,1,0,300,0.5,572,0.32,486,0.18,1
7,11,1725,1,0,300,0.5,1700,0.5,1
8,0,12009,1,0,666,0.42,420,0.58,1
8,1,7503,1,0,300,0.5,572,0.32,486,0.18,1
8,2,1865,0,0,500,0.6,1000,0.2,1400,0.2,1
8,3,8201,2,10,5,0,666,0.42,420,0.58,1
8,4,14229,2,10,5,0,300,0.5,572,0.32,486,0.18,1
8,5,1792,1,0,666,0.42,420,0.58,1
8,6,12196,2,10,5,0,666,0.42,420,0.58,1
8,7,12839,0,0,500,0.6,1000,0.2,1400,0.2,1
8,8,5656,1,0,666,0.42,420,0.58,1
8,9,14348,2,10,5,0,666,0.42,420,0.58,1
8,10,11914,2,10,5,0,300,0.5,572,0.32,486,0.18,1
8,11,2198,0,0,300,0.5,1700,0.5,1
9,0,3017,1,0,666,0.42,420,0.58,1
9,1,11109,0,0,666,0.42,420,0.58,1
9,2,7427,1,0,300,0.5,572,0.32,486,0.18,1
9,3,2346,0,0,300,0.5,1700,0.5,1
9,4,13303,1,0,500,0.6,1000,0.2,1400,0.2,1
9,5,8715,0,0,666,0.42,420,0.58,1
9,6,6754,1,0,666,0.42,420,0.58,1
9,7,2379,2,10,5,0,666,0.42,420,0.58,1
9,8,6251,0,0,300,0.5,1700,0.5,1
9,9,1706,2,10,5,0,666,0.42,420,0.58,1
9,10,9170,0,0,300,0.5,572,0.32,486,0.18,1
9,11,9034,0,0,500,0.6,1000,0.2,1400,0.2,1
10,0,9815,2,10,5,0,300,0.5,572,0.32,486,0.18,1
10,1,3851,2,10,5,0,300,0.5,572,0.32,486,0.18,1
10,2,10585,0,0,300,0.5,572,0.32,486,0.18,1
10,3,14799,2,10,5,0,300,0.5,572,0.32,486,0.18,1
10,4,5154,0,0,300,0.5,572,0.32,486,0.18,1
10,5,11371,2,10,5,0,666,0.42,420,0.58,1
10,6,3811,1,0,500,0.6,1000,0.2,1400,0.2,1
10,7,13600,0,0,500,0.6,1000,0.2,1400,0.2,1
10,8,12827,2,10,5,0,300,0.5,1700,0.5,1
10,9,14044,2,10,5,0,300,0.5,1700,0.5,1
10,10,13700,0,0,500,0.6,1000,0.2,1400,0.2,1
10,11,4882,2,10,5,0,300,0.5,1700,0.5,1
11,0,12228,1,0,300,0.5,1700,0.5,1
11,1,1814,0,0,300,0.5,1700,0.5,1
11,2,1052,0,0,300,0.5,1700,0.5,1
11,3,3349,0,0,500,0.6,1000,0.2,1400,0.2,1
11,4,511,0,0,300,0.5,1700,0.5,1
11,5,14157,2,10,5,0,500,0.6,1000,0.2,1400,0.2,1
11,6,13668,0,0,666,0.42,420,0.58,1
11,7,994,0,0,300,0.5,572,0.32,486,0.18,1
11,8,11461,0,0,500,0.6,1000,0.2,1400,0.2,1
11,9,1012,2,10,5,0,300,0.5,572,0.32,486,0.18,1
11,10,921,0,0,666,0.42,420,0.58,1
11,11,13419,2,10,5,0,666,0.42,420,0.58,1
