0,0,7995,1,0,300,0.5,1700,0.5,1
0,1,12857,0,0,666,0.42,420,0.58,1
0,2,10382,1,0,666,0.42,420,0.58,1
0,3,2988,2,10,5,0,666,0.42,420,0.58,1
0,4,3597,0,0,300,0.5,572,0.32,486,0.18,1
0,5,10307,1,0,666,0.42,420,0.58,1
0,6,8185,1,0,300,0.5,572,0.32,486,0.18,1
0,7,5165,2,10,5,0,666,0.42,420,0.58,1
0,8,3112,0,0,300,0.5,572,0.32,486,0.18,1
0,9,11010,2,10,5,0,300,0.5,1700,0.5,1
0,10,13619,1,0,666,0.42,420,0.58,1
0,11,11136,1,0,300,0.5,572,0.32,486,0.18,1
1,0,907,1,0,500,0.6,1000,0.2,1400,0.2,1
1,1,325,1,0,300,0.5,1700,0.5,1
1,2,7885,1,0,300,0.5,1700,0.5,0
1,3,10680,1,0,300,0.5,572,0.32,486,0.18,1
1,4,6952,2,10,5,0,500,0.6,1000,0.2,1400,0.2,1
1,5,1131,1,0,300,0.5,1700,0.5,1
1,6,10798,0,0,500,0.6,1000,0.2,1400,0.2,1
1,7,13756,0,0,300,0.5,572,0.32,486,0.18,1
1,8,1781,2,10,5,0,300,0.5,1700,0.5,1
1,9,10351,0,0,300,0.5,1700,0.5,1
1,10,5993,2,10,5,0,666,0.42,420,0.58,1
1,11,12387,0,0,500,0.6,1000,0.2,1400,0.2,1
2,0,7073,1,0,300,0.5,1700,0.5,1
2,1,336,0,0,300,0.5,572,0.32,486,0.18,1
2,2,14821,0,0,500,0.6,1000,0.2,1400,0.2,1
2,3,5953,1,0,500,0.6,1000,0.2,1400,0.2,1
2,4,13523,0,0,300,0.5,572,0.32,486,0.18,1
2,5,1749,1,0,500,0.6,1000,0.2,1400,0.2,1
2,6,7473,0,0,666,0.42,420,0.58,1
2,7,697,2,10,5,0,300,0.5,1700,0.5,1
2,8,8210,1,0,666,0.42,420,0.58,1
2,9,11530,2,10,5,0,666,0.42,420,0.58,1
2,10,6382,2,10,5,0,300,0.5,1700,0.5,1
2,11,11431,0,0,300,0.5,572,0.32,486,0.18,1
3,0,1543,2,10,5,0,300,0.5,572,0.32,486,0.18,1
3,1,12872,2,10,5,0,666,0.42,420,0.58,1
3,2,10008,2,10,5,0,500,0.6,1000,0.2,1400,0.2,1
3,3,4351,2,10,5,0,666,0.42,420,0.58,1
3,4,1917,0,0,500,0.6,1000,0.2,1400,0.2,1
3,5,11103,1,0,300,0.5,572,0.32,486,0.18,1
3,6,13790,2,10,5,0,300,0.5,1700,0.5,1
3,7,5064,2,10,5,0,300,0.5,572,0.32,486,0.18,1
3,8,8006,0,0,500,0.6,1000,0.2,1400,0.2,1
3,9,3475,1,0,500,0.6,1000,0.2,1400,0.2,1
3,10,14382,1,0,500,0.6,1000,0.2,1400,0.2,1
3,11,7988,2,10,5,0,666,0.42,420,0.58,1
4,0,10339,2,10,5,0,500,0.6,1000,0.2,1400,0.2,1
4,1,8865,2,10,5,0,666,0.42,420,0.58,1
4,2,11181,2,10,5,0,300,0.5,572,0.32,486,0.18,1
4,3,12710,2,10,5,0,500,0.6,1000,0.2,1400,0.2,1
4,4,10204,2,10,5,0,300,0.5,572,0.32,486,0.18,1
4,5,10788,2,10,5,0,500,0.6,1000,0.2,1400,0.2,1
4,6,8752,0,0,666,0.42,420,0.58,1
4,7,11076,1,0,666,0.42,420,0.58,1
4,8,8876,2,10,5,0,500,0.6,1000,0.2,1400,0.2,1
4,9,4696,1,0,300,0.5,1700,0.5,1
4,10,498,2,10,5,0,300,0.5,1700,0.5,1
4,11,9946,1,0,300,0.5,572,0.32,486,0.18,1
5,0,9027,2,10,5,0,500,0.6,1000,0.2,1400,0.2,1
5,1,4149,1,0,300,0.5,1700,0.5,1
5,2,11372,0,0,666,0.42,420,0.58,1
5,3,8203,2,10,5,0,300,0.5,572,0.32,486,0.18,1
5,4,8695,2,10,5,0,300,0.5,572,0.32,486,0.18,1
5,5,1613,1,0,300,0.5,572,0.32,486,0.18,1
5,6,14710,2,10,5,0,300,0.5,1700,0.5,1
5,7,3105,1,0,666,0.42,420,0.58,1
5,8,9127,0,0,300,0.5,572,0.32,486,0.18,1
5,9,11390,0,0,500,0.6,1000,0.2,1400,0.2,1
5,10,2905,1,0,300,0.5,1700,0.5,1
5,11,8594,0,0,300,0.5,1700,0.5,1
6,0,717,0,0,500,0.6,1000,0.2,1400,0.2,1
6,1,14514,2,10,5,0,500,0.6,1000,0.2,1400,0.2,1
6,2,9394,2,10,5,0,500,0.6,1000,0.2,1400,0.2,1
6,3,8494,1,0,500,0.6,1000,0.2,1400,0.2,1
6,4,10777,2,10,5,0,666,0.42,420,0.58,1
6,5,7982,1,0,300,0.5,1700,0.5,1
6,6,11516,1,0,666,0.42,420,0.58,1
6,7,8550,1,0,666,0.42,420,0.58,1
6,8,6461,1,0,666,0.42,420,0.58,1
6,9,2828,1,0,300,0.5,572,0.32,486,0.18,1
6,10,893,2,10,5,0,300,0.5,1700,0.5,1
6,11,1482,0,0,300,0.5,572,0.32,486,0.18,1
7,0,6226,1,0,500,0.6,1000,0.2,1400,0.2,1
7,1,8700,1,0,300,0.5,572,0.32,486,0.18,1
7,2,3898,2,10,5,0,300,0.5,572,0.32,486,0.18,1
7,3,9519,2,10,5,0,300,0.5,1700,0.5,1
7,4,306,2,10,5,0,300,0.5,1700,0.5,1
7,5,14597,0,0,666,0.42,420,0.58,1
7,6,842,1,0,300,0.5,1700,0.5,1
7,7,11361,0,0,300,0.5,572,0.32,486,0.18,1
7,8,6448,2,10,5,0,300,0.5,572,0.32,486,0.18,1
7,9,11799,1,0,500,0.6,1000,0.2,1400,0.2,1
7,10,2182,2,10,5,0,300,0.5,1700,0.5,1
7,11,1990,0,0,300,0.5,572,0.32,486,0.18,1
8,0,38,2,10,5,0,666,0.42,420,0.58,1
8,1,5604,0,0,300,0.5,572,0.32,486,0.18,1
8,2,2107,0,0,300,0.5,572,0.32,486,0.18,1
8,3,5536,1,0,500,0.6,1000,0.2,1400,0.2,1
8,4,11474,0,0,300,0.5,572,0.32,486,0.18,1
8,5,6776,2,10,5,0,300,0.5,1700,0.5,1
8,6,6647,1,0,300,0.5,572,0.32,486,0.18,1
8,7,44,2,10,5,0,300,0.5,1700,0.5,1
8,8,9378,0,0,300,0.5,572,0.32,486,0.18,1
8,9,4101,2,10,5,0,300,0.5,1700,0.5,1
8,10,8114,1,0,300,0.5,572,0.32,486,0.18,1
8,11,14263,0,0,500,0.6,1000,0.2,1400,0.2,1
9,0,8265,0,0,500,0.6,1000,0.2,1400,0.2,1
9,1,12476,1,0,300,0.5,572,0.32,486,0.18,1
9,2,756,0,0,666,0.42,420,0.58,1
9,3,458,1,0,500,0.6,1000,0.2,1400,0.2,1
9,4,10979,2,10,5,0,300,0.5,572,0.32,486,0.18,1
9,5,4061,1,0,500,0.6,1000,0.2,1400,0.2,1
9,6,13397,1,0,300,0.5,572,0.32,486,0.18,1
9,7,4721,1,0,300,0.5,1700,0.5,1
9,8,8921,0,0,666,0.42,420,0.58,1
9,9,10071,0,0,300,0.5,1700,0.5,1
9,10,6927,1,0,300,0.5,572,0.32,486,0.18,1
9,11,13048,2,10,5,0,300,0.5,572,0.32,486,0.18,1
10,0,8975,0,0,666,0.42,420,0.58,1
10,1,8258,0,0,500,0.6,1000,0.2,1400,0.2,1
10,2,12023,2,10,5,0,300,0.5,1700,0.5,1
10,3,96,0,0,300,0.5,1700,0.5,1
10,4,5315,2,10,5,0,300,0.5,1700,0.5,1
10,5,5114,1,0,500,0.6,1000,0.2,1400,0.2,1
10,6,8284,1,0,300,0.5,572,0.32,486,0.18,1
10,7,5141,1,0,500,0.6,1000,0.2,1400,0.2,1
10,8,12410,0,0,300,0.5,1700,0.5,1
10,9,13036,1,0,500,0.6,1000,0.2,1400,0.2,1
10,10,10051,2,10,5,0,500,0.6,1000,0.2,1400,0.2,1
10,11,5996,1,0,666,0.42,420,0.58,1
11,0,13506,0,0,300,0.5,1700,0.5,1
11,1,11595,2,10,5,0,500,0.6,1000,0.2,1400,0.2,1
11,2,11980,2,10,5,0,300,0.5,572,0.32,486,0.18,1
11,3,5180,0,0,666,0.42,420,0.58,1
11,4,7038,1,0,300,0.5,1700,0.5,1
11,5,11096,1,0,666,0.42,420,0.58,1
11,6,10876,1,0,666,0.42,420,0.58,1
11,7,7699,0,0,666,0.42,420,0.58,1
11,8,8724,2,10,5,0,500,0.6,1000,0.2,1400,0.2,1
11,9,2168,1,0,666,0.42,420,0.58,1
11,10,8807,2,10,5,0,300,0.5,1700,0.5,1
11,11,11548,0,0,666,0.42,420,0.58,1
