0,0,1256,0,0,300,0.5,572,0.32,486,0.18,1
0,1,6319,2,10,5,0,666,0.42,420,0.58,1
0,2,9905,0,0,300,0.5,572,0.32,486,0.18,1
0,3,7745,2,10,5,0,666,0.42,420,0.58,1
0,4,7432,0,0,666,0.42,420,0.58,1
0,5,9953,0,0,300,0.5,572,0.32,486,0.18,1
0,6,10163,1,0,300,0.5,572,0.32,486,0.18,1
0,7,9675,0,0,500,0.6,1000,0.2,1400,0.2,1
0,8,7614,1,0,666,0.42,420,0.58,1
0,9,116,2,10,5,0,300,0.5,572,0.32,486,0.18,1
0,10,11981,1,0,300,0.5,572,0.32,486,0.18,1
0,11,945,1,0,300,0.5,1700,0.5,1
1,0,6824,2,10,5,0,666,0.42,420,0.58,1
1,1,503,0,0,500,0.6,1000,0.2,1400,0.2,1
1,2,4535,1,0,500,0.6,1000,0.2,1400,0.2,0
1,3,14804,1,0,500,0.6,1000,0.2,1400,0.2,1
1,4,8903,1,0,500,0.6,1000,0.2,1400,0.2,1
1,5,1514,1,0,300,0.5,572,0.32,486,0.18,1
1,6,14432,0,0,300,0.5,1700,0.5,1
1,7,14329,2,10,5,0,300,0.5,1700,0.5,1
1,8,4535,1,0,300,0.5,572,0.32,486,0.18,1
1,9,5357,1,0,500,0.6,1000,0.2,1400,0.2,1
1,10,6978,1,0,666,0.42,420,0.58,1
1,11,965,1,0,300,0.5,572,0.32,486,0.18,1
2,0,12277,2,10,5,0,300,0.5,572,0.32,486,0.18,1
2,1,10138,2,10,5,0,300,0.5,572,0.32,486,0.18,1
2,2,3925,0,0,300,0.5,572,0.32,486,0.18,1
2,3,12045,1,0,300,0.5,572,0.32,486,0.18,1
2,4,12047,1,0,300,0.5,1700,0.5,1
2,5,890,1,0,300,0.5,572,0.32,486,0.18,1
2,6,14020,2,10,5,0,666,0.42,420,0.58,1
2,7,4325,1,0,500,0.6,1000,0.2,1400,0.2,1
2,8,14833,2,10,5,0,300,0.5,572,0.32,486,0.18,1
2,9,7634,2,10,5,0,300,0.5,1700,0.5,1
2,10,8861,0,0,666,0.42,420,0.58,1
2,11,2152,2,10,5,0,300,0.5,1700,0.5,1
3,0,5689,2,10,5,0,300,0.5,572,0.32,486,0.18,1
3,1,3160,1,0,500,0.6,1000,0.2,1400,0.2,1
3,2,8902,0,0,300,0.5,1700,0.5,1
3,3,9154,0,0,300,0.5,1700,0.5,1
3,4,6710,1,0,300,0.5,572,0.32,486,0.18,1
3,5,14225,1,0,300,0.5,572,0.32,486,0.18,1
3,6,13941,0,0,300,0.5,572,0.32,486,0.18,1
3,7,2970,1,0,300,0.5,572,0.32,486,0.18,1
3,8,4887,2,10,5,0,666,0.42,420,0.58,1
3,9,14528,2,10,5,0,300,0.5,572,0.32,486,0.18,1
3,10,1743,1,0,300,0.5,1700,0.5,1
3,11,9372,0,0,300,0.5,572,0.32,486,0.18,1
4,0,10157,2,10,5,0,500,0.6,1000,0.2,1400,0.2,1
4,1,5952,2,10,5,0,500,0.6,1000,0.2,1400,0.2,1
4,2,9564,0,0,300,0.5,1700,0.5,1
4,3,9114,0,0,666,0.42,420,0.58,1
4,4,873,2,10,5,0,300,0.5,572,0.32,486,0.18,1
4,5,14210,0,0,500,0.6,1000,0.2,1400,0.2,1
4,6,8411,1,0,666,0.42,420,0.58,1
4,7,11128,0,0,300,0.5,1700,0.5,1
4,8,8329,1,0,500,0.6,1000,0.2,1400,0.2,1
4,9,6715,1,0,666,0.42,420,0.58,1
4,10,10060,2,10,5,0,666,0.42,420,0.58,1
4,11,4565,0,0,300,0.5,1700,0.5,1
5,0,901,0,0,300,0.5,572,0.32,486,0.18,1
5,1,1010,0,0,300,0.5,1700,0.5,1
5,2,12248,0,0,666,0.42,420,0.58,1
5,3,4266,0,0,500,0.6,1000,0.2,1400,0.2,1
5,4,11205,0,0,300,0.5,1700,0.5,1
5,5,7780,1,0,500,0.6,1000,0.2,1400,0.2,1
5,6,3191,2,10,5,0,500,0.6,1000,0.2,1400,0.2,1
5,7,8468,1,0,666,0.42,420,0.58,1
5,8,3327,2,10,5,0,500,0.6,1000,0.2,1400,0.2,1
5,9,5949,1,0,300,0.5,1700,0.5,1
5,10,1221,1,0,666,0.42,420,0.58,1
5,11,416,0,0,300,0.5,1700,0.5,1
6,0,7957,2,10,5,0,666,0.42,420,0.58,1
6,1,8655,0,0,500,0.6,1000,0.2,1400,0.2,1
6,2,14809,0,0,666,0.42,420,0.58,1
6,3,9100,1,0,666,0.42,420,0.58,1
6,4,6376,2,10,5,0,666,0.42,420,0.58,1
6,5,10422,2,10,5,0,300,0.5,572,0.32,486,0.18,1
6,6,8688,2,10,5,0,300,0.5,572,0.32,486,0.18,1
6,7,3558,1,0,300,0.5,572,0.32,486,0.18,1
6,8,8022,1,0,500,0.6,1000,0.2,1400,0.2,1
6,9,9842,1,0,500,0.6,1000,0.2,1400,0.2,1
6,10,10138,1,0,500,0.6,1000,0.2,1400,0.2,1
6,11,12223,2,10,5,0,300,0.5,572,0.32,486,0.18,1
7,0,1070,1,0,666,0.42,420,0.58,1
7,1,10665,2,10,5,0,300,0.5,1700,0.5,1
7,2,5030,2,10,5,0,300,0.5,1700,0.5,1
7,3,1934,0,0,666,0.42,420,0.58,1
7,4,12130,2,10,5,0,300,0.5,1700,0.5,1
7,5,3086,1,0,300,0.5,572,0.32,486,0.18,1
7,6,8197,2,10,5,0,300,0.5,572,0.32,486,0.18,1
7,7,4388,1,0,300,0.5,1700,0.5,1
7,8,7980,1,0,666,0.42,420,0.58,1
7,9,764,2,10,5,0,300,0.5,1700,0.5,1
7,10,9749,2,10,5,0,300,0.5,1700,0.5,1
7,11,9181,2,10,5,0,300,0.5,1700,0.5,1
8,0,5309,2,10,5,0,500,0.6,1000,0.2,1400,0.2,1
8,1,288,2,10,5,0,500,0.6,1000,0.2,1400,0.2,1
8,2,2734,1,0,500,0.6,1000,0.2,1400,0.2,1
8,3,14384,2,10,5,0,666,0.42,420,0.58,1
8,4,2503,2,10,5,0,500,0.6,1000,0.2,1400,0.2,1
8,5,11103,2,10,5,0,500,0.6,1000,0.2,1400,0.2,1
8,6,13510,0,0,300,0.5,572,0.32,486,0.18,1
8,7,8445,0,0,300,0.5,572,0.32,486,0.18,1
8,8,8205,0,0,500,0.6,1000,0.2,1400,0.2,1
8,9,14592,1,0,666,0.42,420,0.58,1
8,10,13414,0,0,300,0.5,572,0.32,486,0.18,1
8,11,13175,0,0,666,0.42,420,0.58,1
9,0,14082,2,10,5,0,300,0.5,572,0.32,486,0.18,1
9,1,2962,1,0,666,0.42,420,0.58,1
9,2,14962,2,10,5,0,500,0.6,1000,0.2,1400,0.2,1
9,3,4220,0,0,300,0.5,1700,0.5,1
9,4,3863,2,10,5,0,300,0.5,1700,0.5,1
9,5,11296,0,0,300,0.5,1700,0.5,1
9,6,12143,2,10,5,0,500,0.6,1000,0.2,1400,0.2,1
9,7,877,0,0,666,0.42,420,0.58,1
9,8,13877,0,0,500,0.6,1000,0.2,1400,0.2,1
9,9,2159,2,10,5,0,300,0.5,1700,0.5,1
9,10,7274,1,0,300,0.5,572,0.32,486,0.18,1
9,11,4751,0,0,300,0.5,1700,0.5,1
10,0,5633,2,10,5,0,500,0.6,1000,0.2,1400,0.2,1
10,1,8082,1,0,666,0.42,420,0.58,1
10,2,10474,1,0,666,0.42,420,0.58,1
10,3,7452,0,0,500,0.6,1000,0.2,1400,0.2,1
10,4,89,0,0,500,0.6,1000,0.2,1400,0.2,1
10,5,6779,0,0,666,0.42,420,0.58,1
10,6,14923,1,0,300,0.5,1700,0.5,1
10,7,12016,2,10,5,0,300,0.5,572,0.32,486,0.18,1
10,8,1294,1,0,300,0.5,572,0.32,486,0.18,1
10,9,3924,1,0,300,0.5,1700,0.5,1
10,10,14687,2,10,5,0,300,0.5,1700,0.5,1
10,11,3507,0,0,500,0.6,1000,0.2,1400,0.2,1
11,0,7492,0,0,500,0.6,1000,0.2,1400,0.2,1
11,1,12464,1,0,666,0.42,420,0.58,1
11,2,5462,2,10,5,0,666,0.42,420,0.58,1
11,3,1887,1,0,300,0.5,572,0.32,486,0.18,1
11,4,6029,0,0,300,0.5,1700,0.5,1
11,5,7091,1,0,300,0.5,1700,0.5,1
11,6,260,0,0,500,0.6,1000,0.2,1400,0.2,1
11,7,12455,2,10,5,0,666,0.42,420,0.58,1
11,8,6960,2,10,5,0,500,0.6,1000,0.2,1400,0.2,1
11,9,11259,2,10,5,0,666,0.42,420,0.58,1
11,10,9312,1,0,666,0.42,420,0.58,1
11,11,8794,0,0,666,0.42,420,0.58,1
