0,0,14319,0,0,300,0.5,572,0.32,486,0.18,1
0,1,6197,2,10,5,0,300,0.5,572,0.32,486,0.18,1
0,2,5835,2,10,5,0,300,0.5,1700,0.5,1
0,3,7054,2,10,5,0,666,0.42,420,0.58,1
0,4,11582,2,10,5,0,500,0.6,1000,0.2,1400,0.2,1
0,5,11858,2,10,5,0,300,0.5,572,0.32,486,0.18,1
0,6,6703,0,0,300,0.5,572,0.32,486,0.18,1
0,7,6231,0,0,666,0.42,420,0.58,1
0,8,8647,0,0,300,0.5,572,0.32,486,0.18,1
0,9,1320,1,0,666,0.42,420,0.58,1
0,10,3730,0,0,500,0.6,1000,0.2,1400,0.2,1
0,11,13555,0,0,300,0.5,572,0.32,486,0.18,1
1,0,39,0,0,666,0.42,420,0.58,1
1,1,7172,1,0,500,0.6,1000,0.2,1400,0.2,1
1,2,10325,0,0,500,0.6,1000,0.2,1400,0.2,0
1,3,2135,0,0,500,0.6,1000,0.2,1400,0.2,1
1,4,10587,1,0,300,0.5,572,0.32,486,0.18,1
1,5,4674,0,0,666,0.42,420,0.58,1
1,6,12156,0,0,300,0.5,1700,0.5,1
1,7,7320,2,10,5,0,300,0.5,572,0.32,486,0.18,1
1,8,9398,0,0,300,0.5,572,0.32,486,0.18,1
1,9,6198,1,0,300,0.5,572,0.32,486,0.18,1
1,10,9990,2,10,5,0,300,0.5,572,0.32,486,0.18,1
1,11,10795,2,10,5,0,300,0.5,1700,0.5,1
2,0,1012,0,0,500,0.6,1000,0.2,1400,0.2,1
2,1,8497,0,0,300,0.5,572,0.32,486,0.18,1
2,2,121,1,0,300,0.5,572,0.32,486,0.18,1
2,3,8449,2,10,5,0,300,0.5,1700,0.5,1
2,4,3414,0,0,500,0.6,1000,0.2,1400,0.2,1
2,5,4951,2,10,5,0,666,0.42,420,0.58,1
2,6,1770,2,10,5,0,300,0.5,1700,0.5,1
2,7,11781,1,0,666,0.42,420,0.58,1
2,8,1854,2,10,5,0,300,0.5,1700,0.5,1
2,9,2444,2,10,5,0,500,0.6,1000,0.2,1400,0.2,1
2,10,7512,0,0,300,0.5,572,0.32,486,0.18,1
2,11,7364,0,0,300,0.5,1700,0.5,1
3,0,5248,1,0,300,0.5,1700,0.5,1
3,1,13613,1,0,500,0.6,1000,0.2,1400,0.2,1
3,2,13684,0,0,500,0.6,1000,0.2,1400,0.2,1
3,3,4479,1,0,300,0.5,1700,0.5,1
3,4,3969,0,0,500,0.6,1000,0.2,1400,0.2,1
3,5,10189,1,0,500,0.6,1000,0.2,1400,0.2,1
3,6,10955,1,0,300,0.5,572,0.32,486,0.18,1
3,7,3647,0,0,300,0.5,1700,0.5,1
3,8,5210,1,0,500,0.6,1000,0.2,1400,0.2,1
3,9,6405,1,0,300,0.5,572,0.32,486,0.18,1
3,10,1554,2,10,5,0,300,0.5,1700,0.5,1
3,11,2175,2,10,5,0,666,0.42,420,0.58,1
4,0,5169,2,10,5,0,300,0.5,1700,0.5,1
4,1,5393,1,0,500,0.6,1000,0.2,1400,0.2,1
4,2,1286,0,0,666,0.42,420,0.58,1
4,3,8635,2,10,5,0,300,0.5,572,0.32,486,0.18,1
4,4,14477,1,0,666,0.42,420,0.58,1
4,5,1103,1,0,666,0.42,420,0.58,1
4,6,8722,1,0,300,0.5,1700,0.5,1
4,7,3035,2,10,5,0,666,0.42,420,0.58,1
4,8,13212,1,0,300,0.5,572,0.32,486,0.18,1
4,9,12496,0,0,666,0.42,420,0.58,1
4,10,4772,2,10,5,0,666,0.42,420,0.58,1
4,11,14303,0,0,300,0.5,572,0.32,486,0.18,1
5,0,6818,1,0,300,0.5,572,0.32,486,0.18,1
5,1,11197,0,0,500,0.6,1000,0.2,1400,0.2,1
5,2,10648,1,0,500,0.6,1000,0.2,1400,0.2,1
5,3,12916,2,10,5,0,666,0.42,420,0.58,1
5,4,5077,1,0,300,0.5,1700,0.5,1
5,5,9511,1,0,500,0.6,1000,0.2,1400,0.2,1
5,6,13407,0,0,300,0.5,1700,0.5,1
5,7,8107,1,0,300,0.5,572,0.32,486,0.18,1
5,8,8531,1,0,666,0.42,420,0.58,1
5,9,3391,1,0,300,0.5,1700,0.5,1
5,10,7028,0,0,666,0.42,420,0.58,1
5,11,2502,2,10,5,0,666,0.42,420,0.58,1
6,0,6662,0,0,666,0.42,420,0.58,1
6,1,13016,1,0,300,0.5,572,0.32,486,0.18,1
6,2,12066,1,0,300,0.5,1700,0.5,1
6,3,5774,1,0,300,0.5,572,0.32,486,0.18,1
6,4,3601,2,10,5,0,500,0.6,1000,0.2,1400,0.2,1
6,5,2990,1,0,300,0.5,572,0.32,486,0.18,1
6,6,10591,1,0,500,0.6,1000,0.2,1400,0.2,1
6,7,3517,1,0,300,0.5,1700,0.5,1
6,8,7559,1,0,300,0.5,572,0.32,486,0.18,1
6,9,6527,1,0,300,0.5,572,0.32,486,0.18,1
6,10,4007,2,10,5,0,666,0.42,420,0.58,1
6,11,10621,0,0,666,0.42,420,0.58,1
7,0,12780,1,0,300,0.5,572,0.32,486,0.18,1
7,1,14761,2,10,5,0,666,0.42,420,0.58,1
7,2,876,0,0,666,0.42,420,0.58,1
7,3,5078,0,0,666,0.42,420,0.58,1
7,4,9065,2,10,5,0,500,0.6,1000,0.2,1400,0.2,1
7,5,2955,1,0,500,0.6,1000,0.2,1400,0.2,1
7,6,932,2,10,5,0,666,0.42,420,0.58,1
7,7,5069,0,0,666,0.42,420,0.58,1
7,8,5155,1,0,666,0.42,420,0.58,1
7,9,10304,2,10,5,0,500,0.6,1000,0.2,1400,0.2,1
7,10,10827,0,0,300,0.5,572,0.32,486,0.18,1
7,11,13214,2,10,5,0,300,0.5,572,0.32,486,0.18,1
8,0,11216,1,0,500,0.6,1000,0.2,1400,0.2,1
8,1,235,1,0,500,0.6,1000,0.2,1400,0.2,1
8,2,5575,0,0,666,0.42,420,0.58,1
8,3,2597,0,0,300,0.5,572,0.32,486,0.18,1
8,4,10713,2,10,5,0,300,0.5,1700,0.5,1
8,5,4047,1,0,666,0.42,420,0.58,1
8,6,2392,0,0,666,0.42,420,0.58,1
8,7,9964,2,10,5,0,666,0.42,420,0.58,1
8,8,11386,0,0,500,0.6,1000,0.2,1400,0.2,1
8,9,2401,0,0,666,0.42,420,0.58,1
8,10,2057,0,0,300,0.5,1700,0.5,1
8,11,5963,0,0,500,0.6,1000,0.2,1400,0.2,1
9,0,4706,0,0,300,0.5,1700,0.5,1
9,1,4453,0,0,300,0.5,572,0.32,486,0.18,1
9,2,3688,1,0,300,0.5,572,0.32,486,0.18,1
9,3,6097,1,0,300,0.5,572,0.32,486,0.18,1
9,4,7570,1,0,300,0.5,1700,0.5,1
9,5,7492,0,0,666,0.42,420,0.58,1
9,6,6390,2,10,5,0,666,0.42,420,0.58,1
9,7,4207,2,10,5,0,500,0.6,1000,0.2,1400,0.2,1
9,8,11337,2,10,5,0,500,0.6,1000,0.2,1400,0.2,1
9,9,1503,2,10,5,0,500,0.6,1000,0.2,1400,0.2,1
9,10,11551,2,10,5,0,300,0.5,1700,0.5,1
9,11,7929,2,10,5,0,300,0.5,572,0.32,486,0.18,1
10,0,3629,0,0,500,0.6,1000,0.2,1400,0.2,1
10,1,14281,2,10,5,0,300,0.5,572,0.32,486,0.18,1
10,2,5568,0,0,666,0.42,420,0.58,1
10,3,10690,1,0,300,0.5,572,0.32,486,0.18,1
10,4,1163,0,0,666,0.42,420,0.58,1
10,5,7748,2,10,5,0,500,0.6,1000,0.2,1400,0.2,1
10,6,11748,1,0,300,0.5,1700,0.5,1
10,7,2942,1,0,300,0.5,572,0.32,486,0.18,1
10,8,13297,1,0,666,0.42,420,0.58,1
10,9,13246,2,10,5,0,300,0.5,1700,0.5,1
10,10,7397,1,0,666,0.42,420,0.58,1
10,11,7874,1,0,300,0.5,572,0.32,486,0.18,1
11,0,13872,0,0,300,0.5,1700,0.5,1
11,1,342,2,10,5,0,500,0.6,1000,0.2,1400,0.2,1
11,2,1651,1,0,500,0.6,1000,0.2,1400,0.2,1
11,3,97,1,0,300,0.5,572,0.32,486,0.18,1
11,4,4083,0,0,300,0.5,572,0.32,486,0.18,1
11,5,2472,0,0,500,0.6,1000,0.2,1400,0.2,1
11,6,14230,1,0,300,0.5,1700,0.5,1
11,7,7226,0,0,500,0.6,1000,0.2,1400,0.2,1
11,8,4109,2,10,5,0,666,0.42,420,0.58,1
11,9,6491,1,0,666,0.42,420,0.58,1
11,10,10234,2,10,5,0,300,0.5,572,0.32,486,0.18,1
11,11,13442,2,10,5,0,300,0.5,1700,0.5,1
