0,0,6579,2,10,5,0,300,0.5,1700,0.5,1
0,1,7343,2,10,5,0,500,0.6,1000,0.2,1400,0.2,1
0,2,1268,2,10,5,0,666,0.42,420,0.58,1
0,3,12429,0,0,300,0.5,1700,0.5,1
0,4,14163,1,0,300,0.5,572,0.32,486,0.18,1
0,5,3888,1,0,300,0.5,1700,0.5,1
0,6,3244,0,0,300,0.5,1700,0.5,1
0,7,13074,0,0,666,0.42,420,0.58,1
0,8,10189,0,0,300,0.5,1700,0.5,1
0,9,2302,0,0,666,0.42,420,0.58,1
0,10,13928,1,0,300,0.5,572,0.32,486,0.18,1
0,11,12407,2,10,5,0,300,0.5,1700,0.5,1
1,0,2476,1,0,666,0.42,420,0.58,1
1,1,3744,1,0,300,0.5,572,0.32,486,0.18,1
1,2,12914,1,0,300,0.5,1700,0.5,0
1,3,11048,2,10,5,0,666,0.42,420,0.58,1
1,4,2617,0,0,300,0.5,572,0.32,486,0.18,1
1,5,13216,0,0,666,0.42,420,0.58,1
1,6,13288,2,10,5,0,666,0.42,420,0.58,1
1,7,6095,2,10,5,0,666,0.42,420,0.58,1
1,8,9044,0,0,500,0.6,1000,0.2,1400,0.2,1
1,9,11425,2,10,5,0,666,0.42,420,0.58,1
1,10,7578,1,0,300,0.5,1700,0.5,1
1,11,6713,1,0,500,0.6,1000,0.2,1400,0.2,1
2,0,6115,1,0,500,0.6,1000,0.2,1400,0.2,1
2,1,11882,0,0,666,0.42,420,0.58,1
2,2,10004,1,0,666,0.42,420,0.58,1
2,3,7281,0,0,300,0.5,572,0.32,486,0.18,1
2,4,3834,2,10,5,0,500,0.6,1000,0.2,1400,0.2,1
2,5,336,0,0,500,0.6,1000,0.2,1400,0.2,1
2,6,4259,1,0,300,0.5,572,0.32,486,0.18,1
2,7,9444,2,10,5,0,300,0.5,1700,0.5,1
2,8,8821,0,0,300,0.5,572,0.32,486,0.18,1
2,9,7841,2,10,5,0,300,0.5,1700,0.5,1
2,10,11989,2,10,5,0,666,0.42,420,0.58,1
2,11,6209,1,0,500,0.6,1000,0.2,1400,0.2,1
3,0,6205,1,0,666,0.42,420,0.58,1
3,1,14420,1,0,666,0.42,420,0.58,1
3,2,12908,0,0,300,0.5,572,0.32,486,0.18,1
3,3,9252,0,0,666,0.42,420,0.58,1
3,4,9698,0,0,666,0.42,420,0.58,1
3,5,9591,2,10,5,0,500,0.6,1000,0.2,1400,0.2,1
3,6,5396,0,0,500,0.6,1000,0.2,1400,0.2,1
3,7,9287,2,10,5,0,500,0.6,1000,0.2,1400,0.2,1
3,8,3943,1,0,300,0.5,1700,0.5,1
3,9,5534,1,0,300,0.5,1700,0.5,1
3,10,5893,0,0,500,0.6,1000,0.2,1400,0.2,1
3,11,2066,1,0,666,0.42,420,0.58,1
4,0,8377,0,0,300,0.5,1700,0.5,1
4,1,7972,0,0,300,0.5,1700,0.5,1
4,2,8998,1,0,666,0.42,420,0.58,1
4,3,245,0,0,300,0.5,572,0.32,486,0.18,1
4,4,10880,1,0,666,0.42,420,0.58,1
4,5,7588,1,0,300,0.5,572,0.32,486,0.18,1
4,6,13206,0,0,300,0.5,572,0.32,486,0.18,1
4,7,8337,1,0,500,0.6,1000,0.2,1400,0.2,1
4,8,9179,2,10,5,0,300,0.5,572,0.32,486,0.18,1
4,9,1789,1,0,300,0.5,572,0.32,486,0.18,1
4,10,13642,0,0,500,0.6,1000,0.2,1400,0.2,1
4,11,13420,1,0,300,0.5,1700,0.5,1
5,0,6276,0,0,500,0.6,1000,0.2,1400,0.2,1
5,1,10567,0,0,666,0.42,420,0.58,1
5,2,7933,0,0,300,0.5,1700,0.5,1
5,3,10032,2,10,5,0,300,0.5,572,0.32,486,0.18,1
5,4,4013,1,0,500,0.6,1000,0.2,1400,0.2,1
5,5,7752,2,10,5,0,300,0.5,572,0.32,486,0.18,1
5,6,8484,1,0,666,0.42,420,0.58,1
5,7,14195,0,0,300,0.5,572,0.32,486,0.18,1
5,8,852,0,0,300,0.5,1700,0.5,1
5,9,2534,2,10,5,0,300,0.5,572,0.32,486,0.18,1
5,10,9563,0,0,666,0.42,420,0.58,1
5,11,1429,2,10,5,0,300,0.5,572,0.32,486,0.18,1
6,0,8439,1,0,300,0.5,1700,0.5,1
6,1,14180,2,10,5,0,666,0.42,420,0.58,1
6,2,7840,0,0,300,0.5,1700,0.5,1
6,3,1168,0,0,300,0.5,1700,0.5,1
6,4,13645,0,0,300,0.5,572,0.32,486,0.18,1
6,5,10945,2,10,5,0,500,0.6,1000,0.2,1400,0.2,1
6,6,667,0,0,300,0.5,1700,0.5,1
6,7,8415,0,0,300,0.5,1700,0.5,1
6,8,12497,0,0,666,0.42,420,0.58,1
6,9,12970,2,10,5,0,500,0.6,1000,0.2,1400,0.2,1
6,10,10925,2,10,5,0,300,0.5,572,0.32,486,0.18,1
6,11,13935,2,10,5,0,500,0.6,1000,0.2,1400,0.2,1
7,0,3727,0,0,300,0.5,572,0.32,486,0.18,1
7,1,2629,0,0,300,0.5,1700,0.5,1
7,2,8113,2,10,5,0,300,0.5,572,0.32,486,0.18,1
7,3,10520,1,0,300,0.5,1700,0.5,1
7,4,12028,2,10,5,0,300,0.5,1700,0.5,1
7,5,136,1,0,300,0.5,572,0.32,486,0.18,1
7,6,8874,2,10,5,0,300,0.5,1700,0.5,1
7,7,5398,2,10,5,0,300,0.5,1700,0.5,1
7,8,13399,2,10,5,0,300,0.5,1700,0.5,1
7,9,9733,0,0,500,0.6,1000,0.2,1400,0.2,1
7,10,8903,2,10,5,0,500,0.6,1000,0.2,1400,0.2,1
7,11,9545,2,10,5,0,300,0.5,1700,0.5,1
8,0,6019,1,0,500,0.6,1000,0.2,1400,0.2,1
8,1,9807,2,10,5,0,300,0.5,572,0.32,486,0.18,1
8,2,2985,1,0,300,0.5,1700,0.5,1
8,3,8419,1,0,300,0.5,572,0.32,486,0.18,1
8,4,4995,2,10,5,0,666,0.42,420,0.58,1
8,5,2835,0,0,300,0.5,572,0.32,486,0.18,1
8,6,13119,1,0,300,0.5,1700,0.5,1
8,7,7938,1,0,666,0.42,420,0.58,1
8,8,7097,2,10,5,0,300,0.5,1700,0.5,1
8,9,13298,1,0,500,0.6,1000,0.2,1400,0.2,1
8,10,4918,0,0,300,0.5,1700,0.5,1
8,11,6207,0,0,500,0.6,1000,0.2,1400,0.2,1
9,0,10398,1,0,300,0.5,1700,0.5,1
9,1,6420,2,10,5,0,666,0.42,420,0.58,1
9,2,14453,2,10,5,0,300,0.5,1700,0.5,1
9,3,13713,1,0,300,0.5,572,0.32,486,0.18,1
9,4,14824,1,0,666,0.42,420,0.58,1
9,5,1798,1,0,300,0.5,572,0.32,486,0.18,1
9,6,2146,2,10,5,0,300,0.5,1700,0.5,1
9,7,14658,1,0,666,0.42,420,0.58,1
9,8,12013,0,0,300,0.5,572,0.32,486,0.18,1
9,9,12696,2,10,5,0,500,0.6,1000,0.2,1400,0.2,1
9,10,9202,2,10,5,0,666,0.42,420,0.58,1
9,11,5172,0,0,666,0.42,420,0.58,1
10,0,14034,2,10,5,0,666,0.42,420,0.58,1
10,1,2316,2,10,5,0,500,0.6,1000,0.2,1400,0.2,1
10,2,4354,2,10,5,0,300,0.5,572,0.32,486,0.18,1
10,3,1452,1,0,300,0.5,572,0.32,486,0.18,1
10,4,9290,1,0,666,0.42,420,0.58,1
10,5,2252,2,10,5,0,300,0.5,1700,0.5,1
10,6,6382,2,10,5,0,300,0.5,572,0.32,486,0.18,1
10,7,1229,2,10,5,0,300,0.5,572,0.32,486,0.18,1
10,8,14358,2,10,5,0,666,0.42,420,0.58,1
10,9,4649,0,0,500,0.6,1000,0.2,1400,0.2,1
10,10,9104,1,0,500,0.6,1000,0.2,1400,0.2,1
10,11,7228,2,10,5,0,666,0.42,420,0.58,1
11,0,14454,0,0,300,0.5,572,0.32,486,0.18,1
11,1,14027,0,0,300,0.5,1700,0.5,1
11,2,5541,2,10,5,0,666,0.42,420,0.58,1
11,3,3337,0,0,300,0.5,1700,0.5,1
11,4,12484,1,0,300,0.5,1700,0.5,1
11,5,585,2,10,5,0,300,0.5,1700,0.5,1
11,6,1099,2,10,5,0,500,0.6,1000,0.2,1400,0.2,1
11,7,14305,1,0,300,0.5,572,0.32,486,0.18,1
11,8,10883,0,0,300,0.5,572,0.32,486,0.18,1
11,9,1190,0,0,300,0.5,572,0.32,486,0.18,1
11,10,2513,2,10,5,0,666,0.42,420,0.58,1
11,11,12538,1,0,300,0.5,572,0.32,486,0.18,1
