0,0,11132,0,0,666,0.42,420,0.58,1
0,1,2202,2,10,5,0,300,0.5,572,0.32,486,0.18,1
0,2,3124,2,10,5,0,300,0.5,572,0.32,486,0.18,1
0,3,4200,0,0,500,0.6,1000,0.2,1400,0.2,1
0,4,8921,1,0,666,0.42,420,0.58,1
0,5,12525,1,0,300,0.5,1700,0.5,1
0,6,11240,1,0,300,0.5,572,0.32,486,0.18,1
0,7,5399,2,10,5,0,300,0.5,1700,0.5,1
0,8,11095,2,10,5,0,300,0.5,572,0.32,486,0.18,1
0,9,11014,2,10,5,0,666,0.42,420,0.58,1
0,10,5755,0,0,500,0.6,1000,0.2,1400,0.2,1
0,11,1354,0,0,300,0.5,1700,0.5,1
1,0,4715,0,0,666,0.42,420,0.58,1
1,1,9246,0,0,500,0.6,1000,0.2,1400,0.2,1
1,2,7591,1,0,666,0.42,420,0.58,0
1,3,13225,2,10,5,0,500,0.6,1000,0.2,1400,0.2,1
1,4,9885,2,10,5,0,300,0.5,572,0.32,486,0.18,1
1,5,10353,0,0,500,0.6,1000,0.2,1400,0.2,1
1,6,4605,2,10,5,0,500,0.6,1000,0.2,1400,0.2,1
1,7,6587,2,10,5,0,500,0.6,1000,0.2,1400,0.2,1
1,8,14694,1,0,500,0.6,1000,0.2,1400,0.2,1
1,9,7386,1,0,500,0.6,1000,0.2,1400,0.2,1
1,10,9084,0,0,300,0.5,1700,0.5,1
1,11,6262,1,0,300,0.5,1700,0.5,1
2,0,7320,0,0,300,0.5,1700,0.5,1
2,1,1213,1,0,300,0.5,572,0.32,486,0.18,1
2,2,482,1,0,300,0.5,1700,0.5,1
2,3,797,1,0,300,0.5,572,0.32,486,0.18,1
2,4,6182,0,0,500,0.6,1000,0.2,1400,0.2,1
2,5,9123,1,0,666,0.42,420,0.58,1
2,6,10594,0,0,666,0.42,420,0.58,1
2,7,5527,2,10,5,0,300,0.5,572,0.32,486,0.18,1
2,8,2654,2,10,5,0,666,0.42,420,0.58,1
2,9,2007,0,0,666,0.42,420,0.58,1
2,10,9091,2,10,5,0,500,0.6,1000,0.2,1400,0.2,1
2,11,8332,0,0,300,0.5,1700,0.5,1
3,0,6902,0,0,500,0.6,1000,0.2,1400,0.2,1
3,1,4038,1,0,300,0.5,1700,0.5,1
3,2,575,0,0,500,0.6,1000,0.2,1400,0.2,1
3,3,5782,0,0,300,0.5,572,0.32,486,0.18,1
3,4,12560,2,10,5,0,666,0.42,420,0.58,1
3,5,9045,2,10,5,0,500,0.6,1000,0.2,1400,0.2,1
3,6,12204,2,10,5,0,500,0.6,1000,0.2,1400,0.2,1
3,7,13086,0,0,300,0.5,1700,0.5,1
3,8,15,1,0,300,0.5,572,0.32,486,0.18,1
3,9,1799,0,0,500,0.6,1000,0.2,1400,0.2,1
3,10,13020,0,0,500,0.6,1000,0.2,1400,0.2,1
3,11,1866,0,0,300,0.5,1700,0.5,1
4,0,311,2,10,5,0,500,0.6,1000,0.2,1400,0.2,1
4,1,1968,2,10,5,0,300,0.5,1700,0.5,1
4,2,627,1,0,666,0.42,420,0.58,1
4,3,12001,1,0,300,0.5,572,0.32,486,0.18,1
4,4,6106,2,10,5,0,500,0.6,1000,0.2,1400,0.2,1
4,5,13533,0,0,300,0.5,572,0.32,486,0.18,1
4,6,7843,1,0,666,0.42,420,0.58,1
4,7,9985,2,10,5,0,300,0.5,1700,0.5,1
4,8,13357,1,0,500,0.6,1000,0.2,1400,0.2,1
4,9,9965,1,0,300,0.5,1700,0.5,1
4,10,13710,0,0,300,0.5,1700,0.5,1
4,11,11879,2,10,5,0,666,0.42,420,0.58,1
5,0,10120,1,0,300,0.5,572,0.32,486,0.18,1
5,1,5970,2,10,5,0,500,0.6,1000,0.2,1400,0.2,1
5,2,9656,0,0,666,0.42,420,0.58,1
5,3,6151,1,0,300,0.5,572,0.32,486,0.18,1
5,4,1128,0,0,300,0.5,1700,0.5,1
5,5,10449,2,10,5,0,300,0.5,572,0.32,486,0.18,1
5,6,12290,2,10,5,0,666,0.42,420,0.58,1
5,7,7267,1,0,300,0.5,1700,0.5,1
5,8,8441,1,0,300,0.5,572,0.32,486,0.18,1
5,9,9077,1,0,666,0.42,420,0.58,1
5,10,8044,2,10,5,0,300,0.5,572,0.32,486,0.18,1
5,11,5853,1,0,300,0.5,572,0.32,486,0.18,1
6,0,10130,1,0,300,0.5,572,0.32,486,0.18,1
6,1,6785,2,10,5,0,666,0.42,420,0.58,1
6,2,6831,2,10,5,0,500,0.6,1000,0.2,1400,0.2,1
6,3,591,1,0,300,0.5,1700,0.5,1
6,4,7391,0,0,500,0.6,1000,0.2,1400,0.2,1
6,5,10711,1,0,300,0.5,572,0.32,486,0.18,1
6,6,1836,1,0,300,0.5,572,0.32,486,0.18,1
6,7,11152,0,0,300,0.5,1700,0.5,1
6,8,10621,2,10,5,0,500,0.6,1000,0.2,1400,0.2,1
6,9,2718,1,0,300,0.5,572,0.32,486,0.18,1
6,10,14683,1,0,300,0.5,572,0.32,486,0.18,1
6,11,8700,0,0,666,0.42,420,0.58,1
7,0,5299,2,10,5,0,300,0.5,572,0.32,486,0.18,1
7,1,8551,2,10,5,0,300,0.5,572,0.32,486,0.18,1
7,2,4738,0,0,500,0.6,1000,0.2,1400,0.2,1
7,3,5570,0,0,300,0.5,572,0.32,486,0.18,1
7,4,10481,1,0,666,0.42,420,0.58,1
7,5,6901,0,0,500,0.6,1000,0.2,1400,0.2,1
7,6,762,0,0,666,0.42,420,0.58,1
7,7,4946,0,0,300,0.5,572,0.32,486,0.18,1
7,8,8401,2,10,5,0,300,0.5,1700,0.5,1
7,9,9019,1,0,300,0.5,1700,0.5,1
7,10,5942,1,0,300,0.5,572,0.32,486,0.18,1
7,11,14437,0,0,300,0.5,1700,0.5,1
8,0,4194,0,0,300,0.5,1700,0.5,1
8,1,14188,0,0,300,0.5,1700,0.5,1
8,2,7339,2,10,5,0,300,0.5,572,0.32,486,0.18,1
8,3,5666,2,10,5,0,500,0.6,1000,0.2,1400,0.2,1
8,4,6429,1,0,300,0.5,1700,0.5,1
8,5,13108,2,10,5,0,300,0.5,1700,0.5,1
8,6,10852,2,10,5,0,300,0.5,572,0.32,486,0.18,1
8,7,605,0,0,300,0.5,1700,0.5,1
8,8,1991,0,0,300,0.5,572,0.32,486,0.18,1
8,9,1626,2,10,5,0,300,0.5,572,0.32,486,0.18,1
8,10,10394,0,0,666,0.42,420,0.58,1
8,11,2094,0,0,666,0.42,420,0.58,1
9,0,11890,0,0,300,0.5,572,0.32,486,0.18,1
9,1,12460,0,0,500,0.6,1000,0.2,1400,0.2,1
9,2,10566,0,0,666,0.42,420,0.58,1
9,3,2827,2,10,5,0,300,0.5,572,0.32,486,0.18,1
9,4,9254,1,0,300,0.5,1700,0.5,1
9,5,3269,2,10,5,0,300,0.5,1700,0.5,1
9,6,4252,2,10,5,0,666,0.42,420,0.58,1
9,7,8736,2,10,5,0,300,0.5,1700,0.5,1
9,8,10366,1,0,666,0.42,420,0.58,1
9,9,10040,0,0,300,0.5,572,0.32,486,0.18,1
9,10,9653,1,0,500,0.6,1000,0.2,1400,0.2,1
9,11,8529,2,10,5,0,666,0.42,420,0.58,1
10,0,1670,0,0,300,0.5,1700,0.5,1
10,1,10253,1,0,300,0.5,1700,0.5,1
10,2,5914,1,0,666,0.42,420,0.58,1
10,3,170,2,10,5,0,500,0.6,1000,0.2,1400,0.2,1
10,4,11988,1,0,500,0.6,1000,0.2,1400,0.2,1
10,5,7636,0,0,666,0.42,420,0.58,1
10,6,8328,1,0,300,0.5,572,0.32,486,0.18,1
10,7,251,2,10,5,0,300,0.5,1700,0.5,1
10,8,14453,2,10,5,0,500,0.6,1000,0.2,1400,0.2,1
10,9,3898,1,0,300,0.5,572,0.32,486,0.18,1
10,10,12228,1,0,300,0.5,572,0.32,486,0.18,1
10,11,883,1,0,500,0.6,1000,0.2,1400,0.2,1
11,0,9004,1,0,666,0.42,420,0.58,1
11,1,6909,0,0,300,0.5,1700,0.5,1
11,2,8255,1,0,666,0.42,420,0.58,1
11,3,13938,1,0,300,0.5,1700,0.5,1
11,4,5372,1,0,666,0.42,420,0.58,1
11,5,14760,0,0,300,0.5,1700,0.5,1
11,6,8528,2,10,5,0,300,0.5,572,0.32,486,0.18,1
11,7,8410,0,0,300,0.5,1700,0.5,1
11,8,2313,2,10,5,0,500,0.6,1000,0.2,1400,0.2,1
11,9,4402,2,10,5,0,666,0.42,420,0.58,1
11,10,14222,0,0,300,0.5,1700,0.5,1
11,11,6951,2,10,5,0,666,0.42,420,0.58,1
