0,0,13744,0,0,300,0.5,1700,0.5,1
0,1,4394,2,10,5,0,500,0.6,1000,0.2,1400,0.2,1
0,2,1498,1,0,500,0.6,1000,0.2,1400,0.2,1
0,3,12099,1,0,500,0.6,1000,0.2,1400,0.2,1
0,4,14574,0,0,500,0.6,1000,0.2,1400,0.2,1
0,5,2120,2,10,5,0,500,0.6,1000,0.2,1400,0.2,1
0,6,7573,2,10,5,0,666,0.42,420,0.58,1
0,7,10265,1,0,300,0.5,1700,0.5,1
0,8,9261,0,0,300,0.5,572,0.32,486,0.18,1
0,9,10122,2,10,5,0,500,0.6,1000,0.2,1400,0.2,1
0,10,1025,1,0,666,0.42,420,0.58,1
0,11,9668,2,10,5,0,300,0.5,1700,0.5,1
1,0,7586,0,0,500,0.6,1000,0.2,1400,0.2,1
1,1,5650,2,10,5,0,300,0.5,1700,0.5,1
1,2,458,1,0,666,0.42,420,0.58,0
1,3,13585,1,0,300,0.5,572,0.32,486,0.18,1
1,4,1883,2,10,5,0,500,0.6,1000,0.2,1400,0.2,1
1,5,13297,2,10,5,0,300,0.5,1700,0.5,1
1,6,1656,1,0,500,0.6,1000,0.2,1400,0.2,1
1,7,7571,0,0,666,0.42,420,0.58,1
1,8,744,1,0,500,0.6,1000,0.2,1400,0.2,1
1,9,14135,1,0,300,0.5,1700,0.5,1
1,10,14430,2,10,5,0,300,0.5,572,0.32,486,0.18,1
1,11,1005,1,0,300,0.5,572,0.32,486,0.18,1
2,0,9157,1,0,300,0.5,1700,0.5,1
2,1,6930,1,0,666,0.42,420,0.58,1
2,2,2797,0,0,500,0.6,1000,0.2,1400,0.2,1
2,3,3493,2,10,5,0,300,0.5,1700,0.5,1
2,4,325,1,0,300,0.5,572,0.32,486,0.18,1
2,5,8276,1,0,666,0.42,420,0.58,1
2,6,1725,1,0,300,0.5,572,0.32,486,0.18,1
2,7,2165,1,0,500,0.6,1000,0.2,1400,0.2,1
2,8,10284,2,10,5,0,500,0.6,1000,0.2,1400,0.2,1
2,9,11266,2,10,5,0,666,0.42,420,0.58,1
2,10,4847,2,10,5,0,500,0.6,1000,0.2,1400,0.2,1
2,11,11103,1,0,500,0.6,1000,0.2,1400,0.2,1
3,0,10983,1,0,300,0.5,1700,0.5,1
3,1,3959,1,0,500,0.6,1000,0.2,1400,0.2,1
3,2,7563,1,0,500,0.6,1000,0.2,1400,0.2,1
3,3,5971,0,0,500,0.6,1000,0.2,1400,0.2,1
3,4,9723,2,10,5,0,666,0.42,420,0.58,1
3,5,8085,2,10,5,0,300,0.5,1700,0.5,1
3,6,5500,0,0,300,0.5,1700,0.5,1
3,7,9610,1,0,500,0.6,1000,0.2,1400,0.2,1
3,8,13815,2,10,5,0,300,0.5,1700,0.5,1
3,9,8269,0,0,300,0.5,1700,0.5,1
3,10,12928,2,10,5,0,666,0.42,420,0.58,1
3,11,3230,2,10,5,0,666,0.42,420,0.58,1
4,0,4779,1,0,500,0.6,1000,0.2,1400,0.2,1
4,1,14424,2,10,5,0,500,0.6,1000,0.2,1400,0.2,1
4,2,8082,0,0,300,0.5,572,0.32,486,0.18,1
4,3,14190,1,0,500,0.6,1000,0.2,1400,0.2,1
4,4,10685,2,10,5,0,300,0.5,1700,0.5,1
4,5,3377,0,0,300,0.5,1700,0.5,1
4,6,9945,2,10,5,0,500,0.6,1000,0.2,1400,0.2,1
4,7,14411,0,0,666,0.42,420,0.58,1
4,8,1887,1,0,300,0.5,572,0.32,486,0.18,1
4,9,2153,0,0,666,0.42,420,0.58,1
4,10,2770,1,0,500,0.6,1000,0.2,1400,0.2,1
4,11,14725,1,0,666,0.42,420,0.58,1
5,0,11214,0,0,300,0.5,1700,0.5,1
5,1,2731,1,0,500,0.6,1000,0.2,1400,0.2,1
5,2,6005,1,0,666,0.42,420,0.58,1
5,3,7284,0,0,300,0.5,1700,0.5,1
5,4,5851,2,10,5,0,300,0.5,1700,0.5,1
5,5,12841,0,0,500,0.6,1000,0.2,1400,0.2,1
5,6,7700,2,10,5,0,300,0.5,572,0.32,486,0.18,1
5,7,646,2,10,5,0,500,0.6,1000,0.2,1400,0.2,1
5,8,1485,1,0,300,0.5,1700,0.5,1
5,9,9373,2,10,5,0,300,0.5,572,0.32,486,0.18,1
5,10,5466,2,10,5,0,300,0.5,1700,0.5,1
5,11,9514,2,10,5,0,666,0.42,420,0.58,1
6,0,13617,1,0,300,0.5,572,0.32,486,0.18,1
6,1,9559,0,0,666,0.42,420,0.58,1
6,2,3497,0,0,666,0.42,420,0.58,1
6,3,5100,1,0,666,0.42,420,0.58,1
6,4,1309,0,0,666,0.42,420,0.58,1
6,5,4097,1,0,300,0.5,572,0.32,486,0.18,1
6,6,3359,2,10,5,0,300,0.5,1700,0.5,1
6,7,2563,2,10,5,0,500,0.6,1000,0.2,1400,0.2,1
6,8,5861,0,0,300,0.5,1700,0.5,1
6,9,12070,2,10,5,0,666,0.42,420,0.58,1
6,10,2993,2,10,5,0,500,0.6,1000,0.2,1400,0.2,1
6,11,10849,0,0,300,0.5,572,0.32,486,0.18,1
7,0,5862,1,0,300,0.5,1700,0.5,1
7,1,10187,1,0,666,0.42,420,0.58,1
7,2,2335,0,0,300,0.5,1700,0.5,1
7,3,5223,2,10,5,0,666,0.42,420,0.58,1
7,4,6632,0,0,500,0.6,1000,0.2,1400,0.2,1
7,5,14348,1,0,666,0.42,420,0.58,1
7,6,901,2,10,5,0,666,0.42,420,0.58,1
7,7,10106,1,0,666,0.42,420,0.58,1
7,8,13125,2,10,5,0,300,0.5,1700,0.5,1
7,9,8335,0,0,666,0.42,420,0.58,1
7,10,1140,0,0,300,0.5,1700,0.5,1
7,11,11041,1,0,500,0.6,1000,0.2,1400,0.2,1
8,0,11648,2,10,5,0,300,0.5,572,0.32,486,0.18,1
8,1,4083,2,10,5,0,300,0.5,572,0.32,486,0.18,1
8,2,7518,2,10,5,0,666,0.42,420,0.58,1
8,3,2533,2,10,5,0,500,0.6,1000,0.2,1400,0.2,1
8,4,6786,1,0,300,0.5,1700,0.5,1
8,5,5517,1,0,300,0.5,572,0.32,486,0.18,1
8,6,14889,2,10,5,0,500,0.6,1000,0.2,1400,0.2,1
8,7,8890,1,0,666,0.42,420,0.58,1
8,8,12987,0,0,300,0.5,572,0.32,486,0.18,1
8,9,1603,0,0,666,0.42,420,0.58,1
8,10,3543,2,10,5,0,666,0.42,420,0.58,1
8,11,965,1,0,300,0.5,1700,0.5,1
9,0,244,1,0,500,0.6,1000,0.2,1400,0.2,1
9,1,3055,1,0,666,0.42,420,0.58,1
9,2,8248,1,0,666,0.42,420,0.58,1
9,3,4145,0,0,500,0.6,1000,0.2,1400,0.2,1
9,4,7290,2,10,5,0,300,0.5,572,0.32,486,0.18,1
9,5,4846,0,0,500,0.6,1000,0.2,1400,0.2,1
9,6,10792,1,0,300,0.5,572,0.32,486,0.18,1
9,7,11434,1,0,500,0.6,1000,0.2,1400,0.2,1
9,8,872,2,10,5,0,666,0.42,420,0.58,1
9,9,4323,1,0,300,0.5,1700,0.5,1
9,10,12337,1,0,300,0.5,1700,0.5,1
9,11,2274,0,0,300,0.5,1700,0.5,1
10,0,609,2,10,5,0,500,0.6,1000,0.2,1400,0.2,1
10,1,8776,2,10,5,0,666,0.42,420,0.58,1
10,2,8346,1,0,300,0.5,572,0.32,486,0.18,1
10,3,14137,1,0,666,0.42,420,0.58,1
10,4,5022,0,0,500,0.6,1000,0.2,1400,0.2,1
10,5,7601,0,0,300,0.5,572,0.32,486,0.18,1
10,6,1863,2,10,5,0,500,0.6,1000,0.2,1400,0.2,1
10,7,4593,0,0,300,0.5,1700,0.5,1
10,8,5893,0,0,500,0.6,1000,0.2,1400,0.2,1
10,9,7450,2,10,5,0,500,0.6,1000,0.2,1400,0.2,1
10,10,9763,0,0,666,0.42,420,0.58,1
10,11,7971,1,0,300,0.5,572,0.32,486,0.18,1
11,0,219,1,0,666,0.42,420,0.58,1
11,1,1939,0,0,500,0.6,1000,0.2,1400,0.2,1
11,2,10923,2,10,5,0,500,0.6,1000,0.2,1400,0.2,1
11,3,4834,2,10,5,0,300,0.5,572,0.32,486,0.18,1
11,4,8567,1,0,300,0.5,1700,0.5,1
11,5,10962,2,10,5,0,500,0.6,1000,0.2,1400,0.2,1
11,6,11124,0,0,666,0.42,420,0.58,1
11,7,2286,2,10,5,0,666,0.42,420,0.58,1
11,8,11753,1,0,500,0.6,1000,0.2,1400,0.2,1
11,9,4669,2,10,5,0,500,0.6,1000,0.2,1400,0.2,1
11,10,10870,0,0,300,0.5,572,0.32,486,0.18,1
11,11,11475,0,0,666,0.42,420,0.58,1
