0,0,11940,2,10,5,0,300,0.5,1700,0.5,1
0,1,1946,2,10,5,0,500,0.6,1000,0.2,1400,0.2,1
0,2,3760,1,0,666,0.42,420,0.58,1
0,3,13418,2,10,5,0,300,0.5,1700,0.5,1
0,4,6187,2,10,5,0,300,0.5,572,0.32,486,0.18,1
0,5,6748,0,0,300,0.5,1700,0.5,1
0,6,5989,2,10,5,0,500,0.6,1000,0.2,1400,0.2,1
0,7,4235,2,10,5,0,500,0.6,1000,0.2,1400,0.2,1
0,8,12371,0,0,666,0.42,420,0.58,1
0,9,13479,2,10,5,0,500,0.6,1000,0.2,1400,0.2,1
0,10,1195,2,10,5,0,300,0.5,1700,0.5,1
0,11,13727,1,0,666,0.42,420,0.58,1
1,0,8160,0,0,500,0.6,1000,0.2,1400,0.2,1
1,1,6140,1,0,300,0.5,572,0.32,486,0.18,1
1,2,2858,0,0,300,0.5,572,0.32,486,0.18,0
1,3,5615,2,10,5,0,500,0.6,1000,0.2,1400,0.2,1
1,4,7407,2,10,5,0,300,0.5,1700,0.5,1
1,5,1302,0,0,300,0.5,572,0.32,486,0.18,1
1,6,9027,0,0,500,0.6,1000,0.2,1400,0.2,1
1,7,3446,2,10,5,0,666,0.42,420,0.58,1
1,8,8162,1,0,300,0.5,1700,0.5,1
1,9,1924,1,0,666,0.42,420,0.58,1
1,10,13418,0,0,666,0.42,420,0.58,1
1,11,13129,1,0,666,0.42,420,0.58,1
2,0,7770,1,0,300,0.5,1700,0.5,1
2,1,8851,1,0,300,0.5,1700,0.5,1
2,2,13192,1,0,666,0.42,420,0.58,1
2,3,12523,0,0,300,0.5,572,0.32,486,0.18,1
2,4,1151,0,0,300,0.5,1700,0.5,1
2,5,14255,1,0,300,0.5,572,0.32,486,0.18,1
2,6,14867,1,0,666,0.42,420,0.58,1
2,7,12339,2,10,5,0,500,0.6,1000,0.2,1400,0.2,1
2,8,10695,0,0,666,0.42,420,0.58,1
2,9,6943,2,10,5,0,300,0.5,1700,0.5,1
2,10,7461,1,0,300,0.5,1700,0.5,1
2,11,3711,0,0,500,0.6,1000,0.2,1400,0.2,1
3,0,7830,2,10,5,0,300,0.5,1700,0.5,1
3,1,7638,2,10,5,0,300,0.5,1700,0.5,1
3,2,11002,1,0,666,0.42,420,0.58,1
3,3,13145,2,10,5,0,300,0.5,1700,0.5,1
3,4,14519,0,0,300,0.5,572,0.32,486,0.18,1
3,5,7487,0,0,666,0.42,420,0.58,1
3,6,7375,2,10,5,0,300,0.5,1700,0.5,1
3,7,168,2,10,5,0,300,0.5,572,0.32,486,0.18,1
3,8,7833,0,0,300,0.5,1700,0.5,1
3,9,14764,1,0,500,0.6,1000,0.2,1400,0.2,1
3,10,9266,0,0,666,0.42,420,0.58,1
3,11,4055,1,0,500,0.6,1000,0.2,1400,0.2,1
4,0,9955,0,0,300,0.5,572,0.32,486,0.18,1
4,1,13232,0,0,666,0.42,420,0.58,1
4,2,11139,2,10,5,0,300,0.5,1700,0.5,1
4,3,2613,0,0,666,0.42,420,0.58,1
4,4,317,1,0,300,0.5,1700,0.5,1
4,5,10125,0,0,300,0.5,1700,0.5,1
4,6,11578,0,0,666,0.42,420,0.58,1
4,7,480,2,10,5,0,300,0.5,572,0.32,486,0.18,1
4,8,9649,0,0,666,0.42,420,0.58,1
4,9,8717,1,0,500,0.6,1000,0.2,1400,0.2,1
4,10,9887,0,0,500,0.6,1000,0.2,1400,0.2,1
4,11,24,0,0,300,0.5,572,0.32,486,0.18,1
5,0,1696,1,0,500,0.6,1000,0.2,1400,0.2,1
5,1,1266,0,0,300,0.5,572,0.32,486,0.18,1
5,2,8307,0,0,300,0.5,1700,0.5,1
5,3,11511,1,0,666,0.42,420,0.58,1
5,4,3276,0,0,666,0.42,420,0.58,1
5,5,12028,0,0,300,0.5,1700,0.5,1
5,6,11052,0,0,300,0.5,1700,0.5,1
5,7,5848,1,0,666,0.42,420,0.58,1
5,8,10610,0,0,300,0.5,572,0.32,486,0.18,1
5,9,6380,1,0,300,0.5,572,0.32,486,0.18,1
5,10,7488,1,0,300,0.5,572,0.32,486,0.18,1
5,11,718,1,0,666,0.42,420,0.58,1
6,0,14506,0,0,666,0.42,420,0.58,1
6,1,14074,2,10,5,0,300,0.5,1700,0.5,1
6,2,6626,2,10,5,0,666,0.42,420,0.58,1
6,3,8724,2,10,5,0,666,0.42,420,0.58,1
6,4,132,1,0,500,0.6,1000,0.2,1400,0.2,1
6,5,8438,2,10,5,0,300,0.5,572,0.32,486,0.18,1
6,6,6699,2,10,5,0,300,0.5,572,0.32,486,0.18,1
6,7,13187,2,10,5,0,300,0.5,572,0.32,486,0.18,1
6,8,4864,0,0,300,0.5,1700,0.5,1
6,9,7374,1,0,300,0.5,1700,0.5,1
6,10,6793,1,0,500,0.6,1000,0.2,1400,0.2,1
6,11,6450,2,10,5,0,500,0.6,1000,0.2,1400,0.2,1
7,0,3909,2,10,5,0,300,0.5,1700,0.5,1
7,1,958,2,10,5,0,666,0.42,420,0.58,1
7,2,12341,0,0,300,0.5,1700,0.5,1
7,3,9879,0,0,500,0.6,1000,0.2,1400,0.2,1
7,4,3809,2,10,5,0,666,0.42,420,0.58,1
7,5,217,0,0,300,0.5,572,0.32,486,0.18,1
7,6,2671,0,0,666,0.42,420,0.58,1
7,7,8539,1,0,300,0.5,1700,0.5,1
7,8,1712,1,0,500,0.6,1000,0.2,1400,0.2,1
7,9,8036,1,0,300,0.5,1700,0.5,1
7,10,4313,1,0,300,0.5,572,0.32,486,0.18,1
7,11,12085,2,10,5,0,300,0.5,572,0.32,486,0.18,1
8,0,9432,2,10,5,0,300,0.5,1700,0.5,1
8,1,11122,0,0,500,0.6,1000,0.2,1400,0.2,1
8,2,466,1,0,500,0.6,1000,0.2,1400,0.2,1
8,3,1483,0,0,666,0.42,420,0.58,1
8,4,14328,0,0,300,0.5,572,0.32,486,0.18,1
8,5,9940,1,0,300,0.5,1700,0.5,1
8,6,1053,2,10,5,0,300,0.5,572,0.32,486,0.18,1
8,7,14656,0,0,300,0.5,1700,0.5,1
8,8,12891,0,0,300,0.5,1700,0.5,1
8,9,607,0,0,666,0.42,420,0.58,1
8,10,14624,2,10,5,0,300,0.5,572,0.32,486,0.18,1
8,11,12455,0,0,300,0.5,1700,0.5,1
9,0,6741,0,0,666,0.42,420,0.58,1
9,1,8856,0,0,300,0.5,572,0.32,486,0.18,1
9,2,5015,1,0,300,0.5,572,0.32,486,0.18,1
9,3,10309,1,0,666,0.42,420,0.58,1
9,4,9715,0,0,500,0.6,1000,0.2,1400,0.2,1
9,5,7445,2,10,5,0,500,0.6,1000,0.2,1400,0.2,1
9,6,13382,2,10,5,0,300,0.5,1700,0.5,1
9,7,6178,0,0,300,0.5,572,0.32,486,0.18,1
9,8,8399,2,10,5,0,300,0.5,572,0.32,486,0.18,1
9,9,6835,2,10,5,0,300,0.5,1700,0.5,1
9,10,5223,1,0,300,0.5,572,0.32,486,0.18,1
9,11,7077,0,0,666,0.42,420,0.58,1
10,0,4153,1,0,500,0.6,1000,0.2,1400,0.2,1
10,1,14658,1,0,300,0.5,1700,0.5,1
10,2,6491,2,10,5,0,500,0.6,1000,0.2,1400,0.2,1
10,3,5515,0,0,300,0.5,572,0.32,486,0.18,1
10,4,10519,1,0,300,0.5,572,0.32,486,0.18,1
10,5,428,1,0,500,0.6,1000,0.2,1400,0.2,1
10,6,6066,0,0,300,0.5,1700,0.5,1
10,7,5901,2,10,5,0,500,0.6,1000,0.2,1400,0.2,1
10,8,5946,2,10,5,0,500,0.6,1000,0.2,1400,0.2,1
10,9,3855,1,0,300,0.5,1700,0.5,1
10,10,8385,2,10,5,0,666,0.42,420,0.58,1
10,11,11734,1,0,500,0.6,1000,0.2,1400,0.2,1
11,0,3691,1,0,300,0.5,572,0.32,486,0.18,1
11,1,10446,2,10,5,0,300,0.5,1700,0.5,1
11,2,12121,1,0,666,0.42,420,0.58,1
11,3,13402,0,0,300,0.5,1700,0.5,1
11,4,11453,1,0,666,0.42,420,0.58,1
11,5,3668,0,0,300,0.5,1700,0.5,1
11,6,2897,0,0,666,0.42,420,0.58,1
11,7,640,2,10,5,0,300,0.5,572,0.32,486,0.18,1
11,8,226,1,0,300,0.5,1700,0.5,1
11,9,4597,1,0,300,0.5,1700,0.5,1
11,10,94,0,0,500,0.6,1000,0.2,1400,0.2,1
11,11,9452,2,10,5,0,300,0.5,1700,0.5,1
