0,0,1997,0,0,666,0.42,420,0.58,1
0,1,6314,1,0,500,0.6,1000,0.2,1400,0.2,1
0,2,9956,2,10,5,0,666,0.42,420,0.58,1
0,3,5492,1,0,300,0.5,1700,0.5,1
0,4,272,0,0,500,0.6,1000,0.2,1400,0.2,1
0,5,7544,2,10,5,0,300,0.5,572,0.32,486,0.18,1
0,6,3010,1,0,666,0.42,420,0.58,1
0,7,282,0,0,300,0.5,1700,0.5,1
0,8,6246,0,0,300,0.5,1700,0.5,1
0,9,4150,0,0,666,0.42,420,0.58,1
0,10,8539,0,0,666,0.42,420,0.58,1
0,11,1490,2,10,5,0,300,0.5,572,0.32,486,0.18,1
1,0,6039,2,10,5,0,300,0.5,572,0.32,486,0.18,1
1,1,3256,1,0,666,0.42,420,0.58,1
1,2,182,2,10,5,0,300,0.5,572,0.32,486,0.18,0
1,3,537,0,0,666,0.42,420,0.58,1
1,4,2494,2,10,5,0,300,0.5,572,0.32,486,0.18,1
1,5,14335,1,0,300,0.5,1700,0.5,1
1,6,5663,0,0,300,0.5,1700,0.5,1
1,7,13224,0,0,300,0.5,572,0.32,486,0.18,1
1,8,10040,2,10,5,0,300,0.5,1700,0.5,1
1,9,8673,0,0,666,0.42,420,0.58,1
1,10,3551,2,10,5,0,666,0.42,420,0.58,1
1,11,13570,0,0,500,0.6,1000,0.2,1400,0.2,1
2,0,820,0,0,666,0.42,420,0.58,1
2,1,9302,0,0,300,0.5,1700,0.5,1
2,2,828,1,0,500,0.6,1000,0.2,1400,0.2,1
2,3,13651,1,0,300,0.5,572,0.32,486,0.18,1
2,4,9435,1,0,500,0.6,1000,0.2,1400,0.2,1
2,5,8263,1,0,500,0.6,1000,0.2,1400,0.2,1
2,6,10139,0,0,666,0.42,420,0.58,1
2,7,6151,0,0,666,0.42,420,0.58,1
2,8,14865,1,0,300,0.5,1700,0.5,1
2,9,6427,2,10,5,0,666,0.42,420,0.58,1
2,10,185,0,0,300,0.5,572,0.32,486,0.18,1
2,11,2308,2,10,5,0,300,0.5,1700,0.5,1
3,0,10603,1,0,300,0.5,572,0.32,486,0.18,1
3,1,9133,0,0,300,0.5,572,0.32,486,0.18,1
3,2,7939,0,0,300,0.5,572,0.32,486,0.18,1
3,3,11244,1,0,500,0.6,1000,0.2,1400,0.2,1
3,4,8073,1,0,300,0.5,1700,0.5,1
3,5,4887,0,0,500,0.6,1000,0.2,1400,0.2,1
3,6,387,1,0,666,0.42,420,0.58,1
3,7,10066,0,0,666,0.42,420,0.58,1
3,8,5709,0,0,300,0.5,1700,0.5,1
3,9,10381,2,10,5,0,300,0.5,1700,0.5,1
3,10,2303,1,0,300,0.5,572,0.32,486,0.18,1
3,11,3069,2,10,5,0,300,0.5,572,0.32,486,0.18,1
4,0,6609,2,10,5,0,500,0.6,1000,0.2,1400,0.2,1
4,1,9351,0,0,666,0.42,420,0.58,1
4,2,3788,1,0,500,0.6,1000,0.2,1400,0.2,1
4,3,10963,0,0,300,0.5,1700,0.5,1
4,4,66,2,10,5,0,500,0.6,1000,0.2,1400,0.2,1
4,5,13865,0,0,300,0.5,572,0.32,486,0.18,1
4,6,2317,1,0,500,0.6,1000,0.2,1400,0.2,1
4,7,11197,2,10,5,0,300,0.5,1700,0.5,1
4,8,4859,2,10,5,0,500,0.6,1000,0.2,1400,0.2,1
4,9,5254,0,0,500,0.6,1000,0.2,1400,0.2,1
4,10,7127,2,10,5,0,300,0.5,1700,0.5,1
4,11,12985,2,10,5,0,300,0.5,1700,0.5,1
5,0,8863,0,0,500,0.6,1000,0.2,1400,0.2,1
5,1,3111,0,0,500,0.6,1000,0.2,1400,0.2,1
5,2,3803,2,10,5,0,666,0.42,420,0.58,1
5,3,4772,2,10,5,0,300,0.5,572,0.32,486,0.18,1
5,4,2764,2,10,5,0,300,0.5,1700,0.5,1
5,5,12953,0,0,300,0.5,572,0.32,486,0.18,1
5,6,5796,0,0,300,0.5,1700,0.5,1
5,7,8984,2,10,5,0,300,0.5,1700,0.5,1
5,8,7448,1,0,500,0.6,1000,0.2,1400,0.2,1
5,9,9587,1,0,300,0.5,1700,0.5,1
5,10,14314,2,10,5,0,666,0.42,420,0.58,1
5,11,5424,2,10,5,0,500,0.6,1000,0.2,1400,0.2,1
6,0,7609,1,0,500,0.6,1000,0.2,1400,0.2,1
6,1,6250,2,10,5,0,300,0.5,1700,0.5,1
6,2,1600,0,0,666,0.42,420,0.58,1
6,3,12478,1,0,666,0.42,420,0.58,1
6,4,9368,1,0,300,0.5,572,0.32,486,0.18,1
6,5,10250,2,10,5,0,300,0.5,1700,0.5,1
6,6,1716,2,10,5,0,666,0.42,420,0.58,1
6,7,2259,1,0,300,0.5,572,0.32,486,0.18,1
6,8,1527,0,0,666,0.42,420,0.58,1
6,9,7652,0,0,300,0.5,572,0.32,486,0.18,1
6,10,2730,0,0,666,0.42,420,0.58,1
6,11,13554,0,0,500,0.6,1000,0.2,1400,0.2,1
7,0,246,0,0,666,0.42,420,0.58,1
7,1,1315,2,10,5,0,666,0.42,420,0.58,1
7,2,8224,1,0,500,0.6,1000,0.2,1400,0.2,1
7,3,14479,0,0,300,0.5,1700,0.5,1
7,4,9077,2,10,5,0,300,0.5,572,0.32,486,0.18,1
7,5,9786,1,0,666,0.42,420,0.58,1
7,6,7895,0,0,300,0.5,572,0.32,486,0.18,1
7,7,9240,1,0,666,0.42,420,0.58,1
7,8,13777,2,10,5,0,666,0.42,420,0.58,1
7,9,14568,1,0,300,0.5,1700,0.5,1
7,10,3134,2,10,5,0,666,0.42,420,0.58,1
7,11,9614,0,0,300,0.5,1700,0.5,1
8,0,3016,0,0,300,0.5,572,0.32,486,0.18,1
8,1,3805,1,0,300,0.5,1700,0.5,1
8,2,6936,0,0,500,0.6,1000,0.2,1400,0.2,1
8,3,3205,2,10,5,0,666,0.42,420,0.58,1
8,4,13569,0,0,300,0.5,572,0.32,486,0.18,1
8,5,13203,0,0,300,0.5,1700,0.5,1
8,6,14776,1,0,300,0.5,572,0.32,486,0.18,1
8,7,10618,2,10,5,0,666,0.42,420,0.58,1
8,8,1839,2,10,5,0,666,0.42,420,0.58,1
8,9,10811,2,10,5,0,500,0.6,1000,0.2,1400,0.2,1
8,10,334,1,0,300,0.5,572,0.32,486,0.18,1
8,11,14735,1,0,500,0.6,1000,0.2,1400,0.2,1
9,0,8156,2,10,5,0,666,0.42,420,0.58,1
9,1,11726,1,0,500,0.6,1000,0.2,1400,0.2,1
9,2,7915,1,0,500,0.6,1000,0.2,1400,0.2,1
9,3,3991,1,0,300,0.5,1700,0.5,1
9,4,8596,1,0,300,0.5,1700,0.5,1
9,5,2190,2,10,5,0,300,0.5,572,0.32,486,0.18,1
9,6,4563,0,0,300,0.5,572,0.32,486,0.18,1
9,7,447,2,10,5,0,300,0.5,572,0.32,486,0.18,1
9,8,11788,0,0,500,0.6,1000,0.2,1400,0.2,1
9,9,5081,0,0,666,0.42,420,0.58,1
9,10,13666,2,10,5,0,300,0.5,572,0.32,486,0.18,1
9,11,14697,0,0,666,0.42,420,0.58,1
10,0,3276,2,10,5,0,666,0.42,420,0.58,1
10,1,5368,2,10,5,0,666,0.42,420,0.58,1
10,2,8160,0,0,300,0.5,572,0.32,486,0.18,1
10,3,11058,2,10,5,0,666,0.42,420,0.58,1
10,4,7673,2,10,5,0,300,0.5,572,0.32,486,0.18,1
10,5,8764,2,10,5,0,300,0.5,572,0.32,486,0.18,1
10,6,13171,2,10,5,0,300,0.5,1700,0.5,1
10,7,1275,1,0,666,0.42,420,0.58,1
10,8,14570,0,0,300,0.5,572,0.32,486,0.18,1
10,9,12109,0,0,500,0.6,1000,0.2,1400,0.2,1
10,10,13785,1,0,300,0.5,1700,0.5,1
10,11,1255,0,0,300,0.5,572,0.32,486,0.18,1
11,0,13141,0,0,300,0.5,1700,0.5,1
11,1,8118,0,0,666,0.42,420,0.58,1
11,2,5061,1,0,300,0.5,1700,0.5,1
11,3,8675,0,0,300,0.5,1700,0.5,1
11,4,11629,2,10,5,0,500,0.6,1000,0.2,1400,0.2,1
11,5,3889,0,0,300,0.5,572,0.32,486,0.18,1
11,6,12860,2,10,5,0,666,0.42,420,0.58,1
11,7,5311,1,0,300,0.5,1700,0.5,1
11,8,12367,0,0,500,0.6,1000,0.2,1400,0.2,1
11,9,12046,1,0,500,0.6,1000,0.2,1400,0.2,1
11,10,6627,0,0,300,0.5,1700,0.5,1
11,11,2705,0,0,500,0.6,1000,0.2,1400,0.2,1
