0,0,1891,0,0,300,0.5,572,0.32,486,0.18,1
0,1,14444,2,10,5,0,666,0.42,420,0.58,1
0,2,11187,1,0,300,0.5,572,0.32,486,0.18,1
0,3,14188,1,0,500,0.6,1000,0.2,1400,0.2,1
0,4,9042,1,0,300,0.5,1700,0.5,1
0,5,12133,1,0,300,0.5,1700,0.5,1
0,6,8613,2,10,5,0,666,0.42,420,0.58,1
0,7,7459,1,0,666,0.42,420,0.58,1
0,8,12005,2,10,5,0,666,0.42,420,0.58,1
0,9,4782,1,0,500,0.6,1000,0.2,1400,0.2,1
0,10,1866,1,0,666,0.42,420,0.58,1
0,11,11889,1,0,500,0.6,1000,0.2,1400,0.2,1
1,0,2004,0,0,500,0.6,1000,0.2,1400,0.2,1
1,1,14906,1,0,300,0.5,1700,0.5,1
1,2,12385,0,0,300,0.5,1700,0.5,0
1,3,2577,0,0,500,0.6,1000,0.2,1400,0.2,1
1,4,8334,1,0,300,0.5,572,0.32,486,0.18,1
1,5,2086,0,0,300,0.5,572,0.32,486,0.18,1
1,6,4557,1,0,300,0.5,572,0.32,486,0.18,1
1,7,8801,0,0,300,0.5,1700,0.5,1
1,8,14372,2,10,5,0,500,0.6,1000,0.2,1400,0.2,1
1,9,1501,0,0,500,0.6,1000,0.2,1400,0.2,1
1,10,14028,0,0,666,0.42,420,0.58,1
1,11,11283,2,10,5,0,300,0.5,1700,0.5,1
2,0,13057,0,0,500,0.6,1000,0.2,1400,0.2,1
2,1,11122,0,0,500,0.6,1000,0.2,1400,0.2,1
2,2,5548,0,0,300,0.5,572,0.32,486,0.18,1
2,3,5729,2,10,5,0,500,0.6,1000,0.2,1400,0.2,1
2,4,13137,1,0,666,0.42,420,0.58,1
2,5,11947,2,10,5,0,666,0.42,420,0.58,1
2,6,6323,2,10,5,0,300,0.5,572,0.32,486,0.18,1
2,7,13301,1,0,300,0.5,1700,0.5,1
2,8,11373,0,0,500,0.6,1000,0.2,1400,0.2,1
2,9,9633,0,0,300,0.5,1700,0.5,1
2,10,9915,2,10,5,0,500,0.6,1000,0.2,1400,0.2,1
2,11,13017,0,0,500,0.6,1000,0.2,1400,0.2,1
3,0,513,2,10,5,0,300,0.5,572,0.32,486,0.18,1
3,1,10418,1,0,300,0.5,1700,0.5,1
3,2,11711,0,0,666,0.42,420,0.58,1
3,3,2632,2,10,5,0,500,0.6,1000,0.2,1400,0.2,1
3,4,1055,0,0,666,0.42,420,0.58,1
3,5,12934,1,0,500,0.6,1000,0.2,1400,0.2,1
3,6,2598,2,10,5,0,500,0.6,1000,0.2,1400,0.2,1
3,7,2524,2,10,5,0,666,0.42,420,0.58,1
3,8,8209,0,0,300,0.5,1700,0.5,1
3,9,2563,1,0,300,0.5,1700,0.5,1
3,10,11865,2,10,5,0,666,0.42,420,0.58,1
3,11,5916,0,0,300,0.5,1700,0.5,1
4,0,10427,2,10,5,0,500,0.6,1000,0.2,1400,0.2,1
4,1,9292,0,0,666,0.42,420,0.58,1
4,2,12813,0,0,300,0.5,1700,0.5,1
4,3,902,0,0,300,0.5,1700,0.5,1
4,4,3892,0,0,500,0.6,1000,0.2,1400,0.2,1
4,5,12901,2,10,5,0,500,0.6,1000,0.2,1400,0.2,1
4,6,11388,1,0,500,0.6,1000,0.2,1400,0.2,1
4,7,7322,0,0,666,0.42,420,0.58,1
4,8,7426,2,10,5,0,666,0.42,420,0.58,1
4,9,8484,2,10,5,0,300,0.5,1700,0.5,1
4,10,5740,1,0,500,0.6,1000,0.2,1400,0.2,1
4,11,3908,0,0,300,0.5,1700,0.5,1
5,0,14881,1,0,500,0.6,1000,0.2,1400,0.2,1
5,1,1917,0,0,500,0.6,1000,0.2,1400,0.2,1
5,2,11938,2,10,5,0,300,0.5,572,0.32,486,0.18,1
5,3,4519,0,0,300,0.5,572,0.32,486,0.18,1
5,4,6173,2,10,5,0,666,0.42,420,0.58,1
5,5,11379,0,0,500,0.6,1000,0.2,1400,0.2,1
5,6,4224,1,0,666,0.42,420,0.58,1
5,7,3900,0,0,666,0.42,420,0.58,1
5,8,5123,0,0,300,0.5,572,0.32,486,0.18,1
5,9,2139,2,10,5,0,300,0.5,572,0.32,486,0.18,1
5,10,13545,0,0,300,0.5,572,0.32,486,0.18,1
5,11,8549,1,0,500,0.6,1000,0.2,1400,0.2,1
6,0,13570,1,0,666,0.42,420,0.58,1
6,1,12681,0,0,500,0.6,1000,0.2,1400,0.2,1
6,2,8602,2,10,5,0,300,0.5,1700,0.5,1
6,3,4025,1,0,300,0.5,1700,0.5,1
6,4,14807,0,0,500,0.6,1000,0.2,1400,0.2,1
6,5,14682,2,10,5,0,500,0.6,1000,0.2,1400,0.2,1
6,6,9911,1,0,500,0.6,1000,0.2,1400,0.2,1
6,7,3542,2,10,5,0,300,0.5,572,0.32,486,0.18,1
6,8,3676,2,10,5,0,666,0.42,420,0.58,1
6,9,2580,1,0,500,0.6,1000,0.2,1400,0.2,1
6,10,14077,1,0,300,0.5,572,0.32,486,0.18,1
6,11,2086,2,10,5,0,300,0.5,572,0.32,486,0.18,1
7,0,5215,1,0,300,0.5,1700,0.5,1
7,1,11722,2,10,5,0,500,0.6,1000,0.2,1400,0.2,1
7,2,10330,1,0,300,0.5,1700,0.5,1
7,3,5318,1,0,500,0.6,1000,0.2,1400,0.2,1
7,4,8046,0,0,300,0.5,572,0.32,486,0.18,1
7,5,5230,2,10,5,0,666,0.42,420,0.58,1
7,6,7644,0,0,300,0.5,1700,0.5,1
7,7,4971,2,10,5,0,666,0.42,420,0.58,1
7,8,7991,1,0,300,0.5,572,0.32,486,0.18,1
7,9,10802,0,0,666,0.42,420,0.58,1
7,10,6025,1,0,666,0.42,420,0.58,1
7,11,4909,1,0,500,0.6,1000,0.2,1400,0.2,1
8,0,5150,2,10,5,0,300,0.5,1700,0.5,1
8,1,8928,1,0,300,0.5,1700,0.5,1
8,2,9107,2,10,5,0,300,0.5,1700,0.5,1
8,3,4511,2,10,5,0,300,0.5,572,0.32,486,0.18,1
8,4,7023,2,10,5,0,300,0.5,572,0.32,486,0.18,1
8,5,11734,1,0,300,0.5,1700,0.5,1
8,6,4952,2,10,5,0,500,0.6,1000,0.2,1400,0.2,1
8,7,538,1,0,666,0.42,420,0.58,1
8,8,1945,2,10,5,0,300,0.5,1700,0.5,1
8,9,14911,0,0,300,0.5,1700,0.5,1
8,10,13866,1,0,300,0.5,572,0.32,486,0.18,1
8,11,11711,2,10,5,0,500,0.6,1000,0.2,1400,0.2,1
9,0,12832,2,10,5,0,300,0.5,1700,0.5,1
9,1,8258,2,10,5,0,500,0.6,1000,0.2,1400,0.2,1
9,2,11712,2,10,5,0,300,0.5,1700,0.5,1
9,3,2156,1,0,666,0.42,420,0.58,1
9,4,2040,1,0,300,0.5,1700,0.5,1
9,5,13657,2,10,5,0,300,0.5,1700,0.5,1
9,6,1137,0,0,666,0.42,420,0.58,1
9,7,14626,1,0,300,0.5,572,0.32,486,0.18,1
9,8,2080,0,0,666,0.42,420,0.58,1
9,9,11555,0,0,300,0.5,1700,0.5,1
9,10,14463,2,10,5,0,500,0.6,1000,0.2,1400,0.2,1
9,11,4851,1,0,500,0.6,1000,0.2,1400,0.2,1
10,0,7655,2,10,5,0,500,0.6,1000,0.2,1400,0.2,1
10,1,9391,0,0,300,0.5,572,0.32,486,0.18,1
10,2,10700,2,10,5,0,300,0.5,1700,0.5,1
10,3,8728,1,0,300,0.5,572,0.32,486,0.18,1
10,4,7182,0,0,666,0.42,420,0.58,1
10,5,10769,2,10,5,0,300,0.5,1700,0.5,1
10,6,10853,1,0,666,0.42,420,0.58,1
10,7,2212,1,0,300,0.5,572,0.32,486,0.18,1
10,8,7401,0,0,500,0.6,1000,0.2,1400,0.2,1
10,9,2944,1,0,666,0.42,420,0.58,1
10,10,7006,2,10,5,0,300,0.5,572,0.32,486,0.18,1
10,11,13165,0,0,300,0.5,572,0.32,486,0.18,1
11,0,6675,1,0,300,0.5,572,0.32,486,0.18,1
11,1,12130,2,10,5,0,300,0.5,1700,0.5,1
11,2,8460,2,10,5,0,300,0.5,1700,0.5,1
11,3,11246,2,10,5,0,666,0.42,420,0.58,1
11,4,14037,1,0,300,0.5,1700,0.5,1
11,5,5905,2,10,5,0,500,0.6,1000,0.2,1400,0.2,1
11,6,12323,0,0,666,0.42,420,0.58,1
11,7,12253,1,0,300,0.5,1700,0.5,1
11,8,2379,0,0,300,0.5,1700,0.5,1
11,9,739,2,10,5,0,666,0.42,420,0.58,1
11,10,13196,2,10,5,0,300,0.5,1700,0.5,1
11,11,8352,2,10,5,0,500,0.6,1000,0.2,1400,0.2,1
