0,0,1489,0,0,666,0.42,420,0.58,1
0,1,5890,2,10,5,0,300,0.5,572,0.32,486,0.18,1
0,2,350,0,0,666,0.42,420,0.58,1
0,3,9378,1,0,300,0.5,572,0.32,486,0.18,1
0,4,4946,0,0,300,0.5,1700,0.5,1
0,5,9928,0,0,500,0.6,1000,0.2,1400,0.2,1
0,6,9642,0,0,500,0.6,1000,0.2,1400,0.2,1
0,7,8984,1,0,666,0.42,420,0.58,1
0,8,11901,2,10,5,0,666,0.42,420,0.58,1
0,9,901,2,10,5,0,666,0.42,420,0.58,1
0,10,2555,1,0,300,0.5,572,0.32,486,0.18,1
0,11,138,0,0,300,0.5,572,0.32,486,0.18,1
1,0,5739,1,0,300,0.5,572,0.32,486,0.18,1
1,1,4787,0,0,300,0.5,1700,0.5,1
1,2,736,0,0,500,0.6,1000,0.2,1400,0.2,0
1,3,7609,1,0,500,0.6,1000,0.2,1400,0.2,1
1,4,9121,1,0,300,0.5,572,0.32,486,0.18,1
1,5,7501,1,0,300,0.5,572,0.32,486,0.18,1
1,6,4559,0,0,300,0.5,1700,0.5,1
1,7,6040,1,0,500,0.6,1000,0.2,1400,0.2,1
1,8,7839,2,10,5,0,300,0.5,572,0.32,486,0.18,1
1,9,1482,2,10,5,0,300,0.5,572,0.32,486,0.18,1
1,10,11699,2,10,5,0,300,0.5,572,0.32,486,0.18,1
1,11,1988,2,10,5,0,300,0.5,1700,0.5,1
2,0,8944,0,0,666,0.42,420,0.58,1
2,1,10148,0,0,500,0.6,1000,0.2,1400,0.2,1
2,2,9133,2,10,5,0,300,0.5,1700,0.5,1
2,3,13455,2,10,5,0,300,0.5,1700,0.5,1
2,4,2526,2,10,5,0,300,0.5,1700,0.5,1
2,5,10694,2,10,5,0,666,0.42,420,0.58,1
2,6,14022,2,10,5,0,666,0.42,420,0.58,1
2,7,8686,1,0,300,0.5,1700,0.5,1
2,8,13975,1,0,300,0.5,572,0.32,486,0.18,1
2,9,10903,1,0,666,0.42,420,0.58,1
2,10,6513,2,10,5,0,500,0.6,1000,0.2,1400,0.2,1
2,11,14237,0,0,300,0.5,1700,0.5,1
3,0,2935,2,10,5,0,300,0.5,572,0.32,486,0.18,1
3,1,3242,2,10,5,0,666,0.42,420,0.58,1
3,2,922,0,0,300,0.5,572,0.32,486,0.18,1
3,3,463,2,10,5,0,300,0.5,572,0.32,486,0.18,1
3,4,1062,0,0,300,0.5,1700,0.5,1
3,5,7218,2,10,5,0,500,0.6,1000,0.2,1400,0.2,1
3,6,13617,2,10,5,0,500,0.6,1000,0.2,1400,0.2,1
3,7,4100,0,0,300,0.5,1700,0.5,1
3,8,7787,1,0,500,0.6,1000,0.2,1400,0.2,1
3,9,2139,2,10,5,0,300,0.5,572,0.32,486,0.18,1
3,10,13453,2,10,5,0,666,0.42,420,0.58,1
3,11,11798,0,0,300,0.5,572,0.32,486,0.18,1
4,0,6693,2,10,5,0,300,0.5,572,0.32,486,0.18,1
4,1,11650,1,0,300,0.5,1700,0.5,1
4,2,12188,0,0,666,0.42,420,0.58,1
4,3,13994,2,10,5,0,666,0.42,420,0.58,1
4,4,103,2,10,5,0,500,0.6,1000,0.2,1400,0.2,1
4,5,1545,2,10,5,0,300,0.5,572,0.32,486,0.18,1
4,6,9695,0,0,500,0.6,1000,0.2,1400,0.2,1
4,7,438,0,0,666,0.42,420,0.58,1
4,8,11503,2,10,5,0,300,0.5,572,0.32,486,0.18,1
4,9,2757,1,0,666,0.42,420,0.58,1
4,10,13069,0,0,300,0.5,572,0.32,486,0.18,1
4,11,7983,2,10,5,0,300,0.5,1700,0.5,1
5,0,14762,1,0,300,0.5,572,0.32,486,0.18,1
5,1,9160,0,0,300,0.5,572,0.32,486,0.18,1
5,2,11311,1,0,300,0.5,572,0.32,486,0.18,1
5,3,8546,0,0,500,0.6,1000,0.2,1400,0.2,1
5,4,706,1,0,300,0.5,1700,0.5,1
5,5,12626,1,0,300,0.5,1700,0.5,1
5,6,10160,0,0,300,0.5,1700,0.5,1
5,7,839,1,0,500,0.6,1000,0.2,1400,0.2,1
5,8,13136,0,0,300,0.5,572,0.32,486,0.18,1
5,9,196,1,0,500,0.6,1000,0.2,1400,0.2,1
5,10,7506,1,0,666,0.42,420,0.58,1
5,11,360,1,0,300,0.5,1700,0.5,1
6,0,5623,2,10,5,0,300,0.5,572,0.32,486,0.18,1
6,1,942,0,0,666,0.42,420,0.58,1
6,2,12025,1,0,300,0.5,1700,0.5,1
6,3,11425,0,0,300,0.5,1700,0.5,1
6,4,1198,1,0,300,0.5,572,0.32,486,0.18,1
6,5,10540,2,10,5,0,300,0.5,1700,0.5,1
6,6,10927,1,0,500,0.6,1000,0.2,1400,0.2,1
6,7,2205,1,0,666,0.42,420,0.58,1
6,8,12361,0,0,300,0.5,1700,0.5,1
6,9,11027,1,0,300,0.5,1700,0.5,1
6,10,1232,0,0,666,0.42,420,0.58,1
6,11,6047,1,0,500,0.6,1000,0.2,1400,0.2,1
7,0,7206,0,0,500,0.6,1000,0.2,1400,0.2,1
7,1,4485,0,0,500,0.6,1000,0.2,1400,0.2,1
7,2,14509,1,0,500,0.6,1000,0.2,1400,0.2,1
7,3,6215,0,0,500,0.6,1000,0.2,1400,0.2,1
7,4,14394,1,0,666,0.42,420,0.58,1
7,5,1847,1,0,666,0.42,420,0.58,1
7,6,3204,2,10,5,0,500,0.6,1000,0.2,1400,0.2,1
7,7,2220,0,0,500,0.6,1000,0.2,1400,0.2,1
7,8,3005,0,0,300,0.5,1700,0.5,1
7,9,7743,2,10,5,0,300,0.5,572,0.32,486,0.18,1
7,10,2084,2,10,5,0,300,0.5,572,0.32,486,0.18,1
7,11,3037,2,10,5,0,300,0.5,1700,0.5,1
8,0,1440,1,0,666,0.42,420,0.58,1
8,1,13409,0,0,666,0.42,420,0.58,1
8,2,1050,0,0,300,0.5,572,0.32,486,0.18,1
8,3,10072,2,10,5,0,300,0.5,1700,0.5,1
8,4,8887,2,10,5,0,500,0.6,1000,0.2,1400,0.2,1
8,5,3805,0,0,300,0.5,572,0.32,486,0.18,1
8,6,13730,0,0,500,0.6,1000,0.2,1400,0.2,1
8,7,9015,0,0,500,0.6,1000,0.2,1400,0.2,1
8,8,13465,0,0,300,0.5,1700,0.5,1
8,9,12139,1,0,666,0.42,420,0.58,1
8,10,10573,1,0,300,0.5,1700,0.5,1
8,11,13581,0,0,300,0.5,1700,0.5,1
9,0,1517,0,0,666,0.42,420,0.58,1
9,1,7561,0,0,300,0.5,572,0.32,486,0.18,1
9,2,570,2,10,5,0,666,0.42,420,0.58,1
9,3,11895,1,0,666,0.42,420,0.58,1
9,4,13327,2,10,5,0,300,0.5,1700,0.5,1
9,5,7455,2,10,5,0,300,0.5,572,0.32,486,0.18,1
9,6,6445,2,10,5,0,300,0.5,1700,0.5,1
9,7,4485,0,0,300,0.5,1700,0.5,1
9,8,3569,1,0,300,0.5,1700,0.5,1
9,9,7880,0,0,300,0.5,572,0.32,486,0.18,1
9,10,4433,2,10,5,0,666,0.42,420,0.58,1
9,11,95,1,0,500,0.6,1000,0.2,1400,0.2,1
10,0,9028,1,0,300,0.5,572,0.32,486,0.18,1
10,1,4993,0,0,300,0.5,572,0.32,486,0.18,1
10,2,2375,0,0,666,0.42,420,0.58,1
10,3,14101,0,0,500,0.6,1000,0.2,1400,0.2,1
10,4,5017,2,10,5,0,300,0.5,1700,0.5,1
10,5,13469,1,0,666,0.42,420,0.58,1
10,6,4006,0,0,300,0.5,572,0.32,486,0.18,1
10,7,984,2,10,5,0,300,0.5,572,0.32,486,0.18,1
10,8,10238,0,0,300,0.5,572,0.32,486,0.18,1
10,9,10747,2,10,5,0,300,0.5,572,0.32,486,0.18,1
10,10,648,0,0,500,0.6,1000,0.2,1400,0.2,1
10,11,5190,2,10,5,0,300,0.5,572,0.32,486,0.18,1
11,0,8361,1,0,500,0.6,1000,0.2,1400,0.2,1
11,1,3799,0,0,666,0.42,420,0.58,1
11,2,10623,1,0,666,0.42,420,0.58,1
11,3,11234,1,0,300,0.5,572,0.32,486,0.18,1
11,4,1305,0,0,300,0.5,572,0.32,486,0.18,1
11,5,3048,2,10,5,0,666,0.42,420,0.58,1
11,6,14485,0,0,500,0.6,1000,0.2,1400,0.2,1
11,7,14771,0,0,666,0.42,420,0.58,1
11,8,10638,1,0,666,0.42,420,0.58,1
11,9,14331,2,10,5,0,500,0.6,1000,0.2,1400,0.2,1
11,10,12441,0,0,500,0.6,1000,0.2,1400,0.2,1
11,11,13748,0,0,300,0.5,1700,0.5,1
