0,0,3381,2,10,5,0,666,0.42,420,0.58,1
0,1,13973,2,10,5,0,300,0.5,1700,0.5,1
0,2,6334,1,0,500,0.6,1000,0.2,1400,0.2,1
0,3,1601,0,0,300,0.5,572,0.32,486,0.18,1
0,4,14744,0,0,500,0.6,1000,0.2,1400,0.2,1
0,5,11685,0,0,666,0.42,420,0.58,1
0,6,6064,1,0,300,0.5,1700,0.5,1
0,7,10754,0,0,300,0.5,572,0.32,486,0.18,1
0,8,13583,2,10,5,0,300,0.5,1700,0.5,1
0,9,11543,0,0,500,0.6,1000,0.2,1400,0.2,1
0,10,6255,2,10,5,0,300,0.5,572,0.32,486,0.18,1
0,11,8302,0,0,300,0.5,1700,0.5,1
1,0,9798,2,10,5,0,300,0.5,572,0.32,486,0.18,1
1,1,683,2,10,5,0,500,0.6,1000,0.2,1400,0.2,1
1,2,11400,0,0,300,0.5,572,0.32,486,0.18,0
1,3,4500,1,0,500,0.6,1000,0.2,1400,0.2,1
1,4,1047,0,0,300,0.5,1700,0.5,1
1,5,11193,2,10,5,0,300,0.5,1700,0.5,1
1,6,486,2,10,5,0,500,0.6,1000,0.2,1400,0.2,1
1,7,13041,0,0,500,0.6,1000,0.2,1400,0.2,1
1,8,2256,2,10,5,0,300,0.5,572,0.32,486,0.18,1
1,9,3150,1,0,666,0.42,420,0.58,1
1,10,6240,2,10,5,0,666,0.42,420,0.58,1
1,11,12056,1,0,300,0.5,1700,0.5,1
2,0,4749,1,0,666,0.42,420,0.58,1
2,1,7632,0,0,500,0.6,1000,0.2,1400,0.2,1
2,2,2005,1,0,500,0.6,1000,0.2,1400,0.2,1
2,3,4691,2,10,5,0,500,0.6,1000,0.2,1400,0.2,1
2,4,8753,1,0,666,0.42,420,0.58,1
2,5,2542,2,10,5,0,300,0.5,572,0.32,486,0.18,1
2,6,5146,0,0,500,0.6,1000,0.2,1400,0.2,1
2,7,13773,2,10,5,0,666,0.42,420,0.58,1
2,8,8588,2,10,5,0,666,0.42,420,0.58,1
2,9,4956,0,0,500,0.6,1000,0.2,1400,0.2,1
2,10,8042,1,0,500,0.6,1000,0.2,1400,0.2,1
2,11,14143,1,0,666,0.42,420,0.58,1
3,0,11214,1,0,500,0.6,1000,0.2,1400,0.2,1
3,1,1435,2,10,5,0,500,0.6,1000,0.2,1400,0.2,1
3,2,753,2,10,5,0,500,0.6,1000,0.2,1400,0.2,1
3,3,8955,0,0,666,0.42,420,0.58,1
3,4,3767,0,0,300,0.5,572,0.32,486,0.18,1
3,5,5523,2,10,5,0,500,0.6,1000,0.2,1400,0.2,1
3,6,9689,1,0,666,0.42,420,0.58,1
3,7,5714,0,0,300,0.5,1700,0.5,1
3,8,7232,1,0,500,0.6,1000,0.2,1400,0.2,1
3,9,5398,1,0,500,0.6,1000,0.2,1400,0.2,1
3,10,10784,0,0,666,0.42,420,0.58,1
3,11,1777,1,0,666,0.42,420,0.58,1
4,0,10311,2,10,5,0,300,0.5,572,0.32,486,0.18,1
4,1,9456,0,0,500,0.6,1000,0.2,1400,0.2,1
4,2,6322,2,10,5,0,500,0.6,1000,0.2,1400,0.2,1
4,3,8608,1,0,300,0.5,572,0.32,486,0.18,1
4,4,13990,0,0,500,0.6,1000,0.2,1400,0.2,1
4,5,764,0,0,500,0.6,1000,0.2,1400,0.2,1
4,6,3429,2,10,5,0,300,0.5,1700,0.5,1
4,7,2357,2,10,5,0,300,0.5,1700,0.5,1
4,8,4014,2,10,5,0,666,0.42,420,0.58,1
4,9,14345,1,0,300,0.5,1700,0.5,1
4,10,8329,0,0,500,0.6,1000,0.2,1400,0.2,1
4,11,5963,2,10,5,0,300,0.5,1700,0.5,1
5,0,14436,1,0,666,0.42,420,0.58,1
5,1,2367,2,10,5,0,500,0.6,1000,0.2,1400,0.2,1
5,2,8714,0,0,666,0.42,420,0.58,1
5,3,9576,2,10,5,0,500,0.6,1000,0.2,1400,0.2,1
5,4,9723,0,0,300,0.5,1700,0.5,1
5,5,13102,1,0,666,0.42,420,0.58,1
5,6,5318,0,0,300,0.5,572,0.32,486,0.18,1
5,7,2441,1,0,300,0.5,1700,0.5,1
5,8,9893,0,0,500,0.6,1000,0.2,1400,0.2,1
5,9,8280,0,0,300,0.5,572,0.32,486,0.18,1
5,10,9479,0,0,300,0.5,572,0.32,486,0.18,1
5,11,12158,0,0,500,0.6,1000,0.2,1400,0.2,1
6,0,14076,0,0,300,0.5,572,0.32,486,0.18,1
6,1,7246,2,10,5,0,300,0.5,1700,0.5,1
6,2,7532,0,0,300,0.5,572,0.32,486,0.18,1
6,3,7202,0,0,300,0.5,572,0.32,486,0.18,1
6,4,7213,2,10,5,0,300,0.5,572,0.32,486,0.18,1
6,5,350,1,0,300,0.5,572,0.32,486,0.18,1
6,6,13381,2,10,5,0,666,0.42,420,0.58,1
6,7,3296,0,0,300,0.5,1700,0.5,1
6,8,12750,2,10,5,0,300,0.5,572,0.32,486,0.18,1
6,9,13156,0,0,300,0.5,1700,0.5,1
6,10,12660,2,10,5,0,666,0.42,420,0.58,1
6,11,2522,1,0,500,0.6,1000,0.2,1400,0.2,1
7,0,1612,0,0,666,0.42,420,0.58,1
7,1,11756,2,10,5,0,300,0.5,1700,0.5,1
7,2,5739,0,0,300,0.5,1700,0.5,1
7,3,11223,2,10,5,0,300,0.5,1700,0.5,1
7,4,7610,0,0,300,0.5,1700,0.5,1
7,5,12970,2,10,5,0,666,0.42,420,0.58,1
7,6,52,0,0,300,0.5,572,0.32,486,0.18,1
7,7,13568,0,0,300,0.5,572,0.32,486,0.18,1
7,8,1073,0,0,300,0.5,572,0.32,486,0.18,1
7,9,9286,1,0,300,0.5,1700,0.5,1
7,10,13724,2,10,5,0,666,0.42,420,0.58,1
7,11,10495,2,10,5,0,666,0.42,420,0.58,1
8,0,9221,0,0,500,0.6,1000,0.2,1400,0.2,1
8,1,6528,0,0,500,0.6,1000,0.2,1400,0.2,1
8,2,10137,1,0,300,0.5,572,0.32,486,0.18,1
8,3,10324,0,0,300,0.5,572,0.32,486,0.18,1
8,4,6382,2,10,5,0,500,0.6,1000,0.2,1400,0.2,1
8,5,14609,0,0,500,0.6,1000,0.2,1400,0.2,1
8,6,9195,1,0,300,0.5,1700,0.5,1
8,7,14502,2,10,5,0,500,0.6,1000,0.2,1400,0.2,1
8,8,2477,2,10,5,0,300,0.5,1700,0.5,1
8,9,4143,1,0,300,0.5,1700,0.5,1
8,10,3288,2,10,5,0,300,0.5,572,0.32,486,0.18,1
8,11,6892,0,0,666,0.42,420,0.58,1
9,0,2384,2,10,5,0,300,0.5,1700,0.5,1
9,1,5709,0,0,300,0.5,572,0.32,486,0.18,1
9,2,192,0,0,666,0.42,420,0.58,1
9,3,7030,1,0,666,0.42,420,0.58,1
9,4,374,1,0,666,0.42,420,0.58,1
9,5,1296,2,10,5,0,666,0.42,420,0.58,1
9,6,6049,1,0,500,0.6,1000,0.2,1400,0.2,1
9,7,6568,2,10,5,0,300,0.5,1700,0.5,1
9,8,5434,2,10,5,0,300,0.5,1700,0.5,1
9,9,2884,1,0,666,0.42,420,0.58,1
9,10,3361,2,10,5,0,300,0.5,1700,0.5,1
9,11,11813,2,10,5,0,300,0.5,572,0.32,486,0.18,1
10,0,2988,2,10,5,0,300,0.5,572,0.32,486,0.18,1
10,1,3680,1,0,300,0.5,572,0.32,486,0.18,1
10,2,6782,2,10,5,0,300,0.5,1700,0.5,1
10,3,9436,2,10,5,0,500,0.6,1000,0.2,1400,0.2,1
10,4,12626,0,0,300,0.5,1700,0.5,1
10,5,1617,2,10,5,0,666,0.42,420,0.58,1
10,6,8952,0,0,300,0.5,572,0.32,486,0.18,1
10,7,5105,2,10,5,0,500,0.6,1000,0.2,1400,0.2,1
10,8,11655,0,0,500,0.6,1000,0.2,1400,0.2,1
10,9,10062,0,0,500,0.6,1000,0.2,1400,0.2,1
10,10,2139,2,10,5,0,300,0.5,1700,0.5,1
10,11,14584,1,0,666,0.42,420,0.58,1
11,0,14550,1,0,500,0.6,1000,0.2,1400,0.2,1
11,1,2722,2,10,5,0,666,0.42,420,0.58,1
11,2,10849,1,0,500,0.6,1000,0.2,1400,0.2,1
11,3,77,2,10,5,0,666,0.42,420,0.58,1
11,4,14670,2,10,5,0,500,0.6,1000,0.2,1400,0.2,1
11,5,3980,0,0,300,0.5,572,0.32,486,0.18,1
11,6,14103,0,0,666,0.42,420,0.58,1
11,7,5100,0,0,300,0.5,1700,0.5,1
11,8,13308,2,10,5,0,500,0.6,1000,0.2,1400,0.2,1
11,9,13221,0,0,666,0.42,420,0.58,1
11,10,3137,2,10,5,0,666,0.42,420,0.58,1
11,11,4375,0,0,300,0.5,1700,0.5,1
