0,0,7799,1,0,666,0.42,420,0.58,1
0,1,13126,1,0,666,0.42,420,0.58,1
0,2,14453,1,0,666,0.42,420,0.58,1
0,3,13955,0,0,300,0.5,1700,0.5,1
0,4,5123,1,0,500,0.6,1000,0.2,1400,0.2,1
0,5,4224,2,10,5,0,300,0.5,1700,0.5,1
0,6,10427,1,0,300,0.5,1700,0.5,1
0,7,12047,0,0,300,0.5,572,0.32,486,0.18,1
0,8,8025,0,0,666,0.42,420,0.58,1
0,9,14093,1,0,666,0.42,420,0.58,1
0,10,12064,2,10,5,0,300,0.5,1700,0.5,1
0,11,9526,1,0,666,0.42,420,0.58,1
1,0,6882,2,10,5,0,666,0.42,420,0.58,1
1,1,8957,1,0,300,0.5,1700,0.5,1
1,2,6153,0,0,666,0.42,420,0.58,0
1,3,1628,0,0,666,0.42,420,0.58,1
1,4,6346,1,0,300,0.5,572,0.32,486,0.18,1
1,5,4438,2,10,5,0,500,0.6,1000,0.2,1400,0.2,1
1,6,974,0,0,500,0.6,1000,0.2,1400,0.2,1
1,7,13574,0,0,500,0.6,1000,0.2,1400,0.2,1
1,8,6924,1,0,666,0.42,420,0.58,1
1,9,13456,1,0,300,0.5,1700,0.5,1
1,10,6483,0,0,300,0.5,1700,0.5,1
1,11,14652,1,0,300,0.5,1700,0.5,1
2,0,4440,2,10,5,0,500,0.6,1000,0.2,1400,0.2,1
2,1,5278,1,0,500,0.6,1000,0.2,1400,0.2,1
2,2,9183,2,10,5,0,300,0.5,572,0.32,486,0.18,1
2,3,10229,1,0,666,0.42,420,0.58,1
2,4,12017,2,10,5,0,666,0.42,420,0.58,1
2,5,807,1,0,300,0.5,572,0.32,486,0.18,1
2,6,14574,1,0,300,0.5,572,0.32,486,0.18,1
2,7,7773,1,0,500,0.6,1000,0.2,1400,0.2,1
2,8,6724,0,0,666,0.42,420,0.58,1
2,9,10873,1,0,500,0.6,1000,0.2,1400,0.2,1
2,10,11692,2,10,5,0,300,0.5,1700,0.5,1
2,11,1878,2,10,5,0,500,0.6,1000,0.2,1400,0.2,1
3,0,7046,0,0,500,0.6,1000,0.2,1400,0.2,1
3,1,13089,1,0,300,0.5,572,0.32,486,0.18,1
3,2,7723,0,0,300,0.5,572,0.32,486,0.18,1
3,3,9825,2,10,5,0,500,0.6,1000,0.2,1400,0.2,1
3,4,14137,0,0,500,0.6,1000,0.2,1400,0.2,1
3,5,9501,1,0,666,0.42,420,0.58,1
3,6,3599,2,10,5,0,666,0.42,420,0.58,1
3,7,12555,1,0,500,0.6,1000,0.2,1400,0.2,1
3,8,2820,1,0,300,0.5,572,0.32,486,0.18,1
3,9,1378,1,0,300,0.5,572,0.32,486,0.18,1
3,10,183,0,0,500,0.6,1000,0.2,1400,0.2,1
3,11,4107,2,10,5,0,666,0.42,420,0.58,1
4,0,2255,1,0,300,0.5,1700,0.5,1
4,1,5573,2,10,5,0,300,0.5,1700,0.5,1
4,2,382,2,10,5,0,666,0.42,420,0.58,1
4,3,9527,0,0,300,0.5,572,0.32,486,0.18,1
4,4,9607,0,0,666,0.42,420,0.58,1
4,5,14372,2,10,5,0,300,0.5,1700,0.5,1
4,6,13989,2,10,5,0,300,0.5,572,0.32,486,0.18,1
4,7,1775,1,0,666,0.42,420,0.58,1
4,8,5891,1,0,500,0.6,1000,0.2,1400,0.2,1
4,9,10770,2,10,5,0,666,0.42,420,0.58,1
4,10,3285,1,0,300,0.5,1700,0.5,1
4,11,4927,2,10,5,0,300,0.5,572,0.32,486,0.18,1
5,0,12967,1,0,300,0.5,572,0.32,486,0.18,1
5,1,10368,2,10,5,0,300,0.5,572,0.32,486,0.18,1
5,2,6376,0,0,666,0.42,420,0.58,1
5,3,10021,2,10,5,0,300,0.5,1700,0.5,1
5,4,12632,1,0,300,0.5,572,0.32,486,0.18,1
5,5,6478,2,10,5,0,300,0.5,1700,0.5,1
5,6,8004,1,0,666,0.42,420,0.58,1
5,7,5563,0,0,500,0.6,1000,0.2,1400,0.2,1
5,8,3106,0,0,500,0.6,1000,0.2,1400,0.2,1
5,9,10655,2,10,5,0,300,0.5,1700,0.5,1
5,10,10986,0,0,300,0.5,572,0.32,486,0.18,1
5,11,14211,0,0,300,0.5,1700,0.5,1
6,0,3791,0,0,300,0.5,1700,0.5,1
6,1,10020,0,0,500,0.6,1000,0.2,1400,0.2,1
6,2,2010,2,10,5,0,300,0.5,1700,0.5,1
6,3,2151,2,10,5,0,300,0.5,572,0.32,486,0.18,1
6,4,2447,0,0,300,0.5,1700,0.5,1
6,5,30,2,10,5,0,300,0.5,572,0.32,486,0.18,1
6,6,13288,2,10,5,0,500,0.6,1000,0.2,1400,0.2,1
6,7,6743,0,0,300,0.5,572,0.32,486,0.18,1
6,8,3206,0,0,500,0.6,1000,0.2,1400,0.2,1
6,9,7979,2,10,5,0,500,0.6,1000,0.2,1400,0.2,1
6,10,9431,2,10,5,0,300,0.5,1700,0.5,1
6,11,4328,0,0,300,0.5,572,0.32,486,0.18,1
7,0,4072,1,0,500,0.6,1000,0.2,1400,0.2,1
7,1,10407,0,0,300,0.5,572,0.32,486,0.18,1
7,2,754,2,10,5,0,666,0.42,420,0.58,1
7,3,5216,2,10,5,0,500,0.6,1000,0.2,1400,0.2,1
7,4,11873,0,0,500,0.6,1000,0.2,1400,0.2,1
7,5,13393,2,10,5,0,300,0.5,572,0.32,486,0.18,1
7,6,7841,0,0,300,0.5,1700,0.5,1
7,7,2299,1,0,500,0.6,1000,0.2,1400,0.2,1
7,8,2680,2,10,5,0,300,0.5,1700,0.5,1
7,9,14337,0,0,300,0.5,1700,0.5,1
7,10,5101,0,0,500,0.6,1000,0.2,1400,0.2,1
7,11,3366,0,0,666,0.42,420,0.58,1
8,0,1490,1,0,666,0.42,420,0.58,1
8,1,9868,1,0,300,0.5,572,0.32,486,0.18,1
8,2,3055,1,0,300,0.5,1700,0.5,1
8,3,4328,0,0,666,0.42,420,0.58,1
8,4,1805,1,0,300,0.5,1700,0.5,1
8,5,11030,2,10,5,0,666,0.42,420,0.58,1
8,6,5982,1,0,300,0.5,572,0.32,486,0.18,1
8,7,8471,1,0,300,0.5,1700,0.5,1
8,8,7818,2,10,5,0,300,0.5,1700,0.5,1
8,9,10277,1,0,666,0.42,420,0.58,1
8,10,11388,0,0,666,0.42,420,0.58,1
8,11,7663,0,0,300,0.5,572,0.32,486,0.18,1
9,0,7513,2,10,5,0,500,0.6,1000,0.2,1400,0.2,1
9,1,8502,2,10,5,0,500,0.6,1000,0.2,1400,0.2,1
9,2,4324,0,0,300,0.5,1700,0.5,1
9,3,3179,0,0,666,0.42,420,0.58,1
9,4,2566,2,10,5,0,500,0.6,1000,0.2,1400,0.2,1
9,5,8595,2,10,5,0,500,0.6,1000,0.2,1400,0.2,1
9,6,12269,0,0,300,0.5,572,0.32,486,0.18,1
9,7,11670,1,0,300,0.5,1700,0.5,1
9,8,9789,1,0,666,0.42,420,0.58,1
9,9,2471,2,10,5,0,666,0.42,420,0.58,1
9,10,13502,2,10,5,0,666,0.42,420,0.58,1
9,11,14986,2,10,5,0,500,0.6,1000,0.2,1400,0.2,1
10,0,11343,1,0,500,0.6,1000,0.2,1400,0.2,1
10,1,13293,2,10,5,0,666,0.42,420,0.58,1
10,2,11071,2,10,5,0,300,0.5,572,0.32,486,0.18,1
10,3,8442,2,10,5,0,300,0.5,572,0.32,486,0.18,1
10,4,951,1,0,666,0.42,420,0.58,1
10,5,4241,1,0,666,0.42,420,0.58,1
10,6,14469,2,10,5,0,300,0.5,572,0.32,486,0.18,1
10,7,11441,0,0,500,0.6,1000,0.2,1400,0.2,1
10,8,329,2,10,5,0,666,0.42,420,0.58,1
10,9,928,2,10,5,0,500,0.6,1000,0.2,1400,0.2,1
10,10,12416,1,0,500,0.6,1000,0.2,1400,0.2,1
10,11,14148,2,10,5,0,666,0.42,420,0.58,1
11,0,692,2,10,5,0,666,0.42,420,0.58,1
11,1,14689,1,0,300,0.5,572,0.32,486,0.18,1
11,2,12671,0,0,300,0.5,1700,0.5,1
11,3,13419,0,0,666,0.42,420,0.58,1
11,4,2709,2,10,5,0,500,0.6,1000,0.2,1400,0.2,1
11,5,6905,2,10,5,0,666,0.42,420,0.58,1
11,6,2415,0,0,500,0.6,1000,0.2,1400,0.2,1
11,7,11119,2,10,5,0,500,0.6,1000,0.2,1400,0.2,1
11,8,9786,1,0,500,0.6,1000,0.2,1400,0.2,1
11,9,14114,0,0,300,0.5,1700,0.5,1
11,10,13527,0,0,666,0.42,420,0.58,1
11,11,3107,2,10,5,0,666,0.42,420,0.58,1
