0,0,5796,1,0,300,0.5,572,0.32,486,0.18,1
0,1,11723,0,0,300,0.5,572,0.32,486,0.18,1
0,2,14163,1,0,300,0.5,572,0.32,486,0.18,1
0,3,12593,0,0,666,0.42,420,0.58,1
0,4,8034,0,0,300,0.5,572,0.32,486,0.18,1
0,5,5654,2,10,5,0,300,0.5,572,0.32,486,0.18,1
0,6,5518,1,0,500,0.6,1000,0.2,1400,0.2,1
0,7,12107,0,0,300,0.5,572,0.32,486,0.18,1
0,8,547,1,0,500,0.6,1000,0.2,1400,0.2,1
0,9,8852,0,0,300,0.5,572,0.32,486,0.18,1
0,10,76,0,0,666,0.42,420,0.58,1
0,11,7838,0,0,300,0.5,572,0.32,486,0.18,1
1,0,5392,2,10,5,0,500,0.6,1000,0.2,1400,0.2,1
1,1,11226,0,0,300,0.5,572,0.32,486,0.18,1
1,2,11959,2,10,5,0,300,0.5,572,0.32,486,0.18,0
1,3,6039,1,0,666,0.42,420,0.58,1
1,4,7885,1,0,666,0.42,420,0.58,1
1,5,7278,2,10,5,0,300,0.5,1700,0.5,1
1,6,524,1,0,500,0.6,1000,0.2,1400,0.2,1
1,7,12088,0,0,666,0.42,420,0.58,1
1,8,1657,0,0,300,0.5,1700,0.5,1
1,9,4077,0,0,500,0.6,1000,0.2,1400,0.2,1
1,10,11613,2,10,5,0,500,0.6,1000,0.2,1400,0.2,1
1,11,801,0,0,300,0.5,1700,0.5,1
2,0,13049,2,10,5,0,666,0.42,420,0.58,1
2,1,10284,2,10,5,0,300,0.5,572,0.32,486,0.18,1
2,2,11481,1,0,300,0.5,1700,0.5,1
2,3,10376,0,0,500,0.6,1000,0.2,1400,0.2,1
2,4,2628,1,0,500,0.6,1000,0.2,1400,0.2,1
2,5,8461,0,0,300,0.5,572,0.32,486,0.18,1
2,6,10580,1,0,666,0.42,420,0.58,1
2,7,12609,0,0,300,0.5,1700,0.5,1
2,8,40,1,0,300,0.5,1700,0.5,1
2,9,1950,2,10,5,0,300,0.5,572,0.32,486,0.18,1
2,10,13222,0,0,300,0.5,1700,0.5,1
2,11,927,2,10,5,0,300,0.5,572,0.32,486,0.18,1
3,0,8891,1,0,300,0.5,1700,0.5,1
3,1,1643,1,0,666,0.42,420,0.58,1
3,2,1796,2,10,5,0,666,0.42,420,0.58,1
3,3,6869,0,0,300,0.5,1700,0.5,1
3,4,13323,0,0,500,0.6,1000,0.2,1400,0.2,1
3,5,8906,0,0,500,0.6,1000,0.2,1400,0.2,1
3,6,7545,2,10,5,0,500,0.6,1000,0.2,1400,0.2,1
3,7,10991,2,10,5,0,500,0.6,1000,0.2,1400,0.2,1
3,8,12092,2,10,5,0,300,0.5,1700,0.5,1
3,9,8141,0,0,300,0.5,572,0.32,486,0.18,1
3,10,5890,1,0,500,0.6,1000,0.2,1400,0.2,1
3,11,3197,0,0,500,0.6,1000,0.2,1400,0.2,1
4,0,11618,0,0,666,0.42,420,0.58,1
4,1,11742,1,0,500,0.6,1000,0.2,1400,0.2,1
4,2,2430,2,10,5,0,300,0.5,572,0.32,486,0.18,1
4,3,11275,2,10,5,0,300,0.5,1700,0.5,1
4,4,11183,1,0,500,0.6,1000,0.2,1400,0.2,1
4,5,3213,2,10,5,0,666,0.42,420,0.58,1
4,6,2713,1,0,300,0.5,1700,0.5,1
4,7,11083,1,0,666,0.42,420,0.58,1
4,8,700,2,10,5,0,500,0.6,1000,0.2,1400,0.2,1
4,9,1561,0,0,666,0.42,420,0.58,1
4,10,10804,0,0,500,0.6,1000,0.2,1400,0.2,1
4,11,4898,0,0,666,0.42,420,0.58,1
5,0,5668,1,0,500,0.6,1000,0.2,1400,0.2,1
5,1,10421,1,0,666,0.42,420,0.58,1
5,2,7131,0,0,666,0.42,420,0.58,1
5,3,7048,2,10,5,0,300,0.5,572,0.32,486,0.18,1
5,4,8721,2,10,5,0,666,0.42,420,0.58,1
5,5,6890,2,10,5,0,300,0.5,1700,0.5,1
5,6,1572,2,10,5,0,500,0.6,1000,0.2,1400,0.2,1
5,7,847,0,0,300,0.5,572,0.32,486,0.18,1
5,8,14791,0,0,300,0.5,1700,0.5,1
5,9,5746,0,0,500,0.6,1000,0.2,1400,0.2,1
5,10,10829,1,0,300,0.5,572,0.32,486,0.18,1
5,11,12173,2,10,5,0,300,0.5,1700,0.5,1
6,0,13638,0,0,500,0.6,1000,0.2,1400,0.2,1
6,1,3018,1,0,500,0.6,1000,0.2,1400,0.2,1
6,2,5085,0,0,500,0.6,1000,0.2,1400,0.2,1
6,3,8873,0,0,300,0.5,572,0.32,486,0.18,1
6,4,4720,1,0,300,0.5,572,0.32,486,0.18,1
6,5,8835,1,0,300,0.5,1700,0.5,1
6,6,12740,2,10,5,0,500,0.6,1000,0.2,1400,0.2,1
6,7,14015,2,10,5,0,500,0.6,1000,0.2,1400,0.2,1
6,8,943,2,10,5,0,500,0.6,1000,0.2,1400,0.2,1
6,9,2217,2,10,5,0,300,0.5,1700,0.5,1
6,10,14703,1,0,300,0.5,1700,0.5,1
6,11,11811,0,0,300,0.5,572,0.32,486,0.18,1
7,0,1877,1,0,300,0.5,1700,0.5,1
7,1,2276,2,10,5,0,666,0.42,420,0.58,1
7,2,8643,0,0,500,0.6,1000,0.2,1400,0.2,1
7,3,5593,2,10,5,0,300,0.5,572,0.32,486,0.18,1
7,4,13017,1,0,300,0.5,572,0.32,486,0.18,1
7,5,13404,2,10,5,0,500,0.6,1000,0.2,1400,0.2,1
7,6,12440,2,10,5,0,300,0.5,1700,0.5,1
7,7,5716,0,0,500,0.6,1000,0.2,1400,0.2,1
7,8,12838,1,0,500,0.6,1000,0.2,1400,0.2,1
7,9,7430,0,0,666,0.42,420,0.58,1
7,10,9081,2,10,5,0,500,0.6,1000,0.2,1400,0.2,1
7,11,13735,1,0,500,0.6,1000,0.2,1400,0.2,1
8,0,12303,2,10,5,0,666,0.42,420,0.58,1
8,1,10883,2,10,5,0,300,0.5,572,0.32,486,0.18,1
8,2,5312,1,0,666,0.42,420,0.58,1
8,3,1681,1,0,500,0.6,1000,0.2,1400,0.2,1
8,4,14237,2,10,5,0,500,0.6,1000,0.2,1400,0.2,1
8,5,2040,0,0,666,0.42,420,0.58,1
8,6,550,2,10,5,0,300,0.5,572,0.32,486,0.18,1
8,7,13544,0,0,300,0.5,1700,0.5,1
8,8,5003,1,0,300,0.5,1700,0.5,1
8,9,10400,2,10,5,0,500,0.6,1000,0.2,1400,0.2,1
8,10,7507,0,0,300,0.5,572,0.32,486,0.18,1
8,11,12483,0,0,666,0.42,420,0.58,1
9,0,9881,0,0,500,0.6,1000,0.2,1400,0.2,1
9,1,12279,1,0,300,0.5,572,0.32,486,0.18,1
9,2,8234,2,10,5,0,300,0.5,1700,0.5,1
9,3,13655,1,0,500,0.6,1000,0.2,1400,0.2,1
9,4,3254,0,0,500,0.6,1000,0.2,1400,0.2,1
9,5,5013,0,0,500,0.6,1000,0.2,1400,0.2,1
9,6,4855,2,10,5,0,666,0.42,420,0.58,1
9,7,10091,0,0,500,0.6,1000,0.2,1400,0.2,1
9,8,8071,1,0,666,0.42,420,0.58,1
9,9,14463,0,0,666,0.42,420,0.58,1
9,10,10699,1,0,500,0.6,1000,0.2,1400,0.2,1
9,11,5011,0,0,666,0.42,420,0.58,1
10,0,14768,0,0,300,0.5,1700,0.5,1
10,1,9194,0,0,666,0.42,420,0.58,1
10,2,11321,1,0,300,0.5,1700,0.5,1
10,3,12580,1,0,666,0.42,420,0.58,1
10,4,3907,0,0,300,0.5,572,0.32,486,0.18,1
10,5,12259,1,0,500,0.6,1000,0.2,1400,0.2,1
10,6,2854,2,10,5,0,500,0.6,1000,0.2,1400,0.2,1
10,7,10246,2,10,5,0,300,0.5,1700,0.5,1
10,8,1854,1,0,666,0.42,420,0.58,1
10,9,6278,2,10,5,0,300,0.5,1700,0.5,1
10,10,10079,1,0,300,0.5,572,0.32,486,0.18,1
10,11,1724,0,0,666,0.42,420,0.58,1
11,0,1821,2,10,5,0,666,0.42,420,0.58,1
11,1,11403,2,10,5,0,300,0.5,572,0.32,486,0.18,1
11,2,14617,0,0,300,0.5,1700,0.5,1
11,3,5678,0,0,666,0.42,420,0.58,1
11,4,3243,1,0,666,0.42,420,0.58,1
11,5,1216,2,10,5,0,300,0.5,572,0.32,486,0.18,1
11,6,12811,0,0,500,0.6,1000,0.2,1400,0.2,1
11,7,9668,0,0,500,0.6,1000,0.2,1400,0.2,1
11,8,5905,2,10,5,0,300,0.5,1700,0.5,1
11,9,3543,2,10,5,0,300,0.5,572,0.32,486,0.18,1
11,10,7742,2,10,5,0,300,0.5,572,0.32,486,0.18,1
11,11,7015,0,0,300,0.5,572,0.32,486,0.18,1
