0,0,5396,2,10,5,0,300,0.5,1700,0.5,1
0,1,5521,0,0,500,0.6,1000,0.2,1400,0.2,1
0,2,7476,0,0,500,0.6,1000,0.2,1400,0.2,1
0,3,8363,1,0,300,0.5,1700,0.5,1
0,4,13179,2,10,5,0,666,0.42,420,0.58,1
0,5,3060,0,0,300,0.5,1700,0.5,1
0,6,170,0,0,300,0.5,572,0.32,486,0.18,1
0,7,420,0,0,500,0.6,1000,0.2,1400,0.2,1
0,8,5529,1,0,500,0.6,1000,0.2,1400,0.2,1
0,9,6824,2,10,5,0,666,0.42,420,0.58,1
0,10,8700,2,10,5,0,300,0.5,572,0.32,486,0.18,1
0,11,6869,1,0,300,0.5,572,0.32,486,0.18,1
1,0,5108,2,10,5,0,500,0.6,1000,0.2,1400,0.2,1
1,1,4554,0,0,666,0.42,420,0.58,1
1,2,7816,1,0,666,0.42,420,0.58,0
1,3,11012,1,0,500,0.6,1000,0.2,1400,0.2,1
1,4,2557,1,0,500,0.6,1000,0.2,1400,0.2,1
1,5,5956,0,0,500,0.6,1000,0.2,1400,0.2,1
1,6,5542,1,0,300,0.5,572,0.32,486,0.18,1
1,7,13656,0,0,300,0.5,572,0.32,486,0.18,1
1,8,8742,2,10,5,0,666,0.42,420,0.58,1
1,9,10505,2,10,5,0,500,0.6,1000,0.2,1400,0.2,1
1,10,6368,1,0,300,0.5,1700,0.5,1
1,11,10142,2,10,5,0,500,0.6,1000,0.2,1400,0.2,1
2,0,4253,1,0,666,0.42,420,0.58,1
2,1,225,2,10,5,0,666,0.42,420,0.58,1
2,2,310,0,0,300,0.5,572,0.32,486,0.18,1
2,3,13078,2,10,5,0,300,0.5,572,0.32,486,0.18,1
2,4,14691,2,10,5,0,500,0.6,1000,0.2,1400,0.2,1
2,5,2382,1,0,500,0.6,1000,0.2,1400,0.2,1
2,6,8446,1,0,300,0.5,572,0.32,486,0.18,1
2,7,1707,2,10,5,0,300,0.5,1700,0.5,1
2,8,7493,2,10,5,0,300,0.5,572,0.32,486,0.18,1
2,9,7712,1,0,300,0.5,572,0.32,486,0.18,1
2,10,6035,2,10,5,0,666,0.42,420,0.58,1
2,11,13059,2,10,5,0,300,0.5,1700,0.5,1
3,0,11008,1,0,300,0.5,572,0.32,486,0.18,1
3,1,1163,2,10,5,0,300,0.5,1700,0.5,1
3,2,4500,1,0,300,0.5,572,0.32,486,0.18,1
3,3,6129,1,0,300,0.5,572,0.32,486,0.18,1
3,4,9311,0,0,666,0.42,420,0.58,1
3,5,5292,2,10,5,0,300,0.5,572,0.32,486,0.18,1
3,6,13084,0,0,500,0.6,1000,0.2,1400,0.2,1
3,7,10046,1,0,666,0.42,420,0.58,1
3,8,11126,0,0,300,0.5,1700,0.5,1
3,9,14638,1,0,500,0.6,1000,0.2,1400,0.2,1
3,10,201,1,0,500,0.6,1000,0.2,1400,0.2,1
3,11,12872,1,0,300,0.5,1700,0.5,1
4,0,920,2,10,5,0,500,0.6,1000,0.2,1400,0.2,1
4,1,5723,1,0,500,0.6,1000,0.2,1400,0.2,1
4,2,4943,0,0,500,0.6,1000,0.2,1400,0.2,1
4,3,1916,2,10,5,0,300,0.5,572,0.32,486,0.18,1
4,4,3478,2,10,5,0,300,0.5,1700,0.5,1
4,5,9971,0,0,300,0.5,1700,0.5,1
4,6,12343,1,0,300,0.5,1700,0.5,1
4,7,6782,0,0,300,0.5,572,0.32,486,0.18,1
4,8,5979,1,0,300,0.5,1700,0.5,1
4,9,13968,2,10,5,0,300,0.5,572,0.32,486,0.18,1
4,10,13000,1,0,300,0.5,572,0.32,486,0.18,1
4,11,12746,1,0,500,0.6,1000,0.2,1400,0.2,1
5,0,3672,2,10,5,0,666,0.42,420,0.58,1
5,1,9331,1,0,300,0.5,572,0.32,486,0.18,1
5,2,7604,2,10,5,0,666,0.42,420,0.58,1
5,3,14595,0,0,300,0.5,1700,0.5,1
5,4,14872,2,10,5,0,300,0.5,1700,0.5,1
5,5,802,2,10,5,0,300,0.5,572,0.32,486,0.18,1
5,6,10192,2,10,5,0,300,0.5,572,0.32,486,0.18,1
5,7,8242,1,0,500,0.6,1000,0.2,1400,0.2,1
5,8,8466,2,10,5,0,500,0.6,1000,0.2,1400,0.2,1
5,9,5442,1,0,300,0.5,572,0.32,486,0.18,1
5,10,10648,1,0,666,0.42,420,0.58,1
5,11,12061,2,10,5,0,500,0.6,1000,0.2,1400,0.2,1
6,0,13853,0,0,500,0.6,1000,0.2,1400,0.2,1
6,1,8319,1,0,300,0.5,572,0.32,486,0.18,1
6,2,325,1,0,500,0.6,1000,0.2,1400,0.2,1
6,3,1330,1,0,500,0.6,1000,0.2,1400,0.2,1
6,4,8503,2,10,5,0,500,0.6,1000,0.2,1400,0.2,1
6,5,6869,2,10,5,0,666,0.42,420,0.58,1
6,6,11057,0,0,300,0.5,572,0.32,486,0.18,1
6,7,3727,0,0,300,0.5,572,0.32,486,0.18,1
6,8,11392,0,0,500,0.6,1000,0.2,1400,0.2,1
6,9,13,1,0,300,0.5,1700,0.5,1
6,10,3723,2,10,5,0,666,0.42,420,0.58,1
6,11,10654,0,0,500,0.6,1000,0.2,1400,0.2,1
7,0,6442,1,0,666,0.42,420,0.58,1
7,1,587,2,10,5,0,300,0.5,572,0.32,486,0.18,1
7,2,5308,0,0,300,0.5,572,0.32,486,0.18,1
7,3,7303,0,0,300,0.5,1700,0.5,1
7,4,480,2,10,5,0,500,0.6,1000,0.2,1400,0.2,1
7,5,3636,0,0,666,0.42,420,0.58,1
7,6,9674,1,0,666,0.42,420,0.58,1
7,7,12138,2,10,5,0,300,0.5,572,0.32,486,0.18,1
7,8,14003,2,10,5,0,300,0.5,1700,0.5,1
7,9,9520,2,10,5,0,300,0.5,1700,0.5,1
7,10,12909,2,10,5,0,500,0.6,1000,0.2,1400,0.2,1
7,11,6173,2,10,5,0,500,0.6,1000,0.2,1400,0.2,1
8,0,553,0,0,300,0.5,572,0.32,486,0.18,1
8,1,3704,0,0,500,0.6,1000,0.2,1400,0.2,1
8,2,11258,2,10,5,0,300,0.5,572,0.32,486,0.18,1
8,3,7198,0,0,300,0.5,572,0.32,486,0.18,1
8,4,1394,2,10,5,0,666,0.42,420,0.58,1
8,5,4413,2,10,5,0,300,0.5,572,0.32,486,0.18,1
8,6,9158,1,0,500,0.6,1000,0.2,1400,0.2,1
8,7,2250,0,0,300,0.5,1700,0.5,1
8,8,382,0,0,666,0.42,420,0.58,1
8,9,5197,1,0,300,0.5,1700,0.5,1
8,10,8259,2,10,5,0,500,0.6,1000,0.2,1400,0.2,1
8,11,4833,2,10,5,0,500,0.6,1000,0.2,1400,0.2,1
9,0,13262,1,0,300,0.5,1700,0.5,1
9,1,8728,1,0,300,0.5,1700,0.5,1
9,2,6198,1,0,500,0.6,1000,0.2,1400,0.2,1
9,3,9582,0,0,300,0.5,572,0.32,486,0.18,1
9,4,4657,1,0,666,0.42,420,0.58,1
9,5,1624,0,0,300,0.5,1700,0.5,1
9,6,11448,2,10,5,0,300,0.5,572,0.32,486,0.18,1
9,7,10450,2,10,5,0,666,0.42,420,0.58,1
9,8,11333,0,0,300,0.5,1700,0.5,1
9,9,1961,1,0,666,0.42,420,0.58,1
9,10,6024,2,10,5,0,300,0.5,1700,0.5,1
9,11,4016,1,0,500,0.6,1000,0.2,1400,0.2,1
10,0,320,1,0,300,0.5,572,0.32,486,0.18,1
10,1,13447,0,0,500,0.6,1000,0.2,1400,0.2,1
10,2,1072,2,10,5,0,300,0.5,572,0.32,486,0.18,1
10,3,11247,1,0,300,0.5,572,0.32,486,0.18,1
10,4,9335,1,0,500,0.6,1000,0.2,1400,0.2,1
10,5,1989,2,10,5,0,300,0.5,1700,0.5,1
10,6,7254,1,0,300,0.5,572,0.32,486,0.18,1
10,7,1513,2,10,5,0,300,0.5,572,0.32,486,0.18,1
10,8,8283,2,10,5,0,500,0.6,1000,0.2,1400,0.2,1
10,9,1109,2,10,5,0,300,0.5,1700,0.5,1
10,10,12793,1,0,666,0.42,420,0.58,1
10,11,11139,1,0,300,0.5,572,0.32,486,0.18,1
11,0,13553,1,0,500,0.6,1000,0.2,1400,0.2,1
11,1,3173,0,0,300,0.5,1700,0.5,1
11,2,4696,2,10,5,0,300,0.5,572,0.32,486,0.18,1
11,3,14590,2,10,5,0,666,0.42,420,0.58,1
11,4,1130,2,10,5,0,666,0.42,420,0.58,1
11,5,1310,2,10,5,0,300,0.5,1700,0.5,1
11,6,14004,0,0,666,0.42,420,0.58,1
11,7,280,0,0,666,0.42,420,0.58,1
11,8,10674,1,0,666,0.42,420,0.58,1
11,9,10862,2,10,5,0,666,0.42,420,0.58,1
11,10,7113,2,10,5,0,666,0.42,420,0.58,1
11,11,1012,2,10,5,0,500,0.6,1000,0.2,1400,0.2,1
