0,0,8418,2,10,5,0,300,0.5,572,0.32,486,0.18,1
0,1,7405,0,0,300,0.5,572,0.32,486,0.18,1
0,2,10443,1,0,300,0.5,1700,0.5,1
0,3,78,2,10,5,0,666,0.42,420,0.58,1
0,4,2439,1,0,666,0.42,420,0.58,1
0,5,3369,0,0,666,0.42,420,0.58,1
0,6,7318,1,0,500,0.6,1000,0.2,1400,0.2,1
0,7,9039,1,0,500,0.6,1000,0.2,1400,0.2,1
0,8,6450,0,0,300,0.5,1700,0.5,1
0,9,9367,1,0,666,0.42,420,0.58,1
0,10,273,1,0,500,0.6,1000,0.2,1400,0.2,1
0,11,532,2,10,5,0,666,0.42,420,0.58,1
1,0,3880,1,0,300,0.5,1700,0.5,1
1,1,4679,1,0,300,0.5,1700,0.5,1
1,2,870,2,10,5,0,500,0.6,1000,0.2,1400,0.2,0
1,3,14611,0,0,300,0.5,1700,0.5,1
1,4,2237,2,10,5,0,500,0.6,1000,0.2,1400,0.2,1
1,5,14672,0,0,666,0.42,420,0.58,1
1,6,2081,0,0,500,0.6,1000,0.2,1400,0.2,1
1,7,11659,1,0,300,0.5,1700,0.5,1
1,8,12542,0,0,500,0.6,1000,0.2,1400,0.2,1
1,9,11370,0,0,300,0.5,572,0.32,486,0.18,1
1,10,7605,2,10,5,0,300,0.5,572,0.32,486,0.18,1
1,11,13299,1,0,300,0.5,1700,0.5,1
2,0,10161,0,0,300,0.5,1700,0.5,1
2,1,12944,1,0,300,0.5,572,0.32,486,0.18,1
2,2,13334,1,0,500,0.6,1000,0.2,1400,0.2,1
2,3,10173,0,0,300,0.5,1700,0.5,1
2,4,10308,0,0,300,0.5,572,0.32,486,0.18,1
2,5,5455,2,10,5,0,300,0.5,572,0.32,486,0.18,1
2,6,2905,0,0,300,0.5,572,0.32,486,0.18,1
2,7,5502,0,0,300,0.5,1700,0.5,1
2,8,14385,1,0,500,0.6,1000,0.2,1400,0.2,1
2,9,4196,1,0,300,0.5,1700,0.5,1
2,10,5516,2,10,5,0,300,0.5,1700,0.5,1
2,11,11503,0,0,300,0.5,1700,0.5,1
3,0,13805,0,0,500,0.6,1000,0.2,1400,0.2,1
3,1,12608,0,0,500,0.6,1000,0.2,1400,0.2,1
3,2,9594,0,0,666,0.42,420,0.58,1
3,3,6388,2,10,5,0,300,0.5,572,0.32,486,0.18,1
3,4,895,2,10,5,0,666,0.42,420,0.58,1
3,5,1978,2,10,5,0,300,0.5,1700,0.5,1
3,6,1552,0,0,500,0.6,1000,0.2,1400,0.2,1
3,7,433,1,0,500,0.6,1000,0.2,1400,0.2,1
3,8,12791,2,10,5,0,300,0.5,1700,0.5,1
3,9,12379,0,0,500,0.6,1000,0.2,1400,0.2,1
3,10,12728,1,0,300,0.5,572,0.32,486,0.18,1
3,11,722,1,0,300,0.5,1700,0.5,1
4,0,13116,2,10,5,0,300,0.5,1700,0.5,1
4,1,3383,0,0,500,0.6,1000,0.2,1400,0.2,1
4,2,2734,1,0,300,0.5,1700,0.5,1
4,3,8437,0,0,300,0.5,1700,0.5,1
4,4,12919,1,0,666,0.42,420,0.58,1
4,5,65,2,10,5,0,500,0.6,1000,0.2,1400,0.2,1
4,6,4211,2,10,5,0,300,0.5,572,0.32,486,0.18,1
4,7,4629,1,0,300,0.5,572,0.32,486,0.18,1
4,8,6525,0,0,300,0.5,1700,0.5,1
4,9,12698,0,0,300,0.5,572,0.32,486,0.18,1
4,10,4280,2,10,5,0,300,0.5,1700,0.5,1
4,11,10734,1,0,300,0.5,1700,0.5,1
5,0,10308,2,10,5,0,300,0.5,572,0.32,486,0.18,1
5,1,4968,1,0,300,0.5,1700,0.5,1
5,2,10246,1,0,300,0.5,1700,0.5,1
5,3,9719,1,0,300,0.5,572,0.32,486,0.18,1
5,4,7124,0,0,300,0.5,572,0.32,486,0.18,1
5,5,5017,2,10,5,0,500,0.6,1000,0.2,1400,0.2,1
5,6,5710,0,0,300,0.5,1700,0.5,1
5,7,1857,2,10,5,0,666,0.42,420,0.58,1
5,8,12885,2,10,5,0,666,0.42,420,0.58,1
5,9,621,2,10,5,0,500,0.6,1000,0.2,1400,0.2,1
5,10,4219,0,0,666,0.42,420,0.58,1
5,11,13531,1,0,300,0.5,572,0.32,486,0.18,1
6,0,6962,0,0,500,0.6,1000,0.2,1400,0.2,1
6,1,8976,1,0,300,0.5,1700,0.5,1
6,2,2582,2,10,5,0,666,0.42,420,0.58,1
6,3,4009,2,10,5,0,666,0.42,420,0.58,1
6,4,6838,1,0,300,0.5,572,0.32,486,0.18,1
6,5,13456,2,10,5,0,300,0.5,1700,0.5,1
6,6,11352,1,0,500,0.6,1000,0.2,1400,0.2,1
6,7,537,0,0,666,0.42,420,0.58,1
6,8,6142,1,0,300,0.5,572,0.32,486,0.18,1
6,9,2607,0,0,666,0.42,420,0.58,1
6,10,9079,1,0,666,0.42,420,0.58,1
6,11,5320,1,0,500,0.6,1000,0.2,1400,0.2,1
7,0,13299,0,0,500,0.6,1000,0.2,1400,0.2,1
7,1,7555,1,0,666,0.42,420,0.58,1
7,2,784,1,0,300,0.5,1700,0.5,1
7,3,4385,1,0,300,0.5,1700,0.5,1
7,4,9860,0,0,300,0.5,572,0.32,486,0.18,1
7,5,4335,0,0,666,0.42,420,0.58,1
7,6,2063,2,10,5,0,666,0.42,420,0.58,1
7,7,4691,0,0,300,0.5,572,0.32,486,0.18,1
7,8,8749,0,0,666,0.42,420,0.58,1
7,9,7206,1,0,500,0.6,1000,0.2,1400,0.2,1
7,10,13893,0,0,300,0.5,572,0.32,486,0.18,1
7,11,6057,1,0,300,0.5,1700,0.5,1
8,0,2932,0,0,300,0.5,1700,0.5,1
8,1,482,2,10,5,0,300,0.5,572,0.32,486,0.18,1
8,2,14799,0,0,666,0.42,420,0.58,1
8,3,12860,1,0,300,0.5,1700,0.5,1
8,4,2942,1,0,500,0.6,1000,0.2,1400,0.2,1
8,5,711,1,0,300,0.5,572,0.32,486,0.18,1
8,6,5226,1,0,300,0.5,1700,0.5,1
8,7,3001,2,10,5,0,666,0.42,420,0.58,1
8,8,10852,0,0,300,0.5,572,0.32,486,0.18,1
8,9,5125,2,10,5,0,300,0.5,1700,0.5,1
8,10,915,2,10,5,0,300,0.5,1700,0.5,1
8,11,10440,2,10,5,0,500,0.6,1000,0.2,1400,0.2,1
9,0,8196,0,0,666,0.42,420,0.58,1
9,1,10423,2,10,5,0,666,0.42,420,0.58,1
9,2,284,1,0,500,0.6,1000,0.2,1400,0.2,1
9,3,683,1,0,300,0.5,1700,0.5,1
9,4,3981,2,10,5,0,500,0.6,1000,0.2,1400,0.2,1
9,5,14179,1,0,300,0.5,1700,0.5,1
9,6,11583,2,10,5,0,500,0.6,1000,0.2,1400,0.2,1
9,7,341,0,0,500,0.6,1000,0.2,1400,0.2,1
9,8,4867,0,0,300,0.5,1700,0.5,1
9,9,5994,0,0,300,0.5,1700,0.5,1
9,10,6064,1,0,666,0.42,420,0.58,1
9,11,11040,1,0,666,0.42,420,0.58,1
10,0,2198,1,0,500,0.6,1000,0.2,1400,0.2,1
10,1,8994,2,10,5,0,500,0.6,1000,0.2,1400,0.2,1
10,2,13530,2,10,5,0,300,0.5,1700,0.5,1
10,3,1589,2,10,5,0,500,0.6,1000,0.2,1400,0.2,1
10,4,11981,2,10,5,0,300,0.5,1700,0.5,1
10,5,13680,0,0,666,0.42,420,0.58,1
10,6,14905,1,0,300,0.5,572,0.32,486,0.18,1
10,7,8004,2,10,5,0,300,0.5,572,0.32,486,0.18,1
10,8,8874,1,0,300,0.5,572,0.32,486,0.18,1
10,9,1095,2,10,5,0,666,0.42,420,0.58,1
10,10,6086,2,10,5,0,666,0.42,420,0.58,1
10,11,10870,0,0,300,0.5,1700,0.5,1
11,0,12243,0,0,300,0.5,572,0.32,486,0.18,1
11,1,582,1,0,300,0.5,1700,0.5,1
11,2,14164,0,0,666,0.42,420,0.58,1
11,3,12602,0,0,300,0.5,572,0.32,486,0.18,1
11,4,2919,0,0,500,0.6,1000,0.2,1400,0.2,1
11,5,2038,2,10,5,0,300,0.5,1700,0.5,1
11,6,14915,2,10,5,0,500,0.6,1000,0.2,1400,0.2,1
11,7,10021,1,0,300,0.5,1700,0.5,1
11,8,6030,2,10,5,0,666,0.42,420,0.58,1
11,9,5449,1,0,300,0.5,572,0.32,486,0.18,1
11,10,4333,2,10,5,0,666,0.42,420,0.58,1
11,11,996,1,0,666,0.42,420,0.58,1
