0,0,9654,2,10,5,0,300,0.5,572,0.32,486,0.18,1
0,1,6617,2,10,5,0,300,0.5,1700,0.5,1
0,2,1921,2,10,5,0,666,0.42,420,0.58,1
0,3,9554,1,0,300,0.5,1700,0.5,1
0,4,8039,1,0,300,0.5,1700,0.5,1
0,5,13010,1,0,300,0.5,572,0.32,486,0.18,1
0,6,10756,0,0,666,0.42,420,0.58,1
0,7,2596,0,0,300,0.5,1700,0.5,1
0,8,1160,0,0,300,0.5,572,0.32,486,0.18,1
0,9,53,1,0,300,0.5,572,0.32,486,0.18,1
0,10,13020,0,0,666,0.42,420,0.58,1
0,11,14397,1,0,500,0.6,1000,0.2,1400,0.2,1
1,0,9052,0,0,500,0.6,1000,0.2,1400,0.2,1
1,1,12214,2,10,5,0,300,0.5,1700,0.5,1
1,2,8287,1,0,300,0.5,572,0.32,486,0.18,0
1,3,13767,0,0,300,0.5,572,0.32,486,0.18,1
1,4,4744,2,10,5,0,300,0.5,572,0.32,486,0.18,1
1,5,13876,0,0,666,0.42,420,0.58,1
1,6,11565,0,0,666,0.42,420,0.58,1
1,7,6671,0,0,666,0.42,420,0.58,1
1,8,3728,2,10,5,0,300,0.5,1700,0.5,1
1,9,2653,0,0,500,0.6,1000,0.2,1400,0.2,1
1,10,1738,1,0,300,0.5,1700,0.5,1
1,11,12802,2,10,5,0,300,0.5,572,0.32,486,0.18,1
2,0,14963,0,0,500,0.6,1000,0.2,1400,0.2,1
2,1,1193,0,0,300,0.5,572,0.32,486,0.18,1
2,2,5066,0,0,300,0.5,1700,0.5,1
2,3,14524,1,0,500,0.6,1000,0.2,1400,0.2,1
2,4,10520,1,0,500,0.6,1000,0.2,1400,0.2,1
2,5,14207,1,0,300,0.5,572,0.32,486,0.18,1
2,6,2906,1,0,500,0.6,1000,0.2,1400,0.2,1
2,7,5311,2,10,5,0,300,0.5,1700,0.5,1
2,8,8851,0,0,300,0.5,1700,0.5,1
2,9,837,0,0,666,0.42,420,0.58,1
2,10,7104,2,10,5,0,500,0.6,1000,0.2,1400,0.2,1
2,11,13369,0,0,666,0.42,420,0.58,1
3,0,14750,1,0,500,0.6,1000,0.2,1400,0.2,1
3,1,2053,1,0,300,0.5,572,0.32,486,0.18,1
3,2,10368,2,10,5,0,500,0.6,1000,0.2,1400,0.2,1
3,3,9102,0,0,666,0.42,420,0.58,1
3,4,7875,2,10,5,0,300,0.5,1700,0.5,1
3,5,4279,1,0,300,0.5,572,0.32,486,0.18,1
3,6,9541,2,10,5,0,500,0.6,1000,0.2,1400,0.2,1
3,7,12058,1,0,300,0.5,1700,0.5,1
3,8,14893,2,10,5,0,500,0.6,1000,0.2,1400,0.2,1
3,9,13672,0,0,666,0.42,420,0.58,1
3,10,14194,1,0,666,0.42,420,0.58,1
3,11,10283,2,10,5,0,666,0.42,420,0.58,1
4,0,809,2,10,5,0,300,0.5,1700,0.5,1
4,1,11340,0,0,300,0.5,572,0.32,486,0.18,1
4,2,5578,1,0,300,0.5,1700,0.5,1
4,3,7059,0,0,300,0.5,572,0.32,486,0.18,1
4,4,1208,1,0,666,0.42,420,0.58,1
4,5,4810,1,0,666,0.42,420,0.58,1
4,6,14334,2,10,5,0,666,0.42,420,0.58,1
4,7,5937,0,0,300,0.5,572,0.32,486,0.18,1
4,8,6557,0,0,500,0.6,1000,0.2,1400,0.2,1
4,9,4705,0,0,666,0.42,420,0.58,1
4,10,10311,1,0,300,0.5,572,0.32,486,0.18,1
4,11,10980,2,10,5,0,300,0.5,572,0.32,486,0.18,1
5,0,10969,0,0,500,0.6,1000,0.2,1400,0.2,1
5,1,4692,1,0,300,0.5,1700,0.5,1
5,2,9446,2,10,5,0,300,0.5,572,0.32,486,0.18,1
5,3,10839,0,0,300,0.5,572,0.32,486,0.18,1
5,4,2484,2,10,5,0,500,0.6,1000,0.2,1400,0.2,1
5,5,13655,1,0,300,0.5,1700,0.5,1
5,6,3878,0,0,500,0.6,1000,0.2,1400,0.2,1
5,7,10443,1,0,500,0.6,1000,0.2,1400,0.2,1
5,8,7305,1,0,300,0.5,572,0.32,486,0.18,1
5,9,14760,1,0,300,0.5,1700,0.5,1
5,10,2496,0,0,300,0.5,572,0.32,486,0.18,1
5,11,7648,1,0,300,0.5,1700,0.5,1
6,0,8622,2,10,5,0,300,0.5,572,0.32,486,0.18,1
6,1,5036,1,0,666,0.42,420,0.58,1
6,2,1037,2,10,5,0,300,0.5,572,0.32,486,0.18,1
6,3,5118,2,10,5,0,500,0.6,1000,0.2,1400,0.2,1
6,4,8722,0,0,300,0.5,1700,0.5,1
6,5,3548,2,10,5,0,500,0.6,1000,0.2,1400,0.2,1
6,6,1214,2,10,5,0,300,0.5,1700,0.5,1
6,7,4422,0,0,666,0.42,420,0.58,1
6,8,2899,2,10,5,0,666,0.42,420,0.58,1
6,9,14459,2,10,5,0,300,0.5,1700,0.5,1
6,10,6746,2,10,5,0,666,0.42,420,0.58,1
6,11,12241,2,10,5,0,300,0.5,1700,0.5,1
7,0,7115,1,0,300,0.5,572,0.32,486,0.18,1
7,1,11546,1,0,300,0.5,1700,0.5,1
7,2,3477,1,0,666,0.42,420,0.58,1
7,3,1850,1,0,666,0.42,420,0.58,1
7,4,14806,1,0,300,0.5,572,0.32,486,0.18,1
7,5,6006,0,0,666,0.42,420,0.58,1
7,6,1562,0,0,500,0.6,1000,0.2,1400,0.2,1
7,7,1374,1,0,300,0.5,572,0.32,486,0.18,1
7,8,4386,1,0,500,0.6,1000,0.2,1400,0.2,1
7,9,13647,1,0,666,0.42,420,0.58,1
7,10,12769,1,0,300,0.5,1700,0.5,1
7,11,4248,0,0,500,0.6,1000,0.2,1400,0.2,1
8,0,12342,0,0,300,0.5,1700,0.5,1
8,1,710,2,10,5,0,300,0.5,572,0.32,486,0.18,1
8,2,3488,2,10,5,0,300,0.5,572,0.32,486,0.18,1
8,3,6089,0,0,666,0.42,420,0.58,1
8,4,13306,0,0,666,0.42,420,0.58,1
8,5,1258,1,0,300,0.5,572,0.32,486,0.18,1
8,6,1626,0,0,666,0.42,420,0.58,1
8,7,7335,2,10,5,0,666,0.42,420,0.58,1
8,8,10487,0,0,500,0.6,1000,0.2,1400,0.2,1
8,9,14559,1,0,666,0.42,420,0.58,1
8,10,3244,0,0,300,0.5,1700,0.5,1
8,11,9657,2,10,5,0,500,0.6,1000,0.2,1400,0.2,1
9,0,14066,0,0,500,0.6,1000,0.2,1400,0.2,1
9,1,2821,1,0,500,0.6,1000,0.2,1400,0.2,1
9,2,1614,1,0,300,0.5,572,0.32,486,0.18,1
9,3,7357,0,0,300,0.5,572,0.32,486,0.18,1
9,4,5203,0,0,666,0.42,420,0.58,1
9,5,1492,2,10,5,0,500,0.6,1000,0.2,1400,0.2,1
9,6,9185,2,10,5,0,666,0.42,420,0.58,1
9,7,4072,2,10,5,0,300,0.5,572,0.32,486,0.18,1
9,8,4054,0,0,500,0.6,1000,0.2,1400,0.2,1
9,9,4690,1,0,300,0.5,1700,0.5,1
9,10,182,1,0,300,0.5,572,0.32,486,0.18,1
9,11,14320,0,0,300,0.5,1700,0.5,1
10,0,6254,2,10,5,0,300,0.5,1700,0.5,1
10,1,6562,0,0,300,0.5,1700,0.5,1
10,2,1118,2,10,5,0,300,0.5,1700,0.5,1
10,3,7275,1,0,300,0.5,572,0.32,486,0.18,1
10,4,4378,2,10,5,0,500,0.6,1000,0.2,1400,0.2,1
10,5,14798,1,0,500,0.6,1000,0.2,1400,0.2,1
10,6,62,0,0,300,0.5,572,0.32,486,0.18,1
10,7,13971,1,0,500,0.6,1000,0.2,1400,0.2,1
10,8,7686,2,10,5,0,666,0.42,420,0.58,1
10,9,14867,2,10,5,0,666,0.42,420,0.58,1
10,10,3946,2,10,5,0,300,0.5,1700,0.5,1
10,11,3326,1,0,500,0.6,1000,0.2,1400,0.2,1
11,0,7859,1,0,300,0.5,1700,0.5,1
11,1,6448,0,0,500,0.6,1000,0.2,1400,0.2,1
11,2,6282,0,0,300,0.5,572,0.32,486,0.18,1
11,3,2090,1,0,666,0.42,420,0.58,1
11,4,8881,1,0,300,0.5,572,0.32,486,0.18,1
11,5,6975,0,0,500,0.6,1000,0.2,1400,0.2,1
11,6,12134,0,0,666,0.42,420,0.58,1
11,7,6435,2,10,5,0,300,0.5,572,0.32,486,0.18,1
11,8,1322,0,0,300,0.5,1700,0.5,1
11,9,6714,2,10,5,0,300,0.5,1700,0.5,1
11,10,5815,1,0,500,0.6,1000,0.2,1400,0.2,1
11,11,14564,0,0,500,0.6,1000,0.2,1400,0.2,1
