0,0,9060,1,0,500,0.6,1000,0.2,1400,0.2,1
0,1,230,0,0,666,0.42,420,0.58,1
0,2,9568,2,10,5,0,500,0.6,1000,0.2,1400,0.2,1
0,3,5248,1,0,300,0.5,1700,0.5,1
0,4,14373,0,0,500,0.6,1000,0.2,1400,0.2,1
0,5,10551,2,10,5,0,666,0.42,420,0.58,1
0,6,8643,0,0,300,0.5,572,0.32,486,0.18,1
0,7,8631,2,10,5,0,500,0.6,1000,0.2,1400,0.2,1
0,8,9518,1,0,300,0.5,1700,0.5,1
0,9,7363,1,0,300,0.5,572,0.32,486,0.18,1
0,10,14284,0,0,666,0.42,420,0.58,1
0,11,734,0,0,666,0.42,420,0.58,1
1,0,11439,0,0,300,0.5,1700,0.5,1
1,1,10987,0,0,500,0.6,1000,0.2,1400,0.2,1
1,2,14914,1,0,666,0.42,420,0.58,0
1,3,6960,2,10,5,0,300,0.5,572,0.32,486,0.18,1
1,4,812,2,10,5,0,300,0.5,1700,0.5,1
1,5,10728,2,10,5,0,500,0.6,1000,0.2,1400,0.2,1
1,6,659,0,0,666,0.42,420,0.58,1
1,7,2873,0,0,500,0.6,1000,0.2,1400,0.2,1
1,8,995,2,10,5,0,300,0.5,572,0.32,486,0.18,1
1,9,10183,2,10,5,0,300,0.5,1700,0.5,1
1,10,8985,2,10,5,0,300,0.5,572,0.32,486,0.18,1
1,11,12838,2,10,5,0,500,0.6,1000,0.2,1400,0.2,1
2,0,12601,0,0,300,0.5,572,0.32,486,0.18,1
2,1,8623,2,10,5,0,666,0.42,420,0.58,1
2,2,626,1,0,300,0.5,1700,0.5,1
2,3,1095,1,0,666,0.42,420,0.58,1
2,4,12964,2,10,5,0,300,0.5,572,0.32,486,0.18,1
2,5,1616,1,0,666,0.42,420,0.58,1
2,6,9070,2,10,5,0,500,0.6,1000,0.2,1400,0.2,1
2,7,676,1,0,300,0.5,572,0.32,486,0.18,1
2,8,2996,0,0,500,0.6,1000,0.2,1400,0.2,1
2,9,11882,0,0,500,0.6,1000,0.2,1400,0.2,1
2,10,13628,1,0,300,0.5,1700,0.5,1
2,11,5378,1,0,300,0.5,1700,0.5,1
3,0,1276,1,0,666,0.42,420,0.58,1
3,1,5209,2,10,5,0,666,0.42,420,0.58,1
3,2,8898,1,0,300,0.5,572,0.32,486,0.18,1
3,3,6926,2,10,5,0,500,0.6,1000,0.2,1400,0.2,1
3,4,3947,2,10,5,0,500,0.6,1000,0.2,1400,0.2,1
3,5,10810,2,10,5,0,500,0.6,1000,0.2,1400,0.2,1
3,6,12697,1,0,666,0.42,420,0.58,1
3,7,5240,0,0,300,0.5,1700,0.5,1
3,8,3302,2,10,5,0,500,0.6,1000,0.2,1400,0.2,1
3,9,14684,1,0,666,0.42,420,0.58,1
3,10,7528,1,0,300,0.5,1700,0.5,1
3,11,4973,2,10,5,0,666,0.42,420,0.58,1
4,0,12125,0,0,300,0.5,572,0.32,486,0.18,1
4,1,14643,0,0,300,0.5,1700,0.5,1
4,2,13920,0,0,666,0.42,420,0.58,1
4,3,2029,0,0,500,0.6,1000,0.2,1400,0.2,1
4,4,1911,1,0,666,0.42,420,0.58,1
4,5,13958,1,0,500,0.6,1000,0.2,1400,0.2,1
4,6,8667,2,10,5,0,666,0.42,420,0.58,1
4,7,6408,1,0,300,0.5,1700,0.5,1
4,8,1937,1,0,666,0.42,420,0.58,1
4,9,4571,1,0,666,0.42,420,0.58,1
4,10,3697,0,0,500,0.6,1000,0.2,1400,0.2,1
4,11,2793,1,0,500,0.6,1000,0.2,1400,0.2,1
5,0,9133,1,0,666,0.42,420,0.58,1
5,1,9862,2,10,5,0,500,0.6,1000,0.2,1400,0.2,1
5,2,763,1,0,666,0.42,420,0.58,1
5,3,13177,2,10,5,0,300,0.5,1700,0.5,1
5,4,2218,0,0,500,0.6,1000,0.2,1400,0.2,1
5,5,13047,0,0,300,0.5,572,0.32,486,0.18,1
5,6,14636,2,10,5,0,300,0.5,572,0.32,486,0.18,1
5,7,4046,0,0,500,0.6,1000,0.2,1400,0.2,1
5,8,13740,1,0,300,0.5,572,0.32,486,0.18,1
5,9,3351,2,10,5,0,500,0.6,1000,0.2,1400,0.2,1
5,10,289,2,10,5,0,300,0.5,1700,0.5,1
5,11,12906,1,0,300,0.5,1700,0.5,1
6,0,8425,1,0,300,0.5,572,0.32,486,0.18,1
6,1,1739,1,0,500,0.6,1000,0.2,1400,0.2,1
6,2,3962,1,0,300,0.5,1700,0.5,1
6,3,2354,1,0,500,0.6,1000,0.2,1400,0.2,1
6,4,10645,0,0,500,0.6,1000,0.2,1400,0.2,1
6,5,14682,0,0,300,0.5,572,0.32,486,0.18,1
6,6,5165,0,0,300,0.5,572,0.32,486,0.18,1
6,7,9924,0,0,500,0.6,1000,0.2,1400,0.2,1
6,8,1765,0,0,300,0.5,572,0.32,486,0.18,1
6,9,4782,0,0,666,0.42,420,0.58,1
6,10,13810,1,0,300,0.5,572,0.32,486,0.18,1
6,11,11024,0,0,300,0.5,572,0.32,486,0.18,1
7,0,2748,0,0,500,0.6,1000,0.2,1400,0.2,1
7,1,14615,1,0,666,0.42,420,0.58,1
7,2,7407,2,10,5,0,500,0.6,1000,0.2,1400,0.2,1
7,3,11833,1,0,666,0.42,420,0.58,1
7,4,3265,1,0,666,0.42,420,0.58,1
7,5,14902,0,0,666,0.42,420,0.58,1
7,6,7861,1,0,500,0.6,1000,0.2,1400,0.2,1
7,7,4754,1,0,300,0.5,1700,0.5,1
7,8,5418,2,10,5,0,500,0.6,1000,0.2,1400,0.2,1
7,9,6515,0,0,300,0.5,572,0.32,486,0.18,1
7,10,9166,2,10,5,0,666,0.42,420,0.58,1
7,11,1558,2,10,5,0,300,0.5,1700,0.5,1
8,0,7697,1,0,500,0.6,1000,0.2,1400,0.2,1
8,1,6551,2,10,5,0,500,0.6,1000,0.2,1400,0.2,1
8,2,4384,2,10,5,0,300,0.5,1700,0.5,1
8,3,3394,0,0,300,0.5,1700,0.5,1
8,4,9161,2,10,5,0,300,0.5,1700,0.5,1
8,5,12428,0,0,300,0.5,1700,0.5,1
8,6,6080,0,0,666,0.42,420,0.58,1
8,7,7794,1,0,500,0.6,1000,0.2,1400,0.2,1
8,8,2180,2,10,5,0,300,0.5,1700,0.5,1
8,9,2135,1,0,300,0.5,572,0.32,486,0.18,1
8,10,3179,0,0,500,0.6,1000,0.2,1400,0.2,1
8,11,3821,0,0,300,0.5,572,0.32,486,0.18,1
9,0,14883,0,0,666,0.42,420,0.58,1
9,1,14287,0,0,300,0.5,1700,0.5,1
9,2,11797,1,0,300,0.5,1700,0.5,1
9,3,7181,1,0,666,0.42,420,0.58,1
9,4,11612,1,0,300,0.5,572,0.32,486,0.18,1
9,5,6929,2,10,5,0,300,0.5,1700,0.5,1
9,6,3799,1,0,666,0.42,420,0.58,1
9,7,6969,1,0,500,0.6,1000,0.2,1400,0.2,1
9,8,9258,0,0,300,0.5,572,0.32,486,0.18,1
9,9,11338,0,0,666,0.42,420,0.58,1
9,10,6932,2,10,5,0,300,0.5,1700,0.5,1
9,11,1337,0,0,666,0.42,420,0.58,1
10,0,2223,0,0,500,0.6,1000,0.2,1400,0.2,1
10,1,2802,1,0,666,0.42,420,0.58,1
10,2,10930,0,0,300,0.5,1700,0.5,1
10,3,12167,0,0,300,0.5,1700,0.5,1
10,4,4357,2,10,5,0,500,0.6,1000,0.2,1400,0.2,1
10,5,13111,0,0,300,0.5,1700,0.5,1
10,6,5248,1,0,300,0.5,572,0.32,486,0.18,1
10,7,3231,2,10,5,0,300,0.5,572,0.32,486,0.18,1
10,8,2120,0,0,500,0.6,1000,0.2,1400,0.2,1
10,9,2677,1,0,666,0.42,420,0.58,1
10,10,6465,0,0,666,0.42,420,0.58,1
10,11,6978,0,0,300,0.5,572,0.32,486,0.18,1
11,0,4697,2,10,5,0,300,0.5,572,0.32,486,0.18,1
11,1,780,0,0,300,0.5,1700,0.5,1
11,2,4640,1,0,500,0.6,1000,0.2,1400,0.2,1
11,3,3668,0,0,500,0.6,1000,0.2,1400,0.2,1
11,4,5956,2,10,5,0,300,0.5,572,0.32,486,0.18,1
11,5,260,1,0,666,0.42,420,0.58,1
11,6,8164,1,0,300,0.5,1700,0.5,1
11,7,2098,0,0,500,0.6,1000,0.2,1400,0.2,1
11,8,7610,0,0,300,0.5,1700,0.5,1
11,9,9442,2,10,5,0,300,0.5,1700,0.5,1
11,10,7245,0,0,666,0.42,420,0.58,1
11,11,1241,2,10,5,0,300,0.5,572,0.32,486,0.18,1
