0,0,7344,1,0,300,0.5,1700,0.5,1
0,1,4689,2,10,5,0,300,0.5,1700,0.5,1
0,2,4015,0,0,300,0.5,572,0.32,486,0.18,1
0,3,1275,0,0,666,0.42,420,0.58,1
0,4,12537,1,0,300,0.5,572,0.32,486,0.18,1
0,5,10670,0,0,666,0.42,420,0.58,1
0,6,4058,0,0,666,0.42,420,0.58,1
0,7,14759,0,0,500,0.6,1000,0.2,1400,0.2,1
0,8,4072,0,0,500,0.6,1000,0.2,1400,0.2,1
0,9,1640,2,10,5,0,500,0.6,1000,0.2,1400,0.2,1
0,10,12433,0,0,500,0.6,1000,0.2,1400,0.2,1
0,11,8948,0,0,666,0.42,420,0.58,1
1,0,1898,2,10,5,0,666,0.42,420,0.58,1
1,1,4440,1,0,666,0.42,420,0.58,1
1,2,3829,2,10,5,0,300,0.5,1700,0.5,0
1,3,13662,2,10,5,0,500,0.6,1000,0.2,1400,0.2,1
1,4,1838,1,0,300,0.5,572,0.32,486,0.18,1
1,5,11993,0,0,666,0.42,420,0.58,1
1,6,3318,1,0,300,0.5,572,0.32,486,0.18,1
1,7,7335,1,0,666,0.42,420,0.58,1
1,8,5012,2,10,5,0,300,0.5,1700,0.5,1
1,9,10214,2,10,5,0,300,0.5,572,0.32,486,0.18,1
1,10,5944,1,0,300,0.5,572,0.32,486,0.18,1
1,11,14318,0,0,300,0.5,1700,0.5,1
2,0,2703,2,10,5,0,300,0.5,1700,0.5,1
2,1,10313,2,10,5,0,500,0.6,1000,0.2,1400,0.2,1
2,2,4093,2,10,5,0,666,0.42,420,0.58,1
2,3,6133,0,0,300,0.5,572,0.32,486,0.18,1
2,4,6621,0,0,666,0.42,420,0.58,1
2,5,3990,0,0,500,0.6,1000,0.2,1400,0.2,1
2,6,11165,2,10,5,0,666,0.42,420,0.58,1
2,7,11411,0,0,300,0.5,572,0.32,486,0.18,1
2,8,6848,1,0,666,0.42,420,0.58,1
2,9,14855,1,0,300,0.5,1700,0.5,1
2,10,10456,0,0,500,0.6,1000,0.2,1400,0.2,1
2,11,3366,2,10,5,0,666,0.42,420,0.58,1
3,0,4835,2,10,5,0,500,0.6,1000,0.2,1400,0.2,1
3,1,3209,1,0,666,0.42,420,0.58,1
3,2,6050,2,10,5,0,500,0.6,1000,0.2,1400,0.2,1
3,3,12249,2,10,5,0,300,0.5,572,0.32,486,0.18,1
3,4,13311,2,10,5,0,666,0.42,420,0.58,1
3,5,4415,1,0,500,0.6,1000,0.2,1400,0.2,1
3,6,14337,0,0,500,0.6,1000,0.2,1400,0.2,1
3,7,7791,0,0,300,0.5,572,0.32,486,0.18,1
3,8,4530,1,0,666,0.42,420,0.58,1
3,9,2830,0,0,300,0.5,572,0.32,486,0.18,1
3,10,1795,1,0,500,0.6,1000,0.2,1400,0.2,1
3,11,4185,1,0,300,0.5,1700,0.5,1
4,0,339,2,10,5,0,666,0.42,420,0.58,1
4,1,841,2,10,5,0,300,0.5,572,0.32,486,0.18,1
4,2,4126,0,0,666,0.42,420,0.58,1
4,3,2458,2,10,5,0,300,0.5,572,0.32,486,0.18,1
4,4,471,2,10,5,0,300,0.5,1700,0.5,1
4,5,7711,1,0,300,0.5,572,0.32,486,0.18,1
4,6,6255,1,0,500,0.6,1000,0.2,1400,0.2,1
4,7,8624,0,0,300,0.5,1700,0.5,1
4,8,2878,0,0,300,0.5,1700,0.5,1
4,9,13668,1,0,666,0.42,420,0.58,1
4,10,8584,2,10,5,0,300,0.5,1700,0.5,1
4,11,9149,0,0,500,0.6,1000,0.2,1400,0.2,1
5,0,4438,2,10,5,0,500,0.6,1000,0.2,1400,0.2,1
5,1,2558,1,0,300,0.5,572,0.32,486,0.18,1
5,2,1513,2,10,5,0,300,0.5,572,0.32,486,0.18,1
5,3,6689,0,0,666,0.42,420,0.58,1
5,4,2302,0,0,500,0.6,1000,0.2,1400,0.2,1
5,5,11609,0,0,300,0.5,1700,0.5,1
5,6,1954,1,0,666,0.42,420,0.58,1
5,7,2135,1,0,300,0.5,572,0.32,486,0.18,1
5,8,9387,0,0,500,0.6,1000,0.2,1400,0.2,1
5,9,9590,0,0,300,0.5,572,0.32,486,0.18,1
5,10,2518,0,0,666,0.42,420,0.58,1
5,11,9998,1,0,300,0.5,1700,0.5,1
6,0,13634,0,0,300,0.5,572,0.32,486,0.18,1
6,1,11134,1,0,300,0.5,1700,0.5,1
6,2,9032,0,0,300,0.5,572,0.32,486,0.18,1
6,3,3665,0,0,666,0.42,420,0.58,1
6,4,11487,2,10,5,0,500,0.6,1000,0.2,1400,0.2,1
6,5,7344,1,0,500,0.6,1000,0.2,1400,0.2,1
6,6,8770,2,10,5,0,666,0.42,420,0.58,1
6,7,9996,2,10,5,0,300,0.5,1700,0.5,1
6,8,14320,2,10,5,0,500,0.6,1000,0.2,1400,0.2,1
6,9,14187,0,0,500,0.6,1000,0.2,1400,0.2,1
6,10,5492,1,0,300,0.5,572,0.32,486,0.18,1
6,11,4714,0,0,300,0.5,572,0.32,486,0.18,1
7,0,9971,2,10,5,0,500,0.6,1000,0.2,1400,0.2,1
7,1,4204,0,0,500,0.6,1000,0.2,1400,0.2,1
7,2,3311,1,0,500,0.6,1000,0.2,1400,0.2,1
7,3,14825,0,0,500,0.6,1000,0.2,1400,0.2,1
7,4,2855,0,0,666,0.42,420,0.58,1
7,5,6481,0,0,300,0.5,1700,0.5,1
7,6,10375,0,0,500,0.6,1000,0.2,1400,0.2,1
7,7,11022,1,0,500,0.6,1000,0.2,1400,0.2,1
7,8,6491,0,0,500,0.6,1000,0.2,1400,0.2,1
7,9,12366,0,0,666,0.42,420,0.58,1
7,10,6190,0,0,666,0.42,420,0.58,1
7,11,404,2,10,5,0,500,0.6,1000,0.2,1400,0.2,1
8,0,1206,0,0,666,0.42,420,0.58,1
8,1,6581,0,0,666,0.42,420,0.58,1
8,2,12066,0,0,300,0.5,572,0.32,486,0.18,1
8,3,14537,1,0,300,0.5,572,0.32,486,0.18,1
8,4,14320,2,10,5,0,300,0.5,1700,0.5,1
8,5,7514,1,0,300,0.5,572,0.32,486,0.18,1
8,6,1029,1,0,300,0.5,1700,0.5,1
8,7,13559,2,10,5,0,666,0.42,420,0.58,1
8,8,1495,0,0,300,0.5,1700,0.5,1
8,9,1477,2,10,5,0,300,0.5,1700,0.5,1
8,10,10234,0,0,300,0.5,572,0.32,486,0.18,1
8,11,12357,0,0,666,0.42,420,0.58,1
9,0,12688,1,0,666,0.42,420,0.58,1
9,1,13346,0,0,666,0.42,420,0.58,1
9,2,13767,0,0,300,0.5,572,0.32,486,0.18,1
9,3,3192,0,0,500,0.6,1000,0.2,1400,0.2,1
9,4,851,1,0,500,0.6,1000,0.2,1400,0.2,1
9,5,12385,1,0,300,0.5,572,0.32,486,0.18,1
9,6,9159,0,0,300,0.5,572,0.32,486,0.18,1
9,7,7014,1,0,666,0.42,420,0.58,1
9,8,11431,1,0,300,0.5,1700,0.5,1
9,9,7817,0,0,500,0.6,1000,0.2,1400,0.2,1
9,10,9498,1,0,666,0.42,420,0.58,1
9,11,14176,0,0,666,0.42,420,0.58,1
10,0,11922,1,0,500,0.6,1000,0.2,1400,0.2,1
10,1,3293,0,0,300,0.5,572,0.32,486,0.18,1
10,2,4354,0,0,500,0.6,1000,0.2,1400,0.2,1
10,3,14635,2,10,5,0,666,0.42,420,0.58,1
10,4,5807,0,0,300,0.5,1700,0.5,1
10,5,10500,2,10,5,0,666,0.42,420,0.58,1
10,6,13011,2,10,5,0,300,0.5,1700,0.5,1
10,7,2255,1,0,666,0.42,420,0.58,1
10,8,898,1,0,300,0.5,1700,0.5,1
10,9,1657,1,0,500,0.6,1000,0.2,1400,0.2,1
10,10,5884,1,0,300,0.5,1700,0.5,1
10,11,6047,1,0,666,0.42,420,0.58,1
11,0,173,2,10,5,0,500,0.6,1000,0.2,1400,0.2,1
11,1,8953,0,0,666,0.42,420,0.58,1
11,2,9986,1,0,666,0.42,420,0.58,1
11,3,12725,1,0,500,0.6,1000,0.2,1400,0.2,1
11,4,8741,2,10,5,0,300,0.5,1700,0.5,1
11,5,6970,0,0,666,0.42,420,0.58,1
11,6,13025,1,0,666,0.42,420,0.58,1
11,7,8475,2,10,5,0,300,0.5,1700,0.5,1
11,8,14070,1,0,666,0.42,420,0.58,1
11,9,2768,1,0,500,0.6,1000,0.2,1400,0.2,1
11,10,12693,1,0,300,0.5,1700,0.5,1
11,11,7697,0,0,666,0.42,420,0.58,1
