0,0,1545,2,10,5,0,300,0.5,572,0.32,486,0.18,1
0,1,13309,1,0,500,0.6,1000,0.2,1400,0.2,1
0,2,2802,2,10,5,0,300,0.5,572,0.32,486,0.18,1
0,3,9487,0,0,500,0.6,1000,0.2,1400,0.2,1
0,4,3205,0,0,300,0.5,572,0.32,486,0.18,1
0,5,13200,2,10,5,0,300,0.5,1700,0.5,1
0,6,9501,2,10,5,0,300,0.5,1700,0.5,1
0,7,6766,0,0,500,0.6,1000,0.2,1400,0.2,1
0,8,11236,2,10,5,0,500,0.6,1000,0.2,1400,0.2,1
0,9,7641,1,0,300,0.5,572,0.32,486,0.18,1
0,10,10925,0,0,300,0.5,572,0.32,486,0.18,1
0,11,154,1,0,666,0.42,420,0.58,1
1,0,3625,2,10,5,0,300,0.5,572,0.32,486,0.18,1
1,1,4198,0,0,300,0.5,1700,0.5,1
1,2,8843,1,0,500,0.6,1000,0.2,1400,0.2,0
1,3,11793,1,0,666,0.42,420,0.58,1
1,4,5697,0,0,300,0.5,572,0.32,486,0.18,1
1,5,1309,2,10,5,0,300,0.5,1700,0.5,1
1,6,7714,2,10,5,0,300,0.5,572,0.32,486,0.18,1
1,7,9676,0,0,300,0.5,572,0.32,486,0.18,1
1,8,10259,2,10,5,0,300,0.5,1700,0.5,1
1,9,2590,2,10,5,0,666,0.42,420,0.58,1
1,10,7417,2,10,5,0,300,0.5,1700,0.5,1
1,11,1655,2,10,5,0,666,0.42,420,0.58,1
2,0,14646,2,10,5,0,666,0.42,420,0.58,1
2,1,14362,1,0,300,0.5,572,0.32,486,0.18,1
2,2,11241,2,10,5,0,300,0.5,572,0.32,486,0.18,1
2,3,2237,1,0,500,0.6,1000,0.2,1400,0.2,1
2,4,419,2,10,5,0,300,0.5,572,0.32,486,0.18,1
2,5,1170,2,10,5,0,500,0.6,1000,0.2,1400,0.2,1
2,6,5732,1,0,500,0.6,1000,0.2,1400,0.2,1
2,7,13861,2,10,5,0,666,0.42,420,0.58,1
2,8,5637,2,10,5,0,500,0.6,1000,0.2,1400,0.2,1
2,9,14461,1,0,300,0.5,572,0.32,486,0.18,1
2,10,8040,0,0,300,0.5,1700,0.5,1
2,11,11966,0,0,300,0.5,1700,0.5,1
3,0,3001,0,0,666,0.42,420,0.58,1
3,1,6578,1,0,300,0.5,572,0.32,486,0.18,1
3,2,8155,2,10,5,0,300,0.5,1700,0.5,1
3,3,12004,1,0,300,0.5,1700,0.5,1
3,4,13058,0,0,500,0.6,1000,0.2,1400,0.2,1
3,5,3845,0,0,300,0.5,1700,0.5,1
3,6,3209,1,0,300,0.5,1700,0.5,1
3,7,6422,2,10,5,0,300,0.5,1700,0.5,1
3,8,3229,1,0,300,0.5,572,0.32,486,0.18,1
3,9,3079,2,10,5,0,300,0.5,572,0.32,486,0.18,1
3,10,14032,2,10,5,0,500,0.6,1000,0.2,1400,0.2,1
3,11,2490,1,0,300,0.5,572,0.32,486,0.18,1
4,0,8111,2,10,5,0,300,0.5,1700,0.5,1
4,1,11169,0,0,500,0.6,1000,0.2,1400,0.2,1
4,2,14755,1,0,666,0.42,420,0.58,1
4,3,8704,0,0,300,0.5,1700,0.5,1
4,4,6833,1,0,300,0.5,1700,0.5,1
4,5,9006,1,0,500,0.6,1000,0.2,1400,0.2,1
4,6,6116,0,0,666,0.42,420,0.58,1
4,7,3350,1,0,300,0.5,572,0.32,486,0.18,1
4,8,12626,1,0,300,0.5,572,0.32,486,0.18,1
4,9,9878,1,0,300,0.5,572,0.32,486,0.18,1
4,10,13262,1,0,300,0.5,1700,0.5,1
4,11,5460,1,0,300,0.5,1700,0.5,1
5,0,3604,0,0,300,0.5,1700,0.5,1
5,1,13050,1,0,300,0.5,1700,0.5,1
5,2,12322,0,0,666,0.42,420,0.58,1
5,3,6699,0,0,300,0.5,572,0.32,486,0.18,1
5,4,219,0,0,666,0.42,420,0.58,1
5,5,7373,0,0,300,0.5,1700,0.5,1
5,6,5318,0,0,300,0.5,572,0.32,486,0.18,1
5,7,1180,2,10,5,0,500,0.6,1000,0.2,1400,0.2,1
5,8,14296,2,10,5,0,500,0.6,1000,0.2,1400,0.2,1
5,9,12755,0,0,500,0.6,1000,0.2,1400,0.2,1
5,10,5497,1,0,500,0.6,1000,0.2,1400,0.2,1
5,11,7958,1,0,300,0.5,572,0.32,486,0.18,1
6,0,10028,2,10,5,0,666,0.42,420,0.58,1
6,1,9992,1,0,300,0.5,572,0.32,486,0.18,1
6,2,1635,1,0,500,0.6,1000,0.2,1400,0.2,1
6,3,7107,1,0,300,0.5,1700,0.5,1
6,4,11314,0,0,300,0.5,1700,0.5,1
6,5,12036,0,0,666,0.42,420,0.58,1
6,6,11884,0,0,300,0.5,572,0.32,486,0.18,1
6,7,2210,2,10,5,0,300,0.5,572,0.32,486,0.18,1
6,8,10364,2,10,5,0,300,0.5,1700,0.5,1
6,9,7924,2,10,5,0,300,0.5,1700,0.5,1
6,10,8601,0,0,500,0.6,1000,0.2,1400,0.2,1
6,11,12538,0,0,500,0.6,1000,0.2,1400,0.2,1
7,0,13735,1,0,666,0.42,420,0.58,1
7,1,3341,2,10,5,0,300,0.5,572,0.32,486,0.18,1
7,2,2854,2,10,5,0,500,0.6,1000,0.2,1400,0.2,1
7,3,5811,0,0,300,0.5,1700,0.5,1
7,4,10405,0,0,666,0.42,420,0.58,1
7,5,410,0,0,500,0.6,1000,0.2,1400,0.2,1
7,6,4102,0,0,300,0.5,572,0.32,486,0.18,1
7,7,11002,0,0,500,0.6,1000,0.2,1400,0.2,1
7,8,1060,2,10,5,0,666,0.42,420,0.58,1
7,9,4353,1,0,300,0.5,572,0.32,486,0.18,1
7,10,5006,2,10,5,0,300,0.5,1700,0.5,1
7,11,7243,2,10,5,0,666,0.42,420,0.58,1
8,0,14606,1,0,666,0.42,420,0.58,1
8,1,2286,1,0,300,0.5,572,0.32,486,0.18,1
8,2,8872,0,0,666,0.42,420,0.58,1
8,3,1454,1,0,666,0.42,420,0.58,1
8,4,380,2,10,5,0,500,0.6,1000,0.2,1400,0.2,1
8,5,11884,0,0,300,0.5,572,0.32,486,0.18,1
8,6,14677,1,0,300,0.5,1700,0.5,1
8,7,3338,2,10,5,0,500,0.6,1000,0.2,1400,0.2,1
8,8,1597,2,10,5,0,300,0.5,572,0.32,486,0.18,1
8,9,1772,0,0,300,0.5,572,0.32,486,0.18,1
8,10,5150,2,10,5,0,500,0.6,1000,0.2,1400,0.2,1
8,11,6422,0,0,300,0.5,1700,0.5,1
9,0,2320,1,0,300,0.5,572,0.32,486,0.18,1
9,1,3310,0,0,300,0.5,1700,0.5,1
9,2,10631,1,0,300,0.5,1700,0.5,1
9,3,5750,2,10,5,0,300,0.5,572,0.32,486,0.18,1
9,4,4325,2,10,5,0,500,0.6,1000,0.2,1400,0.2,1
9,5,6901,2,10,5,0,300,0.5,1700,0.5,1
9,6,3527,1,0,300,0.5,572,0.32,486,0.18,1
9,7,776,0,0,500,0.6,1000,0.2,1400,0.2,1
9,8,9825,1,0,300,0.5,572,0.32,486,0.18,1
9,9,10051,2,10,5,0,666,0.42,420,0.58,1
9,10,8219,0,0,300,0.5,572,0.32,486,0.18,1
9,11,8535,0,0,500,0.6,1000,0.2,1400,0.2,1
10,0,10177,1,0,300,0.5,1700,0.5,1
10,1,3490,1,0,500,0.6,1000,0.2,1400,0.2,1
10,2,11758,2,10,5,0,666,0.42,420,0.58,1
10,3,563,0,0,500,0.6,1000,0.2,1400,0.2,1
10,4,14075,0,0,500,0.6,1000,0.2,1400,0.2,1
10,5,13499,0,0,666,0.42,420,0.58,1
10,6,1048,0,0,300,0.5,572,0.32,486,0.18,1
10,7,5103,1,0,300,0.5,572,0.32,486,0.18,1
10,8,13377,1,0,300,0.5,572,0.32,486,0.18,1
10,9,5895,0,0,300,0.5,1700,0.5,1
10,10,3822,2,10,5,0,300,0.5,1700,0.5,1
10,11,2391,0,0,300,0.5,1700,0.5,1
11,0,12350,1,0,500,0.6,1000,0.2,1400,0.2,1
11,1,9213,0,0,300,0.5,572,0.32,486,0.18,1
11,2,969,0,0,300,0.5,1700,0.5,1
11,3,6947,2,10,5,0,666,0.42,420,0.58,1
11,4,13878,1,0,500,0.6,1000,0.2,1400,0.2,1
11,5,10758,1,0,300,0.5,572,0.32,486,0.18,1
11,6,13343,1,0,300,0.5,1700,0.5,1
11,7,11320,1,0,500,0.6,1000,0.2,1400,0.2,1
11,8,14044,1,0,666,0.42,420,0.58,1
11,9,6639,0,0,666,0.42,420,0.58,1
11,10,13863,2,10,5,0,300,0.5,1700,0.5,1
11,11,13454,0,0,300,0.5,572,0.32,486,0.18,1
