0,0,433,0,0,300,0.5,572,0.32,486,0.18,1
0,1,2986,1,0,500,0.6,1000,0.2,1400,0.2,1
0,2,4479,2,10,5,0,666,0.42,420,0.58,1
0,3,11699,0,0,300,0.5,1700,0.5,1
0,4,12927,1,0,500,0.6,1000,0.2,1400,0.2,1
0,5,14753,0,0,500,0.6,1000,0.2,1400,0.2,1
0,6,12171,0,0,300,0.5,1700,0.5,1
0,7,10497,0,0,300,0.5,1700,0.5,1
0,8,1896,1,0,300,0.5,1700,0.5,1
0,9,1547,2,10,5,0,666,0.42,420,0.58,1
0,10,5582,1,0,300,0.5,572,0.32,486,0.18,1
0,11,5574,0,0,300,0.5,572,0.32,486,0.18,1
1,0,73,1,0,500,0.6,1000,0.2,1400,0.2,1
1,1,964,1,0,300,0.5,1700,0.5,1
1,2,10536,2,10,5,0,666,0.42,420,0.58,0
1,3,6577,1,0,300,0.5,572,0.32,486,0.18,1
1,4,11877,0,0,666,0.42,420,0.58,1
1,5,6214,0,0,300,0.5,1700,0.5,1
1,6,2369,0,0,500,0.6,1000,0.2,1400,0.2,1
1,7,6703,2,10,5,0,300,0.5,1700,0.5,1
1,8,1417,1,0,300,0.5,572,0.32,486,0.18,1
1,9,14021,1,0,666,0.42,420,0.58,1
1,10,13610,2,10,5,0,300,0.5,1700,0.5,1
1,11,12674,2,10,5,0,500,0.6,1000,0.2,1400,0.2,1
2,0,12810,0,0,500,0.6,1000,0.2,1400,0.2,1
2,1,1896,2,10,5,0,300,0.5,1700,0.5,1
2,2,11060,1,0,300,0.5,1700,0.5,1
2,3,3358,0,0,500,0.6,1000,0.2,1400,0.2,1
2,4,6626,1,0,300,0.5,1700,0.5,1
2,5,13900,0,0,300,0.5,1700,0.5,1
2,6,12744,2,10,5,0,300,0.5,572,0.32,486,0.18,1
2,7,5213,0,0,300,0.5,1700,0.5,1
2,8,9941,2,10,5,0,666,0.42,420,0.58,1
2,9,7395,1,0,300,0.5,572,0.32,486,0.18,1
2,10,2834,2,10,5,0,300,0.5,1700,0.5,1
2,11,12406,1,0,500,0.6,1000,0.2,1400,0.2,1
3,0,6605,1,0,300,0.5,572,0.32,486,0.18,1
3,1,10031,1,0,300,0.5,1700,0.5,1
3,2,3069,1,0,300,0.5,1700,0.5,1
3,3,1868,1,0,666,0.42,420,0.58,1
3,4,11267,0,0,300,0.5,572,0.32,486,0.18,1
3,5,11971,2,10,5,0,300,0.5,1700,0.5,1
3,6,10767,1,0,300,0.5,1700,0.5,1
3,7,14056,2,10,5,0,500,0.6,1000,0.2,1400,0.2,1
3,8,6794,2,10,5,0,300,0.5,1700,0.5,1
3,9,12763,0,0,500,0.6,1000,0.2,1400,0.2,1
3,10,3956,2,10,5,0,300,0.5,572,0.32,486,0.18,1
3,11,10068,2,10,5,0,500,0.6,1000,0.2,1400,0.2,1
4,0,9543,1,0,500,0.6,1000,0.2,1400,0.2,1
4,1,9676,2,10,5,0,300,0.5,1700,0.5,1
4,2,749,1,0,666,0.42,420,0.58,1
4,3,14568,0,0,500,0.6,1000,0.2,1400,0.2,1
4,4,6014,1,0,300,0.5,1700,0.5,1
4,5,11763,2,10,5,0,300,0.5,572,0.32,486,0.18,1
4,6,13727,2,10,5,0,300,0.5,572,0.32,486,0.18,1
4,7,2521,0,0,300,0.5,1700,0.5,1
4,8,13261,1,0,300,0.5,1700,0.5,1
4,9,8923,0,0,300,0.5,1700,0.5,1
4,10,13512,0,0,300,0.5,1700,0.5,1
4,11,10955,1,0,300,0.5,1700,0.5,1
5,0,9183,2,10,5,0,300,0.5,1700,0.5,1
5,1,7228,0,0,500,0.6,1000,0.2,1400,0.2,1
5,2,1670,2,10,5,0,300,0.5,572,0.32,486,0.18,1
5,3,4162,2,10,5,0,300,0.5,572,0.32,486,0.18,1
5,4,14728,0,0,666,0.42,420,0.58,1
5,5,5106,1,0,666,0.42,420,0.58,1
5,6,1093,0,0,300,0.5,1700,0.5,1
5,7,1807,0,0,300,0.5,572,0.32,486,0.18,1
5,8,10814,0,0,500,0.6,1000,0.2,1400,0.2,1
5,9,8746,1,0,300,0.5,1700,0.5,1
5,10,4470,0,0,500,0.6,1000,0.2,1400,0.2,1
5,11,10510,1,0,300,0.5,572,0.32,486,0.18,1
6,0,2736,0,0,300,0.5,572,0.32,486,0.18,1
6,1,2334,0,0,666,0.42,420,0.58,1
6,2,8657,0,0,500,0.6,1000,0.2,1400,0.2,1
6,3,5783,0,0,500,0.6,1000,0.2,1400,0.2,1
6,4,1199,2,10,5,0,300,0.5,1700,0.5,1
6,5,11879,2,10,5,0,500,0.6,1000,0.2,1400,0.2,1
6,6,14175,0,0,300,0.5,1700,0.5,1
6,7,210,0,0,666,0.42,420,0.58,1
6,8,8846,2,10,5,0,300,0.5,1700,0.5,1
6,9,6159,2,10,5,0,300,0.5,572,0.32,486,0.18,1
6,10,9926,0,0,666,0.42,420,0.58,1
6,11,9764,1,0,666,0.42,420,0.58,1
7,0,14976,1,0,300,0.5,572,0.32,486,0.18,1
7,1,3073,0,0,300,0.5,1700,0.5,1
7,2,13082,0,0,300,0.5,572,0.32,486,0.18,1
7,3,14226,2,10,5,0,300,0.5,572,0.32,486,0.18,1
7,4,8826,2,10,5,0,666,0.42,420,0.58,1
7,5,7253,2,10,5,0,500,0.6,1000,0.2,1400,0.2,1
7,6,11315,2,10,5,0,500,0.6,1000,0.2,1400,0.2,1
7,7,2053,0,0,300,0.5,572,0.32,486,0.18,1
7,8,6597,1,0,300,0.5,572,0.32,486,0.18,1
7,9,10318,2,10,5,0,300,0.5,1700,0.5,1
7,10,5801,1,0,300,0.5,1700,0.5,1
7,11,6172,0,0,300,0.5,572,0.32,486,0.18,1
8,0,13003,0,0,666,0.42,420,0.58,1
8,1,9402,0,0,300,0.5,572,0.32,486,0.18,1
8,2,5516,1,0,666,0.42,420,0.58,1
8,3,14882,0,0,500,0.6,1000,0.2,1400,0.2,1
8,4,4957,1,0,300,0.5,572,0.32,486,0.18,1
8,5,11134,1,0,300,0.5,572,0.32,486,0.18,1
8,6,7253,1,0,300,0.5,572,0.32,486,0.18,1
8,7,13727,2,10,5,0,666,0.42,420,0.58,1
8,8,10712,1,0,300,0.5,1700,0.5,1
8,9,7011,0,0,666,0.42,420,0.58,1
8,10,5918,2,10,5,0,666,0.42,420,0.58,1
8,11,2678,2,10,5,0,300,0.5,572,0.32,486,0.18,1
9,0,2242,1,0,300,0.5,1700,0.5,1
9,1,510,2,10,5,0,666,0.42,420,0.58,1
9,2,5183,2,10,5,0,666,0.42,420,0.58,1
9,3,11998,1,0,300,0.5,1700,0.5,1
9,4,2367,2,10,5,0,300,0.5,572,0.32,486,0.18,1
9,5,11662,1,0,300,0.5,572,0.32,486,0.18,1
9,6,13400,1,0,500,0.6,1000,0.2,1400,0.2,1
9,7,13419,2,10,5,0,666,0.42,420,0.58,1
9,8,9407,0,0,500,0.6,1000,0.2,1400,0.2,1
9,9,6102,2,10,5,0,500,0.6,1000,0.2,1400,0.2,1
9,10,12882,2,10,5,0,500,0.6,1000,0.2,1400,0.2,1
9,11,6628,2,10,5,0,500,0.6,1000,0.2,1400,0.2,1
10,0,7801,1,0,300,0.5,572,0.32,486,0.18,1
10,1,11074,1,0,500,0.6,1000,0.2,1400,0.2,1
10,2,11084,0,0,300,0.5,1700,0.5,1
10,3,13825,0,0,500,0.6,1000,0.2,1400,0.2,1
10,4,9113,2,10,5,0,300,0.5,572,0.32,486,0.18,1
10,5,5032,2,10,5,0,500,0.6,1000,0.2,1400,0.2,1
10,6,2657,0,0,500,0.6,1000,0.2,1400,0.2,1
10,7,11899,2,10,5,0,300,0.5,1700,0.5,1
10,8,3272,0,0,666,0.42,420,0.58,1
10,9,7886,1,0,300,0.5,572,0.32,486,0.18,1
10,10,2485,0,0,666,0.42,420,0.58,1
10,11,4577,2,10,5,0,500,0.6,1000,0.2,1400,0.2,1
11,0,14620,0,0,300,0.5,572,0.32,486,0.18,1
11,1,6953,0,0,300,0.5,572,0.32,486,0.18,1
11,2,11563,2,10,5,0,300,0.5,1700,0.5,1
11,3,2052,0,0,300,0.5,1700,0.5,1
11,4,2308,1,0,500,0.6,1000,0.2,1400,0.2,1
11,5,11226,0,0,666,0.42,420,0.58,1
11,6,14636,2,10,5,0,500,0.6,1000,0.2,1400,0.2,1
11,7,3534,1,0,300,0.5,572,0.32,486,0.18,1
11,8,9886,2,10,5,0,666,0.42,420,0.58,1
11,9,4641,2,10,5,0,666,0.42,420,0.58,1
11,10,399,2,10,5,0,666,0.42,420,0.58,1
11,11,1898,1,0,500,0.6,1000,0.2,1400,0.2,1
