0,0,9721,1,0,666,0.42,420,0.58,1
0,1,13248,1,0,666,0.42,420,0.58,1
0,2,12785,1,0,500,0.6,1000,0.2,1400,0.2,1
0,3,10015,0,0,300,0.5,1700,0.5,1
0,4,9193,1,0,300,0.5,572,0.32,486,0.18,1
0,5,8294,1,0,300,0.5,1700,0.5,1
0,6,7585,1,0,300,0.5,572,0.32,486,0.18,1
0,7,4276,1,0,300,0.5,1700,0.5,1
0,8,13550,2,10,5,0,300,0.5,1700,0.5,1
0,9,147,0,0,300,0.5,1700,0.5,1
0,10,2924,2,10,5,0,666,0.42,420,0.58,1
0,11,11557,2,10,5,0,500,0.6,1000,0.2,1400,0.2,1
1,0,720,1,0,500,0.6,1000,0.2,1400,0.2,1
1,1,1277,1,0,666,0.42,420,0.58,1
1,2,1575,2,10,5,0,666,0.42,420,0.58,0
1,3,6408,0,0,300,0.5,572,0.32,486,0.18,1
1,4,6842,0,0,300,0.5,572,0.32,486,0.18,1
1,5,96,0,0,300,0.5,572,0.32,486,0.18,1
1,6,10020,0,0,666,0.42,420,0.58,1
1,7,7847,1,0,300,0.5,1700,0.5,1
1,8,14175,0,0,666,0.42,420,0.58,1
1,9,12513,1,0,300,0.5,572,0.32,486,0.18,1
1,10,536,2,10,5,0,300,0.5,572,0.32,486,0.18,1
1,11,12482,1,0,300,0.5,1700,0.5,1
2,0,12483,2,10,5,0,300,0.5,572,0.32,486,0.18,1
2,1,8617,1,0,300,0.5,572,0.32,486,0.18,1
2,2,2711,0,0,300,0.5,572,0.32,486,0.18,1
2,3,3403,2,10,5,0,500,0.6,1000,0.2,1400,0.2,1
2,4,7245,1,0,300,0.5,572,0.32,486,0.18,1
2,5,12947,1,0,666,0.42,420,0.58,1
2,6,5519,2,10,5,0,500,0.6,1000,0.2,1400,0.2,1
2,7,14623,1,0,300,0.5,1700,0.5,1
2,8,1358,1,0,300,0.5,1700,0.5,1
2,9,13890,1,0,300,0.5,572,0.32,486,0.18,1
2,10,5233,1,0,300,0.5,1700,0.5,1
2,11,5192,0,0,300,0.5,1700,0.5,1
3,0,10154,0,0,666,0.42,420,0.58,1
3,1,10821,0,0,500,0.6,1000,0.2,1400,0.2,1
3,2,11003,1,0,300,0.5,1700,0.5,1
3,3,3517,2,10,5,0,300,0.5,572,0.32,486,0.18,1
3,4,9983,2,10,5,0,666,0.42,420,0.58,1
3,5,7949,0,0,300,0.5,572,0.32,486,0.18,1
3,6,1955,1,0,500,0.6,1000,0.2,1400,0.2,1
3,7,2663,1,0,500,0.6,1000,0.2,1400,0.2,1
3,8,3414,1,0,300,0.5,572,0.32,486,0.18,1
3,9,5527,1,0,300,0.5,572,0.32,486,0.18,1
3,10,3950,2,10,5,0,300,0.5,572,0.32,486,0.18,1
3,11,13790,1,0,300,0.5,1700,0.5,1
4,0,2477,1,0,500,0.6,1000,0.2,1400,0.2,1
4,1,14143,0,0,300,0.5,1700,0.5,1
4,2,12201,0,0,300,0.5,1700,0.5,1
4,3,2317,0,0,300,0.5,1700,0.5,1
4,4,14449,2,10,5,0,300,0.5,572,0.32,486,0.18,1
4,5,1084,1,0,300,0.5,1700,0.5,1
4,6,4286,1,0,500,0.6,1000,0.2,1400,0.2,1
4,7,14986,0,0,666,0.42,420,0.58,1
4,8,10239,0,0,666,0.42,420,0.58,1
4,9,13161,0,0,300,0.5,1700,0.5,1
4,10,14344,0,0,666,0.42,420,0.58,1
4,11,1490,1,0,300,0.5,572,0.32,486,0.18,1
5,0,484,1,0,300,0.5,1700,0.5,1
5,1,2791,1,0,300,0.5,572,0.32,486,0.18,1
5,2,1171,0,0,666,0.42,420,0.58,1
5,3,12209,2,10,5,0,500,0.6,1000,0.2,1400,0.2,1
5,4,7127,0,0,300,0.5,572,0.32,486,0.18,1
5,5,867,0,0,300,0.5,572,0.32,486,0.18,1
5,6,497,0,0,500,0.6,1000,0.2,1400,0.2,1
5,7,2216,0,0,666,0.42,420,0.58,1
5,8,485,0,0,666,0.42,420,0.58,1
5,9,12740,1,0,300,0.5,572,0.32,486,0.18,1
5,10,1903,1,0,300,0.5,1700,0.5,1
5,11,14406,1,0,500,0.6,1000,0.2,1400,0.2,1
6,0,12847,2,10,5,0,666,0.42,420,0.58,1
6,1,765,2,10,5,0,500,0.6,1000,0.2,1400,0.2,1
6,2,14271,1,0,300,0.5,572,0.32,486,0.18,1
6,3,4938,1,0,500,0.6,1000,0.2,1400,0.2,1
6,4,1913,0,0,300,0.5,572,0.32,486,0.18,1
6,5,13441,0,0,300,0.5,572,0.32,486,0.18,1
6,6,11406,1,0,666,0.42,420,0.58,1
6,7,9012,2,10,5,0,300,0.5,572,0.32,486,0.18,1
6,8,5760,2,10,5,0,500,0.6,1000,0.2,1400,0.2,1
6,9,1509,1,0,300,0.5,572,0.32,486,0.18,1
6,10,9819,2,10,5,0,300,0.5,1700,0.5,1
6,11,4630,2,10,5,0,300,0.5,1700,0.5,1
7,0,6359,2,10,5,0,666,0.42,420,0.58,1
7,1,12319,2,10,5,0,666,0.42,420,0.58,1
7,2,9022,2,10,5,0,300,0.5,572,0.32,486,0.18,1
7,3,13001,1,0,300,0.5,572,0.32,486,0.18,1
7,4,6012,2,10,5,0,500,0.6,1000,0.2,1400,0.2,1
7,5,11744,2,10,5,0,666,0.42,420,0.58,1
7,6,10479,2,10,5,0,500,0.6,1000,0.2,1400,0.2,1
7,7,11297,2,10,5,0,500,0.6,1000,0.2,1400,0.2,1
7,8,13095,1,0,500,0.6,1000,0.2,1400,0.2,1
7,9,793,1,0,666,0.42,420,0.58,1
7,10,8929,2,10,5,0,300,0.5,572,0.32,486,0.18,1
7,11,3991,2,10,5,0,300,0.5,1700,0.5,1
8,0,4947,0,0,300,0.5,1700,0.5,1
8,1,9986,0,0,500,0.6,1000,0.2,1400,0.2,1
8,2,14731,1,0,300,0.5,1700,0.5,1
8,3,9261,1,0,300,0.5,1700,0.5,1
8,4,2569,0,0,500,0.6,1000,0.2,1400,0.2,1
8,5,13509,1,0,300,0.5,1700,0.5,1
8,6,6679,2,10,5,0,300,0.5,1700,0.5,1
8,7,12202,1,0,666,0.42,420,0.58,1
8,8,12649,0,0,666,0.42,420,0.58,1
8,9,13130,2,10,5,0,500,0.6,1000,0.2,1400,0.2,1
8,10,5955,1,0,300,0.5,572,0.32,486,0.18,1
8,11,60,0,0,300,0.5,572,0.32,486,0.18,1
9,0,14320,2,10,5,0,300,0.5,572,0.32,486,0.18,1
9,1,3792,0,0,300,0.5,1700,0.5,1
9,2,6525,2,10,5,0,300,0.5,572,0.32,486,0.18,1
9,3,11595,2,10,5,0,300,0.5,1700,0.5,1
9,4,5893,2,10,5,0,300,0.5,1700,0.5,1
9,5,8721,2,10,5,0,500,0.6,1000,0.2,1400,0.2,1
9,6,6298,0,0,666,0.42,420,0.58,1
9,7,6991,2,10,5,0,666,0.42,420,0.58,1
9,8,667,2,10,5,0,666,0.42,420,0.58,1
9,9,1123,2,10,5,0,500,0.6,1000,0.2,1400,0.2,1
9,10,5821,1,0,300,0.5,572,0.32,486,0.18,1
9,11,12642,0,0,666,0.42,420,0.58,1
10,0,6843,2,10,5,0,666,0.42,420,0.58,1
10,1,7813,0,0,300,0.5,1700,0.5,1
10,2,8967,2,10,5,0,300,0.5,1700,0.5,1
10,3,2099,2,10,5,0,300,0.5,572,0.32,486,0.18,1
10,4,14702,2,10,5,0,500,0.6,1000,0.2,1400,0.2,1
10,5,14671,0,0,300,0.5,1700,0.5,1
10,6,8704,1,0,300,0.5,1700,0.5,1
10,7,14414,0,0,500,0.6,1000,0.2,1400,0.2,1
10,8,10775,2,10,5,0,300,0.5,1700,0.5,1
10,9,14392,1,0,300,0.5,1700,0.5,1
10,10,5727,2,10,5,0,300,0.5,1700,0.5,1
10,11,14724,0,0,666,0.42,420,0.58,1
11,0,4708,2,10,5,0,300,0.5,572,0.32,486,0.18,1
11,1,14649,2,10,5,0,500,0.6,1000,0.2,1400,0.2,1
11,2,185,1,0,300,0.5,1700,0.5,1
11,3,12665,0,0,666,0.42,420,0.58,1
11,4,9838,2,10,5,0,666,0.42,420,0.58,1
11,5,14040,1,0,500,0.6,1000,0.2,1400,0.2,1
11,6,2663,2,10,5,0,300,0.5,1700,0.5,1
11,7,9328,0,0,300,0.5,1700,0.5,1
11,8,13903,2,10,5,0,666,0.42,420,0.58,1
11,9,7112,0,0,500,0.6,1000,0.2,1400,0.2,1
11,10,279,2,10,5,0,500,0.6,1000,0.2,1400,0.2,1
11,11,14002,2,10,5,0,666,0.42,420,0.58,1
