0,0,10383,1,0,666,0.42,420,0.58,1
0,1,1408,2,10,5,0,300,0.5,1700,0.5,1
0,2,11033,1,0,500,0.6,1000,0.2,1400,0.2,1
0,3,10432,2,10,5,0,300,0.5,1700,0.5,1
0,4,7566,1,0,300,0.5,572,0.32,486,0.18,1
0,5,8904,0,0,500,0.6,1000,0.2,1400,0.2,1
0,6,2606,1,0,500,0.6,1000,0.2,1400,0.2,1
0,7,1687,1,0,666,0.42,420,0.58,1
0,8,2638,0,0,300,0.5,1700,0.5,1
0,9,10913,1,0,500,0.6,1000,0.2,1400,0.2,1
0,10,14813,1,0,500,0.6,1000,0.2,1400,0.2,1
0,11,10474,1,0,300,0.5,572,0.32,486,0.18,1
1,0,9753,0,0,300,0.5,572,0.32,486,0.18,1
1,1,7534,2,10,5,0,300,0.5,1700,0.5,1
1,2,11647,0,0,300,0.5,572,0.32,486,0.18,0
1,3,11160,0,0,300,0.5,572,0.32,486,0.18,1
1,4,3935,0,0,300,0.5,1700,0.5,1
1,5,14116,1,0,666,0.42,420,0.58,1
1,6,9050,0,0,300,0.5,1700,0.5,1
1,7,10918,0,0,300,0.5,1700,0.5,1
1,8,6816,2,10,5,0,300,0.5,1700,0.5,1
1,9,12856,2,10,5,0,300,0.5,1700,0.5,1
1,10,10053,0,0,500,0.6,1000,0.2,1400,0.2,1
1,11,3915,0,0,300,0.5,572,0.32,486,0.18,1
2,0,13039,0,0,500,0.6,1000,0.2,1400,0.2,1
2,1,8577,2,10,5,0,500,0.6,1000,0.2,1400,0.2,1
2,2,4118,0,0,500,0.6,1000,0.2,1400,0.2,1
2,3,7909,0,0,666,0.42,420,0.58,1
2,4,5767,2,10,5,0,300,0.5,572,0.32,486,0.18,1
2,5,5093,2,10,5,0,666,0.42,420,0.58,1
2,6,3739,0,0,666,0.42,420,0.58,1
2,7,5208,0,0,666,0.42,420,0.58,1
2,8,9537,1,0,666,0.42,420,0.58,1
2,9,7959,2,10,5,0,300,0.5,572,0.32,486,0.18,1
2,10,10144,1,0,300,0.5,572,0.32,486,0.18,1
2,11,1822,2,10,5,0,300,0.5,572,0.32,486,0.18,1
3,0,9438,1,0,300,0.5,572,0.32,486,0.18,1
3,1,1707,0,0,500,0.6,1000,0.2,1400,0.2,1
3,2,4110,1,0,300,0.5,572,0.32,486,0.18,1
3,3,6131,1,0,300,0.5,572,0.32,486,0.18,1
3,4,6653,2,10,5,0,500,0.6,1000,0.2,1400,0.2,1
3,5,10273,2,10,5,0,300,0.5,1700,0.5,1
3,6,8878,2,10,5,0,300,0.5,1700,0.5,1
3,7,12936,1,0,500,0.6,1000,0.2,1400,0.2,1
3,8,3728,2,10,5,0,300,0.5,1700,0.5,1
3,9,14172,2,10,5,0,300,0.5,1700,0.5,1
3,10,3637,1,0,300,0.5,1700,0.5,1
3,11,8759,2,10,5,0,300,0.5,1700,0.5,1
4,0,6110,2,10,5,0,300,0.5,1700,0.5,1
4,1,10487,0,0,666,0.42,420,0.58,1
4,2,10862,0,0,500,0.6,1000,0.2,1400,0.2,1
4,3,5350,0,0,500,0.6,1000,0.2,1400,0.2,1
4,4,3384,2,10,5,0,666,0.42,420,0.58,1
4,5,11757,0,0,666,0.42,420,0.58,1
4,6,2595,2,10,5,0,666,0.42,420,0.58,1
4,7,9481,1,0,300,0.5,1700,0.5,1
4,8,8490,0,0,300,0.5,572,0.32,486,0.18,1
4,9,11835,0,0,666,0.42,420,0.58,1
4,10,2484,2,10,5,0,500,0.6,1000,0.2,1400,0.2,1
4,11,12882,2,10,5,0,300,0.5,1700,0.5,1
5,0,4105,2,10,5,0,300,0.5,1700,0.5,1
5,1,6504,0,0,300,0.5,572,0.32,486,0.18,1
5,2,1112,1,0,500,0.6,1000,0.2,1400,0.2,1
5,3,2011,2,10,5,0,300,0.5,1700,0.5,1
5,4,11643,2,10,5,0,300,0.5,1700,0.5,1
5,5,4737,2,10,5,0,300,0.5,572,0.32,486,0.18,1
5,6,9276,2,10,5,0,500,0.6,1000,0.2,1400,0.2,1
5,7,6785,0,0,300,0.5,1700,0.5,1
5,8,8630,1,0,300,0.5,572,0.32,486,0.18,1
5,9,3809,0,0,300,0.5,1700,0.5,1
5,10,9623,1,0,300,0.5,572,0.32,486,0.18,1
5,11,13630,1,0,300,0.5,572,0.32,486,0.18,1
6,0,9652,2,10,5,0,500,0.6,1000,0.2,1400,0.2,1
6,1,398,2,10,5,0,500,0.6,1000,0.2,1400,0.2,1
6,2,5602,1,0,500,0.6,1000,0.2,1400,0.2,1
6,3,8515,1,0,666,0.42,420,0.58,1
6,4,5012,2,10,5,0,300,0.5,572,0.32,486,0.18,1
6,5,11686,1,0,666,0.42,420,0.58,1
6,6,3677,1,0,500,0.6,1000,0.2,1400,0.2,1
6,7,4321,0,0,666,0.42,420,0.58,1
6,8,2634,1,0,300,0.5,1700,0.5,1
6,9,6507,2,10,5,0,500,0.6,1000,0.2,1400,0.2,1
6,10,11856,1,0,500,0.6,1000,0.2,1400,0.2,1
6,11,10107,1,0,300,0.5,1700,0.5,1
7,0,1793,2,10,5,0,666,0.42,420,0.58,1
7,1,10089,0,0,666,0.42,420,0.58,1
7,2,6066,1,0,666,0.42,420,0.58,1
7,3,434,0,0,666,0.42,420,0.58,1
7,4,8062,0,0,500,0.6,1000,0.2,1400,0.2,1
7,5,9156,2,10,5,0,500,0.6,1000,0.2,1400,0.2,1
7,6,12165,2,10,5,0,666,0.42,420,0.58,1
7,7,11078,0,0,666,0.42,420,0.58,1
7,8,12682,0,0,666,0.42,420,0.58,1
7,9,5588,0,0,500,0.6,1000,0.2,1400,0.2,1
7,10,14587,1,0,300,0.5,572,0.32,486,0.18,1
7,11,2816,1,0,300,0.5,572,0.32,486,0.18,1
8,0,1983,2,10,5,0,500,0.6,1000,0.2,1400,0.2,1
8,1,3909,0,0,300,0.5,1700,0.5,1
8,2,9012,2,10,5,0,666,0.42,420,0.58,1
8,3,442,2,10,5,0,300,0.5,572,0.32,486,0.18,1
8,4,552,1,0,300,0.5,572,0.32,486,0.18,1
8,5,6477,1,0,300,0.5,1700,0.5,1
8,6,1021,0,0,300,0.5,1700,0.5,1
8,7,219,2,10,5,0,300,0.5,572,0.32,486,0.18,1
8,8,46,0,0,300,0.5,1700,0.5,1
8,9,1697,2,10,5,0,300,0.5,1700,0.5,1
8,10,8661,2,10,5,0,666,0.42,420,0.58,1
8,11,9869,1,0,300,0.5,1700,0.5,1
9,0,14840,0,0,300,0.5,1700,0.5,1
9,1,7179,1,0,666,0.42,420,0.58,1
9,2,14257,0,0,666,0.42,420,0.58,1
9,3,5951,1,0,500,0.6,1000,0.2,1400,0.2,1
9,4,3864,2,10,5,0,666,0.42,420,0.58,1
9,5,6660,1,0,300,0.5,572,0.32,486,0.18,1
9,6,2084,1,0,300,0.5,1700,0.5,1
9,7,2534,0,0,500,0.6,1000,0.2,1400,0.2,1
9,8,14479,0,0,300,0.5,572,0.32,486,0.18,1
9,9,11539,0,0,300,0.5,1700,0.5,1
9,10,10490,0,0,300,0.5,572,0.32,486,0.18,1
9,11,5651,1,0,666,0.42,420,0.58,1
10,0,2684,1,0,300,0.5,1700,0.5,1
10,1,8791,2,10,5,0,300,0.5,572,0.32,486,0.18,1
10,2,116,1,0,500,0.6,1000,0.2,1400,0.2,1
10,3,5189,2,10,5,0,300,0.5,572,0.32,486,0.18,1
10,4,12964,1,0,666,0.42,420,0.58,1
10,5,4026,2,10,5,0,500,0.6,1000,0.2,1400,0.2,1
10,6,2833,0,0,500,0.6,1000,0.2,1400,0.2,1
10,7,1204,2,10,5,0,500,0.6,1000,0.2,1400,0.2,1
10,8,5915,1,0,300,0.5,572,0.32,486,0.18,1
10,9,9867,2,10,5,0,666,0.42,420,0.58,1
10,10,4516,0,0,300,0.5,1700,0.5,1
10,11,13671,0,0,300,0.5,572,0.32,486,0.18,1
11,0,10006,1,0,666,0.42,420,0.58,1
11,1,4708,2,10,5,0,300,0.5,1700,0.5,1
11,2,9007,1,0,666,0.42,420,0.58,1
11,3,4530,1,0,300,0.5,572,0.32,486,0.18,1
11,4,10027,0,0,500,0.6,1000,0.2,1400,0.2,1
11,5,10724,0,0,500,0.6,1000,0.2,1400,0.2,1
11,6,11811,2,10,5,0,500,0.6,1000,0.2,1400,0.2,1
11,7,7745,0,0,666,0.42,420,0.58,1
11,8,13359,1,0,300,0.5,572,0.32,486,0.18,1
11,9,14264,2,10,5,0,666,0.42,420,0.58,1
11,10,4900,1,0,300,0.5,1700,0.5,1
11,11,10558,0,0,666,0.42,420,0.58,1
