0,0,6659,1,0,300,0.5,572,0.32,486,0.18,1
0,1,13656,0,0,300,0.5,1700,0.5,1
0,2,14158,0,0,500,0.6,1000,0.2,1400,0.2,1
0,3,7061,0,0,500,0.6,1000,0.2,1400,0.2,1
0,4,3184,0,0,300,0.5,1700,0.5,1
0,5,11692,2,10,5,0,300,0.5,572,0.32,486,0.18,1
0,6,9176,2,10,5,0,300,0.5,572,0.32,486,0.18,1
0,7,8289,1,0,666,0.42,420,0.58,1
0,8,10778,1,0,666,0.42,420,0.58,1
0,9,9992,0,0,300,0.5,572,0.32,486,0.18,1
0,10,7797,1,0,500,0.6,1000,0.2,1400,0.2,1
0,11,7922,2,10,5,0,300,0.5,572,0.32,486,0.18,1
1,0,13701,2,10,5,0,300,0.5,572,0.32,486,0.18,1
1,1,3490,2,10,5,0,300,0.5,572,0.32,486,0.18,1
1,2,6600,0,0,666,0.42,420,0.58,0
1,3,14993,2,10,5,0,666,0.42,420,0.58,1
1,4,4379,1,0,300,0.5,572,0.32,486,0.18,1
1,5,2025,0,0,666,0.42,420,0.58,1
1,6,212,0,0,300,0.5,572,0.32,486,0.18,1
1,7,2410,2,10,5,0,300,0.5,572,0.32,486,0.18,1
1,8,4108,1,0,500,0.6,1000,0.2,1400,0.2,1
1,9,2492,0,0,666,0.42,420,0.58,1
1,10,14945,2,10,5,0,300,0.5,1700,0.5,1
1,11,2720,0,0,300,0.5,572,0.32,486,0.18,1
2,0,8498,1,0,300,0.5,572,0.32,486,0.18,1
2,1,4284,1,0,300,0.5,1700,0.5,1
2,2,4957,0,0,500,0.6,1000,0.2,1400,0.2,1
2,3,7495,2,10,5,0,300,0.5,572,0.32,486,0.18,1
2,4,4547,0,0,666,0.42,420,0.58,1
2,5,2979,2,10,5,0,666,0.42,420,0.58,1
2,6,7031,2,10,5,0,500,0.6,1000,0.2,1400,0.2,1
2,7,12277,2,10,5,0,666,0.42,420,0.58,1
2,8,12345,2,10,5,0,300,0.5,1700,0.5,1
2,9,1362,1,0,300,0.5,1700,0.5,1
2,10,5527,1,0,300,0.5,1700,0.5,1
2,11,9785,1,0,300,0.5,572,0.32,486,0.18,1
3,0,14711,2,10,5,0,500,0.6,1000,0.2,1400,0.2,1
3,1,6263,1,0,300,0.5,1700,0.5,1
3,2,1355,2,10,5,0,300,0.5,572,0.32,486,0.18,1
3,3,11211,2,10,5,0,300,0.5,1700,0.5,1
3,4,10540,2,10,5,0,300,0.5,572,0.32,486,0.18,1
3,5,9408,1,0,300,0.5,1700,0.5,1
3,6,5345,0,0,666,0.42,420,0.58,1
3,7,14024,0,0,666,0.42,420,0.58,1
3,8,9850,2,10,5,0,500,0.6,1000,0.2,1400,0.2,1
3,9,8036,2,10,5,0,300,0.5,1700,0.5,1
3,10,12166,1,0,666,0.42,420,0.58,1
3,11,12981,2,10,5,0,500,0.6,1000,0.2,1400,0.2,1
4,0,2813,1,0,666,0.42,420,0.58,1
4,1,12563,0,0,500,0.6,1000,0.2,1400,0.2,1
4,2,13580,0,0,666,0.42,420,0.58,1
4,3,14900,0,0,666,0.42,420,0.58,1
4,4,7706,0,0,500,0.6,1000,0.2,1400,0.2,1
4,5,2527,1,0,666,0.42,420,0.58,1
4,6,10102,0,0,300,0.5,1700,0.5,1
4,7,2042,0,0,500,0.6,1000,0.2,1400,0.2,1
4,8,3179,1,0,666,0.42,420,0.58,1
4,9,9669,2,10,5,0,666,0.42,420,0.58,1
4,10,13737,1,0,300,0.5,1700,0.5,1
4,11,7528,2,10,5,0,500,0.6,1000,0.2,1400,0.2,1
5,0,3633,1,0,666,0.42,420,0.58,1
5,1,6270,0,0,666,0.42,420,0.58,1
5,2,763,0,0,300,0.5,572,0.32,486,0.18,1
5,3,3210,0,0,500,0.6,1000,0.2,1400,0.2,1
5,4,2281,1,0,300,0.5,1700,0.5,1
5,5,4833,1,0,666,0.42,420,0.58,1
5,6,2401,1,0,300,0.5,1700,0.5,1
5,7,6993,0,0,666,0.42,420,0.58,1
5,8,9897,0,0,300,0.5,1700,0.5,1
5,9,14579,0,0,500,0.6,1000,0.2,1400,0.2,1
5,10,9635,1,0,500,0.6,1000,0.2,1400,0.2,1
5,11,8307,2,10,5,0,500,0.6,1000,0.2,1400,0.2,1
6,0,1630,0,0,500,0.6,1000,0.2,1400,0.2,1
6,1,10239,0,0,300,0.5,572,0.32,486,0.18,1
6,2,209,1,0,500,0.6,1000,0.2,1400,0.2,1
6,3,2598,0,0,300,0.5,1700,0.5,1
6,4,11381,0,0,300,0.5,572,0.32,486,0.18,1
6,5,3909,0,0,300,0.5,572,0.32,486,0.18,1
6,6,7317,0,0,500,0.6,1000,0.2,1400,0.2,1
6,7,9350,2,10,5,0,300,0.5,1700,0.5,1
6,8,14066,0,0,500,0.6,1000,0.2,1400,0.2,1
6,9,12459,0,0,500,0.6,1000,0.2,1400,0.2,1
6,10,2887,1,0,300,0.5,572,0.32,486,0.18,1
6,11,11985,2,10,5,0,300,0.5,1700,0.5,1
7,0,9129,0,0,666,0.42,420,0.58,1
7,1,9343,0,0,300,0.5,572,0.32,486,0.18,1
7,2,1798,0,0,300,0.5,572,0.32,486,0.18,1
7,3,2605,1,0,666,0.42,420,0.58,1
7,4,13654,2,10,5,0,666,0.42,420,0.58,1
7,5,14096,2,10,5,0,500,0.6,1000,0.2,1400,0.2,1
7,6,8268,1,0,300,0.5,572,0.32,486,0.18,1
7,7,495,0,0,500,0.6,1000,0.2,1400,0.2,1
7,8,12151,2,10,5,0,300,0.5,1700,0.5,1
7,9,10659,0,0,300,0.5,1700,0.5,1
7,10,2767,1,0,500,0.6,1000,0.2,1400,0.2,1
7,11,12459,1,0,300,0.5,572,0.32,486,0.18,1
8,0,12098,1,0,300,0.5,1700,0.5,1
8,1,9829,2,10,5,0,300,0.5,1700,0.5,1
8,2,10070,0,0,300,0.5,572,0.32,486,0.18,1
8,3,13847,1,0,500,0.6,1000,0.2,1400,0.2,1
8,4,13745,2,10,5,0,300,0.5,1700,0.5,1
8,5,14169,2,10,5,0,300,0.5,572,0.32,486,0.18,1
8,6,11200,0,0,300,0.5,1700,0.5,1
8,7,12630,1,0,300,0.5,1700,0.5,1
8,8,14859,1,0,666,0.42,420,0.58,1
8,9,11009,1,0,500,0.6,1000,0.2,1400,0.2,1
8,10,6762,1,0,500,0.6,1000,0.2,1400,0.2,1
8,11,9796,0,0,500,0.6,1000,0.2,1400,0.2,1
9,0,13189,0,0,666,0.42,420,0.58,1
9,1,9183,0,0,500,0.6,1000,0.2,1400,0.2,1
9,2,7045,0,0,500,0.6,1000,0.2,1400,0.2,1
9,3,9866,2,10,5,0,666,0.42,420,0.58,1
9,4,9820,2,10,5,0,300,0.5,1700,0.5,1
9,5,5001,0,0,300,0.5,1700,0.5,1
9,6,4188,0,0,666,0.42,420,0.58,1
9,7,4764,2,10,5,0,300,0.5,572,0.32,486,0.18,1
9,8,6955,1,0,300,0.5,572,0.32,486,0.18,1
9,9,4055,2,10,5,0,300,0.5,572,0.32,486,0.18,1
9,10,773,2,10,5,0,300,0.5,572,0.32,486,0.18,1
9,11,7106,0,0,300,0.5,572,0.32,486,0.18,1
10,0,12516,2,10,5,0,500,0.6,1000,0.2,1400,0.2,1
10,1,12509,0,0,300,0.5,1700,0.5,1
10,2,11143,0,0,300,0.5,1700,0.5,1
10,3,6209,2,10,5,0,666,0.42,420,0.58,1
10,4,6789,0,0,500,0.6,1000,0.2,1400,0.2,1
10,5,744,1,0,300,0.5,572,0.32,486,0.18,1
10,6,7007,0,0,500,0.6,1000,0.2,1400,0.2,1
10,7,5062,2,10,5,0,300,0.5,572,0.32,486,0.18,1
10,8,8920,1,0,666,0.42,420,0.58,1
10,9,13332,1,0,666,0.42,420,0.58,1
10,10,6699,1,0,500,0.6,1000,0.2,1400,0.2,1
10,11,12040,2,10,5,0,300,0.5,1700,0.5,1
11,0,3035,1,0,300,0.5,1700,0.5,1
11,1,3162,1,0,500,0.6,1000,0.2,1400,0.2,1
11,2,11832,2,10,5,0,300,0.5,572,0.32,486,0.18,1
11,3,8302,0,0,500,0.6,1000,0.2,1400,0.2,1
11,4,1350,0,0,300,0.5,1700,0.5,1
11,5,5583,0,0,300,0.5,572,0.32,486,0.18,1
11,6,1863,2,10,5,0,300,0.5,572,0.32,486,0.18,1
11,7,6822,2,10,5,0,666,0.42,420,0.58,1
11,8,2859,0,0,500,0.6,1000,0.2,1400,0.2,1
11,9,4999,0,0,300,0.5,1700,0.5,1
11,10,8362,0,0,300,0.5,572,0.32,486,0.18,1
11,11,3605,2,10,5,0,500,0.6,1000,0.2,1400,0.2,1
