0,0,12217,2,10,5,0,666,0.42,420,0.58,1
0,1,6136,2,10,5,0,300,0.5,1700,0.5,1
0,2,12260,0,0,666,0.42,420,0.58,1
0,3,10362,2,10,5,0,300,0.5,1700,0.5,1
0,4,11394,2,10,5,0,666,0.42,420,0.58,1
0,5,4333,2,10,5,0,666,0.42,420,0.58,1
0,6,9518,0,0,666,0.42,420,0.58,1
0,7,9850,1,0,666,0.42,420,0.58,1
0,8,10226,2,10,5,0,300,0.5,1700,0.5,1
0,9,11894,0,0,666,0.42,420,0.58,1
0,10,8746,2,10,5,0,300,0.5,1700,0.5,1
0,11,8253,0,0,300,0.5,1700,0.5,1
1,0,12731,1,0,500,0.6,1000,0.2,1400,0.2,1
1,1,9839,0,0,666,0.42,420,0.58,1
1,2,1370,2,10,5,0,500,0.6,1000,0.2,1400,0.2,0
1,3,13688,2,10,5,0,500,0.6,1000,0.2,1400,0.2,1
1,4,13379,1,0,666,0.42,420,0.58,1
1,5,3340,1,0,666,0.42,420,0.58,1
1,6,8810,2,10,5,0,300,0.5,572,0.32,486,0.18,1
1,7,10120,2,10,5,0,666,0.42,420,0.58,1
1,8,10449,0,0,500,0.6,1000,0.2,1400,0.2,1
1,9,13002,1,0,300,0.5,1700,0.5,1
1,10,1761,1,0,666,0.42,420,0.58,1
1,11,4046,1,0,300,0.5,572,0.32,486,0.18,1
2,0,883,2,10,5,0,300,0.5,1700,0.5,1
2,1,7167,0,0,300,0.5,572,0.32,486,0.18,1
2,2,6186,0,0,300,0.5,572,0.32,486,0.18,1
2,3,3145,2,10,5,0,500,0.6,1000,0.2,1400,0.2,1
2,4,6615,2,10,5,0,300,0.5,1700,0.5,1
2,5,11721,0,0,300,0.5,572,0.32,486,0.18,1
2,6,912,0,0,300,0.5,1700,0.5,1
2,7,9374,2,10,5,0,666,0.42,420,0.58,1
2,8,11859,2,10,5,0,300,0.5,1700,0.5,1
2,9,1292,2,10,5,0,500,0.6,1000,0.2,1400,0.2,1
2,10,2175,0,0,300,0.5,572,0.32,486,0.18,1
2,11,1264,2,10,5,0,300,0.5,1700,0.5,1
3,0,2110,2,10,5,0,300,0.5,572,0.32,486,0.18,1
3,1,13901,0,0,300,0.5,1700,0.5,1
3,2,5160,1,0,300,0.5,1700,0.5,1
3,3,11757,1,0,300,0.5,572,0.32,486,0.18,1
3,4,12054,2,10,5,0,666,0.42,420,0.58,1
3,5,5431,2,10,5,0,666,0.42,420,0.58,1
3,6,287,0,0,666,0.42,420,0.58,1
3,7,14989,2,10,5,0,300,0.5,572,0.32,486,0.18,1
3,8,3655,1,0,666,0.42,420,0.58,1
3,9,2973,2,10,5,0,300,0.5,1700,0.5,1
3,10,577,0,0,300,0.5,1700,0.5,1
3,11,2402,2,10,5,0,666,0.42,420,0.58,1
4,0,7099,2,10,5,0,666,0.42,420,0.58,1
4,1,11584,2,10,5,0,666,0.42,420,0.58,1
4,2,9321,0,0,500,0.6,1000,0.2,1400,0.2,1
4,3,3119,1,0,300,0.5,572,0.32,486,0.18,1
4,4,9858,1,0,300,0.5,572,0.32,486,0.18,1
4,5,1385,2,10,5,0,500,0.6,1000,0.2,1400,0.2,1
4,6,3014,2,10,5,0,300,0.5,1700,0.5,1
4,7,7544,2,10,5,0,300,0.5,1700,0.5,1
4,8,11789,0,0,666,0.42,420,0.58,1
4,9,4432,0,0,300,0.5,1700,0.5,1
4,10,10956,0,0,300,0.5,572,0.32,486,0.18,1
4,11,11038,2,10,5,0,300,0.5,1700,0.5,1
5,0,9828,0,0,500,0.6,1000,0.2,1400,0.2,1
5,1,8160,0,0,666,0.42,420,0.58,1
5,2,7982,1,0,666,0.42,420,0.58,1
5,3,10399,0,0,666,0.42,420,0.58,1
5,4,10445,2,10,5,0,300,0.5,572,0.32,486,0.18,1
5,5,5025,2,10,5,0,500,0.6,1000,0.2,1400,0.2,1
5,6,14393,0,0,666,0.42,420,0.58,1
5,7,10205,0,0,300,0.5,1700,0.5,1
5,8,6561,2,10,5,0,500,0.6,1000,0.2,1400,0.2,1
5,9,555,2,10,5,0,500,0.6,1000,0.2,1400,0.2,1
5,10,2526,0,0,500,0.6,1000,0.2,1400,0.2,1
5,11,14589,2,10,5,0,500,0.6,1000,0.2,1400,0.2,1
6,0,13106,0,0,300,0.5,1700,0.5,1
6,1,7284,0,0,300,0.5,1700,0.5,1
6,2,6633,0,0,500,0.6,1000,0.2,1400,0.2,1
6,3,3175,0,0,300,0.5,572,0.32,486,0.18,1
6,4,7784,2,10,5,0,666,0.42,420,0.58,1
6,5,13607,1,0,300,0.5,1700,0.5,1
6,6,3893,0,0,666,0.42,420,0.58,1
6,7,5036,1,0,666,0.42,420,0.58,1
6,8,13027,0,0,300,0.5,1700,0.5,1
6,9,13402,0,0,300,0.5,1700,0.5,1
6,10,454,0,0,666,0.42,420,0.58,1
6,11,2770,0,0,300,0.5,1700,0.5,1
7,0,1032,2,10,5,0,300,0.5,572,0.32,486,0.18,1
7,1,3745,2,10,5,0,500,0.6,1000,0.2,1400,0.2,1
7,2,10417,2,10,5,0,300,0.5,572,0.32,486,0.18,1
7,3,11882,1,0,500,0.6,1000,0.2,1400,0.2,1
7,4,6078,1,0,300,0.5,572,0.32,486,0.18,1
7,5,6513,0,0,500,0.6,1000,0.2,1400,0.2,1
7,6,3896,2,10,5,0,300,0.5,1700,0.5,1
7,7,1824,1,0,666,0.42,420,0.58,1
7,8,4101,0,0,300,0.5,1700,0.5,1
7,9,3334,2,10,5,0,666,0.42,420,0.58,1
7,10,842,1,0,300,0.5,572,0.32,486,0.18,1
7,11,12888,2,10,5,0,300,0.5,572,0.32,486,0.18,1
8,0,3950,1,0,500,0.6,1000,0.2,1400,0.2,1
8,1,12311,0,0,666,0.42,420,0.58,1
8,2,7036,0,0,300,0.5,572,0.32,486,0.18,1
8,3,8209,1,0,500,0.6,1000,0.2,1400,0.2,1
8,4,598,2,10,5,0,300,0.5,572,0.32,486,0.18,1
8,5,10240,2,10,5,0,300,0.5,1700,0.5,1
8,6,857,1,0,300,0.5,572,0.32,486,0.18,1
8,7,2292,0,0,500,0.6,1000,0.2,1400,0.2,1
8,8,13772,0,0,300,0.5,1700,0.5,1
8,9,6916,2,10,5,0,666,0.42,420,0.58,1
8,10,8388,0,0,666,0.42,420,0.58,1
8,11,2198,1,0,666,0.42,420,0.58,1
9,0,10081,2,10,5,0,300,0.5,572,0.32,486,0.18,1
9,1,5142,1,0,300,0.5,572,0.32,486,0.18,1
9,2,9419,0,0,666,0.42,420,0.58,1
9,3,1573,0,0,666,0.42,420,0.58,1
9,4,2868,1,0,666,0.42,420,0.58,1
9,5,4915,0,0,300,0.5,1700,0.5,1
9,6,14614,2,10,5,0,300,0.5,572,0.32,486,0.18,1
9,7,5935,2,10,5,0,300,0.5,572,0.32,486,0.18,1
9,8,47,2,10,5,0,500,0.6,1000,0.2,1400,0.2,1
9,9,12794,2,10,5,0,500,0.6,1000,0.2,1400,0.2,1
9,10,7447,2,10,5,0,300,0.5,572,0.32,486,0.18,1
9,11,13571,2,10,5,0,300,0.5,572,0.32,486,0.18,1
10,0,8933,2,10,5,0,666,0.42,420,0.58,1
10,1,12239,0,0,300,0.5,1700,0.5,1
10,2,13501,0,0,300,0.5,1700,0.5,1
10,3,1596,2,10,5,0,500,0.6,1000,0.2,1400,0.2,1
10,4,7738,0,0,300,0.5,572,0.32,486,0.18,1
10,5,5857,0,0,300,0.5,1700,0.5,1
10,6,3753,2,10,5,0,300,0.5,1700,0.5,1
10,7,10722,2,10,5,0,666,0.42,420,0.58,1
10,8,8654,1,0,500,0.6,1000,0.2,1400,0.2,1
10,9,3901,0,0,300,0.5,572,0.32,486,0.18,1
10,10,8708,0,0,666,0.42,420,0.58,1
10,11,3534,0,0,300,0.5,572,0.32,486,0.18,1
11,0,2295,0,0,300,0.5,1700,0.5,1
11,1,12265,1,0,500,0.6,1000,0.2,1400,0.2,1
11,2,10175,0,0,300,0.5,1700,0.5,1
11,3,9231,1,0,500,0.6,1000,0.2,1400,0.2,1
11,4,5513,0,0,500,0.6,1000,0.2,1400,0.2,1
11,5,14377,0,0,500,0.6,1000,0.2,1400,0.2,1
11,6,14934,0,0,300,0.5,1700,0.5,1
11,7,11832,0,0,300,0.5,1700,0.5,1
11,8,10752,0,0,300,0.5,1700,0.5,1
11,9,9643,1,0,666,0.42,420,0.58,1
11,10,6875,2,10,5,0,666,0.42,420,0.58,1
11,11,13165,1,0,500,0.6,1000,0.2,1400,0.2,1
