0,0,9856,0,0,500,0.6,1000,0.2,1400,0.2,1
0,1,8524,0,0,666,0.42,420,0.58,1
0,2,5029,0,0,300,0.5,1700,0.5,1
0,3,2669,0,0,666,0.42,420,0.58,1
0,4,6355,2,10,5,0,500,0.6,1000,0.2,1400,0.2,1
0,5,7023,0,0,300,0.5,572,0.32,486,0.18,1
0,6,5161,0,0,500,0.6,1000,0.2,1400,0.2,1
0,7,3178,1,0,300,0.5,1700,0.5,1
0,8,7006,1,0,500,0.6,1000,0.2,1400,0.2,1
0,9,13810,1,0,300,0.5,1700,0.5,1
0,10,3628,2,10,5,0,300,0.5,572,0.32,486,0.18,1
0,11,2749,0,0,300,0.5,572,0.32,486,0.18,1
1,0,11500,0,0,300,0.5,1700,0.5,1
1,1,3061,2,10,5,0,300,0.5,1700,0.5,1
1,2,9493,2,10,5,0,666,0.42,420,0.58,0
1,3,13057,1,0,300,0.5,572,0.32,486,0.18,1
1,4,1155,0,0,300,0.5,572,0.32,486,0.18,1
1,5,2975,2,10,5,0,300,0.5,572,0.32,486,0.18,1
1,6,14917,0,0,500,0.6,1000,0.2,1400,0.2,1
1,7,5896,2,10,5,0,500,0.6,1000,0.2,1400,0.2,1
1,8,7891,2,10,5,0,300,0.5,1700,0.5,1
1,9,8152,0,0,300,0.5,572,0.32,486,0.18,1
1,10,1933,2,10,5,0,300,0.5,1700,0.5,1
1,11,3688,2,10,5,0,300,0.5,572,0.32,486,0.18,1
2,0,9086,1,0,300,0.5,1700,0.5,1
2,1,5236,2,10,5,0,300,0.5,572,0.32,486,0.18,1
2,2,14621,1,0,500,0.6,1000,0.2,1400,0.2,1
2,3,11592,2,10,5,0,300,0.5,572,0.32,486,0.18,1
2,4,7892,1,0,300,0.5,572,0.32,486,0.18,1
2,5,9222,1,0,300,0.5,1700,0.5,1
2,6,10688,2,10,5,0,300,0.5,1700,0.5,1
2,7,4934,1,0,500,0.6,1000,0.2,1400,0.2,1
2,8,3332,2,10,5,0,666,0.42,420,0.58,1
2,9,5250,0,0,666,0.42,420,0.58,1
2,10,11104,1,0,300,0.5,572,0.32,486,0.18,1
2,11,3683,2,10,5,0,500,0.6,1000,0.2,1400,0.2,1
3,0,7517,0,0,300,0.5,1700,0.5,1
3,1,1614,1,0,666,0.42,420,0.58,1
3,2,3364,1,0,300,0.5,572,0.32,486,0.18,1
3,3,5269,2,10,5,0,666,0.42,420,0.58,1
3,4,10366,2,10,5,0,666,0.42,420,0.58,1
3,5,4141,2,10,5,0,300,0.5,1700,0.5,1
3,6,7651,1,0,500,0.6,1000,0.2,1400,0.2,1
3,7,12139,1,0,300,0.5,1700,0.5,1
3,8,3492,2,10,5,0,500,0.6,1000,0.2,1400,0.2,1
3,9,11670,1,0,300,0.5,572,0.32,486,0.18,1
3,10,5529,2,10,5,0,666,0.42,420,0.58,1
3,11,12041,1,0,500,0.6,1000,0.2,1400,0.2,1
4,0,7482,2,10,5,0,500,0.6,1000,0.2,1400,0.2,1
4,1,1648,1,0,500,0.6,1000,0.2,1400,0.2,1
4,2,5760,1,0,500,0.6,1000,0.2,1400,0.2,1
4,3,8702,0,0,666,0.42,420,0.58,1
4,4,12484,2,10,5,0,500,0.6,1000,0.2,1400,0.2,1
4,5,8232,2,10,5,0,500,0.6,1000,0.2,1400,0.2,1
4,6,3418,2,10,5,0,666,0.42,420,0.58,1
4,7,3832,0,0,500,0.6,1000,0.2,1400,0.2,1
4,8,7543,2,10,5,0,300,0.5,572,0.32,486,0.18,1
4,9,14699,0,0,666,0.42,420,0.58,1
4,10,12447,1,0,666,0.42,420,0.58,1
4,11,8931,1,0,666,0.42,420,0.58,1
5,0,11253,2,10,5,0,500,0.6,1000,0.2,1400,0.2,1
5,1,7381,0,0,300,0.5,572,0.32,486,0.18,1
5,2,6352,0,0,300,0.5,1700,0.5,1
5,3,10339,2,10,5,0,300,0.5,1700,0.5,1
5,4,7857,1,0,666,0.42,420,0.58,1
5,5,13361,2,10,5,0,300,0.5,572,0.32,486,0.18,1
5,6,9787,2,10,5,0,300,0.5,1700,0.5,1
5,7,12718,2,10,5,0,300,0.5,1700,0.5,1
5,8,7457,2,10,5,0,300,0.5,572,0.32,486,0.18,1
5,9,11476,0,0,666,0.42,420,0.58,1
5,10,11001,1,0,300,0.5,572,0.32,486,0.18,1
5,11,7704,1,0,300,0.5,1700,0.5,1
6,0,6153,2,10,5,0,300,0.5,572,0.32,486,0.18,1
6,1,9706,1,0,300,0.5,572,0.32,486,0.18,1
6,2,14845,1,0,500,0.6,1000,0.2,1400,0.2,1
6,3,2779,1,0,666,0.42,420,0.58,1
6,4,2489,2,10,5,0,666,0.42,420,0.58,1
6,5,11825,1,0,666,0.42,420,0.58,1
6,6,3713,2,10,5,0,666,0.42,420,0.58,1
6,7,13229,1,0,666,0.42,420,0.58,1
6,8,10589,1,0,300,0.5,1700,0.5,1
6,9,10947,1,0,300,0.5,1700,0.5,1
6,10,9851,1,0,300,0.5,1700,0.5,1
6,11,14593,0,0,300,0.5,572,0.32,486,0.18,1
7,0,462,0,0,500,0.6,1000,0.2,1400,0.2,1
7,1,13835,1,0,300,0.5,572,0.32,486,0.18,1
7,2,9268,1,0,300,0.5,1700,0.5,1
7,3,2469,2,10,5,0,500,0.6,1000,0.2,1400,0.2,1
7,4,7236,0,0,300,0.5,572,0.32,486,0.18,1
7,5,3186,2,10,5,0,300,0.5,572,0.32,486,0.18,1
7,6,985,2,10,5,0,300,0.5,572,0.32,486,0.18,1
7,7,13548,2,10,5,0,666,0.42,420,0.58,1
7,8,12114,1,0,300,0.5,572,0.32,486,0.18,1
7,9,9915,2,10,5,0,300,0.5,572,0.32,486,0.18,1
7,10,2078,2,10,5,0,500,0.6,1000,0.2,1400,0.2,1
7,11,5253,1,0,300,0.5,1700,0.5,1
8,0,3512,0,0,500,0.6,1000,0.2,1400,0.2,1
8,1,14478,1,0,300,0.5,572,0.32,486,0.18,1
8,2,2146,0,0,300,0.5,1700,0.5,1
8,3,3198,0,0,666,0.42,420,0.58,1
8,4,10068,2,10,5,0,300,0.5,1700,0.5,1
8,5,14526,0,0,300,0.5,572,0.32,486,0.18,1
8,6,7645,0,0,666,0.42,420,0.58,1
8,7,8956,0,0,500,0.6,1000,0.2,1400,0.2,1
8,8,1039,1,0,666,0.42,420,0.58,1
8,9,10629,1,0,300,0.5,1700,0.5,1
8,10,1107,1,0,300,0.5,572,0.32,486,0.18,1
8,11,108,0,0,666,0.42,420,0.58,1
9,0,10563,2,10,5,0,500,0.6,1000,0.2,1400,0.2,1
9,1,1816,0,0,500,0.6,1000,0.2,1400,0.2,1
9,2,11653,0,0,300,0.5,572,0.32,486,0.18,1
9,3,125,1,0,500,0.6,1000,0.2,1400,0.2,1
9,4,201,0,0,300,0.5,1700,0.5,1
9,5,4899,1,0,500,0.6,1000,0.2,1400,0.2,1
9,6,12943,0,0,666,0.42,420,0.58,1
9,7,4658,0,0,300,0.5,572,0.32,486,0.18,1
9,8,12237,1,0,300,0.5,572,0.32,486,0.18,1
9,9,542,0,0,300,0.5,1700,0.5,1
9,10,9108,2,10,5,0,666,0.42,420,0.58,1
9,11,7320,2,10,5,0,300,0.5,572,0.32,486,0.18,1
10,0,8112,1,0,666,0.42,420,0.58,1
10,1,871,0,0,300,0.5,572,0.32,486,0.18,1
10,2,9923,0,0,300,0.5,572,0.32,486,0.18,1
10,3,7331,0,0,666,0.42,420,0.58,1
10,4,3277,2,10,5,0,300,0.5,1700,0.5,1
10,5,5257,2,10,5,0,500,0.6,1000,0.2,1400,0.2,1
10,6,8373,2,10,5,0,500,0.6,1000,0.2,1400,0.2,1
10,7,860,2,10,5,0,500,0.6,1000,0.2,1400,0.2,1
10,8,11224,1,0,300,0.5,1700,0.5,1
10,9,10899,1,0,300,0.5,572,0.32,486,0.18,1
10,10,5194,2,10,5,0,500,0.6,1000,0.2,1400,0.2,1
10,11,12996,0,0,300,0.5,1700,0.5,1
11,0,4006,0,0,500,0.6,1000,0.2,1400,0.2,1
11,1,5428,2,10,5,0,300,0.5,1700,0.5,1
11,2,9480,1,0,300,0.5,572,0.32,486,0.18,1
11,3,6483,1,0,300,0.5,1700,0.5,1
11,4,2886,0,0,300,0.5,1700,0.5,1
11,5,1373,0,0,300,0.5,572,0.32,486,0.18,1
11,6,1682,0,0,300,0.5,1700,0.5,1
11,7,13832,1,0,300,0.5,1700,0.5,1
11,8,4147,0,0,500,0.6,1000,0.2,1400,0.2,1
11,9,8515,1,0,666,0.42,420,0.58,1
11,10,4541,1,0,500,0.6,1000,0.2,1400,0.2,1
11,11,12142,2,10,5,0,300,0.5,572,0.32,486,0.18,1
