0,0,5197,0,0,300,0.5,572,0.32,486,0.18,1
0,1,14405,1,0,300,0.5,572,0.32,486,0.18,1
0,2,1389,2,10,5,0,666,0.42,420,0.58,1
0,3,7799,0,0,500,0.6,1000,0.2,1400,0.2,1
0,4,6677,2,10,5,0,300,0.5,572,0.32,486,0.18,1
0,5,6438,2,10,5,0,300,0.5,1700,0.5,1
0,6,10284,0,0,300,0.5,1700,0.5,1
0,7,4615,2,10,5,0,300,0.5,1700,0.5,1
0,8,4401,0,0,500,0.6,1000,0.2,1400,0.2,1
0,9,6116,0,0,300,0.5,1700,0.5,1
0,10,12764,2,10,5,0,500,0.6,1000,0.2,1400,0.2,1
0,11,1658,0,0,300,0.5,572,0.32,486,0.18,1
1,0,807,1,0,500,0.6,1000,0.2,1400,0.2,1
1,1,10633,0,0,300,0.5,1700,0.5,1
1,2,4850,1,0,666,0.42,420,0.58,0
1,3,4233,0,0,666,0.42,420,0.58,1
1,4,8177,2,10,5,0,666,0.42,420,0.58,1
1,5,8031,2,10,5,0,666,0.42,420,0.58,1
1,6,2307,2,10,5,0,300,0.5,1700,0.5,1
1,7,2999,2,10,5,0,500,0.6,1000,0.2,1400,0.2,1
1,8,6079,2,10,5,0,300,0.5,572,0.32,486,0.18,1
1,9,13931,2,10,5,0,300,0.5,1700,0.5,1
1,10,9608,2,10,5,0,300,0.5,1700,0.5,1
1,11,7865,2,10,5,0,666,0.42,420,0.58,1
2,0,3862,0,0,666,0.42,420,0.58,1
2,1,6351,2,10,5,0,500,0.6,1000,0.2,1400,0.2,1
2,2,1267,1,0,300,0.5,1700,0.5,1
2,3,14886,2,10,5,0,300,0.5,1700,0.5,1
2,4,5741,1,0,300,0.5,1700,0.5,1
2,5,1923,1,0,300,0.5,572,0.32,486,0.18,1
2,6,9866,1,0,300,0.5,572,0.32,486,0.18,1
2,7,14080,2,10,5,0,500,0.6,1000,0.2,1400,0.2,1
2,8,7121,2,10,5,0,666,0.42,420,0.58,1
2,9,12483,1,0,666,0.42,420,0.58,1
2,10,12240,1,0,666,0.42,420,0.58,1
2,11,6942,0,0,666,0.42,420,0.58,1
3,0,11364,1,0,666,0.42,420,0.58,1
3,1,13714,1,0,300,0.5,572,0.32,486,0.18,1
3,2,10935,0,0,300,0.5,572,0.32,486,0.18,1
3,3,7006,2,10,5,0,500,0.6,1000,0.2,1400,0.2,1
3,4,14234,0,0,500,0.6,1000,0.2,1400,0.2,1
3,5,2301,0,0,300,0.5,572,0.32,486,0.18,1
3,6,4604,2,10,5,0,300,0.5,572,0.32,486,0.18,1
3,7,10783,1,0,500,0.6,1000,0.2,1400,0.2,1
3,8,11841,0,0,500,0.6,1000,0.2,1400,0.2,1
3,9,13611,1,0,300,0.5,572,0.32,486,0.18,1
3,10,6610,1,0,300,0.5,1700,0.5,1
3,11,10366,2,10,5,0,300,0.5,1700,0.5,1
4,0,71,1,0,500,0.6,1000,0.2,1400,0.2,1
4,1,14112,1,0,500,0.6,1000,0.2,1400,0.2,1
4,2,14643,0,0,666,0.42,420,0.58,1
4,3,7820,0,0,300,0.5,572,0.32,486,0.18,1
4,4,14495,1,0,300,0.5,1700,0.5,1
4,5,12983,1,0,300,0.5,572,0.32,486,0.18,1
4,6,10588,0,0,666,0.42,420,0.58,1
4,7,8058,1,0,300,0.5,572,0.32,486,0.18,1
4,8,349,1,0,300,0.5,572,0.32,486,0.18,1
4,9,879,1,0,500,0.6,1000,0.2,1400,0.2,1
4,10,8123,0,0,300,0.5,572,0.32,486,0.18,1
4,11,14588,0,0,300,0.5,1700,0.5,1
5,0,8957,0,0,666,0.42,420,0.58,1
5,1,9844,2,10,5,0,300,0.5,572,0.32,486,0.18,1
5,2,2253,0,0,666,0.42,420,0.58,1
5,3,10417,1,0,300,0.5,1700,0.5,1
5,4,10263,2,10,5,0,666,0.42,420,0.58,1
5,5,11985,0,0,500,0.6,1000,0.2,1400,0.2,1
5,6,8193,1,0,500,0.6,1000,0.2,1400,0.2,1
5,7,13342,1,0,666,0.42,420,0.58,1
5,8,12697,0,0,300,0.5,1700,0.5,1
5,9,3001,2,10,5,0,666,0.42,420,0.58,1
5,10,12701,1,0,500,0.6,1000,0.2,1400,0.2,1
5,11,135,1,0,500,0.6,1000,0.2,1400,0.2,1
6,0,6650,1,0,300,0.5,1700,0.5,1
6,1,11391,2,10,5,0,300,0.5,1700,0.5,1
6,2,2763,2,10,5,0,300,0.5,1700,0.5,1
6,3,14732,1,0,300,0.5,572,0.32,486,0.18,1
6,4,2348,1,0,500,0.6,1000,0.2,1400,0.2,1
6,5,14970,1,0,300,0.5,1700,0.5,1
6,6,12376,2,10,5,0,666,0.42,420,0.58,1
6,7,1037,2,10,5,0,666,0.42,420,0.58,1
6,8,6855,0,0,666,0.42,420,0.58,1
6,9,29,0,0,300,0.5,1700,0.5,1
6,10,397,1,0,300,0.5,1700,0.5,1
6,11,14090,1,0,300,0.5,1700,0.5,1
7,0,6534,1,0,300,0.5,1700,0.5,1
7,1,768,1,0,666,0.42,420,0.58,1
7,2,12545,0,0,500,0.6,1000,0.2,1400,0.2,1
7,3,1320,0,0,500,0.6,1000,0.2,1400,0.2,1
7,4,2090,0,0,300,0.5,572,0.32,486,0.18,1
7,5,1183,0,0,666,0.42,420,0.58,1
7,6,7764,0,0,300,0.5,1700,0.5,1
7,7,11800,0,0,300,0.5,572,0.32,486,0.18,1
7,8,5363,1,0,500,0.6,1000,0.2,1400,0.2,1
7,9,10196,2,10,5,0,500,0.6,1000,0.2,1400,0.2,1
7,10,340,2,10,5,0,500,0.6,1000,0.2,1400,0.2,1
7,11,9809,1,0,666,0.42,420,0.58,1
8,0,14102,2,10,5,0,666,0.42,420,0.58,1
8,1,684,2,10,5,0,300,0.5,572,0.32,486,0.18,1
8,2,14148,2,10,5,0,666,0.42,420,0.58,1
8,3,9496,1,0,300,0.5,1700,0.5,1
8,4,9168,1,0,666,0.42,420,0.58,1
8,5,12629,1,0,500,0.6,1000,0.2,1400,0.2,1
8,6,8486,1,0,500,0.6,1000,0.2,1400,0.2,1
8,7,14124,0,0,300,0.5,572,0.32,486,0.18,1
8,8,9630,0,0,300,0.5,572,0.32,486,0.18,1
8,9,11307,0,0,666,0.42,420,0.58,1
8,10,1332,1,0,300,0.5,572,0.32,486,0.18,1
8,11,3972,2,10,5,0,500,0.6,1000,0.2,1400,0.2,1
9,0,5949,0,0,300,0.5,1700,0.5,1
9,1,3017,0,0,666,0.42,420,0.58,1
9,2,12864,2,10,5,0,300,0.5,1700,0.5,1
9,3,875,2,10,5,0,666,0.42,420,0.58,1
9,4,4406,1,0,300,0.5,1700,0.5,1
9,5,2118,1,0,666,0.42,420,0.58,1
9,6,13994,1,0,666,0.42,420,0.58,1
9,7,2958,2,10,5,0,500,0.6,1000,0.2,1400,0.2,1
9,8,10469,2,10,5,0,300,0.5,572,0.32,486,0.18,1
9,9,3722,2,10,5,0,500,0.6,1000,0.2,1400,0.2,1
9,10,13210,2,10,5,0,300,0.5,572,0.32,486,0.18,1
9,11,6253,2,10,5,0,300,0.5,572,0.32,486,0.18,1
10,0,6263,2,10,5,0,300,0.5,572,0.32,486,0.18,1
10,1,14350,1,0,666,0.42,420,0.58,1
10,2,731,2,10,5,0,500,0.6,1000,0.2,1400,0.2,1
10,3,7549,0,0,300,0.5,572,0.32,486,0.18,1
10,4,9236,1,0,500,0.6,1000,0.2,1400,0.2,1
10,5,8228,2,10,5,0,500,0.6,1000,0.2,1400,0.2,1
10,6,13897,2,10,5,0,666,0.42,420,0.58,1
10,7,4845,1,0,666,0.42,420,0.58,1
10,8,10244,2,10,5,0,666,0.42,420,0.58,1
10,9,14622,2,10,5,0,500,0.6,1000,0.2,1400,0.2,1
10,10,13151,2,10,5,0,300,0.5,572,0.32,486,0.18,1
10,11,6342,1,0,300,0.5,1700,0.5,1
11,0,6565,0,0,500,0.6,1000,0.2,1400,0.2,1
11,1,242,1,0,500,0.6,1000,0.2,1400,0.2,1
11,2,5166,2,10,5,0,300,0.5,572,0.32,486,0.18,1
11,3,9893,0,0,300,0.5,572,0.32,486,0.18,1
11,4,523,2,10,5,0,300,0.5,1700,0.5,1
11,5,10907,2,10,5,0,300,0.5,572,0.32,486,0.18,1
11,6,11157,2,10,5,0,300,0.5,1700,0.5,1
11,7,943,2,10,5,0,666,0.42,420,0.58,1
11,8,13495,1,0,500,0.6,1000,0.2,1400,0.2,1
11,9,2382,2,10,5,0,500,0.6,1000,0.2,1400,0.2,1
11,10,10481,1,0,300,0.5,572,0.32,486,0.18,1
11,11,2181,0,0,666,0.42,420,0.58,1
