0,0,2976,1,0,500,0.6,1000,0.2,1400,0.2,1
0,1,1950,2,10,5,0,500,0.6,1000,0.2,1400,0.2,1
0,2,6836,2,10,5,0,300,0.5,572,0.32,486,0.18,1
0,3,10047,0,0,666,0.42,420,0.58,1
0,4,5983,2,10,5,0,300,0.5,572,0.32,486,0.18,1
0,5,5027,2,10,5,0,500,0.6,1000,0.2,1400,0.2,1
0,6,5038,0,0,500,0.6,1000,0.2,1400,0.2,1
0,7,14820,2,10,5,0,300,0.5,1700,0.5,1
0,8,14734,0,0,300,0.5,1700,0.5,1
0,9,6440,2,10,5,0,300,0.5,572,0.32,486,0.18,1
0,10,892,0,0,300,0.5,1700,0.5,1
0,11,7401,2,10,5,0,666,0.42,420,0.58,1
1,0,12329,2,10,5,0,300,0.5,572,0.32,486,0.18,1
1,1,9659,1,0,300,0.5,572,0.32,486,0.18,1
1,2,3523,2,10,5,0,300,0.5,1700,0.5,0
1,3,4661,0,0,300,0.5,572,0.32,486,0.18,1
1,4,7035,1,0,500,0.6,1000,0.2,1400,0.2,1
1,5,14830,2,10,5,0,666,0.42,420,0.58,1
1,6,1250,0,0,500,0.6,1000,0.2,1400,0.2,1
1,7,5766,0,0,300,0.5,572,0.32,486,0.18,1
1,8,11836,0,0,300,0.5,1700,0.5,1
1,9,8207,2,10,5,0,500,0.6,1000,0.2,1400,0.2,1
1,10,1264,1,0,500,0.6,1000,0.2,1400,0.2,1
1,11,7902,1,0,300,0.5,572,0.32,486,0.18,1
2,0,11058,2,10,5,0,300,0.5,572,0.32,486,0.18,1
2,1,11031,1,0,666,0.42,420,0.58,1
2,2,8592,2,10,5,0,300,0.5,1700,0.5,1
2,3,14509,2,10,5,0,300,0.5,1700,0.5,1
2,4,11452,2,10,5,0,666,0.42,420,0.58,1
2,5,6070,0,0,300,0.5,572,0.32,486,0.18,1
2,6,300,1,0,500,0.6,1000,0.2,1400,0.2,1
2,7,14203,1,0,300,0.5,572,0.32,486,0.18,1
2,8,726,0,0,666,0.42,420,0.58,1
2,9,13276,0,0,300,0.5,1700,0.5,1
2,10,4615,2,10,5,0,666,0.42,420,0.58,1
2,11,3072,1,0,300,0.5,572,0.32,486,0.18,1
3,0,7199,0,0,300,0.5,572,0.32,486,0.18,1
3,1,2365,0,0,500,0.6,1000,0.2,1400,0.2,1
3,2,12444,0,0,666,0.42,420,0.58,1
3,3,11561,2,10,5,0,666,0.42,420,0.58,1
3,4,4601,2,10,5,0,300,0.5,572,0.32,486,0.18,1
3,5,2847,1,0,666,0.42,420,0.58,1
3,6,2606,1,0,500,0.6,1000,0.2,1400,0.2,1
3,7,7346,2,10,5,0,300,0.5,1700,0.5,1
3,8,1559,1,0,300,0.5,572,0.32,486,0.18,1
3,9,4003,2,10,5,0,500,0.6,1000,0.2,1400,0.2,1
3,10,1192,0,0,500,0.6,1000,0.2,1400,0.2,1
3,11,12153,2,10,5,0,300,0.5,572,0.32,486,0.18,1
4,0,7231,0,0,300,0.5,572,0.32,486,0.18,1
4,1,10231,2,10,5,0,500,0.6,1000,0.2,1400,0.2,1
4,2,14305,2,10,5,0,500,0.6,1000,0.2,1400,0.2,1
4,3,6046,1,0,500,0.6,1000,0.2,1400,0.2,1
4,4,14099,2,10,5,0,300,0.5,1700,0.5,1
4,5,3268,1,0,666,0.42,420,0.58,1
4,6,13136,1,0,666,0.42,420,0.58,1
4,7,797,0,0,300,0.5,572,0.32,486,0.18,1
4,8,11096,0,0,500,0.6,1000,0.2,1400,0.2,1
4,9,502,0,0,300,0.5,1700,0.5,1
4,10,9507,1,0,300,0.5,572,0.32,486,0.18,1
4,11,4375,1,0,500,0.6,1000,0.2,1400,0.2,1
5,0,2183,0,0,500,0.6,1000,0.2,1400,0.2,1
5,1,1535,2,10,5,0,500,0.6,1000,0.2,1400,0.2,1
5,2,13122,2,10,5,0,500,0.6,1000,0.2,1400,0.2,1
5,3,6358,0,0,666,0.42,420,0.58,1
5,4,6917,0,0,300,0.5,1700,0.5,1
5,5,9462,2,10,5,0,666,0.42,420,0.58,1
5,6,3680,0,0,300,0.5,572,0.32,486,0.18,1
5,7,7631,0,0,300,0.5,1700,0.5,1
5,8,10289,1,0,300,0.5,572,0.32,486,0.18,1
5,9,11226,0,0,666,0.42,420,0.58,1
5,10,4505,0,0,300,0.5,1700,0.5,1
5,11,3186,0,0,300,0.5,572,0.32,486,0.18,1
6,0,6543,0,0,300,0.5,1700,0.5,1
6,1,7056,2,10,5,0,300,0.5,1700,0.5,1
6,2,4099,0,0,300,0.5,572,0.32,486,0.18,1
6,3,2786,1,0,666,0.42,420,0.58,1
6,4,11208,2,10,5,0,666,0.42,420,0.58,1
6,5,13233,1,0,500,0.6,1000,0.2,1400,0.2,1
6,6,11857,0,0,500,0.6,1000,0.2,1400,0.2,1
6,7,8527,2,10,5,0,300,0.5,572,0.32,486,0.18,1
6,8,11761,0,0,300,0.5,1700,0.5,1
6,9,3767,0,0,666,0.42,420,0.58,1
6,10,12186,2,10,5,0,666,0.42,420,0.58,1
6,11,12683,1,0,666,0.42,420,0.58,1
7,0,10452,2,10,5,0,666,0.42,420,0.58,1
7,1,1163,1,0,300,0.5,572,0.32,486,0.18,1
7,2,11748,1,0,300,0.5,572,0.32,486,0.18,1
7,3,10660,0,0,300,0.5,572,0.32,486,0.18,1
7,4,12225,0,0,500,0.6,1000,0.2,1400,0.2,1
7,5,8020,0,0,300,0.5,1700,0.5,1
7,6,6897,2,10,5,0,500,0.6,1000,0.2,1400,0.2,1
7,7,1962,1,0,500,0.6,1000,0.2,1400,0.2,1
7,8,5899,1,0,500,0.6,1000,0.2,1400,0.2,1
7,9,193,0,0,666,0.42,420,0.58,1
7,10,8324,0,0,666,0.42,420,0.58,1
7,11,3199,2,10,5,0,666,0.42,420,0.58,1
8,0,9912,0,0,300,0.5,1700,0.5,1
8,1,10394,0,0,300,0.5,1700,0.5,1
8,2,6995,1,0,666,0.42,420,0.58,1
8,3,1919,2,10,5,0,666,0.42,420,0.58,1
8,4,14606,1,0,300,0.5,572,0.32,486,0.18,1
8,5,9368,1,0,500,0.6,1000,0.2,1400,0.2,1
8,6,7119,0,0,666,0.42,420,0.58,1
8,7,14855,2,10,5,0,300,0.5,1700,0.5,1
8,8,13241,1,0,666,0.42,420,0.58,1
8,9,6941,0,0,300,0.5,1700,0.5,1
8,10,9122,1,0,300,0.5,572,0.32,486,0.18,1
8,11,3759,0,0,500,0.6,1000,0.2,1400,0.2,1
9,0,12261,0,0,300,0.5,1700,0.5,1
9,1,12378,1,0,300,0.5,1700,0.5,1
9,2,6069,2,10,5,0,666,0.42,420,0.58,1
9,3,9572,2,10,5,0,300,0.5,1700,0.5,1
9,4,2472,1,0,500,0.6,1000,0.2,1400,0.2,1
9,5,1044,1,0,666,0.42,420,0.58,1
9,6,221,2,10,5,0,300,0.5,1700,0.5,1
9,7,12683,1,0,666,0.42,420,0.58,1
9,8,6345,1,0,500,0.6,1000,0.2,1400,0.2,1
9,9,1111,0,0,300,0.5,1700,0.5,1
9,10,3534,1,0,300,0.5,1700,0.5,1
9,11,8132,2,10,5,0,500,0.6,1000,0.2,1400,0.2,1
10,0,5412,0,0,666,0.42,420,0.58,1
10,1,8480,1,0,300,0.5,572,0.32,486,0.18,1
10,2,536,0,0,666,0.42,420,0.58,1
10,3,8103,1,0,300,0.5,572,0.32,486,0.18,1
10,4,3978,2,10,5,0,666,0.42,420,0.58,1
10,5,1046,1,0,300,0.5,572,0.32,486,0.18,1
10,6,8298,0,0,300,0.5,1700,0.5,1
10,7,5680,2,10,5,0,300,0.5,572,0.32,486,0.18,1
10,8,13181,0,0,500,0.6,1000,0.2,1400,0.2,1
10,9,10744,0,0,500,0.6,1000,0.2,1400,0.2,1
10,10,10492,0,0,300,0.5,572,0.32,486,0.18,1
10,11,2605,0,0,300,0.5,1700,0.5,1
11,0,8063,2,10,5,0,300,0.5,572,0.32,486,0.18,1
11,1,9118,1,0,666,0.42,420,0.58,1
11,2,14228,0,0,300,0.5,1700,0.5,1
11,3,10939,1,0,500,0.6,1000,0.2,1400,0.2,1
11,4,8754,1,0,300,0.5,1700,0.5,1
11,5,9304,1,0,666,0.42,420,0.58,1
11,6,607,2,10,5,0,500,0.6,1000,0.2,1400,0.2,1
11,7,13303,2,10,5,0,300,0.5,572,0.32,486,0.18,1
11,8,149,1,0,500,0.6,1000,0.2,1400,0.2,1
11,9,8070,0,0,300,0.5,1700,0.5,1
11,10,12086,0,0,666,0.42,420,0.58,1
11,11,9240,1,0,300,0.5,1700,0.5,1
