0,0,6135,1,0,666,0.42,420,0.58,1
0,1,554,1,0,300,0.5,572,0.32,486,0.18,1
0,2,13736,1,0,300,0.5,1700,0.5,1
0,3,13815,2,10,5,0,666,0.42,420,0.58,1
0,4,14379,0,0,300,0.5,572,0.32,486,0.18,1
0,5,6079,2,10,5,0,500,0.6,1000,0.2,1400,0.2,1
0,6,10229,2,10,5,0,300,0.5,572,0.32,486,0.18,1
0,7,12527,0,0,300,0.5,1700,0.5,1
0,8,13402,0,0,500,0.6,1000,0.2,1400,0.2,1
0,9,10210,1,0,666,0.42,420,0.58,1
0,10,7386,1,0,666,0.42,420,0.58,1
0,11,7133,2,10,5,0,300,0.5,572,0.32,486,0.18,1
1,0,1979,1,0,666,0.42,420,0.58,1
1,1,5338,2,10,5,0,300,0.5,1700,0.5,1
1,2,8640,1,0,300,0.5,1700,0.5,0
1,3,6774,1,0,300,0.5,572,0.32,486,0.18,1
1,4,14319,0,0,300,0.5,1700,0.5,1
1,5,7300,0,0,300,0.5,1700,0.5,1
1,6,13066,2,10,5,0,300,0.5,1700,0.5,1
1,7,10064,1,0,300,0.5,1700,0.5,1
1,8,10304,1,0,300,0.5,1700,0.5,1
1,9,1480,0,0,300,0.5,1700,0.5,1
1,10,8211,0,0,666,0.42,420,0.58,1
1,11,9547,0,0,666,0.42,420,0.58,1
2,0,1193,2,10,5,0,300,0.5,1700,0.5,1
2,1,5460,0,0,500,0.6,1000,0.2,1400,0.2,1
2,2,14360,2,10,5,0,300,0.5,572,0.32,486,0.18,1
2,3,14092,2,10,5,0,500,0.6,1000,0.2,1400,0.2,1
2,4,8915,2,10,5,0,300,0.5,1700,0.5,1
2,5,10847,0,0,500,0.6,1000,0.2,1400,0.2,1
2,6,11465,2,10,5,0,500,0.6,1000,0.2,1400,0.2,1
2,7,4413,2,10,5,0,500,0.6,1000,0.2,1400,0.2,1
2,8,7081,2,10,5,0,500,0.6,1000,0.2,1400,0.2,1
2,9,11479,2,10,5,0,666,0.42,420,0.58,1
2,10,6524,1,0,666,0.42,420,0.58,1
2,11,12467,0,0,300,0.5,1700,0.5,1
3,0,355,2,10,5,0,300,0.5,1700,0.5,1
3,1,9129,0,0,500,0.6,1000,0.2,1400,0.2,1
3,2,7334,1,0,500,0.6,1000,0.2,1400,0.2,1
3,3,6902,1,0,500,0.6,1000,0.2,1400,0.2,1
3,4,3113,0,0,500,0.6,1000,0.2,1400,0.2,1
3,5,14651,2,10,5,0,300,0.5,1700,0.5,1
3,6,7911,2,10,5,0,666,0.42,420,0.58,1
3,7,1318,2,10,5,0,300,0.5,1700,0.5,1
3,8,3284,2,10,5,0,300,0.5,572,0.32,486,0.18,1
3,9,7912,0,0,500,0.6,1000,0.2,1400,0.2,1
3,10,680,0,0,300,0.5,572,0.32,486,0.18,1
3,11,12089,1,0,500,0.6,1000,0.2,1400,0.2,1
4,0,13464,2,10,5,0,300,0.5,572,0.32,486,0.18,1
4,1,2994,1,0,666,0.42,420,0.58,1
4,2,658,2,10,5,0,300,0.5,1700,0.5,1
4,3,4690,0,0,300,0.5,572,0.32,486,0.18,1
4,4,1010,0,0,666,0.42,420,0.58,1
4,5,2145,0,0,300,0.5,572,0.32,486,0.18,1
4,6,10881,2,10,5,0,666,0.42,420,0.58,1
4,7,4551,2,10,5,0,300,0.5,1700,0.5,1
4,8,3213,1,0,500,0.6,1000,0.2,1400,0.2,1
4,9,231,2,10,5,0,300,0.5,1700,0.5,1
4,10,9245,0,0,500,0.6,1000,0.2,1400,0.2,1
4,11,1107,1,0,300,0.5,572,0.32,486,0.18,1
5,0,7479,2,10,5,0,666,0.42,420,0.58,1
5,1,10148,2,10,5,0,666,0.42,420,0.58,1
5,2,8198,2,10,5,0,666,0.42,420,0.58,1
5,3,4948,0,0,300,0.5,1700,0.5,1
5,4,666,0,0,666,0.42,420,0.58,1
5,5,6853,2,10,5,0,300,0.5,572,0.32,486,0.18,1
5,6,1659,2,10,5,0,300,0.5,572,0.32,486,0.18,1
5,7,2020,0,0,300,0.5,1700,0.5,1
5,8,5612,0,0,500,0.6,1000,0.2,1400,0.2,1
5,9,9486,1,0,300,0.5,572,0.32,486,0.18,1
5,10,7095,0,0,300,0.5,1700,0.5,1
5,11,14410,1,0,300,0.5,572,0.32,486,0.18,1
6,0,13547,2,10,5,0,300,0.5,572,0.32,486,0.18,1
6,1,1412,1,0,500,0.6,1000,0.2,1400,0.2,1
6,2,12673,2,10,5,0,300,0.5,572,0.32,486,0.18,1
6,3,1811,0,0,300,0.5,572,0.32,486,0.18,1
6,4,5331,1,0,300,0.5,1700,0.5,1
6,5,8496,1,0,300,0.5,572,0.32,486,0.18,1
6,6,461,2,10,5,0,666,0.42,420,0.58,1
6,7,12293,2,10,5,0,500,0.6,1000,0.2,1400,0.2,1
6,8,5358,1,0,666,0.42,420,0.58,1
6,9,5097,2,10,5,0,666,0.42,420,0.58,1
6,10,686,2,10,5,0,300,0.5,572,0.32,486,0.18,1
6,11,14375,0,0,500,0.6,1000,0.2,1400,0.2,1
7,0,4648,2,10,5,0,666,0.42,420,0.58,1
7,1,14462,1,0,300,0.5,572,0.32,486,0.18,1
7,2,8386,1,0,666,0.42,420,0.58,1
7,3,11582,0,0,500,0.6,1000,0.2,1400,0.2,1
7,4,5112,0,0,300,0.5,1700,0.5,1
7,5,14959,0,0,300,0.5,572,0.32,486,0.18,1
7,6,6584,1,0,500,0.6,1000,0.2,1400,0.2,1
7,7,13023,1,0,300,0.5,572,0.32,486,0.18,1
7,8,6022,0,0,500,0.6,1000,0.2,1400,0.2,1
7,9,6311,2,10,5,0,300,0.5,572,0.32,486,0.18,1
7,10,6911,0,0,300,0.5,1700,0.5,1
7,11,1953,0,0,300,0.5,572,0.32,486,0.18,1
8,0,7528,1,0,300,0.5,572,0.32,486,0.18,1
8,1,9491,0,0,666,0.42,420,0.58,1
8,2,1373,0,0,300,0.5,1700,0.5,1
8,3,3387,0,0,500,0.6,1000,0.2,1400,0.2,1
8,4,14522,1,0,500,0.6,1000,0.2,1400,0.2,1
8,5,4560,0,0,300,0.5,1700,0.5,1
8,6,3928,0,0,500,0.6,1000,0.2,1400,0.2,1
8,7,8766,0,0,300,0.5,1700,0.5,1
8,8,14323,1,0,300,0.5,1700,0.5,1
8,9,1612,0,0,666,0.42,420,0.58,1
8,10,492,0,0,300,0.5,1700,0.5,1
8,11,3717,2,10,5,0,300,0.5,1700,0.5,1
9,0,3647,2,10,5,0,300,0.5,572,0.32,486,0.18,1
9,1,3647,2,10,5,0,300,0.5,1700,0.5,1
9,2,2359,1,0,300,0.5,572,0.32,486,0.18,1
9,3,13483,2,10,5,0,300,0.5,572,0.32,486,0.18,1
9,4,10134,2,10,5,0,300,0.5,572,0.32,486,0.18,1
9,5,10754,1,0,300,0.5,1700,0.5,1
9,6,2477,2,10,5,0,666,0.42,420,0.58,1
9,7,14801,1,0,500,0.6,1000,0.2,1400,0.2,1
9,8,13127,1,0,300,0.5,572,0.32,486,0.18,1
9,9,2773,0,0,300,0.5,572,0.32,486,0.18,1
9,10,1295,1,0,500,0.6,1000,0.2,1400,0.2,1
9,11,409,0,0,300,0.5,1700,0.5,1
10,0,405,1,0,300,0.5,1700,0.5,1
10,1,11607,1,0,500,0.6,1000,0.2,1400,0.2,1
10,2,8997,1,0,300,0.5,572,0.32,486,0.18,1
10,3,59,1,0,300,0.5,572,0.32,486,0.18,1
10,4,9073,2,10,5,0,300,0.5,572,0.32,486,0.18,1
10,5,13501,2,10,5,0,300,0.5,572,0.32,486,0.18,1
10,6,481,0,0,300,0.5,1700,0.5,1
10,7,885,2,10,5,0,500,0.6,1000,0.2,1400,0.2,1
10,8,14952,0,0,300,0.5,572,0.32,486,0.18,1
10,9,12953,0,0,500,0.6,1000,0.2,1400,0.2,1
10,10,6343,2,10,5,0,300,0.5,572,0.32,486,0.18,1
10,11,6756,0,0,300,0.5,572,0.32,486,0.18,1
11,0,9114,0,0,300,0.5,572,0.32,486,0.18,1
11,1,4875,0,0,500,0.6,1000,0.2,1400,0.2,1
11,2,1346,0,0,300,0.5,1700,0.5,1
11,3,5297,2,10,5,0,300,0.5,572,0.32,486,0.18,1
11,4,5940,0,0,666,0.42,420,0.58,1
11,5,2454,0,0,500,0.6,1000,0.2,1400,0.2,1
11,6,5469,1,0,300,0.5,572,0.32,486,0.18,1
11,7,7722,2,10,5,0,666,0.42,420,0.58,1
11,8,13667,1,0,500,0.6,1000,0.2,1400,0.2,1
11,9,4689,1,0,500,0.6,1000,0.2,1400,0.2,1
11,10,14114,2,10,5,0,666,0.42,420,0.58,1
11,11,14823,0,0,666,0.42,420,0.58,1
