0,0,8352,1,0,300,0.5,1700,0.5,1
0,1,8189,2,10,5,0,500,0.6,1000,0.2,1400,0.2,1
0,2,14320,0,0,300,0.5,572,0.32,486,0.18,1
0,3,14189,1,0,300,0.5,572,0.32,486,0.18,1
0,4,11969,1,0,300,0.5,1700,0.5,1
0,5,10138,1,0,666,0.42,420,0.58,1
0,6,4714,1,0,666,0.42,420,0.58,1
0,7,2687,2,10,5,0,300,0.5,1700,0.5,1
0,8,6300,0,0,300,0.5,572,0.32,486,0.18,1
0,9,3870,0,0,666,0.42,420,0.58,1
0,10,10031,2,10,5,0,300,0.5,572,0.32,486,0.18,1
0,11,13965,1,0,666,0.42,420,0.58,1
1,0,9241,0,0,300,0.5,572,0.32,486,0.18,1
1,1,14796,2,10,5,0,300,0.5,572,0.32,486,0.18,1
1,2,11511,2,10,5,0,666,0.42,420,0.58,0
1,3,5256,0,0,500,0.6,1000,0.2,1400,0.2,1
1,4,12550,0,0,300,0.5,572,0.32,486,0.18,1
1,5,9913,0,0,500,0.6,1000,0.2,1400,0.2,1
1,6,6390,1,0,666,0.42,420,0.58,1
1,7,7853,1,0,300,0.5,572,0.32,486,0.18,1
1,8,1974,0,0,300,0.5,572,0.32,486,0.18,1
1,9,8351,0,0,500,0.6,1000,0.2,1400,0.2,1
1,10,4444,1,0,300,0.5,1700,0.5,1
1,11,10073,1,0,300,0.5,572,0.32,486,0.18,1
2,0,6665,1,0,300,0.5,572,0.32,486,0.18,1
2,1,9233,0,0,300,0.5,1700,0.5,1
2,2,6194,2,10,5,0,666,0.42,420,0.58,1
2,3,68,0,0,666,0.42,420,0.58,1
2,4,8586,0,0,666,0.42,420,0.58,1
2,5,611,2,10,5,0,300,0.5,572,0.32,486,0.18,1
2,6,11453,0,0,500,0.6,1000,0.2,1400,0.2,1
2,7,10349,2,10,5,0,500,0.6,1000,0.2,1400,0.2,1
2,8,6832,1,0,666,0.42,420,0.58,1
2,9,3980,1,0,500,0.6,1000,0.2,1400,0.2,1
2,10,6321,0,0,666,0.42,420,0.58,1
2,11,7507,2,10,5,0,300,0.5,1700,0.5,1
3,0,335,2,10,5,0,500,0.6,1000,0.2,1400,0.2,1
3,1,7377,1,0,500,0.6,1000,0.2,1400,0.2,1
3,2,3696,1,0,300,0.5,1700,0.5,1
3,3,11982,2,10,5,0,500,0.6,1000,0.2,1400,0.2,1
3,4,13522,1,0,300,0.5,1700,0.5,1
3,5,707,2,10,5,0,666,0.42,420,0.58,1
3,6,10431,1,0,666,0.42,420,0.58,1
3,7,10525,0,0,300,0.5,572,0.32,486,0.18,1
3,8,2974,0,0,300,0.5,572,0.32,486,0.18,1
3,9,2299,2,10,5,0,500,0.6,1000,0.2,1400,0.2,1
3,10,980,0,0,300,0.5,1700,0.5,1
3,11,7905,0,0,500,0.6,1000,0.2,1400,0.2,1
4,0,8476,1,0,300,0.5,572,0.32,486,0.18,1
4,1,14263,0,0,500,0.6,1000,0.2,1400,0.2,1
4,2,13427,0,0,300,0.5,572,0.32,486,0.18,1
4,3,7981,2,10,5,0,300,0.5,1700,0.5,1
4,4,11978,1,0,300,0.5,1700,0.5,1
4,5,3645,2,10,5,0,666,0.42,420,0.58,1
4,6,14764,0,0,300,0.5,572,0.32,486,0.18,1
4,7,9871,1,0,666,0.42,420,0.58,1
4,8,4577,0,0,300,0.5,1700,0.5,1
4,9,4644,0,0,300,0.5,572,0.32,486,0.18,1
4,10,7306,2,10,5,0,500,0.6,1000,0.2,1400,0.2,1
4,11,11951,0,0,300,0.5,572,0.32,486,0.18,1
5,0,13750,0,0,300,0.5,1700,0.5,1
5,1,11276,0,0,300,0.5,1700,0.5,1
5,2,836,2,10,5,0,666,0.42,420,0.58,1
5,3,13731,2,10,5,0,500,0.6,1000,0.2,1400,0.2,1
5,4,2963,2,10,5,0,300,0.5,1700,0.5,1
5,5,2739,2,10,5,0,666,0.42,420,0.58,1
5,6,11499,0,0,666,0.42,420,0.58,1
5,7,13943,1,0,300,0.5,572,0.32,486,0.18,1
5,8,5348,0,0,300,0.5,1700,0.5,1
5,9,9268,2,10,5,0,666,0.42,420,0.58,1
5,10,1702,1,0,300,0.5,1700,0.5,1
5,11,30,0,0,666,0.42,420,0.58,1
6,0,4513,1,0,666,0.42,420,0.58,1
6,1,4410,0,0,666,0.42,420,0.58,1
6,2,7830,2,10,5,0,300,0.5,572,0.32,486,0.18,1
6,3,9988,1,0,300,0.5,1700,0.5,1
6,4,6836,1,0,300,0.5,1700,0.5,1
6,5,12630,2,10,5,0,666,0.42,420,0.58,1
6,6,7285,2,10,5,0,300,0.5,1700,0.5,1
6,7,1741,1,0,666,0.42,420,0.58,1
6,8,8775,2,10,5,0,300,0.5,1700,0.5,1
6,9,8516,0,0,300,0.5,1700,0.5,1
6,10,13070,1,0,300,0.5,572,0.32,486,0.18,1
6,11,2485,1,0,666,0.42,420,0.58,1
7,0,5059,0,0,300,0.5,572,0.32,486,0.18,1
7,1,6297,2,10,5,0,300,0.5,572,0.32,486,0.18,1
7,2,2989,0,0,666,0.42,420,0.58,1
7,3,4608,0,0,300,0.5,1700,0.5,1
7,4,11912,1,0,500,0.6,1000,0.2,1400,0.2,1
7,5,14823,0,0,300,0.5,572,0.32,486,0.18,1
7,6,12295,0,0,500,0.6,1000,0.2,1400,0.2,1
7,7,6501,1,0,500,0.6,1000,0.2,1400,0.2,1
7,8,9630,2,10,5,0,300,0.5,572,0.32,486,0.18,1
7,9,13360,1,0,666,0.42,420,0.58,1
7,10,8991,1,0,666,0.42,420,0.58,1
7,11,6436,2,10,5,0,666,0.42,420,0.58,1
8,0,935,0,0,500,0.6,1000,0.2,1400,0.2,1
8,1,10095,2,10,5,0,500,0.6,1000,0.2,1400,0.2,1
8,2,9128,2,10,5,0,300,0.5,1700,0.5,1
8,3,5794,2,10,5,0,500,0.6,1000,0.2,1400,0.2,1
8,4,7835,1,0,666,0.42,420,0.58,1
8,5,2367,1,0,666,0.42,420,0.58,1
8,6,8228,2,10,5,0,666,0.42,420,0.58,1
8,7,1642,2,10,5,0,666,0.42,420,0.58,1
8,8,5413,1,0,300,0.5,1700,0.5,1
8,9,8011,0,0,300,0.5,572,0.32,486,0.18,1
8,10,14142,2,10,5,0,666,0.42,420,0.58,1
8,11,4674,0,0,300,0.5,572,0.32,486,0.18,1
9,0,5598,2,10,5,0,666,0.42,420,0.58,1
9,1,12290,2,10,5,0,500,0.6,1000,0.2,1400,0.2,1
9,2,12108,2,10,5,0,300,0.5,572,0.32,486,0.18,1
9,3,4433,1,0,300,0.5,1700,0.5,1
9,4,6608,0,0,500,0.6,1000,0.2,1400,0.2,1
9,5,14595,2,10,5,0,500,0.6,1000,0.2,1400,0.2,1
9,6,2308,0,0,666,0.42,420,0.58,1
9,7,4723,1,0,300,0.5,1700,0.5,1
9,8,4396,0,0,300,0.5,1700,0.5,1
9,9,13164,2,10,5,0,666,0.42,420,0.58,1
9,10,6085,1,0,300,0.5,1700,0.5,1
9,11,10025,2,10,5,0,500,0.6,1000,0.2,1400,0.2,1
10,0,8358,1,0,500,0.6,1000,0.2,1400,0.2,1
10,1,9315,2,10,5,0,300,0.5,1700,0.5,1
10,2,6255,0,0,500,0.6,1000,0.2,1400,0.2,1
10,3,11698,1,0,300,0.5,1700,0.5,1
10,4,3202,1,0,666,0.42,420,0.58,1
10,5,8882,2,10,5,0,300,0.5,1700,0.5,1
10,6,7022,2,10,5,0,500,0.6,1000,0.2,1400,0.2,1
10,7,1441,0,0,300,0.5,572,0.32,486,0.18,1
10,8,7479,1,0,300,0.5,572,0.32,486,0.18,1
10,9,8816,2,10,5,0,300,0.5,1700,0.5,1
10,10,8846,2,10,5,0,666,0.42,420,0.58,1
10,11,1342,1,0,300,0.5,572,0.32,486,0.18,1
11,0,12391,1,0,300,0.5,572,0.32,486,0.18,1
11,1,9071,1,0,300,0.5,1700,0.5,1
11,2,10567,1,0,500,0.6,1000,0.2,1400,0.2,1
11,3,14131,0,0,500,0.6,1000,0.2,1400,0.2,1
11,4,668,0,0,500,0.6,1000,0.2,1400,0.2,1
11,5,2618,0,0,500,0.6,1000,0.2,1400,0.2,1
11,6,1181,2,10,5,0,300,0.5,1700,0.5,1
11,7,4900,2,10,5,0,300,0.5,1700,0.5,1
11,8,13214,1,0,300,0.5,1700,0.5,1
11,9,3723,0,0,500,0.6,1000,0.2,1400,0.2,1
11,10,8569,2,10,5,0,300,0.5,572,0.32,486,0.18,1
11,11,6073,1,0,300,0.5,572,0.32,486,0.18,1
