0,0,11736,1,0,500,0.6,1000,0.2,1400,0.2,1
0,1,3710,2,10,5,0,300,0.5,1700,0.5,1
0,2,4207,0,0,300,0.5,1700,0.5,1
0,3,13270,0,0,300,0.5,1700,0.5,1
0,4,9662,0,0,666,0.42,420,0.58,1
0,5,11558,0,0,666,0.42,420,0.58,1
0,6,7775,2,10,5,0,300,0.5,1700,0.5,1
0,7,13505,1,0,300,0.5,572,0.32,486,0.18,1
0,8,8921,2,10,5,0,300,0.5,572,0.32,486,0.18,1
0,9,238,0,0,666,0.42,420,0.58,1
0,10,5192,0,0,300,0.5,1700,0.5,1
0,11,1143,0,0,300,0.5,1700,0.5,1
1,0,8391,2,10,5,0,666,0.42,420,0.58,1
1,1,8417,0,0,300,0.5,572,0.32,486,0.18,1
1,2,5071,1,0,500,0.6,1000,0.2,1400,0.2,0
1,3,4340,1,0,500,0.6,1000,0.2,1400,0.2,1
1,4,11517,2,10,5,0,666,0.42,420,0.58,1
1,5,13175,2,10,5,0,300,0.5,1700,0.5,1
1,6,5768,1,0,300,0.5,1700,0.5,1
1,7,567,0,0,666,0.42,420,0.58,1
1,8,6187,1,0,666,0.42,420,0.58,1
1,9,6826,2,10,5,0,300,0.5,1700,0.5,1
1,10,10523,0,0,300,0.5,572,0.32,486,0.18,1
1,11,11679,2,10,5,0,500,0.6,1000,0.2,1400,0.2,1
2,0,12152,2,10,5,0,300,0.5,1700,0.5,1
2,1,11764,1,0,666,0.42,420,0.58,1
2,2,4268,2,10,5,0,666,0.42,420,0.58,1
2,3,1619,0,0,666,0.42,420,0.58,1
2,4,14312,2,10,5,0,666,0.42,420,0.58,1
2,5,12314,2,10,5,0,300,0.5,1700,0.5,1
2,6,4629,0,0,300,0.5,572,0.32,486,0.18,1
2,7,14194,0,0,300,0.5,1700,0.5,1
2,8,13864,2,10,5,0,666,0.42,420,0.58,1
2,9,425,1,0,300,0.5,1700,0.5,1
2,10,2502,1,0,300,0.5,572,0.32,486,0.18,1
2,11,9643,1,0,500,0.6,1000,0.2,1400,0.2,1
3,0,1772,0,0,666,0.42,420,0.58,1
3,1,1834,1,0,300,0.5,572,0.32,486,0.18,1
3,2,6804,0,0,500,0.6,1000,0.2,1400,0.2,1
3,3,9964,0,0,300,0.5,572,0.32,486,0.18,1
3,4,14446,2,10,5,0,300,0.5,1700,0.5,1
3,5,7714,0,0,666,0.42,420,0.58,1
3,6,9438,2,10,5,0,500,0.6,1000,0.2,1400,0.2,1
3,7,9467,1,0,666,0.42,420,0.58,1
3,8,7002,1,0,300,0.5,572,0.32,486,0.18,1
3,9,11064,2,10,5,0,666,0.42,420,0.58,1
3,10,2625,1,0,500,0.6,1000,0.2,1400,0.2,1
3,11,3443,0,0,666,0.42,420,0.58,1
4,0,6212,1,0,300,0.5,572,0.32,486,0.18,1
4,1,190,2,10,5,0,500,0.6,1000,0.2,1400,0.2,1
4,2,7424,2,10,5,0,500,0.6,1000,0.2,1400,0.2,1
4,3,8312,2,10,5,0,500,0.6,1000,0.2,1400,0.2,1
4,4,10181,2,10,5,0,666,0.42,420,0.58,1
4,5,6485,0,0,300,0.5,572,0.32,486,0.18,1
4,6,11000,1,0,666,0.42,420,0.58,1
4,7,14132,1,0,300,0.5,572,0.32,486,0.18,1
4,8,13923,2,10,5,0,666,0.42,420,0.58,1
4,9,2476,1,0,666,0.42,420,0.58,1
4,10,795,0,0,666,0.42,420,0.58,1
4,11,3641,0,0,300,0.5,1700,0.5,1
5,0,1083,1,0,300,0.5,572,0.32,486,0.18,1
5,1,2628,1,0,300,0.5,572,0.32,486,0.18,1
5,2,1798,0,0,300,0.5,572,0.32,486,0.18,1
5,3,12550,1,0,500,0.6,1000,0.2,1400,0.2,1
5,4,3856,0,0,500,0.6,1000,0.2,1400,0.2,1
5,5,4658,1,0,300,0.5,572,0.32,486,0.18,1
5,6,2294,2,10,5,0,666,0.42,420,0.58,1
5,7,6710,0,0,300,0.5,1700,0.5,1
5,8,7775,0,0,500,0.6,1000,0.2,1400,0.2,1
5,9,14316,1,0,500,0.6,1000,0.2,1400,0.2,1
5,10,11473,1,0,500,0.6,1000,0.2,1400,0.2,1
5,11,11214,2,10,5,0,300,0.5,1700,0.5,1
6,0,2778,2,10,5,0,300,0.5,572,0.32,486,0.18,1
6,1,9195,1,0,500,0.6,1000,0.2,1400,0.2,1
6,2,5943,1,0,500,0.6,1000,0.2,1400,0.2,1
6,3,4442,1,0,300,0.5,1700,0.5,1
6,4,9285,0,0,500,0.6,1000,0.2,1400,0.2,1
6,5,12721,1,0,300,0.5,1700,0.5,1
6,6,3557,1,0,300,0.5,1700,0.5,1
6,7,14759,2,10,5,0,500,0.6,1000,0.2,1400,0.2,1
6,8,6123,2,10,5,0,300,0.5,1700,0.5,1
6,9,890,0,0,500,0.6,1000,0.2,1400,0.2,1
6,10,9330,2,10,5,0,666,0.42,420,0.58,1
6,11,5739,0,0,500,0.6,1000,0.2,1400,0.2,1
7,0,7263,2,10,5,0,300,0.5,572,0.32,486,0.18,1
7,1,9449,2,10,5,0,666,0.42,420,0.58,1
7,2,14955,1,0,300,0.5,572,0.32,486,0.18,1
7,3,8258,2,10,5,0,300,0.5,572,0.32,486,0.18,1
7,4,9733,2,10,5,0,500,0.6,1000,0.2,1400,0.2,1
7,5,489,0,0,300,0.5,1700,0.5,1
7,6,12221,0,0,666,0.42,420,0.58,1
7,7,2949,0,0,666,0.42,420,0.58,1
7,8,7610,2,10,5,0,300,0.5,1700,0.5,1
7,9,1847,1,0,300,0.5,1700,0.5,1
7,10,10721,1,0,300,0.5,572,0.32,486,0.18,1
7,11,10209,2,10,5,0,300,0.5,572,0.32,486,0.18,1
8,0,2404,2,10,5,0,300,0.5,572,0.32,486,0.18,1
8,1,8588,2,10,5,0,300,0.5,1700,0.5,1
8,2,1960,1,0,300,0.5,572,0.32,486,0.18,1
8,3,8164,2,10,5,0,300,0.5,572,0.32,486,0.18,1
8,4,14389,1,0,300,0.5,572,0.32,486,0.18,1
8,5,12166,2,10,5,0,666,0.42,420,0.58,1
8,6,9625,0,0,500,0.6,1000,0.2,1400,0.2,1
8,7,1022,2,10,5,0,500,0.6,1000,0.2,1400,0.2,1
8,8,4691,2,10,5,0,300,0.5,1700,0.5,1
8,9,12949,2,10,5,0,300,0.5,1700,0.5,1
8,10,8816,1,0,500,0.6,1000,0.2,1400,0.2,1
8,11,613,0,0,666,0.42,420,0.58,1
9,0,11143,0,0,300,0.5,1700,0.5,1
9,1,2668,0,0,300,0.5,1700,0.5,1
9,2,7036,0,0,666,0.42,420,0.58,1
9,3,5658,0,0,300,0.5,1700,0.5,1
9,4,5449,2,10,5,0,300,0.5,572,0.32,486,0.18,1
9,5,10873,0,0,300,0.5,572,0.32,486,0.18,1
9,6,8557,1,0,300,0.5,572,0.32,486,0.18,1
9,7,5644,1,0,300,0.5,572,0.32,486,0.18,1
9,8,10925,0,0,300,0.5,572,0.32,486,0.18,1
9,9,9214,0,0,300,0.5,1700,0.5,1
9,10,14773,2,10,5,0,300,0.5,572,0.32,486,0.18,1
9,11,490,1,0,666,0.42,420,0.58,1
10,0,3850,0,0,500,0.6,1000,0.2,1400,0.2,1
10,1,496,0,0,300,0.5,1700,0.5,1
10,2,6615,2,10,5,0,500,0.6,1000,0.2,1400,0.2,1
10,3,8195,2,10,5,0,300,0.5,1700,0.5,1
10,4,6327,0,0,500,0.6,1000,0.2,1400,0.2,1
10,5,4450,1,0,500,0.6,1000,0.2,1400,0.2,1
10,6,11540,1,0,500,0.6,1000,0.2,1400,0.2,1
10,7,9157,2,10,5,0,666,0.42,420,0.58,1
10,8,11019,0,0,666,0.42,420,0.58,1
10,9,13786,2,10,5,0,300,0.5,1700,0.5,1
10,10,2567,2,10,5,0,300,0.5,1700,0.5,1
10,11,10904,2,10,5,0,666,0.42,420,0.58,1
11,0,9124,0,0,300,0.5,1700,0.5,1
11,1,10629,0,0,666,0.42,420,0.58,1
11,2,3304,0,0,300,0.5,1700,0.5,1
11,3,7098,2,10,5,0,300,0.5,1700,0.5,1
11,4,7983,0,0,300,0.5,572,0.32,486,0.18,1
11,5,14304,2,10,5,0,300,0.5,1700,0.5,1
11,6,6435,1,0,300,0.5,1700,0.5,1
11,7,5017,0,0,300,0.5,572,0.32,486,0.18,1
11,8,14239,2,10,5,0,666,0.42,420,0.58,1
11,9,8286,1,0,300,0.5,1700,0.5,1
11,10,11931,1,0,666,0.42,420,0.58,1
11,11,8764,1,0,300,0.5,1700,0.5,1
