0,0,11832,2,10,5,0,666,0.42,420,0.58,1
0,1,8211,0,0,300,0.5,572,0.32,486,0.18,1
0,2,5965,1,0,666,0.42,420,0.58,1
0,3,8579,2,10,5,0,300,0.5,1700,0.5,1
0,4,1319,0,0,300,0.5,572,0.32,486,0.18,1
0,5,3954,0,0,500,0.6,1000,0.2,1400,0.2,1
0,6,10319,1,0,300,0.5,572,0.32,486,0.18,1
0,7,13447,1,0,500,0.6,1000,0.2,1400,0.2,1
0,8,6876,0,0,666,0.42,420,0.58,1
0,9,11343,1,0,300,0.5,572,0.32,486,0.18,1
0,10,9497,2,10,5,0,300,0.5,1700,0.5,1
0,11,12286,1,0,300,0.5,572,0.32,486,0.18,1
1,0,986,0,0,300,0.5,572,0.32,486,0.18,1
1,1,2063,1,0,300,0.5,1700,0.5,1
1,2,14288,1,0,666,0.42,420,0.58,0
1,3,11683,2,10,5,0,300,0.5,572,0.32,486,0.18,1
1,4,2746,1,0,500,0.6,1000,0.2,1400,0.2,1
1,5,5425,1,0,300,0.5,572,0.32,486,0.18,1
1,6,6496,2,10,5,0,666,0.42,420,0.58,1
1,7,7795,2,10,5,0,500,0.6,1000,0.2,1400,0.2,1
1,8,2999,0,0,666,0.42,420,0.58,1
1,9,7558,1,0,300,0.5,1700,0.5,1
1,10,13250,1,0,500,0.6,1000,0.2,1400,0.2,1
1,11,10706,1,0,666,0.42,420,0.58,1
2,0,2629,1,0,500,0.6,1000,0.2,1400,0.2,1
2,1,4602,2,10,5,0,300,0.5,1700,0.5,1
2,2,10674,0,0,300,0.5,1700,0.5,1
2,3,6899,1,0,500,0.6,1000,0.2,1400,0.2,1
2,4,14669,1,0,300,0.5,572,0.32,486,0.18,1
2,5,12373,1,0,666,0.42,420,0.58,1
2,6,2555,0,0,500,0.6,1000,0.2,1400,0.2,1
2,7,14490,1,0,300,0.5,572,0.32,486,0.18,1
2,8,12040,2,10,5,0,300,0.5,1700,0.5,1
2,9,1413,1,0,666,0.42,420,0.58,1
2,10,13271,1,0,500,0.6,1000,0.2,1400,0.2,1
2,11,13283,0,0,300,0.5,1700,0.5,1
3,0,5159,0,0,500,0.6,1000,0.2,1400,0.2,1
3,1,14186,2,10,5,0,300,0.5,1700,0.5,1
3,2,9713,1,0,666,0.42,420,0.58,1
3,3,5373,1,0,666,0.42,420,0.58,1
3,4,14078,2,10,5,0,300,0.5,1700,0.5,1
3,5,2325,1,0,300,0.5,572,0.32,486,0.18,1
3,6,7248,1,0,666,0.42,420,0.58,1
3,7,11236,2,10,5,0,666,0.42,420,0.58,1
3,8,2701,0,0,300,0.5,1700,0.5,1
3,9,5712,1,0,300,0.5,1700,0.5,1
3,10,13768,1,0,666,0.42,420,0.58,1
3,11,277,1,0,300,0.5,572,0.32,486,0.18,1
4,0,4537,2,10,5,0,300,0.5,572,0.32,486,0.18,1
4,1,2101,2,10,5,0,300,0.5,572,0.32,486,0.18,1
4,2,3666,2,10,5,0,300,0.5,1700,0.5,1
4,3,13493,0,0,666,0.42,420,0.58,1
4,4,3395,1,0,300,0.5,572,0.32,486,0.18,1
4,5,14397,1,0,300,0.5,572,0.32,486,0.18,1
4,6,5031,1,0,300,0.5,1700,0.5,1
4,7,2957,1,0,300,0.5,572,0.32,486,0.18,1
4,8,1545,0,0,500,0.6,1000,0.2,1400,0.2,1
4,9,11270,2,10,5,0,300,0.5,572,0.32,486,0.18,1
4,10,14009,0,0,500,0.6,1000,0.2,1400,0.2,1
4,11,12037,1,0,500,0.6,1000,0.2,1400,0.2,1
5,0,13723,0,0,300,0.5,572,0.32,486,0.18,1
5,1,8638,2,10,5,0,500,0.6,1000,0.2,1400,0.2,1
5,2,1986,0,0,300,0.5,1700,0.5,1
5,3,216,1,0,300,0.5,572,0.32,486,0.18,1
5,4,725,2,10,5,0,300,0.5,572,0.32,486,0.18,1
5,5,5908,1,0,300,0.5,1700,0.5,1
5,6,2944,1,0,666,0.42,420,0.58,1
5,7,589,1,0,300,0.5,1700,0.5,1
5,8,9427,2,10,5,0,500,0.6,1000,0.2,1400,0.2,1
5,9,12053,2,10,5,0,666,0.42,420,0.58,1
5,10,2961,1,0,300,0.5,572,0.32,486,0.18,1
5,11,3528,2,10,5,0,300,0.5,572,0.32,486,0.18,1
6,0,11555,1,0,500,0.6,1000,0.2,1400,0.2,1
6,1,12562,2,10,5,0,300,0.5,572,0.32,486,0.18,1
6,2,5249,2,10,5,0,666,0.42,420,0.58,1
6,3,4067,1,0,666,0.42,420,0.58,1
6,4,3463,2,10,5,0,300,0.5,572,0.32,486,0.18,1
6,5,13315,1,0,300,0.5,572,0.32,486,0.18,1
6,6,6492,0,0,666,0.42,420,0.58,1
6,7,11645,0,0,300,0.5,1700,0.5,1
6,8,2193,2,10,5,0,300,0.5,572,0.32,486,0.18,1
6,9,8026,0,0,666,0.42,420,0.58,1
6,10,12906,2,10,5,0,666,0.42,420,0.58,1
6,11,934,0,0,300,0.5,1700,0.5,1
7,0,1271,0,0,300,0.5,572,0.32,486,0.18,1
7,1,13478,2,10,5,0,300,0.5,572,0.32,486,0.18,1
7,2,7746,1,0,666,0.42,420,0.58,1
7,3,5446,1,0,666,0.42,420,0.58,1
7,4,13611,0,0,300,0.5,572,0.32,486,0.18,1
7,5,8390,1,0,300,0.5,572,0.32,486,0.18,1
7,6,14114,0,0,500,0.6,1000,0.2,1400,0.2,1
7,7,13165,1,0,300,0.5,1700,0.5,1
7,8,10153,2,10,5,0,666,0.42,420,0.58,1
7,9,5576,0,0,300,0.5,572,0.32,486,0.18,1
7,10,1292,0,0,300,0.5,1700,0.5,1
7,11,9851,0,0,300,0.5,1700,0.5,1
8,0,2061,1,0,666,0.42,420,0.58,1
8,1,6577,2,10,5,0,666,0.42,420,0.58,1
8,2,5466,0,0,300,0.5,1700,0.5,1
8,3,4120,0,0,500,0.6,1000,0.2,1400,0.2,1
8,4,6373,2,10,5,0,500,0.6,1000,0.2,1400,0.2,1
8,5,1931,0,0,666,0.42,420,0.58,1
8,6,4941,2,10,5,0,300,0.5,1700,0.5,1
8,7,2894,0,0,300,0.5,572,0.32,486,0.18,1
8,8,1310,2,10,5,0,666,0.42,420,0.58,1
8,9,13779,1,0,500,0.6,1000,0.2,1400,0.2,1
8,10,11706,1,0,500,0.6,1000,0.2,1400,0.2,1
8,11,10957,2,10,5,0,300,0.5,572,0.32,486,0.18,1
9,0,6153,2,10,5,0,300,0.5,1700,0.5,1
9,1,8703,0,0,666,0.42,420,0.58,1
9,2,1125,2,10,5,0,300,0.5,572,0.32,486,0.18,1
9,3,12665,2,10,5,0,500,0.6,1000,0.2,1400,0.2,1
9,4,7365,0,0,500,0.6,1000,0.2,1400,0.2,1
9,5,4891,0,0,500,0.6,1000,0.2,1400,0.2,1
9,6,13669,0,0,500,0.6,1000,0.2,1400,0.2,1
9,7,3276,0,0,300,0.5,572,0.32,486,0.18,1
9,8,7876,2,10,5,0,300,0.5,572,0.32,486,0.18,1
9,9,10136,1,0,300,0.5,572,0.32,486,0.18,1
9,10,13492,2,10,5,0,300,0.5,1700,0.5,1
9,11,7404,1,0,300,0.5,572,0.32,486,0.18,1
10,0,12409,0,0,300,0.5,572,0.32,486,0.18,1
10,1,5422,0,0,300,0.5,572,0.32,486,0.18,1
10,2,611,2,10,5,0,300,0.5,572,0.32,486,0.18,1
10,3,14262,0,0,666,0.42,420,0.58,1
10,4,12873,2,10,5,0,666,0.42,420,0.58,1
10,5,3032,1,0,666,0.42,420,0.58,1
10,6,168,0,0,300,0.5,572,0.32,486,0.18,1
10,7,9189,0,0,300,0.5,572,0.32,486,0.18,1
10,8,5765,2,10,5,0,300,0.5,572,0.32,486,0.18,1
10,9,2944,1,0,500,0.6,1000,0.2,1400,0.2,1
10,10,6528,1,0,300,0.5,572,0.32,486,0.18,1
10,11,3675,1,0,300,0.5,1700,0.5,1
11,0,6585,1,0,300,0.5,572,0.32,486,0.18,1
11,1,4765,1,0,500,0.6,1000,0.2,1400,0.2,1
11,2,1169,1,0,300,0.5,1700,0.5,1
11,3,7272,0,0,300,0.5,1700,0.5,1
11,4,13733,2,10,5,0,666,0.42,420,0.58,1
11,5,8621,2,10,5,0,300,0.5,1700,0.5,1
11,6,7517,2,10,5,0,500,0.6,1000,0.2,1400,0.2,1
11,7,8719,1,0,666,0.42,420,0.58,1
11,8,9826,1,0,300,0.5,572,0.32,486,0.18,1
11,9,2236,2,10,5,0,300,0.5,572,0.32,486,0.18,1
11,10,40,0,0,500,0.6,1000,0.2,1400,0.2,1
11,11,6756,1,0,300,0.5,1700,0.5,1
