0,0,5204,2,10,5,0,300,0.5,1700,0.5,1
0,1,9077,2,10,5,0,666,0.42,420,0.58,1
0,2,3394,1,0,666,0.42,420,0.58,1
0,3,13434,1,0,300,0.5,1700,0.5,1
0,4,13555,0,0,500,0.6,1000,0.2,1400,0.2,1
0,5,11171,0,0,500,0.6,1000,0.2,1400,0.2,1
0,6,2955,2,10,5,0,500,0.6,1000,0.2,1400,0.2,1
0,7,430,0,0,300,0.5,572,0.32,486,0.18,1
0,8,12457,1,0,300,0.5,1700,0.5,1
0,9,5431,1,0,666,0.42,420,0.58,1
0,10,7922,0,0,500,0.6,1000,0.2,1400,0.2,1
0,11,9331,2,10,5,0,300,0.5,1700,0.5,1
1,0,1940,1,0,300,0.5,1700,0.5,1
1,1,779,2,10,5,0,666,0.42,420,0.58,1
1,2,350,0,0,500,0.6,1000,0.2,1400,0.2,0
1,3,3092,0,0,500,0.6,1000,0.2,1400,0.2,1
1,4,6328,2,10,5,0,300,0.5,1700,0.5,1
1,5,1217,2,10,5,0,300,0.5,1700,0.5,1
1,6,9688,0,0,666,0.42,420,0.58,1
1,7,6798,2,10,5,0,500,0.6,1000,0.2,1400,0.2,1
1,8,1329,2,10,5,0,500,0.6,1000,0.2,1400,0.2,1
1,9,2909,1,0,300,0.5,572,0.32,486,0.18,1
1,10,14383,2,10,5,0,500,0.6,1000,0.2,1400,0.2,1
1,11,4618,1,0,666,0.42,420,0.58,1
2,0,9232,2,10,5,0,500,0.6,1000,0.2,1400,0.2,1
2,1,5474,2,10,5,0,666,0.42,420,0.58,1
2,2,13959,2,10,5,0,300,0.5,1700,0.5,1
2,3,13579,2,10,5,0,300,0.5,1700,0.5,1
2,4,1147,2,10,5,0,300,0.5,572,0.32,486,0.18,1
2,5,7257,1,0,500,0.6,1000,0.2,1400,0.2,1
2,6,8578,1,0,300,0.5,1700,0.5,1
2,7,7559,2,10,5,0,300,0.5,1700,0.5,1
2,8,9489,2,10,5,0,300,0.5,572,0.32,486,0.18,1
2,9,3779,1,0,666,0.42,420,0.58,1
2,10,194,2,10,5,0,300,0.5,572,0.32,486,0.18,1
2,11,3424,2,10,5,0,500,0.6,1000,0.2,1400,0.2,1
3,0,11034,1,0,300,0.5,572,0.32,486,0.18,1
3,1,8400,2,10,5,0,500,0.6,1000,0.2,1400,0.2,1
3,2,7897,0,0,300,0.5,1700,0.5,1
3,3,13353,2,10,5,0,500,0.6,1000,0.2,1400,0.2,1
3,4,14352,2,10,5,0,300,0.5,1700,0.5,1
3,5,6543,0,0,500,0.6,1000,0.2,1400,0.2,1
3,6,2229,0,0,500,0.6,1000,0.2,1400,0.2,1
3,7,9108,2,10,5,0,666,0.42,420,0.58,1
3,8,9626,0,0,500,0.6,1000,0.2,1400,0.2,1
3,9,2964,0,0,300,0.5,1700,0.5,1
3,10,4940,1,0,300,0.5,1700,0.5,1
3,11,11821,0,0,666,0.42,420,0.58,1
4,0,8158,0,0,300,0.5,1700,0.5,1
4,1,5522,0,0,300,0.5,572,0.32,486,0.18,1
4,2,7202,2,10,5,0,300,0.5,1700,0.5,1
4,3,5535,1,0,500,0.6,1000,0.2,1400,0.2,1
4,4,591,0,0,300,0.5,572,0.32,486,0.18,1
4,5,4194,1,0,300,0.5,1700,0.5,1
4,6,8115,1,0,300,0.5,572,0.32,486,0.18,1
4,7,3332,0,0,300,0.5,572,0.32,486,0.18,1
4,8,8055,1,0,300,0.5,572,0.32,486,0.18,1
4,9,12316,1,0,500,0.6,1000,0.2,1400,0.2,1
4,10,3602,2,10,5,0,300,0.5,572,0.32,486,0.18,1
4,11,13167,2,10,5,0,300,0.5,1700,0.5,1
5,0,10739,0,0,300,0.5,572,0.32,486,0.18,1
5,1,6281,0,0,300,0.5,1700,0.5,1
5,2,11064,2,10,5,0,300,0.5,1700,0.5,1
5,3,8695,0,0,500,0.6,1000,0.2,1400,0.2,1
5,4,4542,1,0,300,0.5,1700,0.5,1
5,5,6937,2,10,5,0,500,0.6,1000,0.2,1400,0.2,1
5,6,5837,0,0,500,0.6,1000,0.2,1400,0.2,1
5,7,9193,0,0,300,0.5,1700,0.5,1
5,8,8007,0,0,500,0.6,1000,0.2,1400,0.2,1
5,9,13501,2,10,5,0,300,0.5,572,0.32,486,0.18,1
5,10,9616,1,0,300,0.5,572,0.32,486,0.18,1
5,11,8807,1,0,500,0.6,1000,0.2,1400,0.2,1
6,0,11885,2,10,5,0,666,0.42,420,0.58,1
6,1,10508,0,0,300,0.5,572,0.32,486,0.18,1
6,2,445,0,0,500,0.6,1000,0.2,1400,0.2,1
6,3,7812,1,0,500,0.6,1000,0.2,1400,0.2,1
6,4,8725,2,10,5,0,500,0.6,1000,0.2,1400,0.2,1
6,5,13999,1,0,300,0.5,1700,0.5,1
6,6,5614,2,10,5,0,300,0.5,572,0.32,486,0.18,1
6,7,5873,2,10,5,0,666,0.42,420,0.58,1
6,8,12350,2,10,5,0,500,0.6,1000,0.2,1400,0.2,1
6,9,248,1,0,500,0.6,1000,0.2,1400,0.2,1
6,10,11929,1,0,500,0.6,1000,0.2,1400,0.2,1
6,11,3932,0,0,666,0.42,420,0.58,1
7,0,6905,1,0,300,0.5,1700,0.5,1
7,1,7953,0,0,500,0.6,1000,0.2,1400,0.2,1
7,2,7511,2,10,5,0,666,0.42,420,0.58,1
7,3,373,0,0,300,0.5,572,0.32,486,0.18,1
7,4,3595,1,0,300,0.5,1700,0.5,1
7,5,5444,0,0,666,0.42,420,0.58,1
7,6,5669,1,0,500,0.6,1000,0.2,1400,0.2,1
7,7,4577,2,10,5,0,300,0.5,1700,0.5,1
7,8,4489,0,0,300,0.5,1700,0.5,1
7,9,7969,0,0,500,0.6,1000,0.2,1400,0.2,1
7,10,8974,1,0,300,0.5,1700,0.5,1
7,11,4499,0,0,300,0.5,1700,0.5,1
8,0,13601,0,0,666,0.42,420,0.58,1
8,1,6146,1,0,300,0.5,1700,0.5,1
8,2,13346,1,0,300,0.5,572,0.32,486,0.18,1
8,3,6235,2,10,5,0,300,0.5,1700,0.5,1
8,4,13408,2,10,5,0,300,0.5,1700,0.5,1
8,5,8746,1,0,300,0.5,1700,0.5,1
8,6,9406,0,0,666,0.42,420,0.58,1
8,7,10972,0,0,300,0.5,572,0.32,486,0.18,1
8,8,1064,1,0,500,0.6,1000,0.2,1400,0.2,1
8,9,1699,0,0,300,0.5,1700,0.5,1
8,10,8125,0,0,300,0.5,572,0.32,486,0.18,1
8,11,2800,1,0,300,0.5,572,0.32,486,0.18,1
9,0,1280,2,10,5,0,500,0.6,1000,0.2,1400,0.2,1
9,1,3098,1,0,300,0.5,572,0.32,486,0.18,1
9,2,2959,2,10,5,0,500,0.6,1000,0.2,1400,0.2,1
9,3,14189,2,10,5,0,666,0.42,420,0.58,1
9,4,12394,1,0,666,0.42,420,0.58,1
9,5,8211,2,10,5,0,666,0.42,420,0.58,1
9,6,6141,0,0,500,0.6,1000,0.2,1400,0.2,1
9,7,760,1,0,500,0.6,1000,0.2,1400,0.2,1
9,8,14281,0,0,300,0.5,1700,0.5,1
9,9,8681,0,0,500,0.6,1000,0.2,1400,0.2,1
9,10,1269,2,10,5,0,300,0.5,1700,0.5,1
9,11,4042,0,0,300,0.5,1700,0.5,1
10,0,7031,2,10,5,0,300,0.5,572,0.32,486,0.18,1
10,1,4099,0,0,300,0.5,572,0.32,486,0.18,1
10,2,7441,0,0,300,0.5,572,0.32,486,0.18,1
10,3,14651,0,0,300,0.5,572,0.32,486,0.18,1
10,4,12472,2,10,5,0,666,0.42,420,0.58,1
10,5,2906,0,0,300,0.5,1700,0.5,1
10,6,11580,2,10,5,0,666,0.42,420,0.58,1
10,7,5209,2,10,5,0,300,0.5,572,0.32,486,0.18,1
10,8,10555,1,0,666,0.42,420,0.58,1
10,9,3350,2,10,5,0,500,0.6,1000,0.2,1400,0.2,1
10,10,12856,2,10,5,0,300,0.5,1700,0.5,1
10,11,11309,1,0,300,0.5,572,0.32,486,0.18,1
11,0,8523,2,10,5,0,300,0.5,1700,0.5,1
11,1,13131,2,10,5,0,666,0.42,420,0.58,1
11,2,1941,2,10,5,0,300,0.5,1700,0.5,1
11,3,12288,1,0,666,0.42,420,0.58,1
11,4,118,1,0,666,0.42,420,0.58,1
11,5,10417,1,0,300,0.5,1700,0.5,1
11,6,6809,1,0,300,0.5,1700,0.5,1
11,7,4939,1,0,500,0.6,1000,0.2,1400,0.2,1
11,8,13505,1,0,300,0.5,1700,0.5,1
11,9,4518,1,0,500,0.6,1000,0.2,1400,0.2,1
11,10,5499,0,0,500,0.6,1000,0.2,1400,0.2,1
11,11,6838,2,10,5,0,300,0.5,572,0.32,486,0.18,1
