0,0,7299,0,0,500,0.6,1000,0.2,1400,0.2,1
0,1,7005,1,0,666,0.42,420,0.58,1
0,2,13374,0,0,500,0.6,1000,0.2,1400,0.2,1
0,3,879,1,0,666,0.42,420,0.58,1
0,4,6274,1,0,300,0.5,1700,0.5,1
0,5,9860,1,0,666,0.42,420,0.58,1
0,6,12466,0,0,300,0.5,572,0.32,486,0.18,1
0,7,7156,0,0,300,0.5,572,0.32,486,0.18,1
0,8,2872,0,0,300,0.5,572,0.32,486,0.18,1
0,9,13091,2,10,5,0,300,0.5,572,0.32,486,0.18,1
0,10,3664,2,10,5,0,300,0.5,1700,0.5,1
0,11,7623,2,10,5,0,500,0.6,1000,0.2,1400,0.2,1
1,0,495,2,10,5,0,300,0.5,572,0.32,486,0.18,1
1,1,4801,1,0,300,0.5,1700,0.5,1
1,2,10224,1,0,300,0.5,1700,0.5,0
1,3,14287,1,0,300,0.5,572,0.32,486,0.18,1
1,4,2075,2,10,5,0,300,0.5,572,0.32,486,0.18,1
1,5,8629,2,10,5,0,300,0.5,1700,0.5,1
1,6,4879,1,0,666,0.42,420,0.58,1
1,7,6054,0,0,300,0.5,572,0.32,486,0.18,1
1,8,12461,1,0,300,0.5,572,0.32,486,0.18,1
1,9,3384,2,10,5,0,300,0.5,1700,0.5,1
1,10,5646,0,0,300,0.5,572,0.32,486,0.18,1
1,11,2252,1,0,500,0.6,1000,0.2,1400,0.2,1
2,0,13479,0,0,300,0.5,572,0.32,486,0.18,1
2,1,10802,2,10,5,0,300,0.5,1700,0.5,1
2,2,6207,2,10,5,0,300,0.5,572,0.32,486,0.18,1
2,3,6573,1,0,300,0.5,1700,0.5,1
2,4,12336,1,0,666,0.42,420,0.58,1
2,5,5509,1,0,300,0.5,1700,0.5,1
2,6,581,0,0,300,0.5,572,0.32,486,0.18,1
2,7,11662,1,0,300,0.5,572,0.32,486,0.18,1
2,8,13437,2,10,5,0,300,0.5,572,0.32,486,0.18,1
2,9,3322,2,10,5,0,300,0.5,1700,0.5,1
2,10,5732,1,0,500,0.6,1000,0.2,1400,0.2,1
2,11,4772,2,10,5,0,500,0.6,1000,0.2,1400,0.2,1
3,0,8756,0,0,500,0.6,1000,0.2,1400,0.2,1
3,1,8888,2,10,5,0,300,0.5,572,0.32,486,0.18,1
3,2,14365,1,0,300,0.5,572,0.32,486,0.18,1
3,3,2518,0,0,300,0.5,572,0.32,486,0.18,1
3,4,12537,1,0,500,0.6,1000,0.2,1400,0.2,1
3,5,13967,2,10,5,0,300,0.5,572,0.32,486,0.18,1
3,6,4976,0,0,300,0.5,572,0.32,486,0.18,1
3,7,3366,2,10,5,0,300,0.5,572,0.32,486,0.18,1
3,8,2427,1,0,300,0.5,572,0.32,486,0.18,1
3,9,5560,2,10,5,0,666,0.42,420,0.58,1
3,10,8693,1,0,300,0.5,1700,0.5,1
3,11,11649,2,10,5,0,500,0.6,1000,0.2,1400,0.2,1
4,0,6755,2,10,5,0,300,0.5,1700,0.5,1
4,1,13487,1,0,300,0.5,572,0.32,486,0.18,1
4,2,11048,2,10,5,0,300,0.5,1700,0.5,1
4,3,4271,0,0,300,0.5,572,0.32,486,0.18,1
4,4,13246,0,0,300,0.5,572,0.32,486,0.18,1
4,5,5840,2,10,5,0,300,0.5,1700,0.5,1
4,6,310,1,0,300,0.5,1700,0.5,1
4,7,9731,1,0,300,0.5,572,0.32,486,0.18,1
4,8,2364,2,10,5,0,500,0.6,1000,0.2,1400,0.2,1
4,9,11520,0,0,300,0.5,572,0.32,486,0.18,1
4,10,1939,2,10,5,0,300,0.5,1700,0.5,1
4,11,7001,2,10,5,0,500,0.6,1000,0.2,1400,0.2,1
5,0,9258,0,0,500,0.6,1000,0.2,1400,0.2,1
5,1,14898,0,0,300,0.5,1700,0.5,1
5,2,12410,2,10,5,0,500,0.6,1000,0.2,1400,0.2,1
5,3,8918,0,0,300,0.5,1700,0.5,1
5,4,8486,0,0,500,0.6,1000,0.2,1400,0.2,1
5,5,14049,1,0,300,0.5,1700,0.5,1
5,6,14985,2,10,5,0,300,0.5,572,0.32,486,0.18,1
5,7,2269,1,0,666,0.42,420,0.58,1
5,8,2853,1,0,666,0.42,420,0.58,1
5,9,8463,2,10,5,0,666,0.42,420,0.58,1
5,10,7055,1,0,300,0.5,572,0.32,486,0.18,1
5,11,12172,1,0,500,0.6,1000,0.2,1400,0.2,1
6,0,13224,1,0,500,0.6,1000,0.2,1400,0.2,1
6,1,7769,1,0,300,0.5,572,0.32,486,0.18,1
6,2,167,1,0,300,0.5,572,0.32,486,0.18,1
6,3,4805,1,0,500,0.6,1000,0.2,1400,0.2,1
6,4,10361,0,0,300,0.5,572,0.32,486,0.18,1
6,5,5519,2,10,5,0,666,0.42,420,0.58,1
6,6,2183,0,0,300,0.5,1700,0.5,1
6,7,10245,0,0,300,0.5,1700,0.5,1
6,8,4509,1,0,300,0.5,572,0.32,486,0.18,1
6,9,6732,2,10,5,0,300,0.5,572,0.32,486,0.18,1
6,10,13061,1,0,300,0.5,1700,0.5,1
6,11,10294,2,10,5,0,500,0.6,1000,0.2,1400,0.2,1
7,0,12110,1,0,500,0.6,1000,0.2,1400,0.2,1
7,1,406,2,10,5,0,300,0.5,1700,0.5,1
7,2,10641,1,0,300,0.5,1700,0.5,1
7,3,10314,1,0,666,0.42,420,0.58,1
7,4,8484,2,10,5,0,300,0.5,572,0.32,486,0.18,1
7,5,13352,2,10,5,0,300,0.5,1700,0.5,1
7,6,1237,2,10,5,0,300,0.5,1700,0.5,1
7,7,9819,0,0,500,0.6,1000,0.2,1400,0.2,1
7,8,8115,0,0,300,0.5,1700,0.5,1
7,9,11113,2,10,5,0,666,0.42,420,0.58,1
7,10,10727,2,10,5,0,300,0.5,1700,0.5,1
7,11,7000,0,0,500,0.6,1000,0.2,1400,0.2,1
8,0,5739,1,0,500,0.6,1000,0.2,1400,0.2,1
8,1,3110,2,10,5,0,666,0.42,420,0.58,1
8,2,1019,2,10,5,0,300,0.5,1700,0.5,1
8,3,8133,0,0,300,0.5,572,0.32,486,0.18,1
8,4,8422,0,0,666,0.42,420,0.58,1
8,5,7950,2,10,5,0,300,0.5,572,0.32,486,0.18,1
8,6,8088,0,0,300,0.5,572,0.32,486,0.18,1
8,7,9558,2,10,5,0,300,0.5,572,0.32,486,0.18,1
8,8,4106,2,10,5,0,666,0.42,420,0.58,1
8,9,1953,2,10,5,0,666,0.42,420,0.58,1
8,10,1082,1,0,666,0.42,420,0.58,1
8,11,11979,0,0,500,0.6,1000,0.2,1400,0.2,1
9,0,14352,2,10,5,0,300,0.5,1700,0.5,1
9,1,8186,1,0,300,0.5,572,0.32,486,0.18,1
9,2,12771,1,0,500,0.6,1000,0.2,1400,0.2,1
9,3,12938,2,10,5,0,666,0.42,420,0.58,1
9,4,14386,0,0,300,0.5,572,0.32,486,0.18,1
9,5,4965,0,0,300,0.5,572,0.32,486,0.18,1
9,6,12936,1,0,666,0.42,420,0.58,1
9,7,14052,0,0,300,0.5,1700,0.5,1
9,8,12635,1,0,300,0.5,572,0.32,486,0.18,1
9,9,437,1,0,666,0.42,420,0.58,1
9,10,6172,0,0,300,0.5,572,0.32,486,0.18,1
9,11,14077,1,0,300,0.5,572,0.32,486,0.18,1
10,0,12485,1,0,666,0.42,420,0.58,1
10,1,1927,0,0,500,0.6,1000,0.2,1400,0.2,1
10,2,7943,1,0,300,0.5,1700,0.5,1
10,3,3022,2,10,5,0,500,0.6,1000,0.2,1400,0.2,1
10,4,3931,0,0,500,0.6,1000,0.2,1400,0.2,1
10,5,9818,1,0,300,0.5,1700,0.5,1
10,6,7295,0,0,300,0.5,1700,0.5,1
10,7,1924,1,0,666,0.42,420,0.58,1
10,8,12660,1,0,500,0.6,1000,0.2,1400,0.2,1
10,9,831,1,0,666,0.42,420,0.58,1
10,10,13995,0,0,300,0.5,572,0.32,486,0.18,1
10,11,14198,2,10,5,0,300,0.5,1700,0.5,1
11,0,3221,1,0,300,0.5,572,0.32,486,0.18,1
11,1,9994,2,10,5,0,666,0.42,420,0.58,1
11,2,13234,1,0,300,0.5,572,0.32,486,0.18,1
11,3,6892,2,10,5,0,300,0.5,572,0.32,486,0.18,1
11,4,5162,1,0,300,0.5,572,0.32,486,0.18,1
11,5,11054,2,10,5,0,500,0.6,1000,0.2,1400,0.2,1
11,6,3559,2,10,5,0,300,0.5,572,0.32,486,0.18,1
11,7,13309,0,0,300,0.5,572,0.32,486,0.18,1
11,8,12545,0,0,666,0.42,420,0.58,1
11,9,7881,0,0,300,0.5,572,0.32,486,0.18,1
11,10,3177,0,0,300,0.5,572,0.32,486,0.18,1
11,11,5359,0,0,666,0.42,420,0.58,1
