0,0,13575,1,0,500,0.6,1000,0.2,1400,0.2,1
0,1,5434,0,0,300,0.5,572,0.32,486,0.18,1
0,2,2074,1,0,500,0.6,1000,0.2,1400,0.2,1
0,3,3531,0,0,300,0.5,1700,0.5,1
0,4,1235,0,0,666,0.42,420,0.58,1
0,5,6483,2,10,5,0,666,0.42,420,0.58,1
0,6,2465,2,10,5,0,500,0.6,1000,0.2,1400,0.2,1
0,7,1149,2,10,5,0,300,0.5,1700,0.5,1
0,8,3778,2,10,5,0,300,0.5,1700,0.5,1
0,9,6392,2,10,5,0,300,0.5,572,0.32,486,0.18,1
0,10,10159,1,0,500,0.6,1000,0.2,1400,0.2,1
0,11,9531,2,10,5,0,300,0.5,1700,0.5,1
1,0,2336,1,0,500,0.6,1000,0.2,1400,0.2,1
1,1,5261,2,10,5,0,300,0.5,572,0.32,486,0.18,1
1,2,5901,1,0,300,0.5,572,0.32,486,0.18,0
1,3,5286,1,0,300,0.5,572,0.32,486,0.18,1
1,4,11262,0,0,500,0.6,1000,0.2,1400,0.2,1
1,5,7813,2,10,5,0,500,0.6,1000,0.2,1400,0.2,1
1,6,11760,2,10,5,0,666,0.42,420,0.58,1
1,7,1752,1,0,666,0.42,420,0.58,1
1,8,2809,0,0,500,0.6,1000,0.2,1400,0.2,1
1,9,6433,0,0,500,0.6,1000,0.2,1400,0.2,1
1,10,13990,0,0,300,0.5,572,0.32,486,0.18,1
1,11,4144,2,10,5,0,300,0.5,572,0.32,486,0.18,1
2,0,11362,0,0,666,0.42,420,0.58,1
2,1,928,0,0,300,0.5,572,0.32,486,0.18,1
2,2,1028,0,0,300,0.5,1700,0.5,1
2,3,8944,0,0,300,0.5,572,0.32,486,0.18,1
2,4,13081,1,0,300,0.5,1700,0.5,1
2,5,12268,1,0,666,0.42,420,0.58,1
2,6,7317,1,0,500,0.6,1000,0.2,1400,0.2,1
2,7,12944,0,0,666,0.42,420,0.58,1
2,8,12112,1,0,300,0.5,1700,0.5,1
2,9,7528,0,0,666,0.42,420,0.58,1
2,10,3630,2,10,5,0,300,0.5,1700,0.5,1
2,11,4970,2,10,5,0,300,0.5,572,0.32,486,0.18,1
3,0,6332,2,10,5,0,666,0.42,420,0.58,1
3,1,9479,0,0,500,0.6,1000,0.2,1400,0.2,1
3,2,10164,0,0,500,0.6,1000,0.2,1400,0.2,1
3,3,14483,2,10,5,0,300,0.5,572,0.32,486,0.18,1
3,4,6879,0,0,500,0.6,1000,0.2,1400,0.2,1
3,5,9424,0,0,300,0.5,572,0.32,486,0.18,1
3,6,11211,2,10,5,0,500,0.6,1000,0.2,1400,0.2,1
3,7,4162,2,10,5,0,300,0.5,1700,0.5,1
3,8,5439,0,0,300,0.5,572,0.32,486,0.18,1
3,9,5470,2,10,5,0,500,0.6,1000,0.2,1400,0.2,1
3,10,4764,1,0,300,0.5,1700,0.5,1
3,11,14876,0,0,300,0.5,1700,0.5,1
4,0,2437,1,0,666,0.42,420,0.58,1
4,1,3864,2,10,5,0,300,0.5,572,0.32,486,0.18,1
4,2,14021,2,10,5,0,500,0.6,1000,0.2,1400,0.2,1
4,3,1832,1,0,666,0.42,420,0.58,1
4,4,11843,1,0,300,0.5,572,0.32,486,0.18,1
4,5,12883,2,10,5,0,300,0.5,1700,0.5,1
4,6,4820,2,10,5,0,666,0.42,420,0.58,1
4,7,6430,2,10,5,0,666,0.42,420,0.58,1
4,8,6090,1,0,300,0.5,572,0.32,486,0.18,1
4,9,14454,1,0,300,0.5,1700,0.5,1
4,10,5428,1,0,300,0.5,572,0.32,486,0.18,1
4,11,12720,0,0,666,0.42,420,0.58,1
5,0,8314,0,0,500,0.6,1000,0.2,1400,0.2,1
5,1,1187,2,10,5,0,666,0.42,420,0.58,1
5,2,11264,1,0,500,0.6,1000,0.2,1400,0.2,1
5,3,1650,2,10,5,0,300,0.5,1700,0.5,1
5,4,4930,1,0,500,0.6,1000,0.2,1400,0.2,1
5,5,5143,1,0,500,0.6,1000,0.2,1400,0.2,1
5,6,9235,2,10,5,0,500,0.6,1000,0.2,1400,0.2,1
5,7,10247,0,0,666,0.42,420,0.58,1
5,8,9962,1,0,300,0.5,572,0.32,486,0.18,1
5,9,11,1,0,300,0.5,572,0.32,486,0.18,1
5,10,13440,1,0,500,0.6,1000,0.2,1400,0.2,1
5,11,13455,0,0,500,0.6,1000,0.2,1400,0.2,1
6,0,4657,0,0,300,0.5,572,0.32,486,0.18,1
6,1,3531,1,0,500,0.6,1000,0.2,1400,0.2,1
6,2,517,0,0,300,0.5,572,0.32,486,0.18,1
6,3,1709,2,10,5,0,300,0.5,572,0.32,486,0.18,1
6,4,2980,0,0,300,0.5,1700,0.5,1
6,5,1368,2,10,5,0,666,0.42,420,0.58,1
6,6,3047,0,0,666,0.42,420,0.58,1
6,7,14092,0,0,300,0.5,1700,0.5,1
6,8,9332,0,0,666,0.42,420,0.58,1
6,9,3229,1,0,300,0.5,572,0.32,486,0.18,1
6,10,7642,1,0,300,0.5,572,0.32,486,0.18,1
6,11,3805,2,10,5,0,300,0.5,572,0.32,486,0.18,1
7,0,9664,0,0,300,0.5,572,0.32,486,0.18,1
7,1,8766,1,0,666,0.42,420,0.58,1
7,2,7554,2,10,5,0,300,0.5,572,0.32,486,0.18,1
7,3,13372,2,10,5,0,300,0.5,572,0.32,486,0.18,1
7,4,708,0,0,500,0.6,1000,0.2,1400,0.2,1
7,5,8098,1,0,500,0.6,1000,0.2,1400,0.2,1
7,6,8321,1,0,300,0.5,572,0.32,486,0.18,1
7,7,1193,2,10,5,0,300,0.5,1700,0.5,1
7,8,9473,1,0,300,0.5,572,0.32,486,0.18,1
7,9,6664,0,0,500,0.6,1000,0.2,1400,0.2,1
7,10,1217,0,0,300,0.5,572,0.32,486,0.18,1
7,11,9921,0,0,300,0.5,572,0.32,486,0.18,1
8,0,12389,1,0,666,0.42,420,0.58,1
8,1,14956,1,0,300,0.5,1700,0.5,1
8,2,14828,0,0,666,0.42,420,0.58,1
8,3,6836,1,0,300,0.5,572,0.32,486,0.18,1
8,4,5381,0,0,300,0.5,1700,0.5,1
8,5,14530,1,0,300,0.5,1700,0.5,1
8,6,612,1,0,500,0.6,1000,0.2,1400,0.2,1
8,7,11594,1,0,300,0.5,1700,0.5,1
8,8,8628,0,0,500,0.6,1000,0.2,1400,0.2,1
8,9,1226,1,0,300,0.5,572,0.32,486,0.18,1
8,10,12582,1,0,300,0.5,572,0.32,486,0.18,1
8,11,10574,2,10,5,0,500,0.6,1000,0.2,1400,0.2,1
9,0,563,0,0,300,0.5,1700,0.5,1
9,1,7423,1,0,300,0.5,572,0.32,486,0.18,1
9,2,4315,2,10,5,0,666,0.42,420,0.58,1
9,3,6413,0,0,300,0.5,1700,0.5,1
9,4,7501,2,10,5,0,666,0.42,420,0.58,1
9,5,1974,2,10,5,0,300,0.5,572,0.32,486,0.18,1
9,6,4156,1,0,300,0.5,572,0.32,486,0.18,1
9,7,12360,0,0,666,0.42,420,0.58,1
9,8,4565,1,0,666,0.42,420,0.58,1
9,9,4023,0,0,500,0.6,1000,0.2,1400,0.2,1
9,10,822,1,0,666,0.42,420,0.58,1
9,11,11545,2,10,5,0,300,0.5,1700,0.5,1
10,0,603,2,10,5,0,666,0.42,420,0.58,1
10,1,496,1,0,500,0.6,1000,0.2,1400,0.2,1
10,2,11921,0,0,500,0.6,1000,0.2,1400,0.2,1
10,3,9071,0,0,666,0.42,420,0.58,1
10,4,7619,0,0,300,0.5,572,0.32,486,0.18,1
10,5,14447,2,10,5,0,666,0.42,420,0.58,1
10,6,14191,2,10,5,0,666,0.42,420,0.58,1
10,7,10560,1,0,300,0.5,572,0.32,486,0.18,1
10,8,14771,0,0,300,0.5,1700,0.5,1
10,9,3253,0,0,300,0.5,1700,0.5,1
10,10,5777,0,0,666,0.42,420,0.58,1
10,11,11701,2,10,5,0,500,0.6,1000,0.2,1400,0.2,1
11,0,4127,2,10,5,0,500,0.6,1000,0.2,1400,0.2,1
11,1,3440,2,10,5,0,500,0.6,1000,0.2,1400,0.2,1
11,2,11876,0,0,500,0.6,1000,0.2,1400,0.2,1
11,3,10522,1,0,300,0.5,1700,0.5,1
11,4,5867,0,0,300,0.5,1700,0.5,1
11,5,1491,1,0,300,0.5,572,0.32,486,0.18,1
11,6,1660,0,0,300,0.5,572,0.32,486,0.18,1
11,7,5781,2,10,5,0,500,0.6,1000,0.2,1400,0.2,1
11,8,971,2,10,5,0,500,0.6,1000,0.2,1400,0.2,1
11,9,2211,0,0,500,0.6,1000,0.2,1400,0.2,1
11,10,6278,1,0,300,0.5,572,0.32,486,0.18,1
11,11,9213,2,10,5,0,666,0.42,420,0.58,1
