0,0,5583,1,0,300,0.5,1700,0.5,1
0,1,12527,2,10,5,0,666,0.42,420,0.58,1
0,2,10526,1,0,300,0.5,572,0.32,486,0.18,1
0,3,9728,2,10,5,0,300,0.5,1700,0.5,1
0,4,5591,2,10,5,0,300,0.5,1700,0.5,1
0,5,6376,0,0,500,0.6,1000,0.2,1400,0.2,1
0,6,1373,2,10,5,0,300,0.5,1700,0.5,1
0,7,4189,2,10,5,0,300,0.5,1700,0.5,1
0,8,8512,2,10,5,0,666,0.42,420,0.58,1
0,9,13915,1,0,300,0.5,1700,0.5,1
0,10,1423,1,0,666,0.42,420,0.58,1
0,11,2093,1,0,300,0.5,1700,0.5,1
1,0,10750,0,0,300,0.5,572,0.32,486,0.18,1
1,1,64,0,0,666,0.42,420,0.58,1
1,2,4004,2,10,5,0,666,0.42,420,0.58,0
1,3,3826,1,0,300,0.5,1700,0.5,1
1,4,3815,0,0,300,0.5,1700,0.5,1
1,5,5276,2,10,5,0,300,0.5,572,0.32,486,0.18,1
1,6,11011,1,0,500,0.6,1000,0.2,1400,0.2,1
1,7,4587,1,0,500,0.6,1000,0.2,1400,0.2,1
1,8,9164,2,10,5,0,666,0.42,420,0.58,1
1,9,14518,2,10,5,0,500,0.6,1000,0.2,1400,0.2,1
1,10,1742,0,0,666,0.42,420,0.58,1
1,11,14771,1,0,300,0.5,1700,0.5,1
2,0,3825,2,10,5,0,500,0.6,1000,0.2,1400,0.2,1
2,1,12136,0,0,300,0.5,1700,0.5,1
2,2,5580,0,0,666,0.42,420,0.58,1
2,3,2310,1,0,666,0.42,420,0.58,1
2,4,8753,1,0,666,0.42,420,0.58,1
2,5,2659,0,0,300,0.5,572,0.32,486,0.18,1
2,6,4974,1,0,500,0.6,1000,0.2,1400,0.2,1
2,7,2933,2,10,5,0,500,0.6,1000,0.2,1400,0.2,1
2,8,364,2,10,5,0,666,0.42,420,0.58,1
2,9,3019,0,0,300,0.5,1700,0.5,1
2,10,12926,0,0,300,0.5,572,0.32,486,0.18,1
2,11,447,2,10,5,0,300,0.5,1700,0.5,1
3,0,1196,2,10,5,0,300,0.5,1700,0.5,1
3,1,14132,1,0,666,0.42,420,0.58,1
3,2,3071,1,0,500,0.6,1000,0.2,1400,0.2,1
3,3,5779,0,0,300,0.5,1700,0.5,1
3,4,14030,1,0,300,0.5,572,0.32,486,0.18,1
3,5,9129,2,10,5,0,300,0.5,572,0.32,486,0.18,1
3,6,820,1,0,666,0.42,420,0.58,1
3,7,3608,1,0,500,0.6,1000,0.2,1400,0.2,1
3,8,6960,0,0,500,0.6,1000,0.2,1400,0.2,1
3,9,2314,0,0,300,0.5,1700,0.5,1
3,10,12388,0,0,500,0.6,1000,0.2,1400,0.2,1
3,11,13820,1,0,300,0.5,1700,0.5,1
4,0,10157,2,10,5,0,300,0.5,572,0.32,486,0.18,1
4,1,4017,0,0,666,0.42,420,0.58,1
4,2,8260,1,0,500,0.6,1000,0.2,1400,0.2,1
4,3,1343,0,0,666,0.42,420,0.58,1
4,4,9146,1,0,300,0.5,572,0.32,486,0.18,1
4,5,13965,1,0,300,0.5,1700,0.5,1
4,6,14431,0,0,666,0.42,420,0.58,1
4,7,11713,0,0,500,0.6,1000,0.2,1400,0.2,1
4,8,11202,0,0,500,0.6,1000,0.2,1400,0.2,1
4,9,9875,2,10,5,0,666,0.42,420,0.58,1
4,10,12982,1,0,666,0.42,420,0.58,1
4,11,12100,0,0,300,0.5,572,0.32,486,0.18,1
5,0,5207,2,10,5,0,666,0.42,420,0.58,1
5,1,13107,0,0,300,0.5,572,0.32,486,0.18,1
5,2,11635,1,0,300,0.5,1700,0.5,1
5,3,841,1,0,300,0.5,572,0.32,486,0.18,1
5,4,12322,0,0,666,0.42,420,0.58,1
5,5,14638,0,0,666,0.42,420,0.58,1
5,6,13206,2,10,5,0,300,0.5,572,0.32,486,0.18,1
5,7,8412,0,0,300,0.5,572,0.32,486,0.18,1
5,8,12670,0,0,500,0.6,1000,0.2,1400,0.2,1
5,9,9585,1,0,300,0.5,1700,0.5,1
5,10,6663,0,0,500,0.6,1000,0.2,1400,0.2,1
5,11,7810,1,0,300,0.5,572,0.32,486,0.18,1
6,0,3704,0,0,666,0.42,420,0.58,1
6,1,12676,2,10,5,0,300,0.5,1700,0.5,1
6,2,858,2,10,5,0,300,0.5,572,0.32,486,0.18,1
6,3,9436,1,0,300,0.5,1700,0.5,1
6,4,386,2,10,5,0,300,0.5,1700,0.5,1
6,5,969,0,0,300,0.5,572,0.32,486,0.18,1
6,6,8134,1,0,666,0.42,420,0.58,1
6,7,209,2,10,5,0,500,0.6,1000,0.2,1400,0.2,1
6,8,11093,1,0,666,0.42,420,0.58,1
6,9,3368,2,10,5,0,300,0.5,572,0.32,486,0.18,1
6,10,11567,2,10,5,0,500,0.6,1000,0.2,1400,0.2,1
6,11,5987,2,10,5,0,300,0.5,1700,0.5,1
7,0,12707,0,0,300,0.5,1700,0.5,1
7,1,92,0,0,300,0.5,1700,0.5,1
7,2,4974,0,0,666,0.42,420,0.58,1
7,3,6812,1,0,666,0.42,420,0.58,1
7,4,3209,1,0,666,0.42,420,0.58,1
7,5,968,1,0,500,0.6,1000,0.2,1400,0.2,1
7,6,10655,1,0,300,0.5,1700,0.5,1
7,7,11092,0,0,300,0.5,1700,0.5,1
7,8,3742,1,0,500,0.6,1000,0.2,1400,0.2,1
7,9,5527,1,0,300,0.5,572,0.32,486,0.18,1
7,10,10309,0,0,666,0.42,420,0.58,1
7,11,6905,0,0,500,0.6,1000,0.2,1400,0.2,1
8,0,6801,1,0,300,0.5,572,0.32,486,0.18,1
8,1,7113,1,0,666,0.42,420,0.58,1
8,2,3921,0,0,500,0.6,1000,0.2,1400,0.2,1
8,3,2878,0,0,666,0.42,420,0.58,1
8,4,4983,1,0,500,0.6,1000,0.2,1400,0.2,1
8,5,7863,0,0,500,0.6,1000,0.2,1400,0.2,1
8,6,2020,1,0,666,0.42,420,0.58,1
8,7,638,2,10,5,0,300,0.5,1700,0.5,1
8,8,4014,1,0,666,0.42,420,0.58,1
8,9,6715,1,0,300,0.5,1700,0.5,1
8,10,6578,1,0,500,0.6,1000,0.2,1400,0.2,1
8,11,5352,2,10,5,0,500,0.6,1000,0.2,1400,0.2,1
9,0,13258,2,10,5,0,300,0.5,572,0.32,486,0.18,1
9,1,7028,1,0,300,0.5,572,0.32,486,0.18,1
9,2,4401,0,0,666,0.42,420,0.58,1
9,3,5130,2,10,5,0,666,0.42,420,0.58,1
9,4,8500,0,0,300,0.5,572,0.32,486,0.18,1
9,5,1315,0,0,500,0.6,1000,0.2,1400,0.2,1
9,6,50,2,10,5,0,666,0.42,420,0.58,1
9,7,7672,1,0,300,0.5,572,0.32,486,0.18,1
9,8,13356,1,0,300,0.5,572,0.32,486,0.18,1
9,9,2158,0,0,300,0.5,572,0.32,486,0.18,1
9,10,8399,1,0,500,0.6,1000,0.2,1400,0.2,1
9,11,2359,0,0,300,0.5,1700,0.5,1
10,0,5219,1,0,300,0.5,572,0.32,486,0.18,1
10,1,11289,1,0,300,0.5,572,0.32,486,0.18,1
10,2,1140,0,0,500,0.6,1000,0.2,1400,0.2,1
10,3,3991,1,0,500,0.6,1000,0.2,1400,0.2,1
10,4,9563,1,0,666,0.42,420,0.58,1
10,5,13555,2,10,5,0,300,0.5,572,0.32,486,0.18,1
10,6,2232,0,0,300,0.5,572,0.32,486,0.18,1
10,7,12751,2,10,5,0,500,0.6,1000,0.2,1400,0.2,1
10,8,11553,1,0,300,0.5,572,0.32,486,0.18,1
10,9,2595,0,0,300,0.5,1700,0.5,1
10,10,6549,0,0,666,0.42,420,0.58,1
10,11,3568,0,0,300,0.5,1700,0.5,1
11,0,7962,2,10,5,0,300,0.5,1700,0.5,1
11,1,4895,0,0,300,0.5,1700,0.5,1
11,2,12228,2,10,5,0,300,0.5,1700,0.5,1
11,3,7319,1,0,500,0.6,1000,0.2,1400,0.2,1
11,4,14430,2,10,5,0,666,0.42,420,0.58,1
11,5,2094,0,0,666,0.42,420,0.58,1
11,6,4160,1,0,500,0.6,1000,0.2,1400,0.2,1
11,7,10361,2,10,5,0,300,0.5,572,0.32,486,0.18,1
11,8,6876,2,10,5,0,500,0.6,1000,0.2,1400,0.2,1
11,9,8752,2,10,5,0,500,0.6,1000,0.2,1400,0.2,1
11,10,4332,1,0,300,0.5,1700,0.5,1
11,11,9038,0,0,300,0.5,1700,0.5,1
