0,0,391,1,0,500,0.6,1000,0.2,1400,0.2,1
0,1,5163,1,0,300,0.5,572,0.32,486,0.18,1
0,2,1369,2,10,5,0,300,0.5,572,0.32,486,0.18,1
0,3,5199,1,0,666,0.42,420,0.58,1
0,4,8999,2,10,5,0,500,0.6,1000,0.2,1400,0.2,1
0,5,2762,1,0,666,0.42,420,0.58,1
0,6,7999,1,0,666,0.42,420,0.58,1
0,7,3245,1,0,300,0.5,572,0.32,486,0.18,1
0,8,13824,1,0,300,0.5,1700,0.5,1
0,9,6379,1,0,666,0.42,420,0.58,1
0,10,10663,1,0,666,0.42,420,0.58,1
0,11,4795,1,0,666,0.42,420,0.58,1
1,0,14557,0,0,300,0.5,1700,0.5,1
1,1,14408,0,0,300,0.5,572,0.32,486,0.18,1
1,2,11958,2,10,5,0,500,0.6,1000,0.2,1400,0.2,0
1,3,2280,1,0,500,0.6,1000,0.2,1400,0.2,1
1,4,14817,2,10,5,0,500,0.6,1000,0.2,1400,0.2,1
1,5,9058,1,0,300,0.5,1700,0.5,1
1,6,9012,2,10,5,0,666,0.42,420,0.58,1
1,7,10879,2,10,5,0,500,0.6,1000,0.2,1400,0.2,1
1,8,487,0,0,300,0.5,572,0.32,486,0.18,1
1,9,9495,2,10,5,0,666,0.42,420,0.58,1
1,10,11161,0,0,300,0.5,1700,0.5,1
1,11,11044,0,0,666,0.42,420,0.58,1
2,0,7534,0,0,300,0.5,572,0.32,486,0.18,1
2,1,10529,0,0,666,0.42,420,0.58,1
2,2,1612,2,10,5,0,500,0.6,1000,0.2,1400,0.2,1
2,3,3065,2,10,5,0,666,0.42,420,0.58,1
2,4,14266,1,0,300,0.5,1700,0.5,1
2,5,2630,1,0,300,0.5,1700,0.5,1
2,6,10924,0,0,300,0.5,1700,0.5,1
2,7,9177,0,0,500,0.6,1000,0.2,1400,0.2,1
2,8,8653,1,0,666,0.42,420,0.58,1
2,9,13348,2,10,5,0,300,0.5,572,0.32,486,0.18,1
2,10,1819,0,0,666,0.42,420,0.58,1
2,11,2736,2,10,5,0,300,0.5,1700,0.5,1
3,0,2221,1,0,300,0.5,572,0.32,486,0.18,1
3,1,13443,2,10,5,0,300,0.5,1700,0.5,1
3,2,11195,2,10,5,0,300,0.5,1700,0.5,1
3,3,13281,0,0,666,0.42,420,0.58,1
3,4,8334,0,0,666,0.42,420,0.58,1
3,5,7647,2,10,5,0,500,0.6,1000,0.2,1400,0.2,1
3,6,7529,2,10,5,0,666,0.42,420,0.58,1
3,7,8534,1,0,300,0.5,1700,0.5,1
3,8,10418,2,10,5,0,666,0.42,420,0.58,1
3,9,12773,1,0,300,0.5,572,0.32,486,0.18,1
3,10,13661,0,0,666,0.42,420,0.58,1
3,11,1563,2,10,5,0,500,0.6,1000,0.2,1400,0.2,1
4,0,2559,2,10,5,0,300,0.5,572,0.32,486,0.18,1
4,1,8165,0,0,500,0.6,1000,0.2,1400,0.2,1
4,2,8601,2,10,5,0,666,0.42,420,0.58,1
4,3,13874,0,0,300,0.5,572,0.32,486,0.18,1
4,4,14932,1,0,300,0.5,1700,0.5,1
4,5,5058,0,0,300,0.5,572,0.32,486,0.18,1
4,6,8309,1,0,666,0.42,420,0.58,1
4,7,10314,1,0,300,0.5,572,0.32,486,0.18,1
4,8,10730,0,0,666,0.42,420,0.58,1
4,9,13707,0,0,300,0.5,1700,0.5,1
4,10,6365,0,0,300,0.5,1700,0.5,1
4,11,5388,0,0,300,0.5,572,0.32,486,0.18,1
5,0,11815,2,10,5,0,300,0.5,1700,0.5,1
5,1,5539,1,0,666,0.42,420,0.58,1
5,2,5884,0,0,500,0.6,1000,0.2,1400,0.2,1
5,3,9129,0,0,300,0.5,1700,0.5,1
5,4,7618,2,10,5,0,500,0.6,1000,0.2,1400,0.2,1
5,5,6900,2,10,5,0,666,0.42,420,0.58,1
5,6,13564,2,10,5,0,500,0.6,1000,0.2,1400,0.2,1
5,7,5604,0,0,300,0.5,572,0.32,486,0.18,1
5,8,13709,0,0,666,0.42,420,0.58,1
5,9,12376,1,0,300,0.5,572,0.32,486,0.18,1
5,10,1724,1,0,500,0.6,1000,0.2,1400,0.2,1
5,11,2102,0,0,300,0.5,572,0.32,486,0.18,1
6,0,7157,1,0,666,0.42,420,0.58,1
6,1,6495,0,0,666,0.42,420,0.58,1
6,2,563,1,0,300,0.5,1700,0.5,1
6,3,8418,2,10,5,0,666,0.42,420,0.58,1
6,4,4973,0,0,500,0.6,1000,0.2,1400,0.2,1
6,5,9687,1,0,666,0.42,420,0.58,1
6,6,4065,2,10,5,0,300,0.5,1700,0.5,1
6,7,4752,0,0,666,0.42,420,0.58,1
6,8,13491,2,10,5,0,300,0.5,572,0.32,486,0.18,1
6,9,3708,1,0,500,0.6,1000,0.2,1400,0.2,1
6,10,11977,1,0,500,0.6,1000,0.2,1400,0.2,1
6,11,10810,2,10,5,0,500,0.6,1000,0.2,1400,0.2,1
7,0,7262,2,10,5,0,300,0.5,1700,0.5,1
7,1,8020,1,0,500,0.6,1000,0.2,1400,0.2,1
7,2,5187,1,0,300,0.5,1700,0.5,1
7,3,7820,1,0,300,0.5,1700,0.5,1
7,4,12111,2,10,5,0,300,0.5,572,0.32,486,0.18,1
7,5,14198,0,0,666,0.42,420,0.58,1
7,6,3906,2,10,5,0,666,0.42,420,0.58,1
7,7,9680,1,0,300,0.5,1700,0.5,1
7,8,2075,1,0,300,0.5,572,0.32,486,0.18,1
7,9,3246,1,0,300,0.5,572,0.32,486,0.18,1
7,10,3143,2,10,5,0,300,0.5,1700,0.5,1
7,11,9241,2,10,5,0,500,0.6,1000,0.2,1400,0.2,1
8,0,8482,2,10,5,0,666,0.42,420,0.58,1
8,1,4708,2,10,5,0,300,0.5,572,0.32,486,0.18,1
8,2,4015,1,0,300,0.5,572,0.32,486,0.18,1
8,3,10019,0,0,666,0.42,420,0.58,1
8,4,12514,2,10,5,0,666,0.42,420,0.58,1
8,5,7012,0,0,300,0.5,1700,0.5,1
8,6,11050,1,0,666,0.42,420,0.58,1
8,7,535,2,10,5,0,300,0.5,1700,0.5,1
8,8,6257,2,10,5,0,666,0.42,420,0.58,1
8,9,13666,2,10,5,0,500,0.6,1000,0.2,1400,0.2,1
8,10,5553,2,10,5,0,500,0.6,1000,0.2,1400,0.2,1
8,11,3507,1,0,300,0.5,572,0.32,486,0.18,1
9,0,2444,1,0,500,0.6,1000,0.2,1400,0.2,1
9,1,11887,0,0,300,0.5,572,0.32,486,0.18,1
9,2,2138,1,0,300,0.5,572,0.32,486,0.18,1
9,3,3599,2,10,5,0,500,0.6,1000,0.2,1400,0.2,1
9,4,11767,0,0,300,0.5,572,0.32,486,0.18,1
9,5,14550,2,10,5,0,300,0.5,572,0.32,486,0.18,1
9,6,1529,2,10,5,0,300,0.5,1700,0.5,1
9,7,10446,1,0,300,0.5,572,0.32,486,0.18,1
9,8,5727,1,0,300,0.5,1700,0.5,1
9,9,2060,0,0,300,0.5,1700,0.5,1
9,10,93,0,0,500,0.6,1000,0.2,1400,0.2,1
9,11,9673,1,0,666,0.42,420,0.58,1
10,0,8140,0,0,666,0.42,420,0.58,1
10,1,14217,2,10,5,0,300,0.5,1700,0.5,1
10,2,12849,2,10,5,0,300,0.5,1700,0.5,1
10,3,11036,1,0,666,0.42,420,0.58,1
10,4,3442,1,0,500,0.6,1000,0.2,1400,0.2,1
10,5,3782,1,0,300,0.5,572,0.32,486,0.18,1
10,6,10196,1,0,300,0.5,1700,0.5,1
10,7,12032,1,0,500,0.6,1000,0.2,1400,0.2,1
10,8,5310,2,10,5,0,300,0.5,1700,0.5,1
10,9,6345,0,0,300,0.5,1700,0.5,1
10,10,2428,2,10,5,0,666,0.42,420,0.58,1
10,11,1170,1,0,666,0.42,420,0.58,1
11,0,12286,0,0,300,0.5,1700,0.5,1
11,1,4525,2,10,5,0,300,0.5,572,0.32,486,0.18,1
11,2,9004,1,0,500,0.6,1000,0.2,1400,0.2,1
11,3,4927,2,10,5,0,500,0.6,1000,0.2,1400,0.2,1
11,4,10337,2,10,5,0,300,0.5,572,0.32,486,0.18,1
11,5,7959,1,0,300,0.5,572,0.32,486,0.18,1
11,6,5759,0,0,300,0.5,1700,0.5,1
11,7,12373,1,0,300,0.5,1700,0.5,1
11,8,12700,1,0,500,0.6,1000,0.2,1400,0.2,1
11,9,4995,1,0,666,0.42,420,0.58,1
11,10,10835,1,0,300,0.5,572,0.32,486,0.18,1
11,11,923,0,0,666,0.42,420,0.58,1
