0,0,5116,2,10,5,0,666,0.42,420,0.58,1
0,1,4639,0,0,500,0.6,1000,0.2,1400,0.2,1
0,2,4303,0,0,300,0.5,572,0.32,486,0.18,1
0,3,8440,0,0,500,0.6,1000,0.2,1400,0.2,1
0,4,5023,1,0,300,0.5,572,0.32,486,0.18,1
0,5,10845,0,0,300,0.5,572,0.32,486,0.18,1
0,6,5121,2,10,5,0,500,0.6,1000,0.2,1400,0.2,1
0,7,5919,0,0,300,0.5,572,0.32,486,0.18,1
0,8,7744,1,0,300,0.5,572,0.32,486,0.18,1
0,9,5313,2,10,5,0,300,0.5,572,0.32,486,0.18,1
0,10,12137,2,10,5,0,300,0.5,1700,0.5,1
0,11,4594,0,0,500,0.6,1000,0.2,1400,0.2,1
1,0,4587,2,10,5,0,500,0.6,1000,0.2,1400,0.2,1
1,1,72,2,10,5,0,500,0.6,1000,0.2,1400,0.2,1
1,2,9072,0,0,300,0.5,1700,0.5,0
1,3,13049,2,10,5,0,300,0.5,572,0.32,486,0.18,1
1,4,14225,2,10,5,0,500,0.6,1000,0.2,1400,0.2,1
1,5,641,1,0,666,0.42,420,0.58,1
1,6,1777,2,10,5,0,300,0.5,572,0.32,486,0.18,1
1,7,7212,0,0,500,0.6,1000,0.2,1400,0.2,1
1,8,12298,1,0,300,0.5,1700,0.5,1
1,9,14552,1,0,500,0.6,1000,0.2,1400,0.2,1
1,10,10359,0,0,300,0.5,572,0.32,486,0.18,1
1,11,6124,0,0,500,0.6,1000,0.2,1400,0.2,1
2,0,10984,2,10,5,0,500,0.6,1000,0.2,1400,0.2,1
2,1,7853,1,0,666,0.42,420,0.58,1
2,2,4247,2,10,5,0,666,0.42,420,0.58,1
2,3,3992,2,10,5,0,666,0.42,420,0.58,1
2,4,14263,1,0,500,0.6,1000,0.2,1400,0.2,1
2,5,8792,2,10,5,0,300,0.5,572,0.32,486,0.18,1
2,6,2475,2,10,5,0,666,0.42,420,0.58,1
2,7,4404,0,0,666,0.42,420,0.58,1
2,8,1573,0,0,500,0.6,1000,0.2,1400,0.2,1
2,9,5173,2,10,5,0,666,0.42,420,0.58,1
2,10,14381,0,0,300,0.5,572,0.32,486,0.18,1
2,11,9449,1,0,500,0.6,1000,0.2,1400,0.2,1
3,0,5541,2,10,5,0,300,0.5,572,0.32,486,0.18,1
3,1,2333,0,0,300,0.5,572,0.32,486,0.18,1
3,2,13969,2,10,5,0,300,0.5,1700,0.5,1
3,3,8646,1,0,300,0.5,572,0.32,486,0.18,1
3,4,14357,0,0,666,0.42,420,0.58,1
3,5,2548,2,10,5,0,300,0.5,572,0.32,486,0.18,1
3,6,1074,2,10,5,0,500,0.6,1000,0.2,1400,0.2,1
3,7,3238,0,0,300,0.5,1700,0.5,1
3,8,3266,2,10,5,0,300,0.5,1700,0.5,1
3,9,1188,0,0,666,0.42,420,0.58,1
3,10,2650,1,0,300,0.5,572,0.32,486,0.18,1
3,11,11119,0,0,500,0.6,1000,0.2,1400,0.2,1
4,0,5259,1,0,666,0.42,420,0.58,1
4,1,8003,1,0,300,0.5,1700,0.5,1
4,2,2653,2,10,5,0,300,0.5,1700,0.5,1
4,3,8142,0,0,500,0.6,1000,0.2,1400,0.2,1
4,4,6852,0,0,500,0.6,1000,0.2,1400,0.2,1
4,5,14223,0,0,300,0.5,1700,0.5,1
4,6,2866,2,10,5,0,300,0.5,572,0.32,486,0.18,1
4,7,12586,0,0,500,0.6,1000,0.2,1400,0.2,1
4,8,9730,2,10,5,0,300,0.5,572,0.32,486,0.18,1
4,9,6391,2,10,5,0,300,0.5,572,0.32,486,0.18,1
4,10,10947,0,0,666,0.42,420,0.58,1
4,11,1718,1,0,300,0.5,572,0.32,486,0.18,1
5,0,11023,2,10,5,0,666,0.42,420,0.58,1
5,1,12899,2,10,5,0,666,0.42,420,0.58,1
5,2,6427,2,10,5,0,666,0.42,420,0.58,1
5,3,9693,1,0,300,0.5,1700,0.5,1
5,4,9466,2,10,5,0,666,0.42,420,0.58,1
5,5,14588,2,10,5,0,300,0.5,1700,0.5,1
5,6,11124,0,0,666,0.42,420,0.58,1
5,7,6029,1,0,666,0.42,420,0.58,1
5,8,11590,2,10,5,0,300,0.5,572,0.32,486,0.18,1
5,9,5430,2,10,5,0,500,0.6,1000,0.2,1400,0.2,1
5,10,8299,1,0,300,0.5,1700,0.5,1
5,11,13940,2,10,5,0,300,0.5,572,0.32,486,0.18,1
6,0,5414,0,0,500,0.6,1000,0.2,1400,0.2,1
6,1,12489,0,0,300,0.5,572,0.32,486,0.18,1
6,2,2279,0,0,666,0.42,420,0.58,1
6,3,4140,1,0,500,0.6,1000,0.2,1400,0.2,1
6,4,10811,1,0,300,0.5,572,0.32,486,0.18,1
6,5,14801,0,0,300,0.5,572,0.32,486,0.18,1
6,6,5551,1,0,666,0.42,420,0.58,1
6,7,8615,0,0,500,0.6,1000,0.2,1400,0.2,1
6,8,11942,1,0,300,0.5,1700,0.5,1
6,9,1428,2,10,5,0,500,0.6,1000,0.2,1400,0.2,1
6,10,3375,0,0,300,0.5,1700,0.5,1
6,11,4398,1,0,500,0.6,1000,0.2,1400,0.2,1
7,0,7541,0,0,500,0.6,1000,0.2,1400,0.2,1
7,1,11778,0,0,300,0.5,1700,0.5,1
7,2,8272,1,0,500,0.6,1000,0.2,1400,0.2,1
7,3,12054,1,0,666,0.42,420,0.58,1
7,4,1867,0,0,500,0.6,1000,0.2,1400,0.2,1
7,5,1709,0,0,300,0.5,1700,0.5,1
7,6,11418,0,0,300,0.5,1700,0.5,1
7,7,1639,0,0,300,0.5,1700,0.5,1
7,8,4315,1,0,300,0.5,1700,0.5,1
7,9,1099,1,0,666,0.42,420,0.58,1
7,10,14058,1,0,300,0.5,1700,0.5,1
7,11,11170,1,0,666,0.42,420,0.58,1
8,0,4272,2,10,5,0,500,0.6,1000,0.2,1400,0.2,1
8,1,7443,1,0,300,0.5,1700,0.5,1
8,2,6500,1,0,300,0.5,1700,0.5,1
8,3,3505,0,0,666,0.42,420,0.58,1
8,4,5884,0,0,500,0.6,1000,0.2,1400,0.2,1
8,5,12799,0,0,666,0.42,420,0.58,1
8,6,2308,1,0,666,0.42,420,0.58,1
8,7,8361,2,10,5,0,300,0.5,572,0.32,486,0.18,1
8,8,10331,0,0,300,0.5,572,0.32,486,0.18,1
8,9,4942,1,0,300,0.5,1700,0.5,1
8,10,9832,1,0,300,0.5,1700,0.5,1
8,11,14416,0,0,500,0.6,1000,0.2,1400,0.2,1
9,0,10937,0,0,300,0.5,572,0.32,486,0.18,1
9,1,11588,2,10,5,0,300,0.5,572,0.32,486,0.18,1
9,2,12907,1,0,300,0.5,1700,0.5,1
9,3,10540,2,10,5,0,300,0.5,1700,0.5,1
9,4,6905,0,0,666,0.42,420,0.58,1
9,5,1100,0,0,300,0.5,572,0.32,486,0.18,1
9,6,14743,1,0,500,0.6,1000,0.2,1400,0.2,1
9,7,8916,0,0,500,0.6,1000,0.2,1400,0.2,1
9,8,13245,2,10,5,0,666,0.42,420,0.58,1
9,9,7563,2,10,5,0,300,0.5,1700,0.5,1
9,10,3104,0,0,500,0.6,1000,0.2,1400,0.2,1
9,11,13991,2,10,5,0,300,0.5,572,0.32,486,0.18,1
10,0,7369,2,10,5,0,666,0.42,420,0.58,1
10,1,4406,1,0,666,0.42,420,0.58,1
10,2,4008,1,0,300,0.5,1700,0.5,1
10,3,339,1,0,300,0.5,572,0.32,486,0.18,1
10,4,4809,2,10,5,0,500,0.6,1000,0.2,1400,0.2,1
10,5,13138,2,10,5,0,300,0.5,572,0.32,486,0.18,1
10,6,13271,0,0,500,0.6,1000,0.2,1400,0.2,1
10,7,9580,0,0,500,0.6,1000,0.2,1400,0.2,1
10,8,7026,2,10,5,0,500,0.6,1000,0.2,1400,0.2,1
10,9,5235,0,0,300,0.5,572,0.32,486,0.18,1
10,10,4253,1,0,666,0.42,420,0.58,1
10,11,9816,0,0,300,0.5,572,0.32,486,0.18,1
11,0,10788,2,10,5,0,666,0.42,420,0.58,1
11,1,11658,0,0,500,0.6,1000,0.2,1400,0.2,1
11,2,9601,2,10,5,0,300,0.5,1700,0.5,1
11,3,9415,0,0,300,0.5,572,0.32,486,0.18,1
11,4,11003,2,10,5,0,300,0.5,572,0.32,486,0.18,1
11,5,10022,2,10,5,0,666,0.42,420,0.58,1
11,6,5168,0,0,500,0.6,1000,0.2,1400,0.2,1
11,7,13186,0,0,300,0.5,1700,0.5,1
11,8,2253,1,0,500,0.6,1000,0.2,1400,0.2,1
11,9,3790,0,0,300,0.5,1700,0.5,1
11,10,13249,0,0,666,0.42,420,0.58,1
11,11,13954,1,0,300,0.5,572,0.32,486,0.18,1
