0,0,6891,2,10,5,0,300,0.5,572,0.32,486,0.18,1
0,1,5440,2,10,5,0,300,0.5,572,0.32,486,0.18,1
0,2,11815,0,0,500,0.6,1000,0.2,1400,0.2,1
0,3,853,2,10,5,0,300,0.5,572,0.32,486,0.18,1
0,4,11172,2,10,5,0,300,0.5,1700,0.5,1
0,5,4617,0,0,500,0.6,1000,0.2,1400,0.2,1
0,6,5511,2,10,5,0,300,0.5,572,0.32,486,0.18,1
0,7,10150,2,10,5,0,500,0.6,1000,0.2,1400,0.2,1
0,8,8542,1,0,500,0.6,1000,0.2,1400,0.2,1
0,9,2854,0,0,500,0.6,1000,0.2,1400,0.2,1
0,10,10208,1,0,300,0.5,1700,0.5,1
0,11,13474,1,0,300,0.5,1700,0.5,1
1,0,3081,0,0,300,0.5,572,0.32,486,0.18,1
1,1,10121,0,0,300,0.5,1700,0.5,1
1,2,6003,2,10,5,0,300,0.5,572,0.32,486,0.18,0
1,3,14635,1,0,300,0.5,1700,0.5,1
1,4,4260,1,0,500,0.6,1000,0.2,1400,0.2,1
1,5,11926,2,10,5,0,500,0.6,1000,0.2,1400,0.2,1
1,6,9544,1,0,500,0.6,1000,0.2,1400,0.2,1
1,7,954,2,10,5,0,666,0.42,420,0.58,1
1,8,6790,1,0,666,0.42,420,0.58,1
1,9,592,2,10,5,0,666,0.42,420,0.58,1
1,10,13904,2,10,5,0,300,0.5,1700,0.5,1
1,11,13280,1,0,300,0.5,572,0.32,486,0.18,1
2,0,3224,0,0,300,0.5,1700,0.5,1
2,1,4140,2,10,5,0,300,0.5,1700,0.5,1
2,2,11632,1,0,300,0.5,572,0.32,486,0.18,1
2,3,4051,0,0,666,0.42,420,0.58,1
2,4,5715,0,0,300,0.5,1700,0.5,1
2,5,12288,0,0,300,0.5,1700,0.5,1
2,6,10169,2,10,5,0,300,0.5,1700,0.5,1
2,7,6974,0,0,666,0.42,420,0.58,1
2,8,8864,0,0,666,0.42,420,0.58,1
2,9,2197,2,10,5,0,300,0.5,1700,0.5,1
2,10,3000,1,0,300,0.5,1700,0.5,1
2,11,5649,2,10,5,0,300,0.5,572,0.32,486,0.18,1
3,0,9939,0,0,666,0.42,420,0.58,1
3,1,6676,2,10,5,0,300,0.5,572,0.32,486,0.18,1
3,2,13695,2,10,5,0,666,0.42,420,0.58,1
3,3,1808,0,0,300,0.5,572,0.32,486,0.18,1
3,4,11742,1,0,300,0.5,572,0.32,486,0.18,1
3,5,2486,2,10,5,0,666,0.42,420,0.58,1
3,6,6885,0,0,666,0.42,420,0.58,1
3,7,9007,2,10,5,0,300,0.5,1700,0.5,1
3,8,8961,0,0,300,0.5,1700,0.5,1
3,9,14904,1,0,300,0.5,1700,0.5,1
3,10,9259,2,10,5,0,300,0.5,1700,0.5,1
3,11,2007,1,0,666,0.42,420,0.58,1
4,0,2960,2,10,5,0,300,0.5,1700,0.5,1
4,1,12929,0,0,500,0.6,1000,0.2,1400,0.2,1
4,2,1529,2,10,5,0,500,0.6,1000,0.2,1400,0.2,1
4,3,8093,0,0,300,0.5,572,0.32,486,0.18,1
4,4,10383,1,0,300,0.5,1700,0.5,1
4,5,6073,2,10,5,0,300,0.5,572,0.32,486,0.18,1
4,6,13931,0,0,500,0.6,1000,0.2,1400,0.2,1
4,7,12614,0,0,300,0.5,1700,0.5,1
4,8,658,2,10,5,0,300,0.5,1700,0.5,1
4,9,1502,0,0,300,0.5,1700,0.5,1
4,10,5590,0,0,300,0.5,1700,0.5,1
4,11,3287,0,0,300,0.5,1700,0.5,1
5,0,11563,0,0,666,0.42,420,0.58,1
5,1,3800,1,0,300,0.5,572,0.32,486,0.18,1
5,2,9634,1,0,300,0.5,1700,0.5,1
5,3,9860,0,0,500,0.6,1000,0.2,1400,0.2,1
5,4,10533,1,0,666,0.42,420,0.58,1
5,5,9904,1,0,300,0.5,1700,0.5,1
5,6,9809,1,0,666,0.42,420,0.58,1
5,7,2735,2,10,5,0,500,0.6,1000,0.2,1400,0.2,1
5,8,4266,1,0,666,0.42,420,0.58,1
5,9,3824,1,0,500,0.6,1000,0.2,1400,0.2,1
5,10,7120,0,0,666,0.42,420,0.58,1
5,11,6214,0,0,500,0.6,1000,0.2,1400,0.2,1
6,0,3722,2,10,5,0,500,0.6,1000,0.2,1400,0.2,1
6,1,4532,0,0,300,0.5,1700,0.5,1
6,2,714,1,0,300,0.5,572,0.32,486,0.18,1
6,3,2085,1,0,666,0.42,420,0.58,1
6,4,14789,2,10,5,0,300,0.5,572,0.32,486,0.18,1
6,5,209,1,0,300,0.5,1700,0.5,1
6,6,11094,2,10,5,0,666,0.42,420,0.58,1
6,7,8968,0,0,500,0.6,1000,0.2,1400,0.2,1
6,8,14813,2,10,5,0,300,0.5,1700,0.5,1
6,9,2264,0,0,500,0.6,1000,0.2,1400,0.2,1
6,10,3273,1,0,300,0.5,1700,0.5,1
6,11,6715,1,0,666,0.42,420,0.58,1
7,0,11040,0,0,666,0.42,420,0.58,1
7,1,6682,0,0,300,0.5,572,0.32,486,0.18,1
7,2,1798,0,0,300,0.5,1700,0.5,1
7,3,5113,1,0,300,0.5,572,0.32,486,0.18,1
7,4,7621,0,0,500,0.6,1000,0.2,1400,0.2,1
7,5,4593,0,0,300,0.5,572,0.32,486,0.18,1
7,6,11587,0,0,500,0.6,1000,0.2,1400,0.2,1
7,7,12952,1,0,500,0.6,1000,0.2,1400,0.2,1
7,8,7821,1,0,666,0.42,420,0.58,1
7,9,3553,0,0,500,0.6,1000,0.2,1400,0.2,1
7,10,13886,0,0,300,0.5,1700,0.5,1
7,11,12635,2,10,5,0,300,0.5,1700,0.5,1
8,0,5450,0,0,300,0.5,1700,0.5,1
8,1,3907,0,0,666,0.42,420,0.58,1
8,2,13075,2,10,5,0,500,0.6,1000,0.2,1400,0.2,1
8,3,3028,2,10,5,0,666,0.42,420,0.58,1
8,4,4905,2,10,5,0,300,0.5,1700,0.5,1
8,5,13713,0,0,300,0.5,572,0.32,486,0.18,1
8,6,9476,2,10,5,0,300,0.5,572,0.32,486,0.18,1
8,7,4462,0,0,666,0.42,420,0.58,1
8,8,14199,2,10,5,0,300,0.5,1700,0.5,1
8,9,3631,2,10,5,0,300,0.5,572,0.32,486,0.18,1
8,10,2642,2,10,5,0,300,0.5,572,0.32,486,0.18,1
8,11,12003,2,10,5,0,666,0.42,420,0.58,1
9,0,7057,2,10,5,0,300,0.5,572,0.32,486,0.18,1
9,1,4682,1,0,300,0.5,572,0.32,486,0.18,1
9,2,204,0,0,500,0.6,1000,0.2,1400,0.2,1
9,3,5247,0,0,666,0.42,420,0.58,1
9,4,11209,0,0,300,0.5,572,0.32,486,0.18,1
9,5,4455,2,10,5,0,666,0.42,420,0.58,1
9,6,11892,1,0,500,0.6,1000,0.2,1400,0.2,1
9,7,12672,1,0,300,0.5,1700,0.5,1
9,8,2177,1,0,500,0.6,1000,0.2,1400,0.2,1
9,9,11220,0,0,666,0.42,420,0.58,1
9,10,14201,2,10,5,0,500,0.6,1000,0.2,1400,0.2,1
9,11,9581,1,0,500,0.6,1000,0.2,1400,0.2,1
10,0,13889,0,0,500,0.6,1000,0.2,1400,0.2,1
10,1,9165,0,0,666,0.42,420,0.58,1
10,2,10772,1,0,500,0.6,1000,0.2,1400,0.2,1
10,3,3808,0,0,666,0.42,420,0.58,1
10,4,6062,1,0,300,0.5,572,0.32,486,0.18,1
10,5,14728,2,10,5,0,300,0.5,1700,0.5,1
10,6,5631,1,0,500,0.6,1000,0.2,1400,0.2,1
10,7,2842,0,0,300,0.5,572,0.32,486,0.18,1
10,8,11756,0,0,300,0.5,572,0.32,486,0.18,1
10,9,7105,1,0,300,0.5,1700,0.5,1
10,10,6341,1,0,300,0.5,572,0.32,486,0.18,1
10,11,2690,0,0,300,0.5,572,0.32,486,0.18,1
11,0,6815,1,0,300,0.5,1700,0.5,1
11,1,12904,1,0,300,0.5,572,0.32,486,0.18,1
11,2,12581,2,10,5,0,666,0.42,420,0.58,1
11,3,5181,2,10,5,0,300,0.5,572,0.32,486,0.18,1
11,4,2327,1,0,300,0.5,1700,0.5,1
11,5,9193,1,0,300,0.5,1700,0.5,1
11,6,9595,0,0,300,0.5,572,0.32,486,0.18,1
11,7,7363,1,0,500,0.6,1000,0.2,1400,0.2,1
11,8,4937,0,0,500,0.6,1000,0.2,1400,0.2,1
11,9,10900,1,0,300,0.5,572,0.32,486,0.18,1
11,10,5818,2,10,5,0,666,0.42,420,0.58,1
11,11,4247,1,0,300,0.5,1700,0.5,1
