0,0,7238,0,0,666,0.42,420,0.58,1
0,1,7130,0,0,300,0.5,572,0.32,486,0.18,1
0,2,8686,0,0,300,0.5,1700,0.5,1
0,3,12392,0,0,300,0.5,1700,0.5,1
0,4,1348,2,10,5,0,300,0.5,1700,0.5,1
0,5,5458,0,0,300,0.5,572,0.32,486,0.18,1
0,6,252,1,0,300,0.5,1700,0.5,1
0,7,7994,1,0,666,0.42,420,0.58,1
0,8,8026,1,0,500,0.6,1000,0.2,1400,0.2,1
0,9,5845,0,0,300,0.5,572,0.32,486,0.18,1
0,10,4650,1,0,300,0.5,1700,0.5,1
0,11,12392,1,0,666,0.42,420,0.58,1
1,0,12749,1,0,500,0.6,1000,0.2,1400,0.2,1
1,1,1892,2,10,5,0,300,0.5,1700,0.5,1
1,2,9836,1,0,500,0.6,1000,0.2,1400,0.2,0
1,3,3737,2,10,5,0,666,0.42,420,0.58,1
1,4,1296,0,0,666,0.42,420,0.58,1
1,5,3625,2,10,5,0,500,0.6,1000,0.2,1400,0.2,1
1,6,2452,1,0,500,0.6,1000,0.2,1400,0.2,1
1,7,11560,1,0,666,0.42,420,0.58,1
1,8,1355,1,0,666,0.42,420,0.58,1
1,9,13797,2,10,5,0,500,0.6,1000,0.2,1400,0.2,1
1,10,12296,0,0,500,0.6,1000,0.2,1400,0.2,1
1,11,3578,0,0,300,0.5,1700,0.5,1
2,0,12896,1,0,500,0.6,1000,0.2,1400,0.2,1
2,1,13196,1,0,300,0.5,572,0.32,486,0.18,1
2,2,2305,1,0,500,0.6,1000,0.2,1400,0.2,1
2,3,8589,2,10,5,0,500,0.6,1000,0.2,1400,0.2,1
2,4,3905,0,0,500,0.6,1000,0.2,1400,0.2,1
2,5,9981,1,0,666,0.42,420,0.58,1
2,6,7762,0,0,300,0.5,572,0.32,486,0.18,1
2,7,5860,0,0,300,0.5,572,0.32,486,0.18,1
2,8,12092,2,10,5,0,300,0.5,572,0.32,486,0.18,1
2,9,9937,2,10,5,0,300,0.5,1700,0.5,1
2,10,7248,1,0,500,0.6,1000,0.2,1400,0.2,1
2,11,2313,0,0,500,0.6,1000,0.2,1400,0.2,1
3,0,12181,1,0,300,0.5,1700,0.5,1
3,1,5957,2,10,5,0,666,0.42,420,0.58,1
3,2,13695,2,10,5,0,300,0.5,572,0.32,486,0.18,1
3,3,7823,0,0,666,0.42,420,0.58,1
3,4,6069,1,0,500,0.6,1000,0.2,1400,0.2,1
3,5,11813,2,10,5,0,666,0.42,420,0.58,1
3,6,4592,1,0,666,0.42,420,0.58,1
3,7,11345,1,0,666,0.42,420,0.58,1
3,8,695,1,0,300,0.5,572,0.32,486,0.18,1
3,9,12718,1,0,500,0.6,1000,0.2,1400,0.2,1
3,10,5070,0,0,300,0.5,572,0.32,486,0.18,1
3,11,6284,0,0,500,0.6,1000,0.2,1400,0.2,1
4,0,2428,2,10,5,0,500,0.6,1000,0.2,1400,0.2,1
4,1,1949,1,0,300,0.5,572,0.32,486,0.18,1
4,2,10459,2,10,5,0,666,0.42,420,0.58,1
4,3,7680,0,0,300,0.5,1700,0.5,1
4,4,11345,1,0,300,0.5,1700,0.5,1
4,5,5488,2,10,5,0,500,0.6,1000,0.2,1400,0.2,1
4,6,6157,1,0,666,0.42,420,0.58,1
4,7,11250,1,0,666,0.42,420,0.58,1
4,8,5805,0,0,300,0.5,572,0.32,486,0.18,1
4,9,1427,0,0,666,0.42,420,0.58,1
4,10,14089,1,0,300,0.5,1700,0.5,1
4,11,6645,0,0,500,0.6,1000,0.2,1400,0.2,1
5,0,11956,2,10,5,0,666,0.42,420,0.58,1
5,1,11340,2,10,5,0,500,0.6,1000,0.2,1400,0.2,1
5,2,11586,2,10,5,0,666,0.42,420,0.58,1
5,3,6289,1,0,300,0.5,572,0.32,486,0.18,1
5,4,2534,2,10,5,0,500,0.6,1000,0.2,1400,0.2,1
5,5,940,1,0,666,0.42,420,0.58,1
5,6,10608,2,10,5,0,300,0.5,572,0.32,486,0.18,1
5,7,13006,0,0,300,0.5,572,0.32,486,0.18,1
5,8,2726,1,0,666,0.42,420,0.58,1
5,9,1594,2,10,5,0,500,0.6,1000,0.2,1400,0.2,1
5,10,14733,2,10,5,0,666,0.42,420,0.58,1
5,11,1238,1,0,500,0.6,1000,0.2,1400,0.2,1
6,0,3443,0,0,300,0.5,572,0.32,486,0.18,1
6,1,7938,1,0,666,0.42,420,0.58,1
6,2,9605,0,0,666,0.42,420,0.58,1
6,3,14134,1,0,500,0.6,1000,0.2,1400,0.2,1
6,4,11079,2,10,5,0,666,0.42,420,0.58,1
6,5,11000,1,0,300,0.5,1700,0.5,1
6,6,11301,0,0,300,0.5,1700,0.5,1
6,7,13709,1,0,300,0.5,572,0.32,486,0.18,1
6,8,10404,2,10,5,0,666,0.42,420,0.58,1
6,9,4453,0,0,666,0.42,420,0.58,1
6,10,7153,1,0,500,0.6,1000,0.2,1400,0.2,1
6,11,7488,0,0,300,0.5,572,0.32,486,0.18,1
7,0,9749,2,10,5,0,500,0.6,1000,0.2,1400,0.2,1
7,1,8975,1,0,300,0.5,1700,0.5,1
7,2,9209,0,0,500,0.6,1000,0.2,1400,0.2,1
7,3,5132,2,10,5,0,500,0.6,1000,0.2,1400,0.2,1
7,4,9313,0,0,666,0.42,420,0.58,1
7,5,6660,2,10,5,0,300,0.5,1700,0.5,1
7,6,13751,0,0,666,0.42,420,0.58,1
7,7,11987,1,0,300,0.5,572,0.32,486,0.18,1
7,8,11691,2,10,5,0,300,0.5,1700,0.5,1
7,9,8843,2,10,5,0,500,0.6,1000,0.2,1400,0.2,1
7,10,3981,0,0,666,0.42,420,0.58,1
7,11,10966,1,0,500,0.6,1000,0.2,1400,0.2,1
8,0,4763,2,10,5,0,300,0.5,572,0.32,486,0.18,1
8,1,13323,1,0,300,0.5,572,0.32,486,0.18,1
8,2,5117,2,10,5,0,300,0.5,572,0.32,486,0.18,1
8,3,4427,1,0,300,0.5,572,0.32,486,0.18,1
8,4,12307,2,10,5,0,300,0.5,572,0.32,486,0.18,1
8,5,44,2,10,5,0,300,0.5,1700,0.5,1
8,6,5087,2,10,5,0,666,0.42,420,0.58,1
8,7,5502,2,10,5,0,666,0.42,420,0.58,1
8,8,9791,0,0,666,0.42,420,0.58,1
8,9,4115,1,0,500,0.6,1000,0.2,1400,0.2,1
8,10,13090,0,0,500,0.6,1000,0.2,1400,0.2,1
8,11,14830,0,0,500,0.6,1000,0.2,1400,0.2,1
9,0,5556,2,10,5,0,300,0.5,1700,0.5,1
9,1,4732,2,10,5,0,300,0.5,1700,0.5,1
9,2,13335,2,10,5,0,666,0.42,420,0.58,1
9,3,4740,0,0,300,0.5,1700,0.5,1
9,4,7897,1,0,500,0.6,1000,0.2,1400,0.2,1
9,5,3905,1,0,300,0.5,572,0.32,486,0.18,1
9,6,6488,2,10,5,0,500,0.6,1000,0.2,1400,0.2,1
9,7,14499,1,0,666,0.42,420,0.58,1
9,8,872,1,0,300,0.5,1700,0.5,1
9,9,12675,1,0,300,0.5,1700,0.5,1
9,10,10538,1,0,300,0.5,572,0.32,486,0.18,1
9,11,9718,0,0,300,0.5,1700,0.5,1
10,0,4365,1,0,300,0.5,1700,0.5,1
10,1,12284,1,0,666,0.42,420,0.58,1
10,2,734,1,0,300,0.5,572,0.32,486,0.18,1
10,3,5337,1,0,300,0.5,572,0.32,486,0.18,1
10,4,9954,0,0,500,0.6,1000,0.2,1400,0.2,1
10,5,1169,0,0,666,0.42,420,0.58,1
10,6,915,0,0,666,0.42,420,0.58,1
10,7,3020,1,0,300,0.5,572,0.32,486,0.18,1
10,8,1951,1,0,300,0.5,572,0.32,486,0.18,1
10,9,10342,2,10,5,0,500,0.6,1000,0.2,1400,0.2,1
10,10,10910,1,0,666,0.42,420,0.58,1
10,11,682,0,0,666,0.42,420,0.58,1
11,0,2976,1,0,300,0.5,1700,0.5,1
11,1,13501,1,0,666,0.42,420,0.58,1
11,2,6827,2,10,5,0,666,0.42,420,0.58,1
11,3,9072,2,10,5,0,300,0.5,1700,0.5,1
11,4,7088,0,0,500,0.6,1000,0.2,1400,0.2,1
11,5,3230,2,10,5,0,500,0.6,1000,0.2,1400,0.2,1
11,6,5573,1,0,300,0.5,572,0.32,486,0.18,1
11,7,4974,1,0,300,0.5,1700,0.5,1
11,8,8743,2,10,5,0,500,0.6,1000,0.2,1400,0.2,1
11,9,1558,2,10,5,0,300,0.5,572,0.32,486,0.18,1
11,10,3345,0,0,300,0.5,1700,0.5,1
11,11,10393,2,10,5,0,300,0.5,572,0.32,486,0.18,1
