0,0,4173,2,10,5,0,500,0.6,1000,0.2,1400,0.2,1
0,1,12779,2,10,5,0,300,0.5,1700,0.5,1
0,2,4503,1,0,300,0.5,572,0.32,486,0.18,1
0,3,10461,2,10,5,0,500,0.6,1000,0.2,1400,0.2,1
0,4,12017,0,0,666,0.42,420,0.58,1
0,5,12856,2,10,5,0,500,0.6,1000,0.2,1400,0.2,1
0,6,927,1,0,500,0.6,1000,0.2,1400,0.2,1
0,7,11212,1,0,666,0.42,420,0.58,1
0,8,11140,1,0,300,0.5,1700,0.5,1
0,9,3214,2,10,5,0,500,0.6,1000,0.2,1400,0.2,1
0,10,12426,2,10,5,0,666,0.42,420,0.58,1
0,11,11751,0,0,300,0.5,572,0.32,486,0.18,1
1,0,4788,2,10,5,0,300,0.5,572,0.32,486,0.18,1
1,1,7325,2,10,5,0,300,0.5,1700,0.5,1
1,2,5705,0,0,666,0.42,420,0.58,0
1,3,4025,0,0,300,0.5,1700,0.5,1
1,4,831,2,10,5,0,500,0.6,1000,0.2,1400,0.2,1
1,5,9230,0,0,300,0.5,1700,0.5,1
1,6,5337,2,10,5,0,300,0.5,572,0.32,486,0.18,1
1,7,12549,2,10,5,0,666,0.42,420,0.58,1
1,8,12109,1,0,300,0.5,572,0.32,486,0.18,1
1,9,5839,0,0,300,0.5,572,0.32,486,0.18,1
1,10,11882,0,0,500,0.6,1000,0.2,1400,0.2,1
1,11,14856,1,0,500,0.6,1000,0.2,1400,0.2,1
2,0,5979,1,0,666,0.42,420,0.58,1
2,1,3897,0,0,666,0.42,420,0.58,1
2,2,6154,1,0,666,0.42,420,0.58,1
2,3,5035,1,0,666,0.42,420,0.58,1
2,4,11956,0,0,666,0.42,420,0.58,1
2,5,922,2,10,5,0,666,0.42,420,0.58,1
2,6,7623,1,0,500,0.6,1000,0.2,1400,0.2,1
2,7,1309,2,10,5,0,300,0.5,1700,0.5,1
2,8,4126,1,0,500,0.6,1000,0.2,1400,0.2,1
2,9,12759,1,0,300,0.5,572,0.32,486,0.18,1
2,10,5604,0,0,300,0.5,572,0.32,486,0.18,1
2,11,3326,2,10,5,0,666,0.42,420,0.58,1
3,0,9437,2,10,5,0,666,0.42,420,0.58,1
3,1,2295,0,0,300,0.5,1700,0.5,1
3,2,7133,0,0,300,0.5,1700,0.5,1
3,3,2704,1,0,500,0.6,1000,0.2,1400,0.2,1
3,4,10145,2,10,5,0,666,0.42,420,0.58,1
3,5,6090,1,0,500,0.6,1000,0.2,1400,0.2,1
3,6,11445,0,0,666,0.42,420,0.58,1
3,7,7774,1,0,300,0.5,1700,0.5,1
3,8,1521,2,10,5,0,666,0.42,420,0.58,1
3,9,8142,2,10,5,0,500,0.6,1000,0.2,1400,0.2,1
3,10,10577,2,10,5,0,300,0.5,572,0.32,486,0.18,1
3,11,5914,2,10,5,0,500,0.6,1000,0.2,1400,0.2,1
4,0,13808,0,0,300,0.5,1700,0.5,1
4,1,14436,2,10,5,0,300,0.5,1700,0.5,1
4,2,14892,1,0,300,0.5,572,0.32,486,0.18,1
4,3,7478,0,0,300,0.5,1700,0.5,1
4,4,14862,1,0,300,0.5,1700,0.5,1
4,5,10780,0,0,300,0.5,1700,0.5,1
4,6,1034,1,0,300,0.5,1700,0.5,1
4,7,1441,2,10,5,0,300,0.5,1700,0.5,1
4,8,4785,0,0,500,0.6,1000,0.2,1400,0.2,1
4,9,6960,1,0,500,0.6,1000,0.2,1400,0.2,1
4,10,12890,2,10,5,0,300,0.5,1700,0.5,1
4,11,7350,0,0,300,0.5,572,0.32,486,0.18,1
5,0,14765,1,0,300,0.5,1700,0.5,1
5,1,4075,2,10,5,0,300,0.5,572,0.32,486,0.18,1
5,2,8893,1,0,300,0.5,572,0.32,486,0.18,1
5,3,4562,2,10,5,0,500,0.6,1000,0.2,1400,0.2,1
5,4,5307,2,10,5,0,666,0.42,420,0.58,1
5,5,4672,0,0,300,0.5,572,0.32,486,0.18,1
5,6,10896,2,10,5,0,300,0.5,1700,0.5,1
5,7,11730,0,0,500,0.6,1000,0.2,1400,0.2,1
5,8,3193,2,10,5,0,300,0.5,572,0.32,486,0.18,1
5,9,9194,1,0,300,0.5,1700,0.5,1
5,10,6896,1,0,300,0.5,572,0.32,486,0.18,1
5,11,13554,0,0,500,0.6,1000,0.2,1400,0.2,1
6,0,9341,1,0,300,0.5,1700,0.5,1
6,1,9002,0,0,300,0.5,572,0.32,486,0.18,1
6,2,2608,1,0,500,0.6,1000,0.2,1400,0.2,1
6,3,11410,0,0,500,0.6,1000,0.2,1400,0.2,1
6,4,6958,2,10,5,0,300,0.5,572,0.32,486,0.18,1
6,5,2780,2,10,5,0,666,0.42,420,0.58,1
6,6,8957,2,10,5,0,300,0.5,1700,0.5,1
6,7,1534,1,0,300,0.5,1700,0.5,1
6,8,5358,2,10,5,0,300,0.5,572,0.32,486,0.18,1
6,9,10399,2,10,5,0,300,0.5,1700,0.5,1
6,10,6027,2,10,5,0,300,0.5,1700,0.5,1
6,11,9703,0,0,300,0.5,572,0.32,486,0.18,1
7,0,7838,2,10,5,0,300,0.5,572,0.32,486,0.18,1
7,1,1825,2,10,5,0,500,0.6,1000,0.2,1400,0.2,1
7,2,13079,1,0,666,0.42,420,0.58,1
7,3,3013,0,0,666,0.42,420,0.58,1
7,4,12957,0,0,300,0.5,572,0.32,486,0.18,1
7,5,2967,0,0,300,0.5,572,0.32,486,0.18,1
7,6,475,2,10,5,0,300,0.5,572,0.32,486,0.18,1
7,7,13555,0,0,300,0.5,1700,0.5,1
7,8,14356,2,10,5,0,300,0.5,1700,0.5,1
7,9,7631,2,10,5,0,666,0.42,420,0.58,1
7,10,4225,2,10,5,0,500,0.6,1000,0.2,1400,0.2,1
7,11,10021,0,0,300,0.5,572,0.32,486,0.18,1
8,0,13005,0,0,300,0.5,1700,0.5,1
8,1,14241,0,0,300,0.5,572,0.32,486,0.18,1
8,2,11929,0,0,500,0.6,1000,0.2,1400,0.2,1
8,3,1587,0,0,300,0.5,1700,0.5,1
8,4,9101,1,0,666,0.42,420,0.58,1
8,5,12518,1,0,300,0.5,572,0.32,486,0.18,1
8,6,1148,1,0,500,0.6,1000,0.2,1400,0.2,1
8,7,379,1,0,300,0.5,572,0.32,486,0.18,1
8,8,1033,0,0,300,0.5,572,0.32,486,0.18,1
8,9,13829,2,10,5,0,500,0.6,1000,0.2,1400,0.2,1
8,10,9472,0,0,666,0.42,420,0.58,1
8,11,1214,0,0,666,0.42,420,0.58,1
9,0,3950,2,10,5,0,300,0.5,1700,0.5,1
9,1,3292,1,0,300,0.5,572,0.32,486,0.18,1
9,2,8354,1,0,500,0.6,1000,0.2,1400,0.2,1
9,3,7555,0,0,666,0.42,420,0.58,1
9,4,9283,0,0,300,0.5,1700,0.5,1
9,5,12976,1,0,666,0.42,420,0.58,1
9,6,8476,2,10,5,0,300,0.5,572,0.32,486,0.18,1
9,7,6819,2,10,5,0,300,0.5,572,0.32,486,0.18,1
9,8,5139,1,0,500,0.6,1000,0.2,1400,0.2,1
9,9,12340,2,10,5,0,300,0.5,1700,0.5,1
9,10,4500,1,0,666,0.42,420,0.58,1
9,11,3405,0,0,500,0.6,1000,0.2,1400,0.2,1
10,0,8024,2,10,5,0,300,0.5,572,0.32,486,0.18,1
10,1,14269,2,10,5,0,300,0.5,1700,0.5,1
10,2,224,0,0,500,0.6,1000,0.2,1400,0.2,1
10,3,14619,0,0,300,0.5,1700,0.5,1
10,4,10849,2,10,5,0,666,0.42,420,0.58,1
10,5,14112,2,10,5,0,666,0.42,420,0.58,1
10,6,7558,1,0,500,0.6,1000,0.2,1400,0.2,1
10,7,8620,0,0,500,0.6,1000,0.2,1400,0.2,1
10,8,324,0,0,500,0.6,1000,0.2,1400,0.2,1
10,9,4178,1,0,300,0.5,1700,0.5,1
10,10,12294,2,10,5,0,500,0.6,1000,0.2,1400,0.2,1
10,11,11794,1,0,300,0.5,572,0.32,486,0.18,1
11,0,506,0,0,500,0.6,1000,0.2,1400,0.2,1
11,1,7985,0,0,666,0.42,420,0.58,1
11,2,1038,1,0,300,0.5,572,0.32,486,0.18,1
11,3,6995,1,0,666,0.42,420,0.58,1
11,4,2621,2,10,5,0,666,0.42,420,0.58,1
11,5,6025,0,0,666,0.42,420,0.58,1
11,6,9034,1,0,666,0.42,420,0.58,1
11,7,12068,0,0,500,0.6,1000,0.2,1400,0.2,1
11,8,10433,2,10,5,0,300,0.5,1700,0.5,1
11,9,9171,0,0,666,0.42,420,0.58,1
11,10,5232,1,0,666,0.42,420,0.58,1
11,11,12218,1,0,666,0.42,420,0.58,1
