0,0,4573,2,10,5,0,500,0.6,1000,0.2,1400,0.2,1
0,1,1040,0,0,666,0.42,420,0.58,1
0,2,4081,0,0,500,0.6,1000,0.2,1400,0.2,1
0,3,8899,1,0,300,0.5,1700,0.5,1
0,4,1486,1,0,500,0.6,1000,0.2,1400,0.2,1
0,5,997,1,0,300,0.5,572,0.32,486,0.18,1
0,6,14050,2,10,5,0,300,0.5,572,0.32,486,0.18,1
0,7,13533,2,10,5,0,666,0.42,420,0.58,1
0,8,6505,0,0,500,0.6,1000,0.2,1400,0.2,1
0,9,3664,2,10,5,0,666,0.42,420,0.58,1
0,10,8637,2,10,5,0,500,0.6,1000,0.2,1400,0.2,1
0,11,6465,1,0,666,0.42,420,0.58,1
1,0,5676,0,0,300,0.5,572,0.32,486,0.18,1
1,1,8376,0,0,300,0.5,572,0.32,486,0.18,1
1,2,3146,2,10,5,0,300,0.5,1700,0.5,0
1,3,12599,2,10,5,0,666,0.42,420,0.58,1
1,4,13933,0,0,666,0.42,420,0.58,1
1,5,181,1,0,666,0.42,420,0.58,1
1,6,8004,2,10,5,0,666,0.42,420,0.58,1
1,7,5483,2,10,5,0,500,0.6,1000,0.2,1400,0.2,1
1,8,9150,1,0,300,0.5,572,0.32,486,0.18,1
1,9,2227,2,10,5,0,300,0.5,1700,0.5,1
1,10,4472,1,0,300,0.5,1700,0.5,1
1,11,2946,2,10,5,0,300,0.5,572,0.32,486,0.18,1
2,0,2572,1,0,300,0.5,572,0.32,486,0.18,1
2,1,5195,2,10,5,0,666,0.42,420,0.58,1
2,2,1006,2,10,5,0,500,0.6,1000,0.2,1400,0.2,1
2,3,3013,2,10,5,0,666,0.42,420,0.58,1
2,4,5700,2,10,5,0,300,0.5,572,0.32,486,0.18,1
2,5,4930,2,10,5,0,300,0.5,1700,0.5,1
2,6,9373,2,10,5,0,666,0.42,420,0.58,1
2,7,5492,1,0,300,0.5,1700,0.5,1
2,8,14680,0,0,500,0.6,1000,0.2,1400,0.2,1
2,9,2930,1,0,500,0.6,1000,0.2,1400,0.2,1
2,10,9550,0,0,300,0.5,572,0.32,486,0.18,1
2,11,1047,1,0,300,0.5,1700,0.5,1
3,0,5827,1,0,666,0.42,420,0.58,1
3,1,1049,2,10,5,0,500,0.6,1000,0.2,1400,0.2,1
3,2,9216,2,10,5,0,300,0.5,1700,0.5,1
3,3,7658,2,10,5,0,666,0.42,420,0.58,1
3,4,13451,2,10,5,0,300,0.5,572,0.32,486,0.18,1
3,5,3450,1,0,666,0.42,420,0.58,1
3,6,4906,2,10,5,0,666,0.42,420,0.58,1
3,7,4937,0,0,500,0.6,1000,0.2,1400,0.2,1
3,8,12752,0,0,500,0.6,1000,0.2,1400,0.2,1
3,9,1649,2,10,5,0,666,0.42,420,0.58,1
3,10,7177,2,10,5,0,300,0.5,572,0.32,486,0.18,1
3,11,4545,2,10,5,0,300,0.5,1700,0.5,1
4,0,3494,2,10,5,0,300,0.5,572,0.32,486,0.18,1
4,1,553,0,0,666,0.42,420,0.58,1
4,2,1924,2,10,5,0,300,0.5,572,0.32,486,0.18,1
4,3,4129,2,10,5,0,300,0.5,572,0.32,486,0.18,1
4,4,4570,2,10,5,0,666,0.42,420,0.58,1
4,5,9463,1,0,300,0.5,572,0.32,486,0.18,1
4,6,8886,1,0,666,0.42,420,0.58,1
4,7,10267,0,0,300,0.5,1700,0.5,1
4,8,6718,1,0,500,0.6,1000,0.2,1400,0.2,1
4,9,2323,1,0,300,0.5,572,0.32,486,0.18,1
4,10,14119,1,0,666,0.42,420,0.58,1
4,11,14861,2,10,5,0,300,0.5,1700,0.5,1
5,0,10171,2,10,5,0,500,0.6,1000,0.2,1400,0.2,1
5,1,13327,0,0,500,0.6,1000,0.2,1400,0.2,1
5,2,3596,2,10,5,0,500,0.6,1000,0.2,1400,0.2,1
5,3,8657,0,0,500,0.6,1000,0.2,1400,0.2,1
5,4,1657,0,0,666,0.42,420,0.58,1
5,5,10407,0,0,666,0.42,420,0.58,1
5,6,5137,0,0,500,0.6,1000,0.2,1400,0.2,1
5,7,12393,2,10,5,0,300,0.5,1700,0.5,1
5,8,5752,1,0,666,0.42,420,0.58,1
5,9,297,1,0,300,0.5,1700,0.5,1
5,10,13456,1,0,666,0.42,420,0.58,1
5,11,13540,1,0,500,0.6,1000,0.2,1400,0.2,1
6,0,13104,0,0,300,0.5,572,0.32,486,0.18,1
6,1,11879,1,0,300,0.5,1700,0.5,1
6,2,2786,1,0,666,0.42,420,0.58,1
6,3,9150,0,0,666,0.42,420,0.58,1
6,4,3405,0,0,300,0.5,1700,0.5,1
6,5,787,0,0,300,0.5,1700,0.5,1
6,6,12414,1,0,666,0.42,420,0.58,1
6,7,5310,1,0,300,0.5,1700,0.5,1
6,8,5083,0,0,300,0.5,1700,0.5,1
6,9,1100,0,0,666,0.42,420,0.58,1
6,10,11317,1,0,500,0.6,1000,0.2,1400,0.2,1
6,11,6003,0,0,666,0.42,420,0.58,1
7,0,14053,1,0,300,0.5,1700,0.5,1
7,1,14468,0,0,300,0.5,1700,0.5,1
7,2,14798,1,0,500,0.6,1000,0.2,1400,0.2,1
7,3,3847,1,0,666,0.42,420,0.58,1
7,4,8074,0,0,500,0.6,1000,0.2,1400,0.2,1
7,5,10205,1,0,300,0.5,572,0.32,486,0.18,1
7,6,11832,2,10,5,0,500,0.6,1000,0.2,1400,0.2,1
7,7,10378,0,0,500,0.6,1000,0.2,1400,0.2,1
7,8,4527,1,0,300,0.5,572,0.32,486,0.18,1
7,9,7007,2,10,5,0,300,0.5,1700,0.5,1
7,10,14021,1,0,300,0.5,1700,0.5,1
7,11,8578,0,0,500,0.6,1000,0.2,1400,0.2,1
8,0,6434,1,0,500,0.6,1000,0.2,1400,0.2,1
8,1,3330,2,10,5,0,300,0.5,572,0.32,486,0.18,1
8,2,4800,1,0,300,0.5,1700,0.5,1
8,3,7939,1,0,500,0.6,1000,0.2,1400,0.2,1
8,4,3533,2,10,5,0,500,0.6,1000,0.2,1400,0.2,1
8,5,2067,2,10,5,0,666,0.42,420,0.58,1
8,6,7178,1,0,300,0.5,572,0.32,486,0.18,1
8,7,7497,2,10,5,0,300,0.5,572,0.32,486,0.18,1
8,8,14159,2,10,5,0,500,0.6,1000,0.2,1400,0.2,1
8,9,7750,2,10,5,0,666,0.42,420,0.58,1
8,10,3941,0,0,300,0.5,572,0.32,486,0.18,1
8,11,10212,0,0,300,0.5,572,0.32,486,0.18,1
9,0,3410,2,10,5,0,300,0.5,1700,0.5,1
9,1,7938,0,0,300,0.5,572,0.32,486,0.18,1
9,2,5149,0,0,300,0.5,572,0.32,486,0.18,1
9,3,10827,1,0,300,0.5,572,0.32,486,0.18,1
9,4,5423,2,10,5,0,300,0.5,1700,0.5,1
9,5,13408,0,0,300,0.5,572,0.32,486,0.18,1
9,6,165,0,0,500,0.6,1000,0.2,1400,0.2,1
9,7,9098,1,0,500,0.6,1000,0.2,1400,0.2,1
9,8,5022,2,10,5,0,666,0.42,420,0.58,1
9,9,4463,0,0,300,0.5,1700,0.5,1
9,10,6562,1,0,300,0.5,1700,0.5,1
9,11,4869,1,0,300,0.5,572,0.32,486,0.18,1
10,0,13611,1,0,300,0.5,572,0.32,486,0.18,1
10,1,4157,0,0,500,0.6,1000,0.2,1400,0.2,1
10,2,4697,1,0,300,0.5,1700,0.5,1
10,3,5994,0,0,666,0.42,420,0.58,1
10,4,8678,1,0,300,0.5,572,0.32,486,0.18,1
10,5,4820,2,10,5,0,300,0.5,572,0.32,486,0.18,1
10,6,13560,1,0,666,0.42,420,0.58,1
10,7,8236,1,0,666,0.42,420,0.58,1
10,8,13089,2,10,5,0,300,0.5,1700,0.5,1
10,9,9797,1,0,300,0.5,1700,0.5,1
10,10,11315,2,10,5,0,300,0.5,1700,0.5,1
10,11,5582,2,10,5,0,500,0.6,1000,0.2,1400,0.2,1
11,0,10825,0,0,500,0.6,1000,0.2,1400,0.2,1
11,1,5597,0,0,300,0.5,572,0.32,486,0.18,1
11,2,10747,0,0,300,0.5,572,0.32,486,0.18,1
11,3,8400,2,10,5,0,300,0.5,1700,0.5,1
11,4,3766,1,0,666,0.42,420,0.58,1
11,5,14070,2,10,5,0,666,0.42,420,0.58,1
11,6,10509,1,0,666,0.42,420,0.58,1
11,7,3466,2,10,5,0,500,0.6,1000,0.2,1400,0.2,1
11,8,1516,1,0,300,0.5,572,0.32,486,0.18,1
11,9,3539,1,0,666,0.42,420,0.58,1
11,10,3608,0,0,300,0.5,1700,0.5,1
11,11,13021,2,10,5,0,300,0.5,1700,0.5,1
