0,0,13843,1,0,300,0.5,572,0.32,486,0.18,1
0,1,5732,2,10,5,0,300,0.5,572,0.32,486,0.18,1
0,2,14044,0,0,300,0.5,1700,0.5,1
0,3,10138,2,10,5,0,666,0.42,420,0.58,1
0,4,8951,2,10,5,0,300,0.5,572,0.32,486,0.18,1
0,5,11536,1,0,300,0.5,1700,0.5,1
0,6,9488,1,0,500,0.6,1000,0.2,1400,0.2,1
0,7,13352,0,0,500,0.6,1000,0.2,1400,0.2,1
0,8,2081,1,0,300,0.5,1700,0.5,1
0,9,58,1,0,300,0.5,572,0.32,486,0.18,1
0,10,13755,2,10,5,0,500,0.6,1000,0.2,1400,0.2,1
0,11,10992,2,10,5,0,300,0.5,1700,0.5,1
1,0,4900,0,0,300,0.5,572,0.32,486,0.18,1
1,1,5342,2,10,5,0,500,0.6,1000,0.2,1400,0.2,1
1,2,12629,2,10,5,0,500,0.6,1000,0.2,1400,0.2,0
1,3,13806,1,0,300,0.5,1700,0.5,1
1,4,9079,1,0,300,0.5,1700,0.5,1
1,5,14191,2,10,5,0,666,0.42,420,0.58,1
1,6,14172,0,0,666,0.42,420,0.58,1
1,7,1086,2,10,5,0,300,0.5,1700,0.5,1
1,8,3663,2,10,5,0,300,0.5,572,0.32,486,0.18,1
1,9,7198,2,10,5,0,666,0.42,420,0.58,1
1,10,8296,2,10,5,0,666,0.42,420,0.58,1
1,11,11452,1,0,300,0.5,572,0.32,486,0.18,1
2,0,13163,2,10,5,0,500,0.6,1000,0.2,1400,0.2,1
2,1,454,0,0,500,0.6,1000,0.2,1400,0.2,1
2,2,5336,2,10,5,0,300,0.5,1700,0.5,1
2,3,9740,0,0,300,0.5,572,0.32,486,0.18,1
2,4,6028,2,10,5,0,300,0.5,1700,0.5,1
2,5,10165,0,0,500,0.6,1000,0.2,1400,0.2,1
2,6,803,1,0,300,0.5,1700,0.5,1
2,7,1332,2,10,5,0,300,0.5,572,0.32,486,0.18,1
2,8,12273,2,10,5,0,666,0.42,420,0.58,1
2,9,13545,0,0,300,0.5,1700,0.5,1
2,10,14445,0,0,500,0.6,1000,0.2,1400,0.2,1
2,11,13956,1,0,300,0.5,1700,0.5,1
3,0,6254,0,0,500,0.6,1000,0.2,1400,0.2,1
3,1,8748,0,0,666,0.42,420,0.58,1
3,2,6402,2,10,5,0,500,0.6,1000,0.2,1400,0.2,1
3,3,9440,0,0,500,0.6,1000,0.2,1400,0.2,1
3,4,13251,1,0,500,0.6,1000,0.2,1400,0.2,1
3,5,6377,0,0,300,0.5,1700,0.5,1
3,6,9785,1,0,300,0.5,1700,0.5,1
3,7,8645,1,0,666,0.42,420,0.58,1
3,8,14458,0,0,500,0.6,1000,0.2,1400,0.2,1
3,9,9729,0,0,300,0.5,572,0.32,486,0.18,1
3,10,9989,0,0,300,0.5,572,0.32,486,0.18,1
3,11,5793,1,0,300,0.5,572,0.32,486,0.18,1
4,0,2495,2,10,5,0,300,0.5,1700,0.5,1
4,1,11019,0,0,666,0.42,420,0.58,1
4,2,6765,2,10,5,0,300,0.5,572,0.32,486,0.18,1
4,3,330,0,0,300,0.5,1700,0.5,1
4,4,12433,0,0,666,0.42,420,0.58,1
4,5,9034,0,0,300,0.5,1700,0.5,1
4,6,4344,1,0,666,0.42,420,0.58,1
4,7,4710,0,0,300,0.5,1700,0.5,1
4,8,14802,2,10,5,0,300,0.5,572,0.32,486,0.18,1
4,9,9787,2,10,5,0,300,0.5,1700,0.5,1
4,10,7717,0,0,500,0.6,1000,0.2,1400,0.2,1
4,11,14603,1,0,300,0.5,572,0.32,486,0.18,1
5,0,4227,0,0,300,0.5,1700,0.5,1
5,1,1792,1,0,300,0.5,1700,0.5,1
5,2,14456,0,0,300,0.5,572,0.32,486,0.18,1
5,3,99,1,0,300,0.5,1700,0.5,1
5,4,86,2,10,5,0,666,0.42,420,0.58,1
5,5,537,0,0,300,0.5,1700,0.5,1
5,6,8035,2,10,5,0,300,0.5,572,0.32,486,0.18,1
5,7,4338,2,10,5,0,500,0.6,1000,0.2,1400,0.2,1
5,8,11931,2,10,5,0,500,0.6,1000,0.2,1400,0.2,1
5,9,8403,2,10,5,0,500,0.6,1000,0.2,1400,0.2,1
5,10,12207,0,0,300,0.5,1700,0.5,1
5,11,14128,1,0,300,0.5,1700,0.5,1
6,0,12459,1,0,500,0.6,1000,0.2,1400,0.2,1
6,1,7780,2,10,5,0,666,0.42,420,0.58,1
6,2,4663,0,0,300,0.5,572,0.32,486,0.18,1
6,3,13514,2,10,5,0,666,0.42,420,0.58,1
6,4,1540,2,10,5,0,500,0.6,1000,0.2,1400,0.2,1
6,5,3994,2,10,5,0,300,0.5,1700,0.5,1
6,6,3093,2,10,5,0,300,0.5,1700,0.5,1
6,7,6922,2,10,5,0,500,0.6,1000,0.2,1400,0.2,1
6,8,7012,2,10,5,0,300,0.5,572,0.32,486,0.18,1
6,9,4258,1,0,300,0.5,572,0.32,486,0.18,1
6,10,3137,0,0,500,0.6,1000,0.2,1400,0.2,1
6,11,7965,2,10,5,0,500,0.6,1000,0.2,1400,0.2,1
7,0,11668,2,10,5,0,500,0.6,1000,0.2,1400,0.2,1
7,1,5613,0,0,300,0.5,572,0.32,486,0.18,1
7,2,2362,1,0,300,0.5,1700,0.5,1
7,3,3308,0,0,300,0.5,572,0.32,486,0.18,1
7,4,6803,2,10,5,0,300,0.5,572,0.32,486,0.18,1
7,5,12173,0,0,500,0.6,1000,0.2,1400,0.2,1
7,6,1309,0,0,300,0.5,1700,0.5,1
7,7,2506,1,0,666,0.42,420,0.58,1
7,8,4806,1,0,300,0.5,572,0.32,486,0.18,1
7,9,1456,1,0,300,0.5,1700,0.5,1
7,10,3134,0,0,300,0.5,1700,0.5,1
7,11,7056,2,10,5,0,300,0.5,572,0.32,486,0.18,1
8,0,10649,1,0,300,0.5,572,0.32,486,0.18,1
8,1,8478,1,0,500,0.6,1000,0.2,1400,0.2,1
8,2,533,1,0,500,0.6,1000,0.2,1400,0.2,1
8,3,8023,2,10,5,0,666,0.42,420,0.58,1
8,4,12922,1,0,666,0.42,420,0.58,1
8,5,8941,0,0,300,0.5,1700,0.5,1
8,6,8894,2,10,5,0,300,0.5,572,0.32,486,0.18,1
8,7,2975,0,0,666,0.42,420,0.58,1
8,8,14366,2,10,5,0,300,0.5,572,0.32,486,0.18,1
8,9,4312,2,10,5,0,300,0.5,1700,0.5,1
8,10,7971,0,0,500,0.6,1000,0.2,1400,0.2,1
8,11,13040,1,0,666,0.42,420,0.58,1
9,0,9698,0,0,666,0.42,420,0.58,1
9,1,6376,2,10,5,0,300,0.5,572,0.32,486,0.18,1
9,2,2584,2,10,5,0,666,0.42,420,0.58,1
9,3,1524,0,0,300,0.5,572,0.32,486,0.18,1
9,4,828,1,0,300,0.5,572,0.32,486,0.18,1
9,5,9706,2,10,5,0,500,0.6,1000,0.2,1400,0.2,1
9,6,4884,2,10,5,0,300,0.5,1700,0.5,1
9,7,14300,1,0,500,0.6,1000,0.2,1400,0.2,1
9,8,10637,2,10,5,0,300,0.5,572,0.32,486,0.18,1
9,9,921,2,10,5,0,666,0.42,420,0.58,1
9,10,8198,2,10,5,0,666,0.42,420,0.58,1
9,11,372,2,10,5,0,666,0.42,420,0.58,1
10,0,13529,2,10,5,0,300,0.5,572,0.32,486,0.18,1
10,1,116,0,0,666,0.42,420,0.58,1
10,2,1821,1,0,300,0.5,572,0.32,486,0.18,1
10,3,9906,1,0,666,0.42,420,0.58,1
10,4,9015,1,0,666,0.42,420,0.58,1
10,5,7905,1,0,300,0.5,1700,0.5,1
10,6,1349,1,0,300,0.5,572,0.32,486,0.18,1
10,7,5413,0,0,300,0.5,1700,0.5,1
10,8,7633,0,0,666,0.42,420,0.58,1
10,9,12654,1,0,300,0.5,1700,0.5,1
10,10,14301,2,10,5,0,666,0.42,420,0.58,1
10,11,1521,2,10,5,0,300,0.5,572,0.32,486,0.18,1
11,0,7694,2,10,5,0,500,0.6,1000,0.2,1400,0.2,1
11,1,8857,1,0,500,0.6,1000,0.2,1400,0.2,1
11,2,3285,0,0,300,0.5,1700,0.5,1
11,3,690,1,0,500,0.6,1000,0.2,1400,0.2,1
11,4,29,2,10,5,0,500,0.6,1000,0.2,1400,0.2,1
11,5,4498,2,10,5,0,500,0.6,1000,0.2,1400,0.2,1
11,6,10472,2,10,5,0,300,0.5,1700,0.5,1
11,7,10479,2,10,5,0,500,0.6,1000,0.2,1400,0.2,1
11,8,10119,0,0,300,0.5,572,0.32,486,0.18,1
11,9,9098,2,10,5,0,666,0.42,420,0.58,1
11,10,1768,1,0,500,0.6,1000,0.2,1400,0.2,1
11,11,2784,0,0,300,0.5,572,0.32,486,0.18,1
