0,0,470,1,0,300,0.5,572,0.32,486,0.18,1
0,1,14612,0,0,300,0.5,1700,0.5,1
0,2,7673,1,0,300,0.5,1700,0.5,1
0,3,2388,2,10,5,0,666,0.42,420,0.58,1
0,4,2482,2,10,5,0,500,0.6,1000,0.2,1400,0.2,1
0,5,6969,0,0,300,0.5,572,0.32,486,0.18,1
0,6,4900,0,0,300,0.5,1700,0.5,1
0,7,2419,1,0,300,0.5,1700,0.5,1
0,8,500,0,0,300,0.5,1700,0.5,1
0,9,2338,2,10,5,0,300,0.5,572,0.32,486,0.18,1
0,10,10986,0,0,666,0.42,420,0.58,1
0,11,8223,2,10,5,0,300,0.5,1700,0.5,1
1,0,9973,2,10,5,0,300,0.5,572,0.32,486,0.18,1
1,1,1694,1,0,300,0.5,572,0.32,486,0.18,1
1,2,5086,0,0,300,0.5,572,0.32,486,0.18,0
1,3,6213,2,10,5,0,300,0.5,572,0.32,486,0.18,1
1,4,12989,2,10,5,0,500,0.6,1000,0.2,1400,0.2,1
1,5,9106,1,0,300,0.5,572,0.32,486,0.18,1
1,6,14497,2,10,5,0,500,0.6,1000,0.2,1400,0.2,1
1,7,12797,0,0,300,0.5,572,0.32,486,0.18,1
1,8,4117,0,0,300,0.5,572,0.32,486,0.18,1
1,9,8855,2,10,5,0,666,0.42,420,0.58,1
1,10,37,2,10,5,0,666,0.42,420,0.58,1
1,11,12877,2,10,5,0,500,0.6,1000,0.2,1400,0.2,1
2,0,10655,1,0,666,0.42,420,0.58,1
2,1,11243,2,10,5,0,500,0.6,1000,0.2,1400,0.2,1
2,2,4536,0,0,300,0.5,572,0.32,486,0.18,1
2,3,665,2,10,5,0,300,0.5,1700,0.5,1
2,4,2817,2,10,5,0,500,0.6,1000,0.2,1400,0.2,1
2,5,6453,2,10,5,0,666,0.42,420,0.58,1
2,6,4996,2,10,5,0,500,0.6,1000,0.2,1400,0.2,1
2,7,13489,2,10,5,0,300,0.5,572,0.32,486,0.18,1
2,8,1442,1,0,500,0.6,1000,0.2,1400,0.2,1
2,9,14178,0,0,666,0.42,420,0.58,1
2,10,12981,2,10,5,0,500,0.6,1000,0.2,1400,0.2,1
2,11,6333,2,10,5,0,666,0.42,420,0.58,1
3,0,668,2,10,5,0,500,0.6,1000,0.2,1400,0.2,1
3,1,4638,0,0,666,0.42,420,0.58,1
3,2,13161,1,0,300,0.5,572,0.32,486,0.18,1
3,3,10847,0,0,300,0.5,572,0.32,486,0.18,1
3,4,6529,1,0,666,0.42,420,0.58,1
3,5,12235,2,10,5,0,500,0.6,1000,0.2,1400,0.2,1
3,6,64,1,0,300,0.5,1700,0.5,1
3,7,8463,1,0,300,0.5,1700,0.5,1
3,8,10930,0,0,666,0.42,420,0.58,1
3,9,416,1,0,300,0.5,572,0.32,486,0.18,1
3,10,11867,0,0,666,0.42,420,0.58,1
3,11,8012,2,10,5,0,666,0.42,420,0.58,1
4,0,2012,0,0,666,0.42,420,0.58,1
4,1,6519,2,10,5,0,300,0.5,1700,0.5,1
4,2,9505,0,0,300,0.5,1700,0.5,1
4,3,7728,0,0,500,0.6,1000,0.2,1400,0.2,1
4,4,2747,1,0,300,0.5,1700,0.5,1
4,5,7370,0,0,300,0.5,572,0.32,486,0.18,1
4,6,11089,1,0,500,0.6,1000,0.2,1400,0.2,1
4,7,10809,2,10,5,0,300,0.5,1700,0.5,1
4,8,14336,1,0,666,0.42,420,0.58,1
4,9,13914,1,0,300,0.5,1700,0.5,1
4,10,6141,0,0,300,0.5,1700,0.5,1
4,11,3751,2,10,5,0,300,0.5,572,0.32,486,0.18,1
5,0,7301,1,0,666,0.42,420,0.58,1
5,1,7210,2,10,5,0,500,0.6,1000,0.2,1400,0.2,1
5,2,12456,0,0,300,0.5,572,0.32,486,0.18,1
5,3,10763,0,0,300,0.5,572,0.32,486,0.18,1
5,4,14728,1,0,300,0.5,572,0.32,486,0.18,1
5,5,7666,2,10,5,0,300,0.5,1700,0.5,1
5,6,1279,0,0,300,0.5,1700,0.5,1
5,7,6849,2,10,5,0,300,0.5,1700,0.5,1
5,8,11332,1,0,300,0.5,1700,0.5,1
5,9,5544,2,10,5,0,500,0.6,1000,0.2,1400,0.2,1
5,10,13588,1,0,300,0.5,572,0.32,486,0.18,1
5,11,9140,1,0,666,0.42,420,0.58,1
6,0,8863,0,0,666,0.42,420,0.58,1
6,1,12659,1,0,666,0.42,420,0.58,1
6,2,6833,2,10,5,0,300,0.5,1700,0.5,1
6,3,10916,0,0,666,0.42,420,0.58,1
6,4,7342,0,0,300,0.5,1700,0.5,1
6,5,6901,1,0,300,0.5,1700,0.5,1
6,6,4095,1,0,300,0.5,1700,0.5,1
6,7,6150,2,10,5,0,666,0.42,420,0.58,1
6,8,8586,1,0,300,0.5,1700,0.5,1
6,9,4142,0,0,300,0.5,572,0.32,486,0.18,1
6,10,7938,2,10,5,0,300,0.5,572,0.32,486,0.18,1
6,11,323,1,0,300,0.5,572,0.32,486,0.18,1
7,0,10764,2,10,5,0,666,0.42,420,0.58,1
7,1,7145,1,0,666,0.42,420,0.58,1
7,2,10262,2,10,5,0,666,0.42,420,0.58,1
7,3,13231,1,0,666,0.42,420,0.58,1
7,4,3805,2,10,5,0,300,0.5,1700,0.5,1
7,5,13876,2,10,5,0,300,0.5,572,0.32,486,0.18,1
7,6,10040,1,0,500,0.6,1000,0.2,1400,0.2,1
7,7,8082,2,10,5,0,300,0.5,572,0.32,486,0.18,1
7,8,9790,0,0,300,0.5,572,0.32,486,0.18,1
7,9,1982,0,0,300,0.5,572,0.32,486,0.18,1
7,10,5651,1,0,300,0.5,572,0.32,486,0.18,1
7,11,7550,2,10,5,0,666,0.42,420,0.58,1
8,0,3298,0,0,500,0.6,1000,0.2,1400,0.2,1
8,1,12583,1,0,300,0.5,1700,0.5,1
8,2,9168,2,10,5,0,300,0.5,572,0.32,486,0.18,1
8,3,5959,1,0,500,0.6,1000,0.2,1400,0.2,1
8,4,1449,1,0,300,0.5,572,0.32,486,0.18,1
8,5,8551,1,0,300,0.5,572,0.32,486,0.18,1
8,6,2858,0,0,500,0.6,1000,0.2,1400,0.2,1
8,7,6334,0,0,300,0.5,572,0.32,486,0.18,1
8,8,10202,2,10,5,0,300,0.5,1700,0.5,1
8,9,3779,2,10,5,0,300,0.5,572,0.32,486,0.18,1
8,10,7224,1,0,300,0.5,1700,0.5,1
8,11,3577,0,0,300,0.5,572,0.32,486,0.18,1
9,0,10400,0,0,300,0.5,572,0.32,486,0.18,1
9,1,3224,2,10,5,0,500,0.6,1000,0.2,1400,0.2,1
9,2,4291,1,0,300,0.5,572,0.32,486,0.18,1
9,3,8224,2,10,5,0,300,0.5,1700,0.5,1
9,4,4855,2,10,5,0,300,0.5,1700,0.5,1
9,5,94,0,0,500,0.6,1000,0.2,1400,0.2,1
9,6,9228,0,0,666,0.42,420,0.58,1
9,7,1736,0,0,300,0.5,1700,0.5,1
9,8,1739,1,0,300,0.5,572,0.32,486,0.18,1
9,9,11728,1,0,500,0.6,1000,0.2,1400,0.2,1
9,10,8134,2,10,5,0,666,0.42,420,0.58,1
9,11,13137,2,10,5,0,666,0.42,420,0.58,1
10,0,9789,0,0,300,0.5,572,0.32,486,0.18,1
10,1,13765,0,0,500,0.6,1000,0.2,1400,0.2,1
10,2,12450,2,10,5,0,666,0.42,420,0.58,1
10,3,11968,0,0,666,0.42,420,0.58,1
10,4,11703,2,10,5,0,500,0.6,1000,0.2,1400,0.2,1
10,5,10411,0,0,300,0.5,572,0.32,486,0.18,1
10,6,11306,0,0,300,0.5,572,0.32,486,0.18,1
10,7,619,2,10,5,0,666,0.42,420,0.58,1
10,8,10743,0,0,300,0.5,1700,0.5,1
10,9,7421,1,0,666,0.42,420,0.58,1
10,10,12633,2,10,5,0,500,0.6,1000,0.2,1400,0.2,1
10,11,11233,2,10,5,0,500,0.6,1000,0.2,1400,0.2,1
11,0,976,2,10,5,0,500,0.6,1000,0.2,1400,0.2,1
11,1,9947,2,10,5,0,666,0.42,420,0.58,1
11,2,5204,0,0,500,0.6,1000,0.2,1400,0.2,1
11,3,13989,2,10,5,0,300,0.5,572,0.32,486,0.18,1
11,4,3816,1,0,300,0.5,572,0.32,486,0.18,1
11,5,1578,0,0,666,0.42,420,0.58,1
11,6,6407,2,10,5,0,500,0.6,1000,0.2,1400,0.2,1
11,7,5725,2,10,5,0,666,0.42,420,0.58,1
11,8,5783,1,0,500,0.6,1000,0.2,1400,0.2,1
11,9,5567,1,0,300,0.5,572,0.32,486,0.18,1
11,10,14524,2,10,5,0,300,0.5,1700,0.5,1
11,11,12215,1,0,300,0.5,1700,0.5,1
