0,0,1096,0,0,300,0.5,1700,0.5,1
0,1,792,1,0,666,0.42,420,0.58,1
0,2,10887,0,0,300,0.5,572,0.32,486,0.18,1
0,3,12463,1,0,500,0.6,1000,0.2,1400,0.2,1
0,4,14068,1,0,300,0.5,1700,0.5,1
0,5,5382,2,10,5,0,666,0.42,420,0.58,1
0,6,12474,2,10,5,0,500,0.6,1000,0.2,1400,0.2,1
0,7,5271,1,0,500,0.6,1000,0.2,1400,0.2,1
0,8,14787,1,0,666,0.42,420,0.58,1
0,9,11713,1,0,300,0.5,572,0.32,486,0.18,1
0,10,6005,2,10,5,0,666,0.42,420,0.58,1
0,11,4514,1,0,666,0.42,420,0.58,1
1,0,1288,0,0,300,0.5,1700,0.5,1
1,1,275,0,0,300,0.5,1700,0.5,1
1,2,13516,0,0,300,0.5,572,0.32,486,0.18,0
1,3,8659,2,10,5,0,300,0.5,572,0.32,486,0.18,1
1,4,41,1,0,300,0.5,1700,0.5,1
1,5,10662,1,0,666,0.42,420,0.58,1
1,6,14270,1,0,500,0.6,1000,0.2,1400,0.2,1
1,7,6061,1,0,300,0.5,572,0.32,486,0.18,1
1,8,3455,2,10,5,0,500,0.6,1000,0.2,1400,0.2,1
1,9,7307,2,10,5,0,300,0.5,1700,0.5,1
1,10,6045,2,10,5,0,500,0.6,1000,0.2,1400,0.2,1
1,11,11261,2,10,5,0,300,0.5,1700,0.5,1
2,0,1103,1,0,666,0.42,420,0.58,1
2,1,5965,0,0,500,0.6,1000,0.2,1400,0.2,1
2,2,3086,0,0,300,0.5,1700,0.5,1
2,3,8243,0,0,300,0.5,1700,0.5,1
2,4,1884,1,0,500,0.6,1000,0.2,1400,0.2,1
2,5,5286,0,0,300,0.5,572,0.32,486,0.18,1
2,6,1298,0,0,500,0.6,1000,0.2,1400,0.2,1
2,7,10245,1,0,300,0.5,1700,0.5,1
2,8,14875,1,0,500,0.6,1000,0.2,1400,0.2,1
2,9,1578,2,10,5,0,300,0.5,572,0.32,486,0.18,1
2,10,8888,0,0,300,0.5,1700,0.5,1
2,11,544,1,0,300,0.5,572,0.32,486,0.18,1
3,0,4208,1,0,500,0.6,1000,0.2,1400,0.2,1
3,1,3922,1,0,500,0.6,1000,0.2,1400,0.2,1
3,2,3490,0,0,666,0.42,420,0.58,1
3,3,12195,2,10,5,0,666,0.42,420,0.58,1
3,4,462,2,10,5,0,666,0.42,420,0.58,1
3,5,8367,0,0,666,0.42,420,0.58,1
3,6,7481,0,0,500,0.6,1000,0.2,1400,0.2,1
3,7,14892,1,0,666,0.42,420,0.58,1
3,8,14551,1,0,666,0.42,420,0.58,1
3,9,9061,1,0,666,0.42,420,0.58,1
3,10,6410,2,10,5,0,666,0.42,420,0.58,1
3,11,9107,1,0,300,0.5,1700,0.5,1
4,0,4037,1,0,666,0.42,420,0.58,1
4,1,14929,2,10,5,0,300,0.5,572,0.32,486,0.18,1
4,2,13883,2,10,5,0,666,0.42,420,0.58,1
4,3,11421,1,0,500,0.6,1000,0.2,1400,0.2,1
4,4,5892,0,0,300,0.5,572,0.32,486,0.18,1
4,5,12076,0,0,300,0.5,572,0.32,486,0.18,1
4,6,4014,2,10,5,0,300,0.5,572,0.32,486,0.18,1
4,7,8155,0,0,666,0.42,420,0.58,1
4,8,13459,0,0,300,0.5,572,0.32,486,0.18,1
4,9,14661,1,0,300,0.5,572,0.32,486,0.18,1
4,10,10681,2,10,5,0,300,0.5,1700,0.5,1
4,11,8448,1,0,500,0.6,1000,0.2,1400,0.2,1
5,0,12802,2,10,5,0,666,0.42,420,0.58,1
5,1,3804,1,0,300,0.5,1700,0.5,1
5,2,13175,2,10,5,0,500,0.6,1000,0.2,1400,0.2,1
5,3,902,0,0,666,0.42,420,0.58,1
5,4,7603,1,0,666,0.42,420,0.58,1
5,5,8539,1,0,666,0.42,420,0.58,1
5,6,7333,2,10,5,0,500,0.6,1000,0.2,1400,0.2,1
5,7,704,2,10,5,0,300,0.5,572,0.32,486,0.18,1
5,8,14873,1,0,500,0.6,1000,0.2,1400,0.2,1
5,9,4679,1,0,666,0.42,420,0.58,1
5,10,7939,2,10,5,0,500,0.6,1000,0.2,1400,0.2,1
5,11,10297,0,0,300,0.5,1700,0.5,1
6,0,1234,2,10,5,0,666,0.42,420,0.58,1
6,1,8918,1,0,500,0.6,1000,0.2,1400,0.2,1
6,2,9199,2,10,5,0,300,0.5,572,0.32,486,0.18,1
6,3,14271,2,10,5,0,300,0.5,1700,0.5,1
6,4,5243,0,0,666,0.42,420,0.58,1
6,5,8474,1,0,300,0.5,1700,0.5,1
6,6,1726,0,0,666,0.42,420,0.58,1
6,7,1825,1,0,300,0.5,572,0.32,486,0.18,1
6,8,2642,0,0,500,0.6,1000,0.2,1400,0.2,1
6,9,663,2,10,5,0,300,0.5,572,0.32,486,0.18,1
6,10,5342,0,0,500,0.6,1000,0.2,1400,0.2,1
6,11,4309,1,0,300,0.5,1700,0.5,1
7,0,10282,1,0,666,0.42,420,0.58,1
7,1,2283,2,10,5,0,300,0.5,572,0.32,486,0.18,1
7,2,8447,0,0,300,0.5,572,0.32,486,0.18,1
7,3,9220,0,0,300,0.5,572,0.32,486,0.18,1
7,4,11437,1,0,500,0.6,1000,0.2,1400,0.2,1
7,5,14561,1,0,666,0.42,420,0.58,1
7,6,2422,2,10,5,0,500,0.6,1000,0.2,1400,0.2,1
7,7,12614,1,0,666,0.42,420,0.58,1
7,8,3750,1,0,300,0.5,572,0.32,486,0.18,1
7,9,3428,1,0,300,0.5,1700,0.5,1
7,10,14025,1,0,300,0.5,1700,0.5,1
7,11,2670,0,0,500,0.6,1000,0.2,1400,0.2,1
8,0,5341,2,10,5,0,500,0.6,1000,0.2,1400,0.2,1
8,1,10798,0,0,300,0.5,1700,0.5,1
8,2,10032,1,0,300,0.5,1700,0.5,1
8,3,750,1,0,500,0.6,1000,0.2,1400,0.2,1
8,4,9089,2,10,5,0,500,0.6,1000,0.2,1400,0.2,1
8,5,11510,0,0,300,0.5,572,0.32,486,0.18,1
8,6,4152,1,0,500,0.6,1000,0.2,1400,0.2,1
8,7,9798,2,10,5,0,300,0.5,572,0.32,486,0.18,1
8,8,12007,1,0,500,0.6,1000,0.2,1400,0.2,1
8,9,8943,1,0,300,0.5,1700,0.5,1
8,10,8934,0,0,300,0.5,1700,0.5,1
8,11,1823,1,0,300,0.5,1700,0.5,1
9,0,5536,1,0,300,0.5,1700,0.5,1
9,1,12675,1,0,300,0.5,572,0.32,486,0.18,1
9,2,4140,2,10,5,0,300,0.5,572,0.32,486,0.18,1
9,3,10102,2,10,5,0,500,0.6,1000,0.2,1400,0.2,1
9,4,6864,1,0,500,0.6,1000,0.2,1400,0.2,1
9,5,12,2,10,5,0,666,0.42,420,0.58,1
9,6,5673,1,0,666,0.42,420,0.58,1
9,7,10129,0,0,300,0.5,1700,0.5,1
9,8,3237,0,0,666,0.42,420,0.58,1
9,9,10252,1,0,300,0.5,1700,0.5,1
9,10,11977,0,0,666,0.42,420,0.58,1
9,11,2309,2,10,5,0,300,0.5,572,0.32,486,0.18,1
10,0,3760,1,0,300,0.5,572,0.32,486,0.18,1
10,1,12469,2,10,5,0,666,0.42,420,0.58,1
10,2,1571,2,10,5,0,300,0.5,572,0.32,486,0.18,1
10,3,13333,1,0,300,0.5,1700,0.5,1
10,4,4280,2,10,5,0,300,0.5,572,0.32,486,0.18,1
10,5,6633,2,10,5,0,300,0.5,1700,0.5,1
10,6,4821,1,0,666,0.42,420,0.58,1
10,7,14978,1,0,300,0.5,572,0.32,486,0.18,1
10,8,4041,0,0,300,0.5,1700,0.5,1
10,9,4613,0,0,300,0.5,572,0.32,486,0.18,1
10,10,12095,1,0,300,0.5,1700,0.5,1
10,11,10365,2,10,5,0,300,0.5,572,0.32,486,0.18,1
11,0,1991,2,10,5,0,500,0.6,1000,0.2,1400,0.2,1
11,1,433,0,0,300,0.5,1700,0.5,1
11,2,7672,0,0,300,0.5,572,0.32,486,0.18,1
11,3,13822,0,0,300,0.5,1700,0.5,1
11,4,1530,0,0,666,0.42,420,0.58,1
11,5,8859,0,0,300,0.5,1700,0.5,1
11,6,5501,0,0,300,0.5,1700,0.5,1
11,7,11152,2,10,5,0,666,0.42,420,0.58,1
11,8,6732,1,0,666,0.42,420,0.58,1
11,9,10763,2,10,5,0,300,0.5,572,0.32,486,0.18,1
11,10,11066,1,0,666,0.42,420,0.58,1
11,11,3671,1,0,666,0.42,420,0.58,1
