0,0,13586,2,10,5,0,666,0.42,420,0.58,1
0,1,4551,1,0,500,0.6,1000,0.2,1400,0.2,1
0,2,1147,0,0,300,0.5,1700,0.5,1
0,3,1076,1,0,300,0.5,572,0.32,486,0.18,1
0,4,8418,2,10,5,0,300,0.5,1700,0.5,1
0,5,4121,2,10,5,0,300,0.5,1700,0.5,1
0,6,11762,0,0,300,0.5,572,0.32,486,0.18,1
0,7,14703,1,0,300,0.5,1700,0.5,1
0,8,9327,2,10,5,0,300,0.5,572,0.32,486,0.18,1
0,9,561,1,0,300,0.5,1700,0.5,1
0,10,2892,2,10,5,0,500,0.6,1000,0.2,1400,0.2,1
0,11,5799,2,10,5,0,300,0.5,572,0.32,486,0.18,1
1,0,11488,1,0,666,0.42,420,0.58,1
1,1,10726,0,0,300,0.5,572,0.32,486,0.18,1
1,2,250,1,0,666,0.42,420,0.58,0
1,3,1392,1,0,500,0.6,1000,0.2,1400,0.2,1
1,4,3393,1,0,300,0.5,1700,0.5,1
1,5,5081,1,0,500,0.6,1000,0.2,1400,0.2,1
1,6,4865,0,0,300,0.5,1700,0.5,1
1,7,10333,1,0,300,0.5,1700,0.5,1
1,8,14857,0,0,500,0.6,1000,0.2,1400,0.2,1
1,9,8963,0,0,300,0.5,1700,0.5,1
1,10,8483,0,0,666,0.42,420,0.58,1
1,11,7532,1,0,666,0.42,420,0.58,1
2,0,11777,0,0,300,0.5,572,0.32,486,0.18,1
2,1,719,0,0,666,0.42,420,0.58,1
2,2,6467,0,0,500,0.6,1000,0.2,1400,0.2,1
2,3,472,0,0,500,0.6,1000,0.2,1400,0.2,1
2,4,12146,0,0,300,0.5,1700,0.5,1
2,5,11836,0,0,666,0.42,420,0.58,1
2,6,5768,2,10,5,0,666,0.42,420,0.58,1
2,7,6887,1,0,666,0.42,420,0.58,1
2,8,3446,2,10,5,0,300,0.5,572,0.32,486,0.18,1
2,9,14970,0,0,300,0.5,1700,0.5,1
2,10,11406,2,10,5,0,500,0.6,1000,0.2,1400,0.2,1
2,11,4334,0,0,500,0.6,1000,0.2,1400,0.2,1
3,0,3313,2,10,5,0,500,0.6,1000,0.2,1400,0.2,1
3,1,14433,2,10,5,0,300,0.5,572,0.32,486,0.18,1
3,2,7272,1,0,300,0.5,572,0.32,486,0.18,1
3,3,816,0,0,300,0.5,1700,0.5,1
3,4,14209,1,0,300,0.5,1700,0.5,1
3,5,12691,1,0,500,0.6,1000,0.2,1400,0.2,1
3,6,5783,2,10,5,0,666,0.42,420,0.58,1
3,7,10088,2,10,5,0,500,0.6,1000,0.2,1400,0.2,1
3,8,10082,2,10,5,0,300,0.5,1700,0.5,1
3,9,780,1,0,300,0.5,1700,0.5,1
3,10,272,0,0,500,0.6,1000,0.2,1400,0.2,1
3,11,6132,2,10,5,0,666,0.42,420,0.58,1
4,0,4612,1,0,500,0.6,1000,0.2,1400,0.2,1
4,1,8572,0,0,300,0.5,572,0.32,486,0.18,1
4,2,11873,0,0,500,0.6,1000,0.2,1400,0.2,1
4,3,4994,0,0,666,0.42,420,0.58,1
4,4,4220,0,0,500,0.6,1000,0.2,1400,0.2,1
4,5,2800,0,0,300,0.5,1700,0.5,1
4,6,10449,0,0,666,0.42,420,0.58,1
4,7,5815,0,0,300,0.5,1700,0.5,1
4,8,1547,1,0,500,0.6,1000,0.2,1400,0.2,1
4,9,4871,2,10,5,0,666,0.42,420,0.58,1
4,10,13945,2,10,5,0,300,0.5,1700,0.5,1
4,11,3077,2,10,5,0,300,0.5,572,0.32,486,0.18,1
5,0,13531,0,0,300,0.5,1700,0.5,1
5,1,10945,1,0,300,0.5,572,0.32,486,0.18,1
5,2,7147,2,10,5,0,300,0.5,572,0.32,486,0.18,1
5,3,7064,1,0,666,0.42,420,0.58,1
5,4,12398,1,0,666,0.42,420,0.58,1
5,5,7273,2,10,5,0,300,0.5,572,0.32,486,0.18,1
5,6,9484,1,0,666,0.42,420,0.58,1
5,7,1771,0,0,300,0.5,1700,0.5,1
5,8,10122,0,0,666,0.42,420,0.58,1
5,9,12947,0,0,300,0.5,1700,0.5,1
5,10,2813,2,10,5,0,500,0.6,1000,0.2,1400,0.2,1
5,11,5861,2,10,5,0,500,0.6,1000,0.2,1400,0.2,1
6,0,1374,1,0,666,0.42,420,0.58,1
6,1,4315,0,0,666,0.42,420,0.58,1
6,2,5198,2,10,5,0,300,0.5,1700,0.5,1
6,3,10429,1,0,300,0.5,572,0.32,486,0.18,1
6,4,12890,0,0,666,0.42,420,0.58,1
6,5,7515,2,10,5,0,300,0.5,1700,0.5,1
6,6,5347,2,10,5,0,666,0.42,420,0.58,1
6,7,3721,2,10,5,0,666,0.42,420,0.58,1
6,8,5823,0,0,300,0.5,1700,0.5,1
6,9,1010,1,0,666,0.42,420,0.58,1
6,10,5899,2,10,5,0,300,0.5,572,0.32,486,0.18,1
6,11,5857,0,0,300,0.5,572,0.32,486,0.18,1
7,0,4688,1,0,300,0.5,1700,0.5,1
7,1,7850,1,0,500,0.6,1000,0.2,1400,0.2,1
7,2,2714,0,0,500,0.6,1000,0.2,1400,0.2,1
7,3,1665,0,0,500,0.6,1000,0.2,1400,0.2,1
7,4,1034,1,0,500,0.6,1000,0.2,1400,0.2,1
7,5,6006,1,0,666,0.42,420,0.58,1
7,6,10894,0,0,666,0.42,420,0.58,1
7,7,11870,0,0,300,0.5,572,0.32,486,0.18,1
7,8,11849,2,10,5,0,666,0.42,420,0.58,1
7,9,11929,2,10,5,0,666,0.42,420,0.58,1
7,10,3032,1,0,300,0.5,572,0.32,486,0.18,1
7,11,12130,1,0,500,0.6,1000,0.2,1400,0.2,1
8,0,3974,1,0,300,0.5,572,0.32,486,0.18,1
8,1,7670,2,10,5,0,300,0.5,572,0.32,486,0.18,1
8,2,8512,0,0,666,0.42,420,0.58,1
8,3,8215,2,10,5,0,300,0.5,1700,0.5,1
8,4,9408,0,0,300,0.5,1700,0.5,1
8,5,2413,0,0,300,0.5,1700,0.5,1
8,6,14160,2,10,5,0,300,0.5,1700,0.5,1
8,7,13573,0,0,300,0.5,572,0.32,486,0.18,1
8,8,11259,1,0,666,0.42,420,0.58,1
8,9,10132,1,0,300,0.5,1700,0.5,1
8,10,9042,2,10,5,0,666,0.42,420,0.58,1
8,11,3898,1,0,300,0.5,1700,0.5,1
9,0,9876,0,0,500,0.6,1000,0.2,1400,0.2,1
9,1,7337,1,0,300,0.5,1700,0.5,1
9,2,8973,2,10,5,0,500,0.6,1000,0.2,1400,0.2,1
9,3,6864,0,0,500,0.6,1000,0.2,1400,0.2,1
9,4,13754,2,10,5,0,300,0.5,1700,0.5,1
9,5,5906,1,0,666,0.42,420,0.58,1
9,6,222,0,0,300,0.5,1700,0.5,1
9,7,5429,0,0,300,0.5,572,0.32,486,0.18,1
9,8,1029,1,0,666,0.42,420,0.58,1
9,9,14147,2,10,5,0,666,0.42,420,0.58,1
9,10,3585,2,10,5,0,300,0.5,572,0.32,486,0.18,1
9,11,346,1,0,300,0.5,572,0.32,486,0.18,1
10,0,683,1,0,500,0.6,1000,0.2,1400,0.2,1
10,1,4009,1,0,300,0.5,1700,0.5,1
10,2,658,0,0,666,0.42,420,0.58,1
10,3,11725,2,10,5,0,500,0.6,1000,0.2,1400,0.2,1
10,4,3869,0,0,300,0.5,572,0.32,486,0.18,1
10,5,843,1,0,666,0.42,420,0.58,1
10,6,6698,2,10,5,0,300,0.5,1700,0.5,1
10,7,8971,2,10,5,0,300,0.5,572,0.32,486,0.18,1
10,8,8693,2,10,5,0,666,0.42,420,0.58,1
10,9,5256,0,0,666,0.42,420,0.58,1
10,10,3554,1,0,666,0.42,420,0.58,1
10,11,9327,2,10,5,0,300,0.5,1700,0.5,1
11,0,12686,0,0,500,0.6,1000,0.2,1400,0.2,1
11,1,13792,1,0,500,0.6,1000,0.2,1400,0.2,1
11,2,11097,0,0,500,0.6,1000,0.2,1400,0.2,1
11,3,2750,1,0,500,0.6,1000,0.2,1400,0.2,1
11,4,4439,1,0,500,0.6,1000,0.2,1400,0.2,1
11,5,10560,0,0,300,0.5,1700,0.5,1
11,6,5685,0,0,500,0.6,1000,0.2,1400,0.2,1
11,7,13480,0,0,500,0.6,1000,0.2,1400,0.2,1
11,8,5665,0,0,300,0.5,1700,0.5,1
11,9,9090,1,0,300,0.5,572,0.32,486,0.18,1
11,10,13989,2,10,5,0,300,0.5,572,0.32,486,0.18,1
11,11,3137,0,0,500,0.6,1000,0.2,1400,0.2,1
