0,0,4539,0,0,500,0.6,1000,0.2,1400,0.2,1
0,1,14285,0,0,500,0.6,1000,0.2,1400,0.2,1
0,2,4119,2,10,5,0,666,0.42,420,0.58,1
0,3,11526,0,0,666,0.42,420,0.58,1
0,4,8969,0,0,500,0.6,1000,0.2,1400,0.2,1
0,5,4626,2,10,5,0,300,0.5,1700,0.5,1
0,6,6584,0,0,666,0.42,420,0.58,1
0,7,2358,0,0,500,0.6,1000,0.2,1400,0.2,1
0,8,7473,0,0,500,0.6,1000,0.2,1400,0.2,1
0,9,6348,2,10,5,0,666,0.42,420,0.58,1
0,10,11309,2,10,5,0,500,0.6,1000,0.2,1400,0.2,1
0,11,9201,2,10,5,0,300,0.5,572,0.32,486,0.18,1
1,0,8575,2,10,5,0,300,0.5,1700,0.5,1
1,1,10653,2,10,5,0,300,0.5,1700,0.5,1
1,2,3526,2,10,5,0,300,0.5,572,0.32,486,0.18,0
1,3,14371,2,10,5,0,300,0.5,572,0.32,486,0.18,1
1,4,8166,0,0,300,0.5,1700,0.5,1
1,5,13234,1,0,300,0.5,1700,0.5,1
1,6,1731,0,0,300,0.5,1700,0.5,1
1,7,4222,1,0,300,0.5,1700,0.5,1
1,8,5879,2,10,5,0,500,0.6,1000,0.2,1400,0.2,1
1,9,9274,0,0,300,0.5,572,0.32,486,0.18,1
1,10,14196,2,10,5,0,666,0.42,420,0.58,1
1,11,759,2,10,5,0,500,0.6,1000,0.2,1400,0.2,1
2,0,3643,0,0,300,0.5,1700,0.5,1
2,1,14837,0,0,500,0.6,1000,0.2,1400,0.2,1
2,2,10196,1,0,300,0.5,572,0.32,486,0.18,1
2,3,8109,0,0,300,0.5,1700,0.5,1
2,4,4964,2,10,5,0,666,0.42,420,0.58,1
2,5,13221,0,0,666,0.42,420,0.58,1
2,6,3462,2,10,5,0,500,0.6,1000,0.2,1400,0.2,1
2,7,2613,2,10,5,0,666,0.42,420,0.58,1
2,8,4535,0,0,300,0.5,572,0.32,486,0.18,1
2,9,1759,2,10,5,0,300,0.5,1700,0.5,1
2,10,9701,1,0,300,0.5,572,0.32,486,0.18,1
2,11,7418,0,0,300,0.5,572,0.32,486,0.18,1
3,0,11455,0,0,300,0.5,1700,0.5,1
3,1,11603,0,0,500,0.6,1000,0.2,1400,0.2,1
3,2,4393,1,0,300,0.5,572,0.32,486,0.18,1
3,3,11754,0,0,666,0.42,420,0.58,1
3,4,6413,1,0,500,0.6,1000,0.2,1400,0.2,1
3,5,9810,2,10,5,0,500,0.6,1000,0.2,1400,0.2,1
3,6,3371,2,10,5,0,300,0.5,1700,0.5,1
3,7,8378,1,0,500,0.6,1000,0.2,1400,0.2,1
3,8,409,0,0,300,0.5,1700,0.5,1
3,9,13599,0,0,666,0.42,420,0.58,1
3,10,2796,1,0,300,0.5,1700,0.5,1
3,11,8576,0,0,300,0.5,1700,0.5,1
4,0,12583,2,10,5,0,300,0.5,572,0.32,486,0.18,1
4,1,10473,0,0,300,0.5,572,0.32,486,0.18,1
4,2,11289,1,0,300,0.5,1700,0.5,1
4,3,11011,0,0,300,0.5,572,0.32,486,0.18,1
4,4,2430,0,0,666,0.42,420,0.58,1
4,5,6684,0,0,666,0.42,420,0.58,1
4,6,7363,0,0,500,0.6,1000,0.2,1400,0.2,1
4,7,14140,0,0,300,0.5,1700,0.5,1
4,8,6526,1,0,300,0.5,572,0.32,486,0.18,1
4,9,3770,2,10,5,0,500,0.6,1000,0.2,1400,0.2,1
4,10,8765,1,0,300,0.5,1700,0.5,1
4,11,5909,0,0,300,0.5,1700,0.5,1
5,0,10549,2,10,5,0,500,0.6,1000,0.2,1400,0.2,1
5,1,5707,2,10,5,0,300,0.5,1700,0.5,1
5,2,12063,0,0,300,0.5,1700,0.5,1
5,3,6196,2,10,5,0,300,0.5,1700,0.5,1
5,4,14388,0,0,666,0.42,420,0.58,1
5,5,4485,1,0,300,0.5,572,0.32,486,0.18,1
5,6,7850,1,0,500,0.6,1000,0.2,1400,0.2,1
5,7,14283,2,10,5,0,300,0.5,572,0.32,486,0.18,1
5,8,12058,0,0,300,0.5,572,0.32,486,0.18,1
5,9,5087,0,0,500,0.6,1000,0.2,1400,0.2,1
5,10,13734,2,10,5,0,300,0.5,572,0.32,486,0.18,1
5,11,3373,0,0,500,0.6,1000,0.2,1400,0.2,1
6,0,13078,0,0,300,0.5,572,0.32,486,0.18,1
6,1,8200,1,0,300,0.5,572,0.32,486,0.18,1
6,2,10118,2,10,5,0,300,0.5,572,0.32,486,0.18,1
6,3,2895,2,10,5,0,300,0.5,572,0.32,486,0.18,1
6,4,4964,2,10,5,0,666,0.42,420,0.58,1
6,5,1660,2,10,5,0,300,0.5,1700,0.5,1
6,6,6487,1,0,500,0.6,1000,0.2,1400,0.2,1
6,7,7760,0,0,300,0.5,572,0.32,486,0.18,1
6,8,12772,0,0,500,0.6,1000,0.2,1400,0.2,1
6,9,2662,0,0,300,0.5,1700,0.5,1
6,10,9669,0,0,500,0.6,1000,0.2,1400,0.2,1
6,11,14437,0,0,300,0.5,1700,0.5,1
7,0,6500,0,0,500,0.6,1000,0.2,1400,0.2,1
7,1,303,2,10,5,0,300,0.5,1700,0.5,1
7,2,7804,2,10,5,0,300,0.5,572,0.32,486,0.18,1
7,3,3434,2,10,5,0,666,0.42,420,0.58,1
7,4,1404,0,0,666,0.42,420,0.58,1
7,5,5389,0,0,500,0.6,1000,0.2,1400,0.2,1
7,6,2154,1,0,300,0.5,1700,0.5,1
7,7,4512,0,0,666,0.42,420,0.58,1
7,8,4547,2,10,5,0,300,0.5,572,0.32,486,0.18,1
7,9,5883,1,0,300,0.5,572,0.32,486,0.18,1
7,10,6980,1,0,500,0.6,1000,0.2,1400,0.2,1
7,11,5846,1,0,300,0.5,1700,0.5,1
8,0,7434,0,0,300,0.5,1700,0.5,1
8,1,12386,2,10,5,0,500,0.6,1000,0.2,1400,0.2,1
8,2,14345,1,0,300,0.5,1700,0.5,1
8,3,5957,2,10,5,0,300,0.5,1700,0.5,1
8,4,2332,2,10,5,0,500,0.6,1000,0.2,1400,0.2,1
8,5,2622,1,0,300,0.5,572,0.32,486,0.18,1
8,6,9131,0,0,300,0.5,1700,0.5,1
8,7,11903,2,10,5,0,300,0.5,1700,0.5,1
8,8,8974,0,0,500,0.6,1000,0.2,1400,0.2,1
8,9,13652,2,10,5,0,666,0.42,420,0.58,1
8,10,3937,2,10,5,0,666,0.42,420,0.58,1
8,11,3083,1,0,300,0.5,572,0.32,486,0.18,1
9,0,3344,0,0,500,0.6,1000,0.2,1400,0.2,1
9,1,5700,2,10,5,0,666,0.42,420,0.58,1
9,2,13830,0,0,300,0.5,1700,0.5,1
9,3,8289,1,0,500,0.6,1000,0.2,1400,0.2,1
9,4,7453,0,0,666,0.42,420,0.58,1
9,5,7255,1,0,300,0.5,1700,0.5,1
9,6,13970,1,0,500,0.6,1000,0.2,1400,0.2,1
9,7,13080,0,0,666,0.42,420,0.58,1
9,8,1539,0,0,500,0.6,1000,0.2,1400,0.2,1
9,9,3713,2,10,5,0,300,0.5,572,0.32,486,0.18,1
9,10,14606,2,10,5,0,300,0.5,1700,0.5,1
9,11,7664,2,10,5,0,300,0.5,1700,0.5,1
10,0,1421,1,0,500,0.6,1000,0.2,1400,0.2,1
10,1,13165,0,0,666,0.42,420,0.58,1
10,2,7357,0,0,300,0.5,1700,0.5,1
10,3,8907,0,0,300,0.5,1700,0.5,1
10,4,1813,2,10,5,0,500,0.6,1000,0.2,1400,0.2,1
10,5,9927,2,10,5,0,500,0.6,1000,0.2,1400,0.2,1
10,6,3037,0,0,500,0.6,1000,0.2,1400,0.2,1
10,7,3139,1,0,300,0.5,1700,0.5,1
10,8,13430,1,0,500,0.6,1000,0.2,1400,0.2,1
10,9,9272,1,0,500,0.6,1000,0.2,1400,0.2,1
10,10,6382,0,0,300,0.5,572,0.32,486,0.18,1
10,11,8940,1,0,666,0.42,420,0.58,1
11,0,4509,1,0,500,0.6,1000,0.2,1400,0.2,1
11,1,3971,2,10,5,0,300,0.5,1700,0.5,1
11,2,8998,1,0,300,0.5,572,0.32,486,0.18,1
11,3,1266,1,0,300,0.5,1700,0.5,1
11,4,13092,1,0,300,0.5,572,0.32,486,0.18,1
11,5,4301,2,10,5,0,500,0.6,1000,0.2,1400,0.2,1
11,6,11993,2,10,5,0,666,0.42,420,0.58,1
11,7,3031,2,10,5,0,666,0.42,420,0.58,1
11,8,3593,0,0,300,0.5,1700,0.5,1
11,9,1997,0,0,300,0.5,572,0.32,486,0.18,1
11,10,5633,1,0,666,0.42,420,0.58,1
11,11,3449,2,10,5,0,666,0.42,420,0.58,1
