0,0,630,0,0,300,0.5,1700,0.5,1
0,1,11654,1,0,666,0.42,420,0.58,1
0,2,11280,2,10,5,0,300,0.5,572,0.32,486,0.18,1
0,3,5428,1,0,666,0.42,420,0.58,1
0,4,13355,1,0,300,0.5,572,0.32,486,0.18,1
0,5,6336,2,10,5,0,300,0.5,572,0.32,486,0.18,1
0,6,9828,2,10,5,0,500,0.6,1000,0.2,1400,0.2,1
0,7,3932,0,0,500,0.6,1000,0.2,1400,0.2,1
0,8,7145,0,0,300,0.5,1700,0.5,1
0,9,7618,0,0,666,0.42,420,0.58,1
0,10,7592,2,10,5,0,666,0.42,420,0.58,1
0,11,13982,2,10,5,0,300,0.5,1700,0.5,1
1,0,3065,2,10,5,0,500,0.6,1000,0.2,1400,0.2,1
1,1,14610,0,0,666,0.42,420,0.58,1
1,2,9450,0,0,300,0.5,572,0.32,486,0.18,0
1,3,11335,1,0,500,0.6,1000,0.2,1400,0.2,1
1,4,9374,1,0,300,0.5,572,0.32,486,0.18,1
1,5,8072,1,0,666,0.42,420,0.58,1
1,6,11536,1,0,300,0.5,1700,0.5,1
1,7,583,2,10,5,0,666,0.42,420,0.58,1
1,8,14896,0,0,300,0.5,1700,0.5,1
1,9,2228,0,0,500,0.6,1000,0.2,1400,0.2,1
1,10,14044,1,0,500,0.6,1000,0.2,1400,0.2,1
1,11,9924,0,0,300,0.5,572,0.32,486,0.18,1
2,0,10252,2,10,5,0,300,0.5,572,0.32,486,0.18,1
2,1,7512,0,0,500,0.6,1000,0.2,1400,0.2,1
2,2,6426,1,0,500,0.6,1000,0.2,1400,0.2,1
2,3,6747,2,10,5,0,300,0.5,1700,0.5,1
2,4,12704,2,10,5,0,300,0.5,1700,0.5,1
2,5,3968,1,0,300,0.5,572,0.32,486,0.18,1
2,6,572,2,10,5,0,500,0.6,1000,0.2,1400,0.2,1
2,7,12668,0,0,666,0.42,420,0.58,1
2,8,14654,1,0,666,0.42,420,0.58,1
2,9,13751,1,0,666,0.42,420,0.58,1
2,10,1170,2,10,5,0,500,0.6,1000,0.2,1400,0.2,1
2,11,9234,0,0,500,0.6,1000,0.2,1400,0.2,1
3,0,7681,0,0,300,0.5,572,0.32,486,0.18,1
3,1,4984,2,10,5,0,300,0.5,572,0.32,486,0.18,1
3,2,9278,0,0,500,0.6,1000,0.2,1400,0.2,1
3,3,9391,2,10,5,0,666,0.42,420,0.58,1
3,4,6730,1,0,300,0.5,1700,0.5,1
3,5,287,2,10,5,0,300,0.5,572,0.32,486,0.18,1
3,6,8316,1,0,500,0.6,1000,0.2,1400,0.2,1
3,7,8621,1,0,300,0.5,572,0.32,486,0.18,1
3,8,11179,0,0,500,0.6,1000,0.2,1400,0.2,1
3,9,173,0,0,300,0.5,572,0.32,486,0.18,1
3,10,8227,1,0,300,0.5,572,0.32,486,0.18,1
3,11,10127,0,0,500,0.6,1000,0.2,1400,0.2,1
4,0,13373,0,0,300,0.5,1700,0.5,1
4,1,13837,1,0,300,0.5,572,0.32,486,0.18,1
4,2,398,2,10,5,0,666,0.42,420,0.58,1
4,3,13756,2,10,5,0,666,0.42,420,0.58,1
4,4,3111,0,0,666,0.42,420,0.58,1
4,5,14176,2,10,5,0,500,0.6,1000,0.2,1400,0.2,1
4,6,3872,2,10,5,0,300,0.5,572,0.32,486,0.18,1
4,7,8700,1,0,500,0.6,1000,0.2,1400,0.2,1
4,8,2209,0,0,666,0.42,420,0.58,1
4,9,11093,0,0,300,0.5,572,0.32,486,0.18,1
4,10,7203,1,0,300,0.5,572,0.32,486,0.18,1
4,11,8473,2,10,5,0,666,0.42,420,0.58,1
5,0,6875,2,10,5,0,300,0.5,572,0.32,486,0.18,1
5,1,1070,1,0,500,0.6,1000,0.2,1400,0.2,1
5,2,10050,2,10,5,0,300,0.5,572,0.32,486,0.18,1
5,3,10594,2,10,5,0,300,0.5,572,0.32,486,0.18,1
5,4,2413,2,10,5,0,666,0.42,420,0.58,1
5,5,9674,1,0,300,0.5,572,0.32,486,0.18,1
5,6,11481,2,10,5,0,300,0.5,1700,0.5,1
5,7,5025,1,0,500,0.6,1000,0.2,1400,0.2,1
5,8,148,0,0,300,0.5,572,0.32,486,0.18,1
5,9,14074,2,10,5,0,666,0.42,420,0.58,1
5,10,3991,2,10,5,0,300,0.5,1700,0.5,1
5,11,6845,1,0,300,0.5,572,0.32,486,0.18,1
6,0,4888,0,0,300,0.5,572,0.32,486,0.18,1
6,1,14602,0,0,666,0.42,420,0.58,1
6,2,14007,1,0,500,0.6,1000,0.2,1400,0.2,1
6,3,12454,0,0,300,0.5,572,0.32,486,0.18,1
6,4,4345,1,0,300,0.5,572,0.32,486,0.18,1
6,5,13193,1,0,500,0.6,1000,0.2,1400,0.2,1
6,6,9120,1,0,300,0.5,572,0.32,486,0.18,1
6,7,7979,0,0,666,0.42,420,0.58,1
6,8,8685,0,0,300,0.5,1700,0.5,1
6,9,5520,2,10,5,0,300,0.5,1700,0.5,1
6,10,11519,2,10,5,0,300,0.5,1700,0.5,1
6,11,8896,1,0,666,0.42,420,0.58,1
7,0,3327,1,0,300,0.5,572,0.32,486,0.18,1
7,1,4128,1,0,300,0.5,572,0.32,486,0.18,1
7,2,4786,0,0,300,0.5,1700,0.5,1
7,3,1000,2,10,5,0,666,0.42,420,0.58,1
7,4,14434,1,0,300,0.5,572,0.32,486,0.18,1
7,5,14176,0,0,666,0.42,420,0.58,1
7,6,5316,1,0,666,0.42,420,0.58,1
7,7,1976,0,0,300,0.5,572,0.32,486,0.18,1
7,8,13931,0,0,300,0.5,572,0.32,486,0.18,1
7,9,8850,2,10,5,0,500,0.6,1000,0.2,1400,0.2,1
7,10,3009,2,10,5,0,500,0.6,1000,0.2,1400,0.2,1
7,11,4994,0,0,500,0.6,1000,0.2,1400,0.2,1
8,0,13060,0,0,300,0.5,572,0.32,486,0.18,1
8,1,9119,1,0,500,0.6,1000,0.2,1400,0.2,1
8,2,2916,0,0,500,0.6,1000,0.2,1400,0.2,1
8,3,12892,2,10,5,0,500,0.6,1000,0.2,1400,0.2,1
8,4,12722,2,10,5,0,666,0.42,420,0.58,1
8,5,13191,2,10,5,0,300,0.5,572,0.32,486,0.18,1
8,6,1100,0,0,666,0.42,420,0.58,1
8,7,7729,1,0,666,0.42,420,0.58,1
8,8,508,0,0,300,0.5,572,0.32,486,0.18,1
8,9,5107,0,0,300,0.5,1700,0.5,1
8,10,5464,1,0,500,0.6,1000,0.2,1400,0.2,1
8,11,14981,2,10,5,0,300,0.5,1700,0.5,1
9,0,5578,1,0,300,0.5,572,0.32,486,0.18,1
9,1,3958,0,0,500,0.6,1000,0.2,1400,0.2,1
9,2,6222,1,0,666,0.42,420,0.58,1
9,3,11694,2,10,5,0,300,0.5,572,0.32,486,0.18,1
9,4,9275,1,0,300,0.5,572,0.32,486,0.18,1
9,5,3795,1,0,666,0.42,420,0.58,1
9,6,3032,0,0,500,0.6,1000,0.2,1400,0.2,1
9,7,3661,0,0,300,0.5,1700,0.5,1
9,8,8660,2,10,5,0,666,0.42,420,0.58,1
9,9,1202,1,0,500,0.6,1000,0.2,1400,0.2,1
9,10,3086,0,0,300,0.5,572,0.32,486,0.18,1
9,11,4883,1,0,300,0.5,572,0.32,486,0.18,1
10,0,7289,1,0,300,0.5,572,0.32,486,0.18,1
10,1,10980,1,0,300,0.5,572,0.32,486,0.18,1
10,2,14170,1,0,300,0.5,1700,0.5,1
10,3,11699,1,0,500,0.6,1000,0.2,1400,0.2,1
10,4,14317,1,0,300,0.5,572,0.32,486,0.18,1
10,5,848,0,0,300,0.5,1700,0.5,1
10,6,677,2,10,5,0,500,0.6,1000,0.2,1400,0.2,1
10,7,14128,2,10,5,0,500,0.6,1000,0.2,1400,0.2,1
10,8,1987,0,0,500,0.6,1000,0.2,1400,0.2,1
10,9,13522,0,0,300,0.5,572,0.32,486,0.18,1
10,10,13579,1,0,300,0.5,572,0.32,486,0.18,1
10,11,10729,2,10,5,0,300,0.5,1700,0.5,1
11,0,8550,1,0,500,0.6,1000,0.2,1400,0.2,1
11,1,492,2,10,5,0,300,0.5,572,0.32,486,0.18,1
11,2,14751,2,10,5,0,300,0.5,1700,0.5,1
11,3,6438,1,0,500,0.6,1000,0.2,1400,0.2,1
11,4,2613,1,0,500,0.6,1000,0.2,1400,0.2,1
11,5,3448,0,0,300,0.5,1700,0.5,1
11,6,8133,1,0,666,0.42,420,0.58,1
11,7,7538,1,0,500,0.6,1000,0.2,1400,0.2,1
11,8,13969,1,0,666,0.42,420,0.58,1
11,9,8072,1,0,666,0.42,420,0.58,1
11,10,11792,1,0,666,0.42,420,0.58,1
11,11,10755,1,0,300,0.5,572,0.32,486,0.18,1
