0,0,6272,2,10,5,0,300,0.5,572,0.32,486,0.18,1
0,1,4286,2,10,5,0,300,0.5,572,0.32,486,0.18,1
0,2,5206,2,10,5,0,500,0.6,1000,0.2,1400,0.2,1
0,3,12971,2,10,5,0,300,0.5,1700,0.5,1
0,4,1161,1,0,300,0.5,572,0.32,486,0.18,1
0,5,2283,2,10,5,0,500,0.6,1000,0.2,1400,0.2,1
0,6,2188,2,10,5,0,300,0.5,1700,0.5,1
0,7,3607,1,0,300,0.5,572,0.32,486,0.18,1
0,8,4949,1,0,300,0.5,572,0.32,486,0.18,1
0,9,8891,0,0,666,0.42,420,0.58,1
0,10,14884,1,0,300,0.5,572,0.32,486,0.18,1
0,11,7239,0,0,666,0.42,420,0.58,1
1,0,14700,1,0,300,0.5,572,0.32,486,0.18,1
1,1,6316,0,0,666,0.42,420,0.58,1
1,2,1704,0,0,300,0.5,1700,0.5,0
1,3,10823,0,0,300,0.5,572,0.32,486,0.18,1
1,4,3711,1,0,666,0.42,420,0.58,1
1,5,6746,1,0,300,0.5,1700,0.5,1
1,6,12227,1,0,666,0.42,420,0.58,1
1,7,5681,0,0,666,0.42,420,0.58,1
1,8,7749,2,10,5,0,300,0.5,1700,0.5,1
1,9,8904,0,0,500,0.6,1000,0.2,1400,0.2,1
1,10,1996,1,0,500,0.6,1000,0.2,1400,0.2,1
1,11,4537,1,0,300,0.5,1700,0.5,1
2,0,14135,2,10,5,0,300,0.5,1700,0.5,1
2,1,11666,1,0,300,0.5,572,0.32,486,0.18,1
2,2,6376,0,0,300,0.5,572,0.32,486,0.18,1
2,3,12067,1,0,300,0.5,572,0.32,486,0.18,1
2,4,4735,2,10,5,0,300,0.5,1700,0.5,1
2,5,14698,0,0,300,0.5,572,0.32,486,0.18,1
2,6,2897,2,10,5,0,300,0.5,1700,0.5,1
2,7,6593,0,0,500,0.6,1000,0.2,1400,0.2,1
2,8,13456,1,0,500,0.6,1000,0.2,1400,0.2,1
2,9,3822,0,0,300,0.5,1700,0.5,1
2,10,11631,0,0,500,0.6,1000,0.2,1400,0.2,1
2,11,3681,2,10,5,0,300,0.5,1700,0.5,1
3,0,4256,2,10,5,0,500,0.6,1000,0.2,1400,0.2,1
3,1,2406,2,10,5,0,500,0.6,1000,0.2,1400,0.2,1
3,2,2008,0,0,300,0.5,1700,0.5,1
3,3,10259,1,0,500,0.6,1000,0.2,1400,0.2,1
3,4,13575,0,0,500,0.6,1000,0.2,1400,0.2,1
3,5,4375,2,10,5,0,500,0.6,1000,0.2,1400,0.2,1
3,6,4767,1,0,500,0.6,1000,0.2,1400,0.2,1
3,7,628,0,0,300,0.5,572,0.32,486,0.18,1
3,8,4530,1,0,300,0.5,1700,0.5,1
3,9,7798,0,0,300,0.5,1700,0.5,1
3,10,667,2,10,5,0,300,0.5,1700,0.5,1
3,11,1316,0,0,500,0.6,1000,0.2,1400,0.2,1
4,0,1394,1,0,500,0.6,1000,0.2,1400,0.2,1
4,1,1232,2,10,5,0,666,0.42,420,0.58,1
4,2,10997,1,0,300,0.5,572,0.32,486,0.18,1
4,3,11407,0,0,300,0.5,1700,0.5,1
4,4,5083,2,10,5,0,666,0.42,420,0.58,1
4,5,13338,1,0,666,0.42,420,0.58,1
4,6,14962,1,0,666,0.42,420,0.58,1
4,7,11232,0,0,300,0.5,1700,0.5,1
4,8,8612,1,0,666,0.42,420,0.58,1
4,9,9928,2,10,5,0,300,0.5,572,0.32,486,0.18,1
4,10,397,2,10,5,0,500,0.6,1000,0.2,1400,0.2,1
4,11,9119,2,10,5,0,500,0.6,1000,0.2,1400,0.2,1
5,0,13201,2,10,5,0,300,0.5,572,0.32,486,0.18,1
5,1,13329,0,0,666,0.42,420,0.58,1
5,2,10453,2,10,5,0,666,0.42,420,0.58,1
5,3,3429,2,10,5,0,300,0.5,572,0.32,486,0.18,1
5,4,7130,2,10,5,0,300,0.5,1700,0.5,1
5,5,10569,1,0,666,0.42,420,0.58,1
5,6,10301,0,0,300,0.5,1700,0.5,1
5,7,9915,1,0,500,0.6,1000,0.2,1400,0.2,1
5,8,14502,0,0,300,0.5,572,0.32,486,0.18,1
5,9,3241,0,0,300,0.5,1700,0.5,1
5,10,10931,0,0,500,0.6,1000,0.2,1400,0.2,1
5,11,12314,1,0,666,0.42,420,0.58,1
6,0,8089,2,10,5,0,300,0.5,572,0.32,486,0.18,1
6,1,12819,1,0,500,0.6,1000,0.2,1400,0.2,1
6,2,7308,1,0,300,0.5,1700,0.5,1
6,3,704,0,0,300,0.5,572,0.32,486,0.18,1
6,4,1794,0,0,300,0.5,1700,0.5,1
6,5,6426,1,0,500,0.6,1000,0.2,1400,0.2,1
6,6,6390,0,0,300,0.5,572,0.32,486,0.18,1
6,7,9125,2,10,5,0,666,0.42,420,0.58,1
6,8,10383,1,0,300,0.5,1700,0.5,1
6,9,14502,2,10,5,0,666,0.42,420,0.58,1
6,10,6582,2,10,5,0,300,0.5,1700,0.5,1
6,11,133,2,10,5,0,300,0.5,1700,0.5,1
7,0,3452,2,10,5,0,300,0.5,572,0.32,486,0.18,1
7,1,7472,1,0,300,0.5,572,0.32,486,0.18,1
7,2,8556,2,10,5,0,500,0.6,1000,0.2,1400,0.2,1
7,3,9314,0,0,666,0.42,420,0.58,1
7,4,1912,0,0,666,0.42,420,0.58,1
7,5,8425,0,0,300,0.5,572,0.32,486,0.18,1
7,6,8162,2,10,5,0,666,0.42,420,0.58,1
7,7,8377,2,10,5,0,300,0.5,1700,0.5,1
7,8,3913,0,0,666,0.42,420,0.58,1
7,9,11147,1,0,300,0.5,1700,0.5,1
7,10,6305,0,0,500,0.6,1000,0.2,1400,0.2,1
7,11,12489,2,10,5,0,300,0.5,1700,0.5,1
8,0,3362,0,0,300,0.5,1700,0.5,1
8,1,1239,2,10,5,0,500,0.6,1000,0.2,1400,0.2,1
8,2,5566,2,10,5,0,300,0.5,1700,0.5,1
8,3,6345,0,0,300,0.5,1700,0.5,1
8,4,13788,0,0,300,0.5,1700,0.5,1
8,5,7054,2,10,5,0,300,0.5,572,0.32,486,0.18,1
8,6,9379,1,0,500,0.6,1000,0.2,1400,0.2,1
8,7,781,2,10,5,0,300,0.5,572,0.32,486,0.18,1
8,8,10658,2,10,5,0,300,0.5,1700,0.5,1
8,9,4668,0,0,666,0.42,420,0.58,1
8,10,1712,1,0,300,0.5,1700,0.5,1
8,11,7300,1,0,500,0.6,1000,0.2,1400,0.2,1
9,0,4800,1,0,300,0.5,572,0.32,486,0.18,1
9,1,11724,2,10,5,0,300,0.5,1700,0.5,1
9,2,2612,2,10,5,0,300,0.5,1700,0.5,1
9,3,7106,0,0,666,0.42,420,0.58,1
9,4,1561,1,0,500,0.6,1000,0.2,1400,0.2,1
9,5,6740,0,0,666,0.42,420,0.58,1
9,6,3512,0,0,666,0.42,420,0.58,1
9,7,4801,2,10,5,0,300,0.5,572,0.32,486,0.18,1
9,8,2656,1,0,666,0.42,420,0.58,1
9,9,13714,1,0,666,0.42,420,0.58,1
9,10,14286,2,10,5,0,300,0.5,572,0.32,486,0.18,1
9,11,11567,1,0,300,0.5,1700,0.5,1
10,0,3968,0,0,500,0.6,1000,0.2,1400,0.2,1
10,1,9304,2,10,5,0,300,0.5,1700,0.5,1
10,2,11012,0,0,300,0.5,1700,0.5,1
10,3,13995,2,10,5,0,500,0.6,1000,0.2,1400,0.2,1
10,4,5790,1,0,500,0.6,1000,0.2,1400,0.2,1
10,5,2344,0,0,666,0.42,420,0.58,1
10,6,3114,0,0,666,0.42,420,0.58,1
10,7,12526,0,0,666,0.42,420,0.58,1
10,8,14794,2,10,5,0,500,0.6,1000,0.2,1400,0.2,1
10,9,5450,0,0,300,0.5,1700,0.5,1
10,10,9859,2,10,5,0,300,0.5,1700,0.5,1
10,11,5424,0,0,500,0.6,1000,0.2,1400,0.2,1
11,0,14210,1,0,300,0.5,572,0.32,486,0.18,1
11,1,10353,1,0,300,0.5,1700,0.5,1
11,2,3094,1,0,300,0.5,572,0.32,486,0.18,1
11,3,3857,1,0,300,0.5,1700,0.5,1
11,4,9280,2,10,5,0,300,0.5,1700,0.5,1
11,5,8394,1,0,300,0.5,1700,0.5,1
11,6,329,2,10,5,0,300,0.5,572,0.32,486,0.18,1
11,7,7511,0,0,500,0.6,1000,0.2,1400,0.2,1
11,8,14110,2,10,5,0,300,0.5,572,0.32,486,0.18,1
11,9,7524,1,0,300,0.5,1700,0.5,1
11,10,12885,0,0,300,0.5,1700,0.5,1
11,11,3727,0,0,666,0.42,420,0.58,1
