0,0,4525,2,10,5,0,300,0.5,1700,0.5,1
0,1,9723,1,0,500,0.6,1000,0.2,1400,0.2,1
0,2,13572,1,0,300,0.5,1700,0.5,1
0,3,7228,0,0,666,0.42,420,0.58,1
0,4,8230,0,0,666,0.42,420,0.58,1
0,5,2300,0,0,300,0.5,572,0.32,486,0.18,1
0,6,3881,0,0,300,0.5,1700,0.5,1
0,7,8772,1,0,500,0.6,1000,0.2,1400,0.2,1
0,8,10649,2,10,5,0,300,0.5,572,0.32,486,0.18,1
0,9,14286,2,10,5,0,500,0.6,1000,0.2,1400,0.2,1
0,10,10994,0,0,500,0.6,1000,0.2,1400,0.2,1
0,11,11101,1,0,666,0.42,420,0.58,1
1,0,7671,2,10,5,0,500,0.6,1000,0.2,1400,0.2,1
1,1,10384,0,0,300,0.5,572,0.32,486,0.18,1
1,2,1865,1,0,666,0.42,420,0.58,0
1,3,12730,0,0,500,0.6,1000,0.2,1400,0.2,1
1,4,4019,0,0,300,0.5,572,0.32,486,0.18,1
1,5,12453,0,0,500,0.6,1000,0.2,1400,0.2,1
1,6,9900,1,0,666,0.42,420,0.58,1
1,7,8564,2,10,5,0,300,0.5,1700,0.5,1
1,8,5794,0,0,666,0.42,420,0.58,1
1,9,13207,1,0,300,0.5,572,0.32,486,0.18,1
1,10,7206,2,10,5,0,666,0.42,420,0.58,1
1,11,14478,1,0,500,0.6,1000,0.2,1400,0.2,1
2,0,14952,2,10,5,0,300,0.5,572,0.32,486,0.18,1
2,1,11779,0,0,666,0.42,420,0.58,1
2,2,4663,0,0,300,0.5,1700,0.5,1
2,3,7932,0,0,300,0.5,1700,0.5,1
2,4,3628,1,0,300,0.5,572,0.32,486,0.18,1
2,5,8219,2,10,5,0,300,0.5,572,0.32,486,0.18,1
2,6,12105,0,0,500,0.6,1000,0.2,1400,0.2,1
2,7,13611,2,10,5,0,300,0.5,572,0.32,486,0.18,1
2,8,12061,0,0,300,0.5,572,0.32,486,0.18,1
2,9,139,1,0,300,0.5,1700,0.5,1
2,10,3252,0,0,500,0.6,1000,0.2,1400,0.2,1
2,11,14560,1,0,300,0.5,1700,0.5,1
3,0,13528,0,0,300,0.5,572,0.32,486,0.18,1
3,1,9597,0,0,666,0.42,420,0.58,1
3,2,3009,0,0,500,0.6,1000,0.2,1400,0.2,1
3,3,11852,2,10,5,0,500,0.6,1000,0.2,1400,0.2,1
3,4,13134,2,10,5,0,666,0.42,420,0.58,1
3,5,2310,1,0,300,0.5,572,0.32,486,0.18,1
3,6,7416,2,10,5,0,300,0.5,572,0.32,486,0.18,1
3,7,8032,2,10,5,0,666,0.42,420,0.58,1
3,8,13175,1,0,666,0.42,420,0.58,1
3,9,11856,1,0,300,0.5,1700,0.5,1
3,10,4353,1,0,500,0.6,1000,0.2,1400,0.2,1
3,11,4437,1,0,300,0.5,572,0.32,486,0.18,1
4,0,9498,0,0,666,0.42,420,0.58,1
4,1,255,1,0,300,0.5,1700,0.5,1
4,2,8413,0,0,666,0.42,420,0.58,1
4,3,548,2,10,5,0,300,0.5,572,0.32,486,0.18,1
4,4,1620,2,10,5,0,500,0.6,1000,0.2,1400,0.2,1
4,5,7131,2,10,5,0,300,0.5,1700,0.5,1
4,6,8983,1,0,666,0.42,420,0.58,1
4,7,3136,0,0,300,0.5,1700,0.5,1
4,8,10273,2,10,5,0,500,0.6,1000,0.2,1400,0.2,1
4,9,2961,1,0,300,0.5,1700,0.5,1
4,10,11442,2,10,5,0,500,0.6,1000,0.2,1400,0.2,1
4,11,8281,2,10,5,0,500,0.6,1000,0.2,1400,0.2,1
5,0,4591,1,0,300,0.5,1700,0.5,1
5,1,4595,1,0,666,0.42,420,0.58,1
5,2,10830,2,10,5,0,300,0.5,1700,0.5,1
5,3,5864,1,0,666,0.42,420,0.58,1
5,4,3561,0,0,500,0.6,1000,0.2,1400,0.2,1
5,5,5996,0,0,300,0.5,572,0.32,486,0.18,1
5,6,10292,2,10,5,0,300,0.5,1700,0.5,1
5,7,11452,0,0,300,0.5,1700,0.5,1
5,8,14529,1,0,666,0.42,420,0.58,1
5,9,1982,2,10,5,0,666,0.42,420,0.58,1
5,10,10754,1,0,500,0.6,1000,0.2,1400,0.2,1
5,11,8384,0,0,300,0.5,1700,0.5,1
6,0,8976,1,0,666,0.42,420,0.58,1
6,1,4555,2,10,5,0,666,0.42,420,0.58,1
6,2,8826,1,0,500,0.6,1000,0.2,1400,0.2,1
6,3,9841,1,0,300,0.5,1700,0.5,1
6,4,7289,1,0,500,0.6,1000,0.2,1400,0.2,1
6,5,7862,0,0,300,0.5,1700,0.5,1
6,6,8974,0,0,500,0.6,1000,0.2,1400,0.2,1
6,7,4433,2,10,5,0,666,0.42,420,0.58,1
6,8,6732,0,0,500,0.6,1000,0.2,1400,0.2,1
6,9,10141,1,0,500,0.6,1000,0.2,1400,0.2,1
6,10,1680,0,0,500,0.6,1000,0.2,1400,0.2,1
6,11,1474,2,10,5,0,300,0.5,1700,0.5,1
7,0,12252,2,10,5,0,666,0.42,420,0.58,1
7,1,3984,1,0,300,0.5,1700,0.5,1
7,2,10197,2,10,5,0,666,0.42,420,0.58,1
7,3,13564,1,0,500,0.6,1000,0.2,1400,0.2,1
7,4,1480,0,0,500,0.6,1000,0.2,1400,0.2,1
7,5,3294,1,0,300,0.5,572,0.32,486,0.18,1
7,6,13391,2,10,5,0,666,0.42,420,0.58,1
7,7,9614,0,0,666,0.42,420,0.58,1
7,8,11596,2,10,5,0,300,0.5,1700,0.5,1
7,9,11117,0,0,300,0.5,572,0.32,486,0.18,1
7,10,3547,0,0,300,0.5,572,0.32,486,0.18,1
7,11,5993,0,0,666,0.42,420,0.58,1
8,0,9570,1,0,300,0.5,1700,0.5,1
8,1,303,1,0,666,0.42,420,0.58,1
8,2,706,1,0,300,0.5,572,0.32,486,0.18,1
8,3,11061,1,0,500,0.6,1000,0.2,1400,0.2,1
8,4,5499,1,0,300,0.5,1700,0.5,1
8,5,6138,1,0,300,0.5,1700,0.5,1
8,6,6226,2,10,5,0,300,0.5,572,0.32,486,0.18,1
8,7,12072,0,0,500,0.6,1000,0.2,1400,0.2,1
8,8,12132,2,10,5,0,500,0.6,1000,0.2,1400,0.2,1
8,9,10500,1,0,666,0.42,420,0.58,1
8,10,9106,2,10,5,0,300,0.5,572,0.32,486,0.18,1
8,11,12764,2,10,5,0,500,0.6,1000,0.2,1400,0.2,1
9,0,289,2,10,5,0,300,0.5,1700,0.5,1
9,1,3917,1,0,666,0.42,420,0.58,1
9,2,1749,1,0,300,0.5,572,0.32,486,0.18,1
9,3,9693,0,0,666,0.42,420,0.58,1
9,4,201,1,0,666,0.42,420,0.58,1
9,5,12015,2,10,5,0,300,0.5,1700,0.5,1
9,6,11538,0,0,666,0.42,420,0.58,1
9,7,1652,0,0,300,0.5,572,0.32,486,0.18,1
9,8,7982,0,0,300,0.5,1700,0.5,1
9,9,12716,2,10,5,0,300,0.5,572,0.32,486,0.18,1
9,10,4225,0,0,300,0.5,1700,0.5,1
9,11,1392,1,0,500,0.6,1000,0.2,1400,0.2,1
10,0,6001,1,0,666,0.42,420,0.58,1
10,1,13005,1,0,666,0.42,420,0.58,1
10,2,6809,2,10,5,0,666,0.42,420,0.58,1
10,3,9674,2,10,5,0,300,0.5,572,0.32,486,0.18,1
10,4,3218,0,0,666,0.42,420,0.58,1
10,5,4599,0,0,500,0.6,1000,0.2,1400,0.2,1
10,6,7257,1,0,300,0.5,572,0.32,486,0.18,1
10,7,1305,2,10,5,0,500,0.6,1000,0.2,1400,0.2,1
10,8,11573,1,0,300,0.5,572,0.32,486,0.18,1
10,9,5558,1,0,300,0.5,1700,0.5,1
10,10,13355,2,10,5,0,300,0.5,572,0.32,486,0.18,1
10,11,6909,2,10,5,0,300,0.5,1700,0.5,1
11,0,9936,0,0,500,0.6,1000,0.2,1400,0.2,1
11,1,9717,2,10,5,0,300,0.5,572,0.32,486,0.18,1
11,2,288,0,0,500,0.6,1000,0.2,1400,0.2,1
11,3,14363,0,0,300,0.5,1700,0.5,1
11,4,10247,2,10,5,0,666,0.42,420,0.58,1
11,5,5020,0,0,300,0.5,572,0.32,486,0.18,1
11,6,13046,1,0,300,0.5,572,0.32,486,0.18,1
11,7,8689,2,10,5,0,500,0.6,1000,0.2,1400,0.2,1
11,8,12683,0,0,666,0.42,420,0.58,1
11,9,6144,0,0,666,0.42,420,0.58,1
11,10,14559,2,10,5,0,500,0.6,1000,0.2,1400,0.2,1
11,11,2306,0,0,500,0.6,1000,0.2,1400,0.2,1
