0,0,737,2,10,5,0,666,0.42,420,0.58,1
0,1,570,2,10,5,0,300,0.5,572,0.32,486,0.18,1
0,2,5286,0,0,666,0.42,420,0.58,1
0,3,4250,2,10,5,0,300,0.5,1700,0.5,1
0,4,9501,1,0,300,0.5,1700,0.5,1
0,5,6831,2,10,5,0,666,0.42,420,0.58,1
0,6,7449,2,10,5,0,300,0.5,1700,0.5,1
0,7,7162,0,0,666,0.42,420,0.58,1
0,8,14008,0,0,500,0.6,1000,0.2,1400,0.2,1
0,9,2907,0,0,300,0.5,572,0.32,486,0.18,1
0,10,12682,1,0,500,0.6,1000,0.2,1400,0.2,1
0,11,12669,1,0,300,0.5,1700,0.5,1
1,0,10039,2,10,5,0,300,0.5,572,0.32,486,0.18,1
1,1,11778,1,0,300,0.5,1700,0.5,1
1,2,1709,0,0,500,0.6,1000,0.2,1400,0.2,0
1,3,4759,1,0,500,0.6,1000,0.2,1400,0.2,1
1,4,14700,1,0,300,0.5,1700,0.5,1
1,5,4078,2,10,5,0,500,0.6,1000,0.2,1400,0.2,1
1,6,14083,2,10,5,0,666,0.42,420,0.58,1
1,7,6182,0,0,300,0.5,572,0.32,486,0.18,1
1,8,14060,2,10,5,0,666,0.42,420,0.58,1
1,9,8613,1,0,300,0.5,572,0.32,486,0.18,1
1,10,11619,1,0,500,0.6,1000,0.2,1400,0.2,1
1,11,12952,1,0,666,0.42,420,0.58,1
2,0,2528,2,10,5,0,666,0.42,420,0.58,1
2,1,12474,2,10,5,0,300,0.5,1700,0.5,1
2,2,2831,2,10,5,0,300,0.5,1700,0.5,1
2,3,5694,1,0,666,0.42,420,0.58,1
2,4,11707,2,10,5,0,300,0.5,1700,0.5,1
2,5,5918,2,10,5,0,300,0.5,1700,0.5,1
2,6,424,0,0,666,0.42,420,0.58,1
2,7,2759,2,10,5,0,500,0.6,1000,0.2,1400,0.2,1
2,8,8604,2,10,5,0,500,0.6,1000,0.2,1400,0.2,1
2,9,8154,1,0,666,0.42,420,0.58,1
2,10,9842,0,0,300,0.5,1700,0.5,1
2,11,8945,0,0,300,0.5,1700,0.5,1
3,0,6908,2,10,5,0,500,0.6,1000,0.2,1400,0.2,1
3,1,6744,0,0,500,0.6,1000,0.2,1400,0.2,1
3,2,10116,2,10,5,0,666,0.42,420,0.58,1
3,3,9696,1,0,300,0.5,1700,0.5,1
3,4,945,0,0,300,0.5,1700,0.5,1
3,5,8227,2,10,5,0,300,0.5,572,0.32,486,0.18,1
3,6,9977,0,0,500,0.6,1000,0.2,1400,0.2,1
3,7,1496,1,0,300,0.5,1700,0.5,1
3,8,7792,1,0,300,0.5,572,0.32,486,0.18,1
3,9,14842,2,10,5,0,500,0.6,1000,0.2,1400,0.2,1
3,10,3377,2,10,5,0,300,0.5,1700,0.5,1
3,11,1358,2,10,5,0,666,0.42,420,0.58,1
4,0,9121,0,0,500,0.6,1000,0.2,1400,0.2,1
4,1,10379,0,0,666,0.42,420,0.58,1
4,2,11871,2,10,5,0,500,0.6,1000,0.2,1400,0.2,1
4,3,2063,2,10,5,0,300,0.5,1700,0.5,1
4,4,12204,1,0,666,0.42,420,0.58,1
4,5,5613,1,0,666,0.42,420,0.58,1
4,6,3377,2,10,5,0,300,0.5,1700,0.5,1
4,7,452,1,0,666,0.42,420,0.58,1
4,8,12968,2,10,5,0,666,0.42,420,0.58,1
4,9,13568,1,0,500,0.6,1000,0.2,1400,0.2,1
4,10,10530,0,0,300,0.5,572,0.32,486,0.18,1
4,11,11353,0,0,500,0.6,1000,0.2,1400,0.2,1
5,0,7109,0,0,300,0.5,1700,0.5,1
5,1,13010,1,0,666,0.42,420,0.58,1
5,2,2023,1,0,300,0.5,1700,0.5,1
5,3,4066,2,10,5,0,666,0.42,420,0.58,1
5,4,3616,1,0,300,0.5,1700,0.5,1
5,5,7353,1,0,666,0.42,420,0.58,1
5,6,4558,0,0,300,0.5,572,0.32,486,0.18,1
5,7,3838,0,0,500,0.6,1000,0.2,1400,0.2,1
5,8,5111,0,0,300,0.5,1700,0.5,1
5,9,7388,2,10,5,0,300,0.5,572,0.32,486,0.18,1
5,10,13566,2,10,5,0,300,0.5,572,0.32,486,0.18,1
5,11,222,0,0,300,0.5,572,0.32,486,0.18,1
6,0,13813,0,0,300,0.5,1700,0.5,1
6,1,9281,0,0,500,0.6,1000,0.2,1400,0.2,1
6,2,12812,0,0,300,0.5,1700,0.5,1
6,3,998,0,0,300,0.5,572,0.32,486,0.18,1
6,4,1749,0,0,300,0.5,572,0.32,486,0.18,1
6,5,2383,0,0,500,0.6,1000,0.2,1400,0.2,1
6,6,1047,1,0,300,0.5,572,0.32,486,0.18,1
6,7,9785,0,0,300,0.5,572,0.32,486,0.18,1
6,8,14322,1,0,500,0.6,1000,0.2,1400,0.2,1
6,9,1019,2,10,5,0,300,0.5,1700,0.5,1
6,10,5894,0,0,666,0.42,420,0.58,1
6,11,2942,1,0,300,0.5,1700,0.5,1
7,0,10391,1,0,300,0.5,1700,0.5,1
7,1,5710,2,10,5,0,300,0.5,572,0.32,486,0.18,1
7,2,998,2,10,5,0,300,0.5,572,0.32,486,0.18,1
7,3,10702,0,0,666,0.42,420,0.58,1
7,4,12209,2,10,5,0,666,0.42,420,0.58,1
7,5,12310,1,0,500,0.6,1000,0.2,1400,0.2,1
7,6,485,0,0,500,0.6,1000,0.2,1400,0.2,1
7,7,8791,0,0,300,0.5,572,0.32,486,0.18,1
7,8,5216,2,10,5,0,666,0.42,420,0.58,1
7,9,11626,0,0,300,0.5,1700,0.5,1
7,10,4675,1,0,300,0.5,1700,0.5,1
7,11,2272,0,0,300,0.5,1700,0.5,1
8,0,8126,0,0,300,0.5,1700,0.5,1
8,1,1862,1,0,500,0.6,1000,0.2,1400,0.2,1
8,2,5858,1,0,300,0.5,1700,0.5,1
8,3,6006,0,0,300,0.5,1700,0.5,1
8,4,1683,0,0,666,0.42,420,0.58,1
8,5,828,2,10,5,0,500,0.6,1000,0.2,1400,0.2,1
8,6,5079,2,10,5,0,300,0.5,1700,0.5,1
8,7,9078,2,10,5,0,500,0.6,1000,0.2,1400,0.2,1
8,8,6327,2,10,5,0,666,0.42,420,0.58,1
8,9,14545,2,10,5,0,500,0.6,1000,0.2,1400,0.2,1
8,10,13762,2,10,5,0,500,0.6,1000,0.2,1400,0.2,1
8,11,12174,0,0,500,0.6,1000,0.2,1400,0.2,1
9,0,11164,0,0,300,0.5,1700,0.5,1
9,1,14273,2,10,5,0,666,0.42,420,0.58,1
9,2,9744,0,0,500,0.6,1000,0.2,1400,0.2,1
9,3,6282,0,0,666,0.42,420,0.58,1
9,4,6884,1,0,666,0.42,420,0.58,1
9,5,3980,1,0,666,0.42,420,0.58,1
9,6,7677,2,10,5,0,300,0.5,1700,0.5,1
9,7,8980,1,0,300,0.5,1700,0.5,1
9,8,9009,0,0,500,0.6,1000,0.2,1400,0.2,1
9,9,2374,0,0,500,0.6,1000,0.2,1400,0.2,1
9,10,12918,1,0,300,0.5,1700,0.5,1
9,11,8633,2,10,5,0,666,0.42,420,0.58,1
10,0,5829,2,10,5,0,666,0.42,420,0.58,1
10,1,12674,0,0,500,0.6,1000,0.2,1400,0.2,1
10,2,14941,2,10,5,0,500,0.6,1000,0.2,1400,0.2,1
10,3,4517,1,0,300,0.5,572,0.32,486,0.18,1
10,4,2477,0,0,300,0.5,1700,0.5,1
10,5,956,1,0,300,0.5,572,0.32,486,0.18,1
10,6,8424,1,0,300,0.5,1700,0.5,1
10,7,2712,2,10,5,0,666,0.42,420,0.58,1
10,8,12129,0,0,500,0.6,1000,0.2,1400,0.2,1
10,9,10686,0,0,500,0.6,1000,0.2,1400,0.2,1
10,10,9740,1,0,500,0.6,1000,0.2,1400,0.2,1
10,11,13623,1,0,300,0.5,572,0.32,486,0.18,1
11,0,14137,1,0,300,0.5,572,0.32,486,0.18,1
11,1,13306,2,10,5,0,666,0.42,420,0.58,1
11,2,7663,2,10,5,0,300,0.5,572,0.32,486,0.18,1
11,3,6314,2,10,5,0,500,0.6,1000,0.2,1400,0.2,1
11,4,8080,2,10,5,0,666,0.42,420,0.58,1
11,5,7194,2,10,5,0,300,0.5,1700,0.5,1
11,6,10728,2,10,5,0,300,0.5,572,0.32,486,0.18,1
11,7,11024,0,0,500,0.6,1000,0.2,1400,0.2,1
11,8,14162,2,10,5,0,500,0.6,1000,0.2,1400,0.2,1
11,9,4922,2,10,5,0,300,0.5,572,0.32,486,0.18,1
11,10,10548,1,0,666,0.42,420,0.58,1
11,11,6206,0,0,300,0.5,572,0.32,486,0.18,1
