0,0,5307,2,10,5,0,300,0.5,1700,0.5,1
0,1,6265,2,10,5,0,300,0.5,1700,0.5,1
0,2,1458,0,0,300,0.5,572,0.32,486,0.18,1
0,3,8602,0,0,300,0.5,572,0.32,486,0.18,1
0,4,3692,2,10,5,0,500,0.6,1000,0.2,1400,0.2,1
0,5,2690,2,10,5,0,300,0.5,572,0.32,486,0.18,1
0,6,9237,1,0,300,0.5,1700,0.5,1
0,7,13063,0,0,300,0.5,1700,0.5,1
0,8,1107,2,10,5,0,500,0.6,1000,0.2,1400,0.2,1
0,9,12516,0,0,300,0.5,572,0.32,486,0.18,1
0,10,3105,2,10,5,0,666,0.42,420,0.58,1
0,11,553,1,0,300,0.5,1700,0.5,1
1,0,4056,1,0,300,0.5,572,0.32,486,0.18,1
1,1,12837,0,0,300,0.5,1700,0.5,1
1,2,7757,2,10,5,0,300,0.5,572,0.32,486,0.18,0
1,3,14829,2,10,5,0,666,0.42,420,0.58,1
1,4,4091,2,10,5,0,300,0.5,1700,0.5,1
1,5,10523,0,0,500,0.6,1000,0.2,1400,0.2,1
1,6,7780,1,0,500,0.6,1000,0.2,1400,0.2,1
1,7,14347,0,0,300,0.5,572,0.32,486,0.18,1
1,8,9859,1,0,300,0.5,572,0.32,486,0.18,1
1,9,5941,0,0,666,0.42,420,0.58,1
1,10,2360,1,0,500,0.6,1000,0.2,1400,0.2,1
1,11,2522,2,10,5,0,500,0.6,1000,0.2,1400,0.2,1
2,0,4851,2,10,5,0,666,0.42,420,0.58,1
2,1,1819,1,0,666,0.42,420,0.58,1
2,2,8070,0,0,300,0.5,572,0.32,486,0.18,1
2,3,11494,0,0,300,0.5,1700,0.5,1
2,4,10048,1,0,500,0.6,1000,0.2,1400,0.2,1
2,5,12590,1,0,300,0.5,572,0.32,486,0.18,1
2,6,5641,1,0,300,0.5,1700,0.5,1
2,7,538,1,0,300,0.5,572,0.32,486,0.18,1
2,8,13330,2,10,5,0,666,0.42,420,0.58,1
2,9,9563,2,10,5,0,666,0.42,420,0.58,1
2,10,11802,0,0,300,0.5,1700,0.5,1
2,11,14626,0,0,300,0.5,572,0.32,486,0.18,1
3,0,2897,2,10,5,0,300,0.5,1700,0.5,1
3,1,7516,2,10,5,0,666,0.42,420,0.58,1
3,2,161,1,0,300,0.5,1700,0.5,1
3,3,8398,2,10,5,0,500,0.6,1000,0.2,1400,0.2,1
3,4,6273,2,10,5,0,300,0.5,1700,0.5,1
3,5,8459,1,0,300,0.5,1700,0.5,1
3,6,5373,2,10,5,0,500,0.6,1000,0.2,1400,0.2,1
3,7,361,1,0,300,0.5,572,0.32,486,0.18,1
3,8,12547,2,10,5,0,500,0.6,1000,0.2,1400,0.2,1
3,9,3836,1,0,666,0.42,420,0.58,1
3,10,8548,0,0,666,0.42,420,0.58,1
3,11,7129,1,0,300,0.5,1700,0.5,1
4,0,5153,2,10,5,0,300,0.5,572,0.32,486,0.18,1
4,1,8787,1,0,300,0.5,572,0.32,486,0.18,1
4,2,12322,2,10,5,0,300,0.5,1700,0.5,1
4,3,174,0,0,300,0.5,572,0.32,486,0.18,1
4,4,4285,2,10,5,0,500,0.6,1000,0.2,1400,0.2,1
4,5,13724,2,10,5,0,300,0.5,1700,0.5,1
4,6,14805,0,0,500,0.6,1000,0.2,1400,0.2,1
4,7,9001,0,0,300,0.5,572,0.32,486,0.18,1
4,8,4488,2,10,5,0,300,0.5,1700,0.5,1
4,9,6885,0,0,500,0.6,1000,0.2,1400,0.2,1
4,10,1920,0,0,300,0.5,572,0.32,486,0.18,1
4,11,8554,0,0,666,0.42,420,0.58,1
5,0,1984,0,0,500,0.6,1000,0.2,1400,0.2,1
5,1,7934,1,0,666,0.42,420,0.58,1
5,2,7113,1,0,500,0.6,1000,0.2,1400,0.2,1
5,3,14276,0,0,666,0.42,420,0.58,1
5,4,11622,1,0,300,0.5,572,0.32,486,0.18,1
5,5,3273,1,0,300,0.5,572,0.32,486,0.18,1
5,6,6866,1,0,666,0.42,420,0.58,1
5,7,11190,0,0,300,0.5,572,0.32,486,0.18,1
5,8,4050,0,0,300,0.5,1700,0.5,1
5,9,14423,1,0,666,0.42,420,0.58,1
5,10,7572,0,0,500,0.6,1000,0.2,1400,0.2,1
5,11,10882,0,0,300,0.5,1700,0.5,1
6,0,1700,1,0,500,0.6,1000,0.2,1400,0.2,1
6,1,8591,0,0,300,0.5,1700,0.5,1
6,2,12044,1,0,300,0.5,1700,0.5,1
6,3,4413,0,0,666,0.42,420,0.58,1
6,4,2222,2,10,5,0,300,0.5,1700,0.5,1
6,5,1717,1,0,500,0.6,1000,0.2,1400,0.2,1
6,6,2013,0,0,300,0.5,1700,0.5,1
6,7,12603,1,0,666,0.42,420,0.58,1
6,8,11650,1,0,500,0.6,1000,0.2,1400,0.2,1
6,9,10051,2,10,5,0,500,0.6,1000,0.2,1400,0.2,1
6,10,10541,1,0,300,0.5,572,0.32,486,0.18,1
6,11,9075,2,10,5,0,666,0.42,420,0.58,1
7,0,9651,0,0,300,0.5,572,0.32,486,0.18,1
7,1,1397,0,0,300,0.5,572,0.32,486,0.18,1
7,2,9039,1,0,666,0.42,420,0.58,1
7,3,8127,1,0,500,0.6,1000,0.2,1400,0.2,1
7,4,14968,1,0,300,0.5,572,0.32,486,0.18,1
7,5,5590,0,0,300,0.5,1700,0.5,1
7,6,4718,0,0,666,0.42,420,0.58,1
7,7,11611,2,10,5,0,300,0.5,572,0.32,486,0.18,1
7,8,12235,2,10,5,0,500,0.6,1000,0.2,1400,0.2,1
7,9,99,1,0,500,0.6,1000,0.2,1400,0.2,1
7,10,11034,2,10,5,0,300,0.5,572,0.32,486,0.18,1
7,11,6331,2,10,5,0,300,0.5,1700,0.5,1
8,0,2711,2,10,5,0,500,0.6,1000,0.2,1400,0.2,1
8,1,13451,0,0,300,0.5,572,0.32,486,0.18,1
8,2,4369,2,10,5,0,300,0.5,572,0.32,486,0.18,1
8,3,14853,1,0,500,0.6,1000,0.2,1400,0.2,1
8,4,4819,1,0,666,0.42,420,0.58,1
8,5,5429,1,0,666,0.42,420,0.58,1
8,6,5942,2,10,5,0,300,0.5,572,0.32,486,0.18,1
8,7,10147,2,10,5,0,666,0.42,420,0.58,1
8,8,4125,1,0,666,0.42,420,0.58,1
8,9,4642,1,0,500,0.6,1000,0.2,1400,0.2,1
8,10,6591,2,10,5,0,666,0.42,420,0.58,1
8,11,13938,2,10,5,0,300,0.5,1700,0.5,1
9,0,673,0,0,666,0.42,420,0.58,1
9,1,2459,1,0,500,0.6,1000,0.2,1400,0.2,1
9,2,12518,2,10,5,0,666,0.42,420,0.58,1
9,3,4006,1,0,300,0.5,572,0.32,486,0.18,1
9,4,1661,0,0,500,0.6,1000,0.2,1400,0.2,1
9,5,5978,0,0,300,0.5,572,0.32,486,0.18,1
9,6,9330,2,10,5,0,500,0.6,1000,0.2,1400,0.2,1
9,7,14364,1,0,300,0.5,572,0.32,486,0.18,1
9,8,14207,2,10,5,0,300,0.5,1700,0.5,1
9,9,13281,0,0,500,0.6,1000,0.2,1400,0.2,1
9,10,10234,2,10,5,0,666,0.42,420,0.58,1
9,11,11186,0,0,500,0.6,1000,0.2,1400,0.2,1
10,0,11059,1,0,300,0.5,572,0.32,486,0.18,1
10,1,12373,2,10,5,0,300,0.5,572,0.32,486,0.18,1
10,2,4194,2,10,5,0,300,0.5,572,0.32,486,0.18,1
10,3,7911,2,10,5,0,666,0.42,420,0.58,1
10,4,9650,2,10,5,0,500,0.6,1000,0.2,1400,0.2,1
10,5,2801,0,0,500,0.6,1000,0.2,1400,0.2,1
10,6,6697,0,0,300,0.5,572,0.32,486,0.18,1
10,7,1623,1,0,666,0.42,420,0.58,1
10,8,11601,1,0,300,0.5,572,0.32,486,0.18,1
10,9,11342,0,0,500,0.6,1000,0.2,1400,0.2,1
10,10,10765,1,0,300,0.5,572,0.32,486,0.18,1
10,11,7204,2,10,5,0,666,0.42,420,0.58,1
11,0,14998,1,0,300,0.5,1700,0.5,1
11,1,11104,0,0,300,0.5,572,0.32,486,0.18,1
11,2,10888,0,0,500,0.6,1000,0.2,1400,0.2,1
11,3,13611,1,0,300,0.5,572,0.32,486,0.18,1
11,4,2463,0,0,300,0.5,1700,0.5,1
11,5,2700,1,0,300,0.5,1700,0.5,1
11,6,13117,0,0,666,0.42,420,0.58,1
11,7,13425,1,0,500,0.6,1000,0.2,1400,0.2,1
11,8,14282,2,10,5,0,500,0.6,1000,0.2,1400,0.2,1
11,9,8080,0,0,666,0.42,420,0.58,1
11,10,7567,1,0,666,0.42,420,0.58,1
11,11,9645,2,10,5,0,300,0.5,572,0.32,486,0.18,1
