0,0,3157,2,10,5,0,300,0.5,1700,0.5,1
0,1,10106,1,0,300,0.5,1700,0.5,1
0,2,14561,1,0,666,0.42,420,0.58,1
0,3,6302,0,0,300,0.5,572,0.32,486,0.18,1
0,4,3249,0,0,300,0.5,1700,0.5,1
0,5,2613,2,10,5,0,666,0.42,420,0.58,1
0,6,1106,2,10,5,0,300,0.5,1700,0.5,1
0,7,9928,1,0,300,0.5,572,0.32,486,0.18,1
0,8,849,1,0,300,0.5,572,0.32,486,0.18,1
0,9,5160,0,0,666,0.42,420,0.58,1
0,10,10313,2,10,5,0,500,0.6,1000,0.2,1400,0.2,1
0,11,14424,1,0,300,0.5,1700,0.5,1
1,0,8091,0,0,300,0.5,1700,0.5,1
1,1,12518,0,0,300,0.5,1700,0.5,1
1,2,11401,0,0,300,0.5,1700,0.5,0
1,3,13929,1,0,300,0.5,1700,0.5,1
1,4,6946,1,0,500,0.6,1000,0.2,1400,0.2,1
1,5,10271,0,0,666,0.42,420,0.58,1
1,6,6140,2,10,5,0,300,0.5,1700,0.5,1
1,7,9151,2,10,5,0,300,0.5,572,0.32,486,0.18,1
1,8,9218,1,0,666,0.42,420,0.58,1
1,9,1151,0,0,666,0.42,420,0.58,1
1,10,7939,1,0,666,0.42,420,0.58,1
1,11,6771,2,10,5,0,666,0.42,420,0.58,1
2,0,1140,2,10,5,0,300,0.5,572,0.32,486,0.18,1
2,1,6899,0,0,500,0.6,1000,0.2,1400,0.2,1
2,2,10784,2,10,5,0,300,0.5,572,0.32,486,0.18,1
2,3,10077,1,0,500,0.6,1000,0.2,1400,0.2,1
2,4,13434,1,0,666,0.42,420,0.58,1
2,5,1153,2,10,5,0,300,0.5,1700,0.5,1
2,6,11210,1,0,300,0.5,1700,0.5,1
2,7,1242,2,10,5,0,666,0.42,420,0.58,1
2,8,7901,1,0,300,0.5,572,0.32,486,0.18,1
2,9,11860,1,0,300,0.5,1700,0.5,1
2,10,14651,1,0,300,0.5,572,0.32,486,0.18,1
2,11,14210,0,0,666,0.42,420,0.58,1
3,0,1824,0,0,666,0.42,420,0.58,1
3,1,5962,1,0,300,0.5,1700,0.5,1
3,2,10363,2,10,5,0,666,0.42,420,0.58,1
3,3,8298,0,0,666,0.42,420,0.58,1
3,4,12528,2,10,5,0,500,0.6,1000,0.2,1400,0.2,1
3,5,2688,1,0,300,0.5,1700,0.5,1
3,6,11460,2,10,5,0,666,0.42,420,0.58,1
3,7,231,0,0,300,0.5,572,0.32,486,0.18,1
3,8,14867,1,0,300,0.5,572,0.32,486,0.18,1
3,9,809,2,10,5,0,666,0.42,420,0.58,1
3,10,3578,1,0,500,0.6,1000,0.2,1400,0.2,1
3,11,12439,2,10,5,0,500,0.6,1000,0.2,1400,0.2,1
4,0,527,2,10,5,0,300,0.5,572,0.32,486,0.18,1
4,1,6015,0,0,666,0.42,420,0.58,1
4,2,5002,2,10,5,0,500,0.6,1000,0.2,1400,0.2,1
4,3,12570,1,0,666,0.42,420,0.58,1
4,4,4101,2,10,5,0,666,0.42,420,0.58,1
4,5,13651,1,0,300,0.5,1700,0.5,1
4,6,11449,2,10,5,0,500,0.6,1000,0.2,1400,0.2,1
4,7,14876,2,10,5,0,666,0.42,420,0.58,1
4,8,1303,1,0,300,0.5,1700,0.5,1
4,9,7850,0,0,300,0.5,1700,0.5,1
4,10,7821,0,0,666,0.42,420,0.58,1
4,11,10352,1,0,300,0.5,572,0.32,486,0.18,1
5,0,9488,1,0,500,0.6,1000,0.2,1400,0.2,1
5,1,10140,2,10,5,0,500,0.6,1000,0.2,1400,0.2,1
5,2,5555,0,0,300,0.5,572,0.32,486,0.18,1
5,3,12283,0,0,300,0.5,572,0.32,486,0.18,1
5,4,5286,2,10,5,0,666,0.42,420,0.58,1
5,5,8550,2,10,5,0,300,0.5,572,0.32,486,0.18,1
5,6,6981,1,0,666,0.42,420,0.58,1
5,7,11921,0,0,300,0.5,1700,0.5,1
5,8,7460,2,10,5,0,300,0.5,572,0.32,486,0.18,1
5,9,1518,2,10,5,0,300,0.5,572,0.32,486,0.18,1
5,10,8641,1,0,300,0.5,1700,0.5,1
5,11,13643,2,10,5,0,666,0.42,420,0.58,1
6,0,11088,1,0,300,0.5,572,0.32,486,0.18,1
6,1,2518,1,0,500,0.6,1000,0.2,1400,0.2,1
6,2,806,1,0,300,0.5,572,0.32,486,0.18,1
6,3,2406,1,0,300,0.5,572,0.32,486,0.18,1
6,4,4643,1,0,300,0.5,1700,0.5,1
6,5,5705,1,0,300,0.5,1700,0.5,1
6,6,6663,0,0,300,0.5,1700,0.5,1
6,7,5671,0,0,300,0.5,1700,0.5,1
6,8,10801,2,10,5,0,666,0.42,420,0.58,1
6,9,13045,0,0,666,0.42,420,0.58,1
6,10,14985,0,0,300,0.5,1700,0.5,1
6,11,10182,1,0,500,0.6,1000,0.2,1400,0.2,1
7,0,10644,0,0,500,0.6,1000,0.2,1400,0.2,1
7,1,7768,1,0,300,0.5,572,0.32,486,0.18,1
7,2,13154,0,0,300,0.5,1700,0.5,1
7,3,7431,0,0,300,0.5,1700,0.5,1
7,4,7179,1,0,300,0.5,572,0.32,486,0.18,1
7,5,9960,0,0,500,0.6,1000,0.2,1400,0.2,1
7,6,7155,2,10,5,0,300,0.5,1700,0.5,1
7,7,13559,0,0,300,0.5,572,0.32,486,0.18,1
7,8,10209,1,0,300,0.5,572,0.32,486,0.18,1
7,9,11003,2,10,5,0,666,0.42,420,0.58,1
7,10,2730,1,0,500,0.6,1000,0.2,1400,0.2,1
7,11,3787,0,0,666,0.42,420,0.58,1
8,0,5292,1,0,300,0.5,572,0.32,486,0.18,1
8,1,2417,0,0,666,0.42,420,0.58,1
8,2,6404,1,0,666,0.42,420,0.58,1
8,3,5500,1,0,500,0.6,1000,0.2,1400,0.2,1
8,4,11307,1,0,300,0.5,1700,0.5,1
8,5,9031,2,10,5,0,300,0.5,1700,0.5,1
8,6,9506,0,0,666,0.42,420,0.58,1
8,7,8009,2,10,5,0,300,0.5,1700,0.5,1
8,8,5966,2,10,5,0,300,0.5,572,0.32,486,0.18,1
8,9,2395,1,0,300,0.5,1700,0.5,1
8,10,3516,1,0,300,0.5,1700,0.5,1
8,11,4164,1,0,666,0.42,420,0.58,1
9,0,1223,0,0,500,0.6,1000,0.2,1400,0.2,1
9,1,4033,1,0,500,0.6,1000,0.2,1400,0.2,1
9,2,10125,0,0,300,0.5,572,0.32,486,0.18,1
9,3,14707,1,0,300,0.5,572,0.32,486,0.18,1
9,4,11355,2,10,5,0,300,0.5,1700,0.5,1
9,5,9300,0,0,500,0.6,1000,0.2,1400,0.2,1
9,6,3075,2,10,5,0,666,0.42,420,0.58,1
9,7,4346,2,10,5,0,666,0.42,420,0.58,1
9,8,14664,1,0,300,0.5,572,0.32,486,0.18,1
9,9,12744,1,0,300,0.5,1700,0.5,1
9,10,10269,2,10,5,0,666,0.42,420,0.58,1
9,11,4622,1,0,300,0.5,572,0.32,486,0.18,1
10,0,13632,2,10,5,0,300,0.5,1700,0.5,1
10,1,4005,1,0,300,0.5,572,0.32,486,0.18,1
10,2,3246,0,0,300,0.5,1700,0.5,1
10,3,780,2,10,5,0,300,0.5,572,0.32,486,0.18,1
10,4,8623,1,0,666,0.42,420,0.58,1
10,5,14087,0,0,300,0.5,572,0.32,486,0.18,1
10,6,14515,1,0,300,0.5,572,0.32,486,0.18,1
10,7,10697,0,0,300,0.5,572,0.32,486,0.18,1
10,8,13743,2,10,5,0,666,0.42,420,0.58,1
10,9,2822,1,0,300,0.5,1700,0.5,1
10,10,4029,2,10,5,0,300,0.5,1700,0.5,1
10,11,6156,2,10,5,0,300,0.5,1700,0.5,1
11,0,1084,2,10,5,0,666,0.42,420,0.58,1
11,1,14757,0,0,500,0.6,1000,0.2,1400,0.2,1
11,2,13119,1,0,500,0.6,1000,0.2,1400,0.2,1
11,3,7380,1,0,300,0.5,1700,0.5,1
11,4,9538,1,0,500,0.6,1000,0.2,1400,0.2,1
11,5,7857,2,10,5,0,500,0.6,1000,0.2,1400,0.2,1
11,6,5040,2,10,5,0,500,0.6,1000,0.2,1400,0.2,1
11,7,10846,0,0,300,0.5,572,0.32,486,0.18,1
11,8,582,2,10,5,0,666,0.42,420,0.58,1
11,9,12200,0,0,666,0.42,420,0.58,1
11,10,1838,2,10,5,0,300,0.5,572,0.32,486,0.18,1
11,11,12413,0,0,300,0.5,572,0.32,486,0.18,1
