0,0,536,2,10,5,0,300,0.5,572,0.32,486,0.18,1
0,1,11115,0,0,300,0.5,1700,0.5,1
0,2,14021,0,0,300,0.5,572,0.32,486,0.18,1
0,3,4846,2,10,5,0,300,0.5,1700,0.5,1
0,4,10492,2,10,5,0,500,0.6,1000,0.2,1400,0.2,1
0,5,6315,0,0,500,0.6,1000,0.2,1400,0.2,1
0,6,392,0,0,500,0.6,1000,0.2,1400,0.2,1
0,7,11356,1,0,300,0.5,572,0.32,486,0.18,1
0,8,2721,1,0,300,0.5,572,0.32,486,0.18,1
0,9,6959,0,0,300,0.5,572,0.32,486,0.18,1
0,10,11723,0,0,300,0.5,1700,0.5,1
0,11,13598,2,10,5,0,500,0.6,1000,0.2,1400,0.2,1
1,0,4631,2,10,5,0,500,0.6,1000,0.2,1400,0.2,1
1,1,14627,2,10,5,0,300,0.5,572,0.32,486,0.18,1
1,2,12094,2,10,5,0,666,0.42,420,0.58,0
1,3,6058,0,0,300,0.5,1700,0.5,1
1,4,3099,1,0,500,0.6,1000,0.2,1400,0.2,1
1,5,9491,2,10,5,0,300,0.5,1700,0.5,1
1,6,11958,1,0,300,0.5,572,0.32,486,0.18,1
1,7,8923,2,10,5,0,300,0.5,1700,0.5,1
1,8,1091,1,0,300,0.5,572,0.32,486,0.18,1
1,9,14534,2,10,5,0,666,0.42,420,0.58,1
1,10,8378,1,0,500,0.6,1000,0.2,1400,0.2,1
1,11,3410,0,0,300,0.5,572,0.32,486,0.18,1
2,0,3338,2,10,5,0,500,0.6,1000,0.2,1400,0.2,1
2,1,9227,2,10,5,0,300,0.5,572,0.32,486,0.18,1
2,2,4473,0,0,500,0.6,1000,0.2,1400,0.2,1
2,3,2445,0,0,300,0.5,572,0.32,486,0.18,1
2,4,668,2,10,5,0,500,0.6,1000,0.2,1400,0.2,1
2,5,6456,0,0,300,0.5,1700,0.5,1
2,6,12649,2,10,5,0,500,0.6,1000,0.2,1400,0.2,1
2,7,4639,2,10,5,0,300,0.5,572,0.32,486,0.18,1
2,8,2436,2,10,5,0,300,0.5,572,0.32,486,0.18,1
2,9,11906,0,0,666,0.42,420,0.58,1
2,10,327,1,0,300,0.5,1700,0.5,1
2,11,3198,2,10,5,0,300,0.5,572,0.32,486,0.18,1
3,0,6332,0,0,666,0.42,420,0.58,1
3,1,9261,0,0,666,0.42,420,0.58,1
3,2,2489,0,0,666,0.42,420,0.58,1
3,3,12776,0,0,666,0.42,420,0.58,1
3,4,8754,0,0,666,0.42,420,0.58,1
3,5,14984,0,0,300,0.5,572,0.32,486,0.18,1
3,6,13016,2,10,5,0,666,0.42,420,0.58,1
3,7,6558,0,0,500,0.6,1000,0.2,1400,0.2,1
3,8,10289,2,10,5,0,500,0.6,1000,0.2,1400,0.2,1
3,9,3038,1,0,666,0.42,420,0.58,1
3,10,11662,2,10,5,0,300,0.5,572,0.32,486,0.18,1
3,11,9795,2,10,5,0,300,0.5,572,0.32,486,0.18,1
4,0,4818,0,0,300,0.5,1700,0.5,1
4,1,11302,2,10,5,0,500,0.6,1000,0.2,1400,0.2,1
4,2,11655,0,0,500,0.6,1000,0.2,1400,0.2,1
4,3,8564,0,0,300,0.5,1700,0.5,1
4,4,9487,2,10,5,0,500,0.6,1000,0.2,1400,0.2,1
4,5,9210,0,0,300,0.5,1700,0.5,1
4,6,14416,2,10,5,0,666,0.42,420,0.58,1
4,7,10781,0,0,300,0.5,1700,0.5,1
4,8,7437,0,0,666,0.42,420,0.58,1
4,9,356,2,10,5,0,300,0.5,572,0.32,486,0.18,1
4,10,4601,0,0,666,0.42,420,0.58,1
4,11,12796,2,10,5,0,300,0.5,572,0.32,486,0.18,1
5,0,5147,0,0,300,0.5,1700,0.5,1
5,1,4946,1,0,500,0.6,1000,0.2,1400,0.2,1
5,2,10054,1,0,300,0.5,572,0.32,486,0.18,1
5,3,4434,0,0,500,0.6,1000,0.2,1400,0.2,1
5,4,5817,1,0,500,0.6,1000,0.2,1400,0.2,1
5,5,11658,2,10,5,0,300,0.5,572,0.32,486,0.18,1
5,6,12130,1,0,300,0.5,1700,0.5,1
5,7,6954,2,10,5,0,300,0.5,572,0.32,486,0.18,1
5,8,14083,0,0,300,0.5,572,0.32,486,0.18,1
5,9,10750,1,0,500,0.6,1000,0.2,1400,0.2,1
5,10,4887,0,0,500,0.6,1000,0.2,1400,0.2,1
5,11,13928,1,0,300,0.5,1700,0.5,1
6,0,13319,1,0,500,0.6,1000,0.2,1400,0.2,1
6,1,10692,2,10,5,0,666,0.42,420,0.58,1
6,2,4407,0,0,666,0.42,420,0.58,1
6,3,11112,1,0,500,0.6,1000,0.2,1400,0.2,1
6,4,11381,2,10,5,0,300,0.5,572,0.32,486,0.18,1
6,5,10580,2,10,5,0,300,0.5,1700,0.5,1
6,6,4470,2,10,5,0,500,0.6,1000,0.2,1400,0.2,1
6,7,4654,0,0,300,0.5,572,0.32,486,0.18,1
6,8,14539,1,0,666,0.42,420,0.58,1
6,9,1562,1,0,300,0.5,1700,0.5,1
6,10,9888,1,0,666,0.42,420,0.58,1
6,11,13520,0,0,500,0.6,1000,0.2,1400,0.2,1
7,0,8017,0,0,300,0.5,572,0.32,486,0.18,1
7,1,2617,2,10,5,0,300,0.5,572,0.32,486,0.18,1
7,2,8961,1,0,500,0.6,1000,0.2,1400,0.2,1
7,3,6137,1,0,300,0.5,1700,0.5,1
7,4,9041,2,10,5,0,300,0.5,1700,0.5,1
7,5,12126,0,0,500,0.6,1000,0.2,1400,0.2,1
7,6,13308,2,10,5,0,500,0.6,1000,0.2,1400,0.2,1
7,7,3260,1,0,300,0.5,572,0.32,486,0.18,1
7,8,1597,0,0,666,0.42,420,0.58,1
7,9,14684,0,0,300,0.5,1700,0.5,1
7,10,5930,0,0,500,0.6,1000,0.2,1400,0.2,1
7,11,14298,1,0,500,0.6,1000,0.2,1400,0.2,1
8,0,5720,1,0,300,0.5,1700,0.5,1
8,1,11707,0,0,300,0.5,572,0.32,486,0.18,1
8,2,11542,0,0,300,0.5,1700,0.5,1
8,3,7235,2,10,5,0,500,0.6,1000,0.2,1400,0.2,1
8,4,11113,2,10,5,0,500,0.6,1000,0.2,1400,0.2,1
8,5,7718,1,0,300,0.5,572,0.32,486,0.18,1
8,6,4335,0,0,300,0.5,1700,0.5,1
8,7,6316,0,0,300,0.5,572,0.32,486,0.18,1
8,8,5654,1,0,666,0.42,420,0.58,1
8,9,11450,1,0,300,0.5,572,0.32,486,0.18,1
8,10,13163,2,10,5,0,666,0.42,420,0.58,1
8,11,9279,1,0,500,0.6,1000,0.2,1400,0.2,1
9,0,3167,0,0,666,0.42,420,0.58,1
9,1,6104,0,0,500,0.6,1000,0.2,1400,0.2,1
9,2,12478,0,0,300,0.5,572,0.32,486,0.18,1
9,3,10709,2,10,5,0,500,0.6,1000,0.2,1400,0.2,1
9,4,1308,2,10,5,0,300,0.5,1700,0.5,1
9,5,9665,1,0,500,0.6,1000,0.2,1400,0.2,1
9,6,6277,0,0,666,0.42,420,0.58,1
9,7,6777,2,10,5,0,300,0.5,572,0.32,486,0.18,1
9,8,9848,1,0,500,0.6,1000,0.2,1400,0.2,1
9,9,11526,0,0,300,0.5,1700,0.5,1
9,10,9087,2,10,5,0,500,0.6,1000,0.2,1400,0.2,1
9,11,111,2,10,5,0,500,0.6,1000,0.2,1400,0.2,1
10,0,5664,1,0,300,0.5,1700,0.5,1
10,1,11655,1,0,300,0.5,1700,0.5,1
10,2,8194,2,10,5,0,500,0.6,1000,0.2,1400,0.2,1
10,3,8955,1,0,300,0.5,1700,0.5,1
10,4,1620,0,0,300,0.5,1700,0.5,1
10,5,10079,1,0,666,0.42,420,0.58,1
10,6,1690,0,0,300,0.5,1700,0.5,1
10,7,9800,2,10,5,0,300,0.5,572,0.32,486,0.18,1
10,8,11734,0,0,300,0.5,572,0.32,486,0.18,1
10,9,2090,1,0,300,0.5,572,0.32,486,0.18,1
10,10,3617,2,10,5,0,300,0.5,1700,0.5,1
10,11,2962,1,0,300,0.5,572,0.32,486,0.18,1
11,0,11715,2,10,5,0,500,0.6,1000,0.2,1400,0.2,1
11,1,6212,2,10,5,0,300,0.5,1700,0.5,1
11,2,10125,0,0,300,0.5,1700,0.5,1
11,3,8851,0,0,500,0.6,1000,0.2,1400,0.2,1
11,4,11206,1,0,300,0.5,572,0.32,486,0.18,1
11,5,10401,1,0,500,0.6,1000,0.2,1400,0.2,1
11,6,13165,0,0,300,0.5,1700,0.5,1
11,7,11282,0,0,666,0.42,420,0.58,1
11,8,4342,0,0,300,0.5,1700,0.5,1
11,9,13837,2,10,5,0,300,0.5,572,0.32,486,0.18,1
11,10,4159,0,0,666,0.42,420,0.58,1
11,11,3292,0,0,666,0.42,420,0.58,1
