0,0,7899,1,0,500,0.6,1000,0.2,1400,0.2,1
0,1,13086,2,10,5,0,500,0.6,1000,0.2,1400,0.2,1
0,2,7211,2,10,5,0,666,0.42,420,0.58,1
0,3,2952,1,0,500,0.6,1000,0.2,1400,0.2,1
0,4,4223,0,0,300,0.5,572,0.32,486,0.18,1
0,5,13615,0,0,300,0.5,1700,0.5,1
0,6,2832,0,0,666,0.42,420,0.58,1
0,7,7518,1,0,300,0.5,1700,0.5,1
0,8,14525,0,0,300,0.5,572,0.32,486,0.18,1
0,9,4063,1,0,300,0.5,572,0.32,486,0.18,1
0,10,5369,1,0,500,0.6,1000,0.2,1400,0.2,1
0,11,819,0,0,666,0.42,420,0.58,1
1,0,7629,1,0,300,0.5,572,0.32,486,0.18,1
1,1,12715,2,10,5,0,300,0.5,1700,0.5,1
1,2,2959,2,10,5,0,300,0.5,572,0.32,486,0.18,0
1,3,2258,1,0,300,0.5,1700,0.5,1
1,4,4848,1,0,500,0.6,1000,0.2,1400,0.2,1
1,5,10060,2,10,5,0,500,0.6,1000,0.2,1400,0.2,1
1,6,1928,1,0,300,0.5,1700,0.5,1
1,7,5917,2,10,5,0,300,0.5,1700,0.5,1
1,8,2535,2,10,5,0,300,0.5,1700,0.5,1
1,9,9445,2,10,5,0,666,0.42,420,0.58,1
1,10,11492,0,0,666,0.42,420,0.58,1
1,11,5332,2,10,5,0,300,0.5,1700,0.5,1
2,0,5336,1,0,300,0.5,572,0.32,486,0.18,1
2,1,9078,2,10,5,0,300,0.5,1700,0.5,1
2,2,9876,1,0,500,0.6,1000,0.2,1400,0.2,1
2,3,7348,1,0,500,0.6,1000,0.2,1400,0.2,1
2,4,6007,1,0,300,0.5,1700,0.5,1
2,5,11873,2,10,5,0,300,0.5,1700,0.5,1
2,6,6874,1,0,666,0.42,420,0.58,1
2,7,2771,2,10,5,0,300,0.5,1700,0.5,1
2,8,7473,0,0,300,0.5,572,0.32,486,0.18,1
2,9,9552,2,10,5,0,500,0.6,1000,0.2,1400,0.2,1
2,10,5185,1,0,300,0.5,1700,0.5,1
2,11,5908,1,0,500,0.6,1000,0.2,1400,0.2,1
3,0,7092,1,0,300,0.5,572,0.32,486,0.18,1
3,1,11379,1,0,300,0.5,1700,0.5,1
3,2,6337,2,10,5,0,666,0.42,420,0.58,1
3,3,6948,1,0,300,0.5,1700,0.5,1
3,4,12469,1,0,666,0.42,420,0.58,1
3,5,3928,0,0,300,0.5,1700,0.5,1
3,6,6544,2,10,5,0,300,0.5,1700,0.5,1
3,7,14766,2,10,5,0,500,0.6,1000,0.2,1400,0.2,1
3,8,1723,0,0,300,0.5,572,0.32,486,0.18,1
3,9,1917,0,0,666,0.42,420,0.58,1
3,10,7313,2,10,5,0,300,0.5,572,0.32,486,0.18,1
3,11,6284,1,0,500,0.6,1000,0.2,1400,0.2,1
4,0,11881,2,10,5,0,666,0.42,420,0.58,1
4,1,135,0,0,300,0.5,1700,0.5,1
4,2,9168,2,10,5,0,300,0.5,572,0.32,486,0.18,1
4,3,7615,2,10,5,0,300,0.5,572,0.32,486,0.18,1
4,4,12006,0,0,500,0.6,1000,0.2,1400,0.2,1
4,5,3057,2,10,5,0,300,0.5,1700,0.5,1
4,6,5712,1,0,666,0.42,420,0.58,1
4,7,7235,0,0,300,0.5,572,0.32,486,0.18,1
4,8,9794,0,0,500,0.6,1000,0.2,1400,0.2,1
4,9,3286,2,10,5,0,300,0.5,1700,0.5,1
4,10,14176,2,10,5,0,300,0.5,1700,0.5,1
4,11,5066,2,10,5,0,300,0.5,572,0.32,486,0.18,1
5,0,5263,2,10,5,0,300,0.5,1700,0.5,1
5,1,14990,1,0,300,0.5,1700,0.5,1
5,2,13051,2,10,5,0,500,0.6,1000,0.2,1400,0.2,1
5,3,3560,2,10,5,0,666,0.42,420,0.58,1
5,4,10819,2,10,5,0,500,0.6,1000,0.2,1400,0.2,1
5,5,12689,2,10,5,0,300,0.5,1700,0.5,1
5,6,3034,1,0,300,0.5,1700,0.5,1
5,7,14266,0,0,300,0.5,572,0.32,486,0.18,1
5,8,4173,0,0,500,0.6,1000,0.2,1400,0.2,1
5,9,14291,2,10,5,0,300,0.5,572,0.32,486,0.18,1
5,10,2857,0,0,666,0.42,420,0.58,1
5,11,8669,0,0,500,0.6,1000,0.2,1400,0.2,1
6,0,6817,1,0,300,0.5,1700,0.5,1
6,1,9926,0,0,500,0.6,1000,0.2,1400,0.2,1
6,2,11717,1,0,500,0.6,1000,0.2,1400,0.2,1
6,3,978,2,10,5,0,300,0.5,1700,0.5,1
6,4,8882,1,0,300,0.5,1700,0.5,1
6,5,8521,0,0,500,0.6,1000,0.2,1400,0.2,1
6,6,10677,1,0,666,0.42,420,0.58,1
6,7,14900,0,0,500,0.6,1000,0.2,1400,0.2,1
6,8,8868,1,0,666,0.42,420,0.58,1
6,9,4042,0,0,300,0.5,572,0.32,486,0.18,1
6,10,11930,2,10,5,0,300,0.5,572,0.32,486,0.18,1
6,11,7718,0,0,300,0.5,572,0.32,486,0.18,1
7,0,2205,0,0,666,0.42,420,0.58,1
7,1,14104,0,0,300,0.5,1700,0.5,1
7,2,7926,1,0,300,0.5,572,0.32,486,0.18,1
7,3,12131,1,0,500,0.6,1000,0.2,1400,0.2,1
7,4,9415,0,0,500,0.6,1000,0.2,1400,0.2,1
7,5,7063,1,0,300,0.5,1700,0.5,1
7,6,9422,0,0,666,0.42,420,0.58,1
7,7,12634,2,10,5,0,500,0.6,1000,0.2,1400,0.2,1
7,8,13164,0,0,500,0.6,1000,0.2,1400,0.2,1
7,9,11918,2,10,5,0,500,0.6,1000,0.2,1400,0.2,1
7,10,5797,1,0,500,0.6,1000,0.2,1400,0.2,1
7,11,10385,0,0,666,0.42,420,0.58,1
8,0,5325,0,0,300,0.5,1700,0.5,1
8,1,14406,2,10,5,0,666,0.42,420,0.58,1
8,2,2264,0,0,300,0.5,572,0.32,486,0.18,1
8,3,11575,1,0,300,0.5,1700,0.5,1
8,4,13891,2,10,5,0,300,0.5,572,0.32,486,0.18,1
8,5,899,0,0,500,0.6,1000,0.2,1400,0.2,1
8,6,12915,1,0,300,0.5,1700,0.5,1
8,7,2955,1,0,666,0.42,420,0.58,1
8,8,68,1,0,500,0.6,1000,0.2,1400,0.2,1
8,9,7106,0,0,300,0.5,572,0.32,486,0.18,1
8,10,1678,2,10,5,0,300,0.5,1700,0.5,1
8,11,11662,2,10,5,0,500,0.6,1000,0.2,1400,0.2,1
9,0,3421,1,0,666,0.42,420,0.58,1
9,1,13468,2,10,5,0,300,0.5,1700,0.5,1
9,2,2274,0,0,300,0.5,572,0.32,486,0.18,1
9,3,13116,0,0,666,0.42,420,0.58,1
9,4,12481,2,10,5,0,300,0.5,572,0.32,486,0.18,1
9,5,11779,0,0,500,0.6,1000,0.2,1400,0.2,1
9,6,7356,2,10,5,0,500,0.6,1000,0.2,1400,0.2,1
9,7,12561,0,0,300,0.5,1700,0.5,1
9,8,1050,2,10,5,0,666,0.42,420,0.58,1
9,9,4284,0,0,666,0.42,420,0.58,1
9,10,9947,2,10,5,0,666,0.42,420,0.58,1
9,11,4103,1,0,500,0.6,1000,0.2,1400,0.2,1
10,0,8271,1,0,300,0.5,572,0.32,486,0.18,1
10,1,10326,1,0,300,0.5,1700,0.5,1
10,2,401,0,0,300,0.5,572,0.32,486,0.18,1
10,3,13409,1,0,500,0.6,1000,0.2,1400,0.2,1
10,4,2536,2,10,5,0,666,0.42,420,0.58,1
10,5,653,1,0,666,0.42,420,0.58,1
10,6,13465,1,0,300,0.5,572,0.32,486,0.18,1
10,7,3737,1,0,500,0.6,1000,0.2,1400,0.2,1
10,8,6459,0,0,666,0.42,420,0.58,1
10,9,9503,0,0,300,0.5,572,0.32,486,0.18,1
10,10,14221,1,0,500,0.6,1000,0.2,1400,0.2,1
10,11,5033,0,0,666,0.42,420,0.58,1
11,0,1240,1,0,300,0.5,1700,0.5,1
11,1,12121,1,0,300,0.5,1700,0.5,1
11,2,3245,1,0,300,0.5,572,0.32,486,0.18,1
11,3,3480,2,10,5,0,500,0.6,1000,0.2,1400,0.2,1
11,4,1997,2,10,5,0,300,0.5,572,0.32,486,0.18,1
11,5,14813,1,0,300,0.5,1700,0.5,1
11,6,8740,2,10,5,0,300,0.5,572,0.32,486,0.18,1
11,7,14470,1,0,500,0.6,1000,0.2,1400,0.2,1
11,8,9037,0,0,300,0.5,572,0.32,486,0.18,1
11,9,10697,1,0,300,0.5,1700,0.5,1
11,10,4176,2,10,5,0,500,0.6,1000,0.2,1400,0.2,1
11,11,2882,1,0,300,0.5,572,0.32,486,0.18,1
