0,0,11969,2,10,5,0,500,0.6,1000,0.2,1400,0.2,1
0,1,9320,2,10,5,0,666,0.42,420,0.58,1
0,2,4659,2,10,5,0,500,0.6,1000,0.2,1400,0.2,1
0,3,14177,1,0,300,0.5,572,0.32,486,0.18,1
0,4,11416,1,0,500,0.6,1000,0.2,1400,0.2,1
0,5,1702,1,0,500,0.6,1000,0.2,1400,0.2,1
0,6,10241,1,0,300,0.5,1700,0.5,1
0,7,13051,0,0,666,0.42,420,0.58,1
0,8,9856,2,10,5,0,666,0.42,420,0.58,1
0,9,253,2,10,5,0,300,0.5,572,0.32,486,0.18,1
0,10,14890,1,0,500,0.6,1000,0.2,1400,0.2,1
0,11,7856,2,10,5,0,300,0.5,1700,0.5,1
1,0,1508,1,0,300,0.5,572,0.32,486,0.18,1
1,1,12374,0,0,300,0.5,572,0.32,486,0.18,1
1,2,11910,0,0,300,0.5,572,0.32,486,0.18,0
1,3,12315,0,0,666,0.42,420,0.58,1
1,4,5994,2,10,5,0,500,0.6,1000,0.2,1400,0.2,1
1,5,14827,0,0,300,0.5,572,0.32,486,0.18,1
1,6,3427,0,0,666,0.42,420,0.58,1
1,7,14323,1,0,666,0.42,420,0.58,1
1,8,14870,1,0,300,0.5,572,0.32,486,0.18,1
1,9,7289,0,0,666,0.42,420,0.58,1
1,10,1132,2,10,5,0,300,0.5,572,0.32,486,0.18,1
1,11,14109,2,10,5,0,300,0.5,572,0.32,486,0.18,1
2,0,7507,2,10,5,0,500,0.6,1000,0.2,1400,0.2,1
2,1,8503,1,0,300,0.5,572,0.32,486,0.18,1
2,2,8746,1,0,300,0.5,572,0.32,486,0.18,1
2,3,8661,1,0,666,0.42,420,0.58,1
2,4,14782,2,10,5,0,500,0.6,1000,0.2,1400,0.2,1
2,5,988,1,0,300,0.5,1700,0.5,1
2,6,7213,1,0,300,0.5,572,0.32,486,0.18,1
2,7,11791,1,0,300,0.5,572,0.32,486,0.18,1
2,8,8320,0,0,666,0.42,420,0.58,1
2,9,9419,0,0,300,0.5,1700,0.5,1
2,10,1566,1,0,300,0.5,572,0.32,486,0.18,1
2,11,8068,2,10,5,0,500,0.6,1000,0.2,1400,0.2,1
3,0,11365,2,10,5,0,666,0.42,420,0.58,1
3,1,7171,0,0,300,0.5,572,0.32,486,0.18,1
3,2,9922,0,0,666,0.42,420,0.58,1
3,3,12390,0,0,500,0.6,1000,0.2,1400,0.2,1
3,4,11948,0,0,300,0.5,1700,0.5,1
3,5,4063,2,10,5,0,666,0.42,420,0.58,1
3,6,535,0,0,300,0.5,1700,0.5,1
3,7,2854,2,10,5,0,300,0.5,572,0.32,486,0.18,1
3,8,11969,1,0,300,0.5,572,0.32,486,0.18,1
3,9,7575,2,10,5,0,666,0.42,420,0.58,1
3,10,8359,1,0,500,0.6,1000,0.2,1400,0.2,1
3,11,972,0,0,300,0.5,1700,0.5,1
4,0,1761,0,0,300,0.5,1700,0.5,1
4,1,6416,0,0,300,0.5,1700,0.5,1
4,2,14703,1,0,666,0.42,420,0.58,1
4,3,802,1,0,666,0.42,420,0.58,1
4,4,4455,2,10,5,0,300,0.5,1700,0.5,1
4,5,740,1,0,300,0.5,1700,0.5,1
4,6,5542,0,0,500,0.6,1000,0.2,1400,0.2,1
4,7,12835,0,0,300,0.5,1700,0.5,1
4,8,7733,0,0,300,0.5,1700,0.5,1
4,9,15,2,10,5,0,500,0.6,1000,0.2,1400,0.2,1
4,10,8024,1,0,666,0.42,420,0.58,1
4,11,9154,2,10,5,0,300,0.5,572,0.32,486,0.18,1
5,0,13604,2,10,5,0,666,0.42,420,0.58,1
5,1,8703,2,10,5,0,300,0.5,572,0.32,486,0.18,1
5,2,3132,0,0,300,0.5,572,0.32,486,0.18,1
5,3,3838,0,0,300,0.5,572,0.32,486,0.18,1
5,4,13481,0,0,300,0.5,572,0.32,486,0.18,1
5,5,1635,0,0,300,0.5,572,0.32,486,0.18,1
5,6,2719,1,0,500,0.6,1000,0.2,1400,0.2,1
5,7,11609,2,10,5,0,300,0.5,1700,0.5,1
5,8,8255,1,0,300,0.5,572,0.32,486,0.18,1
5,9,5230,2,10,5,0,300,0.5,1700,0.5,1
5,10,7259,2,10,5,0,666,0.42,420,0.58,1
5,11,1399,0,0,500,0.6,1000,0.2,1400,0.2,1
6,0,6791,0,0,666,0.42,420,0.58,1
6,1,6196,1,0,666,0.42,420,0.58,1
6,2,1872,1,0,666,0.42,420,0.58,1
6,3,1451,1,0,666,0.42,420,0.58,1
6,4,548,1,0,500,0.6,1000,0.2,1400,0.2,1
6,5,14207,1,0,300,0.5,1700,0.5,1
6,6,6483,2,10,5,0,300,0.5,1700,0.5,1
6,7,2032,0,0,300,0.5,572,0.32,486,0.18,1
6,8,4487,2,10,5,0,666,0.42,420,0.58,1
6,9,7973,1,0,500,0.6,1000,0.2,1400,0.2,1
6,10,2830,1,0,300,0.5,572,0.32,486,0.18,1
6,11,2655,0,0,300,0.5,572,0.32,486,0.18,1
7,0,6699,1,0,666,0.42,420,0.58,1
7,1,3784,1,0,666,0.42,420,0.58,1
7,2,14650,2,10,5,0,666,0.42,420,0.58,1
7,3,1514,1,0,300,0.5,572,0.32,486,0.18,1
7,4,1737,1,0,666,0.42,420,0.58,1
7,5,603,2,10,5,0,666,0.42,420,0.58,1
7,6,4331,0,0,300,0.5,1700,0.5,1
7,7,3114,1,0,300,0.5,572,0.32,486,0.18,1
7,8,11619,1,0,666,0.42,420,0.58,1
7,9,9398,2,10,5,0,500,0.6,1000,0.2,1400,0.2,1
7,10,13089,1,0,666,0.42,420,0.58,1
7,11,5717,1,0,300,0.5,572,0.32,486,0.18,1
8,0,5274,2,10,5,0,666,0.42,420,0.58,1
8,1,4401,0,0,300,0.5,1700,0.5,1
8,2,13381,0,0,300,0.5,1700,0.5,1
8,3,10308,0,0,300,0.5,1700,0.5,1
8,4,7745,0,0,666,0.42,420,0.58,1
8,5,9832,0,0,666,0.42,420,0.58,1
8,6,10172,0,0,300,0.5,1700,0.5,1
8,7,9024,1,0,300,0.5,572,0.32,486,0.18,1
8,8,4212,1,0,300,0.5,1700,0.5,1
8,9,11412,1,0,300,0.5,1700,0.5,1
8,10,2100,0,0,666,0.42,420,0.58,1
8,11,1728,1,0,300,0.5,572,0.32,486,0.18,1
9,0,11730,0,0,300,0.5,1700,0.5,1
9,1,4870,0,0,500,0.6,1000,0.2,1400,0.2,1
9,2,10012,1,0,300,0.5,1700,0.5,1
9,3,12896,1,0,500,0.6,1000,0.2,1400,0.2,1
9,4,13730,1,0,500,0.6,1000,0.2,1400,0.2,1
9,5,11740,0,0,300,0.5,1700,0.5,1
9,6,4324,1,0,300,0.5,572,0.32,486,0.18,1
9,7,9545,0,0,300,0.5,572,0.32,486,0.18,1
9,8,8192,2,10,5,0,666,0.42,420,0.58,1
9,9,12447,1,0,500,0.6,1000,0.2,1400,0.2,1
9,10,6415,2,10,5,0,300,0.5,572,0.32,486,0.18,1
9,11,3939,0,0,300,0.5,572,0.32,486,0.18,1
10,0,2702,0,0,300,0.5,572,0.32,486,0.18,1
10,1,11317,1,0,500,0.6,1000,0.2,1400,0.2,1
10,2,11406,1,0,666,0.42,420,0.58,1
10,3,9023,2,10,5,0,500,0.6,1000,0.2,1400,0.2,1
10,4,3806,0,0,300,0.5,572,0.32,486,0.18,1
10,5,572,2,10,5,0,500,0.6,1000,0.2,1400,0.2,1
10,6,11344,1,0,500,0.6,1000,0.2,1400,0.2,1
10,7,7363,2,10,5,0,300,0.5,1700,0.5,1
10,8,6739,0,0,666,0.42,420,0.58,1
10,9,2788,0,0,500,0.6,1000,0.2,1400,0.2,1
10,10,1633,0,0,500,0.6,1000,0.2,1400,0.2,1
10,11,10487,2,10,5,0,666,0.42,420,0.58,1
11,0,482,0,0,500,0.6,1000,0.2,1400,0.2,1
11,1,3352,0,0,500,0.6,1000,0.2,1400,0.2,1
11,2,13784,1,0,300,0.5,1700,0.5,1
11,3,8833,2,10,5,0,666,0.42,420,0.58,1
11,4,1370,0,0,666,0.42,420,0.58,1
11,5,7001,1,0,300,0.5,572,0.32,486,0.18,1
11,6,14481,0,0,500,0.6,1000,0.2,1400,0.2,1
11,7,8211,0,0,666,0.42,420,0.58,1
11,8,6402,0,0,500,0.6,1000,0.2,1400,0.2,1
11,9,4039,2,10,5,0,300,0.5,572,0.32,486,0.18,1
11,10,14100,2,10,5,0,666,0.42,420,0.58,1
11,11,6840,1,0,666,0.42,420,0.58,1
