0,0,8459,1,0,500,0.6,1000,0.2,1400,0.2,1
0,1,10699,2,10,5,0,666,0.42,420,0.58,1
0,2,14404,0,0,300,0.5,1700,0.5,1
0,3,13611,1,0,500,0.6,1000,0.2,1400,0.2,1
0,4,1380,1,0,666,0.42,420,0.58,1
0,5,7478,2,10,5,0,300,0.5,572,0.32,486,0.18,1
0,6,6008,2,10,5,0,300,0.5,1700,0.5,1
0,7,13280,0,0,666,0.42,420,0.58,1
0,8,1250,1,0,300,0.5,572,0.32,486,0.18,1
0,9,7866,2,10,5,0,666,0.42,420,0.58,1
0,10,13249,2,10,5,0,300,0.5,572,0.32,486,0.18,1
0,11,14926,1,0,666,0.42,420,0.58,1
1,0,9486,1,0,500,0.6,1000,0.2,1400,0.2,1
1,1,11125,0,0,500,0.6,1000,0.2,1400,0.2,1
1,2,4997,0,0,500,0.6,1000,0.2,1400,0.2,0
1,3,2234,0,0,300,0.5,572,0.32,486,0.18,1
1,4,13092,2,10,5,0,500,0.6,1000,0.2,1400,0.2,1
1,5,7112,2,10,5,0,666,0.42,420,0.58,1
1,6,12106,0,0,300,0.5,572,0.32,486,0.18,1
1,7,1269,2,10,5,0,300,0.5,1700,0.5,1
1,8,4730,1,0,500,0.6,1000,0.2,1400,0.2,1
1,9,4182,1,0,300,0.5,1700,0.5,1
1,10,2629,2,10,5,0,300,0.5,1700,0.5,1
1,11,6620,1,0,300,0.5,1700,0.5,1
2,0,7843,0,0,300,0.5,1700,0.5,1
2,1,14727,0,0,666,0.42,420,0.58,1
2,2,4047,0,0,300,0.5,1700,0.5,1
2,3,7667,2,10,5,0,300,0.5,572,0.32,486,0.18,1
2,4,7069,2,10,5,0,500,0.6,1000,0.2,1400,0.2,1
2,5,4822,2,10,5,0,300,0.5,572,0.32,486,0.18,1
2,6,8445,0,0,300,0.5,1700,0.5,1
2,7,14365,2,10,5,0,500,0.6,1000,0.2,1400,0.2,1
2,8,9935,2,10,5,0,500,0.6,1000,0.2,1400,0.2,1
2,9,10960,2,10,5,0,300,0.5,572,0.32,486,0.18,1
2,10,5879,2,10,5,0,500,0.6,1000,0.2,1400,0.2,1
2,11,4788,0,0,300,0.5,572,0.32,486,0.18,1
3,0,2498,2,10,5,0,500,0.6,1000,0.2,1400,0.2,1
3,1,3163,1,0,666,0.42,420,0.58,1
3,2,6965,1,0,300,0.5,572,0.32,486,0.18,1
3,3,5201,2,10,5,0,500,0.6,1000,0.2,1400,0.2,1
3,4,12466,2,10,5,0,666,0.42,420,0.58,1
3,5,6884,0,0,300,0.5,572,0.32,486,0.18,1
3,6,12625,0,0,666,0.42,420,0.58,1
3,7,4900,2,10,5,0,300,0.5,1700,0.5,1
3,8,9680,2,10,5,0,666,0.42,420,0.58,1
3,9,11974,0,0,666,0.42,420,0.58,1
3,10,13938,2,10,5,0,500,0.6,1000,0.2,1400,0.2,1
3,11,7846,1,0,500,0.6,1000,0.2,1400,0.2,1
4,0,7333,2,10,5,0,300,0.5,572,0.32,486,0.18,1
4,1,6709,2,10,5,0,300,0.5,1700,0.5,1
4,2,5579,1,0,666,0.42,420,0.58,1
4,3,5530,2,10,5,0,666,0.42,420,0.58,1
4,4,4908,2,10,5,0,300,0.5,1700,0.5,1
4,5,796,0,0,300,0.5,1700,0.5,1
4,6,1736,1,0,300,0.5,572,0.32,486,0.18,1
4,7,10494,1,0,300,0.5,1700,0.5,1
4,8,1300,2,10,5,0,300,0.5,572,0.32,486,0.18,1
4,9,9825,1,0,300,0.5,572,0.32,486,0.18,1
4,10,11483,1,0,300,0.5,572,0.32,486,0.18,1
4,11,3074,2,10,5,0,666,0.42,420,0.58,1
5,0,1904,0,0,666,0.42,420,0.58,1
5,1,1661,2,10,5,0,666,0.42,420,0.58,1
5,2,1749,1,0,300,0.5,572,0.32,486,0.18,1
5,3,10195,0,0,300,0.5,572,0.32,486,0.18,1
5,4,5429,2,10,5,0,666,0.42,420,0.58,1
5,5,14638,0,0,300,0.5,1700,0.5,1
5,6,11039,2,10,5,0,300,0.5,1700,0.5,1
5,7,11640,0,0,300,0.5,572,0.32,486,0.18,1
5,8,5229,1,0,300,0.5,572,0.32,486,0.18,1
5,9,1808,0,0,666,0.42,420,0.58,1
5,10,4611,1,0,300,0.5,1700,0.5,1
5,11,9835,1,0,666,0.42,420,0.58,1
6,0,13349,0,0,300,0.5,572,0.32,486,0.18,1
6,1,11210,0,0,666,0.42,420,0.58,1
6,2,8324,0,0,300,0.5,572,0.32,486,0.18,1
6,3,7791,2,10,5,0,300,0.5,1700,0.5,1
6,4,12632,0,0,300,0.5,1700,0.5,1
6,5,9845,1,0,666,0.42,420,0.58,1
6,6,4923,2,10,5,0,300,0.5,1700,0.5,1
6,7,11144,0,0,300,0.5,1700,0.5,1
6,8,11831,1,0,300,0.5,572,0.32,486,0.18,1
6,9,5277,0,0,500,0.6,1000,0.2,1400,0.2,1
6,10,12880,0,0,300,0.5,1700,0.5,1
6,11,6929,2,10,5,0,300,0.5,1700,0.5,1
7,0,11786,0,0,666,0.42,420,0.58,1
7,1,1389,0,0,500,0.6,1000,0.2,1400,0.2,1
7,2,6287,1,0,666,0.42,420,0.58,1
7,3,13470,2,10,5,0,666,0.42,420,0.58,1
7,4,9328,2,10,5,0,300,0.5,572,0.32,486,0.18,1
7,5,11201,0,0,300,0.5,1700,0.5,1
7,6,14089,2,10,5,0,666,0.42,420,0.58,1
7,7,8016,1,0,666,0.42,420,0.58,1
7,8,11993,0,0,300,0.5,572,0.32,486,0.18,1
7,9,9526,2,10,5,0,666,0.42,420,0.58,1
7,10,13265,2,10,5,0,500,0.6,1000,0.2,1400,0.2,1
7,11,6498,1,0,300,0.5,1700,0.5,1
8,0,13002,1,0,500,0.6,1000,0.2,1400,0.2,1
8,1,2898,2,10,5,0,300,0.5,572,0.32,486,0.18,1
8,2,4228,2,10,5,0,300,0.5,1700,0.5,1
8,3,10785,2,10,5,0,500,0.6,1000,0.2,1400,0.2,1
8,4,5040,0,0,300,0.5,1700,0.5,1
8,5,6652,1,0,300,0.5,572,0.32,486,0.18,1
8,6,13374,1,0,500,0.6,1000,0.2,1400,0.2,1
8,7,13658,2,10,5,0,300,0.5,572,0.32,486,0.18,1
8,8,1420,1,0,300,0.5,1700,0.5,1
8,9,3827,1,0,500,0.6,1000,0.2,1400,0.2,1
8,10,12978,1,0,500,0.6,1000,0.2,1400,0.2,1
8,11,9780,1,0,300,0.5,572,0.32,486,0.18,1
9,0,7252,0,0,666,0.42,420,0.58,1
9,1,4375,2,10,5,0,300,0.5,1700,0.5,1
9,2,9752,2,10,5,0,666,0.42,420,0.58,1
9,3,884,2,10,5,0,300,0.5,1700,0.5,1
9,4,11921,1,0,300,0.5,1700,0.5,1
9,5,5759,1,0,300,0.5,572,0.32,486,0.18,1
9,6,10695,2,10,5,0,500,0.6,1000,0.2,1400,0.2,1
9,7,11028,0,0,300,0.5,1700,0.5,1
9,8,10286,1,0,666,0.42,420,0.58,1
9,9,8571,1,0,500,0.6,1000,0.2,1400,0.2,1
9,10,9222,2,10,5,0,666,0.42,420,0.58,1
9,11,5251,0,0,666,0.42,420,0.58,1
10,0,5739,0,0,300,0.5,572,0.32,486,0.18,1
10,1,7450,2,10,5,0,300,0.5,572,0.32,486,0.18,1
10,2,13870,1,0,300,0.5,1700,0.5,1
10,3,7049,2,10,5,0,300,0.5,572,0.32,486,0.18,1
10,4,9330,0,0,666,0.42,420,0.58,1
10,5,8054,1,0,300,0.5,572,0.32,486,0.18,1
10,6,1887,2,10,5,0,500,0.6,1000,0.2,1400,0.2,1
10,7,10038,0,0,300,0.5,1700,0.5,1
10,8,4507,0,0,666,0.42,420,0.58,1
10,9,4810,2,10,5,0,300,0.5,1700,0.5,1
10,10,4140,0,0,300,0.5,572,0.32,486,0.18,1
10,11,334,2,10,5,0,300,0.5,1700,0.5,1
11,0,1859,2,10,5,0,300,0.5,572,0.32,486,0.18,1
11,1,3389,0,0,666,0.42,420,0.58,1
11,2,11853,2,10,5,0,666,0.42,420,0.58,1
11,3,4908,1,0,300,0.5,1700,0.5,1
11,4,5850,1,0,300,0.5,572,0.32,486,0.18,1
11,5,12873,0,0,666,0.42,420,0.58,1
11,6,7778,2,10,5,0,300,0.5,572,0.32,486,0.18,1
11,7,6364,0,0,666,0.42,420,0.58,1
11,8,4422,1,0,666,0.42,420,0.58,1
11,9,895,0,0,300,0.5,572,0.32,486,0.18,1
11,10,3107,0,0,500,0.6,1000,0.2,1400,0.2,1
11,11,8332,0,0,300,0.5,572,0.32,486,0.18,1
