0,0,952,1,0,500,0.6,1000,0.2,1400,0.2,1
0,1,7929,0,0,300,0.5,572,0.32,486,0.18,1
0,2,8853,0,0,666,0.42,420,0.58,1
0,3,11845,0,0,666,0.42,420,0.58,1
0,4,222,1,0,300,0.5,572,0.32,486,0.18,1
0,5,4598,2,10,5,0,300,0.5,1700,0.5,1
0,6,6950,2,10,5,0,300,0.5,1700,0.5,1
0,7,13599,1,0,300,0.5,1700,0.5,1
0,8,2853,1,0,300,0.5,1700,0.5,1
0,9,10804,1,0,300,0.5,572,0.32,486,0.18,1
0,10,7621,2,10,5,0,300,0.5,572,0.32,486,0.18,1
0,11,11163,2,10,5,0,300,0.5,1700,0.5,1
1,0,5129,2,10,5,0,300,0.5,1700,0.5,1
1,1,8910,0,0,300,0.5,1700,0.5,1
1,2,14984,1,0,666,0.42,420,0.58,0
1,3,13287,0,0,666,0.42,420,0.58,1
1,4,11208,2,10,5,0,300,0.5,572,0.32,486,0.18,1
1,5,14558,1,0,500,0.6,1000,0.2,1400,0.2,1
1,6,821,0,0,300,0.5,572,0.32,486,0.18,1
1,7,9884,2,10,5,0,300,0.5,1700,0.5,1
1,8,2117,0,0,500,0.6,1000,0.2,1400,0.2,1
1,9,322,1,0,300,0.5,572,0.32,486,0.18,1
1,10,9534,1,0,300,0.5,1700,0.5,1
1,11,5340,1,0,300,0.5,1700,0.5,1
2,0,3879,1,0,666,0.42,420,0.58,1
2,1,2730,0,0,300,0.5,572,0.32,486,0.18,1
2,2,6034,1,0,666,0.42,420,0.58,1
2,3,8958,2,10,5,0,500,0.6,1000,0.2,1400,0.2,1
2,4,14326,1,0,500,0.6,1000,0.2,1400,0.2,1
2,5,10584,0,0,500,0.6,1000,0.2,1400,0.2,1
2,6,7473,2,10,5,0,300,0.5,572,0.32,486,0.18,1
2,7,9912,1,0,500,0.6,1000,0.2,1400,0.2,1
2,8,2350,0,0,300,0.5,572,0.32,486,0.18,1
2,9,7066,2,10,5,0,500,0.6,1000,0.2,1400,0.2,1
2,10,9264,1,0,666,0.42,420,0.58,1
2,11,3353,1,0,300,0.5,572,0.32,486,0.18,1
3,0,833,0,0,500,0.6,1000,0.2,1400,0.2,1
3,1,725,2,10,5,0,666,0.42,420,0.58,1
3,2,6657,2,10,5,0,666,0.42,420,0.58,1
3,3,8944,0,0,666,0.42,420,0.58,1
3,4,6507,1,0,300,0.5,572,0.32,486,0.18,1
3,5,9775,0,0,300,0.5,572,0.32,486,0.18,1
3,6,2751,0,0,666,0.42,420,0.58,1
3,7,8731,1,0,300,0.5,1700,0.5,1
3,8,11084,1,0,500,0.6,1000,0.2,1400,0.2,1
3,9,8528,1,0,300,0.5,1700,0.5,1
3,10,11162,2,10,5,0,300,0.5,1700,0.5,1
3,11,1163,2,10,5,0,300,0.5,1700,0.5,1
4,0,5640,0,0,500,0.6,1000,0.2,1400,0.2,1
4,1,13372,1,0,500,0.6,1000,0.2,1400,0.2,1
4,2,9023,2,10,5,0,500,0.6,1000,0.2,1400,0.2,1
4,3,4182,1,0,500,0.6,1000,0.2,1400,0.2,1
4,4,12905,2,10,5,0,666,0.42,420,0.58,1
4,5,283,0,0,666,0.42,420,0.58,1
4,6,7116,0,0,666,0.42,420,0.58,1
4,7,2680,2,10,5,0,500,0.6,1000,0.2,1400,0.2,1
4,8,3954,1,0,300,0.5,1700,0.5,1
4,9,32,2,10,5,0,300,0.5,1700,0.5,1
4,10,11614,2,10,5,0,300,0.5,1700,0.5,1
4,11,1173,1,0,300,0.5,1700,0.5,1
5,0,12543,1,0,666,0.42,420,0.58,1
5,1,9636,1,0,500,0.6,1000,0.2,1400,0.2,1
5,2,12092,2,10,5,0,300,0.5,572,0.32,486,0.18,1
5,3,14095,1,0,300,0.5,572,0.32,486,0.18,1
5,4,1394,2,10,5,0,300,0.5,572,0.32,486,0.18,1
5,5,1124,2,10,5,0,300,0.5,572,0.32,486,0.18,1
5,6,13490,0,0,666,0.42,420,0.58,1
5,7,4659,2,10,5,0,300,0.5,572,0.32,486,0.18,1
5,8,7148,1,0,500,0.6,1000,0.2,1400,0.2,1
5,9,1326,2,10,5,0,666,0.42,420,0.58,1
5,10,3883,2,10,5,0,300,0.5,1700,0.5,1
5,11,14884,1,0,300,0.5,572,0.32,486,0.18,1
6,0,13256,2,10,5,0,300,0.5,572,0.32,486,0.18,1
6,1,748,2,10,5,0,666,0.42,420,0.58,1
6,2,2410,1,0,500,0.6,1000,0.2,1400,0.2,1
6,3,7340,2,10,5,0,300,0.5,1700,0.5,1
6,4,3601,1,0,300,0.5,572,0.32,486,0.18,1
6,5,4266,1,0,500,0.6,1000,0.2,1400,0.2,1
6,6,4307,0,0,300,0.5,1700,0.5,1
6,7,11860,1,0,300,0.5,572,0.32,486,0.18,1
6,8,11427,2,10,5,0,300,0.5,572,0.32,486,0.18,1
6,9,10519,1,0,300,0.5,572,0.32,486,0.18,1
6,10,7897,1,0,500,0.6,1000,0.2,1400,0.2,1
6,11,13271,1,0,300,0.5,572,0.32,486,0.18,1
7,0,5004,2,10,5,0,300,0.5,572,0.32,486,0.18,1
7,1,4549,1,0,666,0.42,420,0.58,1
7,2,8549,1,0,300,0.5,1700,0.5,1
7,3,1391,0,0,300,0.5,572,0.32,486,0.18,1
7,4,14176,2,10,5,0,666,0.42,420,0.58,1
7,5,10860,1,0,300,0.5,572,0.32,486,0.18,1
7,6,11191,2,10,5,0,500,0.6,1000,0.2,1400,0.2,1
7,7,14131,0,0,300,0.5,572,0.32,486,0.18,1
7,8,9995,2,10,5,0,300,0.5,1700,0.5,1
7,9,11934,1,0,300,0.5,1700,0.5,1
7,10,2361,0,0,300,0.5,1700,0.5,1
7,11,7391,1,0,300,0.5,572,0.32,486,0.18,1
8,0,9322,0,0,300,0.5,572,0.32,486,0.18,1
8,1,1643,1,0,666,0.42,420,0.58,1
8,2,13188,2,10,5,0,300,0.5,572,0.32,486,0.18,1
8,3,5104,1,0,500,0.6,1000,0.2,1400,0.2,1
8,4,26,2,10,5,0,300,0.5,1700,0.5,1
8,5,11544,2,10,5,0,300,0.5,1700,0.5,1
8,6,3157,1,0,500,0.6,1000,0.2,1400,0.2,1
8,7,1986,1,0,300,0.5,572,0.32,486,0.18,1
8,8,8666,1,0,500,0.6,1000,0.2,1400,0.2,1
8,9,4425,1,0,300,0.5,1700,0.5,1
8,10,12086,0,0,300,0.5,1700,0.5,1
8,11,6825,0,0,666,0.42,420,0.58,1
9,0,1939,2,10,5,0,666,0.42,420,0.58,1
9,1,11178,2,10,5,0,500,0.6,1000,0.2,1400,0.2,1
9,2,1625,0,0,300,0.5,1700,0.5,1
9,3,1373,0,0,300,0.5,572,0.32,486,0.18,1
9,4,672,0,0,500,0.6,1000,0.2,1400,0.2,1
9,5,8905,2,10,5,0,500,0.6,1000,0.2,1400,0.2,1
9,6,6556,2,10,5,0,666,0.42,420,0.58,1
9,7,9735,1,0,666,0.42,420,0.58,1
9,8,9381,1,0,300,0.5,572,0.32,486,0.18,1
9,9,3319,1,0,666,0.42,420,0.58,1
9,10,3652,2,10,5,0,500,0.6,1000,0.2,1400,0.2,1
9,11,7466,2,10,5,0,500,0.6,1000,0.2,1400,0.2,1
10,0,12118,0,0,500,0.6,1000,0.2,1400,0.2,1
10,1,2949,2,10,5,0,300,0.5,1700,0.5,1
10,2,8389,2,10,5,0,300,0.5,572,0.32,486,0.18,1
10,3,4878,1,0,300,0.5,1700,0.5,1
10,4,6378,2,10,5,0,300,0.5,1700,0.5,1
10,5,5861,1,0,300,0.5,1700,0.5,1
10,6,6535,1,0,300,0.5,1700,0.5,1
10,7,8317,0,0,300,0.5,572,0.32,486,0.18,1
10,8,12400,2,10,5,0,300,0.5,572,0.32,486,0.18,1
10,9,6015,2,10,5,0,666,0.42,420,0.58,1
10,10,3858,1,0,300,0.5,572,0.32,486,0.18,1
10,11,8894,0,0,666,0.42,420,0.58,1
11,0,10120,1,0,666,0.42,420,0.58,1
11,1,13426,2,10,5,0,666,0.42,420,0.58,1
11,2,9630,0,0,666,0.42,420,0.58,1
11,3,787,0,0,300,0.5,1700,0.5,1
11,4,8287,0,0,666,0.42,420,0.58,1
11,5,6579,1,0,300,0.5,572,0.32,486,0.18,1
11,6,13696,1,0,300,0.5,572,0.32,486,0.18,1
11,7,327,2,10,5,0,500,0.6,1000,0.2,1400,0.2,1
11,8,5323,0,0,300,0.5,572,0.32,486,0.18,1
11,9,13085,1,0,500,0.6,1000,0.2,1400,0.2,1
11,10,13473,1,0,500,0.6,1000,0.2,1400,0.2,1
11,11,3417,0,0,300,0.5,572,0.32,486,0.18,1
