0,0,13788,1,0,666,0.42,420,0.58,1
0,1,9113,1,0,666,0.42,420,0.58,1
0,2,1337,0,0,300,0.5,572,0.32,486,0.18,1
0,3,8433,0,0,666,0.42,420,0.58,1
0,4,3018,1,0,666,0.42,420,0.58,1
0,5,1417,1,0,300,0.5,1700,0.5,1
0,6,12753,1,0,300,0.5,1700,0.5,1
0,7,4287,1,0,300,0.5,1700,0.5,1
0,8,12601,2,10,5,0,666,0.42,420,0.58,1
0,9,14538,2,10,5,0,300,0.5,572,0.32,486,0.18,1
0,10,8375,0,0,300,0.5,1700,0.5,1
0,11,10440,1,0,666,0.42,420,0.58,1
1,0,4671,1,0,666,0.42,420,0.58,1
1,1,13732,1,0,666,0.42,420,0.58,1
1,2,13936,2,10,5,0,500,0.6,1000,0.2,1400,0.2,0
1,3,3735,1,0,500,0.6,1000,0.2,1400,0.2,1
1,4,7558,2,10,5,0,500,0.6,1000,0.2,1400,0.2,1
1,5,2205,1,0,300,0.5,572,0.32,486,0.18,1
1,6,14731,2,10,5,0,500,0.6,1000,0.2,1400,0.2,1
1,7,2372,0,0,300,0.5,1700,0.5,1
1,8,10554,0,0,300,0.5,1700,0.5,1
1,9,14708,0,0,300,0.5,1700,0.5,1
1,10,5470,2,10,5,0,300,0.5,572,0.32,486,0.18,1
1,11,9395,1,0,300,0.5,1700,0.5,1
2,0,4287,1,0,666,0.42,420,0.58,1
2,1,10036,1,0,300,0.5,572,0.32,486,0.18,1
2,2,12331,2,10,5,0,300,0.5,1700,0.5,1
2,3,6898,1,0,300,0.5,1700,0.5,1
2,4,7618,0,0,666,0.42,420,0.58,1
2,5,2543,1,0,300,0.5,1700,0.5,1
2,6,13061,1,0,300,0.5,572,0.32,486,0.18,1
2,7,8199,1,0,500,0.6,1000,0.2,1400,0.2,1
2,8,5814,1,0,300,0.5,572,0.32,486,0.18,1
2,9,13266,2,10,5,0,300,0.5,1700,0.5,1
2,10,5375,2,10,5,0,300,0.5,572,0.32,486,0.18,1
2,11,10432,2,10,5,0,500,0.6,1000,0.2,1400,0.2,1
3,0,14831,0,0,500,0.6,1000,0.2,1400,0.2,1
3,1,14570,1,0,666,0.42,420,0.58,1
3,2,11920,0,0,300,0.5,572,0.32,486,0.18,1
3,3,14528,1,0,300,0.5,572,0.32,486,0.18,1
3,4,7824,2,10,5,0,666,0.42,420,0.58,1
3,5,10925,1,0,500,0.6,1000,0.2,1400,0.2,1
3,6,4014,0,0,300,0.5,572,0.32,486,0.18,1
3,7,2372,2,10,5,0,300,0.5,572,0.32,486,0.18,1
3,8,14566,2,10,5,0,666,0.42,420,0.58,1
3,9,7687,1,0,300,0.5,1700,0.5,1
3,10,3039,0,0,666,0.42,420,0.58,1
3,11,7654,1,0,666,0.42,420,0.58,1
4,0,8155,1,0,666,0.42,420,0.58,1
4,1,6449,1,0,666,0.42,420,0.58,1
4,2,13455,2,10,5,0,500,0.6,1000,0.2,1400,0.2,1
4,3,11470,0,0,666,0.42,420,0.58,1
4,4,4677,0,0,500,0.6,1000,0.2,1400,0.2,1
4,5,6644,0,0,666,0.42,420,0.58,1
4,6,9066,1,0,300,0.5,572,0.32,486,0.18,1
4,7,14145,1,0,500,0.6,1000,0.2,1400,0.2,1
4,8,869,1,0,300,0.5,572,0.32,486,0.18,1
4,9,2298,2,10,5,0,666,0.42,420,0.58,1
4,10,14496,0,0,666,0.42,420,0.58,1
4,11,14362,0,0,666,0.42,420,0.58,1
5,0,1348,2,10,5,0,500,0.6,1000,0.2,1400,0.2,1
5,1,14308,2,10,5,0,300,0.5,1700,0.5,1
5,2,3630,1,0,500,0.6,1000,0.2,1400,0.2,1
5,3,12067,1,0,300,0.5,1700,0.5,1
5,4,11288,0,0,300,0.5,572,0.32,486,0.18,1
5,5,4324,1,0,300,0.5,572,0.32,486,0.18,1
5,6,5357,1,0,666,0.42,420,0.58,1
5,7,1937,1,0,300,0.5,572,0.32,486,0.18,1
5,8,12012,0,0,300,0.5,572,0.32,486,0.18,1
5,9,14732,0,0,300,0.5,1700,0.5,1
5,10,7379,2,10,5,0,300,0.5,572,0.32,486,0.18,1
5,11,11990,1,0,300,0.5,1700,0.5,1
6,0,14351,0,0,300,0.5,1700,0.5,1
6,1,5173,1,0,500,0.6,1000,0.2,1400,0.2,1
6,2,7766,1,0,666,0.42,420,0.58,1
6,3,5273,2,10,5,0,500,0.6,1000,0.2,1400,0.2,1
6,4,81,0,0,500,0.6,1000,0.2,1400,0.2,1
6,5,12508,0,0,666,0.42,420,0.58,1
6,6,10773,2,10,5,0,300,0.5,572,0.32,486,0.18,1
6,7,8400,2,10,5,0,300,0.5,572,0.32,486,0.18,1
6,8,13740,1,0,300,0.5,572,0.32,486,0.18,1
6,9,113,1,0,500,0.6,1000,0.2,1400,0.2,1
6,10,6653,0,0,300,0.5,572,0.32,486,0.18,1
6,11,12481,2,10,5,0,300,0.5,572,0.32,486,0.18,1
7,0,6732,1,0,300,0.5,572,0.32,486,0.18,1
7,1,3737,0,0,666,0.42,420,0.58,1
7,2,14874,1,0,666,0.42,420,0.58,1
7,3,9650,2,10,5,0,500,0.6,1000,0.2,1400,0.2,1
7,4,5706,0,0,300,0.5,572,0.32,486,0.18,1
7,5,2252,2,10,5,0,300,0.5,1700,0.5,1
7,6,2797,1,0,300,0.5,1700,0.5,1
7,7,11457,0,0,300,0.5,572,0.32,486,0.18,1
7,8,7066,0,0,666,0.42,420,0.58,1
7,9,10896,2,10,5,0,666,0.42,420,0.58,1
7,10,7928,0,0,666,0.42,420,0.58,1
7,11,11313,0,0,300,0.5,572,0.32,486,0.18,1
8,0,8575,2,10,5,0,300,0.5,572,0.32,486,0.18,1
8,1,5865,0,0,666,0.42,420,0.58,1
8,2,13321,1,0,500,0.6,1000,0.2,1400,0.2,1
8,3,14839,1,0,666,0.42,420,0.58,1
8,4,7216,2,10,5,0,300,0.5,1700,0.5,1
8,5,13799,1,0,300,0.5,1700,0.5,1
8,6,3405,0,0,500,0.6,1000,0.2,1400,0.2,1
8,7,3055,0,0,500,0.6,1000,0.2,1400,0.2,1
8,8,13692,1,0,300,0.5,1700,0.5,1
8,9,10518,2,10,5,0,666,0.42,420,0.58,1
8,10,10427,0,0,500,0.6,1000,0.2,1400,0.2,1
8,11,5720,0,0,300,0.5,1700,0.5,1
9,0,633,1,0,666,0.42,420,0.58,1
9,1,11068,2,10,5,0,500,0.6,1000,0.2,1400,0.2,1
9,2,2500,2,10,5,0,666,0.42,420,0.58,1
9,3,12285,0,0,300,0.5,1700,0.5,1
9,4,3474,1,0,300,0.5,1700,0.5,1
9,5,1972,1,0,666,0.42,420,0.58,1
9,6,1283,0,0,300,0.5,572,0.32,486,0.18,1
9,7,8502,0,0,300,0.5,1700,0.5,1
9,8,14971,0,0,500,0.6,1000,0.2,1400,0.2,1
9,9,9945,1,0,300,0.5,572,0.32,486,0.18,1
9,10,3839,0,0,300,0.5,572,0.32,486,0.18,1
9,11,5803,2,10,5,0,500,0.6,1000,0.2,1400,0.2,1
10,0,1217,0,0,666,0.42,420,0.58,1
10,1,7566,0,0,300,0.5,572,0.32,486,0.18,1
10,2,14913,2,10,5,0,300,0.5,1700,0.5,1
10,3,13051,1,0,666,0.42,420,0.58,1
10,4,14249,0,0,666,0.42,420,0.58,1
10,5,12697,0,0,300,0.5,572,0.32,486,0.18,1
10,6,6990,1,0,500,0.6,1000,0.2,1400,0.2,1
10,7,14084,2,10,5,0,500,0.6,1000,0.2,1400,0.2,1
10,8,9647,0,0,666,0.42,420,0.58,1
10,9,10998,1,0,300,0.5,1700,0.5,1
10,10,9987,2,10,5,0,300,0.5,572,0.32,486,0.18,1
10,11,1063,1,0,500,0.6,1000,0.2,1400,0.2,1
11,0,7163,1,0,500,0.6,1000,0.2,1400,0.2,1
11,1,1456,2,10,5,0,666,0.42,420,0.58,1
11,2,9422,1,0,300,0.5,572,0.32,486,0.18,1
11,3,10863,1,0,500,0.6,1000,0.2,1400,0.2,1
11,4,6380,0,0,666,0.42,420,0.58,1
11,5,6141,1,0,300,0.5,1700,0.5,1
11,6,11661,1,0,300,0.5,1700,0.5,1
11,7,8563,2,10,5,0,500,0.6,1000,0.2,1400,0.2,1
11,8,4834,0,0,300,0.5,1700,0.5,1
11,9,9890,2,10,5,0,300,0.5,572,0.32,486,0.18,1
11,10,8220,0,0,300,0.5,1700,0.5,1
11,11,5577,1,0,500,0.6,1000,0.2,1400,0.2,1
