0,0,9698,0,0,500,0.6,1000,0.2,1400,0.2,1
0,1,10471,2,10,5,0,300,0.5,572,0.32,486,0.18,1
0,2,504,2,10,5,0,300,0.5,572,0.32,486,0.18,1
0,3,904,0,0,300,0.5,1700,0.5,1
0,4,6878,2,10,5,0,300,0.5,572,0.32,486,0.18,1
0,5,13424,1,0,500,0.6,1000,0.2,1400,0.2,1
0,6,9784,0,0,300,0.5,572,0.32,486,0.18,1
0,7,13618,0,0,500,0.6,1000,0.2,1400,0.2,1
0,8,13450,1,0,300,0.5,1700,0.5,1
0,9,1275,1,0,500,0.6,1000,0.2,1400,0.2,1
0,10,671,0,0,300,0.5,1700,0.5,1
0,11,3643,2,10,5,0,666,0.42,420,0.58,1
1,0,5914,1,0,666,0.42,420,0.58,1
1,1,6555,0,0,300,0.5,1700,0.5,1
1,2,12157,2,10,5,0,500,0.6,1000,0.2,1400,0.2,0
1,3,10372,0,0,500,0.6,1000,0.2,1400,0.2,1
1,4,4615,2,10,5,0,300,0.5,572,0.32,486,0.18,1
1,5,2834,2,10,5,0,500,0.6,1000,0.2,1400,0.2,1
1,6,7768,1,0,300,0.5,1700,0.5,1
1,7,3885,2,10,5,0,500,0.6,1000,0.2,1400,0.2,1
1,8,13687,0,0,500,0.6,1000,0.2,1400,0.2,1
1,9,6894,1,0,666,0.42,420,0.58,1
1,10,5929,1,0,500,0.6,1000,0.2,1400,0.2,1
1,11,194,0,0,300,0.5,1700,0.5,1
2,0,12806,2,10,5,0,500,0.6,1000,0.2,1400,0.2,1
2,1,14006,1,0,666,0.42,420,0.58,1
2,2,6729,2,10,5,0,300,0.5,572,0.32,486,0.18,1
2,3,2982,0,0,500,0.6,1000,0.2,1400,0.2,1
2,4,9317,0,0,300,0.5,572,0.32,486,0.18,1
2,5,13747,2,10,5,0,300,0.5,572,0.32,486,0.18,1
2,6,1867,1,0,300,0.5,572,0.32,486,0.18,1
2,7,4294,0,0,666,0.42,420,0.58,1
2,8,2249,0,0,300,0.5,572,0.32,486,0.18,1
2,9,14253,2,10,5,0,300,0.5,1700,0.5,1
2,10,3648,1,0,300,0.5,1700,0.5,1
2,11,1197,0,0,300,0.5,1700,0.5,1
3,0,8304,1,0,666,0.42,420,0.58,1
3,1,4173,2,10,5,0,666,0.42,420,0.58,1
3,2,4837,0,0,500,0.6,1000,0.2,1400,0.2,1
3,3,9219,0,0,500,0.6,1000,0.2,1400,0.2,1
3,4,2733,0,0,300,0.5,572,0.32,486,0.18,1
3,5,1827,0,0,666,0.42,420,0.58,1
3,6,3034,0,0,300,0.5,1700,0.5,1
3,7,916,2,10,5,0,500,0.6,1000,0.2,1400,0.2,1
3,8,7780,0,0,500,0.6,1000,0.2,1400,0.2,1
3,9,5611,0,0,300,0.5,572,0.32,486,0.18,1
3,10,5721,0,0,500,0.6,1000,0.2,1400,0.2,1
3,11,13446,0,0,300,0.5,1700,0.5,1
4,0,12271,1,0,666,0.42,420,0.58,1
4,1,515,2,10,5,0,300,0.5,572,0.32,486,0.18,1
4,2,14298,2,10,5,0,300,0.5,572,0.32,486,0.18,1
4,3,4931,1,0,300,0.5,1700,0.5,1
4,4,12179,1,0,500,0.6,1000,0.2,1400,0.2,1
4,5,8716,0,0,666,0.42,420,0.58,1
4,6,10404,1,0,666,0.42,420,0.58,1
4,7,7366,1,0,300,0.5,572,0.32,486,0.18,1
4,8,10736,1,0,666,0.42,420,0.58,1
4,9,11655,0,0,666,0.42,420,0.58,1
4,10,972,0,0,666,0.42,420,0.58,1
4,11,5905,0,0,300,0.5,1700,0.5,1
5,0,11305,1,0,666,0.42,420,0.58,1
5,1,6276,2,10,5,0,300,0.5,572,0.32,486,0.18,1
5,2,9786,1,0,666,0.42,420,0.58,1
5,3,14295,1,0,300,0.5,572,0.32,486,0.18,1
5,4,12973,0,0,500,0.6,1000,0.2,1400,0.2,1
5,5,8953,2,10,5,0,300,0.5,1700,0.5,1
5,6,11197,0,0,666,0.42,420,0.58,1
5,7,11635,2,10,5,0,666,0.42,420,0.58,1
5,8,4281,1,0,300,0.5,572,0.32,486,0.18,1
5,9,2360,2,10,5,0,300,0.5,1700,0.5,1
5,10,61,2,10,5,0,300,0.5,572,0.32,486,0.18,1
5,11,13964,1,0,300,0.5,572,0.32,486,0.18,1
6,0,3881,0,0,300,0.5,572,0.32,486,0.18,1
6,1,12030,1,0,666,0.42,420,0.58,1
6,2,13639,1,0,666,0.42,420,0.58,1
6,3,7515,0,0,500,0.6,1000,0.2,1400,0.2,1
6,4,6086,1,0,666,0.42,420,0.58,1
6,5,11371,1,0,300,0.5,572,0.32,486,0.18,1
6,6,10296,1,0,666,0.42,420,0.58,1
6,7,2819,2,10,5,0,300,0.5,572,0.32,486,0.18,1
6,8,655,0,0,300,0.5,1700,0.5,1
6,9,11890,2,10,5,0,300,0.5,1700,0.5,1
6,10,11526,1,0,666,0.42,420,0.58,1
6,11,6156,0,0,300,0.5,572,0.32,486,0.18,1
7,0,13337,1,0,666,0.42,420,0.58,1
7,1,485,1,0,500,0.6,1000,0.2,1400,0.2,1
7,2,4091,0,0,300,0.5,572,0.32,486,0.18,1
7,3,9107,0,0,300,0.5,572,0.32,486,0.18,1
7,4,12661,2,10,5,0,500,0.6,1000,0.2,1400,0.2,1
7,5,2899,2,10,5,0,666,0.42,420,0.58,1
7,6,7913,2,10,5,0,300,0.5,1700,0.5,1
7,7,6122,2,10,5,0,500,0.6,1000,0.2,1400,0.2,1
7,8,930,2,10,5,0,500,0.6,1000,0.2,1400,0.2,1
7,9,9960,0,0,666,0.42,420,0.58,1
7,10,13777,2,10,5,0,500,0.6,1000,0.2,1400,0.2,1
7,11,3924,1,0,300,0.5,1700,0.5,1
8,0,7637,1,0,666,0.42,420,0.58,1
8,1,11215,1,0,500,0.6,1000,0.2,1400,0.2,1
8,2,11979,1,0,500,0.6,1000,0.2,1400,0.2,1
8,3,8875,1,0,666,0.42,420,0.58,1
8,4,12598,2,10,5,0,666,0.42,420,0.58,1
8,5,9732,2,10,5,0,300,0.5,1700,0.5,1
8,6,5235,1,0,666,0.42,420,0.58,1
8,7,10268,0,0,300,0.5,572,0.32,486,0.18,1
8,8,10084,1,0,500,0.6,1000,0.2,1400,0.2,1
8,9,7085,2,10,5,0,300,0.5,572,0.32,486,0.18,1
8,10,8089,2,10,5,0,300,0.5,1700,0.5,1
8,11,8728,2,10,5,0,666,0.42,420,0.58,1
9,0,3425,1,0,300,0.5,572,0.32,486,0.18,1
9,1,9818,0,0,300,0.5,572,0.32,486,0.18,1
9,2,7637,0,0,300,0.5,572,0.32,486,0.18,1
9,3,5709,2,10,5,0,500,0.6,1000,0.2,1400,0.2,1
9,4,6687,2,10,5,0,300,0.5,572,0.32,486,0.18,1
9,5,2278,2,10,5,0,300,0.5,572,0.32,486,0.18,1
9,6,12769,2,10,5,0,666,0.42,420,0.58,1
9,7,2111,1,0,500,0.6,1000,0.2,1400,0.2,1
9,8,3678,1,0,300,0.5,572,0.32,486,0.18,1
9,9,6428,1,0,300,0.5,1700,0.5,1
9,10,11573,2,10,5,0,666,0.42,420,0.58,1
9,11,12122,2,10,5,0,300,0.5,1700,0.5,1
10,0,1692,0,0,300,0.5,572,0.32,486,0.18,1
10,1,11057,2,10,5,0,300,0.5,572,0.32,486,0.18,1
10,2,6292,1,0,666,0.42,420,0.58,1
10,3,13705,1,0,666,0.42,420,0.58,1
10,4,13331,0,0,300,0.5,1700,0.5,1
10,5,14526,0,0,300,0.5,1700,0.5,1
10,6,14092,0,0,666,0.42,420,0.58,1
10,7,4885,0,0,666,0.42,420,0.58,1
10,8,110,2,10,5,0,500,0.6,1000,0.2,1400,0.2,1
10,9,14813,1,0,500,0.6,1000,0.2,1400,0.2,1
10,10,5915,0,0,300,0.5,572,0.32,486,0.18,1
10,11,5425,0,0,300,0.5,1700,0.5,1
11,0,5961,1,0,300,0.5,1700,0.5,1
11,1,8215,0,0,500,0.6,1000,0.2,1400,0.2,1
11,2,1862,0,0,300,0.5,572,0.32,486,0.18,1
11,3,12569,2,10,5,0,300,0.5,1700,0.5,1
11,4,10114,1,0,500,0.6,1000,0.2,1400,0.2,1
11,5,13920,1,0,500,0.6,1000,0.2,1400,0.2,1
11,6,10130,1,0,500,0.6,1000,0.2,1400,0.2,1
11,7,13627,2,10,5,0,300,0.5,572,0.32,486,0.18,1
11,8,1984,1,0,300,0.5,1700,0.5,1
11,9,14492,1,0,300,0.5,1700,0.5,1
11,10,10420,0,0,666,0.42,420,0.58,1
11,11,11880,2,10,5,0,300,0.5,572,0.32,486,0.18,1
