0,0,161,1,0,500,0.6,1000,0.2,1400,0.2,1
0,1,3640,2,10,5,0,666,0.42,420,0.58,1
0,2,6478,2,10,5,0,300,0.5,1700,0.5,1
0,3,6891,0,0,500,0.6,1000,0.2,1400,0.2,1
0,4,10175,0,0,666,0.42,420,0.58,1
0,5,9531,1,0,300,0.5,572,0.32,486,0.18,1
0,6,14656,2,10,5,0,500,0.6,1000,0.2,1400,0.2,1
0,7,4040,0,0,300,0.5,1700,0.5,1
0,8,7444,2,10,5,0,666,0.42,420,0.58,1
0,9,4879,1,0,300,0.5,572,0.32,486,0.18,1
0,10,3540,1,0,300,0.5,572,0.32,486,0.18,1
0,11,7144,1,0,666,0.42,420,0.58,1
1,0,14645,0,0,500,0.6,1000,0.2,1400,0.2,1
1,1,14550,0,0,300,0.5,1700,0.5,1
1,2,11655,2,10,5,0,500,0.6,1000,0.2,1400,0.2,0
1,3,14194,1,0,300,0.5,572,0.32,486,0.18,1
1,4,13818,0,0,300,0.5,1700,0.5,1
1,5,10588,1,0,500,0.6,1000,0.2,1400,0.2,1
1,6,3438,0,0,500,0.6,1000,0.2,1400,0.2,1
1,7,764,2,10,5,0,500,0.6,1000,0.2,1400,0.2,1
1,8,1027,1,0,300,0.5,572,0.32,486,0.18,1
1,9,1215,2,10,5,0,300,0.5,1700,0.5,1
1,10,14969,1,0,300,0.5,1700,0.5,1
1,11,4529,0,0,300,0.5,1700,0.5,1
2,0,9805,1,0,300,0.5,1700,0.5,1
2,1,1647,0,0,300,0.5,572,0.32,486,0.18,1
2,2,6098,2,10,5,0,300,0.5,572,0.32,486,0.18,1
2,3,5954,0,0,500,0.6,1000,0.2,1400,0.2,1
2,4,9791,1,0,300,0.5,572,0.32,486,0.18,1
2,5,7246,0,0,300,0.5,572,0.32,486,0.18,1
2,6,13982,1,0,500,0.6,1000,0.2,1400,0.2,1
2,7,14688,1,0,666,0.42,420,0.58,1
2,8,12126,2,10,5,0,300,0.5,1700,0.5,1
2,9,5004,2,10,5,0,300,0.5,1700,0.5,1
2,10,5965,1,0,666,0.42,420,0.58,1
2,11,277,0,0,300,0.5,572,0.32,486,0.18,1
3,0,10388,0,0,300,0.5,1700,0.5,1
3,1,10927,1,0,500,0.6,1000,0.2,1400,0.2,1
3,2,789,1,0,666,0.42,420,0.58,1
3,3,5558,2,10,5,0,666,0.42,420,0.58,1
3,4,7085,2,10,5,0,300,0.5,572,0.32,486,0.18,1
3,5,2439,0,0,300,0.5,1700,0.5,1
3,6,14089,1,0,500,0.6,1000,0.2,1400,0.2,1
3,7,12408,0,0,300,0.5,1700,0.5,1
3,8,2621,2,10,5,0,300,0.5,572,0.32,486,0.18,1
3,9,11552,2,10,5,0,500,0.6,1000,0.2,1400,0.2,1
3,10,12244,1,0,300,0.5,1700,0.5,1
3,11,753,1,0,300,0.5,1700,0.5,1
4,0,5499,2,10,5,0,300,0.5,572,0.32,486,0.18,1
4,1,1622,1,0,500,0.6,1000,0.2,1400,0.2,1
4,2,4219,1,0,300,0.5,1700,0.5,1
4,3,14311,1,0,300,0.5,1700,0.5,1
4,4,7453,1,0,300,0.5,1700,0.5,1
4,5,7714,1,0,300,0.5,572,0.32,486,0.18,1
4,6,5254,2,10,5,0,500,0.6,1000,0.2,1400,0.2,1
4,7,788,0,0,300,0.5,572,0.32,486,0.18,1
4,8,9869,0,0,300,0.5,572,0.32,486,0.18,1
4,9,11477,0,0,500,0.6,1000,0.2,1400,0.2,1
4,10,5884,2,10,5,0,300,0.5,1700,0.5,1
4,11,7253,2,10,5,0,500,0.6,1000,0.2,1400,0.2,1
5,0,12635,2,10,5,0,500,0.6,1000,0.2,1400,0.2,1
5,1,10308,0,0,300,0.5,1700,0.5,1
5,2,13714,1,0,500,0.6,1000,0.2,1400,0.2,1
5,3,4981,1,0,666,0.42,420,0.58,1
5,4,10131,1,0,300,0.5,572,0.32,486,0.18,1
5,5,9804,1,0,300,0.5,572,0.32,486,0.18,1
5,6,7748,2,10,5,0,300,0.5,1700,0.5,1
5,7,14609,2,10,5,0,300,0.5,572,0.32,486,0.18,1
5,8,3521,2,10,5,0,666,0.42,420,0.58,1
5,9,10707,0,0,300,0.5,572,0.32,486,0.18,1
5,10,6397,0,0,300,0.5,572,0.32,486,0.18,1
5,11,7530,1,0,300,0.5,1700,0.5,1
6,0,3474,1,0,300,0.5,572,0.32,486,0.18,1
6,1,257,0,0,300,0.5,572,0.32,486,0.18,1
6,2,7149,0,0,300,0.5,1700,0.5,1
6,3,14659,1,0,500,0.6,1000,0.2,1400,0.2,1
6,4,5858,2,10,5,0,300,0.5,1700,0.5,1
6,5,1209,2,10,5,0,500,0.6,1000,0.2,1400,0.2,1
6,6,11266,1,0,500,0.6,1000,0.2,1400,0.2,1
6,7,11542,1,0,300,0.5,1700,0.5,1
6,8,9080,0,0,300,0.5,572,0.32,486,0.18,1
6,9,662,0,0,300,0.5,572,0.32,486,0.18,1
6,10,13430,2,10,5,0,300,0.5,572,0.32,486,0.18,1
6,11,5752,2,10,5,0,300,0.5,1700,0.5,1
7,0,9843,0,0,500,0.6,1000,0.2,1400,0.2,1
7,1,11011,0,0,500,0.6,1000,0.2,1400,0.2,1
7,2,909,2,10,5,0,500,0.6,1000,0.2,1400,0.2,1
7,3,5317,0,0,300,0.5,572,0.32,486,0.18,1
7,4,13597,1,0,666,0.42,420,0.58,1
7,5,611,0,0,300,0.5,572,0.32,486,0.18,1
7,6,2291,0,0,300,0.5,572,0.32,486,0.18,1
7,7,7574,1,0,500,0.6,1000,0.2,1400,0.2,1
7,8,4342,1,0,300,0.5,572,0.32,486,0.18,1
7,9,6643,0,0,300,0.5,1700,0.5,1
7,10,10829,0,0,666,0.42,420,0.58,1
7,11,1602,1,0,300,0.5,1700,0.5,1
8,0,10935,1,0,666,0.42,420,0.58,1
8,1,6356,2,10,5,0,500,0.6,1000,0.2,1400,0.2,1
8,2,11212,1,0,300,0.5,1700,0.5,1
8,3,3619,0,0,300,0.5,572,0.32,486,0.18,1
8,4,1072,2,10,5,0,300,0.5,572,0.32,486,0.18,1
8,5,4380,1,0,666,0.42,420,0.58,1
8,6,1283,2,10,5,0,300,0.5,1700,0.5,1
8,7,12166,1,0,300,0.5,1700,0.5,1
8,8,12006,0,0,300,0.5,572,0.32,486,0.18,1
8,9,229,1,0,666,0.42,420,0.58,1
8,10,395,0,0,666,0.42,420,0.58,1
8,11,4100,0,0,500,0.6,1000,0.2,1400,0.2,1
9,0,6480,0,0,666,0.42,420,0.58,1
9,1,8428,1,0,500,0.6,1000,0.2,1400,0.2,1
9,2,10213,2,10,5,0,300,0.5,1700,0.5,1
9,3,9896,0,0,666,0.42,420,0.58,1
9,4,6764,2,10,5,0,300,0.5,1700,0.5,1
9,5,3569,2,10,5,0,666,0.42,420,0.58,1
9,6,13038,0,0,300,0.5,1700,0.5,1
9,7,14205,2,10,5,0,300,0.5,1700,0.5,1
9,8,3238,0,0,300,0.5,1700,0.5,1
9,9,6288,0,0,300,0.5,572,0.32,486,0.18,1
9,10,8693,1,0,300,0.5,1700,0.5,1
9,11,1775,1,0,666,0.42,420,0.58,1
10,0,5636,1,0,666,0.42,420,0.58,1
10,1,11118,1,0,300,0.5,1700,0.5,1
10,2,14347,1,0,666,0.42,420,0.58,1
10,3,7710,2,10,5,0,666,0.42,420,0.58,1
10,4,10933,2,10,5,0,300,0.5,572,0.32,486,0.18,1
10,5,7917,2,10,5,0,300,0.5,572,0.32,486,0.18,1
10,6,434,0,0,500,0.6,1000,0.2,1400,0.2,1
10,7,9920,0,0,500,0.6,1000,0.2,1400,0.2,1
10,8,3467,2,10,5,0,300,0.5,1700,0.5,1
10,9,5804,1,0,666,0.42,420,0.58,1
10,10,3181,1,0,500,0.6,1000,0.2,1400,0.2,1
10,11,1930,1,0,666,0.42,420,0.58,1
11,0,11174,2,10,5,0,300,0.5,1700,0.5,1
11,1,3678,2,10,5,0,300,0.5,572,0.32,486,0.18,1
11,2,9391,1,0,500,0.6,1000,0.2,1400,0.2,1
11,3,5141,2,10,5,0,666,0.42,420,0.58,1
11,4,6562,2,10,5,0,500,0.6,1000,0.2,1400,0.2,1
11,5,12292,0,0,300,0.5,1700,0.5,1
11,6,6858,1,0,300,0.5,572,0.32,486,0.18,1
11,7,6373,1,0,666,0.42,420,0.58,1
11,8,4584,0,0,300,0.5,572,0.32,486,0.18,1
11,9,6282,0,0,300,0.5,572,0.32,486,0.18,1
11,10,14775,1,0,300,0.5,1700,0.5,1
11,11,6846,0,0,300,0.5,572,0.32,486,0.18,1
