0,0,11078,1,0,300,0.5,572,0.32,486,0.18,1
0,1,8962,0,0,300,0.5,572,0.32,486,0.18,1
0,2,5876,1,0,666,0.42,420,0.58,1
0,3,11163,2,10,5,0,666,0.42,420,0.58,1
0,4,7641,0,0,300,0.5,1700,0.5,1
0,5,13957,1,0,500,0.6,1000,0.2,1400,0.2,1
0,6,8878,1,0,666,0.42,420,0.58,1
0,7,6197,2,10,5,0,300,0.5,572,0.32,486,0.18,1
0,8,10641,0,0,300,0.5,1700,0.5,1
0,9,14658,0,0,500,0.6,1000,0.2,1400,0.2,1
0,10,3872,0,0,500,0.6,1000,0.2,1400,0.2,1
0,11,8717,2,10,5,0,300,0.5,572,0.32,486,0.18,1
1,0,10339,0,0,666,0.42,420,0.58,1
1,1,4066,1,0,500,0.6,1000,0.2,1400,0.2,1
1,2,600,2,10,5,0,500,0.6,1000,0.2,1400,0.2,0
1,3,8873,1,0,300,0.5,1700,0.5,1
1,4,3565,0,0,500,0.6,1000,0.2,1400,0.2,1
1,5,5171,2,10,5,0,666,0.42,420,0.58,1
1,6,14357,1,0,500,0.6,1000,0.2,1400,0.2,1
1,7,6064,2,10,5,0,300,0.5,1700,0.5,1
1,8,6658,2,10,5,0,300,0.5,572,0.32,486,0.18,1
1,9,13853,2,10,5,0,666,0.42,420,0.58,1
1,10,5738,1,0,666,0.42,420,0.58,1
1,11,1765,1,0,500,0.6,1000,0.2,1400,0.2,1
2,0,4686,1,0,500,0.6,1000,0.2,1400,0.2,1
2,1,3298,2,10,5,0,666,0.42,420,0.58,1
2,2,7919,0,0,300,0.5,572,0.32,486,0.18,1
2,3,12874,0,0,666,0.42,420,0.58,1
2,4,1765,2,10,5,0,300,0.5,1700,0.5,1
2,5,7619,2,10,5,0,666,0.42,420,0.58,1
2,6,3659,1,0,500,0.6,1000,0.2,1400,0.2,1
2,7,8779,0,0,300,0.5,572,0.32,486,0.18,1
2,8,7074,2,10,5,0,666,0.42,420,0.58,1
2,9,7306,1,0,300,0.5,1700,0.5,1
2,10,14119,1,0,666,0.42,420,0.58,1
2,11,4261,1,0,666,0.42,420,0.58,1
3,0,1674,0,0,300,0.5,572,0.32,486,0.18,1
3,1,13906,1,0,500,0.6,1000,0.2,1400,0.2,1
3,2,11723,0,0,300,0.5,572,0.32,486,0.18,1
3,3,4564,2,10,5,0,300,0.5,572,0.32,486,0.18,1
3,4,4699,2,10,5,0,500,0.6,1000,0.2,1400,0.2,1
3,5,3827,1,0,300,0.5,572,0.32,486,0.18,1
3,6,1656,1,0,300,0.5,1700,0.5,1
3,7,1228,2,10,5,0,666,0.42,420,0.58,1
3,8,12842,0,0,666,0.42,420,0.58,1
3,9,2155,0,0,300,0.5,1700,0.5,1
3,10,7716,1,0,300,0.5,1700,0.5,1
3,11,9522,0,0,300,0.5,1700,0.5,1
4,0,8649,2,10,5,0,300,0.5,572,0.32,486,0.18,1
4,1,6375,1,0,300,0.5,1700,0.5,1
4,2,12173,1,0,666,0.42,420,0.58,1
4,3,14445,1,0,300,0.5,1700,0.5,1
4,4,3093,0,0,300,0.5,572,0.32,486,0.18,1
4,5,5002,2,10,5,0,300,0.5,1700,0.5,1
4,6,13933,2,10,5,0,500,0.6,1000,0.2,1400,0.2,1
4,7,11393,2,10,5,0,300,0.5,572,0.32,486,0.18,1
4,8,13367,1,0,500,0.6,1000,0.2,1400,0.2,1
4,9,4607,2,10,5,0,300,0.5,1700,0.5,1
4,10,9161,2,10,5,0,300,0.5,572,0.32,486,0.18,1
4,11,13005,1,0,300,0.5,572,0.32,486,0.18,1
5,0,11742,0,0,666,0.42,420,0.58,1
5,1,12450,2,10,5,0,666,0.42,420,0.58,1
5,2,4921,1,0,300,0.5,1700,0.5,1
5,3,14730,0,0,300,0.5,572,0.32,486,0.18,1
5,4,10572,2,10,5,0,500,0.6,1000,0.2,1400,0.2,1
5,5,1872,2,10,5,0,500,0.6,1000,0.2,1400,0.2,1
5,6,993,2,10,5,0,300,0.5,1700,0.5,1
5,7,2594,2,10,5,0,666,0.42,420,0.58,1
5,8,10009,1,0,666,0.42,420,0.58,1
5,9,10474,2,10,5,0,300,0.5,572,0.32,486,0.18,1
5,10,10906,2,10,5,0,666,0.42,420,0.58,1
5,11,4632,0,0,300,0.5,1700,0.5,1
6,0,13934,2,10,5,0,500,0.6,1000,0.2,1400,0.2,1
6,1,9230,0,0,666,0.42,420,0.58,1
6,2,8752,2,10,5,0,500,0.6,1000,0.2,1400,0.2,1
6,3,12733,0,0,666,0.42,420,0.58,1
6,4,5288,0,0,300,0.5,572,0.32,486,0.18,1
6,5,11547,2,10,5,0,500,0.6,1000,0.2,1400,0.2,1
6,6,4295,1,0,666,0.42,420,0.58,1
6,7,14454,2,10,5,0,666,0.42,420,0.58,1
6,8,13021,0,0,300,0.5,572,0.32,486,0.18,1
6,9,5376,0,0,300,0.5,1700,0.5,1
6,10,12308,2,10,5,0,300,0.5,572,0.32,486,0.18,1
6,11,8390,1,0,300,0.5,1700,0.5,1
7,0,8137,0,0,300,0.5,572,0.32,486,0.18,1
7,1,4465,0,0,300,0.5,572,0.32,486,0.18,1
7,2,1777,2,10,5,0,300,0.5,572,0.32,486,0.18,1
7,3,4804,2,10,5,0,666,0.42,420,0.58,1
7,4,1886,2,10,5,0,666,0.42,420,0.58,1
7,5,6519,0,0,300,0.5,572,0.32,486,0.18,1
7,6,12312,1,0,300,0.5,1700,0.5,1
7,7,13529,1,0,300,0.5,1700,0.5,1
7,8,2193,0,0,300,0.5,572,0.32,486,0.18,1
7,9,3281,1,0,300,0.5,1700,0.5,1
7,10,6065,1,0,300,0.5,572,0.32,486,0.18,1
7,11,13542,2,10,5,0,300,0.5,572,0.32,486,0.18,1
8,0,11788,1,0,300,0.5,1700,0.5,1
8,1,6114,2,10,5,0,500,0.6,1000,0.2,1400,0.2,1
8,2,10781,2,10,5,0,300,0.5,1700,0.5,1
8,3,12954,2,10,5,0,500,0.6,1000,0.2,1400,0.2,1
8,4,9121,1,0,300,0.5,1700,0.5,1
8,5,13510,0,0,500,0.6,1000,0.2,1400,0.2,1
8,6,2314,2,10,5,0,300,0.5,572,0.32,486,0.18,1
8,7,14663,2,10,5,0,500,0.6,1000,0.2,1400,0.2,1
8,8,5819,2,10,5,0,300,0.5,1700,0.5,1
8,9,13898,0,0,300,0.5,1700,0.5,1
8,10,3961,0,0,500,0.6,1000,0.2,1400,0.2,1
8,11,131,2,10,5,0,300,0.5,572,0.32,486,0.18,1
9,0,4384,2,10,5,0,666,0.42,420,0.58,1
9,1,13682,2,10,5,0,500,0.6,1000,0.2,1400,0.2,1
9,2,8551,1,0,300,0.5,1700,0.5,1
9,3,2974,0,0,300,0.5,572,0.32,486,0.18,1
9,4,12754,2,10,5,0,300,0.5,1700,0.5,1
9,5,8524,2,10,5,0,500,0.6,1000,0.2,1400,0.2,1
9,6,5382,0,0,300,0.5,1700,0.5,1
9,7,12430,0,0,666,0.42,420,0.58,1
9,8,7573,0,0,500,0.6,1000,0.2,1400,0.2,1
9,9,10906,2,10,5,0,300,0.5,572,0.32,486,0.18,1
9,10,6332,2,10,5,0,300,0.5,572,0.32,486,0.18,1
9,11,14370,0,0,500,0.6,1000,0.2,1400,0.2,1
10,0,10399,2,10,5,0,500,0.6,1000,0.2,1400,0.2,1
10,1,7671,2,10,5,0,500,0.6,1000,0.2,1400,0.2,1
10,2,1886,0,0,500,0.6,1000,0.2,1400,0.2,1
10,3,6962,2,10,5,0,300,0.5,1700,0.5,1
10,4,7748,0,0,666,0.42,420,0.58,1
10,5,2945,0,0,300,0.5,572,0.32,486,0.18,1
10,6,2304,2,10,5,0,500,0.6,1000,0.2,1400,0.2,1
10,7,14084,0,0,300,0.5,1700,0.5,1
10,8,2966,2,10,5,0,300,0.5,1700,0.5,1
10,9,14308,0,0,300,0.5,1700,0.5,1
10,10,14933,2,10,5,0,300,0.5,572,0.32,486,0.18,1
10,11,7574,1,0,300,0.5,572,0.32,486,0.18,1
11,0,9985,2,10,5,0,300,0.5,572,0.32,486,0.18,1
11,1,10216,0,0,300,0.5,572,0.32,486,0.18,1
11,2,13087,0,0,300,0.5,572,0.32,486,0.18,1
11,3,1304,2,10,5,0,300,0.5,572,0.32,486,0.18,1
11,4,4504,2,10,5,0,300,0.5,1700,0.5,1
11,5,5481,0,0,300,0.5,1700,0.5,1
11,6,6742,2,10,5,0,500,0.6,1000,0.2,1400,0.2,1
11,7,10391,0,0,300,0.5,572,0.32,486,0.18,1
11,8,14206,0,0,666,0.42,420,0.58,1
11,9,14572,2,10,5,0,500,0.6,1000,0.2,1400,0.2,1
11,10,9745,2,10,5,0,500,0.6,1000,0.2,1400,0.2,1
11,11,13888,0,0,500,0.6,1000,0.2,1400,0.2,1
