0,0,4795,2,10,5,0,500,0.6,1000,0.2,1400,0.2,1
0,1,3259,0,0,666,0.42,420,0.58,1
0,2,9849,1,0,300,0.5,572,0.32,486,0.18,1
0,3,4013,2,10,5,0,666,0.42,420,0.58,1
0,4,9366,1,0,666,0.42,420,0.58,1
0,5,3734,0,0,300,0.5,572,0.32,486,0.18,1
0,6,13950,1,0,666,0.42,420,0.58,1
0,7,4916,0,0,666,0.42,420,0.58,1
0,8,4547,2,10,5,0,666,0.42,420,0.58,1
0,9,13268,1,0,500,0.6,1000,0.2,1400,0.2,1
0,10,8645,2,10,5,0,666,0.42,420,0.58,1
0,11,5821,1,0,500,0.6,1000,0.2,1400,0.2,1
1,0,3334,0,0,500,0.6,1000,0.2,1400,0.2,1
1,1,5574,2,10,5,0,666,0.42,420,0.58,1
1,2,10121,1,0,500,0.6,1000,0.2,1400,0.2,0
1,3,13600,2,10,5,0,300,0.5,572,0.32,486,0.18,1
1,4,2527,0,0,666,0.42,420,0.58,1
1,5,7241,0,0,500,0.6,1000,0.2,1400,0.2,1
1,6,14408,0,0,300,0.5,1700,0.5,1
1,7,2078,0,0,666,0.42,420,0.58,1
1,8,12614,0,0,300,0.5,1700,0.5,1
1,9,2656,0,0,300,0.5,1700,0.5,1
1,10,5417,0,0,666,0.42,420,0.58,1
1,11,8756,0,0,666,0.42,420,0.58,1
2,0,12382,1,0,300,0.5,1700,0.5,1
2,1,8723,2,10,5,0,500,0.6,1000,0.2,1400,0.2,1
2,2,732,0,0,666,0.42,420,0.58,1
2,3,898,0,0,666,0.42,420,0.58,1
2,4,8065,2,10,5,0,666,0.42,420,0.58,1
2,5,6338,2,10,5,0,300,0.5,572,0.32,486,0.18,1
2,6,14178,0,0,666,0.42,420,0.58,1
2,7,1490,0,0,500,0.6,1000,0.2,1400,0.2,1
2,8,3497,0,0,500,0.6,1000,0.2,1400,0.2,1
2,9,14845,0,0,300,0.5,572,0.32,486,0.18,1
2,10,2877,0,0,500,0.6,1000,0.2,1400,0.2,1
2,11,2785,2,10,5,0,300,0.5,572,0.32,486,0.18,1
3,0,3859,2,10,5,0,500,0.6,1000,0.2,1400,0.2,1
3,1,10301,1,0,300,0.5,1700,0.5,1
3,2,4130,1,0,300,0.5,572,0.32,486,0.18,1
3,3,12203,0,0,666,0.42,420,0.58,1
3,4,9914,2,10,5,0,300,0.5,1700,0.5,1
3,5,1527,0,0,300,0.5,572,0.32,486,0.18,1
3,6,7265,0,0,500,0.6,1000,0.2,1400,0.2,1
3,7,9807,1,0,300,0.5,1700,0.5,1
3,8,11378,1,0,300,0.5,572,0.32,486,0.18,1
3,9,12236,0,0,300,0.5,572,0.32,486,0.18,1
3,10,10154,1,0,500,0.6,1000,0.2,1400,0.2,1
3,11,10655,2,10,5,0,500,0.6,1000,0.2,1400,0.2,1
4,0,4012,1,0,300,0.5,572,0.32,486,0.18,1
4,1,10059,0,0,666,0.42,420,0.58,1
4,2,14167,1,0,300,0.5,572,0.32,486,0.18,1
4,3,5370,0,0,666,0.42,420,0.58,1
4,4,12139,1,0,666,0.42,420,0.58,1
4,5,2732,1,0,500,0.6,1000,0.2,1400,0.2,1
4,6,14718,2,10,5,0,300,0.5,572,0.32,486,0.18,1
4,7,3516,2,10,5,0,666,0.42,420,0.58,1
4,8,5858,0,0,300,0.5,1700,0.5,1
4,9,3367,1,0,666,0.42,420,0.58,1
4,10,4357,0,0,300,0.5,572,0.32,486,0.18,1
4,11,12630,0,0,500,0.6,1000,0.2,1400,0.2,1
5,0,1617,1,0,500,0.6,1000,0.2,1400,0.2,1
5,1,5715,0,0,300,0.5,1700,0.5,1
5,2,10595,2,10,5,0,500,0.6,1000,0.2,1400,0.2,1
5,3,6306,0,0,666,0.42,420,0.58,1
5,4,13826,1,0,300,0.5,572,0.32,486,0.18,1
5,5,6507,2,10,5,0,300,0.5,1700,0.5,1
5,6,8414,0,0,666,0.42,420,0.58,1
5,7,7804,1,0,666,0.42,420,0.58,1
5,8,8219,0,0,300,0.5,572,0.32,486,0.18,1
5,9,5597,0,0,300,0.5,1700,0.5,1
5,10,8746,0,0,666,0.42,420,0.58,1
5,11,13852,2,10,5,0,300,0.5,1700,0.5,1
6,0,6787,2,10,5,0,500,0.6,1000,0.2,1400,0.2,1
6,1,6414,0,0,300,0.5,1700,0.5,1
6,2,5710,0,0,500,0.6,1000,0.2,1400,0.2,1
6,3,4752,2,10,5,0,666,0.42,420,0.58,1
6,4,1165,0,0,300,0.5,1700,0.5,1
6,5,1631,2,10,5,0,300,0.5,1700,0.5,1
6,6,2377,0,0,300,0.5,572,0.32,486,0.18,1
6,7,9724,1,0,666,0.42,420,0.58,1
6,8,1154,0,0,300,0.5,1700,0.5,1
6,9,2399,1,0,666,0.42,420,0.58,1
6,10,7084,1,0,666,0.42,420,0.58,1
6,11,1208,0,0,300,0.5,1700,0.5,1
7,0,10340,0,0,666,0.42,420,0.58,1
7,1,4338,0,0,300,0.5,572,0.32,486,0.18,1
7,2,14394,1,0,300,0.5,572,0.32,486,0.18,1
7,3,48,1,0,300,0.5,1700,0.5,1
7,4,2765,1,0,500,0.6,1000,0.2,1400,0.2,1
7,5,6198,1,0,500,0.6,1000,0.2,1400,0.2,1
7,6,7871,1,0,300,0.5,572,0.32,486,0.18,1
7,7,8453,0,0,500,0.6,1000,0.2,1400,0.2,1
7,8,1938,1,0,300,0.5,1700,0.5,1
7,9,13338,0,0,300,0.5,572,0.32,486,0.18,1
7,10,1386,1,0,300,0.5,572,0.32,486,0.18,1
7,11,14687,1,0,300,0.5,572,0.32,486,0.18,1
8,0,1541,1,0,300,0.5,1700,0.5,1
8,1,7165,2,10,5,0,500,0.6,1000,0.2,1400,0.2,1
8,2,2583,1,0,666,0.42,420,0.58,1
8,3,12866,2,10,5,0,666,0.42,420,0.58,1
8,4,11952,0,0,666,0.42,420,0.58,1
8,5,8727,2,10,5,0,666,0.42,420,0.58,1
8,6,6350,0,0,300,0.5,1700,0.5,1
8,7,5495,2,10,5,0,300,0.5,572,0.32,486,0.18,1
8,8,1113,0,0,666,0.42,420,0.58,1
8,9,13530,1,0,666,0.42,420,0.58,1
8,10,6479,2,10,5,0,300,0.5,1700,0.5,1
8,11,4441,2,10,5,0,300,0.5,572,0.32,486,0.18,1
9,0,12692,0,0,500,0.6,1000,0.2,1400,0.2,1
9,1,7976,2,10,5,0,666,0.42,420,0.58,1
9,2,4714,1,0,666,0.42,420,0.58,1
9,3,284,1,0,500,0.6,1000,0.2,1400,0.2,1
9,4,6532,1,0,500,0.6,1000,0.2,1400,0.2,1
9,5,10299,2,10,5,0,300,0.5,572,0.32,486,0.18,1
9,6,7173,1,0,666,0.42,420,0.58,1
9,7,4764,2,10,5,0,500,0.6,1000,0.2,1400,0.2,1
9,8,12341,2,10,5,0,300,0.5,1700,0.5,1
9,9,3336,2,10,5,0,300,0.5,1700,0.5,1
9,10,8014,1,0,300,0.5,1700,0.5,1
9,11,966,2,10,5,0,300,0.5,1700,0.5,1
10,0,9874,0,0,300,0.5,572,0.32,486,0.18,1
10,1,5456,2,10,5,0,666,0.42,420,0.58,1
10,2,13256,0,0,666,0.42,420,0.58,1
10,3,7630,1,0,666,0.42,420,0.58,1
10,4,542,0,0,300,0.5,572,0.32,486,0.18,1
10,5,10707,2,10,5,0,300,0.5,1700,0.5,1
10,6,9348,2,10,5,0,300,0.5,572,0.32,486,0.18,1
10,7,13036,0,0,666,0.42,420,0.58,1
10,8,6740,1,0,300,0.5,1700,0.5,1
10,9,7904,0,0,300,0.5,572,0.32,486,0.18,1
10,10,11593,1,0,500,0.6,1000,0.2,1400,0.2,1
10,11,12672,1,0,300,0.5,1700,0.5,1
11,0,9657,1,0,500,0.6,1000,0.2,1400,0.2,1
11,1,6897,0,0,300,0.5,1700,0.5,1
11,2,3275,2,10,5,0,666,0.42,420,0.58,1
11,3,4608,0,0,300,0.5,1700,0.5,1
11,4,12246,0,0,300,0.5,572,0.32,486,0.18,1
11,5,10483,0,0,300,0.5,572,0.32,486,0.18,1
11,6,5753,1,0,300,0.5,1700,0.5,1
11,7,418,1,0,500,0.6,1000,0.2,1400,0.2,1
11,8,9061,0,0,300,0.5,572,0.32,486,0.18,1
11,9,10780,1,0,300,0.5,572,0.32,486,0.18,1
11,10,8569,1,0,300,0.5,572,0.32,486,0.18,1
11,11,2208,0,0,500,0.6,1000,0.2,1400,0.2,1
