0,0,2691,2,10,5,0,300,0.5,1700,0.5,1
0,1,10739,0,0,300,0.5,572,0.32,486,0.18,1
0,2,7920,0,0,300,0.5,572,0.32,486,0.18,1
0,3,9372,0,0,666,0.42,420,0.58,1
0,4,8382,1,0,300,0.5,572,0.32,486,0.18,1
0,5,1541,2,10,5,0,300,0.5,572,0.32,486,0.18,1
0,6,11797,1,0,500,0.6,1000,0.2,1400,0.2,1
0,7,14010,1,0,300,0.5,1700,0.5,1
0,8,10227,1,0,300,0.5,1700,0.5,1
0,9,2686,0,0,666,0.42,420,0.58,1
0,10,382,0,0,500,0.6,1000,0.2,1400,0.2,1
0,11,5034,0,0,666,0.42,420,0.58,1
1,0,9073,2,10,5,0,300,0.5,572,0.32,486,0.18,1
1,1,9511,2,10,5,0,300,0.5,1700,0.5,1
1,2,2406,0,0,666,0.42,420,0.58,0
1,3,1563,1,0,300,0.5,572,0.32,486,0.18,1
1,4,11544,2,10,5,0,300,0.5,572,0.32,486,0.18,1
1,5,3846,0,0,666,0.42,420,0.58,1
1,6,14206,1,0,666,0.42,420,0.58,1
1,7,12693,2,10,5,0,300,0.5,1700,0.5,1
1,8,6040,0,0,300,0.5,1700,0.5,1
1,9,13624,2,10,5,0,300,0.5,572,0.32,486,0.18,1
1,10,10407,1,0,300,0.5,1700,0.5,1
1,11,6036,0,0,666,0.42,420,0.58,1
2,0,13056,2,10,5,0,500,0.6,1000,0.2,1400,0.2,1
2,1,10093,1,0,300,0.5,1700,0.5,1
2,2,14508,0,0,500,0.6,1000,0.2,1400,0.2,1
2,3,1071,2,10,5,0,300,0.5,572,0.32,486,0.18,1
2,4,13240,2,10,5,0,666,0.42,420,0.58,1
2,5,5459,2,10,5,0,500,0.6,1000,0.2,1400,0.2,1
2,6,14823,2,10,5,0,300,0.5,572,0.32,486,0.18,1
2,7,1718,2,10,5,0,300,0.5,572,0.32,486,0.18,1
2,8,2486,0,0,300,0.5,1700,0.5,1
2,9,2414,1,0,300,0.5,572,0.32,486,0.18,1
2,10,14818,2,10,5,0,300,0.5,1700,0.5,1
2,11,4525,1,0,666,0.42,420,0.58,1
3,0,10307,2,10,5,0,666,0.42,420,0.58,1
3,1,14312,1,0,500,0.6,1000,0.2,1400,0.2,1
3,2,8801,1,0,300,0.5,572,0.32,486,0.18,1
3,3,5054,1,0,300,0.5,1700,0.5,1
3,4,4729,2,10,5,0,500,0.6,1000,0.2,1400,0.2,1
3,5,1767,2,10,5,0,300,0.5,1700,0.5,1
3,6,2769,1,0,666,0.42,420,0.58,1
3,7,7438,1,0,300,0.5,572,0.32,486,0.18,1
3,8,11764,0,0,300,0.5,1700,0.5,1
3,9,6748,1,0,500,0.6,1000,0.2,1400,0.2,1
3,10,10861,1,0,300,0.5,1700,0.5,1
3,11,5290,2,10,5,0,300,0.5,572,0.32,486,0.18,1
4,0,13841,1,0,300,0.5,1700,0.5,1
4,1,9990,2,10,5,0,666,0.42,420,0.58,1
4,2,9535,1,0,300,0.5,1700,0.5,1
4,3,3024,0,0,666,0.42,420,0.58,1
4,4,7731,0,0,300,0.5,1700,0.5,1
4,5,13421,2,10,5,0,300,0.5,572,0.32,486,0.18,1
4,6,11160,2,10,5,0,300,0.5,1700,0.5,1
4,7,10798,0,0,666,0.42,420,0.58,1
4,8,3047,0,0,300,0.5,572,0.32,486,0.18,1
4,9,9583,0,0,666,0.42,420,0.58,1
4,10,2399,1,0,300,0.5,572,0.32,486,0.18,1
4,11,5453,0,0,500,0.6,1000,0.2,1400,0.2,1
5,0,10523,2,10,5,0,300,0.5,572,0.32,486,0.18,1
5,1,1250,0,0,300,0.5,1700,0.5,1
5,2,10489,1,0,300,0.5,1700,0.5,1
5,3,14509,2,10,5,0,300,0.5,572,0.32,486,0.18,1
5,4,5834,2,10,5,0,300,0.5,572,0.32,486,0.18,1
5,5,2308,0,0,300,0.5,572,0.32,486,0.18,1
5,6,12168,0,0,666,0.42,420,0.58,1
5,7,6301,2,10,5,0,300,0.5,572,0.32,486,0.18,1
5,8,753,2,10,5,0,300,0.5,1700,0.5,1
5,9,5407,1,0,500,0.6,1000,0.2,1400,0.2,1
5,10,7982,0,0,300,0.5,572,0.32,486,0.18,1
5,11,6129,1,0,666,0.42,420,0.58,1
6,0,12822,0,0,300,0.5,1700,0.5,1
6,1,6278,2,10,5,0,500,0.6,1000,0.2,1400,0.2,1
6,2,518,1,0,300,0.5,1700,0.5,1
6,3,3405,0,0,500,0.6,1000,0.2,1400,0.2,1
6,4,10933,0,0,500,0.6,1000,0.2,1400,0.2,1
6,5,14276,1,0,666,0.42,420,0.58,1
6,6,720,0,0,666,0.42,420,0.58,1
6,7,12808,2,10,5,0,666,0.42,420,0.58,1
6,8,4076,0,0,500,0.6,1000,0.2,1400,0.2,1
6,9,5790,2,10,5,0,666,0.42,420,0.58,1
6,10,2518,0,0,500,0.6,1000,0.2,1400,0.2,1
6,11,588,1,0,666,0.42,420,0.58,1
7,0,7400,1,0,300,0.5,1700,0.5,1
7,1,2640,1,0,666,0.42,420,0.58,1
7,2,13786,0,0,300,0.5,1700,0.5,1
7,3,2573,0,0,666,0.42,420,0.58,1
7,4,6452,2,10,5,0,300,0.5,572,0.32,486,0.18,1
7,5,8028,2,10,5,0,666,0.42,420,0.58,1
7,6,9022,0,0,666,0.42,420,0.58,1
7,7,2251,0,0,300,0.5,572,0.32,486,0.18,1
7,8,14103,0,0,666,0.42,420,0.58,1
7,9,14689,1,0,500,0.6,1000,0.2,1400,0.2,1
7,10,6760,2,10,5,0,666,0.42,420,0.58,1
7,11,7787,1,0,500,0.6,1000,0.2,1400,0.2,1
8,0,11099,0,0,500,0.6,1000,0.2,1400,0.2,1
8,1,2620,0,0,300,0.5,1700,0.5,1
8,2,9093,1,0,500,0.6,1000,0.2,1400,0.2,1
8,3,6624,0,0,500,0.6,1000,0.2,1400,0.2,1
8,4,13874,2,10,5,0,666,0.42,420,0.58,1
8,5,10235,2,10,5,0,500,0.6,1000,0.2,1400,0.2,1
8,6,13644,1,0,666,0.42,420,0.58,1
8,7,8421,1,0,500,0.6,1000,0.2,1400,0.2,1
8,8,8332,0,0,500,0.6,1000,0.2,1400,0.2,1
8,9,14976,1,0,300,0.5,1700,0.5,1
8,10,7709,1,0,500,0.6,1000,0.2,1400,0.2,1
8,11,10001,1,0,300,0.5,572,0.32,486,0.18,1
9,0,8146,2,10,5,0,300,0.5,572,0.32,486,0.18,1
9,1,6717,1,0,666,0.42,420,0.58,1
9,2,7977,0,0,666,0.42,420,0.58,1
9,3,1307,1,0,666,0.42,420,0.58,1
9,4,432,1,0,300,0.5,572,0.32,486,0.18,1
9,5,14598,1,0,300,0.5,1700,0.5,1
9,6,4803,2,10,5,0,500,0.6,1000,0.2,1400,0.2,1
9,7,2144,2,10,5,0,300,0.5,1700,0.5,1
9,8,12726,2,10,5,0,300,0.5,1700,0.5,1
9,9,1910,0,0,500,0.6,1000,0.2,1400,0.2,1
9,10,6977,1,0,666,0.42,420,0.58,1
9,11,6260,2,10,5,0,300,0.5,572,0.32,486,0.18,1
10,0,4626,0,0,666,0.42,420,0.58,1
10,1,12823,0,0,300,0.5,572,0.32,486,0.18,1
10,2,10575,1,0,300,0.5,1700,0.5,1
10,3,13247,1,0,300,0.5,1700,0.5,1
10,4,11327,2,10,5,0,300,0.5,1700,0.5,1
10,5,2228,2,10,5,0,666,0.42,420,0.58,1
10,6,10316,0,0,500,0.6,1000,0.2,1400,0.2,1
10,7,14780,1,0,300,0.5,1700,0.5,1
10,8,8362,2,10,5,0,300,0.5,572,0.32,486,0.18,1
10,9,3029,1,0,500,0.6,1000,0.2,1400,0.2,1
10,10,4678,0,0,300,0.5,572,0.32,486,0.18,1
10,11,12559,0,0,500,0.6,1000,0.2,1400,0.2,1
11,0,8194,0,0,500,0.6,1000,0.2,1400,0.2,1
11,1,7315,2,10,5,0,666,0.42,420,0.58,1
11,2,3825,0,0,666,0.42,420,0.58,1
11,3,14765,0,0,300,0.5,572,0.32,486,0.18,1
11,4,12894,2,10,5,0,666,0.42,420,0.58,1
11,5,1739,1,0,666,0.42,420,0.58,1
11,6,14762,0,0,666,0.42,420,0.58,1
11,7,3245,0,0,300,0.5,572,0.32,486,0.18,1
11,8,3854,0,0,666,0.42,420,0.58,1
11,9,13765,1,0,500,0.6,1000,0.2,1400,0.2,1
11,10,3583,1,0,500,0.6,1000,0.2,1400,0.2,1
11,11,12378,0,0,666,0.42,420,0.58,1
