0,0,3581,2,10,5,0,500,0.6,1000,0.2,1400,0.2,1
0,1,11289,1,0,300,0.5,1700,0.5,1
0,2,9937,0,0,666,0.42,420,0.58,1
0,3,1079,2,10,5,0,500,0.6,1000,0.2,1400,0.2,1
0,4,14314,2,10,5,0,300,0.5,572,0.32,486,0.18,1
0,5,6925,2,10,5,0,666,0.42,420,0.58,1
0,6,14454,1,0,300,0.5,572,0.32,486,0.18,1
0,7,5286,2,10,5,0,500,0.6,1000,0.2,1400,0.2,1
0,8,10978,1,0,500,0.6,1000,0.2,1400,0.2,1
0,9,10786,2,10,5,0,300,0.5,1700,0.5,1
0,10,9290,2,10,5,0,300,0.5,1700,0.5,1
0,11,8661,0,0,300,0.5,1700,0.5,1
1,0,6706,0,0,300,0.5,1700,0.5,1
1,1,13675,2,10,5,0,666,0.42,420,0.58,1
1,2,2591,0,0,666,0.42,420,0.58,0
1,3,4932,0,0,300,0.5,1700,0.5,1
1,4,38,2,10,5,0,666,0.42,420,0.58,1
1,5,5548,2,10,5,0,500,0.6,1000,0.2,1400,0.2,1
1,6,3444,0,0,300,0.5,572,0.32,486,0.18,1
1,7,10937,0,0,300,0.5,572,0.32,486,0.18,1
1,8,11766,2,10,5,0,666,0.42,420,0.58,1
1,9,7224,1,0,500,0.6,1000,0.2,1400,0.2,1
1,10,3112,1,0,500,0.6,1000,0.2,1400,0.2,1
1,11,12836,0,0,300,0.5,1700,0.5,1
2,0,9246,0,0,666,0.42,420,0.58,1
2,1,13919,2,10,5,0,300,0.5,1700,0.5,1
2,2,13472,1,0,500,0.6,1000,0.2,1400,0.2,1
2,3,1349,2,10,5,0,500,0.6,1000,0.2,1400,0.2,1
2,4,7505,2,10,5,0,500,0.6,1000,0.2,1400,0.2,1
2,5,6980,0,0,300,0.5,1700,0.5,1
2,6,8070,0,0,300,0.5,572,0.32,486,0.18,1
2,7,12749,0,0,300,0.5,1700,0.5,1
2,8,13538,2,10,5,0,300,0.5,572,0.32,486,0.18,1
2,9,11646,0,0,300,0.5,1700,0.5,1
2,10,4128,1,0,666,0.42,420,0.58,1
2,11,2537,1,0,300,0.5,572,0.32,486,0.18,1
3,0,8216,0,0,500,0.6,1000,0.2,1400,0.2,1
3,1,9804,2,10,5,0,666,0.42,420,0.58,1
3,2,7668,0,0,500,0.6,1000,0.2,1400,0.2,1
3,3,7351,0,0,500,0.6,1000,0.2,1400,0.2,1
3,4,7594,2,10,5,0,300,0.5,1700,0.5,1
3,5,4150,0,0,300,0.5,1700,0.5,1
3,6,8414,2,10,5,0,500,0.6,1000,0.2,1400,0.2,1
3,7,11373,1,0,666,0.42,420,0.58,1
3,8,938,1,0,300,0.5,1700,0.5,1
3,9,8626,2,10,5,0,666,0.42,420,0.58,1
3,10,11087,2,10,5,0,300,0.5,1700,0.5,1
3,11,7083,0,0,300,0.5,1700,0.5,1
4,0,215,1,0,300,0.5,572,0.32,486,0.18,1
4,1,292,1,0,300,0.5,572,0.32,486,0.18,1
4,2,7423,0,0,666,0.42,420,0.58,1
4,3,9097,1,0,300,0.5,1700,0.5,1
4,4,9247,2,10,5,0,500,0.6,1000,0.2,1400,0.2,1
4,5,5785,0,0,300,0.5,572,0.32,486,0.18,1
4,6,8548,1,0,300,0.5,1700,0.5,1
4,7,8969,1,0,500,0.6,1000,0.2,1400,0.2,1
4,8,3484,0,0,300,0.5,572,0.32,486,0.18,1
4,9,3941,0,0,500,0.6,1000,0.2,1400,0.2,1
4,10,6669,0,0,300,0.5,572,0.32,486,0.18,1
4,11,14171,2,10,5,0,300,0.5,1700,0.5,1
5,0,14188,1,0,300,0.5,572,0.32,486,0.18,1
5,1,6463,2,10,5,0,666,0.42,420,0.58,1
5,2,11076,2,10,5,0,500,0.6,1000,0.2,1400,0.2,1
5,3,12864,0,0,666,0.42,420,0.58,1
5,4,11021,1,0,666,0.42,420,0.58,1
5,5,11035,1,0,666,0.42,420,0.58,1
5,6,7623,2,10,5,0,300,0.5,1700,0.5,1
5,7,7116,0,0,300,0.5,572,0.32,486,0.18,1
5,8,12207,2,10,5,0,666,0.42,420,0.58,1
5,9,4863,0,0,666,0.42,420,0.58,1
5,10,6529,0,0,300,0.5,572,0.32,486,0.18,1
5,11,6480,2,10,5,0,300,0.5,1700,0.5,1
6,0,3218,1,0,300,0.5,1700,0.5,1
6,1,9353,0,0,300,0.5,572,0.32,486,0.18,1
6,2,13024,1,0,300,0.5,572,0.32,486,0.18,1
6,3,12682,2,10,5,0,300,0.5,1700,0.5,1
6,4,1154,1,0,300,0.5,1700,0.5,1
6,5,2960,0,0,666,0.42,420,0.58,1
6,6,8943,1,0,666,0.42,420,0.58,1
6,7,203,0,0,500,0.6,1000,0.2,1400,0.2,1
6,8,12609,1,0,300,0.5,1700,0.5,1
6,9,7714,1,0,666,0.42,420,0.58,1
6,10,3484,1,0,300,0.5,572,0.32,486,0.18,1
6,11,256,2,10,5,0,500,0.6,1000,0.2,1400,0.2,1
7,0,12617,2,10,5,0,666,0.42,420,0.58,1
7,1,96,0,0,300,0.5,1700,0.5,1
7,2,13181,2,10,5,0,300,0.5,1700,0.5,1
7,3,3940,0,0,300,0.5,1700,0.5,1
7,4,9399,1,0,666,0.42,420,0.58,1
7,5,2927,1,0,666,0.42,420,0.58,1
7,6,14389,2,10,5,0,666,0.42,420,0.58,1
7,7,10992,0,0,500,0.6,1000,0.2,1400,0.2,1
7,8,14852,0,0,300,0.5,1700,0.5,1
7,9,8213,0,0,300,0.5,1700,0.5,1
7,10,5281,1,0,500,0.6,1000,0.2,1400,0.2,1
7,11,5984,0,0,666,0.42,420,0.58,1
8,0,4960,1,0,666,0.42,420,0.58,1
8,1,5185,0,0,666,0.42,420,0.58,1
8,2,9542,0,0,666,0.42,420,0.58,1
8,3,2398,0,0,300,0.5,572,0.32,486,0.18,1
8,4,2144,0,0,300,0.5,572,0.32,486,0.18,1
8,5,10024,0,0,300,0.5,1700,0.5,1
8,6,2186,0,0,300,0.5,1700,0.5,1
8,7,6558,0,0,666,0.42,420,0.58,1
8,8,199,1,0,300,0.5,572,0.32,486,0.18,1
8,9,14757,0,0,666,0.42,420,0.58,1
8,10,13571,0,0,300,0.5,572,0.32,486,0.18,1
8,11,6521,2,10,5,0,300,0.5,1700,0.5,1
9,0,10584,1,0,300,0.5,572,0.32,486,0.18,1
9,1,4162,1,0,300,0.5,572,0.32,486,0.18,1
9,2,8386,1,0,300,0.5,572,0.32,486,0.18,1
9,3,2029,0,0,666,0.42,420,0.58,1
9,4,14908,2,10,5,0,666,0.42,420,0.58,1
9,5,5327,0,0,300,0.5,572,0.32,486,0.18,1
9,6,14693,0,0,300,0.5,1700,0.5,1
9,7,14767,2,10,5,0,666,0.42,420,0.58,1
9,8,7603,1,0,666,0.42,420,0.58,1
9,9,7760,1,0,300,0.5,572,0.32,486,0.18,1
9,10,14897,1,0,500,0.6,1000,0.2,1400,0.2,1
9,11,916,0,0,300,0.5,572,0.32,486,0.18,1
10,0,5852,0,0,500,0.6,1000,0.2,1400,0.2,1
10,1,3674,2,10,5,0,300,0.5,572,0.32,486,0.18,1
10,2,6627,2,10,5,0,300,0.5,572,0.32,486,0.18,1
10,3,9031,2,10,5,0,500,0.6,1000,0.2,1400,0.2,1
10,4,3263,2,10,5,0,300,0.5,1700,0.5,1
10,5,6274,2,10,5,0,666,0.42,420,0.58,1
10,6,13930,2,10,5,0,300,0.5,1700,0.5,1
10,7,8171,2,10,5,0,500,0.6,1000,0.2,1400,0.2,1
10,8,6635,0,0,500,0.6,1000,0.2,1400,0.2,1
10,9,14625,0,0,300,0.5,572,0.32,486,0.18,1
10,10,3606,2,10,5,0,666,0.42,420,0.58,1
10,11,6021,2,10,5,0,300,0.5,572,0.32,486,0.18,1
11,0,12715,1,0,300,0.5,572,0.32,486,0.18,1
11,1,1917,1,0,300,0.5,572,0.32,486,0.18,1
11,2,410,2,10,5,0,666,0.42,420,0.58,1
11,3,3224,1,0,666,0.42,420,0.58,1
11,4,2605,2,10,5,0,500,0.6,1000,0.2,1400,0.2,1
11,5,731,0,0,300,0.5,1700,0.5,1
11,6,12871,1,0,300,0.5,1700,0.5,1
11,7,14274,1,0,500,0.6,1000,0.2,1400,0.2,1
11,8,9127,0,0,300,0.5,1700,0.5,1
11,9,1568,0,0,300,0.5,1700,0.5,1
11,10,4929,0,0,300,0.5,1700,0.5,1
11,11,4560,2,10,5,0,300,0.5,572,0.32,486,0.18,1
