0,0,7447,2,10,5,0,666,0.42,420,0.58,1
0,1,12273,1,0,666,0.42,420,0.58,1
0,2,1893,1,0,666,0.42,420,0.58,1
0,3,10109,1,0,300,0.5,1700,0.5,1
0,4,10546,0,0,300,0.5,572,0.32,486,0.18,1
0,5,6882,0,0,300,0.5,1700,0.5,1
0,6,5960,1,0,300,0.5,572,0.32,486,0.18,1
0,7,13752,2,10,5,0,500,0.6,1000,0.2,1400,0.2,1
0,8,13178,2,10,5,0,666,0.42,420,0.58,1
0,9,4518,0,0,666,0.42,420,0.58,1
0,10,12608,1,0,500,0.6,1000,0.2,1400,0.2,1
0,11,10173,2,10,5,0,500,0.6,1000,0.2,1400,0.2,1
1,0,12124,0,0,300,0.5,572,0.32,486,0.18,1
1,1,12509,1,0,666,0.42,420,0.58,1
1,2,13,1,0,666,0.42,420,0.58,0
1,3,2630,1,0,666,0.42,420,0.58,1
1,4,4853,0,0,300,0.5,1700,0.5,1
1,5,11919,2,10,5,0,500,0.6,1000,0.2,1400,0.2,1
1,6,12887,2,10,5,0,666,0.42,420,0.58,1
1,7,885,0,0,300,0.5,572,0.32,486,0.18,1
1,8,4167,0,0,500,0.6,1000,0.2,1400,0.2,1
1,9,2817,2,10,5,0,666,0.42,420,0.58,1
1,10,14217,1,0,666,0.42,420,0.58,1
1,11,9658,0,0,300,0.5,572,0.32,486,0.18,1
2,0,9788,0,0,300,0.5,572,0.32,486,0.18,1
2,1,67,1,0,300,0.5,572,0.32,486,0.18,1
2,2,10454,0,0,300,0.5,572,0.32,486,0.18,1
2,3,6826,1,0,300,0.5,572,0.32,486,0.18,1
2,4,9045,2,10,5,0,300,0.5,1700,0.5,1
2,5,4245,0,0,300,0.5,572,0.32,486,0.18,1
2,6,3763,0,0,300,0.5,1700,0.5,1
2,7,12604,2,10,5,0,666,0.42,420,0.58,1
2,8,6728,1,0,666,0.42,420,0.58,1
2,9,7888,0,0,300,0.5,1700,0.5,1
2,10,869,1,0,666,0.42,420,0.58,1
2,11,12953,2,10,5,0,500,0.6,1000,0.2,1400,0.2,1
3,0,9093,2,10,5,0,300,0.5,572,0.32,486,0.18,1
3,1,1530,1,0,666,0.42,420,0.58,1
3,2,11370,2,10,5,0,500,0.6,1000,0.2,1400,0.2,1
3,3,9918,1,0,500,0.6,1000,0.2,1400,0.2,1
3,4,14091,0,0,300,0.5,572,0.32,486,0.18,1
3,5,2094,1,0,300,0.5,1700,0.5,1
3,6,9175,1,0,666,0.42,420,0.58,1
3,7,7281,2,10,5,0,666,0.42,420,0.58,1
3,8,14290,2,10,5,0,300,0.5,572,0.32,486,0.18,1
3,9,6949,0,0,500,0.6,1000,0.2,1400,0.2,1
3,10,79,2,10,5,0,666,0.42,420,0.58,1
3,11,14183,2,10,5,0,300,0.5,1700,0.5,1
4,0,4300,0,0,300,0.5,572,0.32,486,0.18,1
4,1,9769,0,0,300,0.5,572,0.32,486,0.18,1
4,2,7854,2,10,5,0,500,0.6,1000,0.2,1400,0.2,1
4,3,14545,0,0,500,0.6,1000,0.2,1400,0.2,1
4,4,3005,1,0,300,0.5,1700,0.5,1
4,5,5752,1,0,300,0.5,1700,0.5,1
4,6,10989,2,10,5,0,500,0.6,1000,0.2,1400,0.2,1
4,7,6193,1,0,500,0.6,1000,0.2,1400,0.2,1
4,8,14897,1,0,300,0.5,1700,0.5,1
4,9,3727,0,0,300,0.5,572,0.32,486,0.18,1
4,10,13615,0,0,300,0.5,1700,0.5,1
4,11,8107,2,10,5,0,300,0.5,1700,0.5,1
5,0,1441,2,10,5,0,300,0.5,572,0.32,486,0.18,1
5,1,6029,2,10,5,0,300,0.5,572,0.32,486,0.18,1
5,2,10721,0,0,500,0.6,1000,0.2,1400,0.2,1
5,3,2813,0,0,500,0.6,1000,0.2,1400,0.2,1
5,4,3045,0,0,666,0.42,420,0.58,1
5,5,2825,0,0,666,0.42,420,0.58,1
5,6,4626,2,10,5,0,666,0.42,420,0.58,1
5,7,4408,1,0,300,0.5,572,0.32,486,0.18,1
5,8,5331,0,0,300,0.5,572,0.32,486,0.18,1
5,9,6415,2,10,5,0,300,0.5,572,0.32,486,0.18,1
5,10,4012,1,0,500,0.6,1000,0.2,1400,0.2,1
5,11,7985,1,0,666,0.42,420,0.58,1
6,0,8470,2,10,5,0,300,0.5,1700,0.5,1
6,1,286,1,0,666,0.42,420,0.58,1
6,2,6680,2,10,5,0,300,0.5,572,0.32,486,0.18,1
6,3,8745,2,10,5,0,300,0.5,1700,0.5,1
6,4,11418,1,0,500,0.6,1000,0.2,1400,0.2,1
6,5,6820,2,10,5,0,500,0.6,1000,0.2,1400,0.2,1
6,6,13607,2,10,5,0,300,0.5,1700,0.5,1
6,7,12110,0,0,300,0.5,572,0.32,486,0.18,1
6,8,170,0,0,300,0.5,1700,0.5,1
6,9,12869,0,0,300,0.5,1700,0.5,1
6,10,4471,2,10,5,0,666,0.42,420,0.58,1
6,11,5002,1,0,300,0.5,572,0.32,486,0.18,1
7,0,9687,2,10,5,0,500,0.6,1000,0.2,1400,0.2,1
7,1,12222,0,0,300,0.5,1700,0.5,1
7,2,6898,0,0,300,0.5,1700,0.5,1
7,3,6807,0,0,300,0.5,572,0.32,486,0.18,1
7,4,5319,0,0,500,0.6,1000,0.2,1400,0.2,1
7,5,2280,0,0,300,0.5,572,0.32,486,0.18,1
7,6,5076,0,0,500,0.6,1000,0.2,1400,0.2,1
7,7,9516,1,0,300,0.5,572,0.32,486,0.18,1
7,8,4357,0,0,666,0.42,420,0.58,1
7,9,1987,1,0,666,0.42,420,0.58,1
7,10,8991,2,10,5,0,666,0.42,420,0.58,1
7,11,9203,2,10,5,0,666,0.42,420,0.58,1
8,0,12977,0,0,500,0.6,1000,0.2,1400,0.2,1
8,1,5954,0,0,500,0.6,1000,0.2,1400,0.2,1
8,2,14588,1,0,500,0.6,1000,0.2,1400,0.2,1
8,3,1750,0,0,500,0.6,1000,0.2,1400,0.2,1
8,4,14374,0,0,300,0.5,1700,0.5,1
8,5,14047,0,0,500,0.6,1000,0.2,1400,0.2,1
8,6,3939,1,0,300,0.5,1700,0.5,1
8,7,1064,0,0,300,0.5,1700,0.5,1
8,8,1826,0,0,300,0.5,1700,0.5,1
8,9,6628,0,0,300,0.5,572,0.32,486,0.18,1
8,10,1599,0,0,300,0.5,572,0.32,486,0.18,1
8,11,8028,2,10,5,0,300,0.5,572,0.32,486,0.18,1
9,0,8790,2,10,5,0,300,0.5,1700,0.5,1
9,1,11167,2,10,5,0,300,0.5,1700,0.5,1
9,2,5660,1,0,300,0.5,572,0.32,486,0.18,1
9,3,1257,1,0,300,0.5,1700,0.5,1
9,4,11760,0,0,500,0.6,1000,0.2,1400,0.2,1
9,5,6908,0,0,500,0.6,1000,0.2,1400,0.2,1
9,6,1410,0,0,300,0.5,1700,0.5,1
9,7,9574,0,0,500,0.6,1000,0.2,1400,0.2,1
9,8,11427,1,0,300,0.5,1700,0.5,1
9,9,9048,2,10,5,0,500,0.6,1000,0.2,1400,0.2,1
9,10,151,2,10,5,0,500,0.6,1000,0.2,1400,0.2,1
9,11,10560,0,0,666,0.42,420,0.58,1
10,0,3700,0,0,300,0.5,572,0.32,486,0.18,1
10,1,14111,1,0,300,0.5,1700,0.5,1
10,2,4999,2,10,5,0,300,0.5,572,0.32,486,0.18,1
10,3,1963,2,10,5,0,666,0.42,420,0.58,1
10,4,4625,0,0,666,0.42,420,0.58,1
10,5,8334,2,10,5,0,500,0.6,1000,0.2,1400,0.2,1
10,6,13799,0,0,300,0.5,572,0.32,486,0.18,1
10,7,7500,0,0,300,0.5,572,0.32,486,0.18,1
10,8,1113,1,0,300,0.5,1700,0.5,1
10,9,3195,0,0,300,0.5,1700,0.5,1
10,10,1049,0,0,666,0.42,420,0.58,1
10,11,14070,0,0,300,0.5,572,0.32,486,0.18,1
11,0,6586,1,0,300,0.5,572,0.32,486,0.18,1
11,1,7773,0,0,500,0.6,1000,0.2,1400,0.2,1
11,2,7822,2,10,5,0,666,0.42,420,0.58,1
11,3,7161,1,0,500,0.6,1000,0.2,1400,0.2,1
11,4,11161,1,0,300,0.5,1700,0.5,1
11,5,12182,1,0,300,0.5,572,0.32,486,0.18,1
11,6,4775,2,10,5,0,500,0.6,1000,0.2,1400,0.2,1
11,7,611,2,10,5,0,300,0.5,1700,0.5,1
11,8,3336,1,0,300,0.5,572,0.32,486,0.18,1
11,9,1303,2,10,5,0,500,0.6,1000,0.2,1400,0.2,1
11,10,8193,2,10,5,0,666,0.42,420,0.58,1
11,11,1971,0,0,500,0.6,1000,0.2,1400,0.2,1
