0,0,1827,0,0,300,0.5,572,0.32,486,0.18,1
0,1,8256,1,0,666,0.42,420,0.58,1
0,2,10898,0,0,666,0.42,420,0.58,1
0,3,11170,1,0,300,0.5,1700,0.5,1
0,4,7074,2,10,5,0,500,0.6,1000,0.2,1400,0.2,1
0,5,2648,0,0,300,0.5,1700,0.5,1
0,6,3519,0,0,500,0.6,1000,0.2,1400,0.2,1
0,7,11544,2,10,5,0,500,0.6,1000,0.2,1400,0.2,1
0,8,14193,0,0,500,0.6,1000,0.2,1400,0.2,1
0,9,10732,1,0,666,0.42,420,0.58,1
0,10,8631,2,10,5,0,500,0.6,1000,0.2,1400,0.2,1
0,11,8165,2,10,5,0,300,0.5,1700,0.5,1
1,0,6609,0,0,300,0.5,572,0.32,486,0.18,1
1,1,14035,0,0,300,0.5,572,0.32,486,0.18,1
1,2,13729,0,0,300,0.5,1700,0.5,0
1,3,5571,2,10,5,0,500,0.6,1000,0.2,1400,0.2,1
1,4,4557,2,10,5,0,500,0.6,1000,0.2,1400,0.2,1
1,5,13224,2,10,5,0,500,0.6,1000,0.2,1400,0.2,1
1,6,7575,2,10,5,0,666,0.42,420,0.58,1
1,7,156,2,10,5,0,666,0.42,420,0.58,1
1,8,3047,1,0,300,0.5,572,0.32,486,0.18,1
1,9,2271,1,0,300,0.5,572,0.32,486,0.18,1
1,10,11702,0,0,300,0.5,1700,0.5,1
1,11,4903,1,0,300,0.5,572,0.32,486,0.18,1
2,0,6519,1,0,300,0.5,572,0.32,486,0.18,1
2,1,3493,2,10,5,0,666,0.42,420,0.58,1
2,2,7292,1,0,300,0.5,1700,0.5,1
2,3,11751,2,10,5,0,300,0.5,1700,0.5,1
2,4,14137,0,0,666,0.42,420,0.58,1
2,5,8218,0,0,300,0.5,572,0.32,486,0.18,1
2,6,11096,0,0,300,0.5,572,0.32,486,0.18,1
2,7,11675,1,0,300,0.5,572,0.32,486,0.18,1
2,8,11293,2,10,5,0,300,0.5,572,0.32,486,0.18,1
2,9,6840,2,10,5,0,300,0.5,1700,0.5,1
2,10,12101,1,0,300,0.5,1700,0.5,1
2,11,20,1,0,666,0.42,420,0.58,1
3,0,9182,1,0,666,0.42,420,0.58,1
3,1,11986,1,0,300,0.5,572,0.32,486,0.18,1
3,2,12656,2,10,5,0,500,0.6,1000,0.2,1400,0.2,1
3,3,10818,2,10,5,0,500,0.6,1000,0.2,1400,0.2,1
3,4,930,2,10,5,0,666,0.42,420,0.58,1
3,5,12161,2,10,5,0,300,0.5,1700,0.5,1
3,6,7484,1,0,300,0.5,1700,0.5,1
3,7,11317,1,0,666,0.42,420,0.58,1
3,8,3727,1,0,300,0.5,1700,0.5,1
3,9,4103,2,10,5,0,666,0.42,420,0.58,1
3,10,3698,2,10,5,0,666,0.42,420,0.58,1
3,11,8377,2,10,5,0,300,0.5,572,0.32,486,0.18,1
4,0,8369,2,10,5,0,666,0.42,420,0.58,1
4,1,14963,2,10,5,0,300,0.5,1700,0.5,1
4,2,3590,1,0,300,0.5,1700,0.5,1
4,3,2589,1,0,300,0.5,1700,0.5,1
4,4,4321,1,0,500,0.6,1000,0.2,1400,0.2,1
4,5,10391,0,0,500,0.6,1000,0.2,1400,0.2,1
4,6,12493,1,0,300,0.5,572,0.32,486,0.18,1
4,7,9999,0,0,300,0.5,1700,0.5,1
4,8,3801,1,0,500,0.6,1000,0.2,1400,0.2,1
4,9,8238,2,10,5,0,300,0.5,572,0.32,486,0.18,1
4,10,10940,1,0,300,0.5,1700,0.5,1
4,11,3970,1,0,666,0.42,420,0.58,1
5,0,4390,1,0,666,0.42,420,0.58,1
5,1,13765,2,10,5,0,300,0.5,1700,0.5,1
5,2,5092,2,10,5,0,666,0.42,420,0.58,1
5,3,6717,2,10,5,0,300,0.5,1700,0.5,1
5,4,3872,2,10,5,0,300,0.5,1700,0.5,1
5,5,12479,2,10,5,0,300,0.5,1700,0.5,1
5,6,1884,0,0,500,0.6,1000,0.2,1400,0.2,1
5,7,7927,1,0,500,0.6,1000,0.2,1400,0.2,1
5,8,8219,1,0,666,0.42,420,0.58,1
5,9,13075,2,10,5,0,300,0.5,1700,0.5,1
5,10,10190,0,0,500,0.6,1000,0.2,1400,0.2,1
5,11,9768,0,0,500,0.6,1000,0.2,1400,0.2,1
6,0,11712,1,0,300,0.5,1700,0.5,1
6,1,325,2,10,5,0,300,0.5,1700,0.5,1
6,2,11442,1,0,666,0.42,420,0.58,1
6,3,4967,0,0,300,0.5,572,0.32,486,0.18,1
6,4,1534,1,0,500,0.6,1000,0.2,1400,0.2,1
6,5,12956,1,0,300,0.5,1700,0.5,1
6,6,6326,0,0,300,0.5,572,0.32,486,0.18,1
6,7,11066,0,0,300,0.5,572,0.32,486,0.18,1
6,8,10434,1,0,500,0.6,1000,0.2,1400,0.2,1
6,9,10267,1,0,666,0.42,420,0.58,1
6,10,12025,2,10,5,0,500,0.6,1000,0.2,1400,0.2,1
6,11,11227,1,0,300,0.5,572,0.32,486,0.18,1
7,0,10745,2,10,5,0,300,0.5,572,0.32,486,0.18,1
7,1,14340,0,0,500,0.6,1000,0.2,1400,0.2,1
7,2,4695,0,0,666,0.42,420,0.58,1
7,3,10239,0,0,300,0.5,572,0.32,486,0.18,1
7,4,1259,1,0,666,0.42,420,0.58,1
7,5,4750,0,0,666,0.42,420,0.58,1
7,6,13836,2,10,5,0,300,0.5,572,0.32,486,0.18,1
7,7,744,0,0,666,0.42,420,0.58,1
7,8,5625,0,0,300,0.5,572,0.32,486,0.18,1
7,9,9250,1,0,300,0.5,1700,0.5,1
7,10,14164,0,0,666,0.42,420,0.58,1
7,11,8259,0,0,300,0.5,1700,0.5,1
8,0,984,0,0,666,0.42,420,0.58,1
8,1,11422,1,0,500,0.6,1000,0.2,1400,0.2,1
8,2,2271,1,0,666,0.42,420,0.58,1
8,3,9195,2,10,5,0,300,0.5,1700,0.5,1
8,4,12015,1,0,300,0.5,572,0.32,486,0.18,1
8,5,3722,1,0,300,0.5,1700,0.5,1
8,6,10472,1,0,666,0.42,420,0.58,1
8,7,8666,1,0,500,0.6,1000,0.2,1400,0.2,1
8,8,199,1,0,300,0.5,572,0.32,486,0.18,1
8,9,8760,1,0,300,0.5,572,0.32,486,0.18,1
8,10,5639,0,0,500,0.6,1000,0.2,1400,0.2,1
8,11,12273,1,0,300,0.5,572,0.32,486,0.18,1
9,0,739,0,0,666,0.42,420,0.58,1
9,1,6462,1,0,300,0.5,572,0.32,486,0.18,1
9,2,12723,1,0,300,0.5,1700,0.5,1
9,3,13202,0,0,666,0.42,420,0.58,1
9,4,824,2,10,5,0,500,0.6,1000,0.2,1400,0.2,1
9,5,13987,0,0,500,0.6,1000,0.2,1400,0.2,1
9,6,1197,0,0,666,0.42,420,0.58,1
9,7,14595,1,0,666,0.42,420,0.58,1
9,8,1748,1,0,666,0.42,420,0.58,1
9,9,6336,2,10,5,0,666,0.42,420,0.58,1
9,10,8892,1,0,500,0.6,1000,0.2,1400,0.2,1
9,11,7585,1,0,666,0.42,420,0.58,1
10,0,11826,1,0,666,0.42,420,0.58,1
10,1,11657,2,10,5,0,666,0.42,420,0.58,1
10,2,11652,0,0,300,0.5,572,0.32,486,0.18,1
10,3,5348,2,10,5,0,300,0.5,572,0.32,486,0.18,1
10,4,2428,1,0,300,0.5,1700,0.5,1
10,5,14367,2,10,5,0,300,0.5,572,0.32,486,0.18,1
10,6,7269,2,10,5,0,300,0.5,572,0.32,486,0.18,1
10,7,12083,1,0,300,0.5,1700,0.5,1
10,8,7918,2,10,5,0,500,0.6,1000,0.2,1400,0.2,1
10,9,1707,2,10,5,0,666,0.42,420,0.58,1
10,10,13564,1,0,300,0.5,572,0.32,486,0.18,1
10,11,12191,2,10,5,0,300,0.5,1700,0.5,1
11,0,7905,0,0,300,0.5,572,0.32,486,0.18,1
11,1,6651,0,0,300,0.5,1700,0.5,1
11,2,13694,1,0,500,0.6,1000,0.2,1400,0.2,1
11,3,3867,0,0,300,0.5,1700,0.5,1
11,4,10372,0,0,500,0.6,1000,0.2,1400,0.2,1
11,5,3809,0,0,300,0.5,572,0.32,486,0.18,1
11,6,9441,1,0,500,0.6,1000,0.2,1400,0.2,1
11,7,6583,0,0,500,0.6,1000,0.2,1400,0.2,1
11,8,10974,2,10,5,0,500,0.6,1000,0.2,1400,0.2,1
11,9,2860,0,0,300,0.5,1700,0.5,1
11,10,8824,2,10,5,0,300,0.5,572,0.32,486,0.18,1
11,11,11654,0,0,300,0.5,1700,0.5,1
