0,0,8590,1,0,300,0.5,572,0.32,486,0.18,1
0,1,12663,1,0,666,0.42,420,0.58,1
0,2,5116,2,10,5,0,300,0.5,572,0.32,486,0.18,1
0,3,14281,2,10,5,0,666,0.42,420,0.58,1
0,4,3838,0,0,666,0.42,420,0.58,1
0,5,4357,2,10,5,0,300,0.5,572,0.32,486,0.18,1
0,6,6641,1,0,500,0.6,1000,0.2,1400,0.2,1
0,7,6240,0,0,300,0.5,572,0.32,486,0.18,1
0,8,4688,1,0,300,0.5,572,0.32,486,0.18,1
0,9,6663,1,0,666,0.42,420,0.58,1
0,10,9131,2,10,5,0,300,0.5,572,0.32,486,0.18,1
0,11,7527,0,0,666,0.42,420,0.58,1
1,0,2972,2,10,5,0,300,0.5,572,0.32,486,0.18,1
1,1,10109,0,0,666,0.42,420,0.58,1
1,2,843,2,10,5,0,300,0.5,572,0.32,486,0.18,0
1,3,10535,2,10,5,0,500,0.6,1000,0.2,1400,0.2,1
1,4,3214,0,0,500,0.6,1000,0.2,1400,0.2,1
1,5,7514,0,0,500,0.6,1000,0.2,1400,0.2,1
1,6,13649,0,0,500,0.6,1000,0.2,1400,0.2,1
1,7,12971,2,10,5,0,500,0.6,1000,0.2,1400,0.2,1
1,8,10092,0,0,666,0.42,420,0.58,1
1,9,2086,1,0,300,0.5,1700,0.5,1
1,10,6050,2,10,5,0,300,0.5,1700,0.5,1
1,11,14967,1,0,666,0.42,420,0.58,1
2,0,1874,1,0,666,0.42,420,0.58,1
2,1,448,1,0,300,0.5,1700,0.5,1
2,2,3826,1,0,666,0.42,420,0.58,1
2,3,1391,2,10,5,0,300,0.5,1700,0.5,1
2,4,8335,1,0,500,0.6,1000,0.2,1400,0.2,1
2,5,4915,2,10,5,0,666,0.42,420,0.58,1
2,6,11148,2,10,5,0,300,0.5,1700,0.5,1
2,7,14996,0,0,666,0.42,420,0.58,1
2,8,4968,0,0,666,0.42,420,0.58,1
2,9,14828,1,0,500,0.6,1000,0.2,1400,0.2,1
2,10,4240,2,10,5,0,666,0.42,420,0.58,1
2,11,2243,2,10,5,0,500,0.6,1000,0.2,1400,0.2,1
3,0,3116,2,10,5,0,666,0.42,420,0.58,1
3,1,5048,2,10,5,0,300,0.5,1700,0.5,1
3,2,5363,0,0,666,0.42,420,0.58,1
3,3,14658,1,0,300,0.5,572,0.32,486,0.18,1
3,4,14265,1,0,300,0.5,1700,0.5,1
3,5,7305,2,10,5,0,300,0.5,572,0.32,486,0.18,1
3,6,14475,0,0,666,0.42,420,0.58,1
3,7,1272,1,0,300,0.5,572,0.32,486,0.18,1
3,8,8040,1,0,300,0.5,572,0.32,486,0.18,1
3,9,5590,1,0,300,0.5,1700,0.5,1
3,10,12347,0,0,300,0.5,572,0.32,486,0.18,1
3,11,12709,1,0,666,0.42,420,0.58,1
4,0,9773,2,10,5,0,666,0.42,420,0.58,1
4,1,14372,0,0,666,0.42,420,0.58,1
4,2,6901,2,10,5,0,500,0.6,1000,0.2,1400,0.2,1
4,3,9118,1,0,666,0.42,420,0.58,1
4,4,14570,0,0,500,0.6,1000,0.2,1400,0.2,1
4,5,10781,1,0,500,0.6,1000,0.2,1400,0.2,1
4,6,5610,0,0,666,0.42,420,0.58,1
4,7,3905,2,10,5,0,500,0.6,1000,0.2,1400,0.2,1
4,8,1107,1,0,500,0.6,1000,0.2,1400,0.2,1
4,9,6145,2,10,5,0,500,0.6,1000,0.2,1400,0.2,1
4,10,13939,2,10,5,0,300,0.5,1700,0.5,1
4,11,264,1,0,300,0.5,572,0.32,486,0.18,1
5,0,9613,2,10,5,0,300,0.5,1700,0.5,1
5,1,14284,2,10,5,0,500,0.6,1000,0.2,1400,0.2,1
5,2,273,2,10,5,0,500,0.6,1000,0.2,1400,0.2,1
5,3,4669,2,10,5,0,500,0.6,1000,0.2,1400,0.2,1
5,4,7032,0,0,300,0.5,1700,0.5,1
5,5,14745,0,0,500,0.6,1000,0.2,1400,0.2,1
5,6,10443,1,0,500,0.6,1000,0.2,1400,0.2,1
5,7,8084,2,10,5,0,300,0.5,1700,0.5,1
5,8,5561,1,0,300,0.5,572,0.32,486,0.18,1
5,9,7959,1,0,300,0.5,572,0.32,486,0.18,1
5,10,13201,0,0,666,0.42,420,0.58,1
5,11,13782,1,0,300,0.5,572,0.32,486,0.18,1
6,0,3195,0,0,300,0.5,1700,0.5,1
6,1,1503,1,0,500,0.6,1000,0.2,1400,0.2,1
6,2,2590,2,10,5,0,300,0.5,572,0.32,486,0.18,1
6,3,9346,2,10,5,0,300,0.5,1700,0.5,1
6,4,12592,2,10,5,0,300,0.5,572,0.32,486,0.18,1
6,5,8826,1,0,666,0.42,420,0.58,1
6,6,11981,0,0,500,0.6,1000,0.2,1400,0.2,1
6,7,10411,2,10,5,0,300,0.5,572,0.32,486,0.18,1
6,8,7342,2,10,5,0,300,0.5,1700,0.5,1
6,9,1952,1,0,500,0.6,1000,0.2,1400,0.2,1
6,10,316,0,0,300,0.5,1700,0.5,1
6,11,13907,0,0,300,0.5,1700,0.5,1
7,0,14471,2,10,5,0,666,0.42,420,0.58,1
7,1,6284,2,10,5,0,300,0.5,572,0.32,486,0.18,1
7,2,12139,0,0,300,0.5,572,0.32,486,0.18,1
7,3,7828,2,10,5,0,500,0.6,1000,0.2,1400,0.2,1
7,4,8633,2,10,5,0,300,0.5,572,0.32,486,0.18,1
7,5,4206,0,0,666,0.42,420,0.58,1
7,6,14445,0,0,500,0.6,1000,0.2,1400,0.2,1
7,7,6091,0,0,300,0.5,572,0.32,486,0.18,1
7,8,9503,0,0,666,0.42,420,0.58,1
7,9,14621,0,0,666,0.42,420,0.58,1
7,10,10821,0,0,300,0.5,572,0.32,486,0.18,1
7,11,1353,0,0,300,0.5,1700,0.5,1
8,0,6611,1,0,666,0.42,420,0.58,1
8,1,3311,2,10,5,0,666,0.42,420,0.58,1
8,2,11308,1,0,500,0.6,1000,0.2,1400,0.2,1
8,3,10910,2,10,5,0,300,0.5,572,0.32,486,0.18,1
8,4,7797,1,0,300,0.5,1700,0.5,1
8,5,861,1,0,300,0.5,1700,0.5,1
8,6,4888,0,0,500,0.6,1000,0.2,1400,0.2,1
8,7,2547,1,0,500,0.6,1000,0.2,1400,0.2,1
8,8,9456,2,10,5,0,300,0.5,572,0.32,486,0.18,1
8,9,6297,1,0,300,0.5,1700,0.5,1
8,10,14267,1,0,300,0.5,1700,0.5,1
8,11,2289,2,10,5,0,300,0.5,1700,0.5,1
9,0,7518,0,0,300,0.5,572,0.32,486,0.18,1
9,1,10044,0,0,500,0.6,1000,0.2,1400,0.2,1
9,2,9024,0,0,300,0.5,1700,0.5,1
9,3,142,2,10,5,0,666,0.42,420,0.58,1
9,4,6804,0,0,300,0.5,1700,0.5,1
9,5,8536,0,0,300,0.5,572,0.32,486,0.18,1
9,6,8803,0,0,300,0.5,1700,0.5,1
9,7,11959,2,10,5,0,300,0.5,1700,0.5,1
9,8,13262,2,10,5,0,300,0.5,1700,0.5,1
9,9,1720,1,0,300,0.5,572,0.32,486,0.18,1
9,10,14087,0,0,500,0.6,1000,0.2,1400,0.2,1
9,11,1160,0,0,500,0.6,1000,0.2,1400,0.2,1
10,0,11938,1,0,666,0.42,420,0.58,1
10,1,2085,0,0,500,0.6,1000,0.2,1400,0.2,1
10,2,8204,0,0,666,0.42,420,0.58,1
10,3,634,1,0,300,0.5,1700,0.5,1
10,4,14374,0,0,500,0.6,1000,0.2,1400,0.2,1
10,5,11456,2,10,5,0,300,0.5,1700,0.5,1
10,6,8659,0,0,300,0.5,572,0.32,486,0.18,1
10,7,6749,1,0,300,0.5,572,0.32,486,0.18,1
10,8,2562,0,0,300,0.5,572,0.32,486,0.18,1
10,9,12500,0,0,300,0.5,1700,0.5,1
10,10,14788,0,0,300,0.5,1700,0.5,1
10,11,9094,0,0,666,0.42,420,0.58,1
11,0,3550,2,10,5,0,300,0.5,572,0.32,486,0.18,1
11,1,5638,1,0,300,0.5,1700,0.5,1
11,2,11764,1,0,300,0.5,572,0.32,486,0.18,1
11,3,11350,2,10,5,0,500,0.6,1000,0.2,1400,0.2,1
11,4,6510,2,10,5,0,300,0.5,1700,0.5,1
11,5,13655,0,0,666,0.42,420,0.58,1
11,6,2094,1,0,500,0.6,1000,0.2,1400,0.2,1
11,7,14261,0,0,300,0.5,572,0.32,486,0.18,1
11,8,14236,1,0,666,0.42,420,0.58,1
11,9,2162,2,10,5,0,300,0.5,1700,0.5,1
11,10,9981,1,0,666,0.42,420,0.58,1
11,11,5608,2,10,5,0,666,0.42,420,0.58,1
