0,0,9894,0,0,300,0.5,572,0.32,486,0.18,1
0,1,7468,0,0,666,0.42,420,0.58,1
0,2,9659,2,10,5,0,500,0.6,1000,0.2,1400,0.2,1
0,3,10282,0,0,300,0.5,572,0.32,486,0.18,1
0,4,13181,0,0,666,0.42,420,0.58,1
0,5,8288,0,0,666,0.42,420,0.58,1
0,6,8747,1,0,666,0.42,420,0.58,1
0,7,4698,2,10,5,0,300,0.5,572,0.32,486,0.18,1
0,8,12781,2,10,5,0,300,0.5,572,0.32,486,0.18,1
0,9,5332,1,0,300,0.5,1700,0.5,1
0,10,13760,1,0,300,0.5,572,0.32,486,0.18,1
0,11,5452,0,0,300,0.5,1700,0.5,1
1,0,6333,2,10,5,0,300,0.5,572,0.32,486,0.18,1
1,1,6115,2,10,5,0,666,0.42,420,0.58,1
1,2,7802,2,10,5,0,500,0.6,1000,0.2,1400,0.2,0
1,3,2937,0,0,300,0.5,572,0.32,486,0.18,1
1,4,7444,0,0,300,0.5,1700,0.5,1
1,5,12561,1,0,300,0.5,572,0.32,486,0.18,1
1,6,2993,2,10,5,0,666,0.42,420,0.58,1
1,7,13306,2,10,5,0,300,0.5,572,0.32,486,0.18,1
1,8,11261,1,0,300,0.5,1700,0.5,1
1,9,11929,2,10,5,0,666,0.42,420,0.58,1
1,10,7986,0,0,500,0.6,1000,0.2,1400,0.2,1
1,11,14631,2,10,5,0,300,0.5,572,0.32,486,0.18,1
2,0,1071,2,10,5,0,300,0.5,1700,0.5,1
2,1,1542,0,0,666,0.42,420,0.58,1
2,2,3901,2,10,5,0,500,0.6,1000,0.2,1400,0.2,1
2,3,8365,1,0,300,0.5,1700,0.5,1
2,4,5886,2,10,5,0,666,0.42,420,0.58,1
2,5,114,2,10,5,0,666,0.42,420,0.58,1
2,6,11848,0,0,300,0.5,1700,0.5,1
2,7,8239,2,10,5,0,666,0.42,420,0.58,1
2,8,13334,2,10,5,0,666,0.42,420,0.58,1
2,9,13583,1,0,666,0.42,420,0.58,1
2,10,4601,0,0,300,0.5,1700,0.5,1
2,11,6483,2,10,5,0,500,0.6,1000,0.2,1400,0.2,1
3,0,13709,0,0,500,0.6,1000,0.2,1400,0.2,1
3,1,3239,2,10,5,0,300,0.5,1700,0.5,1
3,2,4724,1,0,666,0.42,420,0.58,1
3,3,10145,2,10,5,0,300,0.5,572,0.32,486,0.18,1
3,4,3969,1,0,666,0.42,420,0.58,1
3,5,11141,0,0,666,0.42,420,0.58,1
3,6,5133,1,0,666,0.42,420,0.58,1
3,7,934,0,0,300,0.5,1700,0.5,1
3,8,5808,0,0,300,0.5,572,0.32,486,0.18,1
3,9,4873,2,10,5,0,300,0.5,572,0.32,486,0.18,1
3,10,13447,1,0,300,0.5,1700,0.5,1
3,11,3541,2,10,5,0,300,0.5,572,0.32,486,0.18,1
4,0,8692,1,0,300,0.5,1700,0.5,1
4,1,14276,2,10,5,0,300,0.5,572,0.32,486,0.18,1
4,2,7651,1,0,300,0.5,572,0.32,486,0.18,1
4,3,496,2,10,5,0,300,0.5,572,0.32,486,0.18,1
4,4,2157,1,0,300,0.5,1700,0.5,1
4,5,2769,0,0,500,0.6,1000,0.2,1400,0.2,1
4,6,3748,1,0,300,0.5,1700,0.5,1
4,7,441,1,0,300,0.5,1700,0.5,1
4,8,487,0,0,500,0.6,1000,0.2,1400,0.2,1
4,9,3372,0,0,666,0.42,420,0.58,1
4,10,3695,1,0,300,0.5,1700,0.5,1
4,11,1498,1,0,666,0.42,420,0.58,1
5,0,2375,2,10,5,0,300,0.5,1700,0.5,1
5,1,1803,2,10,5,0,300,0.5,1700,0.5,1
5,2,5855,1,0,300,0.5,1700,0.5,1
5,3,246,1,0,300,0.5,572,0.32,486,0.18,1
5,4,2600,2,10,5,0,300,0.5,1700,0.5,1
5,5,8940,1,0,666,0.42,420,0.58,1
5,6,546,2,10,5,0,500,0.6,1000,0.2,1400,0.2,1
5,7,4786,0,0,666,0.42,420,0.58,1
5,8,4051,0,0,300,0.5,1700,0.5,1
5,9,1400,1,0,300,0.5,1700,0.5,1
5,10,12634,2,10,5,0,666,0.42,420,0.58,1
5,11,5413,0,0,666,0.42,420,0.58,1
6,0,3202,2,10,5,0,500,0.6,1000,0.2,1400,0.2,1
6,1,11634,0,0,300,0.5,1700,0.5,1
6,2,11839,2,10,5,0,300,0.5,1700,0.5,1
6,3,7523,0,0,666,0.42,420,0.58,1
6,4,12782,1,0,666,0.42,420,0.58,1
6,5,5280,2,10,5,0,300,0.5,1700,0.5,1
6,6,4058,1,0,666,0.42,420,0.58,1
6,7,5468,1,0,500,0.6,1000,0.2,1400,0.2,1
6,8,3874,1,0,500,0.6,1000,0.2,1400,0.2,1
6,9,5900,1,0,666,0.42,420,0.58,1
6,10,5224,2,10,5,0,666,0.42,420,0.58,1
6,11,5929,1,0,666,0.42,420,0.58,1
7,0,7535,0,0,500,0.6,1000,0.2,1400,0.2,1
7,1,6868,1,0,666,0.42,420,0.58,1
7,2,13875,1,0,666,0.42,420,0.58,1
7,3,6555,0,0,500,0.6,1000,0.2,1400,0.2,1
7,4,3993,0,0,500,0.6,1000,0.2,1400,0.2,1
7,5,4994,0,0,300,0.5,1700,0.5,1
7,6,8207,2,10,5,0,500,0.6,1000,0.2,1400,0.2,1
7,7,10607,1,0,300,0.5,572,0.32,486,0.18,1
7,8,965,1,0,500,0.6,1000,0.2,1400,0.2,1
7,9,2692,2,10,5,0,300,0.5,572,0.32,486,0.18,1
7,10,3187,2,10,5,0,300,0.5,572,0.32,486,0.18,1
7,11,3959,1,0,300,0.5,1700,0.5,1
8,0,2089,2,10,5,0,300,0.5,1700,0.5,1
8,1,5664,0,0,300,0.5,572,0.32,486,0.18,1
8,2,4411,2,10,5,0,500,0.6,1000,0.2,1400,0.2,1
8,3,3965,1,0,300,0.5,572,0.32,486,0.18,1
8,4,354,0,0,500,0.6,1000,0.2,1400,0.2,1
8,5,13352,2,10,5,0,500,0.6,1000,0.2,1400,0.2,1
8,6,1288,1,0,666,0.42,420,0.58,1
8,7,3720,0,0,666,0.42,420,0.58,1
8,8,10951,1,0,666,0.42,420,0.58,1
8,9,3727,2,10,5,0,666,0.42,420,0.58,1
8,10,10501,1,0,300,0.5,572,0.32,486,0.18,1
8,11,143,0,0,300,0.5,1700,0.5,1
9,0,12328,1,0,300,0.5,572,0.32,486,0.18,1
9,1,8936,0,0,500,0.6,1000,0.2,1400,0.2,1
9,2,3813,2,10,5,0,300,0.5,1700,0.5,1
9,3,6108,2,10,5,0,300,0.5,572,0.32,486,0.18,1
9,4,2072,1,0,300,0.5,572,0.32,486,0.18,1
9,5,3169,2,10,5,0,500,0.6,1000,0.2,1400,0.2,1
9,6,9533,0,0,300,0.5,1700,0.5,1
9,7,9034,2,10,5,0,300,0.5,1700,0.5,1
9,8,11401,2,10,5,0,300,0.5,1700,0.5,1
9,9,14400,2,10,5,0,300,0.5,572,0.32,486,0.18,1
9,10,5896,2,10,5,0,500,0.6,1000,0.2,1400,0.2,1
9,11,1516,0,0,300,0.5,572,0.32,486,0.18,1
10,0,6050,1,0,666,0.42,420,0.58,1
10,1,1995,1,0,300,0.5,1700,0.5,1
10,2,4261,1,0,300,0.5,1700,0.5,1
10,3,6334,0,0,300,0.5,1700,0.5,1
10,4,10828,0,0,500,0.6,1000,0.2,1400,0.2,1
10,5,10763,1,0,666,0.42,420,0.58,1
10,6,8915,1,0,666,0.42,420,0.58,1
10,7,14148,1,0,666,0.42,420,0.58,1
10,8,11006,0,0,500,0.6,1000,0.2,1400,0.2,1
10,9,11581,2,10,5,0,666,0.42,420,0.58,1
10,10,7161,1,0,300,0.5,572,0.32,486,0.18,1
10,11,13441,2,10,5,0,300,0.5,572,0.32,486,0.18,1
11,0,6621,1,0,666,0.42,420,0.58,1
11,1,9364,2,10,5,0,666,0.42,420,0.58,1
11,2,10286,0,0,500,0.6,1000,0.2,1400,0.2,1
11,3,12610,2,10,5,0,666,0.42,420,0.58,1
11,4,828,1,0,300,0.5,1700,0.5,1
11,5,10134,0,0,300,0.5,572,0.32,486,0.18,1
11,6,7829,2,10,5,0,666,0.42,420,0.58,1
11,7,7323,2,10,5,0,300,0.5,1700,0.5,1
11,8,8029,2,10,5,0,300,0.5,572,0.32,486,0.18,1
11,9,11742,0,0,300,0.5,1700,0.5,1
11,10,5607,0,0,300,0.5,572,0.32,486,0.18,1
11,11,11823,2,10,5,0,666,0.42,420,0.58,1
