0,0,10883,1,0,500,0.6,1000,0.2,1400,0.2,1
0,1,10108,1,0,500,0.6,1000,0.2,1400,0.2,1
0,2,5436,2,10,5,0,300,0.5,572,0.32,486,0.18,1
0,3,12034,2,10,5,0,500,0.6,1000,0.2,1400,0.2,1
0,4,3778,2,10,5,0,300,0.5,572,0.32,486,0.18,1
0,5,11395,2,10,5,0,300,0.5,1700,0.5,1
0,6,14081,0,0,300,0.5,572,0.32,486,0.18,1
0,7,2302,0,0,300,0.5,572,0.32,486,0.18,1
0,8,2726,2,10,5,0,666,0.42,420,0.58,1
0,9,10455,1,0,666,0.42,420,0.58,1
0,10,4301,1,0,666,0.42,420,0.58,1
0,11,9036,0,0,300,0.5,572,0.32,486,0.18,1
1,0,9527,2,10,5,0,666,0.42,420,0.58,1
1,1,10228,1,0,500,0.6,1000,0.2,1400,0.2,1
1,2,10019,2,10,5,0,300,0.5,1700,0.5,0
1,3,7257,2,10,5,0,300,0.5,572,0.32,486,0.18,1
1,4,8242,0,0,666,0.42,420,0.58,1
1,5,6854,0,0,500,0.6,1000,0.2,1400,0.2,1
1,6,5589,1,0,300,0.5,572,0.32,486,0.18,1
1,7,14051,0,0,300,0.5,1700,0.5,1
1,8,3913,1,0,500,0.6,1000,0.2,1400,0.2,1
1,9,9738,2,10,5,0,300,0.5,572,0.32,486,0.18,1
1,10,1724,0,0,300,0.5,572,0.32,486,0.18,1
1,11,11769,1,0,300,0.5,1700,0.5,1
2,0,1515,2,10,5,0,500,0.6,1000,0.2,1400,0.2,1
2,1,8952,2,10,5,0,300,0.5,1700,0.5,1
2,2,5568,0,0,300,0.5,1700,0.5,1
2,3,3034,1,0,500,0.6,1000,0.2,1400,0.2,1
2,4,3844,0,0,666,0.42,420,0.58,1
2,5,7666,0,0,666,0.42,420,0.58,1
2,6,4396,2,10,5,0,666,0.42,420,0.58,1
2,7,2226,0,0,300,0.5,1700,0.5,1
2,8,13280,0,0,666,0.42,420,0.58,1
2,9,4892,0,0,666,0.42,420,0.58,1
2,10,4588,0,0,300,0.5,1700,0.5,1
2,11,6180,0,0,500,0.6,1000,0.2,1400,0.2,1
3,0,2706,2,10,5,0,500,0.6,1000,0.2,1400,0.2,1
3,1,9125,0,0,500,0.6,1000,0.2,1400,0.2,1
3,2,12314,2,10,5,0,666,0.42,420,0.58,1
3,3,1240,0,0,666,0.42,420,0.58,1
3,4,10936,2,10,5,0,500,0.6,1000,0.2,1400,0.2,1
3,5,7737,2,10,5,0,666,0.42,420,0.58,1
3,6,56,0,0,500,0.6,1000,0.2,1400,0.2,1
3,7,13836,2,10,5,0,300,0.5,572,0.32,486,0.18,1
3,8,9372,2,10,5,0,666,0.42,420,0.58,1
3,9,991,0,0,500,0.6,1000,0.2,1400,0.2,1
3,10,5738,2,10,5,0,300,0.5,572,0.32,486,0.18,1
3,11,9296,1,0,300,0.5,572,0.32,486,0.18,1
4,0,10131,0,0,300,0.5,572,0.32,486,0.18,1
4,1,2763,2,10,5,0,300,0.5,572,0.32,486,0.18,1
4,2,4172,0,0,666,0.42,420,0.58,1
4,3,368,2,10,5,0,500,0.6,1000,0.2,1400,0.2,1
4,4,6401,0,0,300,0.5,1700,0.5,1
4,5,190,1,0,500,0.6,1000,0.2,1400,0.2,1
4,6,3743,1,0,666,0.42,420,0.58,1
4,7,8742,1,0,300,0.5,1700,0.5,1
4,8,6767,0,0,300,0.5,1700,0.5,1
4,9,3820,1,0,500,0.6,1000,0.2,1400,0.2,1
4,10,8373,2,10,5,0,300,0.5,1700,0.5,1
4,11,8422,2,10,5,0,300,0.5,572,0.32,486,0.18,1
5,0,14323,0,0,666,0.42,420,0.58,1
5,1,11778,1,0,300,0.5,572,0.32,486,0.18,1
5,2,13163,1,0,500,0.6,1000,0.2,1400,0.2,1
5,3,6744,0,0,300,0.5,1700,0.5,1
5,4,14490,0,0,666,0.42,420,0.58,1
5,5,8732,0,0,300,0.5,572,0.32,486,0.18,1
5,6,1845,0,0,300,0.5,1700,0.5,1
5,7,11243,2,10,5,0,300,0.5,1700,0.5,1
5,8,3441,2,10,5,0,666,0.42,420,0.58,1
5,9,12598,1,0,500,0.6,1000,0.2,1400,0.2,1
5,10,13215,2,10,5,0,666,0.42,420,0.58,1
5,11,4458,0,0,500,0.6,1000,0.2,1400,0.2,1
6,0,11515,1,0,666,0.42,420,0.58,1
6,1,5516,2,10,5,0,300,0.5,572,0.32,486,0.18,1
6,2,4075,2,10,5,0,300,0.5,1700,0.5,1
6,3,10349,2,10,5,0,500,0.6,1000,0.2,1400,0.2,1
6,4,5383,0,0,300,0.5,1700,0.5,1
6,5,5101,2,10,5,0,300,0.5,572,0.32,486,0.18,1
6,6,14815,1,0,300,0.5,1700,0.5,1
6,7,3919,2,10,5,0,300,0.5,572,0.32,486,0.18,1
6,8,4283,2,10,5,0,300,0.5,1700,0.5,1
6,9,10325,1,0,300,0.5,572,0.32,486,0.18,1
6,10,13679,1,0,500,0.6,1000,0.2,1400,0.2,1
6,11,9985,1,0,500,0.6,1000,0.2,1400,0.2,1
7,0,14952,1,0,500,0.6,1000,0.2,1400,0.2,1
7,1,6236,0,0,300,0.5,572,0.32,486,0.18,1
7,2,3555,0,0,300,0.5,572,0.32,486,0.18,1
7,3,10400,1,0,666,0.42,420,0.58,1
7,4,14281,2,10,5,0,500,0.6,1000,0.2,1400,0.2,1
7,5,12817,0,0,300,0.5,1700,0.5,1
7,6,12861,1,0,666,0.42,420,0.58,1
7,7,3841,0,0,300,0.5,1700,0.5,1
7,8,11787,0,0,300,0.5,1700,0.5,1
7,9,1300,1,0,500,0.6,1000,0.2,1400,0.2,1
7,10,1997,1,0,666,0.42,420,0.58,1
7,11,1067,1,0,300,0.5,1700,0.5,1
8,0,9235,1,0,500,0.6,1000,0.2,1400,0.2,1
8,1,7602,1,0,666,0.42,420,0.58,1
8,2,1877,1,0,300,0.5,1700,0.5,1
8,3,5261,2,10,5,0,300,0.5,1700,0.5,1
8,4,6532,1,0,300,0.5,572,0.32,486,0.18,1
8,5,12952,2,10,5,0,666,0.42,420,0.58,1
8,6,4668,0,0,500,0.6,1000,0.2,1400,0.2,1
8,7,2814,2,10,5,0,666,0.42,420,0.58,1
8,8,3147,0,0,300,0.5,1700,0.5,1
8,9,9204,0,0,500,0.6,1000,0.2,1400,0.2,1
8,10,848,2,10,5,0,300,0.5,1700,0.5,1
8,11,3150,1,0,300,0.5,1700,0.5,1
9,0,4118,1,0,500,0.6,1000,0.2,1400,0.2,1
9,1,11938,1,0,500,0.6,1000,0.2,1400,0.2,1
9,2,11507,1,0,500,0.6,1000,0.2,1400,0.2,1
9,3,2327,2,10,5,0,500,0.6,1000,0.2,1400,0.2,1
9,4,8017,0,0,666,0.42,420,0.58,1
9,5,11644,2,10,5,0,300,0.5,1700,0.5,1
9,6,1363,2,10,5,0,300,0.5,572,0.32,486,0.18,1
9,7,8113,0,0,300,0.5,1700,0.5,1
9,8,8328,2,10,5,0,300,0.5,1700,0.5,1
9,9,2662,1,0,500,0.6,1000,0.2,1400,0.2,1
9,10,3674,1,0,300,0.5,572,0.32,486,0.18,1
9,11,10227,2,10,5,0,300,0.5,572,0.32,486,0.18,1
10,0,2983,1,0,300,0.5,572,0.32,486,0.18,1
10,1,11068,2,10,5,0,300,0.5,1700,0.5,1
10,2,10773,2,10,5,0,300,0.5,1700,0.5,1
10,3,5600,1,0,500,0.6,1000,0.2,1400,0.2,1
10,4,3242,1,0,300,0.5,1700,0.5,1
10,5,5564,2,10,5,0,500,0.6,1000,0.2,1400,0.2,1
10,6,14121,2,10,5,0,300,0.5,1700,0.5,1
10,7,8949,0,0,666,0.42,420,0.58,1
10,8,1395,2,10,5,0,500,0.6,1000,0.2,1400,0.2,1
10,9,14655,1,0,300,0.5,572,0.32,486,0.18,1
10,10,10250,0,0,666,0.42,420,0.58,1
10,11,8485,2,10,5,0,300,0.5,1700,0.5,1
11,0,5591,0,0,500,0.6,1000,0.2,1400,0.2,1
11,1,1057,0,0,500,0.6,1000,0.2,1400,0.2,1
11,2,10089,2,10,5,0,300,0.5,572,0.32,486,0.18,1
11,3,14408,0,0,500,0.6,1000,0.2,1400,0.2,1
11,4,1128,1,0,300,0.5,1700,0.5,1
11,5,5035,1,0,666,0.42,420,0.58,1
11,6,9833,1,0,500,0.6,1000,0.2,1400,0.2,1
11,7,241,0,0,300,0.5,1700,0.5,1
11,8,1316,2,10,5,0,300,0.5,572,0.32,486,0.18,1
11,9,13152,1,0,300,0.5,572,0.32,486,0.18,1
11,10,8242,2,10,5,0,666,0.42,420,0.58,1
11,11,6411,2,10,5,0,666,0.42,420,0.58,1
