0,0,12977,2,10,5,0,300,0.5,1700,0.5,1
0,1,13660,1,0,500,0.6,1000,0.2,1400,0.2,1
0,2,13942,1,0,500,0.6,1000,0.2,1400,0.2,1
0,3,8135,0,0,300,0.5,572,0.32,486,0.18,1
0,4,5185,1,0,500,0.6,1000,0.2,1400,0.2,1
0,5,3657,1,0,300,0.5,572,0.32,486,0.18,1
0,6,1057,0,0,500,0.6,1000,0.2,1400,0.2,1
0,7,13189,0,0,500,0.6,1000,0.2,1400,0.2,1
0,8,2492,0,0,500,0.6,1000,0.2,1400,0.2,1
0,9,4738,1,0,500,0.6,1000,0.2,1400,0.2,1
0,10,14041,0,0,666,0.42,420,0.58,1
0,11,8997,2,10,5,0,300,0.5,572,0.32,486,0.18,1
1,0,2861,0,0,300,0.5,572,0.32,486,0.18,1
1,1,5396,1,0,500,0.6,1000,0.2,1400,0.2,1
1,2,13873,1,0,300,0.5,572,0.32,486,0.18,0
1,3,9066,2,10,5,0,666,0.42,420,0.58,1
1,4,14615,1,0,666,0.42,420,0.58,1
1,5,7910,0,0,300,0.5,572,0.32,486,0.18,1
1,6,2917,2,10,5,0,300,0.5,572,0.32,486,0.18,1
1,7,4676,2,10,5,0,500,0.6,1000,0.2,1400,0.2,1
1,8,7807,1,0,300,0.5,1700,0.5,1
1,9,1943,2,10,5,0,500,0.6,1000,0.2,1400,0.2,1
1,10,12198,1,0,500,0.6,1000,0.2,1400,0.2,1
1,11,10956,1,0,300,0.5,1700,0.5,1
2,0,3427,2,10,5,0,300,0.5,572,0.32,486,0.18,1
2,1,12536,1,0,300,0.5,572,0.32,486,0.18,1
2,2,9771,1,0,666,0.42,420,0.58,1
2,3,14638,2,10,5,0,500,0.6,1000,0.2,1400,0.2,1
2,4,774,0,0,500,0.6,1000,0.2,1400,0.2,1
2,5,2032,0,0,666,0.42,420,0.58,1
2,6,3749,1,0,500,0.6,1000,0.2,1400,0.2,1
2,7,14575,0,0,500,0.6,1000,0.2,1400,0.2,1
2,8,2912,2,10,5,0,666,0.42,420,0.58,1
2,9,12378,0,0,300,0.5,1700,0.5,1
2,10,9024,2,10,5,0,300,0.5,1700,0.5,1
2,11,7907,0,0,666,0.42,420,0.58,1
3,0,7090,1,0,666,0.42,420,0.58,1
3,1,4787,1,0,500,0.6,1000,0.2,1400,0.2,1
3,2,1129,0,0,666,0.42,420,0.58,1
3,3,4169,2,10,5,0,300,0.5,572,0.32,486,0.18,1
3,4,5739,0,0,500,0.6,1000,0.2,1400,0.2,1
3,5,1971,1,0,500,0.6,1000,0.2,1400,0.2,1
3,6,11989,0,0,500,0.6,1000,0.2,1400,0.2,1
3,7,13517,0,0,300,0.5,1700,0.5,1
3,8,1718,2,10,5,0,300,0.5,1700,0.5,1
3,9,10049,2,10,5,0,300,0.5,572,0.32,486,0.18,1
3,10,9707,0,0,666,0.42,420,0.58,1
3,11,8871,2,10,5,0,666,0.42,420,0.58,1
4,0,3410,0,0,666,0.42,420,0.58,1
4,1,12783,0,0,500,0.6,1000,0.2,1400,0.2,1
4,2,11954,2,10,5,0,300,0.5,1700,0.5,1
4,3,5650,0,0,300,0.5,1700,0.5,1
4,4,9225,1,0,500,0.6,1000,0.2,1400,0.2,1
4,5,1093,0,0,500,0.6,1000,0.2,1400,0.2,1
4,6,11837,1,0,300,0.5,572,0.32,486,0.18,1
4,7,13845,2,10,5,0,300,0.5,1700,0.5,1
4,8,607,1,0,300,0.5,572,0.32,486,0.18,1
4,9,8191,1,0,500,0.6,1000,0.2,1400,0.2,1
4,10,7386,0,0,666,0.42,420,0.58,1
4,11,8742,1,0,500,0.6,1000,0.2,1400,0.2,1
5,0,10942,0,0,300,0.5,1700,0.5,1
5,1,7842,2,10,5,0,500,0.6,1000,0.2,1400,0.2,1
5,2,9078,0,0,500,0.6,1000,0.2,1400,0.2,1
5,3,4705,0,0,500,0.6,1000,0.2,1400,0.2,1
5,4,10133,1,0,666,0.42,420,0.58,1
5,5,217,2,10,5,0,300,0.5,572,0.32,486,0.18,1
5,6,4102,0,0,666,0.42,420,0.58,1
5,7,7792,1,0,500,0.6,1000,0.2,1400,0.2,1
5,8,217,2,10,5,0,500,0.6,1000,0.2,1400,0.2,1
5,9,7220,1,0,300,0.5,1700,0.5,1
5,10,9997,2,10,5,0,300,0.5,1700,0.5,1
5,11,2394,0,0,500,0.6,1000,0.2,1400,0.2,1
6,0,7310,0,0,300,0.5,1700,0.5,1
6,1,3847,0,0,500,0.6,1000,0.2,1400,0.2,1
6,2,9412,1,0,300,0.5,1700,0.5,1
6,3,13506,2,10,5,0,500,0.6,1000,0.2,1400,0.2,1
6,4,8832,2,10,5,0,666,0.42,420,0.58,1
6,5,9578,0,0,666,0.42,420,0.58,1
6,6,10839,0,0,666,0.42,420,0.58,1
6,7,10122,2,10,5,0,500,0.6,1000,0.2,1400,0.2,1
6,8,6032,2,10,5,0,300,0.5,1700,0.5,1
6,9,8860,0,0,300,0.5,1700,0.5,1
6,10,13517,2,10,5,0,300,0.5,1700,0.5,1
6,11,5169,1,0,300,0.5,572,0.32,486,0.18,1
7,0,8287,0,0,300,0.5,1700,0.5,1
7,1,14046,0,0,500,0.6,1000,0.2,1400,0.2,1
7,2,13570,0,0,666,0.42,420,0.58,1
7,3,4033,1,0,500,0.6,1000,0.2,1400,0.2,1
7,4,1667,1,0,666,0.42,420,0.58,1
7,5,807,0,0,666,0.42,420,0.58,1
7,6,10810,2,10,5,0,300,0.5,1700,0.5,1
7,7,8462,2,10,5,0,300,0.5,572,0.32,486,0.18,1
7,8,13445,0,0,300,0.5,1700,0.5,1
7,9,7736,1,0,500,0.6,1000,0.2,1400,0.2,1
7,10,10976,2,10,5,0,300,0.5,1700,0.5,1
7,11,10081,1,0,300,0.5,572,0.32,486,0.18,1
8,0,10461,1,0,300,0.5,1700,0.5,1
8,1,9515,1,0,666,0.42,420,0.58,1
8,2,4680,2,10,5,0,300,0.5,1700,0.5,1
8,3,8542,0,0,666,0.42,420,0.58,1
8,4,14485,0,0,500,0.6,1000,0.2,1400,0.2,1
8,5,3906,1,0,666,0.42,420,0.58,1
8,6,10396,0,0,666,0.42,420,0.58,1
8,7,13095,1,0,300,0.5,572,0.32,486,0.18,1
8,8,8447,0,0,500,0.6,1000,0.2,1400,0.2,1
8,9,12647,1,0,300,0.5,1700,0.5,1
8,10,13423,1,0,300,0.5,1700,0.5,1
8,11,10797,2,10,5,0,300,0.5,572,0.32,486,0.18,1
9,0,14138,1,0,300,0.5,1700,0.5,1
9,1,12058,1,0,300,0.5,1700,0.5,1
9,2,2359,0,0,300,0.5,572,0.32,486,0.18,1
9,3,5636,0,0,300,0.5,1700,0.5,1
9,4,4777,1,0,500,0.6,1000,0.2,1400,0.2,1
9,5,14344,1,0,500,0.6,1000,0.2,1400,0.2,1
9,6,956,1,0,300,0.5,572,0.32,486,0.18,1
9,7,11392,1,0,300,0.5,1700,0.5,1
9,8,3111,2,10,5,0,300,0.5,1700,0.5,1
9,9,2486,1,0,300,0.5,572,0.32,486,0.18,1
9,10,4028,2,10,5,0,500,0.6,1000,0.2,1400,0.2,1
9,11,10104,2,10,5,0,666,0.42,420,0.58,1
10,0,32,1,0,500,0.6,1000,0.2,1400,0.2,1
10,1,3586,2,10,5,0,300,0.5,572,0.32,486,0.18,1
10,2,8689,0,0,300,0.5,572,0.32,486,0.18,1
10,3,13156,1,0,666,0.42,420,0.58,1
10,4,2062,1,0,300,0.5,1700,0.5,1
10,5,7721,2,10,5,0,300,0.5,1700,0.5,1
10,6,6756,1,0,500,0.6,1000,0.2,1400,0.2,1
10,7,13581,2,10,5,0,500,0.6,1000,0.2,1400,0.2,1
10,8,12087,0,0,666,0.42,420,0.58,1
10,9,8263,2,10,5,0,300,0.5,572,0.32,486,0.18,1
10,10,6698,0,0,666,0.42,420,0.58,1
10,11,3640,0,0,666,0.42,420,0.58,1
11,0,9071,0,0,500,0.6,1000,0.2,1400,0.2,1
11,1,8169,2,10,5,0,300,0.5,1700,0.5,1
11,2,11389,2,10,5,0,300,0.5,572,0.32,486,0.18,1
11,3,6924,2,10,5,0,300,0.5,572,0.32,486,0.18,1
11,4,11961,2,10,5,0,500,0.6,1000,0.2,1400,0.2,1
11,5,11024,0,0,300,0.5,572,0.32,486,0.18,1
11,6,2342,2,10,5,0,500,0.6,1000,0.2,1400,0.2,1
11,7,3248,1,0,500,0.6,1000,0.2,1400,0.2,1
11,8,2487,0,0,500,0.6,1000,0.2,1400,0.2,1
11,9,13064,0,0,300,0.5,572,0.32,486,0.18,1
11,10,12380,2,10,5,0,666,0.42,420,0.58,1
11,11,3410,1,0,300,0.5,1700,0.5,1
