0,0,14168,0,0,500,0.6,1000,0.2,1400,0.2,1
0,1,1788,2,10,5,0,300,0.5,1700,0.5,1
0,2,4886,1,0,300,0.5,1700,0.5,1
0,3,7704,1,0,300,0.5,1700,0.5,1
0,4,480,2,10,5,0,666,0.42,420,0.58,1
0,5,11057,2,10,5,0,500,0.6,1000,0.2,1400,0.2,1
0,6,3731,1,0,500,0.6,1000,0.2,1400,0.2,1
0,7,2076,2,10,5,0,666,0.42,420,0.58,1
0,8,9300,2,10,5,0,300,0.5,572,0.32,486,0.18,1
0,9,3329,1,0,666,0.42,420,0.58,1
0,10,5571,1,0,666,0.42,420,0.58,1
0,11,11775,0,0,300,0.5,1700,0.5,1
1,0,11227,0,0,500,0.6,1000,0.2,1400,0.2,1
1,1,11711,0,0,300,0.5,572,0.32,486,0.18,1
1,2,415,2,10,5,0,300,0.5,1700,0.5,0
1,3,5112,0,0,300,0.5,572,0.32,486,0.18,1
1,4,14566,1,0,666,0.42,420,0.58,1
1,5,11611,1,0,500,0.6,1000,0.2,1400,0.2,1
1,6,13857,1,0,666,0.42,420,0.58,1
1,7,8174,1,0,300,0.5,572,0.32,486,0.18,1
1,8,7289,0,0,300,0.5,1700,0.5,1
1,9,5225,2,10,5,0,500,0.6,1000,0.2,1400,0.2,1
1,10,14079,0,0,300,0.5,1700,0.5,1
1,11,10995,2,10,5,0,666,0.42,420,0.58,1
2,0,2492,2,10,5,0,300,0.5,572,0.32,486,0.18,1
2,1,10159,0,0,500,0.6,1000,0.2,1400,0.2,1
2,2,7205,1,0,666,0.42,420,0.58,1
2,3,6291,2,10,5,0,300,0.5,1700,0.5,1
2,4,4918,2,10,5,0,500,0.6,1000,0.2,1400,0.2,1
2,5,11806,1,0,300,0.5,572,0.32,486,0.18,1
2,6,4178,0,0,666,0.42,420,0.58,1
2,7,1384,2,10,5,0,500,0.6,1000,0.2,1400,0.2,1
2,8,3338,0,0,300,0.5,1700,0.5,1
2,9,4360,0,0,300,0.5,1700,0.5,1
2,10,6112,2,10,5,0,666,0.42,420,0.58,1
2,11,11679,1,0,666,0.42,420,0.58,1
3,0,10322,1,0,300,0.5,1700,0.5,1
3,1,1488,2,10,5,0,300,0.5,1700,0.5,1
3,2,9936,2,10,5,0,500,0.6,1000,0.2,1400,0.2,1
3,3,3278,2,10,5,0,300,0.5,1700,0.5,1
3,4,10338,2,10,5,0,666,0.42,420,0.58,1
3,5,664,0,0,666,0.42,420,0.58,1
3,6,855,2,10,5,0,300,0.5,572,0.32,486,0.18,1
3,7,221,2,10,5,0,500,0.6,1000,0.2,1400,0.2,1
3,8,6584,1,0,666,0.42,420,0.58,1
3,9,5448,2,10,5,0,300,0.5,1700,0.5,1
3,10,8584,0,0,500,0.6,1000,0.2,1400,0.2,1
3,11,3139,2,10,5,0,500,0.6,1000,0.2,1400,0.2,1
4,0,13547,2,10,5,0,300,0.5,572,0.32,486,0.18,1
4,1,13479,0,0,500,0.6,1000,0.2,1400,0.2,1
4,2,14912,0,0,300,0.5,572,0.32,486,0.18,1
4,3,10503,2,10,5,0,666,0.42,420,0.58,1
4,4,195,0,0,300,0.5,1700,0.5,1
4,5,7869,2,10,5,0,300,0.5,572,0.32,486,0.18,1
4,6,7239,0,0,500,0.6,1000,0.2,1400,0.2,1
4,7,7335,2,10,5,0,300,0.5,572,0.32,486,0.18,1
4,8,11452,2,10,5,0,300,0.5,1700,0.5,1
4,9,9984,2,10,5,0,666,0.42,420,0.58,1
4,10,10506,1,0,300,0.5,1700,0.5,1
4,11,3263,2,10,5,0,666,0.42,420,0.58,1
5,0,1857,2,10,5,0,300,0.5,1700,0.5,1
5,1,10620,0,0,666,0.42,420,0.58,1
5,2,14402,0,0,500,0.6,1000,0.2,1400,0.2,1
5,3,470,0,0,300,0.5,572,0.32,486,0.18,1
5,4,1395,0,0,300,0.5,1700,0.5,1
5,5,4054,1,0,300,0.5,1700,0.5,1
5,6,12659,0,0,300,0.5,1700,0.5,1
5,7,144,0,0,666,0.42,420,0.58,1
5,8,4464,2,10,5,0,666,0.42,420,0.58,1
5,9,10447,1,0,666,0.42,420,0.58,1
5,10,1054,2,10,5,0,666,0.42,420,0.58,1
5,11,9139,0,0,500,0.6,1000,0.2,1400,0.2,1
6,0,8161,2,10,5,0,300,0.5,1700,0.5,1
6,1,1325,2,10,5,0,300,0.5,1700,0.5,1
6,2,10472,2,10,5,0,300,0.5,572,0.32,486,0.18,1
6,3,11707,2,10,5,0,500,0.6,1000,0.2,1400,0.2,1
6,4,4219,0,0,300,0.5,1700,0.5,1
6,5,773,1,0,300,0.5,1700,0.5,1
6,6,12787,2,10,5,0,300,0.5,572,0.32,486,0.18,1
6,7,6940,0,0,300,0.5,1700,0.5,1
6,8,6858,2,10,5,0,500,0.6,1000,0.2,1400,0.2,1
6,9,14242,0,0,500,0.6,1000,0.2,1400,0.2,1
6,10,1711,1,0,500,0.6,1000,0.2,1400,0.2,1
6,11,11007,0,0,666,0.42,420,0.58,1
7,0,11558,0,0,300,0.5,572,0.32,486,0.18,1
7,1,12980,2,10,5,0,500,0.6,1000,0.2,1400,0.2,1
7,2,216,0,0,300,0.5,1700,0.5,1
7,3,7585,0,0,300,0.5,572,0.32,486,0.18,1
7,4,4109,0,0,300,0.5,1700,0.5,1
7,5,14944,0,0,500,0.6,1000,0.2,1400,0.2,1
7,6,1323,2,10,5,0,300,0.5,1700,0.5,1
7,7,10152,1,0,666,0.42,420,0.58,1
7,8,1151,0,0,666,0.42,420,0.58,1
7,9,14539,1,0,300,0.5,572,0.32,486,0.18,1
7,10,12854,0,0,500,0.6,1000,0.2,1400,0.2,1
7,11,4723,1,0,500,0.6,1000,0.2,1400,0.2,1
8,0,1484,2,10,5,0,300,0.5,572,0.32,486,0.18,1
8,1,13860,0,0,300,0.5,572,0.32,486,0.18,1
8,2,14615,1,0,666,0.42,420,0.58,1
8,3,1129,0,0,666,0.42,420,0.58,1
8,4,3713,1,0,300,0.5,1700,0.5,1
8,5,3366,1,0,500,0.6,1000,0.2,1400,0.2,1
8,6,7847,2,10,5,0,300,0.5,1700,0.5,1
8,7,1843,0,0,666,0.42,420,0.58,1
8,8,2573,0,0,666,0.42,420,0.58,1
8,9,14135,0,0,666,0.42,420,0.58,1
8,10,5523,1,0,300,0.5,572,0.32,486,0.18,1
8,11,9847,2,10,5,0,500,0.6,1000,0.2,1400,0.2,1
9,0,12480,2,10,5,0,300,0.5,1700,0.5,1
9,1,2151,2,10,5,0,666,0.42,420,0.58,1
9,2,8377,0,0,500,0.6,1000,0.2,1400,0.2,1
9,3,9803,1,0,666,0.42,420,0.58,1
9,4,7735,1,0,500,0.6,1000,0.2,1400,0.2,1
9,5,6397,2,10,5,0,666,0.42,420,0.58,1
9,6,6641,2,10,5,0,300,0.5,572,0.32,486,0.18,1
9,7,5591,2,10,5,0,300,0.5,572,0.32,486,0.18,1
9,8,12835,2,10,5,0,500,0.6,1000,0.2,1400,0.2,1
9,9,12042,2,10,5,0,300,0.5,572,0.32,486,0.18,1
9,10,14357,0,0,300,0.5,1700,0.5,1
9,11,161,1,0,666,0.42,420,0.58,1
10,0,5582,1,0,500,0.6,1000,0.2,1400,0.2,1
10,1,9964,0,0,300,0.5,1700,0.5,1
10,2,3872,2,10,5,0,300,0.5,572,0.32,486,0.18,1
10,3,793,1,0,300,0.5,1700,0.5,1
10,4,8002,2,10,5,0,666,0.42,420,0.58,1
10,5,6501,1,0,300,0.5,572,0.32,486,0.18,1
10,6,7376,1,0,666,0.42,420,0.58,1
10,7,11052,2,10,5,0,300,0.5,1700,0.5,1
10,8,9776,1,0,300,0.5,1700,0.5,1
10,9,2732,0,0,300,0.5,572,0.32,486,0.18,1
10,10,13344,1,0,666,0.42,420,0.58,1
10,11,7422,0,0,666,0.42,420,0.58,1
11,0,735,1,0,300,0.5,1700,0.5,1
11,1,13927,1,0,666,0.42,420,0.58,1
11,2,1898,1,0,300,0.5,572,0.32,486,0.18,1
11,3,2453,2,10,5,0,500,0.6,1000,0.2,1400,0.2,1
11,4,23,2,10,5,0,500,0.6,1000,0.2,1400,0.2,1
11,5,10742,1,0,666,0.42,420,0.58,1
11,6,4854,1,0,666,0.42,420,0.58,1
11,7,2526,1,0,300,0.5,1700,0.5,1
11,8,3531,2,10,5,0,300,0.5,572,0.32,486,0.18,1
11,9,3094,2,10,5,0,500,0.6,1000,0.2,1400,0.2,1
11,10,2108,2,10,5,0,500,0.6,1000,0.2,1400,0.2,1
11,11,13841,0,0,300,0.5,572,0.32,486,0.18,1
