0,0,7921,2,10,5,0,300,0.5,1700,0.5,1
0,1,2221,2,10,5,0,666,0.42,420,0.58,1
0,2,12226,1,0,300,0.5,572,0.32,486,0.18,1
0,3,7428,1,0,300,0.5,572,0.32,486,0.18,1
0,4,4116,0,0,300,0.5,572,0.32,486,0.18,1
0,5,11349,2,10,5,0,666,0.42,420,0.58,1
0,6,12041,1,0,500,0.6,1000,0.2,1400,0.2,1
0,7,14272,0,0,500,0.6,1000,0.2,1400,0.2,1
0,8,9033,1,0,666,0.42,420,0.58,1
0,9,2595,2,10,5,0,666,0.42,420,0.58,1
0,10,10856,1,0,500,0.6,1000,0.2,1400,0.2,1
0,11,14424,2,10,5,0,500,0.6,1000,0.2,1400,0.2,1
1,0,3771,2,10,5,0,666,0.42,420,0.58,1
1,1,6942,2,10,5,0,300,0.5,1700,0.5,1
1,2,8784,0,0,300,0.5,572,0.32,486,0.18,0
1,3,14314,1,0,300,0.5,1700,0.5,1
1,4,12603,0,0,666,0.42,420,0.58,1
1,5,4022,2,10,5,0,300,0.5,1700,0.5,1
1,6,7669,0,0,666,0.42,420,0.58,1
1,7,4555,0,0,666,0.42,420,0.58,1
1,8,11560,0,0,666,0.42,420,0.58,1
1,9,8414,0,0,666,0.42,420,0.58,1
1,10,492,2,10,5,0,666,0.42,420,0.58,1
1,11,10536,0,0,500,0.6,1000,0.2,1400,0.2,1
2,0,3048,0,0,666,0.42,420,0.58,1
2,1,9820,0,0,666,0.42,420,0.58,1
2,2,10295,1,0,300,0.5,572,0.32,486,0.18,1
2,3,745,2,10,5,0,666,0.42,420,0.58,1
2,4,2430,1,0,666,0.42,420,0.58,1
2,5,10424,1,0,300,0.5,572,0.32,486,0.18,1
2,6,4655,0,0,300,0.5,1700,0.5,1
2,7,2340,1,0,500,0.6,1000,0.2,1400,0.2,1
2,8,14618,1,0,500,0.6,1000,0.2,1400,0.2,1
2,9,6703,0,0,666,0.42,420,0.58,1
2,10,14216,1,0,300,0.5,572,0.32,486,0.18,1
2,11,6146,2,10,5,0,666,0.42,420,0.58,1
3,0,5525,1,0,300,0.5,572,0.32,486,0.18,1
3,1,9634,2,10,5,0,500,0.6,1000,0.2,1400,0.2,1
3,2,9804,0,0,666,0.42,420,0.58,1
3,3,10905,1,0,300,0.5,1700,0.5,1
3,4,762,1,0,300,0.5,1700,0.5,1
3,5,11517,0,0,500,0.6,1000,0.2,1400,0.2,1
3,6,14526,0,0,300,0.5,1700,0.5,1
3,7,2035,2,10,5,0,500,0.6,1000,0.2,1400,0.2,1
3,8,1650,0,0,500,0.6,1000,0.2,1400,0.2,1
3,9,8136,2,10,5,0,300,0.5,1700,0.5,1
3,10,7528,1,0,300,0.5,572,0.32,486,0.18,1
3,11,6117,0,0,666,0.42,420,0.58,1
4,0,756,2,10,5,0,500,0.6,1000,0.2,1400,0.2,1
4,1,8505,2,10,5,0,300,0.5,572,0.32,486,0.18,1
4,2,11350,1,0,500,0.6,1000,0.2,1400,0.2,1
4,3,10155,2,10,5,0,666,0.42,420,0.58,1
4,4,3078,2,10,5,0,666,0.42,420,0.58,1
4,5,236,0,0,666,0.42,420,0.58,1
4,6,10631,2,10,5,0,666,0.42,420,0.58,1
4,7,3319,1,0,500,0.6,1000,0.2,1400,0.2,1
4,8,10018,2,10,5,0,300,0.5,1700,0.5,1
4,9,2524,0,0,300,0.5,572,0.32,486,0.18,1
4,10,4764,0,0,500,0.6,1000,0.2,1400,0.2,1
4,11,10743,0,0,666,0.42,420,0.58,1
5,0,5627,2,10,5,0,300,0.5,572,0.32,486,0.18,1
5,1,41,2,10,5,0,666,0.42,420,0.58,1
5,2,8803,0,0,300,0.5,1700,0.5,1
5,3,14334,1,0,300,0.5,572,0.32,486,0.18,1
5,4,852,2,10,5,0,300,0.5,1700,0.5,1
5,5,7300,2,10,5,0,300,0.5,572,0.32,486,0.18,1
5,6,10468,2,10,5,0,300,0.5,1700,0.5,1
5,7,8186,1,0,500,0.6,1000,0.2,1400,0.2,1
5,8,3560,2,10,5,0,500,0.6,1000,0.2,1400,0.2,1
5,9,3320,1,0,300,0.5,572,0.32,486,0.18,1
5,10,1493,0,0,666,0.42,420,0.58,1
5,11,1731,0,0,300,0.5,1700,0.5,1
6,0,2052,2,10,5,0,300,0.5,572,0.32,486,0.18,1
6,1,11616,0,0,300,0.5,572,0.32,486,0.18,1
6,2,5358,1,0,300,0.5,572,0.32,486,0.18,1
6,3,5584,1,0,500,0.6,1000,0.2,1400,0.2,1
6,4,14002,2,10,5,0,666,0.42,420,0.58,1
6,5,12510,0,0,300,0.5,1700,0.5,1
6,6,9503,2,10,5,0,666,0.42,420,0.58,1
6,7,14477,1,0,666,0.42,420,0.58,1
6,8,12209,1,0,300,0.5,1700,0.5,1
6,9,4553,1,0,300,0.5,1700,0.5,1
6,10,11019,1,0,300,0.5,1700,0.5,1
6,11,5987,2,10,5,0,500,0.6,1000,0.2,1400,0.2,1
7,0,5685,2,10,5,0,500,0.6,1000,0.2,1400,0.2,1
7,1,6452,0,0,666,0.42,420,0.58,1
7,2,14427,1,0,500,0.6,1000,0.2,1400,0.2,1
7,3,14492,0,0,666,0.42,420,0.58,1
7,4,4102,1,0,300,0.5,1700,0.5,1
7,5,1423,1,0,300,0.5,572,0.32,486,0.18,1
7,6,11565,0,0,300,0.5,572,0.32,486,0.18,1
7,7,4274,1,0,666,0.42,420,0.58,1
7,8,6981,0,0,500,0.6,1000,0.2,1400,0.2,1
7,9,3167,1,0,300,0.5,1700,0.5,1
7,10,2061,1,0,300,0.5,572,0.32,486,0.18,1
7,11,12641,2,10,5,0,500,0.6,1000,0.2,1400,0.2,1
8,0,8808,2,10,5,0,300,0.5,1700,0.5,1
8,1,11979,2,10,5,0,500,0.6,1000,0.2,1400,0.2,1
8,2,12254,1,0,300,0.5,1700,0.5,1
8,3,1409,0,0,300,0.5,1700,0.5,1
8,4,11073,1,0,300,0.5,572,0.32,486,0.18,1
8,5,10816,1,0,300,0.5,572,0.32,486,0.18,1
8,6,2557,0,0,666,0.42,420,0.58,1
8,7,10380,2,10,5,0,300,0.5,1700,0.5,1
8,8,14273,1,0,500,0.6,1000,0.2,1400,0.2,1
8,9,3472,1,0,666,0.42,420,0.58,1
8,10,7702,0,0,300,0.5,1700,0.5,1
8,11,6188,2,10,5,0,300,0.5,572,0.32,486,0.18,1
9,0,10207,2,10,5,0,666,0.42,420,0.58,1
9,1,11550,1,0,666,0.42,420,0.58,1
9,2,14944,0,0,300,0.5,1700,0.5,1
9,3,9678,1,0,300,0.5,572,0.32,486,0.18,1
9,4,5202,2,10,5,0,300,0.5,1700,0.5,1
9,5,4410,1,0,666,0.42,420,0.58,1
9,6,14846,0,0,666,0.42,420,0.58,1
9,7,13572,0,0,666,0.42,420,0.58,1
9,8,5734,2,10,5,0,666,0.42,420,0.58,1
9,9,13022,2,10,5,0,500,0.6,1000,0.2,1400,0.2,1
9,10,4533,2,10,5,0,300,0.5,1700,0.5,1
9,11,6879,0,0,300,0.5,1700,0.5,1
10,0,10695,1,0,500,0.6,1000,0.2,1400,0.2,1
10,1,5498,2,10,5,0,500,0.6,1000,0.2,1400,0.2,1
10,2,3376,2,10,5,0,500,0.6,1000,0.2,1400,0.2,1
10,3,10370,0,0,300,0.5,1700,0.5,1
10,4,12517,1,0,300,0.5,572,0.32,486,0.18,1
10,5,9628,0,0,500,0.6,1000,0.2,1400,0.2,1
10,6,10395,1,0,666,0.42,420,0.58,1
10,7,6297,1,0,300,0.5,572,0.32,486,0.18,1
10,8,8749,1,0,500,0.6,1000,0.2,1400,0.2,1
10,9,1377,2,10,5,0,300,0.5,572,0.32,486,0.18,1
10,10,2326,0,0,666,0.42,420,0.58,1
10,11,6126,2,10,5,0,300,0.5,1700,0.5,1
11,0,9899,2,10,5,0,666,0.42,420,0.58,1
11,1,11758,0,0,500,0.6,1000,0.2,1400,0.2,1
11,2,13423,2,10,5,0,500,0.6,1000,0.2,1400,0.2,1
11,3,2856,2,10,5,0,300,0.5,1700,0.5,1
11,4,10857,2,10,5,0,666,0.42,420,0.58,1
11,5,10724,0,0,500,0.6,1000,0.2,1400,0.2,1
11,6,724,0,0,666,0.42,420,0.58,1
11,7,1468,1,0,666,0.42,420,0.58,1
11,8,7913,0,0,300,0.5,572,0.32,486,0.18,1
11,9,1073,2,10,5,0,666,0.42,420,0.58,1
11,10,6607,0,0,300,0.5,572,0.32,486,0.18,1
11,11,469,1,0,300,0.5,572,0.32,486,0.18,1
