0,0,14714,1,0,500,0.6,1000,0.2,1400,0.2,1
0,1,10676,0,0,500,0.6,1000,0.2,1400,0.2,1
0,2,1850,2,10,5,0,500,0.6,1000,0.2,1400,0.2,1
0,3,2451,1,0,666,0.42,420,0.58,1
0,4,498,1,0,300,0.5,1700,0.5,1
0,5,12880,1,0,300,0.5,572,0.32,486,0.18,1
0,6,12338,1,0,666,0.42,420,0.58,1
0,7,14791,2,10,5,0,500,0.6,1000,0.2,1400,0.2,1
0,8,11000,1,0,666,0.42,420,0.58,1
0,9,12006,0,0,300,0.5,1700,0.5,1
0,10,10387,2,10,5,0,666,0.42,420,0.58,1
0,11,12180,0,0,500,0.6,1000,0.2,1400,0.2,1
1,0,1883,2,10,5,0,300,0.5,1700,0.5,1
1,1,2235,0,0,300,0.5,1700,0.5,1
1,2,8434,0,0,300,0.5,572,0.32,486,0.18,0
1,3,5112,0,0,300,0.5,572,0.32,486,0.18,1
1,4,7003,1,0,500,0.6,1000,0.2,1400,0.2,1
1,5,11635,1,0,300,0.5,1700,0.5,1
1,6,124,1,0,300,0.5,572,0.32,486,0.18,1
1,7,6488,0,0,300,0.5,1700,0.5,1
1,8,316,1,0,300,0.5,572,0.32,486,0.18,1
1,9,6139,0,0,666,0.42,420,0.58,1
1,10,5536,2,10,5,0,500,0.6,1000,0.2,1400,0.2,1
1,11,8759,1,0,666,0.42,420,0.58,1
2,0,3530,0,0,666,0.42,420,0.58,1
2,1,4497,1,0,666,0.42,420,0.58,1
2,2,8639,2,10,5,0,500,0.6,1000,0.2,1400,0.2,1
2,3,5996,2,10,5,0,300,0.5,572,0.32,486,0.18,1
2,4,5795,1,0,300,0.5,572,0.32,486,0.18,1
2,5,8985,2,10,5,0,666,0.42,420,0.58,1
2,6,695,0,0,300,0.5,572,0.32,486,0.18,1
2,7,6524,0,0,500,0.6,1000,0.2,1400,0.2,1
2,8,8743,1,0,500,0.6,1000,0.2,1400,0.2,1
2,9,2010,0,0,500,0.6,1000,0.2,1400,0.2,1
2,10,8724,2,10,5,0,666,0.42,420,0.58,1
2,11,14989,1,0,500,0.6,1000,0.2,1400,0.2,1
3,0,2377,0,0,300,0.5,572,0.32,486,0.18,1
3,1,11351,1,0,300,0.5,572,0.32,486,0.18,1
3,2,9678,2,10,5,0,666,0.42,420,0.58,1
3,3,4791,1,0,300,0.5,572,0.32,486,0.18,1
3,4,12883,0,0,300,0.5,1700,0.5,1
3,5,12234,1,0,300,0.5,1700,0.5,1
3,6,318,1,0,300,0.5,1700,0.5,1
3,7,622,2,10,5,0,300,0.5,572,0.32,486,0.18,1
3,8,10807,0,0,666,0.42,420,0.58,1
3,9,14719,2,10,5,0,300,0.5,572,0.32,486,0.18,1
3,10,11124,0,0,300,0.5,572,0.32,486,0.18,1
3,11,5247,2,10,5,0,300,0.5,1700,0.5,1
4,0,6372,1,0,666,0.42,420,0.58,1
4,1,11522,2,10,5,0,300,0.5,1700,0.5,1
4,2,7905,1,0,666,0.42,420,0.58,1
4,3,7979,0,0,500,0.6,1000,0.2,1400,0.2,1
4,4,1361,0,0,500,0.6,1000,0.2,1400,0.2,1
4,5,14541,0,0,666,0.42,420,0.58,1
4,6,5128,0,0,500,0.6,1000,0.2,1400,0.2,1
4,7,3731,2,10,5,0,666,0.42,420,0.58,1
4,8,12620,0,0,300,0.5,572,0.32,486,0.18,1
4,9,5967,2,10,5,0,300,0.5,572,0.32,486,0.18,1
4,10,14851,0,0,500,0.6,1000,0.2,1400,0.2,1
4,11,7685,0,0,500,0.6,1000,0.2,1400,0.2,1
5,0,9838,2,10,5,0,300,0.5,1700,0.5,1
5,1,9675,2,10,5,0,666,0.42,420,0.58,1
5,2,3277,0,0,666,0.42,420,0.58,1
5,3,4021,2,10,5,0,666,0.42,420,0.58,1
5,4,3671,1,0,300,0.5,572,0.32,486,0.18,1
5,5,11817,0,0,300,0.5,572,0.32,486,0.18,1
5,6,7752,2,10,5,0,300,0.5,1700,0.5,1
5,7,13443,1,0,666,0.42,420,0.58,1
5,8,13127,1,0,300,0.5,1700,0.5,1
5,9,3713,2,10,5,0,666,0.42,420,0.58,1
5,10,6392,2,10,5,0,666,0.42,420,0.58,1
5,11,5662,1,0,300,0.5,1700,0.5,1
6,0,10602,1,0,300,0.5,572,0.32,486,0.18,1
6,1,12781,0,0,300,0.5,572,0.32,486,0.18,1
6,2,3164,2,10,5,0,300,0.5,1700,0.5,1
6,3,842,1,0,500,0.6,1000,0.2,1400,0.2,1
6,4,1370,0,0,300,0.5,1700,0.5,1
6,5,10248,0,0,500,0.6,1000,0.2,1400,0.2,1
6,6,3525,0,0,300,0.5,572,0.32,486,0.18,1
6,7,1126,1,0,300,0.5,1700,0.5,1
6,8,12451,1,0,666,0.42,420,0.58,1
6,9,2306,1,0,300,0.5,572,0.32,486,0.18,1
6,10,1269,0,0,500,0.6,1000,0.2,1400,0.2,1
6,11,6828,0,0,300,0.5,572,0.32,486,0.18,1
7,0,600,2,10,5,0,300,0.5,572,0.32,486,0.18,1
7,1,8867,1,0,666,0.42,420,0.58,1
7,2,3565,0,0,500,0.6,1000,0.2,1400,0.2,1
7,3,11286,2,10,5,0,300,0.5,1700,0.5,1
7,4,9625,2,10,5,0,500,0.6,1000,0.2,1400,0.2,1
7,5,7083,1,0,500,0.6,1000,0.2,1400,0.2,1
7,6,11975,1,0,666,0.42,420,0.58,1
7,7,7605,2,10,5,0,300,0.5,1700,0.5,1
7,8,11356,0,0,500,0.6,1000,0.2,1400,0.2,1
7,9,13424,1,0,666,0.42,420,0.58,1
7,10,10501,0,0,666,0.42,420,0.58,1
7,11,8328,2,10,5,0,300,0.5,1700,0.5,1
8,0,10312,2,10,5,0,666,0.42,420,0.58,1
8,1,7364,2,10,5,0,666,0.42,420,0.58,1
8,2,7708,1,0,300,0.5,572,0.32,486,0.18,1
8,3,367,2,10,5,0,300,0.5,572,0.32,486,0.18,1
8,4,11437,2,10,5,0,666,0.42,420,0.58,1
8,5,2409,0,0,300,0.5,1700,0.5,1
8,6,4601,1,0,666,0.42,420,0.58,1
8,7,9013,1,0,300,0.5,572,0.32,486,0.18,1
8,8,13648,0,0,300,0.5,1700,0.5,1
8,9,2684,2,10,5,0,300,0.5,572,0.32,486,0.18,1
8,10,9077,1,0,500,0.6,1000,0.2,1400,0.2,1
8,11,4100,2,10,5,0,666,0.42,420,0.58,1
9,0,1459,1,0,300,0.5,1700,0.5,1
9,1,14313,1,0,300,0.5,1700,0.5,1
9,2,12094,2,10,5,0,300,0.5,572,0.32,486,0.18,1
9,3,8936,2,10,5,0,500,0.6,1000,0.2,1400,0.2,1
9,4,1773,1,0,500,0.6,1000,0.2,1400,0.2,1
9,5,7695,1,0,666,0.42,420,0.58,1
9,6,13583,0,0,666,0.42,420,0.58,1
9,7,5999,0,0,666,0.42,420,0.58,1
9,8,5616,2,10,5,0,300,0.5,572,0.32,486,0.18,1
9,9,13001,2,10,5,0,500,0.6,1000,0.2,1400,0.2,1
9,10,14157,2,10,5,0,300,0.5,572,0.32,486,0.18,1
9,11,12997,0,0,500,0.6,1000,0.2,1400,0.2,1
10,0,5219,2,10,5,0,666,0.42,420,0.58,1
10,1,14474,0,0,300,0.5,1700,0.5,1
10,2,2201,0,0,300,0.5,1700,0.5,1
10,3,8108,2,10,5,0,666,0.42,420,0.58,1
10,4,8891,0,0,300,0.5,572,0.32,486,0.18,1
10,5,13900,1,0,500,0.6,1000,0.2,1400,0.2,1
10,6,4676,0,0,300,0.5,572,0.32,486,0.18,1
10,7,930,0,0,666,0.42,420,0.58,1
10,8,13557,0,0,300,0.5,572,0.32,486,0.18,1
10,9,12205,0,0,300,0.5,572,0.32,486,0.18,1
10,10,5170,2,10,5,0,300,0.5,572,0.32,486,0.18,1
10,11,10992,0,0,300,0.5,1700,0.5,1
11,0,8152,2,10,5,0,300,0.5,1700,0.5,1
11,1,4761,0,0,666,0.42,420,0.58,1
11,2,5505,2,10,5,0,300,0.5,1700,0.5,1
11,3,1496,2,10,5,0,300,0.5,1700,0.5,1
11,4,11361,0,0,300,0.5,1700,0.5,1
11,5,6107,1,0,300,0.5,572,0.32,486,0.18,1
11,6,1455,1,0,666,0.42,420,0.58,1
11,7,10575,1,0,500,0.6,1000,0.2,1400,0.2,1
11,8,4309,2,10,5,0,300,0.5,572,0.32,486,0.18,1
11,9,208,0,0,500,0.6,1000,0.2,1400,0.2,1
11,10,1336,0,0,300,0.5,1700,0.5,1
11,11,6606,0,0,500,0.6,1000,0.2,1400,0.2,1
