0,0,9097,0,0,666,0.42,420,0.58,1
0,1,11824,2,10,5,0,666,0.42,420,0.58,1
0,2,1956,1,0,666,0.42,420,0.58,1
0,3,7151,2,10,5,0,300,0.5,572,0.32,486,0.18,1
0,4,138,1,0,500,0.6,1000,0.2,1400,0.2,1
0,5,2500,1,0,300,0.5,1700,0.5,1
0,6,8394,0,0,300,0.5,1700,0.5,1
0,7,8547,2,10,5,0,300,0.5,1700,0.5,1
0,8,14013,0,0,666,0.42,420,0.58,1
0,9,222,2,10,5,0,666,0.42,420,0.58,1
0,10,213,1,0,300,0.5,1700,0.5,1
0,11,8886,1,0,300,0.5,572,0.32,486,0.18,1
1,0,1204,1,0,500,0.6,1000,0.2,1400,0.2,1
1,1,3457,2,10,5,0,500,0.6,1000,0.2,1400,0.2,1
1,2,14581,0,0,666,0.42,420,0.58,0
1,3,3851,2,10,5,0,300,0.5,1700,0.5,1
1,4,8946,0,0,300,0.5,1700,0.5,1
1,5,11477,0,0,666,0.42,420,0.58,1
1,6,12502,1,0,500,0.6,1000,0.2,1400,0.2,1
1,7,2518,2,10,5,0,300,0.5,1700,0.5,1
1,8,10222,1,0,300,0.5,572,0.32,486,0.18,1
1,9,6771,1,0,300,0.5,1700,0.5,1
1,10,9035,1,0,300,0.5,1700,0.5,1
1,11,4528,0,0,666,0.42,420,0.58,1
2,0,11187,0,0,666,0.42,420,0.58,1
2,1,6668,2,10,5,0,666,0.42,420,0.58,1
2,2,7091,0,0,666,0.42,420,0.58,1
2,3,6654,0,0,500,0.6,1000,0.2,1400,0.2,1
2,4,4052,0,0,666,0.42,420,0.58,1
2,5,2038,0,0,666,0.42,420,0.58,1
2,6,8261,2,10,5,0,500,0.6,1000,0.2,1400,0.2,1
2,7,8297,2,10,5,0,666,0.42,420,0.58,1
2,8,9293,1,0,666,0.42,420,0.58,1
2,9,2681,1,0,666,0.42,420,0.58,1
2,10,13703,1,0,300,0.5,1700,0.5,1
2,11,7501,1,0,666,0.42,420,0.58,1
3,0,14740,2,10,5,0,300,0.5,1700,0.5,1
3,1,12398,0,0,666,0.42,420,0.58,1
3,2,10125,2,10,5,0,300,0.5,572,0.32,486,0.18,1
3,3,11783,0,0,300,0.5,1700,0.5,1
3,4,12268,0,0,300,0.5,1700,0.5,1
3,5,13919,0,0,500,0.6,1000,0.2,1400,0.2,1
3,6,1310,0,0,300,0.5,572,0.32,486,0.18,1
3,7,12257,0,0,500,0.6,1000,0.2,1400,0.2,1
3,8,11478,2,10,5,0,666,0.42,420,0.58,1
3,9,5714,2,10,5,0,500,0.6,1000,0.2,1400,0.2,1
3,10,11678,1,0,666,0.42,420,0.58,1
3,11,1234,1,0,500,0.6,1000,0.2,1400,0.2,1
4,0,13247,2,10,5,0,300,0.5,572,0.32,486,0.18,1
4,1,4139,0,0,300,0.5,1700,0.5,1
4,2,2978,2,10,5,0,666,0.42,420,0.58,1
4,3,3540,1,0,300,0.5,572,0.32,486,0.18,1
4,4,1219,1,0,666,0.42,420,0.58,1
4,5,12585,0,0,500,0.6,1000,0.2,1400,0.2,1
4,6,5596,0,0,666,0.42,420,0.58,1
4,7,9873,0,0,666,0.42,420,0.58,1
4,8,13337,0,0,300,0.5,1700,0.5,1
4,9,10666,1,0,300,0.5,572,0.32,486,0.18,1
4,10,504,1,0,500,0.6,1000,0.2,1400,0.2,1
4,11,4585,2,10,5,0,300,0.5,572,0.32,486,0.18,1
5,0,14334,0,0,666,0.42,420,0.58,1
5,1,4119,2,10,5,0,500,0.6,1000,0.2,1400,0.2,1
5,2,9169,1,0,300,0.5,572,0.32,486,0.18,1
5,3,12968,2,10,5,0,666,0.42,420,0.58,1
5,4,13615,0,0,300,0.5,1700,0.5,1
5,5,3992,1,0,300,0.5,572,0.32,486,0.18,1
5,6,12492,2,10,5,0,300,0.5,1700,0.5,1
5,7,9628,2,10,5,0,500,0.6,1000,0.2,1400,0.2,1
5,8,3591,2,10,5,0,300,0.5,572,0.32,486,0.18,1
5,9,2318,0,0,300,0.5,572,0.32,486,0.18,1
5,10,1561,0,0,666,0.42,420,0.58,1
5,11,7306,2,10,5,0,300,0.5,572,0.32,486,0.18,1
6,0,1324,0,0,500,0.6,1000,0.2,1400,0.2,1
6,1,1081,1,0,300,0.5,1700,0.5,1
6,2,7018,0,0,666,0.42,420,0.58,1
6,3,3553,0,0,666,0.42,420,0.58,1
6,4,847,0,0,300,0.5,572,0.32,486,0.18,1
6,5,5291,2,10,5,0,300,0.5,572,0.32,486,0.18,1
6,6,3261,1,0,300,0.5,572,0.32,486,0.18,1
6,7,2977,1,0,666,0.42,420,0.58,1
6,8,10664,1,0,300,0.5,1700,0.5,1
6,9,3717,1,0,666,0.42,420,0.58,1
6,10,1265,1,0,666,0.42,420,0.58,1
6,11,5181,1,0,300,0.5,1700,0.5,1
7,0,8423,0,0,666,0.42,420,0.58,1
7,1,6281,1,0,300,0.5,1700,0.5,1
7,2,7548,0,0,300,0.5,1700,0.5,1
7,3,12462,1,0,666,0.42,420,0.58,1
7,4,14463,1,0,300,0.5,1700,0.5,1
7,5,6298,1,0,300,0.5,1700,0.5,1
7,6,11052,0,0,500,0.6,1000,0.2,1400,0.2,1
7,7,8866,2,10,5,0,300,0.5,572,0.32,486,0.18,1
7,8,10801,0,0,666,0.42,420,0.58,1
7,9,5136,0,0,666,0.42,420,0.58,1
7,10,8464,1,0,300,0.5,1700,0.5,1
7,11,7692,0,0,500,0.6,1000,0.2,1400,0.2,1
8,0,14501,0,0,300,0.5,572,0.32,486,0.18,1
8,1,14377,0,0,500,0.6,1000,0.2,1400,0.2,1
8,2,1249,2,10,5,0,300,0.5,1700,0.5,1
8,3,14798,0,0,300,0.5,1700,0.5,1
8,4,4564,2,10,5,0,666,0.42,420,0.58,1
8,5,6848,1,0,666,0.42,420,0.58,1
8,6,14181,2,10,5,0,300,0.5,1700,0.5,1
8,7,10669,1,0,666,0.42,420,0.58,1
8,8,1993,2,10,5,0,300,0.5,1700,0.5,1
8,9,1910,0,0,500,0.6,1000,0.2,1400,0.2,1
8,10,8711,2,10,5,0,500,0.6,1000,0.2,1400,0.2,1
8,11,13871,1,0,500,0.6,1000,0.2,1400,0.2,1
9,0,7694,2,10,5,0,500,0.6,1000,0.2,1400,0.2,1
9,1,5385,1,0,300,0.5,572,0.32,486,0.18,1
9,2,11624,2,10,5,0,500,0.6,1000,0.2,1400,0.2,1
9,3,6158,1,0,300,0.5,572,0.32,486,0.18,1
9,4,486,0,0,666,0.42,420,0.58,1
9,5,1741,1,0,300,0.5,1700,0.5,1
9,6,6691,1,0,300,0.5,572,0.32,486,0.18,1
9,7,7415,1,0,300,0.5,1700,0.5,1
9,8,578,1,0,500,0.6,1000,0.2,1400,0.2,1
9,9,7679,1,0,666,0.42,420,0.58,1
9,10,4685,2,10,5,0,300,0.5,1700,0.5,1
9,11,7174,2,10,5,0,300,0.5,572,0.32,486,0.18,1
10,0,13151,2,10,5,0,500,0.6,1000,0.2,1400,0.2,1
10,1,9759,2,10,5,0,300,0.5,572,0.32,486,0.18,1
10,2,5710,0,0,300,0.5,1700,0.5,1
10,3,7171,0,0,300,0.5,1700,0.5,1
10,4,13650,2,10,5,0,300,0.5,1700,0.5,1
10,5,1079,0,0,500,0.6,1000,0.2,1400,0.2,1
10,6,8735,0,0,500,0.6,1000,0.2,1400,0.2,1
10,7,2906,1,0,300,0.5,1700,0.5,1
10,8,12262,1,0,500,0.6,1000,0.2,1400,0.2,1
10,9,9171,0,0,500,0.6,1000,0.2,1400,0.2,1
10,10,10997,1,0,300,0.5,572,0.32,486,0.18,1
10,11,6757,1,0,500,0.6,1000,0.2,1400,0.2,1
11,0,3966,1,0,666,0.42,420,0.58,1
11,1,6710,2,10,5,0,300,0.5,1700,0.5,1
11,2,2207,1,0,300,0.5,1700,0.5,1
11,3,6557,1,0,300,0.5,1700,0.5,1
11,4,12096,2,10,5,0,300,0.5,572,0.32,486,0.18,1
11,5,11179,2,10,5,0,666,0.42,420,0.58,1
11,6,9167,1,0,300,0.5,572,0.32,486,0.18,1
11,7,5644,1,0,300,0.5,1700,0.5,1
11,8,8679,0,0,300,0.5,572,0.32,486,0.18,1
11,9,9937,2,10,5,0,300,0.5,1700,0.5,1
11,10,10556,0,0,300,0.5,572,0.32,486,0.18,1
11,11,5737,1,0,666,0.42,420,0.58,1
