0,0,6469,2,10,5,0,300,0.5,572,0.32,486,0.18,1
0,1,7651,2,10,5,0,666,0.42,420,0.58,1
0,2,9538,2,10,5,0,666,0.42,420,0.58,1
0,3,10972,1,0,300,0.5,1700,0.5,1
0,4,12552,1,0,666,0.42,420,0.58,1
0,5,12765,2,10,5,0,300,0.5,572,0.32,486,0.18,1
0,6,6811,2,10,5,0,300,0.5,572,0.32,486,0.18,1
0,7,9055,0,0,500,0.6,1000,0.2,1400,0.2,1
0,8,4096,1,0,300,0.5,572,0.32,486,0.18,1
0,9,596,2,10,5,0,300,0.5,572,0.32,486,0.18,1
0,10,9338,1,0,500,0.6,1000,0.2,1400,0.2,1
0,11,9419,0,0,666,0.42,420,0.58,1
1,0,532,0,0,300,0.5,1700,0.5,1
1,1,9085,0,0,500,0.6,1000,0.2,1400,0.2,1
1,2,11595,2,10,5,0,300,0.5,1700,0.5,0
1,3,5793,2,10,5,0,666,0.42,420,0.58,1
1,4,4547,0,0,500,0.6,1000,0.2,1400,0.2,1
1,5,13640,0,0,666,0.42,420,0.58,1
1,6,7038,2,10,5,0,300,0.5,1700,0.5,1
1,7,11923,2,10,5,0,500,0.6,1000,0.2,1400,0.2,1
1,8,13976,0,0,666,0.42,420,0.58,1
1,9,2441,1,0,300,0.5,1700,0.5,1
1,10,4928,1,0,500,0.6,1000,0.2,1400,0.2,1
1,11,6949,1,0,500,0.6,1000,0.2,1400,0.2,1
2,0,8869,0,0,500,0.6,1000,0.2,1400,0.2,1
2,1,14225,1,0,300,0.5,1700,0.5,1
2,2,9595,0,0,666,0.42,420,0.58,1
2,3,14187,0,0,666,0.42,420,0.58,1
2,4,9670,0,0,300,0.5,1700,0.5,1
2,5,14428,2,10,5,0,500,0.6,1000,0.2,1400,0.2,1
2,6,1404,0,0,500,0.6,1000,0.2,1400,0.2,1
2,7,3733,1,0,500,0.6,1000,0.2,1400,0.2,1
2,8,7704,2,10,5,0,500,0.6,1000,0.2,1400,0.2,1
2,9,13495,2,10,5,0,300,0.5,1700,0.5,1
2,10,14168,1,0,666,0.42,420,0.58,1
2,11,13434,2,10,5,0,666,0.42,420,0.58,1
3,0,13512,2,10,5,0,300,0.5,1700,0.5,1
3,1,9686,0,0,500,0.6,1000,0.2,1400,0.2,1
3,2,2753,2,10,5,0,300,0.5,572,0.32,486,0.18,1
3,3,10769,1,0,300,0.5,572,0.32,486,0.18,1
3,4,13324,2,10,5,0,300,0.5,1700,0.5,1
3,5,11840,1,0,666,0.42,420,0.58,1
3,6,11850,1,0,500,0.6,1000,0.2,1400,0.2,1
3,7,11093,0,0,300,0.5,572,0.32,486,0.18,1
3,8,681,2,10,5,0,300,0.5,1700,0.5,1
3,9,13103,0,0,500,0.6,1000,0.2,1400,0.2,1
3,10,5952,2,10,5,0,500,0.6,1000,0.2,1400,0.2,1
3,11,7257,0,0,300,0.5,1700,0.5,1
4,0,13041,0,0,300,0.5,1700,0.5,1
4,1,9599,2,10,5,0,666,0.42,420,0.58,1
4,2,14997,2,10,5,0,666,0.42,420,0.58,1
4,3,4696,0,0,500,0.6,1000,0.2,1400,0.2,1
4,4,1065,1,0,500,0.6,1000,0.2,1400,0.2,1
4,5,12262,0,0,666,0.42,420,0.58,1
4,6,8271,0,0,666,0.42,420,0.58,1
4,7,7111,0,0,300,0.5,1700,0.5,1
4,8,6397,1,0,300,0.5,1700,0.5,1
4,9,13234,2,10,5,0,300,0.5,572,0.32,486,0.18,1
4,10,4304,2,10,5,0,300,0.5,1700,0.5,1
4,11,4550,1,0,666,0.42,420,0.58,1
5,0,11297,0,0,666,0.42,420,0.58,1
5,1,6786,2,10,5,0,500,0.6,1000,0.2,1400,0.2,1
5,2,1878,0,0,500,0.6,1000,0.2,1400,0.2,1
5,3,1645,0,0,300,0.5,1700,0.5,1
5,4,10544,0,0,300,0.5,572,0.32,486,0.18,1
5,5,7819,1,0,300,0.5,572,0.32,486,0.18,1
5,6,13816,1,0,500,0.6,1000,0.2,1400,0.2,1
5,7,12462,1,0,300,0.5,1700,0.5,1
5,8,699,2,10,5,0,300,0.5,572,0.32,486,0.18,1
5,9,9667,0,0,500,0.6,1000,0.2,1400,0.2,1
5,10,7728,0,0,300,0.5,1700,0.5,1
5,11,13127,1,0,666,0.42,420,0.58,1
6,0,8964,0,0,300,0.5,1700,0.5,1
6,1,5318,0,0,500,0.6,1000,0.2,1400,0.2,1
6,2,10126,2,10,5,0,500,0.6,1000,0.2,1400,0.2,1
6,3,10577,1,0,300,0.5,572,0.32,486,0.18,1
6,4,8232,2,10,5,0,300,0.5,572,0.32,486,0.18,1
6,5,9176,1,0,500,0.6,1000,0.2,1400,0.2,1
6,6,14354,1,0,300,0.5,1700,0.5,1
6,7,8632,0,0,500,0.6,1000,0.2,1400,0.2,1
6,8,696,0,0,300,0.5,1700,0.5,1
6,9,1076,1,0,666,0.42,420,0.58,1
6,10,6522,2,10,5,0,300,0.5,1700,0.5,1
6,11,2012,1,0,300,0.5,1700,0.5,1
7,0,7022,1,0,666,0.42,420,0.58,1
7,1,7278,1,0,666,0.42,420,0.58,1
7,2,5658,1,0,300,0.5,1700,0.5,1
7,3,7207,2,10,5,0,500,0.6,1000,0.2,1400,0.2,1
7,4,11761,0,0,500,0.6,1000,0.2,1400,0.2,1
7,5,14817,1,0,300,0.5,1700,0.5,1
7,6,1395,0,0,300,0.5,1700,0.5,1
7,7,9496,0,0,666,0.42,420,0.58,1
7,8,14299,0,0,300,0.5,1700,0.5,1
7,9,12937,2,10,5,0,666,0.42,420,0.58,1
7,10,220,2,10,5,0,300,0.5,1700,0.5,1
7,11,4692,0,0,300,0.5,572,0.32,486,0.18,1
8,0,11426,0,0,666,0.42,420,0.58,1
8,1,12443,1,0,500,0.6,1000,0.2,1400,0.2,1
8,2,10762,0,0,666,0.42,420,0.58,1
8,3,12566,2,10,5,0,300,0.5,572,0.32,486,0.18,1
8,4,11704,2,10,5,0,300,0.5,572,0.32,486,0.18,1
8,5,8645,2,10,5,0,300,0.5,1700,0.5,1
8,6,7870,1,0,666,0.42,420,0.58,1
8,7,13102,2,10,5,0,300,0.5,572,0.32,486,0.18,1
8,8,8059,1,0,666,0.42,420,0.58,1
8,9,11603,2,10,5,0,300,0.5,572,0.32,486,0.18,1
8,10,1637,0,0,666,0.42,420,0.58,1
8,11,14088,0,0,666,0.42,420,0.58,1
9,0,13554,0,0,666,0.42,420,0.58,1
9,1,13802,0,0,500,0.6,1000,0.2,1400,0.2,1
9,2,10676,2,10,5,0,666,0.42,420,0.58,1
9,3,5478,2,10,5,0,300,0.5,572,0.32,486,0.18,1
9,4,2410,2,10,5,0,300,0.5,572,0.32,486,0.18,1
9,5,2589,1,0,300,0.5,572,0.32,486,0.18,1
9,6,12522,2,10,5,0,500,0.6,1000,0.2,1400,0.2,1
9,7,13352,1,0,300,0.5,572,0.32,486,0.18,1
9,8,4124,1,0,300,0.5,572,0.32,486,0.18,1
9,9,8917,1,0,500,0.6,1000,0.2,1400,0.2,1
9,10,12207,0,0,300,0.5,1700,0.5,1
9,11,2835,1,0,666,0.42,420,0.58,1
10,0,10002,1,0,300,0.5,572,0.32,486,0.18,1
10,1,10317,0,0,500,0.6,1000,0.2,1400,0.2,1
10,2,13855,2,10,5,0,300,0.5,1700,0.5,1
10,3,4231,1,0,300,0.5,572,0.32,486,0.18,1
10,4,3944,1,0,300,0.5,1700,0.5,1
10,5,9602,1,0,300,0.5,572,0.32,486,0.18,1
10,6,1822,2,10,5,0,500,0.6,1000,0.2,1400,0.2,1
10,7,8792,0,0,500,0.6,1000,0.2,1400,0.2,1
10,8,7256,0,0,666,0.42,420,0.58,1
10,9,2512,2,10,5,0,500,0.6,1000,0.2,1400,0.2,1
10,10,530,0,0,300,0.5,572,0.32,486,0.18,1
10,11,6979,1,0,666,0.42,420,0.58,1
11,0,9341,2,10,5,0,500,0.6,1000,0.2,1400,0.2,1
11,1,1683,2,10,5,0,300,0.5,1700,0.5,1
11,2,4551,2,10,5,0,300,0.5,572,0.32,486,0.18,1
11,3,2749,2,10,5,0,500,0.6,1000,0.2,1400,0.2,1
11,4,8128,2,10,5,0,300,0.5,572,0.32,486,0.18,1
11,5,1189,1,0,666,0.42,420,0.58,1
11,6,12662,1,0,666,0.42,420,0.58,1
11,7,13052,0,0,300,0.5,572,0.32,486,0.18,1
11,8,11483,2,10,5,0,666,0.42,420,0.58,1
11,9,12571,2,10,5,0,500,0.6,1000,0.2,1400,0.2,1
11,10,1712,1,0,300,0.5,1700,0.5,1
11,11,2764,1,0,666,0.42,420,0.58,1
