0,0,2978,1,0,500,0.6,1000,0.2,1400,0.2,1
0,1,5613,2,10,5,0,300,0.5,1700,0.5,1
0,2,8867,0,0,666,0.42,420,0.58,1
0,3,586,0,0,666,0.42,420,0.58,1
0,4,12519,2,10,5,0,500,0.6,1000,0.2,1400,0.2,1
0,5,8840,2,10,5,0,300,0.5,572,0.32,486,0.18,1
0,6,10543,1,0,300,0.5,1700,0.5,1
0,7,92,1,0,300,0.5,1700,0.5,1
0,8,14989,1,0,500,0.6,1000,0.2,1400,0.2,1
0,9,664,0,0,500,0.6,1000,0.2,1400,0.2,1
0,10,763,1,0,500,0.6,1000,0.2,1400,0.2,1
0,11,2003,2,10,5,0,500,0.6,1000,0.2,1400,0.2,1
1,0,278,2,10,5,0,666,0.42,420,0.58,1
1,1,5844,2,10,5,0,300,0.5,1700,0.5,1
1,2,7136,1,0,300,0.5,1700,0.5,0
1,3,14556,0,0,500,0.6,1000,0.2,1400,0.2,1
1,4,12469,1,0,300,0.5,572,0.32,486,0.18,1
1,5,12429,2,10,5,0,666,0.42,420,0.58,1
1,6,3106,2,10,5,0,500,0.6,1000,0.2,1400,0.2,1
1,7,6982,2,10,5,0,666,0.42,420,0.58,1
1,8,10962,2,10,5,0,300,0.5,1700,0.5,1
1,9,10912,1,0,500,0.6,1000,0.2,1400,0.2,1
1,10,13726,2,10,5,0,300,0.5,572,0.32,486,0.18,1
1,11,8224,2,10,5,0,300,0.5,1700,0.5,1
2,0,14594,2,10,5,0,666,0.42,420,0.58,1
2,1,13206,2,10,5,0,666,0.42,420,0.58,1
2,2,8386,0,0,300,0.5,572,0.32,486,0.18,1
2,3,11746,2,10,5,0,300,0.5,572,0.32,486,0.18,1
2,4,12712,1,0,500,0.6,1000,0.2,1400,0.2,1
2,5,4018,2,10,5,0,666,0.42,420,0.58,1
2,6,9443,0,0,666,0.42,420,0.58,1
2,7,10396,0,0,666,0.42,420,0.58,1
2,8,779,2,10,5,0,300,0.5,1700,0.5,1
2,9,12443,2,10,5,0,300,0.5,1700,0.5,1
2,10,10173,0,0,300,0.5,572,0.32,486,0.18,1
2,11,13458,1,0,300,0.5,572,0.32,486,0.18,1
3,0,5839,0,0,666,0.42,420,0.58,1
3,1,2568,2,10,5,0,300,0.5,1700,0.5,1
3,2,1331,0,0,300,0.5,572,0.32,486,0.18,1
3,3,4635,1,0,500,0.6,1000,0.2,1400,0.2,1
3,4,12341,2,10,5,0,300,0.5,1700,0.5,1
3,5,7356,1,0,300,0.5,572,0.32,486,0.18,1
3,6,681,2,10,5,0,300,0.5,572,0.32,486,0.18,1
3,7,12906,2,10,5,0,500,0.6,1000,0.2,1400,0.2,1
3,8,13239,0,0,500,0.6,1000,0.2,1400,0.2,1
3,9,7371,2,10,5,0,300,0.5,572,0.32,486,0.18,1
3,10,5163,0,0,300,0.5,572,0.32,486,0.18,1
3,11,7688,0,0,666,0.42,420,0.58,1
4,0,12689,2,10,5,0,500,0.6,1000,0.2,1400,0.2,1
4,1,774,0,0,300,0.5,572,0.32,486,0.18,1
4,2,5091,1,0,666,0.42,420,0.58,1
4,3,12104,1,0,500,0.6,1000,0.2,1400,0.2,1
4,4,5780,0,0,300,0.5,572,0.32,486,0.18,1
4,5,10943,1,0,500,0.6,1000,0.2,1400,0.2,1
4,6,5485,2,10,5,0,300,0.5,1700,0.5,1
4,7,11109,1,0,300,0.5,572,0.32,486,0.18,1
4,8,606,1,0,300,0.5,1700,0.5,1
4,9,4778,0,0,666,0.42,420,0.58,1
4,10,7641,1,0,300,0.5,1700,0.5,1
4,11,6602,0,0,300,0.5,1700,0.5,1
5,0,10516,0,0,500,0.6,1000,0.2,1400,0.2,1
5,1,6169,0,0,666,0.42,420,0.58,1
5,2,11649,0,0,300,0.5,1700,0.5,1
5,3,8875,2,10,5,0,300,0.5,572,0.32,486,0.18,1
5,4,12563,2,10,5,0,300,0.5,1700,0.5,1
5,5,10777,2,10,5,0,300,0.5,572,0.32,486,0.18,1
5,6,3131,1,0,300,0.5,1700,0.5,1
5,7,2700,0,0,300,0.5,572,0.32,486,0.18,1
5,8,11454,0,0,666,0.42,420,0.58,1
5,9,12028,1,0,666,0.42,420,0.58,1
5,10,11314,2,10,5,0,300,0.5,572,0.32,486,0.18,1
5,11,12973,1,0,300,0.5,1700,0.5,1
6,0,5599,1,0,666,0.42,420,0.58,1
6,1,2262,1,0,300,0.5,572,0.32,486,0.18,1
6,2,14825,0,0,300,0.5,572,0.32,486,0.18,1
6,3,8677,1,0,300,0.5,1700,0.5,1
6,4,10780,2,10,5,0,300,0.5,1700,0.5,1
6,5,12363,1,0,666,0.42,420,0.58,1
6,6,8235,0,0,300,0.5,572,0.32,486,0.18,1
6,7,10922,2,10,5,0,300,0.5,1700,0.5,1
6,8,8312,2,10,5,0,300,0.5,1700,0.5,1
6,9,6487,0,0,666,0.42,420,0.58,1
6,10,2286,1,0,666,0.42,420,0.58,1
6,11,11338,0,0,500,0.6,1000,0.2,1400,0.2,1
7,0,4132,0,0,666,0.42,420,0.58,1
7,1,13371,2,10,5,0,300,0.5,572,0.32,486,0.18,1
7,2,12513,1,0,300,0.5,572,0.32,486,0.18,1
7,3,7886,1,0,666,0.42,420,0.58,1
7,4,7855,1,0,300,0.5,1700,0.5,1
7,5,9435,1,0,300,0.5,1700,0.5,1
7,6,3610,0,0,500,0.6,1000,0.2,1400,0.2,1
7,7,14794,1,0,666,0.42,420,0.58,1
7,8,4232,1,0,500,0.6,1000,0.2,1400,0.2,1
7,9,8598,2,10,5,0,300,0.5,572,0.32,486,0.18,1
7,10,13255,1,0,300,0.5,1700,0.5,1
7,11,10905,1,0,300,0.5,1700,0.5,1
8,0,9167,2,10,5,0,666,0.42,420,0.58,1
8,1,6781,2,10,5,0,500,0.6,1000,0.2,1400,0.2,1
8,2,13927,1,0,300,0.5,572,0.32,486,0.18,1
8,3,9689,2,10,5,0,300,0.5,1700,0.5,1
8,4,14622,2,10,5,0,500,0.6,1000,0.2,1400,0.2,1
8,5,2089,0,0,500,0.6,1000,0.2,1400,0.2,1
8,6,10934,1,0,666,0.42,420,0.58,1
8,7,9892,1,0,666,0.42,420,0.58,1
8,8,7140,1,0,500,0.6,1000,0.2,1400,0.2,1
8,9,2745,2,10,5,0,300,0.5,1700,0.5,1
8,10,9345,0,0,500,0.6,1000,0.2,1400,0.2,1
8,11,1501,2,10,5,0,500,0.6,1000,0.2,1400,0.2,1
9,0,163,1,0,500,0.6,1000,0.2,1400,0.2,1
9,1,12624,1,0,300,0.5,572,0.32,486,0.18,1
9,2,6361,2,10,5,0,300,0.5,1700,0.5,1
9,3,824,1,0,500,0.6,1000,0.2,1400,0.2,1
9,4,12006,0,0,300,0.5,1700,0.5,1
9,5,3675,0,0,500,0.6,1000,0.2,1400,0.2,1
9,6,11938,1,0,500,0.6,1000,0.2,1400,0.2,1
9,7,594,0,0,300,0.5,1700,0.5,1
9,8,6551,2,10,5,0,666,0.42,420,0.58,1
9,9,8763,2,10,5,0,500,0.6,1000,0.2,1400,0.2,1
9,10,3137,1,0,666,0.42,420,0.58,1
9,11,8906,0,0,666,0.42,420,0.58,1
10,0,4835,1,0,300,0.5,572,0.32,486,0.18,1
10,1,6498,1,0,666,0.42,420,0.58,1
10,2,13460,2,10,5,0,666,0.42,420,0.58,1
10,3,7793,2,10,5,0,500,0.6,1000,0.2,1400,0.2,1
10,4,13800,2,10,5,0,300,0.5,572,0.32,486,0.18,1
10,5,9786,2,10,5,0,500,0.6,1000,0.2,1400,0.2,1
10,6,11880,0,0,666,0.42,420,0.58,1
10,7,7761,2,10,5,0,300,0.5,1700,0.5,1
10,8,7966,2,10,5,0,500,0.6,1000,0.2,1400,0.2,1
10,9,2755,0,0,300,0.5,1700,0.5,1
10,10,6909,0,0,300,0.5,1700,0.5,1
10,11,14485,0,0,300,0.5,1700,0.5,1
11,0,14926,0,0,666,0.42,420,0.58,1
11,1,10830,1,0,300,0.5,1700,0.5,1
11,2,9883,2,10,5,0,666,0.42,420,0.58,1
11,3,13767,2,10,5,0,300,0.5,572,0.32,486,0.18,1
11,4,93,1,0,300,0.5,1700,0.5,1
11,5,8408,1,0,666,0.42,420,0.58,1
11,6,9915,2,10,5,0,500,0.6,1000,0.2,1400,0.2,1
11,7,9973,1,0,300,0.5,1700,0.5,1
11,8,10821,2,10,5,0,300,0.5,572,0.32,486,0.18,1
11,9,1994,1,0,300,0.5,572,0.32,486,0.18,1
11,10,4070,1,0,666,0.42,420,0.58,1
11,11,1421,0,0,666,0.42,420,0.58,1
