0,0,12760,2,10,5,0,666,0.42,420,0.58,1
0,1,7771,2,10,5,0,300,0.5,1700,0.5,1
0,2,7946,1,0,500,0.6,1000,0.2,1400,0.2,1
0,3,6638,1,0,300,0.5,572,0.32,486,0.18,1
0,4,12629,2,10,5,0,666,0.42,420,0.58,1
0,5,3562,1,0,300,0.5,1700,0.5,1
0,6,9302,2,10,5,0,300,0.5,1700,0.5,1
0,7,9863,2,10,5,0,666,0.42,420,0.58,1
0,8,1504,1,0,666,0.42,420,0.58,1
0,9,2351,1,0,300,0.5,1700,0.5,1
0,10,12485,2,10,5,0,666,0.42,420,0.58,1
0,11,5125,0,0,500,0.6,1000,0.2,1400,0.2,1
1,0,422,0,0,300,0.5,572,0.32,486,0.18,1
1,1,11405,1,0,500,0.6,1000,0.2,1400,0.2,1
1,2,11588,2,10,5,0,500,0.6,1000,0.2,1400,0.2,0
1,3,5639,1,0,666,0.42,420,0.58,1
1,4,7054,0,0,666,0.42,420,0.58,1
1,5,61,2,10,5,0,300,0.5,1700,0.5,1
1,6,12639,0,0,666,0.42,420,0.58,1
1,7,6823,0,0,666,0.42,420,0.58,1
1,8,5797,0,0,300,0.5,1700,0.5,1
1,9,14395,1,0,300,0.5,1700,0.5,1
1,10,685,2,10,5,0,300,0.5,1700,0.5,1
1,11,13726,0,0,300,0.5,1700,0.5,1
2,0,10523,1,0,300,0.5,572,0.32,486,0.18,1
2,1,10898,0,0,300,0.5,572,0.32,486,0.18,1
2,2,1786,2,10,5,0,500,0.6,1000,0.2,1400,0.2,1
2,3,14461,2,10,5,0,300,0.5,1700,0.5,1
2,4,10477,2,10,5,0,500,0.6,1000,0.2,1400,0.2,1
2,5,99,1,0,300,0.5,572,0.32,486,0.18,1
2,6,14791,0,0,300,0.5,1700,0.5,1
2,7,8482,0,0,666,0.42,420,0.58,1
2,8,8462,2,10,5,0,666,0.42,420,0.58,1
2,9,11900,2,10,5,0,300,0.5,1700,0.5,1
2,10,3320,0,0,666,0.42,420,0.58,1
2,11,11191,1,0,300,0.5,572,0.32,486,0.18,1
3,0,9581,1,0,666,0.42,420,0.58,1
3,1,8678,0,0,300,0.5,572,0.32,486,0.18,1
3,2,6525,0,0,500,0.6,1000,0.2,1400,0.2,1
3,3,9787,1,0,300,0.5,1700,0.5,1
3,4,12320,2,10,5,0,300,0.5,572,0.32,486,0.18,1
3,5,6800,0,0,300,0.5,572,0.32,486,0.18,1
3,6,6497,1,0,666,0.42,420,0.58,1
3,7,1936,0,0,300,0.5,1700,0.5,1
3,8,8796,0,0,300,0.5,572,0.32,486,0.18,1
3,9,13678,1,0,666,0.42,420,0.58,1
3,10,11429,2,10,5,0,666,0.42,420,0.58,1
3,11,12952,0,0,500,0.6,1000,0.2,1400,0.2,1
4,0,8455,2,10,5,0,300,0.5,1700,0.5,1
4,1,13327,0,0,300,0.5,572,0.32,486,0.18,1
4,2,13684,0,0,500,0.6,1000,0.2,1400,0.2,1
4,3,3229,2,10,5,0,666,0.42,420,0.58,1
4,4,14419,0,0,666,0.42,420,0.58,1
4,5,358,2,10,5,0,500,0.6,1000,0.2,1400,0.2,1
4,6,818,0,0,300,0.5,572,0.32,486,0.18,1
4,7,9326,2,10,5,0,300,0.5,572,0.32,486,0.18,1
4,8,5219,2,10,5,0,666,0.42,420,0.58,1
4,9,10640,1,0,300,0.5,1700,0.5,1
4,10,11345,0,0,500,0.6,1000,0.2,1400,0.2,1
4,11,6789,0,0,300,0.5,572,0.32,486,0.18,1
5,0,7169,0,0,500,0.6,1000,0.2,1400,0.2,1
5,1,7023,1,0,300,0.5,572,0.32,486,0.18,1
5,2,6706,2,10,5,0,500,0.6,1000,0.2,1400,0.2,1
5,3,6632,1,0,300,0.5,572,0.32,486,0.18,1
5,4,1498,0,0,300,0.5,1700,0.5,1
5,5,6666,0,0,666,0.42,420,0.58,1
5,6,5979,0,0,500,0.6,1000,0.2,1400,0.2,1
5,7,9473,2,10,5,0,500,0.6,1000,0.2,1400,0.2,1
5,8,13337,1,0,666,0.42,420,0.58,1
5,9,14871,2,10,5,0,666,0.42,420,0.58,1
5,10,9616,0,0,666,0.42,420,0.58,1
5,11,11343,2,10,5,0,300,0.5,1700,0.5,1
6,0,3529,1,0,300,0.5,572,0.32,486,0.18,1
6,1,2266,0,0,666,0.42,420,0.58,1
6,2,9955,2,10,5,0,300,0.5,1700,0.5,1
6,3,4272,2,10,5,0,300,0.5,572,0.32,486,0.18,1
6,4,14025,0,0,500,0.6,1000,0.2,1400,0.2,1
6,5,2284,0,0,300,0.5,1700,0.5,1
6,6,9801,2,10,5,0,666,0.42,420,0.58,1
6,7,8669,0,0,300,0.5,572,0.32,486,0.18,1
6,8,4606,1,0,500,0.6,1000,0.2,1400,0.2,1
6,9,13625,2,10,5,0,300,0.5,572,0.32,486,0.18,1
6,10,9809,0,0,300,0.5,572,0.32,486,0.18,1
6,11,6583,2,10,5,0,500,0.6,1000,0.2,1400,0.2,1
7,0,14647,1,0,666,0.42,420,0.58,1
7,1,13698,1,0,500,0.6,1000,0.2,1400,0.2,1
7,2,346,1,0,500,0.6,1000,0.2,1400,0.2,1
7,3,12057,0,0,666,0.42,420,0.58,1
7,4,2655,1,0,500,0.6,1000,0.2,1400,0.2,1
7,5,8181,2,10,5,0,300,0.5,572,0.32,486,0.18,1
7,6,10965,2,10,5,0,666,0.42,420,0.58,1
7,7,7523,2,10,5,0,300,0.5,1700,0.5,1
7,8,11461,1,0,666,0.42,420,0.58,1
7,9,1418,0,0,500,0.6,1000,0.2,1400,0.2,1
7,10,1133,0,0,666,0.42,420,0.58,1
7,11,9771,2,10,5,0,666,0.42,420,0.58,1
8,0,6612,1,0,300,0.5,1700,0.5,1
8,1,8419,1,0,666,0.42,420,0.58,1
8,2,2285,0,0,500,0.6,1000,0.2,1400,0.2,1
8,3,6155,2,10,5,0,300,0.5,1700,0.5,1
8,4,1517,1,0,666,0.42,420,0.58,1
8,5,13386,0,0,300,0.5,572,0.32,486,0.18,1
8,6,1526,2,10,5,0,500,0.6,1000,0.2,1400,0.2,1
8,7,3404,1,0,500,0.6,1000,0.2,1400,0.2,1
8,8,4180,1,0,300,0.5,1700,0.5,1
8,9,6546,1,0,500,0.6,1000,0.2,1400,0.2,1
8,10,9328,2,10,5,0,500,0.6,1000,0.2,1400,0.2,1
8,11,5462,0,0,500,0.6,1000,0.2,1400,0.2,1
9,0,11538,2,10,5,0,666,0.42,420,0.58,1
9,1,10356,1,0,300,0.5,572,0.32,486,0.18,1
9,2,801,2,10,5,0,500,0.6,1000,0.2,1400,0.2,1
9,3,4635,2,10,5,0,500,0.6,1000,0.2,1400,0.2,1
9,4,4483,1,0,666,0.42,420,0.58,1
9,5,11155,1,0,300,0.5,572,0.32,486,0.18,1
9,6,3423,1,0,300,0.5,1700,0.5,1
9,7,10135,1,0,300,0.5,572,0.32,486,0.18,1
9,8,6699,2,10,5,0,500,0.6,1000,0.2,1400,0.2,1
9,9,9654,0,0,300,0.5,572,0.32,486,0.18,1
9,10,9854,2,10,5,0,300,0.5,572,0.32,486,0.18,1
9,11,14701,0,0,500,0.6,1000,0.2,1400,0.2,1
10,0,9859,2,10,5,0,666,0.42,420,0.58,1
10,1,255,2,10,5,0,500,0.6,1000,0.2,1400,0.2,1
10,2,970,1,0,666,0.42,420,0.58,1
10,3,12048,1,0,666,0.42,420,0.58,1
10,4,1087,0,0,300,0.5,1700,0.5,1
10,5,14447,0,0,666,0.42,420,0.58,1
10,6,9259,0,0,300,0.5,572,0.32,486,0.18,1
10,7,4521,0,0,300,0.5,1700,0.5,1
10,8,612,2,10,5,0,300,0.5,572,0.32,486,0.18,1
10,9,14348,1,0,300,0.5,1700,0.5,1
10,10,2414,0,0,500,0.6,1000,0.2,1400,0.2,1
10,11,3455,1,0,500,0.6,1000,0.2,1400,0.2,1
11,0,9533,0,0,300,0.5,572,0.32,486,0.18,1
11,1,12490,1,0,300,0.5,572,0.32,486,0.18,1
11,2,4046,0,0,666,0.42,420,0.58,1
11,3,10148,1,0,300,0.5,572,0.32,486,0.18,1
11,4,14448,2,10,5,0,500,0.6,1000,0.2,1400,0.2,1
11,5,4484,2,10,5,0,300,0.5,1700,0.5,1
11,6,13221,1,0,300,0.5,1700,0.5,1
11,7,12127,1,0,500,0.6,1000,0.2,1400,0.2,1
11,8,8987,0,0,300,0.5,1700,0.5,1
11,9,13128,2,10,5,0,500,0.6,1000,0.2,1400,0.2,1
11,10,14295,1,0,500,0.6,1000,0.2,1400,0.2,1
11,11,11208,1,0,300,0.5,1700,0.5,1
