0,0,11413,1,0,300,0.5,572,0.32,486,0.18,1
0,1,7494,1,0,666,0.42,420,0.58,1
0,2,11405,1,0,300,0.5,1700,0.5,1
0,3,9934,2,10,5,0,300,0.5,1700,0.5,1
0,4,11246,1,0,300,0.5,1700,0.5,1
0,5,13319,2,10,5,0,300,0.5,572,0.32,486,0.18,1
0,6,6822,0,0,300,0.5,1700,0.5,1
0,7,14313,1,0,300,0.5,572,0.32,486,0.18,1
0,8,4135,1,0,500,0.6,1000,0.2,1400,0.2,1
0,9,13543,1,0,300,0.5,1700,0.5,1
0,10,8062,2,10,5,0,500,0.6,1000,0.2,1400,0.2,1
0,11,5316,1,0,666,0.42,420,0.58,1
1,0,14118,1,0,500,0.6,1000,0.2,1400,0.2,1
1,1,4054,1,0,300,0.5,1700,0.5,1
1,2,204,1,0,300,0.5,1700,0.5,0
1,3,10188,0,0,500,0.6,1000,0.2,1400,0.2,1
1,4,11808,2,10,5,0,666,0.42,420,0.58,1
1,5,10912,0,0,300,0.5,1700,0.5,1
1,6,10453,2,10,5,0,300,0.5,1700,0.5,1
1,7,853,0,0,500,0.6,1000,0.2,1400,0.2,1
1,8,4196,1,0,300,0.5,1700,0.5,1
1,9,8761,1,0,300,0.5,1700,0.5,1
1,10,2066,2,10,5,0,300,0.5,572,0.32,486,0.18,1
1,11,1950,0,0,300,0.5,572,0.32,486,0.18,1
2,0,14293,2,10,5,0,500,0.6,1000,0.2,1400,0.2,1
2,1,10270,0,0,300,0.5,1700,0.5,1
2,2,376,1,0,300,0.5,1700,0.5,1
2,3,5379,2,10,5,0,300,0.5,572,0.32,486,0.18,1
2,4,7081,1,0,300,0.5,1700,0.5,1
2,5,7512,0,0,300,0.5,572,0.32,486,0.18,1
2,6,12592,0,0,666,0.42,420,0.58,1
2,7,617,2,10,5,0,500,0.6,1000,0.2,1400,0.2,1
2,8,994,0,0,500,0.6,1000,0.2,1400,0.2,1
2,9,3689,0,0,666,0.42,420,0.58,1
2,10,11508,2,10,5,0,500,0.6,1000,0.2,1400,0.2,1
2,11,5748,2,10,5,0,300,0.5,572,0.32,486,0.18,1
3,0,8704,1,0,666,0.42,420,0.58,1
3,1,14049,2,10,5,0,666,0.42,420,0.58,1
3,2,6454,2,10,5,0,300,0.5,1700,0.5,1
3,3,12226,1,0,300,0.5,572,0.32,486,0.18,1
3,4,8157,1,0,300,0.5,572,0.32,486,0.18,1
3,5,2695,1,0,666,0.42,420,0.58,1
3,6,685,1,0,300,0.5,1700,0.5,1
3,7,6850,0,0,500,0.6,1000,0.2,1400,0.2,1
3,8,3459,0,0,500,0.6,1000,0.2,1400,0.2,1
3,9,13633,0,0,666,0.42,420,0.58,1
3,10,8585,0,0,300,0.5,572,0.32,486,0.18,1
3,11,12695,2,10,5,0,300,0.5,572,0.32,486,0.18,1
4,0,7612,2,10,5,0,300,0.5,572,0.32,486,0.18,1
4,1,9990,0,0,500,0.6,1000,0.2,1400,0.2,1
4,2,1033,1,0,300,0.5,1700,0.5,1
4,3,14096,2,10,5,0,300,0.5,1700,0.5,1
4,4,1456,0,0,300,0.5,1700,0.5,1
4,5,5890,0,0,666,0.42,420,0.58,1
4,6,5765,0,0,300,0.5,1700,0.5,1
4,7,2152,0,0,300,0.5,572,0.32,486,0.18,1
4,8,88,1,0,300,0.5,1700,0.5,1
4,9,3889,1,0,300,0.5,572,0.32,486,0.18,1
4,10,7838,0,0,500,0.6,1000,0.2,1400,0.2,1
4,11,7272,1,0,500,0.6,1000,0.2,1400,0.2,1
5,0,2828,1,0,666,0.42,420,0.58,1
5,1,7547,1,0,666,0.42,420,0.58,1
5,2,5236,2,10,5,0,666,0.42,420,0.58,1
5,3,12009,2,10,5,0,300,0.5,572,0.32,486,0.18,1
5,4,1096,1,0,666,0.42,420,0.58,1
5,5,14638,2,10,5,0,300,0.5,1700,0.5,1
5,6,14325,1,0,666,0.42,420,0.58,1
5,7,2794,2,10,5,0,300,0.5,1700,0.5,1
5,8,1344,0,0,666,0.42,420,0.58,1
5,9,10545,1,0,300,0.5,1700,0.5,1
5,10,9389,1,0,666,0.42,420,0.58,1
5,11,351,2,10,5,0,500,0.6,1000,0.2,1400,0.2,1
6,0,8748,0,0,500,0.6,1000,0.2,1400,0.2,1
6,1,14614,0,0,300,0.5,572,0.32,486,0.18,1
6,2,6912,0,0,666,0.42,420,0.58,1
6,3,4923,2,10,5,0,666,0.42,420,0.58,1
6,4,3351,2,10,5,0,300,0.5,572,0.32,486,0.18,1
6,5,2430,0,0,300,0.5,1700,0.5,1
6,6,5266,0,0,300,0.5,1700,0.5,1
6,7,5997,0,0,666,0.42,420,0.58,1
6,8,10452,2,10,5,0,300,0.5,1700,0.5,1
6,9,9864,0,0,500,0.6,1000,0.2,1400,0.2,1
6,10,1472,0,0,500,0.6,1000,0.2,1400,0.2,1
6,11,11996,0,0,300,0.5,1700,0.5,1
7,0,10602,2,10,5,0,500,0.6,1000,0.2,1400,0.2,1
7,1,12705,1,0,300,0.5,1700,0.5,1
7,2,4621,0,0,300,0.5,1700,0.5,1
7,3,9212,2,10,5,0,300,0.5,1700,0.5,1
7,4,3088,1,0,500,0.6,1000,0.2,1400,0.2,1
7,5,12209,0,0,300,0.5,572,0.32,486,0.18,1
7,6,5871,2,10,5,0,300,0.5,572,0.32,486,0.18,1
7,7,5055,0,0,300,0.5,1700,0.5,1
7,8,10320,2,10,5,0,300,0.5,1700,0.5,1
7,9,12482,0,0,666,0.42,420,0.58,1
7,10,14600,2,10,5,0,666,0.42,420,0.58,1
7,11,14514,0,0,500,0.6,1000,0.2,1400,0.2,1
8,0,1522,2,10,5,0,300,0.5,572,0.32,486,0.18,1
8,1,13403,0,0,500,0.6,1000,0.2,1400,0.2,1
8,2,1652,2,10,5,0,500,0.6,1000,0.2,1400,0.2,1
8,3,9624,2,10,5,0,500,0.6,1000,0.2,1400,0.2,1
8,4,8737,2,10,5,0,300,0.5,1700,0.5,1
8,5,6619,1,0,500,0.6,1000,0.2,1400,0.2,1
8,6,9628,1,0,300,0.5,572,0.32,486,0.18,1
8,7,2192,2,10,5,0,666,0.42,420,0.58,1
8,8,8201,0,0,500,0.6,1000,0.2,1400,0.2,1
8,9,2139,2,10,5,0,666,0.42,420,0.58,1
8,10,5091,2,10,5,0,300,0.5,1700,0.5,1
8,11,11681,0,0,300,0.5,1700,0.5,1
9,0,13726,1,0,300,0.5,572,0.32,486,0.18,1
9,1,7112,2,10,5,0,300,0.5,572,0.32,486,0.18,1
9,2,4478,2,10,5,0,666,0.42,420,0.58,1
9,3,9128,1,0,300,0.5,1700,0.5,1
9,4,14875,2,10,5,0,300,0.5,572,0.32,486,0.18,1
9,5,11029,0,0,300,0.5,1700,0.5,1
9,6,4308,1,0,300,0.5,572,0.32,486,0.18,1
9,7,4547,1,0,300,0.5,1700,0.5,1
9,8,8373,1,0,300,0.5,1700,0.5,1
9,9,10433,1,0,300,0.5,1700,0.5,1
9,10,301,2,10,5,0,500,0.6,1000,0.2,1400,0.2,1
9,11,7786,2,10,5,0,500,0.6,1000,0.2,1400,0.2,1
10,0,12953,2,10,5,0,300,0.5,572,0.32,486,0.18,1
10,1,4487,0,0,300,0.5,1700,0.5,1
10,2,10395,0,0,300,0.5,572,0.32,486,0.18,1
10,3,12507,2,10,5,0,300,0.5,1700,0.5,1
10,4,9416,0,0,300,0.5,572,0.32,486,0.18,1
10,5,8854,1,0,666,0.42,420,0.58,1
10,6,8289,1,0,300,0.5,1700,0.5,1
10,7,13997,1,0,500,0.6,1000,0.2,1400,0.2,1
10,8,7538,0,0,666,0.42,420,0.58,1
10,9,14062,0,0,300,0.5,1700,0.5,1
10,10,7506,2,10,5,0,300,0.5,1700,0.5,1
10,11,8584,0,0,300,0.5,1700,0.5,1
11,0,9201,1,0,666,0.42,420,0.58,1
11,1,5359,2,10,5,0,300,0.5,572,0.32,486,0.18,1
11,2,8226,1,0,666,0.42,420,0.58,1
11,3,9306,1,0,300,0.5,572,0.32,486,0.18,1
11,4,7773,1,0,666,0.42,420,0.58,1
11,5,686,1,0,500,0.6,1000,0.2,1400,0.2,1
11,6,539,0,0,300,0.5,572,0.32,486,0.18,1
11,7,9534,1,0,666,0.42,420,0.58,1
11,8,2873,0,0,500,0.6,1000,0.2,1400,0.2,1
11,9,12143,1,0,666,0.42,420,0.58,1
11,10,4270,0,0,500,0.6,1000,0.2,1400,0.2,1
11,11,5550,0,0,300,0.5,1700,0.5,1
