0,0,2522,2,10,5,0,300,0.5,1700,0.5,1
0,1,1852,2,10,5,0,500,0.6,1000,0.2,1400,0.2,1
0,2,8007,1,0,300,0.5,1700,0.5,1
0,3,2369,2,10,5,0,500,0.6,1000,0.2,1400,0.2,1
0,4,7367,2,10,5,0,500,0.6,1000,0.2,1400,0.2,1
0,5,12931,0,0,500,0.6,1000,0.2,1400,0.2,1
0,6,12992,2,10,5,0,300,0.5,572,0.32,486,0.18,1
0,7,4966,1,0,300,0.5,1700,0.5,1
0,8,14704,0,0,300,0.5,1700,0.5,1
0,9,9894,1,0,666,0.42,420,0.58,1
0,10,44,1,0,300,0.5,572,0.32,486,0.18,1
0,11,12645,0,0,300,0.5,572,0.32,486,0.18,1
1,0,6972,1,0,666,0.42,420,0.58,1
1,1,14784,1,0,500,0.6,1000,0.2,1400,0.2,1
1,2,2498,0,0,300,0.5,572,0.32,486,0.18,0
1,3,2338,1,0,500,0.6,1000,0.2,1400,0.2,1
1,4,3732,0,0,300,0.5,572,0.32,486,0.18,1
1,5,3710,0,0,666,0.42,420,0.58,1
1,6,7534,2,10,5,0,666,0.42,420,0.58,1
1,7,4400,0,0,500,0.6,1000,0.2,1400,0.2,1
1,8,382,1,0,300,0.5,572,0.32,486,0.18,1
1,9,4876,1,0,666,0.42,420,0.58,1
1,10,14898,1,0,666,0.42,420,0.58,1
1,11,2537,2,10,5,0,666,0.42,420,0.58,1
2,0,9487,2,10,5,0,666,0.42,420,0.58,1
2,1,7118,0,0,300,0.5,1700,0.5,1
2,2,2895,2,10,5,0,500,0.6,1000,0.2,1400,0.2,1
2,3,10158,2,10,5,0,666,0.42,420,0.58,1
2,4,6373,0,0,300,0.5,572,0.32,486,0.18,1
2,5,7082,0,0,300,0.5,572,0.32,486,0.18,1
2,6,10647,2,10,5,0,300,0.5,1700,0.5,1
2,7,11197,0,0,666,0.42,420,0.58,1
2,8,5332,2,10,5,0,300,0.5,1700,0.5,1
2,9,5977,0,0,300,0.5,1700,0.5,1
2,10,12084,0,0,666,0.42,420,0.58,1
2,11,241,0,0,300,0.5,572,0.32,486,0.18,1
3,0,4687,1,0,300,0.5,1700,0.5,1
3,1,3884,0,0,300,0.5,1700,0.5,1
3,2,9024,2,10,5,0,666,0.42,420,0.58,1
3,3,1728,1,0,666,0.42,420,0.58,1
3,4,10294,2,10,5,0,666,0.42,420,0.58,1
3,5,1231,2,10,5,0,666,0.42,420,0.58,1
3,6,6747,1,0,500,0.6,1000,0.2,1400,0.2,1
3,7,9265,1,0,500,0.6,1000,0.2,1400,0.2,1
3,8,689,1,0,666,0.42,420,0.58,1
3,9,56,2,10,5,0,666,0.42,420,0.58,1
3,10,2857,1,0,300,0.5,1700,0.5,1
3,11,4534,0,0,300,0.5,572,0.32,486,0.18,1
4,0,8539,1,0,500,0.6,1000,0.2,1400,0.2,1
4,1,1502,0,0,666,0.42,420,0.58,1
4,2,12691,2,10,5,0,300,0.5,572,0.32,486,0.18,1
4,3,6985,1,0,300,0.5,572,0.32,486,0.18,1
4,4,4142,2,10,5,0,500,0.6,1000,0.2,1400,0.2,1
4,5,6217,1,0,500,0.6,1000,0.2,1400,0.2,1
4,6,11504,2,10,5,0,666,0.42,420,0.58,1
4,7,4139,2,10,5,0,666,0.42,420,0.58,1
4,8,268,2,10,5,0,666,0.42,420,0.58,1
4,9,13415,2,10,5,0,300,0.5,572,0.32,486,0.18,1
4,10,6251,0,0,300,0.5,572,0.32,486,0.18,1
4,11,9221,2,10,5,0,300,0.5,1700,0.5,1
5,0,4381,1,0,500,0.6,1000,0.2,1400,0.2,1
5,1,13065,1,0,666,0.42,420,0.58,1
5,2,13831,0,0,300,0.5,572,0.32,486,0.18,1
5,3,8847,2,10,5,0,666,0.42,420,0.58,1
5,4,10980,2,10,5,0,500,0.6,1000,0.2,1400,0.2,1
5,5,5048,2,10,5,0,500,0.6,1000,0.2,1400,0.2,1
5,6,6473,0,0,666,0.42,420,0.58,1
5,7,12141,1,0,300,0.5,1700,0.5,1
5,8,1092,1,0,300,0.5,1700,0.5,1
5,9,5448,1,0,666,0.42,420,0.58,1
5,10,12930,0,0,666,0.42,420,0.58,1
5,11,10386,1,0,666,0.42,420,0.58,1
6,0,8500,2,10,5,0,300,0.5,1700,0.5,1
6,1,6309,2,10,5,0,300,0.5,1700,0.5,1
6,2,6334,0,0,500,0.6,1000,0.2,1400,0.2,1
6,3,13001,1,0,300,0.5,1700,0.5,1
6,4,11512,0,0,666,0.42,420,0.58,1
6,5,5012,1,0,300,0.5,572,0.32,486,0.18,1
6,6,14353,1,0,300,0.5,572,0.32,486,0.18,1
6,7,4579,1,0,300,0.5,1700,0.5,1
6,8,12360,2,10,5,0,300,0.5,1700,0.5,1
6,9,9689,1,0,500,0.6,1000,0.2,1400,0.2,1
6,10,3316,0,0,300,0.5,1700,0.5,1
6,11,710,0,0,500,0.6,1000,0.2,1400,0.2,1
7,0,6815,0,0,666,0.42,420,0.58,1
7,1,231,2,10,5,0,300,0.5,1700,0.5,1
7,2,7411,0,0,300,0.5,1700,0.5,1
7,3,5036,1,0,666,0.42,420,0.58,1
7,4,2535,0,0,300,0.5,572,0.32,486,0.18,1
7,5,1287,1,0,300,0.5,572,0.32,486,0.18,1
7,6,10746,2,10,5,0,666,0.42,420,0.58,1
7,7,8840,2,10,5,0,666,0.42,420,0.58,1
7,8,12531,0,0,500,0.6,1000,0.2,1400,0.2,1
7,9,7562,2,10,5,0,666,0.42,420,0.58,1
7,10,10862,0,0,300,0.5,572,0.32,486,0.18,1
7,11,2934,2,10,5,0,500,0.6,1000,0.2,1400,0.2,1
8,0,9491,1,0,500,0.6,1000,0.2,1400,0.2,1
8,1,7399,0,0,666,0.42,420,0.58,1
8,2,727,2,10,5,0,666,0.42,420,0.58,1
8,3,11288,2,10,5,0,500,0.6,1000,0.2,1400,0.2,1
8,4,12682,1,0,300,0.5,572,0.32,486,0.18,1
8,5,14293,2,10,5,0,300,0.5,1700,0.5,1
8,6,2355,1,0,300,0.5,572,0.32,486,0.18,1
8,7,3614,0,0,666,0.42,420,0.58,1
8,8,1030,2,10,5,0,500,0.6,1000,0.2,1400,0.2,1
8,9,14185,2,10,5,0,300,0.5,572,0.32,486,0.18,1
8,10,9545,0,0,666,0.42,420,0.58,1
8,11,1888,1,0,300,0.5,572,0.32,486,0.18,1
9,0,11380,0,0,666,0.42,420,0.58,1
9,1,3761,1,0,300,0.5,1700,0.5,1
9,2,4302,2,10,5,0,300,0.5,572,0.32,486,0.18,1
9,3,8976,1,0,500,0.6,1000,0.2,1400,0.2,1
9,4,13586,1,0,300,0.5,572,0.32,486,0.18,1
9,5,12383,0,0,666,0.42,420,0.58,1
9,6,6463,0,0,300,0.5,572,0.32,486,0.18,1
9,7,3980,2,10,5,0,666,0.42,420,0.58,1
9,8,11560,2,10,5,0,300,0.5,1700,0.5,1
9,9,1146,0,0,300,0.5,572,0.32,486,0.18,1
9,10,12250,0,0,500,0.6,1000,0.2,1400,0.2,1
9,11,3575,2,10,5,0,300,0.5,1700,0.5,1
10,0,1262,0,0,300,0.5,572,0.32,486,0.18,1
10,1,6070,1,0,666,0.42,420,0.58,1
10,2,13806,0,0,500,0.6,1000,0.2,1400,0.2,1
10,3,13966,0,0,300,0.5,1700,0.5,1
10,4,7359,2,10,5,0,300,0.5,1700,0.5,1
10,5,13042,2,10,5,0,300,0.5,1700,0.5,1
10,6,14529,2,10,5,0,300,0.5,572,0.32,486,0.18,1
10,7,4295,2,10,5,0,300,0.5,572,0.32,486,0.18,1
10,8,5013,1,0,500,0.6,1000,0.2,1400,0.2,1
10,9,13201,1,0,500,0.6,1000,0.2,1400,0.2,1
10,10,3640,0,0,300,0.5,572,0.32,486,0.18,1
10,11,4965,2,10,5,0,300,0.5,1700,0.5,1
11,0,3645,0,0,300,0.5,1700,0.5,1
11,1,3304,0,0,500,0.6,1000,0.2,1400,0.2,1
11,2,5707,2,10,5,0,500,0.6,1000,0.2,1400,0.2,1
11,3,5265,0,0,300,0.5,1700,0.5,1
11,4,7011,1,0,300,0.5,1700,0.5,1
11,5,8064,1,0,300,0.5,1700,0.5,1
11,6,6047,0,0,500,0.6,1000,0.2,1400,0.2,1
11,7,2256,0,0,300,0.5,572,0.32,486,0.18,1
11,8,14223,2,10,5,0,300,0.5,572,0.32,486,0.18,1
11,9,7037,2,10,5,0,300,0.5,572,0.32,486,0.18,1
11,10,10287,0,0,500,0.6,1000,0.2,1400,0.2,1
11,11,2332,1,0,666,0.42,420,0.58,1
