0,0,10224,0,0,500,0.6,1000,0.2,1400,0.2,1
0,1,8809,0,0,666,0.42,420,0.58,1
0,2,12696,1,0,300,0.5,1700,0.5,1
0,3,9237,1,0,500,0.6,1000,0.2,1400,0.2,1
0,4,7482,1,0,300,0.5,572,0.32,486,0.18,1
0,5,14742,1,0,300,0.5,1700,0.5,1
0,6,7874,1,0,300,0.5,572,0.32,486,0.18,1
0,7,9040,1,0,500,0.6,1000,0.2,1400,0.2,1
0,8,14026,0,0,300,0.5,572,0.32,486,0.18,1
0,9,10161,0,0,666,0.42,420,0.58,1
0,10,14144,1,0,300,0.5,1700,0.5,1
0,11,9150,0,0,300,0.5,572,0.32,486,0.18,1
1,0,5233,2,10,5,0,500,0.6,1000,0.2,1400,0.2,1
1,1,8419,1,0,300,0.5,1700,0.5,1
1,2,7774,1,0,300,0.5,1700,0.5,0
1,3,4999,1,0,300,0.5,572,0.32,486,0.18,1
1,4,544,2,10,5,0,300,0.5,1700,0.5,1
1,5,14789,0,0,500,0.6,1000,0.2,1400,0.2,1
1,6,14607,2,10,5,0,300,0.5,1700,0.5,1
1,7,1574,2,10,5,0,300,0.5,1700,0.5,1
1,8,9516,1,0,300,0.5,1700,0.5,1
1,9,5011,2,10,5,0,300,0.5,1700,0.5,1
1,10,14753,1,0,500,0.6,1000,0.2,1400,0.2,1
1,11,3856,2,10,5,0,300,0.5,1700,0.5,1
2,0,9567,0,0,666,0.42,420,0.58,1
2,1,13268,1,0,300,0.5,572,0.32,486,0.18,1
2,2,9740,1,0,300,0.5,572,0.32,486,0.18,1
2,3,6473,0,0,500,0.6,1000,0.2,1400,0.2,1
2,4,1231,2,10,5,0,666,0.42,420,0.58,1
2,5,6178,0,0,500,0.6,1000,0.2,1400,0.2,1
2,6,11420,0,0,300,0.5,572,0.32,486,0.18,1
2,7,5967,2,10,5,0,666,0.42,420,0.58,1
2,8,5225,2,10,5,0,300,0.5,1700,0.5,1
2,9,11198,0,0,300,0.5,572,0.32,486,0.18,1
2,10,13551,1,0,666,0.42,420,0.58,1
2,11,2110,2,10,5,0,666,0.42,420,0.58,1
3,0,4763,1,0,300,0.5,572,0.32,486,0.18,1
3,1,9847,2,10,5,0,500,0.6,1000,0.2,1400,0.2,1
3,2,12877,2,10,5,0,666,0.42,420,0.58,1
3,3,3205,1,0,300,0.5,1700,0.5,1
3,4,9783,2,10,5,0,300,0.5,572,0.32,486,0.18,1
3,5,13550,0,0,666,0.42,420,0.58,1
3,6,13186,2,10,5,0,300,0.5,572,0.32,486,0.18,1
3,7,11416,0,0,300,0.5,1700,0.5,1
3,8,587,2,10,5,0,666,0.42,420,0.58,1
3,9,4189,0,0,666,0.42,420,0.58,1
3,10,13082,2,10,5,0,666,0.42,420,0.58,1
3,11,13701,2,10,5,0,300,0.5,572,0.32,486,0.18,1
4,0,919,1,0,500,0.6,1000,0.2,1400,0.2,1
4,1,5000,2,10,5,0,500,0.6,1000,0.2,1400,0.2,1
4,2,4394,1,0,500,0.6,1000,0.2,1400,0.2,1
4,3,6594,0,0,666,0.42,420,0.58,1
4,4,10575,0,0,300,0.5,1700,0.5,1
4,5,3867,1,0,300,0.5,1700,0.5,1
4,6,1464,2,10,5,0,500,0.6,1000,0.2,1400,0.2,1
4,7,12496,0,0,666,0.42,420,0.58,1
4,8,6528,2,10,5,0,500,0.6,1000,0.2,1400,0.2,1
4,9,12260,2,10,5,0,300,0.5,1700,0.5,1
4,10,4821,0,0,300,0.5,1700,0.5,1
4,11,599,2,10,5,0,500,0.6,1000,0.2,1400,0.2,1
5,0,6502,0,0,300,0.5,572,0.32,486,0.18,1
5,1,3572,0,0,300,0.5,1700,0.5,1
5,2,10272,0,0,300,0.5,1700,0.5,1
5,3,10464,1,0,300,0.5,572,0.32,486,0.18,1
5,4,3206,0,0,300,0.5,1700,0.5,1
5,5,1658,0,0,300,0.5,1700,0.5,1
5,6,3353,0,0,666,0.42,420,0.58,1
5,7,11841,0,0,666,0.42,420,0.58,1
5,8,13622,2,10,5,0,500,0.6,1000,0.2,1400,0.2,1
5,9,1557,2,10,5,0,666,0.42,420,0.58,1
5,10,8663,2,10,5,0,666,0.42,420,0.58,1
5,11,9527,1,0,300,0.5,572,0.32,486,0.18,1
6,0,1081,1,0,300,0.5,1700,0.5,1
6,1,3804,0,0,666,0.42,420,0.58,1
6,2,10383,0,0,500,0.6,1000,0.2,1400,0.2,1
6,3,2570,1,0,500,0.6,1000,0.2,1400,0.2,1
6,4,11797,2,10,5,0,300,0.5,1700,0.5,1
6,5,2242,0,0,500,0.6,1000,0.2,1400,0.2,1
6,6,11424,2,10,5,0,300,0.5,1700,0.5,1
6,7,5789,2,10,5,0,500,0.6,1000,0.2,1400,0.2,1
6,8,2612,2,10,5,0,300,0.5,1700,0.5,1
6,9,12047,2,10,5,0,300,0.5,1700,0.5,1
6,10,9159,1,0,500,0.6,1000,0.2,1400,0.2,1
6,11,5513,0,0,666,0.42,420,0.58,1
7,0,6221,2,10,5,0,666,0.42,420,0.58,1
7,1,9493,2,10,5,0,666,0.42,420,0.58,1
7,2,5716,2,10,5,0,500,0.6,1000,0.2,1400,0.2,1
7,3,13785,1,0,300,0.5,1700,0.5,1
7,4,11599,1,0,300,0.5,572,0.32,486,0.18,1
7,5,10556,2,10,5,0,300,0.5,572,0.32,486,0.18,1
7,6,10928,2,10,5,0,500,0.6,1000,0.2,1400,0.2,1
7,7,6432,0,0,300,0.5,1700,0.5,1
7,8,7266,2,10,5,0,666,0.42,420,0.58,1
7,9,4334,1,0,300,0.5,572,0.32,486,0.18,1
7,10,5551,1,0,500,0.6,1000,0.2,1400,0.2,1
7,11,8841,2,10,5,0,500,0.6,1000,0.2,1400,0.2,1
8,0,1456,0,0,300,0.5,572,0.32,486,0.18,1
8,1,4265,0,0,666,0.42,420,0.58,1
8,2,2875,1,0,300,0.5,1700,0.5,1
8,3,7355,2,10,5,0,500,0.6,1000,0.2,1400,0.2,1
8,4,11462,2,10,5,0,300,0.5,572,0.32,486,0.18,1
8,5,695,1,0,666,0.42,420,0.58,1
8,6,1437,2,10,5,0,300,0.5,572,0.32,486,0.18,1
8,7,1153,2,10,5,0,666,0.42,420,0.58,1
8,8,7382,1,0,300,0.5,1700,0.5,1
8,9,10180,1,0,500,0.6,1000,0.2,1400,0.2,1
8,10,10301,2,10,5,0,300,0.5,572,0.32,486,0.18,1
8,11,6150,0,0,666,0.42,420,0.58,1
9,0,3075,2,10,5,0,300,0.5,572,0.32,486,0.18,1
9,1,11161,1,0,300,0.5,572,0.32,486,0.18,1
9,2,6808,1,0,300,0.5,572,0.32,486,0.18,1
9,3,10727,1,0,666,0.42,420,0.58,1
9,4,6073,1,0,300,0.5,1700,0.5,1
9,5,10894,1,0,500,0.6,1000,0.2,1400,0.2,1
9,6,7467,0,0,666,0.42,420,0.58,1
9,7,4018,0,0,500,0.6,1000,0.2,1400,0.2,1
9,8,10851,1,0,666,0.42,420,0.58,1
9,9,13368,0,0,500,0.6,1000,0.2,1400,0.2,1
9,10,4408,0,0,666,0.42,420,0.58,1
9,11,7152,1,0,500,0.6,1000,0.2,1400,0.2,1
10,0,11183,0,0,666,0.42,420,0.58,1
10,1,10363,2,10,5,0,500,0.6,1000,0.2,1400,0.2,1
10,2,8503,1,0,666,0.42,420,0.58,1
10,3,6310,2,10,5,0,500,0.6,1000,0.2,1400,0.2,1
10,4,9832,1,0,300,0.5,572,0.32,486,0.18,1
10,5,11368,1,0,300,0.5,572,0.32,486,0.18,1
10,6,2982,0,0,500,0.6,1000,0.2,1400,0.2,1
10,7,10932,2,10,5,0,300,0.5,1700,0.5,1
10,8,3562,0,0,300,0.5,1700,0.5,1
10,9,7776,0,0,500,0.6,1000,0.2,1400,0.2,1
10,10,10421,1,0,300,0.5,1700,0.5,1
10,11,3907,2,10,5,0,666,0.42,420,0.58,1
11,0,11179,0,0,666,0.42,420,0.58,1
11,1,3160,1,0,300,0.5,1700,0.5,1
11,2,6943,0,0,500,0.6,1000,0.2,1400,0.2,1
11,3,8506,1,0,300,0.5,572,0.32,486,0.18,1
11,4,2230,2,10,5,0,666,0.42,420,0.58,1
11,5,5203,1,0,500,0.6,1000,0.2,1400,0.2,1
11,6,103,2,10,5,0,500,0.6,1000,0.2,1400,0.2,1
11,7,6883,1,0,300,0.5,572,0.32,486,0.18,1
11,8,14989,1,0,666,0.42,420,0.58,1
11,9,9982,1,0,300,0.5,572,0.32,486,0.18,1
11,10,6351,1,0,300,0.5,1700,0.5,1
11,11,4122,1,0,500,0.6,1000,0.2,1400,0.2,1
