0,0,10719,2,10,5,0,300,0.5,572,0.32,486,0.18,1
0,1,257,1,0,666,0.42,420,0.58,1
0,2,1948,1,0,300,0.5,1700,0.5,1
0,3,2063,1,0,500,0.6,1000,0.2,1400,0.2,1
0,4,7028,2,10,5,0,666,0.42,420,0.58,1
0,5,2128,1,0,300,0.5,1700,0.5,1
0,6,3274,1,0,500,0.6,1000,0.2,1400,0.2,1
0,7,10649,2,10,5,0,300,0.5,572,0.32,486,0.18,1
0,8,8192,0,0,666,0.42,420,0.58,1
0,9,1914,0,0,300,0.5,572,0.32,486,0.18,1
0,10,2607,2,10,5,0,300,0.5,572,0.32,486,0.18,1
0,11,11324,0,0,666,0.42,420,0.58,1
1,0,11543,2,10,5,0,300,0.5,572,0.32,486,0.18,1
1,1,12280,0,0,300,0.5,1700,0.5,1
1,2,11099,0,0,300,0.5,572,0.32,486,0.18,0
1,3,3803,1,0,300,0.5,572,0.32,486,0.18,1
1,4,7812,1,0,300,0.5,1700,0.5,1
1,5,5483,2,10,5,0,300,0.5,572,0.32,486,0.18,1
1,6,6682,2,10,5,0,500,0.6,1000,0.2,1400,0.2,1
1,7,11433,2,10,5,0,500,0.6,1000,0.2,1400,0.2,1
1,8,9628,1,0,666,0.42,420,0.58,1
1,9,8258,2,10,5,0,300,0.5,1700,0.5,1
1,10,5063,1,0,500,0.6,1000,0.2,1400,0.2,1
1,11,9817,2,10,5,0,666,0.42,420,0.58,1
2,0,13098,1,0,300,0.5,572,0.32,486,0.18,1
2,1,2340,0,0,666,0.42,420,0.58,1
2,2,2458,2,10,5,0,300,0.5,1700,0.5,1
2,3,11303,1,0,300,0.5,1700,0.5,1
2,4,2154,1,0,300,0.5,572,0.32,486,0.18,1
2,5,1093,1,0,500,0.6,1000,0.2,1400,0.2,1
2,6,8082,1,0,300,0.5,572,0.32,486,0.18,1
2,7,10487,2,10,5,0,300,0.5,1700,0.5,1
2,8,6028,0,0,300,0.5,572,0.32,486,0.18,1
2,9,14858,2,10,5,0,300,0.5,1700,0.5,1
2,10,12983,2,10,5,0,300,0.5,1700,0.5,1
2,11,14811,0,0,300,0.5,572,0.32,486,0.18,1
3,0,14338,0,0,500,0.6,1000,0.2,1400,0.2,1
3,1,14149,2,10,5,0,300,0.5,1700,0.5,1
3,2,7200,1,0,666,0.42,420,0.58,1
3,3,3916,2,10,5,0,300,0.5,572,0.32,486,0.18,1
3,4,11590,1,0,500,0.6,1000,0.2,1400,0.2,1
3,5,11576,0,0,500,0.6,1000,0.2,1400,0.2,1
3,6,14333,2,10,5,0,500,0.6,1000,0.2,1400,0.2,1
3,7,14245,2,10,5,0,300,0.5,572,0.32,486,0.18,1
3,8,6126,2,10,5,0,500,0.6,1000,0.2,1400,0.2,1
3,9,6774,0,0,300,0.5,1700,0.5,1
3,10,9705,1,0,666,0.42,420,0.58,1
3,11,9119,1,0,500,0.6,1000,0.2,1400,0.2,1
4,0,9103,2,10,5,0,666,0.42,420,0.58,1
4,1,14756,0,0,300,0.5,1700,0.5,1
4,2,3901,0,0,300,0.5,572,0.32,486,0.18,1
4,3,12392,1,0,500,0.6,1000,0.2,1400,0.2,1
4,4,14869,2,10,5,0,300,0.5,572,0.32,486,0.18,1
4,5,3949,2,10,5,0,666,0.42,420,0.58,1
4,6,7825,1,0,500,0.6,1000,0.2,1400,0.2,1
4,7,13700,1,0,300,0.5,1700,0.5,1
4,8,10776,0,0,500,0.6,1000,0.2,1400,0.2,1
4,9,8261,0,0,666,0.42,420,0.58,1
4,10,14729,1,0,666,0.42,420,0.58,1
4,11,699,1,0,500,0.6,1000,0.2,1400,0.2,1
5,0,1559,1,0,300,0.5,1700,0.5,1
5,1,13065,2,10,5,0,300,0.5,1700,0.5,1
5,2,1227,0,0,300,0.5,572,0.32,486,0.18,1
5,3,12995,1,0,500,0.6,1000,0.2,1400,0.2,1
5,4,12816,2,10,5,0,500,0.6,1000,0.2,1400,0.2,1
5,5,11212,2,10,5,0,300,0.5,572,0.32,486,0.18,1
5,6,10602,0,0,500,0.6,1000,0.2,1400,0.2,1
5,7,6788,0,0,666,0.42,420,0.58,1
5,8,9859,0,0,300,0.5,572,0.32,486,0.18,1
5,9,9015,2,10,5,0,300,0.5,1700,0.5,1
5,10,3632,2,10,5,0,500,0.6,1000,0.2,1400,0.2,1
5,11,6268,1,0,300,0.5,1700,0.5,1
6,0,534,2,10,5,0,666,0.42,420,0.58,1
6,1,652,0,0,500,0.6,1000,0.2,1400,0.2,1
6,2,13117,2,10,5,0,666,0.42,420,0.58,1
6,3,4687,1,0,300,0.5,1700,0.5,1
6,4,2755,0,0,300,0.5,1700,0.5,1
6,5,12359,2,10,5,0,666,0.42,420,0.58,1
6,6,4069,1,0,500,0.6,1000,0.2,1400,0.2,1
6,7,5326,1,0,300,0.5,572,0.32,486,0.18,1
6,8,13954,1,0,300,0.5,572,0.32,486,0.18,1
6,9,9046,0,0,300,0.5,1700,0.5,1
6,10,2684,1,0,500,0.6,1000,0.2,1400,0.2,1
6,11,2924,2,10,5,0,666,0.42,420,0.58,1
7,0,5572,0,0,666,0.42,420,0.58,1
7,1,6943,0,0,666,0.42,420,0.58,1
7,2,10268,0,0,300,0.5,572,0.32,486,0.18,1
7,3,11037,2,10,5,0,666,0.42,420,0.58,1
7,4,13585,0,0,666,0.42,420,0.58,1
7,5,13381,2,10,5,0,300,0.5,1700,0.5,1
7,6,14123,1,0,666,0.42,420,0.58,1
7,7,5196,1,0,300,0.5,572,0.32,486,0.18,1
7,8,1475,2,10,5,0,666,0.42,420,0.58,1
7,9,11129,2,10,5,0,300,0.5,1700,0.5,1
7,10,5073,1,0,300,0.5,572,0.32,486,0.18,1
7,11,2722,2,10,5,0,300,0.5,572,0.32,486,0.18,1
8,0,584,1,0,500,0.6,1000,0.2,1400,0.2,1
8,1,6448,0,0,500,0.6,1000,0.2,1400,0.2,1
8,2,3061,2,10,5,0,300,0.5,1700,0.5,1
8,3,2028,0,0,300,0.5,572,0.32,486,0.18,1
8,4,10682,1,0,666,0.42,420,0.58,1
8,5,6805,1,0,300,0.5,1700,0.5,1
8,6,4753,0,0,666,0.42,420,0.58,1
8,7,13613,2,10,5,0,666,0.42,420,0.58,1
8,8,14175,2,10,5,0,500,0.6,1000,0.2,1400,0.2,1
8,9,14185,1,0,666,0.42,420,0.58,1
8,10,1842,1,0,500,0.6,1000,0.2,1400,0.2,1
8,11,8929,1,0,300,0.5,1700,0.5,1
9,0,11520,1,0,300,0.5,1700,0.5,1
9,1,6967,1,0,300,0.5,1700,0.5,1
9,2,1277,1,0,500,0.6,1000,0.2,1400,0.2,1
9,3,14971,0,0,666,0.42,420,0.58,1
9,4,11147,0,0,500,0.6,1000,0.2,1400,0.2,1
9,5,8006,0,0,500,0.6,1000,0.2,1400,0.2,1
9,6,10944,1,0,500,0.6,1000,0.2,1400,0.2,1
9,7,7974,2,10,5,0,300,0.5,572,0.32,486,0.18,1
9,8,11190,1,0,300,0.5,1700,0.5,1
9,9,5502,2,10,5,0,300,0.5,1700,0.5,1
9,10,2030,2,10,5,0,300,0.5,572,0.32,486,0.18,1
9,11,14214,0,0,300,0.5,1700,0.5,1
10,0,13951,2,10,5,0,666,0.42,420,0.58,1
10,1,13685,0,0,666,0.42,420,0.58,1
10,2,4851,0,0,666,0.42,420,0.58,1
10,3,7365,0,0,300,0.5,572,0.32,486,0.18,1
10,4,6484,2,10,5,0,300,0.5,572,0.32,486,0.18,1
10,5,12013,2,10,5,0,300,0.5,572,0.32,486,0.18,1
10,6,8694,0,0,666,0.42,420,0.58,1
10,7,335,1,0,666,0.42,420,0.58,1
10,8,3465,0,0,666,0.42,420,0.58,1
10,9,10439,0,0,300,0.5,572,0.32,486,0.18,1
10,10,14469,2,10,5,0,666,0.42,420,0.58,1
10,11,2493,2,10,5,0,500,0.6,1000,0.2,1400,0.2,1
11,0,12123,1,0,666,0.42,420,0.58,1
11,1,7412,1,0,300,0.5,572,0.32,486,0.18,1
11,2,1001,1,0,500,0.6,1000,0.2,1400,0.2,1
11,3,6097,1,0,666,0.42,420,0.58,1
11,4,10896,1,0,300,0.5,1700,0.5,1
11,5,6062,0,0,300,0.5,1700,0.5,1
11,6,6756,0,0,300,0.5,572,0.32,486,0.18,1
11,7,4658,1,0,500,0.6,1000,0.2,1400,0.2,1
11,8,467,1,0,300,0.5,572,0.32,486,0.18,1
11,9,13504,0,0,300,0.5,572,0.32,486,0.18,1
11,10,5725,1,0,300,0.5,1700,0.5,1
11,11,1983,0,0,300,0.5,1700,0.5,1
