0,0,7316,0,0,666,0.42,420,0.58,1
0,1,1569,1,0,300,0.5,572,0.32,486,0.18,1
0,2,9147,0,0,500,0.6,1000,0.2,1400,0.2,1
0,3,4483,0,0,500,0.6,1000,0.2,1400,0.2,1
0,4,10162,1,0,500,0.6,1000,0.2,1400,0.2,1
0,5,834,0,0,666,0.42,420,0.58,1
0,6,8955,1,0,666,0.42,420,0.58,1
0,7,2278,0,0,500,0.6,1000,0.2,1400,0.2,1
0,8,9118,1,0,500,0.6,1000,0.2,1400,0.2,1
0,9,8647,2,10,5,0,300,0.5,1700,0.5,1
0,10,8167,1,0,500,0.6,1000,0.2,1400,0.2,1
0,11,14498,0,0,500,0.6,1000,0.2,1400,0.2,1
1,0,4428,1,0,500,0.6,1000,0.2,1400,0.2,1
1,1,13362,1,0,300,0.5,1700,0.5,1
1,2,5332,1,0,300,0.5,572,0.32,486,0.18,0
1,3,10134,1,0,300,0.5,1700,0.5,1
1,4,13342,0,0,666,0.42,420,0.58,1
1,5,8890,2,10,5,0,666,0.42,420,0.58,1
1,6,14363,0,0,666,0.42,420,0.58,1
1,7,2141,0,0,300,0.5,572,0.32,486,0.18,1
1,8,12757,2,10,5,0,300,0.5,1700,0.5,1
1,9,129,0,0,300,0.5,1700,0.5,1
1,10,11209,0,0,300,0.5,572,0.32,486,0.18,1
1,11,10972,2,10,5,0,300,0.5,572,0.32,486,0.18,1
2,0,708,0,0,666,0.42,420,0.58,1
2,1,9118,0,0,500,0.6,1000,0.2,1400,0.2,1
2,2,10960,2,10,5,0,300,0.5,572,0.32,486,0.18,1
2,3,9948,1,0,500,0.6,1000,0.2,1400,0.2,1
2,4,3133,1,0,666,0.42,420,0.58,1
2,5,8127,1,0,300,0.5,1700,0.5,1
2,6,7773,0,0,300,0.5,1700,0.5,1
2,7,9337,1,0,300,0.5,1700,0.5,1
2,8,9466,1,0,500,0.6,1000,0.2,1400,0.2,1
2,9,10949,2,10,5,0,300,0.5,572,0.32,486,0.18,1
2,10,9546,1,0,500,0.6,1000,0.2,1400,0.2,1
2,11,8905,2,10,5,0,300,0.5,1700,0.5,1
3,0,3863,1,0,666,0.42,420,0.58,1
3,1,7814,0,0,300,0.5,572,0.32,486,0.18,1
3,2,7737,0,0,666,0.42,420,0.58,1
3,3,704,1,0,300,0.5,572,0.32,486,0.18,1
3,4,1350,2,10,5,0,300,0.5,572,0.32,486,0.18,1
3,5,1479,1,0,500,0.6,1000,0.2,1400,0.2,1
3,6,13441,0,0,300,0.5,572,0.32,486,0.18,1
3,7,3064,1,0,300,0.5,572,0.32,486,0.18,1
3,8,11049,0,0,500,0.6,1000,0.2,1400,0.2,1
3,9,12172,0,0,300,0.5,572,0.32,486,0.18,1
3,10,13115,1,0,666,0.42,420,0.58,1
3,11,1486,2,10,5,0,300,0.5,1700,0.5,1
4,0,2228,0,0,500,0.6,1000,0.2,1400,0.2,1
4,1,9473,0,0,300,0.5,1700,0.5,1
4,2,9944,0,0,300,0.5,572,0.32,486,0.18,1
4,3,8812,1,0,500,0.6,1000,0.2,1400,0.2,1
4,4,8449,1,0,500,0.6,1000,0.2,1400,0.2,1
4,5,8924,0,0,300,0.5,572,0.32,486,0.18,1
4,6,5718,2,10,5,0,666,0.42,420,0.58,1
4,7,6802,0,0,500,0.6,1000,0.2,1400,0.2,1
4,8,11072,2,10,5,0,500,0.6,1000,0.2,1400,0.2,1
4,9,2861,2,10,5,0,500,0.6,1000,0.2,1400,0.2,1
4,10,2319,1,0,666,0.42,420,0.58,1
4,11,6147,1,0,300,0.5,1700,0.5,1
5,0,7881,1,0,300,0.5,1700,0.5,1
5,1,10539,1,0,666,0.42,420,0.58,1
5,2,5742,1,0,666,0.42,420,0.58,1
5,3,4267,0,0,666,0.42,420,0.58,1
5,4,2143,2,10,5,0,300,0.5,572,0.32,486,0.18,1
5,5,4662,0,0,500,0.6,1000,0.2,1400,0.2,1
5,6,268,0,0,300,0.5,572,0.32,486,0.18,1
5,7,11741,0,0,300,0.5,1700,0.5,1
5,8,11775,2,10,5,0,666,0.42,420,0.58,1
5,9,10652,2,10,5,0,300,0.5,1700,0.5,1
5,10,2235,1,0,500,0.6,1000,0.2,1400,0.2,1
5,11,1247,1,0,500,0.6,1000,0.2,1400,0.2,1
6,0,7923,2,10,5,0,666,0.42,420,0.58,1
6,1,12662,0,0,300,0.5,1700,0.5,1
6,2,8940,2,10,5,0,300,0.5,1700,0.5,1
6,3,5317,2,10,5,0,300,0.5,572,0.32,486,0.18,1
6,4,11210,0,0,500,0.6,1000,0.2,1400,0.2,1
6,5,4226,2,10,5,0,500,0.6,1000,0.2,1400,0.2,1
6,6,6971,0,0,666,0.42,420,0.58,1
6,7,341,2,10,5,0,500,0.6,1000,0.2,1400,0.2,1
6,8,14258,0,0,300,0.5,572,0.32,486,0.18,1
6,9,13136,0,0,666,0.42,420,0.58,1
6,10,7835,2,10,5,0,300,0.5,1700,0.5,1
6,11,13247,0,0,666,0.42,420,0.58,1
7,0,4525,1,0,500,0.6,1000,0.2,1400,0.2,1
7,1,14949,0,0,500,0.6,1000,0.2,1400,0.2,1
7,2,1604,2,10,5,0,666,0.42,420,0.58,1
7,3,6333,2,10,5,0,500,0.6,1000,0.2,1400,0.2,1
7,4,12013,2,10,5,0,300,0.5,1700,0.5,1
7,5,10774,2,10,5,0,300,0.5,1700,0.5,1
7,6,1799,1,0,300,0.5,1700,0.5,1
7,7,4124,0,0,500,0.6,1000,0.2,1400,0.2,1
7,8,9856,0,0,300,0.5,1700,0.5,1
7,9,5917,0,0,666,0.42,420,0.58,1
7,10,2874,2,10,5,0,300,0.5,1700,0.5,1
7,11,4871,1,0,300,0.5,1700,0.5,1
8,0,7905,0,0,666,0.42,420,0.58,1
8,1,551,1,0,666,0.42,420,0.58,1
8,2,4002,2,10,5,0,666,0.42,420,0.58,1
8,3,12419,0,0,300,0.5,572,0.32,486,0.18,1
8,4,7279,2,10,5,0,300,0.5,572,0.32,486,0.18,1
8,5,14586,1,0,300,0.5,572,0.32,486,0.18,1
8,6,2214,0,0,666,0.42,420,0.58,1
8,7,12424,1,0,300,0.5,572,0.32,486,0.18,1
8,8,7162,2,10,5,0,300,0.5,572,0.32,486,0.18,1
8,9,7611,2,10,5,0,500,0.6,1000,0.2,1400,0.2,1
8,10,12112,1,0,300,0.5,1700,0.5,1
8,11,10402,2,10,5,0,666,0.42,420,0.58,1
9,0,8095,0,0,300,0.5,572,0.32,486,0.18,1
9,1,8918,1,0,666,0.42,420,0.58,1
9,2,9407,2,10,5,0,666,0.42,420,0.58,1
9,3,4245,2,10,5,0,666,0.42,420,0.58,1
9,4,2818,2,10,5,0,666,0.42,420,0.58,1
9,5,5422,1,0,300,0.5,572,0.32,486,0.18,1
9,6,6353,0,0,300,0.5,1700,0.5,1
9,7,4853,2,10,5,0,300,0.5,1700,0.5,1
9,8,13135,1,0,300,0.5,572,0.32,486,0.18,1
9,9,4651,1,0,500,0.6,1000,0.2,1400,0.2,1
9,10,5863,2,10,5,0,500,0.6,1000,0.2,1400,0.2,1
9,11,14169,0,0,300,0.5,572,0.32,486,0.18,1
10,0,6204,2,10,5,0,500,0.6,1000,0.2,1400,0.2,1
10,1,12149,0,0,500,0.6,1000,0.2,1400,0.2,1
10,2,11501,2,10,5,0,666,0.42,420,0.58,1
10,3,2793,0,0,300,0.5,1700,0.5,1
10,4,3123,2,10,5,0,500,0.6,1000,0.2,1400,0.2,1
10,5,80,2,10,5,0,300,0.5,1700,0.5,1
10,6,10221,1,0,300,0.5,572,0.32,486,0.18,1
10,7,4656,2,10,5,0,666,0.42,420,0.58,1
10,8,12591,1,0,500,0.6,1000,0.2,1400,0.2,1
10,9,5841,1,0,666,0.42,420,0.58,1
10,10,13384,2,10,5,0,300,0.5,572,0.32,486,0.18,1
10,11,9267,1,0,666,0.42,420,0.58,1
11,0,7837,1,0,666,0.42,420,0.58,1
11,1,4962,2,10,5,0,500,0.6,1000,0.2,1400,0.2,1
11,2,3825,0,0,300,0.5,1700,0.5,1
11,3,14153,0,0,300,0.5,572,0.32,486,0.18,1
11,4,13889,0,0,666,0.42,420,0.58,1
11,5,504,1,0,666,0.42,420,0.58,1
11,6,3482,2,10,5,0,666,0.42,420,0.58,1
11,7,1769,1,0,666,0.42,420,0.58,1
11,8,7024,0,0,300,0.5,1700,0.5,1
11,9,7298,2,10,5,0,300,0.5,1700,0.5,1
11,10,11293,2,10,5,0,300,0.5,572,0.32,486,0.18,1
11,11,4915,0,0,666,0.42,420,0.58,1
