0,0,5125,0,0,300,0.5,1700,0.5,1
0,1,2943,2,10,5,0,300,0.5,572,0.32,486,0.18,1
0,2,5524,1,0,300,0.5,1700,0.5,1
0,3,14274,0,0,300,0.5,1700,0.5,1
0,4,4882,0,0,666,0.42,420,0.58,1
0,5,3145,2,10,5,0,666,0.42,420,0.58,1
0,6,6300,0,0,300,0.5,1700,0.5,1
0,7,9700,2,10,5,0,500,0.6,1000,0.2,1400,0.2,1
0,8,14354,0,0,500,0.6,1000,0.2,1400,0.2,1
0,9,7630,0,0,300,0.5,572,0.32,486,0.18,1
0,10,9546,0,0,666,0.42,420,0.58,1
0,11,10986,0,0,500,0.6,1000,0.2,1400,0.2,1
1,0,13850,1,0,300,0.5,1700,0.5,1
1,1,13579,2,10,5,0,300,0.5,1700,0.5,1
1,2,9706,1,0,500,0.6,1000,0.2,1400,0.2,0
1,3,2436,1,0,500,0.6,1000,0.2,1400,0.2,1
1,4,7634,0,0,666,0.42,420,0.58,1
1,5,13348,0,0,500,0.6,1000,0.2,1400,0.2,1
1,6,2225,0,0,300,0.5,1700,0.5,1
1,7,8774,0,0,300,0.5,1700,0.5,1
1,8,2502,0,0,666,0.42,420,0.58,1
1,9,12355,1,0,666,0.42,420,0.58,1
1,10,11073,0,0,500,0.6,1000,0.2,1400,0.2,1
1,11,9571,2,10,5,0,500,0.6,1000,0.2,1400,0.2,1
2,0,11335,0,0,300,0.5,572,0.32,486,0.18,1
2,1,8258,1,0,300,0.5,572,0.32,486,0.18,1
2,2,1466,1,0,666,0.42,420,0.58,1
2,3,13831,1,0,300,0.5,572,0.32,486,0.18,1
2,4,899,0,0,300,0.5,572,0.32,486,0.18,1
2,5,12781,0,0,666,0.42,420,0.58,1
2,6,1836,1,0,666,0.42,420,0.58,1
2,7,2834,1,0,666,0.42,420,0.58,1
2,8,13722,0,0,500,0.6,1000,0.2,1400,0.2,1
2,9,4174,1,0,300,0.5,1700,0.5,1
2,10,7369,0,0,666,0.42,420,0.58,1
2,11,14356,0,0,500,0.6,1000,0.2,1400,0.2,1
3,0,6596,0,0,666,0.42,420,0.58,1
3,1,12652,2,10,5,0,300,0.5,1700,0.5,1
3,2,8121,2,10,5,0,300,0.5,1700,0.5,1
3,3,123,0,0,666,0.42,420,0.58,1
3,4,2371,1,0,300,0.5,1700,0.5,1
3,5,10957,0,0,300,0.5,572,0.32,486,0.18,1
3,6,392,2,10,5,0,666,0.42,420,0.58,1
3,7,92,1,0,300,0.5,572,0.32,486,0.18,1
3,8,9837,2,10,5,0,666,0.42,420,0.58,1
3,9,733,0,0,300,0.5,1700,0.5,1
3,10,12861,2,10,5,0,300,0.5,1700,0.5,1
3,11,4974,1,0,300,0.5,572,0.32,486,0.18,1
4,0,6231,2,10,5,0,500,0.6,1000,0.2,1400,0.2,1
4,1,5754,0,0,666,0.42,420,0.58,1
4,2,13162,2,10,5,0,300,0.5,1700,0.5,1
4,3,5850,1,0,300,0.5,1700,0.5,1
4,4,1972,1,0,300,0.5,1700,0.5,1
4,5,10030,2,10,5,0,500,0.6,1000,0.2,1400,0.2,1
4,6,11336,2,10,5,0,666,0.42,420,0.58,1
4,7,493,0,0,500,0.6,1000,0.2,1400,0.2,1
4,8,13504,0,0,300,0.5,572,0.32,486,0.18,1
4,9,1154,2,10,5,0,300,0.5,572,0.32,486,0.18,1
4,10,8825,0,0,300,0.5,572,0.32,486,0.18,1
4,11,14796,2,10,5,0,666,0.42,420,0.58,1
5,0,10902,1,0,300,0.5,1700,0.5,1
5,1,13990,2,10,5,0,666,0.42,420,0.58,1
5,2,11056,0,0,500,0.6,1000,0.2,1400,0.2,1
5,3,9696,2,10,5,0,300,0.5,1700,0.5,1
5,4,1791,0,0,500,0.6,1000,0.2,1400,0.2,1
5,5,11876,0,0,666,0.42,420,0.58,1
5,6,6373,1,0,666,0.42,420,0.58,1
5,7,10423,1,0,666,0.42,420,0.58,1
5,8,5224,1,0,666,0.42,420,0.58,1
5,9,4948,1,0,300,0.5,1700,0.5,1
5,10,8267,0,0,300,0.5,572,0.32,486,0.18,1
5,11,7634,1,0,500,0.6,1000,0.2,1400,0.2,1
6,0,3552,0,0,666,0.42,420,0.58,1
6,1,12837,2,10,5,0,666,0.42,420,0.58,1
6,2,7350,1,0,500,0.6,1000,0.2,1400,0.2,1
6,3,42,0,0,666,0.42,420,0.58,1
6,4,5792,2,10,5,0,500,0.6,1000,0.2,1400,0.2,1
6,5,2555,0,0,666,0.42,420,0.58,1
6,6,13547,2,10,5,0,300,0.5,1700,0.5,1
6,7,11928,0,0,300,0.5,572,0.32,486,0.18,1
6,8,2219,1,0,666,0.42,420,0.58,1
6,9,10143,0,0,500,0.6,1000,0.2,1400,0.2,1
6,10,8459,1,0,666,0.42,420,0.58,1
6,11,10718,2,10,5,0,300,0.5,1700,0.5,1
7,0,6228,0,0,500,0.6,1000,0.2,1400,0.2,1
7,1,646,1,0,666,0.42,420,0.58,1
7,2,13231,0,0,300,0.5,1700,0.5,1
7,3,14993,1,0,300,0.5,572,0.32,486,0.18,1
7,4,543,1,0,666,0.42,420,0.58,1
7,5,3335,0,0,500,0.6,1000,0.2,1400,0.2,1
7,6,2000,1,0,666,0.42,420,0.58,1
7,7,5592,1,0,666,0.42,420,0.58,1
7,8,14696,1,0,500,0.6,1000,0.2,1400,0.2,1
7,9,11137,1,0,300,0.5,572,0.32,486,0.18,1
7,10,5817,2,10,5,0,666,0.42,420,0.58,1
7,11,13314,2,10,5,0,300,0.5,572,0.32,486,0.18,1
8,0,9527,0,0,500,0.6,1000,0.2,1400,0.2,1
8,1,12299,2,10,5,0,300,0.5,572,0.32,486,0.18,1
8,2,13510,1,0,300,0.5,1700,0.5,1
8,3,14624,0,0,500,0.6,1000,0.2,1400,0.2,1
8,4,6228,0,0,666,0.42,420,0.58,1
8,5,10859,0,0,500,0.6,1000,0.2,1400,0.2,1
8,6,1764,0,0,666,0.42,420,0.58,1
8,7,740,1,0,666,0.42,420,0.58,1
8,8,6043,0,0,300,0.5,572,0.32,486,0.18,1
8,9,12136,1,0,666,0.42,420,0.58,1
8,10,9692,0,0,300,0.5,572,0.32,486,0.18,1
8,11,10709,2,10,5,0,666,0.42,420,0.58,1
9,0,9202,0,0,500,0.6,1000,0.2,1400,0.2,1
9,1,5482,2,10,5,0,300,0.5,1700,0.5,1
9,2,7770,0,0,666,0.42,420,0.58,1
9,3,4618,2,10,5,0,300,0.5,572,0.32,486,0.18,1
9,4,6089,0,0,300,0.5,1700,0.5,1
9,5,6742,2,10,5,0,500,0.6,1000,0.2,1400,0.2,1
9,6,666,0,0,500,0.6,1000,0.2,1400,0.2,1
9,7,14657,2,10,5,0,666,0.42,420,0.58,1
9,8,9082,1,0,666,0.42,420,0.58,1
9,9,12382,1,0,666,0.42,420,0.58,1
9,10,737,1,0,666,0.42,420,0.58,1
9,11,8238,1,0,300,0.5,572,0.32,486,0.18,1
10,0,12734,1,0,300,0.5,1700,0.5,1
10,1,5624,1,0,300,0.5,1700,0.5,1
10,2,486,0,0,300,0.5,572,0.32,486,0.18,1
10,3,1627,0,0,500,0.6,1000,0.2,1400,0.2,1
10,4,5848,2,10,5,0,666,0.42,420,0.58,1
10,5,6739,2,10,5,0,300,0.5,572,0.32,486,0.18,1
10,6,14859,2,10,5,0,500,0.6,1000,0.2,1400,0.2,1
10,7,10961,2,10,5,0,300,0.5,1700,0.5,1
10,8,4302,2,10,5,0,300,0.5,1700,0.5,1
10,9,7135,0,0,300,0.5,1700,0.5,1
10,10,9382,1,0,300,0.5,572,0.32,486,0.18,1
10,11,9956,1,0,300,0.5,572,0.32,486,0.18,1
11,0,9431,1,0,666,0.42,420,0.58,1
11,1,8290,2,10,5,0,666,0.42,420,0.58,1
11,2,8549,2,10,5,0,300,0.5,572,0.32,486,0.18,1
11,3,4066,0,0,300,0.5,572,0.32,486,0.18,1
11,4,5492,0,0,500,0.6,1000,0.2,1400,0.2,1
11,5,14235,2,10,5,0,666,0.42,420,0.58,1
11,6,2622,1,0,666,0.42,420,0.58,1
11,7,1932,0,0,300,0.5,1700,0.5,1
11,8,10496,2,10,5,0,666,0.42,420,0.58,1
11,9,5393,2,10,5,0,300,0.5,1700,0.5,1
11,10,12987,0,0,500,0.6,1000,0.2,1400,0.2,1
11,11,3578,0,0,300,0.5,572,0.32,486,0.18,1
