0,0,2765,0,0,500,0.6,1000,0.2,1400,0.2,1
0,1,5396,2,10,5,0,300,0.5,1700,0.5,1
0,2,11600,2,10,5,0,500,0.6,1000,0.2,1400,0.2,1
0,3,3906,0,0,300,0.5,572,0.32,486,0.18,1
0,4,6541,2,10,5,0,666,0.42,420,0.58,1
0,5,3931,0,0,300,0.5,1700,0.5,1
0,6,13265,0,0,300,0.5,1700,0.5,1
0,7,1268,1,0,666,0.42,420,0.58,1
0,8,14525,0,0,666,0.42,420,0.58,1
0,9,9616,2,10,5,0,500,0.6,1000,0.2,1400,0.2,1
0,10,6394,1,0,500,0.6,1000,0.2,1400,0.2,1
0,11,10750,2,10,5,0,500,0.6,1000,0.2,1400,0.2,1
1,0,8022,1,0,300,0.5,572,0.32,486,0.18,1
1,1,2209,0,0,666,0.42,420,0.58,1
1,2,7757,0,0,500,0.6,1000,0.2,1400,0.2,0
1,3,4593,2,10,5,0,666,0.42,420,0.58,1
1,4,11370,0,0,300,0.5,572,0.32,486,0.18,1
1,5,5092,0,0,666,0.42,420,0.58,1
1,6,9193,0,0,500,0.6,1000,0.2,1400,0.2,1
1,7,5854,1,0,300,0.5,572,0.32,486,0.18,1
1,8,12150,0,0,500,0.6,1000,0.2,1400,0.2,1
1,9,10357,1,0,300,0.5,1700,0.5,1
1,10,1630,1,0,300,0.5,1700,0.5,1
1,11,3466,1,0,500,0.6,1000,0.2,1400,0.2,1
2,0,6494,0,0,500,0.6,1000,0.2,1400,0.2,1
2,1,5532,2,10,5,0,500,0.6,1000,0.2,1400,0.2,1
2,2,4290,0,0,666,0.42,420,0.58,1
2,3,10383,1,0,666,0.42,420,0.58,1
2,4,7591,2,10,5,0,666,0.42,420,0.58,1
2,5,2130,2,10,5,0,300,0.5,572,0.32,486,0.18,1
2,6,2212,2,10,5,0,300,0.5,1700,0.5,1
2,7,9767,1,0,300,0.5,572,0.32,486,0.18,1
2,8,3751,1,0,300,0.5,572,0.32,486,0.18,1
2,9,4986,0,0,666,0.42,420,0.58,1
2,10,3262,1,0,500,0.6,1000,0.2,1400,0.2,1
2,11,14291,0,0,300,0.5,1700,0.5,1
3,0,4887,1,0,500,0.6,1000,0.2,1400,0.2,1
3,1,9954,2,10,5,0,666,0.42,420,0.58,1
3,2,12178,1,0,300,0.5,1700,0.5,1
3,3,13267,2,10,5,0,500,0.6,1000,0.2,1400,0.2,1
3,4,6408,0,0,666,0.42,420,0.58,1
3,5,11407,1,0,666,0.42,420,0.58,1
3,6,10765,2,10,5,0,300,0.5,572,0.32,486,0.18,1
3,7,3065,1,0,666,0.42,420,0.58,1
3,8,8505,1,0,300,0.5,1700,0.5,1
3,9,13184,0,0,300,0.5,1700,0.5,1
3,10,9310,0,0,300,0.5,1700,0.5,1
3,11,102,2,10,5,0,300,0.5,572,0.32,486,0.18,1
4,0,5571,0,0,500,0.6,1000,0.2,1400,0.2,1
4,1,2248,0,0,500,0.6,1000,0.2,1400,0.2,1
4,2,4938,0,0,300,0.5,572,0.32,486,0.18,1
4,3,6793,0,0,300,0.5,572,0.32,486,0.18,1
4,4,11253,0,0,666,0.42,420,0.58,1
4,5,5480,2,10,5,0,666,0.42,420,0.58,1
4,6,7670,1,0,666,0.42,420,0.58,1
4,7,7043,1,0,300,0.5,572,0.32,486,0.18,1
4,8,7137,2,10,5,0,300,0.5,572,0.32,486,0.18,1
4,9,7915,0,0,500,0.6,1000,0.2,1400,0.2,1
4,10,1341,2,10,5,0,300,0.5,572,0.32,486,0.18,1
4,11,6753,1,0,666,0.42,420,0.58,1
5,0,3972,0,0,300,0.5,572,0.32,486,0.18,1
5,1,949,1,0,666,0.42,420,0.58,1
5,2,9609,0,0,300,0.5,572,0.32,486,0.18,1
5,3,9358,2,10,5,0,500,0.6,1000,0.2,1400,0.2,1
5,4,14919,0,0,500,0.6,1000,0.2,1400,0.2,1
5,5,960,0,0,300,0.5,1700,0.5,1
5,6,12954,0,0,666,0.42,420,0.58,1
5,7,10494,2,10,5,0,300,0.5,1700,0.5,1
5,8,5860,2,10,5,0,300,0.5,572,0.32,486,0.18,1
5,9,7502,2,10,5,0,300,0.5,1700,0.5,1
5,10,2091,0,0,666,0.42,420,0.58,1
5,11,3135,0,0,666,0.42,420,0.58,1
6,0,4240,2,10,5,0,300,0.5,1700,0.5,1
6,1,7625,1,0,300,0.5,572,0.32,486,0.18,1
6,2,14961,2,10,5,0,500,0.6,1000,0.2,1400,0.2,1
6,3,14657,2,10,5,0,300,0.5,572,0.32,486,0.18,1
6,4,7308,1,0,300,0.5,1700,0.5,1
6,5,9647,0,0,300,0.5,572,0.32,486,0.18,1
6,6,2067,2,10,5,0,500,0.6,1000,0.2,1400,0.2,1
6,7,7244,1,0,500,0.6,1000,0.2,1400,0.2,1
6,8,1666,0,0,500,0.6,1000,0.2,1400,0.2,1
6,9,4906,2,10,5,0,666,0.42,420,0.58,1
6,10,14972,0,0,300,0.5,1700,0.5,1
6,11,10826,1,0,666,0.42,420,0.58,1
7,0,4578,0,0,300,0.5,1700,0.5,1
7,1,4242,1,0,500,0.6,1000,0.2,1400,0.2,1
7,2,1276,0,0,300,0.5,572,0.32,486,0.18,1
7,3,10217,2,10,5,0,500,0.6,1000,0.2,1400,0.2,1
7,4,2913,1,0,666,0.42,420,0.58,1
7,5,9000,0,0,500,0.6,1000,0.2,1400,0.2,1
7,6,2793,0,0,300,0.5,1700,0.5,1
7,7,410,2,10,5,0,300,0.5,572,0.32,486,0.18,1
7,8,5276,0,0,300,0.5,1700,0.5,1
7,9,513,2,10,5,0,300,0.5,1700,0.5,1
7,10,9971,2,10,5,0,666,0.42,420,0.58,1
7,11,12699,1,0,300,0.5,1700,0.5,1
8,0,1658,0,0,666,0.42,420,0.58,1
8,1,8725,0,0,300,0.5,572,0.32,486,0.18,1
8,2,7923,2,10,5,0,300,0.5,572,0.32,486,0.18,1
8,3,6728,0,0,300,0.5,1700,0.5,1
8,4,5603,1,0,300,0.5,1700,0.5,1
8,5,9796,2,10,5,0,300,0.5,1700,0.5,1
8,6,2579,0,0,300,0.5,572,0.32,486,0.18,1
8,7,8384,2,10,5,0,666,0.42,420,0.58,1
8,8,11285,2,10,5,0,300,0.5,572,0.32,486,0.18,1
8,9,2968,2,10,5,0,300,0.5,572,0.32,486,0.18,1
8,10,5100,0,0,500,0.6,1000,0.2,1400,0.2,1
8,11,7980,2,10,5,0,300,0.5,1700,0.5,1
9,0,5613,2,10,5,0,300,0.5,1700,0.5,1
9,1,418,1,0,666,0.42,420,0.58,1
9,2,12576,0,0,666,0.42,420,0.58,1
9,3,950,0,0,666,0.42,420,0.58,1
9,4,9346,0,0,500,0.6,1000,0.2,1400,0.2,1
9,5,1014,2,10,5,0,300,0.5,1700,0.5,1
9,6,7647,2,10,5,0,300,0.5,572,0.32,486,0.18,1
9,7,14286,2,10,5,0,500,0.6,1000,0.2,1400,0.2,1
9,8,6910,1,0,666,0.42,420,0.58,1
9,9,8859,1,0,300,0.5,572,0.32,486,0.18,1
9,10,686,0,0,300,0.5,1700,0.5,1
9,11,4284,1,0,300,0.5,1700,0.5,1
10,0,14364,2,10,5,0,300,0.5,572,0.32,486,0.18,1
10,1,10504,1,0,666,0.42,420,0.58,1
10,2,12287,1,0,300,0.5,572,0.32,486,0.18,1
10,3,4280,1,0,500,0.6,1000,0.2,1400,0.2,1
10,4,10917,1,0,500,0.6,1000,0.2,1400,0.2,1
10,5,7740,2,10,5,0,300,0.5,1700,0.5,1
10,6,6098,0,0,666,0.42,420,0.58,1
10,7,7577,0,0,500,0.6,1000,0.2,1400,0.2,1
10,8,9895,2,10,5,0,666,0.42,420,0.58,1
10,9,9899,1,0,500,0.6,1000,0.2,1400,0.2,1
10,10,1527,1,0,500,0.6,1000,0.2,1400,0.2,1
10,11,2483,1,0,300,0.5,572,0.32,486,0.18,1
11,0,11933,2,10,5,0,300,0.5,1700,0.5,1
11,1,6535,2,10,5,0,666,0.42,420,0.58,1
11,2,7535,2,10,5,0,300,0.5,572,0.32,486,0.18,1
11,3,7688,1,0,500,0.6,1000,0.2,1400,0.2,1
11,4,12935,2,10,5,0,500,0.6,1000,0.2,1400,0.2,1
11,5,707,1,0,666,0.42,420,0.58,1
11,6,11946,0,0,300,0.5,572,0.32,486,0.18,1
11,7,2133,1,0,300,0.5,1700,0.5,1
11,8,6822,0,0,500,0.6,1000,0.2,1400,0.2,1
11,9,13453,0,0,300,0.5,1700,0.5,1
11,10,2465,2,10,5,0,500,0.6,1000,0.2,1400,0.2,1
11,11,13090,2,10,5,0,666,0.42,420,0.58,1
