0,0,5701,2,10,5,0,300,0.5,572,0.32,486,0.18,1
0,1,13023,2,10,5,0,300,0.5,572,0.32,486,0.18,1
0,2,13731,0,0,300,0.5,572,0.32,486,0.18,1
0,3,6552,0,0,300,0.5,572,0.32,486,0.18,1
0,4,6245,0,0,300,0.5,572,0.32,486,0.18,1
0,5,13882,2,10,5,0,500,0.6,1000,0.2,1400,0.2,1
0,6,14134,2,10,5,0,500,0.6,1000,0.2,1400,0.2,1
0,7,11396,2,10,5,0,300,0.5,1700,0.5,1
0,8,9423,1,0,300,0.5,572,0.32,486,0.18,1
0,9,3677,2,10,5,0,500,0.6,1000,0.2,1400,0.2,1
0,10,811,0,0,500,0.6,1000,0.2,1400,0.2,1
0,11,10346,0,0,666,0.42,420,0.58,1
1,0,1959,0,0,300,0.5,572,0.32,486,0.18,1
1,1,4117,1,0,500,0.6,1000,0.2,1400,0.2,1
1,2,8426,2,10,5,0,666,0.42,420,0.58,0
1,3,14169,0,0,300,0.5,572,0.32,486,0.18,1
1,4,561,1,0,300,0.5,572,0.32,486,0.18,1
1,5,12700,0,0,666,0.42,420,0.58,1
1,6,6286,0,0,666,0.42,420,0.58,1
1,7,9671,2,10,5,0,666,0.42,420,0.58,1
1,8,759,0,0,500,0.6,1000,0.2,1400,0.2,1
1,9,2606,1,0,300,0.5,1700,0.5,1
1,10,12030,2,10,5,0,666,0.42,420,0.58,1
1,11,13281,0,0,300,0.5,572,0.32,486,0.18,1
2,0,11859,1,0,666,0.42,420,0.58,1
2,1,4085,2,10,5,0,666,0.42,420,0.58,1
2,2,4028,0,0,666,0.42,420,0.58,1
2,3,9807,1,0,300,0.5,1700,0.5,1
2,4,12676,1,0,300,0.5,572,0.32,486,0.18,1
2,5,2895,0,0,500,0.6,1000,0.2,1400,0.2,1
2,6,5281,0,0,300,0.5,1700,0.5,1
2,7,7676,1,0,666,0.42,420,0.58,1
2,8,13573,0,0,300,0.5,572,0.32,486,0.18,1
2,9,2585,0,0,300,0.5,1700,0.5,1
2,10,2461,0,0,300,0.5,572,0.32,486,0.18,1
2,11,13298,1,0,300,0.5,572,0.32,486,0.18,1
3,0,3033,2,10,5,0,300,0.5,572,0.32,486,0.18,1
3,1,4605,2,10,5,0,666,0.42,420,0.58,1
3,2,8221,1,0,300,0.5,572,0.32,486,0.18,1
3,3,6557,2,10,5,0,300,0.5,1700,0.5,1
3,4,5573,0,0,666,0.42,420,0.58,1
3,5,11044,1,0,500,0.6,1000,0.2,1400,0.2,1
3,6,13217,2,10,5,0,300,0.5,572,0.32,486,0.18,1
3,7,11147,2,10,5,0,500,0.6,1000,0.2,1400,0.2,1
3,8,1058,1,0,500,0.6,1000,0.2,1400,0.2,1
3,9,6056,1,0,666,0.42,420,0.58,1
3,10,8335,0,0,500,0.6,1000,0.2,1400,0.2,1
3,11,5723,1,0,300,0.5,572,0.32,486,0.18,1
4,0,8358,0,0,666,0.42,420,0.58,1
4,1,1346,0,0,300,0.5,1700,0.5,1
4,2,1899,0,0,666,0.42,420,0.58,1
4,3,11381,0,0,300,0.5,1700,0.5,1
4,4,4796,2,10,5,0,666,0.42,420,0.58,1
4,5,10088,0,0,300,0.5,572,0.32,486,0.18,1
4,6,11683,2,10,5,0,300,0.5,1700,0.5,1
4,7,7431,1,0,300,0.5,572,0.32,486,0.18,1
4,8,2219,2,10,5,0,300,0.5,1700,0.5,1
4,9,742,2,10,5,0,300,0.5,572,0.32,486,0.18,1
4,10,11009,2,10,5,0,300,0.5,572,0.32,486,0.18,1
4,11,11874,1,0,666,0.42,420,0.58,1
5,0,590,1,0,500,0.6,1000,0.2,1400,0.2,1
5,1,8341,2,10,5,0,300,0.5,1700,0.5,1
5,2,5368,1,0,500,0.6,1000,0.2,1400,0.2,1
5,3,14019,1,0,666,0.42,420,0.58,1
5,4,6885,1,0,300,0.5,572,0.32,486,0.18,1
5,5,6386,2,10,5,0,666,0.42,420,0.58,1
5,6,377,2,10,5,0,666,0.42,420,0.58,1
5,7,13167,1,0,300,0.5,1700,0.5,1
5,8,7383,2,10,5,0,666,0.42,420,0.58,1
5,9,8637,1,0,666,0.42,420,0.58,1
5,10,6238,0,0,300,0.5,1700,0.5,1
5,11,10374,0,0,666,0.42,420,0.58,1
6,0,678,0,0,500,0.6,1000,0.2,1400,0.2,1
6,1,5109,0,0,666,0.42,420,0.58,1
6,2,253,2,10,5,0,300,0.5,1700,0.5,1
6,3,1634,0,0,666,0.42,420,0.58,1
6,4,9036,0,0,500,0.6,1000,0.2,1400,0.2,1
6,5,13404,2,10,5,0,500,0.6,1000,0.2,1400,0.2,1
6,6,4076,2,10,5,0,500,0.6,1000,0.2,1400,0.2,1
6,7,10471,0,0,500,0.6,1000,0.2,1400,0.2,1
6,8,3292,0,0,300,0.5,572,0.32,486,0.18,1
6,9,9439,0,0,300,0.5,572,0.32,486,0.18,1
6,10,13461,1,0,300,0.5,572,0.32,486,0.18,1
6,11,4177,0,0,500,0.6,1000,0.2,1400,0.2,1
7,0,12616,1,0,300,0.5,572,0.32,486,0.18,1
7,1,9045,2,10,5,0,300,0.5,572,0.32,486,0.18,1
7,2,10056,1,0,500,0.6,1000,0.2,1400,0.2,1
7,3,9442,2,10,5,0,666,0.42,420,0.58,1
7,4,6411,0,0,300,0.5,572,0.32,486,0.18,1
7,5,13718,0,0,666,0.42,420,0.58,1
7,6,2222,2,10,5,0,500,0.6,1000,0.2,1400,0.2,1
7,7,4853,2,10,5,0,300,0.5,572,0.32,486,0.18,1
7,8,6429,0,0,500,0.6,1000,0.2,1400,0.2,1
7,9,10153,2,10,5,0,666,0.42,420,0.58,1
7,10,11134,1,0,666,0.42,420,0.58,1
7,11,10654,1,0,666,0.42,420,0.58,1
8,0,13955,2,10,5,0,500,0.6,1000,0.2,1400,0.2,1
8,1,13450,2,10,5,0,300,0.5,572,0.32,486,0.18,1
8,2,813,1,0,300,0.5,1700,0.5,1
8,3,14348,0,0,500,0.6,1000,0.2,1400,0.2,1
8,4,1304,1,0,300,0.5,572,0.32,486,0.18,1
8,5,13465,0,0,300,0.5,572,0.32,486,0.18,1
8,6,12472,0,0,666,0.42,420,0.58,1
8,7,13338,1,0,666,0.42,420,0.58,1
8,8,13889,1,0,300,0.5,572,0.32,486,0.18,1
8,9,8334,0,0,500,0.6,1000,0.2,1400,0.2,1
8,10,8837,1,0,500,0.6,1000,0.2,1400,0.2,1
8,11,12825,2,10,5,0,666,0.42,420,0.58,1
9,0,409,0,0,500,0.6,1000,0.2,1400,0.2,1
9,1,14170,0,0,500,0.6,1000,0.2,1400,0.2,1
9,2,5559,0,0,500,0.6,1000,0.2,1400,0.2,1
9,3,10785,1,0,500,0.6,1000,0.2,1400,0.2,1
9,4,13856,0,0,300,0.5,1700,0.5,1
9,5,7260,1,0,300,0.5,572,0.32,486,0.18,1
9,6,3790,1,0,300,0.5,1700,0.5,1
9,7,2857,2,10,5,0,300,0.5,1700,0.5,1
9,8,2589,1,0,666,0.42,420,0.58,1
9,9,1565,2,10,5,0,300,0.5,1700,0.5,1
9,10,3205,0,0,500,0.6,1000,0.2,1400,0.2,1
9,11,7343,1,0,300,0.5,572,0.32,486,0.18,1
10,0,13137,2,10,5,0,500,0.6,1000,0.2,1400,0.2,1
10,1,6753,1,0,300,0.5,1700,0.5,1
10,2,726,1,0,300,0.5,1700,0.5,1
10,3,12543,0,0,500,0.6,1000,0.2,1400,0.2,1
10,4,14199,1,0,500,0.6,1000,0.2,1400,0.2,1
10,5,1757,2,10,5,0,666,0.42,420,0.58,1
10,6,14474,0,0,300,0.5,1700,0.5,1
10,7,13666,2,10,5,0,500,0.6,1000,0.2,1400,0.2,1
10,8,1242,2,10,5,0,666,0.42,420,0.58,1
10,9,1535,2,10,5,0,300,0.5,1700,0.5,1
10,10,13481,0,0,300,0.5,1700,0.5,1
10,11,11202,2,10,5,0,300,0.5,572,0.32,486,0.18,1
11,0,1566,0,0,300,0.5,572,0.32,486,0.18,1
11,1,4318,2,10,5,0,666,0.42,420,0.58,1
11,2,5772,1,0,300,0.5,1700,0.5,1
11,3,3946,1,0,300,0.5,572,0.32,486,0.18,1
11,4,7640,0,0,500,0.6,1000,0.2,1400,0.2,1
11,5,11406,0,0,300,0.5,1700,0.5,1
11,6,6636,1,0,500,0.6,1000,0.2,1400,0.2,1
11,7,1729,2,10,5,0,666,0.42,420,0.58,1
11,8,5931,2,10,5,0,300,0.5,572,0.32,486,0.18,1
11,9,5918,2,10,5,0,666,0.42,420,0.58,1
11,10,21,1,0,300,0.5,572,0.32,486,0.18,1
11,11,1728,0,0,500,0.6,1000,0.2,1400,0.2,1
