0,0,9160,1,0,666,0.42,420,0.58,1
0,1,8178,2,10,5,0,300,0.5,1700,0.5,1
0,2,10813,1,0,300,0.5,572,0.32,486,0.18,1
0,3,3939,0,0,666,0.42,420,0.58,1
0,4,12016,0,0,300,0.5,572,0.32,486,0.18,1
0,5,12128,2,10,5,0,666,0.42,420,0.58,1
0,6,4226,0,0,666,0.42,420,0.58,1
0,7,5634,0,0,500,0.6,1000,0.2,1400,0.2,1
0,8,4513,2,10,5,0,666,0.42,420,0.58,1
0,9,12469,1,0,666,0.42,420,0.58,1
0,10,12003,0,0,666,0.42,420,0.58,1
0,11,9085,1,0,300,0.5,1700,0.5,1
1,0,5090,0,0,500,0.6,1000,0.2,1400,0.2,1
1,1,1145,2,10,5,0,300,0.5,572,0.32,486,0.18,1
1,2,14388,0,0,500,0.6,1000,0.2,1400,0.2,0
1,3,13114,2,10,5,0,300,0.5,572,0.32,486,0.18,1
1,4,13830,0,0,300,0.5,572,0.32,486,0.18,1
1,5,8104,1,0,666,0.42,420,0.58,1
1,6,14498,2,10,5,0,300,0.5,1700,0.5,1
1,7,14897,2,10,5,0,300,0.5,572,0.32,486,0.18,1
1,8,9918,0,0,300,0.5,1700,0.5,1
1,9,1499,2,10,5,0,500,0.6,1000,0.2,1400,0.2,1
1,10,10786,1,0,300,0.5,572,0.32,486,0.18,1
1,11,7844,0,0,300,0.5,572,0.32,486,0.18,1
2,0,8983,1,0,300,0.5,572,0.32,486,0.18,1
2,1,6652,1,0,300,0.5,572,0.32,486,0.18,1
2,2,12902,2,10,5,0,666,0.42,420,0.58,1
2,3,9421,2,10,5,0,500,0.6,1000,0.2,1400,0.2,1
2,4,7904,2,10,5,0,666,0.42,420,0.58,1
2,5,2874,2,10,5,0,300,0.5,572,0.32,486,0.18,1
2,6,520,1,0,300,0.5,1700,0.5,1
2,7,6626,0,0,500,0.6,1000,0.2,1400,0.2,1
2,8,9937,0,0,300,0.5,1700,0.5,1
2,9,12516,0,0,300,0.5,572,0.32,486,0.18,1
2,10,9002,0,0,300,0.5,572,0.32,486,0.18,1
2,11,369,1,0,666,0.42,420,0.58,1
3,0,5047,1,0,500,0.6,1000,0.2,1400,0.2,1
3,1,7040,0,0,300,0.5,1700,0.5,1
3,2,14891,1,0,500,0.6,1000,0.2,1400,0.2,1
3,3,14668,0,0,300,0.5,572,0.32,486,0.18,1
3,4,7538,0,0,666,0.42,420,0.58,1
3,5,7400,1,0,666,0.42,420,0.58,1
3,6,13102,0,0,300,0.5,572,0.32,486,0.18,1
3,7,2195,0,0,666,0.42,420,0.58,1
3,8,10689,0,0,500,0.6,1000,0.2,1400,0.2,1
3,9,4804,2,10,5,0,300,0.5,1700,0.5,1
3,10,10704,1,0,500,0.6,1000,0.2,1400,0.2,1
3,11,11034,2,10,5,0,500,0.6,1000,0.2,1400,0.2,1
4,0,7275,1,0,666,0.42,420,0.58,1
4,1,1430,0,0,666,0.42,420,0.58,1
4,2,11798,2,10,5,0,300,0.5,572,0.32,486,0.18,1
4,3,358,2,10,5,0,666,0.42,420,0.58,1
4,4,12502,1,0,666,0.42,420,0.58,1
4,5,11559,1,0,300,0.5,1700,0.5,1
4,6,3993,1,0,300,0.5,1700,0.5,1
4,7,742,1,0,300,0.5,1700,0.5,1
4,8,11854,2,10,5,0,300,0.5,572,0.32,486,0.18,1
4,9,9627,0,0,300,0.5,1700,0.5,1
4,10,4908,0,0,666,0.42,420,0.58,1
4,11,5325,1,0,300,0.5,1700,0.5,1
5,0,10646,1,0,500,0.6,1000,0.2,1400,0.2,1
5,1,11856,2,10,5,0,300,0.5,1700,0.5,1
5,2,12218,1,0,500,0.6,1000,0.2,1400,0.2,1
5,3,360,2,10,5,0,500,0.6,1000,0.2,1400,0.2,1
5,4,10814,1,0,300,0.5,1700,0.5,1
5,5,6309,2,10,5,0,500,0.6,1000,0.2,1400,0.2,1
5,6,3750,0,0,300,0.5,572,0.32,486,0.18,1
5,7,5244,1,0,300,0.5,572,0.32,486,0.18,1
5,8,9613,1,0,666,0.42,420,0.58,1
5,9,10239,2,10,5,0,666,0.42,420,0.58,1
5,10,10466,0,0,300,0.5,572,0.32,486,0.18,1
5,11,1466,1,0,500,0.6,1000,0.2,1400,0.2,1
6,0,3060,2,10,5,0,300,0.5,572,0.32,486,0.18,1
6,1,12632,2,10,5,0,300,0.5,572,0.32,486,0.18,1
6,2,6960,2,10,5,0,300,0.5,1700,0.5,1
6,3,4774,1,0,300,0.5,1700,0.5,1
6,4,10304,0,0,666,0.42,420,0.58,1
6,5,7139,1,0,666,0.42,420,0.58,1
6,6,5123,2,10,5,0,666,0.42,420,0.58,1
6,7,3138,0,0,300,0.5,1700,0.5,1
6,8,6275,0,0,300,0.5,572,0.32,486,0.18,1
6,9,561,0,0,300,0.5,1700,0.5,1
6,10,6965,2,10,5,0,300,0.5,1700,0.5,1
6,11,13761,0,0,500,0.6,1000,0.2,1400,0.2,1
7,0,5799,0,0,666,0.42,420,0.58,1
7,1,1110,0,0,666,0.42,420,0.58,1
7,2,14562,1,0,666,0.42,420,0.58,1
7,3,9286,2,10,5,0,300,0.5,572,0.32,486,0.18,1
7,4,4796,0,0,300,0.5,1700,0.5,1
7,5,8023,1,0,500,0.6,1000,0.2,1400,0.2,1
7,6,14101,1,0,300,0.5,1700,0.5,1
7,7,2303,1,0,666,0.42,420,0.58,1
7,8,2181,0,0,300,0.5,572,0.32,486,0.18,1
7,9,14062,2,10,5,0,666,0.42,420,0.58,1
7,10,4817,2,10,5,0,500,0.6,1000,0.2,1400,0.2,1
7,11,2648,0,0,300,0.5,572,0.32,486,0.18,1
8,0,11364,2,10,5,0,500,0.6,1000,0.2,1400,0.2,1
8,1,311,0,0,300,0.5,572,0.32,486,0.18,1
8,2,9393,1,0,500,0.6,1000,0.2,1400,0.2,1
8,3,10676,0,0,300,0.5,1700,0.5,1
8,4,13293,2,10,5,0,300,0.5,572,0.32,486,0.18,1
8,5,10873,0,0,666,0.42,420,0.58,1
8,6,5995,2,10,5,0,300,0.5,572,0.32,486,0.18,1
8,7,3849,0,0,500,0.6,1000,0.2,1400,0.2,1
8,8,1769,0,0,666,0.42,420,0.58,1
8,9,7961,2,10,5,0,666,0.42,420,0.58,1
8,10,7107,0,0,300,0.5,1700,0.5,1
8,11,7890,0,0,300,0.5,572,0.32,486,0.18,1
9,0,4935,2,10,5,0,300,0.5,572,0.32,486,0.18,1
9,1,7993,0,0,300,0.5,572,0.32,486,0.18,1
9,2,11648,1,0,666,0.42,420,0.58,1
9,3,3921,2,10,5,0,300,0.5,1700,0.5,1
9,4,4549,2,10,5,0,300,0.5,1700,0.5,1
9,5,9652,0,0,500,0.6,1000,0.2,1400,0.2,1
9,6,4807,0,0,300,0.5,1700,0.5,1
9,7,13707,2,10,5,0,500,0.6,1000,0.2,1400,0.2,1
9,8,14805,1,0,300,0.5,572,0.32,486,0.18,1
9,9,8322,0,0,666,0.42,420,0.58,1
9,10,6133,2,10,5,0,300,0.5,572,0.32,486,0.18,1
9,11,5460,1,0,500,0.6,1000,0.2,1400,0.2,1
10,0,12140,1,0,300,0.5,1700,0.5,1
10,1,12958,1,0,500,0.6,1000,0.2,1400,0.2,1
10,2,1326,2,10,5,0,300,0.5,1700,0.5,1
10,3,3684,0,0,500,0.6,1000,0.2,1400,0.2,1
10,4,5227,0,0,300,0.5,572,0.32,486,0.18,1
10,5,5376,0,0,666,0.42,420,0.58,1
10,6,14785,1,0,666,0.42,420,0.58,1
10,7,14253,2,10,5,0,666,0.42,420,0.58,1
10,8,11561,0,0,300,0.5,572,0.32,486,0.18,1
10,9,5228,1,0,500,0.6,1000,0.2,1400,0.2,1
10,10,12506,0,0,666,0.42,420,0.58,1
10,11,2914,1,0,300,0.5,572,0.32,486,0.18,1
11,0,10914,0,0,666,0.42,420,0.58,1
11,1,11963,2,10,5,0,300,0.5,572,0.32,486,0.18,1
11,2,9617,1,0,300,0.5,1700,0.5,1
11,3,9448,2,10,5,0,300,0.5,572,0.32,486,0.18,1
11,4,3196,0,0,666,0.42,420,0.58,1
11,5,4425,2,10,5,0,500,0.6,1000,0.2,1400,0.2,1
11,6,10324,2,10,5,0,666,0.42,420,0.58,1
11,7,12992,1,0,300,0.5,1700,0.5,1
11,8,12802,1,0,666,0.42,420,0.58,1
11,9,13347,1,0,500,0.6,1000,0.2,1400,0.2,1
11,10,2615,0,0,300,0.5,572,0.32,486,0.18,1
11,11,13389,2,10,5,0,300,0.5,1700,0.5,1
