0,0,3422,2,10,5,0,300,0.5,1700,0.5,1
0,1,12828,1,0,666,0.42,420,0.58,1
0,2,6995,0,0,666,0.42,420,0.58,1
0,3,7298,1,0,300,0.5,1700,0.5,1
0,4,1665,0,0,500,0.6,1000,0.2,1400,0.2,1
0,5,2271,0,0,300,0.5,572,0.32,486,0.18,1
0,6,2573,1,0,300,0.5,572,0.32,486,0.18,1
0,7,4006,2,10,5,0,300,0.5,572,0.32,486,0.18,1
0,8,9620,1,0,500,0.6,1000,0.2,1400,0.2,1
0,9,7436,0,0,500,0.6,1000,0.2,1400,0.2,1
0,10,4419,0,0,300,0.5,572,0.32,486,0.18,1
0,11,12559,1,0,500,0.6,1000,0.2,1400,0.2,1
1,0,12411,0,0,500,0.6,1000,0.2,1400,0.2,1
1,1,9049,1,0,666,0.42,420,0.58,1
1,2,8384,2,10,5,0,500,0.6,1000,0.2,1400,0.2,0
1,3,13436,1,0,500,0.6,1000,0.2,1400,0.2,1
1,4,2219,0,0,300,0.5,572,0.32,486,0.18,1
1,5,11979,2,10,5,0,300,0.5,1700,0.5,1
1,6,1729,2,10,5,0,666,0.42,420,0.58,1
1,7,8344,0,0,500,0.6,1000,0.2,1400,0.2,1
1,8,3881,2,10,5,0,666,0.42,420,0.58,1
1,9,5333,1,0,300,0.5,572,0.32,486,0.18,1
1,10,5973,1,0,300,0.5,1700,0.5,1
1,11,4429,2,10,5,0,300,0.5,1700,0.5,1
2,0,12703,0,0,300,0.5,1700,0.5,1
2,1,6294,1,0,300,0.5,572,0.32,486,0.18,1
2,2,12499,2,10,5,0,500,0.6,1000,0.2,1400,0.2,1
2,3,11630,1,0,300,0.5,1700,0.5,1
2,4,9448,2,10,5,0,500,0.6,1000,0.2,1400,0.2,1
2,5,14714,0,0,300,0.5,1700,0.5,1
2,6,7545,2,10,5,0,300,0.5,572,0.32,486,0.18,1
2,7,9420,2,10,5,0,300,0.5,572,0.32,486,0.18,1
2,8,5598,0,0,666,0.42,420,0.58,1
2,9,2475,1,0,300,0.5,572,0.32,486,0.18,1
2,10,11206,0,0,500,0.6,1000,0.2,1400,0.2,1
2,11,5637,1,0,300,0.5,572,0.32,486,0.18,1
3,0,46,0,0,300,0.5,572,0.32,486,0.18,1
3,1,4677,1,0,300,0.5,1700,0.5,1
3,2,12972,1,0,666,0.42,420,0.58,1
3,3,2820,2,10,5,0,300,0.5,572,0.32,486,0.18,1
3,4,6865,2,10,5,0,300,0.5,1700,0.5,1
3,5,2460,1,0,666,0.42,420,0.58,1
3,6,4125,0,0,300,0.5,572,0.32,486,0.18,1
3,7,2278,2,10,5,0,300,0.5,572,0.32,486,0.18,1
3,8,750,0,0,300,0.5,1700,0.5,1
3,9,1241,1,0,500,0.6,1000,0.2,1400,0.2,1
3,10,5663,1,0,300,0.5,572,0.32,486,0.18,1
3,11,4333,0,0,300,0.5,1700,0.5,1
4,0,2466,0,0,300,0.5,572,0.32,486,0.18,1
4,1,13084,1,0,666,0.42,420,0.58,1
4,2,14791,2,10,5,0,500,0.6,1000,0.2,1400,0.2,1
4,3,10206,2,10,5,0,300,0.5,572,0.32,486,0.18,1
4,4,9376,1,0,666,0.42,420,0.58,1
4,5,14473,2,10,5,0,300,0.5,572,0.32,486,0.18,1
4,6,3991,0,0,300,0.5,572,0.32,486,0.18,1
4,7,5252,2,10,5,0,300,0.5,1700,0.5,1
4,8,7203,0,0,300,0.5,1700,0.5,1
4,9,10871,1,0,300,0.5,572,0.32,486,0.18,1
4,10,7970,2,10,5,0,666,0.42,420,0.58,1
4,11,5328,1,0,500,0.6,1000,0.2,1400,0.2,1
5,0,11734,2,10,5,0,666,0.42,420,0.58,1
5,1,10601,1,0,300,0.5,1700,0.5,1
5,2,8720,0,0,300,0.5,572,0.32,486,0.18,1
5,3,7569,1,0,666,0.42,420,0.58,1
5,4,6834,1,0,300,0.5,572,0.32,486,0.18,1
5,5,1034,2,10,5,0,300,0.5,572,0.32,486,0.18,1
5,6,11926,1,0,500,0.6,1000,0.2,1400,0.2,1
5,7,3250,0,0,500,0.6,1000,0.2,1400,0.2,1
5,8,4605,0,0,300,0.5,1700,0.5,1
5,9,5796,2,10,5,0,300,0.5,1700,0.5,1
5,10,6994,2,10,5,0,666,0.42,420,0.58,1
5,11,11688,2,10,5,0,666,0.42,420,0.58,1
6,0,11010,0,0,500,0.6,1000,0.2,1400,0.2,1
6,1,9364,2,10,5,0,666,0.42,420,0.58,1
6,2,6462,2,10,5,0,500,0.6,1000,0.2,1400,0.2,1
6,3,11754,0,0,666,0.42,420,0.58,1
6,4,11504,1,0,500,0.6,1000,0.2,1400,0.2,1
6,5,12788,2,10,5,0,300,0.5,1700,0.5,1
6,6,11738,1,0,300,0.5,1700,0.5,1
6,7,989,0,0,300,0.5,1700,0.5,1
6,8,2195,2,10,5,0,300,0.5,1700,0.5,1
6,9,9700,0,0,300,0.5,1700,0.5,1
6,10,4095,0,0,500,0.6,1000,0.2,1400,0.2,1
6,11,6256,1,0,500,0.6,1000,0.2,1400,0.2,1
7,0,6645,2,10,5,0,666,0.42,420,0.58,1
7,1,9135,2,10,5,0,300,0.5,572,0.32,486,0.18,1
7,2,13736,1,0,666,0.42,420,0.58,1
7,3,6248,2,10,5,0,300,0.5,1700,0.5,1
7,4,11364,0,0,666,0.42,420,0.58,1
7,5,2990,1,0,300,0.5,1700,0.5,1
7,6,7130,1,0,300,0.5,1700,0.5,1
7,7,13893,0,0,300,0.5,572,0.32,486,0.18,1
7,8,3950,2,10,5,0,500,0.6,1000,0.2,1400,0.2,1
7,9,13499,2,10,5,0,500,0.6,1000,0.2,1400,0.2,1
7,10,6000,1,0,500,0.6,1000,0.2,1400,0.2,1
7,11,8358,2,10,5,0,300,0.5,1700,0.5,1
8,0,9303,2,10,5,0,300,0.5,1700,0.5,1
8,1,6496,2,10,5,0,500,0.6,1000,0.2,1400,0.2,1
8,2,3315,1,0,500,0.6,1000,0.2,1400,0.2,1
8,3,8638,2,10,5,0,500,0.6,1000,0.2,1400,0.2,1
8,4,9314,1,0,300,0.5,572,0.32,486,0.18,1
8,5,5859,2,10,5,0,500,0.6,1000,0.2,1400,0.2,1
8,6,10592,0,0,666,0.42,420,0.58,1
8,7,6070,1,0,500,0.6,1000,0.2,1400,0.2,1
8,8,5661,1,0,300,0.5,1700,0.5,1
8,9,7735,2,10,5,0,666,0.42,420,0.58,1
8,10,704,1,0,500,0.6,1000,0.2,1400,0.2,1
8,11,3671,1,0,500,0.6,1000,0.2,1400,0.2,1
9,0,2104,0,0,300,0.5,572,0.32,486,0.18,1
9,1,12704,1,0,666,0.42,420,0.58,1
9,2,8734,0,0,500,0.6,1000,0.2,1400,0.2,1
9,3,805,1,0,666,0.42,420,0.58,1
9,4,14920,0,0,300,0.5,1700,0.5,1
9,5,3481,1,0,300,0.5,1700,0.5,1
9,6,4299,1,0,666,0.42,420,0.58,1
9,7,233,0,0,500,0.6,1000,0.2,1400,0.2,1
9,8,7842,2,10,5,0,300,0.5,572,0.32,486,0.18,1
9,9,6092,2,10,5,0,300,0.5,572,0.32,486,0.18,1
9,10,711,2,10,5,0,500,0.6,1000,0.2,1400,0.2,1
9,11,12551,0,0,300,0.5,572,0.32,486,0.18,1
10,0,8491,1,0,500,0.6,1000,0.2,1400,0.2,1
10,1,12801,0,0,300,0.5,1700,0.5,1
10,2,10459,0,0,300,0.5,1700,0.5,1
10,3,1759,1,0,500,0.6,1000,0.2,1400,0.2,1
10,4,11860,0,0,300,0.5,1700,0.5,1
10,5,12032,2,10,5,0,500,0.6,1000,0.2,1400,0.2,1
10,6,13578,1,0,300,0.5,1700,0.5,1
10,7,9799,1,0,666,0.42,420,0.58,1
10,8,4486,1,0,666,0.42,420,0.58,1
10,9,6774,1,0,500,0.6,1000,0.2,1400,0.2,1
10,10,292,0,0,500,0.6,1000,0.2,1400,0.2,1
10,11,361,2,10,5,0,500,0.6,1000,0.2,1400,0.2,1
11,0,6530,0,0,500,0.6,1000,0.2,1400,0.2,1
11,1,9990,1,0,500,0.6,1000,0.2,1400,0.2,1
11,2,5165,1,0,666,0.42,420,0.58,1
11,3,342,0,0,500,0.6,1000,0.2,1400,0.2,1
11,4,3944,2,10,5,0,300,0.5,1700,0.5,1
11,5,10208,1,0,500,0.6,1000,0.2,1400,0.2,1
11,6,4520,1,0,666,0.42,420,0.58,1
11,7,5524,0,0,666,0.42,420,0.58,1
11,8,9670,0,0,300,0.5,1700,0.5,1
11,9,6236,1,0,500,0.6,1000,0.2,1400,0.2,1
11,10,12391,1,0,300,0.5,572,0.32,486,0.18,1
11,11,469,0,0,500,0.6,1000,0.2,1400,0.2,1
