0,0,11840,1,0,300,0.5,1700,0.5,1
0,1,7717,1,0,300,0.5,1700,0.5,1
0,2,3627,2,10,5,0,666,0.42,420,0.58,1
0,3,9244,0,0,300,0.5,572,0.32,486,0.18,1
0,4,8972,2,10,5,0,300,0.5,1700,0.5,1
0,5,10651,0,0,300,0.5,572,0.32,486,0.18,1
0,6,7197,0,0,500,0.6,1000,0.2,1400,0.2,1
0,7,5354,1,0,300,0.5,572,0.32,486,0.18,1
0,8,4885,2,10,5,0,300,0.5,1700,0.5,1
0,9,2049,1,0,666,0.42,420,0.58,1
0,10,12589,2,10,5,0,300,0.5,572,0.32,486,0.18,1
0,11,7374,2,10,5,0,300,0.5,1700,0.5,1
1,0,9980,2,10,5,0,300,0.5,572,0.32,486,0.18,1
1,1,14168,2,10,5,0,300,0.5,572,0.32,486,0.18,1
1,2,11324,1,0,666,0.42,420,0.58,0
1,3,5785,2,10,5,0,300,0.5,1700,0.5,1
1,4,2824,2,10,5,0,300,0.5,572,0.32,486,0.18,1
1,5,12725,0,0,666,0.42,420,0.58,1
1,6,224,1,0,300,0.5,572,0.32,486,0.18,1
1,7,11210,0,0,666,0.42,420,0.58,1
1,8,1768,2,10,5,0,300,0.5,1700,0.5,1
1,9,4077,0,0,300,0.5,1700,0.5,1
1,10,562,2,10,5,0,300,0.5,1700,0.5,1
1,11,6652,1,0,300,0.5,1700,0.5,1
2,0,14378,1,0,500,0.6,1000,0.2,1400,0.2,1
2,1,748,2,10,5,0,500,0.6,1000,0.2,1400,0.2,1
2,2,11275,0,0,300,0.5,572,0.32,486,0.18,1
2,3,11256,1,0,500,0.6,1000,0.2,1400,0.2,1
2,4,13213,0,0,300,0.5,572,0.32,486,0.18,1
2,5,797,1,0,666,0.42,420,0.58,1
2,6,11289,1,0,666,0.42,420,0.58,1
2,7,8201,2,10,5,0,500,0.6,1000,0.2,1400,0.2,1
2,8,12813,0,0,500,0.6,1000,0.2,1400,0.2,1
2,9,425,1,0,500,0.6,1000,0.2,1400,0.2,1
2,10,1579,2,10,5,0,500,0.6,1000,0.2,1400,0.2,1
2,11,11663,0,0,666,0.42,420,0.58,1
3,0,10051,1,0,300,0.5,572,0.32,486,0.18,1
3,1,4449,0,0,666,0.42,420,0.58,1
3,2,10062,0,0,300,0.5,572,0.32,486,0.18,1
3,3,6096,0,0,500,0.6,1000,0.2,1400,0.2,1
3,4,8157,1,0,300,0.5,1700,0.5,1
3,5,762,1,0,300,0.5,1700,0.5,1
3,6,7236,1,0,300,0.5,572,0.32,486,0.18,1
3,7,2774,2,10,5,0,666,0.42,420,0.58,1
3,8,6985,1,0,300,0.5,1700,0.5,1
3,9,7246,1,0,300,0.5,572,0.32,486,0.18,1
3,10,1411,1,0,666,0.42,420,0.58,1
3,11,10569,0,0,666,0.42,420,0.58,1
4,0,14966,2,10,5,0,666,0.42,420,0.58,1
4,1,4761,1,0,300,0.5,572,0.32,486,0.18,1
4,2,11873,0,0,500,0.6,1000,0.2,1400,0.2,1
4,3,12187,1,0,300,0.5,1700,0.5,1
4,4,4357,1,0,300,0.5,572,0.32,486,0.18,1
4,5,6971,0,0,300,0.5,1700,0.5,1
4,6,5069,0,0,300,0.5,1700,0.5,1
4,7,12819,0,0,666,0.42,420,0.58,1
4,8,8475,2,10,5,0,666,0.42,420,0.58,1
4,9,2165,0,0,666,0.42,420,0.58,1
4,10,13761,1,0,300,0.5,572,0.32,486,0.18,1
4,11,5101,0,0,300,0.5,572,0.32,486,0.18,1
5,0,5010,2,10,5,0,666,0.42,420,0.58,1
5,1,8201,1,0,300,0.5,1700,0.5,1
5,2,7959,2,10,5,0,300,0.5,572,0.32,486,0.18,1
5,3,10067,0,0,300,0.5,1700,0.5,1
5,4,1174,2,10,5,0,500,0.6,1000,0.2,1400,0.2,1
5,5,2248,1,0,500,0.6,1000,0.2,1400,0.2,1
5,6,6489,0,0,300,0.5,1700,0.5,1
5,7,14430,2,10,5,0,666,0.42,420,0.58,1
5,8,595,0,0,300,0.5,1700,0.5,1
5,9,9679,1,0,500,0.6,1000,0.2,1400,0.2,1
5,10,1226,2,10,5,0,500,0.6,1000,0.2,1400,0.2,1
5,11,7044,2,10,5,0,500,0.6,1000,0.2,1400,0.2,1
6,0,4818,0,0,500,0.6,1000,0.2,1400,0.2,1
6,1,12845,0,0,300,0.5,1700,0.5,1
6,2,3626,0,0,300,0.5,1700,0.5,1
6,3,2098,1,0,300,0.5,572,0.32,486,0.18,1
6,4,14295,2,10,5,0,500,0.6,1000,0.2,1400,0.2,1
6,5,8789,0,0,300,0.5,1700,0.5,1
6,6,859,1,0,666,0.42,420,0.58,1
6,7,1854,1,0,666,0.42,420,0.58,1
6,8,446,2,10,5,0,300,0.5,1700,0.5,1
6,9,4093,0,0,300,0.5,1700,0.5,1
6,10,11627,2,10,5,0,500,0.6,1000,0.2,1400,0.2,1
6,11,9225,0,0,300,0.5,572,0.32,486,0.18,1
7,0,6190,1,0,500,0.6,1000,0.2,1400,0.2,1
7,1,14427,2,10,5,0,666,0.42,420,0.58,1
7,2,5098,0,0,500,0.6,1000,0.2,1400,0.2,1
7,3,12069,2,10,5,0,300,0.5,1700,0.5,1
7,4,4461,0,0,300,0.5,1700,0.5,1
7,5,3114,2,10,5,0,500,0.6,1000,0.2,1400,0.2,1
7,6,425,0,0,500,0.6,1000,0.2,1400,0.2,1
7,7,4108,2,10,5,0,500,0.6,1000,0.2,1400,0.2,1
7,8,13710,1,0,300,0.5,1700,0.5,1
7,9,8382,0,0,300,0.5,1700,0.5,1
7,10,11951,2,10,5,0,500,0.6,1000,0.2,1400,0.2,1
7,11,7417,1,0,300,0.5,1700,0.5,1
8,0,6418,1,0,666,0.42,420,0.58,1
8,1,10608,0,0,300,0.5,1700,0.5,1
8,2,4424,0,0,300,0.5,1700,0.5,1
8,3,2725,2,10,5,0,666,0.42,420,0.58,1
8,4,13445,1,0,300,0.5,572,0.32,486,0.18,1
8,5,12304,0,0,500,0.6,1000,0.2,1400,0.2,1
8,6,9664,0,0,300,0.5,572,0.32,486,0.18,1
8,7,8430,2,10,5,0,666,0.42,420,0.58,1
8,8,11407,2,10,5,0,300,0.5,1700,0.5,1
8,9,10111,2,10,5,0,500,0.6,1000,0.2,1400,0.2,1
8,10,3089,0,0,300,0.5,1700,0.5,1
8,11,236,1,0,500,0.6,1000,0.2,1400,0.2,1
9,0,1132,0,0,300,0.5,1700,0.5,1
9,1,9062,0,0,300,0.5,572,0.32,486,0.18,1
9,2,7353,2,10,5,0,300,0.5,572,0.32,486,0.18,1
9,3,10768,2,10,5,0,666,0.42,420,0.58,1
9,4,1368,2,10,5,0,500,0.6,1000,0.2,1400,0.2,1
9,5,5669,0,0,300,0.5,572,0.32,486,0.18,1
9,6,3118,2,10,5,0,300,0.5,1700,0.5,1
9,7,6249,2,10,5,0,300,0.5,1700,0.5,1
9,8,234,0,0,500,0.6,1000,0.2,1400,0.2,1
9,9,5033,1,0,300,0.5,572,0.32,486,0.18,1
9,10,12907,2,10,5,0,300,0.5,1700,0.5,1
9,11,13641,2,10,5,0,666,0.42,420,0.58,1
10,0,10388,2,10,5,0,500,0.6,1000,0.2,1400,0.2,1
10,1,9495,0,0,500,0.6,1000,0.2,1400,0.2,1
10,2,12754,2,10,5,0,666,0.42,420,0.58,1
10,3,13218,0,0,300,0.5,1700,0.5,1
10,4,4921,0,0,666,0.42,420,0.58,1
10,5,10067,2,10,5,0,500,0.6,1000,0.2,1400,0.2,1
10,6,5482,0,0,300,0.5,572,0.32,486,0.18,1
10,7,2171,2,10,5,0,300,0.5,572,0.32,486,0.18,1
10,8,8883,0,0,300,0.5,572,0.32,486,0.18,1
10,9,10426,0,0,300,0.5,1700,0.5,1
10,10,6252,2,10,5,0,300,0.5,572,0.32,486,0.18,1
10,11,5813,2,10,5,0,500,0.6,1000,0.2,1400,0.2,1
11,0,7856,0,0,500,0.6,1000,0.2,1400,0.2,1
11,1,13183,0,0,300,0.5,1700,0.5,1
11,2,10615,0,0,666,0.42,420,0.58,1
11,3,5710,0,0,300,0.5,572,0.32,486,0.18,1
11,4,11195,0,0,300,0.5,572,0.32,486,0.18,1
11,5,14787,2,10,5,0,500,0.6,1000,0.2,1400,0.2,1
11,6,11017,2,10,5,0,666,0.42,420,0.58,1
11,7,8102,2,10,5,0,666,0.42,420,0.58,1
11,8,10538,0,0,300,0.5,1700,0.5,1
11,9,11075,1,0,666,0.42,420,0.58,1
11,10,11062,1,0,300,0.5,1700,0.5,1
11,11,8619,0,0,500,0.6,1000,0.2,1400,0.2,1
