0,0,7877,2,10,5,0,300,0.5,1700,0.5,1
0,1,5526,1,0,300,0.5,1700,0.5,1
0,2,2186,1,0,500,0.6,1000,0.2,1400,0.2,1
0,3,3104,0,0,300,0.5,1700,0.5,1
0,4,10085,0,0,300,0.5,572,0.32,486,0.18,1
0,5,4182,0,0,666,0.42,420,0.58,1
0,6,2591,2,10,5,0,666,0.42,420,0.58,1
0,7,8736,2,10,5,0,500,0.6,1000,0.2,1400,0.2,1
0,8,12346,2,10,5,0,500,0.6,1000,0.2,1400,0.2,1
0,9,3768,2,10,5,0,300,0.5,572,0.32,486,0.18,1
0,10,1074,0,0,666,0.42,420,0.58,1
0,11,2665,1,0,666,0.42,420,0.58,1
1,0,7509,2,10,5,0,300,0.5,1700,0.5,1
1,1,6848,1,0,500,0.6,1000,0.2,1400,0.2,1
1,2,2788,2,10,5,0,300,0.5,572,0.32,486,0.18,0
1,3,14948,1,0,666,0.42,420,0.58,1
1,4,5518,2,10,5,0,300,0.5,1700,0.5,1
1,5,11401,1,0,300,0.5,572,0.32,486,0.18,1
1,6,1221,2,10,5,0,300,0.5,572,0.32,486,0.18,1
1,7,52,1,0,666,0.42,420,0.58,1
1,8,8503,1,0,666,0.42,420,0.58,1
1,9,13983,2,10,5,0,300,0.5,1700,0.5,1
1,10,6294,1,0,666,0.42,420,0.58,1
1,11,5234,2,10,5,0,500,0.6,1000,0.2,1400,0.2,1
2,0,4967,0,0,300,0.5,572,0.32,486,0.18,1
2,1,10002,2,10,5,0,300,0.5,572,0.32,486,0.18,1
2,2,3639,0,0,666,0.42,420,0.58,1
2,3,4555,0,0,666,0.42,420,0.58,1
2,4,13123,2,10,5,0,300,0.5,1700,0.5,1
2,5,13084,2,10,5,0,300,0.5,1700,0.5,1
2,6,6885,2,10,5,0,300,0.5,1700,0.5,1
2,7,6738,1,0,300,0.5,1700,0.5,1
2,8,1704,2,10,5,0,300,0.5,572,0.32,486,0.18,1
2,9,7871,0,0,500,0.6,1000,0.2,1400,0.2,1
2,10,1221,1,0,666,0.42,420,0.58,1
2,11,12809,0,0,666,0.42,420,0.58,1
3,0,13903,1,0,300,0.5,1700,0.5,1
3,1,7797,1,0,300,0.5,572,0.32,486,0.18,1
3,2,8199,0,0,300,0.5,572,0.32,486,0.18,1
3,3,7559,2,10,5,0,300,0.5,1700,0.5,1
3,4,8983,2,10,5,0,500,0.6,1000,0.2,1400,0.2,1
3,5,2638,2,10,5,0,666,0.42,420,0.58,1
3,6,85,1,0,300,0.5,572,0.32,486,0.18,1
3,7,7341,0,0,666,0.42,420,0.58,1
3,8,1529,1,0,500,0.6,1000,0.2,1400,0.2,1
3,9,11663,2,10,5,0,666,0.42,420,0.58,1
3,10,13620,2,10,5,0,500,0.6,1000,0.2,1400,0.2,1
3,11,7662,2,10,5,0,300,0.5,572,0.32,486,0.18,1
4,0,7557,0,0,500,0.6,1000,0.2,1400,0.2,1
4,1,12589,0,0,666,0.42,420,0.58,1
4,2,14869,2,10,5,0,300,0.5,1700,0.5,1
4,3,4759,2,10,5,0,500,0.6,1000,0.2,1400,0.2,1
4,4,3515,2,10,5,0,500,0.6,1000,0.2,1400,0.2,1
4,5,360,1,0,500,0.6,1000,0.2,1400,0.2,1
4,6,2855,2,10,5,0,500,0.6,1000,0.2,1400,0.2,1
4,7,6760,1,0,500,0.6,1000,0.2,1400,0.2,1
4,8,1512,0,0,300,0.5,572,0.32,486,0.18,1
4,9,11400,1,0,666,0.42,420,0.58,1
4,10,3642,0,0,300,0.5,572,0.32,486,0.18,1
4,11,12114,1,0,500,0.6,1000,0.2,1400,0.2,1
5,0,9380,2,10,5,0,300,0.5,572,0.32,486,0.18,1
5,1,3886,1,0,500,0.6,1000,0.2,1400,0.2,1
5,2,6970,0,0,300,0.5,572,0.32,486,0.18,1
5,3,7026,1,0,500,0.6,1000,0.2,1400,0.2,1
5,4,8549,2,10,5,0,300,0.5,572,0.32,486,0.18,1
5,5,9936,1,0,300,0.5,1700,0.5,1
5,6,13109,2,10,5,0,500,0.6,1000,0.2,1400,0.2,1
5,7,5113,1,0,500,0.6,1000,0.2,1400,0.2,1
5,8,11249,2,10,5,0,300,0.5,1700,0.5,1
5,9,479,2,10,5,0,500,0.6,1000,0.2,1400,0.2,1
5,10,14879,1,0,300,0.5,572,0.32,486,0.18,1
5,11,4518,2,10,5,0,300,0.5,1700,0.5,1
6,0,13388,0,0,300,0.5,1700,0.5,1
6,1,9549,1,0,666,0.42,420,0.58,1
6,2,6480,1,0,300,0.5,1700,0.5,1
6,3,861,1,0,666,0.42,420,0.58,1
6,4,8415,1,0,666,0.42,420,0.58,1
6,5,2717,0,0,300,0.5,572,0.32,486,0.18,1
6,6,12375,0,0,666,0.42,420,0.58,1
6,7,12344,1,0,300,0.5,572,0.32,486,0.18,1
6,8,13810,2,10,5,0,666,0.42,420,0.58,1
6,9,2573,0,0,666,0.42,420,0.58,1
6,10,3730,2,10,5,0,666,0.42,420,0.58,1
6,11,6701,0,0,666,0.42,420,0.58,1
7,0,3620,0,0,300,0.5,572,0.32,486,0.18,1
7,1,8248,1,0,300,0.5,1700,0.5,1
7,2,3518,1,0,300,0.5,1700,0.5,1
7,3,9819,1,0,300,0.5,1700,0.5,1
7,4,6009,2,10,5,0,666,0.42,420,0.58,1
7,5,12833,2,10,5,0,500,0.6,1000,0.2,1400,0.2,1
7,6,12143,0,0,500,0.6,1000,0.2,1400,0.2,1
7,7,5433,1,0,300,0.5,572,0.32,486,0.18,1
7,8,12659,2,10,5,0,300,0.5,572,0.32,486,0.18,1
7,9,6290,0,0,300,0.5,572,0.32,486,0.18,1
7,10,1801,2,10,5,0,300,0.5,1700,0.5,1
7,11,10186,2,10,5,0,300,0.5,572,0.32,486,0.18,1
8,0,11873,2,10,5,0,666,0.42,420,0.58,1
8,1,5778,1,0,300,0.5,572,0.32,486,0.18,1
8,2,10947,0,0,666,0.42,420,0.58,1
8,3,5979,0,0,666,0.42,420,0.58,1
8,4,3997,0,0,300,0.5,1700,0.5,1
8,5,7244,0,0,300,0.5,1700,0.5,1
8,6,883,0,0,500,0.6,1000,0.2,1400,0.2,1
8,7,5358,2,10,5,0,500,0.6,1000,0.2,1400,0.2,1
8,8,6335,1,0,500,0.6,1000,0.2,1400,0.2,1
8,9,12444,2,10,5,0,500,0.6,1000,0.2,1400,0.2,1
8,10,2247,0,0,300,0.5,572,0.32,486,0.18,1
8,11,1804,0,0,500,0.6,1000,0.2,1400,0.2,1
9,0,9576,2,10,5,0,300,0.5,1700,0.5,1
9,1,10777,0,0,500,0.6,1000,0.2,1400,0.2,1
9,2,443,1,0,500,0.6,1000,0.2,1400,0.2,1
9,3,11061,1,0,666,0.42,420,0.58,1
9,4,5788,2,10,5,0,500,0.6,1000,0.2,1400,0.2,1
9,5,13454,1,0,666,0.42,420,0.58,1
9,6,14324,1,0,300,0.5,572,0.32,486,0.18,1
9,7,3428,1,0,666,0.42,420,0.58,1
9,8,276,2,10,5,0,300,0.5,1700,0.5,1
9,9,725,0,0,666,0.42,420,0.58,1
9,10,5129,1,0,300,0.5,1700,0.5,1
9,11,2892,2,10,5,0,300,0.5,1700,0.5,1
10,0,7505,1,0,300,0.5,572,0.32,486,0.18,1
10,1,10476,0,0,300,0.5,572,0.32,486,0.18,1
10,2,12052,2,10,5,0,500,0.6,1000,0.2,1400,0.2,1
10,3,11779,0,0,666,0.42,420,0.58,1
10,4,14561,2,10,5,0,500,0.6,1000,0.2,1400,0.2,1
10,5,8651,2,10,5,0,500,0.6,1000,0.2,1400,0.2,1
10,6,3952,0,0,300,0.5,572,0.32,486,0.18,1
10,7,13268,2,10,5,0,500,0.6,1000,0.2,1400,0.2,1
10,8,4546,2,10,5,0,300,0.5,572,0.32,486,0.18,1
10,9,11662,0,0,666,0.42,420,0.58,1
10,10,12648,0,0,300,0.5,1700,0.5,1
10,11,3870,0,0,300,0.5,1700,0.5,1
11,0,3959,1,0,500,0.6,1000,0.2,1400,0.2,1
11,1,8000,2,10,5,0,666,0.42,420,0.58,1
11,2,11408,2,10,5,0,500,0.6,1000,0.2,1400,0.2,1
11,3,7741,1,0,300,0.5,572,0.32,486,0.18,1
11,4,8975,1,0,300,0.5,1700,0.5,1
11,5,64,1,0,300,0.5,1700,0.5,1
11,6,680,1,0,666,0.42,420,0.58,1
11,7,7042,0,0,500,0.6,1000,0.2,1400,0.2,1
11,8,9136,2,10,5,0,500,0.6,1000,0.2,1400,0.2,1
11,9,3081,2,10,5,0,666,0.42,420,0.58,1
11,10,8271,2,10,5,0,666,0.42,420,0.58,1
11,11,5648,2,10,5,0,300,0.5,1700,0.5,1
