0,0,10886,1,0,500,0.6,1000,0.2,1400,0.2,1
0,1,1836,2,10,5,0,666,0.42,420,0.58,1
0,2,2156,1,0,666,0.42,420,0.58,1
0,3,7490,1,0,300,0.5,572,0.32,486,0.18,1
0,4,5464,0,0,300,0.5,1700,0.5,1
0,5,10387,2,10,5,0,300,0.5,1700,0.5,1
0,6,4429,0,0,666,0.42,420,0.58,1
0,7,9393,1,0,300,0.5,1700,0.5,1
0,8,6687,1,0,300,0.5,572,0.32,486,0.18,1
0,9,10677,0,0,300,0.5,572,0.32,486,0.18,1
0,10,1909,0,0,300,0.5,572,0.32,486,0.18,1
0,11,14171,2,10,5,0,300,0.5,1700,0.5,1
1,0,3656,0,0,300,0.5,572,0.32,486,0.18,1
1,1,8830,1,0,666,0.42,420,0.58,1
1,2,13497,2,10,5,0,500,0.6,1000,0.2,1400,0.2,0
1,3,4722,1,0,666,0.42,420,0.58,1
1,4,5141,1,0,300,0.5,572,0.32,486,0.18,1
1,5,4936,0,0,666,0.42,420,0.58,1
1,6,5336,1,0,300,0.5,1700,0.5,1
1,7,9823,0,0,300,0.5,1700,0.5,1
1,8,4554,1,0,300,0.5,572,0.32,486,0.18,1
1,9,10934,0,0,500,0.6,1000,0.2,1400,0.2,1
1,10,12831,0,0,300,0.5,1700,0.5,1
1,11,503,1,0,500,0.6,1000,0.2,1400,0.2,1
2,0,11254,2,10,5,0,500,0.6,1000,0.2,1400,0.2,1
2,1,10920,1,0,666,0.42,420,0.58,1
2,2,3951,0,0,666,0.42,420,0.58,1
2,3,4257,1,0,500,0.6,1000,0.2,1400,0.2,1
2,4,28,1,0,300,0.5,1700,0.5,1
2,5,14730,0,0,500,0.6,1000,0.2,1400,0.2,1
2,6,14060,0,0,666,0.42,420,0.58,1
2,7,3810,0,0,300,0.5,1700,0.5,1
2,8,12567,0,0,500,0.6,1000,0.2,1400,0.2,1
2,9,4870,2,10,5,0,300,0.5,1700,0.5,1
2,10,1218,2,10,5,0,666,0.42,420,0.58,1
2,11,13165,2,10,5,0,666,0.42,420,0.58,1
3,0,261,2,10,5,0,300,0.5,1700,0.5,1
3,1,4608,1,0,300,0.5,1700,0.5,1
3,2,10653,2,10,5,0,300,0.5,572,0.32,486,0.18,1
3,3,10927,0,0,500,0.6,1000,0.2,1400,0.2,1
3,4,13424,2,10,5,0,300,0.5,572,0.32,486,0.18,1
3,5,6670,0,0,666,0.42,420,0.58,1
3,6,7928,1,0,666,0.42,420,0.58,1
3,7,14827,0,0,300,0.5,572,0.32,486,0.18,1
3,8,13703,2,10,5,0,500,0.6,1000,0.2,1400,0.2,1
3,9,12752,2,10,5,0,300,0.5,572,0.32,486,0.18,1
3,10,1503,2,10,5,0,666,0.42,420,0.58,1
3,11,6258,0,0,500,0.6,1000,0.2,1400,0.2,1
4,0,11336,1,0,300,0.5,572,0.32,486,0.18,1
4,1,1031,2,10,5,0,300,0.5,572,0.32,486,0.18,1
4,2,14955,0,0,500,0.6,1000,0.2,1400,0.2,1
4,3,4725,0,0,300,0.5,1700,0.5,1
4,4,290,1,0,300,0.5,1700,0.5,1
4,5,11470,0,0,666,0.42,420,0.58,1
4,6,9733,1,0,300,0.5,1700,0.5,1
4,7,3658,1,0,300,0.5,572,0.32,486,0.18,1
4,8,13455,0,0,300,0.5,572,0.32,486,0.18,1
4,9,1456,2,10,5,0,300,0.5,572,0.32,486,0.18,1
4,10,6517,2,10,5,0,300,0.5,1700,0.5,1
4,11,11581,2,10,5,0,300,0.5,1700,0.5,1
5,0,9179,2,10,5,0,500,0.6,1000,0.2,1400,0.2,1
5,1,14134,2,10,5,0,500,0.6,1000,0.2,1400,0.2,1
5,2,10667,1,0,300,0.5,1700,0.5,1
5,3,7814,2,10,5,0,666,0.42,420,0.58,1
5,4,4714,0,0,300,0.5,572,0.32,486,0.18,1
5,5,4122,0,0,500,0.6,1000,0.2,1400,0.2,1
5,6,7355,1,0,300,0.5,1700,0.5,1
5,7,14087,0,0,500,0.6,1000,0.2,1400,0.2,1
5,8,1415,2,10,5,0,666,0.42,420,0.58,1
5,9,3281,0,0,500,0.6,1000,0.2,1400,0.2,1
5,10,3687,1,0,300,0.5,1700,0.5,1
5,11,3670,1,0,666,0.42,420,0.58,1
6,0,741,0,0,500,0.6,1000,0.2,1400,0.2,1
6,1,1044,0,0,300,0.5,572,0.32,486,0.18,1
6,2,3693,2,10,5,0,300,0.5,1700,0.5,1
6,3,8125,2,10,5,0,300,0.5,572,0.32,486,0.18,1
6,4,2943,1,0,500,0.6,1000,0.2,1400,0.2,1
6,5,10984,2,10,5,0,666,0.42,420,0.58,1
6,6,14899,0,0,500,0.6,1000,0.2,1400,0.2,1
6,7,4271,2,10,5,0,300,0.5,572,0.32,486,0.18,1
6,8,12264,2,10,5,0,500,0.6,1000,0.2,1400,0.2,1
6,9,7352,0,0,300,0.5,1700,0.5,1
6,10,2334,1,0,300,0.5,1700,0.5,1
6,11,14645,2,10,5,0,666,0.42,420,0.58,1
7,0,5154,0,0,500,0.6,1000,0.2,1400,0.2,1
7,1,12891,2,10,5,0,500,0.6,1000,0.2,1400,0.2,1
7,2,13153,1,0,500,0.6,1000,0.2,1400,0.2,1
7,3,6076,0,0,300,0.5,1700,0.5,1
7,4,6443,2,10,5,0,666,0.42,420,0.58,1
7,5,4541,0,0,666,0.42,420,0.58,1
7,6,12466,2,10,5,0,300,0.5,1700,0.5,1
7,7,2747,2,10,5,0,300,0.5,572,0.32,486,0.18,1
7,8,4898,0,0,300,0.5,572,0.32,486,0.18,1
7,9,3206,0,0,300,0.5,1700,0.5,1
7,10,13253,2,10,5,0,666,0.42,420,0.58,1
7,11,2937,0,0,666,0.42,420,0.58,1
8,0,1057,0,0,500,0.6,1000,0.2,1400,0.2,1
8,1,8435,1,0,300,0.5,1700,0.5,1
8,2,5440,0,0,300,0.5,1700,0.5,1
8,3,6762,2,10,5,0,300,0.5,1700,0.5,1
8,4,527,1,0,300,0.5,1700,0.5,1
8,5,3847,2,10,5,0,666,0.42,420,0.58,1
8,6,14839,2,10,5,0,300,0.5,572,0.32,486,0.18,1
8,7,10053,2,10,5,0,666,0.42,420,0.58,1
8,8,4354,1,0,300,0.5,1700,0.5,1
8,9,14940,0,0,300,0.5,1700,0.5,1
8,10,8449,0,0,300,0.5,1700,0.5,1
8,11,7405,0,0,300,0.5,572,0.32,486,0.18,1
9,0,13482,2,10,5,0,300,0.5,1700,0.5,1
9,1,11933,1,0,300,0.5,1700,0.5,1
9,2,566,2,10,5,0,300,0.5,1700,0.5,1
9,3,13082,0,0,500,0.6,1000,0.2,1400,0.2,1
9,4,13705,1,0,666,0.42,420,0.58,1
9,5,12000,1,0,300,0.5,572,0.32,486,0.18,1
9,6,1642,0,0,300,0.5,1700,0.5,1
9,7,6185,1,0,300,0.5,572,0.32,486,0.18,1
9,8,5201,0,0,666,0.42,420,0.58,1
9,9,10749,2,10,5,0,300,0.5,1700,0.5,1
9,10,1129,0,0,300,0.5,572,0.32,486,0.18,1
9,11,9300,1,0,500,0.6,1000,0.2,1400,0.2,1
10,0,3043,1,0,666,0.42,420,0.58,1
10,1,12503,2,10,5,0,300,0.5,1700,0.5,1
10,2,3586,1,0,500,0.6,1000,0.2,1400,0.2,1
10,3,9066,2,10,5,0,300,0.5,572,0.32,486,0.18,1
10,4,14568,2,10,5,0,500,0.6,1000,0.2,1400,0.2,1
10,5,2964,1,0,300,0.5,572,0.32,486,0.18,1
10,6,3320,1,0,666,0.42,420,0.58,1
10,7,10893,2,10,5,0,300,0.5,572,0.32,486,0.18,1
10,8,14188,0,0,500,0.6,1000,0.2,1400,0.2,1
10,9,14154,1,0,500,0.6,1000,0.2,1400,0.2,1
10,10,648,2,10,5,0,300,0.5,1700,0.5,1
10,11,13864,1,0,300,0.5,572,0.32,486,0.18,1
11,0,11777,2,10,5,0,666,0.42,420,0.58,1
11,1,6697,1,0,300,0.5,572,0.32,486,0.18,1
11,2,7205,0,0,666,0.42,420,0.58,1
11,3,10548,2,10,5,0,500,0.6,1000,0.2,1400,0.2,1
11,4,11161,0,0,666,0.42,420,0.58,1
11,5,12393,2,10,5,0,300,0.5,572,0.32,486,0.18,1
11,6,12924,2,10,5,0,666,0.42,420,0.58,1
11,7,10565,0,0,666,0.42,420,0.58,1
11,8,3553,0,0,300,0.5,572,0.32,486,0.18,1
11,9,3098,0,0,500,0.6,1000,0.2,1400,0.2,1
11,10,13649,1,0,666,0.42,420,0.58,1
11,11,11310,2,10,5,0,666,0.42,420,0.58,1
