0,0,7871,2,10,5,0,300,0.5,572,0.32,486,0.18,1
0,1,6074,1,0,300,0.5,572,0.32,486,0.18,1
0,2,6071,2,10,5,0,300,0.5,1700,0.5,1
0,3,14465,1,0,666,0.42,420,0.58,1
0,4,2655,0,0,300,0.5,572,0.32,486,0.18,1
0,5,12683,1,0,666,0.42,420,0.58,1
0,6,5000,0,0,300,0.5,1700,0.5,1
0,7,10347,2,10,5,0,300,0.5,572,0.32,486,0.18,1
0,8,9484,0,0,666,0.42,420,0.58,1
0,9,12756,0,0,300,0.5,572,0.32,486,0.18,1
0,10,13614,0,0,300,0.5,572,0.32,486,0.18,1
0,11,13679,2,10,5,0,500,0.6,1000,0.2,1400,0.2,1
1,0,8705,0,0,500,0.6,1000,0.2,1400,0.2,1
1,1,10457,1,0,666,0.42,420,0.58,1
1,2,5893,0,0,500,0.6,1000,0.2,1400,0.2,0
1,3,33,1,0,666,0.42,420,0.58,1
1,4,12260,0,0,666,0.42,420,0.58,1
1,5,13783,0,0,300,0.5,572,0.32,486,0.18,1
1,6,9655,1,0,666,0.42,420,0.58,1
1,7,6228,0,0,300,0.5,572,0.32,486,0.18,1
1,8,10394,2,10,5,0,300,0.5,572,0.32,486,0.18,1
1,9,11519,2,10,5,0,500,0.6,1000,0.2,1400,0.2,1
1,10,6784,2,10,5,0,300,0.5,1700,0.5,1
1,11,13357,1,0,666,0.42,420,0.58,1
2,0,7963,0,0,300,0.5,572,0.32,486,0.18,1
2,1,14175,0,0,500,0.6,1000,0.2,1400,0.2,1
2,2,5127,0,0,500,0.6,1000,0.2,1400,0.2,1
2,3,8465,2,10,5,0,666,0.42,420,0.58,1
2,4,14560,2,10,5,0,300,0.5,1700,0.5,1
2,5,9918,1,0,666,0.42,420,0.58,1
2,6,3442,2,10,5,0,300,0.5,572,0.32,486,0.18,1
2,7,4521,0,0,300,0.5,572,0.32,486,0.18,1
2,8,4281,1,0,300,0.5,1700,0.5,1
2,9,4228,2,10,5,0,300,0.5,1700,0.5,1
2,10,7270,0,0,666,0.42,420,0.58,1
2,11,11745,2,10,5,0,300,0.5,1700,0.5,1
3,0,10145,2,10,5,0,300,0.5,572,0.32,486,0.18,1
3,1,8369,1,0,300,0.5,572,0.32,486,0.18,1
3,2,13313,1,0,666,0.42,420,0.58,1
3,3,5224,2,10,5,0,666,0.42,420,0.58,1
3,4,84,2,10,5,0,500,0.6,1000,0.2,1400,0.2,1
3,5,4965,1,0,666,0.42,420,0.58,1
3,6,5300,0,0,300,0.5,1700,0.5,1
3,7,8066,2,10,5,0,300,0.5,1700,0.5,1
3,8,6223,1,0,300,0.5,1700,0.5,1
3,9,10541,1,0,300,0.5,572,0.32,486,0.18,1
3,10,11491,2,10,5,0,500,0.6,1000,0.2,1400,0.2,1
3,11,9194,2,10,5,0,300,0.5,572,0.32,486,0.18,1
4,0,8968,0,0,300,0.5,1700,0.5,1
4,1,1442,2,10,5,0,666,0.42,420,0.58,1
4,2,5601,2,10,5,0,666,0.42,420,0.58,1
4,3,4785,1,0,300,0.5,1700,0.5,1
4,4,13816,1,0,300,0.5,572,0.32,486,0.18,1
4,5,1838,0,0,300,0.5,1700,0.5,1
4,6,10749,1,0,300,0.5,1700,0.5,1
4,7,5301,0,0,300,0.5,1700,0.5,1
4,8,5452,2,10,5,0,300,0.5,572,0.32,486,0.18,1
4,9,6485,0,0,300,0.5,1700,0.5,1
4,10,10857,1,0,300,0.5,1700,0.5,1
4,11,4364,2,10,5,0,500,0.6,1000,0.2,1400,0.2,1
5,0,5236,2,10,5,0,300,0.5,572,0.32,486,0.18,1
5,1,6168,2,10,5,0,300,0.5,572,0.32,486,0.18,1
5,2,12973,0,0,500,0.6,1000,0.2,1400,0.2,1
5,3,9675,2,10,5,0,500,0.6,1000,0.2,1400,0.2,1
5,4,3860,1,0,300,0.5,1700,0.5,1
5,5,7806,0,0,666,0.42,420,0.58,1
5,6,12059,1,0,666,0.42,420,0.58,1
5,7,13536,2,10,5,0,500,0.6,1000,0.2,1400,0.2,1
5,8,14502,0,0,500,0.6,1000,0.2,1400,0.2,1
5,9,3633,1,0,300,0.5,1700,0.5,1
5,10,9713,0,0,500,0.6,1000,0.2,1400,0.2,1
5,11,8653,1,0,666,0.42,420,0.58,1
6,0,13918,2,10,5,0,666,0.42,420,0.58,1
6,1,5088,2,10,5,0,300,0.5,1700,0.5,1
6,2,11671,1,0,500,0.6,1000,0.2,1400,0.2,1
6,3,1569,2,10,5,0,300,0.5,572,0.32,486,0.18,1
6,4,11092,0,0,500,0.6,1000,0.2,1400,0.2,1
6,5,3107,0,0,300,0.5,572,0.32,486,0.18,1
6,6,9318,0,0,500,0.6,1000,0.2,1400,0.2,1
6,7,13336,0,0,300,0.5,1700,0.5,1
6,8,3261,2,10,5,0,666,0.42,420,0.58,1
6,9,14920,2,10,5,0,666,0.42,420,0.58,1
6,10,4899,2,10,5,0,500,0.6,1000,0.2,1400,0.2,1
6,11,12133,1,0,666,0.42,420,0.58,1
7,0,12600,0,0,500,0.6,1000,0.2,1400,0.2,1
7,1,14056,1,0,666,0.42,420,0.58,1
7,2,6682,0,0,300,0.5,572,0.32,486,0.18,1
7,3,8534,1,0,300,0.5,572,0.32,486,0.18,1
7,4,9115,0,0,666,0.42,420,0.58,1
7,5,1553,0,0,666,0.42,420,0.58,1
7,6,11188,0,0,300,0.5,572,0.32,486,0.18,1
7,7,2246,0,0,300,0.5,572,0.32,486,0.18,1
7,8,13103,2,10,5,0,500,0.6,1000,0.2,1400,0.2,1
7,9,4639,0,0,300,0.5,1700,0.5,1
7,10,10207,0,0,666,0.42,420,0.58,1
7,11,12698,2,10,5,0,300,0.5,1700,0.5,1
8,0,13009,0,0,300,0.5,572,0.32,486,0.18,1
8,1,4440,2,10,5,0,500,0.6,1000,0.2,1400,0.2,1
8,2,14077,2,10,5,0,300,0.5,1700,0.5,1
8,3,9467,0,0,300,0.5,1700,0.5,1
8,4,11699,0,0,666,0.42,420,0.58,1
8,5,7338,0,0,666,0.42,420,0.58,1
8,6,9728,2,10,5,0,500,0.6,1000,0.2,1400,0.2,1
8,7,387,0,0,300,0.5,572,0.32,486,0.18,1
8,8,13349,2,10,5,0,300,0.5,572,0.32,486,0.18,1
8,9,3038,1,0,300,0.5,1700,0.5,1
8,10,719,0,0,666,0.42,420,0.58,1
8,11,5678,1,0,500,0.6,1000,0.2,1400,0.2,1
9,0,10993,2,10,5,0,300,0.5,1700,0.5,1
9,1,12569,0,0,500,0.6,1000,0.2,1400,0.2,1
9,2,8668,0,0,500,0.6,1000,0.2,1400,0.2,1
9,3,10619,1,0,500,0.6,1000,0.2,1400,0.2,1
9,4,8415,0,0,300,0.5,572,0.32,486,0.18,1
9,5,11875,2,10,5,0,500,0.6,1000,0.2,1400,0.2,1
9,6,6888,0,0,666,0.42,420,0.58,1
9,7,6739,0,0,300,0.5,1700,0.5,1
9,8,12255,0,0,666,0.42,420,0.58,1
9,9,12854,2,10,5,0,500,0.6,1000,0.2,1400,0.2,1
9,10,4045,1,0,300,0.5,572,0.32,486,0.18,1
9,11,14888,1,0,300,0.5,1700,0.5,1
10,0,7601,1,0,300,0.5,1700,0.5,1
10,1,9868,1,0,500,0.6,1000,0.2,1400,0.2,1
10,2,12724,0,0,500,0.6,1000,0.2,1400,0.2,1
10,3,11174,2,10,5,0,300,0.5,572,0.32,486,0.18,1
10,4,7742,1,0,500,0.6,1000,0.2,1400,0.2,1
10,5,13460,1,0,500,0.6,1000,0.2,1400,0.2,1
10,6,6548,0,0,500,0.6,1000,0.2,1400,0.2,1
10,7,11362,1,0,300,0.5,1700,0.5,1
10,8,7618,0,0,500,0.6,1000,0.2,1400,0.2,1
10,9,3851,2,10,5,0,300,0.5,572,0.32,486,0.18,1
10,10,12045,1,0,500,0.6,1000,0.2,1400,0.2,1
10,11,7150,0,0,300,0.5,1700,0.5,1
11,0,2584,2,10,5,0,300,0.5,572,0.32,486,0.18,1
11,1,8988,2,10,5,0,666,0.42,420,0.58,1
11,2,4601,1,0,300,0.5,1700,0.5,1
11,3,1976,1,0,500,0.6,1000,0.2,1400,0.2,1
11,4,6639,2,10,5,0,300,0.5,1700,0.5,1
11,5,8814,0,0,500,0.6,1000,0.2,1400,0.2,1
11,6,13411,1,0,500,0.6,1000,0.2,1400,0.2,1
11,7,2526,0,0,500,0.6,1000,0.2,1400,0.2,1
11,8,1177,1,0,500,0.6,1000,0.2,1400,0.2,1
11,9,14893,0,0,500,0.6,1000,0.2,1400,0.2,1
11,10,6175,2,10,5,0,300,0.5,572,0.32,486,0.18,1
11,11,2142,1,0,666,0.42,420,0.58,1
