0,0,10126,2,10,5,0,500,0.6,1000,0.2,1400,0.2,1
0,1,10197,1,0,300,0.5,572,0.32,486,0.18,1
0,2,11557,1,0,500,0.6,1000,0.2,1400,0.2,1
0,3,9263,0,0,300,0.5,572,0.32,486,0.18,1
0,4,12097,1,0,500,0.6,1000,0.2,1400,0.2,1
0,5,3928,1,0,300,0.5,572,0.32,486,0.18,1
0,6,13713,1,0,500,0.6,1000,0.2,1400,0.2,1
0,7,7938,0,0,666,0.42,420,0.58,1
0,8,11121,0,0,300,0.5,572,0.32,486,0.18,1
0,9,6546,1,0,666,0.42,420,0.58,1
0,10,14032,1,0,666,0.42,420,0.58,1
0,11,2862,2,10,5,0,500,0.6,1000,0.2,1400,0.2,1
1,0,6498,2,10,5,0,666,0.42,420,0.58,1
1,1,6394,0,0,300,0.5,1700,0.5,1
1,2,5710,2,10,5,0,666,0.42,420,0.58,0
1,3,7761,0,0,666,0.42,420,0.58,1
1,4,1105,1,0,300,0.5,572,0.32,486,0.18,1
1,5,1543,1,0,300,0.5,572,0.32,486,0.18,1
1,6,7381,0,0,300,0.5,572,0.32,486,0.18,1
1,7,4281,2,10,5,0,300,0.5,572,0.32,486,0.18,1
1,8,5871,2,10,5,0,500,0.6,1000,0.2,1400,0.2,1
1,9,2185,0,0,500,0.6,1000,0.2,1400,0.2,1
1,10,414,0,0,300,0.5,1700,0.5,1
1,11,8335,1,0,666,0.42,420,0.58,1
2,0,5643,0,0,500,0.6,1000,0.2,1400,0.2,1
2,1,8684,0,0,500,0.6,1000,0.2,1400,0.2,1
2,2,7601,2,10,5,0,500,0.6,1000,0.2,1400,0.2,1
2,3,10878,1,0,666,0.42,420,0.58,1
2,4,11765,0,0,300,0.5,1700,0.5,1
2,5,12001,1,0,666,0.42,420,0.58,1
2,6,13172,2,10,5,0,300,0.5,572,0.32,486,0.18,1
2,7,12364,2,10,5,0,500,0.6,1000,0.2,1400,0.2,1
2,8,13621,2,10,5,0,300,0.5,1700,0.5,1
2,9,10654,0,0,666,0.42,420,0.58,1
2,10,13444,1,0,300,0.5,1700,0.5,1
2,11,764,2,10,5,0,300,0.5,572,0.32,486,0.18,1
3,0,12939,0,0,666,0.42,420,0.58,1
3,1,537,0,0,300,0.5,1700,0.5,1
3,2,10583,1,0,300,0.5,1700,0.5,1
3,3,13857,0,0,300,0.5,572,0.32,486,0.18,1
3,4,12310,0,0,300,0.5,572,0.32,486,0.18,1
3,5,5136,1,0,666,0.42,420,0.58,1
3,6,1484,1,0,300,0.5,1700,0.5,1
3,7,6702,2,10,5,0,500,0.6,1000,0.2,1400,0.2,1
3,8,2529,2,10,5,0,300,0.5,1700,0.5,1
3,9,4195,1,0,300,0.5,572,0.32,486,0.18,1
3,10,12582,0,0,300,0.5,572,0.32,486,0.18,1
3,11,14322,0,0,666,0.42,420,0.58,1
4,0,14383,0,0,300,0.5,1700,0.5,1
4,1,10975,1,0,300,0.5,1700,0.5,1
4,2,6269,2,10,5,0,666,0.42,420,0.58,1
4,3,13172,1,0,666,0.42,420,0.58,1
4,4,1527,0,0,500,0.6,1000,0.2,1400,0.2,1
4,5,1979,1,0,300,0.5,1700,0.5,1
4,6,2525,1,0,300,0.5,572,0.32,486,0.18,1
4,7,10622,2,10,5,0,500,0.6,1000,0.2,1400,0.2,1
4,8,516,1,0,300,0.5,1700,0.5,1
4,9,2285,2,10,5,0,500,0.6,1000,0.2,1400,0.2,1
4,10,8092,2,10,5,0,300,0.5,1700,0.5,1
4,11,3244,2,10,5,0,666,0.42,420,0.58,1
5,0,10180,1,0,666,0.42,420,0.58,1
5,1,13576,2,10,5,0,500,0.6,1000,0.2,1400,0.2,1
5,2,2250,1,0,666,0.42,420,0.58,1
5,3,14345,0,0,300,0.5,1700,0.5,1
5,4,14194,1,0,500,0.6,1000,0.2,1400,0.2,1
5,5,11072,0,0,500,0.6,1000,0.2,1400,0.2,1
5,6,10364,0,0,300,0.5,1700,0.5,1
5,7,8704,2,10,5,0,300,0.5,572,0.32,486,0.18,1
5,8,10269,1,0,500,0.6,1000,0.2,1400,0.2,1
5,9,10910,1,0,300,0.5,572,0.32,486,0.18,1
5,10,8987,2,10,5,0,666,0.42,420,0.58,1
5,11,14309,1,0,300,0.5,572,0.32,486,0.18,1
6,0,1030,2,10,5,0,500,0.6,1000,0.2,1400,0.2,1
6,1,10814,1,0,300,0.5,572,0.32,486,0.18,1
6,2,14538,2,10,5,0,300,0.5,1700,0.5,1
6,3,12845,2,10,5,0,300,0.5,572,0.32,486,0.18,1
6,4,8418,2,10,5,0,300,0.5,572,0.32,486,0.18,1
6,5,13004,2,10,5,0,500,0.6,1000,0.2,1400,0.2,1
6,6,14420,2,10,5,0,500,0.6,1000,0.2,1400,0.2,1
6,7,7397,0,0,300,0.5,572,0.32,486,0.18,1
6,8,1157,0,0,300,0.5,572,0.32,486,0.18,1
6,9,195,2,10,5,0,500,0.6,1000,0.2,1400,0.2,1
6,10,6598,0,0,300,0.5,1700,0.5,1
6,11,9770,2,10,5,0,666,0.42,420,0.58,1
7,0,640,1,0,300,0.5,1700,0.5,1
7,1,1593,2,10,5,0,500,0.6,1000,0.2,1400,0.2,1
7,2,7601,2,10,5,0,300,0.5,572,0.32,486,0.18,1
7,3,14220,1,0,300,0.5,1700,0.5,1
7,4,11920,1,0,300,0.5,572,0.32,486,0.18,1
7,5,102,0,0,666,0.42,420,0.58,1
7,6,7354,2,10,5,0,500,0.6,1000,0.2,1400,0.2,1
7,7,3896,2,10,5,0,500,0.6,1000,0.2,1400,0.2,1
7,8,13279,2,10,5,0,300,0.5,572,0.32,486,0.18,1
7,9,7323,1,0,500,0.6,1000,0.2,1400,0.2,1
7,10,2014,0,0,500,0.6,1000,0.2,1400,0.2,1
7,11,12224,2,10,5,0,666,0.42,420,0.58,1
8,0,4297,0,0,500,0.6,1000,0.2,1400,0.2,1
8,1,9690,1,0,666,0.42,420,0.58,1
8,2,11336,1,0,300,0.5,572,0.32,486,0.18,1
8,3,11479,2,10,5,0,666,0.42,420,0.58,1
8,4,2128,0,0,300,0.5,1700,0.5,1
8,5,4095,0,0,666,0.42,420,0.58,1
8,6,1246,2,10,5,0,500,0.6,1000,0.2,1400,0.2,1
8,7,9373,0,0,300,0.5,1700,0.5,1
8,8,5820,2,10,5,0,300,0.5,572,0.32,486,0.18,1
8,9,7789,1,0,666,0.42,420,0.58,1
8,10,5969,0,0,300,0.5,572,0.32,486,0.18,1
8,11,164,0,0,500,0.6,1000,0.2,1400,0.2,1
9,0,2434,1,0,300,0.5,572,0.32,486,0.18,1
9,1,4736,2,10,5,0,500,0.6,1000,0.2,1400,0.2,1
9,2,8457,1,0,500,0.6,1000,0.2,1400,0.2,1
9,3,12667,1,0,666,0.42,420,0.58,1
9,4,65,0,0,500,0.6,1000,0.2,1400,0.2,1
9,5,14416,0,0,300,0.5,1700,0.5,1
9,6,399,1,0,300,0.5,1700,0.5,1
9,7,381,2,10,5,0,300,0.5,572,0.32,486,0.18,1
9,8,8400,0,0,300,0.5,1700,0.5,1
9,9,3461,2,10,5,0,300,0.5,572,0.32,486,0.18,1
9,10,6125,0,0,300,0.5,572,0.32,486,0.18,1
9,11,9553,1,0,300,0.5,572,0.32,486,0.18,1
10,0,13250,1,0,300,0.5,1700,0.5,1
10,1,7481,0,0,666,0.42,420,0.58,1
10,2,14291,0,0,300,0.5,572,0.32,486,0.18,1
10,3,4019,2,10,5,0,300,0.5,572,0.32,486,0.18,1
10,4,2488,2,10,5,0,666,0.42,420,0.58,1
10,5,2506,2,10,5,0,300,0.5,1700,0.5,1
10,6,6714,2,10,5,0,300,0.5,1700,0.5,1
10,7,14278,2,10,5,0,500,0.6,1000,0.2,1400,0.2,1
10,8,6448,1,0,500,0.6,1000,0.2,1400,0.2,1
10,9,10486,2,10,5,0,500,0.6,1000,0.2,1400,0.2,1
10,10,4308,2,10,5,0,300,0.5,1700,0.5,1
10,11,1575,0,0,666,0.42,420,0.58,1
11,0,11763,2,10,5,0,300,0.5,1700,0.5,1
11,1,9050,0,0,666,0.42,420,0.58,1
11,2,11186,0,0,300,0.5,1700,0.5,1
11,3,7468,2,10,5,0,300,0.5,1700,0.5,1
11,4,8916,2,10,5,0,300,0.5,1700,0.5,1
11,5,716,0,0,666,0.42,420,0.58,1
11,6,4446,0,0,666,0.42,420,0.58,1
11,7,14066,0,0,300,0.5,1700,0.5,1
11,8,14279,0,0,500,0.6,1000,0.2,1400,0.2,1
11,9,8131,1,0,500,0.6,1000,0.2,1400,0.2,1
11,10,12248,2,10,5,0,500,0.6,1000,0.2,1400,0.2,1
11,11,2046,2,10,5,0,300,0.5,1700,0.5,1
