0,0,6039,2,10,5,0,500,0.6,1000,0.2,1400,0.2,1
0,1,7251,1,0,300,0.5,1700,0.5,1
0,2,208,0,0,300,0.5,572,0.32,486,0.18,1
0,3,12210,2,10,5,0,300,0.5,1700,0.5,1
0,4,10603,1,0,666,0.42,420,0.58,1
0,5,8540,0,0,666,0.42,420,0.58,1
0,6,6334,2,10,5,0,500,0.6,1000,0.2,1400,0.2,1
0,7,14743,2,10,5,0,500,0.6,1000,0.2,1400,0.2,1
0,8,1611,1,0,666,0.42,420,0.58,1
0,9,11976,1,0,666,0.42,420,0.58,1
0,10,7045,2,10,5,0,666,0.42,420,0.58,1
0,11,13437,1,0,666,0.42,420,0.58,1
1,0,2051,0,0,500,0.6,1000,0.2,1400,0.2,1
1,1,2695,2,10,5,0,500,0.6,1000,0.2,1400,0.2,1
1,2,9389,2,10,5,0,300,0.5,1700,0.5,0
1,3,13912,2,10,5,0,500,0.6,1000,0.2,1400,0.2,1
1,4,2889,2,10,5,0,666,0.42,420,0.58,1
1,5,8037,2,10,5,0,300,0.5,1700,0.5,1
1,6,7554,2,10,5,0,666,0.42,420,0.58,1
1,7,7725,2,10,5,0,500,0.6,1000,0.2,1400,0.2,1
1,8,11194,2,10,5,0,666,0.42,420,0.58,1
1,9,3038,0,0,300,0.5,1700,0.5,1
1,10,8163,2,10,5,0,300,0.5,1700,0.5,1
1,11,7640,0,0,500,0.6,1000,0.2,1400,0.2,1
2,0,2664,2,10,5,0,300,0.5,572,0.32,486,0.18,1
2,1,402,1,0,300,0.5,1700,0.5,1
2,2,5732,0,0,300,0.5,572,0.32,486,0.18,1
2,3,7648,1,0,500,0.6,1000,0.2,1400,0.2,1
2,4,10036,0,0,300,0.5,572,0.32,486,0.18,1
2,5,13984,2,10,5,0,500,0.6,1000,0.2,1400,0.2,1
2,6,9302,0,0,666,0.42,420,0.58,1
2,7,3981,1,0,300,0.5,1700,0.5,1
2,8,1980,2,10,5,0,666,0.42,420,0.58,1
2,9,3132,1,0,300,0.5,1700,0.5,1
2,10,12735,2,10,5,0,300,0.5,572,0.32,486,0.18,1
2,11,12603,2,10,5,0,300,0.5,1700,0.5,1
3,0,4141,1,0,300,0.5,1700,0.5,1
3,1,2473,0,0,666,0.42,420,0.58,1
3,2,5409,1,0,300,0.5,1700,0.5,1
3,3,9986,2,10,5,0,300,0.5,572,0.32,486,0.18,1
3,4,4798,1,0,666,0.42,420,0.58,1
3,5,1464,0,0,300,0.5,572,0.32,486,0.18,1
3,6,3398,0,0,666,0.42,420,0.58,1
3,7,9373,0,0,300,0.5,572,0.32,486,0.18,1
3,8,13285,2,10,5,0,300,0.5,1700,0.5,1
3,9,15000,1,0,666,0.42,420,0.58,1
3,10,6116,1,0,300,0.5,1700,0.5,1
3,11,3414,2,10,5,0,666,0.42,420,0.58,1
4,0,10361,1,0,500,0.6,1000,0.2,1400,0.2,1
4,1,2645,0,0,666,0.42,420,0.58,1
4,2,1177,0,0,300,0.5,572,0.32,486,0.18,1
4,3,7508,0,0,300,0.5,1700,0.5,1
4,4,9177,1,0,500,0.6,1000,0.2,1400,0.2,1
4,5,4302,0,0,666,0.42,420,0.58,1
4,6,14067,2,10,5,0,500,0.6,1000,0.2,1400,0.2,1
4,7,8091,0,0,666,0.42,420,0.58,1
4,8,10215,2,10,5,0,300,0.5,1700,0.5,1
4,9,14206,0,0,500,0.6,1000,0.2,1400,0.2,1
4,10,9218,2,10,5,0,300,0.5,572,0.32,486,0.18,1
4,11,2594,0,0,500,0.6,1000,0.2,1400,0.2,1
5,0,3113,2,10,5,0,500,0.6,1000,0.2,1400,0.2,1
5,1,351,1,0,300,0.5,572,0.32,486,0.18,1
5,2,108,1,0,500,0.6,1000,0.2,1400,0.2,1
5,3,4050,1,0,300,0.5,1700,0.5,1
5,4,1378,2,10,5,0,300,0.5,1700,0.5,1
5,5,12866,0,0,300,0.5,1700,0.5,1
5,6,11781,1,0,300,0.5,572,0.32,486,0.18,1
5,7,3322,2,10,5,0,500,0.6,1000,0.2,1400,0.2,1
5,8,3999,0,0,500,0.6,1000,0.2,1400,0.2,1
5,9,2945,1,0,300,0.5,572,0.32,486,0.18,1
5,10,3955,0,0,300,0.5,572,0.32,486,0.18,1
5,11,3375,0,0,300,0.5,1700,0.5,1
6,0,11415,2,10,5,0,300,0.5,572,0.32,486,0.18,1
6,1,10332,0,0,666,0.42,420,0.58,1
6,2,10470,1,0,500,0.6,1000,0.2,1400,0.2,1
6,3,10257,1,0,666,0.42,420,0.58,1
6,4,14855,1,0,300,0.5,572,0.32,486,0.18,1
6,5,9750,2,10,5,0,300,0.5,1700,0.5,1
6,6,5815,1,0,300,0.5,1700,0.5,1
6,7,4537,1,0,666,0.42,420,0.58,1
6,8,9997,1,0,300,0.5,1700,0.5,1
6,9,13575,0,0,300,0.5,1700,0.5,1
6,10,6068,1,0,500,0.6,1000,0.2,1400,0.2,1
6,11,5999,1,0,666,0.42,420,0.58,1
7,0,10544,1,0,500,0.6,1000,0.2,1400,0.2,1
7,1,132,0,0,300,0.5,572,0.32,486,0.18,1
7,2,3064,1,0,300,0.5,1700,0.5,1
7,3,1007,1,0,500,0.6,1000,0.2,1400,0.2,1
7,4,5260,2,10,5,0,300,0.5,572,0.32,486,0.18,1
7,5,10505,1,0,500,0.6,1000,0.2,1400,0.2,1
7,6,9962,0,0,666,0.42,420,0.58,1
7,7,14411,0,0,500,0.6,1000,0.2,1400,0.2,1
7,8,9713,2,10,5,0,500,0.6,1000,0.2,1400,0.2,1
7,9,6381,2,10,5,0,666,0.42,420,0.58,1
7,10,12375,1,0,500,0.6,1000,0.2,1400,0.2,1
7,11,1416,2,10,5,0,300,0.5,1700,0.5,1
8,0,14627,2,10,5,0,300,0.5,572,0.32,486,0.18,1
8,1,5782,0,0,500,0.6,1000,0.2,1400,0.2,1
8,2,6351,2,10,5,0,300,0.5,572,0.32,486,0.18,1
8,3,13379,0,0,666,0.42,420,0.58,1
8,4,14751,2,10,5,0,666,0.42,420,0.58,1
8,5,721,1,0,300,0.5,1700,0.5,1
8,6,1809,1,0,666,0.42,420,0.58,1
8,7,13944,1,0,300,0.5,1700,0.5,1
8,8,11053,0,0,300,0.5,572,0.32,486,0.18,1
8,9,3548,2,10,5,0,666,0.42,420,0.58,1
8,10,2252,1,0,300,0.5,572,0.32,486,0.18,1
8,11,58,0,0,300,0.5,1700,0.5,1
9,0,5359,0,0,666,0.42,420,0.58,1
9,1,8819,1,0,300,0.5,572,0.32,486,0.18,1
9,2,8532,0,0,500,0.6,1000,0.2,1400,0.2,1
9,3,6623,0,0,500,0.6,1000,0.2,1400,0.2,1
9,4,9672,1,0,666,0.42,420,0.58,1
9,5,9487,1,0,666,0.42,420,0.58,1
9,6,9422,1,0,300,0.5,572,0.32,486,0.18,1
9,7,11320,0,0,300,0.5,572,0.32,486,0.18,1
9,8,10361,2,10,5,0,500,0.6,1000,0.2,1400,0.2,1
9,9,1455,1,0,666,0.42,420,0.58,1
9,10,8226,2,10,5,0,300,0.5,1700,0.5,1
9,11,10061,0,0,300,0.5,1700,0.5,1
10,0,957,0,0,500,0.6,1000,0.2,1400,0.2,1
10,1,224,2,10,5,0,300,0.5,572,0.32,486,0.18,1
10,2,13125,2,10,5,0,666,0.42,420,0.58,1
10,3,5041,2,10,5,0,666,0.42,420,0.58,1
10,4,10936,1,0,300,0.5,1700,0.5,1
10,5,2287,1,0,300,0.5,1700,0.5,1
10,6,11628,1,0,500,0.6,1000,0.2,1400,0.2,1
10,7,7918,2,10,5,0,666,0.42,420,0.58,1
10,8,1289,1,0,666,0.42,420,0.58,1
10,9,7328,1,0,300,0.5,1700,0.5,1
10,10,8751,0,0,300,0.5,1700,0.5,1
10,11,1676,0,0,300,0.5,572,0.32,486,0.18,1
11,0,10779,1,0,300,0.5,572,0.32,486,0.18,1
11,1,1554,0,0,300,0.5,572,0.32,486,0.18,1
11,2,3796,2,10,5,0,666,0.42,420,0.58,1
11,3,8041,1,0,500,0.6,1000,0.2,1400,0.2,1
11,4,9941,2,10,5,0,500,0.6,1000,0.2,1400,0.2,1
11,5,11663,1,0,300,0.5,572,0.32,486,0.18,1
11,6,7730,0,0,300,0.5,1700,0.5,1
11,7,14472,1,0,300,0.5,572,0.32,486,0.18,1
11,8,14668,2,10,5,0,666,0.42,420,0.58,1
11,9,10861,1,0,500,0.6,1000,0.2,1400,0.2,1
11,10,6392,0,0,300,0.5,1700,0.5,1
11,11,2812,1,0,300,0.5,572,0.32,486,0.18,1
