0,0,10628,2,10,5,0,300,0.5,1700,0.5,1
0,1,2979,1,0,300,0.5,572,0.32,486,0.18,1
0,2,740,0,0,500,0.6,1000,0.2,1400,0.2,1
0,3,3640,0,0,666,0.42,420,0.58,1
0,4,4459,1,0,500,0.6,1000,0.2,1400,0.2,1
0,5,2185,1,0,300,0.5,1700,0.5,1
0,6,1199,1,0,300,0.5,1700,0.5,1
0,7,6093,0,0,300,0.5,572,0.32,486,0.18,1
0,8,4048,0,0,500,0.6,1000,0.2,1400,0.2,1
0,9,9349,2,10,5,0,500,0.6,1000,0.2,1400,0.2,1
0,10,2110,0,0,300,0.5,572,0.32,486,0.18,1
0,11,5549,2,10,5,0,300,0.5,572,0.32,486,0.18,1
1,0,4267,1,0,300,0.5,1700,0.5,1
1,1,924,2,10,5,0,300,0.5,572,0.32,486,0.18,1
1,2,10794,0,0,300,0.5,572,0.32,486,0.18,0
1,3,8199,2,10,5,0,500,0.6,1000,0.2,1400,0.2,1
1,4,12175,0,0,300,0.5,1700,0.5,1
1,5,2953,2,10,5,0,666,0.42,420,0.58,1
1,6,11178,2,10,5,0,300,0.5,572,0.32,486,0.18,1
1,7,6396,2,10,5,0,300,0.5,572,0.32,486,0.18,1
1,8,6312,2,10,5,0,300,0.5,1700,0.5,1
1,9,6021,1,0,300,0.5,572,0.32,486,0.18,1
1,10,1801,1,0,666,0.42,420,0.58,1
1,11,968,2,10,5,0,666,0.42,420,0.58,1
2,0,11192,2,10,5,0,666,0.42,420,0.58,1
2,1,3900,2,10,5,0,300,0.5,572,0.32,486,0.18,1
2,2,9034,1,0,666,0.42,420,0.58,1
2,3,7299,2,10,5,0,300,0.5,1700,0.5,1
2,4,3341,1,0,300,0.5,572,0.32,486,0.18,1
2,5,14504,2,10,5,0,666,0.42,420,0.58,1
2,6,4851,0,0,666,0.42,420,0.58,1
2,7,8048,0,0,500,0.6,1000,0.2,1400,0.2,1
2,8,13493,1,0,666,0.42,420,0.58,1
2,9,416,0,0,300,0.5,572,0.32,486,0.18,1
2,10,13349,1,0,500,0.6,1000,0.2,1400,0.2,1
2,11,11893,2,10,5,0,300,0.5,572,0.32,486,0.18,1
3,0,14230,0,0,300,0.5,1700,0.5,1
3,1,13495,2,10,5,0,300,0.5,572,0.32,486,0.18,1
3,2,1211,0,0,300,0.5,572,0.32,486,0.18,1
3,3,6295,2,10,5,0,300,0.5,572,0.32,486,0.18,1
3,4,212,1,0,300,0.5,1700,0.5,1
3,5,11588,0,0,300,0.5,1700,0.5,1
3,6,11465,2,10,5,0,500,0.6,1000,0.2,1400,0.2,1
3,7,4702,0,0,300,0.5,572,0.32,486,0.18,1
3,8,10955,2,10,5,0,500,0.6,1000,0.2,1400,0.2,1
3,9,12209,0,0,666,0.42,420,0.58,1
3,10,4184,0,0,666,0.42,420,0.58,1
3,11,11974,2,10,5,0,500,0.6,1000,0.2,1400,0.2,1
4,0,12040,0,0,300,0.5,572,0.32,486,0.18,1
4,1,3582,1,0,300,0.5,1700,0.5,1
4,2,10154,1,0,500,0.6,1000,0.2,1400,0.2,1
4,3,5459,2,10,5,0,500,0.6,1000,0.2,1400,0.2,1
4,4,10578,2,10,5,0,500,0.6,1000,0.2,1400,0.2,1
4,5,4743,2,10,5,0,666,0.42,420,0.58,1
4,6,13946,0,0,500,0.6,1000,0.2,1400,0.2,1
4,7,11305,0,0,300,0.5,572,0.32,486,0.18,1
4,8,1448,0,0,666,0.42,420,0.58,1
4,9,13671,2,10,5,0,300,0.5,1700,0.5,1
4,10,12457,2,10,5,0,666,0.42,420,0.58,1
4,11,13895,1,0,300,0.5,572,0.32,486,0.18,1
5,0,14138,2,10,5,0,500,0.6,1000,0.2,1400,0.2,1
5,1,5189,1,0,300,0.5,572,0.32,486,0.18,1
5,2,11318,2,10,5,0,666,0.42,420,0.58,1
5,3,1506,0,0,300,0.5,1700,0.5,1
5,4,6847,0,0,300,0.5,572,0.32,486,0.18,1
5,5,12665,0,0,300,0.5,572,0.32,486,0.18,1
5,6,11069,2,10,5,0,666,0.42,420,0.58,1
5,7,5567,2,10,5,0,300,0.5,1700,0.5,1
5,8,7584,0,0,500,0.6,1000,0.2,1400,0.2,1
5,9,6788,1,0,300,0.5,572,0.32,486,0.18,1
5,10,13985,0,0,300,0.5,572,0.32,486,0.18,1
5,11,7506,2,10,5,0,500,0.6,1000,0.2,1400,0.2,1
6,0,8687,2,10,5,0,500,0.6,1000,0.2,1400,0.2,1
6,1,7116,0,0,300,0.5,1700,0.5,1
6,2,6929,0,0,300,0.5,1700,0.5,1
6,3,10552,2,10,5,0,300,0.5,572,0.32,486,0.18,1
6,4,5530,1,0,300,0.5,1700,0.5,1
6,5,1319,0,0,300,0.5,1700,0.5,1
6,6,4380,2,10,5,0,500,0.6,1000,0.2,1400,0.2,1
6,7,1111,1,0,500,0.6,1000,0.2,1400,0.2,1
6,8,3009,0,0,500,0.6,1000,0.2,1400,0.2,1
6,9,13211,0,0,500,0.6,1000,0.2,1400,0.2,1
6,10,4263,1,0,500,0.6,1000,0.2,1400,0.2,1
6,11,3108,0,0,666,0.42,420,0.58,1
7,0,8893,1,0,300,0.5,572,0.32,486,0.18,1
7,1,3382,1,0,300,0.5,572,0.32,486,0.18,1
7,2,267,2,10,5,0,666,0.42,420,0.58,1
7,3,1580,1,0,300,0.5,572,0.32,486,0.18,1
7,4,7774,0,0,300,0.5,1700,0.5,1
7,5,10131,2,10,5,0,300,0.5,1700,0.5,1
7,6,9525,0,0,500,0.6,1000,0.2,1400,0.2,1
7,7,9605,0,0,500,0.6,1000,0.2,1400,0.2,1
7,8,8229,1,0,666,0.42,420,0.58,1
7,9,14766,0,0,300,0.5,1700,0.5,1
7,10,5141,0,0,500,0.6,1000,0.2,1400,0.2,1
7,11,9439,1,0,500,0.6,1000,0.2,1400,0.2,1
8,0,7850,1,0,500,0.6,1000,0.2,1400,0.2,1
8,1,12358,0,0,666,0.42,420,0.58,1
8,2,12866,2,10,5,0,500,0.6,1000,0.2,1400,0.2,1
8,3,10969,1,0,300,0.5,572,0.32,486,0.18,1
8,4,6186,2,10,5,0,666,0.42,420,0.58,1
8,5,8356,0,0,500,0.6,1000,0.2,1400,0.2,1
8,6,4879,0,0,300,0.5,572,0.32,486,0.18,1
8,7,50,2,10,5,0,300,0.5,1700,0.5,1
8,8,6855,0,0,500,0.6,1000,0.2,1400,0.2,1
8,9,3394,2,10,5,0,666,0.42,420,0.58,1
8,10,11194,1,0,500,0.6,1000,0.2,1400,0.2,1
8,11,6339,2,10,5,0,500,0.6,1000,0.2,1400,0.2,1
9,0,244,2,10,5,0,500,0.6,1000,0.2,1400,0.2,1
9,1,12049,1,0,666,0.42,420,0.58,1
9,2,11626,1,0,300,0.5,1700,0.5,1
9,3,9566,2,10,5,0,300,0.5,1700,0.5,1
9,4,10736,2,10,5,0,666,0.42,420,0.58,1
9,5,1014,0,0,300,0.5,1700,0.5,1
9,6,1763,2,10,5,0,300,0.5,572,0.32,486,0.18,1
9,7,10325,2,10,5,0,666,0.42,420,0.58,1
9,8,9630,2,10,5,0,300,0.5,1700,0.5,1
9,9,8372,2,10,5,0,666,0.42,420,0.58,1
9,10,4045,0,0,666,0.42,420,0.58,1
9,11,9953,1,0,300,0.5,1700,0.5,1
10,0,9942,2,10,5,0,500,0.6,1000,0.2,1400,0.2,1
10,1,9851,0,0,300,0.5,1700,0.5,1
10,2,5181,2,10,5,0,300,0.5,572,0.32,486,0.18,1
10,3,6401,2,10,5,0,500,0.6,1000,0.2,1400,0.2,1
10,4,4850,2,10,5,0,300,0.5,1700,0.5,1
10,5,2577,0,0,500,0.6,1000,0.2,1400,0.2,1
10,6,4360,1,0,300,0.5,1700,0.5,1
10,7,4345,1,0,500,0.6,1000,0.2,1400,0.2,1
10,8,308,1,0,300,0.5,572,0.32,486,0.18,1
10,9,1785,0,0,500,0.6,1000,0.2,1400,0.2,1
10,10,4191,1,0,300,0.5,572,0.32,486,0.18,1
10,11,12688,1,0,500,0.6,1000,0.2,1400,0.2,1
11,0,9084,0,0,300,0.5,572,0.32,486,0.18,1
11,1,6023,0,0,666,0.42,420,0.58,1
11,2,12917,1,0,666,0.42,420,0.58,1
11,3,5708,2,10,5,0,300,0.5,1700,0.5,1
11,4,5751,2,10,5,0,300,0.5,572,0.32,486,0.18,1
11,5,9491,2,10,5,0,666,0.42,420,0.58,1
11,6,2456,2,10,5,0,500,0.6,1000,0.2,1400,0.2,1
11,7,8574,0,0,500,0.6,1000,0.2,1400,0.2,1
11,8,8228,2,10,5,0,300,0.5,572,0.32,486,0.18,1
11,9,6742,1,0,300,0.5,572,0.32,486,0.18,1
11,10,6191,1,0,300,0.5,572,0.32,486,0.18,1
11,11,7042,1,0,300,0.5,1700,0.5,1
