0,0,2186,1,0,300,0.5,1700,0.5,1
0,1,6061,0,0,666,0.42,420,0.58,1
0,2,14414,0,0,300,0.5,1700,0.5,1
0,3,12463,1,0,500,0.6,1000,0.2,1400,0.2,1
0,4,8320,2,10,5,0,500,0.6,1000,0.2,1400,0.2,1
0,5,1301,2,10,5,0,666,0.42,420,0.58,1
0,6,9332,0,0,666,0.42,420,0.58,1
0,7,6280,2,10,5,0,500,0.6,1000,0.2,1400,0.2,1
0,8,13714,1,0,300,0.5,572,0.32,486,0.18,1
0,9,3867,2,10,5,0,300,0.5,572,0.32,486,0.18,1
0,10,927,1,0,500,0.6,1000,0.2,1400,0.2,1
0,11,6768,0,0,300,0.5,572,0.32,486,0.18,1
1,0,4052,2,10,5,0,300,0.5,1700,0.5,1
1,1,10548,1,0,500,0.6,1000,0.2,1400,0.2,1
1,2,2344,0,0,500,0.6,1000,0.2,1400,0.2,0
1,3,776,0,0,666,0.42,420,0.58,1
1,4,8812,1,0,300,0.5,1700,0.5,1
1,5,7040,2,10,5,0,666,0.42,420,0.58,1
1,6,10728,1,0,500,0.6,1000,0.2,1400,0.2,1
1,7,923,0,0,666,0.42,420,0.58,1
1,8,6553,1,0,500,0.6,1000,0.2,1400,0.2,1
1,9,11801,2,10,5,0,300,0.5,572,0.32,486,0.18,1
1,10,5393,2,10,5,0,300,0.5,572,0.32,486,0.18,1
1,11,5115,2,10,5,0,300,0.5,1700,0.5,1
2,0,11813,0,0,500,0.6,1000,0.2,1400,0.2,1
2,1,552,2,10,5,0,300,0.5,572,0.32,486,0.18,1
2,2,3484,2,10,5,0,666,0.42,420,0.58,1
2,3,9536,0,0,666,0.42,420,0.58,1
2,4,2429,2,10,5,0,300,0.5,1700,0.5,1
2,5,3624,2,10,5,0,666,0.42,420,0.58,1
2,6,7763,2,10,5,0,500,0.6,1000,0.2,1400,0.2,1
2,7,9460,1,0,500,0.6,1000,0.2,1400,0.2,1
2,8,4666,2,10,5,0,500,0.6,1000,0.2,1400,0.2,1
2,9,9728,1,0,300,0.5,572,0.32,486,0.18,1
2,10,6141,2,10,5,0,300,0.5,1700,0.5,1
2,11,9206,0,0,300,0.5,572,0.32,486,0.18,1
3,0,10053,1,0,666,0.42,420,0.58,1
3,1,5534,2,10,5,0,500,0.6,1000,0.2,1400,0.2,1
3,2,9747,0,0,666,0.42,420,0.58,1
3,3,11454,2,10,5,0,300,0.5,572,0.32,486,0.18,1
3,4,10018,0,0,300,0.5,572,0.32,486,0.18,1
3,5,5814,1,0,300,0.5,572,0.32,486,0.18,1
3,6,12241,0,0,300,0.5,572,0.32,486,0.18,1
3,7,12258,2,10,5,0,300,0.5,1700,0.5,1
3,8,4090,2,10,5,0,300,0.5,1700,0.5,1
3,9,585,0,0,300,0.5,572,0.32,486,0.18,1
3,10,12046,0,0,300,0.5,572,0.32,486,0.18,1
3,11,14326,0,0,666,0.42,420,0.58,1
4,0,11563,2,10,5,0,666,0.42,420,0.58,1
4,1,7806,2,10,5,0,300,0.5,1700,0.5,1
4,2,14019,0,0,666,0.42,420,0.58,1
4,3,4651,0,0,300,0.5,1700,0.5,1
4,4,13983,0,0,500,0.6,1000,0.2,1400,0.2,1
4,5,206,2,10,5,0,500,0.6,1000,0.2,1400,0.2,1
4,6,31,0,0,666,0.42,420,0.58,1
4,7,14691,0,0,300,0.5,1700,0.5,1
4,8,9079,0,0,666,0.42,420,0.58,1
4,9,14391,2,10,5,0,500,0.6,1000,0.2,1400,0.2,1
4,10,4516,0,0,300,0.5,1700,0.5,1
4,11,8589,2,10,5,0,300,0.5,572,0.32,486,0.18,1
5,0,11253,0,0,666,0.42,420,0.58,1
5,1,6685,0,0,300,0.5,572,0.32,486,0.18,1
5,2,7934,0,0,300,0.5,1700,0.5,1
5,3,392,1,0,300,0.5,1700,0.5,1
5,4,1290,1,0,300,0.5,572,0.32,486,0.18,1
5,5,3844,1,0,300,0.5,1700,0.5,1
5,6,7007,1,0,500,0.6,1000,0.2,1400,0.2,1
5,7,877,2,10,5,0,300,0.5,1700,0.5,1
5,8,442,2,10,5,0,500,0.6,1000,0.2,1400,0.2,1
5,9,13521,2,10,5,0,300,0.5,1700,0.5,1
5,10,12777,0,0,500,0.6,1000,0.2,1400,0.2,1
5,11,9274,0,0,500,0.6,1000,0.2,1400,0.2,1
6,0,7843,2,10,5,0,666,0.42,420,0.58,1
6,1,1552,2,10,5,0,666,0.42,420,0.58,1
6,2,14394,1,0,666,0.42,420,0.58,1
6,3,6257,1,0,300,0.5,572,0.32,486,0.18,1
6,4,430,2,10,5,0,500,0.6,1000,0.2,1400,0.2,1
6,5,6892,1,0,300,0.5,1700,0.5,1
6,6,5305,1,0,300,0.5,572,0.32,486,0.18,1
6,7,4738,0,0,666,0.42,420,0.58,1
6,8,2704,1,0,500,0.6,1000,0.2,1400,0.2,1
6,9,11940,0,0,500,0.6,1000,0.2,1400,0.2,1
6,10,1978,1,0,300,0.5,1700,0.5,1
6,11,114,1,0,500,0.6,1000,0.2,1400,0.2,1
7,0,7719,2,10,5,0,300,0.5,572,0.32,486,0.18,1
7,1,376,2,10,5,0,666,0.42,420,0.58,1
7,2,14619,1,0,300,0.5,572,0.32,486,0.18,1
7,3,9304,1,0,666,0.42,420,0.58,1
7,4,3327,0,0,300,0.5,1700,0.5,1
7,5,2170,1,0,300,0.5,572,0.32,486,0.18,1
7,6,12486,2,10,5,0,300,0.5,1700,0.5,1
7,7,1300,1,0,666,0.42,420,0.58,1
7,8,724,2,10,5,0,300,0.5,572,0.32,486,0.18,1
7,9,11671,0,0,300,0.5,572,0.32,486,0.18,1
7,10,13690,0,0,300,0.5,1700,0.5,1
7,11,9470,2,10,5,0,300,0.5,1700,0.5,1
8,0,13835,1,0,666,0.42,420,0.58,1
8,1,6946,0,0,500,0.6,1000,0.2,1400,0.2,1
8,2,3376,1,0,300,0.5,1700,0.5,1
8,3,3808,0,0,500,0.6,1000,0.2,1400,0.2,1
8,4,4583,2,10,5,0,300,0.5,572,0.32,486,0.18,1
8,5,8966,0,0,666,0.42,420,0.58,1
8,6,6133,1,0,300,0.5,1700,0.5,1
8,7,2865,0,0,300,0.5,572,0.32,486,0.18,1
8,8,9758,2,10,5,0,300,0.5,1700,0.5,1
8,9,12879,1,0,666,0.42,420,0.58,1
8,10,14600,1,0,300,0.5,1700,0.5,1
8,11,12062,2,10,5,0,500,0.6,1000,0.2,1400,0.2,1
9,0,9034,2,10,5,0,300,0.5,1700,0.5,1
9,1,9723,1,0,300,0.5,1700,0.5,1
9,2,2586,1,0,666,0.42,420,0.58,1
9,3,8521,2,10,5,0,300,0.5,1700,0.5,1
9,4,5144,1,0,300,0.5,1700,0.5,1
9,5,14243,2,10,5,0,300,0.5,1700,0.5,1
9,6,8618,2,10,5,0,500,0.6,1000,0.2,1400,0.2,1
9,7,9784,2,10,5,0,300,0.5,572,0.32,486,0.18,1
9,8,8092,1,0,300,0.5,1700,0.5,1
9,9,2450,2,10,5,0,300,0.5,1700,0.5,1
9,10,9025,2,10,5,0,300,0.5,572,0.32,486,0.18,1
9,11,7912,0,0,300,0.5,572,0.32,486,0.18,1
10,0,6391,0,0,666,0.42,420,0.58,1
10,1,9212,0,0,300,0.5,1700,0.5,1
10,2,3882,1,0,666,0.42,420,0.58,1
10,3,1180,2,10,5,0,300,0.5,572,0.32,486,0.18,1
10,4,2337,0,0,300,0.5,1700,0.5,1
10,5,9250,1,0,300,0.5,1700,0.5,1
10,6,4222,2,10,5,0,300,0.5,1700,0.5,1
10,7,5170,1,0,666,0.42,420,0.58,1
10,8,11979,2,10,5,0,300,0.5,572,0.32,486,0.18,1
10,9,1244,1,0,500,0.6,1000,0.2,1400,0.2,1
10,10,10375,2,10,5,0,300,0.5,1700,0.5,1
10,11,2186,2,10,5,0,300,0.5,572,0.32,486,0.18,1
11,0,8420,0,0,500,0.6,1000,0.2,1400,0.2,1
11,1,9493,0,0,300,0.5,572,0.32,486,0.18,1
11,2,9097,1,0,500,0.6,1000,0.2,1400,0.2,1
11,3,3172,1,0,666,0.42,420,0.58,1
11,4,14260,2,10,5,0,500,0.6,1000,0.2,1400,0.2,1
11,5,12480,0,0,300,0.5,572,0.32,486,0.18,1
11,6,9218,2,10,5,0,300,0.5,1700,0.5,1
11,7,10747,0,0,666,0.42,420,0.58,1
11,8,2591,2,10,5,0,300,0.5,572,0.32,486,0.18,1
11,9,3663,0,0,300,0.5,1700,0.5,1
11,10,2741,1,0,300,0.5,1700,0.5,1
11,11,11928,2,10,5,0,666,0.42,420,0.58,1
