0,0,9212,2,10,5,0,666,0.42,420,0.58,1
0,1,14807,2,10,5,0,500,0.6,1000,0.2,1400,0.2,1
0,2,13726,1,0,300,0.5,1700,0.5,1
0,3,10941,1,0,300,0.5,1700,0.5,1
0,4,14655,0,0,300,0.5,1700,0.5,1
0,5,9668,2,10,5,0,666,0.42,420,0.58,1
0,6,6664,1,0,666,0.42,420,0.58,1
0,7,4715,2,10,5,0,300,0.5,572,0.32,486,0.18,1
0,8,13156,0,0,500,0.6,1000,0.2,1400,0.2,1
0,9,1095,2,10,5,0,500,0.6,1000,0.2,1400,0.2,1
0,10,11800,0,0,300,0.5,1700,0.5,1
0,11,3052,2,10,5,0,300,0.5,572,0.32,486,0.18,1
1,0,9111,1,0,300,0.5,572,0.32,486,0.18,1
1,1,253,1,0,500,0.6,1000,0.2,1400,0.2,1
1,2,743,0,0,666,0.42,420,0.58,0
1,3,3026,0,0,300,0.5,1700,0.5,1
1,4,51,0,0,300,0.5,572,0.32,486,0.18,1
1,5,13042,1,0,666,0.42,420,0.58,1
1,6,2647,1,0,300,0.5,572,0.32,486,0.18,1
1,7,10031,0,0,500,0.6,1000,0.2,1400,0.2,1
1,8,12283,2,10,5,0,300,0.5,1700,0.5,1
1,9,12335,0,0,500,0.6,1000,0.2,1400,0.2,1
1,10,4301,0,0,666,0.42,420,0.58,1
1,11,13433,1,0,300,0.5,1700,0.5,1
2,0,12319,0,0,300,0.5,572,0.32,486,0.18,1
2,1,1890,0,0,300,0.5,1700,0.5,1
2,2,7062,2,10,5,0,300,0.5,1700,0.5,1
2,3,12425,2,10,5,0,300,0.5,1700,0.5,1
2,4,239,0,0,300,0.5,1700,0.5,1
2,5,1860,0,0,300,0.5,1700,0.5,1
2,6,8785,2,10,5,0,500,0.6,1000,0.2,1400,0.2,1
2,7,1321,0,0,300,0.5,572,0.32,486,0.18,1
2,8,4003,0,0,300,0.5,1700,0.5,1
2,9,57,1,0,300,0.5,572,0.32,486,0.18,1
2,10,5204,2,10,5,0,300,0.5,572,0.32,486,0.18,1
2,11,7178,1,0,300,0.5,572,0.32,486,0.18,1
3,0,1719,1,0,666,0.42,420,0.58,1
3,1,384,1,0,500,0.6,1000,0.2,1400,0.2,1
3,2,2148,1,0,300,0.5,1700,0.5,1
3,3,9536,2,10,5,0,300,0.5,572,0.32,486,0.18,1
3,4,3525,0,0,300,0.5,1700,0.5,1
3,5,5991,2,10,5,0,300,0.5,572,0.32,486,0.18,1
3,6,13869,1,0,300,0.5,572,0.32,486,0.18,1
3,7,11714,0,0,300,0.5,572,0.32,486,0.18,1
3,8,743,2,10,5,0,300,0.5,572,0.32,486,0.18,1
3,9,13376,1,0,300,0.5,1700,0.5,1
3,10,12936,1,0,500,0.6,1000,0.2,1400,0.2,1
3,11,6809,1,0,300,0.5,572,0.32,486,0.18,1
4,0,4676,2,10,5,0,500,0.6,1000,0.2,1400,0.2,1
4,1,13922,1,0,300,0.5,1700,0.5,1
4,2,5820,1,0,300,0.5,572,0.32,486,0.18,1
4,3,7573,2,10,5,0,300,0.5,572,0.32,486,0.18,1
4,4,2024,0,0,300,0.5,572,0.32,486,0.18,1
4,5,10076,0,0,300,0.5,1700,0.5,1
4,6,9024,1,0,300,0.5,572,0.32,486,0.18,1
4,7,9873,0,0,666,0.42,420,0.58,1
4,8,7704,0,0,300,0.5,1700,0.5,1
4,9,9153,0,0,666,0.42,420,0.58,1
4,10,3747,1,0,300,0.5,572,0.32,486,0.18,1
4,11,7318,2,10,5,0,500,0.6,1000,0.2,1400,0.2,1
5,0,6045,1,0,500,0.6,1000,0.2,1400,0.2,1
5,1,3572,2,10,5,0,300,0.5,1700,0.5,1
5,2,45,2,10,5,0,666,0.42,420,0.58,1
5,3,13460,2,10,5,0,666,0.42,420,0.58,1
5,4,8120,2,10,5,0,300,0.5,1700,0.5,1
5,5,3837,1,0,300,0.5,1700,0.5,1
5,6,4057,2,10,5,0,500,0.6,1000,0.2,1400,0.2,1
5,7,9889,1,0,500,0.6,1000,0.2,1400,0.2,1
5,8,10030,0,0,300,0.5,1700,0.5,1
5,9,5333,0,0,500,0.6,1000,0.2,1400,0.2,1
5,10,5502,1,0,300,0.5,1700,0.5,1
5,11,12710,1,0,300,0.5,1700,0.5,1
6,0,6978,0,0,500,0.6,1000,0.2,1400,0.2,1
6,1,6918,1,0,300,0.5,1700,0.5,1
6,2,4678,2,10,5,0,300,0.5,572,0.32,486,0.18,1
6,3,12498,1,0,500,0.6,1000,0.2,1400,0.2,1
6,4,3451,1,0,666,0.42,420,0.58,1
6,5,1382,0,0,300,0.5,1700,0.5,1
6,6,8744,2,10,5,0,300,0.5,1700,0.5,1
6,7,9539,2,10,5,0,500,0.6,1000,0.2,1400,0.2,1
6,8,12773,1,0,666,0.42,420,0.58,1
6,9,10905,1,0,666,0.42,420,0.58,1
6,10,691,0,0,500,0.6,1000,0.2,1400,0.2,1
6,11,11556,1,0,500,0.6,1000,0.2,1400,0.2,1
7,0,14378,1,0,300,0.5,572,0.32,486,0.18,1
7,1,6265,1,0,500,0.6,1000,0.2,1400,0.2,1
7,2,4996,1,0,300,0.5,572,0.32,486,0.18,1
7,3,14428,1,0,500,0.6,1000,0.2,1400,0.2,1
7,4,11523,1,0,500,0.6,1000,0.2,1400,0.2,1
7,5,10452,2,10,5,0,300,0.5,1700,0.5,1
7,6,9813,0,0,300,0.5,1700,0.5,1
7,7,2667,0,0,300,0.5,572,0.32,486,0.18,1
7,8,4395,1,0,500,0.6,1000,0.2,1400,0.2,1
7,9,11729,0,0,500,0.6,1000,0.2,1400,0.2,1
7,10,712,0,0,300,0.5,572,0.32,486,0.18,1
7,11,2523,0,0,500,0.6,1000,0.2,1400,0.2,1
8,0,10752,2,10,5,0,300,0.5,572,0.32,486,0.18,1
8,1,11118,2,10,5,0,500,0.6,1000,0.2,1400,0.2,1
8,2,12194,2,10,5,0,300,0.5,572,0.32,486,0.18,1
8,3,14854,0,0,500,0.6,1000,0.2,1400,0.2,1
8,4,6225,1,0,300,0.5,1700,0.5,1
8,5,10873,2,10,5,0,300,0.5,1700,0.5,1
8,6,13154,1,0,300,0.5,1700,0.5,1
8,7,11381,2,10,5,0,666,0.42,420,0.58,1
8,8,9105,0,0,300,0.5,572,0.32,486,0.18,1
8,9,491,0,0,300,0.5,1700,0.5,1
8,10,11699,0,0,500,0.6,1000,0.2,1400,0.2,1
8,11,6013,0,0,300,0.5,1700,0.5,1
9,0,1012,2,10,5,0,300,0.5,1700,0.5,1
9,1,11887,2,10,5,0,500,0.6,1000,0.2,1400,0.2,1
9,2,8191,2,10,5,0,300,0.5,1700,0.5,1
9,3,2627,1,0,500,0.6,1000,0.2,1400,0.2,1
9,4,11948,2,10,5,0,300,0.5,572,0.32,486,0.18,1
9,5,13521,1,0,300,0.5,1700,0.5,1
9,6,7365,2,10,5,0,300,0.5,572,0.32,486,0.18,1
9,7,5745,1,0,300,0.5,572,0.32,486,0.18,1
9,8,13306,2,10,5,0,666,0.42,420,0.58,1
9,9,673,0,0,666,0.42,420,0.58,1
9,10,13185,1,0,300,0.5,1700,0.5,1
9,11,5330,2,10,5,0,300,0.5,1700,0.5,1
10,0,13272,1,0,666,0.42,420,0.58,1
10,1,570,1,0,300,0.5,572,0.32,486,0.18,1
10,2,12320,0,0,500,0.6,1000,0.2,1400,0.2,1
10,3,12556,0,0,500,0.6,1000,0.2,1400,0.2,1
10,4,2044,2,10,5,0,300,0.5,1700,0.5,1
10,5,14966,0,0,300,0.5,1700,0.5,1
10,6,5041,0,0,666,0.42,420,0.58,1
10,7,14054,0,0,300,0.5,1700,0.5,1
10,8,10563,0,0,500,0.6,1000,0.2,1400,0.2,1
10,9,8764,2,10,5,0,300,0.5,572,0.32,486,0.18,1
10,10,12117,2,10,5,0,500,0.6,1000,0.2,1400,0.2,1
10,11,11511,2,10,5,0,666,0.42,420,0.58,1
11,0,7073,1,0,300,0.5,572,0.32,486,0.18,1
11,1,3191,1,0,500,0.6,1000,0.2,1400,0.2,1
11,2,9063,1,0,300,0.5,572,0.32,486,0.18,1
11,3,10379,0,0,666,0.42,420,0.58,1
11,4,2620,0,0,300,0.5,1700,0.5,1
11,5,921,1,0,300,0.5,572,0.32,486,0.18,1
11,6,12429,1,0,500,0.6,1000,0.2,1400,0.2,1
11,7,9388,2,10,5,0,666,0.42,420,0.58,1
11,8,46,2,10,5,0,666,0.42,420,0.58,1
11,9,225,0,0,300,0.5,572,0.32,486,0.18,1
11,10,1500,2,10,5,0,500,0.6,1000,0.2,1400,0.2,1
11,11,4804,0,0,300,0.5,572,0.32,486,0.18,1
