0,0,1867,0,0,300,0.5,572,0.32,486,0.18,1
0,1,4505,0,0,500,0.6,1000,0.2,1400,0.2,1
0,2,5701,2,10,5,0,300,0.5,1700,0.5,1
0,3,5504,1,0,300,0.5,572,0.32,486,0.18,1
0,4,982,2,10,5,0,500,0.6,1000,0.2,1400,0.2,1
0,5,4364,1,0,500,0.6,1000,0.2,1400,0.2,1
0,6,10008,1,0,666,0.42,420,0.58,1
0,7,11878,1,0,300,0.5,572,0.32,486,0.18,1
0,8,12389,2,10,5,0,666,0.42,420,0.58,1
0,9,9214,2,10,5,0,300,0.5,572,0.32,486,0.18,1
0,10,242,0,0,300,0.5,1700,0.5,1
0,11,11908,1,0,500,0.6,1000,0.2,1400,0.2,1
1,0,5354,0,0,300,0.5,1700,0.5,1
1,1,12594,0,0,300,0.5,1700,0.5,1
1,2,3910,0,0,500,0.6,1000,0.2,1400,0.2,0
1,3,12037,0,0,300,0.5,572,0.32,486,0.18,1
1,4,14879,1,0,300,0.5,1700,0.5,1
1,5,5340,1,0,300,0.5,572,0.32,486,0.18,1
1,6,12836,1,0,300,0.5,1700,0.5,1
1,7,7171,0,0,300,0.5,572,0.32,486,0.18,1
1,8,8255,1,0,300,0.5,1700,0.5,1
1,9,14077,2,10,5,0,500,0.6,1000,0.2,1400,0.2,1
1,10,2514,0,0,300,0.5,572,0.32,486,0.18,1
1,11,5879,0,0,300,0.5,572,0.32,486,0.18,1
2,0,8352,0,0,300,0.5,1700,0.5,1
2,1,4085,0,0,300,0.5,1700,0.5,1
2,2,4354,2,10,5,0,300,0.5,572,0.32,486,0.18,1
2,3,2063,1,0,300,0.5,1700,0.5,1
2,4,9145,0,0,300,0.5,572,0.32,486,0.18,1
2,5,6735,2,10,5,0,666,0.42,420,0.58,1
2,6,10113,2,10,5,0,300,0.5,1700,0.5,1
2,7,7482,1,0,500,0.6,1000,0.2,1400,0.2,1
2,8,13518,0,0,500,0.6,1000,0.2,1400,0.2,1
2,9,4064,0,0,300,0.5,1700,0.5,1
2,10,4998,0,0,666,0.42,420,0.58,1
2,11,8403,0,0,500,0.6,1000,0.2,1400,0.2,1
3,0,1085,0,0,666,0.42,420,0.58,1
3,1,9737,2,10,5,0,666,0.42,420,0.58,1
3,2,8146,2,10,5,0,666,0.42,420,0.58,1
3,3,3983,1,0,300,0.5,572,0.32,486,0.18,1
3,4,3747,0,0,300,0.5,1700,0.5,1
3,5,5196,2,10,5,0,300,0.5,572,0.32,486,0.18,1
3,6,7205,0,0,300,0.5,572,0.32,486,0.18,1
3,7,166,2,10,5,0,666,0.42,420,0.58,1
3,8,6345,2,10,5,0,300,0.5,572,0.32,486,0.18,1
3,9,3772,1,0,300,0.5,1700,0.5,1
3,10,3125,0,0,666,0.42,420,0.58,1
3,11,1965,1,0,300,0.5,572,0.32,486,0.18,1
4,0,1776,1,0,500,0.6,1000,0.2,1400,0.2,1
4,1,11962,0,0,300,0.5,572,0.32,486,0.18,1
4,2,405,1,0,666,0.42,420,0.58,1
4,3,5305,2,10,5,0,500,0.6,1000,0.2,1400,0.2,1
4,4,14431,1,0,300,0.5,1700,0.5,1
4,5,3613,1,0,300,0.5,572,0.32,486,0.18,1
4,6,11572,1,0,500,0.6,1000,0.2,1400,0.2,1
4,7,11916,2,10,5,0,500,0.6,1000,0.2,1400,0.2,1
4,8,11992,0,0,300,0.5,1700,0.5,1
4,9,14596,2,10,5,0,666,0.42,420,0.58,1
4,10,10709,2,10,5,0,666,0.42,420,0.58,1
4,11,5475,1,0,300,0.5,572,0.32,486,0.18,1
5,0,10926,2,10,5,0,300,0.5,572,0.32,486,0.18,1
5,1,13211,2,10,5,0,666,0.42,420,0.58,1
5,2,11918,2,10,5,0,300,0.5,1700,0.5,1
5,3,14892,0,0,666,0.42,420,0.58,1
5,4,11301,2,10,5,0,300,0.5,1700,0.5,1
5,5,13003,2,10,5,0,666,0.42,420,0.58,1
5,6,6236,2,10,5,0,300,0.5,572,0.32,486,0.18,1
5,7,1770,1,0,300,0.5,1700,0.5,1
5,8,14812,2,10,5,0,300,0.5,572,0.32,486,0.18,1
5,9,1643,1,0,300,0.5,1700,0.5,1
5,10,9663,2,10,5,0,300,0.5,572,0.32,486,0.18,1
5,11,13924,1,0,300,0.5,572,0.32,486,0.18,1
6,0,205,2,10,5,0,666,0.42,420,0.58,1
6,1,2842,1,0,500,0.6,1000,0.2,1400,0.2,1
6,2,7698,2,10,5,0,300,0.5,572,0.32,486,0.18,1
6,3,9173,0,0,300,0.5,572,0.32,486,0.18,1
6,4,6883,0,0,500,0.6,1000,0.2,1400,0.2,1
6,5,5207,0,0,666,0.42,420,0.58,1
6,6,2568,0,0,500,0.6,1000,0.2,1400,0.2,1
6,7,4284,2,10,5,0,666,0.42,420,0.58,1
6,8,14887,1,0,300,0.5,572,0.32,486,0.18,1
6,9,5227,2,10,5,0,500,0.6,1000,0.2,1400,0.2,1
6,10,14357,2,10,5,0,300,0.5,572,0.32,486,0.18,1
6,11,3671,0,0,666,0.42,420,0.58,1
7,0,3966,1,0,500,0.6,1000,0.2,1400,0.2,1
7,1,1622,0,0,300,0.5,1700,0.5,1
7,2,13650,2,10,5,0,500,0.6,1000,0.2,1400,0.2,1
7,3,4408,2,10,5,0,666,0.42,420,0.58,1
7,4,5466,0,0,300,0.5,572,0.32,486,0.18,1
7,5,1277,1,0,500,0.6,1000,0.2,1400,0.2,1
7,6,10294,2,10,5,0,300,0.5,572,0.32,486,0.18,1
7,7,11786,0,0,300,0.5,572,0.32,486,0.18,1
7,8,7308,0,0,300,0.5,1700,0.5,1
7,9,5423,1,0,300,0.5,1700,0.5,1
7,10,4614,0,0,500,0.6,1000,0.2,1400,0.2,1
7,11,3547,0,0,500,0.6,1000,0.2,1400,0.2,1
8,0,2900,0,0,300,0.5,1700,0.5,1
8,1,14956,0,0,300,0.5,1700,0.5,1
8,2,9693,1,0,300,0.5,1700,0.5,1
8,3,3913,1,0,300,0.5,572,0.32,486,0.18,1
8,4,2241,0,0,666,0.42,420,0.58,1
8,5,8214,2,10,5,0,300,0.5,572,0.32,486,0.18,1
8,6,11474,0,0,300,0.5,572,0.32,486,0.18,1
8,7,7822,1,0,500,0.6,1000,0.2,1400,0.2,1
8,8,7277,2,10,5,0,500,0.6,1000,0.2,1400,0.2,1
8,9,10759,1,0,666,0.42,420,0.58,1
8,10,6243,1,0,500,0.6,1000,0.2,1400,0.2,1
8,11,8669,0,0,666,0.42,420,0.58,1
9,0,13793,1,0,300,0.5,1700,0.5,1
9,1,12901,2,10,5,0,500,0.6,1000,0.2,1400,0.2,1
9,2,6635,0,0,500,0.6,1000,0.2,1400,0.2,1
9,3,4478,1,0,300,0.5,572,0.32,486,0.18,1
9,4,9549,1,0,500,0.6,1000,0.2,1400,0.2,1
9,5,4261,0,0,300,0.5,1700,0.5,1
9,6,11297,0,0,666,0.42,420,0.58,1
9,7,3232,2,10,5,0,300,0.5,572,0.32,486,0.18,1
9,8,3765,1,0,300,0.5,572,0.32,486,0.18,1
9,9,2893,0,0,666,0.42,420,0.58,1
9,10,14253,2,10,5,0,666,0.42,420,0.58,1
9,11,10379,1,0,300,0.5,572,0.32,486,0.18,1
10,0,3860,1,0,666,0.42,420,0.58,1
10,1,13067,0,0,500,0.6,1000,0.2,1400,0.2,1
10,2,8807,1,0,300,0.5,1700,0.5,1
10,3,6544,2,10,5,0,666,0.42,420,0.58,1
10,4,9193,0,0,300,0.5,572,0.32,486,0.18,1
10,5,2849,2,10,5,0,300,0.5,572,0.32,486,0.18,1
10,6,7423,0,0,300,0.5,572,0.32,486,0.18,1
10,7,6055,1,0,666,0.42,420,0.58,1
10,8,4002,1,0,500,0.6,1000,0.2,1400,0.2,1
10,9,10494,2,10,5,0,500,0.6,1000,0.2,1400,0.2,1
10,10,8211,1,0,300,0.5,572,0.32,486,0.18,1
10,11,3765,0,0,300,0.5,572,0.32,486,0.18,1
11,0,14208,0,0,300,0.5,1700,0.5,1
11,1,5410,1,0,666,0.42,420,0.58,1
11,2,13835,2,10,5,0,500,0.6,1000,0.2,1400,0.2,1
11,3,12848,2,10,5,0,500,0.6,1000,0.2,1400,0.2,1
11,4,13564,0,0,300,0.5,572,0.32,486,0.18,1
11,5,266,1,0,300,0.5,572,0.32,486,0.18,1
11,6,13937,0,0,500,0.6,1000,0.2,1400,0.2,1
11,7,10678,2,10,5,0,500,0.6,1000,0.2,1400,0.2,1
11,8,5418,2,10,5,0,300,0.5,572,0.32,486,0.18,1
11,9,2904,2,10,5,0,666,0.42,420,0.58,1
11,10,10304,0,0,300,0.5,1700,0.5,1
11,11,8667,1,0,500,0.6,1000,0.2,1400,0.2,1
