0,0,10891,0,0,666,0.42,420,0.58,1
0,1,856,0,0,666,0.42,420,0.58,1
0,2,4685,0,0,500,0.6,1000,0.2,1400,0.2,1
0,3,9862,1,0,300,0.5,1700,0.5,1
0,4,2606,1,0,666,0.42,420,0.58,1
0,5,8492,0,0,666,0.42,420,0.58,1
0,6,612,0,0,500,0.6,1000,0.2,1400,0.2,1
0,7,3512,1,0,300,0.5,1700,0.5,1
0,8,11333,2,10,5,0,300,0.5,1700,0.5,1
0,9,11299,0,0,666,0.42,420,0.58,1
0,10,12497,1,0,666,0.42,420,0.58,1
0,11,13644,0,0,300,0.5,572,0.32,486,0.18,1
1,0,2672,1,0,666,0.42,420,0.58,1
1,1,5589,0,0,500,0.6,1000,0.2,1400,0.2,1
1,2,10738,0,0,300,0.5,572,0.32,486,0.18,0
1,3,1859,2,10,5,0,666,0.42,420,0.58,1
1,4,6841,2,10,5,0,300,0.5,572,0.32,486,0.18,1
1,5,3337,1,0,300,0.5,572,0.32,486,0.18,1
1,6,3299,2,10,5,0,300,0.5,1700,0.5,1
1,7,12854,1,0,666,0.42,420,0.58,1
1,8,5288,1,0,300,0.5,572,0.32,486,0.18,1
1,9,2493,2,10,5,0,666,0.42,420,0.58,1
1,10,6735,1,0,500,0.6,1000,0.2,1400,0.2,1
1,11,6243,0,0,300,0.5,1700,0.5,1
2,0,1974,1,0,500,0.6,1000,0.2,1400,0.2,1
2,1,8817,0,0,500,0.6,1000,0.2,1400,0.2,1
2,2,10363,1,0,666,0.42,420,0.58,1
2,3,11266,0,0,300,0.5,1700,0.5,1
2,4,1048,1,0,500,0.6,1000,0.2,1400,0.2,1
2,5,14411,0,0,300,0.5,1700,0.5,1
2,6,2906,2,10,5,0,666,0.42,420,0.58,1
2,7,6835,0,0,500,0.6,1000,0.2,1400,0.2,1
2,8,12944,0,0,500,0.6,1000,0.2,1400,0.2,1
2,9,8768,0,0,666,0.42,420,0.58,1
2,10,12601,2,10,5,0,500,0.6,1000,0.2,1400,0.2,1
2,11,1631,2,10,5,0,300,0.5,1700,0.5,1
3,0,8943,0,0,300,0.5,1700,0.5,1
3,1,240,1,0,666,0.42,420,0.58,1
3,2,2327,2,10,5,0,300,0.5,572,0.32,486,0.18,1
3,3,6262,0,0,500,0.6,1000,0.2,1400,0.2,1
3,4,12596,0,0,300,0.5,572,0.32,486,0.18,1
3,5,7641,0,0,300,0.5,1700,0.5,1
3,6,9283,0,0,666,0.42,420,0.58,1
3,7,11215,0,0,300,0.5,1700,0.5,1
3,8,6792,1,0,666,0.42,420,0.58,1
3,9,12893,0,0,300,0.5,572,0.32,486,0.18,1
3,10,8712,2,10,5,0,300,0.5,1700,0.5,1
3,11,3481,2,10,5,0,300,0.5,1700,0.5,1
4,0,13702,2,10,5,0,300,0.5,1700,0.5,1
4,1,8494,1,0,300,0.5,572,0.32,486,0.18,1
4,2,5351,2,10,5,0,666,0.42,420,0.58,1
4,3,12689,2,10,5,0,300,0.5,572,0.32,486,0.18,1
4,4,5980,2,10,5,0,300,0.5,1700,0.5,1
4,5,1643,2,10,5,0,300,0.5,1700,0.5,1
4,6,113,1,0,300,0.5,572,0.32,486,0.18,1
4,7,10793,1,0,500,0.6,1000,0.2,1400,0.2,1
4,8,115,1,0,300,0.5,1700,0.5,1
4,9,3779,0,0,666,0.42,420,0.58,1
4,10,4461,0,0,300,0.5,572,0.32,486,0.18,1
4,11,6009,0,0,500,0.6,1000,0.2,1400,0.2,1
5,0,6778,1,0,666,0.42,420,0.58,1
5,1,3593,1,0,500,0.6,1000,0.2,1400,0.2,1
5,2,14098,0,0,500,0.6,1000,0.2,1400,0.2,1
5,3,10519,0,0,666,0.42,420,0.58,1
5,4,3429,2,10,5,0,300,0.5,572,0.32,486,0.18,1
5,5,233,2,10,5,0,500,0.6,1000,0.2,1400,0.2,1
5,6,5545,0,0,666,0.42,420,0.58,1
5,7,1688,0,0,500,0.6,1000,0.2,1400,0.2,1
5,8,13764,1,0,500,0.6,1000,0.2,1400,0.2,1
5,9,14902,0,0,500,0.6,1000,0.2,1400,0.2,1
5,10,13296,2,10,5,0,666,0.42,420,0.58,1
5,11,4023,1,0,500,0.6,1000,0.2,1400,0.2,1
6,0,10847,2,10,5,0,300,0.5,1700,0.5,1
6,1,1561,0,0,666,0.42,420,0.58,1
6,2,4401,0,0,300,0.5,1700,0.5,1
6,3,1207,0,0,666,0.42,420,0.58,1
6,4,9464,2,10,5,0,300,0.5,1700,0.5,1
6,5,11245,1,0,300,0.5,572,0.32,486,0.18,1
6,6,6483,0,0,666,0.42,420,0.58,1
6,7,13357,0,0,300,0.5,572,0.32,486,0.18,1
6,8,9888,1,0,500,0.6,1000,0.2,1400,0.2,1
6,9,14456,2,10,5,0,300,0.5,1700,0.5,1
6,10,828,1,0,500,0.6,1000,0.2,1400,0.2,1
6,11,11569,0,0,666,0.42,420,0.58,1
7,0,7425,2,10,5,0,300,0.5,1700,0.5,1
7,1,6718,1,0,300,0.5,1700,0.5,1
7,2,4107,0,0,500,0.6,1000,0.2,1400,0.2,1
7,3,1293,0,0,500,0.6,1000,0.2,1400,0.2,1
7,4,6765,0,0,300,0.5,1700,0.5,1
7,5,10498,2,10,5,0,300,0.5,572,0.32,486,0.18,1
7,6,7302,0,0,300,0.5,1700,0.5,1
7,7,3394,2,10,5,0,300,0.5,1700,0.5,1
7,8,11114,2,10,5,0,666,0.42,420,0.58,1
7,9,4870,0,0,300,0.5,1700,0.5,1
7,10,11522,0,0,666,0.42,420,0.58,1
7,11,6354,2,10,5,0,666,0.42,420,0.58,1
8,0,6878,1,0,666,0.42,420,0.58,1
8,1,1180,1,0,666,0.42,420,0.58,1
8,2,10056,0,0,500,0.6,1000,0.2,1400,0.2,1
8,3,5050,1,0,300,0.5,1700,0.5,1
8,4,10361,0,0,500,0.6,1000,0.2,1400,0.2,1
8,5,12109,0,0,300,0.5,1700,0.5,1
8,6,5037,0,0,300,0.5,1700,0.5,1
8,7,9807,1,0,500,0.6,1000,0.2,1400,0.2,1
8,8,3674,0,0,666,0.42,420,0.58,1
8,9,10832,1,0,300,0.5,1700,0.5,1
8,10,6866,0,0,300,0.5,1700,0.5,1
8,11,12786,1,0,300,0.5,572,0.32,486,0.18,1
9,0,13442,0,0,300,0.5,1700,0.5,1
9,1,2290,2,10,5,0,300,0.5,572,0.32,486,0.18,1
9,2,5370,1,0,666,0.42,420,0.58,1
9,3,7637,0,0,666,0.42,420,0.58,1
9,4,11850,1,0,300,0.5,1700,0.5,1
9,5,76,1,0,300,0.5,1700,0.5,1
9,6,14161,2,10,5,0,666,0.42,420,0.58,1
9,7,9318,1,0,300,0.5,1700,0.5,1
9,8,9000,0,0,500,0.6,1000,0.2,1400,0.2,1
9,9,333,2,10,5,0,666,0.42,420,0.58,1
9,10,4767,0,0,300,0.5,1700,0.5,1
9,11,8780,1,0,500,0.6,1000,0.2,1400,0.2,1
10,0,13564,2,10,5,0,300,0.5,572,0.32,486,0.18,1
10,1,1713,0,0,300,0.5,572,0.32,486,0.18,1
10,2,7914,1,0,500,0.6,1000,0.2,1400,0.2,1
10,3,7294,2,10,5,0,300,0.5,1700,0.5,1
10,4,7829,2,10,5,0,300,0.5,572,0.32,486,0.18,1
10,5,12439,2,10,5,0,500,0.6,1000,0.2,1400,0.2,1
10,6,4285,0,0,300,0.5,1700,0.5,1
10,7,7334,1,0,666,0.42,420,0.58,1
10,8,13369,1,0,300,0.5,1700,0.5,1
10,9,1627,0,0,300,0.5,1700,0.5,1
10,10,7357,1,0,500,0.6,1000,0.2,1400,0.2,1
10,11,13092,0,0,666,0.42,420,0.58,1
11,0,833,0,0,300,0.5,1700,0.5,1
11,1,1931,0,0,500,0.6,1000,0.2,1400,0.2,1
11,2,2893,1,0,300,0.5,572,0.32,486,0.18,1
11,3,5951,1,0,666,0.42,420,0.58,1
11,4,4254,0,0,666,0.42,420,0.58,1
11,5,7646,2,10,5,0,666,0.42,420,0.58,1
11,6,10996,1,0,666,0.42,420,0.58,1
11,7,8266,2,10,5,0,500,0.6,1000,0.2,1400,0.2,1
11,8,390,0,0,300,0.5,1700,0.5,1
11,9,12535,0,0,500,0.6,1000,0.2,1400,0.2,1
11,10,2941,1,0,500,0.6,1000,0.2,1400,0.2,1
11,11,9591,1,0,300,0.5,1700,0.5,1
