0,0,14688,2,10,5,0,300,0.5,572,0.32,486,0.18,1
0,1,13411,2,10,5,0,666,0.42,420,0.58,1
0,2,10790,1,0,666,0.42,420,0.58,1
0,3,4748,0,0,500,0.6,1000,0.2,1400,0.2,1
0,4,14935,1,0,666,0.42,420,0.58,1
0,5,12204,2,10,5,0,300,0.5,572,0.32,486,0.18,1
0,6,6025,2,10,5,0,500,0.6,1000,0.2,1400,0.2,1
0,7,13876,1,0,500,0.6,1000,0.2,1400,0.2,1
0,8,6154,1,0,500,0.6,1000,0.2,1400,0.2,1
0,9,1688,1,0,300,0.5,1700,0.5,1
0,10,11103,2,10,5,0,300,0.5,1700,0.5,1
0,11,2604,1,0,666,0.42,420,0.58,1
1,0,4020,2,10,5,0,300,0.5,572,0.32,486,0.18,1
1,1,11577,2,10,5,0,300,0.5,1700,0.5,1
1,2,1274,2,10,5,0,300,0.5,572,0.32,486,0.18,0
1,3,410,1,0,500,0.6,1000,0.2,1400,0.2,1
1,4,11234,2,10,5,0,666,0.42,420,0.58,1
1,5,535,1,0,300,0.5,572,0.32,486,0.18,1
1,6,6786,2,10,5,0,500,0.6,1000,0.2,1400,0.2,1
1,7,6043,1,0,300,0.5,1700,0.5,1
1,8,188,2,10,5,0,666,0.42,420,0.58,1
1,9,14302,2,10,5,0,300,0.5,1700,0.5,1
1,10,3388,2,10,5,0,500,0.6,1000,0.2,1400,0.2,1
1,11,14787,1,0,500,0.6,1000,0.2,1400,0.2,1
2,0,9445,0,0,300,0.5,572,0.32,486,0.18,1
2,1,7153,2,10,5,0,300,0.5,1700,0.5,1
2,2,12155,0,0,300,0.5,572,0.32,486,0.18,1
2,3,375,2,10,5,0,300,0.5,1700,0.5,1
2,4,14195,2,10,5,0,500,0.6,1000,0.2,1400,0.2,1
2,5,2666,2,10,5,0,666,0.42,420,0.58,1
2,6,7967,0,0,300,0.5,1700,0.5,1
2,7,13106,2,10,5,0,300,0.5,572,0.32,486,0.18,1
2,8,12455,0,0,500,0.6,1000,0.2,1400,0.2,1
2,9,14633,1,0,666,0.42,420,0.58,1
2,10,13946,1,0,666,0.42,420,0.58,1
2,11,14919,2,10,5,0,500,0.6,1000,0.2,1400,0.2,1
3,0,14871,1,0,500,0.6,1000,0.2,1400,0.2,1
3,1,6471,2,10,5,0,666,0.42,420,0.58,1
3,2,13601,0,0,300,0.5,572,0.32,486,0.18,1
3,3,4865,0,0,300,0.5,1700,0.5,1
3,4,7217,0,0,666,0.42,420,0.58,1
3,5,2935,0,0,666,0.42,420,0.58,1
3,6,10835,1,0,500,0.6,1000,0.2,1400,0.2,1
3,7,4444,2,10,5,0,500,0.6,1000,0.2,1400,0.2,1
3,8,9534,2,10,5,0,300,0.5,1700,0.5,1
3,9,2256,2,10,5,0,666,0.42,420,0.58,1
3,10,1333,1,0,300,0.5,1700,0.5,1
3,11,5370,1,0,300,0.5,1700,0.5,1
4,0,7240,2,10,5,0,500,0.6,1000,0.2,1400,0.2,1
4,1,11005,0,0,666,0.42,420,0.58,1
4,2,12201,2,10,5,0,300,0.5,1700,0.5,1
4,3,11048,1,0,666,0.42,420,0.58,1
4,4,14119,0,0,500,0.6,1000,0.2,1400,0.2,1
4,5,14240,0,0,666,0.42,420,0.58,1
4,6,2799,1,0,300,0.5,572,0.32,486,0.18,1
4,7,7615,1,0,666,0.42,420,0.58,1
4,8,14867,0,0,300,0.5,1700,0.5,1
4,9,12710,0,0,300,0.5,572,0.32,486,0.18,1
4,10,11811,1,0,666,0.42,420,0.58,1
4,11,7121,2,10,5,0,666,0.42,420,0.58,1
5,0,11624,0,0,300,0.5,572,0.32,486,0.18,1
5,1,12808,0,0,300,0.5,572,0.32,486,0.18,1
5,2,3976,1,0,300,0.5,572,0.32,486,0.18,1
5,3,5673,2,10,5,0,300,0.5,1700,0.5,1
5,4,2711,0,0,300,0.5,572,0.32,486,0.18,1
5,5,8496,2,10,5,0,300,0.5,1700,0.5,1
5,6,9907,1,0,666,0.42,420,0.58,1
5,7,2859,2,10,5,0,300,0.5,1700,0.5,1
5,8,102,2,10,5,0,500,0.6,1000,0.2,1400,0.2,1
5,9,11279,2,10,5,0,500,0.6,1000,0.2,1400,0.2,1
5,10,13093,2,10,5,0,500,0.6,1000,0.2,1400,0.2,1
5,11,13947,2,10,5,0,666,0.42,420,0.58,1
6,0,14715,2,10,5,0,300,0.5,1700,0.5,1
6,1,14108,0,0,666,0.42,420,0.58,1
6,2,2346,2,10,5,0,500,0.6,1000,0.2,1400,0.2,1
6,3,10967,2,10,5,0,300,0.5,572,0.32,486,0.18,1
6,4,2314,0,0,666,0.42,420,0.58,1
6,5,10359,2,10,5,0,300,0.5,1700,0.5,1
6,6,4621,2,10,5,0,300,0.5,572,0.32,486,0.18,1
6,7,4473,0,0,500,0.6,1000,0.2,1400,0.2,1
6,8,7580,2,10,5,0,500,0.6,1000,0.2,1400,0.2,1
6,9,12661,0,0,300,0.5,1700,0.5,1
6,10,2705,0,0,300,0.5,572,0.32,486,0.18,1
6,11,13773,2,10,5,0,300,0.5,572,0.32,486,0.18,1
7,0,13758,1,0,666,0.42,420,0.58,1
7,1,6353,2,10,5,0,300,0.5,1700,0.5,1
7,2,14821,0,0,500,0.6,1000,0.2,1400,0.2,1
7,3,2963,1,0,666,0.42,420,0.58,1
7,4,934,0,0,300,0.5,1700,0.5,1
7,5,2775,1,0,300,0.5,1700,0.5,1
7,6,13103,0,0,300,0.5,572,0.32,486,0.18,1
7,7,9291,0,0,666,0.42,420,0.58,1
7,8,12623,0,0,300,0.5,572,0.32,486,0.18,1
7,9,5940,2,10,5,0,666,0.42,420,0.58,1
7,10,14999,2,10,5,0,300,0.5,572,0.32,486,0.18,1
7,11,8575,0,0,666,0.42,420,0.58,1
8,0,2419,0,0,300,0.5,572,0.32,486,0.18,1
8,1,12770,2,10,5,0,300,0.5,1700,0.5,1
8,2,13905,0,0,300,0.5,572,0.32,486,0.18,1
8,3,13118,0,0,666,0.42,420,0.58,1
8,4,13689,1,0,500,0.6,1000,0.2,1400,0.2,1
8,5,13044,2,10,5,0,300,0.5,1700,0.5,1
8,6,9996,0,0,500,0.6,1000,0.2,1400,0.2,1
8,7,2369,1,0,300,0.5,572,0.32,486,0.18,1
8,8,4365,1,0,666,0.42,420,0.58,1
8,9,635,1,0,666,0.42,420,0.58,1
8,10,3268,1,0,300,0.5,572,0.32,486,0.18,1
8,11,12774,0,0,666,0.42,420,0.58,1
9,0,8975,2,10,5,0,500,0.6,1000,0.2,1400,0.2,1
9,1,13601,2,10,5,0,300,0.5,572,0.32,486,0.18,1
9,2,561,0,0,300,0.5,1700,0.5,1
9,3,6100,2,10,5,0,500,0.6,1000,0.2,1400,0.2,1
9,4,10962,1,0,666,0.42,420,0.58,1
9,5,7679,2,10,5,0,300,0.5,1700,0.5,1
9,6,14299,1,0,300,0.5,1700,0.5,1
9,7,10425,0,0,500,0.6,1000,0.2,1400,0.2,1
9,8,889,2,10,5,0,666,0.42,420,0.58,1
9,9,7884,1,0,500,0.6,1000,0.2,1400,0.2,1
9,10,7637,1,0,500,0.6,1000,0.2,1400,0.2,1
9,11,11656,1,0,300,0.5,1700,0.5,1
10,0,4463,1,0,500,0.6,1000,0.2,1400,0.2,1
10,1,10096,0,0,300,0.5,572,0.32,486,0.18,1
10,2,3260,1,0,666,0.42,420,0.58,1
10,3,1977,1,0,666,0.42,420,0.58,1
10,4,14484,1,0,666,0.42,420,0.58,1
10,5,5237,2,10,5,0,300,0.5,1700,0.5,1
10,6,3006,0,0,300,0.5,1700,0.5,1
10,7,11774,2,10,5,0,500,0.6,1000,0.2,1400,0.2,1
10,8,3000,1,0,300,0.5,1700,0.5,1
10,9,12195,0,0,300,0.5,1700,0.5,1
10,10,10993,0,0,300,0.5,572,0.32,486,0.18,1
10,11,11913,0,0,300,0.5,572,0.32,486,0.18,1
11,0,13280,1,0,300,0.5,1700,0.5,1
11,1,1163,1,0,500,0.6,1000,0.2,1400,0.2,1
11,2,4047,0,0,300,0.5,1700,0.5,1
11,3,1506,1,0,500,0.6,1000,0.2,1400,0.2,1
11,4,12120,0,0,300,0.5,1700,0.5,1
11,5,497,1,0,500,0.6,1000,0.2,1400,0.2,1
11,6,10038,0,0,666,0.42,420,0.58,1
11,7,5461,1,0,500,0.6,1000,0.2,1400,0.2,1
11,8,4720,0,0,500,0.6,1000,0.2,1400,0.2,1
11,9,9520,0,0,500,0.6,1000,0.2,1400,0.2,1
11,10,4249,0,0,666,0.42,420,0.58,1
11,11,2691,2,10,5,0,500,0.6,1000,0.2,1400,0.2,1
