0,0,10771,0,0,666,0.42,420,0.58,1
0,1,8081,0,0,500,0.6,1000,0.2,1400,0.2,1
0,2,9249,1,0,666,0.42,420,0.58,1
0,3,9883,0,0,300,0.5,572,0.32,486,0.18,1
0,4,9246,2,10,5,0,500,0.6,1000,0.2,1400,0.2,1
0,5,828,0,0,666,0.42,420,0.58,1
0,6,14587,2,10,5,0,300,0.5,572,0.32,486,0.18,1
0,7,5902,2,10,5,0,666,0.42,420,0.58,1
0,8,9740,0,0,666,0.42,420,0.58,1
0,9,9000,2,10,5,0,300,0.5,572,0.32,486,0.18,1
0,10,2885,1,0,500,0.6,1000,0.2,1400,0.2,1
0,11,1990,1,0,500,0.6,1000,0.2,1400,0.2,1
1,0,8719,1,0,300,0.5,572,0.32,486,0.18,1
1,1,11636,1,0,300,0.5,572,0.32,486,0.18,1
1,2,7043,1,0,666,0.42,420,0.58,0
1,3,9282,0,0,300,0.5,1700,0.5,1
1,4,14047,1,0,300,0.5,572,0.32,486,0.18,1
1,5,2634,2,10,5,0,500,0.6,1000,0.2,1400,0.2,1
1,6,7909,0,0,500,0.6,1000,0.2,1400,0.2,1
1,7,13982,2,10,5,0,300,0.5,1700,0.5,1
1,8,3622,1,0,666,0.42,420,0.58,1
1,9,11968,1,0,300,0.5,1700,0.5,1
1,10,12223,2,10,5,0,666,0.42,420,0.58,1
1,11,9170,1,0,666,0.42,420,0.58,1
2,0,2856,1,0,300,0.5,572,0.32,486,0.18,1
2,1,6616,2,10,5,0,500,0.6,1000,0.2,1400,0.2,1
2,2,13102,0,0,666,0.42,420,0.58,1
2,3,8863,1,0,500,0.6,1000,0.2,1400,0.2,1
2,4,7070,0,0,666,0.42,420,0.58,1
2,5,14978,1,0,300,0.5,572,0.32,486,0.18,1
2,6,14347,1,0,300,0.5,1700,0.5,1
2,7,11618,2,10,5,0,300,0.5,572,0.32,486,0.18,1
2,8,5978,2,10,5,0,500,0.6,1000,0.2,1400,0.2,1
2,9,12363,2,10,5,0,666,0.42,420,0.58,1
2,10,12317,0,0,500,0.6,1000,0.2,1400,0.2,1
2,11,7136,2,10,5,0,300,0.5,1700,0.5,1
3,0,9402,1,0,300,0.5,572,0.32,486,0.18,1
3,1,10501,1,0,300,0.5,1700,0.5,1
3,2,10081,1,0,666,0.42,420,0.58,1
3,3,10628,0,0,300,0.5,1700,0.5,1
3,4,804,1,0,300,0.5,572,0.32,486,0.18,1
3,5,1560,0,0,666,0.42,420,0.58,1
3,6,3052,1,0,300,0.5,1700,0.5,1
3,7,12955,0,0,300,0.5,1700,0.5,1
3,8,7079,0,0,666,0.42,420,0.58,1
3,9,4993,2,10,5,0,300,0.5,1700,0.5,1
3,10,2836,2,10,5,0,666,0.42,420,0.58,1
3,11,14389,2,10,5,0,500,0.6,1000,0.2,1400,0.2,1
4,0,4272,1,0,300,0.5,572,0.32,486,0.18,1
4,1,8129,0,0,500,0.6,1000,0.2,1400,0.2,1
4,2,12984,2,10,5,0,300,0.5,572,0.32,486,0.18,1
4,3,6057,1,0,500,0.6,1000,0.2,1400,0.2,1
4,4,6362,2,10,5,0,300,0.5,1700,0.5,1
4,5,424,2,10,5,0,300,0.5,1700,0.5,1
4,6,4441,0,0,300,0.5,572,0.32,486,0.18,1
4,7,14321,0,0,500,0.6,1000,0.2,1400,0.2,1
4,8,8318,1,0,300,0.5,1700,0.5,1
4,9,3501,0,0,300,0.5,572,0.32,486,0.18,1
4,10,3734,2,10,5,0,666,0.42,420,0.58,1
4,11,14888,2,10,5,0,666,0.42,420,0.58,1
5,0,5084,2,10,5,0,300,0.5,1700,0.5,1
5,1,12625,0,0,300,0.5,572,0.32,486,0.18,1
5,2,12469,2,10,5,0,666,0.42,420,0.58,1
5,3,14211,1,0,300,0.5,1700,0.5,1
5,4,3092,0,0,500,0.6,1000,0.2,1400,0.2,1
5,5,9858,2,10,5,0,300,0.5,572,0.32,486,0.18,1
5,6,5868,0,0,500,0.6,1000,0.2,1400,0.2,1
5,7,3781,0,0,300,0.5,1700,0.5,1
5,8,5666,1,0,300,0.5,572,0.32,486,0.18,1
5,9,11347,0,0,500,0.6,1000,0.2,1400,0.2,1
5,10,1358,2,10,5,0,500,0.6,1000,0.2,1400,0.2,1
5,11,6603,0,0,666,0.42,420,0.58,1
6,0,13016,1,0,300,0.5,1700,0.5,1
6,1,12681,0,0,300,0.5,1700,0.5,1
6,2,14762,1,0,500,0.6,1000,0.2,1400,0.2,1
6,3,4110,1,0,666,0.42,420,0.58,1
6,4,13747,1,0,666,0.42,420,0.58,1
6,5,6506,0,0,500,0.6,1000,0.2,1400,0.2,1
6,6,3280,0,0,666,0.42,420,0.58,1
6,7,11465,0,0,300,0.5,572,0.32,486,0.18,1
6,8,9650,0,0,666,0.42,420,0.58,1
6,9,570,0,0,500,0.6,1000,0.2,1400,0.2,1
6,10,6922,0,0,300,0.5,1700,0.5,1
6,11,1980,0,0,300,0.5,572,0.32,486,0.18,1
7,0,8042,1,0,300,0.5,1700,0.5,1
7,1,3544,0,0,500,0.6,1000,0.2,1400,0.2,1
7,2,6525,2,10,5,0,300,0.5,1700,0.5,1
7,3,1658,0,0,300,0.5,572,0.32,486,0.18,1
7,4,14575,0,0,500,0.6,1000,0.2,1400,0.2,1
7,5,7040,0,0,666,0.42,420,0.58,1
7,6,13454,2,10,5,0,300,0.5,1700,0.5,1
7,7,6639,1,0,300,0.5,1700,0.5,1
7,8,3552,1,0,300,0.5,572,0.32,486,0.18,1
7,9,6663,0,0,500,0.6,1000,0.2,1400,0.2,1
7,10,9712,2,10,5,0,500,0.6,1000,0.2,1400,0.2,1
7,11,3162,0,0,300,0.5,1700,0.5,1
8,0,14662,2,10,5,0,666,0.42,420,0.58,1
8,1,13132,2,10,5,0,300,0.5,1700,0.5,1
8,2,8035,2,10,5,0,300,0.5,572,0.32,486,0.18,1
8,3,673,2,10,5,0,300,0.5,1700,0.5,1
8,4,14785,1,0,300,0.5,1700,0.5,1
8,5,3329,2,10,5,0,300,0.5,572,0.32,486,0.18,1
8,6,2896,0,0,300,0.5,1700,0.5,1
8,7,5499,0,0,500,0.6,1000,0.2,1400,0.2,1
8,8,7605,1,0,300,0.5,1700,0.5,1
8,9,11843,0,0,500,0.6,1000,0.2,1400,0.2,1
8,10,3750,2,10,5,0,300,0.5,572,0.32,486,0.18,1
8,11,14818,1,0,300,0.5,572,0.32,486,0.18,1
9,0,7281,0,0,666,0.42,420,0.58,1
9,1,11029,0,0,500,0.6,1000,0.2,1400,0.2,1
9,2,10910,1,0,300,0.5,1700,0.5,1
9,3,5749,0,0,300,0.5,572,0.32,486,0.18,1
9,4,2821,1,0,666,0.42,420,0.58,1
9,5,8632,2,10,5,0,666,0.42,420,0.58,1
9,6,10137,1,0,300,0.5,572,0.32,486,0.18,1
9,7,8627,1,0,300,0.5,572,0.32,486,0.18,1
9,8,14225,1,0,666,0.42,420,0.58,1
9,9,14245,0,0,500,0.6,1000,0.2,1400,0.2,1
9,10,8932,2,10,5,0,666,0.42,420,0.58,1
9,11,8091,1,0,300,0.5,1700,0.5,1
10,0,6115,2,10,5,0,300,0.5,572,0.32,486,0.18,1
10,1,6994,2,10,5,0,300,0.5,1700,0.5,1
10,2,575,2,10,5,0,666,0.42,420,0.58,1
10,3,11077,2,10,5,0,300,0.5,572,0.32,486,0.18,1
10,4,11809,1,0,300,0.5,1700,0.5,1
10,5,687,0,0,300,0.5,1700,0.5,1
10,6,14599,1,0,300,0.5,1700,0.5,1
10,7,4682,2,10,5,0,500,0.6,1000,0.2,1400,0.2,1
10,8,14621,1,0,300,0.5,572,0.32,486,0.18,1
10,9,8985,2,10,5,0,300,0.5,572,0.32,486,0.18,1
10,10,14567,2,10,5,0,300,0.5,1700,0.5,1
10,11,11767,2,10,5,0,300,0.5,572,0.32,486,0.18,1
11,0,10986,0,0,500,0.6,1000,0.2,1400,0.2,1
11,1,3749,0,0,500,0.6,1000,0.2,1400,0.2,1
11,2,14902,1,0,666,0.42,420,0.58,1
11,3,4488,1,0,666,0.42,420,0.58,1
11,4,5691,0,0,300,0.5,1700,0.5,1
11,5,3422,2,10,5,0,500,0.6,1000,0.2,1400,0.2,1
11,6,6086,0,0,300,0.5,572,0.32,486,0.18,1
11,7,14558,2,10,5,0,300,0.5,572,0.32,486,0.18,1
11,8,8511,1,0,500,0.6,1000,0.2,1400,0.2,1
11,9,14688,2,10,5,0,500,0.6,1000,0.2,1400,0.2,1
11,10,4996,1,0,300,0.5,1700,0.5,1
11,11,13918,0,0,300,0.5,572,0.32,486,0.18,1
