0,0,1287,1,0,300,0.5,1700,0.5,1
0,1,13458,1,0,300,0.5,1700,0.5,1
0,2,2768,2,10,5,0,300,0.5,572,0.32,486,0.18,1
0,3,9024,0,0,500,0.6,1000,0.2,1400,0.2,1
0,4,5824,0,0,300,0.5,572,0.32,486,0.18,1
0,5,3393,1,0,300,0.5,572,0.32,486,0.18,1
0,6,4745,2,10,5,0,300,0.5,1700,0.5,1
0,7,2813,0,0,666,0.42,420,0.58,1
0,8,8660,0,0,666,0.42,420,0.58,1
0,9,11462,2,10,5,0,666,0.42,420,0.58,1
0,10,9401,1,0,500,0.6,1000,0.2,1400,0.2,1
0,11,9677,0,0,300,0.5,572,0.32,486,0.18,1
1,0,12732,2,10,5,0,666,0.42,420,0.58,1
1,1,5653,2,10,5,0,500,0.6,1000,0.2,1400,0.2,1
1,2,14793,2,10,5,0,666,0.42,420,0.58,0
1,3,12468,0,0,666,0.42,420,0.58,1
1,4,2009,1,0,500,0.6,1000,0.2,1400,0.2,1
1,5,7004,0,0,300,0.5,572,0.32,486,0.18,1
1,6,13125,0,0,300,0.5,572,0.32,486,0.18,1
1,7,6885,0,0,300,0.5,572,0.32,486,0.18,1
1,8,12135,0,0,666,0.42,420,0.58,1
1,9,12459,2,10,5,0,666,0.42,420,0.58,1
1,10,5513,0,0,300,0.5,572,0.32,486,0.18,1
1,11,2180,2,10,5,0,300,0.5,1700,0.5,1
2,0,7996,2,10,5,0,300,0.5,1700,0.5,1
2,1,6538,0,0,300,0.5,1700,0.5,1
2,2,4744,0,0,300,0.5,572,0.32,486,0.18,1
2,3,14820,2,10,5,0,500,0.6,1000,0.2,1400,0.2,1
2,4,13157,0,0,300,0.5,572,0.32,486,0.18,1
2,5,4613,0,0,300,0.5,1700,0.5,1
2,6,9124,0,0,300,0.5,1700,0.5,1
2,7,4365,1,0,300,0.5,572,0.32,486,0.18,1
2,8,2545,2,10,5,0,300,0.5,1700,0.5,1
2,9,8375,2,10,5,0,300,0.5,572,0.32,486,0.18,1
2,10,3888,0,0,300,0.5,572,0.32,486,0.18,1
2,11,8766,1,0,500,0.6,1000,0.2,1400,0.2,1
3,0,12454,0,0,666,0.42,420,0.58,1
3,1,3297,1,0,300,0.5,572,0.32,486,0.18,1
3,2,5235,2,10,5,0,666,0.42,420,0.58,1
3,3,10350,0,0,300,0.5,572,0.32,486,0.18,1
3,4,7256,1,0,300,0.5,1700,0.5,1
3,5,266,1,0,500,0.6,1000,0.2,1400,0.2,1
3,6,10756,0,0,666,0.42,420,0.58,1
3,7,1532,1,0,300,0.5,1700,0.5,1
3,8,9342,1,0,300,0.5,572,0.32,486,0.18,1
3,9,14000,1,0,666,0.42,420,0.58,1
3,10,8190,0,0,300,0.5,572,0.32,486,0.18,1
3,11,1593,2,10,5,0,300,0.5,572,0.32,486,0.18,1
4,0,10351,1,0,300,0.5,572,0.32,486,0.18,1
4,1,7339,2,10,5,0,300,0.5,1700,0.5,1
4,2,11784,1,0,666,0.42,420,0.58,1
4,3,11495,0,0,500,0.6,1000,0.2,1400,0.2,1
4,4,14773,2,10,5,0,500,0.6,1000,0.2,1400,0.2,1
4,5,12367,2,10,5,0,300,0.5,1700,0.5,1
4,6,10980,2,10,5,0,666,0.42,420,0.58,1
4,7,12976,1,0,300,0.5,572,0.32,486,0.18,1
4,8,12187,0,0,300,0.5,572,0.32,486,0.18,1
4,9,3474,0,0,666,0.42,420,0.58,1
4,10,524,2,10,5,0,666,0.42,420,0.58,1
4,11,3162,0,0,666,0.42,420,0.58,1
5,0,7253,0,0,300,0.5,572,0.32,486,0.18,1
5,1,3255,2,10,5,0,300,0.5,572,0.32,486,0.18,1
5,2,14945,2,10,5,0,666,0.42,420,0.58,1
5,3,5859,2,10,5,0,666,0.42,420,0.58,1
5,4,5542,1,0,666,0.42,420,0.58,1
5,5,6751,0,0,666,0.42,420,0.58,1
5,6,7154,0,0,300,0.5,1700,0.5,1
5,7,4403,0,0,300,0.5,1700,0.5,1
5,8,3161,2,10,5,0,300,0.5,1700,0.5,1
5,9,5052,2,10,5,0,300,0.5,572,0.32,486,0.18,1
5,10,10938,2,10,5,0,666,0.42,420,0.58,1
5,11,10394,1,0,300,0.5,1700,0.5,1
6,0,12365,2,10,5,0,300,0.5,572,0.32,486,0.18,1
6,1,6568,2,10,5,0,300,0.5,572,0.32,486,0.18,1
6,2,6452,1,0,666,0.42,420,0.58,1
6,3,12792,2,10,5,0,500,0.6,1000,0.2,1400,0.2,1
6,4,9583,2,10,5,0,666,0.42,420,0.58,1
6,5,14832,0,0,666,0.42,420,0.58,1
6,6,10971,2,10,5,0,666,0.42,420,0.58,1
6,7,1344,0,0,300,0.5,572,0.32,486,0.18,1
6,8,3973,0,0,300,0.5,572,0.32,486,0.18,1
6,9,14945,1,0,666,0.42,420,0.58,1
6,10,11727,2,10,5,0,666,0.42,420,0.58,1
6,11,12863,1,0,500,0.6,1000,0.2,1400,0.2,1
7,0,12399,2,10,5,0,300,0.5,1700,0.5,1
7,1,12166,1,0,666,0.42,420,0.58,1
7,2,13431,1,0,300,0.5,1700,0.5,1
7,3,4373,2,10,5,0,300,0.5,572,0.32,486,0.18,1
7,4,3655,2,10,5,0,300,0.5,572,0.32,486,0.18,1
7,5,2108,0,0,300,0.5,1700,0.5,1
7,6,10269,1,0,500,0.6,1000,0.2,1400,0.2,1
7,7,12450,1,0,300,0.5,572,0.32,486,0.18,1
7,8,12983,2,10,5,0,300,0.5,572,0.32,486,0.18,1
7,9,7499,0,0,500,0.6,1000,0.2,1400,0.2,1
7,10,6274,0,0,300,0.5,572,0.32,486,0.18,1
7,11,12803,0,0,300,0.5,1700,0.5,1
8,0,287,0,0,666,0.42,420,0.58,1
8,1,13175,2,10,5,0,500,0.6,1000,0.2,1400,0.2,1
8,2,12848,0,0,500,0.6,1000,0.2,1400,0.2,1
8,3,11678,1,0,300,0.5,572,0.32,486,0.18,1
8,4,4473,1,0,300,0.5,572,0.32,486,0.18,1
8,5,9366,1,0,500,0.6,1000,0.2,1400,0.2,1
8,6,12646,0,0,500,0.6,1000,0.2,1400,0.2,1
8,7,812,1,0,300,0.5,1700,0.5,1
8,8,10094,0,0,300,0.5,572,0.32,486,0.18,1
8,9,4709,2,10,5,0,666,0.42,420,0.58,1
8,10,3676,1,0,500,0.6,1000,0.2,1400,0.2,1
8,11,5855,2,10,5,0,666,0.42,420,0.58,1
9,0,5000,0,0,500,0.6,1000,0.2,1400,0.2,1
9,1,4694,1,0,666,0.42,420,0.58,1
9,2,14324,0,0,300,0.5,572,0.32,486,0.18,1
9,3,9669,2,10,5,0,300,0.5,572,0.32,486,0.18,1
9,4,1540,0,0,300,0.5,1700,0.5,1
9,5,4306,2,10,5,0,500,0.6,1000,0.2,1400,0.2,1
9,6,1752,0,0,666,0.42,420,0.58,1
9,7,8852,0,0,300,0.5,572,0.32,486,0.18,1
9,8,4913,2,10,5,0,300,0.5,572,0.32,486,0.18,1
9,9,6888,1,0,666,0.42,420,0.58,1
9,10,4974,2,10,5,0,666,0.42,420,0.58,1
9,11,2198,2,10,5,0,500,0.6,1000,0.2,1400,0.2,1
10,0,1828,1,0,300,0.5,572,0.32,486,0.18,1
10,1,3295,0,0,300,0.5,1700,0.5,1
10,2,11970,0,0,300,0.5,1700,0.5,1
10,3,1873,2,10,5,0,300,0.5,572,0.32,486,0.18,1
10,4,7049,0,0,300,0.5,1700,0.5,1
10,5,14349,0,0,300,0.5,1700,0.5,1
10,6,9094,0,0,666,0.42,420,0.58,1
10,7,5421,1,0,500,0.6,1000,0.2,1400,0.2,1
10,8,2280,1,0,300,0.5,1700,0.5,1
10,9,11970,2,10,5,0,500,0.6,1000,0.2,1400,0.2,1
10,10,2371,1,0,300,0.5,1700,0.5,1
10,11,7735,1,0,300,0.5,572,0.32,486,0.18,1
11,0,4908,0,0,500,0.6,1000,0.2,1400,0.2,1
11,1,10,1,0,300,0.5,1700,0.5,1
11,2,14629,1,0,300,0.5,1700,0.5,1
11,3,10565,2,10,5,0,666,0.42,420,0.58,1
11,4,6712,0,0,500,0.6,1000,0.2,1400,0.2,1
11,5,6838,1,0,300,0.5,572,0.32,486,0.18,1
11,6,12463,2,10,5,0,300,0.5,1700,0.5,1
11,7,9929,2,10,5,0,500,0.6,1000,0.2,1400,0.2,1
11,8,13174,0,0,300,0.5,572,0.32,486,0.18,1
11,9,10676,2,10,5,0,666,0.42,420,0.58,1
11,10,3914,1,0,666,0.42,420,0.58,1
11,11,14677,1,0,666,0.42,420,0.58,1
