0,0,9724,0,0,300,0.5,572,0.32,486,0.18,1
0,1,8596,1,0,300,0.5,572,0.32,486,0.18,1
0,2,12990,1,0,300,0.5,572,0.32,486,0.18,1
0,3,10820,1,0,500,0.6,1000,0.2,1400,0.2,1
0,4,10935,0,0,300,0.5,572,0.32,486,0.18,1
0,5,8693,1,0,300,0.5,1700,0.5,1
0,6,13623,2,10,5,0,300,0.5,1700,0.5,1
0,7,797,0,0,300,0.5,572,0.32,486,0.18,1
0,8,3163,0,0,500,0.6,1000,0.2,1400,0.2,1
0,9,6695,1,0,666,0.42,420,0.58,1
0,10,11122,1,0,300,0.5,1700,0.5,1
0,11,13272,1,0,666,0.42,420,0.58,1
1,0,6394,0,0,300,0.5,572,0.32,486,0.18,1
1,1,9903,1,0,300,0.5,572,0.32,486,0.18,1
1,2,10384,1,0,300,0.5,1700,0.5,0
1,3,3949,2,10,5,0,300,0.5,572,0.32,486,0.18,1
1,4,236,0,0,300,0.5,572,0.32,486,0.18,1
1,5,1906,1,0,300,0.5,1700,0.5,1
1,6,13838,2,10,5,0,500,0.6,1000,0.2,1400,0.2,1
1,7,219,2,10,5,0,300,0.5,1700,0.5,1
1,8,11935,2,10,5,0,300,0.5,1700,0.5,1
1,9,10781,2,10,5,0,666,0.42,420,0.58,1
1,10,1708,1,0,300,0.5,1700,0.5,1
1,11,7516,1,0,300,0.5,1700,0.5,1
2,0,4778,1,0,300,0.5,572,0.32,486,0.18,1
2,1,6666,2,10,5,0,666,0.42,420,0.58,1
2,2,604,2,10,5,0,666,0.42,420,0.58,1
2,3,467,1,0,500,0.6,1000,0.2,1400,0.2,1
2,4,14898,0,0,500,0.6,1000,0.2,1400,0.2,1
2,5,14421,2,10,5,0,300,0.5,572,0.32,486,0.18,1
2,6,14058,2,10,5,0,500,0.6,1000,0.2,1400,0.2,1
2,7,1210,2,10,5,0,300,0.5,572,0.32,486,0.18,1
2,8,1434,1,0,666,0.42,420,0.58,1
2,9,13521,0,0,666,0.42,420,0.58,1
2,10,6269,1,0,500,0.6,1000,0.2,1400,0.2,1
2,11,11465,2,10,5,0,300,0.5,1700,0.5,1
3,0,14814,2,10,5,0,500,0.6,1000,0.2,1400,0.2,1
3,1,1843,2,10,5,0,500,0.6,1000,0.2,1400,0.2,1
3,2,7917,0,0,300,0.5,572,0.32,486,0.18,1
3,3,12749,1,0,300,0.5,1700,0.5,1
3,4,11624,1,0,300,0.5,1700,0.5,1
3,5,6337,0,0,300,0.5,1700,0.5,1
3,6,11951,2,10,5,0,500,0.6,1000,0.2,1400,0.2,1
3,7,224,0,0,300,0.5,572,0.32,486,0.18,1
3,8,576,2,10,5,0,500,0.6,1000,0.2,1400,0.2,1
3,9,3134,1,0,300,0.5,1700,0.5,1
3,10,10021,2,10,5,0,666,0.42,420,0.58,1
3,11,8219,1,0,300,0.5,1700,0.5,1
4,0,14918,0,0,666,0.42,420,0.58,1
4,1,12655,0,0,666,0.42,420,0.58,1
4,2,14248,1,0,666,0.42,420,0.58,1
4,3,13984,2,10,5,0,500,0.6,1000,0.2,1400,0.2,1
4,4,6491,0,0,300,0.5,572,0.32,486,0.18,1
4,5,104,2,10,5,0,300,0.5,572,0.32,486,0.18,1
4,6,7037,2,10,5,0,300,0.5,572,0.32,486,0.18,1
4,7,11762,2,10,5,0,666,0.42,420,0.58,1
4,8,9629,0,0,300,0.5,572,0.32,486,0.18,1
4,9,5729,2,10,5,0,300,0.5,572,0.32,486,0.18,1
4,10,7316,1,0,500,0.6,1000,0.2,1400,0.2,1
4,11,12048,0,0,300,0.5,572,0.32,486,0.18,1
5,0,9232,1,0,500,0.6,1000,0.2,1400,0.2,1
5,1,5557,1,0,300,0.5,1700,0.5,1
5,2,4663,0,0,666,0.42,420,0.58,1
5,3,10797,1,0,666,0.42,420,0.58,1
5,4,5318,1,0,300,0.5,572,0.32,486,0.18,1
5,5,1563,1,0,666,0.42,420,0.58,1
5,6,5001,0,0,300,0.5,1700,0.5,1
5,7,9760,0,0,666,0.42,420,0.58,1
5,8,8460,1,0,666,0.42,420,0.58,1
5,9,9829,2,10,5,0,500,0.6,1000,0.2,1400,0.2,1
5,10,4002,1,0,666,0.42,420,0.58,1
5,11,14197,1,0,500,0.6,1000,0.2,1400,0.2,1
6,0,11370,2,10,5,0,300,0.5,572,0.32,486,0.18,1
6,1,14954,1,0,500,0.6,1000,0.2,1400,0.2,1
6,2,8138,2,10,5,0,500,0.6,1000,0.2,1400,0.2,1
6,3,11356,2,10,5,0,300,0.5,1700,0.5,1
6,4,9982,1,0,500,0.6,1000,0.2,1400,0.2,1
6,5,168,1,0,500,0.6,1000,0.2,1400,0.2,1
6,6,3878,0,0,500,0.6,1000,0.2,1400,0.2,1
6,7,5347,0,0,666,0.42,420,0.58,1
6,8,12829,0,0,300,0.5,1700,0.5,1
6,9,9145,0,0,300,0.5,572,0.32,486,0.18,1
6,10,2984,1,0,666,0.42,420,0.58,1
6,11,1262,1,0,666,0.42,420,0.58,1
7,0,9305,2,10,5,0,300,0.5,572,0.32,486,0.18,1
7,1,7930,2,10,5,0,300,0.5,572,0.32,486,0.18,1
7,2,8350,1,0,666,0.42,420,0.58,1
7,3,11304,1,0,300,0.5,1700,0.5,1
7,4,4249,2,10,5,0,666,0.42,420,0.58,1
7,5,499,0,0,300,0.5,572,0.32,486,0.18,1
7,6,11179,0,0,666,0.42,420,0.58,1
7,7,14868,1,0,500,0.6,1000,0.2,1400,0.2,1
7,8,12317,2,10,5,0,666,0.42,420,0.58,1
7,9,2392,1,0,666,0.42,420,0.58,1
7,10,12273,1,0,300,0.5,1700,0.5,1
7,11,13397,2,10,5,0,666,0.42,420,0.58,1
8,0,3638,2,10,5,0,666,0.42,420,0.58,1
8,1,14105,2,10,5,0,300,0.5,572,0.32,486,0.18,1
8,2,43,2,10,5,0,300,0.5,1700,0.5,1
8,3,2456,1,0,666,0.42,420,0.58,1
8,4,6327,1,0,500,0.6,1000,0.2,1400,0.2,1
8,5,3646,0,0,300,0.5,1700,0.5,1
8,6,13536,0,0,300,0.5,1700,0.5,1
8,7,7804,2,10,5,0,500,0.6,1000,0.2,1400,0.2,1
8,8,7604,2,10,5,0,300,0.5,572,0.32,486,0.18,1
8,9,5456,0,0,666,0.42,420,0.58,1
8,10,11109,0,0,300,0.5,1700,0.5,1
8,11,10617,2,10,5,0,300,0.5,572,0.32,486,0.18,1
9,0,3901,0,0,666,0.42,420,0.58,1
9,1,3264,2,10,5,0,300,0.5,1700,0.5,1
9,2,13424,2,10,5,0,300,0.5,572,0.32,486,0.18,1
9,3,8382,1,0,300,0.5,572,0.32,486,0.18,1
9,4,13983,2,10,5,0,300,0.5,1700,0.5,1
9,5,9533,0,0,500,0.6,1000,0.2,1400,0.2,1
9,6,1187,0,0,300,0.5,572,0.32,486,0.18,1
9,7,11487,1,0,300,0.5,572,0.32,486,0.18,1
9,8,11116,1,0,666,0.42,420,0.58,1
9,9,4258,0,0,300,0.5,572,0.32,486,0.18,1
9,10,13466,0,0,300,0.5,1700,0.5,1
9,11,11127,0,0,300,0.5,572,0.32,486,0.18,1
10,0,11157,2,10,5,0,666,0.42,420,0.58,1
10,1,4694,1,0,300,0.5,1700,0.5,1
10,2,2634,2,10,5,0,500,0.6,1000,0.2,1400,0.2,1
10,3,10910,0,0,300,0.5,1700,0.5,1
10,4,14102,0,0,300,0.5,572,0.32,486,0.18,1
10,5,11604,2,10,5,0,500,0.6,1000,0.2,1400,0.2,1
10,6,4557,1,0,300,0.5,1700,0.5,1
10,7,7074,1,0,300,0.5,572,0.32,486,0.18,1
10,8,13546,2,10,5,0,500,0.6,1000,0.2,1400,0.2,1
10,9,12746,0,0,300,0.5,1700,0.5,1
10,10,13280,1,0,500,0.6,1000,0.2,1400,0.2,1
10,11,2327,1,0,500,0.6,1000,0.2,1400,0.2,1
11,0,4556,1,0,300,0.5,1700,0.5,1
11,1,6800,2,10,5,0,300,0.5,1700,0.5,1
11,2,7462,0,0,300,0.5,1700,0.5,1
11,3,8726,0,0,500,0.6,1000,0.2,1400,0.2,1
11,4,9542,0,0,300,0.5,1700,0.5,1
11,5,13046,2,10,5,0,666,0.42,420,0.58,1
11,6,3527,0,0,300,0.5,572,0.32,486,0.18,1
11,7,2759,0,0,500,0.6,1000,0.2,1400,0.2,1
11,8,3999,1,0,500,0.6,1000,0.2,1400,0.2,1
11,9,6461,0,0,666,0.42,420,0.58,1
11,10,11393,2,10,5,0,300,0.5,572,0.32,486,0.18,1
11,11,7278,2,10,5,0,300,0.5,572,0.32,486,0.18,1
