0,0,12776,1,0,300,0.5,572,0.32,486,0.18,1
0,1,8405,0,0,300,0.5,1700,0.5,1
0,2,10834,0,0,500,0.6,1000,0.2,1400,0.2,1
0,3,7173,1,0,300,0.5,1700,0.5,1
0,4,2676,0,0,666,0.42,420,0.58,1
0,5,14240,2,10,5,0,666,0.42,420,0.58,1
0,6,9800,1,0,300,0.5,1700,0.5,1
0,7,8395,1,0,300,0.5,572,0.32,486,0.18,1
0,8,10681,1,0,500,0.6,1000,0.2,1400,0.2,1
0,9,12347,2,10,5,0,300,0.5,1700,0.5,1
0,10,8870,1,0,300,0.5,1700,0.5,1
0,11,3884,0,0,500,0.6,1000,0.2,1400,0.2,1
1,0,14501,1,0,666,0.42,420,0.58,1
1,1,14094,1,0,666,0.42,420,0.58,1
1,2,10253,2,10,5,0,500,0.6,1000,0.2,1400,0.2,0
1,3,4938,0,0,666,0.42,420,0.58,1
1,4,13065,1,0,300,0.5,572,0.32,486,0.18,1
1,5,4975,0,0,500,0.6,1000,0.2,1400,0.2,1
1,6,7745,1,0,500,0.6,1000,0.2,1400,0.2,1
1,7,14365,0,0,500,0.6,1000,0.2,1400,0.2,1
1,8,8933,0,0,500,0.6,1000,0.2,1400,0.2,1
1,9,10718,2,10,5,0,666,0.42,420,0.58,1
1,10,10502,1,0,300,0.5,1700,0.5,1
1,11,14110,2,10,5,0,666,0.42,420,0.58,1
2,0,1748,0,0,666,0.42,420,0.58,1
2,1,1797,1,0,666,0.42,420,0.58,1
2,2,11111,1,0,300,0.5,572,0.32,486,0.18,1
2,3,4351,1,0,500,0.6,1000,0.2,1400,0.2,1
2,4,13262,1,0,300,0.5,572,0.32,486,0.18,1
2,5,1830,1,0,300,0.5,1700,0.5,1
2,6,11823,0,0,300,0.5,572,0.32,486,0.18,1
2,7,8843,1,0,500,0.6,1000,0.2,1400,0.2,1
2,8,9631,1,0,300,0.5,1700,0.5,1
2,9,13369,2,10,5,0,300,0.5,572,0.32,486,0.18,1
2,10,6169,0,0,500,0.6,1000,0.2,1400,0.2,1
2,11,4918,1,0,500,0.6,1000,0.2,1400,0.2,1
3,0,10463,2,10,5,0,500,0.6,1000,0.2,1400,0.2,1
3,1,11564,0,0,666,0.42,420,0.58,1
3,2,99,2,10,5,0,666,0.42,420,0.58,1
3,3,8619,0,0,300,0.5,572,0.32,486,0.18,1
3,4,1843,1,0,300,0.5,1700,0.5,1
3,5,13278,1,0,300,0.5,1700,0.5,1
3,6,6254,2,10,5,0,500,0.6,1000,0.2,1400,0.2,1
3,7,13476,1,0,500,0.6,1000,0.2,1400,0.2,1
3,8,4701,2,10,5,0,300,0.5,572,0.32,486,0.18,1
3,9,12984,2,10,5,0,300,0.5,1700,0.5,1
3,10,2254,0,0,500,0.6,1000,0.2,1400,0.2,1
3,11,10412,2,10,5,0,300,0.5,1700,0.5,1
4,0,7368,0,0,666,0.42,420,0.58,1
4,1,8159,1,0,500,0.6,1000,0.2,1400,0.2,1
4,2,6280,0,0,300,0.5,1700,0.5,1
4,3,7463,2,10,5,0,666,0.42,420,0.58,1
4,4,11085,1,0,300,0.5,572,0.32,486,0.18,1
4,5,6078,0,0,666,0.42,420,0.58,1
4,6,10784,0,0,666,0.42,420,0.58,1
4,7,512,2,10,5,0,666,0.42,420,0.58,1
4,8,1804,0,0,300,0.5,1700,0.5,1
4,9,4111,2,10,5,0,300,0.5,572,0.32,486,0.18,1
4,10,2743,0,0,666,0.42,420,0.58,1
4,11,10480,0,0,300,0.5,572,0.32,486,0.18,1
5,0,7476,1,0,666,0.42,420,0.58,1
5,1,11192,0,0,300,0.5,1700,0.5,1
5,2,3780,0,0,500,0.6,1000,0.2,1400,0.2,1
5,3,3398,1,0,300,0.5,572,0.32,486,0.18,1
5,4,9914,0,0,666,0.42,420,0.58,1
5,5,13940,1,0,300,0.5,572,0.32,486,0.18,1
5,6,1659,1,0,666,0.42,420,0.58,1
5,7,6393,0,0,300,0.5,1700,0.5,1
5,8,5253,1,0,500,0.6,1000,0.2,1400,0.2,1
5,9,2218,2,10,5,0,300,0.5,1700,0.5,1
5,10,5955,1,0,500,0.6,1000,0.2,1400,0.2,1
5,11,12754,2,10,5,0,666,0.42,420,0.58,1
6,0,8764,1,0,666,0.42,420,0.58,1
6,1,11156,2,10,5,0,666,0.42,420,0.58,1
6,2,11618,1,0,300,0.5,1700,0.5,1
6,3,3139,0,0,500,0.6,1000,0.2,1400,0.2,1
6,4,10156,0,0,300,0.5,572,0.32,486,0.18,1
6,5,4126,0,0,500,0.6,1000,0.2,1400,0.2,1
6,6,10385,2,10,5,0,300,0.5,572,0.32,486,0.18,1
6,7,409,2,10,5,0,300,0.5,572,0.32,486,0.18,1
6,8,10931,1,0,300,0.5,1700,0.5,1
6,9,10023,0,0,300,0.5,572,0.32,486,0.18,1
6,10,8884,0,0,500,0.6,1000,0.2,1400,0.2,1
6,11,8017,2,10,5,0,500,0.6,1000,0.2,1400,0.2,1
7,0,4853,0,0,500,0.6,1000,0.2,1400,0.2,1
7,1,2785,2,10,5,0,300,0.5,572,0.32,486,0.18,1
7,2,355,2,10,5,0,300,0.5,572,0.32,486,0.18,1
7,3,4718,0,0,500,0.6,1000,0.2,1400,0.2,1
7,4,7981,0,0,666,0.42,420,0.58,1
7,5,4947,1,0,666,0.42,420,0.58,1
7,6,5684,2,10,5,0,300,0.5,572,0.32,486,0.18,1
7,7,4572,2,10,5,0,666,0.42,420,0.58,1
7,8,14287,2,10,5,0,500,0.6,1000,0.2,1400,0.2,1
7,9,14802,1,0,300,0.5,572,0.32,486,0.18,1
7,10,2441,1,0,500,0.6,1000,0.2,1400,0.2,1
7,11,11297,2,10,5,0,300,0.5,572,0.32,486,0.18,1
8,0,12341,1,0,666,0.42,420,0.58,1
8,1,7155,1,0,500,0.6,1000,0.2,1400,0.2,1
8,2,14042,0,0,300,0.5,572,0.32,486,0.18,1
8,3,11905,1,0,300,0.5,572,0.32,486,0.18,1
8,4,8192,0,0,500,0.6,1000,0.2,1400,0.2,1
8,5,13770,2,10,5,0,500,0.6,1000,0.2,1400,0.2,1
8,6,5627,1,0,300,0.5,572,0.32,486,0.18,1
8,7,2442,0,0,666,0.42,420,0.58,1
8,8,12642,2,10,5,0,300,0.5,1700,0.5,1
8,9,13368,0,0,666,0.42,420,0.58,1
8,10,1062,1,0,300,0.5,572,0.32,486,0.18,1
8,11,6126,1,0,300,0.5,572,0.32,486,0.18,1
9,0,1832,2,10,5,0,300,0.5,1700,0.5,1
9,1,3031,0,0,300,0.5,572,0.32,486,0.18,1
9,2,13120,1,0,666,0.42,420,0.58,1
9,3,13224,0,0,500,0.6,1000,0.2,1400,0.2,1
9,4,9535,2,10,5,0,300,0.5,572,0.32,486,0.18,1
9,5,13231,2,10,5,0,300,0.5,1700,0.5,1
9,6,492,0,0,300,0.5,572,0.32,486,0.18,1
9,7,9438,2,10,5,0,666,0.42,420,0.58,1
9,8,9189,1,0,300,0.5,1700,0.5,1
9,9,857,2,10,5,0,300,0.5,572,0.32,486,0.18,1
9,10,14629,0,0,666,0.42,420,0.58,1
9,11,8275,2,10,5,0,500,0.6,1000,0.2,1400,0.2,1
10,0,9730,1,0,666,0.42,420,0.58,1
10,1,1271,0,0,300,0.5,1700,0.5,1
10,2,3035,2,10,5,0,300,0.5,1700,0.5,1
10,3,3655,0,0,500,0.6,1000,0.2,1400,0.2,1
10,4,13605,0,0,300,0.5,572,0.32,486,0.18,1
10,5,9452,0,0,500,0.6,1000,0.2,1400,0.2,1
10,6,9710,2,10,5,0,666,0.42,420,0.58,1
10,7,4902,0,0,300,0.5,1700,0.5,1
10,8,4032,2,10,5,0,666,0.42,420,0.58,1
10,9,4347,0,0,300,0.5,1700,0.5,1
10,10,1317,0,0,666,0.42,420,0.58,1
10,11,6799,0,0,500,0.6,1000,0.2,1400,0.2,1
11,0,13185,2,10,5,0,300,0.5,572,0.32,486,0.18,1
11,1,9459,1,0,666,0.42,420,0.58,1
11,2,14363,2,10,5,0,300,0.5,1700,0.5,1
11,3,14053,2,10,5,0,300,0.5,572,0.32,486,0.18,1
11,4,9624,2,10,5,0,500,0.6,1000,0.2,1400,0.2,1
11,5,5231,0,0,300,0.5,572,0.32,486,0.18,1
11,6,7360,0,0,300,0.5,572,0.32,486,0.18,1
11,7,2402,1,0,666,0.42,420,0.58,1
11,8,450,1,0,300,0.5,1700,0.5,1
11,9,10691,1,0,300,0.5,572,0.32,486,0.18,1
11,10,3878,2,10,5,0,300,0.5,1700,0.5,1
11,11,5386,0,0,666,0.42,420,0.58,1
