0,0,176,2,10,5,0,300,0.5,1700,0.5,1
0,1,14114,1,0,666,0.42,420,0.58,1
0,2,9802,2,10,5,0,666,0.42,420,0.58,1
0,3,13822,0,0,300,0.5,572,0.32,486,0.18,1
0,4,4726,0,0,300,0.5,1700,0.5,1
0,5,12391,1,0,300,0.5,1700,0.5,1
0,6,14025,0,0,300,0.5,1700,0.5,1
0,7,585,1,0,666,0.42,420,0.58,1
0,8,6245,2,10,5,0,666,0.42,420,0.58,1
0,9,11830,0,0,666,0.42,420,0.58,1
0,10,8666,2,10,5,0,500,0.6,1000,0.2,1400,0.2,1
0,11,6520,2,10,5,0,666,0.42,420,0.58,1
1,0,3321,1,0,500,0.6,1000,0.2,1400,0.2,1
1,1,7995,0,0,500,0.6,1000,0.2,1400,0.2,1
1,2,9216,2,10,5,0,300,0.5,1700,0.5,0
1,3,14090,2,10,5,0,500,0.6,1000,0.2,1400,0.2,1
1,4,1267,0,0,300,0.5,572,0.32,486,0.18,1
1,5,12233,0,0,666,0.42,420,0.58,1
1,6,1394,1,0,300,0.5,572,0.32,486,0.18,1
1,7,6109,2,10,5,0,666,0.42,420,0.58,1
1,8,13491,0,0,300,0.5,572,0.32,486,0.18,1
1,9,148,0,0,300,0.5,572,0.32,486,0.18,1
1,10,8628,1,0,300,0.5,1700,0.5,1
1,11,7462,0,0,300,0.5,1700,0.5,1
2,0,12882,2,10,5,0,300,0.5,1700,0.5,1
2,1,11438,2,10,5,0,300,0.5,572,0.32,486,0.18,1
2,2,2533,1,0,300,0.5,1700,0.5,1
2,3,7601,2,10,5,0,300,0.5,1700,0.5,1
2,4,3446,1,0,300,0.5,572,0.32,486,0.18,1
2,5,13798,2,10,5,0,500,0.6,1000,0.2,1400,0.2,1
2,6,441,1,0,500,0.6,1000,0.2,1400,0.2,1
2,7,193,2,10,5,0,500,0.6,1000,0.2,1400,0.2,1
2,8,10182,2,10,5,0,666,0.42,420,0.58,1
2,9,1277,2,10,5,0,300,0.5,572,0.32,486,0.18,1
2,10,1025,2,10,5,0,300,0.5,1700,0.5,1
2,11,2521,2,10,5,0,300,0.5,572,0.32,486,0.18,1
3,0,165,1,0,300,0.5,572,0.32,486,0.18,1
3,1,11109,1,0,300,0.5,572,0.32,486,0.18,1
3,2,5632,1,0,300,0.5,572,0.32,486,0.18,1
3,3,13727,0,0,300,0.5,1700,0.5,1
3,4,551,1,0,300,0.5,572,0.32,486,0.18,1
3,5,11719,0,0,666,0.42,420,0.58,1
3,6,7699,0,0,666,0.42,420,0.58,1
3,7,2787,1,0,300,0.5,1700,0.5,1
3,8,5810,1,0,300,0.5,572,0.32,486,0.18,1
3,9,9814,0,0,666,0.42,420,0.58,1
3,10,3349,0,0,300,0.5,1700,0.5,1
3,11,1005,2,10,5,0,666,0.42,420,0.58,1
4,0,774,0,0,666,0.42,420,0.58,1
4,1,8991,2,10,5,0,300,0.5,1700,0.5,1
4,2,7853,1,0,300,0.5,1700,0.5,1
4,3,4548,0,0,500,0.6,1000,0.2,1400,0.2,1
4,4,9541,0,0,300,0.5,572,0.32,486,0.18,1
4,5,13340,1,0,500,0.6,1000,0.2,1400,0.2,1
4,6,10459,2,10,5,0,300,0.5,572,0.32,486,0.18,1
4,7,12310,0,0,300,0.5,1700,0.5,1
4,8,4644,2,10,5,0,300,0.5,1700,0.5,1
4,9,1439,2,10,5,0,300,0.5,572,0.32,486,0.18,1
4,10,7258,0,0,666,0.42,420,0.58,1
4,11,13600,1,0,666,0.42,420,0.58,1
5,0,543,0,0,666,0.42,420,0.58,1
5,1,5080,2,10,5,0,666,0.42,420,0.58,1
5,2,11815,2,10,5,0,300,0.5,1700,0.5,1
5,3,2032,1,0,500,0.6,1000,0.2,1400,0.2,1
5,4,6572,1,0,666,0.42,420,0.58,1
5,5,11070,2,10,5,0,300,0.5,572,0.32,486,0.18,1
5,6,213,2,10,5,0,300,0.5,572,0.32,486,0.18,1
5,7,6365,2,10,5,0,300,0.5,1700,0.5,1
5,8,3865,1,0,666,0.42,420,0.58,1
5,9,8245,0,0,300,0.5,572,0.32,486,0.18,1
5,10,14359,2,10,5,0,666,0.42,420,0.58,1
5,11,1885,1,0,300,0.5,572,0.32,486,0.18,1
6,0,3272,1,0,500,0.6,1000,0.2,1400,0.2,1
6,1,13705,2,10,5,0,666,0.42,420,0.58,1
6,2,9446,0,0,300,0.5,1700,0.5,1
6,3,4822,0,0,300,0.5,1700,0.5,1
6,4,3453,0,0,300,0.5,572,0.32,486,0.18,1
6,5,13754,2,10,5,0,666,0.42,420,0.58,1
6,6,10638,0,0,666,0.42,420,0.58,1
6,7,9206,2,10,5,0,300,0.5,572,0.32,486,0.18,1
6,8,5447,1,0,500,0.6,1000,0.2,1400,0.2,1
6,9,6751,2,10,5,0,666,0.42,420,0.58,1
6,10,4456,2,10,5,0,500,0.6,1000,0.2,1400,0.2,1
6,11,10030,0,0,500,0.6,1000,0.2,1400,0.2,1
7,0,8206,2,10,5,0,300,0.5,572,0.32,486,0.18,1
7,1,8740,1,0,666,0.42,420,0.58,1
7,2,8567,0,0,300,0.5,1700,0.5,1
7,3,5816,0,0,300,0.5,1700,0.5,1
7,4,12743,0,0,500,0.6,1000,0.2,1400,0.2,1
7,5,11407,2,10,5,0,666,0.42,420,0.58,1
7,6,9588,0,0,500,0.6,1000,0.2,1400,0.2,1
7,7,2855,0,0,500,0.6,1000,0.2,1400,0.2,1
7,8,5788,0,0,300,0.5,1700,0.5,1
7,9,13397,0,0,500,0.6,1000,0.2,1400,0.2,1
7,10,1689,0,0,666,0.42,420,0.58,1
7,11,7992,1,0,666,0.42,420,0.58,1
8,0,209,0,0,666,0.42,420,0.58,1
8,1,11270,0,0,500,0.6,1000,0.2,1400,0.2,1
8,2,4356,0,0,500,0.6,1000,0.2,1400,0.2,1
8,3,8758,2,10,5,0,500,0.6,1000,0.2,1400,0.2,1
8,4,6206,1,0,300,0.5,572,0.32,486,0.18,1
8,5,4313,0,0,300,0.5,1700,0.5,1
8,6,6754,1,0,500,0.6,1000,0.2,1400,0.2,1
8,7,3927,1,0,500,0.6,1000,0.2,1400,0.2,1
8,8,1610,2,10,5,0,666,0.42,420,0.58,1
8,9,4069,2,10,5,0,300,0.5,1700,0.5,1
8,10,10870,1,0,300,0.5,1700,0.5,1
8,11,11842,0,0,300,0.5,1700,0.5,1
9,0,12567,2,10,5,0,300,0.5,1700,0.5,1
9,1,6857,0,0,300,0.5,572,0.32,486,0.18,1
9,2,8294,0,0,666,0.42,420,0.58,1
9,3,9319,0,0,500,0.6,1000,0.2,1400,0.2,1
9,4,2268,1,0,500,0.6,1000,0.2,1400,0.2,1
9,5,2042,2,10,5,0,500,0.6,1000,0.2,1400,0.2,1
9,6,7776,2,10,5,0,300,0.5,1700,0.5,1
9,7,9107,2,10,5,0,300,0.5,1700,0.5,1
9,8,411,1,0,300,0.5,572,0.32,486,0.18,1
9,9,371,1,0,666,0.42,420,0.58,1
9,10,6955,2,10,5,0,300,0.5,572,0.32,486,0.18,1
9,11,3562,2,10,5,0,300,0.5,1700,0.5,1
10,0,13831,0,0,666,0.42,420,0.58,1
10,1,13500,2,10,5,0,666,0.42,420,0.58,1
10,2,5313,1,0,500,0.6,1000,0.2,1400,0.2,1
10,3,515,1,0,500,0.6,1000,0.2,1400,0.2,1
10,4,8219,2,10,5,0,500,0.6,1000,0.2,1400,0.2,1
10,5,4680,0,0,300,0.5,572,0.32,486,0.18,1
10,6,8277,1,0,500,0.6,1000,0.2,1400,0.2,1
10,7,5284,1,0,300,0.5,572,0.32,486,0.18,1
10,8,959,2,10,5,0,300,0.5,572,0.32,486,0.18,1
10,9,8196,1,0,666,0.42,420,0.58,1
10,10,3630,2,10,5,0,300,0.5,1700,0.5,1
10,11,10046,2,10,5,0,300,0.5,1700,0.5,1
11,0,11415,2,10,5,0,500,0.6,1000,0.2,1400,0.2,1
11,1,13838,1,0,500,0.6,1000,0.2,1400,0.2,1
11,2,14396,0,0,300,0.5,572,0.32,486,0.18,1
11,3,4622,1,0,500,0.6,1000,0.2,1400,0.2,1
11,4,6822,1,0,666,0.42,420,0.58,1
11,5,3528,0,0,500,0.6,1000,0.2,1400,0.2,1
11,6,434,2,10,5,0,666,0.42,420,0.58,1
11,7,9435,0,0,300,0.5,1700,0.5,1
11,8,11894,1,0,500,0.6,1000,0.2,1400,0.2,1
11,9,13905,1,0,300,0.5,1700,0.5,1
11,10,14512,0,0,300,0.5,572,0.32,486,0.18,1
11,11,4198,2,10,5,0,300,0.5,1700,0.5,1
