0,0,11930,2,10,5,0,666,0.42,420,0.58,1
0,1,12669,0,0,300,0.5,572,0.32,486,0.18,1
0,2,13014,2,10,5,0,300,0.5,572,0.32,486,0.18,1
0,3,1545,0,0,666,0.42,420,0.58,1
0,4,11011,2,10,5,0,666,0.42,420,0.58,1
0,5,10906,0,0,300,0.5,572,0.32,486,0.18,1
0,6,4556,2,10,5,0,300,0.5,1700,0.5,1
0,7,12226,1,0,500,0.6,1000,0.2,1400,0.2,1
0,8,2803,1,0,300,0.5,1700,0.5,1
0,9,3362,0,0,300,0.5,572,0.32,486,0.18,1
0,10,13663,1,0,666,0.42,420,0.58,1
0,11,916,1,0,300,0.5,572,0.32,486,0.18,1
1,0,14208,1,0,666,0.42,420,0.58,1
1,1,12803,1,0,500,0.6,1000,0.2,1400,0.2,1
1,2,6945,2,10,5,0,300,0.5,1700,0.5,0
1,3,2985,1,0,666,0.42,420,0.58,1
1,4,9829,0,0,300,0.5,572,0.32,486,0.18,1
1,5,3292,0,0,300,0.5,1700,0.5,1
1,6,6754,0,0,500,0.6,1000,0.2,1400,0.2,1
1,7,14658,2,10,5,0,300,0.5,1700,0.5,1
1,8,8823,2,10,5,0,666,0.42,420,0.58,1
1,9,6865,2,10,5,0,666,0.42,420,0.58,1
1,10,14887,0,0,300,0.5,572,0.32,486,0.18,1
1,11,6300,0,0,666,0.42,420,0.58,1
2,0,10815,0,0,500,0.6,1000,0.2,1400,0.2,1
2,1,4889,2,10,5,0,500,0.6,1000,0.2,1400,0.2,1
2,2,5531,0,0,300,0.5,572,0.32,486,0.18,1
2,3,2310,0,0,300,0.5,572,0.32,486,0.18,1
2,4,9815,1,0,300,0.5,1700,0.5,1
2,5,13929,2,10,5,0,300,0.5,1700,0.5,1
2,6,10785,0,0,300,0.5,1700,0.5,1
2,7,9486,0,0,300,0.5,1700,0.5,1
2,8,10026,1,0,666,0.42,420,0.58,1
2,9,4826,0,0,300,0.5,572,0.32,486,0.18,1
2,10,4131,2,10,5,0,300,0.5,572,0.32,486,0.18,1
2,11,2135,1,0,300,0.5,572,0.32,486,0.18,1
3,0,12223,0,0,300,0.5,1700,0.5,1
3,1,3296,1,0,300,0.5,572,0.32,486,0.18,1
3,2,6730,0,0,300,0.5,572,0.32,486,0.18,1
3,3,4723,1,0,666,0.42,420,0.58,1
3,4,3550,1,0,300,0.5,1700,0.5,1
3,5,1931,0,0,300,0.5,1700,0.5,1
3,6,5683,2,10,5,0,300,0.5,572,0.32,486,0.18,1
3,7,8381,1,0,300,0.5,1700,0.5,1
3,8,1505,2,10,5,0,666,0.42,420,0.58,1
3,9,1031,1,0,666,0.42,420,0.58,1
3,10,9518,2,10,5,0,300,0.5,1700,0.5,1
3,11,8170,2,10,5,0,500,0.6,1000,0.2,1400,0.2,1
4,0,3241,0,0,300,0.5,572,0.32,486,0.18,1
4,1,14312,0,0,666,0.42,420,0.58,1
4,2,8571,2,10,5,0,500,0.6,1000,0.2,1400,0.2,1
4,3,6920,2,10,5,0,300,0.5,572,0.32,486,0.18,1
4,4,11306,1,0,666,0.42,420,0.58,1
4,5,13883,1,0,666,0.42,420,0.58,1
4,6,4824,0,0,300,0.5,572,0.32,486,0.18,1
4,7,10538,1,0,500,0.6,1000,0.2,1400,0.2,1
4,8,7912,1,0,500,0.6,1000,0.2,1400,0.2,1
4,9,9951,1,0,300,0.5,1700,0.5,1
4,10,11660,2,10,5,0,500,0.6,1000,0.2,1400,0.2,1
4,11,10089,1,0,300,0.5,1700,0.5,1
5,0,8211,2,10,5,0,666,0.42,420,0.58,1
5,1,7368,1,0,300,0.5,1700,0.5,1
5,2,2839,2,10,5,0,300,0.5,1700,0.5,1
5,3,1343,2,10,5,0,500,0.6,1000,0.2,1400,0.2,1
5,4,12655,1,0,300,0.5,1700,0.5,1
5,5,5279,2,10,5,0,300,0.5,1700,0.5,1
5,6,4431,2,10,5,0,500,0.6,1000,0.2,1400,0.2,1
5,7,547,0,0,500,0.6,1000,0.2,1400,0.2,1
5,8,3288,1,0,300,0.5,1700,0.5,1
5,9,9791,1,0,300,0.5,572,0.32,486,0.18,1
5,10,7171,1,0,666,0.42,420,0.58,1
5,11,4849,1,0,300,0.5,572,0.32,486,0.18,1
6,0,7484,0,0,300,0.5,1700,0.5,1
6,1,11326,1,0,300,0.5,572,0.32,486,0.18,1
6,2,13332,1,0,666,0.42,420,0.58,1
6,3,13651,0,0,500,0.6,1000,0.2,1400,0.2,1
6,4,6974,1,0,300,0.5,1700,0.5,1
6,5,5104,2,10,5,0,666,0.42,420,0.58,1
6,6,4207,1,0,300,0.5,572,0.32,486,0.18,1
6,7,5614,1,0,300,0.5,1700,0.5,1
6,8,4375,0,0,300,0.5,1700,0.5,1
6,9,2513,2,10,5,0,666,0.42,420,0.58,1
6,10,6419,0,0,300,0.5,572,0.32,486,0.18,1
6,11,6927,2,10,5,0,500,0.6,1000,0.2,1400,0.2,1
7,0,11569,1,0,666,0.42,420,0.58,1
7,1,12989,2,10,5,0,500,0.6,1000,0.2,1400,0.2,1
7,2,5329,1,0,300,0.5,572,0.32,486,0.18,1
7,3,7008,1,0,300,0.5,1700,0.5,1
7,4,5230,0,0,666,0.42,420,0.58,1
7,5,6971,1,0,666,0.42,420,0.58,1
7,6,11168,2,10,5,0,300,0.5,572,0.32,486,0.18,1
7,7,13054,0,0,300,0.5,572,0.32,486,0.18,1
7,8,5294,1,0,666,0.42,420,0.58,1
7,9,1934,2,10,5,0,300,0.5,572,0.32,486,0.18,1
7,10,5795,1,0,666,0.42,420,0.58,1
7,11,12196,2,10,5,0,300,0.5,572,0.32,486,0.18,1
8,0,8204,0,0,666,0.42,420,0.58,1
8,1,3856,2,10,5,0,500,0.6,1000,0.2,1400,0.2,1
8,2,8259,0,0,300,0.5,1700,0.5,1
8,3,5428,2,10,5,0,666,0.42,420,0.58,1
8,4,13604,1,0,666,0.42,420,0.58,1
8,5,4439,2,10,5,0,500,0.6,1000,0.2,1400,0.2,1
8,6,1068,0,0,666,0.42,420,0.58,1
8,7,842,0,0,666,0.42,420,0.58,1
8,8,6616,0,0,300,0.5,1700,0.5,1
8,9,2106,1,0,666,0.42,420,0.58,1
8,10,3541,0,0,666,0.42,420,0.58,1
8,11,4102,2,10,5,0,300,0.5,1700,0.5,1
9,0,6007,2,10,5,0,300,0.5,1700,0.5,1
9,1,11725,2,10,5,0,300,0.5,1700,0.5,1
9,2,6912,1,0,300,0.5,572,0.32,486,0.18,1
9,3,5524,2,10,5,0,666,0.42,420,0.58,1
9,4,14265,0,0,500,0.6,1000,0.2,1400,0.2,1
9,5,14615,1,0,666,0.42,420,0.58,1
9,6,6480,0,0,300,0.5,572,0.32,486,0.18,1
9,7,12280,1,0,300,0.5,572,0.32,486,0.18,1
9,8,4117,1,0,300,0.5,1700,0.5,1
9,9,14724,1,0,500,0.6,1000,0.2,1400,0.2,1
9,10,4066,1,0,300,0.5,572,0.32,486,0.18,1
9,11,13745,0,0,300,0.5,572,0.32,486,0.18,1
10,0,10929,0,0,300,0.5,1700,0.5,1
10,1,1279,0,0,666,0.42,420,0.58,1
10,2,14395,2,10,5,0,300,0.5,1700,0.5,1
10,3,7848,1,0,300,0.5,572,0.32,486,0.18,1
10,4,11578,2,10,5,0,666,0.42,420,0.58,1
10,5,5970,0,0,300,0.5,1700,0.5,1
10,6,4677,0,0,500,0.6,1000,0.2,1400,0.2,1
10,7,11993,1,0,300,0.5,1700,0.5,1
10,8,1531,1,0,300,0.5,572,0.32,486,0.18,1
10,9,12191,1,0,500,0.6,1000,0.2,1400,0.2,1
10,10,2680,1,0,300,0.5,572,0.32,486,0.18,1
10,11,2926,0,0,300,0.5,1700,0.5,1
11,0,8774,2,10,5,0,300,0.5,572,0.32,486,0.18,1
11,1,3639,0,0,300,0.5,1700,0.5,1
11,2,13827,2,10,5,0,500,0.6,1000,0.2,1400,0.2,1
11,3,538,2,10,5,0,666,0.42,420,0.58,1
11,4,7307,0,0,500,0.6,1000,0.2,1400,0.2,1
11,5,4773,2,10,5,0,300,0.5,1700,0.5,1
11,6,12838,1,0,500,0.6,1000,0.2,1400,0.2,1
11,7,4961,0,0,300,0.5,1700,0.5,1
11,8,9500,0,0,300,0.5,572,0.32,486,0.18,1
11,9,4972,1,0,300,0.5,572,0.32,486,0.18,1
11,10,2190,0,0,666,0.42,420,0.58,1
11,11,14002,0,0,300,0.5,1700,0.5,1
