0,0,11944,0,0,666,0.42,420,0.58,1
0,1,11404,0,0,300,0.5,1700,0.5,1
0,2,6993,0,0,500,0.6,1000,0.2,1400,0.2,1
0,3,1325,1,0,666,0.42,420,0.58,1
0,4,2523,2,10,5,0,666,0.42,420,0.58,1
0,5,3856,0,0,500,0.6,1000,0.2,1400,0.2,1
0,6,11966,0,0,666,0.42,420,0.58,1
0,7,3495,0,0,500,0.6,1000,0.2,1400,0.2,1
0,8,12078,1,0,666,0.42,420,0.58,1
0,9,6842,0,0,500,0.6,1000,0.2,1400,0.2,1
0,10,6404,0,0,666,0.42,420,0.58,1
0,11,11116,0,0,300,0.5,572,0.32,486,0.18,1
1,0,14272,0,0,500,0.6,1000,0.2,1400,0.2,1
1,1,7238,0,0,300,0.5,1700,0.5,1
1,2,3895,0,0,300,0.5,1700,0.5,0
1,3,1900,0,0,500,0.6,1000,0.2,1400,0.2,1
1,4,9863,0,0,300,0.5,572,0.32,486,0.18,1
1,5,6976,0,0,666,0.42,420,0.58,1
1,6,4763,1,0,666,0.42,420,0.58,1
1,7,1143,0,0,666,0.42,420,0.58,1
1,8,11973,0,0,300,0.5,572,0.32,486,0.18,1
1,9,9469,2,10,5,0,300,0.5,1700,0.5,1
1,10,81,1,0,500,0.6,1000,0.2,1400,0.2,1
1,11,3464,1,0,300,0.5,572,0.32,486,0.18,1
2,0,7019,0,0,500,0.6,1000,0.2,1400,0.2,1
2,1,10003,0,0,300,0.5,572,0.32,486,0.18,1
2,2,2001,0,0,500,0.6,1000,0.2,1400,0.2,1
2,3,5266,0,0,300,0.5,572,0.32,486,0.18,1
2,4,11067,0,0,300,0.5,1700,0.5,1
2,5,10738,0,0,666,0.42,420,0.58,1
2,6,13023,1,0,666,0.42,420,0.58,1
2,7,3996,2,10,5,0,300,0.5,572,0.32,486,0.18,1
2,8,4518,1,0,500,0.6,1000,0.2,1400,0.2,1
2,9,9655,0,0,300,0.5,1700,0.5,1
2,10,6495,0,0,500,0.6,1000,0.2,1400,0.2,1
2,11,3738,1,0,300,0.5,1700,0.5,1
3,0,10721,2,10,5,0,300,0.5,1700,0.5,1
3,1,12859,2,10,5,0,300,0.5,1700,0.5,1
3,2,14522,2,10,5,0,300,0.5,1700,0.5,1
3,3,6579,0,0,500,0.6,1000,0.2,1400,0.2,1
3,4,13223,1,0,500,0.6,1000,0.2,1400,0.2,1
3,5,7381,2,10,5,0,300,0.5,1700,0.5,1
3,6,1786,2,10,5,0,666,0.42,420,0.58,1
3,7,12785,1,0,300,0.5,1700,0.5,1
3,8,14036,1,0,666,0.42,420,0.58,1
3,9,2252,0,0,300,0.5,1700,0.5,1
3,10,3820,1,0,500,0.6,1000,0.2,1400,0.2,1
3,11,8596,0,0,300,0.5,1700,0.5,1
4,0,5898,0,0,500,0.6,1000,0.2,1400,0.2,1
4,1,5271,0,0,300,0.5,1700,0.5,1
4,2,10363,0,0,300,0.5,572,0.32,486,0.18,1
4,3,1274,2,10,5,0,300,0.5,572,0.32,486,0.18,1
4,4,11366,2,10,5,0,500,0.6,1000,0.2,1400,0.2,1
4,5,13453,2,10,5,0,300,0.5,572,0.32,486,0.18,1
4,6,14395,2,10,5,0,300,0.5,1700,0.5,1
4,7,14696,1,0,500,0.6,1000,0.2,1400,0.2,1
4,8,2146,0,0,500,0.6,1000,0.2,1400,0.2,1
4,9,1825,2,10,5,0,666,0.42,420,0.58,1
4,10,4971,0,0,500,0.6,1000,0.2,1400,0.2,1
4,11,3720,0,0,300,0.5,1700,0.5,1
5,0,4341,2,10,5,0,500,0.6,1000,0.2,1400,0.2,1
5,1,3158,0,0,666,0.42,420,0.58,1
5,2,6125,1,0,300,0.5,1700,0.5,1
5,3,4507,2,10,5,0,500,0.6,1000,0.2,1400,0.2,1
5,4,2400,1,0,300,0.5,572,0.32,486,0.18,1
5,5,3234,1,0,300,0.5,572,0.32,486,0.18,1
5,6,12899,0,0,300,0.5,572,0.32,486,0.18,1
5,7,6831,0,0,666,0.42,420,0.58,1
5,8,2599,2,10,5,0,500,0.6,1000,0.2,1400,0.2,1
5,9,6517,0,0,500,0.6,1000,0.2,1400,0.2,1
5,10,12534,1,0,500,0.6,1000,0.2,1400,0.2,1
5,11,6528,2,10,5,0,300,0.5,1700,0.5,1
6,0,13894,2,10,5,0,500,0.6,1000,0.2,1400,0.2,1
6,1,137,0,0,300,0.5,572,0.32,486,0.18,1
6,2,1364,2,10,5,0,500,0.6,1000,0.2,1400,0.2,1
6,3,9538,1,0,300,0.5,1700,0.5,1
6,4,10409,2,10,5,0,500,0.6,1000,0.2,1400,0.2,1
6,5,11395,2,10,5,0,300,0.5,1700,0.5,1
6,6,11210,1,0,300,0.5,572,0.32,486,0.18,1
6,7,3763,1,0,300,0.5,572,0.32,486,0.18,1
6,8,4753,2,10,5,0,300,0.5,572,0.32,486,0.18,1
6,9,10498,1,0,666,0.42,420,0.58,1
6,10,14970,1,0,300,0.5,1700,0.5,1
6,11,33,1,0,500,0.6,1000,0.2,1400,0.2,1
7,0,14034,0,0,300,0.5,572,0.32,486,0.18,1
7,1,11158,1,0,300,0.5,1700,0.5,1
7,2,3427,0,0,500,0.6,1000,0.2,1400,0.2,1
7,3,4238,0,0,300,0.5,1700,0.5,1
7,4,12901,2,10,5,0,300,0.5,1700,0.5,1
7,5,2699,2,10,5,0,300,0.5,1700,0.5,1
7,6,2950,1,0,300,0.5,572,0.32,486,0.18,1
7,7,7898,1,0,300,0.5,572,0.32,486,0.18,1
7,8,6995,1,0,500,0.6,1000,0.2,1400,0.2,1
7,9,6819,1,0,500,0.6,1000,0.2,1400,0.2,1
7,10,4129,0,0,500,0.6,1000,0.2,1400,0.2,1
7,11,8817,0,0,300,0.5,1700,0.5,1
8,0,10312,0,0,500,0.6,1000,0.2,1400,0.2,1
8,1,11606,0,0,500,0.6,1000,0.2,1400,0.2,1
8,2,898,1,0,300,0.5,1700,0.5,1
8,3,4785,2,10,5,0,500,0.6,1000,0.2,1400,0.2,1
8,4,6736,1,0,500,0.6,1000,0.2,1400,0.2,1
8,5,4713,0,0,300,0.5,1700,0.5,1
8,6,11346,1,0,300,0.5,1700,0.5,1
8,7,6060,1,0,300,0.5,1700,0.5,1
8,8,3450,2,10,5,0,666,0.42,420,0.58,1
8,9,3583,0,0,500,0.6,1000,0.2,1400,0.2,1
8,10,2754,1,0,300,0.5,572,0.32,486,0.18,1
8,11,1626,1,0,300,0.5,1700,0.5,1
9,0,5764,0,0,666,0.42,420,0.58,1
9,1,9562,1,0,666,0.42,420,0.58,1
9,2,10065,1,0,666,0.42,420,0.58,1
9,3,3883,0,0,300,0.5,572,0.32,486,0.18,1
9,4,7846,1,0,300,0.5,1700,0.5,1
9,5,7237,2,10,5,0,300,0.5,572,0.32,486,0.18,1
9,6,6373,1,0,300,0.5,1700,0.5,1
9,7,5296,1,0,300,0.5,1700,0.5,1
9,8,8847,0,0,500,0.6,1000,0.2,1400,0.2,1
9,9,2042,1,0,300,0.5,1700,0.5,1
9,10,13178,1,0,300,0.5,572,0.32,486,0.18,1
9,11,9690,2,10,5,0,300,0.5,1700,0.5,1
10,0,10368,0,0,500,0.6,1000,0.2,1400,0.2,1
10,1,10361,1,0,300,0.5,1700,0.5,1
10,2,1360,0,0,300,0.5,1700,0.5,1
10,3,817,0,0,666,0.42,420,0.58,1
10,4,10408,1,0,500,0.6,1000,0.2,1400,0.2,1
10,5,4303,0,0,666,0.42,420,0.58,1
10,6,8982,1,0,300,0.5,572,0.32,486,0.18,1
10,7,6866,0,0,500,0.6,1000,0.2,1400,0.2,1
10,8,6972,0,0,300,0.5,1700,0.5,1
10,9,2474,0,0,300,0.5,1700,0.5,1
10,10,107,0,0,500,0.6,1000,0.2,1400,0.2,1
10,11,10340,0,0,300,0.5,572,0.32,486,0.18,1
11,0,10140,0,0,300,0.5,572,0.32,486,0.18,1
11,1,12987,1,0,300,0.5,572,0.32,486,0.18,1
11,2,9676,2,10,5,0,300,0.5,1700,0.5,1
11,3,2595,1,0,300,0.5,1700,0.5,1
11,4,6026,1,0,300,0.5,572,0.32,486,0.18,1
11,5,10705,0,0,666,0.42,420,0.58,1
11,6,1898,1,0,500,0.6,1000,0.2,1400,0.2,1
11,7,4791,2,10,5,0,666,0.42,420,0.58,1
11,8,368,2,10,5,0,300,0.5,572,0.32,486,0.18,1
11,9,3625,2,10,5,0,300,0.5,572,0.32,486,0.18,1
11,10,13241,1,0,500,0.6,1000,0.2,1400,0.2,1
11,11,561,2,10,5,0,300,0.5,572,0.32,486,0.18,1
