0,0,1412,2,10,5,0,300,0.5,572,0.32,486,0.18,1
0,1,5732,0,0,500,0.6,1000,0.2,1400,0.2,1
0,2,8493,2,10,5,0,666,0.42,420,0.58,1
0,3,12907,0,0,300,0.5,1700,0.5,1
0,4,9209,0,0,300,0.5,1700,0.5,1
0,5,9543,1,0,300,0.5,1700,0.5,1
0,6,12529,1,0,666,0.42,420,0.58,1
0,7,8830,2,10,5,0,300,0.5,1700,0.5,1
0,8,4397,2,10,5,0,300,0.5,1700,0.5,1
0,9,6160,0,0,666,0.42,420,0.58,1
0,10,8329,0,0,300,0.5,1700,0.5,1
0,11,7251,2,10,5,0,300,0.5,572,0.32,486,0.18,1
1,0,7485,1,0,300,0.5,572,0.32,486,0.18,1
1,1,9504,2,10,5,0,300,0.5,572,0.32,486,0.18,1
1,2,8459,1,0,300,0.5,1700,0.5,0
1,3,8850,1,0,300,0.5,1700,0.5,1
1,4,1373,1,0,300,0.5,572,0.32,486,0.18,1
1,5,2724,1,0,500,0.6,1000,0.2,1400,0.2,1
1,6,12143,2,10,5,0,666,0.42,420,0.58,1
1,7,12394,1,0,300,0.5,572,0.32,486,0.18,1
1,8,4186,0,0,300,0.5,572,0.32,486,0.18,1
1,9,12056,1,0,500,0.6,1000,0.2,1400,0.2,1
1,10,13329,2,10,5,0,666,0.42,420,0.58,1
1,11,1367,2,10,5,0,300,0.5,1700,0.5,1
2,0,7802,1,0,300,0.5,1700,0.5,1
2,1,13053,0,0,500,0.6,1000,0.2,1400,0.2,1
2,2,7880,0,0,500,0.6,1000,0.2,1400,0.2,1
2,3,3197,1,0,300,0.5,1700,0.5,1
2,4,13786,0,0,666,0.42,420,0.58,1
2,5,11318,0,0,500,0.6,1000,0.2,1400,0.2,1
2,6,14702,0,0,300,0.5,572,0.32,486,0.18,1
2,7,12263,2,10,5,0,300,0.5,1700,0.5,1
2,8,13396,1,0,500,0.6,1000,0.2,1400,0.2,1
2,9,13014,1,0,500,0.6,1000,0.2,1400,0.2,1
2,10,14933,1,0,666,0.42,420,0.58,1
2,11,7462,1,0,500,0.6,1000,0.2,1400,0.2,1
3,0,2215,0,0,300,0.5,572,0.32,486,0.18,1
3,1,11980,1,0,300,0.5,1700,0.5,1
3,2,14792,1,0,300,0.5,572,0.32,486,0.18,1
3,3,12176,1,0,300,0.5,1700,0.5,1
3,4,12364,1,0,500,0.6,1000,0.2,1400,0.2,1
3,5,1590,2,10,5,0,666,0.42,420,0.58,1
3,6,10173,2,10,5,0,666,0.42,420,0.58,1
3,7,6410,1,0,500,0.6,1000,0.2,1400,0.2,1
3,8,11434,0,0,300,0.5,1700,0.5,1
3,9,8634,2,10,5,0,666,0.42,420,0.58,1
3,10,5462,1,0,300,0.5,1700,0.5,1
3,11,13667,2,10,5,0,500,0.6,1000,0.2,1400,0.2,1
4,0,6825,1,0,500,0.6,1000,0.2,1400,0.2,1
4,1,14460,1,0,500,0.6,1000,0.2,1400,0.2,1
4,2,10337,2,10,5,0,300,0.5,1700,0.5,1
4,3,5146,0,0,300,0.5,572,0.32,486,0.18,1
4,4,14536,0,0,300,0.5,572,0.32,486,0.18,1
4,5,12838,1,0,500,0.6,1000,0.2,1400,0.2,1
4,6,12611,0,0,300,0.5,572,0.32,486,0.18,1
4,7,6256,1,0,500,0.6,1000,0.2,1400,0.2,1
4,8,3254,1,0,300,0.5,572,0.32,486,0.18,1
4,9,4152,1,0,666,0.42,420,0.58,1
4,10,12954,0,0,666,0.42,420,0.58,1
4,11,6176,1,0,300,0.5,572,0.32,486,0.18,1
5,0,1581,2,10,5,0,300,0.5,1700,0.5,1
5,1,7226,0,0,300,0.5,572,0.32,486,0.18,1
5,2,9667,0,0,300,0.5,1700,0.5,1
5,3,457,2,10,5,0,500,0.6,1000,0.2,1400,0.2,1
5,4,3904,1,0,300,0.5,1700,0.5,1
5,5,11767,1,0,666,0.42,420,0.58,1
5,6,2074,1,0,300,0.5,572,0.32,486,0.18,1
5,7,6590,0,0,500,0.6,1000,0.2,1400,0.2,1
5,8,1033,0,0,666,0.42,420,0.58,1
5,9,13313,2,10,5,0,500,0.6,1000,0.2,1400,0.2,1
5,10,9528,1,0,300,0.5,1700,0.5,1
5,11,8756,0,0,666,0.42,420,0.58,1
6,0,7386,0,0,666,0.42,420,0.58,1
6,1,11808,1,0,300,0.5,1700,0.5,1
6,2,6612,0,0,300,0.5,1700,0.5,1
6,3,6341,0,0,500,0.6,1000,0.2,1400,0.2,1
6,4,1916,2,10,5,0,300,0.5,572,0.32,486,0.18,1
6,5,4522,0,0,666,0.42,420,0.58,1
6,6,11267,2,10,5,0,500,0.6,1000,0.2,1400,0.2,1
6,7,7294,2,10,5,0,300,0.5,572,0.32,486,0.18,1
6,8,14533,1,0,500,0.6,1000,0.2,1400,0.2,1
6,9,5101,2,10,5,0,500,0.6,1000,0.2,1400,0.2,1
6,10,2757,1,0,500,0.6,1000,0.2,1400,0.2,1
6,11,11558,2,10,5,0,300,0.5,572,0.32,486,0.18,1
7,0,9406,2,10,5,0,300,0.5,572,0.32,486,0.18,1
7,1,9252,0,0,300,0.5,572,0.32,486,0.18,1
7,2,5081,2,10,5,0,666,0.42,420,0.58,1
7,3,9946,0,0,300,0.5,1700,0.5,1
7,4,1406,0,0,300,0.5,1700,0.5,1
7,5,8400,0,0,300,0.5,572,0.32,486,0.18,1
7,6,14695,0,0,500,0.6,1000,0.2,1400,0.2,1
7,7,1190,2,10,5,0,500,0.6,1000,0.2,1400,0.2,1
7,8,5628,2,10,5,0,666,0.42,420,0.58,1
7,9,13280,2,10,5,0,500,0.6,1000,0.2,1400,0.2,1
7,10,11114,0,0,300,0.5,1700,0.5,1
7,11,2868,1,0,300,0.5,1700,0.5,1
8,0,7442,0,0,666,0.42,420,0.58,1
8,1,5378,0,0,300,0.5,572,0.32,486,0.18,1
8,2,6628,1,0,300,0.5,1700,0.5,1
8,3,13504,2,10,5,0,300,0.5,572,0.32,486,0.18,1
8,4,9183,1,0,500,0.6,1000,0.2,1400,0.2,1
8,5,8064,0,0,500,0.6,1000,0.2,1400,0.2,1
8,6,4203,2,10,5,0,300,0.5,572,0.32,486,0.18,1
8,7,1956,0,0,666,0.42,420,0.58,1
8,8,13889,1,0,666,0.42,420,0.58,1
8,9,67,0,0,300,0.5,1700,0.5,1
8,10,878,1,0,500,0.6,1000,0.2,1400,0.2,1
8,11,9353,2,10,5,0,300,0.5,572,0.32,486,0.18,1
9,0,11069,0,0,666,0.42,420,0.58,1
9,1,5828,0,0,666,0.42,420,0.58,1
9,2,13570,2,10,5,0,500,0.6,1000,0.2,1400,0.2,1
9,3,2502,2,10,5,0,500,0.6,1000,0.2,1400,0.2,1
9,4,6783,0,0,300,0.5,572,0.32,486,0.18,1
9,5,685,2,10,5,0,500,0.6,1000,0.2,1400,0.2,1
9,6,14474,0,0,500,0.6,1000,0.2,1400,0.2,1
9,7,12957,2,10,5,0,300,0.5,1700,0.5,1
9,8,5359,0,0,300,0.5,1700,0.5,1
9,9,1731,1,0,300,0.5,572,0.32,486,0.18,1
9,10,1542,0,0,666,0.42,420,0.58,1
9,11,2093,2,10,5,0,300,0.5,572,0.32,486,0.18,1
10,0,10466,2,10,5,0,300,0.5,572,0.32,486,0.18,1
10,1,5166,2,10,5,0,300,0.5,1700,0.5,1
10,2,12432,1,0,300,0.5,1700,0.5,1
10,3,1386,2,10,5,0,500,0.6,1000,0.2,1400,0.2,1
10,4,10247,2,10,5,0,500,0.6,1000,0.2,1400,0.2,1
10,5,5313,0,0,500,0.6,1000,0.2,1400,0.2,1
10,6,13919,0,0,500,0.6,1000,0.2,1400,0.2,1
10,7,978,0,0,666,0.42,420,0.58,1
10,8,9198,0,0,500,0.6,1000,0.2,1400,0.2,1
10,9,10111,0,0,300,0.5,572,0.32,486,0.18,1
10,10,7030,1,0,500,0.6,1000,0.2,1400,0.2,1
10,11,1873,1,0,300,0.5,572,0.32,486,0.18,1
11,0,8533,2,10,5,0,666,0.42,420,0.58,1
11,1,7078,0,0,500,0.6,1000,0.2,1400,0.2,1
11,2,2022,0,0,666,0.42,420,0.58,1
11,3,10461,1,0,300,0.5,572,0.32,486,0.18,1
11,4,10953,2,10,5,0,300,0.5,1700,0.5,1
11,5,14859,2,10,5,0,300,0.5,1700,0.5,1
11,6,10083,1,0,666,0.42,420,0.58,1
11,7,12984,0,0,666,0.42,420,0.58,1
11,8,9148,1,0,300,0.5,1700,0.5,1
11,9,731,1,0,300,0.5,1700,0.5,1
11,10,13327,2,10,5,0,300,0.5,1700,0.5,1
11,11,13424,2,10,5,0,300,0.5,572,0.32,486,0.18,1
