0,0,6990,0,0,300,0.5,572,0.32,486,0.18,1
0,1,6035,2,10,5,0,500,0.6,1000,0.2,1400,0.2,1
0,2,3521,2,10,5,0,500,0.6,1000,0.2,1400,0.2,1
0,3,8398,0,0,666,0.42,420,0.58,1
0,4,14679,0,0,666,0.42,420,0.58,1
0,5,12058,1,0,500,0.6,1000,0.2,1400,0.2,1
0,6,10906,1,0,500,0.6,1000,0.2,1400,0.2,1
0,7,7025,0,0,300,0.5,1700,0.5,1
0,8,13621,1,0,666,0.42,420,0.58,1
0,9,1800,0,0,500,0.6,1000,0.2,1400,0.2,1
0,10,14885,0,0,666,0.42,420,0.58,1
0,11,11145,1,0,500,0.6,1000,0.2,1400,0.2,1
1,0,4773,1,0,666,0.42,420,0.58,1
1,1,2382,0,0,300,0.5,572,0.32,486,0.18,1
1,2,6556,1,0,666,0.42,420,0.58,0
1,3,9727,2,10,5,0,300,0.5,1700,0.5,1
1,4,1095,2,10,5,0,500,0.6,1000,0.2,1400,0.2,1
1,5,1175,1,0,500,0.6,1000,0.2,1400,0.2,1
1,6,10768,0,0,500,0.6,1000,0.2,1400,0.2,1
1,7,3984,0,0,300,0.5,572,0.32,486,0.18,1
1,8,9001,2,10,5,0,500,0.6,1000,0.2,1400,0.2,1
1,9,3521,1,0,666,0.42,420,0.58,1
1,10,1145,0,0,666,0.42,420,0.58,1
1,11,2411,0,0,300,0.5,572,0.32,486,0.18,1
2,0,9087,1,0,500,0.6,1000,0.2,1400,0.2,1
2,1,8805,0,0,300,0.5,572,0.32,486,0.18,1
2,2,2771,2,10,5,0,666,0.42,420,0.58,1
2,3,13716,1,0,300,0.5,1700,0.5,1
2,4,4692,1,0,300,0.5,572,0.32,486,0.18,1
2,5,1580,2,10,5,0,300,0.5,572,0.32,486,0.18,1
2,6,8996,2,10,5,0,300,0.5,1700,0.5,1
2,7,14201,2,10,5,0,300,0.5,572,0.32,486,0.18,1
2,8,13797,0,0,300,0.5,1700,0.5,1
2,9,4537,2,10,5,0,666,0.42,420,0.58,1
2,10,2582,0,0,300,0.5,572,0.32,486,0.18,1
2,11,9907,2,10,5,0,300,0.5,572,0.32,486,0.18,1
3,0,776,2,10,5,0,666,0.42,420,0.58,1
3,1,13083,0,0,300,0.5,572,0.32,486,0.18,1
3,2,10195,0,0,300,0.5,1700,0.5,1
3,3,11556,0,0,666,0.42,420,0.58,1
3,4,14702,1,0,500,0.6,1000,0.2,1400,0.2,1
3,5,3308,1,0,300,0.5,1700,0.5,1
3,6,5836,1,0,666,0.42,420,0.58,1
3,7,13200,1,0,666,0.42,420,0.58,1
3,8,10438,2,10,5,0,666,0.42,420,0.58,1
3,9,2404,0,0,500,0.6,1000,0.2,1400,0.2,1
3,10,14025,0,0,300,0.5,572,0.32,486,0.18,1
3,11,2865,0,0,300,0.5,1700,0.5,1
4,0,388,2,10,5,0,666,0.42,420,0.58,1
4,1,4428,0,0,500,0.6,1000,0.2,1400,0.2,1
4,2,1340,2,10,5,0,666,0.42,420,0.58,1
4,3,7731,2,10,5,0,500,0.6,1000,0.2,1400,0.2,1
4,4,12968,1,0,300,0.5,572,0.32,486,0.18,1
4,5,3254,2,10,5,0,300,0.5,1700,0.5,1
4,6,14613,1,0,500,0.6,1000,0.2,1400,0.2,1
4,7,5035,2,10,5,0,300,0.5,572,0.32,486,0.18,1
4,8,14278,0,0,666,0.42,420,0.58,1
4,9,6887,1,0,300,0.5,572,0.32,486,0.18,1
4,10,10805,2,10,5,0,300,0.5,572,0.32,486,0.18,1
4,11,13949,0,0,500,0.6,1000,0.2,1400,0.2,1
5,0,10630,1,0,666,0.42,420,0.58,1
5,1,12594,1,0,300,0.5,1700,0.5,1
5,2,12551,0,0,666,0.42,420,0.58,1
5,3,9382,2,10,5,0,666,0.42,420,0.58,1
5,4,1043,0,0,500,0.6,1000,0.2,1400,0.2,1
5,5,7599,2,10,5,0,666,0.42,420,0.58,1
5,6,3408,0,0,666,0.42,420,0.58,1
5,7,13456,1,0,500,0.6,1000,0.2,1400,0.2,1
5,8,5131,1,0,500,0.6,1000,0.2,1400,0.2,1
5,9,4695,0,0,666,0.42,420,0.58,1
5,10,2670,1,0,300,0.5,572,0.32,486,0.18,1
5,11,11286,2,10,5,0,300,0.5,572,0.32,486,0.18,1
6,0,10355,2,10,5,0,666,0.42,420,0.58,1
6,1,11358,1,0,300,0.5,572,0.32,486,0.18,1
6,2,14671,0,0,666,0.42,420,0.58,1
6,3,808,1,0,300,0.5,572,0.32,486,0.18,1
6,4,2313,0,0,500,0.6,1000,0.2,1400,0.2,1
6,5,9745,1,0,500,0.6,1000,0.2,1400,0.2,1
6,6,6723,1,0,300,0.5,1700,0.5,1
6,7,11784,2,10,5,0,666,0.42,420,0.58,1
6,8,1774,2,10,5,0,500,0.6,1000,0.2,1400,0.2,1
6,9,3101,0,0,300,0.5,572,0.32,486,0.18,1
6,10,3734,0,0,500,0.6,1000,0.2,1400,0.2,1
6,11,2677,2,10,5,0,300,0.5,1700,0.5,1
7,0,7310,2,10,5,0,300,0.5,572,0.32,486,0.18,1
7,1,3461,0,0,300,0.5,1700,0.5,1
7,2,1013,0,0,300,0.5,1700,0.5,1
7,3,14999,1,0,500,0.6,1000,0.2,1400,0.2,1
7,4,9317,0,0,500,0.6,1000,0.2,1400,0.2,1
7,5,4553,1,0,500,0.6,1000,0.2,1400,0.2,1
7,6,6257,2,10,5,0,666,0.42,420,0.58,1
7,7,10902,1,0,300,0.5,1700,0.5,1
7,8,12410,1,0,300,0.5,572,0.32,486,0.18,1
7,9,12800,2,10,5,0,300,0.5,1700,0.5,1
7,10,12569,0,0,500,0.6,1000,0.2,1400,0.2,1
7,11,2466,2,10,5,0,666,0.42,420,0.58,1
8,0,12261,0,0,500,0.6,1000,0.2,1400,0.2,1
8,1,8691,1,0,300,0.5,572,0.32,486,0.18,1
8,2,11052,1,0,300,0.5,1700,0.5,1
8,3,9481,2,10,5,0,300,0.5,1700,0.5,1
8,4,3953,1,0,300,0.5,572,0.32,486,0.18,1
8,5,11753,1,0,500,0.6,1000,0.2,1400,0.2,1
8,6,1645,0,0,300,0.5,1700,0.5,1
8,7,14009,2,10,5,0,300,0.5,572,0.32,486,0.18,1
8,8,5022,2,10,5,0,300,0.5,572,0.32,486,0.18,1
8,9,617,0,0,666,0.42,420,0.58,1
8,10,878,1,0,666,0.42,420,0.58,1
8,11,1713,1,0,666,0.42,420,0.58,1
9,0,9839,1,0,300,0.5,572,0.32,486,0.18,1
9,1,10553,2,10,5,0,500,0.6,1000,0.2,1400,0.2,1
9,2,13812,1,0,300,0.5,1700,0.5,1
9,3,3315,0,0,666,0.42,420,0.58,1
9,4,14698,0,0,666,0.42,420,0.58,1
9,5,12527,2,10,5,0,666,0.42,420,0.58,1
9,6,4525,0,0,500,0.6,1000,0.2,1400,0.2,1
9,7,3202,1,0,666,0.42,420,0.58,1
9,8,6631,2,10,5,0,300,0.5,1700,0.5,1
9,9,11919,2,10,5,0,300,0.5,572,0.32,486,0.18,1
9,10,774,2,10,5,0,500,0.6,1000,0.2,1400,0.2,1
9,11,9146,0,0,300,0.5,572,0.32,486,0.18,1
10,0,3930,2,10,5,0,666,0.42,420,0.58,1
10,1,3986,2,10,5,0,500,0.6,1000,0.2,1400,0.2,1
10,2,9599,2,10,5,0,300,0.5,572,0.32,486,0.18,1
10,3,951,2,10,5,0,500,0.6,1000,0.2,1400,0.2,1
10,4,739,1,0,666,0.42,420,0.58,1
10,5,6045,0,0,500,0.6,1000,0.2,1400,0.2,1
10,6,11974,1,0,666,0.42,420,0.58,1
10,7,12343,2,10,5,0,300,0.5,1700,0.5,1
10,8,9995,1,0,666,0.42,420,0.58,1
10,9,12786,0,0,300,0.5,1700,0.5,1
10,10,12364,2,10,5,0,500,0.6,1000,0.2,1400,0.2,1
10,11,10243,2,10,5,0,300,0.5,572,0.32,486,0.18,1
11,0,2701,0,0,300,0.5,572,0.32,486,0.18,1
11,1,5244,0,0,300,0.5,1700,0.5,1
11,2,11492,2,10,5,0,666,0.42,420,0.58,1
11,3,4254,0,0,300,0.5,572,0.32,486,0.18,1
11,4,14428,2,10,5,0,500,0.6,1000,0.2,1400,0.2,1
11,5,2221,2,10,5,0,666,0.42,420,0.58,1
11,6,8520,0,0,300,0.5,572,0.32,486,0.18,1
11,7,373,2,10,5,0,500,0.6,1000,0.2,1400,0.2,1
11,8,4836,1,0,300,0.5,1700,0.5,1
11,9,2783,1,0,300,0.5,572,0.32,486,0.18,1
11,10,13936,2,10,5,0,300,0.5,1700,0.5,1
11,11,14757,0,0,300,0.5,1700,0.5,1
